input/barkrak2/radiation/dir02324.grid
NCOLS 85 
NROWS 70 
XLLCORNER 665100 
YLLCORNER 4664600 
CELLSIZE 20 
NODATA_value -9999 
[rows 46 to 68 of 70, columns 0 to 50 of 85]
64.5257631937663 66.0606076320012 68.9284404118856 70.9525495767593 70.6635812918345 70.5120811859767 72.3752478758494 74.1192350784938 70.5615778764089 69.4399525721868 68.3173586924871 67.3884302377701 63.6240094900131 60.9597067038218 60.696134964625 64.0032142400742 62.6450131336848 57.4729243914286 62.266618013382 61.8466238180796 59.0511709451675 59.625248114268 58.6209744215012 57.3784609635671 63.8871093591054 58.6324234803518 60.226043065389 61.0799590746562 61.0148012638092 60.177410642306 57.8545381625493 54.5121431350708 54.908961057663 54.4866025447845 56.8436086177826 57.8922231992086 59.5730841159821 64.7717416286469 66.0318235556285 64.3047094345093 64.0930980443954 59.2022190491358 64.6387984355291 70.09290655454 61.9489351908366 32.9113652308782 4.40802735586961 0 0 0 0
58.3927134672801 60.7590128978093 66.4822806914647 68.2816008726756 71.8637704849243 73.3784685532252 71.4058379332225 71.1007217566172 71.0484037796656 73.4347899754842 70.7766910394033 67.0863389968872 65.455084045728 65.4431978861491 63.5446856419245 62.2754842042923 61.4370852708817 55.0097823143005 59.0709199508031 61.2069517374039 58.1015994151433 59.1510583957036 61.8186891078949 56.2513172626495 58.2365393638611 58.7062338987986 54.7698189814885 58.1963658332825 60.1841608683268 59.1305494308472 59.8052491744359 58.6382249991099 54.1454454263051 57.4676245450974 67.0595268408457 72.3415911197662 67.1082983414332 61.8161012729009 64.0404671430588 72.2703635692596 68.2088285684586 60.892457763354 67.3948427041372 73.4967241684596 66.1878635485967 49.1496125857035 18.1216932833195 0 0 0 0
51.3109266757965 54.5099625984828 60.0118935108185 63.6889437834422 70.2251593271891 73.7981299559275 70.6091076135635 68.8434342543284 72.783350944519 74.9633560578028 72.8667080402374 68.8274453083674 67.7884916464488 68.5225973526637 65.3781394163768 60.268888870875 60.2929343779882 55.0860265890757 58.6277941862742 62.1764212846756 62.0361119508743 62.0848089456558 64.9079630772273 62.2115135192871 59.0832283099492 61.4635447661082 58.6227476596832 62.7285192410151 66.7740801970164 69.991538921992 73.9532858133316 72.6084560155869 63.9572491248449 66.9250736633937 73.3333726723989 81.7889124155045 80.273558696111 70.0170745452245 66.0443852345149 70.4150497913361 65.5661274989446 58.8604807853699 57.2208513816198 57.4584156274796 55.819238225619 55.0010601679484 45.6719001134237 5.85503131151199 0 0 0
50.1690556605657 48.091396689415 52.3290286461512 60.5038007100423 66.2467827399572 69.6453352769216 72.4226236343384 74.9778648217519 76.0707308848699 72.908490896225 74.8268067836761 74.7227966785431 71.3566839694977 68.6653206745784 66.8519039948781 62.5465959310532 61.0349327325821 58.6157987515132 61.7619156837463 65.9227023522059 67.4558083216349 68.3201303084691 66.530833641688 68.1010733048121 63.5954439640045 66.6230022907257 67.7279780308406 71.2427695592244 76.4422019322713 82.7991416056951 90.804249048233 90.589185555776 79.4040113687515 74.0972210963567 73.5573222239812 81.6195507844289 84.333598613739 79.8287888367971 70.2850719292959 62.1706595023473 56.9088310003281 58.8658700386683 57.8133414189021 53.8360526164373 50.0812480847041 53.3845573663712 46.0999409357707 12.8197446465492 0 0 0
50.5459705988566 53.9961159229279 57.6257407665253 64.1312152147293 64.5206818977992 64.9668474992116 73.0382055044174 78.1713177760442 78.2315184672673 77.5146484375 77.5598833958308 77.3114214340846 73.6327668031057 69.3747748931249 68.8757350047429 72.6900498072306 65.461943546931 65.2126967906952 65.8789426088333 70.6910043954849 71.7107057571411 69.566011428833 67.1304215987523 68.2295262813568 63.4262313445409 70.3716923793157 74.6197154124578 77.3430913686752 83.369513352712 89.5363589127858 95.518430074056 98.1613596280416 91.5678242842356 77.6131550470988 68.6312615871429 62.2608264287313 71.2836881478627 84.9230488141378 75.4833469788233 59.2024226983388 52.9089570045471 59.8002423842748 63.6528730392456 60.6052974859873 54.9688339233398 52.7360836664836 30.002827445666 17.3213680585225 0.00472462458371107 0 0
51.2882620096207 62.3503575722376 64.5267715056737 65.9563839435577 64.1590058803558 63.5047803322474 71.3745256265004 76.8993298212687 76.6490052143733 81.9236983855565 79.1846613089244 78.3442010482152 76.2616793314616 71.6892381509145 71.6383854548136 77.1262347698212 70.6341813007991 68.1427220503489 66.1319444576899 67.280982931455 67.8110768397649 65.8657451470693 66.3571258385976 63.4412268797557 61.7322872082392 64.2309139172236 70.9126691023509 73.4700759251912 77.3230691750844 83.6980442206065 91.0173853238424 96.7843433221181 93.8284496466319 70.6579436858495 27.0418400565783 26.5201206008593 35.4509204626083 64.5327270030975 78.373854358991 76.3806104660034 73.4619796276093 66.4295703172684 55.8295647303263 54.5931706825892 61.1008207003276 50.8157461881638 29.8369526863098 23.1070270140966 2.49256038417419 0 0
54.7828723986944 53.2093197107315 52.3353815078735 54.5178850491842 61.0848168532054 66.7673895756404 67.5113449494044 73.5186338424683 73.3824074268341 78.1758477290471 78.7657996018728 80.6205272674561 79.9421320358912 75.1471767822901 73.7359623114268 71.8120882908503 73.7131138642629 66.9495016336441 62.0635251204173 60.2151056130727 59.9727928638458 61.4178230365117 62.9062751928965 57.2440326213837 59.2147807280223 57.018498579661 58.7635238965352 64.0502274036407 65.7027214765549 69.4197515646617 71.8468278646469 80.4161727428436 78.95061870416 56.3890834649404 22.5099598368009 14.121108998855 14.9937768777212 24.4539032379786 54.0113349755605 70.9193299214045 78.5034795602163 66.066304842631 53.1668563683828 44.7937746842702 49.5759596427282 37.8814985354741 29.1795010368029 42.3626154661179 25.2442508935928 2.79727360854546 0
57.4392030636469 47.9184885819753 45.8246717850367 50.9583552678426 62.0339761177699 70.8577533562978 70.1479365428289 71.4292029539744 74.2708444595337 74.5796064535777 76.9024143616358 79.5576274394989 81.3759018977483 79.6617269515991 75.3021935621897 72.7840115626653 75.3566573063533 68.7594662110011 63.8606945673625 63.8284633557002 63.8507554928462 62.0014866193136 59.8990122477214 57.0532381534576 57.4876914421717 55.5199732383092 53.754597902298 55.5524577697118 57.5038443009059 57.6758285363515 49.0661511818568 52.6830057303111 55.3150326013565 30.4772903521856 24.3050207694372 15.103289236625 5.83954465885957 4.33667935431004 13.536828259627 38.0230396986008 61.0583921273549 59.7672959168752 46.2538599967957 41.4525667826335 29.1141519943873 30.2201906840007 27.8083557883898 49.5253552993139 57.918260494868 37.5307202339172 9.22853251298269
57.7045132716497 52.2962212562561 50.2805709838867 55.437167485555 64.4918630520503 72.1875826517741 75.2916733423869 71.4557468891144 75.9577502806981 74.4093904892604 78.1732151905696 80.0539155801137 81.3918610413869 83.3845734596252 78.0627578496933 77.8186569611232 77.637846271197 73.1319338083267 68.8764949639638 70.127656062444 69.4348961114883 64.9895916382472 63.1447931130727 62.7781351407369 59.2807630697886 59.9521497885386 56.6234389940898 53.4944037596385 50.8137494325638 48.410306374232 40.4933094978333 42.8274969259898 49.7780591249466 51.7856975396474 49.9102175235748 38.778747121493 17.1147249639034 6.07190964122613 4.7409279892842 10.3203641871611 27.090181907018 31.6725621620814 27.368093530337 20.9023704131444 20.6100903451443 26.5174433588982 31.3035001357396 42.1961595614751 53.6075929800669 58.5391422112783 39.0934099753698
60.9075874090195 59.4628701607386 55.9410254160563 54.740900794665 60.5702102184296 71.1878836154938 73.3298559983571 71.2823321421941 73.2635806004206 78.3771127462387 84.5422248045603 85.483451684316 83.6595992247264 84.2913488547007 81.8965435028076 81.5560917059581 81.912025809288 78.9585510889689 73.7469991048177 71.4485794305801 68.7110324700673 67.3410892486572 68.4041827917099 69.9115693569183 66.145380338033 62.2080663839976 55.8852901061376 49.4516591231028 42.3737863699595 40.9766510128975 42.7493204673131 47.7650115887324 54.1735887527466 66.0828699668248 71.1004982391993 68.8252995411555 57.3136309782664 38.0965222915014 27.699813246727 9.83244677384694 15.6813735763232 26.5296722451846 31.9989050428073 23.0083838105202 24.5276267329852 38.6984199285507 59.0779731671015 52.882045507431 47.7216641108195 54.0888706843058 45.2817529439926
63.5183205207189 62.9089971383413 61.7707272370656 58.2295308510462 59.4721535841624 68.5724814732869 71.344718337059 71.149875720342 71.2818056344986 80.4376353820165 88.3655746777852 87.3000025749207 82.7609201272329 85.4107240835826 86.8933995564779 80.4998974005381 83.1640462080638 80.6481689214706 76.230396827062 73.4999477863312 71.9296435515086 73.0841557184855 70.3553607066472 68.2618369658788 65.2081221342087 60.1216008265813 42.0573502779007 19.8506439725558 16.7743129034837 26.0154902935028 38.7393708030383 44.6938574314117 52.2980938355128 59.7363660732905 71.197231610616 83.0261160929998 75.4032929738363 67.6558564106623 51.2966414292653 31.6457226872444 17.5210895637671 26.6973599791527 49.3573645750682 49.365093310674 48.5867559909821 62.3319496711095 88.1165862083435 76.5010764201482 54.2134443918864 41.077196598053 32.0736840367317
62.3609324296316 60.4410022497177 64.1248126824697 65.1303778092066 62.5931123892466 65.2603010336558 71.0670053958893 71.9404915968577 72.2903261582057 80.1495611667633 87.1623953183492 85.5896373589834 81.0106744368871 84.2936436335246 87.599923213323 78.6477078994115 80.3988923629125 78.7477741638819 77.6857137680054 78.1288693348567 78.266367316246 78.0426909526189 72.9270527760188 67.2956605752309 65.9300635258357 63.5731816291809 45.4535533984502 26.5638182560603 26.2012407183647 33.8661794861158 44.1950807968775 49.5052585999171 61.9529187679291 71.2240934371948 82.304189602534 78.4088472525279 72.749803463618 31.4013014237086 31.9089566667875 32.5406342744827 39.6813079714775 51.6274472077688 58.6699595053991 30.7175864775976 24.5710164308548 29.2048901319504 66.2985096375148 62.2312476237615 48.9940096934636 39.4997845093409 33.3156188329061
51.1302053928375 58.620552221934 62.051127354304 64.8848662773768 64.982682466507 61.7009749015172 71.1720883846283 75.1183430353801 75.7456372181575 80.8726648489634 83.4202170372009 82.952469587326 82.1838527917862 80.3677886724472 81.9374322891235 78.2492061456044 75.2196709314982 78.7314275900523 80.8562139670054 81.577072540919 84.1673910617828 80.1806151866913 77.0839204390844 70.7998424768448 69.3497955799103 68.7053302923838 65.256322423617 57.1207056442897 54.6851555506388 59.5836142698924 57.8767756621043 56.0403068860372 74.4816064834595 83.5092167059581 68.4705177942912 57.9773684342702 36.9496668378512 17.773366222779 8.49961241086324 17.7001816531022 17.9881192743778 53.7945330142975 60.0914061069489 49.838975071907 37.4031538764636 39.0659446517626 53.2810588677724 57.9319099585215 55.2329371372859 48.4483540058136 41.9636070728302
41.5273457765579 56.0494065284729 60.0664814313253 63.0910744269689 66.0311082998912 62.2319827477137 66.3285652796427 74.5264788468679 85.2341453234355 86.4559511343638 82.1133156617482 79.4823070367177 81.7489375670751 80.9946556886037 81.0208817323049 78.6499828100204 74.7388899326324 77.1370579799016 76.168417930603 73.9651521046956 75.3286381562551 74.4482775529226 74.1463601589203 72.3057438929876 72.4443197250366 77.5190442800522 85.7811172803243 88.5277191797892 73.0002870162328 66.9410228729248 57.514101266861 53.619513909022 68.9903199672699 61.5404844284058 27.6817977428436 20.2137604355812 19.2416831851006 12.7118453383446 2.62733455747366 0.588547981654604 0 18.7977775931358 55.0034940242767 76.811025540034 82.1555306514104 76.2857894102732 74.7330586115519 75.6205469369888 75.1050561666489 63.8891011476517 52.8491685787837
43.2276378075282 53.287148475647 60.5032742023468 63.0535185337067 64.5823280016581 64.8355980714162 59.2512538035711 68.8828726609548 89.597870906194 88.2837275664012 79.6428819497426 76.6264994939168 79.6636442343394 83.2319358984629 82.3587079842885 78.9292107025782 77.8885831435521 75.3703614075979 68.4497356414795 61.8087301651637 62.3080134391785 65.7657235860825 65.7694538434346 69.7712500890096 72.4353939294815 77.6897817850113 94.0724412600199 100.38635134697 85.6332878271739 71.6404815514882 56.6691706577937 46.8031664689382 50.3194133440653 48.6504038174947 25.7980475823085 15.7122785846392 16.8273684879144 23.6904720465342 15.8384628593922 4.45471766094367 0.052348303142935 5.73724632461866 28.0103087425232 60.1183424393336 64.1339272260666 60.5320930480957 59.6661468346914 69.7663227717082 65.6331082185109 59.0583582719167 60.2314074834188
54.8685441414515 58.0675800641378 60.4942540327708 57.070717215538 51.1130144198736 48.4736760457357 56.2361081441244 61.752791206042 71.8465149402618 68.1547572215398 65.1908020178477 70.2875206867854 77.9353628555934 80.1144341627757 76.0497252146403 78.0775944391886 78.241099913915 72.469304005305 64.4271473089854 58.5714181264242 58.4963510433833 59.1543018817902 63.4772380193075 65.975214044253 66.0168826580048 72.3012834787369 85.3033165136973 91.214656829834 79.6811878681183 64.0281637509664 55.4059247175852 41.7011131842931 37.4535992741585 52.1378020445506 48.145204782486 24.710014462471 24.7290680805842 57.052622238795 54.4011096159617 38.5889609654744 11.2135137120883 7.68082650999228 17.559872319301 25.6946831941605 24.2914209763209 26.2294759353002 32.6882377266884 41.8064047892888 46.6149896383286 51.6169965267181 74.9019930760066
66.5936370690664 63.2983148097992 59.4439804553986 52.2783199946086 42.3132330179214 36.0349615414937 45.5883244673411 46.0840413967768 36.4500681559245 35.9552552302678 46.3719516992569 59.5092425743739 66.1184837420781 70.4209407170614 73.4159052371979 84.3307276566823 86.7928266525269 78.0009180307388 69.1697349150975 65.6761179367701 62.4668051799138 61.9703829288483 63.8862748940786 63.7294252713521 63.9879604180654 66.7017052570979 74.4845867156982 76.8969456354777 72.5181798140208 51.2987126906713 55.5967340866725 45.6260740756989 41.1236559351285 61.0137929519018 67.2833919525146 54.9191186825434 45.0006624062856 35.3516141573588 43.1049962838491 44.5792476336161 31.0967192053795 17.2652378678322 17.1941518783569 17.7366075416406 11.7029224832853 12.8081440925598 21.476556857427 23.8372609019279 25.0559796889623 52.3280004660288 101.804514726003
69.5819358030955 62.7925445636114 57.8798254330953 53.9496839046478 46.7000603675842 40.4903963208199 36.2670967976252 31.826155881087 14.8311878244082 22.9606926441193 39.9189790089925 54.1514406601588 53.966278831164 62.0006372531255 76.0158201058706 92.2940373420715 97.8910624980927 90.6683007876078 82.0755412181218 77.7182976404826 72.2681929667791 70.4652766386668 68.1557555993398 65.7133758068085 62.0696693658829 65.054327249527 64.6180063486099 64.2794867356618 60.8568340539932 44.3288783232371 42.9023404916128 43.6147848765055 39.6505519747734 63.883051276207 84.0561588605245 87.3086253801982 61.1999233563741 22.2546135385831 18.4202454984188 24.5277136564255 32.1869055430094 22.3976671695709 27.3551841576894 22.5740894675255 16.8592929840088 11.0792691508929 18.1574386854966 31.4169004559517 39.1338815291723 67.1593993902206 134.352743625641
72.1720606088638 66.6924963394801 65.3259108463923 66.4843022823334 63.1019423405329 56.5506964921951 51.2721886237462 51.8391380707423 50.4414141178131 55.9297502040863 64.4078453381856 70.8565314610799 70.9642718235652 65.846453110377 76.5824218591054 93.0148363113403 103.693723678589 103.899260361989 96.2636669476827 86.1906011899312 80.0141791502635 74.3129253387451 73.8935867945353 72.6763705412547 63.9902452627818 58.9327116807302 55.4363280534744 55.9301823377609 53.0468424161275 51.3796458641688 34.0613002578417 34.0330352385839 21.6954375306765 50.7453083992004 91.6113555431366 101.608028014501 68.2976891597112 30.4244682192802 12.3934869964918 12.5008995334307 15.9694378574689 13.3605934679508 25.4075328509013 40.7057528694471 41.8602128823598 28.9068271716436 28.8674955566724 45.3619509935379 73.183869322141 120.316684246063 153.041025002797
73.0245262384415 70.2164073785146 70.3977743784587 71.8353440364202 71.3124970595042 67.4138863881429 67.0381486415863 75.0703662633896 92.2377705574036 87.8107249736786 78.6241193612417 79.9130847056707 86.248775323232 73.3678092559179 74.742317199707 83.6636225382487 92.9809510707855 100.226918856303 100.494553645452 93.459278345108 87.3860319455465 81.1693022648493 76.0558694601059 74.4741857051849 67.5564606984456 53.425927956899 47.3921050628026 45.8941807349523 46.4248160521189 36.4954223235448 19.4708270331224 17.3123218119144 12.1662579476833 12.1770488719145 88.1846348444621 103.002568085988 83.0232302347819 70.7573642333349 37.7913638949394 7.72781670093536 1.82048805678884 0 14.5123402277629 45.3530599673589 52.4580180644989 42.3908978700638 41.0269945859909 66.1030958096186 126.411070426305 172.334412733714 164.235889911652
72.2089856863022 68.6378727356593 62.7772311369578 57.8183482090632 58.2155485947927 60.4061832030614 60.2528403202693 72.8939523299535 83.9953720569611 79.0888468424479 68.8027640183767 68.6725080013275 79.9062252044678 75.5225519339244 71.6690470774968 70.2726940313975 71.6850459575653 78.5516897837321 89.0687306722005 93.7454104423523 89.4028544425964 83.1317106882731 75.9629011154175 69.8459446430206 60.4382703701655 55.2857716878255 39.3216162919998 35.2215245366096 41.7408297459284 37.8543933232625 19.4194714228312 13.5897472500801 5.89916234215101 0 8.10547173023224 92.9620563983917 99.7326076030731 111.488580703735 92.9243961970011 41.1180928349495 6.70018916328748 0.1752235305806 6.60663532714049 36.6016079982122 58.4838539361954 79.6711047490438 102.028449376424 154.843062162399 196.680764357249 206.774433453878 190.521160761515
74.5014349619548 72.3346620798111 66.1636094252269 59.0444306532542 57.4297557274501 60.2871030569077 51.9695977369944 49.8143931229909 49.9384750922521 47.8417674700419 40.97847143809 38.4531468153 43.7528938055038 61.2325419982274 68.5202181339264 64.129576086998 52.9688100020091 47.9637831449509 59.4020088513692 82.1202447017034 83.2435836394628 77.23535100619 70.5614586671193 64.960186680158 59.5415681600571 55.051197608312 43.9710766077042 21.5294385949771 34.0343316396077 47.2750912110011 31.6331436236699 18.3289522926013 9.08413715660572 0 0 72.7635771036148 113.205035527547 128.086517254512 114.578425884247 84.5201810201009 49.8476922512054 16.9395444293817 14.2616542677085 34.3686814109484 69.201206167539 135.614842176437 177.902718385061 209.308584531148 218.054592609406 217.344641685486 207.338313261668
76.2769778569539 76.1864284674327 73.4696537256241 69.770559668541 67.7738835414251 66.9171412785848 50.6677528222402 35.475584367911 36.0308289527893 38.4105493625005 35.5543221036593 32.6603750387828 34.042701125145 57.1988721688588 71.6044008731842 62.3514999945958 39.9966686964035 28.6013136307398 32.4726402759552 50.9305497010549 60.7097844282786 63.934122522672 64.7063006957372 58.8085502386093 50.4433463017146 46.2902635335922 35.574309527874 12.2678354382515 25.9372740983963 50.7660359144211 60.0372701883316 52.9396583636602 31.9690257310867 0.447221488381426 0 49.6158798535665 107.151587804159 115.142017602921 95.0869917869568 92.0876463254293 98.197082678477 83.113302787145 59.8565141359965 75.9037087361018 131.063173214595 177.45840549469 201.040069262187 212.076922257741 213.763058185577 211.500902970632 206.414739290873
