input/barkrak2/radiation/dir09024.grid
NCOLS 85 
NROWS 70 
XLLCORNER 665100 
YLLCORNER 4664600 
CELLSIZE 20 
NODATA_value -9999 
[rows 20 to 39 of 70, columns 0 to 45 of 85]
87.6538157463074 75.185904900233 81.6306521495183 104.299207528432 98.5377033551534 84.3775471051534 79.2756974697113 90.5535022417704 103.459656238556 113.30567797025 121.570557355881 119.151771068573 118.283172448476 120.553970336914 131.287922461828 149.845699469248 163.229624430339 171.88839117686 183.56466293335 201.716383298238 209.234356880188 197.314937909444 194.986760616302 197.247624397278 199.387510617574 200.364808241526 197.672565778097 198.368688424428 200.787583986918 195.449550946554 186.925848325094 193.720718224843 195.595284303029 183.876534303029 179.873585700989 186.227937539419 185.606837272644 187.63546148936 191.678206125895 196.992496649424 198.579867680868 198.325435320536 202.060103416443 194.843490918477 200.108269850413 205.872674783071
117.843260367711 106.596847375234 102.031211058299 128.525306781133 125.024646520615 86.9329273700714 88.2177750269572 101.75962249438 111.035843690236 115.422119696935 115.226358175278 116.592645645142 115.02793431282 113.649715979894 123.847911755244 138.864914576213 153.44375371933 164.565513531367 175.881822903951 192.172805468241 202.018618583679 215.304533640544 219.483355681101 215.169409910838 208.799382050832 193.885902563731 183.082679907481 179.049054781596 189.075688521067 174.225687980652 155.273626248042 141.117513179779 113.391409317652 110.592653354009 107.844452063243 151.354571183523 160.444994767507 178.675731023153 191.827734311422 192.374388376872 190.153439839681 189.069271087646 180.497626463572 161.965101957321 188.229103883108 200.325906276703
165.560513734818 163.123389085134 146.343330542246 149.328817923864 148.070782423019 110.149135192235 112.829307715098 110.558837652206 108.30960671107 111.902018388112 114.94904756546 118.206640084585 120.433390140533 125.859409570694 128.802796204885 137.294352054596 150.489191214244 162.853529055913 170.255641142527 175.072511037191 179.636458555857 195.521672566732 206.250091393789 209.522306919098 203.754146893819 194.814999898275 182.756265004476 170.853495597839 169.483741124471 154.925286769867 131.96783264478 88.7717803319295 60.5559597412745 45.3709562619527 48.1704672177633 71.5967963139216 102.234919865926 136.011153459549 158.69551897049 173.475881417592 180.286844571431 182.780385017395 153.886506954829 128.445963064829 162.418951590856 197.583556175232
201.456586519877 193.936983744303 165.309876203537 155.956079562505 153.668274482091 146.875143051147 133.110145727793 115.580439567566 104.376534620921 108.254084984461 119.279414415359 124.152282873789 133.211463689804 143.367866675059 140.048136313756 140.405793984731 149.482587973277 161.330938339233 168.636937936147 159.225404262543 160.392145315806 163.963158925374 176.201065381368 186.745822429657 191.15807612737 186.639587084452 172.97617594401 156.046817700068 147.319952646891 111.057420571645 78.5662233829498 67.1141395966212 35.4067956407865 6.20789577563604 1.91739931081732 13.9626413583755 44.4650997718175 73.6476182937622 89.8574888706207 104.468375444412 114.627609650294 109.572529792786 114.133218924205 142.009476820628 155.962467193604 185.653984546661
197.562714417775 195.218920707703 180.696606636047 159.793883562088 144.932220379512 146.274616320928 135.880996783574 125.003685553869 115.229596694311 111.393173535665 117.577294508616 119.19167637825 130.159546931585 139.508187770844 139.46920633316 141.679733991623 149.288515249888 158.349434534709 165.892680486043 157.63396024704 157.205899556478 155.096183220545 163.841088612874 168.365975220998 171.892861525218 168.955584367116 159.776270389557 144.444227218628 129.147320985794 83.1342687209447 69.2888001600901 66.5501455465953 44.1915889581045 6.23506121337414 2.75243973980347 14.2723942796389 31.5704395373662 47.5524564584096 55.8276722828547 60.4595392942429 60.0986778736115 57.6722125212351 82.7165593703588 172.657310962677 175.751328468323 187.143822511037
184.296607971191 189.790487289429 189.292867978414 165.176739295324 145.466188589732 147.363185882568 147.752602895101 156.834383805593 154.376347859701 141.9997215271 132.034262021383 141.349663337072 143.388171990712 152.986317873001 152.935872475306 146.525492270788 148.284018039703 157.5980981191 165.784438451131 167.541186014811 171.895066897074 167.693237463633 163.711806138357 159.890075524648 159.4398021698 159.825851519903 147.407978773117 137.696534395218 116.022149721781 100.691596666972 99.0540782610575 109.919150670369 104.338139295578 44.2104836304983 20.9009498357773 31.6175570090612 36.2042138973872 44.202466805776 46.719898780187 45.7043945789337 41.0391439994176 45.1306204001109 92.6066935062408 174.1544008255 193.5133934021 197.87323474884
184.001922607422 189.242978890737 191.080172856649 172.368407249451 162.294805049896 166.244745254517 174.492438634237 183.413147926331 190.847595532735 183.035214742025 159.471799929937 165.269742409388 160.439759492874 168.529868125916 165.886163711548 153.658817211787 151.250312725703 160.389959812164 169.499735037486 183.016339937846 185.629884401957 182.356774806976 171.476662158966 162.319739659627 161.02002064387 160.740395387014 153.338799873988 143.618206183116 131.592929363251 135.579953591029 152.08167831103 177.737434705098 186.590572198232 173.694332440694 104.093164205551 53.0266215403875 50.3192543983459 52.1879394849141 53.5149027903875 44.045701622963 65.1143689950307 97.5691874821981 140.306214491526 173.734645048777 191.922227541606 193.64070892334
186.780889829 184.43775177002 186.057130495707 176.154096921285 193.373004595439 192.026972770691 199.32496547699 198.739568392436 202.548305193583 197.599013646444 176.968733469645 167.07189877828 166.52903954188 169.085462888082 170.839905738831 166.042586167653 160.717358191808 166.566133499146 181.744794050852 186.764240264893 185.674587885539 175.337513287862 171.343088150024 170.530676841736 170.837998390198 167.707085609436 162.508626778921 160.409321387609 166.54043396314 175.944328308105 194.550712903341 207.081953684489 214.814782142639 226.902067661285 202.476660410563 106.159855922063 67.876805861791 58.2964469989141 52.6772985855738 45.3652093807856 88.509738445282 172.7108558019 165.51407178243 148.447781801224 162.640074888865 161.948730548223
188.079575697581 175.707221031189 177.992363770803 181.663711865743 216.456671555837 204.627315203349 198.051075140635 187.556882699331 179.692347844442 173.564275105794 163.850416739782 159.266531467438 164.377748966217 169.99089717865 174.240966637929 173.563619454702 170.428474744161 165.419240792592 176.538407802582 178.482075532277 176.765600840251 169.819851716359 169.32624578476 174.992521603902 177.267889181773 170.613328615824 171.447575092316 168.500443299611 173.432727654775 191.592991352081 212.410231431325 225.857734680176 231.472810109456 232.478082180023 235.113243261973 178.93240849177 75.956995288531 44.6799198786418 28.5312657554944 41.1748563249906 103.462000687917 162.935674190521 150.002181529999 108.343879381816 109.157145023346 115.862449010213
180.660426616669 164.332608381907 171.80057366689 190.947413444519 216.460585594177 202.589650948842 182.654043038686 158.544967571894 141.32958650589 133.552740017573 136.707673470179 137.960831324259 153.002391258876 168.608506520589 172.794500986735 180.396238962809 179.338415463765 164.714048306147 169.065594673157 171.260714530945 169.936458269755 171.581168969472 170.660714308421 176.436106363932 179.627199967702 175.185342629751 179.266591866811 176.163633664449 172.782977422078 198.344866434733 222.400486469269 238.184829552968 236.742357412974 235.126455624898 246.185998121897 240.316490332286 166.747808456421 76.2108018000921 57.0955028136571 62.8440280755361 94.8853095372518 107.483426729838 114.830901225408 83.6388170719147 77.5267680486043 88.6037151018779
179.843445618947 184.938331445058 213.962435722351 257.966160774231 246.760567029317 209.453582763672 173.332055409749 136.775890986125 120.299617449443 125.166773796082 123.79335363706 120.725214481354 139.871488014857 167.466282844543 179.8095703125 187.494079271952 185.278415679932 172.341624895732 171.115080515544 175.223330656687 171.880722045898 176.822205384572 180.419524510702 182.112177213033 185.601413249969 188.356419404348 186.885237693787 185.195863246918 187.4813636144 208.116014798482 231.600960095723 243.334313233693 239.073753356934 245.367070039113 256.350139776866 260.873377323151 249.333401521047 210.446953773499 128.173271814982 86.5434408187866 77.0368079344432 75.2866367499034 91.7034844557444 80.8809449275335 74.4176308314006 95.5450137456258
197.88646697998 234.101136525472 276.285489400228 296.87770207723 299.026687939962 254.095494747162 201.824506123861 155.704836050669 143.105169137319 153.38275829951 142.373025417328 127.090811729431 139.015644788742 168.287992477417 186.243176460266 192.620754241943 191.698431968689 186.385273933411 178.406278292338 179.051001866659 179.16609843572 183.44787756602 186.280528704325 186.251759529114 189.192334810893 200.23500919342 201.534887154897 205.116033554077 204.982499281565 219.557801882426 235.18317937851 245.10250488917 247.861663500468 255.182385444641 262.215574582418 257.618089516958 255.061765511831 261.775612831116 209.519386291504 126.593788464864 83.7380290031433 76.8093119064967 82.0449491341909 82.5706621011098 97.8289047876994 126.173754533132
255.096773306529 285.444517930349 299.223681290944 297.350406646729 309.364219506582 299.515624841054 264.606893062592 225.833217302958 196.959535280863 189.329107602437 182.154913743337 161.989549795787 149.695684512456 165.581047534943 188.433865706126 194.321076075236 189.817070960999 191.608170668284 179.806113243103 178.971211115519 184.233585993449 186.346371968587 186.988890171051 186.665654182434 190.679470698039 204.715887705485 212.193767229716 217.447320620219 218.937814235687 222.453018029531 236.970146497091 247.741878032684 248.083035151164 245.58428923289 248.699267705282 237.114628156026 238.904118537903 238.587299982707 203.028321266174 149.762600660324 112.23312218984 95.1965053876241 85.758239030838 87.1939361095428 96.4338978131612 132.661243279775
285.792350769043 301.005562146505 298.800349235535 289.602955182393 297.589500745138 306.23064438502 298.446873823802 265.458663304647 231.782476107279 214.908798535665 211.94459994634 197.018186251322 172.460754712423 174.827396869659 185.297290484111 190.322041511536 184.496839841207 186.850706736247 179.527362187703 181.315263112386 180.048267046611 181.817809740702 180.874586105347 181.220173835754 188.669840494792 199.856321016947 213.356514771779 216.085116068522 218.915224075317 227.461616198222 239.913801352183 241.513927777608 228.674570719401 219.105422496796 222.473820050557 202.827572822571 202.045857906342 189.781407515208 156.838446855545 130.626708269119 136.984378099442 124.646594127019 105.373571316401 90.0311271349589 90.9962554772695 109.808186690013
296.860734621684 299.802621205648 301.771680514018 295.029540856679 293.219566345215 299.211283524831 305.818498134613 292.167286078135 253.023187319438 225.3311475118 220.36604086558 217.563807964325 205.990294615428 192.974011103312 186.988234519958 187.466641267141 181.838949521383 176.984945933024 177.972376346588 181.349376837413 176.270584265391 173.529982566833 176.753163337708 179.410338401794 184.211552143097 193.658153216044 203.554093837738 203.95960410436 210.508386294047 226.597746213277 234.997570514679 227.688908576965 215.202033519745 211.957454681396 204.274515310923 186.450481414795 190.124154090881 187.828103701274 173.929194609324 155.455370744069 157.408585151037 163.16294670105 142.009814580282 121.903995672862 110.125442345937 93.9385592937469
302.910645802816 303.631365299225 305.804351965586 304.250876108805 298.324008782705 297.467748324076 303.010662396749 298.175851504008 263.287663459778 235.401173432668 223.711570103963 223.471760749817 220.297833283742 197.30418920517 186.24738852183 189.234773317973 182.159980138143 172.727624575297 177.863399187724 180.562516053518 177.852749824524 173.248688379923 177.135745684306 183.293223381042 180.893063545227 186.721682548523 193.165818850199 195.062498251597 201.928158601125 221.352438131968 228.140413761139 221.95303440094 217.851996421814 218.828658262889 200.129409631093 193.000197410583 198.824862639109 204.68270778656 205.736696720123 188.780725002289 148.62734079361 146.910806496938 137.570351362228 123.1629550457 104.279230038325 81.433763106664
295.742511749268 297.841330369314 300.790687402089 299.963752428691 293.049554030101 289.476235707601 296.585241953532 300.585587819417 273.190557956696 240.290343761444 219.550788402557 209.405322869619 209.347784519196 192.124327023824 181.230068206787 190.530161062876 192.974448204041 180.623690287272 182.963371276855 186.040739218394 186.630288759867 180.583119392395 180.412590503693 186.033348242442 183.147152264913 183.351000150045 191.617826620738 197.634597619375 202.779948711395 216.402808825175 226.293722788493 224.604070186615 219.427466392517 220.232446988424 201.13480091095 203.582604726156 206.487953662872 213.021993637085 214.000860850016 192.22633043925 126.043190558751 99.843959013621 87.4045093854268 77.8025935093562 74.4053274393082 67.1456505854924
280.092656612396 287.268539269765 292.576511700948 292.232791582743 288.980384667714 291.142364343007 298.177599906921 301.458319028219 285.195767879486 242.792745431264 216.345945994059 204.408605893453 200.058420499166 190.148631731669 179.680605729421 185.140192508698 198.337256908417 188.498377799988 185.685793558757 188.785592714945 190.745194753011 185.596346855164 181.999544302622 185.844779014587 186.865210533142 185.6862505277 190.464496612549 199.774205684662 204.6071489652 209.259311358134 220.952093601227 227.168619632721 222.471674283346 201.046526432037 194.849530855815 212.639311949412 220.193107922872 222.560207049052 216.424504915873 202.528357505798 120.4640964667 65.8107797304789 46.0797349611918 31.8812777598699 32.885750134786 46.6745048761368
251.967628796895 260.21687189738 267.478108406067 271.426777044932 277.028242746989 286.770860354106 294.144590695699 297.478953997294 286.69798374176 256.544291973114 230.520049730937 212.299366792043 197.250366210938 196.038007736206 186.606764793396 179.866909980774 193.980157375336 193.292140960693 186.919331550598 186.132152875264 186.556935310364 184.441069761912 180.177907148997 181.26372496287 186.314582824707 190.409660339355 189.659059047699 196.682910124461 201.575378576914 204.023917516073 212.353964646657 225.060085455577 218.931496143341 190.048336982727 200.399796168009 228.292922178904 233.462452888489 227.731426556905 218.375404675802 216.95872147878 179.602066675822 92.1323796113332 47.8714108467102 37.3985916376114 34.8903213938077 36.2721085548401
217.835625012716 224.645892779032 224.347154299418 234.439730644226 248.077730337779 262.860496838888 274.038116137187 280.278046925863 277.303338050842 255.354166030884 228.696962197622 208.512306213379 196.135878562927 193.126201629639 188.150763511658 182.354172070821 186.98263168335 188.95411491394 180.23951848348 181.21991554896 184.437791506449 187.057971954346 186.684568723043 181.343833605448 179.897367954254 185.532609621684 191.38507048289 196.02374235789 200.691421826681 201.53820514679 203.853170077006 214.169760545095 209.773500760396 197.668313980103 226.059556007385 242.445449034373 238.167901833852 230.018238226573 225.778559843699 234.140515327454 245.919048786163 208.553572495778 122.073819239934 74.9573012193044 52.349532643954 33.9200248320897
