input/barkrak2/radiation/dir06124.grid
NCOLS 85 
NROWS 70 
XLLCORNER 665100 
YLLCORNER 4664600 
CELLSIZE 20 
NODATA_value -9999 
[rows 42 to 62 of 70, columns 0 to 46 of 85]
147.026250759761 143.4126496315 146.283388137817 143.955022096634 137.259304523468 132.870465517044 129.81766462326 125.072499116262 125.302821397781 121.627082427343 119.804332653681 117.819448312124 121.122350295385 125.707775354385 124.228248993556 121.556301911672 117.435435454051 122.598707675934 124.30069843928 116.133511066437 114.791383345922 113.137563069661 110.937933127085 112.474580605825 117.009858290354 113.196303447088 111.419310172399 118.108292420705 125.007182359695 128.091911474864 130.842427412669 131.225963433584 142.605046431224 165.703992048899 173.144618670146 153.066873550415 137.487838665644 134.848068157832 136.55811548233 147.430578867594 156.673222780228 159.704973300298 144.491652647654 108.138561248779 43.2686855395635 3.87706855932871 0
130.288640658061 133.113741874695 142.334282398224 139.100809892019 141.312311093012 143.804848194122 141.534775495529 136.582871278127 124.33514992396 123.243987560272 125.737528006236 121.45146727562 121.03741367658 124.595026175181 125.944505135218 122.18510111173 122.5845515728 124.244719743729 124.135752518972 117.672900358836 113.127152125041 110.573947429657 107.800126075745 106.495330731074 110.835790634155 114.802102247874 109.31537548701 112.09832628568 119.267870982488 123.062272866567 122.056603431702 121.015965938568 134.078323841095 150.845269362132 156.071136395137 140.446444352468 134.869754314423 141.581853230794 147.774040699005 148.46267302831 143.010914325714 141.094317038854 133.861144383748 105.286290248235 55.5700709422429 4.45517152547836 0
128.737509250641 133.885910113653 137.486984332403 138.075063625971 140.050967534383 142.938037713369 142.425586779912 137.651075919469 132.511854171753 126.602828502655 127.502371867498 124.799509843191 120.09268005689 118.074715137482 118.544578552246 117.903610070546 114.633033672969 121.608763933182 122.932930787404 119.631866614024 114.699333906174 112.75847752889 111.450165510178 111.172417799632 109.738568464915 118.899087111155 121.912668148677 119.073182344437 119.02525027593 119.550039370855 116.408954064051 114.884118239085 122.745255629222 128.083725770315 132.794936498006 132.952193419139 138.384848833084 149.531026681264 154.37725186348 145.169576009115 143.280506134033 135.982573032379 130.005786816279 108.559648195903 71.8316336472829 27.0015647013982 0
135.650267203649 140.108585357666 137.471040089925 140.770087639491 138.60680659612 138.774981101354 139.786909023921 138.386348883311 138.600796461105 133.58211517334 131.463229656219 130.789697170258 124.889194965363 119.351267814636 117.555330197016 122.160017490387 114.850501219432 117.778519789378 122.780621051788 120.623211065928 117.272516091665 117.991795142492 116.228342056274 116.732865571976 117.408215999603 116.9360379378 123.984088500341 122.515688339869 120.60218056043 121.129473050435 118.058284123739 113.14332485199 119.654168685277 117.823998133341 115.763982137044 116.766661405563 126.234372456868 141.933659712474 143.482098976771 128.609915574392 132.290840148926 125.4689792792 122.567713260651 119.727432727814 100.980947415034 60.5312436819077 18.1767704586188
135.038117567698 137.159903844198 140.505929787954 142.381558815638 141.644189755122 141.332149505615 142.675449450811 143.898804982503 140.206634998322 137.449930111567 136.220157146454 134.330729643504 129.459162553151 126.526435216268 125.014692544937 128.240009148916 125.90754032135 119.158148765564 125.323603550593 123.749911785126 120.310415824254 120.769361654917 119.22683318456 115.266700585683 123.293250799179 116.610109806061 117.889851331711 120.413919289907 120.483428239822 120.512535174688 120.540340741475 116.942276557287 117.138465245565 117.978394031525 117.975920438766 116.985698541005 120.504915714264 130.370805660884 132.38404194514 128.954708576202 129.334390163422 121.514896551768 126.48140390714 134.668986002604 126.189748446147 90.8626218636831 46.0242579380671
129.177987575531 131.251007318497 137.779295444489 139.414807160695 143.559118111928 145.112385352453 142.088989416758 141.472687323888 141.547699769338 142.780601978302 138.454407453537 134.888569513957 132.412970066071 131.435215473175 127.83271074295 126.17830435435 125.797162453334 116.610517104467 121.732254823049 124.7605184714 120.847483476003 120.910008748372 123.393177986145 115.426321824392 119.078487157822 118.861099084218 112.248281637828 118.033031622569 119.683722654978 120.791773001353 120.858987172445 121.083468198776 115.827451149623 120.034287373225 133.877456188202 135.896096626918 131.001065174739 126.524706681569 130.566457907359 142.301619052887 132.540096839269 123.838583628337 131.842056910197 138.268570105235 131.347358226776 109.483728806178 67.7054176727931
121.727685133616 124.737610419591 131.271421909332 134.955088297526 142.095138629278 145.514965057373 141.652663548787 139.661173025767 142.643501361211 144.993245601654 142.294625441233 138.104935487111 135.374069213867 135.363399982452 131.60906235377 125.606795152028 124.196112155914 118.284831444422 122.313300768534 126.58836444219 125.228861967723 124.258726835251 125.74631969134 121.27352754275 118.680457274119 122.290909290314 118.227144082387 121.837079524994 126.736660798391 132.077803214391 137.209494908651 135.950992504756 127.782007058462 129.983246326447 139.839758475622 149.838974078496 146.748840808868 136.071741580963 134.607583284378 141.379008690516 130.757580200831 120.888123909632 119.360973437627 118.439386288325 116.318782170614 115.223755439123 104.205518960953
121.04469537735 117.852449417114 123.300224542618 131.929010152817 138.302673896154 141.654392083486 144.217669963837 146.845688422521 146.964420874914 142.487386862437 145.065516233444 144.121865431468 139.313171307246 136.857887109121 134.198874235153 128.955125808716 126.448025306066 123.477627833684 126.859287420909 131.934622923533 133.283078670502 132.563749949137 127.323001623154 127.589533726374 122.825433810552 126.946469148 129.445970058441 130.14151652654 135.266890128454 145.270109176636 155.770013729731 156.289527813594 144.456118345261 141.150613625844 139.519870281219 148.884167273839 154.972553253174 150.312771399816 139.664570490519 128.627936045329 118.321239948273 120.046476523081 119.172563155492 113.220940033595 109.067857265472 114.006499449412 108.412573734919
121.711184581121 125.01272559166 127.85933415095 135.463029146194 136.652201414108 136.960377295812 145.139694213867 150.721838076909 149.906506141027 148.45871925354 148.35665623347 147.585650285085 142.769952615102 137.317597866058 136.584897836049 140.793114900589 131.957819064458 129.605611165365 130.897482236226 136.871417363485 139.390408992767 135.011812051137 131.527423858643 130.726436773936 125.461995601654 132.267365852992 136.485368013382 135.834664106369 139.195154110591 150.17960468928 161.865343650182 165.936996539434 158.131231864293 143.477578957876 133.467694123586 135.649422804515 149.251957734426 156.18422627449 144.302070140839 121.015379826228 113.216737906138 121.538241704305 125.237276156743 121.496935685476 115.233878294627 111.545393864314 94.5101976394653
122.005840142568 134.046504894892 135.934382677078 138.666848341624 136.539965867996 135.763376951218 143.389562765757 149.741987387339 148.886024951935 153.36619814237 151.264488697052 149.875909090042 146.541098753611 140.570352474848 138.935993115107 147.004127502441 139.247308174769 134.073317050934 131.542056798935 134.600818157196 135.186324516932 132.08415110906 130.703787008921 128.523379564285 124.467422564824 128.646949927012 132.002741098404 131.399045387904 134.100019931793 141.812115907669 150.806188583374 168.1081255277 158.825526634852 135.590106248856 100.834528605143 94.2415694395701 114.081939061483 139.105369647344 149.660478035609 148.085325956345 143.223683039347 131.706615289052 115.681976079941 112.900217374166 122.528692086538 113.142828146617 90.2402698993683
125.688602526983 124.155690272649 123.359640439351 127.076705296834 134.186774492264 139.594743649165 139.546265204748 145.866284767787 145.793169736862 150.189141432444 150.276869535446 152.58847673734 151.66230003039 145.530829826991 143.006543318431 141.753216584524 143.309086561203 134.583681821823 128.816018501918 127.342959245046 126.893897851308 128.861844539642 128.536641597748 122.544119755427 124.353379011154 121.496597925822 123.378912607829 123.123129208883 123.499204715093 124.133090178172 132.454057534536 143.516113360723 142.639289299647 114.629507064819 78.4386297067006 59.089740117391 65.5593772729238 94.9071149031321 128.562182188034 148.244281609853 152.164906263351 134.466936190923 109.625260035197 105.527917544047 116.112093130747 103.658845027288 86.1183901627858
130.320469538371 119.292388359706 116.061240434647 121.6681599617 134.788483381271 143.677473068237 143.011778593063 144.185413916906 147.120287021001 146.734893321991 148.991793394089 152.21847097079 153.746714194616 151.217589775721 145.001033941905 142.164975404739 145.612368981043 136.831869681676 131.791214148204 132.748742898305 132.430046796799 129.771083593369 126.666605472565 122.845451037089 122.845719257991 119.811554749807 119.757145643234 118.843714396159 117.761174837748 114.035566647847 106.262028217316 112.619539101919 113.559186458588 95.1801141103109 79.2906830708186 60.3635956843694 35.5055133501689 37.5307723879814 69.7749157746633 106.904804706573 132.180571556091 121.917108694712 109.505703051885 103.499501943588 96.552312374115 90.400367975235 83.5051933924357
130.913565556208 124.511698881785 120.765119791031 126.876652240753 137.213627497355 145.632644494375 149.079501628876 144.683758417765 149.038056532542 147.366970777512 150.915811459223 153.189500172933 154.415706793467 155.518879493078 148.820618788401 148.156374692917 148.261994123459 141.239146391551 136.40417655309 137.959579626719 138.012299935023 133.50044687589 130.988578001658 130.953222513199 127.557953198751 125.431696573893 123.598684867223 120.843827724457 114.997506141663 108.068396647771 98.0963011582692 102.630366881688 105.866591135661 105.625400940577 104.208628336589 91.9225811958313 63.3037636677424 46.2885747353236 41.3471187154452 44.4881866375605 91.863085826238 97.7398157119751 86.5253408749898 59.5076084136963 58.955321709315 79.7987381617228 88.0151192347209
134.884417057037 132.614562908808 127.535273631414 124.509851137797 131.909509499868 144.290824731191 146.951536337535 144.527008136113 146.501352389654 152.028779188792 158.243636290232 158.61373146375 157.293458779653 157.413830359777 153.622180223465 152.706166108449 154.023061196009 150.274137655894 144.621322552363 141.374955574671 137.821276982625 136.588970820109 138.237029314041 139.149010181427 134.501645962397 132.209360599518 125.585943460464 114.814102649689 106.193443139394 102.891107400258 101.280520359675 108.41703414917 111.966590086619 122.883955637614 131.168941656748 129.449228445689 117.022295792898 97.7938075860341 81.7206203937531 51.8263826767604 62.1525347232819 82.9866429169973 83.0410073200862 70.3400075435638 70.951834321022 89.5343919595083 117.075741291046
138.07479540507 136.929700771968 135.018080472946 129.246453444163 129.165023565292 141.296545664469 144.629746675491 145.116666952769 143.91150077184 152.427723010381 161.804854869843 160.830954710642 155.674487352371 158.438821633657 159.504522879918 152.611752351125 154.873877763748 150.998771190643 146.190742651621 143.915702899297 142.664611339569 143.304606278737 140.616337458293 139.119446277618 135.096927483877 130.045384168625 107.104063034058 83.8533838589986 79.3940524260203 86.7057343324025 99.4013547897339 104.823887348175 110.36608616511 116.732239723206 132.111450036367 147.479822238286 141.200512647629 136.230627695719 136.764228343964 95.19229332606 66.9609953959783 85.427850484848 103.127559026082 105.057706435521 105.997532606125 121.903399626414 150.906433661779
137.103895346324 134.537279605865 138.025939464569 137.596527735392 133.890132109324 137.6906534036 144.988189140956 145.978500445684 145.139475663503 151.853621006012 159.888317187627 159.143815437953 154.385407765706 156.840821107229 159.643222888311 150.122453769048 151.484360297521 150.313635667165 147.871792316437 148.784905672073 149.968147277832 150.223145882289 143.840918938319 137.079497178396 136.37704650561 133.497854073842 110.636572043101 86.6925418376923 86.691955725352 95.9435900052388 108.427494764328 110.913783311844 122.39479025205 132.710476716359 138.73169819514 150.254279375076 146.119803190231 90.7784104347229 76.3452351093292 99.5349784692128 96.4242120583852 111.273229122162 116.545975208282 99.1159081459045 86.9578321774801 100.98518927892 128.05254260699
124.555418888728 133.029123147329 136.081834634145 138.102034727732 137.291957934697 133.669267098109 145.588795344035 149.791419506073 149.174561103185 152.508735656738 156.51390949885 157.832702000936 156.343936920166 153.204739093781 153.563211361567 150.112251440684 145.935197671254 148.652255535126 149.890055259069 151.780794064204 153.506567080816 149.478673934937 147.71693944931 142.585337162018 141.758968432744 141.079584757487 134.576926628749 127.135276794434 128.185451030731 133.018682400386 128.002643585205 121.037195126216 137.144982814789 144.149045149485 139.270842075348 117.511024077733 96.9008505344391 54.1383226712545 39.399062593778 61.8796249230703 99.5487570762634 121.74787123998 119.29393808047 103.578766187032 91.3870235284169 95.8990752696991 112.942308187485
113.570580879847 130.111614863078 134.099195400874 136.200110117594 139.307151238124 134.487102429072 140.683859586716 149.952193101247 159.764210383097 159.471462170283 156.250556310018 154.735455910365 156.131605307261 154.61387236913 154.216468334198 151.331742604574 146.377881368001 146.412243445714 144.511560599009 142.098009586334 142.942557732264 142.336507638296 141.682515541712 139.32008544604 141.177276770274 146.213899056117 160.931249459585 164.94674483935 152.428646882375 148.460278908412 133.782972892125 121.164341767629 131.618211666743 121.918628613154 69.8591321706772 57.7746878067652 55.5058767398198 45.3752527634303 30.4792076349258 28.2384554545085 30.8932140469551 85.3241086006165 116.136451562246 138.229290644328 152.928491433462 148.065696159999 141.272912422816
115.596940120061 126.819163560867 134.781489769618 136.767168839773 138.066480557124 138.811399539312 132.819056510925 143.799881140391 165.158112843831 163.751125335693 156.043450037638 152.890016635259 155.095557371775 157.646179199219 156.384627024333 152.57986386617 150.089840094248 145.519554615021 138.116816679637 130.423208077749 130.497713883718 133.335014184316 133.037567138672 135.21275917689 137.121786673864 145.919879277547 162.034004926682 173.215270042419 160.044481356939 148.102253675461 126.959751049678 111.145595709483 110.766192277273 102.417925993601 77.6030470927556 49.9224017063777 55.2845100561778 66.927045583725 59.2097888390223 41.7380630970001 29.0469502409299 49.0914136171341 93.9318835735321 128.351291020711 143.633306026459 138.66451382637 131.004323561986
128.418227036794 131.653408209483 134.630699952443 130.563239256541 123.97958834966 120.114356279373 129.486401875814 135.012090206146 146.098136901855 144.29384469986 142.097840706507 147.976954778035 154.481510321299 154.960731665293 150.541434685389 152.222583691279 152.072846889496 144.186784823736 135.471214850744 128.031025330226 125.824272632599 127.095033725103 129.714866479238 132.148206233978 133.833279212316 137.437880039215 147.881984710693 159.150252739588 148.79979689916 137.351642052333 122.524052858353 103.032737970352 93.892902135849 106.090128421783 98.034679889679 73.0910847584407 77.41612692674 114.590227603912 121.887971957525 98.9709397157033 60.9177052974701 48.5829065243403 69.0856377283732 88.6591076850891 87.0061318079631 94.2635436852773 99.4409024715424
141.929964224497 138.016333182653 134.184837341309 126.08994046847 114.237606525421 105.261117219925 118.492404619853 117.978006601334 105.153580506643 106.39151930809 123.053729534149 136.277894179026 141.153236230214 145.146419604619 148.914158344269 159.649560848872 161.893953879674 151.980459690094 141.525089740753 136.804441610972 132.985562086105 131.454726060232 132.563471794128 129.208038250605 128.041962782542 132.577935854594 135.350942611694 141.870468854904 137.841622034709 113.901724418004 119.165321191152 110.608210166295 101.128737131755 117.31697122256 119.935601949692 106.646597385406 99.2691616217295 102.128108342489 108.398298422496 104.436616102854 88.7562533219655 69.5542246103287 68.9119895299276 61.4722122748693 45.2614078919093 63.3363574743271 77.8412719567617
