input/barkrak2/radiation/dir06024.grid
NCOLS 85 
NROWS 70 
XLLCORNER 665100 
YLLCORNER 4664600 
CELLSIZE 20 
NODATA_value -9999 
[rows 21 to 41 of 70, columns 0 to 47 of 85]
59.4886640707652 46.7310398817062 35.6702854235967 49.8308787743251 46.083465218544 26.6828884681066 30.9843967358271 36.0660304625829 38.5879228512446 42.9699718952179 45.5481757720312 46.6740777095159 47.0743924379349 46.9253112872442 54.0097504854202 69.0622826417287 83.0799589554469 94.3839152654012 103.138486544291 117.67785747846 128.772805134455 140.230357646942 148.290743430456 147.957026958466 139.889220396678 129.479954640071 116.237839063009 107.689311107 123.530566692352 109.105865160624 88.2924397786458 69.6636190017064 44.8863009611766 35.6125781933467 17.1451444427172 15.2519904077053 23.3740756909053 33.5530837376912 59.3232611815135 69.9338515599569 70.5352922280629 75.13461013635 75.3601541121801 66.2663678328196 89.9273653825124 99.878450234731 108.488152424494 113.131463527679
101.125786701838 94.784398873647 71.8447268009186 68.1678851445516 64.0023648738861 39.1627425948779 47.603299220403 44.4341997305552 38.8112664222717 38.6658559242884 45.0314879417419 47.7753182252248 50.8123934268951 54.7610918680827 55.080051223437 64.1018599271774 76.3092984755834 88.8083080450694 97.2254474957784 99.3607143561045 104.566852251689 121.731768051783 132.795582214991 140.173514684041 140.235821406047 133.134226004283 118.211497863134 110.203435023626 101.46626830101 87.3253544171651 62.9406074682871 35.0632195671399 17.977237701416 2.50775165235003 1.31599232554436 1.98827031999826 8.86456047495206 18.8133443395297 21.586353580157 31.3110873103142 47.2986797491709 56.6745599110921 42.5477127234141 39.3476436535517 66.6764080524445 93.59011054039 99.0144312381744 101.873288551966
136.811812718709 125.942170619965 91.9240216414134 74.7681856155396 69.2403813203176 67.9598947366079 60.8980158964793 44.2366401354472 34.6698636809985 36.6618757446607 48.0312407016754 50.4936377207438 56.9335321585337 65.449466307958 63.4864121675491 65.0573323170344 73.4170824289322 85.5996310710907 91.6811426480611 85.3038231531779 84.8757028579712 90.7363891601562 105.344414710999 118.029445409775 124.816864728928 125.663310289383 113.115896781286 109.456419944763 83.7395389874776 42.8935984770457 36.7605164647102 25.4977568984032 3.1081618120273 0 0 0 0.16820291057229 5.11456187814474 9.0802392611901 6.92166946828365 3.10111759851376 0 20.7946958641211 48.7314015626907 64.6067758401235 82.3171784480413 93.5194989045461 96.1456894874573
135.930985212326 131.956448157628 110.86572209994 79.8259973526001 60.7081552346547 66.1156872908274 57.2420507669449 51.3060837984085 43.9006636540095 39.186085263888 44.6025927861532 49.1078794002533 53.3693681160609 63.8651351133982 63.1450364987055 65.0722881158193 71.0363785425822 83.4649602572123 92.0728345712026 84.0264558792114 82.8000207742055 80.4730107386907 89.8331105709076 99.6464689572652 106.276492277781 106.677254041036 98.0869928995768 94.2332545916239 73.8134930531184 35.1547449827194 28.3583551645279 26.6365557909012 10.1857849707206 0 0 0 0 0.661474730198582 1.34633233149846 1.71431309233109 0.344789664571484 0 8.7361124654611 77.0550320545832 77.0381589730581 85.4979654153188 89.140514532725 97.3084171613057
121.911933024724 126.991629600525 120.178550481796 89.5520647366842 61.1024995644887 63.8132492701213 66.5092219909032 74.1268694400787 72.5149611632029 62.5120997428894 54.3131728967031 60.3788644075394 61.4060858885447 71.969469388326 74.9320834875107 67.8901672363281 71.6531127691269 84.017684062322 93.0754939715068 95.9191819032033 95.9681371847789 93.1927959124247 89.573880036672 90.3281172116597 93.7523047129313 96.5633392333984 90.5903379122416 87.8549118836721 65.8632715543111 48.3923256397247 49.8639990886052 57.3220203320185 50.0466575225194 4.95693429062764 0 0.691513686130444 0.872132057944934 1.19404828486343 0 0 0 0.0466165850715091 19.6966268122196 78.7438054879506 93.2425061861674 84.9506358305613 86.6177181402842 93.2088096936544
120.719770590464 126.333147287369 124.573647975922 99.614014228185 77.4366060892741 80.751712123553 91.189165910085 97.7298518021901 104.479899009069 96.969336271286 74.8835504055023 79.0138940016429 79.6450078487396 85.1382712523143 88.1870985031128 77.4576415618261 75.6271779537201 86.7771506309509 95.496932665507 107.5838804245 109.419822692871 108.353634675344 98.7928609053294 92.7958786487579 93.5951173305511 96.3363349437714 90.7809535662333 93.4434135754903 83.6756428082784 84.0490460395813 94.4847265879313 117.522656917572 126.887132724126 106.51973883311 23.8100538651148 6.02935440838337 4.91374420622985 4.56828034172455 1.3907632480065 0 3.14970376590888 18.0391147732735 56.2279274066289 78.4432739019394 83.1143061319987 78.3634583155314 81.8492819865545 82.1966876586278
122.657159964244 121.204574902852 121.642490228017 105.68971435229 107.793599367142 105.19219438235 113.707532485326 113.496512174606 115.93156059583 107.564171155294 89.3669426441193 82.8167746464411 85.705707470576 85.6137772401174 93.3250884215037 88.898628950119 83.4899544715881 91.3347800572713 106.682280699412 112.734893957774 109.266807635625 101.787765820821 100.262880325317 100.609242916107 101.517697175344 101.821919282277 99.0329285462697 105.464150508245 120.742400487264 127.327432235082 135.921021302541 144.497603178024 154.685844977697 167.627573013306 125.67267815272 29.6992907921473 9.38928251465162 6.10659457743168 3.29259845117728 0 15.1549304525057 75.2502381801605 74.0090608596802 69.6367174386978 67.2506392002106 61.0771079858144 61.6237421830495 65.2876844008764
125.55010120074 113.280852635701 114.437679449717 110.019872585932 129.051268100739 118.619968493779 111.965378125509 107.707550128301 100.73576370875 92.8464730580648 82.1114132801692 76.4549473921458 79.7053724527359 83.8437676429749 94.6585536003113 98.8960067431132 93.7084555625916 89.2546971638997 101.94256901741 106.103430191676 103.634099165599 96.8157052993774 96.4140295982361 105.017284552256 107.401669025421 103.565136591593 106.001317501068 108.794738849004 129.899690548579 144.317785898844 157.694717248281 167.328814665476 171.86564207077 177.527149518331 171.845018863678 95.359484354655 10.6902420520782 2.35385866835713 0.207525774991761 0 28.6837294697762 66.2692536910375 61.0269904136658 40.5694718162219 41.736031572024 39.9835432569186 46.1511959632238 55.7054380575816
125.838806231817 106.484095255534 108.110576868057 117.505739132563 128.444135189056 117.047409216563 98.0961521466573 81.6884835561116 67.1709626913071 61.0666424036026 60.2295200030009 65.0586386521657 74.3483006954193 87.861160437266 94.6063697338104 103.487014770508 101.10600789388 87.0300829410553 92.1562314033508 96.8045890331268 95.5140193303426 96.9090660413106 96.8364775180817 104.648530483246 111.157437165578 107.714434464773 112.040688594182 110.260377327601 126.287788152695 149.071077505747 169.014354546865 179.038166999817 181.251009305318 181.206067403158 192.109048366547 175.699651241302 85.8378907044729 10.5744774142901 5.703404545784 8.03993766506513 23.5325048367182 37.4154125650724 44.3398704131444 22.3924467960993 18.8494982818762 24.2414971192678 41.6910151640574 59.7547193368276
122.792730728785 125.275681416194 150.733252366384 188.630223274231 160.880217949549 123.653084039688 89.0442629655202 61.4708612362544 50.6465931733449 53.2506555318832 51.3935734828313 49.2355525493622 70.8840390046438 87.8965556621552 101.635078589122 109.23045873642 107.894748449326 93.7803387641907 93.5489435990651 98.7621744473775 95.4079826672872 101.391057173411 103.314975897471 107.33558734258 113.822778065999 119.850337505341 118.806372086207 119.858771562576 130.058169364929 155.18977244695 178.189476331075 185.534993807475 181.373596191406 191.209673881531 204.169948895772 210.649430751801 184.74292755127 123.583257198334 45.7908759514491 19.0730864802996 13.7037001550198 10.1729221642017 28.8576235373815 20.6872746348381 16.5461574991544 26.242030163606 48.0520526568095 63.5318011045456
138.472745815913 175.364096959432 224.792877833048 246.479153633118 228.219886620839 169.692873954773 115.250537792842 77.9621452093124 68.0860827366511 74.9863783518473 65.5233363310496 56.8210184574127 68.5854852199554 79.1556338469187 107.477287451426 113.31981420517 110.317687193553 103.679319222768 97.1553524335225 99.9743342399597 99.5220442612966 104.608794053396 107.405443986257 109.494825204213 114.951600631078 128.972311814626 130.662967761358 136.54504219691 142.794400453568 162.383367617925 178.805708885193 187.37256526947 190.707623958588 198.896765708923 206.760942935944 205.894986788432 201.878666877747 192.509949207306 120.586097240448 43.1763678789139 17.0602798461914 18.710279216369 20.949845512708 23.1951028108597 30.6343957781792 42.765200138092 34.6704473098119 40.9913311402003
201.543072859446 237.517615159353 259.436269601186 260.42765378952 260.856489340464 235.363225142161 189.286311467489 145.662685235341 117.859532435735 108.176608880361 102.699379126231 86.5832567214966 71.1572021245956 76.4165321985881 108.00247391065 114.311675230662 109.212378660838 110.253433386485 98.9642341931661 98.7355907758077 102.44020819664 105.528463919957 106.555640697479 107.562402884165 114.038119713465 130.58739900589 137.262046337128 146.664589643478 155.393759409587 162.766585747401 176.591356595357 188.678820927938 190.045555432638 188.161889712016 190.444787343343 175.648430983225 176.945964495341 164.596160252889 126.892566680908 67.3921753962835 33.1652363141378 29.3394476175308 24.864395459493 25.7561430335045 17.8884205718835 18.6188543836276 19.2031587163607 20.0913672645887
249.161064624786 262.944837411245 265.564759572347 263.412773609161 265.627821286519 263.757208983103 239.940643310547 197.186191876729 157.305926084518 135.835905869802 135.543505350749 122.464189926783 93.6812559763591 90.7567938168844 103.593011697133 109.345177809397 105.376422405243 105.961213509242 98.9507834116618 101.137300332387 98.7082421779633 101.620525121689 101.271132628123 101.883192857107 110.556532939275 123.762538035711 136.553744475047 142.104834318161 150.81196029981 163.142522176107 176.676491896311 179.868797461192 165.165762106578 154.06729777654 156.729241212209 140.291074911753 140.848139921824 125.613947709401 87.3754918575287 52.3675580819448 55.7975769042969 51.3170411189397 39.0006303787231 27.6974265774091 9.32302884757519 10.1205526540677 1.76960105697314 3.75948660075665
259.247342745463 263.552625974019 263.319571812948 263.804296652476 263.57098420461 264.276425043742 259.600917498271 227.957765261332 176.959713300069 146.333833535512 143.436640501022 140.445391337077 124.320983886719 107.073396444321 105.965713659922 109.102308750153 103.51683696111 99.025954802831 99.5033085346222 103.700250387192 98.1671412785848 98.3299215634664 100.240916013718 101.46842400233 107.30638106664 115.402887264887 127.788225809733 128.592669963837 139.083514610926 158.236106236776 168.635825316111 162.068078915278 154.551217953364 148.277809222539 140.368461608887 125.060051679611 129.295825958252 126.420517762502 106.829712788264 74.292262395223 74.4769026835759 82.8447192907333 66.4563576380412 32.1331943074862 11.4011093974113 1.05696070628862 0 0
255.96288839976 258.669018745422 256.54939810435 256.262441476186 256.352106730143 253.128568331401 250.296870867411 234.001239140828 188.213845094045 157.553722461065 148.071636756261 145.831684271495 140.339155991872 120.39985259374 110.740264256795 115.024894475937 108.273903528849 98.2012351353963 102.806975444158 105.082790056864 102.167258659999 99.0455647309621 102.960308392843 108.718534310659 106.752336025238 112.644066413244 118.131081263224 119.894593954086 128.527720769246 150.061428546906 159.46947534879 158.405810594559 156.851689020793 157.85871942838 138.861497243245 131.903400023778 136.773824691772 143.769284089406 139.165769020716 107.717305421829 68.2763109604518 68.6412801345189 20.6950642168522 7.77941942214966 2.50203084821502 0 0 0
235.990862051646 239.132344722748 240.781168142954 238.502065340678 238.470832506816 237.046480178833 241.463919480642 236.071387926737 200.433095296224 164.49515024821 149.595181147257 141.173541545868 137.438535690308 118.093947569529 108.23447505633 116.062353054682 118.698388338089 104.164292414983 107.919007539749 111.044863859812 109.838843345642 105.691442886988 105.857113997142 109.704742829005 108.623643716176 108.952383200328 117.458085219065 124.476273854574 129.881779352824 143.520722786585 157.092710336049 160.328547159831 158.203184604645 161.557485659917 142.116725444794 142.788837353388 143.366893132528 151.780337095261 151.673098405202 117.738922437032 48.0969548225403 22.259958088398 5.38326178987821 0 0 0 0 0
214.961647987366 223.830759525299 233.735501766205 229.903141657511 229.74028189977 235.245148340861 243.168195088704 244.795978069305 222.148180007935 179.423093795776 155.975560347239 135.823309421539 123.9399711291 113.375852505366 104.553957780202 110.097000996272 123.350441455841 113.166352113088 110.344002644221 113.525489966075 113.683044910431 108.682294686635 106.935818990072 109.0902586778 111.717313528061 110.880374908447 114.537845055262 125.884205102921 129.880289236704 136.428117752075 150.882025559743 162.133077780406 160.850952068965 151.806513468424 137.429535388947 152.162710825602 158.445755640666 160.173277060191 158.452302217484 133.228361606598 38.7598921855291 5.36312783757846 0 0 0 0 0 0
178.555111090342 189.828515052795 197.57870833079 203.281740347544 211.819092432658 226.408282915751 237.041393915812 243.266801039378 233.909904956818 195.721089839935 165.297398964564 139.824916919072 122.695595026016 119.146744410197 110.566000143687 103.877941767375 116.375724474589 117.225120464961 110.819637775421 110.353241364161 110.935350259145 107.31241106987 104.884495337804 106.225947539012 111.172666152318 115.484476089478 115.167150894801 122.510184844335 128.017644087474 130.623916784922 141.72421892484 157.685359319051 158.407102028529 138.685206572215 142.633517583211 166.875282923381 171.424607435862 165.018101533254 162.524670362473 158.48046541214 104.697773853938 19.3523603181044 1.23742059804499 0 0 0 0 0
141.377945741018 148.778597513835 147.448668877284 158.556540807088 175.561050573985 191.928823788961 206.279496351878 215.737859408061 214.33037519455 187.756439050039 156.71569108963 131.900161504745 118.942081928253 116.227984428406 112.909823656082 105.863988399506 110.788216193517 112.576613823573 105.684816837311 105.334043502808 108.752310276031 111.644943555196 111.267785231272 106.276383002599 106.620987256368 110.629270474116 116.829415162404 120.306551456451 126.954406499863 127.883901198705 130.843420823415 145.655612150828 149.489452441533 141.912519931793 167.685349782308 180.267790953318 176.265021165212 168.639938036601 169.607957204183 182.857533295949 180.669506390889 114.725152651469 34.4013298551242 6.76904867092768 0 0 0 0
130.140781402588 132.019052902857 131.861249605815 132.92470574379 142.821451028188 148.504147926966 152.513364950816 158.573885758718 156.489551067352 139.835675557454 123.397608598073 118.488053480784 117.418835560481 113.261461257935 111.690789461136 110.785722732544 109.838744004567 110.743999481201 105.565637350082 103.93089056015 108.47599307696 114.167829354604 115.696728229523 112.519174814224 108.496516942978 107.979545990626 118.389050165812 123.522649208705 127.241522073746 127.620955308278 128.955741723379 136.271774768829 142.789204915365 153.323044379552 178.750574588776 177.148381868998 166.069726149241 155.097136894862 158.172398805618 173.648734887441 188.433289527893 184.399167696635 125.945647557576 44.2707439263662 7.37872781852881 0.23528755021592 0 0
138.825545708338 136.689871549606 136.112054189046 135.159313678741 130.768885215124 129.165311654409 126.444419225057 127.788066864014 131.63290421168 123.175382614136 114.455838998159 116.236239671707 118.972331285477 118.129064639409 116.624136765798 113.301108280818 107.84512758255 116.753429174423 116.152962048848 111.359765132268 113.419006268183 114.329129457474 113.070031007131 116.571724414825 117.313096920649 111.764321724574 119.036674499512 123.42165907224 127.317746480306 129.031310478846 132.047871748606 135.816603899002 141.597112019857 161.017129818598 172.692517439524 164.511760075887 149.208724498749 138.050158818563 135.705202817917 148.948639631271 181.069095929464 186.848282814026 161.486814419428 94.4540202617645 27.5450746218363 5.36852764586608 0 0
