input/barkrak2/radiation/dir05524.grid
NCOLS 85 
NROWS 70 
XLLCORNER 665100 
YLLCORNER 4664600 
CELLSIZE 20 
NODATA_value -9999 
[rows 0 to 20 of 70, columns 0 to 47 of 85]
150.745262702306007 167.015890280406 184.705297152201 205.186128616333 216.25554561615 218.122899532318 215.178370475769 210.993548234304 209.961672623952 213.537037372589 213.529527187347 211.988389492035 208.494206269582 209.301153818766 211.415787537893 198.739290237427 185.301264127096 173.665245374044 170.758863290151 164.819667736689 164.989729722341 182.804226875305 209.885636965434 217.385470867157 220.40714820226 232.936998208364 231.311599413554 216.016550858816 202.940503756205 202.410717805227 197.861691315969 220.455427964528 266.128480434418 264.721353848775 263.439476490021 249.167084693909 253.3331712087 266.782859961192 264.021972815196 265.287419160207 253.65004936854 258.951147397359 266.744256019592 261.855562527974 250.716666380564 253.824889659882 258.992870648702 229.697823524475
127.973218758901 144.769161939621 160.821070273717 181.630849838257 197.363098462423 205.005963643392 208.609382311503 213.045318921407 220.082382361094 220.118621985118 217.351675033569 213.3815685908 209.700067838033 211.297313372294 211.251457532247 198.730945587158 190.913498401642 181.333978970846 177.140394846598 169.954498608907 178.737044334412 203.779458999634 226.360539595286 228.671570618947 232.403099536896 238.98051182429 233.603676160177 220.407903194427 207.86839723587 204.45575316747 205.252051353455 234.965761502584 267.38186677297 263.789196809133 260.961413383484 251.598318417867 257.142106691996 268.953919410706 262.992024421692 263.69313398997 257.918397585551 257.974823315938 254.269580046336 247.32494354248 243.216911951701 252.694427967072 248.605608940125 213.767945766449
90.7507340113322 100.307246049245 114.018619060516 128.059277931849 143.486420313517 155.256301164627 168.932855129242 188.624997933706 203.423937161764 206.295013427734 209.543963273366 213.342626889547 218.704402446747 221.54955069224 222.332874933879 224.063555399577 221.974949042002 210.764249165853 193.632125854492 185.512801011403 196.711818377177 214.035669962565 225.104133288066 228.826185067495 234.894851843516 234.644452730815 229.028503100077 220.216234525045 212.56297826767 213.584661483765 223.80522886912 250.726441542308 266.104261080424 264.795343081156 259.962201118469 256.394882996877 262.463867664337 266.907473405202 264.144500096639 259.802579879761 254.242062568665 243.848343690236 229.725956916809 225.159426530202 234.181046485901 248.916029930115 237.462977568309 203.806062539419
72.7052142222722 71.977232893308 79.4252455234528 85.6576959292094 92.9577747980754 102.245072523753 111.790309349696 130.022674798965 152.04922358195 171.907226244609 189.880092938741 207.676490147909 219.348311424255 223.537743091583 227.327962716421 234.065194924672 231.127242247264 219.968517621358 202.692826588949 194.925169150035 195.456107457479 196.758409341176 209.3559106191 218.919654687246 220.144550005595 221.528867880503 223.70304663976 221.397221088409 220.775206883748 224.998076756795 230.3147315979 256.313999493917 263.659179210663 263.139605522156 259.314517180125 260.306159655253 262.837588787079 263.565599918365 257.160166899363 246.326684951782 239.532907803853 227.002302805583 223.028341929118 236.708203951518 251.287519931793 246.147672335307 224.903225898743 199.86347357432
93.8982367515564 77.7627378702164 64.7522062063217 55.4126550753911 56.4109782377879 73.13571870327 98.2812345027924 110.112329324087 121.014793713888 129.672646522522 154.751459757487 181.291917959849 197.690228621165 206.24977350235 213.73716990153 218.684693177541 215.356886386871 206.950167814891 199.602464834849 195.52226861318 190.728465716044 188.477655251821 200.150191783905 209.281126658122 213.220536708832 219.735185305277 221.820255120595 222.495675086975 222.526987393697 222.024182478587 229.681710402171 258.517841498057 260.746796925863 259.780903657277 257.364312807719 256.332854429881 255.122462908427 252.983669439952 242.894927660624 233.222623666128 231.88575108846 229.958891868591 236.292878786723 247.885187466939 249.817788600922 225.350558757782 197.119375069936 189.144432544708
139.466573794683 110.179275274277 81.4673105875651 58.6972633997599 50.3748158613841 59.8076482613881 83.2222203413645 106.297612190247 111.660699049632 110.474328200022 120.71434656779 136.026322841644 146.098991235097 153.457343578339 164.257526397705 174.937585989634 179.967363675435 187.902351220449 195.854465166728 200.249234835307 200.84273815155 201.765159765879 200.018525123596 203.703622023265 209.478159745534 216.852446397146 219.934900601705 222.571651140849 223.607043425242 225.6098985672 241.941332817078 259.88910595576 254.859546820323 254.39727306366 252.607623736064 250.88894367218 249.529202779134 244.925638039907 233.565767606099 233.906884988149 233.43018690745 231.208860874176 233.898758888245 237.55939801534 228.044390678406 195.697089036306 168.089270591736 177.295863628387
165.047864119212 138.796071211497 116.157790025075 93.5437182585398 72.0462004343669 59.5373660326004 64.4315381844838 93.4903919696808 112.69411444664 121.273974577586 117.980271577835 112.457931041718 108.291447162628 103.647867838542 105.617751677831 122.505207856496 137.735625108083 161.373267571131 183.987617492676 198.397795359294 206.410527229309 210.539619127909 206.278363863627 202.474256356557 205.83172639211 209.2657883962 212.464769681295 218.31754843394 221.214334170024 228.806873162587 241.461257139842 249.088247617086 245.582322279612 240.684648354848 239.230831464132 237.326939900716 236.863970756531 231.611291567485 226.103603839874 221.059461434682 215.182801087697 214.152773221334 221.29366795222 229.11004225413 220.88623046875 210.402051607768 222.079078356425 232.140044371287
160.03410021464 164.79633251826 153.561542431513 134.670873483022 108.75274737676 76.8165290355682 56.7326943079631 53.4025480349859 85.04585425059 117.739091316859 127.571582794189 123.548765977224 114.371716976166 102.723747491837 88.3640050888062 92.2636091709137 106.117318073908 124.600231647491 151.270568370819 174.129327138265 188.929696877797 201.662619908651 208.283066749573 203.260699907939 201.577921708425 199.711461861928 201.272269090017 204.659918944041 209.841966629028 220.969478289286 231.821219126383 234.911700089773 226.812084515889 221.066057682037 216.373085975647 217.664400736491 224.102516969045 221.579730510712 215.061148007711 196.969548861186 194.66640551885 204.467316468557 222.895840803782 235.836784044902 234.152893225352 236.803849538167 244.757294654846 247.111678123474
126.534442106883 139.276365439097 144.694914420446 140.098969141642 133.06591908137 114.813874165217 81.9101581970851 52.8608759244283 65.309355656306 86.0142906506856 110.271940628688 124.500085910161 128.004908561707 124.841680129369 109.041512012482 98.9444653193156 95.6028302510579 101.139535506566 115.748465061188 134.68395670255 153.862496217092 172.402282555898 186.549127101898 185.346245765686 187.141497929891 185.247699419657 185.553034146627 188.466409842173 192.06448396047 202.231784661611 208.132823308309 210.170348485311 206.484158833822 205.20027478536 206.404070059458 208.542545636495 209.729631741842 212.520718574524 209.82692639033 202.280839284261 212.904314200083 226.759632428487 236.934026082357 238.210956255595 231.899162133535 227.447311083476 230.470915635427 241.07426404953
91.6160146395365 100.946247577667 113.251070181529 118.68346730868 116.945405801137 125.144084294637 106.365422407786 90.7340447107951 61.8465046087901 53.2687107721964 61.0445787509282 83.1000407536824 108.680903911591 122.934281826019 129.410763581594 121.267298857371 104.566057523092 98.1127321720123 98.1068313121796 100.538005431493 110.621402661006 121.589084466298 133.915295203527 145.446479320526 160.220384597778 163.7162566185 163.899898529053 166.221191485723 169.722696145376 176.636000474294 177.791476249695 178.937554359436 186.208923657735 190.173983573914 195.485631624858 199.619293212891 198.784708976746 204.011638959249 206.793983777364 216.48108959198 232.288559277852 240.193744500478 242.531816164652 239.795724550883 231.400847434998 227.748513221741 238.533238569895 248.018364111582
53.0801266431808 56.0643523931503 61.8771115938822 74.9770005544027 83.0900569756826 100.346346696218 104.394962390264 97.4811514218648 79.9919267495473 60.2520257234573 45.7837333281835 46.9636420408885 65.8004879951477 91.3112461566925 108.257502317429 105.984002351761 102.912912766139 96.0292915503184 91.0889903704325 85.2385361989339 86.6593420505524 91.2551283836365 95.9962010383606 110.634058713913 128.367125988007 138.351758321126 140.634646018346 142.493903636932 153.668165206909 159.266044696172 162.246644496918 166.714111963908 175.756931304932 179.99941110611 181.349535783132 184.165795644124 191.051363945007 196.802099545797 205.470442771912 222.60993719101 231.363375981649 238.126635551453 238.968253135681 235.976080099742 232.839683691661 235.3861729304 243.653039137522 245.798468589783
28.0097648501396 25.097427268823 26.8812427918116 26.7597089211146 29.8378641406695 49.9850064516068 59.535413980484 62.9867017269135 65.2346859375636 62.3230437437693 50.1096745332082 40.9275044997533 44.5892959833145 62.0043575763702 81.6609064737956 86.704949537913 97.8220303853353 99.1957088311513 91.1436478296916 84.9435130755107 77.7017374833425 78.8211425145467 82.3028783003489 91.3764437039693 102.655400832494 110.668996969859 117.473026116689 123.028655846914 130.361974239349 137.345423301061 143.200347820918 148.746967315674 153.669913609823 157.518913348516 160.071184237798 164.104600747426 175.835172335307 189.372499783834 197.269419829051 214.81062968572 222.14138507843 222.171584765116 218.438903490702 214.888532956441 218.450367450714 219.340185324351 226.852734883626 235.253810882568
20.8685249090195 14.4050469001134 9.19207247594992 4.11763538916906 0.989182464157542 2.11195865025123 18.5530421634515 34.1113681594531 55.0914704799652 63.6681417624156 61.9114935398102 54.359162847201 40.6550243496895 40.6455447276433 55.5611352125804 78.1889110803604 93.3672984441121 100.717643896739 99.23322002093 91.9698576132457 86.2248639265696 86.3783160845439 86.1149926980336 90.5895829200745 95.4175194104512 97.8731016318003 102.941145499547 112.816870212555 118.793229262034 121.868520975113 127.221922079722 131.57112399737 132.80592362086 135.807245969772 140.402734279633 146.577616532644 156.896491845449 170.934001604716 176.116565863291 189.217507839203 197.832067807515 199.581344922384 200.435022513072 201.800346374512 200.975994269053 203.318119049072 207.030375798543 215.39717912674
20.8976939320564 5.86442525188128 0.482332077808678 0 0 0 0 4.54007182270288 30.396247903506 43.8078840573629 67.6185588041941 70.0729688008626 64.1017506519953 53.0097236235937 51.913986603419 69.1489080588023 83.9228431383769 101.502945025762 107.697665691376 109.811971584956 99.0937650203705 98.4443128108978 96.8368748823802 95.6250230471293 97.9842940966288 100.985834995906 107.15584953626 116.144200166066 118.04790298144 112.306455771128 118.865082661311 124.837577342987 126.343389352163 126.485894123713 130.391885836919 138.773659865061 143.539239962896 150.851706663767 155.098229646683 158.877402544022 165.464401245117 174.265503883362 182.025492191315 190.427601337433 189.967850844065 197.157363096873 196.91014289856 192.761739095052
30.5374935269356 9.51492475966612 0.236489557816337 0 0 0 0 2.24163879950841 12.7760445078214 31.5004761020343 58.0300192038218 81.9330910841624 84.8011275132497 80.0893306732178 68.4285561243693 66.8668895959854 70.6802507241567 84.685226281484 102.475166320801 116.428713003794 114.128142595291 111.911237239838 108.743180831273 106.725990772247 105.258842309316 104.560593763987 107.222696145376 111.638685067495 115.954498449961 111.500988403956 114.124367634455 120.741109053294 119.553963343302 119.061291217804 124.593456586202 128.428717454275 129.324684540431 128.10014684995 134.47700937589 136.466403802236 142.715454101562 151.370813449224 156.387428442637 165.192941824595 169.856071472168 177.271465460459 187.733789285024 193.975408871969
26.8720090389252 12.3801119625568 0.561281223781407 0 0 0 0.672820800294479 3.92338323096434 12.9017295936743 24.9448170264562 49.0535149971644 80.371767282486 93.5186445713043 96.8844791253408 86.3830844561259 70.3258415063222 65.1152829329173 68.6415433883667 81.634908914566 107.066094875336 122.261673212051 120.440791050593 120.297968387604 117.454628149668 111.222714185715 112.389256556829 111.230651537577 108.735253413518 112.24298675855 115.619162718455 119.327962398529 119.569609562556 117.370545864105 115.010152260462 116.653293371201 116.556982199351 112.798800071081 109.238485495249 113.563517729441 116.744339466095 121.013204256694 126.386274894079 130.046188831329 133.969644705454 147.931625445684 155.968298514684 172.547419865926 184.266646703084
22.7568298578262 15.3916080792745 1.58883460486929 0 0 0 1.61912928645809 5.99913423260053 15.9605679412683 21.8040694793065 36.0141520698865 63.3708238601685 85.9894057114919 96.20467821757 98.3030597368876 94.3166514237722 87.8105262915293 79.9660583337148 74.0693310896556 83.1189453601837 105.383614699046 119.490245978038 126.820206642151 123.076697190603 118.562261263529 119.12610133489 118.01998813947 115.335792303085 114.325096209844 124.723017215729 121.060123046239 114.92645740509 116.512765487035 111.389597256978 107.284923394521 106.861770153046 100.964566071828 99.8127261797587 101.360619068146 104.854047298431 106.699466705322 110.063890616099 113.685031731923 115.917056798935 135.554552078247 146.197100480398 155.396322409312 163.135588169098
18.8065208494663 16.990518818299 7.86708605786165 0 0 0.67099501999716 4.8769082253178 14.4002077480157 22.5215504566828 28.2346904277802 34.0192864338557 48.9546259244283 70.5421219269435 82.4385633071264 103.127886851629 111.274351676305 110.491295655568 102.778613567352 88.991105556488 76.4131247997284 86.4446560541789 110.374172528585 119.406988223394 123.838682969411 128.022452195485 127.455790837606 129.776080449422 127.9416680336 125.052988529205 120.337923367818 114.394048849742 112.427979707718 102.388799190521 96.3848928610484 105.003486076991 102.720638116201 99.3901093800863 99.1353789965312 98.9394088586171 101.685583591461 103.632003068924 105.59818148613 106.300989786784 108.351836601893 121.509412924449 135.590930779775 144.460539023081 146.521170934041
20.1690023144086 23.4097490708033 21.2136805057526 0.708908773958683 0 5.78146738310655 9.49687138199806 21.1741377909978 31.972366074721 44.0126160780589 50.5943596363068 52.8190284967422 63.6621663967768 69.9823846419652 89.2180601755778 105.012436707815 111.521323521932 114.261190096537 110.952486594518 96.407155195872 81.9756338993708 94.1602786382039 104.816059271495 116.58576130867 128.876984119415 132.931490739187 130.750427643458 136.033455530802 126.952896515528 116.923103729884 113.191972176234 102.421154578527 95.0190822283427 91.6797916094462 86.7817401885986 89.454174041748 95.4201420148214 98.5138515631358 98.7245341142019 101.984182993571 104.157040516535 107.89833466212 106.765866279602 107.808699210485 109.985460837682 123.965303103129 130.523314078649 129.919985930125
21.3099221388499 22.3848695556323 24.6279388666153 17.0389811197917 4.99006764342387 11.8393711745739 12.5175441304843 15.6418854991595 31.3885385791461 44.0292060375214 52.0028422276179 49.5093166828156 52.0710200071335 55.676390727361 71.6906388600667 87.9262785116832 98.1531143188477 105.043749014537 109.877129395803 111.693163712819 105.478515227636 93.3143297831217 96.3038404782613 106.927355130514 119.813551505407 125.141660372416 128.915538390478 131.237884362539 130.487720171611 120.221843322118 107.076734304428 93.1390623251597 85.6891671816508 77.6065587997437 69.7628110647202 70.7655251026154 76.2048314015071 68.0446773767471 74.1559366385142 83.7481220563253 90.4286007086436 95.2989359696706 99.363108476003 100.630541642507 98.3535647392273 109.608173370361 110.807090997696 114.669491847356
26.2370059887568 18.690288066864 15.2747059861819 25.2762734889984 18.566453208526 13.9031944175561 12.7423976858457 15.1019220550855 27.5413145621618 35.4130988319715 41.6282812754313 43.8091059525808 43.0310219526291 46.3950435320536 55.082509915034 70.7801977793376 83.5014780362447 91.0171667734782 101.728498935699 115.163594484329 123.636027177175 111.858189105988 112.689852714539 114.83566959699 118.272562821706 116.28802617391 118.130743503571 124.611039956411 119.472076495488 106.141020854314 105.176498492559 84.113876024882 65.4482195774714 50.623948375384 39.4760221242905 37.01251745224 39.7688150405884 42.5305416186651 59.4771504402161 63.5406722625097 70.8444515864054 76.0914584000905 84.2140714327494 82.3965569337209 89.6532436211904 94.7210490703583 99.8216271400452 104.639708995819
