input/barkrak2/radiation/dir06424.grid
NCOLS 85 
NROWS 70 
XLLCORNER 665100 
YLLCORNER 4664600 
CELLSIZE 20 
NODATA_value -9999 
[rows 0 to 20 of 70, columns 0 to 46 of 85]
174.363434314728011 190.614442030589 207.971851030986 229.264199733734 239.794611930847 240.904231866201 235.797961552938 232.035577297211 231.854895750682 235.410352547963 235.045154889425 234.060406684875 231.71196381251 231.974244117737 233.635207017263 222.506523132324 209.803998470306 198.070804278056 195.440987745921 184.636076291402 183.457434177399 200.038592020671 227.184335390727 234.993577003479 237.803220748901 249.934474627177 248.431960741679 232.875446478526 218.46995751063 217.290858427684 212.896049022675 234.624485174815 280.317882696788 278.124233086904 276.000440120697 262.893676757812 266.450961430867 280.998746554057 277.942299842834 277.327497800191 266.665478547414 269.948204358419 279.442032178243 275.127033392588 265.600641568502 269.163330396016 274.282872676849
151.514659325282 169.836640357971 186.172048250834 205.418725808462 220.553040504456 227.268616358439 229.450702667236 232.600331306458 240.057031313578 241.718848546346 238.251725832621 235.15796661377 233.084956804911 233.971377213796 233.842492103577 222.660998503367 215.979059537252 206.563750902812 201.721350351969 191.72457853953 197.61856396993 220.853726069132 242.962817351023 245.805939038595 249.372998873393 255.631228288015 250.295996665955 236.879070599874 223.441084225973 219.278573989868 220.088938872019 249.079962571462 281.582355499268 278.934677441915 275.781313578288 265.413204828898 270.063042640686 282.289187113444 276.803116003672 277.090589205424 271.65949344635 270.654141902924 267.734090487162 262.413839499156 259.138405323029 267.752548058828 264.838039875031
112.251867850622 125.012417634328 138.663291931152 152.213205893834 166.1283771197 178.776542345683 192.484656969706 210.957447687785 225.237170855204 227.604826291402 228.939274946849 232.790966828664 240.733365217845 245.101888974508 244.94340022405 247.837940851847 247.625311215719 236.813008785248 218.983928362528 208.243131637573 218.240737915039 234.144886334737 244.496206442515 247.473279635111 251.766085624695 251.677771409353 245.677133401235 236.401696999868 228.017290433248 227.890153725942 237.281322479248 265.431423981984 281.267325083415 280.786474545797 275.458931922913 271.162768205007 276.784360408783 281.652351220449 279.038151105245 275.77155828476 269.244313240051 259.044448534648 245.40388584137 242.219626903534 251.807014147441 265.8864458402 253.619293371836
93.4167504310608 93.4766332308451 100.775321324666 108.348955710729 117.353498935699 124.320924282074 133.863310019175 152.123719453812 174.381832281748 194.641292095184 211.704432964325 229.312698046366 241.572419802348 246.050834655762 250.406304995219 258.340736230214 255.515734354655 243.685404459635 225.975791613261 218.358874320984 218.235552310944 217.791934808095 230.299413204193 239.081680774689 240.010023117065 241.165359814962 241.223375002543 237.846453984578 236.52172088623 239.681561787923 243.938247362773 269.950270652771 277.889132499695 277.655800183614 274.18730656306 275.353173414866 277.506391207377 278.094987074534 274.640361467997 264.412264029185 256.219943364461 243.029852708181 238.456030686696 252.370377381643 267.906248569489 263.653874397278 242.677867412567
115.477661291758 98.7723469734192 85.1863423983256 75.3304163614909 76.9319385290146 96.3277717431386 119.770407676697 132.286687692006 143.458267052968 152.179429928462 177.227278550466 203.727046648661 220.156153043111 228.660146395365 235.819657643636 240.43599764506 236.638903617859 228.944619496663 222.851395606995 218.868354956309 213.77702554067 211.411436398824 223.158915837606 231.386284033457 234.567920366923 241.412083307902 241.763850053151 239.957511425018 238.713920116425 237.537642319997 244.875152905782 272.810737291972 272.613525390625 273.759166399638 271.190047264099 270.500699679057 271.386722723643 269.764939943949 260.412613550822 251.256187756856 250.159760316213 247.211734453837 252.20133860906 262.197176615397 264.485239982605 243.701597054799 215.746303399404
161.984999974569 131.37815395991 102.811008691788 79.1520128647486 70.6375290950139 81.110214193662 107.20506310463 127.944469451904 133.287409941355 132.201572259267 143.437047799428 159.006913503011 170.192778110504 177.761514981588 188.444356123606 198.755661646525 202.859799067179 209.492862224579 217.28104352951 222.21702337265 223.919749259949 226.178288459778 226.383686065674 227.899273236593 232.825855414073 239.321827888489 241.422613461812 242.699305216471 242.193102836609 242.858787377675 257.14894135793 272.791385650635 269.867161909739 268.428802490234 266.537249088287 264.752825101217 264.09113407135 260.329008102417 251.336018244425 251.700480779012 251.90810362498 249.13497765859 250.887592633565 253.923753897349 242.668092250824 214.054544766744 187.416354815165
189.533174037933 161.896804968516 138.210376103719 115.18074075381 93.0809080600739 80.2088181177775 86.6573850313822 118.438084920247 134.642998377482 143.23698480924 139.90710179011 134.805649518967 130.467812220256 125.806053479513 127.927184104919 145.143528779348 160.298933585485 183.694938818614 206.062118212382 220.370570818583 228.71853907903 232.338905334473 229.817887147268 227.367838223775 231.058518091838 233.699321746826 237.54491408666 240.830143292745 242.081940174103 248.182157675425 261.596441268921 269.362568855286 262.521823247274 258.290787537893 256.642699241638 254.185736179352 253.599127133687 248.823463916779 243.771394093831 239.412069320679 233.762621879578 232.39529132843 239.360193411509 246.601124604543 236.828625202179 225.867251555125 238.143722216288
205.242812633514 190.955460071564 175.728758176168 156.873802344004 130.699058373769 98.0208416779836 76.8216053644816 74.026808142662 108.317345380783 140.060315529505 149.582435687383 146.002113819122 136.542956034342 125.275631745656 110.722521940867 114.252974589666 128.372887770335 147.134572267532 174.129843711853 197.055717309316 212.51114209493 224.305689334869 231.136937936147 226.535379886627 225.76238711675 224.167227745056 227.476894855499 229.819099108378 232.604225476583 242.61881907781 254.087567329407 257.950246334076 251.023550828298 245.381315549215 239.842534065247 238.18306128184 242.95171101888 238.863488038381 232.291320959727 215.671896934509 214.130441347758 223.870317141215 241.581877072652 253.379861513774 251.073161760966 251.826286315918 259.82666015625
173.652768135071 196.123878161112 190.042972564697 179.667135079702 163.413842519124 136.712898810705 103.210031986237 73.5097428162893 85.8198404312134 109.678208827972 133.550435304642 146.788736184438 150.119165579478 146.462867657344 131.247709194819 121.269921461741 118.535687526067 123.500297466914 139.512379964193 159.00731086731 177.253703276316 195.365389188131 209.821939468384 208.172917366028 210.045456886292 208.719293276469 209.213117758433 210.841059684753 216.8128490448 227.772096792857 234.435836474101 234.8379890124 231.546858946482 230.59469461441 231.070339679718 232.84645875295 232.747534910838 232.492864131927 227.216601371765 219.992756843567 231.104751427968 244.371175765991 253.652612368266 255.810101826986 249.01549021403 243.861734867096 247.436881065369
126.586904128393 145.862440268199 162.25325067838 169.766108194987 174.145440260569 167.562961578369 146.727273861567 124.076108137767 90.5969341595968 81.4061164855957 94.7721799214681 123.521228631337 147.726505994797 161.700854698817 161.789417266846 150.55587887764 134.061684211095 127.757132053375 125.542680422465 129.083414872487 140.327274799347 150.876154502233 163.595328728358 173.972328503927 184.649308522542 187.127629915873 187.622825304667 189.656058947245 192.966441313426 201.637983322144 203.764994939168 204.892774422963 211.843450864156 216.522653897603 221.279998620351 223.195830980937 222.024083137512 226.728558540344 226.137697696686 233.531991640727 249.901652336121 257.633447647095 259.735723336538 255.799849828084 247.518658638 243.86735757192 254.635751247406
71.3509172201157 75.6750504175822 97.0925192038218 110.863784948985 130.015313625336 144.774705171585 152.818997701009 155.066192150116 122.583031654358 94.742755095164 80.2017350991567 85.6893360614777 112.802336613337 142.650256554286 165.103018283844 153.944383064906 144.676387310028 135.285377502441 124.88180398941 118.822038173676 119.845608870188 121.973762909571 127.808640400569 143.338143825531 158.656706412633 168.498416741689 169.891814390818 170.84793249766 177.942335605621 183.509866396586 186.987360318502 190.67507982254 203.265170256297 206.878483295441 208.559652169546 210.164725780487 215.766688187917 221.654931704203 228.412429491679 244.801004727681 255.620320638021 258.687953154246 256.465077400208 253.590106964111 250.026325384776 251.782258351644 259.298920631409
40.1419674356778 41.69861972332 41.6560719410578 48.2030014197032 66.620742281278 83.8877956072489 97.8394548098246 119.20369664828 118.303219477336 105.766475200653 84.983507792155 67.6012833913167 69.1241025924683 88.4352326393127 116.525024175644 124.881982803345 138.105044762293 136.50581240654 127.705613772074 118.639389673869 112.54162589709 111.367384592692 112.54957318306 121.379355589549 133.538961410522 141.51006937027 145.267029603322 150.585412979126 158.294757207235 163.67573539416 168.972929318746 173.390924930573 179.278393586477 183.206121126811 186.696668465932 189.243078231812 203.093151251475 215.806941191355 223.020553588867 239.728013674418 247.611800829569 248.559792836507 244.893511136373 240.634739398956 239.122331142426 238.494177659353 243.889669577281
32.3588202397029 27.1167407433192 20.4430582622687 16.4885384341081 8.52110795676708 15.3758004307747 42.5922969977061 64.4473880529404 84.3319296836853 96.8882441520691 92.7500824133555 82.7163358529409 63.993513584137 62.1668001015981 77.2942950328191 103.109647830327 119.147916634878 125.596672296524 126.181105772654 122.300326824188 114.608039458593 116.211791833242 116.688032944997 118.27423175176 120.061059792837 123.485038677851 129.420876502991 140.096058448156 144.629617532094 146.917740503947 152.563681205114 157.983044783274 158.707479635874 160.794287919998 165.278812249502 171.250859896342 182.461619377136 196.799616018931 204.831461111704 216.352502504985 225.407958030701 227.104763189952 226.166208585103 226.452469825745 224.364837010702 225.314060846965 229.051470756531
32.8142220775286 14.332522948583 6.01851940155029 1.66583604489764 0 0 2.22729425877333 23.7197205424309 47.022541364034 67.9521411657333 83.0141951640447 94.5865909258525 86.9694153467814 75.1801083485285 74.0720828374227 92.3331379890442 107.14453458786 122.074812650681 131.549060344696 132.294803857803 124.175896247228 125.409185886383 128.132164478302 126.820435126623 128.596315781275 128.164708614349 132.456719875336 142.422040303548 144.09472544988 138.219038645426 143.876105546951 150.373329718908 151.453445355097 151.786744594574 156.906187534332 164.026925961177 169.748783111572 176.721890767415 182.281215985616 185.510615507762 192.047397295634 202.205538749695 210.297465324402 218.262076377869 214.867730935415 221.367518107096 222.055733203888
41.6205177704493 18.4946333368619 2.67902699609598 0.270386905564616 0 0 0.133959081722423 12.964278459549 25.8996610840162 49.9404321114222 81.9679250319799 97.6120829582214 113.564143578211 107.8782081604 94.4087405999501 89.8299713929494 95.5309768517812 110.020170609156 123.933811982473 137.353658676147 137.978583574295 135.026395320892 137.415061394374 132.326861222585 135.8682513237 137.502670288086 140.319367249807 143.829395373662 142.272214094798 136.549184719721 139.275521039963 145.317574342092 145.06866534551 145.331333080928 149.516373872757 154.16356921196 155.05321820577 153.559257586797 160.095820824305 161.526044209798 168.151577313741 176.780343055725 184.580941994985 190.108319123586 196.303407351176 202.147364616394 213.896373907725
37.2178107500076 21.8671783804893 2.90135480463505 2.71898000410905e-06 0 0 6.40357099473476 15.8102065324783 27.1686265865962 43.1298762559891 70.0416713953018 97.7741281191508 112.403889497121 124.467730522156 114.299555619558 93.0087367693583 87.6638690630595 90.1170074939728 106.257677078247 130.582640568415 142.328232526779 139.229794343313 143.606106440226 137.756844361623 134.477158387502 138.421644767125 147.738089164098 145.187169313431 143.441071112951 145.63849568367 144.495725631714 144.470900297165 142.307043075562 140.342772006989 142.093479633331 140.203615029653 137.675821781158 133.425335089366 137.976408004761 140.784949064255 145.569483439128 152.119288841883 154.781877994537 158.293902873993 173.347989718119 180.917183558146 200.789968172709
32.6510444283485 25.2869923909505 6.72564717630545 0 0 1.04965269565582 8.07687019308408 20.2739077309767 31.5231581528982 40.5641545852025 55.0127178430557 83.1123739480972 103.373676538467 118.734459082286 119.484494129817 118.505259354909 113.794386386871 103.171616792679 97.134401400884 105.406443277995 128.739923238754 140.780796607335 148.439665635427 145.022094249725 137.083897988001 140.018880367279 145.276208718618 144.360224405924 148.259560267131 160.04279255867 158.323923746745 146.432191133499 139.739622672399 134.223600228628 129.80392575264 129.619856675466 125.004718701045 123.396943012873 124.87918138504 129.195640484492 131.386617819468 133.944640556971 137.654225031535 140.811125437419 161.092807849248 172.095497449239 180.907328923543
28.3157428105672 27.8986146052678 17.3548683524132 1.75019575147118e-15 0 5.74850353101889 13.7125427524249 29.2213360468547 40.4838571945826 47.2974181175232 53.9498875538508 69.6577330430349 89.9585982163747 109.508256117503 122.493555148443 131.315052509308 135.511338710785 128.517677386602 111.241698265076 100.973238547643 109.309415022532 133.045206467311 142.211616039276 143.872638543447 146.776298681895 147.574086983999 145.782073338827 147.105276584625 148.751040299733 157.993525266647 148.451964060465 152.457972367605 143.230865399043 134.612192710241 127.722799777985 125.251511732737 121.853888034821 122.684419155121 122.962484757106 124.97952580452 127.172499895096 129.192213217417 129.957060019175 133.205264806747 146.976182858149 161.819239457448 171.530842781067
29.8597986499468 34.3950862685839 33.8414708773295 5.65711533029874 2.09578049058715 15.5825167894363 24.2506116628647 40.124570329984 52.6562680800756 65.6409511963526 73.0817417303721 76.9426574309667 80.9221118688583 93.1746959686279 108.929574489594 125.39001305898 135.060290495555 138.088444868724 135.640352964401 122.62225151062 105.852484703064 117.46476093928 125.324785709381 136.511027812958 147.289246320724 151.145348946253 152.955631415049 149.30788675944 148.939847946167 142.064998547236 136.208434899648 144.576023022334 131.464610497157 129.220008850098 132.398664951324 127.522101004918 125.269999106725 120.995362599691 120.803028345108 124.504387378693 129.188040892283 131.396402915319 131.206750869751 131.826162338257 134.065012137095 150.008777777354 155.647913614909
31.1596244573593 32.3486129442851 37.5849530100822 29.5336072643598 15.7268171509107 28.4095207850138 25.7817854483922 40.1775563756625 51.4374723037084 66.4757341146469 72.8013267119725 67.6627705494563 65.7631158828735 71.2717920541763 88.4515643119812 108.824590841929 122.056136528651 129.264334837596 135.793228944143 136.868745088577 129.722664753596 116.983632246653 116.908172766368 127.984712521235 136.583745479584 143.542110919952 144.985248645147 147.169480721156 142.249127229055 134.819557269414 133.142471313477 119.612207015355 112.120449542999 114.251186450322 105.621467034022 110.741307338079 125.328063964844 116.248309612274 113.746960957845 122.369269529978 127.909481525421 130.824953317642 134.069681167603 132.073412338893 128.763854503632 140.133361021678 142.071197430293
39.1509334246318 28.3053169647853 30.7056605815887 42.9635395606359 34.7822060187658 32.1434587240219 25.9107525149981 38.885956009229 48.4504799048106 58.4378788868586 57.9759975274404 58.1166048844655 56.5251807371775 62.6724859078725 70.9935675064723 86.0182344913483 98.9578763643901 110.131998856862 122.973054647446 139.643301566442 146.82537317276 137.613664070765 135.563949743907 136.624316374461 134.979536135991 132.551252841949 136.396755774816 136.829912662506 132.867217063904 133.059511582057 117.722312609355 100.228945414225 89.0123248100281 69.4597661495209 66.4805968602498 77.9653638601303 81.7085901896159 91.3208524386088 97.0098276933034 103.581408659617 109.993735949198 112.858484188716 117.270986239115 116.123497486115 121.590803066889 127.817551294963 132.156819105148
