input/barkrak2/radiation/dir07824.grid
NCOLS 85 
NROWS 70 
XLLCORNER 665100 
YLLCORNER 4664600 
CELLSIZE 20 
NODATA_value -9999 
[rows 0 to 19 of 70, columns 0 to 45 of 85]
211.823423703511992 227.217733860016 243.094166119893 262.036601702372 270.847916603088 270.877321561178 262.806634108226 256.981174151103 259.306887785594 260.04813114802 260.330080986023 261.80229584376 260.80334186554 261.498351891836 263.602435588837 255.180935064952 243.164857228597 232.370416323344 226.312319437663 216.395696004232 211.954812208811 225.723624229431 252.274135748545 259.420037269592 261.28743092219 270.88588476181 269.809623559316 256.428162256877 240.552067756653 238.209784030914 234.212478001912 253.815134366353 295.493344465892 294.324497381846 291.010280450185 278.430183728536 283.736646175385 298.268953959147 292.88645585378 294.252554575602 280.563453833262 280.912399291992 292.739272117615 293.54053735733 283.233523368835 285.531957944234
189.870297908783 207.709491252899 223.330616950989 242.556889851888 254.69430287679 259.455323219299 257.452348868052 258.207619190216 267.661889394124 265.49764474233 261.858721574148 261.775553226471 261.760413646698 262.823482354482 262.646834055583 254.47154045105 248.552640279134 240.084846814473 235.392431418101 222.939352194468 226.460635662079 245.528340339661 265.584071477254 267.819662888845 272.425711154938 277.028759320577 271.130601565043 259.440461794535 245.44483423233 240.008473396301 240.841666857402 267.278711001078 296.704351902008 294.762551784515 290.99041223526 279.97875213623 286.097009976705 296.766062577565 292.901575565338 295.304139455159 286.748131116231 282.40833679835 282.293577988942 282.974461714427 280.646840731303 285.79181432724
151.784082253774 165.297130743663 178.352554639181 191.770792007446 205.182472864787 216.401139895121 227.233827114105 242.494463920593 255.131125450134 254.790286223094 254.873931407928 258.759220441182 268.043835957845 272.00988928477 270.031929016113 274.469753106435 275.52060286204 266.680339972178 250.821570555369 240.078032016754 247.127930323283 258.787532647451 266.442636648814 268.773396809896 274.931649367015 272.571464379628 267.195641994476 258.687078952789 249.676624933879 247.472802797953 255.147258440653 282.189011573792 294.669568538666 295.540074507395 291.309932867686 284.450908501943 290.774881839752 293.125887711843 294.293185075124 293.252249558767 286.400477091471 276.322205861409 266.125917434692 266.220768292745 275.701940059662 284.296711285909
132.318546374639 133.952379226685 142.383386691411 149.815003077189 156.416356563568 162.658393383026 171.077370643616 188.415805498759 209.994296232859 228.333632151286 242.227474848429 258.577803770701 270.491659641266 274.882157643636 277.2429784139 282.615065574646 280.579566955566 270.582934220632 255.189498265584 248.664259910583 247.789780298869 246.864378452301 258.498311042786 263.332009315491 264.990091323853 266.392429669698 264.606753985087 260.608951250712 258.198062578837 259.409924348195 261.432786782583 287.391662597656 293.180267016093 293.773492177327 291.426022847493 292.793691158295 293.975790341695 293.091197808584 293.01385084788 284.444212913513 275.252759456635 264.185865720113 259.69394048055 273.013651371002 289.274533589681 282.638430595398
156.196087598801 137.914578119914 124.710728724798 115.576505661011 118.049323558807 136.183480421702 158.05188814799 169.787049293518 180.926521619161 189.316232999166 212.991277376811 238.060057163239 253.742277622223 261.722465356191 267.864286899567 270.745654900869 266.389985879262 256.645719210307 251.680612564087 249.087651570638 244.06894048055 242.189804712931 253.406266371409 258.258064587911 261.410494645437 267.498016357422 265.382349491119 262.868007024129 260.637581348419 258.847971757253 264.637112617493 292.078455289205 292.174220085144 292.975684007009 287.825743357341 289.502461751302 291.180809338888 290.628870328267 281.232893466949 274.843533833822 271.379272143046 268.354773521423 271.358112494151 280.429402987162 284.792065620422 269.00577545166
202.018241087596 172.264675299327 142.342070738475 118.006577094396 109.156221151352 120.992491642634 147.737771272659 166.107912858327 170.986513296763 170.432110627492 181.495149930318 196.77879412969 207.720716794332 215.152283509572 224.327365557353 233.476877212524 236.032068729401 239.373862743378 246.884683767954 252.450426419576 252.53564119339 255.074222882589 256.940265496572 257.1093638738 261.224230130513 266.980687777201 266.177495320638 265.603363513947 263.864318529765 263.471802075704 276.972711086273 292.947928110758 291.844805081685 290.998816490173 285.761257012685 283.696273962657 286.131759484609 283.11942021052 272.823532422384 275.135715802511 272.983034451803 270.405193169912 271.52427037557 274.289886156718 266.094326972961 241.213758786519
227.200508117676 200.333873430888 177.825689315796 155.08371591568 132.379869620005 119.32780345281 127.470393975576 158.162752787272 172.900875409444 181.691348552704 178.440988063812 172.997673352559 168.494820594788 164.093951384226 166.470716396968 182.935496171316 197.113474210103 218.770364920298 239.475766817729 252.85796324412 258.862197399139 261.367936929067 260.043998559316 257.368624210358 259.711603323619 262.209971745809 265.068471431732 265.671888987223 264.973898728689 269.174853960673 282.483537991842 290.152768294017 287.937919298808 284.769157568614 282.267351945241 275.50866206487 276.932716369629 271.324038505554 268.646279970805 265.72040716807 259.705464045207 258.04344813029 263.222575187683 268.703103065491 258.455296357473 247.619986534119
239.708324273427 227.436900138855 213.680644830068 195.818940798442 170.466701189677 137.586196263631 115.855604410172 115.728974342346 151.619613170624 179.324269294739 187.802036603292 183.762987454732 174.16646083196 163.239588340124 149.172256390254 152.894447247187 166.276087363561 184.597849845886 210.831920305888 232.705314954122 246.318201224009 255.623459815979 262.238164742788 258.734802405039 257.104535897573 256.403565406799 256.806035836538 258.791883786519 259.23232237498 268.53358745575 278.624733289083 282.425244649251 277.897457281748 273.363848527273 268.065134684245 265.768726666768 268.564065297445 263.784190018972 257.214188575745 243.341406186422 243.228256702423 253.332237402598 269.606173038483 278.38925520579 271.894931793213 269.718527793884
231.109340985616 231.411019961039 226.07950369517 216.414411862691 200.805862744649 175.481776396434 142.128705978394 112.232913573583 127.027650674184 150.977869828542 172.836800416311 184.082686901093 186.781843503316 183.704475561778 169.749120871226 160.994788010915 158.142914374669 162.563929955165 178.155541419983 197.441458702087 215.643326441447 231.737514336904 243.333220481873 240.684509277344 242.521365483602 242.106477419535 242.821892102559 244.580308596293 246.882557868958 256.752808888753 262.771745522817 262.986441453298 260.436594486237 259.7975730896 259.835561116536 261.134644349416 261.240482330322 258.726398150126 252.068241437276 246.072471141815 259.267568588257 272.495806217194 280.806223551432 282.02215830485 271.925032138824 266.007284323374
196.76548242569 207.877775033315 213.667710622152 213.672002156576 210.198680559794 204.71845070521 185.490389664968 163.952638705572 131.169617176056 121.138652165731 135.637253522873 163.061887025833 186.835567156474 199.264546235402 200.154324372609 189.974506696065 173.389236132304 167.541941006978 165.98375638326 169.676204522451 179.578304290771 189.002315203349 200.406014919281 209.740281105042 219.52619155248 222.362160682678 223.327835400899 224.761267503103 227.53244638443 234.818200270335 236.24312877655 237.25155989329 243.963619073232 247.62225151062 251.614928245544 252.772867679596 251.53124332428 255.225936571757 251.67989730835 257.416129112244 275.116225083669 283.650596936544 284.224232037862 282.453258832296 270.818829536438 265.500664710999
121.263494094213 151.071866353353 166.64586464564 179.859936237335 190.884828567505 199.744621912638 200.859427452087 193.823377291361 162.465890248617 134.801129500071 119.873652855555 128.131101528803 157.728254795074 186.134298642476 203.172922134399 192.095339298248 183.183431625366 174.818535645803 165.787220001221 159.907341003418 159.739871819814 160.680105288823 165.613909562429 180.7688275973 195.543607076009 204.377849896749 206.075429916382 206.733246644338 213.510354359945 219.151218732198 222.55285580953 226.379851500193 235.63156525294 239.882866541545 240.359246730804 241.396546363831 246.285915374756 251.513540744781 255.493799845378 268.70584487915 278.899470965068 282.091995080312 281.625072161357 278.907199700673 273.62734079361 273.85667959849
71.7862049738566 84.2162569363912 92.2267138957977 105.453987916311 137.410749991735 156.940251588821 177.341600259145 184.152245521545 184.782922267914 169.061700503031 140.275021394094 118.841230869293 121.824691692988 146.730154752731 176.547785600026 181.527674198151 188.319603602091 184.056798617045 172.743678092957 160.925010840098 153.428186972936 151.241511106491 151.48064494133 161.314378182093 171.517451604207 178.810954093933 182.376344998678 187.004387378693 194.711109002431 200.085739294688 205.35276333491 211.038867632548 216.844836870829 220.58093547821 221.648236115774 224.42352771759 235.861976941427 246.723254521688 252.799332141876 266.404469807943 273.072600364685 274.314145247142 271.475593249003 267.711102962494 265.504360198975 264.573534329732
62.9181663195292 54.8756668965022 48.0221609274546 48.9515463511149 60.2397272984187 78.7401348352432 102.936049302419 137.482116619746 180.586000283559 184.136013189952 173.633178075155 146.6170946757 116.570144891739 114.190071821213 138.754685719808 168.851474920909 186.713735262553 190.067748228709 184.29430325826 173.631548881531 163.86071840922 163.422564665476 162.527213493983 163.406401872635 164.633989334106 164.569993813833 169.117172559102 178.922772407532 182.825108369191 184.355616569519 190.100530783335 195.94943523407 197.326898574829 198.72635602951 202.565550804138 208.451549212138 221.169511477152 233.983139197032 237.842361132304 248.073101043701 255.02073764801 255.475223064423 254.618227481842 255.64569234848 253.010551134745 253.437797228495
59.4697793324788 39.0769292910894 24.1741041342417 14.468086262544 7.00882884363333 7.74288550019264 24.9593729774157 58.8408311208089 88.1067315737406 115.828384955724 146.723886330922 158.769816160202 149.602542320887 128.347267707189 121.959855159124 151.08331044515 172.017792860667 188.876211643219 200.305759906769 195.317387580872 182.150363922119 178.742647171021 174.96661345164 174.018998940786 174.538413683573 172.674914201101 175.39656162262 184.989074865977 185.295542081197 177.641153335571 183.255751927694 189.103285471598 190.575977166494 190.870583057404 194.878300031026 202.860673268636 209.356029828389 216.024438540141 219.78767712911 222.572406133016 228.658715883891 234.373927116394 241.721530755361 248.639901479085 244.95013554891 250.165740648905
71.2970495223999 38.859136402607 16.4196180800597 6.49840757250786 2.91565805673599 0.241967267356813 13.8219917813937 36.4120801289876 54.3127954006195 80.8847496906916 119.949092467626 142.820576826731 157.304187615712 154.113243023554 138.168464104335 136.394917964935 141.780167818069 157.62397646904 179.604987303416 196.383476257324 198.655923207601 193.371772766113 192.556500434875 188.010334968567 184.995055198669 183.809578418732 184.957126776377 187.611758708954 183.782120545705 177.934249242147 180.363972981771 185.820460319519 185.751060644786 185.498436292013 190.022428830465 193.64732503891 195.275922616323 194.401125113169 199.132164319356 200.210293134054 206.798911094666 215.52962064743 221.290608247121 226.808508237203 228.925049304962 233.288963635763
61.7319842179616 39.2840951681137 14.5534761250019 3.13733549167713 0.147069028268258 12.5717024008433 27.2469023863475 40.4701083898544 52.7096341053645 68.9259519179662 95.9140360355377 133.206228415171 154.174168904622 163.714756568273 154.087354739507 130.758812030156 127.369582653046 132.001499334971 151.001234849294 178.457458813985 194.476246833801 193.133989969889 197.705288728078 194.140831629435 188.71800104777 191.705048084259 194.702426592509 190.984229246775 186.511874198914 188.40088446935 187.774538993835 186.529119809469 183.270394802094 181.234220663706 182.22322066625 181.489408016205 178.308486938477 173.81497224172 177.615066369375 179.613629976908 184.654315312703 191.245377063751 194.077610969543 196.767826875051 210.441708564758 217.068632443746
51.2706935405731 43.0284986893336 21.9300463795662 0.299298611935228 1.60531094297767 12.3807651301225 30.9368818998337 45.0892746448517 58.8401208321253 65.4407193263372 81.50248726209 111.799319585164 137.935618559519 149.316449960073 157.35912322998 154.709021250407 151.172290245692 139.810224374135 132.539530595144 141.504267851512 164.87118601799 189.0549659729 196.440776189168 198.412696520487 193.728188673655 195.464889208476 201.388816038767 198.790550231934 197.874923547109 204.568088054657 201.00208123525 189.312895139058 181.930204232534 176.981707413991 171.74897591273 170.579155286153 164.837181568146 163.288146257401 164.407710234324 168.44634215037 170.486807823181 173.892855644226 177.449901898702 179.908573627472 199.482063452403 210.091869036357
46.3823775450389 45.9878146648407 34.2066362500191 3.42301776011785 4.53674793243408 21.5369189778964 38.1058529019356 55.9594084819158 69.0957059462865 74.2741574843725 82.4326525131861 96.9108541806539 123.310456673304 136.186858018239 154.609809319178 168.745716412862 170.42863368988 163.424809773763 147.062202294668 132.932504018148 142.343491315842 167.813976605733 175.401012102763 185.434520244598 193.504571914673 202.434142430623 212.292551994324 211.364130179087 211.48814757665 213.769356409709 207.944393157959 195.451219876607 185.781677563985 176.735460758209 169.618388017019 166.442900896072 163.286149501801 162.560512622197 162.885208924611 165.362417697906 168.010910352071 169.313450654348 169.728358586629 173.828959465027 186.503211657206 201.952735582987
51.8046071132024 58.0848753452301 56.9116771221161 22.3599423964818 15.46527693669 38.5307197769483 50.3015766541163 67.0865525801976 80.9820095698039 95.6780811150869 101.296494404475 104.972183704376 113.202085097631 122.036894162496 138.01238934199 159.17690594991 165.449678897858 170.45122385025 168.338934580485 153.962989648183 136.563380559285 146.964281797409 160.038312276204 170.940339565277 181.474804878235 190.802454948425 191.90647204717 197.992881139119 200.026015440623 212.496002515157 207.422415415446 200.412511825562 190.481702486674 179.121692975362 173.996249834696 168.599327405294 166.930218537649 162.818272908529 162.28723526001 165.922820568085 170.345981915792 171.769817670186 171.287775039673 174.005409081777 175.313750902812 191.262463728587
56.0158093770345 58.5046112537384 68.2682693004608 55.5720428625743 41.0598715146383 54.5742263396581 54.4065336386363 66.0764326651891 81.6526263952255 97.2617864608765 105.335553487142 101.075907548269 103.014032046 107.275774081548 121.876070896784 144.09734805425 153.700808684031 160.091380278269 166.990955670675 168.731550375621 162.574609120687 147.883464892705 149.222513039907 159.05769666036 170.573393503825 179.321865240733 177.967747052511 181.677142779032 179.065008958181 174.0829149882 183.138251304626 180.505573749542 189.421037832896 182.59863058726 177.178204059601 171.460688114166 166.852513949076 157.314091920853 154.968957106272 164.334485928218 171.605010827382 173.46982161204 176.579217116038 175.491094589233 172.371844450633 182.945410410563
