input/barkrak2/radiation/dir09724.grid
NCOLS 85 
NROWS 70 
XLLCORNER 665100 
YLLCORNER 4664600 
CELLSIZE 20 
NODATA_value -9999 
[rows 20 to 39 of 70, columns 0 to 45 of 85]
102.129717667898 89.6762311458588 97.607026497523 123.716284831365 119.014253218969 100.840826829274 94.709316889445 106.068948904673 116.769015789032 128.484229246775 141.817390918732 140.848765770594 137.706786394119 137.992570797602 147.64067530632 166.25060637792 178.198933601379 189.918716748556 207.452396551768 225.03270705541 226.411064465841 220.22557258606 219.370206197103 223.35817416509 225.082278251648 225.767215092977 221.691389878591 221.510330835978 228.268663088481 232.6899766922 225.586394468943 230.36785920461 213.501850763957 203.189849853516 198.343237241109 204.427361488342 203.858494758606 205.857574939728 210.456808408101 214.682996273041 216.23953183492 216.823776563009 219.506025314331 212.535281976064 218.559801578522 222.927312056224
133.605380853017 122.683465480804 120.680898427963 149.383306503296 146.407256523768 104.459305604299 104.219923416773 115.221758683523 124.227166175842 130.688935518265 134.39550002416 130.966871976852 130.781143903732 129.902710517248 140.426894028982 155.552625656128 169.959843158722 183.313846588135 196.702559789022 210.610747337341 218.316117922465 230.985720952352 232.565422852834 233.707288901011 225.557029247284 212.889552116394 201.916178067525 200.186947981517 200.99542538325 200.723608334859 189.55914179484 155.838310718536 141.671280066172 144.338895877202 148.927420377731 170.641938845317 179.873565832774 197.175939877828 209.871331850688 211.192647616069 208.146135012309 207.113663355509 200.369636217753 180.593331654867 205.936213334401 217.568278312683
180.81933259964 179.549773534139 165.417303641637 170.018176237742 168.897708257039 128.430952628454 127.687593301137 123.835802078247 121.490657329559 125.051865975062 129.983375469844 134.798387686412 138.872732718786 141.042600075404 142.534067233404 151.070465644201 164.059499899546 178.307473659515 187.453309694926 190.253337224325 196.330845355988 211.635410785675 222.152829170227 223.284780979156 223.307311534882 214.294155438741 199.43106174469 192.321360111237 184.644758701324 184.519588947296 150.32352010409 112.251132726669 77.3846805095673 65.6357904275258 79.5165598392487 102.736214796702 142.329374949137 169.766445954641 191.224098205566 195.908864339193 200.574735800425 201.998353004456 173.245469729106 147.764941056569 181.475520133972 214.868724346161
215.328852335612 208.971500396729 183.390478293101 176.460325717926 174.87363020579 165.756523609161 150.551637013753 129.67054049174 115.476737419764 119.228770335515 132.037659486135 137.629250685374 146.264771620433 157.002081473668 155.420939127604 157.229711612066 165.09027282397 176.950375239054 184.22003587087 176.652212937673 174.302717049917 179.292400677999 192.721744378408 201.439519723256 205.543617407481 202.604333559672 186.231176058451 180.730938911438 163.902541001638 127.972503503164 99.6949175993602 78.0602842569351 45.2818820873896 11.5779563784599 10.0531398008267 28.2395035028458 72.4458297093709 102.893263101578 122.420916954676 140.628278255463 146.164238452911 134.948412577311 133.55631629626 161.944210529327 172.16956615448 203.337848186493
210.782090822856 208.962122599284 197.222888469696 179.885605971018 165.905733903249 165.268401304881 152.329574028651 141.053895155589 128.431340058645 124.458054701487 130.444924036662 139.264603455861 145.601322253545 156.380871931712 156.494756539663 155.581931273142 165.069838364919 175.470391909281 182.932356993357 174.911061922709 174.299399058024 170.771559079488 180.658797423045 185.191551844279 185.376207033793 185.592889785767 176.223337650299 167.472243309021 145.618279774984 98.2509950796763 81.0380627711614 80.7505697011948 55.9174219767253 11.8482125302156 6.03352238734563 23.2222353418668 44.9239512284597 62.9280855258306 78.7003040313721 91.2288228670756 86.3064030806224 82.8038305044174 106.388608614604 189.588725566864 191.467106342316 206.294020016988
198.306063810984 203.652302424113 204.75701491038 183.942973613739 166.444917519887 165.343701839447 164.187639951706 169.57414150238 165.970911582311 152.918308973312 147.409647703171 156.465262174606 159.556567668915 168.134649594625 168.456693490346 162.133087714513 163.949251174927 176.425178845723 182.916859785716 186.479349931081 189.215640227 185.066262880961 179.223736127218 175.57018995285 176.694055398305 175.175984700521 168.542385101318 151.835262775421 130.610346794128 115.458180507024 111.486862103144 123.243023951848 118.52040886879 58.4724346796672 30.4210111498833 41.8779899676641 46.7835615078608 55.7639847199122 68.2869454224904 68.4953381617864 60.1047476132711 65.1146521170934 113.699932893117 191.453476746877 209.541400273641 214.820782343547
198.224027951558 203.155954678853 205.800374348958 190.039296944936 182.924230893453 184.537649154663 189.903358618418 194.66374317805 200.961252053579 195.708791414897 173.247595628103 179.978410402934 178.733785947164 187.178333600362 186.200439929962 173.940440018972 170.317451159159 182.486991087596 188.125232855479 201.606392860413 204.542100429535 201.404472192129 187.039136886597 179.629663626353 176.851729551951 176.77229642868 167.603294054667 157.901783784231 147.420346736908 150.074621041616 165.554076433182 191.366096337636 199.800590674082 189.598719278971 124.588221311569 65.2720332145691 61.3945076862971 63.9820396900177 70.2790021896362 66.9694592555364 80.3785572449366 118.897616863251 153.482645750046 187.624414761861 210.338453451792 212.489426136017
201.033234596252 198.59254360199 200.498779614766 193.00917784373 213.099678357442 208.877444267273 211.031357447306 208.208839098612 211.726069450378 213.28725417455 190.931578477224 184.941411018372 188.106815020243 189.540942509969 191.076417764028 184.791843096415 176.788508892059 185.679316520691 197.206636269887 203.76314719518 202.822903792063 192.692577838898 188.70069583257 186.33759021759 185.067196687063 184.546013673147 179.769337177277 177.167216936747 176.91433429718 190.296212832133 207.145651181539 220.117151737213 226.807614167531 239.22868569692 220.484137535095 124.659409125646 81.0458560784658 71.783701578776 65.5802339315414 64.1476015249888 113.811075687408 190.087536970774 179.831524689992 174.344917138418 185.898065567017 187.690416971842
201.898296674093 190.074463685354 192.580680052439 198.732395966848 234.525402386983 219.992836316427 208.689033985138 201.049208641052 199.686030546824 197.879234949748 184.893270333608 179.22164996465 184.978842735291 186.663885911306 190.692742665609 192.146102587382 187.597910563151 184.681614240011 195.520420869191 197.2962419192 194.059749444326 185.90247631073 186.820169289907 192.264238993327 192.718962828318 187.471310297648 187.22919623057 183.176736036936 185.852905114492 203.043103218079 224.038660526276 237.985014915466 242.818057537079 243.467470010122 248.46480290095 198.755065600077 94.5323407649994 59.1044773658117 48.1036851803462 56.5730035305023 127.774854501088 181.712627410889 167.364418506622 138.115137815475 137.756506601969 138.757308324178
193.156739075979 182.084282239278 186.641852060954 208.296815554301 233.962893486023 217.71369377772 194.096724192301 177.101095517476 160.623053709666 159.845322370529 157.789836327235 164.336125055949 175.258258978526 185.786624749502 191.278358300527 197.411139806112 195.233841737111 181.075314680735 185.344735781352 185.894787311554 186.118960380554 186.588227748871 188.247799873352 192.300498485565 196.573495864868 190.320332845052 195.084830125173 189.165870348612 190.163513024648 210.133592287699 233.832637468974 249.535739421844 247.72189060847 245.777527491252 256.680289904277 253.949244817098 186.6361896197 95.6109563509623 70.1247354348501 77.9651949803035 110.993425051371 131.283422311147 143.034358819326 110.541035731633 101.804673671722 109.298606713613
192.467252413432 198.217848936717 227.695206801097 272.434711456299 261.883934338888 224.46350256602 187.939643859863 155.339767535528 139.746844768524 150.132894515991 143.265932798386 135.809659957886 166.947384675344 186.148265997569 196.736057599386 204.562306404114 202.5186419487 189.885318279266 188.739796479543 191.464900970459 188.171128431956 192.924420038859 195.313195387522 196.919361750285 200.007041295369 204.043130079905 202.574491500854 200.466712315877 198.942561944326 219.032843907674 242.528736591339 254.254937171936 250.141004721324 255.52103916804 265.409131844838 269.506255785624 262.680888175964 228.855232397715 147.30633298556 103.645851214727 93.0604040622711 96.135159333547 115.940451622009 105.084776878357 97.9639093081156 118.493944406509
210.815966129303 246.149261792501 285.999993483226 304.531574249268 309.71892674764 268.120924631755 218.853712081909 176.983217398326 166.389356056849 177.167197068532 164.541145165761 149.040679136912 162.657101949056 182.286322116852 201.578358809153 208.151439825694 204.766690731049 200.107336044312 192.405998706818 191.700319449107 193.270941575368 197.530289491018 200.264175732931 199.756900469462 204.065581162771 213.157892227173 214.214245478312 218.676308790843 218.458751837413 230.103115240733 246.007800102234 255.495091279348 258.370995521545 265.51886399587 272.293349107107 266.236444314321 264.882028102875 275.500992933909 228.472967942556 147.870759169261 102.396865685781 98.929484685262 103.977104028066 107.737044493357 126.129120588303 150.932331879934
264.886339505513 293.197830518087 304.51238155365 301.831126213074 315.286258856456 311.44122282664 283.021489779154 244.999130566915 219.319621721903 210.645655790965 204.40669854482 181.355158487956 163.906941811244 181.870261828105 205.532352129618 210.059285163879 205.85423707962 208.466251691182 197.732408841451 195.703903834025 200.669209162394 201.721886793772 202.356139818827 200.947999954224 204.651713371277 219.155589739482 225.201586882273 229.787468910217 231.487075487773 233.495096365611 248.345732688904 259.080171585083 258.359650770823 257.104138533274 259.530981381734 249.579608440399 251.226226488749 252.435406049093 222.082416216532 170.852502187093 134.498039881388 120.748778184255 110.471765200297 111.73270146052 124.223758776983 148.168057203293
291.83566570282 303.056597709656 299.621482690175 291.925489902496 298.445026079814 310.93974908193 308.064341545105 282.328486442566 252.480824788411 237.419207890828 233.136534690857 215.761144955953 192.602038383484 190.999666849772 203.510701656342 206.548492113749 202.684422334035 205.365041891734 196.542044480642 198.505401611328 199.030915896098 200.849135716756 199.748317400614 199.228346347809 206.42477273941 216.14670753479 227.979759375254 229.13924853007 231.847564379374 238.808115323385 251.185456911723 252.621869246165 240.500410397848 231.938064098358 235.303243001302 216.047565142314 215.007742245992 204.351862271627 173.52428038915 151.543031136195 164.461503426234 153.718918561935 132.395684719086 113.028973340988 110.419462124507 131.337682406108
300.010720888774 302.283664544423 304.975390434265 296.584328015645 294.026851654053 301.736076672872 312.689264615377 304.837385813395 271.31058772405 243.466854095459 238.059381643931 234.547158082326 225.926101207733 211.269478003184 206.21790488561 206.775705019633 201.744874318441 198.991318543752 200.25889078776 203.813314437866 199.86625512441 198.379953702291 199.431777000427 201.148490111033 204.577247301737 212.123910586039 223.305185635885 220.970451831818 224.372824033101 239.474236965179 247.014383474986 239.79922135671 227.23134358724 224.923253059387 217.742621898651 200.14633735021 203.535993893941 201.490958531698 189.797838528951 177.290002504985 185.578644275665 193.217555681864 167.835712432861 142.301986614863 124.424626429876 116.301079591115
309.054493904114 309.200286865234 312.796950340271 309.568206469218 302.429934342702 302.332441012065 310.462792714437 311.486124992371 279.735604921977 250.235915184021 241.047104199727 240.748564402262 240.416447321574 222.662707169851 210.216601689657 214.002867539724 207.63889948527 199.525197347005 205.100158850352 204.937736193339 203.756054242452 199.527462323507 202.998836835225 207.247535387675 205.371816953023 210.301578044891 213.470796744029 213.175733884176 219.213962554932 235.592007637024 242.040971914927 235.058943430583 229.59570089976 230.745017528534 213.161945343018 206.353803475698 212.178349494934 217.455168565114 219.828883806864 208.97909005483 173.957784970601 172.165711720785 154.954721530279 140.524685382843 125.691334406535 104.865372180939
305.683036645253 307.055354118347 310.215592384338 308.628678321838 302.055319150289 298.008402188619 305.288116137187 312.007228533427 286.680221557617 254.293819268545 240.081250667572 235.086917877197 236.383418242137 220.804909865061 209.29350455602 216.344396273295 218.756457169851 204.875846703847 208.267907301585 211.444179217021 211.275319258372 203.79517475764 207.180877526601 210.212826728821 206.128696600596 205.691675345103 211.48939927419 218.300382296244 222.677270571391 234.423895676931 241.47617816925 237.993359565735 231.41872882843 231.513241926829 213.581641515096 216.372966766357 219.835460186005 225.407322247823 226.597130298615 209.87077554067 147.901713848114 115.346411863963 104.373057683309 94.397375981013 96.1120327313741 92.4008587996165
295.940935611725 301.249285538991 306.866367657979 305.409590403239 301.126837730408 301.415503025055 306.509912014008 311.536510785421 300.772766272227 264.994502067566 244.09814675649 234.973470369975 222.094853719076 214.431722958883 203.790267308553 210.063179334005 220.27599811554 213.275710741679 207.343538602193 212.180813153585 214.052935441335 207.07905292511 201.607763767242 205.336848894755 207.791288693746 205.042978127797 209.41436290741 218.197822570801 224.044899145762 228.425025939941 238.396922747294 240.794459978739 235.117316246033 220.606784025828 207.126557826996 224.856754144033 232.941369215647 234.279274940491 227.875590324402 217.311501502991 141.148249308268 82.7046732107798 63.4671847025553 56.0588290294011 59.4415764013926 66.1076754331589
271.398862202962 280.513862768809 286.917368570964 288.677314917247 292.659084002177 300.796190897624 307.047585646311 310.283303260803 305.211802323659 280.484159787496 255.599677562714 235.561490058899 220.277388890584 219.290753205617 206.561048825582 203.298171361287 211.99369430542 214.765965938568 204.723656177521 205.746571222941 208.010812600454 204.16913429896 198.13464085261 201.07360680898 204.173425833384 208.009441693624 208.792010943095 213.94024292628 218.490878740946 220.866978168488 229.867736498515 240.386525789897 230.855981508891 206.815123558044 212.772746880849 240.305066108704 245.353817939758 238.747874895732 229.093432426453 228.457589944204 197.684327761332 113.416840632757 63.9252116282781 52.1897772947947 52.4246195952098 52.2505740324656
239.670932292938 246.156930923462 244.961321353912 253.572642803192 268.360773722331 282.316525777181 291.64199034373 295.95947265625 297.042469183604 273.92985423406 251.292844613393 229.69130674998 215.992331504822 212.996780872345 209.724227587382 202.399293581645 206.869939963023 208.813647429148 200.266679128011 199.431161085765 204.366147518158 206.876953442891 204.601407051086 201.192518075307 199.704110622406 203.354358673096 208.939631779989 213.390231132507 217.734555403392 216.944058736165 220.57181596756 229.562143484751 222.148497899373 209.379533926646 237.611035505931 254.62265809377 249.39626455307 241.721391677856 236.28298441569 242.956837018331 257.811586062113 228.185693422953 144.696633021037 94.5831934611003 70.6486403942108 51.3733178377151
