input/barkrak2/radiation/dir06624.grid
NCOLS 85 
NROWS 70 
XLLCORNER 665100 
YLLCORNER 4664600 
CELLSIZE 20 
NODATA_value -9999 
[rows 42 to 62 of 70, columns 0 to 46 of 85]
158.338407675425 154.654959837596 157.443304856618 156.051178773244 148.461947838465 144.930124282837 140.769670406977 136.947949727376 135.882397492727 133.447378873825 131.60628080368 129.461507002513 132.697929938634 137.314508358637 137.261897325516 133.060256640116 128.838658332825 135.585198799769 137.30525970459 129.00240222613 127.633462349574 125.894526640574 123.611629009247 125.171184539795 129.771769046783 125.862101713816 124.005178610484 130.703548590342 136.18145386378 140.764097372691 141.999403635661 142.267177502314 153.334458669027 176.142315069834 180.610219637553 161.524852116903 146.499395370483 144.000182549159 147.015233834585 158.106535673141 166.201253732046 167.828917503357 153.179387251536 119.050006071726 52.5160133838654 7.81845425566037 0
141.779164473216 144.550085067749 152.671674887339 150.369902451833 152.47572461764 154.904176791509 153.558681408564 147.386928399404 136.226842800776 133.976032336553 137.550244728724 131.825625896454 131.178756554921 136.16410891215 136.0189417998 132.128834724426 133.972883224487 135.579168796539 137.132306893667 130.561063687007 124.258627494176 123.253961404165 120.38375933965 120.645980040232 123.478025197983 127.470890680949 123.355448246002 126.154879728953 131.855775912603 135.656456152598 133.094092210134 132.004916667938 143.898357947667 161.614120006561 165.308137734731 149.334987004598 143.94344886144 151.095608870188 157.546808322271 158.136576414108 152.794063091278 149.94615316391 143.012076616287 114.828666051229 65.3977145751317 10.3941094130278 0
140.273650487264 145.150343577067 148.772607247035 149.327059586843 151.271323362986 153.120279312134 153.47891052564 148.627599080404 143.434633811315 137.260884046555 139.310538768768 135.177324215571 131.685435771942 129.61083650589 128.708302974701 129.394670327504 124.509274959564 131.339142719905 132.664163907369 129.200885693232 125.892778237661 123.947481314341 122.549782196681 123.856296141942 120.716045300166 131.683309872945 134.723921616872 133.422166109085 133.184413115184 132.034242153168 128.618399302165 125.818997621536 132.64536857605 138.005395730337 142.474075158437 142.326861619949 147.359877824783 158.164948225021 165.822525819143 153.901686271032 152.056187391281 145.051856835683 139.346977074941 118.369042873383 81.5180639425914 35.8116502563159 0
146.247277657191 151.445200045904 147.996962070465 152.115444342295 149.860352277756 150.01787741979 150.888870159785 149.485190709432 149.472028017044 144.395053386688 142.069151004155 141.314049561818 135.239362716675 129.64274485906 129.132976134618 132.288455963135 124.637792507807 127.357870340347 134.156147638957 131.921331087748 128.51349512736 127.733359734217 125.753899415334 126.03967388471 128.402451674143 127.875566482544 135.022848844528 133.557220300039 133.192360401154 133.573025465012 129.045416911443 125.124643246333 129.571388165156 127.029925584793 125.627140204112 126.395175854365 135.629653930664 150.849471489588 152.320762475332 137.910634279251 141.449977954229 134.881814320882 132.13105003039 129.361669222514 110.667516787847 70.7549353440603 26.7036110162735
146.475931008657 147.722909847895 151.148617267609 153.830607732137 153.011133273443 152.668446302414 153.86168162028 154.9398402373 151.241570711136 148.247718811035 146.928052107493 144.860108693441 139.855672915777 136.94100578626 135.173430045446 138.254940509796 135.79660654068 128.854771455129 135.136842727661 133.54629278183 130.05260626475 130.48400481542 128.702531258265 124.411880970001 134.307891130447 127.589702606201 128.889242808024 131.452411413193 131.491521994273 131.475081046422 131.481289863586 128.998746474584 127.896368503571 127.303689718246 127.543985843658 126.644512017568 130.233824253082 139.632751544317 141.615360975266 138.274242480596 138.575206200282 131.051599979401 135.93797882398 143.887062867483 135.533630847931 100.571552912394 55.5168092250824
140.804717938105 142.728507518768 149.265954891841 150.882055362066 154.160579045614 155.593792597453 153.373767932256 152.704854806264 152.757982412974 153.665860493978 149.153053760529 145.610600709915 142.994026343028 141.813705364863 137.908458709717 137.748499711355 135.780940453211 126.364082098007 131.539930899938 133.168190717697 130.772630373637 130.744397640228 132.9738398393 124.665796756744 128.322243690491 128.251453240712 123.214989900589 127.559095621109 130.689223607381 130.423178275426 131.742139657338 131.95131222407 127.533237139384 131.51420156161 142.990748087565 145.322352647781 140.595386425654 135.889500379562 139.828821023305 151.19809905688 142.947773138682 133.313635985057 141.124109427134 147.371510664622 140.662590662638 119.308253129323 77.4566978216171
133.44219326973 136.294523874919 142.045756181081 146.525353193283 152.767757574717 156.947553157806 153.033465147018 151.037613550822 153.727769851685 154.787828524907 153.21405728658 147.776573896408 146.02655172348 145.833988984426 141.893496116002 135.838270187378 135.790526866913 128.216197093328 132.191767295202 136.573712031047 135.138332843781 133.953700462977 135.275810956955 130.527844031652 127.921293179194 131.742537021637 127.687782049179 131.260136763255 137.792378664017 141.59498612086 146.665841341019 148.419827222824 138.567417860031 142.024884621302 152.556210756302 158.413946628571 156.647980213165 146.376500527064 143.704414367676 150.301277637482 140.058944622676 131.606330474218 128.967513640722 128.114650646845 126.062721014023 125.003765026728 114.15684223175
132.141162951787 129.520157972972 134.223808844884 143.557677666346 149.101128180822 153.240154186885 155.70737918218 158.247500658035 158.114910125732 153.509507576625 154.944022496541 154.981722434362 149.951030810674 146.126617987951 144.698490699132 139.374365409215 136.689106623332 131.85852766037 135.057310263316 141.958475112915 143.214046955109 142.316162586212 138.605097929637 138.733923435211 133.945912122726 138.138214747111 138.89945546786 139.352083206177 146.328906218211 154.450515906016 163.007150093714 167.223195234934 156.840066115061 151.968896389008 151.5039006869 160.832226276398 163.944929838181 159.482717514038 150.276611248652 137.968808412552 128.629724184672 130.516807238261 128.817637761434 123.030076424281 118.963986635208 123.794943094254 118.265142043432
133.640865484873 136.029640833537 139.38120007515 146.146963040034 147.555291652679 147.862325112025 156.658361355464 161.228795846303 161.219338575999 159.573872884115 159.441580375036 158.565233151118 153.600484132767 148.00626039505 147.106140851974 151.286522547404 142.306407292684 139.472822348277 140.631943941116 146.756301323573 147.665639718374 144.758721192678 141.106386979421 140.076100826263 134.87974802653 141.67375365893 145.761251449585 146.916101376216 150.208344062169 159.066120783488 168.600777784983 176.78827047348 168.854753176371 155.826250712077 144.03905471166 146.840075651805 158.624072869619 166.094124317169 153.597960869471 131.32776816686 123.00048271815 132.878333330154 136.521309614182 131.112903356552 125.009387731552 121.416717767715 103.707899649938
133.807559808095 144.856562217077 147.466401259104 149.550358454386 148.310879866282 146.762907505035 154.919991890589 160.396834214528 159.335345029831 164.539764324824 161.453485488892 159.914841254552 157.550632953644 151.393592357635 150.822699069977 157.580425341924 149.767369031906 143.978337446849 141.353925069173 144.615173339844 145.262529452642 143.575876951218 142.071594794591 138.147354125977 135.672986507416 136.159072319667 141.221572955449 142.438938220342 143.017133076986 150.621463855108 161.777446667353 175.325751304626 170.894662539164 146.123429139455 111.991008122762 103.454262018204 125.697761774063 149.807075659434 160.271277030309 158.238550027212 152.140269676844 141.117731730143 125.197907288869 122.672855854034 132.13058312734 122.864743073781 99.0582307179769
137.396633625031 135.123431682587 135.1052125295 138.316661119461 146.100093921026 150.635590155919 151.146541039149 157.408793767293 156.438489754995 161.509146293004 161.541958649953 162.79673576355 161.686549584071 156.487643718719 152.362058560053 151.240219672521 152.596890926361 143.109619617462 138.919939597448 137.646059195201 137.199262777964 138.989716768265 139.996021986008 133.905380964279 133.886873722076 130.979180335999 132.813553015391 132.341911395391 132.629036903381 133.013168970744 139.553834994634 154.437830050786 152.996222178141 124.392261107763 87.5138143698374 67.7278737227122 74.8616456985474 105.004012584686 142.301261425018 158.047258853912 161.538124084473 143.675665060679 118.737528721492 114.741047223409 125.871866941452 112.875312566757 94.6430563926697
142.394244670868 130.766203006109 127.963284651438 133.469531933467 145.868986845016 155.383328596751 154.690285523733 155.826936165492 158.738772074382 158.171315987905 160.364409287771 162.585258483887 165.035406748454 162.307262420654 155.774960915248 152.945250272751 155.064235130946 145.768294731776 140.650381644567 141.768246889114 141.319652398427 138.42902580897 136.68284813563 132.725536823273 130.828976631165 131.033778190613 129.192888736725 129.887491464615 126.947383085887 121.420959631602 114.099711179733 122.312357028325 123.818000157674 104.231417179108 88.0647699038188 68.9364373683929 44.2471106847127 55.8020770549774 79.3925126393636 117.03501145045 141.824930906296 131.407539049784 118.560194969177 112.703462441762 106.120884418488 99.148025115331 92.0579731464386
143.593182166417 136.652866999308 133.279671271642 137.965152661006 148.988535006841 157.35266606013 160.024702548981 156.437536080678 160.619656244914 158.050427834193 162.355045477549 163.670122623444 165.788431962331 166.724642117818 159.761746724447 159.005721410116 160.299648841222 153.12918027242 148.18744858106 149.755239486694 148.36123585701 143.79013578097 141.178240378698 140.905380249023 137.364725271861 135.046670834223 133.151988188426 128.687173128128 122.836550076803 119.015653928121 106.590290864309 112.018098433812 115.451435248057 114.656428496043 113.410105307897 101.408421993256 72.5626150767009 55.2207181851069 49.8409867286682 64.8984660704931 101.356476545334 106.856435537338 95.47159075737 67.2897746165593 66.6757424672445 88.2077813148499 96.8675712744395
147.621174653371 145.279457171758 140.10418454806 136.906206607819 143.538842598597 156.767716010412 158.73180826505 157.002737124761 158.203780651093 163.631657759349 169.657746950785 169.962863127391 168.748199939728 168.748915195465 164.67938820521 163.634717464447 163.862526416779 159.633924563726 153.731008370717 152.016699314117 149.697065353394 148.389369249344 148.414452870687 150.690158208211 145.981152852376 141.9404844443 135.382195313772 124.60587422053 117.254674434662 112.733602523804 109.821776549021 117.714514334997 121.48908774058 133.167405923208 141.199539105097 138.377368450165 126.303315162659 107.174932956696 91.3471778233846 60.5567395687103 70.8494037389755 91.7293032010396 91.6592081387838 78.9008388916651 79.7183513641357 98.4900991121928 126.712113618851
150.490701198578 149.645328521729 147.1160252889 141.722818215688 142.325739065806 153.752774000168 157.868514458338 157.648195823034 156.353970368703 164.714306592941 174.08033212026 173.111220200857 168.79399617513 170.701026916504 170.626441637675 163.68775566419 165.89143872261 161.772598822912 156.848589579264 154.623746871948 153.320610523224 153.700858354568 150.815536578496 149.274508158366 145.108252763748 141.618678967158 118.46266190211 94.1302080949147 90.1839733123779 97.4547366301219 109.255373477936 114.216148853302 120.148559411367 126.602629820506 141.128808259964 156.287809213003 149.448732535044 144.597768783569 145.279198884964 105.051636695862 75.860525170962 94.4093565146128 112.238178650538 114.576200644175 115.906288226446 131.555815537771 159.610062837601
149.658997853597 146.928369998932 150.208046038946 149.414827426275 144.638876120249 149.361401796341 157.165795564651 158.506760994593 156.806369622548 164.116064707438 173.144221305847 171.455641587575 166.754821936289 170.023898283641 172.839323679606 162.346700827281 163.646250963211 161.316742499669 159.93544459343 160.817305246989 161.938637495041 160.700817902883 155.628472566605 148.814012606939 146.634707848231 144.124935070674 121.46653731664 97.3357558250427 95.9824919700623 105.633874734243 119.406878948212 120.200534661611 131.884038448334 141.853461662928 160.203595956167 158.361196517944 154.399792353312 104.009966055552 84.9283834298452 108.501960833867 105.996290842692 121.736943721771 126.214434703191 108.581701914469 96.5583721796672 110.919723908106 137.551993131638
137.296547492345 145.517796278 147.782703240712 150.062849124273 148.271828889847 145.448525746663 157.527943452199 161.728511253993 160.854339599609 163.697272539139 167.942980925242 169.715364774068 168.053030967712 164.61588939031 166.754285494486 162.358125050863 158.119777838389 161.882241566976 163.153827190399 165.040840705236 166.767497857412 162.786881128947 160.925914843877 154.412776231766 152.164538701375 152.820646762848 146.127939224243 137.757668892543 137.935002644857 142.633040746053 137.7907594045 130.025754372279 146.13617459933 159.996698300044 147.670874993006 140.727231899897 105.909128983816 61.5261097749074 46.022355556488 69.9807951847712 109.518279631933 133.51708650589 128.276030222575 112.664679686228 101.082732280095 105.977873007456 122.814416885376
125.933180252711 142.583270867666 145.942002534866 148.239592711131 150.554398695628 146.338840325673 152.134944995244 162.184953689575 171.456098556519 170.680403709412 167.780756950378 166.524231433868 168.530662854513 166.22390349706 165.671686331431 162.769158681234 157.618174950282 158.443748950958 156.463960806529 154.040237267812 156.141887108485 155.513068040212 153.454482555389 153.898924589157 155.727416276932 161.42592827479 171.565492947896 176.493088404338 161.829809347788 157.971193393072 145.061492919922 130.133201678594 140.696028868357 131.435205539068 99.5411078135173 65.2986417214076 62.7162704865138 52.1058837572734 36.5994051098824 36.5120694041252 50.4442205031713 94.9341158072154 125.816226005554 147.222280502319 161.564300457637 156.800905863444 150.350193182627
127.948214610418 139.371414979299 146.876841783524 148.474007844925 150.140096743902 150.350232919057 145.011206467946 155.846327543259 176.630278428396 175.232549508413 168.060680230459 164.593756198883 167.007625102997 169.316828250885 167.989710966746 164.191404978434 161.43927971522 157.654782136281 149.08621708552 141.37198527654 141.323407491048 143.92148454984 144.79531844457 146.796594063441 148.582875728607 157.457252343496 178.280413150787 191.908260186513 173.337578773499 161.11562649409 135.620812575022 120.431621869405 120.472103357315 111.56244079272 85.8400662740072 56.8419694900513 62.5546077887217 75.0412791967392 67.9543962081273 50.4341721534729 37.2999707857768 57.9156080881755 103.726516167323 137.310137351354 152.616441249847 147.807012001673 140.423327684402
140.699992577235 144.151786963145 146.777838468552 142.937372128169 135.906914869944 132.940838734309 142.284472783407 146.41547203064 157.067040602366 155.694663524628 155.080477396647 160.343805948893 166.691104571025 167.441487312317 162.38342722257 163.988957802455 162.864506244659 155.596415201823 146.898955106735 140.186101198196 137.805839379629 139.025270938873 141.516188780467 143.771866957347 142.178873221079 147.292912006378 161.000063021978 170.34775018692 159.892449776332 145.283510287603 131.673653920492 112.711002429326 103.78419359525 115.130702654521 106.368203957876 81.0273190339406 85.9143833319346 125.438084204992 131.16063674291 108.650932709376 70.6073194742203 57.4357807636261 78.2645543416341 97.9254146416982 96.6900984446208 104.230811198552 109.295467535655
154.607007900874 150.641540686289 146.903802951177 138.777832190196 126.915872097015 117.588023344676 131.666004657745 130.482137203217 117.602735757828 119.780093431473 136.141538619995 148.701806863149 153.57518196106 157.820483048757 160.915394624074 171.576499938965 173.585216204325 163.72670729955 153.899302085241 148.229499657949 143.118321895599 141.180535157522 141.812851031621 139.381984869639 137.881378332774 145.628372828166 148.393948872884 149.328172206879 145.40292819341 126.79260969162 129.042585690816 120.286762714386 111.054519812266 126.529594262441 128.190318743388 115.119596322378 108.666201432546 112.397144238154 119.405140479406 113.330870866776 98.8228817780813 79.3402045965195 78.1645874182383 74.7142930825551 52.389254172643 72.3937352498372 87.1864755948385
