input/barkrak2/radiation/dir04624.grid
NCOLS 85 
NROWS 70 
XLLCORNER 665100 
YLLCORNER 4664600 
CELLSIZE 20 
NODATA_value -9999 
[rows 44 to 65 of 70, columns 0 to 48 of 85]
96.5667863686879 102.823048830032 105.877637863159 106.932749350866 108.568767706553 110.933760801951 111.391484737396 106.935848792394 102.066824833552 97.0662931601207 98.4595815340678 95.2931046485901 92.3181474208832 90.5089577039083 89.7289315859477 89.5521442095439 85.5934421221415 92.1690165996552 93.9272443453471 92.2966798146566 87.5999430815379 85.484524567922 84.5564206441243 85.0355128447215 82.2107791900635 89.7666414578756 94.1359798113505 91.3706421852112 89.9766981601715 89.1240239143372 85.1926902929942 83.1257998943329 89.8488263289134 94.5627888043721 101.571520169576 105.464279651642 110.388348499934 119.677563508352 123.982737461726 114.85767364502 113.712479670842 106.750627358754 101.317793130875 80.4651975631714 45.0854698816935 5.90166263282299 0 0 0
103.476663430532 108.303725719452 105.410695075989 108.906974395116 107.450246810913 107.251028219859 108.657936255137 107.296933730443 108.193904161453 103.454490502675 101.996123790741 100.774129231771 95.4494675000509 91.0333196322123 89.6813273429871 93.3473706245422 87.0743294556936 90.1014705499013 95.0053930282593 93.1679010391235 89.9664958318074 90.2685920397441 87.9281759262085 90.135931968689 89.9018247922262 89.6179874738057 96.1945652961731 95.8230793476105 92.6391979058584 91.7428533236186 86.8194699287415 83.4840337435405 87.0427886644999 85.6228172779083 86.2686038017273 89.4981424013774 98.7211366494497 112.211287021637 112.209796905518 98.9763637383779 102.065314849218 96.3135063648224 94.7140554587046 91.5725032488505 72.6115802923838 35.1263284683228 0.913193294157585 0 0
103.051751852036 105.008830626806 107.781360546748 110.185076793035 109.696000814438 109.485993782679 111.243853966395 113.389482100805 109.277943770091 107.292880614599 105.618238449097 105.042765537898 100.656569004059 96.8880355358124 97.002903620402 100.600341955821 97.6062715053558 91.3598040739695 97.233792146047 95.7436859607697 92.5255417823792 93.0469632148743 92.1431879202525 89.1099174817403 97.2122152646383 89.1013046105703 90.2142226696014 93.6165650685628 93.6026871204376 92.4343069394429 91.2714898586273 87.0505571365356 86.6189301013947 87.0550076166789 88.4411732355754 89.2358819643656 92.8036371866862 100.388010342916 102.558434009552 99.9626616636912 97.9835987091064 92.2718743483226 97.8787144025167 105.775733788808 97.8453358014425 62.4751001596451 22.7267245451609 0 0
96.4630941549937 99.2268721262614 105.588306983312 107.228696346283 111.232409874598 112.549146016439 110.385318597158 109.92556810379 110.067208607992 112.259099880854 108.580420414607 104.282289743423 102.218598127365 102.651715278625 100.022544463476 98.6157854398092 98.2940395673116 89.9492005507151 93.5063362121582 95.1842466990153 91.5512343247731 91.8102562427521 94.7243869304657 89.0255173047384 91.2494460741679 90.7750527064006 84.6283932526906 89.7848109404246 93.8106377919515 92.3698544502258 92.7610695362091 90.9720559914907 86.3876740137736 89.8727774620056 101.939658323924 106.107632319132 101.738721132278 97.2503324349721 100.490391254425 111.850341161092 103.199640909831 93.8462018966675 102.193156878153 109.628697236379 102.845589319865 81.3299119472504 42.7330831686656 8.86637469132741 0
88.6635581652323 92.1058456103007 97.9170103867849 102.246334155401 109.290421009064 113.300204277039 110.008974870046 107.728660106659 111.52849594752 114.114850759506 111.679265896479 106.984337170919 104.928553104401 106.234719355901 103.107502063115 97.3654389381409 96.4198708534241 90.061366558075 94.1267708937327 98.0378985404968 96.9045559565226 96.4980721473694 98.3680884043376 94.6949124336243 90.8704201380412 93.9700106779734 90.0568564732869 93.6386386553446 99.8323559761047 104.602168003718 108.587990204493 107.757896184921 97.6116259892782 100.956459840139 108.733514944712 117.112974325816 116.402377684911 107.320159673691 103.687991698583 110.231747229894 101.527879635493 92.4472808837891 90.3380612532298 89.5821750164032 88.5381897290548 87.4834756056468 74.8980740706126 23.4620744983355 4.75148515154918
87.7834558486938 84.848165512085 89.5239015420278 98.7795193990072 104.991902907689 108.755429585775 111.856997013092 114.277829726537 115.565836429596 111.565818389257 113.429456949234 113.650947809219 109.607895215352 107.199450333913 105.005214611689 100.094308455785 98.163366317749 94.9458579222361 97.1912344296773 102.056165536245 104.711790879567 104.459375143051 101.284146308899 102.415243784587 96.2096552054087 99.8833278814952 99.5298723379771 102.048595746358 110.226859649022 115.219821532567 122.054447730382 127.798438072205 115.002105633418 110.323746999105 109.278092781703 118.584881226222 122.603634993235 118.00609032313 110.157579183578 98.3116726080577 91.1583105723063 91.9876396656036 90.6260311603546 85.0363473097483 81.4851224422455 86.0102673371633 81.193337837855 30.1618153850238 6.06032460927963
88.445504506429 92.0247435569763 95.4260230064392 102.296024560928 102.815608183543 103.567918141683 111.895283063253 117.484271526337 117.484430472056 117.135226726532 116.53083562851 116.684963305791 112.417012453079 107.497711976369 107.280423243841 111.491233110428 103.256901105245 102.391272783279 104.054967562358 108.320981264114 109.395394722621 106.863677501678 103.88504465421 103.680024544398 97.0591604709625 105.046848456065 108.02831252416 107.926825682322 114.8375471433 122.075736522675 129.688938458761 132.232656081518 128.455221652985 114.229996999105 99.699079990387 104.390362898509 115.003307660421 121.129890282949 115.127782026927 93.2749112447103 85.5772892634074 94.0624674161275 96.7615743478139 93.4062004089355 85.5622390906016 84.1060082117717 69.5108026266098 36.8341356515884 7.91515844563643
89.0465577443441 100.397447745005 102.676411469777 105.157752831777 102.990051110586 102.250317732493 110.137095053991 115.827918052673 115.741064151128 120.58092157046 118.389209111532 117.860058943431 114.947537581126 110.285391410192 109.704156716665 116.480529308319 109.04648900032 105.534265438716 103.29881310463 106.848279635111 106.202870607376 104.891240596771 104.278633991877 99.5861192544301 98.7574458122253 100.160300731659 103.800137837728 105.243066946665 108.061343431473 117.534170548121 124.959905942281 132.64470299085 124.821116526922 105.720460414886 73.038324713707 49.0720768769582 76.451450586319 105.383147795995 117.801487445831 119.343747695287 112.05584804217 104.561408360799 86.3604346911113 84.4335655371348 91.7815963427226 86.2414836883545 66.2811795870463 53.8700570662816 15.1644411186377
92.8743680318197 90.6327168146769 89.2792741457621 92.4116671085358 100.421498219172 105.525503555934 106.23429218928 112.525959809621 111.965735753377 116.562018791835 117.392470439275 119.02771393458 118.998656670252 114.08934990565 111.361275116603 110.809147357941 112.657904624939 105.410267909368 99.9014973640442 97.9675451914469 96.606453259786 99.8977621396383 101.496477921804 94.7775145371755 96.99813524882 94.3407813707988 95.0294037659963 95.2354768911998 95.7866311073303 99.9118288358053 104.518671830495 115.259240070979 111.111025015513 86.9345963001251 54.4142971436183 31.7542999982834 33.1108793616295 55.9437771638234 97.6554453372955 115.101059277852 121.452897787094 104.659299055735 82.958588997523 78.7009000778198 86.0967437426249 78.281099597613 62.9909882942835 70.1968123515447 51.1801689863205
96.3050127029419 85.4707260926564 82.4987242619197 88.0592962106069 100.918292999268 110.060056050618 108.9948117733 110.661685466766 113.125572601954 113.568206628164 115.908523400625 118.497669696808 120.125989119212 117.928226788839 113.201767206192 110.441704591115 113.810996214549 105.946719646454 101.198593775431 101.96257630984 101.851632197698 99.6065338452657 98.0369647343953 94.6502486864726 95.1106051603953 92.6086703936259 91.527799765269 93.6248501141866 91.4514859517415 87.8378252188365 80.7340542475383 84.6108694871267 86.2830877304077 70.4835255940755 55.8903316656748 33.0893422166506 20.1301909983158 18.0994893113772 32.3739399512609 66.6622618834178 103.807826836904 94.6679015954335 83.8643709818522 66.1148180564245 62.0044966538747 61.7237041393916 60.429389278094 79.778124888738 91.4292633533478
96.6656804084778 90.6907021999359 87.6382489999135 92.9475426673889 103.025833765666 111.899544795354 115.243663390477 110.885947942734 115.509172280629 113.413681586583 117.09052324295 119.315465291341 120.627254247665 121.953785419464 115.781277418137 115.28358856837 115.487416585286 109.135091304779 104.74893450737 107.268949349721 107.298741738002 104.01925444603 101.819674173991 101.264705260595 98.2743998368581 96.6262618700663 94.9919323126475 92.3354824384054 86.8800580501556 81.155593196551 71.7004835605621 74.4188874959946 79.5787423849106 80.5980116128922 78.83087793986 66.4865871270498 39.7181510925293 24.5597412188848 18.6349774400393 27.9022703568141 49.8305807511012 72.8133767843246 49.8807926972707 41.1062364776929 40.6376992662748 48.3890920877457 64.0713224808375 72.1423327922821 86.5687727928162
100.280344486237 98.7305343151093 94.4302280743917 92.1921133995056 98.3919699986776 110.751748085022 113.044639428457 111.09999815623 112.796058257421 117.913544178009 124.240060647329 124.737083911896 122.663537661235 123.606900374095 120.276927947998 119.578351577123 119.001487890879 115.467131137848 110.107292731603 106.991668542226 104.788343111674 104.820241530736 106.744170188904 109.460552533468 106.313973665237 102.946579456329 95.258096853892 86.0834618409475 78.770304719607 74.6553242206573 74.6904114882151 80.4696381092072 85.1000348726908 96.5907871723175 104.241907596588 103.08978954951 86.4680409431458 68.7121699253718 54.8352251450221 30.1630621155103 33.9724297324816 59.4967106978099 59.8326176404953 47.8634585936864 47.9935357968012 65.310741464297 90.2395447095235 85.6519341468811 80.5660386880239
102.998008330663 102.637032667796 101.199368635813 96.5924461682637 97.2134570280711 107.446928819021 111.319681008657 111.42510175705 110.809842745463 120.032787322998 128.577013810476 127.883126338323 122.835765282313 125.192751487096 125.119745731354 118.424425522486 120.736261208852 117.182234923045 112.64580488205 109.420398871104 108.297030131022 109.017054239909 105.2419145902 103.870530923208 101.499329010646 97.9504386583964 73.767344156901 53.8407514492671 49.1935759782791 57.8871170679728 71.8970944484075 76.8469075361888 83.140621582667 90.7846887906392 100.911100705465 113.367021083832 116.632034381231 96.5171257654826 96.6586569945018 63.0368888378143 43.9410259326299 61.3181988398234 77.9985984166463 78.9169718821843 78.9093673229218 94.4493412971497 123.70420495669 111.645191907883 87.4957044919332
101.832012335459 99.9779204527537 103.781759738922 104.388892650604 100.989411274592 104.073862234751 111.566821734111 112.473795811335 112.252056598663 120.115339756012 127.852896849314 126.053829987844 120.771189530691 124.373743931452 127.605577309926 117.344657580058 118.220180273056 116.29996697108 114.11048968633 114.063759644826 115.281571944555 114.38583334287 108.336756626765 100.679208834966 101.391086975733 97.1770584583282 78.8397391637166 57.4322839577993 57.7837179104487 68.1704680124919 81.0791254043579 82.9151223103205 94.5214629173279 105.819354454676 112.780044476191 124.171207348506 101.891448100408 55.8322767416636 56.2413384517034 66.6165053844452 69.8490788539251 84.8811368147532 90.1047984759013 73.3155955870946 46.4246471722921 74.0437209606171 100.144733985265 94.7347084681193 80.172469218572
89.2269710699717 98.0841020743052 101.626455783844 104.0391822656 103.866994380951 99.9277432759603 111.423313617706 115.982552369436 116.119007269541 120.80846230189 123.691151539485 124.154418706894 122.962176799774 120.463132858276 121.348033348719 117.221802473068 114.083955685298 116.623679796855 118.316471576691 119.304835796356 120.007544755936 115.02863963445 114.531616369883 105.935245752335 103.952397902807 104.566355546316 100.146661202113 94.4696466128031 99.0519523620605 102.699647347132 98.9638566970825 93.186616897583 109.265297651291 118.427902460098 113.033950328827 84.9163929621379 74.5358367760976 36.4989290634791 23.5437005758286 36.7706567049026 59.3938032786051 95.7856078942617 92.8658445676168 78.4940818945567 65.3998504082362 68.5219615697861 85.0454767545064 89.8669560750325 87.4874989191691
78.4339805444082 94.7853525479635 99.4093219439189 102.263023455938 105.226963758469 101.184904575348 106.12416267395 115.416467189789 126.30100051562 127.002626657486 123.126139243444 121.059765418371 122.890214125315 121.472418308258 121.271034081777 118.534574906031 114.202886819839 115.470200777054 114.034414291382 110.745946566264 112.833917140961 111.430078744888 109.875659147898 106.790045897166 108.685274918874 113.656520843506 123.317370812098 125.917772452037 110.934893290202 114.567746718725 103.250910838445 93.3340390523275 103.587170441945 94.0877695878347 50.4220972458522 39.7873719533285 38.0215843518575 29.0134822328885 15.2267776429653 10.3161123891672 12.7330770095189 47.1702615420024 90.2109344800313 107.958575089773 123.206943273544 119.028925895691 113.251427809397 111.129303773244 109.899669885635
80.1220486561457 91.3771589597066 99.5446443557739 102.162192265193 103.918969631195 104.253441095352 98.3570218086243 109.407246112823 132.092426220576 130.595167477926 121.921976407369 117.979089419047 120.896557966868 124.212731917699 122.850586970647 119.23893292745 117.528597513835 114.670564730962 106.808125972748 98.6818869908651 98.2364316781362 101.374367872874 103.357384602229 105.347295602163 107.723146677017 113.389223814011 130.949457486471 140.462666749954 125.684281190236 111.202359199524 96.6616372267405 83.1355800231298 82.7559928099314 77.2494574387868 55.4889142513275 33.0937852462133 34.5898146430651 45.6223984559377 36.9933048884074 20.9889759620031 10.3533553580443 20.8731144666672 68.2198107242584 100.389311710993 110.354363918304 107.220470905304 102.786958217621 103.68158419927 98.86700908343
93.6784545580546 96.8024532000224 99.5648105939229 96.0093637307485 88.7800355752309 85.7370893160502 94.4429238637288 101.007481416066 111.632853746414 108.533928791682 106.418550014496 112.998406092326 119.773437579473 121.106455723445 116.511722405752 118.514090776443 118.754456440608 111.661573251088 103.089253107707 96.9278415044149 95.7987407843272 95.8922306696574 98.9986658096313 101.04105869929 102.801124254862 106.573383013407 118.89769633611 130.363941192627 118.870596090953 100.337068239848 91.4916396141052 74.9146789312363 67.3332611719767 81.0231665770213 74.8714357614517 45.5793490012487 54.7304898500443 87.0678623517354 91.7139748732249 69.1443383693695 36.4959289630254 26.8977358937263 45.3265955050786 56.3134451707204 54.2699346939723 66.403716802597 72.7320909500122 77.8798560301463 76.3850460449855
106.69598976771 102.733661731084 98.7495283285777 90.7666881879171 79.2263994614283 71.7824697494507 84.4321052233378 83.3678046862284 71.3011274735133 72.516456246376 85.3332082430522 99.0173816680908 105.698714653651 110.691587130229 114.13453022639 125.318229198456 127.877761920293 118.126451969147 108.491768439611 104.401707649231 100.653370221456 99.7331241766612 102.291236321131 100.115309158961 98.6768305301666 102.056880791982 106.874366601308 113.090445597967 106.438895066579 86.3657891750336 85.4237377643585 81.3501526912053 73.8678872585297 91.4694368839264 96.2643424669902 82.8822950522105 73.6246109008789 74.3108093738556 80.5226415395737 78.7584483623505 55.774266521136 44.4316864013672 45.0171331564585 36.8507752815882 28.462087114652 32.5031330188115 51.0543485482534 57.42480357488 62.4866485595703
109.958151976268 102.429280678431 97.0995128154755 92.5472776095072 84.263414144516 77.1248588959376 71.0692008336385 65.5712683995565 45.6649263699849 56.2068969011307 79.3024301528931 91.9433335463206 92.9065048694611 101.578672726949 116.778681675593 134.532898664474 140.510847171148 132.093926270803 122.472743193309 117.667019367218 111.75940434138 109.426319599152 107.81059662501 102.316935857137 101.644963026047 100.658704837163 97.8495478630066 96.2553024291992 96.6398119926453 75.262188911438 76.9691169261932 80.266793568929 74.5343118906021 95.5708126227061 114.639093478521 118.057946364085 91.6760265827179 43.1184768676758 37.9200975100199 55.0035536289215 59.6820563077927 54.9783110618591 57.6410094896952 51.9445637861888 38.3496806025505 33.8371396064758 46.3967820008596 57.8189293543498 69.0286010503769
112.884660561879 106.83532555898 105.381329854329 106.688936551412 102.962702512741 95.5260793368022 89.4132256507874 90.6168520450592 88.6988937854767 93.6426421006521 103.758871555328 111.76785826683 112.068692843119 105.914145708084 117.492109537125 135.438154141108 146.808495124181 146.215786536535 138.064334789912 126.763045787811 119.515081246694 113.640666007996 112.26815978686 112.856298685074 106.11754655838 94.6155587832133 89.1303420066833 87.8434379895528 87.2324903806051 82.8709751367569 68.1558052698771 60.9406133492788 59.2047373453776 82.701841990153 123.802999655406 132.227738698324 97.8152553240458 60.3531201680501 29.4644335905711 29.7043224175771 34.6020733316739 45.6893940766652 61.5859031677246 68.4995104869207 71.3866452376048 56.1455736557643 55.3639729817708 76.3432333866755 110.660682121913
113.830318053563 110.705465078354 111.000219980876 112.883120775223 112.077643473943 107.577502727509 106.505334377289 116.040458281835 134.525189797084 129.288663466771 119.737764199575 122.601052125295 129.306256771088 114.423602819443 115.413963794708 125.153720378876 135.89201370875 142.484525839488 142.624934514364 134.87712542216 128.245840469996 120.699942111969 114.533007144928 108.822127183278 105.003943045934 92.6174819469452 80.4566790660222 77.5813659032186 79.1276594003042 70.9797938664754 39.2635613679886 36.218523979187 29.1317999362946 46.5778311093648 122.267425060272 133.278985818227 112.347990274429 101.676255464554 65.9489880005519 22.9315360387166 14.4102896253268 11.1539276937644 35.2711826562881 74.6645828088125 84.2030644416809 72.8468100229899 71.4718103408813 102.545380592346 169.71214612325
