input/barkrak2/radiation/dir06324.grid
NCOLS 85 
NROWS 70 
XLLCORNER 665100 
YLLCORNER 4664600 
CELLSIZE 20 
NODATA_value -9999 
[rows 0 to 20 of 70, columns 0 to 46 of 85]
171.097795168559003 188.459455966949 204.756637414296 226.09281539917 236.688574155172 237.967828909556 233.928084373474 228.928466637929 229.49880361557 233.483970165253 232.859392960866 231.679220994314 229.162911574046 229.964812596639 231.636802355448 220.433553059896 207.683444023132 195.872167746226 193.187296390533 182.425022125244 181.399385134379 198.140184084574 225.288808345795 233.096142609914 235.769848028819 247.758825620015 246.666073799133 231.08716805776 216.782013575236 215.67573149999 211.265544096629 233.106116453807 278.363923231761 277.108609676361 274.739225705465 261.452078819275 265.084147453308 279.768506685893 276.597499847412 275.819559892019 265.310823917389 268.834273020426 277.552445729574 273.752252260844 264.025866985321 267.721712589264 272.983491420746
148.205598195394 166.469921668371 182.774841785431 201.964199542999 217.244962851206 225.304921468099 227.509001890818 230.738917986552 238.257269064585 238.500456015269 235.040863355001 232.819338639577 231.093227863312 231.983244419098 231.853206952413 220.563511053721 213.857769966125 204.389135042826 199.494997660319 189.288020133972 195.513129234314 218.99817387263 241.228679815928 244.044105211894 247.651219367981 253.988703091939 248.603542645772 235.092977682749 221.751391887665 217.676758766174 218.485951423645 247.590700785319 280.464808146159 277.915159861247 274.469435214996 264.014999071757 268.789072831472 279.985944430033 275.398989518483 275.66929658254 270.303626855214 269.409656524658 266.384045283 260.811905066172 257.436116536458 266.268054644267 263.412396113078
109.019835789998 121.244102716446 135.328580935796 148.795604705811 162.677387396495 176.592906316121 189.568241437276 208.241621653239 222.575167814891 225.655595461527 227.047622203827 230.933467547099 237.410763899485 242.502252260844 242.48198668162 246.019224325816 245.805561542511 234.864791234334 216.860254605611 205.637892087301 215.831955273946 231.93887869517 242.372274398804 245.326638221741 249.493519465129 249.368945757548 243.60054731369 234.66302951177 226.346373558044 226.354638735453 235.849380493164 263.716260592143 279.00771299998 278.392195701599 274.178405602773 269.866089026133 274.901906649272 279.447933038076 278.033991654714 274.459640185038 267.816126346588 257.505536079407 243.724624315898 240.375578403473 249.954700469971 263.25911283493 252.00366973877
90.3289318084717 90.2434488137563 98.3989437421163 105.808993180593 114.308297634125 121.474852164586 131.036510070165 149.783323208491 172.101656595866 191.875815391541 209.091703097026 226.667881011963 238.73637119929 243.118564287821 246.545215447744 253.050863742828 253.855546315511 241.845667362213 223.415195941925 215.771555900574 215.745409329732 215.695838133494 228.315671284993 237.21973101298 238.17112048467 239.319602648417 239.41703637441 236.086249351501 234.826922416687 238.114476203918 242.512265841166 268.706858158112 276.973684628805 275.268395741781 272.99032608668 274.16733900706 276.427328586578 277.059296766917 273.356854915619 262.857953707377 254.594763120015 241.339822610219 236.790696779887 250.736117362976 266.329745451609 260.886947313945 240.868886311849
112.205415964127 95.6494808197021 83.1058422724406 72.6957221825918 73.8763262828191 92.8955276807149 117.460628350576 129.462748765945 140.57578643163 149.294584989548 174.352645874023 201.589862505595 218.146562576294 226.735611756643 233.971814314524 238.64350716273 234.791994094849 226.575414339701 219.396571318309 216.294527053833 211.638867855072 209.255735079447 221.085488796234 229.405363400777 232.641975084941 239.55504099528 239.940742651621 238.18451166153 237.008591492971 235.874732335409 243.286927541097 271.582702795664 271.614869435628 272.649606068929 270.018378893534 269.280970096588 268.901467323303 267.228543758392 257.992565631866 249.511082967122 247.970382372538 245.489716529846 250.603199005127 260.753889878591 263.034204641978 241.890589396159 213.731169700623
158.649981021881 129.153291384379 100.571831067403 76.9500881433487 68.4712429841359 77.948401371638 104.249209165573 125.629842281342 130.960901578267 129.890789588292 140.452166398366 155.965010325114 167.100707689921 174.622178077698 185.33718585968 195.728977521261 200.035095214844 206.920862197876 214.715421199799 220.222512880961 220.786690711975 223.607261975606 224.337637424469 225.868225097656 230.855067571004 237.419406572978 239.572087923686 240.922848383586 240.49985408783 241.235077381134 255.675991376241 271.6277440389 268.709460894267 267.132878303528 265.208423137665 263.413985570272 262.675940990448 258.803049723307 248.986442883809 249.341229597727 249.621689319611 246.986826260885 249.21315908432 252.303183078766 241.027037302653 212.097605069478 185.253878434499
186.355392138163 158.831834793091 135.922372341156 112.904777129491 90.8506910006205 77.3292928934097 83.4210216999054 115.319401025772 132.295072078705 140.946040550868 137.614150842031 131.905972957611 127.613504727681 122.936209042867 125.010520219803 142.1759724617 158.007403214773 181.466301282247 203.955451647441 218.376278877258 225.928763548533 229.632099469503 226.226349671682 224.566062291463 227.4303038915 230.969866116842 234.90834236145 238.38484287262 240.307132403056 246.525983015696 260.136564572652 266.668379306793 261.070052782695 256.710032622019 255.018671353658 252.563317616781 251.979192097982 247.120400269826 241.3556377093 237.546960512797 231.838862101237 230.484545230865 237.145682175954 244.874636332194 235.146800676982 224.193374315898 236.416717370351
202.33674844106 188.757260640462 173.48450422287 154.593646526337 128.41139237086 95.7962175210317 73.9332586526871 71.6006855169932 105.285982290904 137.776583433151 146.604746580124 143.102327982585 133.714705705643 122.455298900604 107.888847589493 111.377825339635 125.481307506561 144.211957852046 171.884795029958 193.970799446106 209.498782952627 222.350001335144 229.250113169352 224.597712357839 222.860455513 221.376458803813 223.693946997325 227.836648623149 230.676432450612 240.815043449402 252.43866443634 256.357808907827 249.300499757131 243.570625782013 237.956921259562 235.563198725382 240.432540575663 237.05001672109 230.451544125875 213.499983151754 211.753288904826 221.347530682882 238.907396793365 250.736037890116 249.47053194046 249.990582466125 258.010427157084
171.694238980611 193.942288557688 187.833825747172 177.416324615479 161.112993955612 134.390970071157 100.338985522588 70.7119305928548 83.5224191347758 106.143534183502 130.575001239777 143.9481874307 147.340645392736 144.154260555903 128.948181867599 119.012345870336 116.274416446686 120.5093562603 135.530918836594 154.803375403086 175.074696540833 193.232595920563 206.886490186056 205.338875452677 207.190414269765 205.744604269663 206.195155779521 208.789785703023 213.470002015432 225.059549013774 232.491393884023 232.898473739624 229.56915696462 227.718770503998 228.305617968241 230.13699054718 230.816225210826 230.59356212616 225.365161895752 218.057990074158 229.172110557556 242.566724618276 251.994132995605 254.191676775614 247.342844804128 242.205301920573 245.276908079783
119.650999704997 141.863663991292 159.575988849004 158.796976010005 171.320418516795 164.659768342972 143.758296966553 120.974789063136 88.4564916292826 78.877180814743 91.337780157725 120.594680309296 145.470410585403 159.433265527089 159.537921349208 148.306876420975 131.063421567281 124.729841947556 123.332569996516 126.879453659058 137.229899565379 147.094587484996 160.692741473516 171.122908592224 182.441532611847 184.934973716736 185.438454151154 187.474370002747 190.798123677572 198.091705640157 199.393391609192 202.723562717438 209.724505742391 214.446266492208 219.233194986979 221.163868904114 219.983617464701 224.739809830983 224.248170852661 231.749832630157 248.20739030838 256.05849424998 258.20920864741 254.230499267578 245.872894922892 241.750200589498 252.252558867137
69.8772271474202 74.2799987395604 89.0363852183024 106.832931439082 120.552599430084 142.183035612106 139.172186454137 152.052263418833 120.315104722977 92.5294359525045 77.3406972487767 82.1176767349243 108.105629682541 137.764672438304 157.547096411387 149.744480848312 142.389724651972 132.256289323171 122.662504514058 116.614242394765 117.612530787786 119.093914826711 125.00927845637 140.503267447154 156.385481357574 165.640592575073 166.978478431702 168.58838001887 175.047755241394 180.552184581757 184.00631348292 187.635680039724 197.260816891988 203.659057617188 204.510152339935 207.356631755829 212.985277175903 219.607333342234 226.460695266724 243.090530236562 254.026095072428 255.738377571106 254.916111628215 251.977304617564 248.389462629954 250.224530696869 256.749192873637
38.8131787379583 39.778470993042 38.9991129438082 46.0555851459503 61.9451651970545 81.7338327566783 95.52068511645 105.756570895513 114.32284116745 101.937393347422 82.0360481739044 65.1910603046417 64.6985471248627 84.4691793123881 108.281950155894 117.652008930842 129.290153582891 131.607035795848 122.363289197286 114.411652088165 107.733945051829 106.88445965449 108.16365480423 118.541379769643 129.799624284108 137.787163257599 142.967879772186 147.787670294444 155.442237854004 160.782893498739 166.041562954585 171.184122562408 177.116433779399 181.057314078013 182.856678962708 186.312715212504 198.933819929759 212.78574069341 221.010605494181 237.906912962596 245.899260044098 246.859808762868 243.13481648763 238.813817501068 236.419161160787 235.873103141785 242.159724235535
31.0777525107066 22.8269770741463 19.0965496003628 15.3049652775129 7.6403021812439 12.2914239764214 33.5694029927254 62.0145152012507 84.0059916178385 93.9606229464213 84.8558048407237 76.2869666020076 59.4980120658875 58.9357515176137 74.7887194156647 97.7472265561422 115.465303262075 122.957229614258 121.254563331604 114.653199911118 110.819816589355 113.069385290146 113.95142475764 115.63370625178 117.705275615056 118.772655725479 125.031272570292 136.26683751742 141.11320177714 142.896831035614 150.132735570272 155.411879221598 156.478037436803 158.432851235072 162.214358647664 168.149391810099 180.344442526499 194.752136866252 200.406650702159 213.167587916056 222.431818644206 224.13965066274 223.237136999766 224.499046802521 222.39887714386 223.366220792135 227.120916048686
31.5310830871264 13.0750487248103 5.13288440803687 0.909958655635516 0 0 1.88970814148585 22.5441555182139 45.2924072742462 65.5174553394318 78.9892822504044 87.5958800315857 84.7630103429158 73.6332734425863 71.3975975910823 90.7734632492065 103.729297717412 119.528969128927 129.976739486059 128.834068775177 120.936413606008 121.602733929952 120.870133241018 123.678872982661 126.620233058929 126.159757375717 129.421512285868 138.655801614126 141.337186098099 134.202857812246 140.599886576335 146.666397651037 148.429443438848 148.289332787196 153.854469458262 161.461412906647 167.562822500865 174.59777990977 178.997854391734 182.250062624613 188.901940981547 196.840743223826 207.211871941884 215.238829453786 212.812622388204 219.377716382345 220.059891541799
40.3315350413322 17.4761489033699 1.97172009696563 0.11585721707282 0 0 0.0164079465321265 11.567011475563 24.7765978177388 49.6639062960943 79.818273584048 95.5461362997691 106.818576653798 102.125604947408 91.3588007291158 89.6219611167908 92.4639999866486 106.731216112773 122.394214073817 135.802725950877 136.390109856923 130.802859862645 129.676918188731 129.199196894964 133.968929449717 135.549753904343 137.333502372106 140.0459309419 139.6331290404 134.471148252487 136.65113846461 141.833623250326 142.943173646927 142.872313658396 147.380451361338 150.787562131882 151.807228724162 151.433259248734 157.793899377187 159.206728140513 165.994564692179 173.408309618632 180.162111918132 186.943093935649 192.557215690613 200.023829936981 211.083968480428
36.0640287399292 20.7994977633158 2.29078453655044 0 0 0 5.83901877204577 14.8214971025785 25.2296874920527 41.8678025404612 67.6150421301524 96.5075790882111 114.136467377345 120.340009530385 112.826456626256 93.0281678835551 84.7096343835195 87.5699718793233 103.556841611862 125.830630461375 139.513065417608 137.679239114126 139.190137386322 134.52293475469 129.767715930939 136.64765159289 139.113207658132 141.240249077479 140.334894259771 142.664770285288 141.739507516225 142.396261294683 138.371308644613 135.920127232869 138.758480548859 138.075272242228 135.531057914098 131.010860204697 134.954512119293 137.555440266927 142.332375049591 148.885011672974 152.637640635173 156.120121479034 171.16645971934 177.77552207311 194.116989771525
31.5099532405535 24.1880516211192 5.73455914855003 0 0 0.757577984283368 7.50823691487312 18.5005590319633 30.3743133942286 38.1501043836276 53.7222325801849 81.8162510792414 102.13029384613 113.547364870707 118.190189202627 114.65992530187 111.154148976008 101.573556661606 95.5065687497457 103.785584370295 125.24073322614 139.27099108696 146.893709897995 141.601850589116 135.518332322439 135.981718699137 139.956365029017 141.36748512586 142.891546090444 158.096214135488 155.522962411245 142.735620339712 136.11888885498 132.156113783518 127.245366573334 126.707017421722 121.795157591502 120.193511247635 121.697127819061 126.058578491211 128.1911333402 131.653259197871 135.350654522578 138.635158538818 157.944281895955 168.886482715607 178.8569688797
27.197058002154 26.7828553915024 16.3125681380431 0 0 5.23766502737999 13.1195187568665 28.2003581523895 39.3018051981926 44.7189708550771 52.7044534683228 68.4067706267039 85.7543349266052 108.186801274618 120.142300923665 131.69664144516 132.929116487503 124.848981698354 109.629054864248 96.9752569993337 107.674370209376 131.465971469879 138.692984978358 140.912592411041 143.363098303477 146.053870519002 144.332150618235 144.414285818736 143.733928600947 155.000259478887 146.739115317663 143.656174341838 140.394240617752 131.924092769623 125.06115436554 123.134672641754 118.958801031113 118.652641773224 119.267404079437 122.823317845662 125.026921431224 126.850525538127 127.659817536672 130.064100027084 143.779774506887 159.698267777761 169.410864512126
28.7335962057114 32.2958528995514 32.4241121610006 4.87097290654977 1.73295692851146 14.9877642591794 23.5078483819962 37.6971811056137 49.8688767353694 64.393346508344 71.8777974446615 68.1212743123372 74.579526980718 89.1569157441457 106.412480274836 121.663292249044 132.485250631968 135.463108619054 134.106586376826 119.700402021408 102.917532126109 114.515831073125 123.720427354177 133.50839416186 145.767033100128 147.994170586268 149.93143081665 146.318485339483 147.528856992722 139.649341503779 133.748908837636 135.337322950363 126.056184371312 116.405308246613 130.313992500305 124.159703652064 122.34228849411 118.892977635066 118.693649768829 121.225257714589 125.138849020004 127.364993095398 128.147025903066 128.589391708374 130.825082461039 146.664907534917 153.525054454803
30.0322920084 31.21600796779 36.4276915788651 27.9723927378654 14.1436730821927 26.328352590402 25.1735746860504 39.2010286450386 50.3419737021128 61.5033706029256 65.6597316265106 62.745600938797 63.0002915859222 70.0444082419078 85.8514706293742 106.291393438975 117.012719313304 125.407596429189 133.156359195709 135.308156410853 126.652220884959 115.336060523987 116.570363442103 124.956945578257 135.053664445877 140.056878328323 143.612762292226 145.830810070038 140.910019477208 131.989419460297 130.358437697093 117.360214392344 110.656201839447 110.831459363302 103.94216577212 108.152687549591 116.745014985402 114.131232102712 110.832403103511 119.306882222493 125.838855902354 128.7469069163 130.870381991069 128.791352113088 125.475168228149 136.757711569468 138.760755459468
35.4005446036657 27.1952499945958 25.424691538016 41.0505533218384 33.1660062074661 31.1044206221898 24.0517233808835 36.4265367388725 45.7174976666768 49.8927136262258 55.0025800863902 55.238276720047 53.8951406876246 59.2636366685232 68.505605061849 86.3364040851593 99.5443065961202 108.674426873525 118.938744068146 135.134915510813 142.053335905075 132.872800032298 132.490704456965 135.033905506134 133.455137411753 131.09693924586 128.213326136271 135.436902443568 129.916429519653 131.711463133494 116.481363773346 99.0555683771769 87.8108143806458 68.2217379411062 64.7276739279429 73.3414888381958 80.0591806570689 85.6889287630717 91.2151833375295 98.9949901898702 104.164769252141 110.765357812246 114.229947328568 111.806889375051 116.442382335663 121.334900458654 127.651154994965
