input/barkrak2/radiation/dir09524.grid
NCOLS 85 
NROWS 70 
XLLCORNER 665100 
YLLCORNER 4664600 
CELLSIZE 20 
NODATA_value -9999 
[rows 20 to 39 of 70, columns 0 to 45 of 85]
98.0240404605865 85.5484704176585 92.9693778355916 118.136088053385 112.950503826141 95.8479344844818 90.0264879067739 101.337373256683 114.139715830485 125.852902730306 136.789619922638 134.788036346436 130.762080351512 133.419175942739 144.322415192922 162.973384062449 175.014098485311 186.106959978739 200.573682785034 216.168840726217 223.488132158915 214.130520820618 212.856491406759 213.969031969706 218.082388242086 218.479832013448 215.001444021861 219.017505645752 215.037147204081 223.320206006368 218.700448671977 225.84331035614 208.738585313161 197.980264822642 192.947347958883 199.379603068034 198.810279369354 200.84943373998 204.783141613007 209.965964158376 211.52130762736 211.195250352224 214.833776156108 207.801481088003 212.827603022257 218.451182047526
129.266222318014 118.057350317637 115.293671687444 143.436938524246 140.143811702728 99.1896788279216 99.0602970123291 110.484381516774 119.460900624593 125.862936178843 131.556699673335 125.920514265696 127.679685751597 124.990274508794 133.905778328578 150.692015886307 165.340840816498 176.428198814392 187.684734662374 203.733424345652 213.387370109558 224.255700906118 229.979574680328 227.749427159627 221.295197804769 209.925333658854 198.968648910522 197.241167227427 199.809769789378 184.121092160543 178.377906481425 150.355319182078 134.020626544952 139.342168966929 143.376221259435 165.252099434535 174.158493677775 192.129890124003 205.012738704681 205.465118090312 203.298588593801 202.238659063975 194.705446561178 175.534129142761 200.041214625041 213.040709495544
176.490068435669 174.895803133647 159.964958826701 164.097915093104 162.723382314046 122.660537560781 122.636179129283 119.105716546377 116.746028264364 122.472544511159 127.374768257141 128.846903642019 133.806010087331 136.047313610713 139.115313688914 147.630343834559 160.629749298096 172.807812690735 182.193279266357 185.178319613139 189.511934916178 206.944843133291 217.251102129618 220.551669597626 216.774721940358 209.227025508881 190.246284008026 189.477880795797 180.657267570496 164.940297603607 144.040763378143 107.154965400696 68.7743028004964 59.8393728335698 64.7289405266444 94.9629843235016 119.528373082479 160.926560560862 179.852426052094 190.89541832606 194.813927014669 197.017828623454 167.257765928904 142.450233300527 176.90642674764 209.036191304525
211.482008298238 204.655865828196 178.247968355815 170.601069927216 168.75680287679 159.845332304637 145.315885543823 124.241958061854 112.953007221222 116.744776566823 129.571328560511 134.889791409175 143.15602183342 153.625110785166 150.48286318779 150.63664317131 160.061299800873 172.059873739878 180.748045444489 171.390215555827 170.790453751882 175.866742928823 187.941531340281 196.603854497274 200.631658236186 197.910527388255 181.025624275208 176.335612932841 157.97358751297 123.445123434067 90.4463032881419 75.1970857381821 42.4842933813731 9.64915566146374 7.19988284011682 21.9648306568464 60.3486001491547 87.0676239331563 109.455168247223 128.002494573593 135.486523310343 128.45978140831 128.397762775421 155.871679385503 168.168127536774 199.191331863403
206.954757372538 205.133974552155 192.538698514303 174.152115980784 159.721821546555 159.33566292127 146.954715251923 135.99552710851 123.69034687678 122.033288081487 128.014465173086 134.016086657842 140.300462643305 151.236534118652 151.359021663666 152.032246192296 158.410966396332 170.464158058167 178.039153416952 169.895172119141 169.332762559255 166.032234827677 174.001574516296 181.787033875783 182.089726130168 178.908546765645 167.194743951162 162.684470415115 138.811846574148 95.0980484485626 78.0596484740575 74.2835203806559 51.5048901240031 9.90154966711998 4.98468863467375 20.5864844222864 41.8522655963898 58.3824465672175 70.0784027576447 81.4459572235743 77.5938183069229 76.5018860499064 100.539068380992 185.365815957387 187.444448471069 199.737588564555
194.374064604441 199.788928031921 200.403034687042 178.600132465363 160.301506519318 160.528322060903 158.786674340566 166.55288139979 163.3513768514 150.53054690361 139.799624681473 151.153852542241 154.160817464193 164.72535332044 164.930085341136 158.524970213572 160.339067379634 172.828614711761 177.428325017293 181.033213933309 185.656944910685 181.53703212738 175.695141156514 171.986560026805 171.475728352865 171.697854995728 162.040601174037 147.023568550746 125.602771838506 110.589842001597 107.941250006358 119.430224100749 114.486008882523 54.2406986157099 26.9055043657621 39.5700186491013 44.0155963102976 52.722046772639 62.6821567614873 60.5923980474472 55.7431777318319 59.2515965302785 106.833130121231 185.403605302175 204.280833403269 209.693868954976
194.247484207153 199.277818202972 201.684931914012 185.018181800842 176.896234353383 178.809702396393 184.738834698995 192.142407099406 198.840121428172 191.071291764577 168.231725692749 174.774666627248 175.769766171773 183.907508850098 180.972119172414 168.690741062164 163.736154635747 175.490736961365 181.649446487427 196.595152219137 197.447180747986 194.163978099823 183.528443177541 174.435754617055 173.183600107829 171.533306439718 164.048413435618 152.969896793365 140.661289294561 145.508428414663 161.75177693367 187.523007392883 196.093579133352 185.095985730489 118.913133939107 62.0862791935603 58.5971275965373 61.0228429238001 63.3311122655869 57.4593544006348 76.3449172178904 112.308631340663 150.460561116536 181.879421075185 203.797419865926 207.546790440877
197.104334831238 194.661736488342 196.459889411926 188.23238213857 207.32714732488 203.487316767375 208.31310749054 206.244230270386 209.772765636444 208.37922890981 188.47785393397 181.906998157501 181.891163190206 182.534635066986 184.311787287394 178.039272626241 173.288762569427 180.314282576243 192.105094591777 198.675433794657 196.122129758199 186.011592547099 183.502038319906 182.711084683736 181.421478589376 179.767429828644 173.387030760447 173.352738221486 174.620270729065 186.647534370422 203.620791435242 216.468969980876 223.464488983154 235.806743303935 215.387841065725 119.662175575892 77.6598155498505 67.2496656576792 62.4775687853495 56.5790186325709 105.17884294192 185.540239016215 174.531678358714 169.221838315328 179.240604241689 180.662949879964
198.095003763835 185.985207557678 188.459873199463 193.896373112996 229.60635026296 214.964667956034 206.323524316152 199.081857999166 197.570264339447 193.036993344625 181.714614232381 173.507869243622 177.393635114034 181.952993075053 185.821334520976 188.704927762349 184.16041135788 178.127725919088 190.272688865662 190.561195214589 188.889900843302 180.675983428955 181.556979815165 187.1670683225 187.828004360199 181.062976519267 183.496137460073 179.776906967163 181.460122267405 200.576821962992 220.898111661275 234.606881936391 239.670832951864 240.427116552989 244.742512702942 193.287869294484 89.8543496926626 54.6702643235525 43.8628494739532 51.9060641527176 120.65201997757 176.750342051188 162.009656429291 126.351734002431 130.248824755351 128.59300772349
189.107020696004 178.063988685608 182.456950346629 203.387339909871 229.259351889292 214.359641075134 191.482345263163 172.373036543528 155.935873587926 152.512649695079 154.497146606445 156.220803658168 168.107390403748 180.61355749766 186.322251955668 193.971216678619 189.929445584615 175.594766934713 179.992000261943 180.72376648585 180.895109971364 181.332548459371 181.646863619486 188.631256421407 191.723068555196 185.646931330363 189.753075440725 184.923986593882 187.258104483287 206.278999646505 230.691691239675 246.387918790181 244.680066903432 242.830415566762 253.799041112264 250.152667363485 181.02107445399 89.5331005255381 66.6925807793935 74.3098010619481 107.385853926341 128.001838922501 140.176713466644 105.544457832972 93.6357577641805 103.208720684052
188.917458057404 194.493730862935 223.85428349177 268.399596214294 257.924954096476 221.141437689463 183.001379172007 150.359869003296 134.976843992869 141.671121120453 140.261828899384 130.939344565074 161.743640899658 180.927693843842 191.726962725321 199.498375256856 197.25493590037 183.332085609436 183.308641115824 184.836725393931 182.852029800415 187.568803628286 189.92026646932 191.655615965525 195.127069950104 198.756953080495 198.835492134094 195.163826147715 195.782542228699 216.386596361796 239.871144294739 251.195092995962 247.11815516154 252.72927681605 262.91290918986 267.099916934967 258.969982465108 223.805864651998 141.239166259766 99.4763970375061 89.264839887619 92.8727189699809 111.095488071442 100.142886241277 94.6150322755178 111.138850450516
207.195023695628 242.801825205485 283.240993817647 302.474757035573 306.934158007304 264.92695013682 213.817874590556 173.756460348765 161.401748657227 169.933438301086 159.228930870692 141.293654839198 154.654711484909 178.176005681356 196.495334307353 203.073581059774 199.550608793894 194.667478402456 186.966876188914 189.193526903788 189.436336358388 193.790117899577 196.555376052856 195.996244748433 198.930641015371 211.039006710052 209.581275780996 212.845583756765 215.198417504629 227.23126411438 243.151307106018 252.645035584768 255.327483018239 262.442370255788 269.92791891098 263.953010241191 262.19779253006 271.688501040141 223.48952293396 142.643501361211 98.1112519900004 95.7785248756409 99.1774499416351 100.90446472168 118.842929601669 141.388595104218
262.154559294383 291.113475958506 302.905301253001 300.496697425842 314.081350962321 309.567928314209 279.172956943512 242.473483085632 214.809576670329 205.703318119049 196.727236111959 176.275531450907 161.506861448288 176.415503025055 198.911050955454 206.475377082825 200.858473777771 203.743080298106 192.279577255249 189.216812451681 196.71497742335 198.699613412221 198.489864667257 198.117673397064 200.799306233724 214.191317558289 221.599241097768 227.624833583832 226.420879364014 230.529427528381 244.997541109721 255.773305892944 255.76776266098 254.343668619792 256.815711657206 245.323280493418 248.016079266866 248.799641927083 217.086374759674 164.862473805745 128.220836321513 115.404009819031 105.639855066935 97.2316861152649 116.735279560089 144.506851832072
289.960424105326 302.827477455139 299.533565839132 291.068355242411 298.483947912852 310.325145721436 307.175437609355 277.39953994751 243.919491767883 228.141029675802 228.469928105672 213.837663332621 187.314927577972 187.556842962901 198.935508728027 202.785591284434 199.868659178416 201.465825239817 193.515201409658 194.430669148763 193.420767784119 196.081260840098 194.880525271098 195.098459720612 202.372590700785 213.168601195017 224.133054415385 225.549737612406 228.418091932933 234.671711921692 248.285134633382 249.790509541829 237.192432085673 228.464106718699 231.89655939738 212.445378303528 211.484551429749 200.087428092957 168.861409028371 145.59664328893 158.249249060949 148.14829826355 124.575684467951 105.489830176036 105.199078718821 125.515758991241
299.399058024089 301.892638206482 304.819842179616 296.006083488464 294.282813866933 301.050066947937 310.218691825867 299.042264620463 265.085736910502 238.81342013677 233.562588691711 230.47020037969 218.04803609848 202.877442042033 200.784464677175 201.530416806539 197.697917620341 194.895466168722 193.87032588323 198.275784651438 193.574468294779 192.66140460968 193.804124991099 195.599873860677 200.486620267232 207.417209943136 217.408935228984 216.736276944478 220.902880032857 236.070672671 243.72132619222 236.238300800323 223.746736844381 221.357226371765 214.104692141215 196.2917248408 199.766258398692 197.643637657166 185.312151908875 171.383659044902 178.179085254669 185.557166735331 157.121449708939 136.829088131587 119.113852580388 111.127664645513
307.598173618317 307.925740877787 311.140576998393 307.872176170349 301.588654518127 301.207542419434 308.623532454173 308.456261952718 277.466098467509 248.280862967173 233.602941036224 230.461657047272 235.315223534902 215.17022450765 204.748034477234 206.279277801514 202.1790544192 193.186501661936 199.508468310038 199.309964974721 197.025100390116 193.77593199412 197.316686312358 201.615790526072 199.704964955648 204.768280188243 208.764672279358 208.118140697479 214.668333530426 232.468565305074 237.527330716451 231.41223192215 226.297557353973 227.278312047323 209.578573703766 202.61291662852 208.436131477356 213.897506395976 215.875764687856 203.332881132762 166.110167900721 159.123122692108 149.604181448619 135.213961203893 120.454748471578 102.432588736216
302.950978279114 304.145713647207 307.017842928569 306.485235691071 299.359003702799 295.551657676697 303.06073029836 309.098402659098 282.666583855947 247.313320636749 232.727587223053 230.120639006297 231.894890467326 213.609834512075 202.16977596283 210.070629914602 210.67214012146 199.166317780813 199.463327725728 204.236547152201 203.462421894073 197.989384333293 197.970906893412 202.956954638163 197.017073631287 200.058380762736 204.705278078715 213.083306948344 216.494023799896 230.583866437276 237.283885478973 233.992874622345 228.209435939789 228.438258171082 210.106054941813 212.80296643575 216.032524903615 221.790413061778 223.152379194895 204.875191052755 138.870348532995 112.13281750679 95.5846508344014 89.7276202837626 88.4333948294322 87.7598027388255
292.838672796885 298.461278279622 303.764700889587 302.252868811289 298.622965812683 298.933943112691 304.249544938405 309.029777844747 295.58006922404 258.200963338216 242.176910241445 227.735002835592 216.566661993663 207.355141639709 196.400940418243 202.966531117757 213.215152422587 207.158545653025 199.723442395528 204.608698685964 204.55006758372 199.390014012655 195.770959059397 197.517414887746 198.57931137085 199.306527773539 202.430685361226 212.796171506246 217.352151870728 223.236997922262 233.649333318075 236.66512966156 231.33244117101 208.893179893494 203.701853752136 221.457660198212 229.317982991536 231.035431226095 224.781016508738 213.196237881978 135.692377885183 77.5185922781626 59.0579609076182 51.7596503098806 53.3558626969655 61.7468655109406
265.85590839386 274.991552035014 281.758983929952 284.606834252675 288.962721824646 297.609269618988 304.984350999196 307.761311531067 300.460437933604 274.113972981771 245.239655176798 230.075478553772 211.13924185435 211.623092492421 200.702945391337 194.028913974762 207.921187082926 207.226713498433 200.867195924123 200.046022733053 200.32149553299 198.210219542185 194.096048672994 195.093433062236 198.332091172536 204.051037629445 203.137099742889 208.397507667542 214.596529801687 215.456585089366 223.337690035502 234.965602556864 227.687021096547 203.471064567566 209.308445453644 236.96905374527 242.030402024587 235.620597998301 226.132611433665 225.260674953461 192.552447319031 108.1469754378 60.2446695168813 47.9786396026611 50.1167078812917 48.2516437768936
232.329805692037 238.923033078512 237.548311551412 247.273544470469 261.446197827657 274.282733599345 286.092400550842 291.901469230652 287.201245625814 269.105533758799 243.757843971252 222.242971261342 210.126082102458 207.138021787008 203.895707925161 196.438431739807 202.751517295837 202.84910996755 194.310466448466 195.284982522329 198.436836401621 200.976550579071 200.600902239482 195.276916027069 193.796734015147 199.285785357157 204.927643140157 207.776188850403 212.230344613393 213.054617245992 215.186794598897 225.892663002014 218.829035758972 206.11164967219 234.498540560404 251.216570536296 246.360778808594 238.498608271281 233.376900355021 240.551153818766 254.519740740458 222.713450590769 138.350824515025 87.4651074409485 64.2170409361521 47.3603407541911
