input/barkrak2/radiation/dir04324.grid
NCOLS 85 
NROWS 70 
XLLCORNER 665100 
YLLCORNER 4664600 
CELLSIZE 20 
NODATA_value -9999 
[rows 22 to 43 of 70, columns 0 to 48 of 85]
70.5201079448064 63.9347682396571 40.6409700711568 34.4608028729757 30.0069401661555 14.2144237955411 21.7514981826146 13.3248766263326 11.9629216690858 10.7525996863842 24.5150774717331 25.9385953346888 29.0353844563166 29.5168831944466 30.90434273084 38.1550913055738 48.983762661616 59.0698222319285 67.0479039351145 67.6725010077159 73.4641700983047 88.7505114078522 102.413763602575 107.993255058924 107.864061991374 102.017949024836 94.3128367265065 87.5127911567688 79.5607666174571 63.5056147972743 44.6279942989349 20.6087231636047 3.38946469128132 0.147384562296793 0 0 0.0368840992450714 0.0460875550440202 0 0 0 0 8.75908136367798 9.75960865616798 22.9346478978793 38.1319721539815 44.5765753587087 50.629069407781 62.387819091479
105.761885643005 94.6206947167714 58.9125653107961 40.6782229741414 34.5764011144638 35.1868197321892 32.560333609581 23.5694522658984 12.0337605476379 10.3022120893002 25.9698877731959 28.4552350640297 34.2516501744588 39.2979830503464 36.6803929209709 39.4823501507441 46.262726187706 56.9733629624049 63.2787942886353 55.8447390794754 55.8186670144399 60.9189122915268 73.6202150583267 85.379679997762 93.0724740028381 93.7052369117737 87.5480771064758 70.9273715813955 63.0163153012594 27.66003459692 22.0510537425677 11.9991513590018 0.145191384945065 0 0 0 0 0 0 0 0 0 0 14.6633957823118 18.8377437492212 27.1380792061488 34.1154684623083 38.0021681388219 42.7322934071223
105.049828688304 100.838283697764 77.43239402771 45.2991922696432 27.2134790817897 34.2594385147095 31.7697450518608 28.5386939843496 23.6029972632726 21.7335447669029 23.8187909126282 27.4632622798284 30.8088362216949 36.5274672706922 37.4978929758072 38.0919973055522 43.8365489244461 55.5246124664942 61.3168875376383 55.4639001687368 53.6286383867264 51.1215478181839 59.8291605710983 67.956065138181 74.325035015742 75.7564157247543 73.4847784042358 63.557247320811 42.988841732343 20.7398993273576 14.7953853011131 12.3273096978664 1.29134619298081 0 0 0 0 0 0 0 0 0 0 25.9376987814903 25.1904899875323 27.5860701998075 30.1134039958318 35.9869450330734 39.5513301094373
90.7859802246094 95.8033998807271 88.8099074363708 55.5933018525442 27.644785741965 34.4572787483533 40.9957095980644 49.0984519322713 48.672541975975 38.7987941503525 33.4462051590284 37.3019774754842 38.2231598099073 44.7326203187307 44.9299563964208 41.0077969233195 42.4548238515854 54.6764632066091 61.8754277626673 65.195769071579 65.5641307433446 62.0106210311254 58.6983611186345 59.8248938719432 62.6509586970011 65.2137696743011 61.0535442829132 60.5500290791194 37.7974634369214 32.3733563224475 28.7625193595886 34.9588319659233 28.1080454587936 0.00189592143821452 0 0 0 0 0 0 0 0 0.892653207605084 29.5224611957868 27.6666755477587 33.2679773370425 31.2942738334338 32.9607998331388 36.3640735546748
89.4962251186371 95.1230724652608 93.1967298189799 66.0212139288584 42.2763079404831 50.4831771055857 62.2877379258474 71.8417664368947 79.1798134644826 72.138915459315 51.1003881692886 54.7588417927424 52.0786195993423 55.3801010052363 58.3198418219884 47.971248626709 47.0518271128337 56.3697765270869 64.6231472492218 76.6583830118179 77.8115093708038 75.8137206236521 67.0050283273061 62.0399514834086 62.2868438561757 64.914733171463 60.4895104964574 66.2705451250076 61.4693462848663 60.1466596126556 66.7788883050283 87.0367288589478 96.1232384045919 74.4940191507339 0.846116027484337 0 0 0 0 0 0 0.340665923431516 14.3897272646427 22.6953476667404 14.1374692320824 15.5266945560773 17.9420014222463 24.8892605304718 24.4657595952352
91.3381775220235 89.9525384108226 90.272863705953 72.604164481163 70.4170962174733 73.3754088481267 83.6901664733887 88.1229440371196 90.9123023351033 85.196316242218 63.3902053038279 58.3769182364146 57.1911334991455 56.8332076072693 63.978523015976 59.2968612909317 52.3226757844289 61.3395621379217 73.3599762121836 80.1101823647817 77.4478216965993 69.5590724547704 67.5397167603175 69.1159168879191 69.8537975549698 69.8373814423879 67.4613962570826 77.3612558841705 94.2232708136241 99.2806255817413 105.465590953827 113.755206267039 124.598145484924 131.64621591568 85.3515068689982 5.36271743476391 0 0 0 0 0.136477271250139 16.7310958107313 16.0053633153439 11.9996021191279 7.94840541978677 2.95797269791365 11.2385042011738 12.0533766845862 15.8626462022463
94.3447748819987 82.408532500267 83.2793613274892 76.163982351621 91.6210015614827 87.0277285575867 85.7238968213399 82.5108786424001 78.2708624998728 67.5521443287532 57.3717057704926 52.1833201249441 55.5137495199839 56.4016997814178 62.8553132216136 67.3374732335408 61.525488893191 58.8943660259247 70.2458620071411 73.1995354096095 71.297233303388 64.227690299352 64.894621570905 72.195162375768 74.6517578760783 71.8866089979808 73.2904026905696 79.3744077285131 102.19207406044 116.045981645584 125.937521457672 131.864974896113 139.525711536407 141.986389954885 133.295118808746 55.9296210606893 0 0 0 0 1.20599831764897 16.5418970088164 14.7425308823586 3.59224962691466 0 0 2.66656714181105 6.70150046547254 13.7629993259907
95.0194497903188 76.4228204886119 77.2211253643036 82.4275116125743 91.7547146479289 85.9368443489075 71.8926737705867 57.0407211780548 45.592521627744 39.1594295700391 37.0025311907132 41.4606382449468 50.3939688205719 56.8594634532928 66.8917099634806 70.3764210144679 68.0833955605825 55.2783310413361 60.8500043551127 63.7801090876261 63.6262148618698 64.1060123840968 65.281609694163 71.6156462828318 78.5203923781713 75.5153646071752 78.644926349322 80.3376287221909 96.4579284191132 120.066364606222 136.354068915049 143.738528092702 144.718865553538 146.148949861526 153.875211874644 133.945415417353 49.1483757893244 0 0 0 0 0 1.99215703954299 0.803402780244748 0 0 0.759426038712263 2.43480922654271 7.70705565810204
93.022088209788 94.4183568159739 116.963535547256 150.520433982213 123.775780200958 91.9385353724162 62.034676472346 38.6562620600065 29.4830898443858 32.6283623774846 29.9555857976278 28.455709417661 47.1286674340566 57.1550379196803 69.5515871047974 78.0215660730998 74.5166937510173 62.2073511282603 61.9391252597173 65.7826165358226 63.9812995990117 67.6818440357844 70.5217371384303 73.1427371501923 80.715204278628 85.8349204063416 84.9292874336243 87.6129070917765 99.6065537134806 125.680307547251 145.11642853419 150.071412324905 146.320323149363 154.042432705561 164.045681556066 167.416930198669 140.401939551036 76.6672392686208 13.6656289299329 0.0263723632087931 0 0 0 0.514882461478313 0 0 0 0 0
106.815824906031 141.829520463943 190.693358580271 212.032854557037 190.703094005585 134.487867355347 86.1325164635976 53.8422167301178 44.2899167537689 49.993688861529 41.2725160519282 35.1586192846298 45.2271997928619 55.4514179627101 71.1140731970469 80.6462367375692 76.6760011514028 71.6911405324936 65.1284356911977 66.7234808206558 66.4352277914683 70.2941020329793 72.8743771711985 74.9050676822662 81.3584625720978 94.6401755015055 95.7250694433848 101.592342058818 111.439764499664 128.829389810562 144.755105177561 152.868092060089 156.171957651774 162.660489479701 168.666521708171 168.445388476054 161.150346199671 141.171038150787 72.5669165452321 11.6186651090781 0 0 0 0.459097830268244 0 0 0 0 0
168.614228566488 204.803268114726 227.672080198924 231.001853942871 229.592879613241 200.703581174215 155.141005913417 117.061366637548 89.5224908987681 77.7444938818614 74.0707715352376 60.99733710289 49.7685919205348 52.7430772781372 76.4863590399424 81.8291902542114 75.2424498399099 77.1910349527995 66.6423241297404 65.3147945801417 69.4674501816432 70.4727023839951 71.5680917104085 73.7693210442861 78.8423617680867 94.22767162323 102.597057819366 111.567745606105 120.268215735753 128.447552522024 141.505847374598 153.218924999237 155.018389225006 153.067986170451 154.842009147008 146.641920010249 148.086041212082 134.599635998408 86.6019328435262 32.0183783769608 6.14167129000028 3.46437158683936 1.71312953655918 0 0 0 0 0 0
219.111382961273 234.566847483317 238.421340783437 237.341543038686 239.709476629893 233.912269274394 211.36200428009 166.261732578278 126.997152964274 105.012675126394 105.01766204834 93.8760936260223 68.7935501337051 63.5624130566915 72.7255741755168 76.9350826740265 71.9532072544098 72.2825427850087 66.2623345851898 66.8549239635468 65.2868499358495 66.3909713427226 66.4665301640828 68.4668719768524 75.3006935119629 87.4520341555278 100.510001182556 106.948922077815 116.184959808985 128.906478484472 139.67964053154 143.03050438563 134.586522976557 122.857560714086 126.279135545095 109.32058095932 109.971394141515 94.17325258255 56.7569782336553 22.0709070563316 19.3675830960274 12.5602458914121 5.17784555753072 0 0 0 0 0 0
231.993019580841 238.442540168762 235.84512869517 237.795392672221 238.511959711711 237.981776396434 228.465139865875 195.006211598714 147.269189357758 117.808908224106 116.670022408168 113.789250453313 96.0067013899485 77.358270684878 72.9893296957016 76.8813689549764 70.0490176677704 65.207635362943 66.67926410834 69.8234091202418 64.5228922367096 63.1984819968541 65.2342389027278 67.812442779541 72.0069805781047 79.545130332311 90.9707049528758 93.1858321030935 104.558746019999 123.504082361857 132.668077945709 130.271901686986 123.409767945607 117.153823375702 108.907759189606 93.9789017041524 98.2647637526194 95.2881276607513 74.8040129741033 38.1079117457072 29.8052753011386 31.6832363605499 9.06081621845563 0 0 0 0 0 0
226.330637931824 230.011145273844 227.107842763265 227.347493171692 227.945248285929 222.326000531514 217.674215634664 197.796324888865 156.275163094203 128.920197486877 121.537526448568 117.954035600026 109.979848066966 86.7268045743306 78.3871710300446 81.8327367305756 73.9574829737345 65.2454396088918 69.492906332016 70.7759708166122 68.210631608963 65.0153011083603 68.6591068903605 73.1530338525772 72.5567092498143 78.0644019444783 83.2802057266235 85.1115981737773 92.5946036974589 115.086088577906 124.723583459854 123.720606168111 125.680575768153 126.685996850332 107.569605112076 100.869357585907 105.749487876892 113.048712412516 107.930848995845 66.7292177677155 26.1630564928055 12.0202675461769 0 0 0 0 0 0 0
204.833070437113 207.303365071615 209.396541118622 205.288330713908 205.439547697703 204.367498556773 207.524259885152 201.606810092926 168.390850226084 136.467486619949 122.545927762985 111.64246002833 106.668402751287 86.8336061636607 74.8982280492783 81.3556512196859 83.2751343647639 70.9167967240016 72.9813476403554 76.2238005797068 76.5106827020645 71.4684426784515 71.7038015524546 75.2966701984406 73.1208423773448 74.6685266494751 81.5417369206746 88.2792274157206 93.3904051780701 106.223950783412 122.180690368017 126.228163639704 126.899093389511 130.815088748932 111.257970333099 111.787815888723 112.454394499461 121.342976888021 121.100256840388 80.2594323952993 14.2927405734857 0 0 0 0 0 0 0 0
181.439300378164 190.100093682607 201.342642307281 198.679685592651 196.875373522441 203.290502230326 211.139837900798 213.286459445953 190.071304639181 153.493801752726 126.708755890528 104.040682315826 92.328021923701 80.963263909022 71.0340887308121 76.3182938098907 88.4760022163391 79.1971137126287 75.3971040248871 78.4374872843425 80.1057318846385 75.6048113107681 72.679877281189 74.7216294209162 77.0991792281469 76.4427681763967 79.9243301153183 90.5025998751322 94.3774481614431 99.3360777695974 112.209767103195 126.695503791173 128.508965174357 120.653053124746 106.981595357259 121.004084746043 125.125785668691 130.070358514786 128.670960664749 101.823389530182 9.3479168911775 0 0 0 0 0 0 0 0
144.18289065361 155.337870121002 164.80345527331 169.293582439423 177.186131477356 193.142453829447 207.301060358683 213.72793118159 204.626699288686 172.261734803518 138.651788234711 107.574721177419 89.2329414685567 85.6881042321523 77.6651203632355 71.141372124354 82.5646072626114 82.9597314198812 77.089657386144 76.5579690535863 77.4521132310231 74.2047776778539 70.7656443119049 73.2318560282389 76.620156566302 80.6917200485865 80.4989188909531 86.2104296684265 92.5971865653992 93.8431719938914 103.188693523407 120.547612508138 126.384148995082 108.372310797373 110.767871141434 131.629019975662 136.558711528778 134.47380065918 132.895767688751 128.667910893758 69.3307866652807 0.732668520261844 0 0 0 0 0 0 0
106.64043823878 114.019364118576 113.10675740242 124.299724896749 140.75568318367 158.346841732661 173.939347267151 185.258309046427 186.042229334513 159.84171628952 124.385148286819 100.024123986562 85.9961311022441 83.6232304573059 79.3012082576752 74.1206407546997 78.8254837195079 79.5786380767822 72.0101594924927 71.4280605316162 75.0143279631933 79.3943504492442 77.8747648000717 73.3381907145182 72.4586149056752 76.2137820323308 82.0282797018687 86.5231653054555 91.5748476982117 91.2505487600962 94.1296716531118 107.613245646159 115.449368953705 111.600498358409 134.086946646372 144.939372936885 141.434927781423 135.1731022199 139.822006225586 151.672581831614 146.039456129074 79.7945261001587 10.6323038538297 0.0850325838352243 0 0 0 0 0
95.1132973035177 97.1753100554148 97.018967072169 98.8068381945292 108.628362417221 114.836553732554 118.379513422648 124.668578306834 123.86683622996 106.446435054143 90.0153319040934 86.1566265424093 85.1398011048635 81.5915564695994 79.272190729777 78.9892375469208 77.6852866013845 77.5812069574992 72.9538102944692 71.8666811784108 76.2890577316284 82.0663869380951 83.4428270657857 79.0275484323502 75.5189508199692 74.9577929576238 84.7307840983073 86.9911909103394 91.8219089508057 92.2923783461253 92.33757853508 100.958287715912 108.810822168986 120.702127615611 143.582979838053 143.281350533168 132.936269044876 121.951421101888 125.710705916087 144.431054592133 154.560387134552 152.086367209752 92.1585559844971 20.5714044471582 0.281599001027644 0 0 0 0
103.862335284551 101.452648639679 101.312309503555 100.810319185257 96.7591404914856 94.9243207772573 92.9640332857768 93.898336092631 99.3083516756694 90.1307463645935 81.693967183431 82.6723724603653 86.5533947944641 86.3623023033142 85.2015713850657 82.5162579615911 76.9927750031153 84.4009617964427 84.6169193585714 79.2961766322454 81.3763837019603 82.2503715753555 82.0305645465851 84.0463042259216 83.7977230548859 80.0564388434092 85.4305525620778 89.5037750403086 91.876486937205 92.2567844390869 95.0815478960673 99.2445747057597 106.94228609403 124.634981155396 138.675192991892 131.177564462026 117.275764544805 106.099923451742 103.129466374715 116.292725006739 148.29276005427 153.517107168833 129.061281681061 64.4076367219289 8.86419725914796 0 0 0 0
109.096010526021 106.165577967962 108.884781599045 107.031921545664 99.961260954539 96.124788125356 93.5819546381633 90.0030235449473 89.7712310155233 86.7654184500376 84.4410459200541 83.4603210290273 87.0200991630554 90.6120936075846 90.6940003236135 86.9791309038798 83.3423833052317 89.8878773053487 92.0676092306773 85.0082437197367 82.1866095066071 80.2782773971558 76.7037322123845 78.5013139247894 82.9965174198151 79.6177635590235 76.5604823827744 82.7435751756032 87.9496534665426 90.9323294957479 92.2305285930634 93.2444036006927 104.211827119191 126.059800386429 133.088121811549 118.861099084218 104.836046695709 101.556460062663 101.903756459554 112.476567427317 120.156784852346 123.527616262436 108.766049146652 74.1433948278427 16.288069387277 0 0 0 0
92.2443171342214 95.1742629210154 104.537357886632 101.540227731069 104.032417138418 106.674909591675 105.258295933406 100.669125715892 89.1070266564687 87.9291196664174 91.0597046216329 86.6407553354899 86.8243078390757 90.5728936195374 90.9010668595632 88.6145532131195 89.6777709325155 91.6261772314707 91.7429327964783 86.0943992932637 80.2732706069946 78.5032411416372 75.9685685237249 74.3848184744517 77.1862367788951 80.9461971124013 77.0254135131836 78.6294440428416 83.9825371901194 86.2744947274526 85.5300923188527 83.892285823822 95.4114000002543 111.105144023895 117.737005154292 106.731335322062 102.455874284108 107.435186704 111.602942148844 112.726142009099 107.851733764013 104.806224505107 99.1010367870331 71.4626610279083 26.279461880525 0 0 0 0
