input/barkrak2/radiation/dir04624.grid
NCOLS 85 
NROWS 70 
XLLCORNER 665100 
YLLCORNER 4664600 
CELLSIZE 20 
NODATA_value -9999 
[rows 22 to 43 of 70, columns 0 to 48 of 85]
75.4045943419139 68.8635011514028 45.3719248374303 39.7480875253677 34.9546621243159 16.7126581072807 25.0465149680773 20.6132034460704 14.0850444634755 21.6164340575536 28.0399670203527 29.6819657087326 32.8940401474635 32.3337862888972 34.2942426602046 40.6360626220703 53.1890590985616 63.4555717309316 71.835199991862 73.5814174016317 79.5435359080632 94.1558480262756 108.011345068614 111.912240584691 112.094640731812 107.669293880463 98.5071857770284 91.5140509605408 83.1027030944824 66.5996869405111 47.4853366613388 22.3508725563685 5.22051937878132 0.351317304496964 0 0.00259568787441822 0.183194138420125 0.201716339991738 1.96582063411673 1.18940533138812 0 1.40848367785414 15.9746234615644 15.117671340704 35.0814014673233 54.8781752586365 61.5216592947642 64.2969657977422 68.1919902563095
111.033876736959 99.8904705047607 64.0215873718262 45.8792547384898 39.6832625071208 39.7419879833857 36.5386083722115 26.8903772036235 12.778002768755 12.467918296655 29.5139029622078 32.295140127341 37.0478282372157 42.147696018219 41.27436876297 42.1029428641001 51.3373663028081 61.4759673674901 67.9632276296616 60.4879210392634 60.6686969598134 64.7275994221369 79.6496321757634 90.3780659039815 98.4864234924316 98.9176332950592 92.6574269930522 78.3118108908335 65.7246559858322 30.5304725964864 24.7691099842389 13.8947044809659 0.331270353247722 0 0 0 0 0 0 0 0 0 0 24.0616500377655 29.7683452566465 37.9974295695623 49.3646164735158 57.357336084048 63.1756881872813
110.266307989756 106.075624624888 82.603707909584 51.0664929946264 31.8927193681399 38.545290629069 35.8197962244352 32.2114874919256 26.8861353397369 23.345244427522 27.1692996223768 29.7619874278704 33.5509379704793 40.4481242100398 41.563019156456 42.7770564953486 48.1597731510798 59.0816040833791 66.9802278280258 59.2363178730011 58.490385611852 54.9435118834178 64.8904144763947 73.7818628549576 79.4360240300496 79.9509286880493 77.8215974569321 67.4124707778295 53.5994569460551 22.829681634903 16.8670540054639 14.3711293737094 2.41987081244588 0 0 0 0 0 0 0 0 0 0 37.0087946454684 32.7767431735992 30.7153960069021 36.5619584918022 44.4070746501287 56.3662052154541
95.9194401899974 101.013948520025 94.0587023893992 60.9346230824788 32.659520705541 39.0101398030917 43.9951817194621 51.7808347940445 51.0801325241725 42.8171257177989 37.2791762153308 39.7297143936157 40.939783056577 49.6784200270971 49.1888572772344 45.3609277804693 48.2675780852636 57.5526207685471 66.5929168462753 69.0631568431854 70.7097848256429 66.316564877828 64.2133851846059 63.9285345872243 67.5658881664276 70.1673527558645 66.0006999969482 64.9403830369314 40.1951000094414 34.9414547284444 31.8104128042857 38.3915901184082 31.3861767450968 0.102045683888718 0 0 0 0 0 0 0 0 2.79532186686993 34.7209249933561 30.9567153453827 36.7211947838465 34.5273489753405 38.0626072486242 41.6504268844922
94.6403940518697 100.333342949549 98.4515349070231 71.0664838552475 47.6966251929601 54.3633252382278 65.383051832517 74.5481501022975 81.6865861415863 74.5660314957301 55.6809604167938 57.304784655571 56.6753844420115 59.8367104927699 62.5969568888346 52.4268994728724 50.5939473708471 61.8244061867396 69.5439875125885 80.5967003107071 83.2803249359131 79.8275073369344 72.791854540507 66.2343402703603 67.2382016976674 69.9037214120229 64.9218062559764 70.4991569121679 65.1985506216685 64.1536066929499 71.2287575006485 91.9974644978841 101.187825202942 79.6016355355581 3.29693158467611 0.000495739413963747 0 0 0 0 0 1.69872942691048 19.9558412035306 26.8299182256063 24.3183473745982 25.9407212336858 28.0700201789538 27.8261254231135 31.9090336561203
96.5550243854523 95.102995634079 95.4879820346832 77.8494824965795 76.3891637325287 77.3355662822723 89.0264809131622 90.6132260958354 93.3083395163218 87.7253711223602 68.2872037092845 63.1701449553172 61.89826130867 61.3247255484263 67.3280855019887 64.0825877587001 57.1283300717672 66.0020411014557 79.3870786825816 84.9106907844543 82.9391231139501 73.6570109923681 72.8200674057007 73.4089513619741 74.4455903768539 74.9087482690811 72.4655091762543 82.6797236998876 98.612368106842 104.005376497904 110.606114069621 119.015395641327 129.815697669983 136.948645114899 93.8241581122081 9.43921320140362 0 0 0 0 1.49704143404961 33.4721331795057 27.2574176390966 16.7650903264682 13.9789904157321 12.2253919641177 16.3707956671715 18.3712715903918 22.3748981952667
99.5481312274933 87.410032749176 88.3530875047048 81.5419902404149 96.9944695631663 92.8539335727692 88.4557068347931 84.9708120028178 80.8114111423492 72.567010919253 62.1750056743622 56.8487346172333 60.1798494656881 60.8847588300705 69.7070211172104 72.2335477670034 67.1069920063019 64.3678804238637 75.5335638920466 77.8462241093318 76.6299068927765 69.4864839315414 69.1298643747966 77.091043194135 80.5460214614868 76.4548927545547 77.9495139916738 83.8660895824432 107.27263490359 120.899816354116 131.072858969371 138.380189736684 144.761433204015 147.193570931753 139.542599519094 63.058207432429 0 0 0 0 4.04652860015631 20.1363402108351 17.1714462339878 6.12747545043627 3.86476547767719 3.52040523042281 7.76611392696698 10.623508443435 20.2721791962783
100.096980730693 81.2660058339437 82.1928332249324 88.0284408728282 96.8696375687917 91.7010804017385 74.6763447920481 59.5219035943349 48.0578194061915 41.7489508787791 41.1841000119845 45.8329220612844 54.9609114726385 61.3790253798167 71.768840154012 78.3147265513738 73.8995869954427 61.8394960959752 66.0634885231654 68.9760148525238 69.3096816539764 69.4019794464111 69.2747682332993 76.6559441884359 83.966851234436 80.1832179228465 83.8087201118469 85.5902234713237 101.438999176025 125.053385893504 141.490598519643 149.936387936274 149.938484032949 152.114123106003 160.139848788579 141.325364510218 55.5945088466009 0.192885170690715 0 0 0 0 10.077782596151 1.11797141532103 0 0.82696679358681 2.48135222742955 11.6780040164789 17.6756158471107
97.9048311710358 99.4738936424255 122.550298770269 157.03405936559 128.8021504879 97.8361864884694 67.0561641454697 42.7766839663188 31.6819995641708 35.0388040145238 32.1590751409531 32.1447451909383 51.6414741675059 61.7216428120931 74.5063225428263 83.3681126435598 79.9997001886368 66.4426783720652 67.5638417402903 70.6549088160197 68.9982026815414 73.1689780950546 76.1120071013768 78.7240962187449 85.3772262732188 91.0439193248749 89.8900330066681 92.7219986915588 104.943950970968 130.797336498896 150.256951649984 155.285775661469 152.501692374547 160.307914018631 170.531054337819 174.004177252452 147.033631801605 82.6270878314972 16.7736075818539 2.31674034148455 0 0 0 0.718961314608653 0.182780592391888 0.9304938527445 1.09094862515728 3.25452350080013 5.43096537391345
112.009505430857 147.492438554764 196.801702181498 217.490315437317 196.063538392385 141.120195388794 89.8657739162445 56.7518770694733 48.661857843399 54.6624561150869 45.6438312927882 37.303626537323 49.6960133314133 60.0303411483765 78.6315500736237 84.6234560012817 82.1922620137533 75.5932331085205 70.6059634685516 72.4869569142659 73.0132162570953 75.923095146815 79.8267821470896 80.5697441101074 87.3422821362813 99.8685657978058 100.817829370499 107.60439435641 117.267986138662 134.708215792974 150.916626056035 159.221271673838 161.335488160451 167.793273925781 173.749109109243 173.459053039551 167.642017205556 148.108055194219 78.4446150064468 15.3483947118123 1.08560073810319 0 0 1.40290598695477 1.2505444077154 0 0 0 0
174.286484718323 210.279703140259 233.950932820638 235.802253087362 234.465301036835 207.600355148315 161.835292975108 120.593329270681 95.104585091273 82.9546203215917 79.4956187407176 63.4348938862483 52.245964606603 57.2942992051442 80.3931703170141 86.0062142213186 81.258088350296 81.4850628376007 72.134867310524 70.5543259779612 73.8891760508219 76.2663831313451 77.4583667516708 79.6381384134293 84.6347510814667 100.310683250427 107.740501562754 116.843640804291 126.389920711517 134.469290574392 147.827655076981 159.764478603999 161.501089731852 158.291816711426 160.078018903732 151.881168286006 153.307567040126 139.969289302826 92.5248662630717 36.7339054743449 8.58555361628532 4.9469064300259 2.20626344283422 1.47562225659688 0 0 0 0 0
224.104066689809 239.076574643453 242.648919423421 241.54269695282 243.803421656291 240.248481432597 217.969298362732 172.674437363942 133.145093917847 111.045221487681 111.033002535502 96.7430373032888 71.6724147399267 66.934068997701 77.0151366790136 83.0119997262955 76.353907585144 76.596071322759 71.7688302199046 72.4367996056875 69.9882755676905 72.0260938008626 72.1640884876251 73.1518268585205 81.1440298954646 93.5148199399312 106.806615988413 112.183819214503 121.481557687124 134.193102518717 146.175036827723 149.529953797658 139.821877082189 128.869265317917 131.614367167155 114.588091770808 115.218053261439 99.4276205698649 61.5947892268499 26.4536365866661 22.1363231539726 16.4184247454007 6.89448043704033 1.3844029357036 0 0 0 0 0
236.597756544749 242.638389269511 242.040932178497 241.824507713318 242.421646912893 242.007633050283 235.003034273783 201.837301254272 150.980740785599 121.261735757192 119.744161764781 116.88087383906 99.435567855835 81.1685472726822 77.4076481660207 81.794485449791 74.7778167327245 69.7896728912989 71.5921024481456 74.5270401239395 69.2278792460759 69.0394788980484 71.2574621041616 72.4337995052338 77.788382768631 86.6381426652272 97.1100131670634 100.226491689682 110.606720050176 128.80935271581 139.112571875254 136.453260978063 129.154215256373 122.398555278778 114.613761504491 99.1094410419464 103.413174549739 100.440144538879 79.9153397480647 42.9801692565282 35.2965941031774 33.5046177109083 18.2858407497406 0 0 0 0 0 0
231.245954831441 234.757502873739 230.039874712626 232.063114643097 232.675790786743 227.190216382345 222.71066904068 204.905013243357 160.479287306468 132.384479045868 124.565690755844 121.247092882792 113.673746585846 92.8070247173309 82.8991085290909 86.5880052248637 78.5348514715831 69.8535591363907 74.271097779274 75.6048113107681 74.0800152222316 69.7622398535411 73.6241588989894 77.7996927499771 77.2211303313573 82.7980438868205 88.1398320198059 90.0924702485402 100.194831689199 120.370000600815 131.062159935633 128.95530462265 131.490767002106 132.51448671023 113.222350676854 106.072008609772 110.991517702738 118.284553289413 113.254765669505 71.5559224287669 28.6076093713442 16.0823551317056 0 0 0 0 0 0 0
209.194719791412 212.769071261088 214.775343736013 210.656444231669 210.887829462687 208.694914976756 212.858378887177 206.684589385986 172.65506585439 139.814039071401 125.679234663645 115.289549032847 108.880639076233 91.5810465812683 79.4642219940821 86.8061085542043 89.3354217211405 75.6631841262182 77.9643605152766 80.9567521015803 81.222136815389 76.0619143644969 76.2955596049627 81.1841189861298 78.9427111546199 79.3607731660207 87.4494016170502 94.2763189474742 100.431283315023 115.979224443436 128.546645243963 132.39997625351 132.069418827693 136.610905329386 116.62957072258 117.315232753754 117.734760046005 126.597146193186 126.381536324819 85.4110320409139 16.607274611791 0 0 0 0 0 0 0 0
187.297999858856 196.995437145233 206.851919492086 202.841361363729 202.4747133255 208.779772122701 216.377178827922 216.376900672913 194.458285967509 154.114226500193 130.279997984568 110.396921634674 97.0524847507477 85.8757495880127 75.8224427700043 81.5181235472361 93.5359497865041 84.05468861262 81.4530452092489 84.5835506916046 84.850400686264 80.2603016297023 77.2912005583445 80.5945098400116 81.8195988734563 82.3202828566233 85.8330130577087 95.4572558403015 99.3372897307078 105.580508708954 122.226297855377 132.998506228129 134.570807218552 126.242031653722 112.026949723562 126.585612694422 131.017774343491 135.344405968984 133.855928977331 107.155442237854 12.7023247381051 0 0 0 0 0 0 0 0
149.406671524048 161.250541607539 169.619599978129 175.1788854599 182.999551296234 198.784013589223 211.145917574565 218.787531057994 209.094405174255 176.164110501607 140.402098496755 112.34638094902 94.2604144414266 91.8728808561961 82.6373100280762 75.9785970052083 87.941974401474 87.8699024518331 81.8905582030614 81.5826555093129 82.2008748849233 78.8915952046712 76.572189728419 77.9187977313995 81.3068300485611 85.4152937730153 86.430569489797 92.2287007172902 97.5240767002106 100.00071922938 110.771586497625 129.366338253021 131.507138411204 113.542258739471 116.158942381541 137.769242127736 143.872867027918 140.477399031321 138.480583826701 133.856803178787 74.3974447250366 1.9655271122853 0 0 0 0 0 0 0
112.539450327555 119.342893362045 118.987262248993 129.472424586614 146.660506725311 165.278375148773 179.597159226735 190.676887830098 189.012030760447 164.706567923228 129.572918017705 104.163378477097 91.2095606327057 88.8707041740417 84.5897297064463 78.1666835149129 83.7919016679128 84.5438838005066 76.9265989462535 76.1213054259618 79.8648496468862 84.2045644919078 82.6047559579213 78.0011167128881 77.0766884088516 82.0915549993515 88.0021949609121 90.1616116364797 96.4752535025279 96.0990488529205 100.288997093836 114.94904756546 123.386104901632 116.572091976802 140.102704366048 151.427298784256 147.776156663895 141.370117664337 144.947816928228 158.508668343226 151.359925667445 83.3386878172557 13.6729255318642 0.219934290119757 0 0 0 0 0
100.991825262705 103.038877248764 102.881679932276 104.590545097987 113.801379998525 120.643069346746 124.100575844447 130.37958741188 129.382640123367 112.973640362422 96.2768296400706 91.4814273516337 89.5437399546305 85.8450730641683 84.4614803791046 84.132194519043 82.9350799322128 82.5965901215871 77.8513103723526 76.6348838806152 81.281304359436 86.8284205595652 88.2436831792196 83.8000277678172 81.4120372136434 79.6497811873754 89.5203649997711 93.0691758791606 96.7112183570862 98.4326998392741 98.4705090522766 105.958203474681 115.298370520274 126.414100329081 150.067329406738 148.351808389028 139.075338840485 129.372338453929 131.793707609177 150.288710991542 163.330604632696 157.383650541306 96.854954957962 23.3930399020513 0.676263201360901 0 0 0 0
109.778265158335 107.387711604436 107.192327578863 106.635709603628 102.519730726878 100.15136996905 98.6378391583761 99.4885166486104 103.984554608663 95.5794751644135 87.0664219061534 88.9378388722738 92.0189420382182 91.6024744510651 89.3345276514689 87.6665910085042 82.1522623300552 89.5100037256877 89.5763238271077 84.046592315038 86.2017273902893 87.0060523351033 85.6710473696391 88.9125168323517 89.8837745189667 84.7562650839488 90.179979801178 94.3467815717061 96.7536667982737 98.4271963437398 99.9043881893158 105.413446823756 111.953685681025 134.881258010864 143.776069084803 136.274735132853 122.913340727488 111.593266328176 109.497139851252 121.510138114293 153.467208147049 160.300115744273 134.302278359731 68.8383976618449 10.943075021108 0 0 0 0
115.123331546783 111.786464850108 114.850481351217 112.932801246643 105.866213639577 101.9453505675 98.7607936064402 95.5987572669983 95.2779650688171 91.6217962900798 89.9011890093486 88.7748201688131 92.4202899138133 96.8817373116811 95.9215660889943 92.1323001384735 88.4082615375519 93.7942067782084 97.1156160036723 89.8691217104594 87.0922803878784 85.1376255353292 81.5468927224477 83.2881132761637 87.7842605113983 84.3291878700256 82.4526945749919 87.5388284524282 92.7930374940236 95.7523385683696 97.0333119233449 98.1253981590271 110.235611597697 132.466634114583 143.817166487376 123.926262060801 109.803587198257 106.866180896759 107.531130313873 117.766618728638 129.45036093394 129.807035128276 115.872244040171 78.4479131301244 19.6447831888994 0 0 0 0
98.4512865543365 101.131608088811 110.085258881251 107.48627781868 109.956552584966 112.596561511358 111.075550317764 106.422126293182 94.7161714235942 92.8885440031687 95.8461463451385 92.0328001181285 92.2154088815053 95.9805846214294 96.1395700772603 93.8385426998138 94.8120355606079 96.7273513476054 96.812109152476 91.0243093967438 85.1292709509532 82.3897818724314 79.8351913690567 79.1133145491282 83.1278810898463 85.7157111167908 81.7947387695312 83.3426415920258 89.9808208147685 91.0496413707733 90.312659740448 88.6971155802409 100.300461053848 117.399156093597 123.894413312276 112.703541914622 107.609192530314 113.295197486877 116.74776673317 118.753919998805 113.686382770538 112.182746330897 104.831337928772 76.8469323714574 30.3964788715045 0 0 0 0
