input/barkrak2/radiation/dir06824.grid
NCOLS 85 
NROWS 70 
XLLCORNER 665100 
YLLCORNER 4664600 
CELLSIZE 20 
NODATA_value -9999 
[rows 0 to 20 of 70, columns 0 to 46 of 85]
187.135736147562994 203.316668669383 220.30903895696 241.260310014089 250.477274258931 251.066923141479 245.783229668935 239.913741747538 239.964385827382 243.383844693502 242.611209551493 241.869707902273 239.726046721141 240.495344003042 242.230494817098 231.670101483663 219.30056810379 207.787255446116 204.421818256378 193.459967772166 191.708385944366 207.590599854787 234.647274017334 242.684543132782 245.096842447917 256.727973620097 255.320946375529 240.055123964945 225.106795628866 223.611275355021 219.312409559886 240.520974000295 284.873425960541 283.648212750753 279.695232709249 267.955819765727 271.108468373617 286.71258687973 281.766355037689 280.49490849177 271.27742767334 273.502926031748 283.669789632161 281.367460886637 270.940939585368 274.678548177083 280.572851498922
163.64531715711 182.021200656891 198.322216669718 218.754867712657 233.160416285197 238.763689994812 239.452481269836 241.510450839996 249.588549137115 250.039378801982 245.850761731466 243.122160434723 241.496662298838 242.425421873728 242.285350958506 231.691877047221 225.311080614726 216.113289197286 210.578878720601 200.890103975932 205.991089344025 228.191097577413 249.97224410375 253.080010414124 256.552159786224 262.630105018616 257.329901059469 243.806719779968 230.059802532196 225.540379683177 226.354519526164 254.778186480204 286.708414554596 284.34431552887 279.557665189107 270.208875338237 274.884760379791 286.399364471436 282.024761041005 282.954275608063 275.998155275981 274.674693743388 272.28190501531 267.993986606598 265.116413434346 274.441719055176 271.626035372416
123.173962036769 136.643548806508 149.784058332443 163.331558307012 177.102486292521 190.421601136525 202.598830064138 220.879197120667 235.165278116862 237.149933973948 237.597088019053 241.601228713989 249.256312847137 253.070553143819 252.713123957316 255.735019842784 255.818208058675 245.494763056437 227.390011151632 217.014332612356 226.61695877711 241.666535536448 251.330256462097 254.156827926636 258.345305919647 258.883496125539 252.702136834462 243.221163749695 234.551151593526 233.865876992544 242.815752824148 270.845293998718 285.979330539703 285.86749235789 279.214282830556 275.308767954508 281.558930873871 286.158303419749 284.2911084493 280.732254187266 273.936947186788 264.583706855774 251.878380775452 249.271432558695 258.38440656662 272.027234236399 260.95441977183
104.048520326614 104.716638724009 113.380640745163 120.642483234406 128.160357475281 134.91694132487 144.211073716482 162.379552920659 185.363193353017 204.916735490163 221.292277177175 239.136338233948 252.078016599019 256.910761197408 260.005573431651 266.609370708466 263.944923877716 251.645763715108 234.125177065531 226.803084214528 226.652721563975 226.428548494975 238.58916759491 246.867716312408 247.671643892924 248.930156230927 248.713155587514 244.930485884349 243.142008781433 245.77009677887 249.438047409058 276.01432800293 284.241557121277 283.986727396647 279.65921163559 281.834880510966 283.88770421346 283.236821492513 280.646522839864 270.398100217183 262.516419092814 249.621232350667 244.953533013662 258.471131324768 273.97483587265 269.979894161224 250.299692153931
127.571741739909 109.504073858261 96.602459748586 85.6393774350484 88.0513389905294 108.359863360723 130.753109852473 142.75582631429 153.983195622762 162.665178378423 187.897225220998 214.982529481252 231.757342815399 240.450342496236 247.483094533285 251.913090546926 247.410853703817 238.275090853373 231.294473012288 227.650741736094 222.648123900096 220.326860745748 231.948395570119 239.72229162852 242.602010567983 249.288598696391 249.396681785583 247.192084789276 245.527486006419 244.091769059499 251.161217689514 279.619256655375 279.946843783061 280.775447686513 277.762830257416 277.22046772639 277.513603369395 277.169446150462 267.375985781352 258.622288703918 257.024466991425 253.925740718842 258.396128813426 268.328468004862 270.938038825989 251.625577608744 224.11706050237
173.072735468547 143.23698480924 114.205141862233 90.1460448900859 81.4596513907115 91.8459395567576 119.275470574697 138.947149117788 144.153088331223 143.26939980189 154.123703638713 169.707338015238 180.084427197774 188.473085562388 198.994358380636 209.74592367808 213.61635128657 219.153066476186 226.851920286814 232.268273830414 232.802053292592 234.740118185679 235.243201255798 236.570358276367 241.164207458496 247.475186983744 249.246637026469 250.068604946136 249.058306217194 249.374528725942 263.408243656158 278.65986029307 276.063660780589 276.355067888896 273.81823460261 271.783034006755 271.579225858053 268.154303232829 258.536597092946 259.438157081604 259.119351704915 256.205280621846 257.792592048645 260.784029960632 249.888896942139 222.085873285929 196.066419283549
200.20604133606 172.640363375346 149.663289388021 126.548647880554 103.641539812088 90.6105240186055 97.446342309316 129.77863351504 145.754148562749 154.506941636403 151.173929373423 145.881036917369 141.43427213033 136.332879463832 138.52204879125 155.769954125086 171.196440855662 194.725235303243 216.995557149251 232.037742932638 239.123185475667 242.368658383687 240.000228087107 236.778219540914 239.592432975769 242.2167857488 245.804985364278 248.10262521108 249.415258566538 255.063434441884 267.197092374166 274.397154649099 269.698719183604 265.808761119843 264.047582944234 261.303166548411 260.653614997864 256.136059761047 251.333673795064 247.34365940094 242.239018281301 240.580201148987 246.894180774689 254.100501537323 243.422309557597 232.4178814888 244.898200035095
214.546203613281 201.27809047699 186.31511926651 167.596658070882 141.462991635005 108.668684959412 87.1436595916748 84.9711894989014 121.268391609192 150.764892498652 160.836488008499 157.022049029668 147.407154242198 135.72770357132 121.200780073802 124.79363878568 138.931622107824 157.682677110036 184.635897477468 208.037257194519 223.948101202647 234.990338484446 242.72612730662 238.460977872213 236.657083034515 235.600809256236 236.199061075846 238.291501998901 240.71741104126 250.331223011017 261.440714200338 265.274246533712 258.948842684428 253.589610258738 247.234602769216 245.604316393534 250.04102786382 246.570984522502 239.87090587616 223.86642297109 222.728610038757 232.40202665329 249.683698018392 261.680086453756 258.32204023997 257.970452308655 265.323023001353
205.462416013082 206.209798653921 200.275162855784 190.025170644124 173.859020074209 147.323181231817 113.755563894908 83.7818185488383 96.9962775707245 121.155003706614 144.238362709681 157.199541727702 160.401284694672 157.220900058746 142.280956109365 132.641931374868 129.844228426615 134.858846664429 149.511992931366 168.96116733551 188.041011492411 206.589798132579 219.516158103943 218.907753626506 220.852971076965 220.032910505931 220.701654752096 222.850541273753 225.656569004059 236.388842264811 242.926239967346 243.274927139282 240.173637866974 239.307940006256 238.877713680267 240.565121173859 241.095503171285 240.507920583089 234.691043694814 227.73536046346 239.288528760274 252.430816491445 261.381685733795 263.320942719777 256.942947705587 251.154164473216 254.672229290009
148.698707421621 166.856427987417 187.414606412252 187.390446662903 183.855493863424 177.399237950643 156.731188297272 134.075750907262 101.191977659861 91.8062726656596 106.686770915985 134.69918568929 159.597555796305 172.726889451345 173.082411289215 162.086884180705 145.402481158574 139.202296733856 137.217044830322 140.841295321782 151.136269172033 161.48986419042 173.970361550649 184.15230512619 195.681512355804 198.445975780487 199.751496315002 201.430062452952 204.513986905416 212.177018324534 213.635961214701 214.736183484395 221.789161364237 225.706696510315 230.266809463501 231.964389483134 230.759263038635 235.205411911011 233.812133471171 240.810036659241 257.424751917521 265.061517556508 265.611827373505 263.169427712758 254.710157712301 250.634610652924 261.36589050293
83.8225285212199 96.3868896166484 112.179021040599 135.343968868256 146.525541941325 173.229694366455 173.465589682261 165.046562751134 133.311549822489 105.317453543345 89.8427267869314 98.3798603216807 128.254274527232 158.161421616872 175.669093926748 165.08009036382 155.250897010167 146.006981531779 136.48400704066 130.428115526835 131.278653939565 133.011370897293 138.592511415482 154.145141442617 169.447243213654 178.752501805623 179.622928301493 181.535919507345 189.144531885783 195.378263791402 198.958436648051 202.933112780253 213.47971757253 217.234114805857 217.8821961085 219.318528970083 224.751512209574 230.493267377218 236.635744571686 252.120455106099 262.875199317932 264.652669429779 263.93336057663 261.115829149882 256.377478440603 257.805387179057 265.790025393168
48.7063626448313 48.9018609126409 53.1402180592219 63.8743788003922 79.1519631942113 104.000111420949 124.91433819135 135.976175467173 141.706685225169 140.584945678711 109.472344319026 87.099552154541 87.0050390561422 109.16660229365 139.076471328735 152.743498484294 160.737226406733 155.856609344482 144.03576652209 131.903489430745 125.354498624802 123.88531366984 124.179651339849 133.801758289337 144.43161090215 151.829322179159 155.565599600474 160.413324832916 169.012268384298 173.966586589813 180.394252141317 186.07238928477 192.684054374695 196.625192960103 197.872579097748 200.9463707606 213.159402211507 225.812713305155 231.870134671529 247.817059357961 255.433738231659 256.486634413401 253.020524978638 247.758587201436 246.256907780965 245.614985624949 251.687566439311
41.0577853520711 33.2601914803187 28.2214333613714 23.5746651887894 18.1787312030792 30.389815568924 50.5250990390778 73.6247301101685 96.4980324109395 107.414911190669 107.976168394089 94.5429007212321 73.5055357217789 72.7890978256861 92.5315320491791 119.484603404999 139.303177595139 149.34362967809 148.28700820605 141.189634799957 131.134072939555 133.094747861226 134.248356024424 135.13978322347 137.13272412618 137.637515862783 141.968121131261 151.560018459956 155.856351057688 157.354533672333 163.050631682078 169.272224108378 170.988003412882 173.77632856369 177.836179733276 183.961232503255 196.367422739665 210.957189400991 215.187152226766 226.428071657817 234.231988588969 235.86650689443 234.926223754883 235.177477200826 232.899824778239 233.702778816223 237.696588039398
38.8993894060453 22.7053662141164 9.53547966976961 3.81857343018055 0.602834858000278 0 3.96816277255615 33.6260348558426 60.5979611476262 87.5888665517171 95.7585871219635 105.84565003713 100.908527771632 86.2549245357513 83.6881498495738 102.880875269572 118.28554670016 135.705292224884 146.129349867503 149.915665388107 140.529712041219 139.945954084396 137.616584698359 139.77313041687 141.817271709442 142.461091279984 146.023432413737 156.090259552002 157.205104827881 150.605539480845 155.876239140828 161.541759967804 161.838452021281 162.022411823273 169.228851795197 177.376627922058 183.900912602743 190.886477629344 195.895512898763 198.887546857198 205.405751864115 212.481617927551 219.557086626689 227.268894513448 223.745544751485 229.91951306661 230.77251513799
49.3200967709223 22.7123250563939 5.30669589837392 1.26826739870012 0 0 1.65654004861911 18.4060335159302 33.8710298140844 59.6659084161123 88.1882309913635 106.303821007411 120.797713597616 117.095808188121 102.323333422343 99.0258157253265 104.604740937551 119.371712207794 137.553741534551 149.122059345245 153.297166029612 150.723159313202 153.532375892003 150.578528642654 148.97499481837 150.954008102417 152.744988600413 156.206578016281 154.077291488647 149.442533651988 151.900549729665 157.560129960378 156.887392203013 156.283269325892 161.054164171219 165.261616309484 165.337294340134 166.687925656637 173.603196938833 174.807667732239 181.58495426178 190.592447916667 197.574059168498 203.578849633535 206.243534882863 211.831907431285 222.818275292714
41.9523616631826 26.2828096747398 5.06240377823512 0.1279118975314 0 0.846329067523281 11.2639168898265 21.5805446108182 33.5170576969782 51.6276707251867 76.6383161147435 105.304032564163 128.534386555354 134.807457526525 123.6226161321 101.978729168574 96.5802570184072 99.4585752487183 114.388674497604 140.85586865743 152.833839257558 150.875965754191 154.975871245066 154.396563768387 152.015576759974 156.886368989944 160.813222328822 158.812383810679 156.284193197886 157.770216464996 157.629907131195 156.689246495565 153.493911027908 151.845633983612 152.899712324142 152.524679899216 148.727595806122 144.409606854121 148.875822623571 152.279982964198 157.898008823395 164.696514606476 168.437282244364 171.401302019755 185.964087645213 193.49612792333 210.212190945943
37.3456925153732 29.8249050974846 10.6057350834211 0 0 2.86356142411629 11.4875088135401 25.5519971251488 38.7630139787992 47.0221141974131 61.6197089354197 91.3691222667694 112.334450085958 127.827703952789 129.488925139109 128.769119580587 123.194555441538 113.869965076447 106.212675571442 114.660193522771 137.062340974808 152.536610762278 157.096405824025 154.685238997142 149.955799182256 152.838518222173 159.188012282054 165.259222189585 165.237585703532 172.670622666677 170.192499955495 158.696711063385 152.862439552943 147.175520658493 142.765442530314 141.697545846303 135.838617881139 134.225974480311 135.668168465296 139.915416638056 141.379296779633 144.744763771693 149.169733126958 152.492314577103 174.214879671733 185.28022368749 196.590224901835
32.9282830158869 32.4997777740161 21.6761281092962 0.108908493227015 0 8.58404239018758 20.4584561288357 36.0883822043737 48.3392874399821 53.8699130217234 62.1183663606644 78.0972242355347 98.589430252711 117.196460564931 131.721208492915 140.694489081701 145.077804724375 135.923514763514 120.613058408101 107.704609632492 118.618627389272 141.187012195587 148.470938205719 153.499285380046 154.857238133748 155.322104692459 160.228202740351 161.712427934011 166.122565666835 169.459680716197 176.507393519084 165.050794680913 154.684116442998 146.615664164225 139.998724063238 136.938919623693 133.839706579844 133.505711952845 134.036401907603 135.926167170207 138.189494609833 140.04314939181 140.702029069265 143.213927745819 156.881382067998 173.662940661112 183.988849322001
34.4992404182752 41.1062886317571 39.8418058951696 9.38460417091846 4.23617816219727 18.9981783429782 31.9428642590841 46.1369852224986 59.3317449092865 72.4596579869588 81.8931808074315 83.8330288728078 91.0060703754425 101.595858732859 117.758393287659 135.854661464691 144.579192002614 147.691011428833 146.546940008799 132.187058528264 115.133792161942 125.558455785116 134.857445955276 146.115124225616 155.239741007487 162.786354621251 162.52738237381 161.153972148895 156.14128112793 154.211729764938 158.602714538574 154.769132534663 159.87499554952 149.006654818853 143.008997042974 139.210253953934 137.067586183548 133.574297030767 132.508953412374 136.212189992269 140.258550643921 142.362306515376 141.161868969599 142.905692259471 145.160496234894 161.115139722824 166.774034500122
35.7996821403503 37.007304529349 49.8723089694977 36.1963560183843 21.0488786300023 33.5060705741247 29.6330749988556 45.8378742138545 57.7213366826375 75.2102782328923 83.6915175120036 80.0934632619222 80.9735457102458 84.4925244649251 100.003510713577 119.490414857864 132.556974887848 138.769408067067 145.396073659261 147.762537002563 139.346808195114 126.428266366323 126.188784837723 136.071662108103 144.351740678151 155.129333337148 156.808485587438 154.202034076055 149.314035971959 151.35195851326 139.928231636683 133.705218633016 134.494125843048 122.594286998113 124.971687793732 140.890727440516 137.123872836431 127.527445554733 125.307599703471 134.007185697556 141.030808289846 142.905920743942 145.99601427714 144.310573736827 141.008804241816 151.252855857213 153.066257635752
46.7242896556854 32.8804130355517 38.7571925918261 51.0182778040568 42.2644068797429 38.9731054504712 35.1408471663793 44.3063129981359 54.3403625488281 64.9895817041397 72.2681184609731 71.8826204538345 68.9174582560857 74.1304655869802 85.0191116333008 101.055234670639 114.297966162364 122.694551944733 133.772104978561 148.803422848384 158.139844735463 145.531952381134 145.241548617681 144.526898860931 148.198366165161 144.068936506907 141.195724407832 144.015739361445 149.396608273188 138.381113608678 124.110927184423 106.252104043961 94.9472685654958 85.1364036401113 77.4842252333959 92.0124351978302 100.864549477895 102.237701416016 125.858336687088 127.739489078522 129.729002714157 134.824057420095 140.308221181234 132.625957330068 137.085964282354 143.056730429331 145.971407492956
