input/barkrak2/radiation/dir09924.grid
NCOLS 85 
NROWS 70 
XLLCORNER 665100 
YLLCORNER 4664600 
CELLSIZE 20 
NODATA_value -9999 
[rows 40 to 59 of 70, columns 0 to 45 of 85]
234.399835268656 235.748410224915 233.742813269297 236.558477083842 245.461543401082 250.337878863017 251.452386379242 259.21352704366 255.858063697815 241.300145785014 226.337134838104 221.442659695943 218.8867131869 216.125011444092 212.897062301636 213.202436765035 212.068180243174 211.364388465881 206.203718980153 203.851779301961 207.914392153422 215.158720811208 216.386755307515 211.448649565379 207.0631980896 206.579526265462 216.316421826681 219.211081663767 221.974273522695 223.430315653483 222.804466883341 226.833562056224 222.084561983744 226.575195789337 254.975457986196 255.120833714803 242.124934991201 234.432101249695 237.38952477773 242.861946423848 256.577889124552 277.628521124522 251.01246436437 173.230946063995 108.588596185048 79.4453769922256
239.260951677958 237.334847450256 237.578431765238 235.700984795888 232.635120550791 229.964077472687 228.409131368001 228.292187054952 232.748409112295 225.011587142944 216.524203618368 218.184391657511 220.350384712219 220.778187115987 217.562715212504 213.817576567332 210.153778394063 217.126727104187 217.815121014913 210.899790128072 212.480405966441 215.308845043182 213.836828867594 215.386927127838 215.674002965291 209.857900937398 216.992497444153 220.584491888682 222.136874993642 223.243951797485 225.878914197286 226.888159910838 223.842163880666 237.215479214986 250.235438346863 240.310847759247 223.326067129771 215.89998404185 217.830578486125 229.205846786499 260.930260022481 275.132775306702 263.746976852417 218.25917561849 148.942947387695 106.960237026215
243.67344379425 240.183472633362 242.702484130859 241.496523221334 234.406590461731 231.283108393351 228.62054904302 223.823388417562 223.970611890157 221.698820590973 218.574305375417 216.055552164714 220.394968986511 223.004996776581 222.898542881012 218.656281630198 216.135342915853 220.609029134115 221.777439117432 213.270306587219 212.079286575317 210.49431959788 206.606348355611 207.606256008148 213.603893915812 209.491610527039 205.832918485006 211.861650149027 218.199531237284 220.685561498006 221.304535865784 221.025824546814 225.270291169484 242.495814959208 247.901876767476 226.088881492615 208.725392818451 209.610263506571 217.869400978088 231.687108675639 241.59824848175 243.130167325338 230.906089146932 208.352784315745 159.993469715118 99.7169216473897
227.943142255147 230.460902055105 238.544444243113 235.312501589457 237.991531689962 240.200519561768 237.809836864471 233.343243598938 221.750279267629 220.786948998769 222.523987293243 218.248665332794 217.133561770121 221.846441427867 221.396843592326 219.23299630483 218.982756137848 220.141450564067 221.704641977946 215.011715888977 210.744182268778 208.089371522268 204.970161120097 203.19390296936 207.556843757629 211.085597674052 205.255389213562 207.558671633402 214.321653048197 215.989112854004 214.131156603495 210.332870483398 220.564921696981 233.302195866903 232.349594434102 211.045384407043 205.185870329539 216.011941432953 228.859504063924 231.980125109355 227.821429570516 224.884947141012 215.47520160675 193.637609481812 155.32981355985 104.696542024612
225.897173086802 229.736606280009 233.011106650035 234.407544136047 234.889666239421 237.43204275767 237.755298614502 233.108739058177 228.424251079559 223.800996939341 224.105576674143 221.392492453257 216.169695059458 215.738038221995 214.641451835632 215.252578258514 210.043470064799 216.128210226695 219.155033429464 215.510964393616 210.450887680054 210.257112979889 208.574930826823 207.780003547668 206.441740194956 215.086460113525 217.63946612676 214.467346668243 215.606411298116 213.798026243846 208.226005236308 205.715517203013 210.655709107717 212.666352589925 211.664080619812 205.041547616323 209.287921587626 223.999897638957 232.408463954926 225.137412548065 225.591679414113 217.592398325602 207.772294680277 190.665483474731 162.65133023262 123.777439196904
231.10830783844 234.415014584859 232.350826263428 236.041982968648 233.66767168045 233.807384967804 235.476891199748 232.916394869486 233.84040594101 229.218403498332 226.616104443868 225.800732771556 219.693501790365 215.904792149862 213.688671588898 217.988193035126 210.023959477743 212.062040964762 217.017789681753 216.53405825297 213.034689426422 213.918685913086 211.68061097463 211.585402488708 213.845213254293 213.041762510935 219.636738300323 217.722694079081 216.936786969503 214.9604956309 209.408203760783 206.16493622462 207.818508148193 202.982803185781 195.716420809428 186.598916848501 200.084129969279 218.094865481059 221.856713294983 208.873331546783 213.493665059408 205.743769804637 199.279487133026 198.395053545634 189.042131106059 153.422117233276
230.389515558879 232.416411240896 234.273970127106 236.744602521261 236.855943997701 235.282858212789 237.182875474294 237.714250882467 234.432597955068 231.161236763 229.799071947734 229.062517484029 224.064071973165 221.399148305257 219.096461931864 221.514880657196 218.938072522481 211.790482203166 217.859307924906 218.132575352987 214.526375134786 214.649200439453 214.513977368673 209.871311982473 217.214862505595 212.822139263153 213.752567768097 215.619703133901 214.977224667867 215.465287367503 212.611834208171 209.814846515656 206.70227209727 201.930860678355 197.227040926615 192.068378130595 197.50052690506 209.388554096222 210.221588611603 208.315988381704 210.21044254303 200.556476910909 203.126748402913 212.270458539327 210.549334685008 178.8196961085
224.661151568095 225.786566734314 231.707433859507 234.167675177256 236.629207928975 237.79970407486 235.835989316305 234.891593456268 234.912097454071 234.839161237081 231.801946957906 228.638807932536 225.772122542063 225.846389929454 221.472859382629 219.555834929148 219.147086143494 209.587275981903 214.465578397115 217.842102050781 213.752925395966 213.348269462585 216.904481252035 208.24388662974 211.587170759837 211.43505970637 208.203434944153 211.843391259511 214.134693145752 214.219073454539 213.958084583282 212.252080440521 205.971956253052 206.692973772685 212.973535060883 209.60408449173 207.091351350149 205.681204795837 208.751082420349 219.328423341115 212.282180786133 202.829877535502 207.983454068502 212.9252354304 209.114273389181 190.6418800354
217.127919197083 218.980371952057 225.190103054047 229.482571283976 234.455148379008 238.21218808492 235.685288906097 232.602834701538 235.547125339508 235.772927602132 234.522640705109 229.045112927755 227.158884207408 226.305782794952 223.902185757955 218.010783195496 217.956682046254 209.899663925171 215.402146180471 219.537377357483 217.851360638936 216.165502866109 216.910163561503 213.915526866913 211.203813552856 214.820603529612 210.593124230703 215.583662192027 221.074501673381 225.211083889008 228.778560956319 227.76730855306 216.676394144694 219.447056452433 222.953617572784 220.969061056773 220.069527626038 214.872062206268 214.396238327026 217.890977859497 206.727464993795 199.638724327087 197.413265705109 195.383131504059 192.659596602122 191.196084022522
215.851823488871 213.358203570048 217.169384161631 225.865721702576 230.256756146749 234.24885670344 235.94190677007 237.927158673604 238.323589166005 233.65859190623 236.04279756546 235.971391201019 230.688989162445 226.660410563151 225.361108779907 220.082481702169 218.835075696309 213.114619255066 215.664307276408 220.829963684082 223.630706469218 222.199559211731 218.259533246358 217.445433139801 215.219616889954 219.165662924449 219.50900554657 221.312959988912 229.471405347188 236.177047093709 242.632885773977 244.114299615224 233.316282431285 229.46576277415 224.746803442637 224.138478438059 224.095463752747 224.888304869334 218.87203057607 206.660111745199 195.165594418844 197.529753049215 196.275333563487 189.887364705404 186.776399612427 190.904180208842
217.073321342468 219.243268171946 220.267713069916 227.493862311045 227.878491083781 229.362368583679 237.084130446116 240.286111831665 240.271349747976 237.947344779968 237.715800603231 236.403822898865 232.987523078918 227.307458718618 227.630317211151 229.477306207021 220.62208255132 218.199908733368 218.701799710592 224.815090497335 227.499981721242 224.450131257375 220.478236675262 218.743721644084 213.905453681946 222.296873728434 225.666066010793 226.317326227824 230.946858723958 238.452474276225 245.874126752218 250.272711118062 241.262356440226 231.844425201416 219.018677870433 215.051313241323 220.141132672628 226.110974947611 219.00467077891 197.383046150208 190.062741438548 200.82418123881 203.378717104594 196.411430835724 191.230634848277 183.893322944641
215.308686097463 225.378394126892 226.138710975647 229.775945345561 228.17607720693 227.426966031392 232.790152231852 238.593300183614 238.498250643412 241.101344426473 239.632646242777 237.749834855398 235.614816347758 229.210376739502 227.84427801768 233.6771885554 228.197852770487 220.349272092183 217.469970385234 223.389685153961 221.972266832987 222.050666809082 219.763696193695 215.616504351298 212.854782740275 214.550872643789 219.019850095113 219.764033953349 221.886058648427 228.494465351105 240.361094474792 247.369627157847 233.995139598846 213.950753211975 176.552395025889 169.481297334035 193.120996157328 213.241974512736 220.268229643504 218.229353427887 216.37088060379 211.273392041524 188.747783501943 186.018367608388 197.132726510366 184.34202671051
216.537137826284 215.541104475657 214.652816454569 219.351887702942 225.658893585205 229.773581027985 229.826291402181 235.099693139394 235.044638315837 237.53555615743 238.841791947683 239.242196083069 239.302734533946 232.701520125071 229.048371315002 228.267391522725 228.852232297262 217.760185400645 214.356660842896 214.007715384165 213.48774433136 214.276949564616 214.340627193451 210.384011268616 211.196045080821 208.140591780345 209.559241930644 210.472226142883 210.337996482849 209.725419680277 213.375588258108 227.917909622192 216.402331988017 185.359835624695 152.079085508982 133.14018646876 145.574460426966 176.539083321889 208.395520846049 218.911528587341 219.545423984528 200.971841812134 184.427042802175 183.367252349854 187.688012917837 174.009919166565
222.028791904449 212.095578511556 207.708080609639 213.515639305115 225.706934928894 232.788940270742 230.371534824371 232.750038305918 235.238591829936 233.566800753276 236.790776252747 237.982630729675 238.78409465154 236.898084481557 229.208032290141 228.574872016907 229.726811250051 219.426016012828 216.483394304911 217.85302956899 216.933945814768 213.444709777832 213.696519533793 209.368109703064 208.382546901703 206.692258516947 206.142723560333 206.467032432556 205.039322376251 198.911468187968 189.606229464213 193.282087643941 185.118794441223 165.700942277908 150.634368260702 133.747677008311 116.924752791723 126.469751199087 149.671763181686 183.956066767375 199.511090914408 190.172135829926 181.070744991302 177.471518516541 170.129140218099 159.477651119232
223.578135172526 217.31032927831 212.938447793325 215.459922949473 225.842654705048 233.123779296875 236.514449119568 232.512593269348 236.711879571279 233.537793159485 237.359325091044 237.744530042013 240.019043286641 239.808817704519 233.795940876007 232.558190822601 232.252399126689 225.865602493286 220.25728225708 221.895237763723 221.980810165405 217.415710290273 214.434762795766 215.192357699076 211.171706517537 210.286537806193 208.142379919688 203.136205673218 196.967979272207 194.183985392253 182.465513547262 182.543178399404 177.535533905029 174.06702041626 175.559282302856 167.921900749207 143.727282683055 127.795408169429 116.560657819112 131.98787967364 165.756016969681 168.380220731099 157.989958922068 144.640147686005 141.81982477506 147.57572611173
228.400548299154 224.67170159022 218.134601910909 212.74455388387 219.880223274231 232.767124970754 234.917998313904 232.434312502543 233.733216921488 236.238718032837 242.084503173828 241.912086804708 241.556107997894 240.72386821111 237.052539984385 237.221856911977 235.268553098043 229.513684908549 225.20633538564 222.805619239807 220.827321211497 216.667215029399 216.562668482463 217.300772666931 212.58807182312 210.183461507161 204.428454240163 194.224417209625 189.761201540629 184.823552767436 183.912555376689 187.883297602336 183.326701323191 190.393388271332 200.694779555003 203.79759867986 198.998788992564 183.194160461426 164.457639058431 129.545748233795 136.212289333344 153.402547041575 152.334183454514 141.723295052846 143.987864255905 160.551567872365
230.7288646698 229.578375816345 225.004474322001 218.162993590037 215.695480505625 226.672907670339 233.068684736888 233.976145585378 230.860352516174 235.622028509776 244.223177433014 243.939757347107 239.441831906637 239.75016673406 238.979677359263 232.332388559977 233.9160044988 228.332002957662 225.229322910309 223.543028036753 221.98478380839 220.538139343262 216.541528701782 214.820007483164 212.427059809367 208.32367738088 189.942797025045 166.546126206716 162.230620781581 169.512331485748 179.474214712779 184.576074282328 182.102104028066 188.971638679504 200.305799643199 213.700731595357 227.95182466507 228.515366713206 223.07284673055 170.035123825073 141.524771849314 157.327075799306 172.83562819163 179.447134335836 184.165239334106 196.82910044988
230.009198188782 227.263748645782 226.96320215861 224.869151910146 217.953224976858 222.059726715088 232.594807942708 233.148237069448 230.491518974304 232.650399208069 240.302602450053 243.202924728394 237.840255101522 239.574869473775 240.489840507507 231.01544380188 231.144110361735 229.639112949371 225.843409697215 226.300299167633 226.329604784648 225.163877010345 220.265289147695 213.790496190389 213.09353907903 213.218510150909 195.079207420349 171.615978082021 168.709258238475 175.706505775452 187.142292658488 188.768784205119 196.09135389328 202.614525953929 216.557820638021 221.961081027985 220.22004922231 188.656151294708 174.889902273814 170.563042163849 172.730167706807 187.443415323893 186.260998249054 171.850403149923 162.333389123281 175.486067930857
219.523072242737 225.532492001851 224.287668863932 224.885523319244 220.57310740153 219.10434961319 231.680552164714 237.278978029887 232.433100541433 230.907559394836 238.4259502093 241.606295108795 239.031175772349 235.608180363973 236.049791177114 231.663803259532 228.576481342316 228.942116101583 228.125234444936 231.470326582591 232.248822848002 228.285312652588 226.377745469411 220.059911410014 219.16139125824 220.491886138916 217.267553011576 209.029098351796 206.459681193034 207.460105419159 205.91934521993 199.319660663605 207.248330116272 213.831206162771 213.294148445129 194.348355134328 180.937091509501 130.36702076594 107.27987686793 141.346514225006 180.193463961283 193.426787853241 185.644706090291 173.916935920715 169.892330964406 178.839405377706
207.120517889659 221.221029758453 223.405241966248 222.186863422394 222.220301628113 218.769152959188 224.92927312851 236.129403114319 239.84158039093 237.354258696238 237.616578737895 240.59780438741 240.79954624176 236.582477887472 237.034499645233 234.279374281565 229.972104231517 228.196561336517 225.29129187266 223.190704981486 227.137545744578 226.117253303528 225.119570891062 223.423898220062 222.313225269318 229.512890179952 237.898965676626 239.110271135966 223.739484945933 220.798710982005 210.685253143311 200.993319352468 207.486987113953 191.611071427663 162.960479656855 134.664436181386 113.691171010335 109.512776136398 93.145489692688 103.131244579951 127.403716246287 160.808543364207 184.326390425364 205.81175883611 229.875802993774 230.120976765951
