input/barkrak2/radiation/dir03724.grid
NCOLS 85 
NROWS 70 
XLLCORNER 665100 
YLLCORNER 4664600 
CELLSIZE 20 
NODATA_value -9999 
[rows 44 to 65 of 70, columns 0 to 49 of 85]
79.3313731749852 85.4548215866089 88.4955227375031 89.4775986671448 91.485192378362 94.2677656809489 94.4085121154785 90.1659528414408 85.4915976524353 80.9271633625031 83.0333381891251 80.3031772375107 76.8460681041082 75.0292142232259 74.2197036743164 74.2673178513845 71.6992765665054 78.2670428355535 80.2101691563924 77.6836077372233 73.1843610604604 71.0903654495875 70.3547249237696 71.1666196584702 68.4986809889476 76.0199874639511 80.1451702912648 78.5071949164073 77.225590745608 76.2893507877986 71.4311202367147 68.662037452062 75.1595397790273 79.787477850914 86.7855946222941 89.6352827548981 94.2320227622986 104.362140099208 107.205440600713 96.7835088570913 94.8484539985657 89.743693669637 85.7782165209452 65.9719904263814 32.6434050997098 0.000429356570445331 0 0 0 0
86.0165158907572 90.7979806264241 87.6576503117879 91.407964626948 89.9778803189595 90.1809334754944 91.7006433010101 90.3808573881785 91.9249057769775 86.9569579760234 85.7720772425334 85.4604740937551 80.504631002744 75.4008839527766 74.2551734050115 77.9827038447062 72.4144081274668 75.4743119080861 80.139214793841 78.5385519266129 76.3745605945587 75.5784263213475 73.7335979938507 74.8956302801768 76.1242161194483 75.9436835845311 82.1753839651744 80.4455031951268 78.5245597362518 77.5973250468572 72.9360977808634 69.7816759347916 72.4820146958033 71.9239811102549 72.1468776464462 75.1166890064875 82.8229437271754 96.4148044586182 96.8929131825765 83.0794721841812 86.378941933314 80.5081228415171 79.8811664183934 76.8164793650309 57.2072019179662 23.5608170429866 0 0 0 0
85.6307645638784 87.4358117580414 90.2635057767232 92.2857820987701 92.1641786893209 91.6393001874288 93.7721133232117 95.8604613939921 92.3722783724467 90.7024343808492 89.8946026961009 88.8152321179708 84.7085118293762 81.8384786446889 81.4016809066137 84.8533312479655 82.5027922789256 76.6642342011134 81.9560438394547 80.8158169190089 77.7608305215836 78.3041020234426 77.7061233917872 75.149193406105 83.0364525318146 75.3243118524551 76.3216962416967 78.3012807369232 77.3135672012965 78.1673987706502 77.0572125911713 73.2289055983226 72.0864683389664 72.6218322912852 74.2944628000259 75.0445624192556 77.0690143108368 83.7047199408213 87.7331693967183 84.2646559079488 82.4581483999888 77.4077326059341 82.7262004216512 90.7827417055766 78.9049963156382 49.1180171569188 11.3584051529566 0 0 0
79.4275104999542 81.6352516412735 87.8709355990092 89.6955231825511 93.3085878690084 94.9662029743195 92.4997925758362 92.4719671408335 92.2309358914693 94.9256718158722 92.059999704361 88.5695020357768 86.7785016695658 86.666077375412 84.4591657320658 82.9747766256332 82.8555673360825 74.928492307663 79.3380190928777 81.0561080773671 76.7709165811539 77.9996166626612 80.2543709675471 73.8562742869059 76.9086579481761 76.657901207606 70.8216577768326 75.5557467540105 77.4841457605362 76.2807428836823 79.2384296655655 77.8232415517171 71.8735704819361 76.0387082894643 87.1184865633647 90.8119877179464 85.9620968500773 80.4211795330048 84.4650069872538 95.0943827629089 86.8402421474457 79.3177038431168 86.5409473578135 91.7148292064667 85.4367514451345 65.7070477803548 31.2795142332713 3.1971608599027 0 0
72.0703999201457 75.0455607970556 80.8072090148926 85.0221514701843 91.7177398999532 95.605860153834 92.1236972014109 89.9395147959391 94.0922796726227 96.127450466156 94.344824552536 90.442548195521 88.7230634689331 90.0373160839081 87.2131983439128 81.5885166327159 80.9164941310883 75.0585943460464 79.6732207139333 82.8210214773814 81.8129231532415 81.6688388586044 83.6775203545888 80.4348389307658 76.91756884257 79.683909813563 75.8870939413707 79.4046421845754 85.3468775749207 87.7992908159892 91.6848083337148 94.2916969458262 83.511213461558 84.7814778486888 94.6204264958699 101.049343744914 99.4347929954529 88.6376897493998 85.3898723920186 94.1877762476603 85.7512752215068 77.570249636968 75.6060928106308 75.2558161815007 73.9841957887014 71.6103067000707 62.1145069599152 13.2006071507931 0.482924515381455 0
70.7651227712631 68.3598816394806 72.6226468880971 81.5750608841578 87.7610743045807 91.1780794461568 94.1681563854218 96.6482361157735 97.5036819775899 93.6599572499593 96.0488120714823 95.7093834877014 92.5125777721405 90.180625518163 88.1588061650594 84.1365953286489 82.4666023254395 79.7514269749324 83.1066370010376 86.8411660194397 89.360902706782 89.3242657184601 85.3440562884013 87.8253678480784 81.9065868854523 85.3116710980733 85.2339665095011 87.7917806307475 95.5443580945333 102.108021577199 109.092891216278 108.554800351461 101.771295070648 94.8374172051748 91.4280315240224 101.012955109278 106.344481309255 101.660271485647 91.245174407959 81.6772133111954 76.0729412237803 77.3199945688248 76.0441323121389 71.3373968998591 66.4335191249847 69.9245681365331 67.6162242889404 21.8480949600538 1.30089077477654 0.0189632968006966
71.3440676530202 74.7670878966649 78.3869574467341 85.1775606473287 86.0316455364227 86.3961080710093 94.6694016456604 99.802553653717 99.8027225335439 99.0223487218221 98.4644591808319 98.0218152205149 94.5151249567668 89.8043115933736 89.6383325258891 93.6978161334991 86.5784287452698 86.0656996568044 88.6130531628927 92.913677295049 94.0180122852325 91.6635990142822 88.9691412448883 89.0370508035024 82.7086915572484 90.303639570872 93.5080846150716 93.7119424343109 100.28213262558 109.103053808212 116.808593273163 119.479238986969 109.346965948741 94.3017601966858 86.1996014912923 90.8066431681315 98.8512337207794 103.033284346263 95.5576399962107 76.5118052562078 71.2268650531769 78.6520640055339 81.6728373368581 78.1651983658473 71.5752840042114 68.9252763986588 56.9524466991425 27.3389394084613 2.59230037530263 0
72.0771451791127 83.5013687610626 85.8439008394877 87.5316361586253 85.5680604775747 85.0359400113424 92.8644140561422 98.598450422287 98.1140633424123 103.484799464544 100.79092780749 99.7538566589355 96.9619452953339 91.8085376421611 91.9532179832458 98.4233021736145 91.3788874944051 89.1787310441335 86.8887404600779 89.190661907196 90.630441904068 89.4773999849955 88.1325304508209 84.9149326483409 81.8757067124049 85.7274830341339 89.4755423069 90.9745494524638 93.7918722629547 101.462870836258 108.772069215775 119.627982378006 111.995319525401 89.5749131838481 53.2048791646957 38.6589840054512 60.9193990627925 90.8190906047821 100.287059942881 99.2697874704997 96.263865629832 87.5437756379445 73.4592378139496 71.5083430210749 77.649195988973 72.0954487721125 47.1238096555074 39.6697968244553 8.65679668883483 0
75.8959352970123 73.897123336792 72.8607326745987 75.2271562814713 82.7184369166692 88.4691874186198 89.0205899874369 95.162034034729 95.1549311478933 100.013196468353 100.27880469958 102.031757434209 101.467529932658 96.129447221756 93.5570398966471 92.1957095464071 94.8182046413422 86.9672000408173 81.6093434890111 79.828421274821 80.438161889712 83.6304227511088 85.2989355723063 79.9773931503296 81.2954505284627 78.7935505310694 79.6126027901967 81.1785310506821 81.8167825539907 85.7752760251363 88.9841914176941 99.3934869766235 96.8662301699321 73.1806755065918 34.2782412966092 23.3412832021713 24.4866882761319 44.3326334158579 73.9729404449463 97.5300470987956 100.480626026789 90.1029507319133 70.0500160455704 65.8202668031057 73.1642643610636 60.9223047892253 41.560689608256 57.5777888298035 39.0303209424019 10.7780682543914
78.6587695280711 68.4205144643784 66.0195748011271 71.2237358093262 83.3978851636251 92.6084518432617 92.0516451199849 93.2600994904836 95.8906511465708 96.3770945866903 98.7248619397481 101.386229197184 103.064805269241 101.158956686656 96.0770448048909 93.4100747108459 95.9252715110779 87.5040094057719 82.8903218110402 84.6491456031799 83.6775203545888 81.5280377864838 81.024169921875 78.7787586450577 79.3572266896566 78.1083355347316 77.3295958836873 77.1130472421646 76.2898921966553 73.898380001386 65.1217798391978 69.9150164922078 72.521835565567 58.0275158087412 35.7607354720434 24.5370219151179 13.0827141304811 10.5100373427073 22.8330890337626 55.7656536499659 85.590918858846 80.7685703039169 70.3732172648112 55.21493156751 51.2992888689041 42.8907722234726 39.9270256360372 66.1406666040421 76.3669162988663 54.2389452457428
78.9947658777237 73.2149283091227 70.7746595144272 76.0893523693085 85.7162376244863 94.4367249806722 97.4934697151184 93.3661659558614 98.4058777491252 96.1950818697612 99.9437868595123 102.090607086817 103.421072165171 104.923864205678 99.2389023303986 98.1162389119466 99.125345547994 93.3391849199931 88.3695483207703 89.7557636102041 88.8555149237315 84.8291714986165 81.7205806573232 83.097313841184 80.260952313741 80.9942881266276 79.4826497634252 76.9509772459666 71.8228667974472 67.0354117949804 57.5761546691259 59.9182347456614 66.1607086658478 67.7067736784617 65.8514599005381 53.8436522086461 28.9176553487778 15.4035439093908 11.7457595964273 18.8405985633532 39.3723572293917 44.7550813357035 39.5220369100571 31.6616222262383 31.2712887922923 38.3224164446195 52.1383980909983 58.488925298055 71.6899881760279 77.4106731017431
82.47110247612 80.9797048568726 76.9873708486557 75.2305189768473 81.4551015694936 93.0952429771423 95.4620540142059 93.3280984560649 95.2707131703695 100.793917973836 107.329785823822 107.777148485184 105.414619048436 106.354842583338 103.451003630956 102.922588586807 102.584501107534 99.5127360026042 93.5422976811727 91.3971463839213 88.3473555246989 86.5062574545542 87.149977684021 90.820054213206 85.445632537206 82.1926842133204 77.5043020645777 69.9685911337535 63.1476243336995 60.5476945638657 60.4214866956075 65.5571818351746 71.2206214666367 83.1411381562551 87.5638127326965 86.8204434712728 74.1092761357625 52.1795898675919 41.0395786166191 20.6358060240746 25.2896596988042 44.7889417409897 48.3186841011047 37.1088137229284 37.0428636670113 53.2067517439524 76.351061463356 70.8519617716471 65.6472394863764 72.7520287036896
85.250715414683 84.6644540627797 83.3551188309987 79.3882608413696 80.3284247716268 90.0515913963318 93.2958821455638 93.5145020484924 93.2925740877787 102.902859449387 110.9918653965 110.175480445226 105.323712031047 107.722630103429 108.229120572408 101.814349492391 104.752331972122 100.962668657303 96.7019299666087 93.6815937360128 91.7546153068542 92.6217536131541 89.2406105995178 86.7570837338765 84.5215916633606 78.9357672135035 60.059999426206 40.4463807741801 35.583441456159 43.1475540002187 57.7082286278407 62.2067054112752 69.2647695541382 77.2395034631093 87.7194007237752 101.118216911952 102.846592664719 84.1714342435201 82.405502597491 51.7721325159073 27.5714695453644 49.3992517391841 65.1490241289139 65.6077663103739 65.2136902014415 80.1576276620229 108.540157477061 96.2096452713013 72.4731584390004 57.7859779198964
83.9770336945852 82.0351739724477 85.9085222085317 86.8151088555654 83.8670432567596 86.5492324034373 93.4437414010366 94.1529671351115 94.2822098731995 102.073083321253 109.685838222504 108.322689930598 103.525578975677 106.93551103274 110.301653544108 100.355406602224 101.484050353368 99.8433629671733 97.932090361913 98.0962713559469 99.4246999422709 97.8343288103739 92.1401778856913 87.1439774831136 84.4063858191172 80.549289782842 63.4199579556783 42.6999628543854 42.9888019959132 53.8450429836909 66.7697191238403 68.0733919143677 79.987496137619 90.7612244288127 100.527664025625 95.6099033355713 89.5345409711202 44.6594258149465 45.1402564843496 52.9243101676305 55.5589646100998 70.2421516180038 75.2847989400228 51.528662443161 36.2874741355578 41.9598668813705 85.4880015055339 80.236146847407 66.0710384448369 55.6068519751231
71.8766450881958 79.9461752176285 83.8412741820018 86.6009593009949 86.5072111288707 82.9440255959829 93.177338441213 97.6938307285309 98.0729858080546 102.858732144038 106.021265188853 105.684747298559 105.017761389414 102.881183226903 104.503015677134 100.503514210383 97.0921715100606 99.9869306882222 101.131697495778 102.256884177526 105.067233244578 100.518683592478 97.8842079639435 90.9626881281535 88.0782802899679 89.4662340482076 83.6864908536275 77.3301025231679 76.240470012029 83.1906894842784 84.1527879238129 78.1024843454361 93.9764181772868 104.145487149556 99.3274648984273 73.3273426691691 63.383216659228 27.6802132527033 16.2239708006382 27.7730176846186 48.860897620519 71.6325988372167 79.4684588909149 65.6125942866008 52.5841464598974 55.0315578778585 70.8373139301936 75.566753745079 72.983185450236 65.7358666261037
61.4031106233597 77.0674248536428 81.717719634374 84.6024552981059 87.707261244456 83.6463669935862 88.2498721281687 97.1015691757202 108.189841111501 109.399348497391 105.120748281479 102.618753910065 104.43847378095 103.330552577972 103.567520777384 100.996514161428 96.6228246688843 98.8577604293823 97.6338187853495 95.3083237012227 95.8783427874247 94.6771800518036 93.3125714461009 92.7420258522034 92.5405919551849 97.26216395696 106.766402721405 107.955038547516 97.2786943117778 92.2827819983165 79.136977593104 78.2479345798492 88.3172750473022 79.184502363205 39.9610077341398 30.6357343991597 29.2355095346769 21.2248414754868 7.86696001887321 4.32855791101853 6.44057244062424 28.4837310512861 76.8307993809382 93.7116543451945 106.833785772324 103.120366732279 95.2214499314626 95.9202647209167 94.5621530214946 82.5977722803752
62.9934767882029 74.0236341953278 81.8825413783391 84.6007863680522 86.2217644850413 86.6921047369639 80.7814995447795 91.4769371350606 113.363454739253 112.168610095978 103.465358416239 99.3643005688985 102.482110261917 105.865975220998 104.834059874217 101.281573375066 100.180645783742 97.6629853248596 90.1707708835602 82.4807385603587 82.8639914592107 86.3865613937378 86.7933034896851 89.0940626462301 90.3993149598439 97.1108476320903 114.240835110346 121.92044655482 102.243880430857 87.2705777486165 77.5965352853139 67.8367217381795 68.5057491064072 64.3950700759888 41.0464083154996 24.8764902353287 26.224248111248 35.4207803805669 26.8622984488805 12.4918247262637 4.13260795176029 12.6244289179643 40.4497732718786 75.9659459193548 80.3676843643188 92.1128292878469 86.5216751893361 88.8142387072245 84.0842922528585 76.993465423584
75.7715453704198 79.259380698204 81.9172163804372 78.1042824188868 71.4430908362071 68.64399711291 77.1358410517375 83.1441183884939 93.9657092094421 89.483102162679 88.0876779556274 93.3865110079447 100.944499174754 102.734337250392 98.641832669576 100.408206383387 100.448032220205 94.0331717332204 85.7500235239665 79.8734029134115 78.8987626632055 79.8483987649282 83.9319427808126 86.8981083234151 86.7353479067485 89.3748799959819 102.601587772369 112.2105717659 102.911243836085 85.2703849474589 71.8771368265152 58.8373939196269 54.2205423116684 68.1055287520091 62.9251003265381 35.9512170155843 43.6196674903234 73.382705450058 78.3220926920573 57.011475165685 25.326078136762 15.4739667971929 27.678723136584 40.3331393996874 35.9605476260185 47.5156307220459 59.3901425600052 64.3537839253743 62.9200438658396 68.9554214477539
88.4687999884288 84.9480628967285 80.8787196874619 73.1227099895477 62.1491968631744 55.1480849583944 67.6674048105876 65.9483273824056 55.423970023791 56.5950125455856 67.6402002573013 80.3176412979762 87.8415703773499 92.7237868309021 96.086581548055 107.210566600164 109.791984160741 100.244174400965 90.6289021174113 86.6632660230001 83.6527546246846 83.5239986578624 84.8594705263774 82.9198757807414 83.7807059288025 87.3620410760244 91.0817782084147 98.3002483844757 89.5115534464518 67.4914916356405 71.4632968107859 65.9481237332026 60.2567096551259 77.9500802357991 83.5586488246918 70.4644819100698 60.6836676597595 61.5100711584091 57.0606937011083 60.0800464550654 44.8583861192067 31.8247949083646 27.2420818607012 27.833732465903 20.4016740123431 22.0003773768743 32.4971129496892 35.3606467445691 49.837072690328 70.4935491085052
91.7547146479289 84.4723085562388 79.1118443012238 74.8031139373779 66.961074868838 60.149739185969 55.1066895325979 49.8076726992925 30.862217148145 39.9221628904343 62.73053586483 74.8503108819326 75.2398173014323 83.5428138573964 98.8179246584574 115.951001644135 121.839662392934 113.728056351344 104.667166868846 99.4703571001689 93.2562549908956 90.9601052602132 90.1713967323303 87.5189304351807 83.4422508875529 82.5586467981339 81.1560849348704 81.6515982151031 79.748660326004 59.5634678999583 64.0825529893239 58.9994291464488 59.8744451999664 81.5063565969467 101.415703694026 104.78882988294 78.1518618265788 33.3920046687126 28.7329902251561 36.2549175818761 48.6962695916494 43.906902273496 45.5739200115204 40.746899942557 28.0974134802818 23.580235739549 32.1680804093679 45.6345975399017 55.3236703077952 88.1708264350891
94.5696830749512 88.7054602305094 87.2650345166524 88.519940773646 84.9391520023346 77.8332948684692 72.0484554767609 72.8858709335327 71.2512234846751 76.5500615040461 86.0280394554138 93.2600994904836 93.7517086664836 87.8710150718689 99.0298787752787 116.670946280162 127.593080202738 127.611478169759 119.494050741196 108.721385399501 102.227260669072 95.6903497378031 92.8206443786621 95.0749119122823 86.6201917330424 80.7211647431056 72.0054705937703 73.3330895503362 72.3458776871363 68.0516163508097 49.7429470221202 46.9077825546265 40.7252982258797 68.5987969239553 109.902938206991 119.205137093862 84.8754048347473 48.5813220342 21.2711170315742 21.4478696386019 25.757871568203 29.5592769980431 45.1347132523855 55.8663308620453 57.9296251138051 43.4691905975342 43.0522660414378 62.2594555219015 93.9523180325826 145.15095949173
95.4854289690654 92.4945473670959 92.61421362559 94.0826932589213 93.5616691907247 89.4864598910014 88.8347625732422 97.8748699029287 115.759710470835 110.908855994542 101.640810569127 103.872726360957 110.092908143997 95.7410931587219 97.2310602664948 106.317241986593 116.914421319962 123.83371591568 124.226917823156 116.820643345515 110.139608383179 102.976898352305 98.0994403362274 95.3672130902608 84.6735239028931 76.0131527980169 64.0508929888407 63.2452815771103 64.4352585077286 57.0578922828039 29.9684479832649 27.2872373461723 20.979014535745 30.1118393739065 107.460955778758 120.429317156474 99.6999343236287 88.0976816018422 53.0658066272736 15.501414736112 7.09413985411326 4.57724866767724 24.1413712501526 61.3930026690165 69.8986152807872 58.9457849661509 57.5434217850367 86.2171153227488 150.942941506704 198.440114657084
