input/barkrak2/radiation/dir05424.grid
NCOLS 85 
NROWS 70 
XLLCORNER 665100 
YLLCORNER 4664600 
CELLSIZE 20 
NODATA_value -9999 
[rows 42 to 62 of 70, columns 0 to 47 of 85]
131.519377231598 128.651052713394 130.973388751348 129.566997289658 121.956328550975 118.437935908635 114.88018433253 110.554277896881 110.867361227671 107.181320587794 104.455530643463 103.84147365888 107.334673404694 111.880997816722 110.656499862671 106.67809844017 102.725426355998 107.963482538859 111.295878887177 103.551357984543 100.613246361415 98.8640288511912 95.2619512875875 96.8155761559804 102.760205666224 99.1049309571584 95.8900451660156 102.448731660843 107.829968134562 110.780656337738 113.522231578827 116.763075192769 129.151572783788 151.664863030116 159.228225549062 138.759742180506 124.33072924614 121.620923280716 123.062938451767 133.99804631869 143.379181623459 146.486858526866 130.973329146703 93.9365824063619 31.7754000425339 0.659658418347438 0 0
115.13673265775 117.542376120885 126.853823661804 123.700817426046 126.692533493042 128.588636716207 127.468675374985 121.787438790003 109.755923350652 108.629415432612 111.371219158173 106.224368015925 106.001098950704 110.869973897934 110.906044642131 108.582496643066 109.274427096049 111.071874698003 111.059774955114 104.904403289159 98.8433559735616 97.5348452727 94.8430895805359 93.8836534818013 96.7036783695221 100.610146919886 95.2890415986379 98.05761774381 103.624890247981 107.338507970174 106.471409400304 104.587932427724 117.609361807505 137.675335009893 142.225603262583 126.976549625397 121.959229310354 127.590835094452 132.828454176585 134.191622336706 129.489461580912 127.559125423431 120.282391707102 91.5856262048085 43.059895435969 0.261637886675696 0 0
113.537728786469 119.16063229243 122.075339158376 123.328020175298 124.705851078033 127.585450808207 127.276092767715 123.393088579178 117.593387762705 112.059374650319 114.163974920909 110.624343156815 106.292794148127 104.367405176163 104.685813188553 104.276160399119 99.916398525238 106.911361217499 108.210504055023 106.52361313502 101.686249176661 99.6452569961548 98.521888256073 98.6259082953135 95.6763525803884 104.707300662994 107.72113998731 104.93795077006 104.879548152288 103.984703620275 101.05828444163 98.741869131724 105.609794457753 113.043457269669 119.482070207596 119.829177856445 124.977201223373 135.884573062261 140.167762835821 130.998293558757 127.328375975291 122.424304485321 116.534729798635 94.8897004127502 58.4761798381805 15.9677863121033 0 0
119.984835386276 125.235935052236 121.865252653758 125.853379567464 123.855253060659 123.409926891327 125.300129254659 123.20601940155 124.544024467468 118.795136610667 117.912630240122 116.387546062469 110.748440027237 105.3233842055 103.718946377436 108.321696519852 101.497799158096 104.670107364655 109.468281269073 107.458611329397 104.168295860291 103.397071361542 103.203674157461 103.983789682388 103.314012289047 104.527413845062 109.77703332901 108.276218175888 107.770264148712 106.829345226288 101.604799429576 98.0730255444845 102.676600217819 101.70437892278 102.114935715993 103.688836097717 112.888117631276 128.098666667938 128.800650437673 114.681124687195 118.208527565002 111.059844493866 109.133819739024 106.183399756749 87.2748792171478 47.9385554790497 8.29838713010152 0
120.0217405955 121.507167816162 124.773234128952 127.279202143351 126.680642366409 125.831782817841 128.034671147664 129.510203997294 125.094592571259 122.656563917796 121.548354625702 119.898696740468 116.285701592763 112.293154001236 111.117313305537 114.505012830098 112.348099549611 105.890810489655 111.866782108943 110.326260328293 106.980184713999 107.472280661265 106.244961420695 102.733234564463 109.155714511871 104.072054227193 103.755096594493 106.175571680069 107.60505994161 107.556800047557 106.300671895345 102.853784958522 102.175494035085 101.52597228686 103.801389535268 103.840053081512 106.881260871887 115.608394145966 118.628631035487 114.227463801702 114.14302388827 107.141276200612 113.039483626684 121.23383084933 112.497359514236 76.918418208758 34.3928138415019 2.5322421764334
113.857805728912 116.17973446846 122.657239437103 124.296277761459 128.382742404938 129.485865434011 127.285321553548 126.749783754349 126.205126444499 127.840250730515 124.72598751386 120.207736889521 117.928187052409 117.214848597844 114.021917184194 113.705356915792 112.118095159531 104.570289452871 109.58594083786 109.826902548472 106.038600206375 107.458611329397 108.821521202723 101.246943076452 104.848762353261 104.55134510994 98.1673498948415 103.711108366648 106.775383154551 107.609629631042 107.834498087565 106.928845246633 101.891527573268 106.128921111425 116.524219512939 122.569670279821 117.130289475123 111.879269282023 116.267869869868 126.918067534765 118.593762318293 109.323481718699 117.277582486471 124.870955944061 117.81323949496 95.7955022652944 55.205891529719 18.5566842556
105.88060816129 109.567354122798 115.967839956284 119.690199693044 126.329441865285 130.425751209259 126.663744449615 124.69361225764 128.202686707179 129.904369513194 128.151118755341 123.179237047831 120.777746041616 120.998760064443 117.506772279739 111.613174279531 111.575861771901 104.724158843358 108.792761961619 111.630022525787 111.651549736659 110.961655775706 112.650374571482 108.558932940165 106.001704931259 109.320461750031 103.907446066538 107.505003611247 113.881170749664 118.959844112396 124.133288860321 123.106588919957 113.663901885351 114.694058895111 124.789595603943 132.609824339549 134.021629889806 121.598978837331 119.299312432607 126.724302768707 115.623205900192 107.315977414449 104.726046323776 104.902774095535 102.837224801381 101.745704809825 90.5413528283437 35.5132495363553
105.071326096853 102.526019016902 107.452581326167 116.593639055888 122.449477513631 126.319338877996 129.025628169378 131.225943565369 131.659766038259 128.166198730469 129.913071791331 130.082746346792 125.695804754893 122.269620498021 119.80531613032 114.69974120458 113.55189482371 109.788835048676 113.291541735331 116.839249928792 118.277241786321 117.706894874573 114.277939001719 114.909986654917 111.624598503113 114.014645417531 114.921351273855 117.423534393311 122.669577598572 132.484664519628 141.188810269038 141.896267731984 133.142799139023 126.975347598394 124.209801355998 133.1920226415 139.113773902257 136.737237373988 125.091185172399 114.450971285502 105.263382196426 106.212437152863 104.031890630722 98.9643037319183 95.6230759620667 100.404004255931 95.244030157725 47.5139816602071
105.910152196884 109.062393506368 112.755825122197 119.693845510483 120.714098215103 121.042599280675 129.912128051122 135.021815697352 135.020991166433 133.9437464873 133.125176032384 132.493247588476 127.898534138997 123.613685369492 123.180409272512 127.42621699969 118.870178858439 117.378403743108 118.897616863251 123.220105965932 124.263604482015 121.575077374776 118.328541517258 117.825130621592 112.510850032171 119.284689426422 123.639841874441 123.328328132629 126.871705055237 137.731711069743 147.351185480754 151.609798272451 142.309616009394 132.340004046758 118.340243895849 118.713597456614 131.756057341894 143.633743127187 129.994730154673 108.044614394506 99.7446874777476 107.398023207982 111.115177472432 106.803953647614 101.749877134959 98.1984436511993 82.2890102863312 54.3612639109294
106.050759553909 117.612222830455 120.216111342112 122.181286414464 120.520611604055 119.761933883031 127.628147602081 133.92095764478 133.235315481822 138.721336921056 135.80725590388 134.554574886958 131.418039401372 126.617968082428 125.603179136912 132.427573204041 124.794542789459 120.437443256378 118.041972319285 120.821366707484 121.327966451645 119.869450728099 118.931382894516 113.826900720596 111.564685901006 114.13053671519 119.260470072428 118.951400121053 121.726622184118 129.520565271378 140.616675217946 148.242046435674 144.767602284749 121.677100658417 88.1782472133636 80.8125088612239 99.6253689130147 121.970921754837 138.136684894562 132.858335971832 128.351777791977 118.739515542984 101.450701554616 98.9405314127604 107.36945271492 100.08825858434 78.5170247157415 65.837154785792
109.307030836741 107.744753360748 106.663882732391 110.527147849401 117.613325516383 123.045702775319 123.139758904775 130.073597033819 129.999121030172 134.647260109584 135.481913884481 137.109835942586 136.340806881587 131.318817536036 128.269771734873 126.93656484286 128.648698329926 120.629131793976 114.961991707484 113.246659437815 111.677457888921 113.759547472 116.379568974177 109.235097964605 111.26184463501 108.490258455276 110.421478748322 110.443164904912 109.318912029266 111.877212921778 119.856019814809 130.745907624563 127.918402353923 101.35155916214 66.5664374828339 48.0522066354752 48.8640318314234 78.0541747808456 116.115560134252 135.033289591471 138.239194949468 118.176400661469 97.2083210945129 93.0115580558777 101.092964410782 91.3249055544535 74.8002678155899 83.0339888731639
113.618026177088 102.684199810028 99.6281802654266 105.254590511322 118.231683969498 127.164949973424 126.512765884399 127.722442150116 130.647202332815 131.068180004756 133.392045895259 136.607706546783 138.223151365916 135.961433251699 130.184352397919 128.286312023799 130.791872739792 122.507303953171 117.590705553691 118.424395720164 118.226985136668 114.590793848038 112.942775090535 109.321614106496 108.179708321889 106.772402922312 106.82334502538 106.166342894236 105.161011219025 100.016395250956 93.5151775677999 99.4245409965515 100.479940573374 83.1270068883896 67.7575369675954 49.3835757176081 28.0462925632795 27.4299358328183 44.4463193416595 93.9622819423676 118.321935335795 107.997914155324 97.1646507581075 91.0110473632812 83.8607847690582 78.7744770447413 72.1880843242009 93.5817460219065
114.412615696589 107.811907927195 104.790478944778 109.60128903389 120.671689510345 129.061907529831 131.921827793121 128.136356671651 132.576614618301 130.252679189046 134.553054968516 136.07915242513 138.780931631724 140.087793270747 133.766522010167 134.130825599035 133.399466673533 126.831064621607 122.268537680308 123.758534590403 124.897996584574 120.491504669189 117.014547189077 117.282023032506 112.728883822759 112.229257822037 110.488037268321 106.361786524455 100.712776184082 93.9688682556152 85.0409766038259 89.0599290529887 93.1160847345988 93.4836069742839 91.8545126914978 79.463670651118 51.4646569887797 35.1463357607524 30.8808038632075 36.6548448801041 79.3165365854899 85.5974753697713 60.5132381121318 51.0177910327911 50.4761387904485 58.7368110815684 76.2923409541448 86.1508250236511
118.184010187785 116.429875294367 111.416131258011 108.834167321523 114.945908387502 128.375371297201 130.311052004496 128.493895133336 129.963537057241 134.861995776494 141.081144412359 142.267366250356 140.171945095062 140.317499637604 137.512048085531 136.699597040812 137.941966454188 134.430507818858 128.954589366913 125.694652398427 123.350272576014 122.310876846313 122.967084248861 126.962701479594 122.421115636826 118.812501430511 110.831409692764 101.462453603745 92.9644207159678 88.7046754360199 88.1426930427551 94.8182543118795 99.0361968676249 110.532214244207 117.443978786469 117.117017507553 102.141916751862 81.1455100774765 67.4077024062475 40.8300509055456 50.9842733542124 71.4461505413055 71.6528743505478 59.1959754625956 59.5580041408539 77.6799420515696 104.088544845581 100.458105405172
121.265987555186 120.519111553828 118.605315685272 113.810042540232 114.067176977793 125.047028064728 128.459791342417 128.485550483068 127.98410654068 136.937985817591 145.483513673147 145.145684480667 139.304846525192 141.330450773239 142.38586028417 135.55500904719 137.837360302607 134.023477633794 129.299173752467 127.077460289001 126.980046431224 128.982971111933 126.563688119253 123.854249715805 121.322810649872 114.992221196493 88.4790221850077 66.6424284378688 64.8580640554428 73.4468599160512 85.352232058843 91.2275413672129 97.1225500106812 104.382286469142 118.693123261134 127.514998118083 129.615922768911 124.531487623851 108.382831017176 81.9505204757055 55.4788211981455 73.5867420832316 90.9148156642914 92.2091702620188 92.7821894486745 108.617564042409 137.877017259598 126.222570737203
120.143204927444 117.932885885239 121.489812930425 121.504326661428 118.068873882294 121.464043855667 128.84908914566 130.124648412069 129.165271917979 136.424412329992 144.390632708867 143.147836128871 137.853403886159 141.322642564774 144.351293643316 133.946796258291 134.464373191198 132.267127434413 129.792769749959 130.7153403759 131.856163342794 130.696107943853 127.12104121844 121.765077114105 121.094266573588 118.090510368347 95.6267515818278 72.4532504876455 72.4395513534546 82.8560094038645 95.2449838320414 97.2947676976522 108.980298042297 120.53648630778 127.160807450612 137.005805969238 134.460190931956 80.8078149954478 67.4856354792913 81.0165554285049 83.7453107039134 98.6575285593669 103.815843661626 86.5109165509542 69.1527128219604 87.8032644589742 114.638010660807 109.150946140289
107.296307881673 116.285651922226 119.475911060969 122.175892194112 121.247669061025 117.859313885371 129.631459712982 133.861680825551 133.127858241399 137.100915114085 140.811026096344 141.602277755737 140.30001560847 137.528290351232 138.156195481618 133.889089028041 129.8515299956 132.738500833511 134.148299694061 136.086414257685 136.612623929977 131.3736140728 130.944420893987 123.265067736308 119.695454835892 122.701515754064 119.249363740285 111.921608448029 113.441169261932 118.311583995819 114.568601051966 107.439657052358 123.675843079885 131.981631120046 127.514551083247 97.9988177617391 86.8752598762512 45.8556960026423 31.650351981322 46.3283807039261 84.9791169166565 109.157135089238 106.983860333761 91.3872520128886 78.615794579188 82.4389308691025 99.3621249993642 104.170829057693
96.3724652926127 113.095909357071 117.58080124855 120.142728090286 123.036573330561 118.759572505951 124.27611152331 133.462766806285 144.278546174367 144.681026538213 140.919476747513 139.022727807363 140.494724114736 138.760695854823 138.458907604218 135.6141269207 130.958090225855 131.630132595698 129.949311415354 126.443833112717 128.560503323873 126.861333847046 126.275191704432 122.782230377197 123.171468575795 131.0040752093 141.778995593389 149.666994810104 137.59125272433 133.622268835704 116.783450047175 107.570817073186 118.041058381399 108.509471019109 61.1489315827688 49.402450521787 47.2718675931295 37.4512126048406 23.1080924471219 18.9828375975291 21.7916195591291 72.7255195379257 104.051172733307 125.144223372142 139.693717161814 134.543120861053 127.79027223587 125.690917174021
98.7282494703929 109.136879444122 117.507408062617 120.166639486949 121.461898088455 122.314562400182 116.302380959193 127.397835254669 149.825781583786 148.654858271281 140.25025566419 136.481652657191 139.144281546275 142.130235830943 140.35094777743 136.633843183517 134.507228930791 131.277581055959 123.918235301971 115.480770667394 114.802022775014 117.809434731801 117.696672677994 118.752022584279 123.701840639114 129.414637883504 147.118995587031 156.509220600128 137.374768654505 126.557916402817 113.448699315389 97.5202520688375 97.1828103065491 90.18208583196 66.7369365692139 41.8718109528224 43.4816976388296 56.364248196284 48.0419993400574 31.0291796922684 19.2613961795966 31.7980274558067 81.4833790063858 113.51348956426 125.036656856537 125.125537316004 117.508629957835 118.294815222422
111.498872439067 114.800403515498 117.735981941223 113.715877135595 106.875052054723 102.954715490341 112.038403749466 118.170529603958 128.440062204997 126.701384782791 125.625371932983 130.896806716919 137.861569722493 138.932893673579 134.547730286916 136.483748753866 136.084874471029 128.573755423228 119.25662557284 112.813363472621 111.897935469945 112.446616093318 115.389347076416 118.316918611526 117.395619551341 121.055076519648 134.825597206751 142.585515975952 136.297514041265 124.137332042058 107.008357842763 89.4008179505666 80.8440297842026 93.929390112559 86.8070820967356 62.6441240310669 66.240777571996 101.672341426214 105.786343415578 82.4290116628011 48.3885854482651 37.5161121288935 57.2351415952047 76.2033065160116 65.7430986563365 81.1388343572617 86.365669965744 91.5782550970713
124.819348255793 121.010979016622 117.075969775518 109.116305907567 97.3420043786367 88.7178778648376 102.059781551361 101.283073425293 88.727613290151 89.7743105888367 104.92354631424 118.445287148158 123.737494150798 128.533244132996 132.120172182719 143.31375559171 145.786821842194 135.896464188894 126.125365495682 121.217727661133 116.958121458689 115.663121143977 117.008368174235 114.046275615692 115.832438071569 117.765963077545 120.843082666397 125.594923893611 124.853710333506 101.966907580694 104.837367932002 96.9979266325633 87.781548500061 104.84379529953 108.607202768326 95.1727032661438 86.7434442043304 88.5367492834727 94.1248536109924 91.6181206703186 73.6774454514186 56.9811165332794 56.9876382748286 46.429564555486 37.2459044059118 42.6417638858159 65.6601985295614 69.9430555105209
