input/barkrak2/radiation/dir02924.grid
NCOLS 85 
NROWS 70 
XLLCORNER 665100 
YLLCORNER 4664600 
CELLSIZE 20 
NODATA_value -9999 
[rows 0 to 21 of 70, columns 0 to 50 of 85]
87.964336077372195 107.806593179703 124.093800783157 142.785370349884 153.554896513621 156.287570794423 155.652652184168 153.416554133097 151.483029127121 154.862384001414 155.566900968552 151.74060066541 147.196978330612 146.326919396718 146.375785271327 132.566273212433 119.576911131541 108.247190713882 108.111679553986 108.422338962555 114.725202322006 135.914901892344 156.898895899455 162.061234315236 165.46622912089 175.822834173838 174.336949984233 164.621700843175 157.620827356974 158.629099527995 154.640138149261 176.478127638499 213.584999243418 209.571957588196 206.328094005585 199.624717235565 207.279245058695 218.269427617391 216.882904370626 216.393450895945 206.974565982819 216.156323750814 221.452971299489 211.224238077799 200.029691060384 207.41081237793 215.573112169902 174.020667870839 118.417819341024 114.158819119136 137.31986284256
60.8040889104207 74.8153626918793 88.1221791108449 102.149705092112 117.586801449458 134.69605644544 147.966802120209 154.239306847254 159.43964322408 159.06564394633 158.027937014898 153.285106023153 148.024340470632 148.094365994136 148.175686597824 135.179092486699 124.98265504837 116.430103778839 113.793323437373 111.924260854721 125.171840190887 149.683028459549 171.19703690211 171.518087387085 174.673835436503 180.155813694 176.330367724101 168.256223201752 160.985708236694 160.496046145757 161.141534646352 186.171650886536 211.71373128891 207.653244336446 204.913814862569 199.316302935282 206.481198469798 218.247135480245 211.807211240133 214.465419451396 210.083365440369 212.461908658346 207.83386627833 197.124441464742 191.738188266754 204.20237382253 203.951219717662 153.694570064545 125.658293565114 136.550267537435 166.226049264272
29.6277155478795 39.1083086530368 45.7497189442317 53.0389795700709 62.8285507361094 74.769601225853 94.144344329834 111.810386180878 141.320288181305 147.563437620799 151.564280192057 154.720813035965 157.200634479523 158.787329991659 158.726900815964 158.874322970708 154.809057712555 144.203325112661 129.6373407046 122.524201869965 134.059886137644 151.133477687836 163.524279991786 169.422229131063 175.101399421692 174.482007821401 171.74768447876 167.690138022105 164.067218701045 168.308695157369 177.642424901327 197.847843170166 209.318856398265 204.108039538066 200.271487236023 199.541886647542 210.294842720032 215.4940366745 207.809865474701 203.182180722555 199.87408320109 193.492313226064 182.273546854655 175.034284591675 180.673003196716 197.747449080149 190.627614657084 150.025308132172 145.606140295664 164.922505617142 191.562215487162
17.4773472050826 19.5743814110756 24.009607732296 27.4988859891891 31.7650586366653 35.8203252156576 44.4892793893814 60.8718941609065 76.6732941071192 98.0794231096904 121.184676885605 146.756122509638 156.144032875697 159.402976433436 163.425147533417 169.723351796468 166.789372762044 155.060132344564 138.522684574127 131.508052349091 132.835626602173 134.464611609777 145.100752512614 154.485831658045 156.063665946325 162.632495164871 166.09925031662 166.37110710144 168.062726656596 174.740533034007 180.988371372223 200.277050336202 205.573916435242 203.084627787272 200.354198614756 200.5801598231 202.768762906392 203.348775704702 197.037478288015 188.777844111125 184.961100419362 175.788640975952 175.372163454692 188.570022583008 199.530720710754 194.159011046092 174.713889757792 152.674625317256 155.337204535802 168.504456679026 190.112729867299
27.2868325312932 21.1000889539719 15.3520901997884 9.26806156833967 7.94698670506477 18.5850188136101 33.2455361882846 43.882225950559 51.4812717835108 57.2723199923833 77.5776952505112 96.5823928515116 114.328732093175 124.119738737742 131.084392468135 136.463940143585 140.408545732498 143.628418445587 139.21653230985 133.546610673269 129.64270512263 126.35201215744 134.268442789714 143.497655789057 148.080269495646 153.064519166946 160.830706357956 165.572981039683 168.691674868266 169.43750778834 175.879577795664 198.542932669322 195.385932922363 197.947919368744 197.989106178284 196.669399738312 193.473478158315 190.801342328389 181.94059530894 173.400362332662 172.864814599355 175.914565722148 183.855891227722 193.676114082336 198.187927405039 175.852199395498 141.440202792486 135.225425163905 149.035592873891 167.445719242096 196.432709693909
52.3687303066254 36.8976593017578 22.4848240613937 10.1501805086931 6.7387248078982 11.8423290550709 23.3669529358546 35.4479203621546 41.3001378377279 42.2578404347102 48.0261395374934 55.3151319424311 64.8003319899241 71.4286168416341 77.6749600966771 80.3582022587458 85.1765672365824 97.6047317186991 109.904487927755 117.530117432276 124.090254306793 127.017011245092 127.930591503779 129.263897736867 137.193868557612 145.192990700404 149.952868620555 155.990650256475 167.825102806091 172.165036201477 183.323721090953 193.294326464335 187.212884426117 188.472767670949 190.077821413676 189.818720022837 186.976154645284 182.091911633809 173.642973105113 173.869570096334 173.280656337738 172.55570491155 176.394581794739 181.007067362467 175.694564978282 138.447970151901 118.42210094134 128.434816996257 148.371915022532 186.905086040497 210.266411304474
67.2320822874705 54.4810195763906 41.0455341140429 28.1079585353533 15.4285294314226 9.91356186568737 13.0159084995588 27.16314047575 38.7692600488663 44.4601674874624 42.7560905615489 38.8009299834569 37.3513375719388 35.4223996400833 37.2175971666972 46.281968553861 53.956483801206 69.1665709018707 87.2970918814341 101.992925008138 112.634042898814 120.756129423777 121.950040260951 122.902085383733 125.690986712774 132.736772298813 138.511637846629 144.635866085688 150.36220351855 159.191528956095 180.817484855652 185.92510620753 176.703830560048 172.103861967723 171.165585517883 174.561381340027 174.904048442841 170.23241519928 165.215124686559 159.618377685547 154.838691155116 155.218680699666 163.426925738653 170.91957728068 168.929696083069 163.44290971756 173.247416814168 182.844658692678 195.809563000997 209.295153617859 214.146037896474
81.7024956146876 66.5811747312546 56.6078970829646 48.555980126063 35.4931478699048 16.4937848846118 8.61088559031487 0.733008064950506 16.9341390331586 31.8911795814832 39.3561795353889 41.4928396542867 36.7660596966743 33.6232706904411 27.7859717607498 29.5892283320427 37.3034626245499 48.8658646742503 65.8531834681829 84.0498904387156 96.4721838633219 108.15042257309 119.992991288503 118.400931358337 119.211236635844 119.812428951263 122.936983903249 127.864936987559 133.724341789881 143.457919359207 153.023640314738 155.900001525879 156.118869781494 156.036595503489 153.228223323822 153.575281302134 160.125941038132 159.269362688065 156.363517045975 140.098591645559 136.9988322258 144.394685824712 159.684757391612 171.955227851868 175.462603569031 180.536150932312 192.539135615031 193.992078304291 204.232533772786 210.414131482442 205.638408660889
76.0760009288788 68.7033037344615 58.1425527731578 49.958273768425 43.6631639798482 32.5923239191373 18.1917374332746 6.64534792304039 13.0941097935041 19.5657884081205 25.743489464124 31.1960329612096 34.9760204553604 43.2077000538508 37.3763640721639 33.8295102119446 33.3448698123296 37.277507285277 47.1236656109492 59.6711089213689 74.2100328207016 86.0715905825297 99.6985733509064 102.382361888885 104.299396276474 103.33639383316 105.242103338242 111.161718765895 115.969638029734 125.485887130102 133.032451073329 132.991194725037 130.769590536753 129.353861014048 136.284559965134 144.993513822556 147.421022256215 150.635739167531 151.516934235891 146.364827950796 151.205281416575 160.687893629074 168.525258700053 171.703457832336 169.873833656311 168.865482012431 170.896550019582 183.30576022466 193.183362483978 188.745160897573 181.795179843903
57.6262225707372 53.673043847084 49.8934934536616 41.5013507008553 40.1352047920227 41.6909605264664 31.7361503839493 22.8871131936709 13.409166286389 10.6129472454389 14.4741411010424 25.5560850103696 37.5036870439847 46.2380349636078 49.7934967279434 48.3034998178482 40.9103184938431 39.6598304311434 41.4128775397936 44.5364713668823 52.4235665798187 57.5239757696787 68.352277080218 78.044056892395 84.9969983100891 88.2703860600789 88.6405805746714 88.8652702172597 97.6231197516124 105.863650639852 106.420814990997 108.616858720779 112.203111251195 115.676065286001 120.55171529452 125.153481960297 131.535579760869 140.928457180659 147.400557994843 157.101651032766 166.10320409139 170.482595761617 172.513524691264 171.600778897603 168.404301007589 168.137629826864 177.046636740367 180.43973048528 182.642181714376 185.069501399994 188.791871070862
23.4685267011325 21.9491571187973 22.490863998731 22.804985443751 21.3047911723455 16.9511375327905 21.7195029060046 22.7089325586955 19.3755105137825 14.2824662228425 11.6268657147884 14.3496878445148 27.3597886164983 41.2486866116524 53.06376516819 48.847551147143 45.7115570704142 43.4532513221105 39.8620491226514 38.4893342852592 38.7700249751409 40.7893136143684 45.5009837945302 55.9132744868596 68.2875017325083 75.1986106236776 76.434517900149 77.3744036753972 80.7913690805435 86.8806640307109 95.1989690462748 98.8094607988993 104.74905371666 108.483860890071 108.365794022878 112.48238881429 118.115564187368 123.321990172068 142.425666252772 161.658386389414 168.592055638631 166.63713256518 165.531575679779 164.518972237905 164.863804976145 171.04039589564 177.846133708954 178.264717260996 177.503446737925 181.367119153341 183.094461758931
2.36392486840487 3.04057697455088 2.26388049001495 0.885163899511099 0.00124557300296146 0.00198790060797667 2.48077046126127 15.7263999183973 19.6637846529484 19.9010732273261 14.9342119693756 10.6775239109993 13.5745629668236 22.9827240109444 38.1051351626714 42.9798712333043 49.9125222365061 49.7208635012309 44.5793370405833 39.7767871618271 35.6243848800659 34.7074742118518 36.5151514609655 43.3790187040965 50.6043483813604 57.0477098226547 61.0888948043187 62.5445892413457 68.590983748436 69.1830466190974 73.4697729349136 82.7598969141642 88.8198713461558 90.2624328931173 93.4125383694967 97.6167917251587 105.666736761729 114.470541477203 122.168729702632 142.710347970327 158.496876557668 157.751192649206 152.166823546092 149.758120377858 151.316583156586 151.936501264572 156.513532002767 165.227989355723 168.811996777852 173.084000746409 175.592521826426
0.0702468047772224 0 0 0 0 0 0 2.03757081180811 16.5339683492978 24.4359076023102 24.4967192411423 19.6187024315198 11.3266569872697 11.2545639276505 22.1552923321724 37.0140671730042 47.7006137371063 51.6474743684133 51.1986613273621 47.2935984532038 42.3985322316488 42.618066072464 44.1192289193471 45.4825659592946 47.108272711436 48.561950524648 52.2952328125636 57.2252174218496 59.9619845549266 60.6204817692439 62.4766498804092 60.8600278695424 63.4393294652303 72.8310644626617 79.2079120874405 82.1677446365356 88.9318585395813 100.221584240596 104.685505231222 112.586001555125 119.803766409556 121.278663476308 136.428167422613 135.835220416387 136.988987525304 139.028012752533 138.429264227549 141.492903232574 146.246035893758 153.715213139852 157.786319653193
0.254258105996996 0 0 0 0 0 0 0 0.827887017900745 17.3834723730882 27.3552959163984 33.5534289479256 29.046967625618 21.2408925096194 20.624928176403 32.6521868507067 42.7461763223012 52.9169837633769 60.779203971227 59.2304716507594 53.676297267278 52.7684688568115 51.7534265915553 51.5108654896418 54.1712741057078 54.6449770530065 55.097629626592 62.2847626606623 61.3440275192261 55.1930814981461 56.167537967364 57.0963670810064 54.5037935177485 50.9361376365026 59.195210536321 71.8174676100413 78.7363698085149 84.6388936042786 88.4876350561778 91.5065805117289 97.2498456637065 100.674649079641 106.457302967707 115.801076094309 126.29172205925 135.194003582001 133.978366851807 126.836627721786 125.084539254506 127.186993757884 130.738258361816
6.80461339652538 0 0 0 0 0 0 0 0 5.28694999714692 22.9236210385958 42.8307751814524 51.7040193080902 45.9512223800023 33.893421292305 30.7323088248571 34.5245475570361 44.797604282697 57.8029056390127 67.8370893001556 69.0740595261256 64.5278890927633 63.6205474535624 61.517005165418 61.4729772011439 62.9707972208659 61.7905954519908 61.3842407862345 62.4092370271683 55.7246456543605 52.3006568352381 51.7620742321014 51.8021086851756 47.1460372209549 46.4519212643305 46.9710479180018 43.3188329140345 56.7284375429153 69.6867853403091 71.8925942977269 78.3654203017553 82.4184020360311 87.0820681254069 91.7415718237559 99.0527371565501 111.781587203344 123.603036006292 127.476364374161 123.0322321256 117.273519436518 116.828789313634
7.16534691552321 0.0823824472414951 0 0 0 0 0 0 0.00819613220907437 0.807006920998295 15.5420228838921 35.3357940912247 50.2775410811106 57.23637342453 50.5653669436773 33.5553288459778 29.1395237048467 30.8910657962163 42.8969611724218 62.3980611562729 73.2250909010569 71.6576327880224 74.8267024755478 69.6409046649933 66.5803054968516 68.6536779006322 70.8763102690379 66.1446650822957 63.3788506189982 64.1459971666336 57.7855805555979 52.4036188920339 46.881432334582 38.9107267061869 35.4881013433139 35.5708474914233 31.561054289341 31.0513849059741 34.13425385952 46.2227414051692 47.8188345829646 52.019864320755 55.335928996404 58.8926076889038 69.9729820092519 81.4759035905202 94.8385099569957 109.227776527405 112.868597110113 111.502528190613 113.88165752093
4.93623409420252 0.663100276142359 0 0 0 0 0 0 0.584937748499215 1.22227977650861 1.70134597768386 25.3629336754481 46.0789203643799 60.3985488414764 62.9825194676717 52.8826862573624 48.0221857627233 40.4178624351819 35.5654483040174 43.522983789444 62.0733698209127 74.605330824852 80.5552800496419 77.2116432587306 74.1664866606394 75.5949964125951 74.8134305079778 76.178918282191 73.8655030727386 70.8406915267309 61.1429512500763 55.2221784989039 46.0619231065114 38.0919128656387 30.9123074014982 25.4274159669876 19.7205605606238 18.5711545248826 19.4860796133677 25.3961533308029 26.9928673903147 32.229113082091 36.0125948985418 36.5668684244156 49.4612008333206 59.1696004072825 66.3091590007146 73.9662746588389 81.6864669322968 100.606103738149 109.70002412796
3.14816646277905 1.01283208156625 0.000743906790982389 0 0 0 0 0.870534839729468 1.95261711875598 5.73339064915975 8.97455339630445 18.8443002601465 32.9730088512103 45.2655951182048 60.1749569177628 66.7588710784912 66.9516424338023 59.0961625178655 47.4675049384435 38.6863425374031 46.6466744740804 67.3813174168269 75.2849827210108 79.5544485251109 81.3800593217214 85.711528857549 87.7597530682882 83.1173807382584 78.7380437056224 79.893946647644 69.6075757344564 55.5883397658666 43.3677633603414 36.9395216306051 29.9791842699051 23.8259260853132 17.5306002298991 13.400553415219 14.8555710911751 16.7264180878798 17.4220502376556 22.3018651207288 23.3206277092298 26.9575566053391 32.8434854745865 43.6798880497615 49.4427134593328 53.564856449763 58.9102804660797 66.0834858814875 77.7726173400879
3.49949207156897 4.03893521676461 3.16543659816186 0 0 0 0.613708165474236 2.58821590493123 6.84250084062417 13.5230422019958 18.7185667455196 22.5578770041466 28.3090869585673 37.7303411563238 50.5319138367971 61.4122947057088 64.6810283263524 68.7833776076635 66.8730090061824 55.5128206809362 43.711930513382 53.179661432902 63.5034094254176 73.8757302363714 84.376315275828 89.2714957396189 94.1797991593679 93.1877891222636 85.3073199590047 76.5015582243602 72.8128999471664 59.6327881018321 46.9943980375926 32.8365166982015 24.4152396917343 18.7217916051547 11.7402200897535 7.05308715502421 5.25244697928429 6.30817810694377 10.3078552832206 16.445896277825 19.186989714702 22.7594350775083 26.1686444282532 34.3733703096708 38.4103010098139 40.0856186946233 46.2945799032847 52.4651408195496 58.2252790530523
3.71494113157193 2.7002760519584 4.24114180107911 0.0577850635939588 0 1.38000554094712 1.92858371883631 3.54808444778124 4.57150395959616 12.4401847521464 21.2922145922979 20.4914771020412 20.3589002291362 25.7612864176432 37.1708671251933 49.1123795509338 57.5086971124013 64.780314763387 69.7180579106013 69.3142265081406 63.8256619373957 53.1497100989024 55.801252524058 64.7829522689184 75.9306599696477 86.2495899200439 90.2382632096608 87.2747302055359 86.6373777389526 78.3035258452098 64.9492343266805 53.2757391532262 45.2127953370412 32.7203025420507 26.5712266167005 16.4330378174782 9.41557809710503 2.73062443981568 0.774856501569351 0.978909898549318 1.22559838928282 8.73284911115964 16.2160731852055 20.4893673459689 21.1688801646233 28.5674085219701 30.4966022570928 34.3602622548739 40.1493633786837 44.1898951927821 46.9897041718165
6.6657184312741 2.04656055818001 0.452103946978847 1.35134843488534 0.0913356489036232 1.92681901777784 1.54136571412285 3.33534770955642 4.34799181918303 5.81371722122033 15.5124478042126 15.3692935903867 14.5507057507833 18.0276433626811 24.1790612538656 33.98763636748 43.9169903596242 50.6971776485443 59.5092723766963 71.9095766544342 78.7432889143626 70.7716941833496 70.7819064458211 73.6994842688243 75.1604388157527 76.4759927988052 81.5363725026449 79.6233514944712 75.0616689523061 63.4280294179916 60.6779257456462 45.5347796281179 29.8980424801509 23.4986295302709 8.84645866851012 2.73185347517331 0.368051696568727 0 0.00134955356164331 0.000864085526094035 0 3.32279969006777 9.84055610994498 12.6627571880817 16.6873609026273 19.359178841114 23.0013777812322 27.2812594970067 31.4506565531095 32.5716336568197 33.4003617366155
21.1258679628372 11.9094165662924 3.00548567126195 5.12152165174484 4.61115377644698 1.42005815481146 3.19978160162767 5.69199646512667 5.36481539408366 5.32641572256883 13.2581827541192 12.8855481743813 13.2827684283257 11.5485799809297 16.5417790412903 25.6896341840426 36.1061344544093 45.6761568784714 53.4857511520386 64.8421595493952 72.4165985981623 85.0472251574198 91.5210942427317 89.2310241858165 86.1555933952332 76.4074176549911 72.3080138365428 70.640151699384 71.0070629914602 56.4580063025157 46.2270130713781 26.682011783123 18.3023276428382 4.71848404655854 0 0 0.000981614978930641 0.000843246425574762 0 0 0 0 0 4.88372705876827 12.9534217218558 18.0553073684375 22.1275761723518 23.270217080911 26.31509800752 24.7519960006078 25.6531884272893
