input/barkrak2/radiation/dir01324.grid
NCOLS 85 
NROWS 70 
XLLCORNER 665100 
YLLCORNER 4664600 
CELLSIZE 20 
NODATA_value -9999 
[rows 23 to 45 of 70, columns 0 to 51 of 85]
66.2647386391958 55.9621602296829 25.3669172525406 8.91139234105746 4.57037147134542 10.4696986575921 9.04026813805103 4.10653247187535 2.83230158189932 2.48661187166969 3.25370766222477 11.1448466777802 12.3451376954714 15.6469903886318 14.2194181680679 14.2289772629738 19.5556717614333 28.1820421417554 32.9129522045453 26.0142882664998 25.3241086999575 28.5983731349309 40.2662232518196 50.6865481535594 56.5652549266815 55.8956215778987 49.4533677895864 42.6834772030512 24.2002755403519 10.5461105704308 6.96789907912413 1.76647212356329 0 0 0 0 0 0 0 0 0 0 0 0 0 0 0 0 0 0 0 0
66.0854379336039 62.0977928241094 40.8410429954529 13.313935448726 0 3.42146555582682 4.69613571961721 6.56701251864433 4.53668832778931 3.75626577685277 3.25290268907944 2.22897001852592 10.4104715089003 14.4054070115089 13.6373030642668 13.3802642424901 17.7053287625313 25.5648965636889 31.2546739975611 25.3777652978897 23.8003979126612 20.977109670639 27.8020029266675 35.2341582377752 39.8682033022245 40.7716234525045 37.8032674392064 34.2881729205449 15.766737361749 6.22616584102313 3.00570639471213 1.87540116409461 0 0 0 0 0 0 0 0 0 0 0 0 0 0 0 0 0 0 0 0
53.7972648938497 57.8866302967072 50.8038699626923 22.386742134889 0.797649379819632 10.2262732883294 17.1377422908942 24.7116759419441 25.3596678376198 20.1256076494853 15.742448469003 18.1864500045776 16.9386963049571 20.5934718251228 19.8726678888003 15.9502066671848 16.8682597577572 25.1914958159129 31.6604822874069 33.420463403066 33.6431115865707 29.9011344710986 27.1248171726863 27.0932962497075 29.8096562425296 31.872754295667 28.5381724437078 28.9801210165024 17.2157014409701 13.25598731637 10.5975593129794 13.3423196772734 8.52743412057559 0 0 0 0 0 0 0 0 0 0 0 0 0 0 0 0 0 0 0
52.4953405062358 57.2839925686518 54.9202114343643 31.0752044121424 9.04049475987752 21.3249772787094 33.6990877985954 45.1921075582504 52.7124057213465 46.3579843441645 30.4347574710846 30.8547740181287 28.2286554574966 29.48826054732 30.4744491974513 21.9354604681333 19.297119230032 26.0609139998754 33.8576187690099 43.4756278991699 44.2866335312525 41.3438553611437 34.6926202376684 29.2399674654007 29.6074325839678 31.4690520366033 27.5867333014806 34.8465566833814 33.2152222593625 31.893752515316 35.7696811358134 51.2621204058329 58.9300642410914 39.1780336697896 0 0 0 0 0 0 0 0 0 0 0 0 0 0 0 0 0 0
53.7613332271576 52.8549651304881 52.8801480929057 36.724420885245 31.843031446139 40.0843222935994 54.9929191668828 61.1447691917419 62.0495428641637 52.4253745873769 39.2853617668152 33.1808055440585 31.4273734887441 31.9070070981979 35.1324751973152 29.5552362998327 24.980587263902 30.08800248305 42.1227514743805 46.6889093319575 44.5747623840968 36.4819417397181 34.2425505320231 34.9520792563756 35.2063129345576 35.4855780800184 33.4087163209915 43.2333499193192 59.4525039196014 63.7941062450409 67.1757211287816 73.2242166996002 83.0768098433812 88.2196128368378 45.9863046805064 0 0 0 0 0 0 0 0 0 0 0 0 0 0 0 0 0
56.655024488767 46.8740016222 47.3048537969589 39.1730666160583 51.0951181252797 54.0192027886709 57.6608777046204 56.0062030951182 50.1891672611237 41.9284303983053 33.5312833388646 28.2815620303154 31.2769562005997 34.814827144146 36.1710538466771 38.207304974397 32.7721983194351 29.1367322206497 38.7949422001839 41.3674563169479 38.6189023653666 32.0565551519394 31.8873822689056 37.2742762168249 39.4411683082581 36.4900628725688 37.4652668833733 43.1165099143982 65.5289342006048 78.0834754308065 84.4720502694448 88.6126756668091 95.582922299703 97.9675451914469 87.8919859727224 21.626519660155 0 0 0 0 0 0 0 0 0 0 0 0 0 0 0 0
57.872881491979 42.3574348290761 42.3548767964045 43.6097731192907 52.3247768481572 55.0298194090525 44.9880460898081 35.0959822535515 9.84655941526095 6.95096142590046 13.2423900067806 22.3549207051595 27.6762197415034 35.2264195680618 36.9120786587397 41.7511562506358 38.5015532374382 26.9594912727674 29.5578191677729 32.3980127771695 31.6433683037758 32.3072920242945 32.2601397832235 37.6152048508326 42.5043851137161 39.5440583427747 41.546642780304 43.5649851957957 59.3573798735937 80.4722309112549 92.3046271006266 97.8537599245707 100.084334611893 101.003875335058 106.963753700256 87.856113910675 16.6006522874037 0 0 0 0 0 0 0 0 0 0 0 0 0 0 0
57.1119089921316 57.4889679749807 75.2400557200114 102.829237778982 82.7703972657522 59.9997341632843 37.1833369135857 9.35016386210918 6.46351153651873 14.5052919785182 5.10893948376179 4.4564347093304 27.4139146010081 36.5440969665845 39.3414770563444 46.493798494339 42.6085243622462 31.9811453421911 31.0245926181475 34.2030872901281 31.5805623928706 35.0241909424464 36.7421979705493 38.8270566860835 44.1452413797379 47.8727370500565 46.2440898021062 48.610657453537 60.9237154324849 83.8444332281749 98.0915029843648 102.168103059133 99.2098351319631 107.179035743078 115.662237008413 118.426144123077 93.1373139222463 38.250004251798 0.391020711200933 0 0 0 0 0 0 0 0 0 0 0 0 0
67.9007917642593 97.9467431704203 143.227100372314 163.480281829834 143.198678890864 95.6806639830271 53.3972084522247 30.1441277066867 25.2185637752215 27.7284483114878 21.921768784523 18.8941694796085 27.576540907224 34.8501950502396 45.3449785709381 49.0057021379471 45.2729513247808 39.5279402534167 33.3820829788844 34.6805403629939 34.5771064360937 37.4356855948766 39.6198481321335 40.1787410179774 44.519101579984 54.8970252275467 54.9904058376948 60.1937721172969 69.7263777256012 85.4252676169078 99.0072290102641 104.408939679464 106.012145678202 112.58801817894 119.173308213552 119.94065841039 111.426631609599 93.0727024873098 35.2244128783544 0.00330338692341077 0 0 0 0 0 0 0 0 0 0 0 0
122.959434986115 158.076842625936 183.313965797424 185.946941375732 182.575027147929 158.23229153951 118.346830209096 84.2489500840505 64.0154133240382 54.0976921717326 48.8360226154327 41.766345500946 31.2964568535487 33.293421069781 42.0399407545725 48.8759477933248 43.2534664869308 44.0064420302709 34.1041733821233 32.8443100055059 36.3214164972305 37.6539702216784 38.8868724306424 39.4044717152913 43.5141970713933 55.8282683293025 61.2886448701223 68.1918859481812 76.6737709442775 83.643247683843 94.1841006278992 103.88774673144 104.267537593842 102.910190820694 103.916943073273 99.343200524648 100.736111402512 86.288313070933 46.7853744824727 0.956194630513589 0 0 0 0 0 0 0 0 0 0 0 0
175.21870136261 193.256715933482 198.836187521617 196.663796901703 198.183536529541 194.436848163605 172.353943188985 133.19319486618 97.5793798764547 76.9898096720378 78.0808826287587 69.7312106688817 46.7993021011353 38.7603441874186 40.3974577784538 44.4695403178533 39.172351360321 39.8797715703646 33.3120276530584 34.1533621152242 33.5627049207687 34.9675938487053 34.3177393078804 34.5497603217761 40.7004604736964 50.1635819673538 60.5076104402542 64.2097393671672 72.8590736786525 84.2970808347066 93.081533908844 94.7903692722321 87.9007478555043 78.2759686311086 80.0017913182576 68.7302897373835 69.609800974528 55.8890600999196 16.9289074838161 0.0305535965405094 1.81576454391082 0 0 0 0 0 0 0 0 0 0 0
190.117160479228 199.022591114044 198.504646619161 199.639916419983 199.642916520437 198.429147402445 190.345406532288 160.598754882812 115.547229846319 89.3781383832296 88.4086787700653 84.6780240535736 68.9114878575007 49.0188300609589 41.5245443582535 41.9564147790273 36.7065072059631 33.3328048388163 32.937154173851 35.7693359255791 32.6267257332802 32.0405264695485 33.0100283026695 34.3132689595222 38.7951383988063 44.6709493796031 53.4613033135732 54.3362895647685 62.8136446078618 78.1922886768977 86.8605573972066 84.5985015233358 80.3009172280629 74.077104528745 67.2935644785563 56.6912591457367 60.3809803724289 57.7703565359116 39.4450624783834 8.54456424713135 8.38757927219073 0 0 0 0 0 0 0 0 0 0 0
181.811988353729 187.483112017314 184.443295001984 185.399035612742 184.5410267512 179.558118184408 174.213250478109 157.059490680695 122.633943955104 99.8189846674601 94.7843889395396 86.4428083101908 80.734650293986 56.2471995751063 44.9248900016149 45.9299733241399 39.5266885558764 32.0258066058159 35.4832485318184 37.1299510200818 35.6782426436742 33.088078101476 35.9099234143893 39.0857607126236 37.9115864634514 43.1932906309764 47.3524083693822 47.9912410179774 53.9813141028086 70.655345916748 78.9687782526016 79.1320900122325 82.0639232794444 82.8933070103327 67.3246483008067 62.2414896885554 66.1095430453618 72.3802795012792 66.7619854211807 30.5372774600983 0.0485473913916697 0 0 0 0 0 0 0 0 0 0 0
156.643887360891 160.492440064748 163.009862105052 160.276254018148 159.666160742442 157.870163520177 162.528574466705 159.14265314738 133.614331483841 109.919091065725 98.0874498685201 82.6601088047028 72.9347070058187 52.133321762085 41.0602415601412 45.7487205664317 47.6880172888438 37.0576580365499 39.2131358385086 41.9954359531403 41.8328493833542 38.5283306241035 38.7111306190491 41.6617120305697 40.02695530653 39.7103031476339 45.84701359272 51.6542196273804 55.3586135307948 66.647469997406 76.5925894180934 80.9954106807709 81.9011678298314 85.8370264371236 70.4651921987534 70.7425127426783 70.7904746135076 78.4394095341365 78.529288371404 41.598896185557 0 0 0 0 0 0 0 0 0 0 0 0
133.111973603566 142.871081829071 153.657962878545 150.816043217977 149.886717398961 156.602034966151 166.619797547658 168.858806292216 153.137713670731 122.102995713552 99.0389883518219 73.3878314495087 56.9053689638774 45.4740722974141 37.8490338722865 41.3247545560201 51.3287683327993 44.038991133372 41.5132716298103 44.3867892026901 44.8367297649384 41.9665525356928 40.097547074159 41.0425215959549 42.3653324445089 41.8897370497386 44.11847392718 52.8403172890345 56.3149253527323 60.7740233341853 72.0388640960058 80.8650155862172 83.5067729155223 78.5002062718074 67.6874568065007 77.6848246653875 81.1997801065445 85.0993692874908 85.151731967926 60.7624053955078 0 0 0 0 0 0 0 0 0 0 0 0
97.4193314711253 108.361780643463 116.639147202174 121.587177117666 129.394143819809 145.300438006719 160.039087136587 169.170796871185 166.257858276367 137.498090664546 103.730618953705 72.3163286844889 53.0551373958588 49.506222208341 42.3373331626256 36.797766884168 47.1143126487732 47.760675350825 42.475958665212 42.4441446860631 42.9414808750153 40.3723468383153 38.267989953359 39.4604528943698 42.7195727825165 45.6507702668508 45.3086942434311 49.5262791713079 54.844543337822 56.1289489269257 63.2877995570501 78.4345467885335 82.1635723114014 68.8177446524302 70.4601605733236 84.8349432150523 89.1303320725759 88.1943504015605 88.8307690620422 85.1532419522603 33.2634498675664 0 0 0 0 0 0 0 0 0 0 0
63.1436854600906 69.7902838389079 69.2410369714101 79.0958007176717 94.8202709356944 111.838082472483 126.116752624512 138.984143733978 139.976471662521 118.049432833989 83.5275749365489 60.1362784703573 48.1538573900859 46.5673059225082 43.6581571896871 38.9104162653287 43.415312965711 43.5566653807958 37.7062087257703 38.0413134892782 40.8846139907837 43.7610348065694 43.6568111181259 40.3953641653061 39.2674282193184 42.2484030326208 46.6896891593933 49.6273140112559 53.2543112834295 53.969994187355 56.542843580246 68.1718091169993 75.2312888701757 71.4246034622192 87.6082281271617 95.030665397644 92.605729897817 88.2567962010701 93.469649553299 105.291267236074 95.1990385850271 40.0682091712952 0 0 0 0 0 0 0 0 0 0
52.5672386089961 54.5384585857391 54.4178535540899 56.4663310845693 65.0175313154856 71.2338934342066 74.9767472346624 80.3158034880956 81.1794052521388 65.9597218036652 50.9359935919444 47.2095807393392 46.2928513685862 43.6571935812632 42.739729086558 43.3944463729858 42.1710461378098 41.4948140581449 37.5066598256429 38.1333182255427 42.2972838083903 47.2439775864283 48.4037895997365 45.0387348731359 42.4812237421672 41.1496634284655 49.0211397409439 51.1879573265711 54.2858342329661 54.0220240751902 55.0506214300791 61.3912691672643 69.2818959554036 78.813448548317 93.7244097391764 93.4282143910726 85.9084725379944 76.9506394863129 81.3623021046321 96.6358184814453 105.993618567785 96.6081023216248 51.997830470403 2.73955706506968 0 0 0 0 0 0 0 0
60.4735612869263 58.1489453713099 58.302899201711 58.1133464972178 54.7055353720983 52.7829180161158 51.4228145281474 52.8428753217061 57.6166411240896 49.8387465874354 42.8378880023956 44.1837956508001 47.2909659147263 47.9131042957306 47.1743643283844 45.452281832695 40.8203924695651 47.2345352172852 48.5221147537231 44.8904732863108 47.0911016066869 47.579770286878 46.022688349088 48.5685368378957 50.7344901561737 45.9089527527491 50.6406227747599 53.1365772088369 54.3768703937531 56.0157199700673 56.5409958362579 60.9276245037715 67.3133283853531 81.8760693073273 89.5214478174845 84.2382907867432 73.5133737325668 65.2099549770355 62.0554437239965 72.3736137151718 96.5975920359294 101.132323344549 78.7742038567861 30.030923585097 0 0 0 0 0 0 0 0
64.7615790367126 62.0074470837911 64.8754437764486 63.4930630524953 56.9278299808502 53.812175989151 51.6674071550369 49.0819414456685 49.5814184347788 46.2830066680908 44.6582138538361 44.4543162981669 48.3172039190928 51.6916414101919 51.9876480102539 49.4826336701711 46.6327915589015 51.9106139739354 54.2849401632945 48.8181759913762 46.6225941975911 44.391671816508 41.2325859069824 43.8084950049718 48.6438969771067 46.0690955320994 42.7350550889969 47.8118608395259 51.7180065313975 53.7858853737513 54.1424204905828 55.7586153348287 65.4881248871485 83.7839841842651 87.0867272218068 74.293906490008 64.7997011741002 61.5075379610062 60.2022806803385 68.7666883071264 75.3687471151352 76.9466161727905 65.2166903018951 36.9958480199178 0 0 0 0 0 0 0 0
49.5751748482386 52.1740714708964 60.6161455313365 58.1735670566559 60.5997145175934 63.0571941534678 62.283789118131 58.1246813138326 48.2062051693598 47.0452308654785 50.2150903145472 46.974390745163 47.6299971342087 51.1289238929749 51.4714419841766 49.4876205921173 51.4995952447255 53.4319976965586 53.7632604440053 50.1045137643814 45.0744181871414 42.1954294045766 39.6833072106043 40.3451770544052 43.5372292995453 46.9059695800145 42.6033437252045 44.4773584604263 48.4592219193776 50.57093501091 49.1987566153208 47.1845418214798 57.7631692091624 70.5515841643016 75.7612238327662 67.0341402292252 63.5486990213394 66.1987562974294 67.1597967545191 67.5903062025706 64.2097592353821 63.1951987743378 58.5586726665497 36.3064855337143 2.03549939518174 0 0 0 0 0 0 0
48.0291495720545 53.7197291851044 56.688462694486 57.4176609516144 59.2268109321594 61.6422792275747 61.9429995616277 58.4017137686412 54.0971259276072 50.3234217564265 51.9162764151891 49.763614932696 47.0483601093292 45.5922881762187 45.3945944706599 45.6836918989817 43.024351199468 49.6699164311091 51.0859191417694 49.7948825359344 45.8736370007197 43.833464384079 43.4458007415136 44.666513800621 43.0192848046621 51.5471150477727 53.6875873804092 51.199346780777 50.2171963453293 48.7445493539174 44.7205901145935 42.5955752531687 48.3270982901255 52.5016089280446 58.3317180474599 61.6315106550852 65.6060725450516 70.552850763003 71.6228981812795 64.7564828395844 64.8527940114339 60.0098272164663 57.2670002778371 40.6708916028341 13.1007470190525 0 0 0 0 0 0 0
54.0853540102641 58.6564242839813 55.9389740228653 59.2262297868729 57.82384177049 58.0196777979533 59.5938165982564 58.2794050375621 59.7494790951411 55.2527954181035 54.3715705474218 54.1483710209529 49.9634593725204 45.5810725688934 44.7293917338053 48.1779873371124 43.6169306437174 46.8071599801381 51.0514875253042 49.8397548993429 47.7761129538218 47.100971142451 47.2138971090317 48.0022927125295 50.2160539229711 50.9877502918243 56.3430637121201 53.7512898445129 51.9001533587774 50.4141350587209 46.4925616979599 43.3878550926844 46.0128684838613 45.5798159042994 45.9432303905487 49.4570384422938 56.0963749885559 64.6359920501709 64.5069032907486 53.9667755365372 56.4735581477483 52.4719258149465 52.6408503452937 50.0567853450775 33.4072038531303 4.94003730515639 0 0 0 0 0 0
