input/barkrak2/radiation/dir02224.grid
NCOLS 85 
NROWS 70 
XLLCORNER 665100 
YLLCORNER 4664600 
CELLSIZE 20 
NODATA_value -9999 
[rows 0 to 22 of 70, columns 0 to 51 of 85]
66.602905591328906 81.3255707422892 96.9650546709696 119.451185067495 129.877517620722 144.24408475558 143.738329410553 141.686181227366 139.717559019725 143.021235863368 143.767863512039 139.910618464152 135.400295257568 134.517252445221 134.531686703364 121.075093746185 108.524004618327 97.5801348686218 97.4331001440684 97.9132453600566 105.719019969304 122.78272708257 141.025910774867 146.780550479889 152.651290098826 163.871069749196 162.409404913584 153.24279665947 145.271490017573 147.866328557332 144.612739483515 164.601564407349 198.058446248372 190.536737442017 190.204004446665 185.125609238942 191.784997781118 199.540932973226 196.661512056986 199.320495128632 196.396311124166 205.090721448263 209.918717543284 200.439890225728 189.039746920268 195.618112881978 202.333271503448 161.840995152791 109.32860771815 105.157117048899 127.361863851547 169.434130191803
47.2661703824997 59.4417750835419 69.9382374684016 81.9177776575089 93.4945245583852 104.315340518951 115.314811468124 132.161160310109 149.1492887338 147.066642840703 146.158754825592 141.440868377686 136.190921068192 136.23900214831 136.323104302088 123.621175686518 113.712360461553 105.453411738078 102.906038363775 101.238151391347 114.407598972321 137.323240439097 151.91043416659 151.553054650625 155.989030996958 164.592822392782 164.383858442307 155.725667874018 149.470070997874 149.614075819651 150.761067867279 174.863338470459 197.651485602061 190.829455852509 188.761830329895 184.526920318604 191.669166088104 198.743383089701 193.821330865224 193.699717521667 191.494027773539 196.776807308197 196.339845657349 185.326973597209 179.85071738561 192.209045092265 193.085551261902 145.065546035767 116.664340098699 126.864473025004 155.750811100006 191.653768221537
22.0048874616623 27.8043001890182 33.4187100330989 41.0016824801763 48.5274543364843 58.6795310179392 74.4255532821019 89.0106558799744 107.499023278554 118.665854136149 139.900128046672 142.955203851064 145.204971234004 146.704037984212 146.659374237061 146.745651960373 142.737090587616 132.369548082352 118.217845757802 112.739602724711 124.042302370071 140.962888797124 151.553680499395 153.891136248906 153.752346833547 153.080254793167 156.831284364065 155.09107708931 153.057446082433 156.804819901784 166.753709316254 186.096926530202 197.553714116414 192.224780718486 188.128054141998 187.556246916453 194.4753130277 196.57027721405 190.88081518809 184.601604938507 183.046440283457 177.526692549388 167.295634746552 163.248320420583 169.528245925903 186.752478281657 178.777317206065 138.788123925527 135.679215192795 154.838482538859 180.209894975026 202.834129333496
10.3459289918343 11.8398604293664 15.1227315266927 17.8146064281464 19.955853621165 24.9445686737696 31.8063050508499 45.2817330757777 60.5847040812174 75.1676460107168 97.7056324481964 114.0316426754 129.576156536738 135.793705781301 145.658175150553 157.448480526606 154.539634784063 144.970128933589 128.507186969121 120.065947373708 122.855573892593 124.434093634288 134.978632132212 144.316256046295 145.888268947601 143.889526526133 146.2076207002 147.379775842031 154.075463612874 162.258048852285 169.765949249268 186.410387357076 191.145797570546 191.127101580302 188.309033711751 188.504338264465 190.770526727041 191.392481327057 184.8304271698 174.750983715057 168.420751889547 162.04434633255 162.341912587484 172.561625639598 182.576437791189 178.554236888885 161.348392566045 139.831840991974 145.15553911527 158.041397730509 178.877969582876 197.628140449524
19.0016962587833 13.2288821041584 8.34394805133343 3.68536294748386 2.87092911700408 11.334424217542 22.5487624605497 28.1606242060661 39.6983698010445 45.2974190314611 60.6224636236827 78.0704915523529 89.8536443710327 99.6167659759521 103.771607081095 111.007461945216 105.013638734818 104.996681213379 107.78139034907 105.261286099752 109.052995840708 108.952095111211 118.673632542292 127.864420413971 137.335479259491 141.449471314748 143.855075041453 145.334541797638 147.995213667552 153.973519802094 164.291352033615 184.15226538976 183.467070261637 183.300574620565 183.636446793874 182.310978571574 178.943455219269 176.271398862203 167.79637336731 161.311020453771 160.834530989329 161.440660556157 167.961080869039 178.511738777161 180.565635363261 158.880839745204 127.854267756144 126.262893279394 138.808359702428 156.963189442952 184.860428174337 198.476731777191
41.8341755867004 28.0738919973373 15.4085233807564 5.53183381756147 2.41867421815793 5.85966805617015 15.2316118280093 24.9188989400864 31.5018395582835 31.0721397399902 35.238966345787 45.4935928185781 51.4145791530609 53.40243379275 60.9813829263051 66.6718333959579 70.1727569103241 78.0964692433675 87.5151256720225 95.6100026766459 99.0108847618103 108.007818460464 108.713050683339 114.29488658905 123.075505097707 127.783139546712 132.940262556076 139.894306659698 145.671476920446 150.391201178233 160.904506842295 178.483247756958 172.048767407735 173.312624295553 175.445795059204 175.492902596792 172.546287377675 167.784074942271 159.80789065361 161.779661973317 161.187837521235 160.57429711024 162.852187951406 165.746579567591 159.917304913203 129.579961299896 105.728497107824 117.837737003962 137.764324744542 175.375719865163 198.444326718648 201.456030209859
60.4941497246424 43.6771710713704 31.223197778066 20.1408602297306 9.42788397272428 5.31178340315819 7.57734663784504 19.1342867910862 25.9823327263196 30.0920854012171 30.3778847058614 27.0416488250097 25.7453819115957 25.9837384025256 28.6951710780462 38.9821181694667 48.1466154257456 60.3348960479101 76.3850857814153 90.3385778268178 99.8295148213704 105.994323889414 107.525755961736 108.591804901759 111.540963252385 118.78635485967 122.574865818024 127.028961976369 134.598861138026 143.94145210584 155.665854612986 158.680886030197 146.864573160807 143.771201372147 150.283128023148 159.164448579152 160.469154516856 155.888974666595 151.366015275319 147.634585698446 143.024762471517 143.487324317296 150.154242912928 158.987979094187 156.306852897008 150.048514207204 159.308880567551 166.617393493652 178.900599479675 196.804881095886 202.201763788859 198.046406110128
74.1854757070541 59.7951710224152 45.2567487955093 34.3357796470324 25.2425720294317 10.0400516142448 4.87060410281022 0.137979164719582 11.8937864899635 23.8880117734273 29.9197336037954 29.5753280321757 27.0634268720945 24.6685196955999 21.0786039630572 24.5023642977079 32.8532780210177 41.5615712602933 59.2576265335083 73.4394540389379 87.3823761940002 98.0227291584015 107.707430919011 106.176147858302 107.315232356389 105.8176557223 108.866443236669 117.451190948486 121.362666289012 132.955372333527 140.207747618357 143.109748760859 133.717139561971 129.142542680105 127.795497576396 127.481083075205 142.18216141065 145.469526449839 144.290427366892 128.619650999705 124.512940645218 131.402750809987 145.906984806061 157.753050327301 163.478076457977 168.787042299906 175.449132919312 178.538858890533 187.444011370341 186.900655428569 182.734747727712 185.26949485143
68.742776910464 61.8033011754354 49.7070501248042 39.2761081457138 34.5855802297592 24.8834664622943 12.4314477046331 3.86849107841651 8.46879680951436 13.7147928277651 19.892672697703 27.5303895274798 31.09972178936 32.7472885449727 30.8362195889155 29.4791236519814 28.8766498366992 30.8193589250247 41.1412566900253 52.1445473035177 64.3350382645925 77.3134628931681 88.333934545517 89.5341436068217 94.8328872521718 97.0091025034587 95.441202322642 95.814436674118 104.030579328537 116.836259762446 120.724340279897 122.827231884003 118.646293878555 116.191297769547 118.008305629094 121.123850345612 123.736004034678 127.551734447479 139.751593271891 133.685688177745 137.810448805491 146.608799695969 154.001156489054 157.141000032425 155.891001224518 157.016575336456 158.957670132319 167.394240697225 174.705704053243 172.448019186656 166.265070438385 169.671535491943
51.0105590025584 47.4977195262909 40.1460180679957 34.3299557765325 30.431754887104 26.9169782598813 21.8257755041122 15.0029137730598 8.75620171427727 6.8703405559063 10.1367272436619 18.7469820181529 28.9398307601611 41.6667362054189 45.7160820563634 44.4024056196213 35.7786566019058 34.6249217788378 34.7027132908503 36.8945722778638 43.1326528390249 50.1124610503515 58.9830180009206 67.1063810586929 77.3606151342392 80.604741970698 79.5209805170695 81.3049376010895 83.6685697237651 89.4000331560771 98.0058610439301 98.4792510668437 101.802398761113 104.136854410172 109.792709350586 112.220416466395 112.984240055084 118.522713581721 125.958730777105 144.149432579676 154.053002595901 155.890891949336 157.762388388316 157.04204638799 154.41220998764 156.290431817373 162.934005260468 168.130298455556 170.414984226227 168.888290723165 168.057382106781 165.5000547568
11.8575779100259 11.6792097687721 14.33943460385 14.5174451172352 7.77066374818484 4.94282133877277 12.5236126283805 16.1421410739422 13.2141647239526 10.0070548554262 7.24235114951928 9.45354128877322 20.3798736135165 33.0711627999941 42.8458799918493 40.7555426160494 41.2383079528809 37.6672893762589 34.1440762082736 31.9467037916183 32.9439342021942 33.7460686763128 37.7588346600533 49.2541094621023 60.3590607643127 68.1669314702352 69.043626387914 68.7491099039714 74.7129420439402 74.7631142536799 76.3260225454966 84.0438405672709 96.3287055492401 98.120371500651 98.0179111162821 101.969460646311 105.38786649704 110.221743583679 119.649797677994 134.632080793381 141.377737124761 154.454737901688 155.851741631826 152.297000090281 152.740259965261 156.78858757019 163.259317477544 163.496762514114 162.754913171132 166.701674461365 170.929511388143 166.142046451569
0.484014628455043 0.551508312734465 0.210529076866806 0 0 0 1.49672261128823 6.95887021720409 15.7102371255557 16.9318641225497 11.1859242121379 7.27586634457111 9.54825555284818 19.3446141978105 32.2335238258044 36.8132640918096 43.1960920492808 40.3284033139547 37.5734443465869 32.2628791133563 29.3799266219139 28.9212812980016 30.1545808712641 36.5690911809603 43.4303730726242 50.5355298519135 54.0495614210765 56.5333068370819 59.206227461497 62.1468275785446 64.848338564237 63.2668435573578 66.1973158518473 77.5051216284434 83.6901168028514 87.6859525839488 95.3096747398376 104.329804579417 108.943551778793 124.002397060394 129.244993130366 125.120371580124 122.463176647822 123.498429854711 137.298762798309 139.962573846181 144.40197745959 150.634864966075 154.044489065806 158.291608095169 160.938292741776 159.258554379145
0 0 0 0 0 0 0 0.539210624992847 13.5273238023122 21.3463356097539 21.1660216252009 15.293825417757 7.41926083962123 7.3934867978096 17.1980299055576 33.2749038934708 42.45858391126 46.3294833898544 44.239138563474 39.4135390718778 36.2648417552312 36.4731301863988 36.4732791980108 37.7323354283969 39.2527654767036 41.434812049071 44.3155020475388 51.1748890082041 52.2659669319789 50.8676966031392 52.4441500504812 54.2852381865183 51.3814588387807 48.377255598704 57.5932363669078 71.2008774280548 80.9148301680883 89.976042509079 94.6558912595113 101.747413476308 106.275230646133 107.888182004293 107.873946428299 109.08309618632 110.979119936625 123.520871003469 126.669387022654 127.368003129959 131.906718015671 136.941641569138 141.19154214859 142.853736877441
0 0 0 0 0 0 0 0 0 9.39091170827548 19.9778700868289 28.2703290383021 23.8006338477135 16.2553067008654 15.1499894758066 26.055467625459 35.6297219793002 44.5244958003362 51.8161157766978 52.687868475914 46.415572365125 45.5315957466761 45.1558927694956 44.9335475762685 46.0680425167084 47.1303860346476 48.986092209816 53.3214757839839 55.3570489088694 48.542782664299 48.4551141659419 47.9631920655568 48.2249955336253 43.8645283381144 42.9770648479462 44.0633396307627 50.0278075536092 61.6114338239034 72.6158767938614 80.1059305667877 85.1846834023793 90.2033050855001 93.6629076798757 100.27668873469 101.243416468302 105.186591545741 105.630695819855 111.075629790624 113.689710696538 113.739808400472 117.323160171509 122.749070326487
3.96900499860446 0 0 0 0 0 0 0 0 2.04985635355115 18.4905007481575 31.7425305644671 37.845512231191 35.4733069737752 26.4181817571322 25.0292420387268 28.5126169522603 36.0662937164307 49.0700950225194 58.4191878636678 58.6012105147044 56.3483436902364 56.6600114107132 53.6814679702123 53.4442017475764 54.3226102987925 54.6919604142507 55.4738491773605 53.4949103991191 50.6130953629812 46.4801043272018 46.1043417453766 42.0225361982981 37.2053235769272 36.7263108491898 36.5125189224879 29.7079881032308 31.2512864669164 39.463813106219 40.9811735153198 53.7100434303284 59.2185656229655 65.4556552569071 68.0659214655558 74.5560725529989 83.5632681846619 94.7627425193787 97.9759991168976 92.2124187151591 100.652724504471 104.620526234309 110.474139451981
4.41547576338053 0 0 0 0 0 0 0 0 0.311626334829877 12.3399620254834 32.2146068016688 45.6573665142059 52.0901381969452 43.7271893024445 28.5530835390091 23.4684223930041 25.0839243332545 36.2707525491714 53.6381304264069 66.4885292450587 63.4835610787074 65.2540326118469 62.444547812144 60.4121585687002 61.3336066404978 60.2790017922719 59.9198291699092 56.3607662916183 53.6987284819285 46.0466643174489 46.1966693401337 41.0537521044413 34.0334450205167 30.8713068564733 25.4352167248726 20.0324679414431 15.7347743709882 17.5264179706573 22.3133489489555 27.4066030979156 29.3501863876979 31.3981423775355 37.2393131256104 48.7254907687505 56.2201688687007 66.236287355423 73.2039312521617 78.6718279123306 78.906128803889 86.2491031487783 104.361921548843
2.88070862491926 0.0616476269594083 0 0 0 0 0 0 0.127756085324412 0.378555889862279 0.895093272750576 22.1578925848007 37.9695023099581 51.1488715807597 52.7977695067724 49.053688844045 42.3528254032135 34.7253084182739 29.8391530911128 35.9420056144396 53.4004072348277 66.286434729894 71.8758801619212 68.6571995417277 65.6854013601939 66.9808089733124 68.6796406904856 63.4528150161107 66.3990825414658 65.1431183020274 56.1531434456507 44.6997980276744 40.2615914742152 31.8580071131388 26.3026058673859 21.5429092446963 15.2714091042678 11.8266455829144 9.95967288812002 10.945404569308 15.6049927075704 17.7947618067265 22.6470480362574 24.1657520333926 33.3987524112066 40.6979868809382 48.0048060417175 52.9755502939224 60.1494411627452 67.271480957667 73.4092891216278 79.1255086660385
1.60286606599887 0.282684748526663 0 0 0 0 0 0.138815861040105 0.818820747857293 1.08746415935457 6.32502573231856 14.1576106349627 27.3558149735133 41.5982951720556 54.1419436534246 60.3478451569875 59.1898262500763 51.6565938790639 40.5220737059911 32.0753306150436 38.8981848955154 58.1058164437612 66.9673283894857 70.8946386973063 73.798989256223 76.5721946954727 79.851895570755 75.5206197500229 71.5595235427221 66.420574982961 63.2763008276621 49.8608648777008 38.2326717178027 28.1501561403275 19.5442512631416 16.6921379665534 11.4194490015507 7.39641860127449 4.86593631406625 5.9774083395799 5.70609358449777 10.3542506694794 15.6461745500565 19.2477864523729 24.3254999319712 32.3076521356901 37.2280279795329 41.3585354884466 46.1272895336151 50.6664415200551 56.532288591067 66.409836212794
1.80389561379949 2.21830637504657 1.48834334686399 0 0 0 0.0477467644183586 1.2580135371536 2.27818607042233 10.6571453313033 15.8539637923241 18.2305512328943 24.0132386485736 33.7379227081935 44.7728137175242 56.3784192005793 61.9949599107107 63.8001461823781 60.3838860988617 47.9302903016408 35.3718449672063 45.7085818052292 54.5861025651296 64.3472274144491 74.0583042303721 80.9794813394547 82.4159532785416 86.8307153383891 77.6867618163427 69.327250123024 57.0667336384455 54.8926144838333 41.3122897346814 28.1743357578913 19.2597409089406 15.3711847960949 9.23277127246062 5.25914691388607 2.13314748058716 0.890014072259267 2.11176990220944 6.58311073978742 7.80163208643595 14.4297927618027 18.709206332763 24.2050811648369 29.2173077662786 30.7862212260564 34.9745228886604 40.9116894006729 45.6244498491287 51.4519910017649
1.8585614549617 1.21796589034299 2.31216692676147 0 0 0.397820258513093 0.788805074989796 1.95281580090523 2.55556249370178 2.665549206237 17.8542137145996 16.2479740877946 16.8355007966359 22.4407787124316 31.8699652949969 47.0142364501953 51.3051698605219 55.5061101913452 60.1609448591868 59.8363627990087 54.6277314424515 45.2453990777334 48.0214109023412 55.6064744790395 66.0052746534348 75.5801846583684 80.7366619507472 79.6554187933604 71.2137619654338 70.9752241770426 60.1621568202972 47.287791967392 39.659837881724 23.7281968196233 17.4953776101271 11.3683318098386 4.65749142070611 0.429939556246002 0 0 0 2.17970584829648 8.42954404652119 11.0368716220061 14.2345043520133 19.2771330475807 21.0006510217985 21.6770594318708 26.7601683735847 30.4485807816188 32.7691783507665 35.3848785161972
4.056166857481 0.776339943210284 0 0.0280572227590407 0 0.932255759835243 0.510808429680765 2.27460094417135 3.09616886079311 3.13459895551205 12.4932130177816 11.9577857355277 10.8816909293334 13.6444643139839 18.3765987555186 28.5654092828433 38.1862968206406 44.5765157540639 52.9667635758718 63.6131912469864 70.0390338897705 60.2207134167353 60.2716108163198 62.5501275062561 65.0940934816996 66.2151525417964 70.9473689397176 72.1134493748347 69.5497095584869 58.7669710318247 54.2373756567637 39.9700254201889 24.1058419148127 15.2972042560577 6.74849065641562 0.622158482049902 0 0 0 0 0 0 3.26317052046458 4.00462932884693 7.9723484814167 8.71814911564191 13.036218782266 18.0227359135946 23.1820593277613 22.8978842496872 23.8132700324059 24.3768890698751
14.5787373185158 7.82919240494569 0.717775042479237 1.33598952864607 1.33858170981208 0.332266014690201 1.70503091067076 3.5652428244551 3.94040221969287 3.36966756731272 4.3218657374382 9.14850706855456 9.57709426681201 7.418276121219 12.167955438296 20.818034807841 30.6828990578651 38.6310219764709 46.0873395204544 59.124896923701 65.3490324815114 75.9754478931427 80.9139907360077 79.8684507608414 73.9410569270452 66.1950161059697 62.3464932044347 63.1737212340037 63.8972868522008 50.261601805687 33.1408654650052 21.343320608139 14.1024018327395 3.00376893331607 0 0 0 0 0 0 0 0 0 0 0.94487820751965 4.62327649195989 8.74501466751099 10.6022035082181 13.4470164775848 13.9606321851412 15.6100951135159 15.9458952645461
43.9609338839849 37.6099993785222 17.1170358856519 10.2116925021013 6.78576777378718 2.3411363363266 5.16909205665191 5.61851883927981 3.86405301590761 3.04199041177829 9.81592449049155 11.4735725025336 12.2169964015484 12.382206817468 12.9737791915735 17.9411644736926 26.8396983544032 35.9828521807989 40.8408964673678 43.8166111707687 47.5067843993505 61.3527397314707 70.8667983611425 75.3878752390544 76.5575269858042 70.596307516098 62.2742027044296 53.9200007915497 57.9272160927455 39.0607714653015 19.9724112947782 8.06547080477079 0 0 0 0 0 0 0 0 0 0 0 0 0.655452876041333 0 2.45579456289609 3.69637769957383 10.119446242849 10.1903540392717 11.1486141880353 9.2339583983024
