input/barkrak2/radiation/dir07424.grid
NCOLS 85 
NROWS 70 
XLLCORNER 665100 
YLLCORNER 4664600 
CELLSIZE 20 
NODATA_value -9999 
[rows 21 to 41 of 70, columns 0 to 45 of 85]
85.3085617224375 72.3476707935333 63.3033017317454 83.2511186599731 79.4780254364014 51.0906726121902 54.6107391516368 64.0515834093094 69.791704416275 75.8197059233983 78.5887787739436 80.3027153015137 80.608606338501 79.5185565948486 86.5804751714071 102.170536915461 117.834329605103 128.870248794556 139.753073453903 155.685444672902 165.840248266856 177.890757719676 184.560815493266 180.335899194082 168.250977993011 153.698096672694 145.719895760218 140.583574771881 145.911743243535 129.644592603048 123.556286096573 95.4131881395976 75.0091324249903 54.5437633991241 57.0480128129323 64.6605590979258 80.2581856648127 101.002852121989 115.805904070536 125.000804662704 130.377570788066 136.316508054733 134.563446044922 115.789035956065 140.41409889857 152.956227461497
129.030545552572 125.857979059219 104.516198237737 103.220154841741 100.579937299093 68.33782295386 74.7556388378143 71.992039680481 69.7981913884481 72.4282662073771 80.2488972743352 81.9255808989207 86.9056085745494 87.1227780977885 90.6367301940918 98.6362298329671 110.236426194509 123.488128185272 132.227659225464 135.056465864182 142.705678939819 159.335007270177 170.507252216339 174.135108788808 168.675144513448 157.677948474884 144.341419140498 137.743890285492 142.787247896194 122.493366400401 82.6831012964249 52.5134454170863 35.718634724617 15.8628188073635 7.51117244362831 18.14137895902 42.3397521177928 67.9477055867513 80.2207539478938 89.0634258588155 102.423210938772 110.317538181941 96.8451102574666 78.7069946527481 105.780740578969 141.65253440539
167.300621668498 158.750911553701 124.749640623728 110.019505023956 106.329550345739 101.811279853185 90.7342632611593 74.302410085996 64.5161668459574 67.3485745986303 81.9518864154816 85.5882366498311 92.8129951159159 101.902782917023 99.9771952629089 101.370950539907 108.938843011856 120.516071716944 127.452820539474 120.761166016261 120.230545600255 125.507374604543 140.860746304194 150.283972422282 153.466174999873 152.84119049708 138.140648603439 130.757600069046 110.506455103556 68.3363030354182 52.5832424561183 41.4098426699638 14.8916157583396 0.0949956496090939 0 0 8.9315709968408 27.2945339481036 39.3167535463969 36.1641844113668 48.6602038145065 47.4947343269984 53.0074586470922 90.2361472447713 101.446648438772 130.869646867116
161.969562371572 158.385386069616 142.706493536631 114.027619361877 97.015251715978 99.7697909673055 91.0252432028453 85.3325426578522 73.8495985666911 70.4002777735392 77.7365912993749 82.5006316105525 84.8145683606466 99.6715327103933 99.4322101275126 99.8235940933228 107.025941212972 118.834555149078 127.642631530762 119.090835253398 118.197878201803 114.928603172302 124.715904394786 132.800151904424 136.556804180145 134.246269861857 124.528517325719 116.882652044296 98.5613266626994 50.6507058938344 44.3500131368637 43.0653989315033 23.4186798334122 0.276809907518327 0 0.155758209681759 4.91291626046101 13.2239734133085 14.5866585274537 19.8353889087836 13.415681819121 15.8338559170564 33.3348164955775 116.129577159882 118.591874837875 128.939261039098
148.87480934461 153.711716334025 153.172542651494 123.142023881276 97.6218779881795 99.8512506484985 103.90176375707 110.71855823199 109.489460786184 98.4776020050049 91.8780465920766 95.3401724497477 100.329021612803 109.605530897776 110.615293184916 105.653355518977 106.886466344198 117.811143398285 125.789821147919 130.221784114838 134.087989727656 129.926979541779 125.897814830144 123.613754908244 123.59032034874 123.336295286814 117.038309574127 110.333273808161 86.6781671841939 71.5396106243134 70.5917378266652 80.5205901463826 73.619802792867 18.7235275904338 1.9676253820459 6.70453906059265 8.44769800702731 10.1458063970009 14.9106246729692 7.84222222864628 7.49218091368675 7.28216643134753 48.0143676201502 110.79677939415 134.17320450147 137.743920087814
147.795389095942 153.102099895477 156.251768271128 132.386873165766 115.009158849716 118.476291497548 130.399117867152 135.434101025263 142.378121614456 138.231595357259 111.888299385707 115.495175123215 116.330762704213 120.898733536402 121.451556682587 110.745131969452 107.818196217219 121.291210254033 128.022283315659 142.52120256424 149.311512708664 142.366300026576 133.364379405975 125.800361235936 124.636560678482 127.069095770518 117.088178793589 115.969737370809 104.972730080287 106.0438255469 120.20942568779 144.590934117635 153.407990932465 137.15468843778 56.5626472234726 21.6607054074605 19.2469283938408 18.5342393815517 13.8474839429061 6.51681857804457 15.9705157081286 48.1953124205271 88.2537563641866 111.847658952077 126.360148191452 125.708480676015
149.668375651042 148.282875617345 148.751785357793 137.667655944824 146.6324031353 144.562423229218 154.807567596436 156.058837970098 158.02600979805 150.48082669576 132.68588980039 119.291295607885 114.592601855596 116.600175698598 125.114579995473 119.652688503265 114.769001801809 123.211324214935 137.357840935389 145.522614320119 142.203032970428 133.731871843338 131.832589705785 131.594280401866 132.313052813212 132.859955231349 126.878440380096 129.704743623734 141.73436164856 149.876087903976 163.246681292852 175.35803715388 185.055096944173 196.17889324824 160.906771818797 60.4614913463593 31.1377396186193 19.0649926662445 13.6956349015236 12.3326803247134 36.2879112362862 112.191538016001 108.499089876811 96.3232715924581 98.9712576071421 91.4064049720764
152.349183956782 140.716632207235 141.886899868647 142.599900563558 169.258972009023 158.248821894328 154.757916927338 145.497500896454 138.670315345128 130.135963360469 119.82003847758 101.88286503156 110.647777716319 114.583005507787 128.046403328578 131.644050280253 123.974353075027 121.374438206355 134.495953718821 135.931382576625 135.378837585449 129.50403491656 129.055271546046 135.554810365041 138.641566038132 133.900304635366 135.630528132121 132.420639197032 152.720272541046 166.660209496816 183.991630872091 195.525109767914 202.674547831217 204.407076040904 202.153066794078 130.40965795517 29.5511707663536 8.98498110473156 5.47977474828561 5.91715921958288 54.8161119222641 100.945264101028 93.341867129008 67.7150736252467 63.5967602332433 65.7842457294464
152.419726053874 134.121944506963 135.84108153979 151.015381018321 168.956617514292 158.624202013016 138.666023810705 116.546422243118 106.098373730977 93.7743286291758 88.1879925727844 90.3705259164174 99.1133848826091 115.123450756073 126.390546560287 136.613607406616 131.80277744929 117.516130208969 124.728192885717 127.024779717127 128.152221441269 128.338783979416 128.311971823374 136.315405368805 143.726776043574 138.710737228394 142.611583073934 141.767660776774 148.522675037384 171.352207660675 195.368389288584 208.92330010732 208.593825499217 207.694252332052 218.820055325826 206.671893596649 121.703286965688 34.6769566337268 21.3895117243131 24.7724975148837 46.8249370654424 62.2782011826833 71.6960529486338 46.1687346299489 39.764737089475 48.6215551694234
149.077514807383 153.227746486664 180.667281150818 222.291588783264 203.059037526449 165.578285853068 128.405610720317 97.1673925717672 84.7568313280741 85.4575236638387 74.4618028402328 74.0085293849309 95.8440899848938 110.19637187322 132.608632246653 139.777312676112 139.151096343994 124.251306056976 126.403431097666 129.313160975774 126.827826102575 132.652978102366 134.719431400299 139.589687188466 146.719038486481 150.666604439418 149.897197882334 151.444385449092 155.042707920074 182.879706223806 206.073641777039 215.031325817108 210.537930329641 218.563993771871 231.291095415751 236.3427678744 216.055790583293 161.31869951884 76.8492072820663 40.8478453755379 33.6695561806361 36.6890877485275 52.5439282258352 44.1770553588867 37.7610996365547 54.4240077336629
166.593849658966 203.818619251251 251.030544439952 274.21369155248 264.541904131571 210.231562455495 157.141149044037 116.481324036916 106.924345095952 103.77699136734 90.9549693266551 79.5223812262217 90.9113387266795 114.870965480804 136.512279510498 144.394208987554 141.78599913915 135.306219259898 130.543122688929 131.702701250712 132.08465774854 137.016554673513 139.867593844732 142.014135917028 147.136668364207 161.930084228516 161.983251571655 168.384770552317 175.027807553609 191.179474194845 208.548307418823 217.823604742686 220.363020896912 227.963288625081 234.757761160533 231.402099132538 229.009449481964 225.725849469503 158.55461359024 75.0834296147029 39.5877609650294 39.1813566287359 43.6237106720606 47.3691920439402 55.6710412104925 77.1743357181549
228.219409783681 263.093511263529 281.699399153392 281.469404697418 290.187160174052 270.658850669861 231.032013893127 188.248852888743 153.392871220907 135.678211847941 130.557119846344 111.804862817128 93.4435725212097 112.291922171911 139.850954214732 145.823697249095 141.074687242508 142.41486787796 132.44899113973 130.892376104991 135.379711786906 138.353794813156 139.379739761353 141.785194476446 146.242062250773 161.505361398061 170.245448748271 179.369608561198 186.109781265259 192.148804664612 206.291158994039 220.845580101013 220.644017060598 216.261287530263 216.446101665497 206.358095010122 207.406163215637 204.185346762339 160.516083240509 102.148582537969 62.1071557203929 53.6777625481288 46.6714402039846 48.3124156792959 58.1049372752508 78.7390569845835
270.969271659851 284.166614214579 284.458418687185 280.766288439433 284.224132696788 285.699009895325 268.353720506032 222.647885481517 184.134602546692 164.299587408702 163.699259360631 149.11945660909 123.533050219218 119.97468272845 136.392384767532 141.970932483673 137.049704790115 137.779047091802 131.14803036054 133.799374103546 131.368080774943 134.529143571854 133.681118488312 135.590712229411 143.199225266775 155.733505884806 170.001188913981 175.363123416901 182.567954063416 193.756063779195 206.199884414673 209.985216458639 188.775400320689 185.122489929199 181.365370750427 166.220794121424 166.678229967753 152.621746063232 118.772675593694 85.8840048313141 88.736613591512 80.6825856367747 64.6524528662364 50.7677545150121 49.9747147162755 64.4844273726145
279.821832974752 282.369196414948 282.959262530009 281.483292579651 280.118525028229 282.410562038422 281.342089176178 253.768344720205 208.199620246887 174.748599529266 170.292953650157 167.260448137919 153.487384319305 137.881219387054 137.373129526774 140.677928924561 135.662178198496 131.719420353572 133.264283339183 136.819918950399 131.022393703461 131.466617186864 133.390078941981 136.084218819936 140.512943267822 148.856292168299 161.495159069697 161.730875571569 171.621481577555 189.93345896403 199.942648410797 195.241173108419 179.02272939682 178.683201471965 166.348268588384 151.88596645991 155.841449896495 153.216709693273 137.443651755651 109.62055126826 109.138349692027 116.217186053594 97.0569252967834 78.4692913293839 59.5196584860484 50.8497407039007
278.262515862783 279.907961686452 278.966844081879 279.837508996328 278.595487276713 276.221553484599 275.894363721212 262.88906733195 218.080878257751 185.656090577443 174.529433250427 173.715492089589 170.960207780202 150.296499331792 143.469075361888 147.417038679123 141.171594460805 131.057600180308 137.231796979904 138.237287600835 136.939446131388 132.283091545105 136.277834574382 142.382621765137 140.160342057546 146.191567182541 153.018981218338 153.208831946055 161.56859199206 182.681282361348 191.242655118306 188.059290250142 186.438322067261 187.456409136454 164.771477381388 158.288260300954 162.926654020945 169.329663117727 171.944181124369 143.916149934133 101.466397444407 98.8860925038656 86.702177921931 65.1926547288895 53.9246300856272 41.1936516563098
264.705936113993 267.239987850189 268.988609313965 265.667001406352 264.954328536987 262.953182061513 267.428616682688 265.047430992126 229.763686656952 191.71929359436 176.493426163991 170.741001764933 168.462157249451 150.553196668625 141.50204261144 150.076647599538 152.746647596359 137.939214706421 141.903817653656 145.048409700394 143.706639607747 139.44149017334 139.495501915614 145.050605138143 142.375528812408 142.583101987839 151.175995667775 158.01856915156 163.367648919423 176.774859428406 189.2897884051 191.02410475413 188.157618045807 185.143729050954 167.530516783396 172.420163949331 174.497544765472 181.388894716899 176.722248395284 151.687522729238 78.3220231533051 56.9352209568024 36.4517321189245 29.7448734442393 27.9499441385269 30.226377149423
245.558540026347 253.354748090108 261.765996615092 259.89830493927 259.092807769775 263.135055700938 269.997239112854 271.964013576508 247.432112693787 203.323245048523 181.397159894307 164.146850506465 157.917151848475 147.064030170441 138.100177049637 143.940955400467 157.413164774577 147.196590900421 142.735958099365 147.615830103556 147.638003031413 144.161035617193 140.680551528931 142.842868963877 145.567864179611 144.586086273193 149.622857570648 159.601231416066 164.820541938146 169.970015684764 183.678150177002 193.17372639974 184.887190659841 176.238139470418 162.963022788366 181.840598583221 188.90776236852 191.544234752655 182.451407114665 167.230208714803 72.3102192083995 29.6973685423533 12.959045668443 11.2866833806038 11.8062322338422 12.5522514184316
211.973230044047 222.572604815165 231.086293856303 236.195305983225 242.489159107208 255.220353603363 265.4683192571 270.454367001851 258.169054985046 224.036574363708 194.919447104136 171.264449755351 157.121558984121 153.785993655523 145.008722941081 138.096282879512 150.827248891195 151.67506535848 143.368780612946 144.442816575368 144.949326912562 141.10255241394 138.624747594198 139.893710613251 143.349856138229 149.317721525828 150.322864452998 156.241099039714 163.042813539505 164.245943228404 175.067484378815 189.573566118876 182.57478872935 163.897415002187 170.154730478923 195.522805054983 200.130025545756 197.245081265767 185.730735460917 188.136796156565 138.563613096873 47.6182053486506 17.4040061732133 12.1628940105438 11.7017577091853 9.09644179046154
175.935387611389 183.21172396342 182.89315700531 192.591329415639 208.983381589254 225.754578908285 237.300395965576 247.324109077454 245.159427324931 219.970285892487 191.027939319611 166.795214017232 153.827508290609 150.91727177302 147.548168897629 140.135824680328 146.66603008906 146.958619356155 138.30625017484 139.324297507604 142.734001080195 145.571897427241 145.182877779007 139.927019675573 138.642410437266 144.332935412725 152.075628439585 155.447403589884 162.058194478353 161.53605779012 165.741890668869 178.178330262502 174.466788768768 168.82046063741 195.367674032847 208.799262841543 205.58500289917 197.861889998118 197.599291801453 210.539480050405 215.765595436096 162.95466820399 74.7278233369191 37.2058401505152 22.1129829684893 10.0372085968653
163.979719082514 166.711688041687 166.557629903158 167.376021544139 177.171270052592 183.855970700582 186.420579751333 192.263960838318 191.430429617564 173.176268736521 158.476372559865 153.424789508184 152.337739864985 147.943367560705 146.302799383799 145.123849312464 144.114206234614 145.149012406667 138.220012187958 137.807607650757 142.33602086703 148.070067167282 151.353647311529 146.398435036341 142.099221547445 141.589909791946 152.171820402145 157.372693220774 160.940359036128 162.677814563115 162.457595268885 170.265714327494 168.447295824687 181.380271911621 208.263794581095 208.125193913778 189.525266488393 184.799651304881 188.608090082804 201.813896497091 219.766775767008 230.521818002065 182.352185249329 95.7960486412048 42.8759058316549 24.188386897246
173.564712206523 170.498887697856 170.76043287913 169.731616973877 165.218859910965 163.677165905635 160.709887742996 161.988228559494 166.91388686498 157.042533159256 149.505138397217 149.92618560791 153.908650080363 152.890125910441 151.301403840383 147.703995307287 143.635640541712 151.264349619548 150.398830572764 145.34068107605 147.302945454915 148.225843906403 148.629367351532 150.547603766123 151.148657004038 147.095064322154 152.827848990758 158.81222486496 161.047279834747 164.21232620875 165.66397746404 168.736179669698 172.642628351847 191.091895103455 204.04064655304 188.198963801066 174.078404903412 164.052426815033 165.642281373342 178.772310415904 210.983236630758 223.224023977915 206.196407477061 147.295296192169 73.1368362903595 40.1761929194132
