input/barkrak2/radiation/dir00924.grid
NCOLS 85 
NROWS 70 
XLLCORNER 665100 
YLLCORNER 4664600 
CELLSIZE 20 
NODATA_value -9999 
[rows 46 to 68 of 70, columns 0 to 51 of 85]
50.6753921508789 52.2532413403193 54.8796703418096 56.8270484606425 56.6259622573853 56.4608375231425 58.3923508723577 60.1523617903391 56.9244573513667 55.7331790526708 55.120790998141 54.4046511252721 50.980880856514 47.6981600125631 48.013096054395 51.2872089942296 49.4102587302526 44.0786381562551 48.4805901845296 47.4261939525604 45.5855627854665 46.1164613564809 47.1327304840088 44.7705189387004 52.5576869646708 47.3427673180898 48.6296315987905 49.4187772274017 48.8050679365794 48.1070379416148 47.0994214216868 43.7084486087163 43.0573572715124 42.8748776515325 45.301745335261 46.7492441336314 47.858585913976 52.3046950499217 53.4375508626302 50.6126979986827 49.6161182721456 47.3723361889521 52.0925919214884 55.9559861818949 48.6487299203873 23.513858517011 1.01998417327801 0 0 0 0 0
44.9213137229284 47.1790730953217 52.5065809488297 54.1381537914276 57.6395491758982 59.261366724968 57.3172966639201 57.1420043706894 57.2276463111242 59.7771058479945 57.0385207732519 53.935651977857 52.5327225526174 52.3169140021006 50.7244120041529 49.6664444605509 48.9234824975332 42.433112859726 46.1858212947845 46.8547145525614 44.7009205818176 45.1337645451228 48.0664273103078 43.7406003475189 47.2978502511978 47.309269507726 43.3948437372843 46.5292185544968 48.5204607248306 47.1193790435791 48.32890133063 47.4399526913961 43.3119436105092 45.5095569292704 55.0648520390193 60.11035044988 54.5866787433624 48.9966720342636 51.5858729680379 58.9295128981272 53.2383372386297 47.7792719999949 54.2682707309723 58.3020051320394 53.8466572761536 38.5270863771439 9.18984537323316 0 0 0 0 0
38.3572926123937 41.4483994245529 46.4952439069748 49.6164908011754 56.0929030179977 59.3659331401189 56.5374791622162 54.8430333534876 58.8614642620087 61.1204008261363 59.2036545276642 55.5400202671687 54.348145922025 55.1452040672302 52.892138560613 48.1609006722768 47.2021996974945 43.0315683285395 45.7929025093714 48.9521423975627 48.2797920703888 48.3064999183019 50.1300791899363 47.5816378990809 45.5819467703501 49.8510301113129 47.0144351323446 50.7734417915344 55.4062376419703 57.18661348025 60.21781762441 61.4844063917796 52.6112765073776 53.1406054894129 60.8209768931071 68.8954492410024 66.5152321259181 56.1716059843699 53.288275996844 56.1132381359736 50.771564245224 46.8970835208893 45.5722113450368 45.5248951911926 44.7591692209244 44.0008143583933 33.4434832135836 2.13785190135241 0 0 0 0
37.3456130425135 35.3982249895732 39.401484032472 46.9524612029394 52.4551620086034 55.4563899834951 58.1057965755463 60.7570062081019 62.0028227567673 59.0387433767319 60.9492758909861 61.0159734884898 57.6990296443303 55.6404640277227 54.0623764197032 50.0779847304026 48.3660598595937 46.3617940743764 49.3980348110199 53.2029122114182 54.6661367019018 53.982600569725 51.5652398268382 51.9000937541326 48.8445361455282 50.8712182442347 54.9683421850204 59.0288589398066 64.8377786080043 70.2168047428131 75.6792624791463 76.6744365294774 67.3235406478246 61.4542017380397 60.9993189573288 62.3052269220352 72.481115659078 68.1252330541611 55.9821873903275 49.0949948628744 44.7702904542287 45.4517950614293 46.1949457724889 42.4171636501948 39.4512166579564 39.7257655858994 25.321068863074 7.89907450477282 0 0 0 0
37.590853869915 40.8474802970886 44.2758401234945 50.2628783384959 50.6864239772161 51.0115722815196 58.6720705032349 63.6698802312215 63.7272497018178 63.4205689032873 63.2762809594472 63.3298059304555 60.0005934635798 55.801918109258 55.9514413277308 59.5498035351435 52.433376510938 52.5130728880564 53.3274263143539 57.7166428168615 58.701624472936 55.9574862321218 53.7339846293131 53.8535763820012 48.6456950505575 54.0433426698049 58.5539291302363 62.9047950108846 70.5838998158773 76.7450978358587 82.6478401819865 85.2248768011729 78.8366496562958 65.8272554477056 48.8709807395935 50.8324156204859 60.5839888254801 69.07024482886 60.7946962118149 46.799639860789 41.3249532381693 45.9866027037303 51.4275729656219 45.3678965568542 42.0331656932831 39.3797308206558 22.3408589760462 11.6688472529252 0 0 0 0
38.3414477109909 48.6195037762324 50.7440070311228 51.9390304883321 49.9506493409475 49.7466574112574 57.0991635322571 62.3477498690287 62.2497101624807 67.2185719013214 64.994141459465 64.2172743876775 62.2684856255849 58.1880162159602 58.0423921346664 63.8235906759898 57.7375044425329 56.0155113538106 53.5230040550232 55.2375415960948 54.995725552241 53.3285935719808 53.0336499214172 49.5229065418243 48.8248616456985 50.209845105807 53.2966206471125 56.2550723552704 60.5039199193319 70.9545214970907 78.326940536499 85.1855079332988 78.7227054437001 59.0839833021164 19.8098582526048 19.3749529620012 25.8859942356745 52.9341449340185 65.7314360141754 63.8862202564875 59.0008745590846 50.0012735525767 43.6104784409205 40.4588331778844 44.8211530844371 39.677195250988 22.2436413168907 16.530933479468 0.404963968321681 0 0 0
41.6889786720276 40.2506639560064 39.4705260793368 41.627511382103 47.5247999032338 52.79607574145 53.5799662272135 59.0962072213491 59.1130952040354 63.7301107247671 64.0475153923035 66.0121689240138 65.6606405973434 61.4173263311386 59.9660674730937 58.6007535457611 60.0679268439611 54.7853211561839 50.2435366312663 47.7642565965652 47.5517461697261 49.0866253773371 49.8370031515757 45.4548348983129 46.5711653232574 44.5842842260996 46.2050090233485 46.6064512729645 47.3341395457586 52.3066123326619 56.8237354358037 68.8786208629608 65.9723579883575 37.1090124050776 16.0423889756203 9.03425303598245 9.74319192270438 17.6350213587284 43.3596124251684 57.1736544370651 64.4383231798808 52.3109138011932 38.3709544936816 35.1013988256454 39.3825819094976 25.6166358788808 21.7266082763672 32.7454631527265 17.184225221475 0.15590883170565 0 0
44.0719326337179 35.2052847544352 33.2752962907155 38.0546773473422 48.4099090099335 56.2593092521032 56.1521649360657 57.2420209646225 59.8596235116323 60.2136154969533 62.3325904210409 64.9949957927068 66.7623182137807 65.5059516429901 61.77652378877 59.3932569026947 61.9208564360937 55.5615723133087 51.1269867420197 51.6709784666697 51.7796476682027 49.5803306500117 47.7411647637685 45.1683104038239 44.9390113353729 43.2065427303314 41.7224665482839 43.3411498864492 41.8281157811483 40.688859919707 35.0102658073107 41.2735864520073 44.1433290640513 22.7643301089605 17.5778145591418 9.85610360900561 2.30942573398352 1.28967850469053 8.56306155522664 23.3539938926697 45.9892650445302 44.2471404870351 36.5351488192876 32.2079012791316 21.5614289045334 22.5790192683538 20.5574470261733 38.9096985260646 46.048695842425 27.357742190361 2.5981767103076 0
44.2766447861989 39.2091423273087 37.3868818084399 42.2754436731339 50.7611831029256 57.702233393987 60.8343929052353 56.9725732008616 61.2331132094065 60.1478318373362 63.6741320292155 65.3107911348343 66.7983690897624 68.3668206135432 64.2213920752207 63.7260576089223 64.413716395696 59.5321158568064 55.766170223554 56.8869560956955 56.3420355319977 52.9220451911291 50.6406426429749 50.5410134792328 48.2864479223887 47.2287833690643 44.2961951096853 41.4995352427165 39.2480542262395 34.4921747843424 27.3052006959915 31.7968055605888 39.274717370669 41.4572556813558 39.6361673871676 29.3938467899958 10.5692197879155 2.34818877652287 1.46100608011087 5.90013153851032 19.847313563029 23.7670491139094 20.1388858258724 14.6942163507144 14.4597366452217 19.4836097458998 21.288588643074 28.2762696345647 42.0821358760198 46.3309039672216 29.1332354148229 1.03706680238247
47.2385585308075 45.863797267278 42.6342089970907 41.6214416424433 47.1044282118479 56.9724589586258 58.6260855197906 56.8526834249496 58.6954454580943 63.8367633024851 69.5893118778865 70.4677899678548 68.8887983560562 69.447269042333 67.4386521180471 67.1916504700979 67.5463030735652 65.5066519975662 61.460425456365 58.0131461222967 55.5434823036194 54.4418394565582 56.3997179269791 57.2612235943476 54.6520501375198 52.1322886149089 45.3780194123586 37.0571364959081 30.9032822648684 29.233917593956 29.4136827190717 35.7038055857023 43.1658327579498 54.16672428449 59.1804087162018 57.5552086035411 43.6145514249802 29.3871189157168 17.7709298829238 5.44313279290994 10.3181252876918 19.4528537491957 19.9871522684892 14.6322846412659 14.1879829267661 29.5937806367874 47.7899610996246 41.438286503156 36.4926010370255 42.1594232320786 33.4763328234355 7.74436195691427
49.6897598107656 49.0939865509669 48.043022553126 44.8457300662994 46.082948644956 54.5464009046555 56.5209289391836 56.6587746143341 56.9558640321096 65.7038291295369 73.5044082005819 72.3021974166234 68.0098136266073 70.5386698246002 71.7793405056 66.5194690227509 68.6548302570979 66.3920342922211 62.4016970396042 60.3639682133993 59.0604394674301 59.8134199778239 57.4557880560557 54.7714630762736 52.8499633073807 48.1828997532527 31.7587926983833 5.6377612054348 4.45236420879761 16.9648130734762 27.162179350853 32.4424356222153 41.4028416077296 48.7370789051056 59.1974854469299 63.1161282459895 63.2963975270589 54.1124393542608 42.6025787989298 24.0003491441409 11.8476872642835 19.5685302217801 38.8633882006009 38.9453247189522 32.4363311131795 49.890547990799 73.370948433876 63.3488446474075 42.5694286823273 30.7525446017583 14.6914956470331 8.88412011166414
48.6249377330144 46.7758278052012 50.2587457497915 51.2493352095286 48.9972233772278 51.5351891517639 56.6644171873728 57.4199706315994 57.9144557317098 65.5772536993027 71.9889303048452 70.1445837815603 66.1642998456955 69.3944791952769 72.9892402887344 63.9407088359197 65.6785170237223 64.0860795974731 63.2058481375376 63.6651317278544 64.4659300645192 65.799742937088 60.5438500642776 54.5543779929479 53.3671379089355 49.888754884402 34.2731947700183 17.1190624435743 16.5780608852704 22.9203129808108 33.0411568284035 36.2931415438652 50.1618882020315 59.6174945433935 70.2917824188868 63.7750923633575 60.3564977645874 23.4733521938324 23.9318832755089 24.505503475666 29.5608441034953 38.5814954837163 43.9162403345108 22.9223643740018 17.7247685690721 21.6162254412969 46.7236042022705 50.3828376531601 38.1603886683782 28.6498392621676 21.8233938018481 16.1597679058711
38.1696422894796 45.1346089442571 48.4601308902105 51.1015256245931 51.2048105398814 48.1402774651845 56.7164570093155 60.1402173439662 61.1996551354726 66.0049964984258 68.036029736201 67.7360991636912 66.9178664684296 65.8816943566004 67.1499719222387 63.7118170658747 60.9929313262304 64.0877584616343 66.1268432935079 68.0762032667796 69.9434280395508 65.6094153722127 64.2235279083252 58.5489124059677 56.576132774353 57.0881615082423 51.8257319927216 45.7977652549744 45.6569989522298 45.9781885147095 42.6124433676402 42.3735479513804 58.9694877465566 72.0054556926091 51.5624036391576 46.9730993111928 28.2306050260862 12.13122655948 4.51841453711192 10.820118089517 10.6856487691402 38.0381991465886 46.4632213115692 39.6410177151362 28.022234638532 29.2081808050474 42.2524164120356 46.4837402105331 43.8199738661448 37.5341176986694 31.5993577241898 30.6576142708461
29.3853456775347 42.8131024042765 46.5599546829859 49.3737856547038 52.235076824824 48.6080199480057 52.4395853281021 59.5333526531855 69.7952757279078 71.2108910083771 66.4972513914108 64.4541631142298 66.6400144497554 66.1099851131439 66.1793202161789 63.9917353789012 60.814306139946 63.068946202596 61.767448981603 59.6997340520223 60.9908998012543 61.3446831703186 60.0413779417674 59.1545005639394 61.0104550917943 64.6675725777944 71.9150006771088 73.5289653142293 63.6071662108103 57.9929451147715 46.3351160287857 39.1874114672343 48.1628527243932 49.8987088600794 20.3856006264687 14.190415541331 13.456633935372 7.9897486915191 0.840493633101384 0 0 12.7640043695768 41.6342144211133 64.4975354274114 70.0764656066895 63.5098914305369 62.1048907438914 62.5449369351069 62.1756414572398 51.6800433397293 41.3209597269694 51.2494991223017
31.1515654126803 40.2191157142321 47.0128854115804 49.2242525021235 50.8418182531993 51.0355333487193 45.7148402929306 54.8338840405146 74.110080798467 73.0716536442439 64.8022294044495 61.6804858048757 64.5470768213272 68.1920995314916 67.3563182353973 64.3082211414973 63.3389800786972 61.2760533889135 55.130735039711 48.3396301666896 48.5283136367798 52.1734058856964 53.3109406630198 56.7342142264048 57.7769776185354 65.0727053483327 80.769936243693 85.984855890274 66.2895192702611 55.2638918161392 46.314924955368 34.1154585282008 36.9566480318705 38.5165934761365 18.9079071084658 10.5142593383789 11.4540482560794 16.7111953099569 9.73663727442423 1.20739351647596 0 2.64033488929272 20.627794166406 45.2371587355932 48.1062332789103 49.2224991321564 46.8969146410624 47.883336742719 53.5050531228383 47.4169751008352 47.9593922694524 80.7466506958008
41.8506463368734 44.7096675634384 46.8280216058095 43.7463025252024 38.4097148974737 34.8660672704379 42.2778179248174 47.589048743248 56.9910109043121 52.7282406886419 49.3424087762833 54.6847879886627 63.2641911506653 65.0686025619507 61.2934827804565 63.2004290819168 63.7014706929525 58.2402894894282 50.6934225559235 45.865406592687 45.2975879112879 45.6450978914897 49.6713320414225 53.1900276740392 54.1838804880778 58.4660321474075 72.2869088252385 78.5965422789256 66.7550663153331 52.2763629754384 44.9342081944148 30.7671477397283 23.3727072676023 41.7761206626892 38.5337124268214 18.0329841872056 17.9598852992058 40.7917648553848 42.6776905854543 29.3466647466024 6.5765492618084 3.63939193387826 11.8565186858177 18.6732610066732 17.4848300715288 19.1061074535052 21.4863369862239 23.6695309480031 23.8884314894676 40.5484512448311 61.0162516434987 113.135695457458
52.7137815952301 49.5317329963048 45.9335148334503 39.3539940317472 30.1957602302233 24.5402057965597 32.9986661672592 33.8630278905233 24.8150850335757 23.9768077929815 35.6737375259399 45.3663567701975 51.9425769646963 55.9862007697423 59.0050121148427 68.8122113545736 71.7255423466365 63.4323259194692 55.2231818437576 51.8820385138194 49.7218271096547 48.9776035149892 49.9484489361445 49.7991939385732 49.3142406145732 54.9500485261281 62.1475925048192 64.7386759519577 59.7953299681346 40.4799034198125 40.588453412056 35.7365136345228 31.7017485698064 49.8421241839727 56.2719156344732 44.6784198284149 35.0445061922073 21.6174821058909 28.9619316657384 32.5272977352142 22.7708990375201 9.85754032929738 11.5465236206849 12.0205941299597 6.98166713118553 7.93395439783732 15.1256260772546 17.1134409805139 18.1202466289202 40.8030028144519 85.8290791511536 128.752112388611
55.4401725530624 49.0726133187612 44.50457294782 40.8866057793299 34.1426009933154 28.5951594511668 24.5606775085131 19.8649267355601 5.96030677358309 13.606108725071 29.646930595239 40.9596636891365 40.701799094677 48.2984781265259 61.1914892991384 76.7831007639567 82.3452721039454 75.3501355648041 67.2479470570882 63.444788257281 58.3467980225881 56.8308383226395 56.098351875941 50.9776423374812 48.2675780852636 49.434224764506 50.0123649835587 51.9930571317673 48.282191157341 34.0010200937589 32.5774773955345 34.0158889691035 27.4077728390694 48.0578641096751 72.0189412434896 75.1105000575383 50.0051627556483 15.8036798238754 12.5798930724462 17.6853761076927 18.0980165799459 15.8918301264445 16.972025235494 16.0942710936069 9.53338419397672 6.43530239661535 12.3412981629372 19.1162986059984 29.1572834054629 53.6314100027084 116.781373818715 147.805074850718
57.8067004680634 52.6434630155563 51.3666371504466 52.3814459641775 49.2343405882517 43.2102978229523 38.3718733986219 38.7778083483378 37.5469997525215 43.0631985267003 50.7551928361257 56.1614781618118 56.4259787400564 51.8113374710083 61.8738482395808 77.5086979071299 87.5732103983561 87.825079758962 80.6607007980347 71.1710999409358 65.4986997445424 60.8191092809041 58.6810410022736 60.707355539004 52.6587267716726 42.3375219106674 40.1803205410639 43.9469416936239 41.2412211298943 40.4088447491328 22.0859423279762 18.6982986827691 15.3287711242835 23.369587957859 78.8584152857463 89.042474826177 57.0935755968094 19.5042714476585 7.56003335118294 7.63778388500214 10.5211834112803 8.63713833192984 17.9894467194875 25.3313928842545 31.8258876601855 16.8057456612587 14.8484980066617 34.772718946139 59.6054246028264 103.36434841156 135.486016670863 148.572792609533
58.5956474145254 55.9098720550537 56.0254156589508 57.4307690064112 56.8322191635768 53.3315688371658 53.1091342369715 60.5962028106054 76.6010036071142 72.7815230687459 64.161628484726 64.6266887585322 71.0883637269338 58.8974853356679 60.0647528966268 68.069910009702 76.496680577596 83.7288896242778 84.6034785111745 77.9698590437571 72.3859171072642 66.089520851771 62.6452515522639 58.9918742577235 54.0163566668828 42.5857851902644 30.514066418012 32.4235484004021 35.1642097036044 18.2108817001184 13.4865678846836 11.6906960805257 7.3943417519331 7.50820711255074 73.2988019784292 90.510219335556 71.3806847731272 59.068888425827 28.3428579568863 3.69031944622596 0.290164607577026 0 9.31865784029166 35.1932843526204 41.3085346420606 32.0869485537211 30.7994236548742 53.0898074309031 109.465032815933 153.469185034434 146.754662195841 134.558538595835
57.8140020370483 54.4901887575785 49.0643928448359 44.5615748564402 44.8213517665863 46.7677513758341 46.8398829301198 58.6398541927338 68.7883943319321 63.6143187681834 54.2240738868713 54.1409204403559 65.6480193138123 60.5805565913518 56.97101354599 55.912842353185 57.0101539293925 63.7519011894862 73.9702930053075 78.186884522438 73.9897737900416 68.1946178277334 61.183159550031 56.4076552788417 48.8152752319972 43.2002345720927 30.4684390624364 19.2088708281517 31.2334050734838 28.4601524472237 13.471931219101 8.60222801566124 2.25201202556491 0 0.0911084547018011 80.6119839350383 87.5381429990133 98.240186770757 79.8394779364268 31.6092123587926 2.96308193355799 0 3.08237100640933 18.8186032076677 46.7306623856227 66.1684473355611 86.8421196937561 136.834333340327 177.333394686381 187.567532062531 172.302901744843 139.98556137085
59.9503765503565 57.8958094120026 52.1264125903447 45.4620520273844 43.9570943514506 46.65840168794 39.3041322628657 36.6792132457097 38.3700653910637 35.1748540997505 28.2904158035914 26.0010287165642 29.7144080201785 47.8853732347488 54.662694533666 49.0592618783315 38.6451954642932 34.6115678548813 46.2387253840764 66.3621624310811 68.1230922540029 62.6470347245534 56.0179054737091 52.6331067085266 45.7565436760584 40.218564371268 33.997654914856 12.9553067187468 19.0833446880182 36.9966477155685 19.4055959582329 12.5386814276377 4.84829396009445 0 0 60.1842850446701 100.300997495651 114.721347888311 101.29710038503 72.1227626005809 39.2123113075892 9.92704431215922 6.25033800800641 24.777593712012 55.9121916691462 118.706524372101 159.538457791011 189.932843049367 198.85516166687 198.148528734843 188.417275746663 159.77931022644
61.6309394439062 61.55792872111 59.0071131785711 55.5037309726079 53.6321898301442 52.8715401887894 37.8484278917313 24.1279502709707 24.4708582758904 26.6091873248418 23.9838510751724 21.3563640912374 22.5541641314824 43.85045170784 57.4474732081095 48.1634736061096 29.5526112119357 17.7993600567182 21.2049831946691 36.7508406440417 46.7877586682638 50.1915216445923 50.859476129214 43.9768532911936 39.0098442633947 34.6806397040685 19.120675822099 7.5118038803339 11.6737807790438 40.1678159832954 48.915833234787 41.9436593850454 22.2963144381841 0 0 38.8402615984281 93.7106808026632 101.966619491577 82.791397968928 79.7461569309235 84.6475561459859 69.1521167755127 47.1547842025757 61.8821531534195 113.790392875671 158.571163813273 181.771218776703 192.77822971344 194.545924663544 192.163507143656 187.171260515849 164.95089729627
