input/barkrak2/radiation/dir09624.grid
NCOLS 85 
NROWS 70 
XLLCORNER 665100 
YLLCORNER 4664600 
CELLSIZE 20 
NODATA_value -9999 
[rows 40 to 59 of 70, columns 0 to 45 of 85]
223.651846249898 226.054608821869 224.869092305501 226.729452610016 235.672354698181 240.483701229095 244.045535723368 249.285419782003 246.899167696635 231.953183809916 216.852327187856 213.465491930644 210.901200771332 208.098888397217 204.863091309865 205.184876918793 204.055567582448 204.980095227559 198.149661223094 195.825378100077 199.969291687012 205.297589302063 208.567599455516 203.603068987528 199.197888374329 198.711653550466 208.624581495921 211.644033590953 214.548071225484 216.062645117442 215.488870938619 221.209565798442 216.45975112915 221.640984217326 249.346852302551 250.275830427806 237.574537595113 229.348619778951 232.220729192098 238.806744416555 252.856214841207 272.665758927663 243.489623069763 161.774337291718 100.767900546392 69.3697035312653
230.377713839213 229.581375916799 228.750983874003 227.90789604187 224.786003430684 222.099502881368 220.502018928528 220.40315469106 224.938849608103 215.542356173197 208.471516768138 208.624303340912 212.386171023051 211.172461509705 211.313287417094 205.84245522817 202.113270759583 209.213217099508 209.917267163595 202.970604101817 204.607407251994 205.437282721202 204.091628392537 207.590878009796 207.915802796682 202.060341835022 209.295968214671 213.025033473969 214.697559674581 215.873976548513 218.583424886068 219.948907693227 217.905302842458 232.035676638285 244.99100446701 235.807518164317 218.461056550344 210.475365320841 212.058981259664 223.769148190816 256.438096364339 270.575841267904 257.852097352346 209.577778975169 138.747851053874 97.709059715271
234.97333129247 232.521116733551 235.080738862356 232.657074928284 226.65399312973 223.462065060933 219.447255134583 215.852856636047 214.482565720876 212.295889854431 210.551023483276 208.029389381409 210.733652114868 215.118209520976 213.210344314575 210.737307866414 208.178381125132 212.756554285685 213.982939720154 205.413083235423 204.197525978088 202.598551909129 198.697527249654 201.676249504089 205.81716299057 201.689084370931 198.030292987823 205.974042415619 210.690975189209 213.257074356079 215.667406717936 213.960448900859 218.961973985036 236.945847670237 242.597877979279 220.796306927999 203.674495220184 204.17445898056 211.857299009959 225.727657477061 236.290017763774 237.945834795634 224.697232246399 200.866162776947 149.639447530111 90.147187312444
220.039943854014 222.593108812968 229.631086190542 227.562606334686 230.309585730235 231.334765752157 230.1131884257 224.096337954203 213.77565463384 212.797562281291 214.591721693675 210.254927476247 209.165732065837 213.946084181468 213.520427544912 211.322665214539 211.113373438517 212.323129177094 213.902572790782 207.157452901204 202.823599179586 200.160245100657 197.04266389211 197.226126988729 199.693401654561 203.307211399078 197.449644406637 201.664169629415 206.719994544983 208.477298418681 208.289980888367 204.407552878062 213.757991790771 227.037171522776 226.803322633108 206.09837770462 200.129846731822 210.75294415156 221.169432004293 224.58424170812 222.149173418681 217.595914999644 209.732353687286 186.614155769348 145.68438132604 92.6627417405446
217.931767304738 223.116517066956 225.190361340841 226.632118225098 228.393276532491 229.739546775818 230.064272880554 226.664940516154 220.568776130676 215.857267379761 216.198047002157 213.445047537486 208.190560340881 207.744697729746 206.659694512685 205.466787020365 202.049911022186 208.252926667531 211.308677991231 207.651237646739 202.555298805237 202.353994051615 200.686494509379 201.941768328349 198.56454928716 207.354029019674 209.983070691427 208.734154701233 208.019236723582 206.283787886302 202.21221446991 198.39084148407 203.604777654012 206.887304782867 205.617825190226 199.869732062022 204.225321610769 218.633751074473 227.406819661458 219.827055931091 218.796730041504 211.546262105306 202.173789342244 184.269626935323 154.816756645838 113.381544748942
223.217129707336 227.914194266001 224.518418312073 228.293279806773 227.12786992391 226.03976726532 227.742771307627 226.476887861888 226.084013779958 221.368471781413 218.749900658925 217.923084894816 211.754858493805 207.905272642771 205.693264802297 208.231727282206 202.040076255798 204.142491022746 211.137433846792 208.68448416392 205.167810122172 206.061323483785 203.829487164815 203.773419062297 206.064820289612 205.285052458445 212.007860342662 210.132360458374 209.391077359517 207.509617010752 203.386525313059 198.839604854584 200.715720653534 196.974953015645 182.144780953725 181.590596834819 194.615244865417 212.42493391037 215.937276681264 202.684978644053 206.490397453308 198.441545168559 193.481147289276 192.433595657349 182.204683621724 145.4216837883
222.479283809662 224.547743797302 226.473927497864 229.005416234334 229.128042856852 227.538843949636 229.476571083069 230.044543743134 226.690332094828 224.908391634623 221.988717714945 221.239864826202 216.189205646515 213.48096927007 211.187640825907 215.581834316254 211.080014705658 203.890045483907 212.023854255676 210.301637649536 206.677635510763 208.738923072815 206.700245539347 202.05150047938 211.748937765757 205.057342847188 206.040978431702 208.010315895081 209.154963493347 208.049654960632 205.33827940623 202.551404635111 199.647982915243 195.934514204661 191.104014714559 186.407327651978 191.823522249858 202.83963282903 203.87719074885 202.235738436381 203.848799069723 194.336712360382 196.568687756856 206.393897533417 202.957769234975 171.57781124115
216.64822101593 219.139138857524 223.850667476654 226.374208927155 230.158805847168 230.101863543193 228.094180425008 227.168599764506 227.184613545736 228.682319323222 224.027514457703 220.805903275808 217.922429243724 218.000690142314 213.608304659526 213.601152102152 211.278160413106 201.640466849009 206.594308217367 210.003515084585 205.891668796539 205.516954263051 209.124366442362 200.409928957621 203.817486763 203.688482443492 200.427035490672 204.1850288709 208.279291788737 206.808964411418 206.723650296529 205.07538318634 198.953767617544 199.964741865794 206.934710343679 204.227407773336 201.43057902654 200.020372867584 202.62610912323 213.327527046204 206.111927827199 196.615199247996 202.648560206095 207.777659098307 201.653122901917 184.551358222961
208.988944689433 212.265133857727 217.211584250132 221.588909626007 226.68445110321 230.525453885396 227.95561949412 224.832634131114 227.817932764689 228.074908256531 228.335738182068 222.888191541036 221.049964427948 220.320582389832 216.066658496857 210.113525390625 210.058887799581 201.951165994008 205.483118693034 211.722870667775 210.046013196309 208.376506964366 211.282134056091 206.149200598399 203.428645928701 207.119305928548 204.826474189758 207.954426606496 213.622887929281 216.30714337031 221.732397874196 220.855216185252 210.97187201182 212.686558564504 215.817888577779 215.787569681803 214.870870113373 209.503253300985 208.175381024679 212.706923484802 202.010830243429 194.069663683573 191.77387158076 186.41322851181 187.091986338298 185.665806134542
207.691927750905 205.162028471629 209.059059619904 217.897872130076 222.39758570989 226.478179295858 229.552229245504 230.254153410594 230.648358662923 225.918094317118 228.34982474645 226.622303326925 222.926914691925 218.862354755402 217.541257540385 212.210853894552 210.947632789612 205.217878023783 207.832376162211 215.102096398671 215.917269388835 214.5041624705 210.543115933736 212.083697319031 207.494378089905 211.524446805318 211.911420027415 213.782986005147 222.112874190013 229.055325190226 235.829611619314 237.649480501811 226.80534919103 224.24062093099 218.387126922607 218.755722045898 219.104329744975 219.487448533376 212.807794411977 200.563053290049 189.974864323934 191.988488038381 190.677762031555 184.259136517843 180.531223615011 180.987735589345
208.933671315511 211.13391717275 212.212264537811 219.553232192993 221.386551856995 221.489389737447 229.362626870473 232.656041781108 232.639869054159 231.870035330454 230.055491129557 230.405529340108 225.264251232147 219.516078631083 219.845811525981 223.633249600728 212.800284226735 210.396567980448 210.951308409373 217.138568560282 219.856838385264 216.789960861206 212.798078854879 211.089849472046 206.200500329336 214.703996976217 218.167702356974 218.870004018148 223.630766073863 231.365005175273 239.117443561554 242.211242516836 236.551960309347 225.382228692373 212.558050950368 209.955811500549 215.478738149007 222.483535607656 212.774574756622 191.619515419006 184.389690558116 195.28059164683 195.754249890645 188.408255577087 185.699582099915 178.637385368347
207.144459088643 217.386364936829 218.191087245941 221.874892711639 221.638262271881 219.512561957041 226.513663927714 230.923215548197 230.825205643972 233.513474464417 232.012311617533 230.120996634165 227.941413720449 221.451004346212 220.080971717834 226.041773955027 218.527098496755 212.599515914917 209.701975186666 213.529745737712 214.269439379374 214.345494906108 212.071001529694 207.901875178019 205.138663450877 206.894993782043 211.458126703898 212.250351905823 214.443683624268 223.663290341695 231.022735436757 239.133457342784 229.555388291677 208.877245585124 171.103775501251 163.961271444956 187.541306018829 206.937352816264 215.140819549561 213.652491569519 211.401263872782 205.95786968867 182.945688565572 180.721958478292 187.5967780749 179.204106330872
208.418806393941 207.405010859172 206.513504187266 211.274266242981 219.067911307017 221.897939840953 221.952795982361 227.355619271596 227.298816045125 229.871312777201 231.204072634379 231.644113858541 231.705526510874 225.00479221344 221.31077448527 220.52796681722 221.157411734263 212.213099002838 206.520020961761 206.158260504405 205.658078193665 208.587090174357 208.78795782725 202.59286959966 203.457891941071 200.397153695424 201.865176359812 202.824632326762 202.725748221079 204.620182514191 208.393037319183 219.182729721069 204.507211844126 180.285036563873 146.391977866491 127.166887124379 138.623376687368 169.832368691762 202.346205711365 213.640173276265 215.161979198456 196.294903755188 177.011052767436 177.694380283356 182.50693877538 168.844044208527
213.963548342387 203.880508740743 200.955669085185 205.355286598206 217.731813589732 224.97034072876 224.147121111552 224.958956241608 227.495312690735 227.479100227356 229.109148184458 232.018113136292 232.891718546549 231.028993924459 223.464667797089 220.840871334076 223.990182081858 213.799337546031 208.657185236613 210.053960482279 209.155599276225 207.797765731812 205.906470616659 201.562027136485 200.60795545578 198.928852876027 198.408345381419 198.770642280579 197.363376617432 191.250165303548 184.029082457225 187.680462996165 179.980297883352 160.428861776988 145.053913195928 127.798984448115 108.939578135808 116.72971645991 143.367558717728 178.296307722727 194.846709569295 185.333510239919 175.947984059652 172.12172349294 164.667497078578 154.169976711273
216.821670532227 210.507174332937 204.747637112935 208.985129992167 217.897494633993 226.909975210826 228.771229585012 226.256569226583 228.998204072316 227.43942340215 229.689836502075 231.817682584127 232.435584068298 232.253511746724 226.130068302155 226.80789232254 224.617024262746 220.194717248281 210.278828938802 211.992462476095 212.134937445323 209.676146507263 206.690112749736 205.212116241455 201.121052106222 200.249890486399 195.720434188843 193.103452523549 187.007466952006 184.536914030711 174.886504809062 176.714380582174 172.320644060771 169.075946013133 168.982227643331 161.924779415131 136.919289827347 120.657424132029 110.448857148488 125.948995351791 160.226712624232 163.120935360591 152.501473824183 138.852675755819 136.03005806605 142.199407021205
220.413863658905 217.979927857717 210.026224454244 206.340829531352 211.850841840108 224.926392237345 227.134962876638 226.17369890213 225.960572560628 230.268041292826 234.523236751556 234.374364217122 234.005729357402 233.187874158223 227.506717046102 225.669105847677 227.691968282064 221.89199924469 215.367297331492 213.003118832906 211.140672365824 208.958009878794 208.900471528371 209.699273109436 204.954246679942 202.547669410706 196.74942890803 188.717345396678 180.043558279673 177.212099234263 176.387826601664 182.147522767385 178.180317083995 185.71396668752 194.914976755778 198.479135831197 192.786991596222 176.39555533727 157.645434141159 121.297389268875 130.252281824748 147.903710603714 146.883537371953 135.946164528529 138.162712256114 155.123253663381
222.782532374064 221.608360608419 218.464732170105 210.090378920237 209.45946375529 218.764861424764 225.23566087087 224.637428919474 223.039090633392 227.954804897308 236.724456151327 236.446102460225 231.87792301178 234.049201011658 231.458862622579 226.720611254374 228.371997674306 222.898741563161 217.565794785817 215.866843859355 214.314897855123 212.899049123128 208.896040916443 207.178036371867 204.777797063192 200.64769188563 182.154456774394 160.363167524338 154.520332813263 161.873688300451 173.706571261088 178.775688012441 176.889399687449 181.539316972097 195.655584335327 209.43429072698 221.331159273783 223.58113527298 215.132633845011 164.311567942301 135.615060726802 151.799817879995 167.706251144409 173.616925875346 178.108433882395 191.217978795369
222.050905227661 219.250281651815 218.989888827006 216.908633708954 209.975083669027 215.89324871699 224.806984265645 226.893961429596 222.675164540609 226.958950360616 234.688540299733 235.689461231232 231.944024562836 232.01709985733 232.99237092336 225.29399394989 225.529074668884 224.043150742849 220.339179039001 220.837712287903 220.9659020106 219.914555549622 214.972615242004 208.430210749308 207.726677258809 207.569499810537 188.909808794657 165.235340595245 162.615875403086 169.996539751689 181.607981522878 183.144966761271 189.099689324697 197.868227958679 209.344704945882 218.063791592916 216.094275315603 183.414022127787 169.615507125854 164.485931396484 166.689932346344 178.780138492584 181.283195813497 166.470348834991 156.648298104604 169.826169808706
212.475299835205 217.486997445424 217.81994899114 216.922461986542 214.468995730082 211.155235767365 225.442190965017 229.537129402161 226.460735003153 225.321888923645 232.696930567423 235.667884349823 233.153959115346 229.788621266683 230.302969614665 225.889643033346 222.769240538279 223.352750142415 222.719013690948 223.908841609955 226.940035820007 222.953299681346 221.039772033691 214.668830235799 213.769872983297 216.699163118998 210.037748018901 201.511005560557 198.830723762512 199.922144412994 198.505759239197 192.291617393494 202.342947324117 209.511498610179 208.963751792908 190.038025379181 172.064741452535 124.667296806971 101.544002691905 135.114560524623 172.976613044739 188.463449478149 180.950840314229 168.553789456685 163.641055425008 172.225634256999
200.087428092957 214.499195416768 215.354879697164 215.882023175557 216.116905212402 212.57742245992 218.765874703725 229.89954551061 235.92746257782 231.855173905691 233.578165372213 234.529574712118 236.332714557648 232.4511607488 231.188098589579 230.089783668518 224.08660252889 222.573717435201 219.749470551809 217.603345712026 219.477872053782 218.47273906072 217.49206384023 215.806186199188 216.987311840057 224.047283331553 232.642412185669 234.264016151428 216.402173042297 213.455458482107 205.369333426158 193.957428137461 198.158005873362 186.604062716166 157.500326633453 129.090696573257 108.211626609166 96.7077712217967 87.4945918718974 96.9177087148031 120.441744724909 155.105799436569 179.510017236074 200.99937915802 224.439601103465 223.945955435435
