input/barkrak2/radiation/dir02224.grid
NCOLS 85 
NROWS 70 
XLLCORNER 665100 
YLLCORNER 4664600 
CELLSIZE 20 
NODATA_value -9999 
[rows 23 to 45 of 70, columns 0 to 51 of 85]
75.143704811732 64.4745926062266 32.1745524803797 14.5670920610428 9.84562809268633 14.7734011212985 15.7844709853331 5.60883991420269 4.05950409670671 3.67593827346961 6.17870005468528 13.6055226127307 15.6852379441261 20.9110329548518 18.223679314057 18.6148608724276 24.6445735295614 33.2867677013079 38.3398731549581 32.317079603672 31.6472376386325 35.4744270443916 46.9825764497121 56.3046634197235 63.0442003409068 63.4736716747284 56.7813167969386 49.5342115561167 32.1057662367821 13.8112927476565 9.78694359461466 3.31378107269605 0 0 0 0 0 0 0 0 0 0 0 0.410701303432385 0 0 0 0 1.301046848918 5.71442271272341 5.66650182008743 3.60294369359811
74.822743733724 70.7044899463654 48.6250172058741 19.559337447087 3.55675630271435 13.6059448122978 9.03558048109213 14.47968557477 5.15805184841156 4.25302485624949 3.69124704351028 11.5019306540489 14.0606984496117 18.1293909748395 18.3747932314873 18.0749918023745 21.8528360128403 31.7388027906418 37.3100886742274 31.0171917080879 29.1787584622701 26.9221613804499 34.3654006719589 42.6202664772669 47.2903201977412 47.8176375230153 45.4128086566925 40.7302180926005 19.6334918340047 8.92203052838643 4.92826600869497 3.42589771995942 0 0 0 0 0 0 0 0 0 0 0 0.90056952709953 0 0 0 0 0 0 0 0
61.9174887736638 66.2619421879451 59.0679893891017 29.1142165660858 4.58803866058588 14.1033232212067 21.3664049903552 29.08606082201 29.5000821352005 23.6731320619583 19.0350636839867 20.9011336167653 20.2719569206238 24.7340649366379 25.5939438939095 20.5305156608423 21.7230742176374 30.9674715002378 37.382369240125 40.4450769225756 40.4727905988693 36.2512146433195 33.3599324027697 33.2570100824038 36.8311951557795 38.6009539167086 34.9858651558558 35.5959087610245 21.3543872038523 16.9975260893504 14.0313493708769 17.5401829183102 12.1117047965527 0 0 0 0 0 0 0 0 0 0 0 0 0 0 0 0 0 0 0
60.5914344390233 65.6371911366781 63.3143186569214 38.3272891243299 15.2285074194272 26.7731299002965 39.0789111455282 48.7941602865855 56.1698178450266 49.8368442058563 33.276046315829 35.5188449223836 32.1199297904968 35.9947284062703 35.5816756685575 26.4535024762154 24.7600898146629 32.9015552997589 40.1062518358231 49.9349186817805 51.3379722833633 48.2558061679204 41.3091977437337 35.6464932362239 36.3014861941338 38.2573728760084 34.3395868937174 41.6211535533269 39.3891061345736 37.9202912251155 42.3818329970042 59.1009159882863 67.1911935011546 46.6597576936086 0 0 0 0 0 0 0 0 1.01518863812089 0 0 0 0 0 0 0 0 0
61.9889696439107 60.9785616397858 61.0471417506536 44.2532847325007 39.846216638883 46.5539693832397 59.308518966039 64.7389392058055 67.9548978805542 54.6320180098216 43.4960822264353 40.2897745370865 38.2673541704814 37.3077318072319 39.4879579544067 35.9443078438441 30.7863156000773 36.4111512899399 47.739714384079 53.8335541884104 50.7715245087942 43.3937907218933 41.3345023989677 41.9376343488693 42.4844274918238 43.013741572698 40.5215173959732 50.8388727903366 67.3519770304362 71.8254745006561 75.7978359858195 82.5255066156387 93.1857426961263 99.1796354452769 54.3628036975861 0 0 0 0 0 0 0.858181932320197 0.874582134808103 0 0 0 0 0 0 0 0 0
64.9650245904922 54.5717527468999 55.0982753435771 46.967734893163 59.0329070885976 59.0642939011256 63.6832962433497 59.4107757012049 55.0320694843928 42.8702384233475 39.1612574458122 34.372424085935 34.3790178497632 40.3393556674322 41.4274608095487 44.1832393407822 38.3236532409986 34.7998812794685 45.6893195708593 47.4078357219696 44.9341982603073 38.3822197715441 38.7592663367589 44.4207688172658 46.7281589905421 44.1209673881531 44.8420792818069 50.9921014308929 73.8740215698878 86.9743824005127 94.6154296398163 98.9272693792979 106.226136287053 108.682960271835 97.6887842019399 28.8928424318631 0 0 0 0 0 0 0 0 0 0 0 0 0 0 0 0
66.1070694526037 49.687460064888 49.8309433460236 51.8420487642288 60.6578687826792 60.1972788572311 50.5045751730601 38.2597396771113 17.2987518211206 16.1136413613955 21.7724665999413 26.7130881547928 32.0911034941673 40.7700190941493 43.6814576387405 47.6126968860626 45.1447616020838 33.1651071707408 36.1450985074043 38.8464132944743 38.599801560243 38.7245615323385 38.6721243460973 44.3646609783173 50.2902219692866 47.0880766709646 49.2327511310577 51.3986051082611 67.590077718099 89.7323886553446 103.417634963989 109.815080960592 110.077351331711 110.972215731939 119.327594836553 99.5894968509674 23.4072481592496 0 0 0 0 0 0 0 0 0 0 0 0 0 0 0
65.1016980409622 65.6655430793762 84.6308668454488 113.505144913991 90.8372700214386 65.558597445488 41.0869643092155 10.4936609665553 7.40576287110647 17.1276430288951 11.6606627901395 6.11484547456106 31.0887123147647 41.0291229685148 47.547901670138 52.6895274718603 49.9777098496755 37.8518501917521 37.1761520703634 40.8970564603806 38.0762865146001 41.5809005498886 43.2457228501638 45.5695738395055 51.4167944590251 55.925061305364 54.1603018840154 57.0264905691147 69.3658043940862 93.0411517620087 110.963384310404 114.692608515422 111.403395732244 118.612418572108 127.634813388189 130.600114663442 103.122611840566 48.9482283592224 2.6247048129638 0 0 0 0 0 0 0 0 0 0 0 0 0
76.655571659406 108.109136422475 154.443363348643 175.448298454285 153.223941723506 104.716529448827 60.2393001317978 33.8544646898905 28.3103932936986 32.4741924802462 25.0660702586174 22.6470778385798 30.7140871882439 39.2655928929647 51.8515954415003 55.46635389328 51.8246193726858 45.8085536956787 40.4004702965418 41.4958447217941 41.2398924430211 43.9309577147166 46.2761769692103 46.9760149717331 52.3801545302073 63.3353491624196 64.0350083510081 69.4690694411596 78.6601006984711 94.8710441589355 108.931660652161 118.531922499339 119.067251682281 124.58935379982 129.778931538264 130.462437868118 123.329867919286 102.962990601857 42.9439047972361 0.753121528153618 0 0 0 0 0 0 0 0 0 0 0 0
133.813480536143 169.366975625356 194.107015927633 196.65253162384 194.488048553467 167.427976926168 125.717987616857 89.8150106271108 68.424716591835 60.323437054952 54.930438597997 45.2869931856791 34.6243778864543 37.797267238299 49.4431654612223 56.2684883673986 49.9383310476939 51.5944461027781 41.2871489922206 39.6421278516451 43.5681939125061 44.9287792046865 45.6746915976206 46.435405810674 50.7574925820033 63.5210076967875 69.9577182531357 77.1450698375702 85.9314401944478 93.9849714438121 104.027807712555 114.057600498199 118.949204683304 115.864217281342 115.646670262019 109.331220388412 111.936092376709 98.2840359210968 53.8930396238963 2.65779749800762 0 0 0 0 0 0 0 0 0 0 0 0
186.930298805237 203.856607278188 207.602818806966 206.803202629089 209.557771682739 203.9715051651 180.743078390757 142.121185859044 105.311294396718 83.3378334840139 83.8122367858887 73.6699501673381 50.8929391702016 43.1928733984629 48.967848221461 52.0966450373332 46.1025238037109 46.4225510756175 40.0648166735967 40.9621596336365 40.0849704941114 41.2915671865145 40.7177085677783 41.3995708028475 47.656645377477 57.540108760198 68.1408494710922 72.9674249887466 81.981951991717 93.8283304373423 102.929323911667 104.665964841843 98.5551476478577 89.1396502653758 91.9543306032817 77.5290975968043 78.752468029658 64.3171320358912 31.3688591122627 1.41503708437085 4.00184156994025 3.22609146436056 0 0 0 0 0 0 0 0 0 0
201.906303564707 209.268192450205 208.700994650523 209.581891695658 210.871120293935 208.154181639353 200.045267740885 169.076402982076 122.256070375443 95.1431095600128 95.5207149187724 91.0167495409648 76.3048728307088 56.071529785792 48.9930063486099 49.7969190279643 43.6612417300542 40.5739496151606 40.2722085515658 43.2003239790599 39.1663834452629 39.1090164581935 40.3306235869726 41.6113883256912 45.663317044576 52.4756809075673 61.6785287857056 61.8609090646108 71.5079406897227 87.4979396661123 96.499631802241 94.0731465816498 89.4780158996582 84.3296647071838 77.0846456289291 64.9019777774811 68.74118745327 66.0820206006368 46.9422986110051 14.1476131975651 12.5046893954277 0 0 0 0 0 0 0 0 0 0 0
194.916208585103 199.474732081095 195.18905878067 195.969184239705 196.357707182566 191.413124402364 184.970299402873 166.914880275726 128.491123517354 108.051151037216 103.219528992971 97.1357524394989 87.248831987381 62.8370096286138 52.7279476324717 54.2149990797043 47.3501185576121 39.2199903726578 42.826235294342 44.0560380617777 42.3575788736343 39.6460369229317 42.6522145668666 46.5908100207647 45.3132142623266 50.1465648412704 54.6815544366837 55.4701139529546 62.2516522804896 80.6166032950083 89.399129152298 88.3958737055461 91.3221935431163 92.1860039234161 76.8036842346191 70.893183350563 74.7671922047933 81.2706798315048 75.9900162617366 37.4780024091403 7.29237434764703 0 0 0 0 0 0 0 0 0 0 0
169.482886791229 173.393328984578 175.073941548665 172.321359316508 170.837839444478 169.73356405894 174.509247144063 170.929988225301 141.870419184367 116.050938765208 103.691120942434 89.9827778339386 79.9884249766668 59.3478977680206 48.7415343523026 53.9301137129466 55.4903447628021 44.0565993388494 46.2085554997126 49.0481108427048 49.5307991902033 45.2909618616104 46.2308178345362 49.3540565172831 47.6032545169195 47.1547941366831 53.1259576479594 59.1794053713481 62.9418094952901 74.5002130667369 86.9336724281311 90.3483033180237 92.1379129091899 95.1808889706929 79.7041157881419 80.0358951091766 80.1649789015452 88.2130265235901 88.2978240648905 48.7265189488729 0 0 0 0 0 0 0 0 0 0 0 0
144.803663094838 154.728889465332 166.619916756948 163.691282272339 161.783327658971 168.522735436757 178.620835145315 180.768390496572 162.086089452108 128.777096668879 105.314075946808 81.7347218592962 65.3118044137955 53.6031872034073 44.9571112791697 48.6734708150228 59.8445435365041 52.1108657121658 49.2763916651408 52.153358856837 52.7393221855164 48.8917330900828 46.9857801993688 48.7044950326284 50.0775873661041 49.5743999878565 52.5738497575124 61.0811014970144 63.8380994399389 68.3545569578807 80.0057897965113 91.3783113161723 93.9294695854187 87.5074664751689 76.6035864750544 88.2460574309031 91.3104514280955 94.5364435513814 95.1932867368062 69.7740068038305 0 0 0 0 0 0 0 0 0 0 0 0
107.797155777613 118.769109249115 127.876659234365 132.990429798762 141.643524169922 157.979706923167 173.085331916809 181.096176306407 177.609582742055 147.363205750783 113.032291332881 80.1293601592382 60.9410454829534 57.9935659964879 50.3647774457932 44.4748103618622 54.8088848590851 55.4367403189341 50.376703341802 50.2662460009257 50.8730361859004 47.3929991324743 45.1990167299906 46.4207082986832 49.746776620547 53.4854630629222 53.163876136144 58.2984934250514 63.1357431411743 63.5044674078623 71.8813240528107 87.7244472503662 91.4328694343567 77.8175046046575 79.1304608186086 97.558597723643 101.145486036936 98.7867812315623 99.0688006083171 95.1934059460958 40.5387083689372 0 0 0 0 0 0 0 0 0 0 0
72.7913677692413 79.420859615008 78.7591636180878 89.2185072104136 105.467577775319 123.654762903849 139.448662598928 151.741723219554 154.313087463379 130.034893751144 94.247430562973 69.1176801919937 56.6945821046829 54.9536099036535 51.374485095342 46.2745726108551 50.7183869679769 51.1934459209442 44.7804232438405 45.4984953006109 48.6198912064234 51.7102976640066 50.745889544487 47.474001844724 46.1194813251495 49.15518561999 55.3439060846964 57.6633711655935 62.2651278972626 62.1522168318431 64.8295134305954 76.0031938552856 84.1960112253825 80.5976241827011 98.2559422651927 106.433580319087 106.421321630478 100.142558415731 103.058606386185 116.481055816015 106.521288553874 48.2070197661718 0.29986733958746 0 0 0 0 0 0 0 0 0
61.7333253224691 63.6924803256989 63.604603211085 65.5530045429866 74.6210267146428 81.0587108135223 84.8433872063955 90.9090340137482 91.819574435552 75.8916685978572 60.5912059545517 56.1216622591019 54.8528085152308 51.9953121741613 50.9555588165919 51.4897008736928 50.2117375532786 49.5888789494832 45.2596296866735 45.0983991225561 49.3415743112564 55.3451875845591 55.7056764761607 52.4019698301951 49.5978693167369 48.1712917486827 56.2116205692291 59.2742065588633 63.3728603521983 63.0819300810496 62.294214963913 69.9284871419271 78.0256340901057 86.9941512743632 105.109145243963 104.803125063578 96.6190099716187 88.9818072319031 91.6188657283783 107.566585143407 117.648114760717 108.380963404973 59.761385122935 5.3986565520366 0 0 0 0 0 0 0 0
70.0525840123494 67.5329516331355 67.598968744278 67.2963211933772 63.7138734261195 61.6896400849024 60.4162911574046 61.8551870187124 66.6973739862442 58.9117854833603 51.6148159901301 53.3507814009984 56.6981335481008 56.877722342809 55.5635541677475 53.6593993504842 48.9039768775304 55.5258889993032 56.8190614382426 52.8294493754705 55.0649414459864 55.5652628342311 53.2640715440114 56.01899822553 58.1985215346018 53.003450234731 57.9052269458771 60.4867239793142 62.6086543003718 65.2187863985697 65.786341826121 68.4840977191925 76.0260820388794 92.3214157422384 100.675851106644 93.604455391566 83.2566022872925 74.8420804738998 71.7256466547648 82.1172297000885 108.107040325801 113.12860250473 89.5322958628337 36.5756079554558 0 0 0 0 0 0 0 0
74.439932902654 71.6804762681325 74.4509150584539 72.9280163844426 66.2500808636348 62.9269331693649 60.4981581370036 57.9246381918589 58.0195585886637 54.9668123324712 53.524062037468 53.6742707093557 57.3395490646362 61.4897608757019 61.2051983674367 57.9769015312195 54.9729963143667 60.3985538085302 62.7974222103755 56.9390604893366 54.515411456426 52.2498339414597 49.0425129731496 50.9378612041473 56.061660250028 53.3228814601898 49.7176398833593 55.1417122284571 59.083084265391 61.9385987520218 63.2178286711375 64.0173852443695 74.1646985212962 93.1936701138814 98.165770371755 84.1766496499379 73.7391958634059 70.3491618235906 70.5094188451767 78.4552395343781 84.4791034857432 87.3266557852427 74.7623840967814 44.1944102446238 0.161478557856753 0 0 0 0 0 0 0
58.7763637304306 61.4619155724843 70.1736857493718 67.579651872317 70.0285683075587 72.526087363561 71.5418010950089 67.0668681462606 57.0349891980489 55.5135309696198 58.6376239856084 55.5081913868586 56.6113293170929 60.1995338996251 61.2949132919312 58.602437376976 60.0514809290568 61.9561721881231 62.369296948115 58.4248801072439 53.1259675820669 50.1796305179596 48.0359643697739 48.082023859024 50.7713655630747 54.9971659978231 49.7999141613642 51.6096552213033 56.4431448777517 57.7788800001144 56.2920023997625 55.6359787782033 65.2684370676676 80.5493990580241 85.9213471412659 75.4531770944595 72.3170836766561 75.4246860742569 77.6440302530925 78.323021531105 73.6695826053619 72.5253423055013 67.4457301696142 43.4986650943756 4.4070091098547 0 0 0 0 0 0 0
57.2057366371155 63.0694876114527 66.0351266463598 66.8668101231257 68.6339686314265 71.0408290227254 71.2309579054515 67.6053116718928 62.9919270674388 58.8630437850952 60.7748478651047 58.4408789873123 56.0071369012197 54.4416606426239 54.2381753524145 54.5174380143484 52.2564500570297 58.6803654829661 60.2864821751912 58.1470628579458 53.9691646893819 51.9199917713801 51.4463980992635 52.5422890981038 50.176590681076 59.1005831956863 62.0296647151311 58.6223701635996 57.5647751490275 55.9602528810501 51.7728875080744 50.6991396347682 56.7800104618073 60.4750017325083 67.1710173288981 69.7949628035228 73.9544332027435 80.2612056334813 81.6665391127269 76.1362016201019 74.3044366439184 68.3422485987345 65.8605396747589 48.0367988348007 18.3164378007253 0 0 0 0 0 0 0
63.4860048691432 68.2353476683299 65.3436829646428 68.7163273493449 67.3336734374364 67.3990100622177 68.9332336187363 67.4682706594467 68.9149697621663 64.3706123034159 63.3431226015091 63.0904883146286 58.6374898751577 54.0218849976858 53.5576045513153 57.6482017834981 52.9347757498423 56.253915031751 60.9060376882553 59.5473696788152 56.0393830140432 55.3338726361593 55.421585838 56.0671389102936 58.3772162596385 58.3406488100688 63.991367816925 62.1315240859985 59.4845016797384 57.88620809714 53.791731595993 50.4249334335327 54.293821255366 52.7390787998835 54.0870080391566 57.019387682279 64.0148818492889 73.93512626489 73.9258627096812 62.5526358683904 65.3519282738368 60.8704586823781 60.7761840025584 57.8523377577464 40.2950793504715 10.7613205909729 0 0 0 0 0 0
