input/barkrak2/radiation/dir02024.grid
NCOLS 85 
NROWS 70 
XLLCORNER 665100 
YLLCORNER 4664600 
CELLSIZE 20 
NODATA_value -9999 
[rows 46 to 68 of 70, columns 0 to 51 of 85]
60.9107812245687 62.4764859676361 65.2507692575455 67.2730356454849 67.0845359563828 66.8510347604752 68.7121152877808 70.6688712040583 67.2237575054169 65.5389825503031 64.8228526115417 63.9276603857676 60.2587312459946 57.1279724438985 57.4018806219101 60.7583423455556 58.6851487557093 53.6006838083267 59.0972155332565 57.9578777154287 55.8646519978841 56.4075410366058 56.2252302964528 53.4771333138148 61.6977860530218 55.5477639039358 57.090163230896 57.9286366701126 57.8625947237015 57.0636292298635 55.4275761047999 52.2083143393199 51.4189352591833 51.5870799620946 53.5914500554403 55.0096730391184 56.2360982100169 61.7492198944092 63.0080848932266 59.9662363529205 61.0325634479523 56.2335650126139 60.7913633187612 67.5012369950612 58.8968545198441 30.2853435277939 3.43009519080321 0 0 0 0 0
54.8070917526881 57.1688115596771 62.8234098354975 64.6016746759415 68.1682825088501 69.8222468296687 67.7290906508764 67.4469321966171 67.6074673732122 70.1618492603302 66.8223847945531 63.5969539483388 62.0074917872747 62.0353370904922 60.2275927861532 59.0494573116302 58.2143763701121 51.2120227018992 55.1674515008926 57.3152899742126 54.8946758111318 55.360605319341 59.3522439400355 53.2104422648748 56.1560442050298 55.6009262800217 51.7028123140335 55.0579975048701 57.0405075947444 56.5785864988963 56.7219952742259 55.615837375323 51.2318511803945 55.0482223431269 64.7382835547129 69.225271542867 64.0698472658793 58.8412483533223 61.0429892937342 69.1349605719249 64.3607427676519 56.9329758485158 63.7911359469096 68.9973334471385 62.6998444398244 46.0696468750636 14.5628501971563 0 0 0 0 0
47.9024549325307 51.1234700679779 56.3669701417287 59.9526812632879 66.516786813736 70.0965871413549 66.9760406017303 65.1975770791372 69.1286871830622 71.3169674078624 69.2625989516576 65.3082976738612 63.858966032664 65.0758991638819 62.6086940368017 57.587335507075 56.4462592204412 51.316166917483 54.7252843777339 58.2723468542099 58.1264545520147 58.8664710521698 60.8795285224915 59.0486625830332 56.8098326524099 58.3033661047618 55.4947306712468 59.5101813475291 64.2664780219396 65.9534533818563 70.6439316272736 70.2818383773168 60.8821113904317 62.0685468117396 70.1643079519272 78.5415172576904 76.034277677536 65.138985713323 62.102069457372 67.3212110996246 61.0686143239339 55.9348364671071 53.8831253846486 54.5482337474823 52.9575447241465 51.7977128426234 40.7682731747627 4.80822566896677 0 0 0 0
46.8037625153859 44.7238186995188 49.0260769923528 56.9057762622833 62.6834481954575 65.9376035133998 68.6705807844798 71.4008659124374 72.6175556580226 69.2587991555532 71.179136633873 71.1074819167455 67.8234199682872 65.1918252309163 63.4315311908722 59.201384584109 57.7614357074102 55.4433564345042 57.7538708845774 62.6653184493383 64.183846116066 63.3137921492259 61.5965525309245 63.921978076299 59.5546811819077 63.3660058180491 64.4883165756861 67.9316222667694 73.9943285783132 79.369197289149 84.8190387090047 87.0886246363322 77.1891127030055 70.9026257197062 70.3809261322021 78.3682266871134 81.0721963644028 76.6074359416962 67.193200190862 59.2216501633326 54.0669014056524 55.9504975875219 54.5113533735275 50.991212328275 47.313446799914 50.5535205205282 43.5770203669866 11.4886524776618 0 0 0 0
47.1135477224986 50.5522042512894 54.0479024251302 60.4140311479568 60.8829408884048 61.2686773141225 69.292147954305 74.4470506906509 74.4854311148326 74.0918219089508 73.8573968410492 73.6306210358938 70.0364609559377 65.8585528532664 65.9271975358327 68.6119645833969 62.0934863885244 61.943198243777 62.6337230205536 67.3569291830063 67.5047089656194 66.2993888060252 63.9127641916275 62.9920462767283 59.3693604071935 66.1622186501821 71.3074902693431 73.9748229583104 79.8925856749217 86.0328078269958 91.9662912686666 94.589243332545 88.0820155143738 74.3616819381714 65.532773733139 59.3930979569753 68.2508647441864 77.2826373577118 68.7560935815175 55.0129910310109 50.1392682393392 56.7893485228221 60.096820195516 57.6563080151876 52.1201640367508 49.7034291426341 28.0427411198616 15.81846550107 0 0 0 0
47.8050758441289 58.6627076069514 60.8982294797897 62.0274941126506 60.437927643458 59.9513550599416 67.533348997434 73.1146186590195 72.9437569777171 78.1163275241852 75.7128496964772 74.9428669611613 72.2423642873764 68.1276023387909 68.1258738040924 74.1329838832219 67.1674112478892 64.8478070894877 62.8648151954015 64.0669415394465 64.5085523525874 63.4711633125941 62.2377693653107 59.3803326288859 57.6904515425364 59.0394039948781 65.5987908442815 70.1753397782644 73.9472856124242 80.2682340145111 87.5223577022552 94.6627755959829 89.1461968421936 68.3708439270655 25.1886794964472 24.6825690070788 32.1401009956996 61.6272538900375 75.2182304859161 73.2549528280894 68.1177129348119 61.5814328193665 52.9651492834091 47.3558803399404 57.7260752518972 48.0590363343557 27.8921574354172 21.3921119769414 1.78314621249835 0 0 0
51.3661603132884 49.7104078531265 48.9331781864166 51.2253989775976 57.4879944324493 63.0838721990585 63.8489176829656 69.7205315033595 69.6499844392141 74.4593391815821 74.7766892115275 76.8376340468725 76.518918077151 71.5189476807912 69.6741988261541 68.7466859817505 70.1859394709269 64.4043733676275 58.8385760784149 56.3742419083913 56.7747354507446 58.2646528879801 59.7316175699234 54.2103747526805 56.1796923478444 53.0909101168315 54.7817001740138 58.0553462107976 62.4893258015315 66.1439895629883 68.6004261175791 78.0346145232518 74.9804178873698 53.5139838854472 20.8235941827297 12.7518499890963 13.589916129907 22.6937159895897 51.3337999582291 66.2124107281367 75.3416369358699 63.8883610566457 50.3773391246796 42.2996779282888 46.9717035690943 31.7756508787473 27.2667060295741 39.8253748814265 23.0701044201851 1.87051855027676 0 0
53.9476921161016 44.5598860581716 42.4684385458628 47.521248459816 58.4055483341217 66.9630269209544 66.5720204512278 67.7907168865204 70.3818698724111 70.9039668242137 73.0595489343007 75.7836798826853 77.6675790548325 76.3258934020996 71.7312643925349 69.2160626252492 71.7843373616536 65.3541336456935 60.5571667353312 61.1846248308818 60.5823944012324 58.0429832140605 56.7772636810938 53.1793336073558 54.4428626696269 52.5681525468826 51.8566121657689 50.6346424420675 52.5431931018829 51.9723892211914 46.0804055134455 49.6714611848195 52.3900389671326 28.5084346930186 22.5585252046585 13.6961887280146 4.79731646676858 3.72044835239649 12.0275616645813 30.2150199810664 58.2291384538015 54.3574591477712 43.7759657700857 39.0793556968371 27.1799887220065 28.2648975650469 25.9406516949336 46.7379788557688 54.8126995563507 34.8140001296997 7.46485653022925 0
54.1126926740011 48.8223085800807 46.8730628490448 51.9495755434036 60.8434776465098 68.2031959295273 71.3789562384288 67.7072207132975 72.1645106871923 70.6708331902822 74.4866281747818 76.2498875459035 77.6846706867218 79.2669157187144 74.7832308212916 74.1642614205678 74.5258828004201 69.0174748500188 65.4940058787664 66.7178382476171 66.0555760065715 61.7397924264272 59.1570883989334 59.6382270256678 56.252380212148 54.980680346489 54.6591977278391 50.6407817204793 47.0788429180781 43.6009963353475 37.5377063949903 39.987675845623 47.024205327034 49.0955313046773 47.228659192721 36.2982824444771 15.3140003482501 5.02472867568334 3.74405117084583 9.01258115967115 25.1942525307337 29.6587000290553 25.5060742298762 19.2720989386241 18.9924674729506 24.6991862853368 26.809257765611 39.5091449220975 50.5849222342173 55.3628106911977 36.4265392223994 5.64578051368396
57.3182354370753 55.8736175298691 52.4062762657801 51.2322088082631 57.1317772070567 67.4203385909398 69.387286901474 67.5104707479477 69.3699220816294 74.4299590587616 80.6688964366913 81.204225619634 79.7971387704213 80.452839533488 78.1463483969371 77.8333048025767 78.2488584518433 75.3707885742188 70.9883670012156 67.3513114452362 65.3048008680344 64.0105108420054 65.1525954405467 66.6840970516205 62.9875659942627 60.2172414461772 52.9802590608597 45.8244134982427 39.6858056386312 37.4178563555082 38.267803688844 44.8022186756134 51.2943814198176 62.953770160675 68.0638651053111 65.8009499311447 54.4163088003794 35.7101708650589 25.580458343029 8.6260965714852 14.2466338972251 24.702213704586 27.2639940182368 19.3747021257877 22.5285614530245 36.2910976012548 56.1373829841614 49.8722940683365 44.7518179814021 50.9693870941798 42.5602893034617 11.3004893064499
59.8443647225698 59.2510948578517 58.1540813048681 54.7122905651728 55.8905005455017 64.8551881313324 67.1851237614949 67.3270920912425 67.5356388092041 76.6105949878693 84.593007961909 83.367516597112 78.9025376240412 81.3933859268824 83.0598175525665 77.1905481815338 78.9727618296941 76.9759714603424 72.66932229201 69.9921151002248 68.4796075026194 69.6941614151001 67.052220304807 65.0249024232229 62.0449284712474 57.9157372315725 39.2745137214661 8.6368719736735 7.02723736564318 23.5976527134577 34.597838918368 41.806623339653 49.4395991166433 56.851863861084 68.1410531202952 79.777330160141 72.2729514042536 64.6702001492182 48.690602183342 29.0282666683197 16.0151359935602 24.8581022024155 46.7039595047633 46.6319173574448 39.3499657511711 59.3190093835195 84.2190186182658 73.093444108963 51.1528849601746 38.3371313412984 29.6005556980769 12.6402340829372
58.7657739718755 56.8368335564931 60.4638755321503 61.4902377128601 59.0390314658483 61.6924862066905 67.3319101333618 68.1354850530624 68.5327748457591 76.4252444108327 83.3764572938283 81.6445648670197 77.1160821119944 80.4370890061061 83.7297439575195 74.6010839939117 76.2941439946492 75.0354528427124 73.0393479267756 74.5615164438884 75.401912132899 74.5624949534734 69.5562263329824 64.0254517396291 61.8364711602529 60.3151172399521 42.4952208995819 24.0287259221077 23.7252488732338 31.3712929685911 41.4668669303258 45.4820096492767 58.8823854923248 68.129301071167 79.0339559316635 75.2445211013158 69.6789274613063 29.391514758269 29.8801188667615 30.4978241523107 37.3130291700363 46.064888437589 55.8059910933177 28.7280802925428 22.7972616751989 27.2637406984965 63.4149213631948 59.1629445552826 46.149879693985 36.8687510490417 30.8249890804291 23.5002959767977
47.711451848348 55.0295611222585 58.5095832745234 61.271478732427 61.3082349300385 58.1258585055669 67.1516557534536 71.0281431674957 71.8422035376231 77.0623783270518 79.3057183424632 78.7118424971898 78.275665640831 76.5349864959717 78.1041930119197 74.2155561844508 71.5295473734538 75.0397046407064 77.1800975004832 78.5847753286362 80.4952532052994 76.6116380691528 74.4059483210246 67.4981127182643 65.1698211828868 65.4041270414988 61.9732240835826 54.06454205513 53.0006289482117 52.9061257839203 54.9378295739492 50.894429286321 71.1142122745514 81.0952583948771 61.9516521692276 55.2220741907756 34.7552374005318 16.2730167309443 7.36133071283499 16.1882750689983 15.8105120062828 48.7178266048431 57.3040495316188 47.179048260053 34.918633600076 36.4378889401754 50.5149116118749 54.8539410034815 52.2538324197133 45.5815047025681 39.2237628499667 38.6339947581291
38.2337495684624 52.5168875853221 56.473230322202 59.4765841960907 62.4539504448573 58.6430976788203 62.6430610815684 70.3474581241608 81.2942882378896 82.7007840077082 78.0484676361084 75.6070514520009 77.8088569641113 77.1242876847585 77.3065586884816 74.8406499624252 71.1250205834707 73.5386113325755 72.5671996672948 70.3894595305125 71.7544853687286 70.9225237369537 70.6446419159571 69.6571270624797 70.0160662333171 74.0847736597061 81.3663403193156 85.0458741188049 71.4892943700155 65.5311544736226 54.6698123216629 50.7351607084274 65.039133032163 58.5797776778539 25.8066902558009 18.6268948018551 17.7101430793603 11.4231271048387 2.17122957110405 0.158273537332813 0 16.9471800327301 51.3836940129598 73.6823330322901 78.8615147272746 73.055773973465 72.1880346536636 71.4448193709056 71.7636595169703 60.7143441836039 49.8271187146505 61.1741890509923
40.0622437397639 49.9354501565297 56.9795419772466 59.4510187705358 60.9639088312785 61.2594236930211 55.6824157635371 65.3727302948634 85.3534340858459 84.4731529553731 76.0179460048676 73.092649380366 75.7300208012263 79.1218529144923 78.2501846551895 75.0714689493179 74.1097927093506 71.6984421014786 64.9567494789759 58.3709180355072 58.4843059380849 62.7835889657338 62.9833986361822 66.4317806561788 69.913109143575 74.2717285950979 90.4608766237895 95.1811373233795 80.7300955057144 68.5360531012217 53.8085599740346 44.1112021605174 44.8058545589447 45.9960997104645 24.0148355563482 14.3151457111041 15.3899962703387 21.8223507205645 14.1503649453322 3.44027144213518 0 5.02145787080129 26.1145904660225 54.5975714921951 56.5187086661657 57.6863388220469 57.2489599386851 66.0052796204885 62.4862462282181 56.0169517993927 57.0258448521296 92.4585660298665
51.4675825834274 54.5298357804616 56.9522281487783 53.6273916562398 47.8139966726303 44.8899616797765 52.7172386646271 58.189868927002 67.9781983296077 63.8471792141596 61.9754741589228 66.0298615694046 74.3171771367391 76.2030283610026 72.2093085447947 74.1565724213918 74.5532214641571 68.5599247614543 60.9175165494283 55.4096897443136 54.4051826000214 55.8091700077057 59.664989511172 63.3761435747147 62.7831170956294 67.2793537378311 81.7812929550807 87.7272089322408 74.908455212911 61.0515574614207 52.5526652733485 37.7481232086817 35.0715070962906 49.4398872057597 45.6422964731852 22.9754348595937 22.9716251293818 54.1781038045883 51.676407456398 35.6050382057826 9.9543413768212 6.55741617083549 16.0473510622978 23.8806083798409 22.5268652041753 24.3940154711405 27.1138201157252 34.6001510818799 42.3590093851089 48.7153430779775 71.290264527003 126.071850458781
62.9867414633433 59.723769625028 55.9659153223038 48.8964170217514 39.0134379267693 32.9812591274579 42.1543965737025 42.8277452786764 33.1412802139918 31.9959620634715 43.5845106840134 56.232159336408 62.3538394769033 66.6044453779856 69.8050657908122 80.0753136475881 82.8293263912201 74.1747220357259 65.4982030391693 62.1315687894821 59.0359916289647 58.1331302722295 61.0828498999278 59.0879221757253 60.7270002365112 63.4931623935699 71.1337029933929 73.5694865385691 68.2147095600764 48.5095580418905 52.7229954799016 43.0794904629389 38.0944559971491 58.1190586090088 64.449538787206 52.2649784882863 42.3910915851593 29.0501962105433 40.68490366141 42.0823842287064 28.9119308193525 14.1892060637474 15.6947945555051 16.2186647454898 10.4138168195883 11.3300022979577 19.8142031828562 22.0889672636986 23.2607871294022 49.2992848157883 97.6811746756236 141.860514879227
65.8094982306163 59.1329435507456 54.2748322089513 50.5530138810476 43.3953404426575 37.3256752888362 33.0023964246114 28.5090282559395 12.4131714304288 20.4809370140235 36.7175017793973 50.5845248699188 50.5876690149307 58.4853192170461 72.095384200414 88.492085536321 94.0387845039368 86.6438845793406 78.205943107605 73.9950189987818 68.6595141887665 66.9369945923487 65.410574277242 61.0156406958898 59.7662429014842 60.1636916399002 61.3873501618703 60.9991699457169 56.5747916698456 41.634942094485 39.5960559447606 41.1468024055163 37.2739483912786 60.8712534109751 80.9837679068248 84.2028657595317 58.2984387874603 20.5703948934873 16.8770390252272 22.7566162745158 26.339997847875 20.7049710055192 22.3732168475787 20.8806892236074 15.1287453869979 9.81338508427143 16.6177054246267 29.1270390152931 36.4824334780375 63.6191616455714 129.860321680705 160.958498716354
68.4258838494619 62.9659593105316 61.6530328989029 62.7776086330414 59.4496776660283 53.0271430810293 47.8521883487701 48.3137865861257 47.0209270715714 52.5404115517934 60.8497262001038 67.069818576177 67.362517118454 62.2129788001378 72.636216878891 89.0101591746012 99.5946625868479 99.6060967445374 92.2066370646159 82.2928200165431 76.2541790803273 70.7345008850098 70.8101292451223 69.2811508973439 60.8735531568527 55.0502489010493 52.3156523704529 52.7529865503311 49.3668814500173 48.9193697770437 31.8783124287923 27.9275129238764 20.0370786090692 42.8327620029449 88.3630414803823 98.4283188978831 65.4158095518748 24.8255381981532 11.0808536410332 11.1835474769274 14.518345395724 12.1158423523108 23.604283730189 38.1946216026942 39.2037158211072 26.5827054778735 26.5926867723465 42.5741424163183 69.648414850235 115.964601437251 148.586134115855 161.341289679209
69.26163037618 66.4832095305125 66.6660318771998 67.9414421319962 67.5705671310425 63.7168486913045 63.3504639069239 71.2123612562815 87.9670381546021 83.9452842871348 75.0921865304311 76.3971507549286 82.6212962468465 69.4958617289861 70.8275487025579 79.4786711533864 88.6198083559672 95.5567260583242 96.5195099512736 89.4745786984762 83.5094749927521 77.1011610825856 72.487602631251 69.5450057586034 64.2300645510356 50.4679977893829 42.7615543206533 42.8512394428253 43.4477627277374 28.0401557683945 17.8962722420692 15.8199407160282 10.8729104200999 10.731595257918 84.8055084546407 99.8505155245463 80.0584803024928 67.7459537982941 35.2884779373805 6.59653606514136 1.35414053996404 0 12.8834123412768 42.6844010750453 49.5381106932958 39.6641840537389 38.3123482267062 62.7078016599019 122.079918781916 167.577584584554 159.822682539622 146.816442410151
68.4077888727188 64.9399707714717 59.1963032881419 54.4082075357437 54.6700060367584 56.8107614914576 56.7545741796494 69.2802369594574 80.0223896900813 75.4448026418686 65.0121321280797 65.2934561173121 76.32115483284 71.4773734410604 67.7742958068848 66.7537301778793 67.6800111929576 74.713389078776 85.2421621481578 89.6867314974467 85.3519042332967 79.3061405420303 71.9183832406998 66.8507665395737 57.2884728511175 52.1438419818878 37.3786638180415 32.4168155590693 38.9567092061043 35.3596409161886 17.8510248661041 12.2420415282249 4.85733710229397 0 3.57995834201574 89.8224612077077 96.6486632823944 108.147342999776 89.585542678833 38.615937034289 5.60711448391279 0.0291888864012435 5.50113370021184 30.4894000291824 55.4082294305166 76.181838909785 98.1243252754211 150.285909573237 191.850562890371 202.003359794617 185.977200667063 152.321020762126
70.6837723652522 68.5634911060333 62.4499370654424 55.4414292176565 53.8672457138697 56.7171325286229 48.6510246992111 46.3477919499079 45.8560883998871 43.9167122046153 37.3756736516953 34.9244549870491 39.9551664789518 57.8449716170629 64.7730280955632 60.7410122950872 49.3047535419464 44.6448475122452 56.1128705739975 77.7525355418523 79.3804874022802 73.4604746103287 66.9186413288116 62.0460013548533 54.8299650351206 51.8871645132701 41.6303724050522 19.7013045350711 31.5031086405118 44.5791284243266 25.5379105607669 16.7970719436804 7.92166963219643 0 0 69.7188874085744 109.959443410238 124.675691127777 111.222992340724 81.3505897919337 47.0569580793381 14.9996454517047 12.4410552283128 31.8007195989291 65.7319277524948 131.316145261129 173.304001490275 204.501569271088 213.313659032186 212.60275443395 202.645281950633 172.92590936025
72.458028793335 72.3703404267629 69.7161604960759 66.0276859998703 64.0646318594615 63.2523645957311 47.2939163446426 32.4354569117228 32.9607377449671 35.2882295846939 32.4585065245628 29.6080013116201 30.9471239646276 53.6640187104543 67.8926606973012 58.9011659224828 37.1655225753784 25.6951972842216 29.4218038519224 47.349140048027 57.2554618120193 60.3094498316447 61.1195464928945 55.1375647385915 47.3842819531759 43.2375619808833 32.8772862752279 10.9882429242134 23.9536017179489 47.9939132928848 57.1525245904922 50.0601828098297 29.371902346611 0.00119859320572383 0 46.6326226790746 103.749086459478 111.81448896726 91.9657051563263 88.9526506265004 94.7414437929789 79.5074999332428 56.5290649731954 72.2559690475464 126.650383075078 172.712961832682 196.244994799296 207.29523897171 209.00704463323 206.707914670308 201.633890469869 178.55836947759
