input/barkrak2/radiation/dir07124.grid
NCOLS 85 
NROWS 70 
XLLCORNER 665100 
YLLCORNER 4664600 
CELLSIZE 20 
NODATA_value -9999 
[rows 42 to 62 of 70, columns 0 to 45 of 85]
170.742869377136 168.019890785217 169.780770937602 168.398996194204 161.806801954905 157.294670740763 154.175659020742 150.396446386973 149.328102668126 146.840383609136 143.755485614141 142.85812775294 146.103411912918 150.749623775482 149.144063393275 144.874682029088 142.171601454417 147.308528423309 150.702446699142 142.308930555979 139.101872841517 137.430300315221 135.219117005666 136.689960956573 141.245732704798 138.974299033483 135.440955559413 142.173985640208 149.146656195323 152.211447556814 154.947360356649 154.805362224579 165.12460509936 187.691966692607 194.943388303121 170.635183652242 155.786514282227 153.513093789419 158.19772084554 168.874005476634 179.422795772552 177.064220110575 166.147977113724 131.283591190974 70.0215597947439 15.5177737275759
154.29746111234 157.048463821411 165.038535992304 162.76960571607 165.829161802928 167.206505934397 165.838817755381 160.85214416186 148.449848095576 147.378424803416 149.679879347483 145.245045423508 144.584953784943 149.602671464284 149.435410896937 145.496606826782 147.36404021581 148.964037497838 148.783653974533 143.880158662796 137.475649515788 134.840150674184 133.459091186523 132.124175628026 134.919961293538 140.575488408407 134.807854890823 137.580176194509 144.831816355387 147.09860086441 145.8726922671 143.269648154577 156.154046456019 173.696597417196 174.437840779622 158.533920844396 153.206487496694 162.052770455678 168.203949928284 169.928014278412 163.638691107432 159.62823232015 152.8067390124 124.989966551463 76.9823789596558 18.3578307429949
151.952217022578 157.597253719966 160.148650407791 161.72711054484 163.656055927277 165.425270795822 165.77555735906 160.885542631149 155.685951312383 149.388313293457 151.425947745641 148.619035879771 143.603513638178 141.478488842646 142.056415478388 141.21479789416 137.810210386912 144.687761863073 145.993848641713 144.219348827998 139.119337002436 137.085785468419 137.26149002711 137.003580729167 133.781413237254 144.875337680181 147.915949424108 144.85905567805 144.600848356883 144.892185926437 139.975885550181 137.063393990199 144.854366779327 149.924119313558 152.172913153966 151.704251766205 156.608611345291 170.318881670634 175.460278987885 165.56191444397 163.804709911346 154.807835817337 149.101714293162 128.490646680196 92.5359924634298 45.7377135753632
157.717198133469 162.864824136098 160.451233386993 163.542668024699 162.260293960571 161.343991756439 163.210074106852 160.659650961558 161.694715420405 155.284265677134 154.175629218419 153.385192155838 147.210170825322 141.558279593786 141.049275795619 144.115189711253 136.257886886597 140.671412150065 145.82363764445 145.242641369502 140.065570672353 140.925308068593 140.621682008108 141.022364298503 141.603022813797 141.043792168299 150.06896853447 148.346523443858 146.153430143992 144.951502482096 141.566962003708 137.486269076665 141.747852166494 137.009600798289 135.594308376312 136.111001173655 145.214021205902 160.33011674881 161.868472894033 147.756069898605 151.272793610891 144.779652357101 141.933709383011 139.27827278773 120.877712965012 80.7628879944483
158.022979895274 159.167259931564 162.631889184316 164.318452278773 164.457976818085 164.08371925354 165.11199871699 167.229016621908 162.340740362803 160.447170337041 157.694876194 155.445178349813 151.852051417033 147.435744603475 147.037237882614 150.038480758667 145.737191041311 138.618995745977 146.786799033483 145.167271296183 141.618231932322 143.715441226959 141.915529966354 137.567182381948 145.574808120728 138.859162727992 141.993095477422 144.473691781362 145.982126394908 145.679871241252 145.233601331711 141.406456629435 140.974124272664 138.849357763926 137.453615665436 136.391460895538 140.039384365082 149.403731028239 151.320189237595 149.832278490067 148.449550072352 140.987028678258 145.706951618195 153.566817442576 145.493924617767 110.802739858627
151.616603136063 154.333094755809 159.808019797007 162.444591522217 166.605293750763 166.944245497386 164.730946222941 164.008955160777 162.867784500122 164.594948291779 159.901251395543 156.397740046183 153.641750415166 153.803298870722 149.735560019811 147.953689098358 145.822415749232 137.973656256994 143.178164958954 144.813557465871 140.773793061574 140.64958691597 142.600029706955 133.962949117025 137.609432140986 139.569580554962 134.499132633209 138.862560192744 143.57802271843 144.5265909036 145.562966664632 145.60721317927 139.561464389165 142.393668492635 152.694195508957 154.74142630895 150.213321050008 145.733118057251 149.613002936045 160.777121782303 152.713646491369 143.224030733109 150.884449481964 156.984696785609 150.453229745229 129.436085621516
144.429465134939 148.009439309438 153.658042351405 158.215075731277 164.26494717598 167.392432689667 164.495130379995 161.430259545644 164.869020382563 165.679514408112 164.181600014369 158.59587987264 156.737754742304 156.352490186691 153.839806715647 147.738953431447 146.090557177862 138.232171535492 142.136126756668 146.614919106166 145.105173190435 143.697241942088 144.838154315948 139.816731214523 137.206931908925 143.102695544561 139.005164305369 142.551759878794 149.08563097318 152.845283349355 159.488697846731 162.537157535553 152.034739653269 154.268821080526 163.204401731491 167.505462964376 165.814369916916 156.804611285528 154.336750507355 159.908990065257 149.811903635661 141.527116298676 138.93860578537 138.03885380427 135.999947786331 134.964277346929
144.016633431117 140.450984239578 145.967225233714 154.354999462763 160.707553227743 163.949857155482 167.275110880534 168.628712495168 169.309178988139 164.585014184316 165.889918804169 165.878534317017 160.630991061529 156.672974427541 155.252397060394 149.8644053936 147.000630696615 141.781588395437 146.687746047974 152.018596728643 153.170665105184 152.086675167084 148.254742225011 148.076723019282 143.375664949417 147.698263327281 150.287389755249 150.60019493103 157.572507858276 165.643533070882 174.086550871531 176.320970058441 167.763769626617 164.522677659988 163.570056358973 169.955929120382 172.80121644338 169.57434018453 159.885058800379 147.776921590169 138.492365678151 140.395989020665 138.742476701736 133.001108964284 129.02362147967 133.825828631719
145.769059658051 147.844264904658 151.044656833013 157.701065142949 158.240457375844 159.538984298706 167.229851086934 172.587474187215 171.426812807719 170.724332332611 169.266581535339 169.575333595276 164.471338192622 158.748437960943 157.67365694046 161.807835102081 152.709424495697 149.375488360723 150.38866798083 156.649192174276 157.501399517059 154.513488213221 150.697261095047 149.427284797033 146.279176076253 153.070986270905 157.093028227488 158.179521560669 161.371290683746 170.165995756785 179.597775141398 185.57333946228 177.832166353861 166.673282782237 156.057675679525 158.925831317902 167.717933654785 175.011773904165 163.725316524506 141.112864017487 132.942338784536 142.785052458445 146.338065465291 140.922784805298 134.970555702845 131.411621967951
145.795603593191 156.514038642248 159.107585748037 161.235223213832 159.319182236989 158.521711826324 165.487319231033 171.866774559021 170.667211214701 174.485842386882 172.59826262792 170.958340167999 167.271256446838 162.265320618947 159.936646620433 166.589240233103 158.745030562083 153.901596864065 151.18932723999 154.654125372569 155.365337928136 153.58430147171 151.825348536173 147.798349459966 145.23313442866 147.475063800812 152.517716089884 151.54841542244 154.136468966802 159.35222307841 170.451025168101 184.157967567444 179.95806535085 155.549784501394 121.86269958814 114.676952362061 136.284530162811 159.819523493449 169.12180185318 167.287429173787 161.595344543457 153.465062379837 136.384705702464 132.557938496272 141.961604356766 132.7150563399
148.298601309458 146.922767162323 146.092315514882 150.286197662354 157.350560029348 162.420799334844 161.828150351842 169.024745623271 167.920927206675 172.87011941274 172.844926516215 173.948049545288 172.713796297709 167.481342951457 162.969956795375 161.932071050008 163.144508997599 153.144786755244 147.314737240473 146.395335594813 145.97816268603 147.472083568573 148.192266623179 142.027825117111 143.459141254425 140.509476264318 142.285694678624 141.586492458979 143.81809035937 144.058485825857 148.497422536214 165.472328662872 162.473867336909 133.675316969554 97.0164239406586 76.9201119740804 84.7315986951192 115.552991628647 152.656157811483 166.890164216359 170.511225859324 153.172334035238 130.303124586741 126.747012138367 135.82569360733 122.326334317525
153.877397378286 142.936358849208 139.254281918208 145.458281040192 157.708674669266 167.19118754069 165.477514266968 166.567901770274 169.42838827769 168.556710084279 170.652826627096 173.851033051809 175.188620885213 173.419833183289 166.57559076945 163.764973481496 165.723462899526 156.091103951136 152.565687894821 153.713971376419 153.205364942551 150.219519933065 146.756728490194 142.670661211014 142.295897006989 140.75435201327 140.56051770846 139.318287372589 138.130376736323 132.45752453804 123.429705699285 130.872468153636 133.678466081619 113.567054271698 97.2217818101247 78.0366361141205 58.4001143773397 65.3053273757299 89.4654790560405 126.932233572006 151.184529066086 140.955905119578 127.700060606003 124.222795168559 116.004675626755 108.169714609782
155.489067236582 148.997724056244 144.613345464071 149.842530488968 159.931361675262 169.189771016439 171.726683775584 168.296853701274 172.263920307159 169.562697410583 173.838516076406 175.014913082123 176.066954930623 176.722009976705 169.331272443136 169.874409834544 169.868310292562 162.208954493205 157.00493256251 158.647278944651 158.741454283396 154.12578980128 151.418288548787 150.893876949946 147.213031848272 146.557490030924 142.748812834422 140.023310979207 134.05837615331 127.232531706492 116.26531680425 122.096498807271 125.080247720083 123.88934691747 122.839113076528 111.192852258682 82.4085573355357 64.9956961472829 59.1172476609548 74.4991600513458 111.187944809596 116.235842307409 104.754457871119 80.8058579762777 87.7728462219238 96.9312687714895
159.749885400136 157.718400160472 151.514023542404 148.778676986694 155.300378799438 168.595691521962 170.712033907572 169.023434321086 169.987062613169 175.285637378693 181.084275245667 181.31939570109 179.149429003398 180.098255475362 175.746480623881 174.568951129913 174.763302008311 170.225660006205 164.164036512375 161.165903011958 158.950457970301 157.425185044607 158.612012863159 160.656869411469 154.047230879466 151.690085728963 145.228326320648 134.492456912994 125.813275575638 124.007324377696 120.844821135203 127.758651971817 131.113111972809 142.512937386831 150.395810604095 148.92570177714 135.647883017858 118.337661027908 102.106163899104 69.9384311834971 80.0717423359553 100.798706213633 100.606580575307 87.8948171933492 88.9362692832947 107.751270135244
163.0846063296 162.193268537521 159.369726975759 153.72759103775 153.176496426264 165.623565514882 169.369419415792 169.771711031596 168.218433856964 176.142811775208 185.481131076813 184.594909350077 179.488837718964 181.096573670705 181.738634904226 174.778918425242 176.912506421407 173.963129520416 168.992877006531 166.780014832815 164.007614056269 164.109647274017 161.026030778885 159.444888432821 156.869788964589 150.280127922694 128.989030917486 105.550746122996 100.637455781301 107.702155907949 118.067761262258 124.295155207316 130.059738953908 135.879149039586 150.129079818726 164.99791542689 169.619341691335 152.874052524567 166.678229967753 115.208844343821 85.2572719256083 103.732923666636 121.574292580287 124.352196852366 125.975012779236 141.318907340368
162.414044141769 160.009205341339 162.540704011917 162.212987740835 157.256841659546 162.08291053772 169.952174027761 171.318630377452 169.48926448822 176.606019337972 184.648791948954 183.987538019816 179.334123929342 181.556681791941 184.143265088399 173.703451951345 174.857616424561 172.340194384257 169.523119926453 170.338769753774 171.257932980855 171.168227990468 166.07540845871 159.248809019725 158.518056074778 154.820601145426 133.214662472407 108.240813016891 108.333547910055 116.875857114792 129.36931848526 130.237460136414 141.669720411301 150.983651479085 169.355909029643 166.2977039814 162.539879480998 111.732631921768 93.7651296456655 117.981235186259 115.88446299235 131.423652172089 135.885506868362 118.353207906087 106.580913066864 121.075342098872
150.317013263702 158.660014470418 160.750150680542 162.930647532145 160.96685330073 157.357553641001 170.38760582606 175.166924794515 173.527697722117 177.21958955129 181.428790092468 182.383457819621 180.638750394185 178.087453047434 179.245809713999 174.839437007904 170.552094777425 174.247403939565 175.396263599396 177.226265271505 178.884943326314 173.420210679372 171.535710493724 164.992521206538 162.590553363164 163.67769241333 156.423777341843 149.57457780838 149.492849906286 152.256588141123 149.189949035645 142.074376344681 155.807991822561 169.216851393382 155.971239010493 149.519224961599 113.320767879486 69.3059613307317 53.1291464964549 84.6070349216461 119.727194309235 143.274386723836 137.297183275223 121.971130371094 111.14959915479 116.257150967916
138.790875673294 155.268728733063 158.337225516637 160.425245761871 162.479738394419 158.324430386225 164.201289415359 173.706332842509 183.138489723206 181.871791680654 179.338872432709 179.161091645559 180.383642514547 178.77995967865 178.173899650574 176.215052604675 172.113080819448 173.213799794515 170.026163260142 167.579789956411 169.641534487406 168.991347153982 168.280084927877 167.346596717834 169.220884641012 173.342227935791 183.196047941844 186.517119407654 171.148101488749 167.421857515971 156.568259000778 143.177509307861 150.505324204763 141.222337881724 108.806669712067 73.184276620547 70.2769060929616 59.2568665742874 43.2518124580383 43.3561007181803 61.7600580056508 104.969223340352 134.966611862183 156.306693951289 173.531353473663 169.540365537008
140.310843785604 151.672859986623 158.839325110118 160.733282566071 161.577681700389 162.493367989858 156.660338242849 168.006340662638 188.054005304972 186.678926150004 179.900864760081 176.764766375224 178.986926873525 180.976887543996 179.631908734639 175.878743330638 173.912763595581 170.03587881724 161.403556664785 153.673907121023 153.551518917084 157.375444968541 159.55318013827 161.803146203359 163.706223169963 172.18554019928 192.7623351415 203.255812327067 186.745504538218 172.635197639465 152.245839436849 130.471209685008 130.503217379252 120.941499869029 94.3992733955383 64.1468813021978 70.2372541030248 83.5532049338023 77.2655705610911 59.9360068639119 46.547402938207 67.4379169940948 113.646378119787 146.263261636098 162.17228770256 157.529165347417
153.406778971354 156.352678934733 159.360696872075 154.917746782303 148.376047611237 145.479172468185 154.160529375076 158.459554115931 168.747802575429 167.798161506653 166.897475719452 172.719021638234 178.265511989594 178.628166516622 175.151367982229 176.640609900157 174.42665497462 167.063633600871 158.43587120374 151.626954476039 148.88588587443 150.004178285599 152.203033367793 155.660599470139 155.58526913325 160.632580518723 172.483523686727 183.669288953145 175.319333871206 164.204299449921 141.611893971761 122.847437858582 113.92139395078 124.371180931727 114.877780278524 89.2832080523173 94.7743753592173 135.24662454923 142.427732547124 120.146234830221 80.8401107788086 67.0171727736791 87.9613558451335 107.382953166962 106.773197650909 114.481637875239
167.102138201396 163.4667913119 159.491380055745 151.734401782354 139.538526535034 130.254318316778 144.569893678029 142.95827349027 130.747179190318 133.256097634633 148.5655605793 161.317686239878 166.034350792567 170.140147209167 173.194169998169 183.510919411977 185.319046179454 174.610912799835 164.867450793584 159.754862387975 155.487358570099 153.394828240077 153.851826985677 151.250898838043 151.261071364085 153.884649276733 157.966554164886 164.502640565236 158.469865719477 136.698037385941 139.009396235148 130.338837703069 121.157189210256 135.889261960983 136.496831973394 123.731692632039 118.345439434052 122.517953316371 129.098147153854 127.320945262909 109.119325876236 89.6416207154592 87.9420936107635 83.9577317237854 59.9897305170695 82.0129017035166
