input/barkrak2/radiation/dir09924.grid
NCOLS 85 
NROWS 70 
XLLCORNER 665100 
YLLCORNER 4664600 
CELLSIZE 20 
NODATA_value -9999 
[rows 0 to 19 of 70, columns 0 to 45 of 85]
262.943685054778996 274.672349294027 286.964456240336 300.097584724426 305.140395959218 303.438345591227 295.809944470723 289.695262908936 292.362411816915 293.072064717611 292.187094688416 295.411388079325 296.609282493591 296.710014343262 298.886398474375 293.541232744853 283.944924672445 275.849342346191 270.87406317393 260.201752185822 249.833305676778 257.974803447723 282.5053135554 289.51370716095 290.470401446025 297.070463498433 294.994473457336 280.440390110016 265.697360038757 261.744678020477 258.684674898783 273.684978485107 307.273169358571 305.822213490804 308.113038539886 293.723007043203 299.175957838694 310.942749182383 302.384912967682 307.557006676992 292.359292507172 291.307012240092 301.281829675039 309.321761131287 305.751164754232 303.978343804677
243.838250637054 259.345332781474 271.272559960683 286.499122778575 296.028653780619 297.235389550527 292.521218458811 289.446512858073 296.945929527283 297.165294488271 292.345305283864 294.07807191213 296.914577484131 298.176725705465 297.943810621897 294.015447298686 290.34952322642 284.089247385661 279.511610666911 267.260432243347 263.020535310109 274.321516354879 291.561245918274 295.280615488688 297.672847906748 300.105472405752 294.607579708099 282.771488030752 269.778947035472 263.063768545787 263.87882232666 285.939574241638 306.533972422282 305.636525154114 307.445049285889 295.924405256907 299.550592899323 307.467420895894 301.854193210602 308.768630027771 303.997317949931 296.175440152486 298.8467613856 304.879665374756 304.009020328522 304.889301458995
208.76016219457 221.418658892314 233.438531557719 244.250019391378 257.144471009572 266.233166058858 273.687521616618 282.968938350677 290.380577246348 289.629896481832 286.382416884104 290.077328681946 299.2817958196 303.200364112854 300.361474355062 304.957966009776 307.937343915304 302.426020304362 291.529397169749 281.775534152985 285.590747992198 289.958596229553 293.802678585052 294.876257578532 299.82594648997 299.568911393483 291.609406471252 281.659166018168 272.736549377441 267.805139223735 271.520256996155 295.960903167725 301.4142314593 304.602305094401 306.269764900208 300.844550132751 298.638661702474 297.799328962962 303.016722202301 308.338522911072 304.543852806091 294.246892134349 288.615802923838 294.69629128774 305.091003576914 306.181152661641
190.23338953654 191.953341166178 200.077513853709 207.208812236786 213.462273279826 218.956172466278 226.017355918884 240.745981534322 259.036481380463 273.089249928792 281.819601853689 293.041447798411 302.42931842804 305.823127428691 306.213955084483 308.567464351654 307.547032833099 301.752885182699 292.589286963145 288.398742675781 286.866029103597 285.033384958903 292.588293552399 294.155716896057 295.030494530996 296.994209289551 293.020248413086 285.394926865896 280.331134796143 277.766287326813 276.111086209615 299.641648928324 300.541559855143 303.141872088114 303.573866685232 305.034478505452 303.281267484029 302.625934282939 307.73389339447 306.455930074056 298.159341017405 285.083452860514 281.782845656077 295.534829298655 309.47474638621 305.994669596354
213.02984158198 195.709665616353 183.166186014811 174.66547091802 178.264280160268 193.936983744303 214.591463406881 225.095053513845 235.105534394582 242.326259613037 261.809468269348 281.645933787028 293.704827626546 299.449185530345 303.036789099375 304.216961065928 299.00070031484 290.806392828623 287.882109483083 287.858843803406 283.969759941101 282.503565152486 291.850209236145 293.49422454834 293.878515561422 298.228104909261 295.044581095378 289.094388484955 283.432920773824 280.300180117289 285.217185815175 305.704176425934 303.464512030284 305.070022741954 301.687677701314 302.861789862315 306.814392407735 307.400763034821 305.475016434987 301.847199598948 299.257179101308 292.518357435862 292.787830034892 298.504670461019 302.227437496185 298.859179019928
254.785855611165 228.47310702006 200.584371884664 177.331427733103 168.710688749949 180.198073387146 204.839408397675 221.870382626851 225.993196169535 225.829482078552 236.040651798248 249.427934487661 258.822460969289 264.441072940826 272.26314942042 278.870483239492 278.422872225444 278.739253679911 283.768276373545 288.894712924957 288.92727692922 292.174120744069 295.539498329163 294.479489326477 295.871953169505 299.461265405019 297.337432702382 293.146709601084 286.63178284963 284.614245096842 296.222428480784 306.650598843892 307.541251182556 309.812823931376 304.389754931132 301.6703526179 305.118838946025 305.313368638357 299.536228179932 300.768752892812 300.58091878891 295.914610226949 295.902411142985 296.883841355642 289.876679579417 274.915476640065
275.33092101415 252.918024857839 232.633650302887 211.955885092417 191.155811150869 178.527514139811 186.397790908813 214.534560839335 228.058238824209 236.051281293233 233.200291792552 228.133082389832 223.985910415649 220.156927903493 222.450613975525 236.964960892995 248.751282691956 265.840808550517 281.482179959615 291.381736596425 294.052084287008 294.571499029795 296.459992726644 295.350829760234 296.331187089284 298.570990562439 298.950413862864 296.956598758698 291.848758856456 293.739000956217 302.08021402359 308.622161547343 311.929762363434 310.493052005768 307.737509409587 301.60262187322 300.951540470123 298.575123151143 297.448694705963 297.303418318431 293.059090773265 289.71803188324 292.743563652039 294.768810272217 279.87676858902 271.413127581279
282.988011837006 274.053454399109 263.63064845403 248.872021834056 226.051131884257 196.103453636169 174.979408582052 175.041715304057 209.124247233073 234.25030708313 241.333444913228 237.473467985789 228.831907113393 219.207108020782 206.580360730489 210.096895694733 222.62183825175 238.222042719523 260.644177595774 278.303563594818 287.631253401438 291.879216829936 297.155062357585 295.797447363536 294.621348381042 295.006811618805 295.482039451599 294.097224871318 292.711853981018 298.124372959137 304.818987846375 308.07097752889 308.103938897451 305.939197540283 301.054378350576 298.133730888367 298.744877179464 293.142318725586 285.526951154073 279.044310251872 281.595647335052 289.773364861806 301.362872123718 305.031180381775 290.823976198832 286.033729712168
275.808751583099 276.286701361338 272.564570109049 265.076478322347 252.248565355937 230.847259362539 200.388431549072 171.747207641602 185.668667157491 208.69505405426 228.461404641469 237.420320510864 239.310324192047 236.695249875387 225.101669629415 217.690984408061 215.049386024475 219.629486401876 233.97966225942 250.247756640116 265.383283297221 277.313013871511 284.838716189067 282.222310702006 283.780932426453 284.808913866679 285.764733950297 286.178171634674 286.611755688985 294.169386227926 298.905730247498 298.704584439596 297.731180985769 297.791580359141 296.819428602854 297.093510627747 295.799632867177 291.139403978984 279.274423917135 278.337121009827 292.760213216146 303.941249847412 309.201180934906 308.04979801178 295.833230018616 289.523601531982
247.768839200338 257.214983304342 262.060125668844 262.103160222371 259.250044822693 255.456805229187 239.748915036519 220.765312512716 189.887722333272 180.402815341949 194.283187389374 219.502906004588 240.212957064311 250.487685203552 251.81237856547 243.545254071554 228.784561157227 223.687767982483 223.024626572927 225.596229235331 234.396199385325 242.161174615224 251.137912273407 258.245488007863 266.266047954559 269.182562828064 270.604729652405 271.103700002034 272.802948951721 278.748194376628 280.100087324778 280.825257301331 286.673009395599 290.713429450989 292.801419893901 292.00671116511 290.513356526693 291.693111260732 278.852502504985 285.437385241191 303.149918715159 308.843970298767 309.490104516347 307.194332281748 293.464084466298 287.696619828542
195.68924109141 209.765990575155 222.581485907237 233.193675676982 242.753108342489 250.515917936961 252.222200234731 247.074564297994 219.296356042226 193.530380725861 179.206689198812 187.178492546082 214.840292930603 239.70627784729 254.218935966492 244.690179824829 237.093647321065 230.165282885234 222.188115119934 216.849386692047 216.378887494405 216.793100039164 220.766603946686 234.0207695961 246.523439884186 254.319767157237 256.181438763936 256.10206524531 261.65384054184 266.595403353373 269.434869289398 272.84562587738 281.548778216044 285.226941108704 284.855743249257 284.302512804667 287.137985229492 290.928483009338 288.444260756175 295.921683311462 305.128892262777 308.887124061584 309.073805809021 306.807319323222 299.346605936686 297.34061161677
152.575194835663 158.093392848969 167.007207870483 179.914673169454 196.502367655436 213.410993417104 232.05025990804 238.380253314972 239.226361115774 225.028455257416 198.629041512807 178.267657756805 181.091507275899 204.785048961639 231.232166290283 234.889507293701 241.370320320129 238.064765930176 228.259285291036 217.663248380025 211.027602354685 207.909921805064 208.095232645671 217.2811627388 226.187149683634 232.224782307943 235.237836837769 239.609440167745 246.116042137146 250.842730204264 255.425830682119 260.780235131582 266.886909802755 269.916574160258 270.04200220108 271.163145701091 280.251085758209 289.458910624186 292.841653029124 299.846768379211 304.367860158284 306.550184885661 304.482301076253 301.546255747477 297.273437182109 296.19554678599
139.436324437459 134.106586376826 130.614807208379 131.418347358704 141.164759794871 158.302942911784 184.273401896159 206.619838873545 235.87699731191 240.894099076589 228.910247484843 204.596817493439 176.090260346731 173.774480819702 197.617530822754 224.442561467489 240.350822607676 243.152817090352 238.230586051941 229.021827379862 220.127046108246 219.404141108195 218.424042065938 219.291071097056 219.947377840678 219.451347986857 223.730762799581 232.675055662791 236.371914545695 237.385769685109 242.533087730408 247.983972231547 249.632000923157 251.446564992269 254.176378250122 258.647878964742 269.836843013763 280.858993530273 283.291618029277 290.396789709727 294.140915075938 295.019427935282 294.147272904714 294.657111167908 289.527773857117 289.66611623764
126.05411807696 100.336919228236 84.918866554896 78.1605392694473 73.1518814961116 78.0626287062963 99.4879305362701 137.92821764946 181.479374567668 219.744483629862 238.775451978048 238.39940627416 218.200325965881 192.02729066213 189.123531182607 215.241928895315 231.767614682515 245.217521985372 252.023915449778 247.960189978282 236.540536085765 233.319938182831 229.935387770335 229.039510091146 229.015390078227 226.981381575267 229.864537715912 238.497138023376 238.280336062113 231.827735900879 237.254619598389 242.136160532633 243.734459082286 244.068841139475 247.861266136169 255.016287167867 260.315994421641 265.814880530039 269.156038761139 271.084586779277 275.018692016602 280.208965142568 285.856366157532 290.274500846863 285.082499186198 287.501851717631
118.371973435084 84.0263565381368 58.8846902052561 47.3866611719131 45.0284282366435 51.0446578264236 62.6589059829712 90.2989208698273 118.818422158559 169.477025667826 226.269582907359 256.100396315257 259.874363740285 240.378578503927 214.346408843994 209.792494773865 214.419603347778 230.318168799082 248.195032278697 256.922960281372 254.779239495595 248.477101325989 245.899319648743 242.197235425313 238.361299037933 236.967543760935 238.743523756663 241.049965222677 236.465255419413 231.599986553192 235.029677549998 239.410638809204 239.473760128021 239.386320114136 243.372778097788 247.314353783925 248.222390810649 247.344454129537 251.637975374858 252.2833943367 257.325947284698 264.840722084045 270.461618900299 273.251116275787 273.41228723526 276.385207970937
108.541448911031 81.3495218753815 49.6301998694738 28.5157412290573 41.2029425303141 64.9761507908503 73.8928963740667 85.4614575703939 105.24528225263 133.889774481455 170.857886473338 217.819035053253 253.416339556376 266.428112983704 248.118758201599 216.998239358266 204.947849114736 207.661588986715 225.416044394175 250.848750273387 262.094100316366 256.674925486247 257.48884677887 251.166224479675 244.643727938334 245.315174261729 247.612436612447 243.813633918762 238.699634869893 240.935842196147 241.357366243998 240.120609601339 237.211445967356 235.639651616414 236.485620339712 235.097905000051 232.967873414358 228.852947552999 231.995542844137 233.499566713969 238.230327765147 244.121154149373 246.385713418325 248.938262462616 258.937875429789 264.38436905543
93.4793055057526 82.0276439189911 55.2796870470047 20.1580462356408 29.3374136090279 56.0765514771144 74.9180167913437 91.7366941769918 108.911255995433 118.923515081406 141.819318135579 177.156329154968 208.030680815379 229.210396607717 240.248362223307 244.279026985168 235.528429349264 221.966147422791 211.95262670517 223.327795664469 247.631251811981 260.382473468781 263.947228590647 259.365260601044 252.100725968679 253.004451592763 256.91678126653 252.859950065613 250.244915485382 255.162199338277 252.948919932048 241.908450921377 235.808233420054 231.684029102325 226.918836434682 225.164731343587 220.52123149236 219.151894251506 219.99579668045 222.942392031352 225.500166416168 228.628218173981 230.955024560293 233.769218126933 250.56787331899 259.41526889801
85.5647126833598 86.3257845242818 73.5308825969696 33.286526799202 30.5292929212252 59.2545221249262 80.912247300148 102.824260791143 118.496437867482 128.58326236407 137.315382560094 157.987813154856 184.884349505107 203.576842943827 221.791923046112 239.256759484609 241.210540135702 236.153066158295 225.612064202627 213.343520959218 224.120557308197 251.55778725942 257.890085379283 259.280880292257 259.807725747426 264.009753863017 267.07245906194 265.8718029658 263.324777285258 264.78366057078 258.729894955953 247.3397453626 238.898555437724 231.145441532135 224.776148796082 221.289078394572 218.533635139465 218.493938446045 218.684713045756 220.2135125796 222.731312115987 224.536081155141 224.014163017273 227.881809075673 239.870111147563 252.269367376963
90.5694464842478 98.7305144468943 98.8753736019135 65.1759852965673 51.8380701541901 78.6450058221817 94.5575038592021 112.132986386617 131.799836953481 147.784054279327 156.137486298879 162.83968091011 175.113618373871 182.928681373596 198.238670825958 221.234261989594 233.794172604879 239.271442095439 241.248548030853 228.699008623759 212.384502092997 227.788766225179 239.901900291443 252.45213508606 263.565460840861 269.872923692067 272.860626379649 274.194518725077 268.856465816498 266.409774621328 258.817394574483 251.846690972646 242.663522561391 233.455936113993 228.048781553904 223.183671633402 221.888919671377 218.74080101649 217.424511909485 220.776895682017 224.918007850647 226.775447527568 225.4771788915 228.09765736262 229.005098342896 243.265569210052
97.3704755306244 100.431094566981 112.770239512126 105.586359898249 91.1084910233815 97.4485675493876 100.452293952306 113.424956798553 127.04477707545 147.062430779139 158.099869887034 157.52512216568 160.782923301061 166.446685791016 178.718030452728 199.88743464152 214.692493279775 224.239329497019 230.177541573842 237.853328386943 234.994312127431 222.470780213674 226.174791653951 235.150376955668 252.303500970205 264.304518699646 271.758238474528 273.47590525945 266.683061917623 264.928261439006 259.05712445577 251.193046569824 242.558558781942 235.501905282338 231.170912583669 226.067264874776 222.172975540161 213.490207990011 210.709273815155 219.443798065186 226.13662481308 227.518717447917 230.330367883046 229.453086853027 225.482225418091 235.909422238668
