input/barkrak2/radiation/dir03724.grid
NCOLS 85 
NROWS 70 
XLLCORNER 665100 
YLLCORNER 4664600 
CELLSIZE 20 
NODATA_value -9999 
[rows 22 to 43 of 70, columns 0 to 49 of 85]
61.5436285734177 54.9269417921702 32.227411866188 25.568629304568 21.5080454945564 8.96680851777395 16.9895129899184 11.871661990881 9.44229153295358 8.36402053634326 19.4333257774512 20.4098982115587 23.0015863974889 23.1768637895584 24.4144350290298 30.2699357271194 40.4003784060478 50.8143603801727 57.3098460833232 60.6922805309296 65.2540028095245 79.0779193242391 92.2175943851471 97.6096987724304 98.9212890466054 91.7175710201263 81.4625819524129 81.1079641183217 72.699969013532 53.5249263048172 30.1533341407776 15.9140899777412 1.36982556432486 0.00959056220987501 0 0 0 0 0 0 0 0 0 4.62224582831065 13.7327909469604 23.9441245794296 27.6666829983393 30.7757804791133 34.1765160361926 36.7796023686727
95.7929491996765 84.7125848134359 49.748087922732 31.4203028877576 25.6799459457397 27.8682485222816 26.6423473755519 11.9052951534589 9.48096687595049 7.9743800063928 20.9228197733561 22.8198245167732 26.8679708242416 33.5329969724019 30.3394248088201 30.9828718503316 38.6521543065707 48.7680534521739 53.7386238574982 47.4885056416194 47.3581155141195 51.1349588632584 65.0743742783864 76.5787462393443 84.317555030187 84.5970908800761 78.4128258625666 64.0822549661001 55.3009559710821 22.8837678829829 17.8296032051245 8.710116147995 0.0136909875436686 0 0 0 0 0 0 0 0 0 0 7.0280550668637 12.8298538426558 20.678403476874 26.6877934336662 27.3416489362717 31.5589954455694 35.2394506335258
95.1882302761078 90.9609695275625 67.7880346775055 35.9733427564303 18.6899105707804 27.1962955594063 25.6639197468758 23.2205366094907 19.0214378138383 10.1554611076911 20.4317532479763 20.8035136262576 23.4892517328262 30.7235941290855 29.5524100462596 30.088946223259 35.7761383056641 46.3419059912364 54.4924736022949 46.2562342484792 45.2015300591787 41.8274452288946 51.4811724424362 60.477485259374 65.7957096894582 67.0134325822194 64.0098502238591 55.6443730990092 37.7734353144964 16.6832804679871 11.13203043739 8.84022004902363 0.266599042030672 0 0 0 0 0 0 0 0 0 0 17.7792732914289 16.0127294560273 21.9096193710963 24.3260115385056 25.2728213866552 25.682640572389 27.967890103658
81.2253803014755 86.0568682352702 78.9697964986165 46.5891063213348 18.887201944987 27.1433442831039 34.1484149297078 42.306254307429 42.2025918960571 33.1633165478706 28.0288110176722 31.1953177054723 30.4046720266342 37.46214757363 37.5399937232335 32.3756486177444 35.7034355401993 44.8438078165054 53.2102237145106 55.4274419943492 56.6058804591497 52.3118277390798 50.2518663803736 50.9159465630849 54.2742411295573 56.670606136322 52.5774707396825 51.7837504545848 31.6656455397606 26.9966870546341 23.4271983305613 28.8217415412267 22.3290100693703 0 0 0 0 0 0 0 0 0 0 18.584022919337 17.0013072590033 14.2455535630385 15.3099000453949 15.2487407128016 17.8683226307233 18.4104144573212
79.9054205417633 85.3879948457082 83.3257188399633 56.6582232713699 32.7156757315 42.0019328594208 54.5639296372732 64.3225212891897 71.9265242417653 62.6128514607747 44.5668995380402 47.9126572608948 43.8384860754013 49.3477036555608 48.1063723564148 40.2383804321289 37.8664980332057 47.437439362208 55.4718027512232 66.8518642584483 68.3750708897908 65.0808264811834 58.3084324995677 52.2467444340388 54.3222675720851 56.776374578476 51.46491030852 58.3564390738805 53.9779961109161 52.6673297087351 58.5652043422063 77.7794420719147 86.6088370482127 65.0964031616847 0 0 0 0 0 0 0 0 10.1778693497181 11.289443820715 3.92230600118637 1.78350663433472 3.2681959370772 10.5822371939818 9.71641515692075 12.979111323754
81.6043516000112 80.3421437740326 80.5743038654327 62.9798670609792 60.301552216212 64.374511440595 76.0471969842911 80.854520201683 81.1661332845688 75.5606591701508 56.4189702272415 51.5308926502864 50.6081680456797 50.7960766553879 54.3217758337657 50.177256266276 44.867068529129 50.6652593612671 64.1554594039917 69.9548820654551 67.1422878901164 59.5778971910477 57.3333352804184 58.9411308368047 59.7237149874369 61.4965955416361 58.5734943548838 68.7928597132365 85.4298770427704 90.3616746266683 95.7923233509064 103.766014178594 114.627301692963 121.478537718455 75.0062863032023 2.07508075982332 0 0 0 0 0 13.593723376592 12.0217030247053 0 0 0 0 1.19153829291463 4.71865230550369 8.84761785467466
84.6379697322845 73.1226752201716 73.8788296778997 66.2741164366404 80.7105302810669 77.9173920551936 78.1703392664592 75.2148230870565 68.5773144165675 60.4213575522105 50.3709067900976 45.3454504410426 48.9422629276911 50.3621151049932 55.4520487785339 60.1729601621628 52.5689472754796 49.4268188873927 60.3631585836411 63.8479689757029 60.8860452969869 55.1093419392904 55.9993783632914 62.2102717558543 64.769725004832 62.2438589731852 64.0307515859604 69.9551900227865 93.2088692982991 106.779923041662 115.786174933116 121.738185485204 129.435141881307 131.934463977814 121.276766061783 46.0729499657949 0 0 0 0 0.568874180316925 2.55447532981634 11.8420844276746 0 0 0 0 0 1.24556741987665 2.72743807484706
85.4962170124054 67.4705803394318 68.031628926595 72.10673391819 81.087460120519 76.8263041973114 64.2753342787425 50.227016210556 37.4320472280184 31.3476597269376 30.8949301640193 35.0577558080355 43.7917013963064 50.7646054029465 56.5822174151739 63.2145603497823 59.5643371343613 47.9846944411596 51.9888897736867 55.0884952147802 53.9579292138418 55.2155872186025 55.9878846009572 62.0892345905304 67.9496824741364 65.6212021907171 68.5099065303802 70.8465178807576 86.9866907596588 110.455493132273 126.462896664937 132.665872573853 134.626885255178 135.314097007116 142.685145139694 122.583538293839 40.148397286733 0 0 0 0 0 0.839463900774717 0 0 0 0 0 0 0
83.8471651077271 84.954043229421 106.425245602926 138.482143481572 112.62571811676 82.7323098977407 54.511437813441 32.6328550775846 24.0891799330711 25.4942625761032 24.4925171136856 23.1948147217433 42.1434144179026 50.9741753339767 62.0348155498505 68.6029195785522 66.0155067841212 53.4409135580063 52.9881318410238 57.4805239836375 54.4679462909698 58.3101958036423 61.1738264560699 63.7293060620626 70.2884197235107 75.3097782532374 74.1390685240428 77.5139431158702 89.8554921150208 115.576416254044 134.363065163294 138.901919126511 136.209011077881 143.996735413869 154.0580590566 157.442996899287 128.834883371989 66.7483111222585 8.49906106789907 0 0 0 0 0 0 0 0 0 0 0
96.9871878623962 131.028225024541 179.144163926442 200.212637583415 178.517580032349 123.78849585851 75.1671493053436 46.6177860895793 37.8992433349291 43.0855800708135 34.8345090945562 29.5227741201719 40.5950496594111 50.75903236866 64.1554097334544 73.0325629313787 68.8656568527222 62.2850010792414 55.9182465076447 58.5877001285553 58.2552154858907 60.8188112576803 64.4480983416239 65.1904592911402 71.567843357722 83.5196177164714 83.5334261258443 90.202142794927 101.431488990784 118.19314956665 133.778860171636 142.886340618134 144.932717084885 152.617424726486 158.676942189535 157.147705554962 151.086966196696 131.014158328374 62.9275739192963 7.04740360379219 0 0 0 0 0 0 0 0 0 0
157.647987206777 193.330109119415 217.782159646352 218.629797299703 216.35361512502 189.229051272074 144.520223140717 107.648154099782 81.3077141841253 70.5069800217946 65.9729937712352 54.038147131602 43.0775831143061 47.9897707700729 67.5100237131119 73.33804666996 66.868136326472 68.9996580282847 58.6084276437759 56.8082431952159 59.9547922611237 60.8504215876261 63.0370179812113 64.0615820884705 69.8405255873998 83.7861398855845 89.6993776162465 98.4966854254405 108.554850021998 117.644608020782 130.34000992775 140.379955371221 143.680363893509 140.4763062795 143.378227949142 136.502901713053 137.006729841232 124.28480386734 77.0604759454727 23.9180251955986 2.78891498843829 1.6863316607972 0.392942495333652 0 0 0 0 0 0 0
209.960440794627 225.305775801341 227.846165498098 227.091133594513 229.451398054759 225.437521934509 200.699687004089 156.437287727992 117.814938227336 95.9349870681763 98.5939006010691 85.5465928713481 62.9855096340179 56.5501948197683 64.8983816305796 69.211021065712 62.567263841629 63.6341273784637 57.6946834723155 58.304563164711 56.9775700569153 57.9385161399841 57.7572782834371 58.7007353703181 66.4649407068888 77.1910200516383 89.8142556349436 93.9772029717763 103.505333264669 115.964353084564 129.601975282033 132.970998684565 122.789591550827 111.562122901281 115.360726912816 99.165419737498 99.8898247877757 84.3142867088318 47.979344924291 14.5468488335609 13.7750916182995 8.9439849058787 2.18540010973811 0 0 0 0 0 0 0
223.908662796021 229.715565840403 227.190216382345 229.37023639679 230.299989382426 227.603495121002 219.791134198507 186.823169390361 137.171030044556 108.390112717946 110.484262307485 107.206563154856 89.3106957276662 70.0738926728566 64.8602942625682 66.9971456130346 61.4353617032369 56.8707287311554 57.1502844492594 60.8406762282054 56.0964395602544 54.9689531326294 56.6785881916682 59.0817630290985 63.3392135302226 70.6764956315358 80.6224644184113 82.7760795752207 92.2940969467163 110.461701949437 120.220879713694 119.325429201126 112.983564535777 106.193284193675 98.3004371325175 84.3887031078339 88.5938008626302 85.6615404287974 65.3996964295705 29.7232021888097 23.5968083143234 26.7728542288144 0 0 0 0 0 0 0 0
217.772265275319 220.34219900767 217.33287970225 217.741111914317 218.321065107981 212.492009003957 207.547227541606 188.039243221283 147.915492455165 122.005313634872 115.412245194117 111.390868822734 102.334052324295 78.6414543787638 69.7294076283773 72.6419587930043 64.982349673907 55.7551284631093 59.7681850194931 61.8920624256134 59.6155424912771 55.608719587326 58.9974572261175 64.3492788076401 62.8361801306407 68.1601663430532 73.1986612081528 74.157992998759 82.2845548391342 101.015051205953 111.382782459259 112.9110455513 115.171690781911 116.15135272344 97.5431899229686 91.0785396893819 95.7694451014201 102.950304746628 97.8556573390961 57.1078807115555 20.5291646222274 3.41436422119538 0 0 0 0 0 0 0 0
193.804542223612 197.586973508199 198.699275652568 194.627483685811 194.648345311483 193.589488665263 196.922679742177 191.469192504883 159.858415524165 129.736473162969 116.250197092692 106.903463602066 98.584791024526 77.9152462879817 65.953200062116 72.1926937500636 74.8865455389023 62.0081226030985 64.1009708245595 67.2137836615245 66.5377974510193 62.77796626091 62.9676034053167 66.4692322413127 64.4882321357727 64.89297747612 72.4356273810069 79.0009101231893 83.0065310001373 96.6356098651886 108.798950910568 113.297681013743 116.295635700226 120.320280392965 101.30920012792 101.480046908061 101.797014474869 111.324389775594 110.666940609614 70.216511686643 8.99997539818287 0 0 0 0 0 0 0 0 0
170.031527678172 179.971973101298 191.686669985453 187.688132127126 185.855348904928 192.439138889313 202.026824156443 203.157067298889 181.204656759898 146.21689915657 122.175445159276 97.9803105195363 83.2715680201848 71.7575450738271 63.1546080112457 67.1716531117757 78.8627167542775 70.0693676869075 66.5101557970047 70.4535394906998 71.039542555809 66.7365143696467 63.7693305810293 65.7653560241063 68.2298491398493 67.6146596670151 70.9503789742788 80.1653563976288 83.9472810427348 88.7737969557444 102.582583824794 113.342473904292 116.775055726369 110.993365446726 97.1151491006215 110.660503307978 114.29285009702 119.414428869883 118.346631526947 91.7634665966034 4.17471832285325 0 0 0 0 0 0 0 0 0
132.678081591924 144.740452369054 153.402934471766 157.897651195526 166.760146617889 183.108448982239 196.617722511292 203.571120897929 195.549130439758 164.282421271006 130.230883757273 98.4254578749339 79.740509390831 76.1078099409739 68.4552093346914 62.0230485995611 74.0578969319661 74.6510028839111 68.0084079504013 67.6116396983465 68.277637163798 65.2720034122467 61.9922777016958 63.2645438114802 67.8124676148097 71.7969636122386 71.5384582678477 77.0980666081111 82.2232415278753 83.458681901296 92.5388336181641 109.549701213837 113.954285780589 98.732054233551 101.161628961563 120.760550101598 124.66957171758 123.578021923701 123.134364684423 117.861409982045 59.6701999505361 0 0 0 0 0 0 0 0 0
95.8877901236216 102.811555067698 102.443635463715 113.063901662827 129.465182622274 148.144463698069 164.110710223516 176.10106865565 175.949056943258 150.247832139333 115.805596113205 89.9278918902079 76.1001656452815 73.9338646332423 69.8520640532176 64.0461444854736 69.5695728063583 71.004127462705 63.8318260510763 63.5982155799866 66.8220023314158 70.1765914758046 67.906657854716 64.5898232857386 63.7951642274857 67.2878672679265 73.0529775222142 76.3246516386668 81.2340279420217 80.9545516967773 84.9330425262451 96.9234804312388 105.089773734411 100.592662890752 123.366475105286 133.669823408127 130.327512820562 122.333238522212 126.964777708054 142.108301321665 135.755191246668 69.773276646932 6.48097693920135 0 0 0 0 0 0 0
84.1083824634552 86.1853758494059 86.0312183698018 88.3279045422872 97.6135532061259 103.850642840068 108.228186766307 113.797128200531 114.357163508733 97.2168644269307 80.7010730107625 76.0348935921987 75.0539700190226 71.740652124087 69.6997344493866 69.7083622217178 68.3773209651311 68.1223720312119 62.9132091999054 62.928299109141 67.3804432153702 72.9446013768514 74.3935406208038 70.0545310974121 66.7586028575897 66.150556008021 74.5844691991806 77.9647578795751 81.4718653758367 81.9592376550039 82.0354322592417 90.4357135295868 98.5657374064128 108.820497989655 129.335721333822 132.055322329203 122.112373510997 112.153480450312 114.226500193278 130.839765071869 144.850840171178 136.901805798213 83.2433700561523 16.2303596735001 0 0 0 0 0 0
93.058447043101 90.3159181276957 90.5761122703552 89.865505695343 86.3336821397146 84.0939283370972 82.3253691196442 83.7395985921224 88.6582632859548 79.7773102919261 72.0805476109187 73.1746753056844 76.4781733353933 76.4742294947306 75.4368156194687 72.9874869187673 67.3774083455404 74.6212551991145 75.2791663010915 70.318728685379 72.4354088306427 73.2311109701792 72.8622823953629 74.8792390028636 74.8908370733261 71.2055216232936 76.4625370502472 80.3498427073161 81.5245558818181 83.1972857316335 85.9315196673075 88.7766083081563 96.6065923372905 115.103185176849 123.064289490382 118.009716272354 106.407751639684 96.0178275903066 93.0174589157104 104.717195034027 135.421971480052 142.104258139928 111.564507087072 56.1265448729197 3.82976171871026 0 0 0 0 0
97.4655747413635 94.5923328399658 97.654531399409 96.279501914978 88.8848900794983 85.5023165543874 82.805464665095 79.5156160990397 79.9624770879745 76.2260456879934 74.221466978391 73.3566184838613 77.6552061239878 81.426332394282 80.8063596487045 77.2453049818675 74.6561189492543 80.2100400129954 82.5327386458715 75.8197555939357 73.1000502904256 70.9859281778336 67.5404220819473 69.4210678339005 73.8639533519745 70.7491338253021 68.7698274850845 73.7132132053375 78.8057744503021 80.646609266599 81.929753224055 84.0084056059519 93.8032865524292 115.097651878993 121.966858704885 106.00553949674 94.848354657491 91.4536515871684 91.7786161104838 100.331038236618 108.381440242132 111.448695262273 97.3195731639862 61.3648494084676 9.85817300776641 0 0 0 0 0
81.129382054011 83.8313698768616 92.9968953132629 90.3840959072113 93.1781828403473 95.5328444639842 94.3041245142619 89.8505349953969 79.0481865406036 77.2760460774104 80.582524339358 76.5022933483124 76.7476558685303 80.5655072132746 81.7497670650482 78.6766111850739 79.9008508523305 81.7424456278483 82.1728159983953 76.8004109462102 71.0385739803314 68.2474225759506 65.9034152825673 65.4502312342326 68.2135174671809 71.9683567682902 68.0709183216095 70.7535097996394 74.9855985244115 77.2603650887807 75.4773517449697 73.9722351233165 85.1659675439199 100.41218996048 107.116172711054 95.921536286672 92.1752055486043 97.4421302477519 99.4266867637634 101.219147443771 96.0476795832316 94.590832789739 89.0576044718425 61.2572729587555 18.8293792307377 0 0 0 0 0
