input/barkrak2/radiation/dir06224.grid
NCOLS 85 
NROWS 70 
XLLCORNER 665100 
YLLCORNER 4664600 
CELLSIZE 20 
NODATA_value -9999 
[rows 0 to 20 of 70, columns 0 to 46 of 85]
168.921868006387996 185.206751028697 202.680468559265 224.161644776662 234.856565793355 236.126820246379 232.045153776805 227.023084958394 226.509928703308 230.028927326202 230.934659639994 229.698518911997 227.135936419169 227.944811185201 229.627509911855 218.35196018219 205.556809902191 193.670431772868 190.24779399236 180.213848749797 179.339627424876 196.235259373983 223.383049170176 231.186926364899 233.90785853068 246.010104815165 244.884292284648 229.081630706787 215.084989865621 214.054028193156 209.623058636983 231.5713763237 277.130385239919 276.058952013652 273.167987664541 259.987751642863 263.69309425354 278.50745121638 273.994485537211 274.595856666565 263.931671778361 267.69212881724 276.39760573705 272.350788116455 262.429455916087 266.255994637807 271.656731764476
144.885490338008 163.080881039302 179.344276587168 198.461989561717 215.290606021881 222.266574700673 224.825839201609 228.308478991191 236.442764600118 236.679752667745 233.209987481435 229.821264743805 228.524684906006 229.361017545064 229.852875073751 218.45805644989 211.729804674784 202.209969361623 196.574489275614 187.009334564209 193.408370018005 217.132449150085 239.479144414266 242.266456286112 245.912591616313 252.326965332031 246.893644332886 233.317255973816 220.04896402359 216.061731179555 216.869592666626 246.082345644633 278.306603431702 276.860594749451 273.130476474762 262.59309053421 267.488678296407 278.860151767731 274.398545424143 274.41285053889 268.921911716461 268.138289451599 265.00928401947 259.189407030741 255.715231100718 263.741433620453 261.963069438934
106.931626796722 118.564307689667 131.957838932673 145.346661408742 160.410135984421 173.446297645569 186.608731746674 205.466469128927 220.597545305888 223.086357116699 224.68646367391 228.526671727498 235.563317934672 238.888760407766 238.215049107869 243.386050065358 242.891430854797 231.895724932353 213.995714982351 203.444679578145 213.725725809733 230.02568880717 240.616341431936 243.604997793833 247.795144716899 247.656404972076 241.872827212016 232.910394668579 224.661906560262 224.803745746613 234.399398167928 262.361129124959 278.041323026021 277.355134487152 272.869745890299 268.542925516764 273.794054985046 278.528054555257 276.952942212423 272.050738334656 265.66747824351 255.945960680644 242.029547691345 238.518297672272 248.087028662364 261.660774548848 249.272525310516
88.2786214351654 88.265339533488 95.3666667143504 102.161854505539 111.448297897975 119.2280848821 128.735770781835 147.058516740799 169.297059377035 189.0642841657 207.001090049744 224.730590979258 236.927767594655 241.371214389801 244.85061566035 251.47819519043 248.682578404744 237.385133902232 220.788419246674 213.12423547109 213.629921277364 213.593165079753 226.321697235107 235.344449679057 236.318548520406 237.460017204285 237.596313158671 234.312057495117 233.096659183502 236.530880133311 241.066932678223 266.654332478841 274.422645568848 274.207274119059 270.746986071269 272.952179114024 274.03599023819 275.991400082906 270.861943562826 261.281847953796 252.950469652812 239.634354909261 235.110481580098 249.083956082662 264.73073164622 259.246548016866 239.045639832815
110.129783550898 93.5716032981873 80.8890759944916 69.99438504378 71.8417167663574 90.6951526800791 115.162471930186 126.636177301407 137.683729330699 146.394332249959 171.444614728292 198.658466339111 215.094844500224 223.618149757385 230.867326259613 235.572159290314 231.900294621785 223.941465218862 217.389742533366 213.021496931712 208.473046620687 206.749161084493 219.004094600677 227.413892745972 230.704347292582 237.683991591136 238.103409608205 236.39714717865 235.288143157959 234.196583429972 241.511543591817 269.145588080088 270.584543546041 271.510004997253 268.818497657776 268.033564090729 267.569184303284 265.827059745789 256.38606150945 247.749189535777 246.20513121287 243.512431780497 248.986581961314 259.288052717845 261.560082435608 240.064740180969 211.304108301798
156.496733427048 126.93648537 98.3458459377289 74.7653096914291 65.5337323745092 75.4028409719467 102.051516373952 123.325675725937 128.170301516851 127.031604448954 137.458960215251 152.90492773056 163.983166217804 171.452760696411 182.191729545593 192.655364672343 197.900533676147 204.840739568075 212.698876857758 217.539012432098 218.107978502909 219.464798768361 220.658818880717 223.180294036865 228.292266527812 234.811902046204 237.707734107971 239.131470521291 238.79075050354 239.594697952271 254.181504249573 270.434816678365 265.653351942698 265.810390313466 263.854046662648 262.050131956736 261.236965656281 257.255514462789 247.288644313812 247.644603252411 247.900585333506 245.266318321228 247.092386086782 250.663836797078 239.369034767151 209.820588429769 183.090627193451
184.19470389684 156.57835205396 133.642514546712 110.640386740367 87.9725019137065 75.2080132563909 81.3519408305486 113.084614276886 129.434963067373 137.995262940725 134.670972824097 129.628350337346 125.327239433924 120.657831430435 122.742017110189 139.198253552119 154.451668262482 178.62739165624 201.091706752777 215.4407898585 223.998268445333 227.74742046992 224.293808142344 220.732649167379 223.864634831746 228.167812029521 232.985635598501 236.528555552165 238.09419075648 244.373440742493 257.7938636144 265.33047358195 259.594619274139 255.108197530111 253.374775250753 250.064571698507 249.534885088603 244.692007700602 239.572008450826 235.037982463837 229.390740394592 228.562355041504 235.309322675069 242.670694986979 233.450333277384 222.50634431839 234.675447146098
200.203776359558 186.557531356812 171.241799990336 152.31861670812 126.132984956106 92.8611656030019 71.8693733215332 68.9929078022639 103.134592374166 134.799579779307 144.350787003835 140.823682149251 131.419797738393 120.164612929026 105.066309372584 108.512034018834 122.589965661367 141.277253627777 168.079634507497 191.844582557678 207.455476125081 219.50364112854 226.32372379303 221.608519554138 219.888468583425 218.325813611348 219.783306121826 224.334836006165 228.197832902273 238.99652560552 250.770767529806 254.744788010915 247.559706370036 241.744339466095 235.171834627787 233.674248059591 238.619327545166 235.222518444061 228.599548339844 211.462557315826 209.658980369568 219.313859939575 237.042943636576 249.046862125397 247.244238853455 248.523930708567 256.664037704468
169.053773085276 183.127919832865 184.914330641429 174.499074618022 158.235847949982 131.505032380422 98.0919400850932 68.5868362585704 81.5037190914154 103.163808584213 127.596447865168 141.086280345917 145.043720801671 141.852835814158 126.658022403717 116.055319706599 113.343894481659 118.282735347748 133.327821890513 152.62641509374 170.78306277593 189.09760316213 203.892727692922 202.445884545644 205.121517181396 203.669269879659 204.1255235672 206.731994946798 210.007985432943 220.425407091777 229.696671168009 230.139414469401 226.751406987508 225.739081700643 226.329743862152 228.180905183156 228.873431682587 228.682478268941 223.502496878306 216.114381949107 227.228462696075 240.746974945068 250.316659609477 251.297275225321 244.863708813985 240.022619565328 243.623276551565
109.958668549856 137.487679719925 155.130883057912 156.710753838221 161.102751890818 162.393440802892 141.480634609858 118.763367335002 86.3271951675415 76.0697374741236 89.1950726509094 118.350227673848 143.220504124959 157.169789075851 157.290190458298 145.243138074875 128.824482361476 122.507373491923 121.131390333176 123.765130837758 134.127030769984 144.874811172485 157.765120267868 168.896893660227 179.596225420634 182.015935579936 183.252930641174 184.548159440358 187.910596529643 195.116877555847 197.274386882782 197.517991065979 205.841362476349 211.425979932149 217.177987098694 219.123244285583 217.934846878052 222.741325696309 222.348173459371 229.954600334167 246.495644251506 254.462758700053 255.22381067276 252.640823523204 244.209488232931 240.115205446879 250.707844893138
68.4121449788411 72.8914986054103 81.8651616573334 103.154023488363 116.452525059382 134.677986303965 137.114425500234 144.731183846792 117.34214425087 89.6241863568624 73.2115010420481 72.5138982137044 99.7633039951324 130.000611146291 148.849745591482 145.003875096639 137.837787469228 128.881057103475 120.452334483465 114.41637078921 114.629546801249 116.851300001144 122.741401195526 138.239522775014 153.549750645955 163.398742675781 164.035509030024 165.735880533854 172.835489114126 178.365051746368 181.834479173025 185.485084851583 195.177535216014 199.391523996989 200.541337331136 204.217871030172 210.90163787206 216.819564501444 223.956783612569 240.683575471242 251.303633054098 254.186391830444 253.346224625905 250.345091025035 246.734420458476 247.746785481771 255.328555901845
36.6042455037435 35.8485827843348 37.8870815038681 43.5756196578344 58.7801684935888 74.0771392981211 91.5496150652568 97.1744954586029 109.972566366196 92.9688811302185 74.3905703226725 59.1221948464712 63.0618234475454 81.9402535756429 106.470932563146 115.770558516184 124.167044957479 127.07245349884 118.143051862717 111.073036988576 102.420349915822 104.266663392385 104.890038569768 114.627778530121 126.283953587214 134.314248959223 138.816853364309 143.644124269485 152.567684650421 158.5320631663 163.806855678558 168.978730837504 174.954215685527 178.907454013824 179.732898871104 183.254679044088 195.212423801422 209.611078103383 218.092779318492 236.071586608887 244.169592857361 245.142122109731 241.359929243724 235.88764667511 234.598179658254 234.055240948995 240.413725376129
29.8107812801997 21.8355506658554 17.6736749708652 13.4210276106993 7.24934103588263 8.07780586183071 31.3807179530462 52.1526088317235 81.8131119012833 91.7274653911591 83.2784324884415 72.988748550415 57.6363702615102 56.2426348527273 71.8033462762833 93.569537003835 112.951795260111 118.344823519389 118.599643309911 111.880481243134 107.05828666687 107.09148645401 109.288463989894 113.308141628901 115.576426188151 116.303781668345 121.626079082489 131.585985422134 138.174672921499 140.719393889109 146.375437577566 152.44855483373 153.028676907221 155.335078636805 159.999191761017 165.903965632121 178.225676218669 192.699948946635 196.066399415334 207.567493120829 218.127051989237 222.175737222036 221.262673536936 222.535133361816 220.423142115275 221.408287684123 225.179235140483
30.2621672550837 12.2155994176865 4.50642903645833 0.629516822906832 0 0 1.37680396437645 21.516926586628 43.3102001746496 63.0974670251211 77.7567327022552 86.2484474976857 79.6296745538712 70.9194441636403 69.8554813861847 89.2175137996674 102.200438578924 117.98499027888 127.34717130661 127.218127250671 115.804622570674 117.689083019892 117.694725592931 120.73947985967 124.646902084351 123.617241779963 126.748551925023 136.650671561559 137.599388758341 132.127563158671 137.7787788709 144.543359676997 145.581642786662 146.154751380285 150.800496339798 158.280611038208 164.243350426356 171.156386534373 176.822940508525 180.149435997009 186.737994352976 193.774402141571 201.549569765727 213.224709033966 210.021714369456 217.379073301951 217.22686290741
39.055697619915 16.4729071160158 1.62874162197113 0.0301403512518543 0 0 0 10.5936415493488 23.6606250206629 47.6896067460378 78.5249372323354 94.3264563878377 105.531593163808 100.690007209778 87.3346527417501 85.7049326101939 89.4101361433665 103.447437286377 120.854914188385 132.124930620193 131.637116273244 129.190812508265 125.651111205419 125.152746836344 126.606494188309 131.707489490509 134.547968705495 138.073742389679 136.657774448395 132.394929726919 133.979847033819 138.282616933187 139.977325995763 139.486898978551 144.337604443232 147.620995839437 148.543169101079 148.023029168447 154.647012551626 156.102627515793 162.744522094727 171.325544516246 178.094486395518 184.857368469238 189.486622810364 197.896262009939 209.030608336131
34.9231312672297 19.7472249468168 2.01942321533958 0 0 0 4.8330333083868 11.2382819255193 24.1159573197365 39.6846681833267 66.3014700015386 95.2424307664235 112.907111644745 115.192393461863 108.126451571782 88.3034765720367 81.772913535436 85.9820246696472 101.964096228282 124.296526114146 138.002683718999 134.122927983602 135.810951391856 131.261646747589 126.453151305517 128.870288530986 134.232838948568 139.328291018804 137.185752391815 140.667011340459 138.801177342733 138.830681641897 136.3152662913 133.33993156751 135.362257560094 134.688198566437 132.208923498789 127.678076426188 132.607062657674 135.415772596995 139.228314161301 145.589749018351 149.331112702688 152.946313222249 168.111145496368 174.916446208954 190.854887167613
30.382826924324 23.1042429804802 5.14718983322382 0 0 0.404627838482459 6.74197512368361 17.5238475203514 28.2388404011726 36.8935863176982 51.1721968650818 80.5218070745468 99.6826787789663 112.334579229355 116.896122694016 113.211850325267 107.754607995351 98.8405644893646 93.8816765944163 102.166930834452 123.675127824148 137.758940458298 143.936574459076 140.060245990753 132.246365149816 134.41522916158 136.984000603358 136.945565541585 140.31046628952 155.056059360504 151.648869117101 139.903575181961 134.10617907842 129.553695519765 125.170052051544 123.348335425059 118.541568517685 116.948902606964 118.806372086207 123.13919266065 125.200589497884 128.612101078033 132.312218348185 135.45232017835 155.740340550741 166.701376438141 176.794012387594
26.093102991581 25.6818433602651 15.2863599359989 0 0 4.74973085025946 11.4995415012042 27.1838357051214 38.1237417459488 43.4748331705729 50.0263224045436 62.3303602139155 81.4579576253891 98.1931487719218 117.6764468352 127.574215332667 131.50546948115 122.213711341222 108.018219470978 95.352441072464 106.040865182877 128.492514292399 137.142767508825 140.804906686147 140.345543622971 144.52913403511 142.87676413854 142.953296502431 140.094379583995 148.983766635259 144.069939851761 137.824674447378 138.387382030487 129.875004291534 122.235437234243 119.839737812678 116.459767023722 116.249938805898 116.011440753937 118.811418612798 121.798306703568 123.841305573781 124.659816424052 127.951204776764 140.459805727005 157.521883646647 165.963113307953
27.6217857996623 31.1653564373652 31.0312459866206 4.14271280169487 1.22003358167907 14.1352688272794 21.5879678726196 36.6848260164261 48.6814280351003 59.7845216592153 63.0755772193273 65.0843928257624 73.4486083189646 83.9565296967824 100.126713514328 119.006176789602 128.577510515849 134.014318386714 131.326963504155 118.086040019989 101.279377937317 112.89244890213 122.11599946022 131.582210461299 144.240955511729 146.55014872551 144.094258546829 147.272725900014 146.64281407992 138.268868128459 131.014376878738 133.704523245494 124.340126911799 114.614466826121 126.881778240204 122.096608082453 120.262185732524 116.489231586456 115.765929222107 119.151075681051 122.823615868886 124.271104733149 123.917758464813 126.520882050196 128.754635651906 144.493232170741 150.115311145782
28.918944299221 30.0971666971842 35.2832029263178 26.4529834191004 13.1107444564501 21.790956457456 22.6281012097994 36.7406557003657 45.8686649799347 56.6149602333705 64.5901163419088 61.6664340098699 61.8705501159032 68.9879357814789 86.3427023092906 104.953149954478 115.650445222855 121.503333250682 127.92647878329 132.524490356445 125.060737133026 112.330218156179 113.509029150009 121.920078992844 133.520702521006 138.617565234502 142.234146595001 146.762629350026 139.564454555511 130.712648232778 116.887172063192 114.779849847158 108.574618895849 96.7421929041545 100.889712572098 105.816413958867 99.6837913990021 110.94464858373 108.751833438873 115.310182174047 122.151255607605 125.614474217097 128.635297218959 125.508099794388 122.188190619151 133.293996254603 135.343044996262
34.2551817496618 26.0996048649152 24.0625167886416 39.1773656010628 30.9829786419868 30.0792728861173 22.8090633948644 35.5504701534907 43.0314342180888 47.0295250415802 53.9480000734329 54.1590402523677 52.7702321608861 56.8403154611588 68.4583336114883 83.7637384732564 96.9867706298828 106.062789758046 117.476552724838 130.054255326589 138.872335354487 128.39396794637 130.88446855545 135.001341501872 131.927798191706 129.639019568761 129.129270712535 136.094172795614 128.625601530075 128.868559996287 115.234603484472 97.8776713212331 75.8639673391978 66.9849713643392 62.7584258715312 62.8668566544851 76.5416522820791 77.0074526468913 90.0137623151143 97.5549022356669 98.5189179579417 103.35765282313 109.616349140803 108.808219432831 113.540838162104 119.517425696055 123.525083065033
