input/barkrak2/radiation/dir04024.grid
NCOLS 85 
NROWS 70 
XLLCORNER 665100 
YLLCORNER 4664600 
CELLSIZE 20 
NODATA_value -9999 
[rows 22 to 43 of 70, columns 0 to 49 of 85]
65.9027149279912 59.2852880557378 36.2594798207283 29.7572736938794 25.468888382117 11.415533721447 18.7219654520353 12.5877211491267 11.2977797786395 8.89629001418749 21.2589701016744 23.6522406339645 26.5089472134908 26.456947127978 28.1219954291979 33.798078695933 45.0029422839483 54.7239681084951 60.4443351427714 64.277042945226 69.4788297017415 85.1337214310964 95.7507093747457 102.542618910472 102.687319119771 96.9534516334534 90.2178088823954 83.6050311724345 76.0879218578339 59.6663107474645 34.8856324950854 17.7920423448086 2.58752129351099 0.0770082018182923 0 0 0.0015853984223213 0.00775411657135313 0 0 0 0 0 6.4037349075079 17.5812877714634 26.6888389984767 32.0979182918866 35.322368144989 40.3307477633158 43.1140065193176
100.674162308375 89.5544091860453 54.2006343603134 35.8552460869153 30.0476004679998 30.9653679529826 28.8477689027786 17.8877053161462 10.1173830529054 9.70066587130229 24.0478838483493 26.1837591727575 30.5388246973356 36.1720199386279 34.3781560659409 34.5792571703593 42.4009760220846 52.7577499548594 58.8125437498093 52.3400704065959 50.7033268610636 56.122546394666 68.6216453711192 80.2439550558726 89.1219178835551 89.6751085917155 83.4532380104065 68.1565701961517 59.4072242577871 24.7880667448044 19.717442492644 10.271259273092 0.0668673601467162 0 0 0 0 0 0 0 0 0 0 11.4094068606695 14.5472126702468 21.8629166483879 28.0334055423737 31.731516122818 36.1821204423904 40.4178847869237
100.016444921494 95.7929094632467 72.4875827630361 40.0846203168233 22.7400933702787 30.2824601531029 29.1889235377312 26.4709070324898 21.9215427835782 13.84287327528 22.0852245887121 23.9879339933395 27.0138333241145 33.3448325594266 34.0656116604805 33.7427308162053 39.7513384620349 49.608106414477 57.8610251347224 51.0506480932236 48.5935260852178 46.4513202508291 55.0111879905065 64.1465882460276 70.3394959370295 70.8666394154231 68.6679035425186 59.1613948345184 40.3361072142919 18.5312628746033 12.7098088463147 10.4813662668069 0.652537991603216 0 0 0 0 0 0 0 0 0 0 17.6052848498027 18.4579292933146 24.650660653909 28.6750122904778 29.6649908026059 33.1856484214465 35.0994393229485
85.8958164850871 90.8115406831106 83.7735533714294 50.9624481201172 23.0527892708778 31.0365358988444 36.7969920237859 44.7347660859426 44.4074124097824 36.8411193291346 29.8283845186234 33.3573867877324 34.2600420117378 40.102131664753 41.319007674853 36.5259721875191 38.731761276722 50.1950482527415 56.53016269207 60.5712234973907 61.2503836552302 57.0347209771474 53.8106709718704 54.5902003844579 58.0475181341171 61.1271113157272 56.4732650915782 56.3506235678991 33.7746863563856 29.3457607428233 25.7816836237907 31.7730084061623 25.0897283355395 0 0 0 0 0 0 0 0 0 0.20132966650029 21.2638328472773 24.5673060417175 23.4319642186165 26.4140218496323 24.6769314010938 25.3218834598859 23.6620356639226
84.5796167850494 90.1399254798889 88.1478786468506 61.2127333879471 37.3845969637235 45.650194088618 57.4958523114522 66.935141881307 74.3759870529175 67.3655122518539 48.8111476103465 50.342117746671 48.0679422616959 53.4989933172862 52.0944098631541 44.2850987116496 42.295108238856 51.7823994159698 59.9296540021896 71.6425577799479 73.9610741535823 70.5491801102956 62.0047152042389 56.7490855852763 58.2204063733419 60.7601751883825 55.4173390070597 62.2171858946482 57.3417147000631 56.3162167867025 62.5582337379456 82.2919507821401 91.2475784619649 69.6597993373871 0 0 0 0 0 0 0 0 11.1147897938887 17.4590547879537 8.00470386942228 9.35117279489835 11.9600097338359 15.8847272396088 16.0240518550078 17.758717139562
86.3473018010457 85.0234230359395 85.3079160054525 67.6456938187281 65.2231276035309 67.9737230141958 78.8629700740178 83.3070576190948 86.2211684385936 80.5740902821223 61.0731144746145 53.9810955524445 53.2039850950241 53.4720718860626 57.390958070755 53.2841583093007 48.9605863889058 56.0531665881475 68.3474391698837 74.9202569325765 71.6317494710286 64.4445965687434 62.0620350042979 64.1270230213801 65.1299655437469 65.5829360087713 63.522274295489 72.9845861593882 89.5157357056936 94.7321653366089 100.52494208018 108.664353688558 119.527250528336 126.481056213379 79.7236263751984 3.51817129800717 0 0 0 0 0 14.4723653793335 14.2628028988838 5.62161020934582 0 0 1.34070341785749 5.06828973690669 12.3959903915723 13.3529491722584
89.381883541743 77.6481131712596 78.4613192081451 71.0713863372803 85.5863491694133 81.4061065514882 83.2700083653132 77.631488442421 73.4688589970271 65.1865601539612 54.9008448918661 47.8338499863942 51.5427788098653 53.037017583847 58.5245589415232 63.5065535704295 56.6089649995168 53.9639194806417 65.6792769829432 68.6968415975571 66.1982397238414 58.8501195112864 59.5048367977142 67.0785407225291 70.8468506733577 67.4716234207153 68.302775422732 74.3583291769028 97.8188812732697 111.331731081009 120.941360791524 126.721233129501 134.408285220464 136.891265710195 127.200067043304 50.8344074090322 0 0 0 0 0.5150061333552 6.67126228411992 12.507605055968 0.429498575006922 0 0 0 2.06513237208128 6.4950796465079 9.98601006964842
90.1441276073456 71.8302230040232 72.4953562021255 77.1132210890452 85.7430597146352 82.3513269424438 69.1290696461995 52.5321910778681 41.3897434870402 35.1266860961914 33.0700104435285 37.3297408223152 46.3458796342214 54.9829105536143 59.5776041348775 66.5570298830668 64.8402174313863 51.4865567286809 55.5693407853444 59.3898594379425 58.6628168821335 59.0624908606211 59.8887801170349 67.036638657252 72.8670209646225 70.9987183411916 74.026957154274 75.5661725997925 91.5788908799489 115.220963954926 131.336251894633 138.593971729279 139.606108268102 141.036649545034 148.72407913208 128.660788138707 44.3125317494074 0 0 0 0 0 0.905252217004696 0 0 0 0 0 1.46004899094502 1.52429519221187
88.3211692174276 89.5726482073466 111.575464407603 144.579460223516 118.874351183573 88.2582366466522 59.1620951890945 36.3685488700867 26.0112881660461 28.9317816495895 26.430477698644 26.4576723178228 44.6913739045461 55.2420914173126 66.1686460177104 72.8901525338491 70.1720019181569 57.0929199457169 56.9024880727132 61.698908607165 58.6148599783579 62.2159341971079 64.9813661972682 67.8082952896754 75.3838072220484 80.4620484511058 80.1211595535278 82.2620888551076 94.6337978045146 120.365480581919 139.244218667348 143.863101800283 141.199330488841 148.963322242101 159.007360537847 162.38941748937 133.915265401204 70.9962596495946 10.9077207744122 0 0 0 0 0 0 0 0 0 0 0
101.800948381424 136.328270037969 184.627612431844 206.592281659444 183.713654677073 130.113581816355 80.5377016464869 49.2611229419708 40.1368215680122 45.5525418122609 37.1444175640742 31.422865887483 42.8774456183116 53.4412662188212 67.35660135746 76.7766386270523 72.7037986119588 66.0983622074127 59.721032778422 62.5738849242528 62.2619291146596 64.9209916591644 68.6451892058055 69.4883515437444 75.9131213029226 88.0324840545654 89.8939371109009 97.2772339979808 106.338769197464 123.754392067591 139.697392781576 147.822459538778 149.873713652293 157.592346270879 163.632770379384 163.478136062622 156.069695949554 136.026084423065 66.9786036014557 8.92694977422555 0 0 0 0 0 0 0 0 0 0
163.058092196782 198.676586151123 222.73576259613 224.849104881287 222.992718219757 193.801164627075 151.010533173879 111.037502686183 86.6174797217051 73.1582641601562 68.8337882359823 56.3884476820628 45.3591048717499 50.629402200381 72.1848160028458 77.7677148580551 71.151206890742 72.7771818637848 62.652533253034 61.0356728235881 63.9494856198629 64.929872751236 67.0598447322845 69.4547494252523 74.2780367533366 88.3626341819763 95.478355884552 104.388296604156 115.124473969142 123.33079179128 135.290145874023 146.749546130498 149.955451488495 146.629830201467 149.692237377167 140.512307484945 142.965018749237 129.362920920054 81.7230542500814 27.6568606495857 3.78037492434184 2.72982101887465 0.932338337103526 0 0 0 0 0 0 0
214.09285068512 229.964693387349 232.240200042725 231.459736824036 233.735620975494 229.722797870636 204.670826594035 162.795384724935 120.934516191483 101.701031128565 99.1385579109192 91.0306175549825 63.7299915154775 60.2553635835648 68.8541233539581 72.8127459685008 67.9074128468831 67.8573449452718 61.7720037698746 63.3650620778402 61.0996782779694 62.0667785406113 62.0046903689702 63.849593202273 70.7858006159465 81.6658089558284 94.4543878237406 98.6750026543935 110.135833422343 123.757779598236 135.75757543246 137.936413288116 128.619988759359 117.825170358022 119.659046332041 104.231238365173 104.728043079376 89.1238152980804 52.216500043869 18.1190967559814 16.061294823885 11.1585905154546 4.45015480120977 0 0 0 0 0 0 0
227.307816346486 234.123051166534 233.509480953217 233.632266521454 234.459817409515 231.82600736618 224.167863527934 190.969963868459 140.803356965383 114.37933643659 113.577703634898 110.778391361237 92.6344990730286 73.654517531395 68.9237266778946 71.1360226074855 65.653199950854 60.8258793751399 62.3155782620112 65.2107646067937 60.2498998244603 58.8773985703786 61.7237289746602 63.3813540140788 67.5712575515111 76.0830094416936 86.2484872341156 87.3682896296183 97.0083276430766 116.397778193156 127.549320459366 125.178386767705 117.792199055354 111.587166786194 103.834569454193 89.0753666559855 93.3074156443278 90.3647442658742 69.9621587991714 33.9353630940119 28.3913364013036 28.5007730126381 6.66674164434274 0 0 0 0 0 0 0
222.796718279521 225.194136301676 222.23432858785 222.561796506246 223.148544629415 217.414895693461 212.608138720194 192.909638086955 149.567504723867 125.45116742452 118.47992738088 114.683270454407 106.058796246847 82.5945784648259 74.0135808785756 77.0271122455597 69.3998982508977 59.799646337827 64.8925503094991 66.1640514930089 63.757136464119 59.7221155961355 64.1186237335205 68.6920632918676 67.0382877190908 72.4409818649292 78.6058604717255 79.4962098201116 86.8800779183706 106.906731923421 118.54808529218 117.792358001073 119.993368784587 120.9783355395 102.59273648262 95.8766142527262 100.691149632136 107.790927092234 102.790256341298 62.1161460876465 22.628627717495 4.00818170358737 0 0 0 0 0 0 0 0
199.284712473551 201.858162879944 204.026420911153 201.365749041239 200.015008449554 197.903533776601 202.201048533122 198.41347138087 164.117763439814 133.102864027023 119.392255942027 108.056356509527 100.583702325821 82.2515587011973 70.3207651774089 76.4958063761393 78.5254885752996 66.3679391145706 68.507045507431 71.5705007314682 70.8351681629817 65.9169107675552 67.1884218851725 70.8269526561101 69.7817504405975 70.1639950275421 76.8857896327972 83.5399031639099 88.5792771975199 101.341336965561 113.583207130432 120.203236738841 121.135542790095 125.121126572291 106.032202641169 106.769452492396 107.076615095139 115.8753434817 115.97619454066 75.3238101800283 11.4753320813179 0 0 0 0 0 0 0 0 0
176.560878753662 185.556610425313 195.864538351695 193.146586418152 191.324512163798 197.832326094309 205.89945713679 208.217024803162 185.643315315247 147.03713854154 125.796258449554 102.019101381302 87.6769920190175 76.2681861718496 66.487784186999 71.775476137797 83.6068093776703 74.5292355616887 70.7981288433075 73.807492852211 75.5405277013779 71.1306035518646 68.1354900201162 70.2520360549291 72.5633601347605 70.8505163590113 75.336088736852 84.6803387006124 88.481734196345 94.5424934228261 107.313106457392 119.365870952606 123.490313688914 115.741908550262 101.967891057332 115.461756785711 119.284798701604 124.935706456502 123.202701409658 96.6853896776835 6.64735461274783 0 0 0 0 0 0 0 0 0
138.332605361938 149.564266204834 159.027020136515 163.522958755493 172.394315401713 187.557816505432 201.935966809591 208.644350369771 202.473739782969 168.279409408569 134.410162766775 102.92241970698 85.4787230491638 81.8357219298681 72.9690293471019 66.4596458276113 77.8956313927968 79.2903006076813 72.4781652291616 72.063222527504 72.7743158737818 69.7045177221298 67.3929452896118 68.5833990573883 72.1162060896556 76.1462350686391 75.9184211492538 81.5561860799789 86.7229004700979 87.9305601119995 98.3869036038717 114.299257596334 119.670848051707 103.557209173838 105.519791444143 125.606795152028 130.639960368474 127.700944741567 127.942025661469 123.616983493169 64.4944757223129 0.110446572458992 0 0 0 0 0 0 0 0
100.965400536855 108.296314875285 107.436845699946 118.571947018305 135.014722744624 153.709232807159 168.367962042491 179.887890815735 180.970112482707 154.89927927653 119.325459003448 93.8665469487508 80.9870312611262 78.7317454814911 75.4326830307643 69.3393846352895 73.9933798710505 74.7002611557643 67.3241217931112 66.8224642674128 70.3371614217758 73.6681620279948 73.327715198199 68.8620805740356 68.0257876714071 72.7588435014089 77.4417171875636 80.7489156723022 86.8466198444366 86.5706900755564 88.2111291090647 102.772494157155 110.605557759603 106.502403815587 129.109462102254 138.541082541148 135.187258323034 129.26991780599 132.637759049733 146.841684977214 140.828907489777 75.1963208119075 8.42857485016187 0 0 0 0 0 0 0
89.4781450430552 91.8629467487335 91.3947323958079 93.2511389255524 103.001554807027 109.230995178223 113.60639333725 119.132687648137 118.511120478312 102.35458612442 85.7486526171366 80.9308936198552 79.1593889395396 75.6927331288656 74.4200299183528 74.286366502444 73.0231205622355 73.6031035582225 68.2608286539714 67.2813802957535 71.8070516983668 77.3567507664363 78.8199206193288 74.4397143522898 71.0386435190837 69.3774869044622 78.9379527171453 83.5419197877248 85.9367152055105 86.4005486170451 87.6760681470235 95.0309038162231 103.971103827159 114.32558298111 138.609170913696 136.878122886022 126.902043819427 116.971592108409 119.938870271047 137.70670692126 149.659216403961 146.88245455424 87.6149237155914 18.7204157312711 0.0606152752880007 0 0 0 0 0
98.1768071651459 95.7544048627218 96.0168838500977 95.2126781145732 91.2281771500905 89.3808404604594 87.5193874041239 89.1093214352926 93.9526756604512 84.7888986269633 77.1550585826238 78.192338347435 81.4838806788127 81.3279648621877 79.3103228012721 76.7002801100413 71.1977730194728 79.3451766173045 80.8933824300766 75.882484515508 78.0867089827855 78.8589815298716 76.2555301189423 78.2381395498912 79.2495012283325 75.5335340897242 80.8518429597219 83.6257735888163 87.1687630812327 88.8889829317729 89.10204966863 94.4846669832865 101.237585147222 119.799633820852 130.890468756358 125.129044055939 111.768146355947 101.206382115682 97.7060695489248 109.476576248805 143.210629622142 146.641621987025 122.113297382991 61.1374080181122 7.00757590432962 0 0 0 0 0
103.299925724665 100.37703315417 103.144854307175 101.758698622386 94.2932665348053 90.5406475067139 88.0655248959859 84.6349795659383 84.4852129618327 81.4453462759654 79.2077928781509 79.0017048517863 82.6621949672699 86.4490270614624 85.663229227066 82.0238093535105 78.4743080536525 83.9116275310516 86.0456029574076 79.1163295507431 76.2773255507151 75.4763782024384 72.054664293925 73.9008982976278 78.386848171552 75.085108478864 72.0639477173487 78.1289090712865 83.2808911800385 85.0496788819631 87.5905056794484 87.4484181404114 99.4088550408681 121.193508307139 126.662115255992 112.362752358119 99.7611482938131 96.4141488075256 96.4665015538533 105.953246355057 114.302049080531 118.490993976593 103.731274604797 68.7862733999888 13.2017247378826 0 0 0 0 0
86.5479211012522 89.467724164327 98.7825393676758 95.8318809668223 98.3394384384155 100.979179143906 100.143452485402 95.1377153396606 83.7284127871196 82.020491361618 85.7288936773936 81.4658949772517 82.4636767307917 86.2587988376617 86.7608884970347 83.5909247398376 84.6398969491323 86.5941445032756 86.8564645449321 81.3467353582382 75.5090564489365 72.7971096833547 70.3380405902863 70.8682537078857 72.6426541805267 76.3576676448186 72.4448909362157 75.1508722702662 79.3865670760473 81.6717942555745 79.8273632923762 79.2693048715591 89.6464784940084 106.320122877757 112.94295390447 101.067165533702 97.724974155426 102.591017882029 106.617073218028 105.946689844131 100.745588541031 100.043793519338 93.8959022363027 65.7476087411245 22.4082420269648 0 0 0 0 0
