input/barkrak2/radiation/dir06824.grid
NCOLS 85 
NROWS 70 
XLLCORNER 665100 
YLLCORNER 4664600 
CELLSIZE 20 
NODATA_value -9999 
[rows 42 to 62 of 70, columns 0 to 46 of 85]
162.885506947835 160.160173972448 161.927402019501 160.541117191315 153.954297304153 149.448017279307 146.309912204742 142.52249399821 141.476651032766 138.99439573288 135.936786731084 135.042697191238 138.305395841599 142.941663662593 141.364634037018 138.675292332967 134.433637062709 139.580915371577 142.967094977697 134.639918804169 131.469011306763 129.810571670532 127.609173456828 129.09655769666 133.651435375214 131.392429272334 127.908935149511 134.653200705846 140.119870503743 144.700666268667 147.453198830287 147.506813208262 158.22966893514 181.016564369202 188.340802987417 165.185511112213 150.22224187851 147.810647885005 151.59747004509 162.021001180013 171.279231707255 171.541670958201 157.040735085805 122.108618418376 57.9789777596792 10.594803839922 0
146.419872840246 149.164785941442 158.203105131785 154.907763004303 157.981365919113 159.365783135096 157.981107632319 151.732663313548 140.599409739176 138.306776682536 141.848703225454 137.424170970917 136.795183022817 140.257149934769 141.653666893641 137.748936812083 139.616141716639 141.23406012853 141.073763370514 136.191894610723 129.835943380992 127.231558163961 125.859399636587 124.557971954346 127.361496289571 132.98828403155 127.282470464706 131.60894314448 137.308170398076 139.603197574615 138.454496860504 137.1790766716 149.00940656662 167.872488498688 168.978254000346 153.024544318517 147.655596335729 155.85928161939 162.306994199753 163.058996200562 156.708141167959 153.826077779134 146.932949622472 118.880420923233 69.2692051331202 12.8078013658524 0
144.935021797816 149.691740671794 153.31886212031 153.858929872513 155.787656704585 158.658524354299 157.922556002935 154.17143702507 147.834757963816 142.84481604894 143.591513236364 140.790492296219 135.818024476369 133.720139662425 134.290566047033 133.478830258052 130.094230175018 136.971980333328 138.289342323939 136.522183815638 131.465256214142 129.464268684387 128.060380617777 129.408746957779 126.22998158137 135.515590508779 140.312592188517 137.301027774811 138.651718695958 137.426873048147 132.635821898778 130.930572748184 137.707501649857 142.932146787643 146.357039610545 146.083245674769 151.067972183228 164.030869801839 168.729623158773 157.73884455363 155.916899442673 148.958504199982 143.250326315562 122.40673104922 85.5514109134674 39.748469988505 0
150.829424460729 156.00993235906 152.553896109263 156.683335701625 154.392143090566 154.545038938522 155.355950196584 153.952459494273 155.050694942474 148.74792098999 146.337886651357 145.549247662226 139.408618211746 135.227680206299 133.286277453105 136.368403832118 130.236208438873 132.982353369395 138.120154539744 135.844578345617 132.429977258046 133.283396561941 131.311635176341 131.620248158773 134.009937445323 133.475144704183 140.633851289749 140.781104564667 138.649841149648 138.93191019694 134.255597988764 130.257298549016 133.568624655406 131.0160557429 129.607578118642 130.277017752329 139.464189608892 154.650608698527 156.148960192998 141.849060853322 145.38116256396 138.839373985926 136.049777269363 133.32387804985 114.736467599869 74.7254689534505 30.1885480682055
151.088575522105 152.295639117559 155.738115310669 157.478272914886 157.587101062139 156.212041775386 158.360799153646 160.492281119029 155.680070320765 152.589937051137 151.23396118482 149.093568325043 145.484387874603 141.135265429815 139.262566963832 142.280558745066 139.772315820058 132.758557796478 139.08185561498 139.166673024495 135.641833146413 136.060059070587 134.293218453725 130.004505316416 137.990057468414 133.168359597524 132.652759552002 136.951555808385 136.936724185944 138.268887996674 137.929459412893 134.160300095876 132.905145486196 131.294945875804 131.502668062846 130.538741747538 134.152839581172 143.542687098185 145.500202973684 142.200688521067 142.525305350622 135.022113720576 139.845261971156 147.763093312581 139.516005913417 104.644030332565 59.3612343072891
144.625534613927 147.362053394318 153.896073500315 155.502607425054 159.664690494537 160.133043924967 157.914767662684 157.224496205648 156.180560588837 158.038596312205 153.452684481939 149.923880894979 147.251238425573 145.987490812937 143.568376700083 141.829202572505 139.796366294225 131.978839635849 137.164225180944 138.776560624441 134.769648313522 134.703586498896 136.82426015536 128.382901350657 132.037103176117 132.027993599574 127.018908659617 131.393680969874 134.534696737925 134.298990170161 136.98215285937 138.360997041066 132.506996393204 136.350472768148 146.87579870224 149.096568425496 144.445518652598 139.826248089472 143.744071324666 155.038009087245 146.857261657715 137.275358041128 145.030498504639 151.222964127858 144.580682118734 123.348822196325 81.5347681442897
137.3603840669 140.968561172485 146.681994199753 151.193886995316 157.363474369049 161.54670715332 157.61528412501 155.61983982722 158.183991909027 160.397738218307 157.601694266001 152.10352341334 148.897568384806 150.0417192777 146.027694145838 139.957249164581 138.338009516398 132.218102614085 136.167208353678 140.589157740275 139.123886823654 139.578372240067 140.921135743459 136.169254779816 131.635318199793 137.318869431814 133.202930291494 136.785159508387 141.594618558884 145.409554243088 152.098039786021 152.234554290771 143.701692422231 147.153516610463 156.390051047007 162.065664927165 160.328209400177 150.237341721853 147.612472375234 154.152125120163 143.961985905965 135.571350653966 132.951041062673 132.079273462296 130.031496286392 128.981163104375 118.214746316274
136.876394351323 134.248594443003 138.908118009567 148.253967364629 153.738210598628 157.01828400294 160.332014163335 161.831696828206 162.594000498454 157.939811547597 159.323950608571 159.342368443807 154.224107662837 151.772260665894 148.919612169266 143.56795946757 140.811175107956 135.825475056966 140.724122524261 145.983904600143 147.199342648188 146.22770746549 142.4673696359 142.475525538127 137.719492117564 141.964962085088 142.690052588781 144.996672868729 150.014827648799 160.110394159953 166.616092125575 170.881986618042 160.571157932281 158.844411373138 155.241856972376 164.497792720795 167.506734530131 164.080590009689 154.127726952235 141.892512639364 132.57039586703 134.464869896571 132.782886425654 127.010683218638 122.977544864019 127.799491087596 122.254461050034
138.475735982259 140.742798646291 144.036591053009 151.710331439972 152.225871880849 152.526348829269 161.293983459473 165.773848692576 165.763248999914 164.036333560944 162.681738535563 161.71062986056 157.950341701508 152.303010225296 151.333699623744 153.985798358917 146.4670697848 143.435498078664 144.534508387248 150.718053181966 151.605317989985 150.446573893229 146.792382001877 143.821607033412 138.659844795863 145.441343386968 149.469425280889 148.445665836334 153.789619604746 162.59495417277 172.08993434906 180.328627427419 172.467033068339 159.513741731644 149.091829856237 152.32973297437 162.276764710744 169.681072235107 158.130119244258 135.239203770955 126.969625552495 136.838406324387 140.447676181793 135.033925374349 128.987073898315 125.405957301458 107.486555973689
138.5877430439 149.512261152267 152.11687485377 154.218564430873 152.253041664759 151.458789904912 158.599237600962 164.985279242198 163.869043191274 169.021228949229 165.914614995321 165.499657392502 161.971141894658 155.742784341176 153.628349304199 160.32937169075 153.991490602493 147.950569788615 145.28947075208 148.634453614553 149.306217829386 147.581607103348 145.976434151332 140.152851740519 139.498651027679 139.873296022415 144.911110401154 146.09040816625 148.735046386719 154.127965370814 165.266881386439 178.883910179138 174.541493256887 149.901201327642 115.927159786224 108.737210432688 130.357086658478 154.213935136795 163.82908821106 161.873231331507 155.931790669759 144.889702399572 129.033784071604 126.619478066762 136.060426632563 126.797725756963 102.661530176799
142.131984233856 139.83033100764 139.860411485036 143.092016379038 150.913953781128 155.343582232793 154.885103305181 162.053326765696 161.030133565267 164.96870915095 166.065355141958 167.260944843292 166.101435820262 160.887132088343 156.607975562414 155.518591403961 158.249715963999 148.810148239136 142.981588840485 141.793121894201 141.347785790761 143.062114715576 143.993665774663 137.87047068278 137.716511885325 134.790897369385 136.603196461995 136.041800181071 136.291315158208 136.570344368617 143.138776222865 159.863611062368 156.79727991422 128.257195154826 91.274360815684 71.3371286789576 78.7499099969864 109.416266282399 146.84917529424 161.601116259893 165.144582589467 147.479484478633 122.412582238515 118.463297684987 129.847049713135 116.63693189621 98.133792479833
147.279928127925 135.616302490234 132.793257633845 138.249814510345 151.40774846077 160.108248392741 159.392724434535 160.51592429479 162.493248780568 162.769933541616 164.93413845698 167.094429334005 168.484727541606 166.75611337026 160.098254680634 157.274703184764 159.331450859706 149.899065494537 144.757350285848 145.914375782013 145.427465438843 142.471055189768 140.71120818456 138.329694668452 136.443436145782 134.920457998912 134.77897644043 133.659501870473 130.640019973119 125.057280063629 117.82435576121 126.224448283513 127.755542596181 107.945760091146 91.6929642359416 72.5162128607432 53.029328584671 59.516429901123 83.3552082379659 120.98369995753 145.573993523916 135.225792725881 122.211406628291 116.424530744553 110.037366549174 102.726976076762 95.5574909845988
148.046990235647 141.574005285899 137.383878231049 142.703185478846 152.871559063594 162.066330512365 164.722502231598 161.181668440501 165.278037389119 163.603941599528 166.949808597565 168.210943539937 170.352319876353 171.217163403829 164.150794347127 163.357237974803 163.385887940725 155.914038419724 150.817135969798 152.434527873993 152.515550454458 147.92479077975 145.274102687836 144.902100165685 139.54218228658 138.909131288528 135.163148244222 134.25146540006 129.971792300542 121.442824602127 110.44696966807 116.035878658295 119.293649991353 118.335942427317 117.15359489123 105.292797088623 76.436107357343 59.0620537598928 53.4593512614568 68.6675210793813 105.263610680898 110.585749149323 99.1541842619578 69.9342638254166 69.319874048233 91.6537443796794 100.489993890127
152.662803729375 150.241086880366 144.974758227666 141.642173131307 149.105817079544 161.498069763184 163.452655076981 161.817332108816 162.911951541901 167.351802190145 174.233436584473 174.511075019836 172.347982724508 173.293709754944 169.111589590708 168.014089266459 169.475277264913 165.304263432821 159.418235222499 156.28915031751 153.988967339198 151.163518428802 152.496844530106 154.682735602061 149.954130252202 145.84348599116 139.320234457652 128.554781277974 121.252834796906 115.46923716863 114.917894204458 121.721565723419 125.33238530159 136.906782786051 144.884030024211 141.950388749441 130.039085944494 110.976318518321 95.9234436353048 64.2364124457041 74.4798829158147 95.3246653079987 95.2118436495463 82.4556996424993 83.3576718966166 102.165281772614 130.60720761617
155.514846245448 154.651323954264 152.006487051646 146.512905756632 146.154959996541 158.486227194468 162.005186080933 162.460615237554 161.098619302114 170.285900433858 178.64598830541 177.712599436442 173.462788263957 175.292611122131 175.079067548116 168.128927548726 170.305887858073 166.089375813802 161.1221631368 158.921291430791 157.597859700521 157.8688621521 154.904206593831 153.346637884776 150.765558083852 144.194811582565 122.660607099533 98.3176032702128 94.339907169342 101.532727479935 112.128039201101 118.235210577647 124.10428126653 130.311697721481 144.736389319102 159.78878736496 152.718722820282 147.923787434896 151.959627866745 109.0969145298 79.5588095982869 98.103274901708 115.943729877472 118.466476599375 119.921902815501 135.458578666051 163.304140170415
154.745131731033 151.9455909729 155.130912860235 154.957075913747 151.06060107549 154.09720937411 162.650883197784 163.951237996419 162.35030690829 169.698754946391 177.758594353994 176.952580610911 171.438992023468 174.642443656921 177.368144194285 166.891535123189 169.221083323161 166.926960150401 164.329260587692 165.190637111664 164.876778920492 164.8950278759 159.812341133753 151.460518439611 150.75296163559 147.169272104899 126.51526927948 101.672907670339 101.043144861857 110.856801271439 123.382975657781 124.205897251765 135.796010494232 145.51255106926 163.880000511805 161.560634771983 157.67714381218 107.09747672081 87.5960191090902 112.353146076202 109.908849000931 125.604967276255 130.078454812368 112.466822067897 100.52897532781 114.967207113902 141.447067260742
142.230530579885 150.57897567749 153.288503487905 154.892653226852 152.968068917592 150.20881096522 162.311375141144 167.254328727722 165.548185507456 168.181478977203 173.490802447001 174.486100673676 172.748307387034 170.163790384928 172.280192375183 167.899330457052 163.691312074661 166.344026724497 167.511741320292 169.362902641296 171.042899290721 167.047222455343 165.176212787628 158.648272355398 157.78523683548 157.164255777995 149.841765562693 142.039477825165 143.535753091176 146.486788988113 144.6280280749 133.987953265508 150.010327498118 163.699706395467 151.00771188736 144.252995649974 108.875910441081 64.1313493251801 48.5324958960215 72.9796985785166 113.586117823919 137.418588002523 131.885310014089 116.357843081156 105.06929953893 110.071758429209 126.832763353984
131.386409203211 147.639691829681 151.437183221181 153.105239073435 155.316690603892 151.123185952504 156.943579514821 166.400293509165 176.099419593811 175.163785616557 172.37643400828 171.340604623159 173.317035039266 170.853734016418 170.283198356628 168.30712556839 163.194914658864 164.086391528447 162.125507990519 158.349245786667 160.444051027298 161.138693491618 160.447309414546 158.098826805751 161.426335573196 166.837473710378 176.777005195618 180.519700050354 165.572245915731 161.763966083527 150.36145846049 136.991103490194 144.621660312017 135.347525278727 103.232145309448 67.9123302300771 65.2948766946793 54.639458656311 39.0323673685392 38.9204571644465 56.1862637599309 98.9035665988922 129.475146532059 150.865455468496 165.313512086868 161.722977956136 154.218514760335
133.054922024409 144.052555163701 151.889135440191 153.366516033808 154.329379399618 155.200799306234 149.321933587392 160.019924243291 181.213001410166 179.888864358266 172.876675923665 170.090436935425 171.760360399882 173.970301946004 172.632435957591 168.874839941661 165.999492009481 162.117292483648 154.696007569631 146.955698728561 145.684460798899 149.528741836548 150.399049123128 152.456969022751 155.868977308273 163.060774405797 183.795809745789 195.760746796926 177.122394243876 166.707734266917 139.532168706258 124.438166618347 124.475210905075 115.294565757116 89.2376999060313 59.3913445870082 65.5863185723623 78.4021218617757 71.6150999069214 54.1455795367559 40.8827339609464 61.6454283396403 107.659200827281 140.897323687871 156.447728474935 151.7014503479 144.332806269328
145.76522509257 149.218539396922 151.795089244843 147.948155800501 140.876789887746 138.42166463534 147.275825341543 151.222149531047 162.588616212209 161.166538794835 159.969508647919 165.36275545756 171.000878016154 171.53521378835 167.221486568451 168.738623460134 167.486349741618 160.183012485504 151.508629322052 144.754866758982 142.230878273646 142.161786556244 145.788093407949 147.874414920807 146.133085091909 154.551764329275 166.664948066076 176.078081130981 163.497497638067 153.676986694336 135.645707448324 116.751869519552 107.820967833201 118.81219347318 109.765350818634 84.3033194541931 89.4261797269185 129.355887571971 136.697212855021 113.989720741908 74.6661672989527 61.1831396818161 82.0878644784292 101.69118642807 100.673298041026 108.312636613846 113.345881303151
159.443984429042 155.757079521815 152.068694432577 143.937091032664 131.774803002675 122.624407211939 136.560867230097 135.45153538386 122.842798630397 124.930173158646 140.923152367274 153.22478612264 158.602108558019 162.773112456004 165.761331717173 176.35985215505 178.297559420268 168.444593747457 157.831410566966 152.834256490072 147.577444712321 146.781027317047 147.442996501923 145.024677117666 145.158529281616 149.64367945989 152.230362097422 153.018256028493 149.099777142207 130.749483903249 133.024563392003 124.298026164373 115.08122086525 130.250334739685 131.510883569717 118.554343779882 112.51308520635 116.431653499603 123.274475336075 121.472160021464 102.920134862264 83.4283431371053 82.0164134105047 78.3614714940389 54.9560338258743 76.1745472749074 91.0608371098836
