input/barkrak2/radiation/dir04124.grid
NCOLS 85 
NROWS 70 
XLLCORNER 665100 
YLLCORNER 4664600 
CELLSIZE 20 
NODATA_value -9999 
[rows 44 to 65 of 70, columns 0 to 48 of 85]
86.5587691466014 92.7096803983053 96.1073438326518 97.0889329910278 98.802904287974 101.62032643954 101.691534121831 97.7806150913239 92.5884544849396 87.8353317578634 89.323083559672 87.1056020259857 83.4650695323944 81.6006809473038 80.8002303044001 80.7553827762604 78.0391991138458 84.3903919061025 86.6258939107259 83.9837193489075 79.3951998154322 77.2548367579778 76.4377762873967 77.1139164765676 73.2552856206894 83.1504662831624 86.1620306968689 83.4253927071889 83.2386910915375 81.2431176503499 77.3293475310008 75.2961387236913 81.9358974695206 86.6203506787618 92.7852292855581 95.5621997515361 102.268099784851 110.639741023382 114.483296871185 105.704933404922 102.907687425613 97.0133145650228 92.7032033602397 71.7906802892685 37.8259345889091 1.75009698917468 0 0 0
93.3244824409485 98.1025695800781 95.2533682187398 99.0566909313202 97.59787718455 97.4902411301931 98.9672541618347 97.6278086503347 99.1533597310384 94.0253635247548 92.7256246407827 91.6713277498881 86.5459640820821 81.410934527715 80.9050699075063 84.5184127489726 78.6935190359751 81.7042986551921 86.5549147129059 84.8174889882406 81.6856722036998 80.9163649876912 79.8213630914688 82.0442189772924 82.0447703202565 81.8209002415339 88.208665450414 87.6603921254476 84.5873554547628 83.6696922779083 78.8877705732981 75.6502399841944 79.170952240626 77.7929623921712 77.9631634553273 81.1941623687744 90.1829302310944 103.29665740331 103.926241397858 90.7064080238342 92.5232867399852 87.0496034622192 85.9880646069845 82.8155030806859 63.9039625724157 28.3654530843099 0 0 0
92.9085314273834 94.8315064112345 97.58593638738 99.9531745910645 99.4985302289327 99.2900133132935 101.459632317225 103.582243124644 99.6194382508596 97.8170235951741 96.9570477803548 95.7768162091573 91.5461977322896 87.9196723302205 87.2735977172852 90.7124280929565 87.9696706930796 82.854022582372 88.5381599267324 87.2228741645813 84.0937693913778 84.6288104852041 83.9031338691711 81.1438163121541 87.8428419431051 82.4531068404516 82.2892338037491 84.3647221724192 85.4143699010213 85.2607687314351 83.1550459067027 79.1550974051158 77.9234419266383 78.5120079914729 80.1315853993098 81.1517934004466 83.3642482757568 92.2081867853801 93.851238489151 91.2015636761983 90.4649595419566 83.3723644415538 89.1690949598948 96.5920686721802 86.3924423853556 54.7908047835032 13.9761033157508 0 0
86.6986016432444 89.0113313992818 95.0536131858826 97.0413784186045 100.985566775004 102.30494538943 100.173612435659 100.13222694397 100.284914175669 102.651059627533 99.1489191850026 95.6197877724965 93.7351584434509 93.5234030087789 91.137816508611 89.6966358025869 88.5820587476095 80.3582419951757 84.7508907318115 86.6352518399556 84.0286612510681 84.380845228831 87.5704487164815 79.8058261473974 83.1076999505361 82.7194998661677 76.7409652471542 81.6596498092016 83.5613906383514 83.2484165827433 84.6138099829356 83.8955839474996 78.4924278656642 81.9734086592992 93.1263069311778 97.485363483429 92.5592482089996 87.6232981681824 91.7647083600362 103.489031394323 94.9664910634359 85.3091577688853 92.6101207733154 99.5115538438161 91.552346944809 73.1546978155772 36.051499346892 5.43703697621822 0
79.04352247715 82.2693010171254 87.9385968049367 92.4318432807922 99.0692277749379 103.019853432973 99.4639197985331 97.5585877895355 101.802329222361 103.875776131948 102.057953675588 97.5367327531179 95.6754585107168 96.9892243544261 94.034214814504 88.4163876374563 87.5870585441589 81.4755260944366 85.1441025733948 89.3522202968597 88.2897973060608 88.0369544029236 89.9925629297892 86.5650077660878 84.1217537720998 85.8219563961029 81.9680839776993 85.5196714401245 91.5785034497579 94.0200090408325 99.0749398867289 99.5105405648549 89.5761251449585 91.8406744798024 100.716372330983 109.16593670845 107.469568649928 96.4214205741882 94.7705109914144 100.341498851776 93.2663083076477 83.9849213759104 81.5507024526596 81.4985930919647 79.8832277456919 78.3007790644964 67.7589476108551 15.9398640195529 1.97127368301153
78.1130790710449 75.4647801319758 79.7830919424693 88.7384712696075 95.1779087384542 98.5414783159892 101.269364356995 104.004859924316 104.754984378815 101.365298032761 103.225817282995 103.446404139201 100.200275580088 97.1472561359406 95.0280129909515 90.2411739031474 89.1959071159363 86.2884521484375 89.498778184255 94.361275434494 95.9612528483073 95.8353678385417 92.797189950943 92.8276081879934 88.0574285984039 90.3895298639933 92.6210383574168 93.9358174800873 101.881057024002 108.460714419683 113.856613636017 114.811728398005 108.086337645849 100.894063711166 97.3105827967326 106.952806313833 112.324297428131 107.668697834015 99.3116100629171 89.6666248639425 82.7956298987071 83.6368203163147 81.9779882828395 77.1987835566203 73.4498103459676 76.5847265720367 73.4172115723292 25.0099897384644 3.0365406225125
78.6210050185521 82.0652743180593 85.6070717175802 92.5543606281281 93.0645962556203 93.7399367491404 102.05273826917 107.164522012075 107.163767019908 106.278916200002 106.255094210307 105.798969666163 102.234860261281 97.4333186944326 97.9864299297333 101.393570502599 93.3501919110616 92.6061669985453 94.185342391332 99.5266139507294 101.689616839091 98.206490278244 95.389187335968 96.5775549411774 90.0755723317464 95.4065720240275 99.7747282187144 99.8524030049642 106.577644745509 115.48591653506 121.462355057398 125.851273536682 115.533590316772 106.123109658559 92.0252899328868 96.6753760973613 107.203582922618 113.296975692113 102.616051832835 84.9809050559998 77.1238952875137 85.9288175900777 87.5698427359263 83.991269270579 77.2792746623357 75.3587782382965 62.2806449731191 30.741885304451 4.67374175786972
79.3006966511409 90.5439058939616 93.1859215100606 95.0122872988383 93.1226909160614 92.3924048741658 100.309868653615 105.992078781128 105.907887220383 110.834360122681 108.082453409831 106.972694396973 104.719618956248 99.4752446810405 98.8016625245412 106.301267941793 99.8228192329407 96.7796444892883 94.4683949152629 96.9511071840922 97.3297953605652 95.1020618279775 95.6682860851288 92.3590262730916 89.222252368927 91.940184434255 96.9912012418111 97.1317092577616 99.9549428621928 109.258900086085 116.744210322698 124.386350313822 118.266105651855 96.6393053531647 66.0497297843297 42.4463897943497 69.8068688313166 96.5628822644552 106.085747480392 108.416795730591 102.350622415543 94.3654974301656 79.2426019906998 77.2310644388199 83.3730498949687 77.81716187795 59.3558053175608 47.2322801748912 11.2387302021186
83.1307421127955 81.0300012429555 79.9627304077148 82.5128257274628 90.1453991731008 95.9572990735372 96.4169104894002 102.657854557037 102.1655301253 106.86735312144 107.634156942368 109.337468942006 108.706106742223 103.202084700267 101.261953512828 99.9437173207601 101.725031932195 95.5257018407186 89.9681051572164 88.2301926612854 88.6288980642955 90.1796718438466 91.7851825555166 86.3298376401265 88.6405607064565 84.9379102389018 86.873193581899 88.4679357210795 87.8296991189321 91.8651918570201 96.4381396770477 106.953094402949 103.019456068675 79.2362292607625 47.6719041665395 26.5504072109858 27.725654343764 50.0400761763255 82.1647495031357 104.725569486618 112.287561098735 96.0862636566162 75.7349828879039 71.4836269617081 78.9462427298228 69.8177913824717 45.4548597335815 62.9306087891261 44.1071341435115
86.1704846223195 75.6624440352122 73.1234451135 78.3643821875254 90.8293525377909 99.9766488869985 99.5282530784607 100.760042667389 103.281786044439 103.271265824636 105.614801247915 108.735233545303 110.398789246877 108.36931069692 103.059977293015 100.360701481501 102.842301130295 95.0612425804138 90.4348194599152 91.2304917971293 92.0559366544088 89.905321598053 89.3295506636302 86.0896209875743 85.6199860572815 83.2440952459971 83.4265649318695 84.2917660872142 82.2421461343765 79.8795868953069 72.66965508461 76.4838308095932 78.4110774596532 63.3111695448558 39.4524460037549 27.8000061710676 15.8401168882847 13.3624610801538 25.8744632204374 60.4383995135625 92.4533009529114 86.5888198216756 76.1549770832062 59.8861624797185 55.8761258920034 55.6691040595373 44.8026408751806 71.9306369622548 82.7776690324147
86.5103205045064 80.5655419826508 78.1129995981852 83.2834492127101 93.0778980255127 101.926336685816 105.197201172511 100.915024677912 105.573137601217 103.971193234126 107.772638400396 109.487990538279 110.288192828496 112.22235361735 106.350958347321 105.924338102341 106.168876091639 99.1714994112651 94.92227435112 96.3509778181712 96.4103440443675 92.2884941101074 91.1121567090352 91.5952225526174 89.8075103759766 89.4209245840708 86.7538551489512 83.0319225788116 77.7831474939982 73.0744103590647 63.5936558246613 66.2222305933634 71.8644162019094 73.2007573048274 71.3702688614527 59.1928760210673 33.395861585935 19.1160341103872 14.4243364532789 22.4820698300997 43.2064880927404 48.7681329250336 43.3628509442011 35.2241645256678 34.8196625709534 42.106290658315 57.1882377068202 64.266175031662 78.0085722605387
90.0443891684214 88.5768930117289 84.31742588679 82.5426975886027 88.6977016925812 100.602040688197 103.13355922699 101.045846939087 102.821419636408 107.989132404327 114.368359247843 115.385135014852 113.393942515055 113.763391971588 109.96284087499 109.325100978216 109.654764334361 106.385360161463 101.223687330882 97.1151789029439 94.9580470720927 93.997339407603 94.6378608544668 97.1077978610992 92.8726394971212 93.3001438776652 85.845539967219 76.9273191690445 69.8557446400325 66.5657768646876 66.5050099293391 71.9999621311824 77.1300395329793 88.9252622922262 96.4451332887014 91.712365547816 79.0060112873713 61.5553557872772 45.6390082836151 24.5489080746969 28.594637910525 52.7968108654022 53.1904349724452 41.6155308485031 41.6272555788358 58.3327313264211 82.2796920935313 77.1382749080658 71.9823191563288
92.7416980266571 92.2546585400899 90.8821622530619 86.726059516271 87.547242641449 97.4673628807068 100.848257541656 101.284931103388 100.821763277054 110.54790019989 119.04314160347 117.773155371348 112.431585788727 115.209758281708 116.192648808161 109.673728545507 111.248850822449 107.94789592425 102.608203887939 101.355373859406 99.3773837884267 99.1592307885488 95.5480138460795 92.9334759712219 91.9244885444641 84.9571228027344 65.9122417370478 46.1859554052353 41.2852217753728 48.5970477263133 63.7524078289668 68.4242645899455 75.1674274603526 83.0485125382741 93.415488799413 105.75407743454 108.830789724986 89.5301302274068 89.6312197049459 56.5792620182037 30.9686660766602 54.4346570968628 70.6119785706202 71.2704261144002 70.9977696339289 86.2729648749034 115.086605151494 102.846254905065 78.8563738266627
91.5680825710297 89.6564920743306 93.4534271558126 94.3103134632111 91.1870201428731 93.9127802848816 100.903501113256 102.095544338226 101.852754751841 109.980434179306 117.415289084117 116.310079892476 111.153781414032 114.437421162923 117.158432801565 107.061286767324 108.683347702026 106.920093297958 104.898353417714 104.967931906382 105.227102835973 105.583518743515 99.761704603831 92.3513968785604 91.8031632900238 87.7611041069031 69.5671240488688 48.9313056071599 49.4495133558909 60.2810680866241 72.8855927785238 74.4061867396037 86.1938993136088 96.7742204666138 105.107645193736 116.394877433777 94.9164827664693 48.6236214637756 49.1681396961212 60.428241888682 62.4105930328369 76.6242990891139 81.7676285902659 65.8342838287354 40.0216827789942 50.6804486115774 91.7637546857198 86.4306489626567 72.051669160525
79.240545630455 87.5614881515503 91.4328694343567 94.1231449445089 93.9309398333232 90.1257793108622 100.975225369136 105.52058617274 105.725278457006 110.302070776622 113.5373711586 113.910675048828 112.797906001409 110.487679640452 111.966560284297 107.946376005809 103.824516137441 107.152322928111 108.975857496262 110.110421975454 112.001240253448 107.301900784175 103.393892447154 96.2210893630981 95.5650806427002 94.9764053026835 90.7951394716899 83.59627922376 85.9652658303579 91.856191555659 90.5153453350067 84.5591028531392 100.547969341278 110.330720742544 105.269243319829 78.3459742863973 68.1845595439275 31.0708607236544 19.1499864061673 31.1799769600232 53.3616691827774 80.897331237793 85.7168436050415 71.109876036644 57.9918126265208 60.7260564963023 76.8814782301585 81.6650390625 79.1575908660889
68.3663686116536 84.5505396525065 89.2602701981862 92.1678841114044 95.2021280924479 91.1899507045746 95.9045588970184 104.92276151975 115.966260433197 116.965601841609 112.879872322083 110.297838846842 112.646748622258 111.214677492778 111.224641402562 108.568807442983 104.397575060527 106.675982475281 104.681968688965 101.525604724884 102.762748797735 102.36735145251 100.957045952479 99.3253191312154 98.9259680112203 102.739572525024 113.41400941213 117.417603731155 103.197683890661 96.3287750879924 94.6514407793681 84.7058494885762 94.8698918024699 85.793932278951 43.8077847162882 34.1298927863439 32.6455906033516 24.3308246135712 10.7505892713865 6.63098009924094 8.73204258581003 32.923070092996 83.0163558324178 99.4907518227895 114.719072977702 108.971118927002 101.968497037888 102.4516026179 101.153115431468
70.1826413472493 81.4359039068222 89.3820325533549 92.0542279879252 93.7298635641734 94.1551725069682 88.2960855960846 99.0955233573914 121.340870857239 120.337943236033 111.156433820724 107.542167107264 110.205382108688 113.623410463333 112.733115752538 109.16456580162 107.630421717962 104.406615098317 97.2986817359924 89.967022339503 89.8306270440419 93.2007928689321 92.6398634910583 96.6459214687347 97.9670286178589 103.561947743098 120.821247498194 130.171726147334 110.103537638982 98.2422729333242 84.5988591512044 74.6201674143473 74.5613326629003 69.8690116405487 49.1831054290136 28.1154488523801 29.5133988062541 39.6952877442042 31.0655608773232 15.9130456546942 6.43622502684593 15.7416301469008 50.0973810752233 93.3401385943095 85.6713851292928 98.2724030812581 92.5933321317037 95.1846837997437 90.396245320638
83.2622994979223 86.7064595222473 89.4214113553365 85.6289565563202 78.6654154459635 75.8793999751409 84.5345755418142 90.633362531662 101.438860098521 97.8865027427673 96.2597330411275 102.121849854787 108.965337276459 110.591401656469 106.283167997996 107.992271582286 108.284731705983 101.818531751633 93.3313270409902 86.949348449707 85.9350462754567 87.4453882376353 90.0603135426839 92.4410323301951 91.9636487960815 95.6548055013021 108.992874622345 118.564357360204 112.408190965652 92.5499896208445 82.0255279541016 64.4061664740245 59.7559710343679 73.6096402009328 68.0257976055145 39.6110887328784 48.3036637306213 79.012672106425 83.2093805074692 61.9461685419083 29.4981027642886 18.3410445849101 31.0843661427498 50.3245045741399 39.6830687920252 52.0094732443492 65.0416513284047 70.0981914997101 68.6313013235728
96.2115923563639 92.5129453341166 88.3079171180725 80.5432945489883 69.3208922942479 62.1268053849538 74.6058225631714 73.1197347243627 61.8672519922256 63.2344782352448 74.6141125758489 88.712473710378 95.4789717992147 100.362678368886 103.914310534795 114.93648091952 117.612878481547 107.750117778778 98.3116229375203 94.2538877328237 91.1891063054403 90.4657642046611 91.5946165720622 91.264675060908 91.2128587563833 93.686838944753 97.2567995389303 104.687521855036 95.5053865909576 78.3983319997787 77.9126385847728 71.5078512827555 66.0160978635152 83.7379594643911 89.0202025572459 75.7839779059092 66.1779046058655 67.1208550532659 65.4955208301544 65.0766442219416 49.5025813579559 36.1261690656344 37.6165236035983 31.2579448024432 23.5278581579526 25.9619330366453 36.1016914248466 39.0760252873103 55.1692098379135
99.4091232617696 92.1371678511302 86.6617957750956 82.2492043177287 74.237123131752 67.2958940267563 61.6051256656647 56.4575095971425 36.9857201973597 46.9896694024404 69.5488055547078 82.0288111766179 82.6825201511383 91.1909143129985 106.368571519852 124.173939228058 129.682799180349 121.688554684321 112.049718697866 107.312460740407 100.9674568971 99.2840925852458 98.5482434431712 93.4305687745412 89.7863109906514 92.1387871106466 89.5277857780457 87.9235068957011 85.1495464642843 67.6059871912003 69.5945173501968 70.7496404647827 66.5822525819143 87.5220100084941 107.137501239777 110.528657833735 83.9442610740662 37.0165556669235 32.1738670269648 46.5123852094015 53.3807426691055 48.4751214583715 50.6508946418762 45.454815030098 32.3580826322238 27.8027902046839 39.8454790314039 50.7632791996002 61.1061950524648
102.407544851303 96.3981648286184 94.8697527249654 96.2803065776825 92.6049947738647 85.3286782900492 79.4040362040202 80.3388357162476 78.6290168762207 83.7692022323608 93.5787260532379 101.201335589091 101.507623990377 95.5377817153931 106.881479422251 124.956866105398 135.767042636871 135.711352030436 127.335399389267 116.604715585709 109.159866968791 103.440244992574 101.345390081406 101.841857035955 97.2729623317719 87.1450304985046 78.0467838048935 79.5468886693319 78.7091801563899 75.0665167967478 61.1323664585749 51.3465702533722 44.9873358011246 74.5954116185506 115.922639767329 124.876091877619 90.4400845368703 53.5581956307093 24.4166031479836 24.5889648795128 29.0692547957102 33.0274179577827 51.7146488030752 61.2161258856455 63.6244316895803 48.7830191850662 48.2183893521627 68.2222694158554 101.082861423492
103.333334128062 100.20570953687 100.430389245351 101.971725622813 101.480275392532 97.1785088380178 96.2730546792348 105.466187000275 123.745967944463 118.777255217234 109.431793292363 112.065891424815 117.63322353363 103.71262828509 104.761848847071 114.623030026754 124.990244706472 132.208933432897 132.00103243192 124.68209862709 117.732028166453 110.327959060669 105.16565044721 101.142168045044 92.0882026354472 82.3584298292796 71.4516490697861 69.3632860978444 70.6997563441594 62.9859119653702 33.4386875232061 30.6571622689565 24.0712811549505 38.581853111585 113.855282465617 126.026809215546 105.170736710231 93.9367711544037 58.507298429807 18.4006467461586 9.96532725791136 7.35606874028842 28.3118759592374 67.0238037904104 75.975904862086 64.8243725299835 63.4249250094096 93.1722025076548 159.051388502121
