input/barkrak2/radiation/dir01624.grid
NCOLS 85 
NROWS 70 
XLLCORNER 665100 
YLLCORNER 4664600 
CELLSIZE 20 
NODATA_value -9999 
[rows 0 to 22 of 70, columns 0 to 51 of 85]
58.030456304550199 71.6099043687185 80.4358720779419 97.833643356959 108.617722988129 116.605559984843 123.130023479462 132.552047570546 130.56351741155 133.770436048508 134.554227193197 130.690395832062 126.226147015889 126.933375994364 125.264088312785 112.140705188115 99.9952654043833 90.9204483032227 89.3368323644002 90.9574627876282 98.7087686856588 115.54479598999 132.065832614899 134.688268105189 137.86177833875 147.904296716054 151.602685451508 144.451349973679 134.109020233154 138.495256503423 137.010842561722 156.989971796672 188.266118367513 183.234035968781 180.245816707611 174.330115318298 179.711699485779 187.679588794708 184.885481993357 186.23286485672 181.689500808716 195.820291837056 201.868255933126 192.127883434296 179.804046948751 186.356405417124 192.750136057536 146.842002868652 102.339883645376 98.45898548762 120.084563891093 161.287357409795
36.4606852332751 49.6330112218857 57.0690333843231 68.7909026940664 78.5681406656901 90.7074411710103 96.1871743202209 109.070628881454 124.825259049733 139.335572719574 138.431290785472 133.749385674795 128.578335046768 126.966059207916 127.055088678996 114.670226971308 106.654892365138 98.5734562079112 96.0059364636739 93.2282408078512 107.158601284027 129.790862401327 144.194821516673 143.820494413376 146.454234917959 148.87930949529 146.175463994344 144.21937863032 141.906400521596 141.589432954788 142.793893814087 165.94073176384 187.76532014211 183.467984199524 178.800900777181 174.973050753276 180.326461791992 184.126973152161 178.807437419891 179.453512032827 178.254286448161 184.98694896698 180.840313434601 174.573222796122 170.273343722026 183.884620666504 184.76814031601 137.40153114001 109.673718611399 119.769424200058 147.997915744781 182.775139808655
15.5589456359545 22.3437498013179 27.1720613042514 33.2615127166112 42.0188407103221 48.8055398066839 59.112936258316 77.9043585062027 88.8478060563405 93.8766400019328 105.29613494873 119.383682807287 135.744671026866 137.129167715708 138.975411653519 139.102319876353 133.086870114009 125.003000100454 109.37820871671 104.214201370875 115.219573179881 133.303413788478 143.828292687734 146.155814329783 146.059274673462 145.389318466187 143.862883249919 140.356908241908 141.044984261195 149.309734503428 158.161302407583 176.608403523763 187.676151593526 182.257155577342 178.172687689463 177.785793940226 186.835686365763 186.683197816213 180.908779303233 176.840901374817 171.281218528748 166.561384995778 157.232900460561 151.79842710495 155.018170674642 172.616223494212 170.494735240936 131.257057189941 128.10676296552 147.344648838043 171.821018060048 192.758659521739
7.44783878326416 8.44356541832288 10.8401849865913 13.408030072848 15.5982226133347 19.2399645845095 25.618813931942 36.8165696660678 49.4214743375778 66.4431353410085 78.1014462312063 95.2163438002269 105.678548415502 109.458853801092 113.676130771637 125.867187976837 122.34099706014 119.695405165354 106.39367500941 104.675054550171 104.980250199636 114.20535047849 121.455391248067 136.626899242401 136.45476102829 136.239240566889 136.717349290848 138.02703221639 140.289733807246 148.840794960658 160.835027694702 178.647994995117 181.192497412364 181.138714154561 178.380231062571 178.53057384491 180.774430433909 181.396106878916 174.796064694723 162.958015998205 160.501639048258 152.945895989736 151.421785354614 160.73872645696 170.063237349192 164.441565672557 151.245007912318 128.729393084844 137.198319037755 150.321026643117 170.247991879781 188.162664572398
14.6276789406935 8.85279849171638 5.31994427243869 0 0 6.74096370736758 18.8532695174217 24.1081491112709 32.5067167480787 36.193922162056 49.6550351381302 68.8559313615163 77.2736618916194 79.7049999237061 86.7346326510112 92.5251543521881 92.4620827039083 86.3071978092194 89.0965461730957 88.0402127901713 88.0441466967265 90.1579558849335 101.029435793559 111.977438131968 120.920101801554 127.443571885427 130.416572093964 134.74702835083 137.045760949453 139.342228571574 146.782507499059 174.139201641083 173.443694909414 173.208276430766 173.645277818044 172.316292921702 168.88282696406 166.219741106033 157.95495112737 151.747653881709 151.33398771286 152.090688546499 158.533444007238 167.021214962006 168.945829073588 146.773954232534 120.342473189036 118.884185949961 130.98931312561 149.009734392166 176.648815472921 188.876271247864
39.2402882377307 25.060698390007 10.8796171844006 2.94258321324984 0.920426333323121 3.64733239014943 10.1351477205753 19.8350424567858 23.1719811757406 24.0401402115822 29.347226023674 35.7027699549993 40.3809621930122 45.4409817854563 49.8480498790741 60.1412355899811 65.654123822848 71.6416835784912 80.0113677978516 85.3917797406514 90.5810991923014 94.0641065438588 96.6741343339284 100.634217262268 107.173025608063 115.59134721756 122.548580169678 129.670977592468 134.21427210172 139.158139626185 149.686813354492 156.313439210256 146.224896113078 149.068494637807 152.048091093699 165.204256772995 162.2381011645 157.748808463415 150.141497453054 150.358359018962 151.58157547315 151.080548763275 153.329084316889 156.125684579213 152.071158091227 122.086862723033 98.6243983109792 109.88308986028 128.61826022466 166.021744410197 190.278549989065 193.300843238831
55.4839720328649 37.7099563678106 25.0488966703415 14.9301029741764 6.41483689347903 3.16334422677755 4.92384377866983 12.603630622228 17.8230529030164 23.7739036480586 24.4285017251968 22.9951093594233 21.2943404912949 21.5209399660428 24.5318065087001 32.8657875458399 41.3033689061801 57.2762191295624 72.2962071498235 84.4893256823222 92.0417904853821 97.9592104752858 97.1577862898509 98.6173649628957 103.104134400686 104.532937208811 110.027780135473 122.155706087748 125.889281431834 135.301351547241 145.916034777959 146.786908308665 136.262178421021 133.222450812658 134.835451841354 137.600580851237 138.720144828161 145.932644605637 141.669481992722 136.516124010086 132.271389166514 134.35756166776 140.85465669632 147.91006843249 147.299418846766 141.461422046026 148.086418708165 153.269241253535 167.055666446686 178.381145000458 188.06521097819 186.255435148875
68.5407569011052 54.740771651268 40.9165695309639 28.8015777866046 18.6151290933291 6.78422426184018 3.0935350805521 0 8.94517824053764 17.2139629721642 20.979531109333 25.6929223736127 24.2898017168045 21.8329603473345 18.1285813450813 20.1702490448952 27.8568391998609 37.7897893389066 53.2425741354624 68.0171251296997 81.5550188223521 90.2574857076009 99.5254715283712 98.0992317199707 99.0765591462453 101.295411586761 100.470582644145 105.20080725352 110.850671927134 124.322394529978 131.669282913208 132.162948449453 125.697195529938 122.214247783025 118.556400140127 120.425204435984 123.369971911112 123.718788226446 130.030413468679 119.774301846822 115.776310364405 122.444490591685 136.391371488571 147.953559954961 152.055581410726 159.325629472733 165.801366170247 168.858587741852 173.31200838089 172.179738680522 170.564631621043 171.374599138896
65.3206060330073 56.6425224145254 45.1229562362035 33.4265828132629 25.0922838846842 18.3593866725763 8.07696518798669 2.12282066543897 7.00729029874007 11.6218154629072 17.0713402330875 21.6012944777807 25.5635033051173 29.8022876183192 26.5591790278753 25.1519754528999 25.2804855505625 27.2201846043269 36.0238204399745 46.3625192642212 57.9298088947932 71.7261334260305 82.4542591969172 84.081510702769 87.180217107137 87.5028173128764 87.665855884552 89.8425579071045 92.2529498736064 102.365523576736 109.747449556986 115.956991910934 111.835608879725 109.425614277522 111.189832290014 112.08779613177 114.618321259816 118.376721938451 118.920544783274 117.399940888087 128.643949826558 136.98935508728 144.123733043671 147.237797578176 146.203597386678 145.848095417023 149.436583121618 157.592316468557 164.730886618296 160.265922546387 152.302155892054 154.054820537567
44.7262873252233 41.2359883387884 36.0369483629862 27.0261317491531 22.866723438104 20.0293560822805 16.4658762514591 11.5236453711987 7.30785479148229 4.90986648947001 7.89876965185006 16.8329377969106 26.8451894323031 33.5864101847013 37.4027540286382 37.4022672573725 31.0721695423126 29.3664783239365 29.9526453018188 31.985213359197 37.8780017296473 45.3332016865412 53.8835326830546 60.7353349526723 69.0243740876516 73.5501448313395 73.7436215082804 75.4108428955078 77.775369087855 79.8593113819758 81.6091696421305 90.4532869656881 93.5092965761821 98.5037883122762 101.149121920268 105.471422274907 106.166531642278 109.522918860118 116.88819527626 123.675584793091 128.12872727712 138.093729813894 147.7270424366 147.07883199056 144.722988208135 145.006100336711 153.133849302928 158.045450846354 160.388886928558 159.021159013112 158.036530017853 157.779663801193
8.37233538428942 9.00057765344779 7.79105722904205 6.12926296889782 3.41868959367275 0.602515608382722 3.08349014570316 12.5112570822239 11.3974039753278 7.83788474897544 5.27242757380009 6.43041171133518 18.1502973039945 30.0082713365555 40.273388226827 37.9939079284668 36.8305693070094 32.8149298826853 28.8291648030281 27.424119412899 28.2502919435501 29.0632719794909 32.8851689894994 42.6901678244273 54.2970995108287 61.3989333311717 64.5450502634048 64.392015337944 66.3916021585464 70.6370919942856 70.6653346618017 68.1817829608917 73.3780711889267 89.9110535780589 91.5689667065938 95.4168140888214 98.7534423669179 103.458156188329 111.134390036265 125.449736913045 128.849109013875 125.050167242686 124.068190654119 124.006638924281 142.959455649058 146.956970294317 153.23664744695 153.395275274913 152.665803829829 156.626492738724 160.887132088343 156.151990095774
0 0 0 0 0 0 0 5.45738016565641 13.8752957185109 14.3251630167166 9.39258250097434 5.27740394075712 7.32884307702382 16.1739711960157 28.4299353758494 33.4790895382563 39.4307573636373 37.2869099179904 32.0862929026286 27.8600504000982 24.5000272989273 25.1811395088832 25.6469125548999 31.6581974426905 38.7445564071337 45.5354154109955 47.4985341231028 51.3592759768168 55.0949821869532 55.6706190109253 56.7721674839656 59.6326440572739 57.4899017810822 56.7208876212438 61.2400670846303 79.9590200185776 88.9104704062144 95.717598994573 100.549509127935 114.924937486649 119.543035825094 118.423750003179 112.952729066213 111.501177151998 111.321141322454 112.16668287913 132.472107807795 140.705903371175 144.01255051295 148.210863272349 150.896946589152 151.662081480026
0 0 0 0 0 0 0 0 12.3653647800287 16.5941789746284 15.0149837136269 12.9335174957911 5.1609929651022 4.35066409409046 12.9357675711314 26.2422909339269 36.1186936497688 40.3220901886622 37.8458102544149 34.4102457165718 30.8933903773626 31.5775920947393 32.3126216729482 33.4364225467046 35.4459409912427 36.7211252450943 39.5185401042302 44.6678698062897 48.8664209842682 47.7058837811152 48.2678016026815 47.3327835400899 47.1715678771337 45.7851092020671 44.6078578631083 45.2874402205149 56.8605959415436 79.3760617574056 88.2785816987356 95.5039660135905 99.6402700742086 101.18438800176 98.818043867747 97.6166327794393 99.5510717233022 101.485311985016 99.4504690170288 100.755016009013 122.301399707794 127.20732887586 131.424923737844 133.195161819458
0 0 0 0 0 0 0 0 0 8.27975136538347 18.4474115570386 22.2755670547485 18.7068444987138 12.3818318049113 11.442519724369 23.2303291559219 32.6639289657275 41.4566198984782 46.1664547522863 46.1096266905467 40.2366369962692 39.4781033198039 39.1330445806185 40.1634896794955 40.6251202027003 41.6240940491358 43.9638396104177 48.2736180226008 48.1312473615011 44.2725370327632 44.2497432231903 43.3628757794698 39.6509046355883 35.8042468627294 39.1006668408712 37.2422064344088 33.0571482578913 39.2262265086174 46.6403613487879 52.7090926965078 67.3154493172963 77.8569479783376 85.196316242218 91.5124615033468 90.2996857961019 96.1661140124003 92.1305914719899 86.9630575180054 85.0655138492584 87.1621370315552 103.636493285497 113.630384206772
2.30076583102345 0 0 0 0 0 0 0 0 0.246219802647829 16.7896288136641 29.8089260856311 35.6719816724459 32.8128884236018 23.5504284501076 22.0648199319839 25.3780061999957 32.9653720060984 44.8305308818817 53.8814763228099 54.8790991306305 50.702378153801 50.8481562137604 48.7065215905507 48.6326962709427 50.0188122193019 48.5494782527288 51.0113686323166 49.2005447546641 42.9817686478297 42.8390999635061 42.7525192499161 37.7348711093267 33.5216869910558 31.6977947950363 27.110459903876 22.2435295581818 18.6745959023635 19.9923738837242 28.5386418302854 31.3578918576241 36.8409802516301 43.3795650800069 49.1319944461187 56.9629867871602 68.1373526652654 74.6021767457326 78.4814755121867 74.6920754512151 70.9590365489324 75.7538080215454 85.105707248052
2.85367233057817 0 0 0 0 0 0 0 0 0.152651550403486 9.90258157253265 30.0175522764524 43.3275997638702 45.6763406594594 39.3963058789571 24.0379720926285 19.8612635334333 21.9652652740479 32.0774167776108 47.5560824076335 57.5013856093089 57.1738531192144 58.6658219496409 55.116797486941 53.3457696437836 55.06764849027 54.9877683321635 52.2325883309046 52.8158843517303 49.3359118700027 43.1889494260152 38.2584656278292 37.0864123106003 30.232198536396 27.3014108339945 22.2658316294352 17.3761670788129 13.3508108556271 12.0509987076124 12.9295674463113 15.6102776527405 17.9421069721381 22.9723105827967 26.8472780783971 32.6923777659734 40.1719262202581 53.3311019341151 62.0026042064031 63.6594345172246 64.7138804197311 66.0966535409292 73.2391178607941
1.75927113741636 0 0 0 0 0 0 0 0 0.341359991580248 0.722911829749743 17.7003120382627 33.6065491040548 44.7287062803904 48.1841166814168 42.4209733804067 37.9702399174372 29.8982486128807 25.8920043706894 31.7431340614955 49.6777395407359 61.187356710434 66.4231876532237 63.2398128509521 60.2294703324636 61.3525609175364 63.9542837937673 59.3100736538569 56.1433831850688 59.7539842128754 51.210676630338 40.6191274523735 32.5656682252884 24.6257906158765 20.9246203303337 16.4983148376147 11.0758220156034 8.17423251767953 5.88246310750643 4.42096932480733 6.35038192073504 7.6286339511474 10.7438378036022 17.2312383850416 24.9378532171249 33.3984941244125 40.1428937911987 44.7025646766027 49.2940098047256 55.0868213176727 58.6587140957514 65.5749787886937
0.839286639044682 0.0355442365010579 0 0 0 0 0 0 0.790044122065107 0.830556421230237 4.20882739126682 11.4988101025422 24.9603986740112 39.0004962682724 49.4688848654429 57.2893172502518 55.9204320112864 48.2531090577443 36.9583715995153 27.2955074906349 34.5271353920301 53.0287275711695 60.412252942721 64.2025768756866 66.9490347305934 68.2323227326075 73.4185079733531 72.0602174599965 66.8024321397146 61.1110329627991 51.6133308410645 46.6492076714834 34.1882258653641 24.7335433959961 16.8870389461517 14.1780649622281 9.42268160482248 5.88224704066912 3.70533329745134 1.64138991385698 0.29158437003692 2.90661491453648 6.97734331091245 8.74734235306581 14.6306206782659 24.088275929292 31.8240399161975 34.0044175585111 38.5029713312785 42.6726539929708 48.0559815963109 57.2488208611806
0.950973325719436 1.23775331303477 0.519149238243699 0 0 0 0 1.20830799763401 1.91928477336963 8.77055836220582 13.7508523960908 15.3350010514259 21.4965268969536 27.8355553746223 40.4345269004504 53.3071259657542 56.9356679916382 58.6210985978444 55.2854041258494 42.3823942740758 31.6198493043582 40.8287371198336 49.5262841383616 57.9293221235275 67.098672191302 73.6306756734848 76.4851073424021 74.2830286423365 73.5123703877131 64.5481447378794 52.6730169852575 42.3338810602824 35.9154269099236 24.9219859639804 16.5517131487528 13.0530421932538 7.50110112130642 2.65410852928956 0.724808312952518 0.174693840866288 0 0 1.95929128676653 5.45937505861123 8.00199434161186 15.5991750458876 18.4687909980615 19.9675721426805 25.3915091355642 30.8071126540502 33.5060407718023 38.6007552345594
0.934465555474162 0.507344802220662 0.918822828680277 0 0 0.0984451132050405 0.341122504323721 1.52243860065937 2.19207427774866 3.20275189975897 13.337670514981 13.5471994678179 14.3024201194445 17.9966886838277 27.0446911454201 38.483664393425 45.1368788878123 51.6442159811656 56.5656373898188 57.1080843607585 49.6621777613958 39.9996191263199 43.1525806585948 51.2481828530629 61.4055196444193 68.4536298116048 74.8632897933324 75.533722837766 66.6366070508957 67.1265025933584 55.0834784905116 42.8004364172618 29.2839830120405 20.6723287701607 11.4633701741695 5.89288398623466 1.72401949142416 0.111040523430953 0 0 0 0 0 1.08896048429112 4.3158292149504 6.40008536477884 10.4033599297206 13.4857408702374 19.2543802162011 22.6365079482396 23.1771270434062 24.1152619322141
2.58646983032425 0.247243811221172 0 0 0 0.264222423235575 0.288510442866633 1.76413636654615 2.64723816265663 2.76175265510877 3.92664192865292 9.73040362199148 8.83206414679686 10.2697443217039 14.775637537241 25.6399164597193 35.6714775164922 40.0582005580266 48.0981866518656 59.5901310443878 64.5848313967387 57.1162799994151 55.0372699896495 57.245264450709 60.3646536668142 61.42558157444 65.9834841887156 68.5992886622747 64.0621781349182 52.0442624886831 42.6586369673411 36.169245839119 21.1745450894038 12.0345229903857 4.67571709305048 0 0 0 0 0 0 0 0 0 0 2.28640188773473 4.79560780028502 6.4522090057532 10.9262242913246 12.2598980863889 12.0674533148607 13.9570496976376
11.4120170474052 5.63800583283107 0 0 0.000346511001225736 0.0346859136091856 1.12567593653997 3.03390187521776 3.4808199852705 2.99437902867794 2.0982725545764 4.29582906266053 7.21748607854048 3.40838606158892 9.22221628328164 17.82567674915 27.5607332587242 35.2778310577075 42.2723988691966 52.9836267232895 60.0411047538122 71.4873075485229 76.2628416220347 74.0968684355418 69.687952597936 60.7249438762665 56.2600592772166 59.2408080895742 60.5879276990891 46.1469292640686 30.8134208122889 18.5747742652893 11.6356424987316 1.62885632986824 0 0 0 0 0 0 0 0 0 0 0 0 0 1.22709510227044 3.72870452702045 5.88628711799781 6.68065125743548 5.45823946595192
38.9340768257777 32.7464640140533 13.2314090927442 6.4607709646225 3.43485890577237 0.864232269426187 3.81926167756319 4.97710363318523 4.18438576161861 3.40859654049079 2.89108945677678 9.30190396805604 10.09767750899 9.20642043153445 10.0994973133008 14.75607107083 23.0078175663948 31.7016144593557 37.0826199650764 39.2014508446058 42.1568651994069 56.1432888110479 67.2102520863215 70.664515097936 70.7400341828664 64.9259189764659 56.870311498642 48.9684442679087 52.7410805225372 35.3605498870214 17.0999790231387 6.14730082452297 0 0 0 0 0 0 0 0 0 0 0 0 0 0 0 0 0 0 3.44235450029373 0
