input/barkrak2/radiation/dir05124.grid
NCOLS 85 
NROWS 70 
XLLCORNER 665100 
YLLCORNER 4664600 
CELLSIZE 20 
NODATA_value -9999 
[rows 0 to 21 of 70, columns 0 to 47 of 85]
141.486585140227987 156.47225578626 174.138267834981 196.085254351298 207.338690757751 209.304948647817 206.549564997355 202.534159024556 201.345245043437 204.977571964264 205.070078372955 202.346722284953 198.552389939626 199.360191822052 200.221021970113 186.918417612712 173.271536827087 161.922742923101 160.434514284134 155.558397372564 156.92933400472 175.164659818014 201.290329297384 208.987653255463 212.462623914083 225.044429302216 223.384439945221 208.569884300232 195.872982343038 195.606191953023 191.011150677999 213.868280251821 259.408076604207 256.136258443197 255.135496457418 241.856276988983 246.582170327504 260.868728160858 256.980935732524 258.101979891459 246.941049893697 252.942681312561 260.324100653331 254.526336987813 243.15748612086 248.087128003438 251.488924026489 221.181233723958
116.589367389679 135.598450899124 151.639044284821 172.369519869486 186.640441417694 194.644073645274 198.851386706034 203.784346580505 210.535128911336 211.635629336039 209.021906057994 204.831719398499 200.866182645162 201.350073019663 201.328933238983 188.462436199188 180.36679426829 169.485767682393 165.676405032476 159.914125998815 170.335531234741 195.80336411794 217.05283721288 218.708872795105 222.889403502146 231.149911880493 226.362963517507 213.018119335175 200.777947902679 197.677314281464 198.452730973562 228.24482123057 259.415288766225 257.054646809896 253.681202729543 244.109471638997 250.49614906311 260.877549648285 254.184941450755 255.192359288534 250.884254773458 251.417358716329 247.471491495768 239.291369915009 235.380232334137 246.852993965149 243.484357992808 205.804288387299
80.2488476037979 90.3247396151225 103.957136472066 117.047081391017 132.5370768706 145.989686250687 159.720341364543 179.640769958496 194.63050365448 197.624464829763 200.403571128845 204.126358032227 208.934525648753 211.546699206034 212.575534979502 215.435246626536 211.474339167277 200.154801209768 183.203279972076 174.793422222137 186.351219813029 204.872210820516 216.150085131327 219.995220502218 223.49758942922 223.111828168233 218.66383155187 212.751507759094 205.503980318705 206.964691480001 217.475692431132 244.610865910848 259.668548901876 258.086323738098 252.810974915822 249.471664428711 256.040374437968 260.62548160553 255.501965681712 251.140336195628 246.107935905457 236.617922782898 222.42804368337 217.331866423289 225.850939750671 242.868065834045 231.367468833923 196.140964825948
61.0264341036479 61.4525328079859 68.4656302134196 75.3092616796494 83.7889810403188 92.9631988207499 102.96771923701 121.051669120789 142.946769793828 162.806451320648 180.988907814026 198.952794075012 210.663596789042 214.880804220835 218.807895978292 225.743929545085 222.692608833313 211.320916811625 192.746222019196 184.954841931661 185.651123523712 186.495145161947 198.845704396566 209.590077400208 210.914373397827 212.476670742035 213.558355967204 211.932281653086 212.403535842896 218.096395333608 223.981241385142 249.550759792328 258.893052736918 256.424069404602 252.403994401296 253.346165021261 256.053884824117 256.850997606913 251.251180966695 238.517721494039 231.889684995015 219.585736592611 215.782046318054 229.356586933136 243.389745553335 237.897276878357 217.341860135396 192.31649239858
80.9558779001236 65.849448243777 54.5339584350586 45.4497635364532 46.8172778685888 63.5308076937993 88.0727966626485 100.774019956589 112.054159243902 120.017468929291 144.878039757411 171.142180760702 187.312761942546 195.773661136627 203.299641609192 208.321849505107 205.269614855448 198.276420434316 190.812468528748 185.580253601074 180.874466896057 178.659359614054 189.018170038859 198.38939110438 202.589253584544 210.067828496297 211.493988831838 212.531487147013 213.605423768361 213.377992312113 222.169280052185 251.42365694046 253.789703051249 254.333515961965 251.719435056051 250.534156958262 249.04743830363 245.390256245931 234.991908073425 225.119193394979 223.847905794779 222.210188706716 228.369116783142 239.995777606964 242.354730765025 218.571563561757 188.999712467194 181.260863939921
125.389268000921 97.6479649543762 70.9868172804515 48.6434052387873 40.9147391716639 50.0284930070241 73.0081548293432 96.4466035366058 101.838499307632 101.08470916748 111.020147800446 126.079161961873 136.92103823026 143.140256404877 155.014306306839 165.727376937866 170.886715253194 179.078102111816 187.109271685282 191.430608431498 192.033966382345 192.864576975505 190.929690996806 193.532347679138 199.516594409943 205.650766690572 209.107518196106 212.279458840688 214.918990929921 217.567046483358 230.702002843221 245.680352052053 238.719085852305 245.173613230387 243.980983893077 243.648886680603 241.992652416229 237.124303976695 226.374725500743 226.718465487162 226.205249627431 223.992566267649 226.155797640483 229.852477709452 221.447308858236 187.463879585266 159.709672133128 169.074654579163
148.718327283859 126.877536376317 104.049146175385 82.1377535661062 61.2871646881104 49.2797990640004 54.9218902985255 82.0531149705251 101.231863101323 110.911379257838 107.682049274445 103.606243928274 99.4953811168671 94.3500101566315 96.2290465831757 112.059553464254 127.96825170517 151.484936475754 173.949778079987 188.216388225555 196.357647577922 200.636545817057 197.359502315521 192.141989866892 195.581336816152 197.623372077942 202.259500821431 207.28059609731 210.760335127513 218.697329362233 232.289294401805 237.712184588114 229.84258333842 225.561102231344 225.301265716553 224.677602450053 227.799415588379 223.585367202759 218.620101610819 212.662100791931 206.746697425842 205.869396527608 213.181952635447 221.200505892436 213.523427645365 203.349928061167 214.430491129557 224.087834358215
139.50244585673 141.431629657745 126.532097657522 122.104187806447 96.8646208445231 65.6998952229818 46.3971048593521 44.2691296339035 73.5510587692261 105.67831993103 115.442792574565 113.257229328156 104.991892973582 94.0292378266652 79.8628230889638 82.5330168008804 96.1208939552307 114.171743392944 141.230742136637 163.810461759567 179.816325505575 192.77689854304 199.427962303162 194.288353125254 192.593534787496 190.656244754791 192.247311274211 195.769230524699 200.042525927226 209.991951783498 220.324675242106 222.988069057465 216.392616430918 210.617880026499 206.173439820608 205.758949120839 212.649901707967 210.097173849742 206.610103448232 188.641210397085 186.036288738251 195.778330167135 214.337805906932 227.628946304321 227.253238360087 229.783336321513 237.9163702329 240.184386571248
111.816644668579 122.853895028432 120.547473430634 118.418554464976 113.609353701274 90.1111563046773 63.0909105141958 38.7437219421069 48.5589901606242 64.5554860432943 84.8520398139954 96.8357125918071 104.318936665853 113.050599892934 98.7824300924937 86.9158903757731 83.8424464066823 86.9835416475932 99.8498400052388 117.640634377797 133.251816034317 151.718666156133 166.559000809987 172.131359577179 177.021483580271 174.94261264801 175.17896493276 178.210000197093 181.929469108582 191.922545433044 197.672049204508 198.393881320953 194.610873858134 193.218429883321 196.117500464121 198.343753814697 199.680666128794 202.261010805766 199.794809023539 193.166017532349 204.428871472677 218.214631080627 228.528320789337 231.20512564977 224.745432535807 220.372637112935 223.446011543274 234.476049741109
83.9350422223409 85.1561824480693 98.2739726702372 101.280063390732 109.245926141739 100.187400976817 89.1813536485036 77.5740047295888 46.427254875501 37.2555901606878 42.6194121440252 62.3608380556107 84.1902196407318 97.8411038716634 103.954941034317 97.5349346796672 85.3613416353862 82.9951117436091 83.1134567658107 84.7761730353038 94.4862961769104 107.142666975657 117.990404367447 128.98509701093 143.331607182821 146.767139434814 148.240675528844 153.551340103149 159.430325031281 166.649629672368 168.08021068573 169.791758060455 175.750374794006 179.406305154165 184.956769148509 186.783134937286 187.493483225505 194.072047869364 197.288711865743 206.066171328227 219.046254952749 226.933717727661 234.340190887451 231.633106867472 223.502377669017 220.193604628245 230.875809987386 240.30331770579
48.119862874349 48.4822690486908 55.3885698318481 56.6065410772959 68.700114885966 78.9058854182561 80.0356219212214 80.9656083583832 58.440774679184 41.8123702208201 33.9865013957024 39.014458656311 55.605540672938 74.4078407684962 89.6487633387248 88.4800950686137 86.4403446515401 85.0328107674917 77.6877303918203 76.3744016488393 75.638622045517 76.3391504685084 83.4598342577616 99.7159481048584 115.847130616506 125.688960154851 128.982325394948 131.144185860952 140.848259131114 148.128827412923 152.245899041494 154.577622811 163.545737663905 168.551782766978 170.075297355652 172.860026359558 179.284691810608 185.116251309713 194.311678409576 214.359243710836 223.051210244497 224.537014961243 223.513563474019 221.32263580958 222.180088361104 227.614243825277 236.093004544576 238.124489784241
23.4615231553713 19.7408894697825 19.7831951081753 21.4934796094894 24.0537871917089 29.6615411837896 43.9755419890086 50.8047689994176 51.3685941696167 47.2071617841721 39.2518316706022 32.6138163606326 37.0925466219584 50.4094362258911 67.6296303669612 75.492391983668 84.4735999902089 85.5767726898193 82.6322784026464 74.6182451645533 70.6948687632879 69.3975140651067 70.5029716094335 79.6502182881037 91.1494592825572 100.181698799133 105.943659941355 111.467699209849 119.586278994878 125.589748223623 133.218765258789 137.87982861201 143.273939689 146.422783533732 149.165997902552 152.846306562424 164.343943198522 176.932414372762 184.752960999807 202.550927797953 211.637536684672 211.460630098979 207.751313845317 206.05864127477 206.203798453013 206.196824709574 214.469412962596 225.72652498881
16.1351437369982 10.3967854132255 6.45585420231024 2.86589749157429 0.418456814562281 0.594383648907145 11.1448230842749 25.3195265928904 47.4858482678731 57.5737108786901 52.3519466320674 45.8717693885167 34.0755234162013 33.2308361927668 47.0000207424164 66.6915724674861 81.8476676940918 86.8083536624908 86.4412685235341 80.5285622676214 76.9560585419337 78.3673773209254 77.1623204151789 78.1488666931788 81.947793563207 84.3896369139353 92.8043325742086 102.385143438975 107.311546802521 109.692424535751 115.051696697871 119.929333527883 121.973613897959 124.654392401377 129.142304261525 134.730895360311 147.236615419388 160.595913728078 166.47669672966 176.412363847097 184.976120789846 186.712622642517 186.44909063975 189.669648806254 190.84091981252 192.439476648966 193.934142589569 198.572238286336
16.6854100922743 3.0328705906868 0 0 0 0 0 3.1667153040568 24.0550215045611 39.5841126640638 53.4323304891586 66.3725485404332 56.2736888726552 44.5622354745865 44.5358206828435 61.8692338466644 73.1889506181081 86.49676044782 96.0295796394348 96.2847173213959 87.1594945589701 87.7072513103485 86.2621565659841 87.3838067054749 88.6729458967845 87.7092977364858 91.5254453818003 103.579511245092 108.100523551305 101.921617984772 107.506175835927 113.441874583562 115.090509255727 115.227609872818 120.705803235372 128.608445326487 133.832722902298 139.751354853312 145.312408606211 149.17916059494 156.218181053797 161.414116621017 169.340054194132 177.564084529877 176.684598128001 185.385564963023 186.532437801361 182.05334742864
21.884374320507 6.1237725118796 0.000113848367770212 0 0 0 0 0.922293945526083 8.87489318847656 27.3019770781199 54.9705723921458 79.0364891290665 81.966757774353 72.4590520064036 60.1227730512619 59.6784353256226 63.6261155207952 75.7501522699992 91.5129780769348 103.213588396708 103.091597557068 101.067284742991 100.203812122345 99.4071165720622 96.8099335829417 95.4973498980204 95.7404673099518 101.816693941752 100.521673758825 102.174053589503 104.522754748662 110.17765601476 110.668073097865 110.17777522405 114.01238044103 118.306527535121 119.078556696574 119.111001491547 125.42137503624 126.282433668772 132.374922434489 140.825778245926 147.168189287186 154.589394728343 157.872964938482 164.501011371613 175.828496615092 183.15718571345
22.5914095838865 8.3857507755359 0.138423774236192 0 0 0 0.0150437638997876 2.41920879731576 4.72506290922562 20.9679404894511 43.8873420159022 74.7150679429372 90.7270908355713 89.910884698232 82.533190647761 64.3696834643682 57.0570925871531 61.3133410612742 75.2492646376292 95.4606334368388 109.614759683609 109.266430139542 111.519674460093 105.866114298503 102.644224961599 103.794187307358 102.664927641551 99.2971460024516 100.583563248316 102.99559434255 104.01858886083 110.68935195605 108.518461386363 106.185376644135 106.847842534383 106.763333082199 104.023267825445 99.5666285355886 103.87725631396 107.026368379593 111.119349797567 115.959207216899 119.898080825806 123.571415742238 138.871957858404 145.663529634476 160.249610741933 171.655913194021
18.8506146272024 10.9944877525171 0.694876381506523 0 0 0 0.397567093993227 4.23826432476441 12.1595375239849 17.3622295260429 28.9035613338153 51.3698756694794 78.1202564636866 88.1087481975555 92.7787125110626 88.3535047372182 79.8736264308294 72.2667127847672 66.354955236117 74.0921199321747 96.9365437825521 111.332585414251 116.493165493011 116.018136342367 109.836290280024 110.384633143743 112.610300381978 108.322064081828 105.584889650345 106.835772593816 111.149688561757 97.844401995341 94.4617589314779 96.4080393314362 97.7775156497955 97.3847508430481 91.5762583414714 90.4393394788106 92.0107165972392 96.2397754192352 97.1298615137736 100.397825241089 103.957633177439 107.158988714218 126.563092072805 137.110372384389 144.629607597987 152.25213766098
15.1735531787078 12.9836065073808 4.7516863172253 0 0 0.0387295585824177 3.12566570937634 7.61754189928373 18.3970406651497 23.3478744824727 27.648871143659 41.7867600917816 66.2311514218648 79.2225301265717 94.8154131571452 105.281243721644 101.927727460861 94.401220480601 80.9747924407323 68.808451294899 78.5079151391983 101.976275444031 110.651950041453 116.858859856923 117.771655321121 120.195001363754 118.953724702199 117.131988207499 119.508475065231 114.997247854869 101.973315080007 94.2222873369853 90.870459874471 83.7007562319438 82.7206124862035 88.8652205467224 90.4962122440338 89.7801220417023 90.7501478989919 92.2860900561015 94.3827430407206 96.0292220115662 96.9501237074534 98.6138582229614 111.481487751007 126.788973808289 135.378201802572 135.834693908691
16.3983566065629 19.3927114208539 17.2830087443193 0.0385825163296734 0 3.87279006342093 7.37652058402697 15.4865011572838 27.3863077163696 36.7432435353597 42.5931264956792 46.2875664234161 57.4208398660024 66.2162601947784 83.4582448005676 96.6119567553202 102.952073017756 105.619033177694 103.808263937632 88.1875554720561 75.1642286777496 85.9925150871277 96.3700811068217 108.196804920832 118.381758530935 123.92403682073 123.878548542658 129.020909468333 120.193103949229 111.899435520172 101.532151301702 94.7447617848714 85.7753157615662 70.9611574808757 73.8936811685562 72.7182229359945 70.2596406141917 73.0879058440526 75.9892165660858 82.764854033788 91.3472572962443 94.5189197858175 91.8528437614441 93.4816896915436 95.1045354207357 108.36003224055 115.311841169993 114.374806483587
17.3958539962769 17.7968380351861 19.1517708202203 12.6311791439851 2.53194912026326 9.44580510258675 10.1272830118736 13.0646700660388 26.8143067757289 36.9324336449305 44.4875359535217 44.232984383901 47.2027311722438 51.5255977710088 65.9204026063283 81.9964706897736 92.0826296011607 98.7923145294189 103.451093037923 104.981551567713 97.0135231812795 85.1817429065704 89.3118580182393 98.4264214833577 111.032376686732 118.113974730174 123.494148254395 125.919779141744 114.842037359873 115.08779724439 102.277984221776 88.6808733145396 81.1872879664103 62.0426883300145 59.296910961469 52.8819362322489 49.1152107715607 57.1131358544032 56.4111222823461 62.1392478545507 70.6645747025808 76.1258701483409 82.9014877478282 83.929439385732 82.5782120227814 95.212201277415 97.1213479836782 101.269781589508
22.0026398698489 14.9289642771085 10.9738533695539 19.4701949755351 13.2095863421758 10.4793235659599 10.289349903663 12.5685433546702 23.3871887127558 30.4570272564888 36.1851851145426 38.4099235137304 38.0890518426895 40.2352561553319 47.4878052870433 63.4586115678151 75.721487402916 82.9967012008031 93.3781067530314 108.308662970861 113.063673178355 104.80605562528 104.048281908035 106.160700321198 110.792060693105 110.650797684987 108.626375595729 118.961791197459 112.809220949809 100.074837605158 85.576872030894 78.5995324452718 60.5652431646983 41.0896191994349 32.4144586920738 26.8336037794749 25.6840189297994 29.9627408385277 36.9601100683212 42.6768064498901 55.5517077445984 61.3789657751719 71.1758385101954 70.5802738666534 77.9517889022827 80.7903856039047 87.1415336926778 93.551496664683
45.4347630341848 33.359336356322 22.0361997683843 32.0336471001307 28.0550767978032 9.95668768882751 12.6503668725491 23.49487443765 28.7137950460116 32.1728189786275 33.8444833954175 34.5122690002123 35.3730643788973 32.6488564411799 39.805069565773 52.3864676554998 66.3204789161682 75.7714410622915 85.3606164455414 100.481371084849 107.812225818634 122.346411148707 128.10883919398 127.728432416916 121.654818455378 110.86302002271 103.376845518748 95.8855748176575 98.9788174629211 96.4939594268799 73.078324397405 51.3873000939687 35.0068757931391 20.5130813022455 7.20903649926186 2.25670170038939 3.42945288866758 13.4782021244367 20.1942026615143 23.5790858666102 38.4388839205106 46.9854424397151 44.521485765775 41.4072945713997 61.8191808462143 72.7541695038478 78.0197779337565 83.704928557078
