input/barkrak2/radiation/dir08024.grid
NCOLS 85 
NROWS 70 
XLLCORNER 665100 
YLLCORNER 4664600 
CELLSIZE 20 
NODATA_value -9999 
[rows 20 to 39 of 70, columns 0 to 45 of 85]
67.984809478124 55.9847752253214 60.7021351655324 78.6168326934179 73.2827881971995 65.5679355065028 60.5720579624176 68.0858691533407 80.0076872110367 92.0133988062541 98.7716913223267 100.07776816686 95.7037508487701 101.484706004461 111.660202344259 127.940585215886 139.990150928497 151.972979307175 163.80450129509 176.512142022451 184.385339419047 173.976918061574 171.872735023499 172.536770502726 173.890789349874 170.89440425237 169.761260350545 170.284430185954 172.828813393911 161.593854427338 161.812702814738 143.31458012263 144.947290420532 135.241081317266 128.830552101135 158.804068962733 158.852875232697 160.868883132935 165.449351072311 170.97153266271 171.820302804311 172.486245632172 176.364143689473 168.872773647308 174.555520216624 180.528660615285
97.5002646446228 84.7945809364319 77.1805346012115 99.648376305898 97.5739161173503 65.3804937998454 68.6979691187541 76.8843740224838 85.3470861911774 91.8164253234863 94.1236317157745 93.2986537615458 95.2622294425964 91.8832918008168 101.458628972371 117.464850346247 132.116138935089 144.339273373286 155.763814846675 170.573770999908 180.757482846578 190.87020556132 197.414755821228 193.137804667155 183.17985534668 170.147160689036 157.366732756297 150.608003139496 157.233605782191 156.273225943247 132.950594027837 107.567409674327 91.185470422109 74.9439001083374 72.2166697184245 98.7358490626017 108.197897672653 145.06941040357 155.6170185407 162.296185890834 163.197865088781 162.118325630824 151.602764924367 135.147253672282 161.180943250656 174.780388673147
143.699864546458 139.786819616954 119.81342236201 120.528628428777 118.906458218892 85.4036211967468 92.0742253462474 85.1939618587494 82.9143424828847 86.1036976178487 93.8041110833486 95.0471758842468 101.955890655518 104.552129904429 105.927338202794 112.90983359019 125.756144523621 137.989282608032 147.022187709808 149.94807044665 157.776912053426 174.425582091014 183.607419331868 185.149133205414 183.433751265208 172.524472077688 156.881809234619 147.768576939901 154.804130395254 134.223481019338 98.1063544750214 62.4260157346725 45.1157440741857 24.5720768968264 13.4837552905083 33.1527069211006 55.8802038431168 83.361009756724 104.291309912999 120.742460091909 134.233822425207 138.788670301437 122.952083746592 100.715130567551 129.929254452387 166.139235099157
181.022564570109 172.127445538839 139.831354220708 127.314954996109 124.142189820607 119.493474562963 109.350870052973 89.9600386619568 79.4799874226252 82.7026069164276 95.7053899765015 98.9096760749817 106.217761834462 118.776152531306 114.143739144007 115.657061338425 124.796996514002 136.779308319092 142.173876365026 134.270171324412 135.119706392288 138.820230960846 152.887215216955 165.30841588974 168.294390042623 164.068331321081 146.536529064178 139.70277706782 120.621154705683 91.1226173241933 62.4917894601822 51.2283096710841 22.2442845503489 1.18299278741082 0 1.34470344831546 16.0836068292459 36.8161275982857 52.1497825781504 65.4975175857544 70.7452048858007 61.4280800024668 74.1027692953746 111.608604590098 118.815501530965 149.91307258606
173.074722290039 169.711867968241 156.989097595215 130.48263390859 114.447047313054 115.909039974213 108.006536960602 99.3585189183553 89.5378192265828 85.8851472536723 91.5713012218475 95.892200867335 102.378378311793 114.908466736476 113.587508598963 114.080419143041 121.500472227732 133.514593044917 139.516055583954 132.421125968297 133.132537206014 128.225306669871 138.102819522222 146.314332882563 148.478825887044 146.036148071289 142.108122507731 127.89989511172 108.312060435613 58.9392483234406 52.3368219534556 51.7484049002329 30.8168853322665 1.46809251358112 0.0689729980270689 2.13982909917831 8.98424411813418 23.2237974802653 29.5218328634898 31.5185859799385 31.2961240609487 29.68397239844 50.7418811321259 135.73831319809 138.565401236216 148.828685283661
160.446325937907 165.170798699061 166.8528119723 138.411571582158 115.286727746328 117.487092812856 119.488616784414 124.697138865789 123.521437247594 112.52897977829 103.340039650599 106.545488039653 116.060316562653 123.869637648265 125.069836775462 118.626763423284 121.443917353948 132.52995411555 139.363606770833 143.983314434687 146.494527657827 143.407980600993 139.406979084015 137.325465679169 137.234230836233 137.596021095912 128.822892904282 121.738324562709 97.2917973995209 81.0121397177378 81.1247328917186 91.4215445518494 84.8682920138041 27.1684527397156 8.94823173681895 15.1075931886832 15.055950731039 20.7999621828397 22.4293520053228 16.2457625071208 19.3284228444099 22.4665552377701 61.6452395915985 137.879848480225 157.90714820226 161.665727694829
162.414610385895 164.587418238322 169.503112634023 147.312452395757 132.35467672348 136.612912019094 146.246294180552 154.050221045812 161.631405353546 150.401622056961 125.958353281021 135.519325733185 133.244335651398 142.036249240239 139.369994401932 128.4272869428 124.689131975174 136.59809033076 145.737946033478 159.245073795319 161.65961821874 158.284405867259 147.367219130198 139.641026655833 138.478308916092 138.568510611852 129.45149342219 127.425889174143 113.504588603973 116.504689057668 132.355560859044 156.154503424962 164.692163467407 150.896201531092 74.1909593343735 34.5136721928914 28.0727297067642 29.1149020195007 24.864283700784 18.8618563115597 31.6469073295593 66.9761747121811 106.031467517217 128.373801708221 152.06578373909 148.353149493535
161.312838395437 159.932136535645 164.906313021978 152.100483576457 163.955310980479 163.021773099899 170.251568158468 170.633097489675 168.694972991943 163.137465715408 144.784321387609 140.220373868942 139.868160088857 144.063631693522 147.58708079656 140.828847885132 135.628799597422 144.37343676885 157.812615235647 165.965527296066 163.240353266398 152.638494968414 148.571352163951 149.167855580648 147.053937117259 146.221578121185 140.425026416779 139.381329218547 150.077203909556 160.047352313995 175.414105256399 187.582512696584 196.61808013916 208.122849464417 176.567355791728 75.8248269557953 42.1342601378759 31.4163044095039 20.3210885326068 17.8678072988987 55.6322038173676 133.039593696594 127.101451158524 112.621267636617 120.617886384328 116.452048222224
163.849095503489 152.524660031001 153.727640708288 157.265444596608 186.592658360799 176.573654015859 167.083044846853 152.939180533091 149.220764636993 140.999585390091 137.134631474813 125.945369402568 136.636207501094 145.364840825399 149.378458658854 153.098106384277 149.186184008916 145.870546499888 157.092730204264 158.794740835826 155.369937419891 147.938460111618 147.443870703379 153.461515903473 154.538929462433 149.448106686274 150.342841943105 147.398918867111 161.37550274531 175.14435450236 194.497505823771 207.364956537882 213.95335594813 215.434153874715 214.924613634745 148.498276869456 43.6548739671707 16.5531771878401 10.3776603937149 19.63135227561 72.5833475589752 123.597413301468 115.016321341197 82.9492807388306 80.2766233682632 82.2693804899852
163.750916719437 146.016259988149 150.391072034836 166.026492913564 186.279098192851 172.60738213857 151.133477687836 127.824574708939 115.161349376043 109.995534022649 109.028925498327 114.034424225489 128.187268972397 142.80112584432 149.380425612132 155.203690131505 152.610351641973 137.458195288976 141.340732574463 143.992851177851 146.554758151372 149.534304936727 148.518006006877 155.849268039068 159.381568431854 153.327196836472 157.9217116038 154.477308193843 157.774289449056 182.956496874491 205.59165875117 220.448215802511 219.660957654317 218.490819136302 229.634404182434 219.702104727427 138.077179590861 47.443280617396 32.1897317965825 37.5891054670016 63.2953594128291 78.5980522632599 86.9546929995219 59.9751075108846 49.9040832122167 60.6739223003387
160.190631945928 165.354122718175 193.475524584452 236.096878846486 216.772516568502 177.389740943909 139.099379380544 108.994652827581 96.5811709562937 101.57436132431 97.3966916402181 97.14741508166 116.746962070465 134.256283442179 149.296392997106 158.477654059728 155.132353305817 141.207585732142 141.579180955887 146.027584870656 143.558243910472 147.960156202316 151.712357997894 155.581523974737 161.84589266777 169.02764638265 166.256010532379 165.13263185819 169.948756694794 191.970765590668 216.400941212972 226.337095101674 222.056965033213 229.28245862325 241.327663262685 246.233959992727 229.015608628591 179.458181063334 94.2259629567464 56.3949048519135 48.1819609800975 49.9597489833832 64.9503072102865 55.8344026406606 50.8784502744675 65.4965738455455
178.624312082926 215.63454469045 260.739366213481 283.628503481547 276.949246724447 224.173506100973 171.260754267375 129.644612471263 117.748161156972 122.795869906743 116.049438714981 104.655037323634 104.219913482666 131.319383780162 151.392996311188 160.083105166753 155.871073404948 151.650647322337 145.085195700328 147.001802921295 148.210396369298 151.747087637583 156.329234441121 156.638363997142 161.387811104457 174.927274386088 177.154004573822 184.338291486104 188.013672828674 201.9984126091 219.245175520579 228.420952955882 230.997542540232 239.19932047526 245.967129866282 242.945392926534 239.39194281896 240.504463513692 177.161852518717 93.8077966372172 55.0111929575602 54.399718840917 53.5498410463333 57.2746396064758 71.0056324799856 91.8319821357727
238.932887713114 272.310932477315 289.652566115061 288.79435857137 297.543048858643 281.421343485514 243.655244509379 201.142946879069 174.802899360657 163.190027077993 158.052951097488 133.107453584671 111.906697352727 128.111263116201 154.916952053706 159.854729970296 156.413396199544 156.975209712982 147.842913866043 145.481526851654 151.928424835205 153.346916039785 156.047582626343 156.669437885284 161.608030398687 178.014397621155 184.645553429921 193.442304929098 199.482838312785 205.515583356222 219.633678595225 231.919904549917 231.432954470317 229.119936625163 231.183071931203 215.208431084951 221.197724342346 216.819405555725 175.578097502391 119.341343641281 81.1654875675837 70.7886219024658 58.8032454252243 60.5647613604864 72.2936242818832 97.2842772801717
277.016580104828 293.17581653595 293.092886606852 284.244438012441 292.141238848368 296.95737361908 285.59551636378 245.177626609802 211.461424827576 189.355254173279 185.869018236796 161.483585834503 136.423091093699 133.934547503789 147.668421268463 155.076533555984 151.607722043991 153.197785218557 146.566788355509 148.665110270182 146.874984105428 150.093972682953 149.176855882009 151.089062293371 158.670316139857 172.009627024333 184.740781784058 189.879556496938 196.891129016876 207.276463508606 221.662521362305 223.388314247131 210.316101710002 199.564158916473 198.576807975769 177.29389667511 177.675743897756 164.259453614553 132.997651894887 102.245916922887 107.514292001724 100.14929374059 75.3316879272461 63.1234347820282 61.9791398445765 76.5620370705922
287.886341412862 289.956827958425 291.196723779043 288.438479105632 287.371317545573 292.005658149719 295.77632745107 276.219566663106 229.188978672028 190.827925999959 185.941616694132 179.492831230164 166.944722334544 151.883631944656 150.557100772858 155.135333538055 150.439788897832 146.695216496785 146.682053804398 151.937325795492 146.236340204875 146.390090386073 148.198982079824 150.971521933874 155.731777350108 164.021631081899 176.580329736074 178.037405014038 185.865084330241 203.564286231995 212.263842423757 208.595792452494 196.889956792196 192.396879196167 177.485426266988 163.354416688283 167.158881823222 164.666225512822 151.171177625656 127.021650473277 127.971569697062 132.584462563197 112.502584854762 93.3410624663035 74.4161903858185 66.3381616274516
287.143448988597 288.316309452057 288.116614023844 288.579026858012 286.588251590729 284.638146559397 285.647809505463 274.652699629466 231.110215187073 198.262214660645 186.491668224335 186.25940879186 184.258321921031 164.953788121541 156.997621059418 163.011133670807 155.255824327469 146.695137023926 151.344726483027 154.300192991892 150.956839323044 146.222730477651 151.930381854375 156.179666519165 155.779153108597 161.522308985392 168.243269125621 168.24742158254 176.37425661087 195.918281873067 204.973340034485 201.084911823273 199.219226837158 200.58802763621 175.803482532501 173.229078451792 179.00017897288 185.529629389445 184.885382652283 160.101523001989 115.964005390803 117.356409629186 99.8418430487315 87.1884326140086 72.7087259292603 56.0048719247182
276.134053866069 278.333445390065 280.165155728658 277.231593926748 275.883396466573 273.455401261648 278.109351793925 276.760836442312 239.573200543722 200.448314348857 185.158054033915 180.488049983978 183.444778124491 165.410737196604 154.886454343796 164.608955383301 166.045268376668 153.212994337082 155.582775672277 160.437285900116 158.958305915197 153.138687213262 155.071894327799 158.817946910858 157.88346529007 158.111761013667 166.528403759003 173.251628875732 177.210529645284 191.567222277323 203.290283679962 204.140464464823 198.28470547994 202.48552163442 178.277611732483 184.428691864014 186.87645594279 192.010839780172 194.881280263265 166.923820972443 94.3867762883504 69.557507832845 59.4072540601095 52.1357953548431 50.8873611688614 44.4040397802989
258.879125118256 266.107420126597 273.796399434408 272.083322207133 270.882030328115 273.075997829437 279.144545396169 280.91033299764 259.122292200724 215.467611948649 193.690737088521 178.754130999247 171.415090560913 162.83451517423 152.43469675382 159.78858868281 171.635270118713 163.040022055308 158.529410759608 163.431723912557 163.399587074916 158.138404289881 156.403879324595 158.52278470993 161.244442065557 160.1975162824 165.16254345576 174.931029478709 178.649485111237 185.045997301737 196.852823098501 205.52005370458 201.300382614136 186.511596043905 176.45134528478 194.146116574605 201.230486234029 204.289555549622 192.529459794362 180.72380622228 88.3565346399943 38.283792634805 16.7726414899031 17.2436758875847 17.818662027518 17.3135722676913
227.051218350728 237.289885679881 245.400647322337 248.861114184062 255.820790926615 267.543057600657 276.781519254049 281.143248081207 269.108414649963 236.094693342845 208.918849627177 186.131437619527 172.569036483765 169.312655925751 160.900324583054 153.994431098302 166.610509157181 167.532324790955 159.174342950185 160.276542107264 160.734792550405 158.555805683136 154.34921781222 155.573606491089 160.697996616364 164.938469727834 165.879944960276 171.642978986104 176.897744337718 177.976429462433 188.571552435557 203.399697939555 192.799766858419 174.493332703908 181.845307350159 207.907696564992 213.26744556427 209.977845350901 201.770444711049 199.369410673777 153.899937868118 63.707043727239 27.8291255235672 19.725888967514 20.6562678019206 15.7873307665189
191.907425721486 199.057002862295 197.583556175232 208.213289578756 224.146008491516 238.813122113546 251.249194145203 260.569949944814 258.14946492513 234.010577201843 206.436137358348 182.719270388285 169.878403345744 166.925927003225 163.570026556651 156.094412008921 160.930573940277 162.875274817149 154.156704743703 155.170818169912 158.533831437429 161.317050457001 160.927961270014 155.608495076497 155.992299318314 159.952372312546 166.074484586716 169.354160626729 175.921758015951 175.301233927409 179.455081621806 191.337803999583 185.05996465683 179.988861083984 207.228402296702 221.251587073008 216.896573702494 210.078279177348 209.426422913869 219.961921374003 227.579136689504 179.888268311818 93.4946437676748 49.6860295534134 33.0015867948532 15.628465761741
