input/barkrak2/radiation/dir04024.grid
NCOLS 85 
NROWS 70 
XLLCORNER 665100 
YLLCORNER 4664600 
CELLSIZE 20 
NODATA_value -9999 
[rows 44 to 65 of 70, columns 0 to 49 of 85]
84.7050944964091 90.8509890238444 94.2350427309672 95.2028036117554 96.9296793142955 99.3600289026896 99.8285015424093 95.923920472463 90.7713671525319 86.0662360986074 87.5703791777293 84.6624076366425 81.7890713612239 79.9511124690374 79.9116045236588 79.9619903167089 76.4421919981639 82.835927605629 85.0028991699219 82.3871393998464 77.8189102808634 75.6770074367523 74.880709250768 75.5925724903743 71.7748949925105 80.417608221372 84.625502427419 81.8961064020793 81.7019442717234 79.7275950511297 75.8201579252879 72.9643255472183 80.4150352875392 85.0911339124044 91.2542939186096 94.5983330408732 99.3168652057648 109.041998783747 112.847993771235 104.079385598501 100.413888692856 95.0350562731425 91.3883646329244 70.2988058328629 36.481777826945 1.08671110744278 0 0 0 0
91.4519528547923 96.2326327959696 93.3812657992045 96.8498289585114 95.4168538252513 95.6188241640727 97.4703331788381 95.7728723684947 96.8270500500997 92.2162334124247 90.9462571144104 89.9232824643453 84.8377744356791 80.4363737503688 79.2237222194672 82.8569084405899 77.0852565765381 80.1574240128199 84.930956363678 83.210547765096 80.0953855117162 79.3272952238719 78.2642463843028 80.4884135723114 80.5321385463079 80.3195238113403 86.6685807704926 86.0884189605713 84.0729077657064 82.117368777593 77.3650308450063 74.1479396820068 76.819767554601 76.2908607721329 76.474333802859 79.9673149983088 87.6830617586772 101.705034573873 102.323710918427 88.601807753245 90.9542838732402 85.4971408843994 84.3522747357686 81.280325849851 61.6219888130824 27.1081527074178 0 0 0 0
91.0438597202301 92.6225781440735 95.7111219565074 98.064382870992 97.6211527983348 97.4168280760447 99.5814005533854 101.698537667592 97.765177488327 95.9970355033875 95.1505402723948 93.9963857332865 89.7968411445618 86.1986478169759 86.4002505938212 89.9390280246735 87.3294770717621 80.246369043986 86.9046946366628 85.5848689874013 82.4740479389827 83.0113192399343 82.3188225428263 79.6115497748057 86.3191982110341 79.730103413264 80.7642539342244 82.815224925677 81.7740261554718 83.679993947347 81.5955797831217 77.6390333970388 76.4300674200058 77.0044575134913 78.6380271116893 79.6694755554199 81.8656782309214 90.0421341260274 92.2892192999522 89.1289909680684 88.8855655988057 81.8466742833455 87.6078307628632 95.0081944465637 84.0524733066559 53.3314098914464 13.2940610249837 0 0 0
84.8333736260732 87.0024561882019 93.5218135515849 95.1601167519887 99.0895728270213 100.427438815435 98.3033080895742 98.253200451533 98.407785097758 100.803981224696 97.3361929257711 93.2089984416962 91.955304145813 91.7695959409078 90.2468959490458 88.0144238471985 86.9139730930328 78.6597430706024 83.1569532553355 84.9922200043996 81.4868758122126 81.8171103795369 85.9594345092773 79.4497479995092 81.5883378187815 81.1701317628225 75.2265999714534 80.0986041625341 82.0078204075495 80.761323372523 83.8553706804911 82.3429673910141 76.9774615764618 80.4556707541148 91.5933549404144 95.9606269995372 91.0370349884033 84.7991009553273 90.2033845583598 101.115336020788 92.6957527796427 83.7772091229757 91.060608625412 97.4989533424377 89.9929404258728 69.9886629978816 34.8088790973028 4.84871274481217 0 0
77.2100985050201 80.4611543814341 86.1250062783559 90.5538698037465 97.1872508525848 100.77295700709 97.5850025812785 95.6864257653554 99.4759202003479 102.0281513532 100.208808978399 95.7220395406087 93.8974022865295 95.2117641766866 92.290073633194 86.6985023021698 85.8910183111827 79.8481851816177 83.5372408231099 87.679386138916 86.6337418556213 86.4092707633972 88.3794824282328 84.9991341431936 82.5668076674144 84.2536588509877 80.4132719834646 83.9571356773376 89.9874170621236 92.4325585365295 96.2981979052226 97.9158580303192 88.0274971326192 90.2996857961019 99.1636117299398 105.498065551122 105.925132830938 94.0031011899312 92.381497224172 98.7730026245117 90.9569263458252 82.4579149484634 80.0295372804006 79.9824545780818 78.3730844656626 75.8517334858577 66.3110961516698 15.2269477645556 1.54778035357594 0
76.2703567743301 73.6646751562754 78.0102809270223 86.9064927101135 93.2981868584951 96.6565708319346 99.3866721789042 102.123687664668 102.901438872019 99.5223224163055 101.39125585556 101.616561412811 98.3911752700806 95.3659514586131 93.9819514751434 89.2268121242523 86.6929888725281 84.5746000607808 87.8733297189077 92.6554600397746 94.2753454049428 94.1727956136068 91.1618371804555 92.5047993659973 86.4866475264231 88.8116260369619 91.0277863343557 92.3687219619751 100.26619831721 106.843998034795 112.260589996974 113.222698370616 106.479038794835 99.3523001670837 95.8132843176524 105.443696180979 110.806326071421 106.141597032547 95.6842104593913 88.1255368391673 80.4306666056315 82.1157445510228 80.4596493641535 75.6974369287491 71.9265391429265 74.1164783636729 71.9301005204519 24.1915434598923 2.40879102299611 0.189480003124724
76.7510185639064 80.219363172849 83.7763448556264 90.5973513921102 91.1993781725566 91.8605824311574 100.163747866948 105.707158644994 105.282495419184 104.424436887105 104.404350121816 103.963156541189 99.7662246227264 95.6449111302694 96.1995124816895 99.6164480845134 92.3866430918376 90.9388860066732 92.4253662427266 97.8404482205709 98.9494323730469 96.5368549029032 93.7504569689433 93.7352776527405 88.4766081968943 93.8094655672709 98.1780091921488 98.2884168624878 104.975322882334 113.863855600357 119.855950276057 124.236027399699 113.963405291239 101.755917072296 90.5406276384989 95.1807300249736 104.494392871857 108.936250209808 98.7488230069478 82.4408928553263 75.5354066689809 83.9313765366872 86.0636035601298 82.5019031763077 75.8206198612849 73.0941444635391 60.9117199977239 29.8635760943095 4.14084736257792 0.0229928652212645
77.4441063404083 88.530292113622 91.3392901420593 93.1475361188253 91.4470652739207 90.5068119366964 98.4245836734772 104.101787010829 104.017873605092 108.957350254059 106.221616268158 105.128586292267 102.883656819661 97.6804693539937 97.0519284407298 103.668044010798 97.2682436307271 95.0929621855418 92.8211907545726 95.2517092227936 95.6208904584249 93.4267640113831 92.9163495699565 90.72545170784 87.6307686169942 89.0989303588867 95.394233862559 95.5624381701152 98.3846783638 107.652048269908 115.143070618312 124.433755874634 116.674383481344 94.0353274345398 64.6180808544159 41.4753009875615 68.5271273056666 95.1012174288432 104.61363196373 103.630681832631 100.800335407257 92.8078492482503 77.7627130349477 75.7659574349721 81.9105456272761 76.3524621725082 54.0624211231867 45.9865232308706 10.5637684464455 0.0334470848126026
81.2730491161346 79.2281776666641 78.1925916671753 80.7214826345444 88.2772306601207 94.0548578898112 94.5368607838949 100.765516360601 100.293338298798 105.003992716471 105.756898721059 107.465485731761 106.857597827911 101.395070552826 98.6574788888295 97.3860522111257 99.1126894950867 92.8324659665426 87.3370766639709 86.5396857261658 86.1289799213409 89.3869598706563 90.1262064774831 84.7059686978658 85.9186947345734 84.4685733318329 85.3030284245809 85.6819848219554 86.2949192523956 90.311586856842 94.875435034434 106.563736995061 101.452171802521 77.7593056360881 45.2717045942942 25.7203231255213 26.8888125816981 48.9130516846975 77.8343975543976 103.252698977788 109.787036975225 94.5602655410767 74.2790699005127 70.0319111347198 77.4665673573812 64.5758907000224 44.4568594296773 61.5562895933787 42.7941878636678 13.3719320098559
84.286630153656 73.8323231538137 71.3239262501399 76.579824090004 88.9748235543569 98.3543395996094 97.6311365763346 98.8658964633942 101.752042770386 101.853907108307 104.218393564224 106.325328350067 108.525802691778 106.528073549271 101.276407639186 98.5860923926036 101.074238618215 93.3682123819987 88.7672007083893 88.6133015155792 89.44966395696 88.2404843966166 86.738646030426 83.5018853346507 84.0193331241608 82.7414294083913 81.8686187267303 82.7371577421824 80.7209561268489 78.3501317103704 71.1258103450139 74.9275783697764 76.9027719895045 61.9549602270126 38.5039374232292 26.9565184911092 15.1218349734942 12.188574920098 25.1706515749296 59.2432121435801 90.4426376024882 85.1014157136281 74.6788680553436 58.6909155050913 54.7033846378326 51.9427011410395 42.7865236997604 70.4451898733775 81.1307330926259 58.6986442406972
84.4594041506449 78.6902358134588 76.2764712174733 81.3016593456268 91.2439326445262 100.028544664383 103.136171897252 99.0135967731476 103.67026925087 101.692249377569 105.875233809153 107.600639263789 108.955800533295 109.743456045787 104.536503553391 104.123651981354 104.368249575297 97.4594751993815 93.2489037513733 94.6684380372365 94.7263836860657 89.6186232566833 88.4718199570974 89.9589955806732 87.1058106422424 86.7195924123128 85.1686199506124 81.4776519934336 76.2581676244736 71.5272128582001 62.048465013504 64.6604349215825 70.4019318024317 71.7932383219401 69.955696662267 57.8156610329946 32.2306305170059 18.1374909977118 13.7261040508747 21.7176551620166 42.2233591477076 47.7414776881536 42.3777500788371 34.3067497014999 33.9056253433228 41.1350131034851 55.8825135231018 62.7779463926951 76.3884882132212 82.262580593427
88.1171027819316 86.5768690903981 82.4198722839355 80.7210206985474 86.8948797384898 98.7460414568583 101.042826970418 99.1295377413432 101.185510555903 106.435040632884 112.472166617711 112.984826167425 111.499766508738 111.81918780009 108.84431997935 107.502857844035 107.83048470815 104.633649190267 99.5034774144491 95.4261223475138 93.2723383108775 91.2954707940419 94.1649973392487 95.5045819282532 91.2925998369853 90.4976924260457 84.2695832252502 75.3663380940755 68.3099329471588 65.0216042995453 64.9435023466746 70.3839858373006 75.615793466568 87.4481399854024 94.9387053648631 90.2582406997681 77.5710095961889 60.1894110441208 44.4553593794505 23.5181525349617 27.7406722307205 51.5288958946864 51.9376546144485 40.444294611613 40.4425735274951 57.0157667001088 80.7533413171768 75.5214442809423 70.3450342019399 77.5648504495621
90.820183356603 90.3170704841614 88.9621376991272 84.6213897069295 85.7158303260803 95.6307450930278 98.9546577135722 99.1639097531637 98.8899270693461 108.632276455561 117.085119088491 115.867326656977 110.842734575272 112.824509541194 114.327718814214 107.836067676544 109.433362881343 106.151660283407 100.87921222051 98.7217525641124 97.6587037245433 97.4933207035065 95.1523085435231 91.3536349932353 90.3347929318746 83.4196309248606 64.4118189811707 44.7351336479187 39.4756868481636 47.2341726223628 62.2002383073171 66.8193399906158 73.6543188492457 81.562598546346 91.9643342494965 104.271431763967 107.31096069018 88.1691674391429 88.2633825143178 55.3461213906606 30.0920779506365 53.1326333681742 69.2096650600433 69.8184023300807 69.5142447948456 84.7141246000926 113.418449958165 101.151168346405 77.2161781787872 62.199001510938
89.511255423228 87.7168377240499 91.5274322032928 92.4017628033956 89.3207887808482 92.0857787132263 99.0096231301626 100.164473056793 99.9412337938945 108.08793703715 115.862558285395 114.25855755806 109.23844575882 112.531195084254 115.863978862762 105.219622453054 106.826374928157 105.117698510488 103.121191263199 103.217124938965 103.510051965714 102.741499741872 99.2310345172882 90.7458662986755 89.0183548132579 86.1604809761047 67.9899752140045 47.2912689050039 47.5845436255137 58.1343670686086 71.3180601596832 72.7814535299937 84.60533618927 95.2405532201131 103.613992532094 114.874054988225 93.5523708661397 47.6106703281403 48.1380969285965 59.2406392097473 61.0604931910833 75.1598576704661 80.2175998687744 64.4135077794393 39.0627110997836 44.8838671048482 90.1585916678111 84.845225016276 70.5096224943797 59.8671933015188
77.3732413848241 85.6630106767019 89.351365963618 92.227041721344 92.0443336168925 88.2888336976369 99.0764796733856 103.372424840927 103.689620892207 108.416755994161 111.634314060211 111.961543560028 110.853672027588 108.530441919963 110.06169517835 106.054862340291 101.983845233917 105.330447355906 106.330116589864 108.317991097768 110.237111647924 105.569342772166 102.84415880839 94.5986807346344 93.946894009908 94.301700592041 89.1441106796265 81.9932073354721 84.4312806924184 90.2990698814392 88.889479637146 82.9056650400162 98.8691846529643 108.757634957631 103.759000698725 77.0697047313054 66.9593016306559 30.1956410209338 18.3889505763849 30.300905307134 52.2080610195796 79.5020560423533 84.2713216940562 69.7092115879059 56.5980523824692 59.2508415381114 75.3268400828044 80.1031837860743 77.5741885105769 70.2390770117442
66.5731579065323 82.4481795231501 87.2013072172801 90.2632276217143 93.3129588762919 89.164266983668 93.7899947166443 102.988700071971 114.017456769943 114.977856477102 110.783070325851 108.400046825409 110.492418209712 109.302153189977 109.314332405726 106.662044922511 102.524737517039 104.836205641429 102.886100610097 99.7588237126668 101.008077462514 99.7182826201121 99.2435117562612 96.560259660085 97.2894330819448 102.161357800166 111.721307039261 115.76442917188 101.693113644918 94.8676665623983 92.9954946041107 83.0521434545517 93.1943456331889 84.2071771621704 42.8216308355331 33.22950253884 31.7660495638847 23.5256403684616 10.1569679876169 6.18529009322325 8.3438940346241 32.1867639819781 81.5691451231639 98.0197389920553 113.07285229365 107.31495420138 100.33987959226 100.779910882314 99.469135204951 87.3764554659526
68.3987389008204 79.5940458774567 87.4931712945302 90.1515185832977 91.6993021965027 92.1743909517924 86.414635181427 97.184012333552 119.210461775462 117.905110120773 109.280129273732 105.643083651861 108.458638191223 111.570099989573 110.509147246679 107.248445351919 105.686565240224 102.563718954722 95.4805612564087 88.1764193375905 88.0704422791799 91.4425253868103 90.9484624862671 93.9220587412516 96.3381032148997 101.91888610522 119.148234526316 126.698821783066 108.583698670069 93.2625333468119 83.0727517604828 72.9940632979075 73.006401459376 68.4621632099152 47.9966501394908 27.277817328771 28.6634812752406 38.5892391204834 29.9653460582097 15.0057350595792 5.83163773020109 15.1351491610209 43.3363815148671 91.8301741282145 84.3228499094645 96.7013935248057 91.0428961118062 93.5547649860382 88.7815654277802 81.6085437933604
81.3841720422109 84.8094820976257 87.5201821327209 83.7417642275492 76.890175541242 73.9827553431193 82.4049313863118 88.7671609719594 99.5941360791524 96.0887968540192 94.4362084070842 100.078205267588 106.760601202647 108.619670073191 104.374418656031 106.090674797694 106.026947498322 99.5371143023173 91.4332568645477 85.1414402325948 84.1611723105113 85.6868426005046 89.0745917956034 91.7817155520121 90.3525054454803 94.0535664558411 107.367654641469 116.951088110606 107.481837272644 91.0436908404032 77.0403842131297 62.9659593105316 58.3261996507645 72.1996327241262 66.7155881722768 38.6706391970317 47.0904509226481 77.5727430979411 81.7564974228541 60.5724155902863 28.4191220998764 17.5958710412184 30.2057688434919 49.1825640201569 38.7269780039787 50.856739282608 63.5905613501867 68.618431687355 67.1562204758326 73.4552939732869
94.261646270752 90.5902187029521 86.4264965057373 78.6967774232229 67.3291782538096 60.3494346141815 72.8601515293121 71.4113165934881 60.0972672303518 61.2474183241526 72.9481776555379 86.9522293408712 93.1964417298635 98.4552999337514 101.982752482096 112.999568382899 115.673293670019 105.779578288396 96.4012245337168 92.4094220002492 89.3762012322744 88.0734026432037 89.0574852625529 89.561253786087 89.5517865816752 92.0729438463847 95.6832667191823 103.060364723206 93.9782559871674 76.1359632015228 76.4691929022471 70.0749009847641 64.5354290803273 82.257404923439 87.6226623853048 74.4217485189438 64.7626767555873 65.6813432772954 64.2300794521968 63.7980550527573 48.3091274897257 35.0161666671435 34.8526363571485 30.3743332624435 22.7174858252207 24.4259859124819 35.1740717887878 38.1211837132772 53.7867893775304 75.2230236927668
97.4448720614115 90.0912284851074 84.5025479793549 80.4039488236109 72.4256734053294 65.4716541369756 59.960275888443 54.8699448506037 35.2856367826462 45.1882630586624 67.902535200119 79.9663066864014 80.8129856983821 89.2415046691895 104.439000288645 122.204025586446 127.728978792826 119.734942913055 110.124389330546 104.994267225266 99.1353889306386 97.4737107753754 96.769909063975 91.7213459809621 88.165670633316 90.4983878135681 87.9251956939697 86.3205591837565 83.5790435473124 64.9754057327906 68.1824684143066 69.3318049112956 65.0831907987595 85.9834055105845 105.681459108988 109.06583070755 82.4597378571828 36.084254582723 31.2867611646652 43.0928617715836 52.1785368522008 47.3009794950485 49.3321120738983 44.2371269067129 31.2429691354434 26.7019321521123 38.6277760068576 49.4366139173508 59.6099843581518 93.5843586921692
100.41215022405 94.4311519463857 92.9150680700938 94.3021376927694 90.6391044457753 83.4004978338877 77.4677892525991 78.4221241871516 76.7289251089096 81.915482878685 91.6488468647003 99.0778009096781 99.3961493174235 93.6067203680674 104.945441087087 123.00377090772 133.589327335358 133.740027745565 125.373125076294 114.661574363708 107.759833335876 101.614763339361 99.5789070924123 100.114454825719 94.5912400881449 85.502415895462 76.5008628368378 77.9561201731364 77.0783275365829 72.2851653893789 59.7207446893056 50.2079824606578 43.8918521006902 73.0577309926351 114.391505718231 123.438487450282 89.0198647975922 52.2781113783518 23.6018846432368 23.7757166226705 28.2143354415894 32.1338896950086 49.0596145391464 59.8420401414235 62.1570398410161 47.4090029795965 46.8826293945312 66.6815340518951 99.2482304573059 151.315718889236
101.333876450857 98.224808772405 98.358412583669 99.859615166982 99.5129545529683 95.2001909414927 94.3660537401835 103.521009286245 121.728330850601 116.789807875951 107.487887144089 109.69748099645 115.731060504913 101.698617140452 102.839787801107 112.738261620204 123.063584168752 129.945973555247 130.023141702016 122.681558132172 115.793486436208 108.449925978978 103.360881408056 99.4339684645335 89.3458227316539 80.734595656395 68.5104628403981 67.7938212951024 69.0918664137522 61.2583259741465 32.5446824232737 29.7875627875328 23.2705598076185 37.4181196093559 112.226267655691 124.608675638835 103.777180115382 92.4461483955383 57.1012993653615 17.6467460890611 9.33369621634483 6.9709587842226 26.4868487914403 65.5729472637177 74.4178146123886 63.3128434419632 61.9049221277237 91.3823843002319 156.987508138021 204.659899075826
