input/barkrak2/radiation/dir02624.grid
NCOLS 85 
NROWS 70 
XLLCORNER 665100 
YLLCORNER 4664600 
CELLSIZE 20 
NODATA_value -9999 
[rows 0 to 22 of 70, columns 0 to 50 of 85]
78.869889179865496 93.3995544910431 113.565534353256 138.372550408045 149.102499087652 151.771485805511 149.464418490728 147.41708834966 145.441085100174 148.756265640259 149.507602055868 145.629584789276 141.073336203893 141.806890567144 141.881277163823 126.455932855606 113.682806491852 104.165434837341 103.943765163422 103.204488754272 110.441148281097 128.979027271271 152.257978916168 156.290769577026 159.679750601451 169.762094815572 168.304562568665 159.977773825328 152.173727750778 154.251078764598 150.065133968989 170.908649762472 207.418342431386 203.149437904358 201.818346977234 193.463206291199 200.304905573527 213.651180267334 212.498386700948 210.364143053691 202.325622240702 210.794568061829 215.722938378652 206.490556399027 195.184767246246 201.691349347432 208.350658416748 170.867741107941 114.150166511536 110.04505554835 132.875144481659
54.8030287027359 69.8467791080475 80.6312958399455 98.3097652594249 111.01241906484 117.439140876134 131.910681724548 149.68271056811 154.891987641652 154.519925514857 153.472483158112 148.726483186086 143.49373181661 143.573502699534 141.964097817739 129.118690888087 120.721707741419 112.24110921224 108.101805051168 106.560488541921 119.879980882009 144.140958786011 159.305572509766 164.014021555583 168.559908866882 173.900167147319 171.689947446187 162.615358829498 155.836741129557 155.656923850377 156.744241714478 180.603126684825 203.13972234726 198.639134565989 196.518739064535 193.358222643534 200.540165106455 206.4315478007 203.553636868795 202.969789505005 201.184471448263 207.88300037384 203.17949851354 192.280928293864 186.012983322144 198.303699493408 199.170927206675 149.220546086629 121.424396832784 132.230202356974 161.569486061732
25.3737444678942 33.2360416650772 41.8851673603058 50.0083069006602 58.9848260084788 70.0257370869319 80.9477567672729 102.470219135284 119.694232940674 143.011142810186 145.589768886566 148.65638812383 150.896340608597 152.369817097982 154.224852720896 154.407660166423 150.438209374746 137.806206941605 123.610446850459 118.166367212931 129.608005285263 146.632353464762 157.227645317713 159.560789664586 163.3473833402 168.229321638743 167.13273525238 162.012974421183 159.563432137171 163.171023130417 173.25880130132 191.794713338216 202.799916267395 200.046420097351 195.88029384613 195.11353969574 202.056368192037 206.772526105245 201.260725657145 196.727871894836 192.391057809194 186.071455478668 176.669239997864 170.180439949036 175.736308097839 192.901988824209 185.763120651245 143.141667048136 141.182869672775 160.445233186086 186.687390009562
14.8609379927317 16.4776593446732 20.139392465353 23.1425513823827 26.2371251980464 30.9687356154124 39.6573394536972 52.9848535855611 67.3899501562119 86.2231055895488 107.772847016652 133.475383122762 151.661028464635 154.953926801682 156.829337279002 163.001199563344 160.112351179123 150.605171918869 134.079476197561 127.096573511759 128.400226434072 128.547499577204 138.927638530731 148.172875245412 149.748434623082 149.523079395294 157.054404417674 160.534858703613 163.509239753087 169.127364953359 176.576594511668 193.990250428518 198.971311251322 198.94140958786 196.037491162618 196.282962958018 196.154594421387 196.718414624532 190.396587053935 180.540641148885 175.879279772441 170.138796170553 169.003705183665 182.771941026052 194.702446460724 189.301232496897 169.123868147532 147.311627864838 150.806695222855 163.814961910248 184.887607892354
25.0976234674454 16.7534587283929 10.7768103480339 7.13976224263509 6.7789051681757 15.1886604726315 27.0776202281316 36.7996096611023 44.7797973950704 50.4534939924876 66.3218994935354 88.5098278522491 102.882266044617 108.216106891632 115.026315053304 122.345328330994 121.594309806824 122.849464416504 124.959280093511 125.704864660899 123.781621456146 121.974885463715 129.880756139755 139.057636260986 143.62046122551 148.616333802541 150.943835576375 153.088440497716 161.567509174347 163.717697064082 171.352426211039 191.983461380005 191.396673520406 191.245039304098 191.44735733668 190.12576341629 189.095914363861 186.376889546712 175.499717394511 168.762962023417 166.668931643168 167.250752449036 176.670531431834 187.588751316071 189.769804477692 168.7317887942 133.475164572398 130.81356883049 144.476999839147 162.79000043869 190.908312797546
46.0784335931142 34.3712568283081 19.1280481715997 7.78579339385033 4.67013070980708 8.43470791975657 19.427395115296 30.7106996575991 38.4416133165359 37.8244991103808 42.9007808367411 52.4809708197912 58.9231997728348 61.5442295869192 69.3426430225372 76.0453144709269 74.961726864179 85.8231981595357 97.753236691157 107.547988494237 111.995190382004 118.417223294576 118.078013261159 123.461186885834 130.407949288686 137.003123760223 142.159879207611 148.189524809519 152.474065621694 162.262260913849 178.841869036357 189.106384913127 180.351853370667 181.576788425446 183.45050017039 183.308800061544 180.410583813985 175.566713015238 167.349696159363 169.276634852091 168.682853380839 167.959094047546 170.254548390706 173.232555389404 169.843872388204 133.993039528529 113.296320041021 123.826007048289 143.643110990524 182.093183199565 205.597201983134
64.2353892326355 48.9031324783961 36.5075990557671 24.4652678569158 12.3298826316992 7.57830341657003 9.88513231277466 22.5078935424487 30.8498218655586 34.087968369325 37.1116325259209 35.4645301898321 33.0481355388959 31.5680950880051 33.9031219482422 43.3047115802765 48.8995561997096 64.7696753342946 82.7017476161321 97.2165564695994 105.174054702123 111.414571603139 114.831437667211 114.054421583811 120.797157287598 122.418026129405 129.972775777181 138.219436009725 145.509670178095 151.051789522171 164.793352286021 172.472596168518 169.297456741333 165.205349524816 165.985584259033 167.564868927002 168.44117641449 163.76131772995 158.990065256755 153.432826201121 150.228371222814 150.610446929932 157.404104868571 164.778093496958 162.006874879201 158.259630203247 166.097720464071 176.989833513896 190.085689226786 204.644680023193 209.594587484996
78.3694038788478 63.5644247134527 52.8241991996765 41.0906424125036 30.2128841479619 13.3757467071215 6.55838847160339 0.586834503337741 13.9998023708661 27.7811537186305 33.7018718322118 34.8186492919922 30.8127254247665 30.4165929555893 25.7340520620346 27.1864235401154 33.6043188969294 45.3736186027527 63.6501361926397 79.660286506017 94.1062172253927 103.321015834808 113.146662712097 109.733253717422 112.521340449651 115.027705828349 118.138114611308 121.118485927582 126.943002144496 138.601730267207 148.253778616587 148.617267608643 141.709377368291 137.949844201406 139.856865008672 147.066374619802 153.60352396965 152.919103701909 150.039623181025 134.28521156311 131.312708059947 138.491809368134 153.395225604375 165.469308694204 169.200638930003 176.108439763387 182.930986086527 187.851230303446 195.032974084218 198.212107022603 197.084407011668
72.8187561035156 65.6396547953288 55.3443282842636 46.4351226886114 37.5183895230293 30.2821149428685 15.18323396643 5.32835225264231 11.8290185928345 17.7007739742597 24.4164566198985 29.8002734780312 32.8512837489446 34.6564054489136 33.0219219128291 31.8654626607895 29.8455307881037 34.2118392388026 44.9092785517375 57.3549667994181 70.4628725846608 83.637535572052 95.0466394424438 96.128523349762 100.055654843648 100.452582041423 98.895917336146 103.001366058985 111.245711644491 122.336943944295 126.198391119639 128.321309884389 124.041378498077 122.649649779002 125.535478194555 128.693163394928 137.333691120148 144.292463858922 145.458241303762 140.575061241786 145.081410805384 154.240181048711 161.859095096588 165.043860673904 163.498928149541 164.346615473429 166.378289461136 175.056060155233 182.518204053243 182.28554725647 175.808310508728
54.6646813551585 50.9167810281118 47.281672557195 37.1600066622098 35.0054850180944 32.7197040120761 25.9292597572009 19.9070374170939 12.2377177079519 9.36209782958031 12.5043106575807 24.0654895702998 35.173940161864 43.6977644761403 47.9536404212316 46.3086366653442 38.1953318913778 36.5223412712415 37.3024592796961 40.4870162407557 46.9739139080048 55.1198174556096 63.377117117246 71.7348953088125 80.651784936587 84.2072268327077 85.8116547266642 86.1783226331075 90.3283854325612 101.161311070124 103.211422761281 105.31547665596 107.776641845703 111.29567027092 115.035096804301 119.573980569839 120.305846134822 125.232587258021 141.219794750214 150.907834370931 159.479508797328 163.864155610402 165.665884812673 164.961099624634 161.998222271601 163.659711678823 170.615017414093 176.090319951375 178.297956784566 176.611383756002 178.168833255768
19.1265481213729 18.440214296182 17.5138339400291 17.5141332050165 17.9654794434706 11.9515533248583 15.5368447303772 18.9130045473576 14.890535424153 11.710016677777 8.68769362568855 11.8037201464176 22.1383720636368 36.4822000265121 51.1686901251475 46.8968202670415 42.9665048917135 41.3313657045364 37.6778294642766 35.4117279251417 35.6712291638056 37.8967573245366 41.5359412630399 52.2333979606628 63.468724489212 72.503740588824 72.3834534486135 73.3295530080795 76.7394602298737 78.1647264957428 84.6507350603739 92.9785172144572 100.447336832682 102.30827331543 104.964951674143 108.106106519699 111.770610014598 116.876224676768 127.151548862457 153.710067272186 162.168482939402 162.247359752655 161.366810401281 157.71609544754 158.336242039998 164.535343647003 171.168923377991 171.493530273438 170.741776625315 174.652755260468 176.382263501485
1.4548422768712 2.05981141577164 0.780718711515268 1.10154879145347e-19 3.61659250415e-18 6.9238016877467e-18 1.79587956517935 9.6148985127608 18.7212054928144 18.7745268146197 13.3410903314749 9.07280171910922 12.0237457255522 21.3374147812525 34.9561224381129 39.6159092585246 45.5898841222127 46.2188174327215 41.2582630912463 36.6151059667269 32.8220253189405 32.4212263027827 34.1085940599442 40.3250530362129 48.0527629454931 54.7372996807098 57.3198099931081 60.8391265074412 63.4778042634328 67.7809168895086 67.6851173241933 70.8008855581284 85.5417052904765 87.0194733142853 90.0743305683136 92.5914446512858 99.6135274569194 108.818809191386 116.301039854685 131.788114706675 134.068826834361 141.083419322968 147.741456826528 145.332604646683 146.956106026967 145.49708366394 149.950126806895 158.527076244354 162.026325861613 166.293462117513 168.878356615702
0 0 0 0 0 0 0 1.02368276566267 14.4618600606918 22.629477083683 22.6605758070946 17.7729104955991 9.74475468198458 9.3789833287398 19.633727769057 35.0742886463801 43.4403717517853 48.0715980132421 47.6499696572622 43.8840289910634 38.5211904843648 39.3152286609014 40.2038892110189 41.5155366063118 43.6663826306661 45.922597249349 48.3219226201375 54.527093966802 56.3826461633046 54.8451195160548 58.9629709720612 58.2285175720851 55.1432271798452 58.8706781466802 74.0608125925064 77.4509261051814 85.563192764918 96.2379773457845 99.1246998310089 108.919928471247 115.662554899851 115.091939767202 115.163485209147 118.650476137797 130.839963754018 134.645879268646 134.100218613942 137.208223342896 139.628122250239 144.742041826248 148.973971605301
0 0 0 0 0 0 0 0 0.477800456186136 13.1958524386088 25.526687502861 31.4369772871335 27.3427690068881 18.3402573068937 17.8180697063605 30.0349568327268 39.942907790343 50.7908960183462 58.5149228572845 56.8935771783193 50.4217396179835 49.542024731636 49.1884897152583 48.92831047376 50.8227149645487 50.3576248884201 51.5509794155757 56.6307206948598 58.7495466073354 51.787609855334 51.6277501980464 55.1739533742269 51.393801967303 47.3120907942454 48.7457414468129 58.7965746720632 71.6886023680369 79.5761893192927 84.6866965293884 86.2254897753398 89.8451805114746 94.9325760205587 100.528885920842 107.458939154943 108.356108268102 127.100835243861 127.798090378443 120.642244815826 118.885536988576 120.978514353434 124.563316504161
5.5132961521546 0 0 0 0 0 0 0 0 3.43679760893186 19.836167494456 33.2710022727648 48.070897658666 41.7087773482005 31.1264346043269 28.735858698686 30.9462497631709 40.4167224963506 54.0914436181386 63.8385315736135 63.5798126459122 60.668538014094 60.038834810257 57.9024155934652 57.7138066291809 59.4258606433868 58.9571893215179 59.6937537193298 56.5868616104126 53.0292292435964 49.7020532687505 49.2420146862666 45.0145751237869 44.3108876546224 42.5572693347931 40.4643813769023 39.5323236783346 39.7912859916687 51.2293527523677 59.775377313296 66.1106010278066 75.3414779901505 79.7580182552338 86.1932635307312 91.3762450218201 96.7390735944112 107.394258181254 121.213893095652 118.879576524099 111.26563946406 112.676481405894
5.85211937626203 6.54416671479225e-18 0 0 0 0 0 0 0 0.650373520329595 14.3386510511239 33.9284216364225 48.7433969974518 54.2268256346385 46.0612674554189 30.9126526117325 25.8604908982913 28.7922670443853 39.6996140480042 58.6055268843969 67.9564972718557 67.6191796859105 70.7600613435109 65.7270054022471 62.7050946156184 64.7733112176259 65.9449994564056 63.4752959012985 59.7291241089503 57.7289213736852 55.0350844860077 49.8201300700506 44.4306284189224 36.7384552955627 33.4332585334778 29.1767741243045 25.8112599452337 26.659997800986 28.1727363665899 32.3042621215185 36.2517187992732 45.0053761402766 46.9753593206406 49.5502402385076 60.1795017719269 68.3307101329168 77.9116402069728 87.6028041044871 91.9176042079926 103.706220785777 105.811953544617
3.94056333849827 0.300635835931947 0 0 0 0 0 0 0.380324549041688 0.738023004184167 1.53500617792209 23.9224632581075 43.2246973117193 57.3921749989192 56.984156370163 50.8888810873032 43.7180697917938 37.3705476522446 33.3096534013748 40.3412332137426 58.6051940917969 72.030042608579 77.8243790070216 74.4721243778865 71.3085979223251 71.5627570947011 73.2334703207016 68.0680175622304 70.0136174758275 67.2065118948619 57.8771183888117 46.2583849827449 43.2516733805339 35.8757227659225 28.9231489102046 23.6923471093178 18.1892613569895 14.2367904384931 15.9343977769216 18.838790555795 21.6603403290113 24.5014900962512 26.7159516612689 29.2329291502635 38.7640843788783 51.5268941720327 60.6291443109512 64.1707330942154 71.8923012415568 81.8427701791127 93.7289794286092
2.38636182621121 0.689378085856636 3.90063480197916e-18 0 0 0 0 0.416686836009224 1.68517014632622 3.34362002710501 7.75365903973579 16.4750752349695 30.2841315666835 43.6148742834727 56.3253660996755 61.4125380913417 63.5431110858917 56.8537215391795 44.2340224981308 36.2540483474731 43.6025311549505 63.550924261411 71.4182158311208 75.393334031105 78.5019397735596 80.2297343810399 83.6336414019267 80.146978298823 74.3801494439443 76.9229729970296 66.8048063913981 53.0503888924917 41.0874163111051 34.755436082681 25.4669487476349 19.7387139002482 16.0830741127332 10.4623573521773 9.10267730553945 9.63141148289045 15.0085476537546 14.9839967489243 18.2276206711928 24.3457506100337 29.9963131546974 38.8672401507696 44.2503442366918 46.6118107239405 51.7779588699341 58.2798967758814 66.8374051650365
2.66524963080883 3.24138564368089 2.38392796988289 0 0 0 0.341112725436687 2.26883093516032 3.83241040011247 12.2827428082625 17.4397664765517 20.9864502151807 25.9408007065455 35.9340384602547 48.64402115345 59.4583302736282 64.568837483724 66.5516157944997 63.2716119289398 51.9668211539586 39.4391492009163 49.6012568473816 59.723307689031 69.9692418177923 78.9061536391576 87.7013603846232 84.5064918200175 89.0601277351379 81.3657939434052 72.8343625863393 60.9626322984695 58.7425927321116 44.6119258801142 30.8356235424678 22.6967930793762 17.2529282669226 10.619672636191 6.2366034835577 3.73168041308721 3.75269260257483 5.9362289806207 11.8205224474271 17.0178549985091 20.5284381906192 23.7526843945185 28.5376757383347 35.4585523406665 37.0723282297452 41.4580702781677 45.8797166744868 52.7712305386861
2.7995922913154 2.05072419097026 3.13048313061396 0 0 0.745140404130022 1.22584154208501 2.6344091941913 3.46906824658314 6.50615369280179 19.5190012454987 18.7284474571546 18.7771357595921 23.9996761083603 35.2145358920097 47.1407969792684 55.4213921229045 59.750109910965 66.1558856566747 65.3755068778992 57.7870359023412 48.7668762604396 51.257719596227 61.9358023007711 72.967251141866 80.749640862147 86.1732065677643 83.3065658807755 83.5861961046855 74.6075212955475 63.5386208693186 50.3063301245371 42.5211638212204 27.4482121070226 24.646945297718 15.0670446455479 6.13267843921979 1.62220715234677 0.192218013883879 0 1.16556238693496 8.3254761993885 11.4581796030203 14.2711028456688 17.6802836358547 23.1867705782255 25.0365783770879 27.2864177823067 35.7682580749194 39.7770131627719 40.6791220108668
5.41402275363604 1.43852131441236 0.0711864025409644 0.615052646026015 0 1.47260973850886 1.14433630369604 2.9707932844758 4.01944605012735 4.20721061527729 14.1649171710014 13.8299651443958 12.9024336735408 16.1479028562705 22.2159723440806 32.7338427305222 41.8519030014674 48.4995047251383 57.130570213 68.0207411448161 74.5950837930043 66.8294330437978 64.5774006843567 67.331408460935 69.9627796808879 73.421448469162 78.392282128334 76.6427417596181 71.3756481806437 62.729944785436 58.0603033304214 43.2450622320175 28.0336439609528 21.7640822132428 7.95695682366689 1.62825950731834 0.277074674765269 0 0 0 0 0 7.04391424854596 12.0104638238748 15.8908764521281 18.4898873170217 22.0019519329071 23.3498588204384 25.8841117223104 27.0777866244316 26.4616260925929
18.9155004918575 10.1268707464139 1.82901229709387 3.22830894341071 2.94166710227728 0.928194727748632 2.73617015530666 4.49020508676767 5.03240370502075 4.49188798666 10.3990125159423 11.480800807476 11.5681265791257 9.66098407904307 14.6185184518496 23.7194250027339 34.0514108538628 43.4194107850393 50.0060419241587 61.1263811588287 69.7645048300425 80.6215355793635 85.6537123521169 86.2532158692678 79.1404147942861 71.2403059005737 68.5600837071737 67.5660918156306 68.1471576293309 53.9732029040655 43.3740417162577 24.5549753308296 16.6877880692482 4.14847893019517 0 0 0 0 0 0 0 0 0 3.33556594947974 8.16783681511879 12.3239954312642 15.9065499901772 19.541647285223 22.4864060680072 22.4254404505094 21.0492536425591
47.9519466559092 41.5008018414179 20.3593547145526 13.4108091394107 9.83489863574505 3.5067442804575 7.04953260719776 6.82278908789158 5.86744211614132 4.06812690198421 12.8228900333246 13.2227502763271 14.3892740209897 14.5515923698743 15.7348973055681 20.0742942591508 28.7835597991943 38.7396266063054 44.5006042718887 46.8924343585968 50.6937801837921 65.6019349892934 76.4279613892237 80.0448805093765 81.2861373027166 74.3781427542369 67.2683219114939 57.3224822680155 61.4730219046275 41.7971611022949 22.9561701416969 9.92755902310213 0.0370628670983327 0 0 0 0 0 0 0 0 0 0 0 4.95933679242929 9.41375705103079 9.11000184714794 10.5190351605415 14.7578753530979 17.4159072339535 17.0200032492479
