input/barkrak2/radiation/dir03924.grid
NCOLS 85 
NROWS 70 
XLLCORNER 665100 
YLLCORNER 4664600 
CELLSIZE 20 
NODATA_value -9999 
[rows 44 to 65 of 70, columns 0 to 49 of 85]
82.8821758429209 89.021772146225 92.0599102973938 93.0695732434591 95.0851639111837 97.8857974211375 97.9930758476257 93.7020679314931 88.9823238054911 84.3246777852376 85.8443876107534 83.6683412392934 80.0614058971405 78.197568655014 77.5426626205444 78.3463170131048 74.7594187657038 81.3026577234268 83.4023157755534 80.8134327332179 76.2681166330973 74.1232385238012 73.3473797639211 74.0938434998194 71.3900725046794 78.9296627044678 83.1101089715958 80.3883870442708 80.1870425542196 78.2338778177897 74.3336578210195 71.5067783991496 78.9163659016291 83.5833549499512 89.7436340649923 92.5585826237996 97.8031754493713 107.462654511134 111.23114824295 102.474013964335 98.8429188728333 92.7904645601908 89.0436967213949 68.8314040501912 35.1767688989639 0.545261039709051 0 0 0 0
89.3057386080424 94.3913956483205 91.5385782718658 95.0061877568563 93.5738682746887 93.7762459119161 95.6224004427592 93.9461986223857 95.0229863325755 90.4346505800883 89.1937116781871 88.2013241449992 83.861380815506 78.7593026955922 77.5684912999471 81.2202394008636 75.5036522944768 78.6310931046804 84.2862625916799 81.6293011109034 79.4775237639745 77.7621765931447 76.7301420370738 77.8481960296631 79.0407359600067 78.839103380839 85.149218638738 83.4348102410634 82.5241307417552 80.5874268213908 75.8651494979858 72.6687212785085 75.3509203592936 74.8116324345271 75.0083277622859 78.2576302687327 86.2006346384684 100.13335943222 99.9660094579061 87.0496928691864 89.4067982832591 83.9672684669495 82.8385353088379 79.7684093316396 60.1710379123688 25.8859967192014 0 0 0 0
89.2088413238525 91.1099215348562 93.8652555147807 96.2045093377431 95.7724452018738 95.5721437931061 97.7314114570618 99.842776854833 95.9386726220449 94.2041178544362 93.3707356452942 92.2421316305796 88.0736211935679 85.1865311463674 84.7179293632507 88.2730484008789 85.6959422429403 79.7145515680313 85.2942764759064 83.9705367883046 80.8781484762828 81.417590379715 80.7574341694514 78.1013021866481 84.8158200581868 78.2392124334971 79.2608807484309 81.2877118587494 80.2645931641261 82.1221669514974 80.0590515136719 76.1456241210302 74.9590297540029 75.5198697249095 77.1669695774714 78.2093356053035 80.3890327612559 88.0087614059448 90.7484591007233 87.5781079133352 86.7633819580078 80.3436438242594 85.680882136027 93.4456984202067 82.4470520019531 51.8991897503535 12.6303931077321 0 0 0
82.9993585745494 85.201362768809 91.529369354248 93.3082103729248 96.9226161638896 98.5779364903768 96.4612364768982 96.4027444521586 96.1948831876119 98.98375471433 95.5498814582825 92.0391579469045 90.2021030584971 90.0415976842244 87.7469579378764 87.1709883213043 86.1440698305766 78.0142247676849 81.5854966640472 83.3733280499776 79.8898388942083 80.2306830883026 84.3712588151296 77.9278179009755 80.0900707642237 79.6429614226023 73.7348645925522 78.5604963699977 80.4766913255056 79.2445838451385 82.2923282782237 80.8129608631134 75.4854679107666 78.9602448542913 90.0806784629822 94.4551825523376 89.5351469516754 83.318034807841 88.6636773745219 98.1339017550151 91.1463300387065 82.2676569223404 89.5321567853292 94.7051147619883 88.4664456049601 68.5367981592814 33.5945934057236 4.27929467211167 0 0
75.6036688884099 78.6833862463633 84.340234597524 88.7061754862467 95.3341126441956 98.9203850428263 95.7348148028056 93.5049255688985 97.6530114809672 99.6508598327637 97.8697240352631 93.9342578252157 92.7722156047821 93.4601426124573 90.5713438987732 85.0064754486084 84.9822958310445 78.244224190712 81.9529145956039 86.0352516174316 85.001806418101 84.8049422105153 86.7887536684672 83.4550460179647 79.8705667257309 83.7757190068563 78.8810551166534 82.4166635672251 88.4180267651876 90.8661981423696 94.7395960489909 96.3413019975026 86.5000287691752 88.7791216373444 97.6296166578929 103.998084863027 104.39795255661 92.4971799055735 90.1241302490234 97.2241361935933 88.7331664562225 80.9534639120102 78.5313546657562 78.1419823567073 76.8861621618271 74.4150777657827 64.8874342441559 14.5327262580395 1.16738964182635 0
74.4613657395045 71.777751048406 76.0097752014796 84.9006076653798 91.4481778939565 94.8005318641663 97.8302756945292 100.270013014476 101.074437300364 97.7062980333964 99.5829999446869 99.8127957185109 96.6082215309143 93.6105648676554 92.231164375941 87.5028073787689 85.7782363891602 82.0341507593791 85.2911074956258 90.9921725591024 92.6129619280497 92.5330718358358 89.548925558726 90.9228126207988 84.9374334017436 88.4020427862803 88.2679522037506 90.8218026161194 98.6713071664174 105.245838562648 110.681037108103 111.649672190348 104.890316724777 97.828487555186 94.3333109219869 103.950212399165 109.303216139476 104.630678892136 94.1852430502574 86.6059760252635 78.9550393819809 80.2180667718251 78.9641837279002 74.2197533448537 69.2296971877416 72.6965367794037 70.4672187566757 23.3916789293289 2.01910904919108 0.101023411843926
74.9144007762273 78.4051169951757 81.9748242696126 88.7723366419474 89.6453559398651 90.0105237960815 98.3030994733175 103.835582733154 103.42808564504 102.596332629522 101.995875438054 102.153082688649 97.9891121387482 93.8825805981954 93.7489370505015 97.8641907374064 89.9124840895335 90.2551313241323 90.8119877179464 96.1755712827047 97.2822308540344 95.9168374538422 92.133899529775 92.1472211678823 86.899866660436 93.4359927972158 96.6009795665741 96.743106842041 103.391428788503 112.258811791738 118.264615535736 122.63501683871 112.408409516017 100.237598021825 89.0743931134542 93.7039951483409 101.745754480362 107.452521721522 97.2779790560405 80.60156305631 74.0754206975301 81.909974416097 84.5783253510793 81.0341189304988 74.3533472220103 71.6817130645116 59.5665921767553 29.0035555760066 3.52529529482126 0.00570819853843811
75.6223350763321 87.0129068692525 89.3728335698446 91.3114845752716 89.5729263623555 88.6516471703847 96.5678890546163 102.238913377126 101.729134718577 107.106188933055 104.387243588765 103.310267130534 100.463887055715 95.9115227063497 95.3267216682434 101.925859848658 95.538467168808 93.4285918871562 90.0199214617411 93.5753186543783 93.9355095227559 92.7398502826691 91.2988781929016 88.0245665709178 86.0588649908702 88.7906153996785 93.8173731168111 94.0132240454356 96.8340237935384 104.540914297104 113.557944695155 122.815787792206 115.098168452581 92.5286014874776 63.210517168045 40.5202060937881 63.2756054401398 93.656321366628 103.1560699145 102.160741885503 99.2686450481415 90.5214647452037 76.3051609198252 74.3234554926554 80.4687241713206 74.9102681875229 52.9231081406275 44.7649757067362 9.90845076739788 0.015012866545779
79.4487943251928 77.4538666009903 76.4495134353638 78.9595444997152 86.218535900116 91.9293463230133 92.6810602347056 98.8877514998118 98.4482169151306 103.166421254476 103.903263807297 105.62785466512 105.034520228704 99.6134877204895 96.9320734341939 95.6566135088603 98.2214013735453 90.1520450909932 85.7324500878652 84.8761896292369 84.4679772853851 87.7187450726827 88.4955128033956 83.1037362416585 84.352711836497 81.8202644586563 83.7545196215312 84.1593941052755 84.7812493642171 88.7782275676727 93.3322111765544 104.952951272329 99.9037722746531 75.9924749533335 40.2712474266688 24.9086866776148 26.0699490706126 47.8050112724304 76.5307346979777 101.794670025508 107.238501310349 93.0539766947428 72.8459507226944 68.6038235823313 76.0093132654826 63.3387714624405 43.4750417868296 60.2057874202728 41.5074899792671 12.4696989854177
82.4342717727025 72.0324218273163 69.4419791301091 74.8251924912135 87.1541301409404 96.4694221814473 95.7450171311696 96.9704389572144 99.5319585005442 100.000341733297 102.361718813578 105.011840661367 106.6748102506 104.709128538768 99.5175739129384 96.8364576498667 98.4895825386047 91.6986664136251 87.0434443155925 87.8929098447164 87.8053307533264 86.6030653317769 85.112194220225 81.9013118743896 82.4398746093114 81.1733553806941 80.332746108373 80.0662984450658 79.2216857274373 76.842983563741 68.0006891489029 73.3959674835205 75.4181146621704 60.6219917535782 37.5723317265511 26.1314362287521 14.4228078424931 11.6808141271273 24.4831889867783 58.0657770236333 88.3900026480357 83.6352308591207 73.1813758611679 57.5137237707774 53.5494387149811 47.5235730409622 41.8165822823842 68.9851343631744 79.5102218786875 57.1833451588949
82.6048155625661 76.8470068772634 74.4698146979014 79.5361200968425 89.4399285316467 98.1582204500834 101.252178351084 97.0838665962219 101.794352134069 99.8088220755259 103.991518417994 105.723877747854 107.099036375682 108.519335587819 102.736373742421 102.346996466319 102.582474549611 95.7704385121663 91.5969808896383 91.9960141181946 93.0497248967489 88.0013108253479 85.8526031176249 87.2797171274821 85.5190952618917 85.1426720619202 83.6055080095927 79.945961634318 74.756329258283 70.0045973062515 60.5301111936569 63.1259779135386 68.9634631077449 70.4080909490585 68.5640573501587 56.4631372690201 31.0906817515691 17.1902974446615 13.0468979477882 20.4943915208181 41.2564550836881 46.7302401860555 41.409100095431 33.4070846438408 33.0094521244367 40.1804844538371 54.6109229326248 61.3159288962682 74.7950226068497 80.6178897619247
86.2229565779368 84.686001141866 80.5778900782267 78.9272536834081 84.8961075146993 96.9149967034658 99.1752843062083 97.1854130427043 99.2636779944102 104.551533857981 111.05086406072 111.121227343877 109.578629334768 109.973212083181 107.029259204865 105.725765228271 106.058259805044 102.894643942515 97.8160997231801 94.6946144104004 91.6093289852142 89.6760225296021 92.5406912962596 93.9190089702606 88.4557366371155 86.4458779493968 82.7156454324722 73.8297303517659 66.789244612058 63.5034839312235 63.4087373812993 68.5842980941137 74.1257915894191 85.991362730662 92.3031369845072 88.8223151365916 76.1567354202271 58.8466028372447 43.2940274477005 22.5296666224798 26.9051045179367 50.2960284550985 50.7078965504964 39.3087218205134 39.2850488424301 55.7221919298172 79.2605976263682 73.9313513040543 68.7473316987356 75.932651758194
88.9306664466858 88.4125530719757 87.0126088460286 82.7954113483429 83.8276048501333 93.554417292277 96.9199935595195 97.2754557927449 97.0108509063721 106.247504552205 115.196804205577 113.984932502111 108.977933724721 110.976775487264 112.485945224762 105.987151463826 108.335713545481 104.398409525553 99.1727908452352 97.017635901769 95.9603985150655 95.8467523256938 92.3491020997365 91.0477340221405 86.2837533156077 81.9032192230225 62.9358142614365 43.3122217655182 38.1893242398898 45.8968381086985 60.6751243273417 65.2425140142441 72.1658170223236 80.0987730423609 90.5308624108632 102.803995211919 105.806529521942 86.8220428625743 85.0303669770559 54.1336437066396 29.2335823178291 51.8545806407928 67.832812666893 68.3903197447459 68.0553913116455 83.1317752599716 111.770888169607 99.4795461495717 75.6028890609741 60.700183113416
87.6337389151255 85.8112871646881 89.6342396736145 90.4627641042074 87.4820351600647 90.2848144372304 96.9474116961161 98.0160037676493 97.9772508144379 105.81245024999 113.963723182678 112.359980742137 107.348491748174 110.604306062063 113.94809683164 103.402356306712 105.020691951116 103.33189368248 101.366569598516 101.488888263702 101.814379294713 101.087311903636 96.4687466621399 89.158962170283 87.459127108256 84.5820903778076 66.4393802483876 45.6752628087997 46.1405813694 56.678240497907 69.7758744160334 71.1840242147446 83.0410023530324 93.7267343203227 102.135797341665 102.072129646937 92.2002891699473 46.6121137142181 47.1232384443283 58.07097752889 59.7333461046219 73.3178208271662 78.7741492191951 61.5393221378326 38.1205429633458 43.893093864123 88.5770519574483 83.2839806874593 69.0038055181503 58.4121892849604
75.5389233430227 83.611269791921 87.4835054079692 90.359886487325 90.1140073935191 86.4789187908173 97.0803697903951 101.476311683655 101.797610521317 106.474667787552 109.755953152974 109.830280145009 108.880599339803 106.651832660039 108.182072639465 104.143957297007 100.674629211426 103.532950083415 104.580481847127 106.573015451431 108.494381109873 103.866716225942 101.172894239426 92.9973423480988 91.1592245101929 92.6664471626282 87.5170429547628 80.4140667120616 81.6792746384939 86.112121740977 87.286631266276 81.2780211369197 97.213884194692 107.201943794886 102.264851331711 75.8074770371119 65.750390291214 29.3387149771055 17.6475718617439 29.4399584333102 51.0731736818949 78.1256208817164 82.8461398681005 68.2751188675563 55.2343924840291 57.8152438004812 73.7975190083186 78.5658061504364 76.0163317124049 68.7079181273778
64.8164848486582 80.5707921584447 85.3417118390401 88.2864395777384 91.4518733819326 87.2381726900737 91.9443567593892 101.08295083046 112.094541390737 113.09152841568 108.856389919917 106.527159611384 108.583708604177 107.414871454239 107.429305712382 104.636331399282 100.641707579295 103.021134932836 101.11407438914 98.0154474576314 99.2599725723267 97.998042901357 97.5519220034281 94.9231187502543 95.6856509049733 100.507030884425 110.048582156499 114.128927389781 100.20457704862 93.4227506319682 88.5310669740041 81.4241816600164 91.5432771046956 82.6447705427806 41.851614912351 32.3469017942747 30.9044346213341 22.7395395437876 9.59665949145953 5.75420508782069 7.96820844213168 31.4667373895645 80.1429847876231 96.565842628479 111.445844173431 105.679333209991 98.7327396869659 99.1315046946208 97.8088776270549 85.7537885506948
66.649983326594 77.566792567571 85.4750772317251 88.2791479428609 89.8434519767761 90.3173486391703 84.5630963643392 95.3031480312347 117.302755514781 116.03981256485 107.42841164271 103.276868661245 106.40956958135 109.693745772044 108.631233374278 105.357984701792 103.824595610301 100.746035575867 93.6635434627533 86.4125688870748 86.327999830246 89.7319714228312 89.2803768316905 91.2095606327057 94.7260657946269 100.286930799484 117.494146029154 125.090847412745 103.196740150452 91.8301741282145 80.4690668980281 71.3952779769897 71.4772293965022 67.0784165461858 46.8324720859528 26.4587153991063 27.8319070736567 37.510280807813 28.9036855101585 14.1327952345212 5.24617359042168 14.5449762543043 42.3577030499776 90.3401176134745 82.9890072345734 95.1507687568665 89.5137588183085 91.9484496116638 87.1909260749817 80.0445973873138
79.5379231373469 82.9443832238515 85.6505334377289 81.8387667338053 75.1428057750066 72.0013479391734 80.6290954351425 86.8473649024963 97.4942743778229 93.9849019050598 92.4848218758901 98.2322096824646 105.022291342417 106.727202733358 102.491835753123 104.21430071195 104.161401589712 97.6646343866984 89.2785787582397 83.3613773187001 82.3178440332413 83.2382688919703 87.364653746287 90.1298522949219 88.7699921925863 92.4665530522664 105.760405460993 115.353802839915 105.940957864126 89.5561476548513 75.6211380163829 61.5623195966085 56.9315254688263 70.8119869232178 65.4263943433762 37.7470528086027 45.9011296431224 76.1541128158569 80.3237607081731 59.222012758255 27.3639758427938 16.8695884446303 29.3451944986979 48.0603277683258 37.7877106269201 49.7233072916667 62.1646642684937 67.1635866165161 65.7188793023427 71.9237426916758
92.1645363171895 88.699738184611 84.5761597156525 76.7042934894562 65.581093231837 58.6040318012238 71.1918026208878 69.3932076295217 58.5138400395711 59.6701204776764 71.3418026765188 85.1433078447978 91.3836757342021 96.5757568677266 99.7512638568878 110.925356547038 113.652626673381 103.907724221547 94.5497949918111 90.5922651290894 87.5841577847799 86.9412422180176 88.1776611010234 87.8854990005493 87.919404109319 90.47598640124 94.1289861996969 101.452936728795 92.4697915712992 72.1488296985626 75.0468820333481 68.6763823032379 63.0829234917959 80.7989190022151 86.2443447113037 73.0802069107691 63.3715887864431 64.2660558223724 62.9833439985911 62.53881752491 47.137051820755 33.9290971557299 30.9793253739675 29.5090104142825 21.9262763857841 23.714579641819 34.2639957865079 37.1835480133692 52.4406532446543 73.6120442549388
95.5132047335307 88.1419777870178 82.6742649078369 78.4135758876801 70.6455012162526 63.6879354715347 58.2238137722015 52.7787854274114 33.7743163108826 43.3548092842102 66.2823518117269 78.2335201899211 78.9739986260732 87.3860716819763 102.387130260468 120.061258474986 125.79749027888 117.805262406667 108.460833628972 103.14025481542 97.3287026087443 95.6793824831645 94.297856092453 90.0351206461589 86.567630370458 87.8359774748484 86.3450169563293 84.7404599189758 82.031379143397 63.5756701231003 66.7927910884221 67.9364204406738 63.610111673673 84.4675799210866 104.242076476415 107.62212673823 80.9973577658335 35.1692587137222 30.4174795746803 38.99980088075 50.9968201319377 46.1480170488358 48.0542033910751 43.0433948834737 30.1686078310013 25.6260683139165 37.4351988236109 48.1352508068085 58.1539918979009 91.7460918426514
98.4519819418589 92.4455523490906 90.9976363182068 92.2982692718506 88.6760354042053 81.5067986647288 75.6261597077052 76.5656332174937 74.8646954695384 80.0909300645192 89.7730191548665 96.9623625278473 97.4581638971965 91.6476945082347 103.037019570669 120.611101388931 131.891697645187 131.51470820109 123.433649539948 112.743645906448 105.891168117523 99.1640289624532 97.0218479633331 98.4102388223012 91.9209122657776 83.8837822278341 74.9782572189967 76.3897796471914 75.4737754662832 70.850744843483 58.3339234193166 49.0884234507879 42.816162109375 71.5453873078028 112.877418597539 122.013668219248 87.6186490058899 51.0216255982717 22.8059937556585 22.9810426632563 27.3773719867071 31.2579075495402 47.3092248042425 58.4921290477117 60.715506474177 46.0616449515025 45.5728421608607 65.1749620834986 97.4544286727905 149.232546488444
99.2900629838308 96.2808628877004 96.4334011077881 97.9503492514292 97.3341464996338 93.2600299517314 92.4903651078542 101.599812507629 119.749009609222 114.828884601593 105.571528275808 107.510358095169 113.750815391541 99.7919539610545 100.944648186366 110.285818576813 121.159652868907 128.022134304047 128.188540538152 120.707184076309 113.881429036458 106.598297754924 101.58101717631 97.7485775947571 87.7655247847239 79.1353235642115 66.9982184966405 66.250612338384 67.5114244222641 59.8321209351222 31.668188671271 28.9359390735626 22.4881991744041 36.2959255774816 110.617051521937 123.202621936798 102.402110894521 90.9757018089294 55.7208061218262 16.9122057656447 8.72098219891389 6.59900034467379 25.8257240056992 64.1469210386276 72.8852053483327 61.8279228607813 60.4237218697866 89.6266301472982 154.947499434153 202.568908532461
