input/barkrak2/radiation/dir02324.grid
NCOLS 85 
NROWS 70 
XLLCORNER 665100 
YLLCORNER 4664600 
CELLSIZE 20 
NODATA_value -9999 
[rows 23 to 45 of 70, columns 0 to 50 of 85]
76.3023793697357 65.5920008818309 33.0988317728043 15.4504949847857 10.6244583924611 15.3719161947568 16.2391004463037 5.72663793961207 4.15711042781671 3.75874588886897 7.05553280810515 14.0339210629463 16.2250523765882 22.2095201412837 18.8020269076029 19.2100964486599 25.2616008122762 33.9486723144849 39.7582699855169 33.0433224638303 31.9973776737849 36.2450753649076 47.7982461452484 57.1439216534297 63.9197727044423 64.3687645594279 58.6758007605871 49.342542886734 32.7573443452517 14.2115789155165 10.162769506375 3.54980242749055 0 0 0 0 0 0 0 0 0 0 0 0.887024449184537 0 0 0 0 5.21714923282464 5.79164425532023 7.23826512694359
75.9624938170115 71.8341519435247 49.6639907360077 20.4239413142204 4.33495733886957 14.1860619187355 11.2505716582139 14.8936981956164 5.25930834313234 4.33659118910631 3.76027698318164 12.7018640438716 14.5567593475183 19.1965575019519 18.9846033851306 18.6844790975253 22.8282312552134 32.4324568112691 38.6904602249463 31.7523926496506 30.5965890487035 27.6938229799271 35.1464102665583 42.6579713821411 48.1487760941188 48.6803203821182 46.300748984019 41.5775726238886 20.4699200888475 9.43264241019885 5.21669909358025 3.66005084166924 0 0 0 0 0 0 0 0 0 0 0 0.918751737723748 0 0 0 0 0 0 0
62.9859765370687 67.3589557409286 60.1633290449778 30.028002957503 5.21388215323289 15.2148629228274 21.9257598121961 29.6482046445211 30.0185332695643 24.1274982690811 19.4616081813971 21.3931500911713 20.8230415980021 25.3304193417231 26.235818862915 21.1779773235321 22.5631097952525 32.0698867241542 38.1306285659472 41.2465383609136 41.2984639406204 37.0637625455856 34.1625933845838 34.9054584900538 37.6683548092842 39.4453530510267 36.1176406343778 36.4464521408081 21.8635847171148 17.4998243649801 14.4998741646608 18.1185243030389 12.6132691899935 0 0 0 0 0 0 0 0 0 0 0 0 0 0 0 0 0 0
61.6571555534999 66.7318403720856 64.4165972868602 39.300171037515 16.105942428112 27.4959107240041 39.7613247235616 49.4529058535894 56.8395753701528 50.4477520783742 33.8247865438461 36.1247311035792 33.1750636299451 36.6123517354329 36.2412184476852 27.113231519858 24.8647381862005 33.9538405338923 42.0953035354614 50.7655292749405 51.819105943044 49.1172770659129 41.3437560200691 36.745918293794 37.1509343385696 39.1149471203486 35.209318002065 42.476549744606 40.1940743128459 38.7202898661296 43.2616770267487 60.1341178019842 68.2731767495473 47.6557413736979 0 0 0 0 0 0 0 0 2.25705560296774 0 0 0 0 0 0 0 0
63.0718519290288 62.0467861493429 62.1263384819031 45.2609757582347 40.9140313665072 47.3876347144445 61.9980792204539 65.4324541489283 68.6338444550832 55.1555752754211 45.9689944982529 39.4100397825241 39.240558942159 37.9277144869169 40.1504188776016 37.1617078781128 31.5333853165309 37.4305695295334 48.5690037409464 54.7223339478175 51.6537129878998 44.2680915196737 42.2155807415644 42.8221672773361 43.3878103892008 43.9349164565404 41.4368435740471 51.8208940823873 68.3783938487371 72.8692611058553 76.9209861755371 83.6970210075378 94.5843160152435 100.96397002538 56.3832968473434 0 0 0 0 0 0 0.876128673553467 1.71733181923628 0 0 0 0 0 0 0 0
66.0560876131058 55.5914590756098 56.1249206463496 48.0085512002309 60.1425568262736 59.8771472771963 64.4248723983765 60.0721289714177 55.6263426939646 45.2249546845754 39.8242721954981 35.0417544444402 34.9264691273371 39.9055009086927 42.1073089043299 44.9534257253011 39.2920126517614 36.6751998662949 46.5426395336787 48.2792357603709 45.8134959141413 39.9466554323832 39.6428455909093 45.3284035126368 47.6492345333099 45.0638482968012 45.7951327164968 51.8471151590347 74.9581555525462 88.3063276608785 95.8080589771271 100.164482990901 107.482562462489 110.521644353867 98.9413857460022 30.4353088140488 0 0 0 0 0 0 0 0 0 0 0 0 0 0 0
67.1857843796412 50.6552954514821 50.8229633172353 52.9403537511826 60.8898301919301 61.0238760709763 51.1998534202576 38.8448188702265 18.7786718209585 17.4462869763374 22.2831293940544 25.9659613172213 32.6490749915441 41.4771387974421 44.4172918796539 48.4056025743484 44.9660321076711 33.9844872554143 36.9597350557645 39.7192711631457 38.8516386349996 38.9473686615626 39.5651335517565 45.9840893745422 51.2695610523224 48.182358344396 50.2355893452962 52.1999150514603 68.6650425195694 90.5009607474009 104.642341534297 110.124329725901 111.34339372317 112.234542767207 120.631436506907 99.8418827851613 24.303729335467 0 0 0 0 0 0 0 0 0 0 0 0 0 0
66.1464035511017 66.7351235946019 85.8566164970398 115.201989809672 92.0109152793884 66.4468954006831 41.7607525984446 10.6557533144951 8.55184470613798 17.5835862755775 12.7223829428355 6.22092063228289 31.7143922050794 41.7364984750748 49.9389469623566 53.5386651754379 51.1430005232493 38.7204959988594 38.1594573458036 41.8130457401276 38.9810154835383 42.4962987502416 44.1648860772451 46.514223019282 53.0183464288712 56.9702982902527 55.1955997943878 58.0881635348002 70.465420683225 94.2172606786092 112.30613787969 115.976730982463 112.675885359446 119.902143875758 130.377352237701 131.923178831736 104.390104611715 49.940417210261 2.88422809292873 0 0 0 0 0 0 0 0 0 0 0 0
77.7966976165771 109.418700138728 155.902783075968 176.942149798075 154.642105102539 104.072650273641 61.1094534397125 34.4921077291171 28.8546656568845 33.0775653322538 25.614229341348 21.8340630332629 31.2789107362429 39.9677604436874 51.6177316506704 56.3526848951975 52.7478704849879 47.7552860975266 41.3025493423144 42.5455768903097 42.1745876471202 44.852336247762 47.2066054741542 47.9361414909363 52.7314891417821 64.4150823354721 64.4100457429886 70.5905109643936 79.8134704430898 96.0768262545268 110.185106595357 119.822680950165 121.677537759145 125.89693069458 131.099253892899 131.772339344025 126.092304786046 104.211499293645 45.8729565143585 1.07680346506337 0 0 0 0 0 0 0 0 0 0 0
135.199546813965 170.840938886007 195.569217205048 198.099792003632 195.950865745544 168.776075045268 126.862227916718 92.8807457288106 69.2034065723419 59.1834932565689 55.6870798269908 45.9310015042623 33.6419691642125 38.5091751813889 50.8281389872233 57.2158843278885 50.8823841810226 51.5700131654739 42.2046432892481 40.5830418070157 44.6000049511592 45.8554128805796 46.7221140861511 47.3960936069489 51.7579813798269 64.5953863859177 71.0747639338176 78.2973915338516 87.1190130710602 95.1954623063405 105.272471904755 115.333408117294 120.242794354757 117.152432600657 116.933743158976 111.770401398341 113.20690313975 99.5290478070577 54.9024591843287 3.56741808354855 0 0 0 0 0 0 0 0 0 0 0
188.383599122365 205.291152000427 209.000746409098 208.185315132141 210.934261480967 205.341299374898 182.017425696055 143.203596274058 106.257597605387 84.2412312825521 84.7060283025106 74.4076470534007 51.6067693630854 43.9118444919586 49.025962750117 53.0593593915304 47.0793197552363 47.5160777568817 40.9792065620422 41.9076532125473 41.0063142577807 42.184442281723 41.7758226394653 42.3288245995839 48.6266662677129 58.5774431626002 69.2345549662908 74.0977774063746 83.1545740365982 95.0445632139842 104.174564282099 107.334136962891 99.7764468193054 90.3329153855642 93.1670963764191 78.6679337422053 79.8972149689992 65.4085129499435 32.2433163722356 1.66718320300182 4.72488440573215 3.42464633285999 0 0 0 0 0 0 0 0 0
203.352630138397 210.670471191406 210.108121236165 210.956335067749 212.226112683614 209.522068500519 201.435089111328 170.358300209045 123.338242371877 96.1050490538279 96.5886612733205 89.3515447775523 77.2172858317693 56.9743116696676 50.0130951404572 50.7900416851044 44.6459352970123 40.8260822296143 41.2109444538752 44.1575149695079 40.0933374961217 40.0182331601779 41.2555684645971 42.5594945748647 46.6281523307165 53.4871170918147 61.8385275204976 62.9252443710963 72.633037964503 88.6874695618947 97.7238118648529 96.3640511035919 91.4412041505178 85.4989886283875 78.2265961170197 65.9764806429545 69.9257552623749 67.1685834725698 47.9375620683034 14.9139414230982 12.9709728062153 0.649212743155658 0 0 0 0 0 0 0 0 0
196.40318552653 200.948675473531 196.661114692688 197.426815827688 197.809020678202 192.875583966573 186.446885267893 168.329775333405 129.671573638916 109.061886866887 104.139715433121 98.4459817409515 88.2656375567118 63.8354271650314 53.7371337413788 55.3590953350067 48.3763168255488 40.2239312728246 43.8970476388931 45.0968146324158 43.3051685492198 40.5669411023458 43.5850222905477 47.5590080022812 46.2792217731476 51.1896908283234 55.7247698307037 56.5110941727956 63.3278489112854 81.782986720403 90.596596399943 89.5790855089823 92.5033986568451 93.3708548545837 77.9334604740143 71.9948212305705 75.8906503518422 82.4185858170191 77.1382798751195 38.9302894473076 10.1632059862216 0 0 0 0 0 0 0 0 0 0
170.997758706411 174.908220767975 176.57870054245 173.825860023499 172.333399454753 171.219408512115 175.013601779938 172.393759091695 143.115550279617 117.068608601888 104.639897743861 91.1423365275065 81.1674843231837 61.370184024175 49.7318605581919 54.948478937149 56.562195221583 45.0493991374969 47.1862604220708 50.8580108483632 50.5320429801941 46.2563882271449 47.2046832243601 50.344650944074 48.6064751942952 48.1733679771423 54.160272081693 60.2367222309113 64.0146285295486 75.6266762812932 88.1211757659912 91.5407538414001 93.325267235438 97.3659753799438 80.8283090591431 81.9829404354095 81.3162475824356 89.3915295600891 89.4853075345357 49.7162838776906 0 0 0 0 0 0 0 0 0 0 0
146.285980939865 156.224618355433 168.122450510661 165.194193522135 163.278708855311 170.016249020894 179.033557573954 182.241419951121 163.41307759285 129.859844843547 106.341421604156 81.1881323655446 66.3962413867315 54.666926463445 45.9640423456828 49.6638516585032 61.0187103350957 53.1605531771978 50.2833922704061 53.2493789990743 53.7476390600204 49.8740126689275 47.955334186554 49.6837943792343 51.0800778865814 50.5748391151428 53.5972366730372 61.3532861073812 64.9110774199168 69.445123275121 82.2570820649465 92.5764143466949 95.1277613639832 89.4168814023336 77.7055273453395 89.4171098868052 92.5096174081167 95.7398911317189 96.3877141475677 71.2940146525701 0 0 0 0 0 0 0 0 0 0 0
109.184265136719 120.841324329376 129.309078057607 134.442647298177 143.115808566411 159.473101298014 173.467437426249 182.571609814962 179.001887639364 148.571223020554 114.192883173625 81.2670687834422 62.0555380980174 58.4503660599391 51.4179269472758 45.4744001229604 55.8423399925232 57.1935077508291 51.4065523942312 51.2699683507284 51.1157313982646 48.372412721316 46.1706668138504 47.3895321289698 50.7379670937856 54.4981757799784 54.1883210341136 59.3525767326355 64.2112841208776 65.5077050129573 72.9864686727524 88.9094173908234 92.6129221916199 78.9151887098948 80.7902415593465 98.7762411435445 102.378278970718 100.006510814031 100.263893604279 96.3882704575856 41.7318989833196 0 0 0 0 0 0 0 0 0 0
74.0571816762288 80.705334742864 80.0338337818782 90.5331174532572 106.839875380198 125.075767437617 139.912307262421 153.194487094879 155.726671218872 131.357143322627 95.4771041870117 70.2759325504303 57.8051110108693 56.0393333435059 52.4283250172933 47.297736008962 51.8566270669301 52.2321164608002 45.8241154750188 46.6074645519257 49.7393061717351 52.7197370926539 51.7748345931371 48.4749724467595 47.0905154943466 50.2496262391408 56.3883533080419 58.7099691232046 63.3337001005808 63.2127424081167 65.9011354049047 77.1290610233943 85.3441854317983 81.7065884669622 99.4592010974884 107.67741004626 107.670068740845 101.367990175883 104.271342357 117.723375558853 107.780456542969 49.1602122783661 0.432477643092473 0 0 0 0 0 0 0 0
62.9515250523885 65.0973916053772 64.830094575882 66.7643050352732 75.8681794007619 81.9192181030909 86.1241618792216 92.2144850095113 93.1045413017273 77.7809619903564 61.7362608512243 57.3139389355977 55.9590707222621 53.5564670960108 52.0270168781281 52.5415738423665 51.2412985165914 50.6440003712972 46.2790727615356 46.0738192001979 50.3297646840413 56.3754041989644 56.7383915185928 53.437943259875 50.6072342395782 49.1634607315063 57.2417775789897 61.1723959445953 63.5920614004135 64.1476859649022 63.3420695861181 71.0303535064061 79.1509797175725 88.1433586279551 106.342415014903 104.402422904968 97.8172719478607 90.1614626248678 92.8093194961548 108.792910973231 121.844669183095 109.640091657639 60.7601205507914 5.78508712351322 0 0 0 0 0 0 0
71.311761935552 68.7783857186635 69.0231323242188 68.5257812341054 64.9219453334808 63.1287942330042 61.5911384423574 63.0181729793549 68.3455367883046 60.1204385360082 52.7306447426478 54.4554591178894 57.8130831321081 58.036670088768 56.6838334004084 54.7268191973368 49.4222144285838 56.705633799235 57.9025348027547 53.8639177878698 56.0907771190008 56.655282775561 55.0906707843145 57.0710400740306 59.2646698156993 54.0239959955215 58.947429060936 61.5403850873311 64.5586599906286 65.3565029303233 66.8580830097198 70.5347309509913 77.1484871705373 93.5030182202657 101.896246274312 94.7898030281067 84.3870639801025 75.9482930103938 72.8265742460887 83.2655926545461 109.357833862305 114.397287368774 90.7162229220072 36.6391465067863 0 0 0 0 0 0 0
75.7210254669189 72.9520171880722 75.7236480712891 74.1866181294123 67.4867928028107 64.1405582427979 61.6849611202876 59.0907086928686 59.1630736986796 56.0959180196126 54.6799202760061 54.3577820062637 58.4462583065033 62.0852609475454 61.7265154918035 58.510551850001 56.0617546240489 61.4970723787943 63.9031032721202 57.994489868482 55.6080142656962 53.3570398886999 50.0534027814865 52.0241955916087 57.0926616589228 54.3526262044907 50.7547954718272 56.1740895112356 60.1316938797633 63.9147261778514 64.2762283484141 65.0876512130101 75.2827326456706 93.040406703949 99.3724564711253 85.3153467178345 74.8166342576345 71.4200188716253 71.6064622004827 79.594557483991 85.6413741906484 89.6732211112976 76.7487784226735 45.6331074237823 0.331787974573672 0 0 0 0 0 0
59.9945882956187 62.6770406961441 71.47283355395 68.8269287347794 71.2805440028508 73.7861891587575 72.7840016285578 68.2758092880249 58.1983725229899 56.6444893678029 60.1930717627207 57.107816139857 57.7146460612615 61.9726032018661 62.4218533436457 59.7090522448222 61.1502478520075 63.0434056123098 64.2350018024445 59.5076580842336 54.1690041621526 51.2159764766693 49.0667670965195 48.3853568633397 51.7793049414953 56.0519595940908 50.8148223161697 52.6213645935059 57.4820538361867 58.8116745154063 58.9400033156077 56.6607465346654 66.3349628448486 80.5410941441854 87.0753824710846 76.5344699223836 73.3826408783595 76.5216747919718 79.6989599863688 79.4563442468643 74.7819195191066 73.6313263575236 68.5243606567383 44.6562220652898 4.74256277084351 0 0 0 0 0 0
58.4258685509364 64.3026332060496 67.2714859247208 68.1169331073761 69.8836247126261 72.2928196191788 72.7494160334269 68.8351541757584 64.1889423131943 60.3949924310048 61.9683315356572 59.5741967360179 57.1157683928808 56.0435354709625 55.3247133890788 56.1237037181854 53.3234377702077 59.7362170616786 61.3877177238464 59.2282364765803 55.0755560398102 52.9723664124807 52.491361896197 53.6080499490102 51.1860549449921 60.1640393336614 63.1119757890701 59.6778690814972 58.6091578006744 56.9876184066137 52.7692486842473 51.6967872778575 57.1397989988327 61.5102549393972 68.236177166303 70.8489964405696 75.0282754500707 81.3801685969035 82.8024397293727 77.2577822208405 75.4186610380809 69.4194535414378 66.9232209523519 48.8702952861786 19.0439286331336 0 0 0 0 0 0
64.7274553775787 69.487065076828 66.6015694538752 69.9731210867564 68.5863494873047 68.6441411574682 70.1771676540375 68.9373016357422 70.1453139384588 65.5689537525177 64.5364026228587 64.2719566822052 59.7707331180573 55.1235179106394 54.6575884024302 58.8244050741196 54.015318552653 58.1159194310506 62.0197504758835 59.9588056405385 57.1131805578868 57.038535674413 55.7884275913239 57.1095744768778 58.5402796665827 59.3978116909663 65.9566720326741 63.2192442814509 60.550997654597 58.9380313952764 54.8121730486552 51.4116585254669 55.3079148133596 53.7309547265371 54.8000832398733 58.0081194639206 65.0429427623749 75.0263035297394 75.0226179758708 64.1129165887833 66.4139091968536 61.9060893853505 61.8074884017309 58.6008628209432 41.2189811468124 11.379682769378 0 0 0 0 0
