input/barkrak2/radiation/dir05124.grid
NCOLS 85 
NROWS 70 
XLLCORNER 665100 
YLLCORNER 4664600 
CELLSIZE 20 
NODATA_value -9999 
[rows 22 to 43 of 70, columns 0 to 47 of 85]
84.0667684872945 77.6593287785848 54.0136943260829 49.0178863207499 43.8054899374644 22.1847469607989 30.2082772056262 29.0051847696304 18.0852636694908 28.5159026583036 33.500000834465 35.5864043037097 39.01490320762 39.5105431477229 41.5069386363029 48.5633015632629 61.1273994048437 71.843018134435 79.4247488180796 81.2853823105494 87.5592927138011 104.118227958679 116.486549377441 122.106889883677 122.096290191015 114.792933066686 104.039261738459 98.3411272366842 89.1168713569641 71.8415329853694 52.3916135231654 26.108905673027 9.0120950092872 0.834966078400612 0.0955567617590229 0.248493568506092 0.630840038259824 2.27613917862376 5.87848263482253 2.66943530490001 14.5356108744939 16.1953754723072 28.7455394864082 22.070420285066 41.6883478562037 66.8851832548777 75.6519387165705 78.4331411123276
119.769930839539 108.692536751429 73.3832369248072 55.3730030854543 48.735166589419 47.3866065343221 42.7281657854716 31.8786154190699 18.0242583155632 25.4594733317693 34.8518490791321 38.2417688767115 43.2947178681692 51.2708326180776 49.14723833402 49.3840326865514 58.3171993494034 69.8312918345134 76.6365776459376 68.9325978358587 68.478653828303 73.3405351638794 87.9693329334259 98.7838804721832 106.956909100215 107.544084390004 98.5913475354512 94.5930778980255 72.9518234729767 34.3677724401156 27.8985997041066 17.8600288927555 0.795315407837431 0 0 0 0 0 0 0 0 0 0 30.7313700517019 45.5333590507507 59.3472421169281 67.6643699407578 73.0243424574534
119.05179421107 114.921033382416 91.3406312465668 60.6509496768316 41.0055468479792 46.7022806406021 42.2309289375941 37.7875417470932 31.7512129743894 29.4798985123634 32.1594898899396 36.9888991117477 39.7052839398384 48.1910755236944 48.8215237855911 49.6879120667775 56.6109915574392 67.3796087503433 75.663556655248 68.6569362878799 66.3612087567647 64.4517938296 73.6046731472015 82.0513019959132 88.7048641840617 89.2115930716197 84.2977464199066 74.9500890572866 61.1695895592372 27.2392456730207 20.6673877934615 18.1898350516955 4.84984864791234 0 0 0 0 0 0 0 0 0 0.162112041531752 54.9917121728261 57.9020629326502 57.7361881732941 64.4936710596085 70.6127236286799
104.869306087494 109.939356644948 102.888107299805 70.6358253955841 41.8183207511902 46.66801293691 52.4662584066391 60.4895701011022 57.3892295360565 48.5314975182215 42.8634335597356 47.7486352125804 47.2771227359772 55.714358886083 57.5929333766301 53.4498194853465 55.0578981637955 66.5720403194427 75.307751695315 78.9599021275838 79.6253432830175 74.5993554592133 72.5248654683431 72.1176067988078 75.724055369695 78.4357488155365 72.8766620159149 72.3817447821299 44.2812244097392 39.3472040692965 38.799504439036 44.6276217699051 37.4224657813708 0.893690312902133 0 0 0 0 0 0 0 0 8.80928213397662 62.283918261528 66.6703780492147 64.6096915006638 62.6804778973261 69.4485108057658
103.614022334417 109.267731507619 107.3344151179 80.8819532394409 57.374229033788 63.8852814833323 74.7771759827932 84.1378668944041 88.6153181393941 81.3173353672028 62.1520231167475 66.2070761124293 63.4557505448659 69.8538074890773 68.6417718728383 61.7554585138957 58.0118099848429 68.9707448085149 78.3848067124685 91.1759833494822 91.8016334374746 88.9870822429657 81.2885463237762 74.5030492544174 76.2290457884471 78.2274802525838 73.8334159056346 78.9516468842824 71.6205139954885 71.0814148187637 79.0993471940358 100.705176591873 110.059519608816 88.6649588743846 9.20711333552996 1.24369476300975 0.883566060413917 0.565993599593639 0 0 0 5.83403867979844 39.9295886357625 53.3985793590546 40.1415278514226 44.1637635231018 45.3807065884272 56.7866067091624
105.498969554901 104.086011648178 104.461252689362 87.1974925200144 86.6759419441223 87.8042380015055 96.5704719225566 100.475500027339 100.229839483897 94.771405061086 75.1291414101918 69.9827919403712 68.7867403030396 71.4763502279917 73.2202033201853 71.6687987248103 65.7755583524704 73.0975319941839 87.713082631429 93.4163133303324 91.5397604306539 82.7204237381617 81.9764037926992 82.5846046209335 83.6797257264455 83.4172268708547 81.616664926211 90.629905462265 106.043785810471 112.196117639542 119.394431511561 127.656718095144 138.223300377528 145.163297653198 104.973296324412 16.58845692873 2.27514452611407 0.992478880410393 0 0 3.49622033536434 52.1702071030935 53.7314464648565 26.2878661354383 25.450736284256 30.0011883179347 24.5030944546064 32.6729863882065
108.4892253081 96.2176422278086 97.2794592380524 91.1177694797516 107.423623402913 101.579954226812 98.3862678209941 91.857373714447 87.7700845400492 79.638679822286 69.0565357605616 61.4236096541087 67.0397529999415 67.6489522059758 79.7302176554998 81.0290177663167 74.7092813253403 72.8992472092311 84.5628182093302 87.0294570922852 85.8564774195353 78.0003219842911 78.7736028432846 85.858166217804 89.3506308396657 85.0719014803569 87.287425994873 92.4533704916636 115.347405274709 129.22606865565 139.397829771042 148.106833299001 152.744740247726 155.104607343674 152.808874845505 75.1343270142873 0.699032951767246 0 0 0 14.8381826778253 41.4761826395988 30.3766181071599 11.602908372879 12.0282806456089 13.3310245970885 13.4467060367266 23.8084296385447
108.98095369339 89.8060997327169 90.9810463587443 97.959707180659 107.058644294739 100.282986958822 84.2920541763306 66.0754690567652 54.3832679589589 48.1007794539134 47.4497725566228 52.327553431193 61.6983274618785 68.1678205728531 79.6510378519694 87.4051451683044 82.221840818723 70.1534251372019 74.4030872980754 77.3817598819733 77.890823284785 78.486293554306 79.4993539651235 85.9818657239278 92.913011709849 89.6549721558889 92.9219921429952 93.7288502852122 110.000630219777 133.403827746709 151.393353939056 159.862726926804 157.743672529856 162.364820639292 171.462953090668 156.092196702957 66.1859810352325 2.69221452375253 1.28280169640978 1.95676647126675 5.14548365026712 3.46574963380893 14.1024899979432 4.47597292562326 2.80810954670111 4.35291416943073 12.7023905515671 22.8324731190999
106.448958317439 108.313848574956 132.270514965057 168.001075585683 139.161686102549 106.607725222905 74.3667930364609 48.9270190397898 37.1996685862541 40.959025422732 37.763570745786 37.6874059438705 58.2577685515086 68.5354769229889 80.9944868087769 91.733326514562 90.1176631450653 76.3977368672689 76.4978577693303 80.9069226185481 78.1255662441254 82.035352786382 85.1203401883443 87.75661389033 95.921794573466 100.329299767812 99.2680191993713 101.174871126811 113.705188035965 139.106492201487 160.612364610036 166.306873162587 162.369439999262 171.137750148773 181.765576203664 186.710516611735 164.282987515132 102.238674958547 30.7097584009171 9.00632329285145 3.55128478258848 1.73288335402807 6.71105459332466 2.91578937321901 1.74041061351697 5.28349416951338 11.1780700584253 23.1053282817205
120.779583851496 157.222966353099 206.424991289775 227.61062781016 206.809004147848 150.989691416423 98.4525481859843 63.8038218021393 55.0855298837026 59.4568947950999 52.1870007117589 44.9377646048864 56.1077247063319 66.8225139379501 88.5428885618846 95.4826176166534 91.5250778198242 86.2258871396383 79.3797175089518 82.4505637089411 82.3060423135757 86.272656917572 88.9924665292104 90.0709331035614 96.7349906762441 109.483122825623 110.546668370565 116.584161917369 125.805795192719 142.956465482712 160.711824893951 169.145305951436 171.310484409332 177.898208300273 183.940629164378 184.754312038422 178.903063138326 167.380452156067 98.2319215933482 27.6996120810509 7.49856481949488 2.00798005486528 0 3.74486390501261 4.88628384967645 5.91691521306833 6.64592410127322 2.05732618148128
183.929781119029 220.099707444509 243.305643399556 244.889219601949 244.103809197744 215.189437071482 171.420673529307 129.222571849823 102.870812018712 92.7429000536601 87.3262484868367 72.5718885660172 58.6849451065063 64.027264714241 89.4692540168762 96.9533324241638 89.6406372388204 92.3729141553243 81.3544889291127 80.8958858251572 84.4409664471944 86.9998335838318 87.9886945088704 88.9490445454915 95.1515932877858 110.112816095352 117.894152800242 125.947147607803 134.674529234568 143.545597791672 157.880733410517 169.931650161743 168.82844765981 168.398479620616 170.311788717906 159.626354773839 161.01410984993 147.891124089559 100.518008073171 47.4605659643809 18.0459047357241 13.2092709342639 3.83792041490475 3.64103385557731 2.47288650522629 0 1.87196163460612 0
233.288447062174 249.46008125941 251.212437947591 249.770720799764 252.022306124369 248.979926109314 224.246303240458 181.34335676829 141.529977321625 119.543413321177 119.441161553065 107.410212357839 79.0731807549794 74.884111682574 85.6665174166362 92.5170083840688 85.6897930304209 87.2581402460734 81.0854683319728 82.916314403216 80.5236101150513 82.9466432332993 82.9018900791804 83.5005243619283 91.7842586835225 103.362282117208 116.960485776265 121.225674947103 131.561607122421 144.228806098302 156.404336293538 158.431082963943 148.757090171178 137.26602991422 139.923592408498 123.327861229579 123.964667320251 108.382850885391 70.2958256006241 34.6443653106689 34.2387879888217 23.5906442006429 10.6572483976682 5.04500853518645 1.26189536725481 0 0 0
245.503644148509 251.120328903198 248.685479164124 250.089446703593 250.422656536102 250.363349914551 244.065880775452 211.214005947113 160.040477911631 132.769723733266 131.018290917079 125.023037195206 107.914050420125 89.8729165395101 86.3145589828491 89.3330772717794 83.9992264906565 80.3424765666326 81.0033977031708 83.9467644691467 79.6574056148529 78.5645892222722 80.5263668298721 82.8797519207001 88.4371697902679 96.3393151760101 108.286152283351 109.194189310074 119.799246390661 138.962050278982 148.152053356171 145.464320977529 138.056059678396 131.430635849635 123.319904009501 108.058551947276 112.358510494232 109.404861927032 88.9052053292592 52.0207832256953 43.4984415769577 42.6294406255086 23.2264921069145 6.89793316026529 0 0 0 0
239.23522233963 242.422997951508 239.705562591553 239.679555098216 240.326265494029 236.674110094706 232.697586218516 215.27365843455 170.160094896952 141.095797220866 132.706393798192 129.721303780874 120.092908541361 100.128610928853 90.8876160780589 94.7929819424947 88.1083905696869 78.1749735275904 84.1488242149353 85.0842793782552 83.4986964861552 79.1677236557007 82.9654236634572 88.4969433148702 86.6423050562541 93.5994684696198 100.064625342687 100.744386514028 109.282573064168 129.469414552053 140.159318844477 138.861844937007 140.391647815704 141.414185365041 121.991813182831 114.974131186803 119.815856218338 126.985092957815 121.990571419398 80.9338589509328 36.0165362556775 34.136156241099 0 0 0 0 0 0
218.399902184804 221.836229165395 223.67121775945 219.547351201375 219.934105873108 218.871692816416 221.686363220215 217.165946960449 182.415922482808 148.405651251475 130.798051754634 124.160985151927 118.561218182246 99.6620456377665 88.9807641506195 97.1175630887349 98.0876485506694 83.960235118866 87.5310699144999 90.5593931674957 90.8163984616597 85.4637225468953 85.6810808181763 90.7459259033203 88.4067912896474 90.0371074676514 97.1441467603048 105.15946149826 109.377384185791 123.922636111577 137.649317582448 141.462534666061 141.712377468745 145.396927992503 125.502834717433 126.018484433492 126.426001389821 135.116388400396 134.912470976512 95.0599312782288 21.8775769074758 0 0 0 0 0 0 0
197.183012962341 205.3582072258 216.016054153442 212.041139602661 211.828470230103 217.910945415497 225.01273949941 226.599117120107 201.603333155314 162.980079650879 136.199871699015 117.598583300908 105.307847261429 94.4069822629293 85.4661365350087 90.5382732550303 102.319618066152 93.8271681467692 89.8062984148661 92.9064651330312 93.1044419606527 89.783767859141 86.7095490296682 88.8385275999705 91.3685262203217 90.6418363253276 95.4836408297221 105.303108692169 110.471387704213 116.880665222804 131.31245970726 143.087387084961 144.346217314402 135.483851035436 120.927294095357 135.59678196907 139.407952626546 143.639614184697 142.182648181915 115.912099679311 18.5850784182549 0 0 0 0 0 0 0
159.627974033356 170.195778210958 179.534991582235 185.160120328267 192.819952964783 208.227435747782 219.962298870087 227.081060409546 216.331958770752 182.435711224874 150.08603533109 120.399117469788 102.991342544556 100.776106119156 91.2213325500488 84.7708384195964 98.1461107730865 97.7403422196706 90.2602175871531 89.8648500442505 90.4745062192281 88.4082516034444 84.7548147042592 86.0998928546906 90.8294916152954 95.0200955073039 94.8485930760701 102.000971635183 108.641266822815 111.183305581411 122.129648923874 138.374119997025 141.153911749522 122.355580329895 125.257909297943 147.615909576416 151.89536412557 148.624440034231 146.63020769755 142.194887002309 83.3012014627457 4.73741379876931 0 0 0 0 0 0
122.800499200821 129.536251227061 129.186520973841 139.593015114466 155.753483374914 173.974474271139 189.137081305186 199.732085069021 197.34388589859 172.99489180247 138.416310151418 113.241374492645 100.294649600983 97.8074669837952 93.3743119239807 86.6933564345042 92.8398966789246 93.2035644849141 86.5465501944224 86.0354900360107 89.7034406661987 92.5824244817098 90.8428132534027 86.137314637502 86.4739616711934 90.3897881507874 96.4189271132151 101.140121618907 106.311738491058 108.501732349396 112.718224525452 127.399782339732 132.253915071487 125.451654195786 149.746417999268 161.532163619995 157.749156157176 150.287171204885 152.919083833694 165.901551644007 160.399943590164 92.9042299588521 18.4352993965149 1.44736267005404 0 0 0 0
110.711216926575 113.275349140167 112.534989913305 114.671220382055 123.837600151698 129.79257106781 133.982261021932 139.050265153249 138.862351576487 120.980113744736 105.623751878738 100.770344336828 98.6915429433187 95.8901743094126 93.3508475621541 92.7876631418864 91.820498307546 91.3574496905009 86.4157676696777 85.0524703661601 89.5366867383321 95.1055387655894 98.0067749818166 93.4408704439799 89.6704693635305 87.8333250681559 97.8394647439321 102.858712275823 106.554845968882 108.315120140711 110.874076684316 119.203040997187 125.379463036855 135.767996311188 160.120298465093 159.84116991361 149.788727362951 138.383944829305 141.529192527135 158.073604106903 170.642296473185 164.603759845098 106.686989466349 30.653640627861 2.42526456713676 0 0 0
120.082239309947 117.176175117493 117.441197236379 116.07363820076 112.566183010737 110.129058361053 108.540038267771 109.232266743978 113.535493612289 105.078419049581 96.4618523915609 97.3547101020813 100.236376126607 100.73525706927 98.241666952769 96.4915653069814 90.9722248713176 98.4123349189758 98.203053077062 93.7484403451284 95.9058403968811 96.7361132303874 95.384806394577 97.3735749721527 98.2069075107574 92.9304560025533 98.4216233094533 104.164212942123 106.599112351735 108.277897040049 112.556209166845 117.561340332031 124.547302722931 142.771671215693 153.869072596232 146.109024683634 132.218251625697 121.169805526733 118.158082167308 131.313264369965 163.616865873337 171.106159687042 144.798517227173 77.8460502624512 15.6578595439593 0 0 0
125.068465868632 122.186134258906 124.59988395373 123.1955687205 115.60911933581 112.106541792552 108.692497014999 105.368733406067 104.884773492813 101.204921801885 99.4458297888438 98.0559587478638 101.614534854889 104.986151059469 103.784620761871 101.102898518244 97.2348550955455 103.868156671524 105.872104565303 98.3133216698964 95.4346060752869 93.6010281244914 89.9976094563802 91.6278560956319 96.1061815420787 92.5268530845642 89.3933077653249 97.1900820732117 101.198573907216 105.53914308548 106.817185878754 107.845435539881 121.744314829508 146.225790182749 152.567704518636 133.384197950363 118.712584177653 115.822652975718 117.428074280421 127.592374881109 137.764662504196 140.894194444021 125.305483738581 87.7498586972554 26.9690652688344 0 0 0
108.621507883072 111.552059650421 120.424866676331 117.311308781306 120.276083548864 122.257749239604 121.190408865611 115.636726220449 104.514896869659 102.583209673564 105.414688587189 101.442267497381 101.445257663727 105.16494512558 105.249653259913 101.737399895986 102.429171403249 105.582803487778 105.608900388082 99.5900730292002 93.5855805873871 92.1353499094645 89.4833604494731 88.6616110801697 91.4965867996216 94.0144062042236 90.1113947232564 92.873752117157 98.400096098582 100.71853796641 98.6194411913554 98.1821517149607 109.969258308411 132.039040327072 136.812289555868 121.272087097168 116.138577461243 122.173001368841 127.257853746414 128.609637419383 123.824556668599 121.894776821136 114.622135957082 85.953563451767 38.0008419354757 0 0 0
