input/barkrak2/radiation/dir01824.grid
NCOLS 85 
NROWS 70 
XLLCORNER 665100 
YLLCORNER 4664600 
CELLSIZE 20 
NODATA_value -9999 
[rows 23 to 45 of 70, columns 0 to 51 of 85]
70.8484401305517 60.3448649247487 28.8218930363655 11.7058058579763 7.13661250968774 12.6367931564649 14.1085709134738 5.16636576503515 3.69191138694684 3.36425906668107 3.45249970753988 12.0310472945372 14.4441947340965 18.0643995602926 16.0750473539035 16.9101928671201 22.3558420936267 30.1998903354009 35.7217863202095 29.2093430956205 28.8791954517365 32.6021065314611 43.5073673725128 53.1585911909739 60.128261645635 60.1107180118561 53.4660716851552 46.4223424593608 29.6613226334254 12.3226506014665 8.40746859709422 2.50134415303667 0 0 0 0 0 0 0 0 0 0 0 0 0 0 0 0 0 0 0 0
70.5967843532562 66.5370325247447 44.8281665643056 16.4480234185855 0.011037411847307 9.16195536653201 5.86197897791862 11.5612695614497 4.77681619425615 4.81974519789219 3.43170606841644 7.47066363692284 12.2623778879642 16.0950360198816 16.5977763632933 15.8106113473574 19.6274854242802 28.5683870315552 34.0337033073107 28.3609504501025 26.9758254289627 24.033988515536 31.259740392367 38.801113764445 43.6542928218842 44.6002334356308 41.2415787577629 37.6377453406652 17.9085706671079 7.59327225387096 3.94266471266747 2.61505786329508 0 0 0 0 0 0 0 0 0 0 0 0 0 0 0 0 0 0 0 0
57.9701364040375 62.2031390666962 55.0529609123866 25.792566438516 2.50977432976166 11.9822546839714 19.3127455810706 26.9943525393804 27.5265624125799 21.9896559913953 17.4613719185193 19.0834365785122 18.2322027782599 23.2741683721542 22.2344646851222 17.909520616134 19.328302393357 27.9710019628207 34.6029723683993 36.886103451252 36.8442684412003 33.2214037577311 31.1173076430957 30.827318628629 33.4353769818942 35.467008749644 31.8626686930656 32.4752554297447 19.2251342038314 15.1614521940549 12.3350198070208 15.4616112510363 10.312598819534 0 0 0 0 0 0 0 0 0 0 0 0 0 0 0 0 0 0 0
56.6551784674327 61.5880886713664 59.2413246631622 34.7659712036451 12.1096968650818 24.1118023792903 36.5026046832403 46.278307835261 53.6329448223114 46.9650725523631 31.2121286988258 34.7735931475957 30.6204482913017 31.7735572655996 33.1240420540174 23.9981338381767 22.0557128389676 29.5661116639773 36.2788115938505 46.8331774075826 48.0828533569972 45.0318604707718 37.3754650354385 32.5498332579931 33.1530521313349 35.0764269630114 31.1233848333359 38.4335592389107 36.3539059956869 34.9811762571335 39.151723186175 55.2936295668284 63.1855428218842 43.0114815632502 0 0 0 0 0 0 0 0 0 0 0 0 0 0 0 0 0 0
57.9884747664134 57.03238149484 57.0841332276662 40.5736714601517 35.9364077448845 43.4127400318782 58.2721134026845 64.2411212126414 64.4250611464183 52.6320586601893 41.7057226101557 36.7943694194158 34.7450648744901 34.9870274464289 37.8468905886014 32.3133567969004 27.9984374841054 33.0748458703359 45.5438941717148 50.1247147719065 47.1923053264618 39.334662258625 37.2132609287898 38.0734006563822 38.9279971520106 39.3901218970617 36.9656632343928 47.0740248759588 63.5346720616023 67.948192358017 71.630135178566 78.1661023696264 88.344544172287 94.3562686443329 50.1267611980438 0 0 0 0 0 0 0 0 0 0 0 0 0 0 0 0 0
60.930257042249 50.8285264174143 51.311065753301 43.1584219137828 55.5236836274465 57.5107932090759 60.8458518981934 58.9695672194163 52.760382493337 42.605588833491 35.9391172726949 32.8748822212219 32.3179041345914 36.6350213686625 38.8956715663274 41.3104097048442 36.1284166574478 32.6361457506816 41.9230908155441 44.1564669211706 42.3973153034846 35.6456960241 35.3561043739319 41.0440241297086 43.2985673348109 40.6189238031705 41.3016925255458 47.1879144509633 69.8462029298147 82.815816005071 89.7645950317383 94.2947268486023 100.722144047419 103.949010372162 93.7036474545797 25.5995939175288 0 0 0 0 0 0 0 0 0 0 0 0 0 0 0 0
62.1148198843002 46.1215525865555 46.1819668610891 47.8253165880839 56.6312074661255 57.06820388635 47.8981137275696 36.0394244392713 10.3626946608225 8.22295558949312 20.9920555353165 24.6147265036901 29.990221063296 38.119301199913 41.5478944778442 44.65252161026 41.0053059458733 30.1476418972015 32.7252472440402 36.0278338193893 35.155991713206 35.4023625453313 35.2805182337761 40.8054987589518 45.9746619065603 43.468693892161 45.5160985390345 47.5912789503733 63.6066496372223 85.0981573263804 98.7355411052704 104.085505008698 105.313718318939 106.221387783686 113.460570573807 93.9399500687917 19.9272036552429 0 0 0 0 0 0 0 0 0 0 0 0 0 0 0
61.2330734729767 61.7056787014008 80.0939500331879 108.518044153849 86.442768573761 62.2056225935618 40.025716026624 9.88637531797091 7.80919070045153 16.3823751111825 6.38970608512561 5.717600385348 28.7513211369514 38.3736491203308 42.7358994881312 49.5167523622513 46.396275361379 34.6343964338303 34.0336908896764 37.3807474970818 34.7212702035904 38.1029595931371 39.7648885846138 41.9969856739044 48.1913685798645 52.0231475432714 50.8135954538981 53.1013707319895 65.2862538894017 88.6369248231252 104.350159565608 108.695616324743 106.613089640935 112.535605827967 122.656285762787 125.582814216614 98.3589192231496 41.9361740350723 1.09267622853319 0 0 0 0 0 0 0 0 0 0 0 0 0
72.4219232797623 103.22235027949 148.942758639654 169.780929883321 149.225572745005 100.425451993942 56.9763282934825 31.497448682785 26.2525329987208 31.5276483694712 24.1918936371803 19.6391443411509 29.9893766641617 37.8198872009913 48.732449611028 51.1648058891296 48.3754277229309 43.2885984579722 36.9896094004313 38.0457118153572 38.3393888672193 41.1960929632187 43.4249589840571 44.0624256928762 48.5674192508062 59.289942185084 59.3040883541107 65.3000672658284 74.3622779846191 90.3518597284953 103.028853734334 109.725664059321 112.818340460459 121.122449636459 123.010416825612 125.489801168442 119.81729666392 98.2579588890076 38.7262552976608 0.247084846099218 0 0 0 0 0 0 0 0 0 0 0 0
128.61634294192 163.789431254069 189.625859260559 191.115975379944 188.89065583547 162.271658579508 121.354162693024 88.3011221885681 67.4566725889842 57.3918322722117 52.0557711521784 42.8300350904465 32.3668171962102 35.1185128092766 44.677605231603 53.3017019430796 47.0647712548574 47.9237884283066 37.7914657195409 36.065936088562 40.0925998886426 41.397400200367 41.974738240242 42.8015391031901 46.9366858402888 59.4963033994039 64.9139831463496 71.9150801499685 81.4920117457708 89.4488294919332 99.3407766024272 109.233995278676 111.168473958969 109.656135241191 112.214157978694 104.578157265981 105.988164742788 93.6118463675181 50.8338262637456 1.76184764131904 0 0 0 0 0 0 0 0 0 0 0 0
181.398550669352 199.515779813131 203.687946001689 201.48233572642 204.249660174052 200.535953044891 178.055584430695 137.955009937286 101.687649885813 79.588661591212 80.3241431713104 70.8456436793009 49.9193569024404 41.8287416299184 44.8288023471832 48.5081871350606 42.4420088529587 42.9868400096893 37.0635911822319 37.9319936037064 36.6295302907626 38.5511120160421 38.0255778630575 38.4141951799393 44.6292112270991 54.3534159660339 64.9558852116267 67.8455283244451 77.6029129823049 88.2952908674876 98.2402463754018 101.352075735728 92.9011702537537 83.9130083719889 85.7837398846944 73.2905218998591 74.1716474294662 60.1634879906972 25.0067959229151 0.597898731939495 3.14506702125072 1.08907744288445 0 0 0 0 0 0 0 0 0 0
196.368217468262 205.207546552022 203.281740347544 205.731272697449 205.63813050588 204.509317874908 194.692174593608 164.149075746536 118.130067984263 93.5731331507365 93.5855507850647 88.0448818206787 72.780912121137 52.6922345161438 45.4799632231394 46.5932538112005 40.6181216239929 37.0471924543381 36.6943329572678 39.5852774381638 35.7162902752558 35.6677621603012 36.6961906353633 38.0614002545675 42.0512855052948 48.6820836861928 57.7135582764943 58.6294581492742 67.320853471756 84.0102334817251 91.9002493222554 89.5492037137349 85.0855608781179 78.7563969691594 72.3644991715749 60.9248429536819 64.6979063749313 62.0339959859848 43.2819873094559 11.3729611039162 10.7958515485128 0 0 0 0 0 0 0 0 0 0 0
189.240276813507 193.836589654287 189.559658368429 191.735108693441 190.804680188497 185.830255349477 180.55655558904 163.156966368357 125.948488712311 104.184667269389 99.25377368927 92.1817819277446 83.342323700587 59.1172973314921 48.1209258238475 49.4946191708247 43.5524334510167 35.7478012641271 39.3093625704447 40.4260357220968 38.8248612483343 36.1850708723068 39.1012877225876 43.5988157987595 42.3750380674998 46.4433381954829 50.850788752238 51.6115128993988 58.257927497228 75.3378470738729 84.9116245905558 84.8809977372487 86.8942936261495 86.8264635403951 72.2422351439794 66.5985544522603 70.591260989507 76.9930432240168 71.7209676901499 33.5982193549474 0.767361683150133 0 0 0 0 0 0 0 0 0 0 0
162.961383660634 166.829446951548 169.363041718801 166.615694761276 165.17053047816 164.10638888677 168.836017449697 165.362695852915 137.120028336843 112.165927886963 100.071559349696 85.8511328697205 77.4335712194443 56.3650230566661 44.9782361586889 49.9454587697983 51.4941811561584 40.9857829411825 43.163667122523 46.0643072923025 45.8024243513743 41.6970054308573 42.582169175148 44.9250191450119 43.9430425564448 44.2194640636444 49.9395777781804 55.2529593308767 58.9555700620015 70.2953338623047 81.4008315404256 85.8769615491231 87.6851280530294 90.7226999600728 75.5109091599782 75.7965892553329 75.875848531723 83.809107542038 83.3117067813873 45.5255508422852 0 0 0 0 0 0 0 0 0 0 0 0
139.225622018178 149.085303147634 159.929513931274 157.072285811106 156.130820512772 162.867516279221 172.94579744339 175.153772036235 158.927023410797 126.883685588837 103.509763876597 77.7551233768463 61.2598607937495 49.6652275323868 41.8247679869334 45.3999936580658 55.6567013263702 48.2207636038462 45.512318611145 48.4352459510167 48.9436139663061 45.2060600121816 43.3171341816584 44.9842512607574 46.3412304719289 45.8615024884542 48.7728069225947 57.1024268865585 60.6533785661062 64.2899672190348 75.7067451874415 86.8829290072123 88.3995095888774 83.1961731115977 72.0963229735692 83.1744968891144 86.0564510027568 90.023934841156 90.7180905342102 65.6172980864843 0 0 0 0 0 0 0 0 0 0 0 0
102.621972560883 114.120423793793 122.501959403356 127.538700898488 135.429014762243 152.339647213618 167.403062184652 175.473392009735 172.280013561249 142.738233009974 108.627319335938 75.8752276500066 56.8333119153976 53.8790673017502 46.470582485199 40.7223502794902 50.8155673742294 51.4692962169647 45.8806206782659 45.7756568988164 46.1425383885702 44.3874299526215 41.5571456154188 43.3901449044546 46.0317383209864 49.6946970621745 48.6633082230886 54.3899436791738 59.1386457284292 60.4332188765208 67.7560319503148 82.1397552887599 87.0045522848765 73.7233410278956 74.9656657377879 90.9404953320821 96.5100924173991 94.2054986953735 94.5802330970764 90.6331638495127 36.771501104037 0 0 0 0 0 0 0 0 0 0 0
68.112055460612 74.660117427508 74.3111123641332 84.3332211176554 99.8254120349884 117.603749036789 132.033775250117 146.247307459513 147.442718346914 125.047892332077 89.5876089731852 65.3943717479706 52.5483191013336 50.881028175354 47.4096983671188 42.9807305335999 47.5585460662842 47.7745632330577 41.6771471500397 41.9417321681976 44.8578993479411 47.8955258925756 47.0051119724909 43.7641590833664 43.1672384341558 45.5685605605443 50.7815579573313 53.0205219984055 58.2942416270574 58.2091212272644 59.9236488342285 71.7960993448893 79.0817091862361 75.8958508570989 93.7286416689555 100.196003913879 97.7065861225128 94.4741566975911 98.492036263148 111.781766017278 103.078881899516 43.7912394603093 0.0255191601657619 0 0 0 0 0 0 0 0 0
57.3344230651855 59.3321373065313 59.1007570425669 61.2625827391942 69.9674139420191 75.9348769982656 80.0821532805761 85.4828457037608 86.3028367360433 70.7127898931503 55.8710396289825 51.9951581954956 51.1049330234528 48.3800818522771 46.9626138607661 47.5600510835648 46.3001430034637 45.6540683905284 41.9960121313731 42.0616169770559 45.60919602712 50.6766935189565 51.8331229686737 48.5603710015615 46.5147842963537 44.4796184698741 53.1790306170781 55.3723176320394 58.5533281167348 59.118111928304 59.303214152654 65.8227900664012 73.1176535288493 82.6864540576935 100.449134906133 100.144962469737 90.8405582110087 83.6036304632823 86.2072209517161 101.723263661067 112.859636545181 103.620797395706 56.0346146424611 4.03670376787583 0 0 0 0 0 0 0 0
65.4022445281347 63.041498263677 63.1754100322723 62.7542734146118 59.2541793982188 57.4823766946793 56.0445934534073 57.1514169375102 62.2931172450384 54.3132921059926 47.1742252508799 48.8562981287638 52.0912458499273 52.7519683043162 51.5056898196538 49.6787528196971 44.5020993550619 51.5498866637548 52.8030892213186 48.9874581495921 51.2071251869202 51.7291824022929 50.1621862252553 52.1107614040375 54.2558779319127 49.9970664580663 54.0336867173513 57.3954880237579 58.6419304211934 60.305525859197 61.7933770020803 65.344899892807 71.8394815921783 86.7159863313039 94.5708254973094 89.1434152921041 79.0224472681681 69.6114599704742 67.6284084717433 77.8247813383738 103.381166855494 108.321885267893 83.6118360360463 33.4003369013468 0 0 0 0 0 0 0 0
69.7045425573985 66.98443988959 69.743737578392 68.4694995482763 61.6862078507741 58.4500680367152 56.3354591528575 53.6293188730876 53.7702490886052 50.7395068804423 49.0496208270391 48.730860153834 52.6968737443288 56.7315171162287 56.43164118131 53.8772990306218 50.928329428037 56.2903384367625 58.6856504281362 53.0143876870473 50.730973482132 48.4834214051565 45.2511260906855 47.2250779469808 52.1504282951355 49.4997551043828 46.7345267534256 51.2948532899221 55.1909257968267 58.0114473899206 59.2785129944483 60.0376029809316 69.1812286774317 87.4063273270925 93.6140616734823 78.9232403039932 69.1224237283071 66.361536582311 65.7868434985479 73.3445187409719 80.1227788130442 82.9223543405533 71.410745382309 40.6987617413203 0 0 0 0 0 0 0 0
54.2708535989126 56.9600562254588 65.5534366766612 62.9768470923106 65.5313183863958 67.8668717543284 66.9460296630859 62.9128913084666 52.7437825997671 51.2790530920029 54.389422138532 51.374485095342 51.9741028547287 56.0928632815679 56.5220266580582 54.459273815155 55.9346377849579 58.5029075543086 58.9519441127777 53.6733567714691 48.5462745030721 46.3023732105891 44.2168364922206 44.3270901838938 46.975498398145 51.080197095871 46.6533005237579 48.5334893067678 52.5914132595062 53.9426803588867 52.5187104940414 51.8384476502736 61.2985789775848 75.1711676518122 80.4636726776759 71.4137554168701 67.816565434138 70.6076125303904 71.6650088628133 74.0872224171956 69.5200463136037 67.6153500874837 63.9624098936717 39.9965370694796 3.21369928618272 0 0 0 0 0 0 0
52.7235567569733 58.5209230581919 61.5575810273488 62.2542003790537 64.0199333429337 66.5850291649501 66.8636014064153 63.0602935949961 58.815931280454 54.9012770255407 56.4913352330526 54.230456550916 51.8785417079926 50.3623237212499 49.683153629303 50.4509707291921 48.2635200023651 53.9469619592031 56.1602214972178 54.102952281634 50.0704944133759 47.995721300443 47.5667913754781 48.7485031286875 46.4103321234385 55.1213671763738 58.0081343650818 55.4572492837906 54.4271270434062 52.8701643149058 48.7039089202881 46.4743077754974 52.9700418313344 56.6292405128479 62.5677953163783 65.8679107824961 69.9459165334702 76.07135673364 77.4081399043401 70.1775302489599 69.3162679672241 64.3316109975179 61.4728629589081 44.452448685964 15.7136109968026 0 0 0 0 0 0 0
58.9120139678319 63.5767181714376 60.7583622137705 64.1614894072215 62.7122521400452 62.8031442562739 64.4953548908234 63.1264249483744 64.3659184376399 59.9486082792282 59.3746900558472 58.7548365195592 54.4296056032181 49.9213337898254 49.0151544411977 52.5074154138565 48.3677883942922 51.6749421755473 56.1254173517227 54.7996461391449 52.6372939348221 51.9153277079264 50.8026331663132 52.1662533283234 53.6121080319087 54.4249067703883 59.9343180656433 58.0788850784302 55.5248558521271 53.9877812067668 50.0140190124512 46.7745711406072 50.5390663941701 49.0683416525523 49.8183419307073 53.3586988846461 59.7329636414846 69.023331006368 67.9363956054052 58.0772707859675 61.4030361175537 57.0290436347326 56.6932857036591 54.0753602981567 36.9000633557638 7.77411398788293 0 0 0 0 0 0
