input/barkrak2/radiation/dir05124.grid
NCOLS 85 
NROWS 70 
XLLCORNER 665100 
YLLCORNER 4664600 
CELLSIZE 20 
NODATA_value -9999 
[rows 44 to 65 of 70, columns 0 to 47 of 85]
107.007801532745 112.730274597804 116.245955228806 116.884509722392 118.917435407639 121.204157670339 120.974242687225 117.083172003428 111.405928929647 106.031795342763 108.140458663305 104.743887980779 101.636817057927 99.7573335965474 98.9449222882589 98.6268520355225 94.4193800290426 101.450125376383 102.755685647329 99.7429490089417 96.2853034337362 94.2112406094869 93.1634207566579 93.4163530667623 90.5114610989888 99.5043714841207 102.526903152466 99.746177593867 99.6531943480174 98.7437764803569 94.6512122948964 92.4548208713531 100.27418533961 104.985336462657 113.484978675842 114.226698875427 119.314481814702 129.11993265152 132.826745510101 124.658842881521 122.693280378977 116.765946149826 110.929022232691 89.3020927906036 53.2330473264058 11.7563642561436 0 0
113.501727581024 118.739505608877 115.400592486064 119.351804256439 117.90590484937 117.601176102956 118.919293085734 117.540816466014 118.278682231903 112.655361493429 110.92613140742 110.403537750244 104.88098859787 99.5145241419474 99.0003248055776 102.579255898794 95.9636569023132 99.2227594057719 103.927413622538 101.987073818843 98.7251102924347 97.9512731234233 96.5023636817932 97.2769459088643 99.6815164883931 97.832461198171 104.587097962697 103.029767672221 102.426886558533 100.266416867574 96.3086088498433 92.8256710370382 96.394807100296 95.5982406934102 95.971683661143 98.3150998751322 107.336511214574 120.902260144552 122.575054566065 108.629842599233 111.500322818756 105.531752109528 103.57611378034 100.577652454376 81.6529045502345 42.7215993404388 4.98597727467616 0
113.502432902654 115.509549776713 118.252048889796 120.23800611496 120.164930820465 119.397699832916 121.59859140714 123.137394587199 119.498113791148 117.3135638237 115.446001291275 113.894035418828 110.295305649439 106.385767459869 105.344156424205 108.786672353745 105.440338452657 99.0786254405975 106.264630953471 104.741632938385 101.441045602163 101.945251226425 100.844363371531 97.5171228249868 105.63455025355 97.3892708619436 98.5722243785858 100.90967019399 102.244138717651 102.166871229808 99.8509724934896 96.4886546134949 95.9362387657166 96.2083836396535 97.3190267880758 98.424772421519 101.481755574544 110.15663544337 111.774891614914 108.766744534175 108.656545480092 101.680944363276 107.455511887868 115.629315376282 106.813261906306 71.3080962498983 29.9199695388476 0.780971332763632
107.281396786372 109.661489725113 116.102109352748 117.743869622548 121.803104877472 122.993677854538 120.234380165736 120.298425356547 119.831134875615 122.40410844485 118.542651335398 114.10532395045 112.812201182048 112.300008535385 109.408189853032 107.925266027451 106.427689393361 97.7614919344584 102.72604227066 104.217668374379 100.485066572825 100.675066312154 104.773163795471 96.0647761821747 99.6451775232951 99.2766718069712 94.2751963933309 97.1115330855052 101.405183474223 101.068864266078 102.418333292007 100.504775842031 96.5450306733449 99.133570988973 111.255347728729 116.266240676244 112.070103486379 105.946153402328 109.745472669601 121.465742588043 111.856162548065 103.440890709559 111.163198947906 119.271099567413 112.178762753805 90.2027090390523 50.3033051888148 13.3560101191203
99.7210144996643 103.044797976812 108.970622221629 113.111505905787 119.791676600774 123.859226703644 120.141476392746 118.182947238286 121.813714504242 123.618433872859 121.842761834462 116.973966360092 115.596542755763 115.996797879537 112.6902004083 106.838405132294 105.766266584396 99.0994870662689 103.173196315765 107.210427522659 106.00346326828 105.424920717875 107.187946637472 103.256314992905 100.720236698786 102.558960517248 98.601907491684 102.198511362076 108.511646588643 113.474984963735 117.36195286115 117.71751443545 108.2930068175 109.447439511617 118.349989255269 126.455624898275 128.064125776291 116.212109724681 113.127440214157 119.668652613958 110.231796900431 100.94486673673 99.3245244026184 98.6442267894745 97.3136425018311 96.2387422720591 84.2900474866231 31.179962058862
98.5100467999776 95.6172347068787 100.62179962794 110.002120335897 115.88787039121 119.281788667043 122.439642747243 125.249842802684 125.947972138723 121.80683016777 123.602588971456 123.793204625448 119.536906480789 116.197735071182 113.815794388453 109.74383354187 107.653001944224 104.100306828817 107.641597588857 112.414399782817 113.921801249186 113.527198632558 108.83100827535 109.604020913442 104.788680871328 108.613560597102 109.55751935641 110.55189371109 117.375860611598 127.091278632482 135.793526967367 136.550347010295 126.395046710968 120.2352643013 119.007547696431 126.869102319082 131.981482108434 131.38876358668 118.822932243347 107.486764589945 99.8504559199015 100.453714529673 98.7652937571208 93.7174558639526 90.1461541652679 94.8403775691986 89.8790458838145 36.3260755936305
98.9824632803599 102.096984783808 105.753749608994 113.17057410876 114.124000072479 114.45019642512 123.306522766749 128.486653168996 127.910216649373 127.509703238805 126.77538394928 126.952588558197 122.524052858353 117.440581321716 117.092529932658 120.343585809072 111.868590116501 110.393931468328 113.224387168884 118.80499124527 119.875957568487 115.955730279287 112.810681263606 112.42484052976 107.105533281962 112.356752157211 116.657237211863 118.067979812622 121.672640244166 132.454772790273 140.141387780507 148.081888755163 137.061228354772 126.972496509552 107.721507549286 113.706399997075 123.085002104441 132.9465508461 124.670763810476 101.703325907389 93.8747922579447 102.11459795634 105.183482170105 101.559420426687 96.2379177411397 92.7503307660421 77.3358196020126 49.8803307612737
99.0984638532003 111.118376255035 113.154460986455 115.642587343852 113.492548465729 112.740755081177 121.087819337845 127.342204252879 126.723458369573 132.234185934067 129.363477230072 128.166774908702 125.849684079488 120.363096396128 119.519551595052 126.334299643834 118.769188721975 114.741504192352 112.405399481455 115.067064762115 115.543742974599 114.14181192716 113.331506649653 109.76321498553 107.581635316213 110.27055978775 113.919049501419 113.725741704305 114.776035149892 124.326705932617 135.365694761276 143.018027146657 139.458547035853 114.175935586294 80.9350957473119 61.7613693078359 94.6364800135295 115.814318259557 132.888148228327 127.724866072337 120.668629805247 113.321036100388 96.2514380613963 92.4444893995921 102.035462856293 94.7443048159281 73.7780233224233 61.1627747615178
103.297829627991 101.100395123164 99.7323493162791 102.869292100271 111.000657081604 115.989595651627 116.651237010956 122.970124085744 122.904966274897 127.515862385432 128.358572721481 130.654563506444 129.948377609253 124.20783440272 122.123668591181 120.763778686523 122.532526652018 114.80838060379 109.195530414581 107.390622297923 106.94549481074 109.20446117719 109.448770682017 103.698233763377 105.804701646169 103.074123462041 103.619823853175 105.150004227956 104.148238897324 106.745729843775 114.569763342539 125.364164511363 120.638847351074 95.8560804526011 61.8206808964411 36.7174471418063 38.8507395982742 73.2865830262502 106.830497582753 127.971013387044 129.757026831309 113.018492857615 92.0697152614594 86.6844356060028 95.8913763364156 86.2806538740794 70.2220847209295 78.0567824840546
106.949905554454 95.7538187503815 92.96053647995 98.6818075180054 111.651351054509 120.600352684657 119.418203830719 121.154626210531 123.536715904872 123.952349026998 126.273731390635 128.776927789052 131.748259067535 129.595061143239 124.874254067739 122.043679157893 124.607771635056 116.536905368169 111.681779225667 112.465778986613 112.316499153773 109.97948050499 107.233762741089 103.700409332911 104.023744662603 102.63325770696 101.440320412318 100.885808467865 98.4785854816437 94.8740045229594 88.2445375124613 93.9673483371735 94.9416955312093 78.2292286554972 63.1360361973445 38.1142770250638 24.5845367511113 23.3296851317088 39.0084932247798 87.5510275363922 112.130492925644 102.896124124527 92.0567015806834 85.8621001243591 73.70325922966 74.0536153316498 67.6212956508001 88.2353285948436
107.628951470057 101.394633452098 98.2330640157064 103.021830320358 113.846202691396 122.468113899231 125.36480029424 121.541897455851 126.043687264125 123.798251152039 127.41819024086 129.665682713191 130.949159463247 132.150828838348 126.623779535294 126.989980538686 127.192457516988 120.817224184672 117.459277311961 117.833534876506 117.852588494619 113.501290480296 111.197173595428 111.582189798355 107.198625802994 106.726408004761 105.025986830393 100.990811983744 95.4094032446543 88.6881252129873 79.6749293804169 83.4857722123464 87.8796577453613 88.5153412818909 86.8379175662994 74.4157532850901 46.829750140508 30.9066822131475 22.9848871628443 32.6861639817556 55.4429988066355 80.6448956330617 55.5047591527303 46.4587559302648 45.9769715865453 53.9502799510956 71.5437829494476 80.7105054457982
111.318031946818 109.607885281245 104.784230391184 102.588593959808 108.920484781265 121.810287237167 123.747328917185 121.389955282211 123.361488183339 128.371228774389 135.349084933599 135.79249382019 133.012592792511 133.935590585073 130.344778299332 129.536906878153 129.837135473887 126.172065734863 120.671371618907 118.627727031708 117.321332295736 116.359690825144 118.379354476929 119.900246461232 114.05814687411 113.216290871302 105.317672093709 94.8387086391449 87.5055889288584 83.2954347133636 82.7360252539317 89.2170071601868 93.6537583669027 105.446507533391 112.408459186554 111.953427394231 95.3278144200643 76.3578911622365 62.6518726348877 36.5908667445183 46.5970784425735 66.7997052272161 67.0593877633413 54.7601083914439 55.0281355778376 72.8778590758642 98.751962184906 94.7625438372294
114.446510871251 113.62765232722 111.842215061188 106.79970184962 107.5532635053 118.270874023438 121.739765008291 122.196137905121 121.401647726695 130.462427934011 139.008015394211 137.944062550863 132.825702428818 135.65860191981 136.106590429942 128.395944833755 130.662987629573 126.88151995341 122.190157572428 120.006859302521 118.830025196075 120.723783969879 118.23778351148 116.825689872106 115.572462479273 109.306434790293 81.076517701149 61.5020990371704 59.3971312046051 66.1806066830953 79.9579918384552 85.6374204158783 91.7148689428965 99.2498993873596 113.569696744283 122.655620177587 124.695082505544 119.579801956813 103.934774796168 76.1015663544337 50.945391257604 68.8176651795705 85.9278241793315 87.0963037014008 87.4132513999939 103.167762358983 132.388333479563 120.547950267792
113.182405630747 111.004769802094 114.673356215159 115.202188491821 111.454983552297 114.447077115377 122.411469618479 123.385161161423 122.537791728973 129.988918701808 137.796769539515 137.178202470144 131.915936867396 134.13346807162 137.136648098628 126.808047294617 129.113733768463 126.161674658457 123.797714710236 123.606959978739 124.740809202194 124.940653642019 118.723253409068 112.211664517721 111.606766780217 110.348850488663 89.6771053473155 66.4965609709422 66.934734582901 77.4796654780706 88.8716181119283 91.6788379351298 103.418052196503 115.200042724609 122.253606716792 132.157107194265 129.496773084005 74.9510924021403 62.0341598987579 76.5261004368464 78.6101520061493 93.1660234928131 98.3443359533946 81.4021031061808 51.9462277491887 82.4604133764903 109.061370293299 103.602687517802
100.212663412094 109.331508477529 112.812687953313 115.223626295726 114.516735076904 110.521813233693 122.859358787537 126.913378636042 126.896619796753 131.316969792048 134.81330871582 134.573797384898 133.599181969961 130.986223618189 132.377644379934 128.146429856618 123.565634091695 126.572767893473 128.107796112696 128.931959470113 130.717257658641 125.600357850393 122.51756588618 114.884863297145 115.541179974874 114.768981933594 112.147649129232 105.987687905629 107.936958471934 111.414740482966 108.972271283468 101.80327296257 118.049085140228 126.834015051524 122.535765171051 91.7426149050395 81.2082191308339 41.6639397541682 28.2115787267685 41.9566531976064 79.3129901091258 103.9151151975 101.711372534434 86.4134728908539 73.4756290912628 77.0174910624822 93.829204638799 98.6538430054982
89.5725687344869 105.989555517832 110.541164875031 113.206833600998 116.028199593226 111.62664492925 117.244631052017 126.5762646993 137.082318464915 137.498537699382 134.283989667892 132.297803958257 133.819878101349 132.129500309626 131.920655568441 129.103442033132 124.546825885773 126.35729710261 123.8667567571 120.442718267441 121.477544307709 119.813472032547 120.408703883489 118.435382843018 117.644190788269 122.861156860987 133.733540773392 139.605820178986 126.821706692378 124.866147836049 111.246168613434 101.935535669327 112.386385599772 102.950831254323 56.0416678587596 45.0528313716253 43.1822240352631 33.8625982403755 20.1376204689344 14.8491598665714 17.1873097618421 64.9646917978923 99.0246733029683 115.929941336314 134.117424488068 128.865391016006 122.149000565211 120.089878638585
91.5202796459198 102.26716597875 110.632956027985 113.074580828349 114.630629618963 114.943404992421 109.334250291189 120.598524808884 142.654716968536 141.434331734975 133.388886849085 129.579404989878 131.863653659821 134.94199514389 134.201228618622 129.938284556071 127.98947095871 124.159862597783 116.851131121318 109.292904535929 108.750075101852 112.811108430227 111.853152513504 114.489148060481 115.250706672668 123.788595199585 139.960706233978 147.191236416499 132.239689429601 121.34200334549 107.828329006831 91.9012327988942 91.5928483009338 85.1809779802958 62.3621692260106 38.0759115020434 39.6226520339648 52.1664520104726 43.6801115671794 26.9856403271357 15.7228683431943 26.4959906538328 76.3784348964691 108.505348364512 119.808048009872 119.469006856283 111.891388893127 112.699846426646
104.597051938375 107.714027166367 110.564261674881 106.847822666168 99.9824603398641 96.3247319062551 104.867865641912 111.739138762156 122.313688198725 120.119124650955 118.0419921875 124.191621939341 130.699584881465 132.26584593455 127.857466538747 129.367729028066 129.432111978531 122.661352157593 113.433400789897 106.526364882787 104.960213104884 105.524241924286 109.437892834346 112.551808357239 111.815710862478 115.526149670283 127.743184566498 137.299567461014 127.280980348587 110.113511482875 101.550807555517 83.8037729263306 75.5878289540609 88.9553725719452 82.212304075559 58.4435810645421 61.7599785327911 96.5198278427124 99.7554361820221 77.5415102640788 43.7701344490051 33.2743575175603 52.5557945171992 71.1477895577749 60.6317669153214 75.8589605490367 81.0787429412206 86.2778425216675
117.814580599467 113.889396190643 109.935859839122 102.020512024562 90.3089741865794 82.1771323680878 95.4784651597341 94.7650571664174 82.3010504245758 82.6461017131805 97.3191062609355 110.960106054942 116.931597391764 121.389379103978 124.991486469905 136.493980884552 139.055361350377 129.246403773626 119.077901045481 114.767889181773 111.381779114405 109.552085399628 111.048678557078 108.322809139887 107.630481322606 113.587478796641 115.517497062683 120.275636514028 114.924410978953 93.8343405723572 99.382221698761 91.3899342219035 82.3845366636912 99.690059820811 103.876690069834 90.4560685157776 81.6678106784821 83.3741227785746 88.4521802266439 86.6782963275909 68.7815596659978 52.0421167214712 52.2808283567429 42.0644780000051 33.3574339747429 38.3831709623337 60.8109186093012 65.0645097096761
121.146003405253 113.607555627823 108.38449994723 104.171882073085 95.8548188209534 87.7589384714762 82.4954261382421 76.0214477777481 55.7330995798111 65.9205416838328 89.7794266541799 102.986077467601 103.828410307566 112.669010957082 127.796490987142 145.429323116938 151.009380817413 142.932146787643 133.638272682826 128.72705856959 122.095217307409 119.496693213781 118.502825498581 113.81987730662 110.891620318095 109.63029662768 105.262200037638 103.815297285716 104.878127574921 84.156999985377 85.6658021608988 88.5456105073293 83.1679205099742 104.130844275157 122.450997432073 125.870476166407 99.9192893505096 61.6324444611867 43.1361049413681 64.5082394282023 66.4193133513133 68.4855282306671 65.3031418720881 59.0786089499791 45.0980762640635 40.7075931628545 53.6806335051854 65.5680447816849
124.137947956721 118.031879266103 116.570045550664 117.899109919866 114.13632829984 106.5660516421 100.325703620911 101.627717415492 99.6414224306742 104.325105746587 114.716043074926 122.949540615082 123.310546080271 116.854617993037 128.388494253159 146.40728632609 157.780071099599 157.445400953293 148.69350194931 137.52614458402 130.554467439651 124.530971050262 123.059342304866 122.510592142741 114.185978968938 107.992231845856 98.0354050795237 95.6253906091054 95.723569393158 91.1575158437093 75.9855359792709 75.2863784631093 67.3276335000992 91.4359092712402 131.979465484619 139.764229456584 105.594535668691 67.7554756402969 40.3389682372411 34.5945830146472 46.3854173819224 51.8074929714203 69.3942060073217 76.3953427473704 79.8202355702718 64.2636120319366 63.2460713386536 85.1485729217529
125.097741683324 121.939182281494 122.232218583425 124.147554238637 123.478015263875 118.774880965551 117.669582366943 127.601683139801 145.988206068675 140.54415623347 130.964517593384 134.495625893275 141.002078851064 125.731388727824 126.543114582698 136.677583058675 146.852384010951 153.689414262772 153.621802727381 145.995318889618 138.912041982015 130.343238512675 125.340193510056 121.713618437449 114.372879266739 103.640496730804 89.3840392430623 85.5811834335327 87.7240399519603 79.656591018041 44.4990297158559 41.3536429405212 33.9524745941162 55.9927026430766 130.828628937403 140.679230292638 119.794766108195 109.854429960251 74.0567296743393 27.563102543354 18.674078087012 15.6082585453987 53.7732442220052 82.9258610804876 93.0732091267904 81.5813690423965 80.2316963672638 112.596899271011
