input/barkrak2/radiation/dir05924.grid
NCOLS 85 
NROWS 70 
XLLCORNER 665100 
YLLCORNER 4664600 
CELLSIZE 20 
NODATA_value -9999 
[rows 42 to 62 of 70, columns 0 to 47 of 85]
142.544478178024 138.961414496104 141.859988371531 140.455116828283 132.830073436101 128.494759400686 125.491370757421 120.86750070254 121.122827132543 117.440581321716 115.628957748413 113.769332567851 117.131888866425 121.709644794464 120.304803053538 116.217931111654 112.128655115763 118.776977062225 120.546201864878 112.49773701032 111.134002606074 109.410544236501 105.739971001943 107.244273026784 111.726840337118 107.957681020101 106.237689654032 112.916976213455 119.795898596446 124.308387438456 125.593423843384 127.359449863434 138.730655113856 162.010798851649 169.53456401825 149.347176154455 133.749008178711 131.032218535741 132.664829492569 143.566499153773 152.859310309092 155.916233857473 140.599429607391 102.481265862783 39.290780822436 1.94240376974146 0 0
125.758161147436 128.60052784284 137.06029454867 134.64414079984 136.893401543299 139.407267173131 138.195862372716 132.305135329564 120.111286640167 119.0085709095 121.578435103099 116.138716538747 117.028802633286 120.626290639242 120.575239260991 118.250648180644 118.737628062566 120.440135399501 120.35987774531 115.591466426849 109.404345353444 106.796602408091 104.044556617737 102.841556072235 105.624218781789 109.568844238917 104.164014259974 108.427176872889 114.067355791728 117.857486009598 118.264565865199 117.140154043833 130.179564158122 147.063652674357 152.368644873301 136.731733878454 131.147692600886 137.792666753133 143.120815356572 144.603302081426 139.116396506627 137.193709611893 129.940470059713 101.303656895955 51.5928566455841 2.90883580843608 0 0
124.19139345487 130.194296439489 133.025705814362 134.370644887288 135.611643393834 137.652933597565 138.04684082667 133.306910594304 128.193706274033 122.391680876414 124.480883280436 120.696802934011 116.097718477249 115.393300851186 114.530543486277 113.95796140035 109.341790278753 116.245498259862 117.572565873464 115.843186775843 110.933671394984 108.960926532745 107.706487178802 107.542415459951 104.524791240692 113.588869571686 116.575459639231 115.417659282684 115.342954794566 114.398578802745 111.416717370351 111.00302139918 118.829518556595 124.153872330983 128.95256280899 129.226446151733 134.657800197601 145.771125952403 150.573889414469 141.299962997437 139.392743508021 132.070074478785 126.113096872965 104.588180780411 67.6296403010686 23.5946824153264 0 0
131.111284097036 135.624825954437 132.951478163401 136.282662550608 134.902050097783 134.328603744507 136.221488316854 133.994897206624 134.29535428683 129.304299751918 127.266357342402 125.426123539607 120.796859264374 115.287572145462 113.547176122665 118.155340353648 110.98375916481 113.986114660899 118.934015432994 116.818765799205 113.481909036636 112.719267606735 112.460394700368 113.047569990158 113.793929417928 113.352437814077 120.345165332158 118.82891257604 116.894861062368 117.346584796906 111.912965774536 109.368741512299 114.85477288564 113.874057928721 111.872255802155 112.963964541753 122.416814168294 138.10854156812 139.626264572144 124.685416618983 127.774387598038 121.534208456675 118.678867816925 115.803380807241 96.9926118850708 56.5990308920542 15.1054176191489 0
130.521674950918 132.62614607811 135.248710711797 137.853046258291 137.147724628448 136.847496032715 138.24607928594 140.40086666743 135.837286710739 133.173584938049 131.979177395503 130.159695943197 125.344097614288 121.183464924494 120.995004971822 124.27149216334 120.506425698598 113.798578580221 121.435344219208 119.870046774546 116.455167531967 116.924285888672 115.474392970403 111.644486586253 119.702349106471 112.987478574117 114.237586657206 116.705705722173 116.76213145256 116.767813762029 115.542560815811 113.163997729619 112.350136041641 113.501995801926 114.058037598928 113.17104101181 116.437693436941 126.469612121582 128.502527872721 125.041425228119 125.396192073822 117.301732301712 122.593919436137 130.791266759237 122.2283244133 85.9374205271403 42.4998700618744 7.21472439666589
124.596883853277 127.384871244431 133.241454760234 135.533253351847 139.016578594844 139.837960402171 137.622803449631 137.02737291654 137.110491593679 138.4650071462 135.290781656901 130.643745263418 128.224452336629 127.32474009196 125.190953413645 123.58558177948 121.843238671621 112.754374742508 117.850184440613 119.416972001394 115.543216466904 115.606228510539 119.595944881439 111.76793773969 115.414400895437 113.562325636546 108.572532733281 112.838606039683 115.952670574188 116.979668537776 117.093622684479 116.109331448873 112.043271462123 116.230557362239 129.459778467814 132.146944602331 127.193699280421 122.139086325963 126.659780740738 137.01860109965 128.71519724528 119.580845038096 127.941677967707 134.405354658763 127.437223990758 105.507671833038 63.9322251081467 25.5495260159175
117.121835549672 120.806177457174 126.693139473597 130.992829799652 137.531648079554 140.989283720652 137.836913267771 135.163207848867 138.252685467402 140.635232130686 137.96658317248 133.789668480555 131.154934565226 131.213386853536 127.534111340841 122.809737920761 121.517350276311 114.359726508458 118.403494358063 122.633387645086 121.304313341777 120.416939258575 121.965825557709 117.602795362473 115.017950534821 118.544399738312 114.48206504186 116.563032070796 123.028059800466 128.295461336772 133.444259564082 132.253855466843 122.819523016612 126.268933216731 136.147658030192 146.136492490768 143.093804518382 132.281561692556 130.696912606557 137.507071097692 125.461965799332 117.082367340724 115.185528993607 114.516288042068 112.397074699402 111.296474933624 99.6690988540649 43.3467427889506
116.400102774302 113.26852440834 118.695646524429 127.344121535619 133.709669113159 137.075126171112 140.306264162064 142.330120007197 142.543524503708 139.036446809769 140.688478946686 139.814426501592 135.095278422038 131.468236446381 130.039274692535 124.83208378156 122.395525376002 119.51889594396 122.939010461171 127.958764632543 129.341214895248 128.690560658773 125.160108009974 125.68587064743 120.816648006439 123.215675354004 124.052117268244 124.717344840368 133.426934480667 141.599635283152 150.272766749064 152.636816104253 140.809158484141 135.931015014648 134.486724932988 144.23860112826 151.373128096263 145.76776822408 135.875880718231 124.718278646469 114.540795485179 116.256088018417 115.097423394521 109.295149644216 105.135182539622 110.055536031723 104.571143786112 55.5660923322042
117.443879445394 120.378802220027 123.984664678574 130.893150965373 131.406019131343 132.34664996465 140.581796566645 146.185606718063 145.420918862025 144.92729306221 143.958995739619 143.228789170583 138.475000858307 134.163985649745 133.578797181447 136.628518501918 127.858142058055 125.691046317418 127.029329538345 132.942805687586 133.920749028524 131.137947241465 127.72140900294 127.008467912674 121.724337339401 128.526329994202 132.789035638173 132.239063580831 137.630492448807 146.614740292231 158.265302578608 160.441766182582 154.5137266318 139.8712793986 128.53213151296 127.192368110021 143.676390250524 152.590910593669 139.007806777954 117.215971151988 109.301785628001 117.777307828267 121.494591236115 117.527544498444 111.306250095367 107.656041781108 90.9358461697896 62.3429069916407
117.367575565974 129.442473252614 132.062524557114 134.041657050451 132.411579291026 131.12336397171 138.828724622726 145.168781280518 144.363135099411 148.929297924042 146.801690260569 145.452529191971 142.17421412468 137.304544448853 135.983725388845 142.800996700923 135.074377059937 130.139956871668 127.646118402481 130.626022815704 131.186912457148 129.633635282516 126.893520355225 123.104820648829 120.743364095688 124.909689029058 128.333191076914 127.816955248515 130.542566378911 138.286292552948 147.321571906408 160.874317089717 153.684536616007 131.87771042188 97.1576472123464 89.2861982186635 110.476195812225 135.474840799967 146.139810482661 143.879234790802 139.405270417531 127.966910600662 111.922721068064 109.059274196625 118.629733721415 109.340220689774 86.8011116981506 74.0818679332733
121.080537637075 119.530181090037 118.739654620488 122.38464752833 129.492342472076 134.935567776362 134.963035583496 141.950339078903 141.2247021993 145.700166622798 145.808935165405 148.120323816935 147.240380446116 141.184856494268 138.752430677414 137.47384150823 139.077683289846 130.555858214696 124.813050031662 123.26588233312 122.816741466522 124.850034713745 126.097977161407 118.697196245193 120.57293454806 117.738912502925 118.019024531047 119.464059670766 119.873543580373 120.6014752388 128.827889760335 139.848391215007 137.010832627614 110.656360785166 74.9344329039256 55.8056483666102 55.5013567209244 90.1684363683065 124.975313742956 144.698798656464 148.532817761103 130.659282207489 106.02742433548 101.896663506826 112.134416898092 100.064883629481 82.8010787566503 91.7131106058757
125.109255313873 114.115277926127 111.392805973689 117.550432682037 130.121022462845 139.638473590215 138.392706712087 139.582653840383 142.522046963374 142.205635706584 145.22976676623 147.710462411245 149.26611383756 146.814952294032 140.724688768387 137.889703114827 140.203585227331 132.695386807124 127.687255541484 128.60835591952 128.325472275416 125.73187549909 124.033490816752 118.934830029805 119.004418452581 116.042564312617 116.019427776337 116.784393787384 114.120900630951 108.808974424998 102.566679318746 108.794907728831 109.610309203466 91.6580160458883 75.8970081806183 57.0945094029109 33.3008666833242 34.308319290479 66.206231713295 103.147874275843 128.464241822561 118.160982926687 105.930159489314 99.8744070529938 92.848539352417 86.9985024134318 80.1797558863958 102.861444155375
126.117706298828 119.74314848582 116.1188185215 120.997399091721 131.936619679133 140.322268009186 143.813868363698 140.043338139852 145.095457633336 142.778138319651 146.382470925649 147.868533929189 149.902403354645 151.067525148392 145.468026399612 144.882460435232 145.028382539749 138.302534818649 133.623758951823 133.860637744268 133.905907471975 129.421800374985 126.950919628143 127.005865176519 123.669813076655 121.619115273158 118.242532014847 117.056945959727 111.244261264801 104.31049267451 94.3007866541545 98.6840923627218 102.165420850118 102.090160051982 100.607693195343 88.2856547832489 59.7798923651377 42.9345667362213 38.1843323508898 42.1846260627111 88.1729622681936 94.1980679829915 83.0608506997426 57.0278515418371 56.4777851104736 76.5363623698552 84.5774610837301 95.6900715827942
130.030751228333 127.836763858795 122.85061677297 119.959046443303 126.62676970164 139.65630531311 141.628662745158 139.897584915161 141.216059525808 146.717041730881 152.898609638214 154.106140136719 152.745674053828 152.911484241486 149.228831132253 148.362686236699 148.634006579717 146.008352438609 140.425970156988 137.153228123983 134.781708319982 132.465571165085 134.195695320765 136.756549278895 130.620608727137 128.344794114431 120.247046152751 110.946983098984 102.354645729065 99.0196764469147 97.4632998307546 104.46775952975 108.209749062856 119.201908508937 126.629402240117 125.896195570628 113.350182771683 90.3541644414266 76.3196249802907 48.5356648763021 58.836226662 79.5895506938298 79.7028243541718 67.0443524916967 67.575400074323 86.0674977302551 113.297392924627 110.256959994634
133.190482854843 132.103035847346 130.252728859584 124.631067117055 125.380158424377 136.68558994929 139.887789885203 139.890094598134 139.31342959404 147.958775361379 156.440416971842 156.312465667725 151.16161108017 153.104921181997 154.111842314402 147.219707568487 150.494476159414 147.798399130503 141.957253217697 139.665822188059 138.43634724617 139.174222946167 136.563956737518 135.085602601369 132.509609063466 126.045852899551 103.079418341319 79.8380623261134 75.4717191060384 82.8393548727036 94.6618318557739 100.87189078331 106.505413850149 113.161146640778 127.394169569016 143.950621287028 137.886265913645 132.87756840388 131.729861100515 91.3771192232768 63.552071650823 81.9568485021591 99.5627840360006 101.340472698212 102.138340473175 118.032604455948 147.163867950439 135.884126027425
132.170776526133 129.665742317835 133.225878079732 132.929722468058 128.625790278117 133.064816395442 140.357395013173 141.250193119049 140.526135762533 147.402793169022 155.422747135162 154.570370912552 149.068882067998 152.379214763641 155.241360267003 144.762436548869 146.096835533778 143.82349451383 141.257474819819 143.366436163584 144.529680411021 146.054079135259 141.04038476944 133.00742705663 132.307589054108 128.301719824473 106.807897488276 82.5347006320953 82.702507575353 93.1711594263713 104.604055484136 106.960733731588 118.511706590652 129.072109858195 135.418842236201 145.112375418345 142.787724733353 87.8964364528656 73.7804422775904 88.5928273200989 92.7116274833679 107.617815335592 112.833559513092 95.4288442929586 83.2403798898061 97.1171657244364 124.174296855927 118.74783039093
119.571308294932 128.123978773753 131.25874598821 133.840133746465 132.639179627101 129.021555185318 141.359627246857 145.555873711904 144.528786341349 148.062994082769 151.950617631276 152.650038401286 151.752630869548 148.664057254791 149.984339872996 145.638565222422 140.571544567744 143.231630325317 144.429634014765 146.31058772405 148.020803928375 144.072661797206 143.603692452113 135.820974906286 135.030527909597 136.844456195831 130.273679892222 122.938632965088 124.31870897611 127.607583999634 124.1222123305 117.100258668264 133.260081211726 140.661319096883 135.902504126231 105.175077915192 94.0085748831431 51.7123987277349 37.1117119987806 57.1384926637014 95.5689748128255 118.11030904452 115.734616915385 100.016872088114 87.6372257868449 91.9486880302429 108.981211980184 113.730063041051
108.631283044815 125.431110461553 129.244536161423 131.860236326853 134.592672189077 129.814843336741 135.462234417597 145.209739605586 155.173401037852 155.008792877197 152.309447526932 150.470495223999 151.99409921964 150.05095799764 148.87598156929 146.771719058355 141.918261845907 143.246551354726 140.308270851771 137.894809246063 138.794720172882 138.21283976237 136.262863874435 135.32347480456 135.724991559982 142.156938711802 154.940952857335 160.946865876516 146.809130907059 142.917364835739 129.798372586568 117.228786150614 127.696345249812 118.036607901255 67.3292229572932 55.3272515535355 53.0961354573568 43.0434842904409 28.2922635475794 25.2772842844327 26.8228823939959 81.6054592529933 112.643271684647 134.279112021128 149.127225081126 144.17494336764 137.387136618296 135.22599140803
110.662857691447 121.544390916824 129.629870255788 131.947348515193 133.303701877594 134.022444486618 128.022253513336 139.471669991811 161.243756612142 159.983525673548 151.835729678472 148.195564746857 150.405983130137 153.05503209432 151.756624380747 147.990226745605 145.584424336751 141.168067852656 133.774936199188 126.098016897837 125.178128480911 129.143456617991 128.927290439606 131.250888109207 131.652355194092 138.961533705393 158.212771018346 167.551855246226 150.324553251266 142.636835575104 123.054524262746 107.190907001495 106.822371482849 98.8513429959615 74.4139105081558 47.5593308607737 50.3362069527308 63.8130605220795 55.8827122052511 38.5008777181307 26.034173866113 45.777827501297 90.3091231981913 122.022360563278 138.560513655345 134.759684403737 127.104888359706 127.849012613297
123.483260472616 126.748740673065 129.715343316396 125.707298517227 118.896275758743 115.02879858017 124.579211076101 130.268196264903 140.731225411097 139.594107866287 137.407044569651 142.942110697428 149.610300858816 150.77864130338 146.224786837896 147.575507561366 146.751910448074 139.68284924825 130.95286488533 124.411483605703 122.508565584819 122.852802276611 125.571151574453 126.73944234848 125.33375620842 133.520523707072 144.132773081462 153.512458006541 145.217339197795 133.545299371084 118.577102820079 99.0678668022156 90.055525302887 102.548321088155 94.7628219922384 70.022573073705 74.1323779026667 110.955148935318 118.212958176931 94.3010946114858 57.2456220785777 45.2571312586466 65.5752072731654 85.0291053454081 72.894960641861 90.4176433881124 95.6091086069743 100.817879041036
136.952877044678 133.151322603226 129.197220007579 121.123244365056 109.295050303141 100.335051616033 113.671501477559 113.030801216761 100.463181734085 101.508051156998 117.477556069692 131.308664878209 136.217564344406 140.268862247467 143.833637237549 155.335952838262 157.224754492442 147.347668806712 136.934151252111 132.292717695236 127.683132886887 127.136617898941 128.36362918218 126.473605632782 125.575482845306 127.160102128983 131.642729043961 134.603321552277 134.103665749232 110.180626312892 113.528718551 106.656382481257 97.2232321898143 113.694240649541 116.653770208359 103.320529063543 95.6033170223236 98.3494520187378 102.713843186696 100.927511850993 82.4140956004461 65.8176640669505 65.3708676497142 52.3397028446198 42.9033388694127 59.8871807257334 74.2494811614354 78.5517940918605
