input/barkrak2/radiation/dir03424.grid
NCOLS 85 
NROWS 70 
XLLCORNER 665100 
YLLCORNER 4664600 
CELLSIZE 20 
NODATA_value -9999 
[rows 0 to 21 of 70, columns 0 to 49 of 85]
101.828257242839001 116.686671972275 131.792962551117 152.435958385468 163.357893625895 166.089912255605 165.304978688558 162.893662850062 161.015778779984 162.919074296951 165.096382300059 161.340971787771 155.218581358592 155.966659386953 156.059453884761 142.057120800018 130.43741385142 121.774176756541 122.253666321437 120.085577170054 122.390647729238 144.12659406662 166.789968808492 171.388427416484 174.781481424967 185.354193051656 183.853924274445 173.663258552551 165.862580140432 167.057593663534 162.52209742864 185.161550839742 228.453755378723 226.670622825623 223.552823066711 211.510976155599 216.099619865417 227.593064308167 224.143584569295 224.310795466105 215.835233529409 223.765651384989 229.176759719849 220.639189084371 209.357400735219 216.59251054128 222.4982380867 182.181398073832 126.044680674871 121.522098779678
79.4414182504018 96.1345136165619 110.291004180908 128.757705291112 144.58026488622 151.348382234573 157.54626194636 163.749198118846 169.123550256093 168.774763743083 167.607506116231 162.882695595423 157.669335603714 157.765090465546 157.841732104619 144.686063130697 136.070589224497 127.210130294164 124.253998200099 122.659881909688 136.49978240331 162.285029888153 180.53271373113 181.017736593882 184.2280626297 189.800620079041 187.201937039693 177.352368831635 169.480999310811 168.583790461222 169.559359550476 196.682393550873 223.039825757345 219.133973121643 217.729608217875 213.730712731679 220.112224419912 229.497631390889 225.562850634257 222.410619258881 218.163232008616 220.311462879181 215.849637985229 205.544273058573 200.293342272441 212.540010611216 214.455882708232 166.033565998077 133.19053252538 144.24067735672
41.8344934781392 52.9044220844905 59.8336656888326 68.065087000529 77.8843959172567 96.135954062144 109.877953926722 139.447629451752 153.74035636584 157.070924838384 160.988618930181 164.221713940303 166.925152142843 166.673183441162 168.513357639313 168.735206127167 164.679268995921 153.929313023885 139.067073663076 133.120447397232 147.468378146489 167.836785316467 179.357906182607 182.073136170705 184.738357861837 184.143284956614 182.512402534485 176.784674326579 172.759632269541 176.665842533112 186.142563819885 208.507935206095 220.94605366389 218.408048152924 213.848292827606 214.001615842183 222.704728444417 230.354309082031 225.373923778534 221.067845821381 214.662810166677 204.842964808146 191.018958886464 184.051831563314 190.188527107239 207.369148731232 199.112276236216 162.592281897863 153.463095426559 172.813097635905
26.1447802186012 27.9292638103167 32.350646952788 35.7314422726631 40.3995787103971 44.7865972916285 58.0952664216359 76.8768787384033 101.102222998937 122.455577055613 140.028397242228 156.337042649587 165.951629479726 169.27973429362 173.31999540329 179.657340049744 176.717559496562 164.876729249954 148.068010807037 140.917032957077 142.230699459712 145.154982805252 160.681118567785 171.983281771342 173.529426256816 173.682769139608 175.593475500743 175.636450449626 178.161084651947 183.635056018829 190.845886866252 209.644854068756 214.886029561361 212.546547253927 209.877371788025 212.30004231135 216.81938568751 217.509110768636 211.0262910525 200.148741404215 195.364514986674 188.273827234904 185.235738754272 197.491466999054 209.115068117777 202.596207459768 183.940132459005 161.417484283447 163.360198338827 176.645378271739
36.9478985667229 27.6841670274734 19.0662406384945 14.5320445299149 14.4658411542575 25.4373401403427 43.6475078264872 53.998460372289 63.4258886178335 69.9850469827652 95.6871012846629 125.128477811813 144.626319408417 152.196804682414 157.318492730459 162.179579337438 160.448531309764 155.634929736455 148.671527703603 142.962435881297 138.954023520152 137.045939763387 145.475516716639 156.482170025508 165.655136108398 171.56728108724 173.599819342295 174.992958704631 177.883823712667 178.504725297292 186.263183752696 208.147784074148 204.905529816945 207.557161649068 207.520266373952 206.246475378672 203.207393487295 200.594067573547 193.484763304392 186.030745506287 185.303032398224 186.379075050354 195.779879887899 208.941658337911 210.539837678274 185.230553150177 153.867195049922 145.05527416865 157.138168811798 175.769766171773
63.833291331927 48.6400822798411 30.8277308940887 15.3030020495256 10.498000929753 17.0724925895532 31.2634582320849 44.4063792626063 52.6092698176702 54.2504539092382 60.0670427083969 69.7056949138641 78.0301491419474 82.8920056422551 93.2693779468536 102.367430925369 107.515474160512 120.11640270551 137.928674618403 145.257790883382 147.978206475576 147.910167773565 144.403010606766 147.644360860189 153.889497121175 162.897795438766 170.413831869761 176.035682360331 178.862889607747 181.414902210236 192.835946877797 205.503284931183 196.908195813497 198.302865028381 199.79339838028 199.456572532654 196.730097134908 191.891193389893 183.321992556254 183.557947476705 184.579292933146 185.018479824066 188.651581605275 191.946883996328 189.348737398783 146.319091320038 127.077052990596 136.711517969767 156.801223754883 195.314625898997
73.8295863072077 63.190961877505 53.4249196449916 36.2963403264681 22.5775415698687 15.5210494995117 18.6741376916567 34.143162270387 45.2868044376373 50.8282979329427 49.7003893057505 50.2949853738149 48.2030063867569 45.4056411981583 44.9762692054113 55.0492207209269 66.7248020569483 81.8649133046468 102.494339148204 116.527706384659 127.561569213867 140.361964702606 133.917460838954 134.004215399424 140.415032704671 143.477042516073 147.719860076904 161.555469036102 171.46098613739 180.967430273692 192.632774511973 198.766668637594 187.118808428446 182.959417502085 183.8006178538 184.635678927104 184.72953637441 179.926455020905 174.862702687581 169.27033662796 164.390504360199 165.955513715744 174.205422401428 183.223366737366 179.880261421204 173.720935980479 183.440268039703 191.876371701558 204.17320728302 218.761841456095
87.5785847504934 75.4041423400243 69.0689335266749 59.0444753567378 42.7080690860748 23.8116607069969 12.8423571586609 10.3344631691774 27.3486798008283 42.2575970490774 51.3549049695333 49.6591677268346 44.3924615780512 39.1521503527959 33.046747247378 33.7273751695951 42.3021266857783 55.2259435256322 75.0120977560679 92.1532313028971 105.7242055734 119.315008322398 129.427164793015 127.876232067744 130.496035019557 130.759805440903 133.883903423945 138.868431250254 148.026843865712 165.642817815145 177.787085374196 180.085957050323 172.126750151316 166.570007801056 163.567443688711 164.431651433309 170.736908912659 169.474403063456 167.175749937693 150.284955898921 146.209418773651 153.834044933319 169.436494509379 181.800802548726 188.168406486511 194.240093231201 203.973650932312 211.150705814362 218.465010325114 219.790816307068
81.8397303422292 74.1212666034698 65.2390718460083 62.7597272396088 57.7133049567541 42.6555375258128 25.7384727398554 10.9349563717842 17.0512137313684 23.4700714548429 28.9844547708829 44.0620829661687 47.5249042113622 47.5459198156993 41.6479110717773 39.2825951178869 38.1393283605576 41.8818245331446 53.4417430559794 66.586563984553 80.3877810637156 94.0682093302409 105.845749378204 111.440479755402 113.301366567612 113.722175359726 115.742405255636 121.709764003754 126.599897940954 137.866864601771 143.859962622325 152.418563763301 151.777724424998 151.480853557587 151.296824216843 155.358056227366 157.666444778442 160.09912888209 161.969691514969 155.714809894562 160.84764401118 170.535544554392 178.487281004588 181.645850340525 179.590801397959 179.861426353455 184.980312983195 194.600741068522 206.0453693072 207.958002885183
62.9522502422333 60.6632033983866 54.551770289739 47.8823184967041 47.6317405700684 55.390939116478 41.9289320707321 29.1006192564964 16.4359832803408 13.3053002258142 17.3287813862165 28.9525836706161 41.3562208414078 57.2185218334198 58.0464402834574 52.9027928908666 46.0094610850016 45.4822729031245 46.3498930136363 49.8184363047282 56.8796892960866 64.2969061930974 73.9471664031347 84.5380028088887 94.1259066263835 96.6284275054932 98.3137091000875 103.200495243073 107.608666022619 112.933357556661 115.166445573171 117.435306310654 124.85604484876 134.283175071081 142.025689284007 146.251201629639 145.772665739059 150.357782840729 156.631807486216 166.875640551249 175.909380118052 180.623650550842 182.47644106547 181.613087654114 178.097148736318 177.616159121195 186.728358268738 197.076757748922 198.887785275777 196.48003578186
29.1492616136869 27.670885125796 27.0471970240275 30.8914507428805 24.3002747495969 31.5582032004992 31.7044580976168 30.7110200325648 22.6670354604721 17.1045735478401 14.2408944666386 17.4838167925676 31.0964435338974 45.3178683916728 57.5415790081024 53.2885144154231 51.7558058102926 49.4697590668996 45.736089348793 43.5791810353597 44.6445345878601 46.1517870426178 50.5754252274831 63.3718917767207 75.5525281031926 81.5917899211248 84.0896964073181 83.7349991003672 92.7739143371582 99.6747016906738 103.576689958572 105.765680472056 113.548308610916 116.457283496857 121.023545662562 131.639569997787 137.856741746267 143.045683701833 153.47753961881 171.259204546611 178.451359272003 179.10631497701 177.994926770528 176.798780759176 176.787972450256 182.769179344177 189.872701962789 188.136696815491 187.383373578389 193.452795346578
5.65589591860771 6.37682651480039 6.37207304437955 2.67163726190726 0.0537043476166824 1.09670947616299 7.08583183586597 18.7413915991783 26.8734196821849 26.6815572977066 19.5187106728554 14.9293107291063 17.9889475305875 29.4403086105982 45.1512187719345 47.1600592136383 54.5265376567841 56.0522178808848 50.69500207901 44.7693367799123 41.6139687101046 41.2446980675062 42.301153143247 49.5449006557465 57.8001141548157 64.9873812993367 66.2478903929393 69.6211010217667 73.4424491723378 78.0592362085978 88.1613592306773 92.4585064252218 97.0918238162994 98.6008644104004 101.84512535731 106.182416280111 121.611704428991 135.283728440603 143.548349539439 161.251097917557 167.806029319763 167.640447616577 161.702156066895 161.512802044551 163.05743654569 163.509637117386 168.470819791158 175.161560376485 178.774297237396 183.002968629201
1.28542461122076 0.490162870846689 0 0 0 0 0.00431618870303889 4.26793936640024 21.7857013146083 27.2618383169174 30.3742289543152 25.3463834524155 15.5389793217182 15.5186255772909 25.9834975004196 42.5636768341064 54.5712361733119 59.6397221088409 59.0412169694901 51.588848233223 47.7857639392217 48.6881484587987 49.3510862191518 51.7873068650564 54.0788471698761 55.5367966492971 57.4952115615209 63.1039688984553 66.0222272078196 65.5920753876368 67.4157440662384 76.1283338069916 79.9675534168879 81.5222014983495 85.0928028424581 90.2162094910939 99.0725060304006 110.435664653778 117.489755153656 135.636508464813 143.962144851685 146.105100711187 145.676265160243 147.383113702138 146.318813165029 150.256335735321 150.09617805481 153.479913870494 158.40819478035 163.621077934901
1.94985745474696 0 0 0 0 0 0 0 1.41634869699677 19.9198648333549 30.31109025081 35.3626012802124 31.6135212779045 24.5896528164546 24.2497324943542 38.0371262629827 49.193466703097 61.0029051701228 69.3359076976776 65.0215645631154 59.3954622745514 58.5243056217829 57.2134951750437 58.9202841122945 60.863917072614 59.6102178096771 61.8173778057098 67.3944403727849 66.2921965122223 61.1602365970612 62.2764527797699 61.8266264597575 64.910352230072 72.3179330428441 80.3925444682439 84.621528784434 88.3580446243286 92.3924843470256 98.2316633065542 101.796527703603 110.909402370453 122.49360481898 131.17449482282 137.578060229619 137.189288934072 144.597073396047 143.499135971069 138.261924187342 136.558244625727 140.55194457372
9.31535350779692 0.00842607793553422 0 0 0 0 0 0 0 10.7293377319972 30.0144205490748 45.6808805465698 54.0135900179545 50.5785793066025 37.6397768656413 36.0335657993952 39.3292034665743 49.7223486502965 61.9182089964549 72.1573283274968 73.6492375532786 71.646437048912 70.7240005334218 67.540908853213 69.400817155838 70.1142450173696 67.8590834140778 70.7831780115763 68.4534311294556 61.4174902439117 57.6500296592712 59.9222878615061 56.9632699092229 55.1744749148687 59.5757216215134 70.5693066120148 73.9794572194417 74.7010211149852 80.74651658535 81.2253256638845 86.1690044403076 92.2097067038218 106.148799260457 114.739795525869 119.914452234904 126.117646694183 134.742637475332 139.043778181076 134.508639574051 128.408888975779
9.75872079531352 0.583126326091588 0 0 0 0 0 0 0.43123164990296 1.46334587285916 19.2948877811432 39.0865008036296 65.6672020753225 70.3988075256348 56.9613327582677 38.9957378307978 33.7575525045395 37.0574668049812 48.9780356486638 68.2809501886368 81.1547040939331 79.0696839491526 82.4078172445297 77.0362466573715 74.8073011636734 76.8678188323975 76.2318472067515 71.3166644175847 69.5474445819855 70.1388617356618 61.2287720044454 56.998148560524 51.2406527996063 49.446294705073 45.1151033242544 46.8736638625463 41.9860283533732 44.5751796166102 55.6572178999583 61.5886002779007 67.5153434276581 73.8303263982137 75.382540623347 79.2885472377141 100.970596075058 108.4323823452 119.416097799937 129.563997189204 130.05194067955 124.235769112905
7.02675307790438 1.6071442514658 0 0 0 0 0 0.0157254871737678 1.24125842315455 2.041378368934 9.47363488376141 29.07378723224 50.3772596518199 64.9433036645253 67.7262445290883 61.1147979895274 55.6610375642776 46.3736603657405 41.2906805674235 48.7736960252126 68.0102209250132 82.1459790070852 87.0299736658732 86.1206948757172 80.4231067498525 82.0667594671249 87.7805848916372 81.3693503538768 79.158494869868 75.9028593699137 72.772279381752 59.9791705608368 50.4398892323176 42.4239685138067 34.4691077868144 36.6729820768038 30.7013193766276 30.6778848171234 30.9580142299334 42.9747502009074 43.2997892300288 45.2117919921875 48.6971884965897 52.8825372457504 66.6054586569468 82.8820168972015 94.6272015571594 103.305677572886 110.019624233246 116.54935280482
4.81535432239373 2.13593166942398 0.0339485244088185 0 0 0 0 1.73614888141553 2.97705363482237 8.44018968443076 11.9462187091509 21.5703869859378 39.5275801420212 56.9259723027547 69.2526002724965 73.9305118719737 72.8284517923991 65.9635861714681 53.8154194752375 43.090413014094 51.4165262381236 73.4121799468994 81.6506942113241 85.8022570610046 86.5090489387512 93.8696761926015 91.6389425595601 88.3562465508779 90.7838741938273 86.0832333564758 73.4906742970149 60.7528189818064 54.4991195201874 42.3507293065389 33.5377976298332 27.1368399262428 21.2506999572118 21.0026676456134 19.5421352982521 25.2778033415476 27.3834442098935 30.8153902490934 36.2423782547315 39.3612533807755 46.1812764406204 60.3997558355331 72.1599111954371 83.2550426324209 88.9614522457123 97.6106524467468
5.32197020947933 6.12416180471579 5.14499501635631 0 0 0.0692982915400838 1.52208671594659 3.7782642369469 9.60000231862068 18.7077981730302 22.2351898749669 25.3703917066256 35.7675204674403 45.9994971752167 58.6921473344167 67.5709495941798 73.8602330287298 76.0804663101832 74.1247882445653 61.1585080623627 49.043799440066 59.901903072993 69.4981813430786 80.2910973628362 91.050922870636 96.246212720871 100.959400335948 98.6912151177724 90.5684928099314 79.4593592484792 77.9211521148682 66.1427676677704 51.1831144491831 39.6459847688675 30.4918636878331 21.3579361637433 18.6027151842912 12.6372799277306 12.4708587924639 16.9537936647733 17.5003570814927 24.2688631018003 27.9796073834101 31.7657589912415 34.0143690506617 44.9388225873311 49.4367976983388 52.8385688861211 60.9143277009328 78.6460340023041
5.71273950239023 4.52435078720252 6.2984141210715 0.957821651051442 0 2.57269960517685 3.12503986060619 4.21900240083535 5.17665408551693 17.9844796657562 23.7841034928958 24.5476812124252 26.8682688474655 32.2140604257584 42.8224354982376 53.8047055403391 62.4520232280095 70.0894991556803 75.2873718738556 75.1269956429799 68.7092940012614 59.1001212596893 61.6669058799744 72.0423609018326 83.6520989735921 91.8236275513967 93.9692854881287 92.4891829490662 91.262956460317 83.4710299968719 69.642315308253 67.5617208083471 51.2111286322276 36.2712219357491 29.8353979984919 19.0267463525136 11.2343442936738 5.29388462503751 3.8645596553882 6.34971198936303 11.788122355938 19.5351801812649 23.5298822323481 26.5743980805079 28.4742514292399 36.7752437790235 38.848452270031 42.960246404012 49.4169890880585 55.8322668075562
9.22656742235025 3.83042171597481 1.44314222658674 2.9650383318464 1.04068972480794 3.17707719902198 2.68574307362239 4.69475891441107 5.86481516559919 14.7455011804899 19.0354151030382 19.3155308564504 18.9837515354156 22.2515910863876 28.4238730867704 38.3595029513041 49.9429851770401 57.1009914080302 66.4185732603073 79.4309924046199 86.5687827269236 77.1209398905436 77.2862285375595 79.0728827317556 80.5622637271881 84.2846731344859 87.9702071348826 85.9018564224243 80.0572882095973 80.6669493516286 67.9604858160019 50.1612921555837 35.2117866277695 26.8511424462001 12.7793289721012 7.40345443288485 1.85544074823459 0.390879654635986 0.0539174507139251 3.56317994495233 1.27035131057103 3.63551328579585 17.6063614586989 18.9656913280487 23.6182486017545 28.1508763631185 32.1995094418526 36.97236875693 41.3125281532606 42.151669661204
25.3776013851166 15.4414946834246 5.6781613578399 9.10755308965842 7.94522153834502 2.65616582085689 4.62224179257949 7.41191953420639 7.06285983324051 12.8943795959155 16.7392492294312 16.4924735824267 16.5666043758392 15.6417638063431 20.6205050150553 30.6797325611115 41.7201568682989 50.6396939357122 58.9763273795446 72.0795094966888 81.4859370390574 94.8094129562378 98.555455605189 99.2583235104879 93.2820339997609 83.3901961644491 79.2649040619532 74.7608890136083 76.9360313812892 61.6321961085002 50.392006834348 34.9143495162328 21.5015262365341 8.82012459139029 0 0.0276028149528429 0.0433558307122439 0.0416130933444947 0 0 0 0 7.84889236092567 8.65089272459348 16.6110980014006 22.3446587721507 26.806078851223 29.5854037006696 32.8010395169258 33.8720331589381
