input/barkrak2/radiation/dir09424.grid
NCOLS 85 
NROWS 70 
XLLCORNER 665100 
YLLCORNER 4664600 
CELLSIZE 20 
NODATA_value -9999 
[rows 40 to 59 of 70, columns 0 to 45 of 85]
217.984795570374 220.444321632385 219.232519467672 221.077501773834 230.136136213938 234.995643297831 238.576332728068 243.877589702606 241.383453210195 226.215163866679 210.992534955343 206.049740314484 205.010652542114 200.539171695709 198.903501033783 199.206372102102 198.099732398987 199.085811773936 193.89138619105 189.804673194885 193.978269894918 199.351867039998 202.682872613271 197.727898756663 195.173601309458 192.821621894836 202.842036883036 205.972254276276 210.638801256816 210.558931032817 211.616555849711 216.157595316569 212.880412737528 218.176007270813 244.911670684814 245.772143205007 234.090606371562 225.852847099304 228.793581326803 236.010313034058 250.274618466695 269.254326820374 238.196988900503 156.85627857844 93.4839844703674 64.65149919192
225.940366586049 222.901006539663 223.148683706919 222.243408362071 217.853307723999 216.40141805013 214.75613117218 214.625517527262 219.171365102132 209.681212902069 202.578544616699 202.716211477915 206.502834955851 205.270191033681 203.662514686584 201.713065306346 196.150700251261 203.328569730123 202.098210652669 196.973403294881 198.625266551971 199.488361676534 200.090368588765 201.730291048686 204.008142153422 198.146462440491 203.479985396067 207.341372966766 210.802098115285 212.048371632894 213.093320528666 216.151614983877 213.657140731812 228.868365287781 242.038130760193 231.994489828746 214.890201886495 206.762194633484 208.127359549204 220.05569934845 253.34370136261 267.580231030782 253.814001878103 203.298052151998 130.952646334966 88.4860654671987
229.450424512227 226.98175907135 229.547580083211 227.078239123027 221.052507559458 217.815021673838 213.693936665853 210.012753804525 210.148294766744 206.443170706431 204.675793647766 202.091972033183 206.529458363851 209.236343701681 209.12245909373 204.816619555155 200.407564640045 206.84802532196 208.079099655151 201.539238293966 198.213974634806 196.654518445333 194.619317849477 195.761342843374 199.938078721364 197.753409544627 194.06270980835 200.250963370005 205.074508984884 209.404647350311 210.151155789693 208.742658297221 215.27632077535 233.794391155243 239.649176597595 217.523535092672 196.085691452026 200.439969698588 207.608958085378 221.529901027679 232.038617134094 234.380900859833 220.749000708262 195.357382297516 142.714599768321 82.9728692770004
214.368999004364 216.929376125336 225.229978561401 221.944411595662 224.745591481527 226.995348930359 224.470496177673 219.819982846578 209.378759066264 206.943809986115 210.287690162659 204.329212506612 204.992413520813 208.040952682495 207.6176404953 205.403367678324 205.179909865061 208.382447560628 208.005428314209 203.233202298482 196.852703889211 194.231073061625 192.925214767456 191.276888052622 193.775574366252 199.337204297384 193.450431029002 195.868730545044 201.024889945984 204.567472139994 202.777008215586 199.093143145243 209.915061791738 223.565618197123 223.535140355428 197.694897651672 196.665187676748 207.030395666758 217.573463916779 220.161318778992 218.266506989797 213.817814985911 205.447475115458 182.177821795146 140.186736981074 86.5889390309652
212.194899717967 217.391312122345 220.756610234578 220.991392930349 222.764452298482 225.391745567322 224.438468615214 221.010506153107 216.200947761536 210.013171037038 211.92733446757 207.546452681224 204.023420810699 201.790928840637 200.716336568197 201.336264610291 196.054180463155 204.27668094635 205.399592717489 203.679203987122 198.557039101919 196.447312831879 196.625431378682 195.999602476756 192.623655001322 201.490998268127 206.166446208954 202.959477901459 204.078574975332 202.317615350087 196.747581164042 193.049689133962 199.59823290507 202.029844125112 198.829511801402 191.144506136576 200.754304726919 215.225478013357 223.969499270121 215.43687582016 214.318633079529 206.60666624705 198.1014808019 179.977536201477 149.899959564209 108.025828997294
217.482129732768 222.232898076375 220.066785812378 222.66036272049 221.492926279704 221.638600031535 222.100337346395 220.814108848572 220.3768491745 215.585927168528 214.515129725138 212.066690127055 207.575539747874 201.968053976695 201.483050982157 204.129258791606 197.972357273102 200.209756692251 205.222884813944 202.757875124613 201.167623202006 200.172622998556 197.908878326416 199.898560841878 200.135886669159 199.363509813944 208.228250344594 206.277946631114 203.742583592733 203.52570215861 197.997073332469 193.49459807078 196.667651335398 192.084451516469 178.600907325745 178.171654542287 190.724551677704 208.87303352356 212.349236011505 198.304136594137 201.94673538208 194.628338019053 189.626157283783 188.402732213338 177.470246950785 139.862537384033
216.716567675273 218.822677930196 222.063442071279 223.371624946594 223.514874776204 223.170399665833 223.840037981669 225.782553354899 222.395916779836 219.163258870443 217.804551124573 215.418179829915 212.031443913778 207.585116227468 207.097411155701 209.685643513997 205.130894978841 199.950794378916 206.108967463175 204.393943150838 202.684760093689 202.861547470093 200.786968072255 198.238591353099 205.846865971883 199.153780937195 200.197378794352 204.103767871857 203.525404135386 204.056620597839 201.319257418315 197.239995002747 195.582310358683 191.197792689006 187.144716580709 182.573914527893 187.950531641642 198.524355888367 199.671904246012 197.397689024607 199.28503036499 190.478841463725 193.29579671224 202.061633268992 198.923071225484 167.084515094757
210.833648840586 213.346600532532 219.432353973389 220.707853635152 224.555552005768 225.783189137777 222.423911094666 222.849130630493 221.51517868042 222.972293694814 218.242843945821 214.989364147186 212.072451909383 212.139884630839 207.683324813843 207.684715588888 205.340147018433 197.659214337667 202.63667901357 204.10297314326 201.871971289317 201.540430386861 203.219453493754 194.42355632782 197.872181733449 199.849168459574 194.574455420176 198.43848546346 202.658236026764 201.32831732432 201.403280099233 201.10164086024 193.885842959086 195.128162701925 202.635784943899 200.680494308472 197.736461957296 195.173978805542 198.909918467204 209.798177083333 202.424824237823 192.78617699941 199.6142466863 204.252262910207 198.029736677806 180.407563845317
203.085680802663 206.385135650635 212.729811668396 215.847412745158 222.33239809672 224.898457527161 222.320119539897 220.482607682546 222.113649050395 223.948240280151 221.068898836772 217.102666695913 213.485538959503 214.474240938822 210.170765717824 206.049104531606 204.123655954997 195.943037668864 201.551159222921 205.833156903585 204.156100749969 204.496502876282 205.383519331614 200.19672314326 197.479923566182 203.285733858744 199.004431565603 202.189167340597 207.9984943072 212.510506312052 216.451327006022 217.140078544617 205.95928033193 207.713782787323 212.29875087738 212.0614250501 211.174666881561 205.299317836761 203.69279384613 209.155281384786 198.317448298136 190.79319636027 187.92857726415 180.872082710266 182.162463665009 181.896110375722
201.769709587097 199.213226636251 204.517503579458 212.088704109192 218.023101488749 222.102344036102 223.931928475698 226.009329160055 224.963625272115 221.75395488739 224.201003710429 222.546935081482 218.855877717336 214.821577072144 211.669206619263 208.144783973694 205.020586649577 199.22286272049 203.993439674377 209.221303462982 210.052132606506 208.621084690094 206.793467203776 206.165273984273 201.572219530741 205.689152081807 206.093609333038 210.147142410278 216.46519502004 223.569015661875 232.487142086029 232.709407806396 223.288734753927 217.784782250722 214.873075485229 215.543846289317 216.0591284434 215.564866860708 209.254801273346 196.823080380758 186.147352059682 187.146345774333 185.124854246775 179.984668890635 176.666776339213 177.404443422953
204.273343086243 205.230752627055 207.797547181447 213.715275128682 215.60138463974 217.0756260554 223.698715368907 228.477954864502 226.993521054586 226.19225581487 224.340160687764 224.701444307963 219.487090905507 215.456386407216 213.999648888906 217.822829882304 208.847085634867 204.428791999817 204.98392979304 213.39213848114 214.012583096822 210.925698280334 206.89711968104 207.486013571421 202.515224615733 208.864410718282 212.363322575887 213.077584902445 217.922210693359 225.792686144511 236.010770003001 239.186406135559 231.912751992544 221.913476785024 208.926379680634 205.687741438548 210.994680722555 217.839936415354 210.083405176798 183.428883552551 180.773397286733 191.497445106506 192.17840830485 183.103203773499 181.929449240367 175.056060155233
202.603061993917 211.499611536662 213.899334271749 216.062565644582 215.87465206782 215.107798576355 220.772325992584 226.742208003998 225.142021973928 229.48294878006 226.332227389018 226.070205370585 222.207049528758 217.41243203481 214.210708936056 220.248520374298 214.614470799764 206.644237041473 203.736901283264 209.754407405853 210.471471150716 208.474675814311 206.165631612142 201.972365379333 201.458970705668 203.296641508738 207.932809988658 208.781222502391 211.040198802948 217.947940031687 225.484689076742 232.070724169413 224.894106388092 205.403347810109 167.399307092031 160.211424032847 183.333317438761 204.360604286194 212.100605169932 210.502982139587 207.992573579152 201.470633347829 179.420113563538 177.68919467926 184.161822001139 175.700227419535
204.007625579834 201.416949431101 202.067971229553 206.771870454152 213.278333346049 217.562476793925 216.139733791351 223.142027854919 221.56556447347 225.797911485036 225.515802701314 227.619051933289 226.022223631541 221.002380053202 215.4474457105 216.566463311513 217.268923918406 206.258118152618 202.706217765808 202.237248420715 201.732118924459 202.670713265737 202.868421872457 196.643054485321 199.759046236674 196.695645650228 198.204537232717 199.212988217672 199.161052703857 196.298321088155 204.985817273458 213.889877001444 201.370477676392 176.82284116745 142.537802457809 123.132328192393 134.052067995071 165.733814239502 198.83660475413 210.580865542094 212.141553560893 193.090081214905 173.484841982524 173.833211263021 178.973813851674 165.325005849202
209.476391474406 199.292163054148 194.940348466237 200.86658000946 211.871027946472 220.716575781504 219.900985558828 220.738192399343 223.310927549998 221.720774968465 225.000739097595 226.332386334737 227.230906486511 225.322067737579 219.541192054749 216.888546943665 218.181331952413 207.865635553996 202.692051728566 206.165790557861 205.306828022003 201.862752437592 197.832862536112 193.41641664505 194.64639822642 192.978461583455 192.468285560608 192.851225535075 189.140240351359 185.357173283895 176.173230012258 183.86713663737 176.476339499156 156.842847665151 141.270180543264 123.780012130737 104.809939861298 112.632731596629 136.523087819417 174.443701903025 191.650668780009 182.025114695231 172.455191612244 168.480674425761 160.954982042313 150.562445322673
210.988322893778 204.594095547994 200.237413247426 203.00434033076 213.608304659526 221.129755179087 224.596579869588 220.500588417053 224.847813447316 221.682588259379 223.956863085429 226.115425427755 226.754486560822 228.32977771759 222.216824690501 221.022208531698 218.817989031474 214.250564575195 204.321583112081 208.259383837382 208.393037319183 203.77113421758 200.772662957509 199.271301428477 195.159415404002 194.299916426341 192.161381244659 187.171399593353 185.628632704417 178.748985131582 169.249296188354 172.754049301147 168.768584728241 165.672441323598 165.499607721965 157.885104417801 132.35467672348 115.758160750071 106.33240143458 121.872802575429 156.471431255341 159.542193015416 148.775468269984 134.934663772583 132.111410299937 138.589560985565
215.82971016566 212.141772111257 205.597619215647 200.328787167867 205.898682276408 219.118555386861 221.373041470846 220.416824022929 220.183233420054 224.526186784108 228.827516237895 228.686372439067 228.335976600647 227.505842844645 223.686754703522 221.898913383484 221.923629442851 216.036140918732 211.692531903585 209.262907505035 207.361439863841 205.233216285706 205.289741357168 206.204613049825 201.445877552032 199.035664399465 193.148891131083 182.829260826111 176.238477230072 173.333287239075 172.501722971598 178.246478239695 174.671530723572 182.510852813721 189.157565434774 194.762746493022 188.918590545654 172.226866086324 152.04397837321 117.197583119075 126.2246966362 144.172430038452 143.184373776118 132.035950819651 134.220093488693 151.435772577922
218.241175015767 215.812047322591 212.594171365102 204.110463460286 203.477084636688 214.665214220683 221.01225455602 220.413625240326 218.874176343282 224.037329355876 231.04057709376 232.555588086446 227.930724620819 230.148156483968 227.712531884511 220.925569534302 224.579195181529 219.183166821798 213.860551516215 212.118148803711 210.578401883443 209.285020828247 207.672417163849 203.636129697164 201.214730739594 197.003742059072 178.193986415863 156.176547209422 150.394946336746 156.243026256561 169.791022936503 173.635005950928 173.337499300639 178.188999493917 193.147440751394 207.501490910848 214.600046475728 216.402689615885 205.073515574137 160.544107357661 131.618430217107 148.048420747121 164.211670557658 169.813732306163 174.023071924845 186.582207679749
217.477560043335 213.430345058441 214.631736278534 210.988342761993 205.852468808492 209.99942223231 220.548828442891 221.14884853363 218.563218911489 221.132556597392 230.851193269094 231.738130251567 227.91333993276 228.13618183136 229.228794574738 221.384088198344 221.690475940704 218.225340048472 214.475750923157 214.992980162303 217.297832171122 216.323614120483 211.355328559875 204.770982265472 204.063455263774 201.836446921031 184.716741243998 160.913149515788 156.849811474482 166.122337182363 177.844981352488 179.318388303121 186.465541521708 194.413701693217 206.405381361643 215.368787447611 213.24880917867 179.841578006744 166.024873654048 160.945018132528 162.696013847987 175.244311491648 177.884260813395 162.810822327932 152.791718641917 166.100601355235
206.651965777079 212.920864423116 213.413834571838 212.678154309591 210.309386253357 206.981778144836 221.230705579122 225.336035092672 222.381830215454 221.508721510569 228.733738263448 231.607973575592 230.701148509979 225.810388724009 226.373453934987 223.694185415904 218.803147474925 219.532489776611 219.021658102671 222.368776798248 223.305761814117 219.305356343587 217.388868331909 208.801945050557 207.921246687571 211.104989051819 206.087708473206 197.606841723124 195.274869600932 196.522335211436 194.936672846476 188.591400782267 200.315872828166 206.539511680603 205.984731515249 187.082171440125 168.910443782806 120.848913987478 97.7264245351156 130.607595046361 168.960293134054 185.072004795074 177.73958047231 164.478123188019 159.429997205734 167.779485384623
195.31238079071 209.924896558126 210.943202177684 211.58508459727 213.639954725901 208.351651827494 216.102878252665 225.67480802536 231.96679353714 228.105485439301 229.595998922984 230.373462041219 230.736533800761 228.408296902974 227.191170056661 226.022879282633 220.067540804545 218.73140335083 215.963006019592 213.787436485291 217.662076155345 216.703275839488 215.751826763153 214.18575445811 213.346362113953 220.307985941569 229.036788145701 230.933845043182 213.270564874013 210.241913795471 201.739331086477 190.209925174713 196.090817451477 183.184703191121 153.791507085164 125.349422295888 105.452080567678 93.8702722390493 83.7538441022237 92.7382707595825 116.03910724322 151.238391796748 176.218251387278 197.727382183075 220.497310161591 219.662268956502
