input/barkrak2/radiation/dir04724.grid
NCOLS 85 
NROWS 70 
XLLCORNER 665100 
YLLCORNER 4664600 
CELLSIZE 20 
NODATA_value -9999 
[rows 22 to 43 of 70, columns 0 to 48 of 85]
77.0798772573471 70.5620447794596 47.0234254995982 41.5167485674222 36.5928262472153 17.5991927584012 25.7816016674042 23.9102790753047 14.3395724395911 24.3651519219081 28.7986944119136 30.5382410685221 33.8519687453906 33.2945634921392 36.2403144439062 41.6825612386068 54.3247361977895 65.6351794799169 71.9135850667953 75.856606165568 80.8261086543401 95.43110926946 109.331339597702 114.939192930857 114.86961444219 109.081228574117 99.9240279197693 92.8654174009959 84.2960079511007 67.6408360401789 48.4533856312434 23.0845635135969 5.9130551914374 0.401078180099527 0 0.0164644673835331 0.227262149564922 0.244897111163785 2.01808257649342 2.44994663322965 0 4.09885309636593 18.3379376928012 15.9913636744022 35.904752711455 58.587983250618 65.3528521458308 68.3655639489492 70.7400639851888
112.828344106674 101.68864329656 65.9325172503789 47.6931830247243 41.3519740104675 41.0170629620552 37.4297176798185 27.5479505459468 14.4070809086164 15.64705123504 30.2271296580633 33.1383943557739 37.9975562294324 43.8959797223409 42.317067583402 43.1706657012304 52.4935970703761 63.7287696202596 69.203312198321 62.7495596806208 61.9668662548065 66.0213430722554 81.0043662786484 91.7420188585917 99.8788972695668 101.675311724345 94.1070516904195 79.5948207378387 67.787582675616 31.2845955292384 25.5292455355326 14.5622330407302 0.386577099561691 0 0 0 0 0 0 0 0 0 0 25.4721889893214 36.0562279820442 48.8540679216385 56.0159434874853 59.9108586708705 69.897914926211
112.042089303335 107.860287030538 84.37446753184 52.9265850782394 33.7621569633484 40.0958508253098 36.7806007464727 32.9788227876027 27.5105809171995 25.4464422663053 29.4016028443972 30.5479913949966 34.4821612040202 41.4389496048292 42.6308810710907 44.3748484055201 49.3086675802867 60.2914889653524 68.2451079289118 62.2343569993973 59.8080654939016 56.244283914566 66.2313203016917 75.1655250787735 80.8566013971965 82.3076665401459 79.2950143416723 68.7216619650523 54.8738390207291 24.1636112332344 17.5962671637535 15.0905959308147 2.72689387202263 0 0 0 0 0 0 0 0 0 0 43.8206096490224 40.6397903958956 36.0713601112366 46.9445039828618 57.423730691274 65.2869790792465
97.6723233858744 102.791547775269 95.8519478638967 62.9663169384003 34.3848417202632 40.2881825963656 46.5238392353058 54.6329418818156 51.8921911716461 43.5220698515574 37.992000579834 40.5571982264519 43.4257437785467 50.057311852773 52.9072135686874 46.4969923098882 49.4759778181712 59.8908811807632 67.8823639949163 72.3241070906321 72.0579475164413 67.2409286101659 65.5852456887563 65.3253694375356 69.0025339523951 72.3393112421036 67.4875279267629 66.4372742176056 41.0042330622673 35.8113969365756 33.7400287389755 39.5853370428085 32.5397104024887 0.188510147078584 0 0 0 0 0 0 0 0 4.42668298880259 37.3189598321915 35.8685453732808 37.2213274240494 36.8669430414836 44.0702190001806 45.7059343655904
96.3977674643199 102.11119055748 100.245267152786 73.0148553848267 49.5122075080872 56.9453140099843 68.3954705794652 77.8873115777969 82.5193872054418 75.373187661171 56.4962824185689 60.3573421637217 57.623232404391 60.8282387256622 65.0562644004822 54.9181799093882 51.7986317475637 63.0939304828644 70.8549569050471 84.1673115889231 84.6462746461232 81.1871985594432 74.210117260615 67.6621993382772 68.6982621749242 70.6886996825536 66.4329379796982 71.9410081704458 66.4577931165695 65.5161688725154 72.7538814147313 93.6998426914215 102.924704551697 81.3582638899485 4.32910677045584 0.256525895868738 0 0 0 0 0 2.6562608157595 25.2475043137868 27.1469329794248 24.6123125155767 30.1682998736699 30.3722868363063 33.4151784578959 34.0134426951408
98.3365873495738 96.8680183092753 97.2699324289958 79.6636740366618 78.2790432373683 80.3992251555125 90.0299747784932 94.2299564679464 94.100167353948 88.5655681292216 69.1501398881276 64.057245850563 62.8499041001002 62.3160948355993 69.799597064654 65.3127084175746 60.5796823898951 67.2829300165176 80.7372083266576 86.2855811913808 84.3303104241689 75.5789130926132 74.2684751749039 74.8685350020726 75.9372065464656 76.4329582452774 74.0145941575368 84.2687288920085 100.084563096364 105.607151985168 112.355569998423 120.802501837413 131.583392620087 138.742466767629 96.3803728421529 11.6584040224552 0.315973224739234 0 0 0 1.83118988449375 35.626674691836 29.0798544883728 16.9900022447109 17.7105727295081 18.6666448911031 16.6665116945903 23.2831314206123 25.552603105704
101.324180761973 89.1202986240387 90.0882283846537 83.4029217561086 98.8255441188812 94.156155983607 91.9695397218068 85.7858260472616 81.6562672456106 73.4829008579254 63.0881289641062 57.7577203512192 61.1351678768794 61.8760536114375 70.8679258823395 73.4683920939763 69.4243907928467 65.670778354009 77.5112956762314 79.224814971288 78.0547956625621 72.0122357209523 72.0828225215276 78.5968204339345 82.0928563674291 78.0082444349925 79.5333286126455 85.4793985684713 108.874430259069 122.549633185069 132.811546325684 140.193750460943 146.528700987498 148.949861526489 142.118871212006 65.8972958723704 0 0 0 0 4.328362022837 22.1188689271609 17.4464682737986 7.34944020708402 6.03577432533105 7.3209007581075 7.97857716679573 15.6396155556043 20.6514025727908
101.838787396749 82.9246540864309 83.90078941981 89.9513065814972 98.6137489477793 92.9674406846364 77.9876460631688 60.3516648213069 48.8961488008499 42.6372488339742 42.0447140932083 46.7253774404526 55.9016863505046 62.3656213283539 74.3540674448013 79.620361328125 76.7214397589366 63.1858706474304 67.8409188985825 70.9124008814494 70.7737853129705 71.9246069590251 71.835865577062 78.1573603550593 85.5446855227153 81.7691584428151 85.4555567105611 87.2799356778463 102.863520383835 126.743296782176 143.798291683197 151.722401380539 151.697764794032 153.885265191396 162.854085365931 144.062300523122 57.7278087536494 0.628871920829018 0.0265076184102024 0 0 0 10.3687805434068 2.30598325530688 0 0.878959273298581 5.09636104106903 13.2451429963112 17.9727114737034
99.5720028877258 101.198136806488 124.450753132502 159.118870894114 132.171660661697 99.1268754005432 68.0739482243856 43.6161011457443 33.9913492401441 37.4508301417033 32.9216842850049 32.8837285439173 52.5511205196381 62.6991142829259 75.7116079330444 84.7181379795074 81.3794533411662 69.2138771216075 68.9807633558909 73.6721108357112 70.4807192087173 75.8100648721059 77.8963317473729 80.2636047204335 87.8750284512838 92.2591785589854 91.5729800860087 94.4547156492869 106.71678185463 132.529775301615 151.988714933395 158.126960198085 154.275526603063 162.056664625804 172.252575556437 177.140355110168 150.037447611491 88.8163646062215 19.3253358205159 2.63031665235758 0 0 0 1.56425607080261 0.644587213173509 0.982113260154923 4.53024605909983 8.36114461223284 7.36623319486777
113.776713609695 149.410376946131 198.720614115397 220.326622327169 197.852492332458 142.636279265086 91.1294917265574 57.7423423528671 49.5290706555049 55.6098918120066 46.5511331955592 39.8875996470451 50.5366822083791 60.9917541344961 81.6363493601481 88.267316420873 83.6035907268524 78.4625212351481 72.0638334751129 73.9917109409968 74.5338747898738 77.4286687374115 81.3628534475962 82.1309338013331 88.9910658200582 101.558228333791 102.542479832967 109.379669030507 119.076242049535 136.484920978546 152.667472759883 160.957862933477 163.069913784663 170.937240123749 175.44949054718 176.590800285339 169.383307298025 149.899035692215 80.0015280644099 16.9216617941856 1.8700985237956 0 0 1.51774007827044 1.3002062526842 1.02027831599116 0 0 0
176.198164621989 212.107400099436 235.574662685394 237.382769584656 236.070116360982 209.13565158844 163.236558437347 121.768256028493 96.102108558019 83.9010576407115 80.5587222178777 66.6765918334325 53.0777474244436 58.2398623228073 81.7152510086695 88.8631939888 82.7332884073257 83.2499166329702 73.9145030577977 72.0738023519516 76.8314599990845 77.7805248896281 78.9983520905177 81.2326123317083 87.3098770777384 102.011690537135 109.48246717453 118.631978829702 128.203858931859 136.262595653534 149.608959754308 161.518553892771 163.241783777873 160.048454999924 161.837995052338 153.646369775136 155.066063006719 141.784429550171 94.2798554897308 38.2415304581324 9.31990829606851 5.26499934494495 2.39306113993128 1.57321182390054 0.728758362432321 0 0 0 0
226.724366346995 242.136895656586 244.025687376658 242.911537488302 246.855974197388 241.584400335948 219.251771767934 173.816839853923 134.224394957225 112.190395593643 112.140913804372 100.567152102788 72.6365745067596 68.0859784285228 78.3804754416148 84.4992697238922 77.8489013512929 78.0605177084605 72.490468621254 74.1661936044693 72.7165937423706 73.5789140065511 74.8489946126938 75.7877727349599 82.7745497226715 95.2130456765493 108.549296855927 113.962839047114 124.160220225652 135.981768369675 147.950698932012 152.524411678314 142.452458540599 130.670766035716 133.421709140142 116.379717985789 117.002218961716 101.220995187759 63.2771154244741 27.9617483417193 24.941844244798 15.7685826222102 7.20774134000142 2.0438510303696 0 0 0 0 0
238.109290599823 244.003971417745 243.408977985382 243.132293224335 243.687649567922 243.313988049825 236.384729544322 203.161835670471 155.074169238408 125.219335158666 120.767841736476 117.87889401118 100.583990414937 82.4648787577947 78.8439611593882 83.0014447371165 76.3417482376099 71.2733815113703 73.1629778941472 76.1058032512665 70.7725783189138 70.5624173084895 72.81294465065 75.1153628031413 79.3921947479248 88.2958869139353 100.013842185338 101.986447970072 112.413356701533 131.579299767812 140.90159535408 138.235280911128 131.427973508835 124.671161174774 116.41471584638 100.863426923752 105.17629981041 102.197657028834 81.6699117422104 44.5251961549123 36.3036195437113 36.0084225734075 18.9964411159356 3.44901718199253 0 0 0 0 0
232.867300510406 236.318210760752 231.606165568034 233.613749345144 234.232366085052 228.795806566874 224.377393722534 206.542293230693 161.876698335012 133.533130089442 125.565409660339 122.337092955907 114.955584208171 94.3168501059214 84.4301680723826 88.4647866090139 80.2923838297526 70.4569021860759 76.1108646790187 77.2097011407216 75.6700436274211 71.3040182987849 75.2008259296417 79.3877343336741 78.8148641586304 84.4136873881022 90.9082293510437 93.579759200414 101.977397998174 122.163077195485 132.858922084173 130.728056033452 133.825808763504 134.865701198578 115.001767873764 107.844938834508 112.775901953379 120.063682397207 115.066289901733 73.2092459996541 29.4453973571459 16.4497892061869 0 0 0 0 0 0 0
211.040695508321 214.589873949687 216.564536094666 212.443312009176 212.703665097555 210.49823363622 214.633345603943 210.400064786275 174.070020516713 140.919556220373 126.715034246445 116.503616174062 110.28931538264 93.1741793950399 81.01553718249 88.4414911270142 91.0355846087138 77.2855927546819 79.5824031035105 82.5723807017009 82.8303198019664 77.6310861110687 77.8639962275823 81.5370480219523 80.5388689041138 82.1272432804108 89.1263385613759 97.0182915528615 103.224694728851 117.775986591975 129.207789897919 133.242309093475 133.81881515185 138.349274794261 118.566731611888 119.091540575027 119.529445966085 128.379056851069 128.172894318899 87.1728459993998 17.4274742603302 0 0 0 0 0 0 0 0
189.266045888265 197.708606719971 208.689649899801 204.684456189473 204.346458117167 210.610906283061 218.116740385691 220.002055168152 195.906658967336 155.278821786245 131.466617186864 111.820717652639 98.7500150998433 87.5395139058431 77.4334569772085 83.1593970457713 95.2599147955577 85.7125719388326 83.0887258052826 86.2147510051727 86.4685277144114 81.8492472171783 78.8660744825999 80.963800350825 83.4309061368306 83.9499235153198 87.4863068262736 97.1450805664062 102.230876684189 109.656274318695 124.017715454102 134.773552417755 136.325895786285 128.327995538712 113.868842522303 128.881186246872 132.814069588979 137.129286924998 135.61075925827 108.9721818765 13.8098448514938 0 0 0 0 0 0 0 0
151.425103346507 163.247346878052 172.690172990163 177.160859107971 184.953510761261 200.67177216212 212.918480237325 220.463295777639 210.565547148387 177.460292975108 144.359717766444 113.958617051442 95.9737698237101 93.61865123113 84.3174358208974 77.612782518069 89.6288156509399 90.7668968041738 83.5294425487518 83.2049200932185 83.8216741879781 80.4921487967173 78.1731754541397 79.5199771722158 82.9064697027206 88.3108774820964 88.0802472432454 93.8993791739146 100.42279958725 102.799147367477 114.763379096985 131.145536899567 134.061386187871 115.244259436925 118.148068586985 141.24795794487 145.658572514852 142.257690429688 140.206178029378 135.613014300664 76.1343240737915 2.22340598702431 0 0 0 0 0 0 0
114.551256100337 121.344486872355 120.989849170049 131.464103857676 148.660530646642 166.085302829742 181.497037410736 192.488451798757 190.685093402863 166.462520758311 131.312876939774 105.946560700734 91.9357339541117 90.6210243701935 87.3676240444183 80.9248934189479 85.6989721457164 86.2394372622172 78.5722335179647 77.9810200134913 82.9382091760635 85.8460664749146 84.2188795407613 79.5937478542328 78.6541402339935 83.7166607379913 88.4196559588114 93.0468440055847 98.1435279051463 97.7492133776347 103.109806776047 117.915074030558 125.134934981664 118.523846069972 142.58133371671 153.166929880778 150.653809309006 143.135835727056 146.677096684774 160.174002250036 153.153369824092 87.4261657396952 14.5726092159748 0.318754503193001 0 0 0 0 0
103.00134619077 105.04228870074 104.387988646825 106.565028429031 115.770995616913 122.61884411176 126.044809818268 132.317692041397 131.252497434616 113.584756851196 98.108430703481 93.2999849319458 91.334601243337 87.599774201711 86.2007439136505 85.826963186264 84.6202572186788 85.3058298428853 79.5260270436605 78.2408863306046 82.8983386357625 88.4517629941304 89.8801287015279 86.6533716519674 83.0293744802475 81.252043445905 91.152548789978 94.7213967641195 98.3754297097524 100.109994411469 100.136210521062 107.657531897227 117.570261160533 128.131528695424 151.785989602407 152.743130922318 140.804429848989 130.459179480871 133.556286493937 152.004400889079 165.032804012299 159.165640672048 98.4509686628978 24.3817915519079 1.08176764721672 0 0 0 0
111.79718375206 109.414478143056 109.199732542038 108.62402121226 104.486932357152 102.104504903158 100.576092799505 101.396938165029 106.768866380056 97.4397957324982 88.9035860697428 90.7716453075409 93.8348869482676 93.3913290500641 91.0794834295909 88.2459580898285 83.877553542455 91.2538568178813 91.2676652272542 85.6666068236033 87.8101785977681 89.9869898955027 88.565727074941 90.5717015266418 91.5170311927795 86.3589545090993 91.7977591355642 95.99569439888 98.4136362870534 100.07714231809 102.964083353678 107.10738102595 113.655149936676 136.630356311798 145.494679609934 137.995819250743 124.635318915049 113.328516483307 110.927621523539 124.5137155056 156.536261240641 165.696491797765 136.07382774353 70.354292790095 11.6876102983952 0 0 0 0
117.179542779922 113.824228445689 116.88490708669 114.945113658905 107.883016268412 103.934029738108 100.7046798865 97.5107153256734 97.1587002277374 93.4965411822001 91.7679170767466 90.5908942222595 95.1867004235585 98.6954569816589 97.7041025956472 93.8903590043386 90.1373426119487 95.5097874005636 97.5115696589152 91.5257930755615 88.7280305226644 86.7958664894104 83.2011451323827 84.9218467871348 89.4164144992828 85.9361688296 84.0751528739929 89.1740520795186 94.4429139296214 97.3926285902659 98.6670056978862 100.958983103434 111.938774585724 134.164681037267 145.55303255717 125.642160574595 111.492276191711 108.589619398117 109.285453955332 119.534661372503 131.274322668711 133.564919233322 118.528127670288 80.1175137360891 21.3092987736066 0 0 0 0
100.233823060989 103.169023990631 112.111061811447 109.51691865921 111.97837193807 114.616374174754 113.059063752492 107.676227887472 96.6332058111827 94.7850545247396 97.7197686831156 92.9728945096334 94.0231382846832 97.7810323238373 98.9889601866404 95.6206917762756 96.5622862180074 98.4652539094289 98.5387861728668 92.7045941352844 86.7862204710643 84.0611159801483 81.4917236566544 81.9207926591237 83.5281908512115 87.342490752538 83.423246939977 86.1710111300151 91.6321476300557 92.6763415336609 93.1448737780253 90.3358558813731 103.082199891408 119.085977474848 125.575264294942 114.390552043915 109.286397695541 115.02406001091 118.494242429733 120.522618293762 115.471859773 114.529252052307 107.546786467234 78.5792917013168 31.821350256602 0 0 0 0
