input/barkrak2/radiation/dir05824.grid
NCOLS 85 
NROWS 70 
XLLCORNER 665100 
YLLCORNER 4664600 
CELLSIZE 20 
NODATA_value -9999 
[rows 21 to 41 of 70, columns 0 to 47 of 85]
56.1696936686834 43.5346166292826 32.3454091946284 45.6219017505646 41.3448338707288 21.9722936550776 24.3051871657372 31.2437613805135 37.0741685231527 39.4308889905612 41.8342898289363 44.5598016182582 44.8690801858902 43.4835950533549 52.3120760917664 62.9420032103856 77.2120157877604 88.7260933717092 98.9615321159363 113.197108109792 122.421264648438 137.424925963084 141.672263542811 141.412069400152 135.065853595734 120.981733004252 113.370249668757 105.061521132787 120.767245690028 105.208764473597 86.005558570226 65.9219920635223 43.0750995874405 33.8123366236687 14.4239130119483 9.48218380411466 15.5730719367663 26.7745405435562 44.9394832054774 52.0224670569102 60.9914710124334 69.8007096846898 70.1398948828379 60.6881330410639 81.8372865517934 94.289759794871 99.9902288118998 103.064358234406
97.2113410631816 90.864102045695 67.6435728867849 63.6404156684875 58.3873242139816 33.7242434422175 39.2819320162137 39.1364693641663 35.5053395032883 37.0565007130305 43.0955936511358 45.6871489683787 48.607995112737 49.5992849270503 53.3035645882289 60.2539479732513 73.5606054464976 83.3156406879425 91.5707051753998 94.9700574080149 100.400179624557 117.005666097005 129.938473304113 135.516266028086 135.586341222127 130.073855320613 114.079684019089 107.406556606293 98.9697277545929 79.2592664559682 60.838058590889 33.3000446359316 16.1064739028613 2.21115521465739 0.978195884575446 1.32166516656677 6.75341300666332 13.5209212700526 22.0003575086594 19.5837977031867 28.616393605868 53.7594060103099 39.0900845328967 35.4212398330371 63.14650674661 85.3268305460612 93.0614670117696 96.1447954177856
132.966816425323 122.034102678299 87.6040756702423 70.2672551075618 63.4717891613642 60.0752433141073 53.3472746610641 40.7238950332006 33.2391907771428 33.4186752637227 44.2935824394226 48.4546422958374 53.126389781634 63.8856887817383 60.0659549236298 62.3973806699117 70.678765575091 81.5540303786596 88.797003030777 81.1264415582021 81.8521579106649 86.2421989440918 101.227134466171 113.632361094157 121.704926093419 122.491876284281 108.944356441498 105.226159095764 82.2531680266062 41.2059550484022 34.035158654054 23.7307747205098 2.51451724519332 0 0 0 0 0 4.6584972490867 6.5075612316529 1.95462675765157 0 13.9185475806395 44.5911635955175 59.9827617406845 78.5086552302043 87.8031452496846 93.3180848757426
132.122576236725 128.106037775675 106.577267249425 75.4031240940094 55.3564329942067 59.4009757041931 53.180327018102 47.5082000096639 40.4197027285894 37.7493550380071 41.0246923565865 45.2740689118703 49.5869467655818 59.6956710020701 60.5399161577225 62.3225619395574 67.3770358165105 79.3292224407196 87.894340356191 80.9580187002818 79.7254343827565 76.0362247625987 86.730569601059 96.1298644542694 101.879596710205 103.365997473399 94.983438650767 91.0502076148987 70.9511041641235 33.4398100773493 26.5931040048599 24.6861279010773 8.74497306843599 0 0 0 0 0.0843686575535685 0.173706367301444 1.42499773452679 0 0 5.50176141162713 67.6401853561401 72.7443943421046 77.2598882516225 83.4314922491709 91.5829241275787
118.045955896378 123.130400975545 116.253326336543 85.1361354192098 56.4505457878113 60.5160047610601 64.0549510717392 71.9849665959676 68.2318061590195 58.4962020317713 52.6355753342311 58.4074159463247 59.2745741208394 69.4223741690318 68.9725975195567 65.1516715685527 68.1646118561427 79.7156790892283 87.6357356707255 92.7629470825195 92.8669373194377 87.9046122233073 85.8334998289744 85.1089060306549 89.4854068756104 92.1556651592255 87.1852934360504 84.5642288525899 63.2875065008799 46.5170045693715 47.316720088323 54.3654362360636 47.0575441916784 3.73506670196851 0 0.280075434905787 0.381812647295495 0.538737202684085 0 0 0 0 16.9910155236721 74.4363218545914 84.6005578835805 82.7236324548721 84.3636492888133 87.3089830080668
116.837501525879 122.467895348867 120.665808518728 95.2656169732412 72.6144860188166 77.4697959423065 86.6365631421407 93.1074917316437 99.8176534970601 92.3826893170675 73.1144994497299 77.1129628022512 74.0647564331691 82.6812833547592 85.0846568743388 74.6063788731893 71.2939898173014 81.5250476201375 92.1975572903951 105.601688226064 106.330811977386 103.491594394048 95.5376327037811 88.3739590644836 89.3055101235708 91.9056832790375 86.6952935854594 90.1725888252258 80.945094426473 81.1373690764109 90.809166431427 113.690336545308 123.077978690465 102.397491534551 20.2878688772519 4.59289054075877 3.71784127006928 3.45455172161261 1.06431334279478 0 2.41145833084981 14.8900200923284 52.1572232246399 74.0936100482941 81.3937038183212 72.3781734704971 74.0124632914861 72.7951029936473
118.765423695246 117.319941520691 117.743879556656 101.411521434784 102.692365646362 102.0521124204 111.408829689026 108.790318171183 111.207962036133 105.860561132431 86.2059394518534 78.380157550176 82.0188522338867 81.971933444341 89.0700022379557 84.5368802547455 78.9858599503835 86.7133835951487 102.012266715368 109.568059444427 106.117526690165 96.3401893774668 95.6420997778575 96.0936943689982 97.105065981547 98.2649922370911 95.4102873802185 102.133403221766 117.654542128245 123.546997706095 132.266004880269 140.71003595988 151.001026233037 163.561155398687 120.892306168874 26.2302408615748 7.88594844440619 4.86364960670471 2.35889821002881 0 13.1340858836969 69.4819390773773 69.6572065353394 63.1678601106008 63.3228917916616 57.678813735644 59.1530998547872 60.288260380427
121.68491880099 109.393805265427 110.534568627675 105.649123589198 123.714576164881 115.756372610728 107.231815656026 103.057454029719 99.008043607076 88.2644057273865 80.1445096731186 74.476346373558 75.4031886657079 81.4864089091619 90.3850893179576 94.4223602612813 88.3817474047343 84.5507184664408 98.8354086875916 101.418773333232 99.5399355888367 92.1839376290639 93.0339097976685 99.6248126029968 103.870848814646 99.9507407347361 101.605534553528 105.263561010361 127.57729490598 141.203264395396 153.906981150309 162.865608930588 165.32572110494 173.65022500356 167.546470959981 90.9370382626851 9.03553639849027 1.47893745452166 0 0 24.2189715305964 62.2524619102478 55.0568054119746 37.0592226584752 38.4826312462489 37.1552233894666 39.1394446293513 53.4343669811885
122.02125787735 102.649251619975 104.197760423024 113.002588351568 123.090664545695 114.26850159963 93.4714575608571 77.2627294063568 65.2432839075724 58.9745392402013 58.2017699877421 63.085859020551 72.2720474004745 85.3817959626516 88.9185468355815 100.503285725911 96.3394045829773 82.3151667912801 88.9344811439514 91.4760231971741 92.134694258372 92.2525525093079 93.4221744537354 100.589414437612 107.572376728058 103.315899769465 106.883297363917 106.648921966553 122.728089491526 145.598520835241 164.987613757451 175.256530443827 175.71763197581 177.356660366058 188.204805056254 171.3494459788 81.1844021081924 8.28908011317253 4.75249501566092 5.1212627440691 21.6220418612162 33.2462663451831 38.1621991594632 20.9158733487129 17.0323625206947 19.6975891788801 32.9068476955096 51.8822769323985
119.072020053864 121.408353249232 146.540423234304 184.135297934214 155.360728502274 118.467400471369 84.3058129151662 57.4117749929428 46.856830517451 51.2227068344752 47.5567132234573 47.4065542221069 68.880836168925 85.4522188504537 97.1317489941915 104.54186797142 103.056967258453 88.5488788286845 90.2872979640961 93.4212108453115 91.9852058092753 96.0722963015238 99.3704199790955 101.967026789983 110.187480847041 114.554405212402 114.150534073512 113.903343677521 126.424968242645 151.599625746409 174.560606479645 180.984497070312 176.904857158661 185.526410738627 199.182530244191 206.519246101379 180.148879686991 118.360867102941 41.8106863896052 16.4117577175299 7.95388842622439 8.59499660631021 25.808942814668 18.0101754764716 13.1726674735546 15.5237888296445 28.4173587958018 46.7542608579
134.55456495285 171.285967032115 220.669249693553 242.084900538127 222.9216893514 164.195775985718 112.459540367126 75.6842543681463 63.8574411471685 70.6385870774587 61.1479183038076 52.8557896614075 66.7570332686106 77.0277082920074 102.762122948964 108.525663614273 105.483969052633 100.882927576701 93.8090284665426 95.2662726243337 96.562514702479 99.6741155783335 102.441291014353 104.612529277802 110.186278820038 124.748865763346 125.828891992569 131.778707106908 138.851225376129 158.57857465744 175.156613190969 183.807770411173 187.129656473796 194.178422292074 200.60267051061 202.462593714396 198.151151339213 187.516947587331 115.312397480011 40.0051151712736 15.2511323491732 16.2331896523635 18.3605030179024 20.3831531107426 15.5050369600455 18.6464190483093 24.0991562604904 30.9245909253756
197.630405426025 233.380595842997 255.289534727732 256.450931231181 256.338238716125 230.18358151118 183.802326520284 143.262088298798 115.771512190501 103.197465340296 97.7396766344706 81.9414208332698 69.3592329819997 74.3245681126912 103.155682484309 108.578781286875 104.34702038765 105.249226093292 95.5392420291901 93.9634044965108 99.2759068806966 100.224604209264 102.686693271001 103.583564360936 108.753154675166 125.20025173823 133.431404829025 141.596555709839 150.681763887405 158.224006493886 172.841350237528 185.068368911743 185.255448023478 183.416028817495 185.575524965922 172.097106774648 173.417528470357 160.86999575297 120.175540447235 62.838226556778 29.5029605428378 27.6147400339444 22.0768501361211 20.0736522674561 10.0592871507009 12.7188302576542 16.5300145745277 8.76883851985137
246.129314104716 260.429243246714 263.319889704386 261.189063390096 263.51010799408 259.443084398905 237.808505694071 191.993514696757 152.059495449066 130.565861860911 130.263090133667 117.372930049896 91.5628770987193 88.1213049093882 100.468516349792 105.287492275238 100.46441356341 102.488388617833 95.4014658927917 96.255749464035 95.1501925786336 96.6088970502218 96.3137944539388 98.1966157754262 105.571707089742 118.697047233582 131.358514229457 136.961569388707 146.862636009852 159.291823705037 171.772996584574 175.00114440918 161.508977413177 150.302728017171 152.967552344004 136.468857526779 137.045194705327 121.709009011587 83.4567546844482 48.1503258148829 51.4493683973948 47.3674883445104 35.5486745635668 12.6441319783529 6.7442295451959 2.55077052861452 1.71770869443814 0
256.659388542175 261.364221572876 261.120835940043 259.941856066386 259.873231252034 260.309338569641 255.050837993622 225.579162438711 174.556891123454 144.00194088618 141.412874062856 138.454596201579 121.896078189214 104.14731502533 102.650890747706 104.989935954412 98.5828042030334 94.0880477428436 95.8416561285655 98.9157060782115 94.518502553304 93.317965666453 95.2652792135874 97.638597091039 102.172712484996 111.62402232488 122.600416342417 124.653935432434 135.084688663483 153.311510880788 163.652102152507 158.361434936523 150.858720143636 144.494116306305 136.526683966319 121.207743883133 125.464270512263 122.56666024526 102.704991896947 69.9242651462555 71.2931305170059 78.1078735987345 59.0164015690486 18.3013342320919 6.56925514340401 0 0 0
251.474857330322 254.238923390706 251.885374387105 253.551125526428 253.63024075826 250.229040781657 245.564341545105 228.662689526876 182.659208774567 155.269722143809 146.124442418416 143.647571404775 137.63036330541 115.104556083679 107.275346914927 111.362765232722 103.245476881663 93.2053724924723 99.0988413492839 101.338932911555 98.4895825386047 93.9895510673523 99.2327531178792 103.638609250387 101.667483647664 108.857115109762 114.271700382233 115.94158411026 123.603731393814 145.031869411469 155.616809924444 151.900162299474 153.170764446259 154.182732105255 135.059138139089 128.077397743861 132.947822411855 139.993538459142 135.292549928029 103.246480226517 65.4117365678151 62.2225453456243 14.1339326898257 7.52663984894753 0 0 0 0
232.448617617289 235.671480496724 237.412611643473 233.41691493988 233.689606189728 232.459664344788 236.702779928843 232.840577761332 197.678208351135 162.351499001185 144.308090209961 135.730008284251 133.955538272858 114.634146293004 103.143672148387 112.303922573725 113.339155912399 98.986009756724 102.760622898738 107.27200905482 106.121867895126 100.527276595434 100.711246331533 105.969170729319 103.496799866358 105.17672697703 112.395703792572 119.417717059453 124.811917543411 139.625678459803 153.224358956019 155.534217755 154.516994953156 157.953321933746 138.37871948878 139.015098412832 139.55416282018 148.0440000693 147.913962602615 113.152792056402 42.927473783493 9.51311302681764 0 0 0 0 0 0
211.041748523712 218.63200267156 228.57799132665 226.338485876719 226.097921530406 231.735606988271 238.34236462911 239.736179510752 216.742952664693 174.024979273478 150.518367687861 130.322804053624 118.667632341385 109.67081785202 99.3698438008626 106.266677379608 118.093301852544 109.340359767278 105.122218529383 108.271857102712 109.958191712697 105.004608631134 101.780196030935 105.349798997243 106.563617785772 105.757097403208 110.728253920873 120.74680129687 126.011908054352 132.550736268361 145.75398961703 157.246748606364 157.165467739105 148.150394360224 133.711099624634 148.449947436651 153.95309527715 156.479438145955 154.817581176758 129.314412673314 32.7567706505458 0.917581375688314 0 0 0 0 0 0
174.319326877594 184.408287207286 193.575878938039 199.26655292511 206.614236036936 221.302509307861 233.696798483531 240.207314491272 228.601098060608 193.42440366745 159.718990325928 134.201943874359 117.3322002093 113.860656817754 105.331699053446 100.050568580627 112.512211004893 111.956586440404 105.594575405121 105.133046706518 107.188791036606 103.597621122996 101.155539353689 102.503379185994 106.007238229116 110.292414824168 111.370176076889 117.376138766607 124.164799849192 125.443915526072 136.548519134521 152.635226647059 154.72740928332 135.0091000398 138.66792122523 162.299374739329 165.740917126338 161.363919576009 158.983727296193 154.841929674149 98.7857480843862 12.3770895103614 0.143795633145298 0 0 0 0 0
137.018809715907 144.431412220001 143.147706985474 154.28767601649 171.35888338089 187.94039885203 202.501237392426 212.24041779836 211.130638917287 184.569994608561 152.987112601598 127.98073887825 113.669276237488 110.96860965093 107.6853175958 102.035184701284 106.993138790131 107.365409533183 99.1850793361664 100.179423888524 103.573471307755 107.914199431737 106.060842672984 102.575808763504 101.495822270711 105.500241120656 113.040496905645 116.517126560211 123.11714887619 122.706224521001 125.664254029592 140.610933303833 145.753810803095 138.261695702871 163.21521004041 175.377269585927 171.5047955513 164.013544718424 166.065980990728 180.361171563466 175.77052116394 109.544267257055 28.9270430803299 4.63587045669556 0 0 0 0
125.725676616033 127.630760272344 127.472788095474 128.622432549795 138.528366883596 144.282817840576 148.34001660347 153.105864922206 152.53601471583 134.368360042572 119.36750014623 114.464769760768 112.18003431956 109.313617149989 106.475551923116 106.978793938955 106.013039747874 105.586628119151 99.0882615248362 98.7723072369893 103.264560302099 108.896344900131 110.436300436656 107.336262861888 104.809661706289 102.854828039805 114.654203255971 118.313938379288 122.041871150335 123.826056718826 123.776574929555 132.42252667745 138.988127311071 149.048219124476 173.855006694794 173.605422178904 162.443608045578 151.354104280472 154.450049002965 170.198520024618 183.814505736033 178.976515928904 122.345864772797 41.5845861037572 6.28753068546454 0.100664192965875 0 0
134.433726469676 132.262885570526 132.528036832809 130.832552909851 126.475065946579 124.842544396718 122.205714384715 123.577962319056 127.536525328954 119.068413972855 110.362003246943 112.161209185918 114.958782990774 114.18209473292 111.35146021843 109.486311674118 104.008108377457 112.851242224375 112.384180227915 106.096188227336 108.128627141317 109.052121639252 107.851137717565 111.331721146901 112.040778001149 106.556534767151 113.773316144943 118.176211913427 122.102032105128 123.794098695119 126.80118282636 131.976534922918 137.757003307343 156.373739242554 169.087727864583 160.856346289317 145.505080620448 134.243994951248 131.838629643122 144.437183936437 176.079630851746 183.379213015238 157.76139497757 89.5401040712992 23.3153427640597 3.99996805936098 0 0
