input/barkrak2/radiation/dir09324.grid
NCOLS 85 
NROWS 70 
XLLCORNER 665100 
YLLCORNER 4664600 
CELLSIZE 20 
NODATA_value -9999 
[rows 20 to 39 of 70, columns 0 to 45 of 85]
93.8911934693654 81.3988347848256 88.390717903773 112.595975399017 106.94545507431 90.9058650334676 85.3603978951772 96.6165363788605 109.358876943588 121.020525693893 129.575083653132 126.517474651337 121.53223156929 128.610680500666 137.657294670741 156.115154425303 168.095707893372 179.198483626048 194.4260597229 212.272802988688 217.709342638652 205.688933531443 206.10382159551 208.372215429942 208.741148312887 209.543585777283 208.402136961619 213.739196459452 209.171672662099 203.107496102651 208.549122015635 202.231963475545 203.925093015035 192.155162493388 187.76015440623 194.264928499858 193.695505460103 195.286631584167 199.875692526499 205.178300539652 205.806950728099 206.421951452891 210.088709990184 202.08865404129 208.22282632192 212.745944658915
124.001890420914 113.450268904368 109.946886698405 137.456764777501 133.903046449025 93.9763685067495 94.3477749824524 105.74937860171 114.693065484365 123.282074928284 120.512495438258 123.879214127858 120.269199212392 121.587137381236 130.476534366608 145.417342583338 159.753819306691 173.106789588928 184.431552886963 200.654546419779 210.406680901845 221.498191356659 227.308392524719 222.81022866567 213.105936845144 202.054381370544 188.71545791626 190.591235955556 194.575647513072 180.486400922139 174.633781115214 146.66740099589 129.127522309621 117.3162261645 137.70999511083 159.526268641154 168.841203053792 187.020341555277 199.255704879761 200.602352619171 198.382993539174 196.518778800964 189.698199431101 170.417944590251 195.361455281576 208.441456158956
172.143201033274 170.199553171794 154.510716597239 158.172865708669 157.071908315023 116.932213306427 119.430601596832 116.552859544754 114.275167385737 117.67108241717 120.28048435847 123.828649520874 130.63633441925 132.593760887782 134.038418531418 142.572671175003 155.769159396489 169.367134571075 178.804337978363 181.859930356344 186.268508434296 202.163557211558 212.533374627431 213.771422704061 211.969653765361 204.745948314667 186.057647069295 177.791992823283 177.968541781108 160.215695699056 137.78156042099 93.7477648258209 65.9243563810984 56.609441836675 58.5028976202011 86.5705907344818 110.991815725962 150.870243708293 172.618726889292 182.985583941142 189.803302288055 191.971520582835 162.195334831874 136.467486619949 172.194341818492 204.462945461273
207.503040631612 200.47394434611 173.083921273549 164.73243633906 162.629783153534 155.113438765208 140.070805946986 119.490911563238 110.368976990382 114.201287428538 124.717980623245 129.843821128209 137.983351945877 148.557186126709 145.364940166473 147.121538718541 156.515727440516 166.655778884888 173.939148585002 166.327397028605 165.825764338175 170.503616333008 184.627215067546 193.452378114065 197.616259256999 192.909081776937 178.960998853048 173.396547635396 153.42445174853 120.311150948207 86.9912505149841 72.1894105275472 39.6903877456983 8.25359299778938 4.76551552613576 18.4137883285681 52.9047052065531 81.9018582503001 100.058575471242 120.937804381053 127.51438220342 121.039052804311 123.290240764618 150.665630896886 162.049849828084 193.422257900238
203.251242637634 201.141854127248 187.82772620519 168.407281239827 153.533677260081 154.556731383006 141.55192176501 132.893979549408 121.139933665593 117.313653230667 123.192340135574 124.397079149882 137.082437674204 147.734721501668 147.771775722504 147.147844235102 154.808978239695 166.879216829936 174.459377924601 164.508153994878 165.66397746404 160.597085952759 170.482079188029 175.077756245931 176.9992907842 175.654451052348 164.51832652092 152.190079291662 133.784294128418 90.6234482924144 74.4748910268148 71.4168399572372 48.6638794342677 8.27526363233725 4.20701007048289 18.1835666298866 37.0175093412399 52.4248778820038 64.1343047221502 71.4556624492009 73.2017507155736 65.9874131282171 93.4770305951436 179.273327191671 183.677911758423 195.20233074824
190.371930599213 195.853312810262 195.986827214559 173.239509264628 154.154439767202 154.612561066945 155.032336711884 161.485403776169 158.413430054983 148.087004820506 134.972631931305 145.827194054921 150.971869627635 159.936010837555 159.887284040451 153.644293546677 155.047992865245 166.123390197754 172.536055246989 177.354216575623 180.609186490377 174.924075603485 170.959532260895 166.932662328084 166.503032048543 166.519910097122 158.600201209386 144.072423378626 122.606714566549 106.416086355845 104.380567868551 115.62975247701 110.416611035665 50.1311073700587 24.4249626994133 34.9733953674634 40.0854870676994 49.6508032083511 57.6153794924418 56.4183195432027 50.2318094174067 52.263875802358 102.040658394496 181.433002154032 201.450407505035 206.299006938934
190.12713432312 195.2303647995 197.497129440308 179.975807666779 171.198487281799 173.050979773204 181.393663088481 187.352220217387 196.622510751088 188.882231712341 165.781358877818 172.147889931997 172.731459140778 177.257398764292 174.199144045512 162.242045005163 158.401697874069 170.538345972697 176.344633102417 191.538214683533 194.056332111359 190.75608253479 179.942965507507 169.319947560628 167.860170205434 169.081230958303 158.828357855479 150.093376636505 137.898047765096 142.305930455526 157.902101675669 183.647791544596 192.330876986186 180.553396542867 112.616121768951 58.9321752389272 54.3462336063385 58.0307394266129 60.0456943114599 53.6433905363083 70.9075033664703 106.574316819509 144.902527332306 179.889837900798 198.568483193715 204.137802124023
193.105041980743 190.493742624919 192.277630170186 183.416525522868 201.924045880636 199.493030707041 203.58278354009 201.898117860158 207.890391349792 206.23521010081 183.476130167643 176.749289035797 174.229800701141 177.380979061127 179.391880830129 172.944823900859 167.903145154317 176.82158946991 188.662171363831 195.253074169159 192.700107892354 182.459890842438 176.836470762889 177.623530228933 177.699347337087 174.372255802155 169.725716114044 165.064712365468 170.154233773549 183.765550454458 200.029909610748 212.758700052897 220.064202944438 232.299904028575 210.250576337179 113.563378651937 72.8089958429337 64.2476131518682 59.3418578306834 51.7797519763311 99.5061695575714 181.159377098083 172.095199426015 160.32150387764 173.958559830983 173.629303773244
194.220721721649 181.934316953023 184.303919474284 189.01926279068 224.011699358622 211.506128311157 201.812148094177 194.715480009715 195.358375708262 189.75971142451 176.649510860443 165.83048303922 172.102391719818 176.794032255809 180.908620357513 183.67878595988 178.773462772369 172.644555568695 183.545609315236 185.42617559433 185.275276501973 176.973621050517 174.935003121694 182.032505671183 184.115469455719 177.286485830943 179.683645566305 176.296591758728 179.158767064412 196.803589661916 217.502574125926 231.162190437317 236.443817615509 237.312773863475 240.937411785126 187.49996026357 85.2076709270477 51.6080359617869 35.6545795996984 47.2579151391983 114.995141824087 171.041587988536 159.462074438731 121.459027131399 125.292629003525 122.120956579844
185.774922370911 174.000362555186 178.216596444448 198.436439037323 224.471350510915 209.363023440043 186.764101187388 165.765921274821 153.37003270785 145.900537570318 147.052178780238 151.004741589228 162.113646666209 177.477538585663 182.91175365448 187.352339426676 184.589028358459 171.077092488607 174.612541993459 176.949659983317 177.123347918193 177.574992179871 177.90679136912 183.527191480001 187.993625799815 181.860188643138 185.034354527791 179.557224114736 177.775740623474 203.696489334106 227.369507153829 243.165850639343 241.564850012461 239.80716864268 250.823199748993 246.270775794983 175.276060899099 84.5022996266683 62.026376525561 69.3648407856623 102.154831091563 122.230688730876 134.899695714315 95.4953829447428 89.911421140035 98.6691216627757
185.335318247477 190.704822540283 219.941775004069 264.28210735321 253.864169120789 216.187278429667 179.892659187317 147.350579500198 132.168044646581 136.878361304601 130.445857842763 126.06813510259 150.7348716259 175.6751537323 186.674892902374 194.351712862651 192.349155743917 179.704010486603 178.429941336314 181.045015652974 178.989211718241 183.777054150899 186.17457151413 187.893788019816 191.374580065409 194.057703018188 193.582971890767 193.00764799118 192.530294259389 212.269365787506 236.521542072296 248.112440109253 244.009991486867 249.842902024587 260.318319002787 264.59405819575 255.173563957214 218.681951363881 136.510183413823 93.9695636431376 84.0146740277608 86.4964028199514 104.017466306686 85.9411557515462 84.9427382151286 104.875147342682
203.519364198049 239.371120929718 280.651311079661 300.319453080495 304.030517737071 260.401944319407 210.361421108246 168.666541576385 156.382908423742 160.05939245224 149.221946795781 136.139740546544 152.288357416789 172.853966554006 191.366950670878 199.564735094706 197.295626004537 191.024521986643 184.246977170308 185.257136821747 185.523887475332 189.971586068471 192.767143249512 192.155202229818 195.094068845113 207.317650318146 207.271873950958 209.28963025411 211.600005626678 222.894887129466 239.618241786957 249.252994855245 252.14014450709 259.847382704417 266.850272814433 261.570493380229 259.415507316589 267.779628435771 218.430757522583 136.400649944941 92.5550659497579 90.7971858978271 94.407856464386 89.8089706897736 107.680569092433 134.002476930618
259.325524171193 288.920402526855 301.774978637695 299.546341101329 312.651515007019 306.780020395915 275.204400221507 238.056898117065 202.92862256368 195.755402247111 191.455086072286 171.163161595662 156.222631533941 173.332969347636 195.483426253001 201.31250222524 197.076320648193 199.998954931895 187.277634938558 185.173412164052 190.282901128133 192.302982012431 192.967772483826 192.726751168569 197.96081384023 210.440218448639 216.731250286102 224.066317081451 224.510967731476 227.455198764801 241.340418656667 253.106892108917 252.22518046697 250.771502653758 254.006644090017 242.412686347961 245.034456253052 244.49082215627 211.24122540156 158.869922161102 121.99146548907 110.094825426737 96.1361130078634 94.9533184369405 111.556311448415 139.242867628733
288.678546746572 302.189886569977 300.216833750407 290.932536125183 298.323214054108 308.92143646876 301.376461982727 269.850413004557 239.666322867076 223.330318927765 223.597248395284 206.029216448466 184.827009836833 181.98823928833 193.510671456655 198.94023736318 194.440344969432 195.964773495992 188.051005204519 190.27578830719 189.322829246521 191.159586111704 189.324418703715 188.79908323288 196.146011352539 207.090278466543 220.341086387634 222.837825616201 223.818103472392 232.488294442495 244.597554206848 246.100028355916 233.572363853455 224.909464518229 227.803289890289 208.422303199768 207.884649435679 196.14706436793 164.140919844309 139.661053816477 150.915523370107 138.353923956553 114.40568168958 97.8535711765289 99.9879837036133 120.31285961469
298.153440157572 301.312188307444 304.543753465017 296.012461185455 294.110238552094 300.582766532898 308.80868434906 297.734002272288 260.834733645121 234.067638715108 226.076106230418 222.863296667735 212.806026140849 199.692646662394 193.511287371318 196.238100528717 191.780726114909 187.815427780151 188.360492388407 192.698061466217 187.859813372294 186.91082795461 189.581195513407 190.599143505096 193.432211875916 202.003459135691 212.184846401215 212.054133415222 217.050194740295 231.328705946604 240.460832913717 233.022570610046 220.464428265889 217.713038126628 210.389693578084 192.395726839701 195.953766504923 193.761587142944 180.779536565145 165.288289388021 170.640031496684 172.927558422089 148.820032676061 131.386458873749 113.843182722727 108.75611503919
305.52351474762 305.946787198385 308.574477831523 306.840578715007 299.955010414124 299.52214161555 306.613922119141 305.272738138835 271.139939626058 238.377432028453 229.108532269796 228.657762209574 229.557653268178 209.65313911438 199.233174324036 200.969735781352 195.282896359762 185.942828655243 190.334578355153 193.642775217692 189.608693122864 186.761875947316 190.021634101868 193.753600120544 191.993435223897 197.649836540222 203.384737173716 201.971570650736 209.795673688253 227.93193658193 234.066367149353 227.777083714803 222.989400227865 223.959883054098 205.918769041697 198.798219362895 204.635123411814 210.261185963949 211.86109383901 197.585165500641 156.490643819173 156.353871027629 144.249578317006 129.914482434591 113.70728413264 95.1417485872905
300.06351073583 301.410734653473 304.191629091899 303.522785504659 297.17226823171 293.363730112712 300.354441006978 305.006543795268 278.528372446696 242.878933747609 227.72079706192 224.465370178223 224.303325017293 204.333047072093 194.898724555969 201.916654904683 205.164750417074 190.115948518117 194.228529930115 198.539475599925 195.876518885295 188.455621401469 190.091947714488 193.825364112854 191.24311208725 191.383798917135 199.217180411021 206.594884395599 211.497604846954 224.597990512848 233.639180660248 230.562150478363 224.476198355357 225.078403949738 206.552902857463 209.159096082052 212.324102719625 218.341489632924 219.381292661031 199.835658073425 132.78724749883 106.778045495351 90.6992654005686 85.1031641165415 79.7758599122365 80.8754463990529
289.0611688296 294.260919094086 300.510207811991 299.695690472921 295.581181844076 296.593725681305 302.308976650238 307.290176550547 291.99876387914 253.869652748108 231.656491756439 214.533627033234 209.621926148733 197.303632895152 187.080323696136 194.63845094045 205.384890238444 198.087990283966 193.866709868113 196.901698907216 198.602636655172 193.511545658112 190.085570017497 191.951970259349 194.582243760427 193.34610303243 198.202729225159 207.332650820414 210.596303145091 216.598649819692 227.780699729919 233.227650324504 228.093047936757 205.48274119695 200.20192861557 217.982927958171 225.789089997609 227.706710497538 221.291661262512 208.88473590215 129.420101642609 74.0053355693817 54.7134876251221 37.0415846506755 50.8919656276703 57.4591954549154
259.004394213359 268.217980861664 275.163233280182 278.648376464844 283.666729927063 292.750477790833 298.537830511729 303.760329882304 295.274376869202 261.734147866567 239.753683408101 219.599703947703 206.718504428864 204.257984956106 194.809973239899 189.837515354156 202.11140314738 203.124543031057 195.019443829854 194.209277629852 196.27833366394 192.322214444478 188.053369522095 189.210375150045 194.299360116323 198.25812180837 197.438538074493 204.29257551829 209.106008211772 211.51347955068 219.546357790629 231.46512111028 224.434653917948 200.083692868551 205.79602320989 233.53773355484 238.69268099467 232.406814893087 223.053256670634 221.983035405477 187.390685081482 101.873606443405 55.3939243157705 43.9037680625916 44.4753219683965 42.5930072863897
226.794242858887 233.482003211975 232.075691223145 241.950829823812 256.412108739217 269.505282243093 280.196070671082 287.708957990011 285.015483697255 264.164249102275 238.215287526449 216.392020384471 204.223970572154 202.881455421448 199.6248960495 192.236721515656 196.854074796041 198.654691378276 190.105636914571 189.302166302999 192.461490631104 195.048371950785 194.668889045715 189.342538515727 189.731955528259 193.447947502136 199.190060297648 202.121456464132 208.269556363424 207.528213659922 211.291670799255 221.015572547913 215.429743131002 202.770988146464 231.26091559728 248.197297255198 243.233998616536 235.096335411072 230.386277039846 238.054235776265 251.147309939067 216.638227303823 132.039388020833 83.6443205674489 61.4520361026128 41.7889058589935
