input/barkrak2/radiation/dir05224.grid
NCOLS 85 
NROWS 70 
XLLCORNER 665100 
YLLCORNER 4664600 
CELLSIZE 20 
NODATA_value -9999 
[rows 22 to 43 of 70, columns 0 to 47 of 85]
85.8825842539469 79.4896930456161 55.8556814988454 50.9958912928899 45.5897351106008 24.0288153290749 31.0164839029312 31.2950660785039 18.3930819233259 29.2138308286667 34.3493670225143 36.5423361460368 40.0414119164149 41.6033715009689 43.2267934083939 50.0284532705943 62.3662769794464 75.5360225836436 80.736185113589 85.1669808228811 88.9090398947398 106.77307844162 117.855777343114 123.497615257899 125.144849220912 116.233309110006 105.463802814484 99.724272886912 90.3311769167582 72.8983481725057 54.6003977457682 27.5441780686378 9.62026106814543 0.917093285049001 0.161645545934637 0.313274213112891 0.715825473889709 4.19179691622655 6.03557502230008 9.16554220020771 14.8166691263517 16.5028907358646 29.5636852582296 23.132120569547 44.6819812059402 69.4183011849721 75.2853850523631 81.2115122874578
121.623158454895 110.559225082397 75.3217041492462 57.3935310045878 50.5529393752416 48.7915525833766 43.7144835789998 32.6146706938744 19.5466441412767 26.0867650310198 35.6475164492925 39.1792307297389 44.3085332711538 52.3871729771296 50.313264131546 50.9640127420425 59.5513731241226 72.247584660848 77.97671854496 71.3895261287689 70.5802539984385 74.7330188751221 89.3952151139577 101.689169804255 109.698474407196 109.027902285258 100.056370099386 96.0946281750997 74.2630958557129 34.2213958501816 28.6651353041331 18.6533766488234 0.886077915007869 0 0 0 0 0 0 0.721867429092526 0 0 0 33.0956255396207 49.0351021289825 60.3662331899007 70.105234781901 74.1824011007945
120.887200037638 116.769691308339 93.1922594706217 62.6426041126251 42.8443849086761 48.1115281581879 44.7612901528676 38.6218279600143 32.444621125857 30.1139305035273 32.8655193249385 36.2790673971176 42.1443581581116 49.3023494879405 49.9896258115768 50.9024957815806 57.8861931959788 69.8492527008057 77.0307779312134 70.0754076242447 67.7620321512222 64.1857484976451 75.047492980957 84.7364068031311 90.2289847532908 91.7410453160604 85.8017007509867 76.3366123040517 62.5392347574234 27.24406371514 21.4683239658674 19.0140468378862 5.32566259304682 0 0 0 0 0 0 0 0 0 0.231965289761623 56.8257719278336 60.5009992917379 58.6444040139516 66.9402529795965 71.688507994016
106.710821390152 111.785819133123 104.754745960236 72.6106961568197 43.7314013640086 49.1145352522532 53.6139309406281 61.4830851554871 60.4823728402456 49.2813984553019 43.6288714408875 48.666924238205 49.9508331219355 57.6188117265701 60.0723425547282 55.2156170209249 56.3230365514755 69.1332270701726 76.7014026641846 80.4045995076497 81.0728371143341 77.4665971597036 73.978990316391 74.6657848358154 77.2491147120794 80.7673235734304 74.4061172008514 74.8864312966665 45.1088796059291 40.2428259452184 39.9692927797635 45.9388544162114 38.7191971143087 1.17019672567646 0 0 0 0 0 0 0 0 10.1200472563505 63.1078680356344 71.3820556799571 67.447950442632 67.4587388833364 71.9477583964666
105.461299419403 111.11506819725 109.198798735936 82.8556517759959 59.3579113483429 65.3596123059591 75.8956025044123 85.0952764352163 92.255433400472 82.1392436822255 63.0103300015132 67.1249528725942 64.4527127345403 70.9751347700755 72.4038183689117 63.0501012007395 59.8097890615463 71.6684559981028 79.7969897588094 92.6320354143779 94.0192341804504 92.0340021451314 82.7874739964803 77.6808112859726 77.8040190537771 80.5088977018992 75.9403059879939 80.5227359135946 72.9264418284098 72.4990516901016 80.7252575953801 102.511743704478 111.882338921229 90.5599594116211 10.6416704754035 1.46847094098727 1.32808120300372 0.527331527943412 0 0 0.329761377846201 6.75879294673602 40.7866835594177 56.6330154736837 53.0682255824407 53.1104058027267 56.3131670157115 60.7225994269053
107.353250185649 105.934917926788 106.317112843196 89.1484916210175 89.2732044061025 89.2571806907654 97.5996156533559 101.335187753042 101.023554801941 95.6237117449443 76.0187854369481 70.9043890237808 69.785142938296 72.5965102513631 75.8253087600072 72.9725907246272 67.0969784259796 75.9717524051666 89.1342560450236 96.3819921016693 93.7390923500061 85.5832795302073 83.5305054982503 85.1918657620748 85.2826535701752 85.7534011205037 83.2842290401459 92.2527114550273 107.536256313324 113.861550887426 121.202816565831 129.494885603587 140.030195315679 148.64648381869 107.286204894384 17.6675021648407 2.89482685426871 1.35797106971343 0 0 3.99515777826309 54.6237627665202 56.855171918869 31.1121294895808 25.8444199959437 32.1793009837468 33.0835382143656 38.6128301421801
110.335499048233 98.0389416217804 99.1272926330566 93.1123892466227 110.417515039444 102.941522995631 99.3413031101227 95.5281754334768 88.6295437812805 80.5843422810237 70.0065046548843 64.549575249354 68.0434008439382 69.8901663223902 81.0103118419647 83.4358334541321 76.0507434606552 74.2950588464737 86.6837799549103 88.5053773721059 87.3823364575704 79.52548066775 80.8682292699814 88.5407427946727 90.9817119439443 88.0964398384094 88.9867047468821 94.1380461057027 116.972754398982 130.911747614543 141.17302497228 149.985452493032 154.533753792445 156.879772742589 154.872159163157 77.1208306153615 1.81307674696048 0 0 0 15.7049571474393 43.9706742763519 39.3149902423223 11.5899344285329 15.0303182502588 14.7296922902266 16.0507547358672 24.314358830452
110.806177059809 91.5773510932922 92.8060611089071 100.035200516383 110.179841518402 101.605812708537 85.2780838807424 66.9458458820979 55.275946855545 49.0565101305644 48.3792026837667 53.2672653595606 62.6880278189977 69.2107280095418 80.9299151102702 88.8041456540426 85.8208040396373 71.5789000193278 76.3624409834544 80.0581773122152 79.4425954421361 80.0553162892659 81.0893128315608 88.7223680814107 94.573567310969 91.3498799006144 94.653199116389 95.4542458057404 111.73011859258 135.134359200796 153.628408908844 161.697467168172 159.518222014109 163.568685452143 175.426264603933 158.167064189911 68.1905051072439 3.25623713433743 1.80737907066941 2.53130961209536 6.14887103438377 6.00261241197586 17.3599397142728 4.7777925307552 3.72169353067875 5.13083829234044 13.0702058474223 24.6833215157191
108.205795288086 110.135932763418 134.263833363851 170.165916283925 142.668455839157 107.949882745743 75.4242191712062 49.8275657494863 39.7224624951681 41.8580869833628 38.5916183392207 38.5032345851262 59.2135091622671 71.4378207921982 83.794246117274 93.152125676473 91.5959179401398 77.8769652048747 78.0173043409983 82.481528321902 79.7178347905477 84.8540663719177 86.7256025473277 90.5705392360687 97.0639884471893 102.061371008555 101.395010948181 102.973292271296 115.513225396474 140.875279903412 162.397801876068 168.114999930064 164.187699556351 172.932624816895 183.518807093302 191.417356332143 166.787187258402 104.211827119191 31.9137175877889 10.2853576342265 4.31214024623235 3.89982325335344 7.94748092691104 3.73595890899499 1.94585773472985 5.52786576251189 12.6394306619962 21.7369794845581
122.604747613271 159.209201733271 208.740095297496 230.40360212326 208.607375621796 152.535736560822 99.7694730758667 64.8561865091324 56.0115029414495 62.5491241614024 53.1596839427948 45.7431375980377 59.197261929512 69.7744935750961 91.5481944878896 97.8054702281952 94.533105691274 87.7553919951121 80.9222211440404 84.0705633163452 83.9350918928782 88.193953037262 90.6138022740682 91.3769702116648 98.468283812205 111.24308904012 112.34325170517 119.483570257823 127.657433350881 144.766489664714 162.505308787028 170.913596947988 174.253543217977 181.035876274109 187.256336212158 186.452706654867 180.682480335236 172.518531481425 101.212193568548 29.7262196739515 8.68117188413938 5.08351779232423 0 4.64186258614063 5.06603873024384 7.06015837689241 10.2786105126143 8.22009146213531
185.881733894348 221.923112869263 244.878709316254 246.41231695811 245.656629403432 219.043433666229 172.82646894455 130.418042341868 103.892664114634 93.9678251743317 88.4285867214203 73.4388927618663 61.8393172820409 66.9893324375153 92.5914446512858 97.7363884449005 92.6002462704976 93.9497749010722 83.2774738470713 82.5525273879369 86.0763986905416 87.2548818588257 89.6452069282532 90.6350314617157 96.8931714693705 112.115621566772 119.729568560918 128.980080286662 136.529525121053 145.389219125112 159.712314605713 171.719412008921 171.999176343282 170.190831025441 172.106126944224 161.404639482498 162.784020105998 149.732013543447 102.33598947525 49.8539507389069 19.7726314266523 15.7959920664628 5.57674902180831 3.88251834859451 2.54599424079061 0 1.89801041657726 0
235.816200574239 250.877360502879 254.275798797607 251.051624615987 253.258248170217 250.227669874827 225.43853521347 182.454705238342 142.602344353994 120.704809824626 120.571225881577 108.399411042531 82.6331377029419 76.1039654413859 89.1908208529155 94.1035449504852 87.2875154018402 88.8490875562032 82.7376991510391 84.6048692862193 82.1757068236669 83.2639634609222 84.589292605718 85.0663185119629 93.5395359992981 105.15421628952 118.793825308482 123.063703378042 133.441845575968 146.084199349085 158.231476942698 160.227060317993 150.567134221395 139.107922712962 141.768078009288 125.175396601359 125.804255406062 110.246916611989 72.1163501342138 36.5271444121997 37.5424822171529 30.2776743968328 12.2114717960358 4.54674505939086 2.0432616584003 0 0 0
246.948103109996 252.396881580353 251.967370510101 251.301983992259 251.587828000387 251.574516296387 245.369533697764 215.261399745941 164.199968179067 133.956670761108 132.067372401555 126.02636218071 109.099139769872 91.2388761838277 89.7191961606344 91.7148490746816 85.6559872627258 81.9743623336156 82.8795979420344 86.8521630764008 81.3339054584503 81.5321753422419 83.3379626274109 84.5993757247925 90.1789565881093 98.1070001920064 110.101739565531 111.034005880356 121.681223313014 140.833646059036 151.206950346629 147.29231595993 139.866371949514 133.272528648376 125.17652908961 109.898070494334 114.194571971893 111.246844132741 90.7643834749858 55.4430385430654 47.6264903942744 45.5228835344315 26.2861450513204 7.03529641032219 0.926579348742962 0 0 0
240.792671839396 243.909517923991 241.21884504954 241.156737009684 241.811513900757 238.232553005219 234.329720338186 216.893156369527 171.559810638428 145.238210757573 133.704056342443 130.814294020335 124.014685551325 101.612130800883 94.0396289030711 97.7576076984406 89.8122886816661 81.2881936629613 85.8693321545919 87.9950324694316 85.2011541525523 80.8374732732773 85.9184861183167 90.2218619982402 89.6073281764984 95.3489641348521 100.753376881282 102.577249209086 111.14842693011 132.430603106817 142.008304595947 140.705088774363 142.20009247462 143.221795558929 123.828440904617 116.81146423022 121.659984191259 128.816584746043 123.859385649363 83.5980872313182 36.9788929820061 32.8919862707456 1.46107266967495 0 0 0 0 0
220.22807598114 223.633170127869 225.429932276408 221.307098865509 221.728106339773 220.669070879618 224.893629550934 218.837062517802 183.823625246684 149.501274029414 134.985129038493 125.404487053553 120.033353567123 101.30853454272 89.2596443494161 98.8809168338776 99.8699863751729 86.9495868682861 89.2600019772847 92.2837456067403 92.5319989522298 87.1419608592987 88.7178778648376 92.4683213233948 91.4061665534973 91.7761524518331 100.036044915517 106.988449891408 112.302670876185 125.763992468516 139.500826597214 143.303920825322 143.525203069051 147.178033987681 127.3153424263 127.847810586294 128.273606300354 136.941721041997 136.747787396113 97.5410044193268 22.8233362237612 2.33968937148651 0 0 0 0 0 0
199.167927106222 207.268516222636 217.836022377014 213.871041933695 213.692247867584 218.409677346547 226.715882619222 228.221754233042 202.998757362366 164.128909508387 140.363911787669 119.050214687983 106.970340013504 96.1502492427826 87.2065524260203 92.2969082991282 104.133506615957 95.5950617790222 91.5256142616272 94.6172773838043 94.8004722595215 91.4795200030009 88.3930126825968 91.8689568837484 93.0877427260081 93.6414500077565 97.2452362378438 108.305076758067 113.48295211792 118.70343486468 133.16410779953 144.928822914759 146.16271853447 137.273887793223 122.724483410517 137.412309646606 141.96973045667 145.458191633224 143.972257773081 117.79127518336 19.8639072477818 0 0 0 0 0 0 0
161.705762147903 172.214905420939 181.535800298055 187.17223405838 194.79380051295 210.112015406291 221.70619169871 228.708962599436 217.739264170329 183.677077293396 151.511877775192 122.038195530574 106.172362963359 102.607538302739 92.9899712403615 86.525152126948 98.6857712268829 99.5230575402578 91.9826924800873 92.9593443870544 93.5666263103485 90.118408203125 86.4409804344177 87.7850254376729 92.5362805525462 96.7348913351695 97.851167122523 103.774686654409 110.440939664841 112.990369399389 123.968144257863 140.204727649689 143.752763668696 124.135911464691 127.066214879354 149.430930614471 153.704613447189 150.432427724202 148.384143908819 143.986145655314 85.6404602527618 5.43233007192612 0 0 0 0 0 0
124.908407529195 131.625572840373 130.475848913193 141.66072010994 157.790680726369 175.962309042613 191.05190038681 201.537092526754 198.995093504588 174.746672312419 140.201677878698 115.100761254628 102.163632710775 99.6463100115458 96.3707566261292 89.6728237469991 94.6169495582581 94.9861506621043 87.0757202307383 88.0735913912455 91.4354125658671 94.3053364753723 93.9412315686544 89.1677935918172 88.160773118337 92.0974512894948 98.1483260790507 102.900932232539 109.38706000646 110.298375288645 114.535450935364 129.26055987676 134.060204029083 127.445250749588 151.530742645264 163.312256336212 159.535904725393 152.092595895131 154.669423898061 167.568643887838 162.225117286046 94.6164727210999 19.4655184944471 1.69996094579498 0 0 0 0
112.806389729182 115.3837343057 114.620834589005 116.745094458262 125.896433989207 131.827702124914 136.001934607824 141.031930843989 140.792657931646 122.862378756205 107.545485099157 102.682699759801 100.574950377146 96.6584185759227 95.1823095480601 94.5700307687124 93.6096409956614 93.1628743807475 88.182141383489 86.7592394351959 91.2351409594218 96.8052744865417 99.7466643651326 95.1769948005676 91.3698673248291 89.5179907480876 99.5469093322754 104.610910018285 109.65504248937 110.088954369227 112.684428691864 121.060341596603 127.204358577728 137.550940116247 161.877502997716 161.602040131887 151.585916678111 140.217194954554 143.357614676158 159.803469975789 172.34218120575 166.388382514318 108.372112115224 31.7995995283127 2.7475580573082 0 0 0
122.200965881348 119.28450067838 119.549671808879 118.13751856486 114.633907874425 112.183531125387 109.791070222855 111.236949761709 115.496188402176 106.019794940948 98.3995795249939 99.2610951264699 103.20171713829 102.614194154739 100.073754787445 97.0270832379659 92.790295680364 100.243637959162 99.975456794103 95.4754551251729 97.6170102755229 98.4601378440857 97.128172715505 99.1114179293315 99.9147295951843 94.6098367373149 100.112011035283 105.91122508049 108.355561892192 110.02121369044 114.335695902507 119.533280531565 126.40521923701 144.548863172531 155.633320411046 147.884716590246 134.0105732282 123.006800810496 120.001047849655 133.163154125214 165.396392345428 172.865013281504 146.636039018631 79.4745584328969 17.3378462592761 0 0 0
127.202719449997 124.324351549149 126.708845297496 125.303566455841 117.707749207815 114.199390014013 110.737870136897 107.3812743028 106.862604618073 103.17995150884 100.519190231959 99.9681055545807 103.506008783976 106.861263513565 105.625569820404 102.946877479553 99.0504821141561 104.334145784378 107.667555411657 100.046555201213 97.1480409304301 95.3415135542552 91.7377869288127 93.343327442805 97.8150765101115 94.2115088303884 92.4402077992757 98.9296933015188 104.292949040731 107.274790604909 108.543813228607 111.914803584417 124.600321054459 148.033519585927 152.926156918208 135.168413321177 120.482554038366 117.926687002182 119.29381887118 129.44370508194 139.627983172735 142.750958601634 127.183735370636 89.5382463932037 28.3295412858327 0 0 0
110.773573319117 113.70129386584 122.551093498866 119.424134492874 122.398187716802 124.352385600408 123.267690340678 117.671380440394 106.53414328893 104.581346114477 107.384065786997 102.353046337763 103.34438085556 107.052167256673 107.120990753174 103.580147027969 104.234953721364 106.003562609355 107.413113117218 101.348529259364 96.6887374718984 93.9201315244039 91.2546118100484 90.3877218564351 93.2183563709259 97.1057911713918 91.8231904506683 94.5880711078644 100.128869215647 102.444559335709 102.921277284622 99.9243855476379 112.884610891342 132.87353515625 138.609667619069 123.021751642227 118.193984031677 123.968740304311 129.104693730672 130.460540453593 125.701566537221 123.771180709203 116.495668888092 87.8124137719472 39.5731528600057 0 0 0
