input/barkrak2/radiation/dir02424.grid
NCOLS 85 
NROWS 70 
XLLCORNER 665100 
YLLCORNER 4664600 
CELLSIZE 20 
NODATA_value -9999 
[rows 0 to 22 of 70, columns 0 to 50 of 85]
70.205872257550595 85.4654908180237 103.944639364878 127.348204453786 146.242250998815 147.021641333898 146.550049384435 144.498566786448 142.525941133499 145.836512247721 146.585444609324 142.717142899831 138.183335463206 138.914873202642 137.280523777008 123.71368209521 111.051082611084 101.573427518209 99.9323725700378 100.496580203374 108.320792516073 126.192182302475 147.36936489741 152.159084876378 156.686494747798 166.766842206319 165.306548277537 156.095743179321 148.709853490194 151.048918565114 147.285242875417 168.046673138936 202.739973862966 198.105533917745 197.025696436564 190.477232138316 195.54473956426 205.556531747182 203.310052553813 207.350611686707 199.317475159963 207.906762758891 212.786098321279 203.422685464223 192.062417666117 198.608756065369 205.301145712535 166.33086403211 111.920297145844 107.646197080612 130.056659380595
47.5097994009654 64.5372867584229 74.3758579095205 84.1640432675679 95.624585946401 112.216015656789 120.729009310404 146.76308631897 151.97100241979 151.600201924642 150.549411773682 144.237627585729 138.962646325429 139.005502065023 139.09175992012 126.316100358963 118.004401524862 107.980062564214 105.447888374329 103.838225205739 117.083728313446 140.070488055547 154.698053995768 154.345691204071 165.58509071668 170.937736829122 167.257448037465 159.653266270955 152.966916561127 152.851502100627 153.469135363897 177.687923113505 200.367907683055 195.979992548625 191.556592782338 187.365651130676 196.105261643728 203.641990820567 196.422298749288 196.507652600606 194.357752799988 200.940807660421 199.254234631856 188.329954942067 182.87859360377 195.209701855977 196.082015832265 147.850513458252 119.245777527491 129.488130410512 158.600628376007
23.0925132830938 32.6645026604334 39.9695386489232 47.3114351431529 53.2627403736115 66.5409862995148 78.94034186999 95.1797962188721 115.602642297745 126.991132895152 142.692267894745 145.754367113113 148.001352945964 149.489273627599 151.329855124156 151.532669862111 145.435998837153 135.040412346522 120.860795180003 115.395486354828 126.769294341405 143.746674060822 154.344240824382 156.680772701899 158.573567867279 157.907565434774 162.754585345586 159.073491891225 155.833452939987 160.350640614827 169.48409875234 188.907821973165 200.155238310496 194.822827974955 190.901796023051 190.349002679189 197.174866994222 199.130475521088 193.46288839976 189.616243044535 189.440131187439 181.790033976237 172.383109728495 167.077938715617 172.574639320374 189.778029918671 182.637492815653 141.535441080729 138.371676206589 157.586445411046 183.431406815847
13.1317724784215 13.166310886542 17.806285371383 19.9557406206926 23.1986766060193 27.0922655860583 35.8523204922676 48.4083791573842 64.4597013791402 81.6999822854996 100.062906742096 122.168471415838 142.845203479131 150.009175141652 153.984973827998 160.18549601237 157.284875710805 147.740393877029 129.586021105448 124.283681313197 125.572184721629 127.164542675018 137.744645277659 147.104134162267 146.881024042765 146.658529837926 148.982256650925 154.887467622757 159.439434607824 166.2424604098 172.520240147909 191.147168477376 196.364045143127 193.771819273631 191.044668356578 191.229581832886 193.436404069265 194.030920664469 187.581201394399 177.603979905446 172.92066415151 166.077613830566 166.055281956991 176.196535428365 188.244144121806 184.924165407817 165.212502082189 143.892079591751 147.922197977702 160.871316989263 181.830048561096
20.8723892768224 14.2709960540136 9.23040509223938 5.39004305998484 4.32897421220938 13.7671368817488 24.9133457740148 33.1657106677691 41.5869156519572 46.9531814257304 64.2863263686498 83.8576058546702 96.6493686040242 103.705008824666 107.732951641083 115.088264147441 116.483926773071 115.663786729177 117.219110329946 117.462615172068 116.276661554972 117.826342582703 122.608443101247 136.812150478363 139.578680197398 145.757436752319 145.616769790649 148.396203915278 152.504791816076 160.810818274816 167.103171348572 186.880191167196 186.016996701558 188.526590665181 188.667237758636 187.323073546092 184.011856714884 181.313435236613 172.566612561544 164.179543654124 163.703223069509 164.297203222911 172.304749488831 183.043738206228 185.159027576447 161.807189385096 130.608022212982 128.973384698232 141.581078370412 159.818490346273 187.834282716115
43.3583358923594 31.879648566246 17.1808538337549 6.42311821381251 3.46914151062568 7.09055985013644 16.9083314637343 26.7440428336461 34.0782801310221 34.8440359036128 39.8840506871541 48.1702983379364 54.1906108458837 59.8152230183283 65.5046055714289 70.0015773375829 76.2222359577815 79.9024254083633 91.9525424639384 99.715918302536 109.365850687027 112.138539552689 115.905304749807 119.801700115204 126.706222693125 133.335371812185 136.536061763763 143.415212631226 148.132701714834 154.210726420085 173.853576183319 183.744768301646 177.687545617421 178.855776786804 180.566608905792 180.45715490977 177.535653114319 172.666788101196 164.410134156545 164.626707633336 164.036413033803 163.420726855596 165.694097677867 170.287470022837 164.21964764595 132.326145966848 109.576672315598 120.592465003331 140.629470348358 178.346554438273 201.371471087138
62.3268733421961 46.1189945538839 34.3096380432447 23.0392639835676 10.3932432830334 6.45531465609868 8.41691965858142 20.5217860639095 27.9113550980886 32.7879935503006 31.6121950745583 30.2767356236776 31.0177827874819 29.4787138700485 30.0028249621391 40.1085093617439 49.3157307306925 61.4865869283676 79.0277967850367 93.3358172575633 103.72668504715 113.472759723663 109.072595834732 108.415146668752 116.978933413823 120.584766070048 126.240313053131 132.738461097082 138.255496819814 147.480030854543 157.822986443837 161.726027727127 152.69802014033 154.728651046753 160.55425008138 164.329826831818 165.400405724843 160.706281661987 155.977467695872 150.49214164416 145.850896835327 146.311312913895 154.453227917353 161.83481613795 159.107983112335 153.754502534866 163.133362929026 169.516384601593 185.509979724884 201.627175013224 206.632753213247
76.2382845083873 61.6420656442642 47.9298631350199 38.3657763401667 27.6376853386561 11.9166101018588 5.72982616722584 0.165891115708898 13.332558174928 25.3294408321381 31.9364766279856 30.8413952589035 28.0204440156619 25.6101762255033 22.095816830794 25.6031403938929 33.4879631797473 42.731836438179 60.5320036411285 76.1782179276149 88.7534519036611 101.845234632492 109.186748663584 109.628111124039 108.946224053701 111.316621303558 114.435464143753 119.21963095665 125.018239021301 134.883542855581 144.626796245575 145.156880219777 135.834882656733 132.291535536448 130.923608938853 136.0189417998 150.28444925944 149.678548177083 146.894156932831 131.476690371831 128.375649452209 135.574281215668 150.469779968262 162.555823723475 166.295111179352 171.55643304189 180.102626482646 183.193544546763 192.186951637268 191.855808099111 190.864423910777
72.9226420323054 63.6843045552572 51.3809770345688 42.7706738313039 36.0145618518194 26.1386558413506 14.0361214677493 4.70293623705705 10.6648628910383 16.9261669119199 22.9709347089132 28.319093088309 31.9483329852422 33.6727425456047 31.8969016273816 30.6384538610776 30.0672252972921 32.9352046052615 42.4219866593679 53.4637620051702 65.700242916743 80.1814695199331 91.890295346578 94.5354104042053 96.3937640190125 98.6982484658559 97.1375306447347 101.199428240458 109.345475832621 116.827328999837 122.682342926661 124.845246473948 120.707511901855 120.465497175852 121.15016579628 124.224811792374 125.977029403051 139.338552951813 142.226159572601 136.640171209971 142.240444819132 151.301115751266 159.017850955327 162.173509597778 160.595953464508 159.817983706792 161.762416362762 170.180002848307 177.444259325663 177.355905373891 171.018600463867
52.7944167455037 49.169530471166 41.6549493869146 35.714328289032 31.7353382706642 31.3537369171778 24.0931361913681 16.3919205466906 9.30952653288841 7.50488974153996 11.103638758262 19.482562939326 34.1999729474386 42.6528950532277 46.8038817246755 46.4609364668528 37.6067484418551 35.2366492152214 35.9675362706184 39.0957544247309 45.5358475446701 51.4811625083288 60.386598110199 70.1726377010345 80.1416536172231 83.8097333908081 82.6273908217748 84.422489007314 85.3548943996429 92.8015808264415 99.9366641044617 100.443005561829 105.669756730398 107.13733235995 111.88280582428 116.397211949031 115.18532037735 120.808273553848 130.090663830439 148.279617230097 156.738728284836 160.934944947561 162.923733393351 159.741292397181 159.137427806854 159.071952104568 165.711561838786 173.265198866526 173.14879099528 171.635905901591 173.101047674815
14.975147942702 14.2143542567889 15.6234453121821 15.1845961809158 10.0960619747639 9.40993055701256 14.6364842851957 18.0413896838824 14.287956058979 10.649174451828 7.94279513259729 10.1901721209288 21.2325503428777 33.9925090471903 44.7590251763662 45.6757247447968 42.4319207668304 39.5750006039937 35.4033509890238 33.370832602183 34.2705771327019 35.5867619315783 40.0737250844638 50.7049163182577 60.9786162773768 70.7984368006388 70.6764707962672 70.3720897436142 75.0112682580948 76.4320194721222 79.7360191742579 90.9646451473236 98.3529885609945 100.180864334106 102.772931257884 104.074815909068 109.522809584936 114.548116922379 122.606813907623 139.431953430176 156.784077485402 157.051036755244 155.952900648117 154.978175957998 155.52078684171 159.526983896891 165.973295768102 168.702602386475 167.943358421326 171.877026557922 173.623641331991
0.860002279902498 1.12123313980798 0.469578197225928 0 0 0 1.0952150914818 9.2833520223697 16.8453057607015 17.5588627656301 11.8762875596682 8.22964496910572 10.3941578418016 20.3117628892263 33.8636487722397 37.8712167342504 45.0935512781143 44.3231364091237 39.8933564623197 34.3776196241379 30.681699514389 30.993344883124 31.5121884147326 37.9941935340563 45.5203006664912 52.0797471205393 55.6439409653346 58.1327726443609 60.7891182104746 65.0558372338613 65.0305797656377 64.8857255776723 72.6123154163361 84.9444270133972 86.3952338695526 89.7342562675476 97.4283715089162 106.543640295664 113.9315366745 126.326670249303 131.637275218964 130.585451920827 132.790664831797 140.432437260946 142.051567633947 142.689128716787 147.132347027461 153.350333372752 156.743784745534 163.503547509511 166.089991728465
0 0 0 0 0 0 0 0.590972097901007 13.9789345363776 21.9673241178195 21.8895822763443 16.0947889089584 8.28221750756105 8.35636382301649 18.5217584172885 34.9811265865962 43.6357756455739 46.7881262302399 46.283299724261 41.4068053166072 37.0868369936943 37.85506884257 38.6949628591537 39.9629473686218 41.5380746126175 43.7689771254857 46.665370464325 53.6314894755681 54.6849370002747 53.1938473383586 57.2467595338821 56.5517644087474 52.9192487398783 51.0949989159902 62.7179890871048 76.761136452357 83.4035774072011 94.0238436063131 96.8569616476695 104.353626569112 110.936631759008 112.645248572032 110.131581624349 111.504147450129 117.720127105713 131.826023260752 129.326681296031 132.248342037201 136.893113454183 139.595001935959 143.88249317805
0 0 0 0 0 0 0 0 0 12.2350926200549 24.7799704472224 29.0898482004801 24.7369656960169 17.3003139595191 16.6476741433144 29.6434313058853 38.6885404586792 48.8542368014654 54.605300227801 55.4228474696477 48.5843519369761 46.9510406255722 45.9507356087367 46.4372336864471 47.5718080997467 48.7024287382762 50.6146649519602 54.9373279015223 57.0137600104014 50.1272529363632 50.0064740578334 49.476812283198 49.7768620649974 45.7666615645091 46.7351774374644 49.7832596302032 69.6800251801809 71.5172439813614 80.798531572024 83.9986900488536 87.5606536865234 90.4161334037781 95.9547559420268 102.625469366709 103.658805290858 109.947542349497 120.856801668803 117.966115474701 116.23893181483 118.302633364995 121.83478474617
4.64769049237172 0 0 0 0 0 0 0 0 2.83079035580158 19.1426935295264 32.4836919705073 41.5272961060206 40.5204445123672 28.3139621218046 26.1469433705012 29.6960771083832 38.3222848176956 51.7430901527405 62.36898402373 62.503973642985 59.102068344752 59.3481759230296 56.24058842659 55.2013417085012 55.9290548165639 57.1678876876831 57.9160302877426 55.9243758519491 52.2701591253281 48.0550527572632 47.6400554180145 43.4875984986623 38.903978963693 41.0920331875483 38.1350765625636 36.4091644684474 36.8920837839445 39.5165632168452 52.7438471714656 59.0656648079554 66.3893024126689 69.0107097228368 76.7286072174708 85.4473610719045 94.2963659763336 100.61044494311 105.024000008901 111.799935499827 108.144253492355 107.813974221547
5.09159515301387 0 0 0 0 0 0 0 0 0.372333219274879 13.0185969173908 33.0475767453512 46.5396294991175 53.1303038199743 44.8633432388306 29.700368642807 24.6308520436287 26.8247971932093 37.5537673632304 56.0803214708964 68.0178254842758 66.043163339297 69.0843909978867 64.0472273031871 62.0747009913127 63.0130966504415 63.0648086468379 61.6566290458043 58.8172972202301 56.0051699479421 53.2887677351634 47.7327207724253 42.5106237332026 35.3574479619662 31.8563232819239 26.3563046852748 21.0113450884819 18.5704790055752 24.2026497920354 28.6217431227366 29.726838072141 35.1817930738131 40.2698963880539 43.820654352506 52.4943719307582 61.5752637386322 71.283037463824 82.7128638823827 84.0601623058319 86.1637592315674 98.5089441140493
3.37718520313501 0.19657474088793 0 0 0 0 0 0 0.217936894235512 0.440906655664245 0.960300831745068 23.0172673861186 43.3760384718577 52.1249026060104 55.8417538801829 51.2013037999471 43.6114768187205 35.1897825797399 31.1525364716848 38.8380810618401 57.0222487052282 70.4005708297094 73.458194732666 72.7354933818181 68.3760394652684 69.7302172581355 71.369081735611 65.1503105958303 68.1682974100113 65.4266128937403 57.7886154254278 46.1925168832143 41.7252878348033 33.1680948535601 27.6631712913513 22.59328464667 16.1509166161219 12.5937238335609 13.1970917185148 17.879714568456 16.3876364628474 20.4294957220554 24.0066175659498 24.9438335498174 35.8103265364965 43.3847258488337 50.7587045431137 57.9354067643484 64.7767831881841 72.6052224636078 78.6525160074234
1.96464778855443 0.395114106747011 0 0 0 0 0 0.256450982609143 0.914025430878003 1.80729649340113 7.00883567333221 15.2803647021453 28.2558674613635 42.5793627897898 55.2046994368235 60.2322518825531 62.2136692206065 55.4407238960266 42.7880088488261 32.6947569847107 40.3134897351265 60.7831925153732 70.8449135224025 74.9774227539698 75.5203018585841 78.3627529939016 82.6799621184667 78.2484859228134 72.564219435056 75.0198264916738 65.0089879830678 51.4263212680817 39.632186293602 29.3663094441096 22.9498321811358 17.6091367999713 13.190192480882 8.86408798396587 5.31593089302381 6.428312510252 11.4646479487419 14.3719464540482 16.3652723034223 19.8298829297225 24.9581634998322 34.717321395874 43.2958404223124 45.6053813298543 48.7836599349976 55.4498831431071 61.6276264190674
2.19838243598739 2.59436511745056 1.8433490768075 0 0 0 0.115476461360231 1.79274970044692 2.41227479030689 11.6275971134504 16.6292650004228 18.3966681361198 24.9529927968979 34.8067407806714 47.4589765071869 59.4113270441691 63.2501840591431 63.9067937930425 61.7934366067251 50.4170457522074 37.8905137379964 46.2480137745539 56.1434378226598 68.1974242130915 77.0901540915171 83.2106818755468 82.6082626978556 87.1035158634186 79.4943074385325 71.8026459217072 59.2713604370753 57.016263405482 43.085848291715 29.5608614881833 20.2349064250787 16.3255880276362 9.87977099915346 5.73156277338664 3.36802254120509 1.4246084416906 4.38025407493114 7.83741474151611 12.7610688408216 18.6352171003819 20.5076336860657 27.8167724609375 31.471478442351 34.5976824561755 38.9744167526563 44.8144574960073 48.1109370787938
2.29187433918317 1.50476489216089 2.6954992984732 0 0 0.554755834552149 0.968986966957649 2.11247631038229 2.69045835981766 2.7717025950551 17.5898273785909 17.3564019302527 17.7818077305953 24.1716131567955 33.9880908528964 48.2588311036428 52.5108277797699 59.4692875941594 64.6557410558065 62.6590549945831 56.1708410580953 47.1467425425847 49.5999207099279 58.2787344853083 69.844643274943 78.8252254327138 84.213266770045 81.4492702484131 72.0475763082504 72.7616796890895 61.8238498767217 48.7742076317469 41.0668129722277 24.8073885838191 20.9426259001096 13.0894581476847 5.64960017800331 1.42831091458599 0 0 0 2.24685094629725 9.96975414454937 12.5575934847196 14.6717801690102 19.8021965722243 21.5661376714706 25.1448974013329 28.9378936092059 32.7042837937673 36.8757918477058
4.69430380811294 1.03016950500508 0 0.227123421306411 0 1.17146829143167 0.909911391014854 2.46336109315356 2.54961103200912 3.27291712164879 13.3106683691343 12.8569031755129 12.4734106163184 14.971719433864 20.5072027941545 30.589426557223 39.3731320897738 47.1195628245672 54.3529093265533 67.7311420440674 71.6136395931244 62.8583381573359 61.9039287169774 64.2432570457458 67.6046709219615 70.1030890146891 76.3895263274511 74.7384081284205 69.6011930704117 60.3648175795873 55.811752875646 41.7727579673131 25.4420042037964 17.3867580791314 7.25036362806956 0.953214398274819 0 0 0 0 0 0 4.49678208678961 7.34173071881135 13.0094587802887 16.694741944472 21.3714192310969 24.0787863731384 25.1950075229009 24.8409286141396 25.7150754332542
16.6972900430361 9.07407701015472 1.21211834872762 2.18692825486263 2.07529294614991 0.519018271006644 1.92076107487082 3.76095809042454 4.10941429436207 3.50832628707091 6.8792471041282 11.3826195398966 10.5307772755623 8.48851911723614 13.9602981507778 21.949032942454 32.4753001332283 39.8954749107361 47.4706043799718 59.4369272391001 68.0810858805974 78.8620561361313 83.8397443294525 81.6220144430796 77.2463579972585 67.989856004715 64.158687988917 64.9999727805455 66.3169324398041 52.3780087629954 37.3335629701614 22.6376329859098 15.0252878665924 3.27761533359687 0 0 0 0 0 0 0 0 0 2.05794628709555 5.88010872403781 8.33319003383319 11.5917548537254 12.2811930874983 16.5399933854739 16.9323620696863 17.2211403648059
45.895054936409 39.4873097538948 18.671174844106 11.7427135507266 8.22289412220319 2.88506286839644 5.43744986255964 4.92833492656549 4.03146849324306 4.04124769071738 12.0072973271211 12.3203322291374 13.262124111255 13.2324708004793 14.3735930323601 19.1403292119503 28.0875911315282 37.3244732618332 43.0643608172735 45.316810409228 49.0625351667404 62.4885112047195 73.600838581721 78.1942854324977 78.3696472644806 72.4482039610545 65.3312355279922 55.5858959754308 59.6640408039093 40.4039298494657 20.955058435599 8.93501254419486 0.00522972065179298 0 0 0 0 0 0 0 0 0 0 0 1.37406789387266 2.30633063862721 2.52859340980649 8.91303891936938 11.7090704540412 14.331912000974 11.5007658799489
