input/barkrak2/radiation/dir07024.grid
NCOLS 85 
NROWS 70 
XLLCORNER 665100 
YLLCORNER 4664600 
CELLSIZE 20 
NODATA_value -9999 
[rows 20 to 39 of 70, columns 0 to 46 of 85]
50.0178088744481 35.8084117372831 42.0949161052704 55.272842446963 46.6124713420868 41.3244292140007 37.1446559826533 47.9851613442103 58.3510746558507 69.3479379018148 76.3135900100072 75.6211429834366 72.0836569865545 77.079509695371 88.1371299425761 103.438446919123 117.465883493423 126.903315385183 138.176739215851 155.491371949514 161.284526189168 152.06190943718 148.569295803706 149.488786856333 149.536987145742 147.073904673258 143.990357716878 146.777361631393 153.924117485682 142.596483230591 129.154026508331 123.023053010305 99.8315711816152 91.5397107601166 93.89528632164 98.2773900032043 106.175770362218 131.649941205978 133.180310328801 138.037383556366 137.151777744293 140.320122241974 145.859907070796 138.164619604746 142.687429984411 148.677319288254 151.579916477203
77.5132328271866 64.4942472378413 54.6790808439255 73.115865389506 68.2768175999324 41.9309933980306 45.3518430391947 55.966595808665 63.4975731372833 69.0490653117498 71.6583430767059 71.4714229106903 71.8758205572764 70.1648642619451 79.0330270926158 93.0485626061757 107.345193624496 119.210342566172 129.957775274913 146.131257216136 155.890862147013 169.964691003164 174.690206845601 170.504053433736 160.486936569214 147.632410128911 135.397831598918 133.325060208639 138.833463191986 123.1463154157 116.748640934626 87.3252153396606 69.1159814596176 49.2656230926514 38.2097562154134 52.5300602118174 61.4483455816905 74.7525195280711 90.4415150483449 109.15337006251 112.302958965302 117.617815732956 114.33403690656 101.080675919851 126.694530248642 139.471799135208 144.351720809937
120.930016040802 116.790036360423 94.6596761544545 92.3506617546082 88.9423092206319 57.9299132029215 64.2088701327642 65.6582812468211 61.4785154660543 63.7686749299367 71.2669392426809 73.0210244655609 77.8189500172933 79.5165598392487 81.8968762954076 89.6321833133698 102.024763822556 113.889187574387 122.523854176203 126.848340034485 132.912675539652 149.457802375158 162.405570348104 164.264539877574 160.688986380895 149.646520614624 138.377507527669 131.923615932465 128.886997699738 115.572959184647 76.6882797082265 47.3148773113886 30.8179135123889 11.8345841765404 4.76174398014943 11.6376467049122 27.1496127049128 45.2474256356557 67.6584343115489 78.1689782937368 87.6905818780263 95.5594778060913 76.3496806224187 63.9284352461497 93.1245386600494 129.431525866191 137.289027372996
155.326813459396 144.908239444097 114.976078271866 99.1107225418091 95.1414207617442 90.0264084339142 83.0765167872111 67.7332182725271 58.4546426932017 59.0571661790212 72.9083071152369 76.5508264303207 79.1874180237452 91.5464361508687 86.9204998016357 88.2036884625753 98.3858307202657 112.472762664159 119.354029496511 111.138512690862 111.784001191457 117.009540398916 131.092379490534 142.020831505458 146.999994913737 143.052438894908 132.007618745168 123.296240965525 103.296418984731 55.89992304643 48.6657321453094 36.3068307439486 10.752122849226 0 0 0 3.7781639645497 17.2885830203692 26.9087354342143 27.5670637687047 19.6305016676585 37.4809751907984 42.6623821258545 77.5981893142064 91.27144018809 115.096787611643 124.87135330836
154.425998528798 150.711218516032 133.343189954758 103.654136260351 85.8868658542633 90.452253818512 81.9112161795298 76.1814514795939 69.5689221223195 64.2611732085546 71.0579554239909 71.4480727910995 72.3565568526586 85.4573647181193 83.6040576299032 86.1414074897766 92.3350354035695 105.400383472443 113.020201524099 107.261647780736 107.320408026377 104.822784662247 114.631483952204 124.333014090856 125.575850407283 127.082129319509 118.021925290426 110.505680243174 90.3603335221608 45.452743768692 39.2044261097908 37.9210983713468 19.0024177233378 0.0276386660213272 0 0 2.72448919713497 6.53177623947461 8.22049068907897 6.67886498073737 10.9316532810529 5.32209252317746 25.1298894484838 102.131595214208 104.899187882741 113.648553689321 120.997776587804
141.070892413457 145.966082811356 144.128342469533 113.156835238139 86.8938167889913 90.494563182195 95.6250727176666 103.417426347733 100.002894798915 89.2086426417033 80.2314976851145 81.319252649943 83.3648641904195 93.2834446430206 94.9842830499013 90.0914967060089 91.8588141600291 103.828986485799 112.881322701772 116.018712520599 118.334511915843 115.385909875234 112.431029478709 112.53035068512 114.232808351517 115.858733654022 109.910567601522 103.786329428355 80.9870809316635 66.3645466168721 64.0520552794139 73.52148493131 66.4519816637039 13.8714388012886 0.861216336488724 4.98052003482978 5.8544793476661 6.94929684201876 6.64041998485724 5.68214803934097 1.37975517039498 3.3356382821997 38.6618773142497 95.8812832832336 122.634579737981 123.912195364634 125.41808684667
139.944950739543 145.341426134109 143.664220968882 122.671216726303 104.176739851634 109.093924363454 122.123380502065 128.354171911875 135.580082734426 125.225991010666 99.6061166127523 97.7884729703267 100.086649258931 108.561505873998 108.780910571416 97.9389945665995 96.3490704695384 107.048173745473 115.527371565501 129.622995853424 133.690019448598 130.063533782959 121.692538261414 113.733967145284 114.266177018483 116.965611775716 110.427002112071 109.5117131869 97.5149174531301 99.9834835529327 112.364709377289 136.800587177277 145.774076382319 128.146509329478 45.8678404490153 14.5171756545703 12.3017194370429 11.6677160064379 10.5761786301931 4.81786082188288 13.2970673342546 36.2800359725952 76.1862496534983 99.0993976593018 114.248951276143 114.394714434942 111.932386954625
141.816198825836 140.43132464091 140.874197085698 128.232955932617 135.845770438512 137.170126040777 146.979282299678 144.555727640788 147.08948135376 135.028223196665 109.384963909785 98.7691581249237 105.48593600591 108.314534028371 115.626802047094 109.950045744578 105.461706717809 112.976143757502 127.206365267436 134.034126996994 133.591999610265 123.432874679565 121.769924958547 122.922321160634 122.631430625916 122.692475716273 118.97341410319 121.522049109141 135.920792818069 143.686830997467 155.736794074376 167.054216066996 177.211701869965 188.07448943456 150.315821170807 49.0898241599401 23.5797589023908 14.7938293715318 8.33846131960551 8.43440182507038 31.2628348668416 98.8406737645467 98.4332760175069 90.0988181432088 84.855188926061 85.4482054710388 87.1324638525645
144.581288099289 132.784982522329 133.931378523509 132.995982964834 158.749709526698 149.588406085968 144.725064436595 135.995368162791 122.764696677526 112.008283535639 98.3629326025645 92.4824476242065 101.872076590856 106.445441643397 117.034097512563 120.397925376892 114.729821681976 110.943098862966 124.161819616954 128.567943970362 125.183671712875 119.276722272237 118.843674659729 126.81378920873 128.867119550705 125.679045915604 127.393156290054 125.572562217712 145.158112049103 159.761428833008 176.661352316538 187.562187512716 194.934566815694 196.845094362895 193.518241246541 119.640499353409 22.6021458705266 7.25065420071284 3.32851056009531 2.89506837725639 47.9481716950734 91.8419559796651 81.4094146092733 59.3394935131073 57.5823336839676 57.154506444931 65.9704705079397
144.758641719818 126.153558492661 127.805997927984 141.168226798375 158.67954492569 147.926509380341 126.062015692393 109.510203202566 86.7270231246948 80.1062335570653 76.6948163509369 81.2213669220607 89.8653864860535 104.123532772064 118.505756060282 125.261316696803 123.305201530457 108.924378951391 114.353020985921 118.36318174998 117.055108149846 119.501054286957 119.452993075053 127.44864821434 132.791856924693 130.02465168635 133.842945098877 133.049984773 143.296003341675 165.187815825144 188.177764415741 201.100865999858 200.966417789459 200.265645980835 211.358825365702 197.857558727264 110.611657301585 24.7627670566241 15.8991565306981 18.804244697094 40.5826568603516 55.8903714021047 63.13589711984 40.362648665905 34.2038944363594 39.8931900660197 61.254213253657
141.564130783081 145.148356755575 172.072728474935 212.946871916453 191.967407862345 154.821366071701 120.533814032873 80.9886455535889 67.1207904815674 72.141503294309 65.6855404376984 65.2794688940048 86.6122345129649 104.386419057846 123.112211624781 130.138834317525 127.690672874451 116.170644760132 115.928202867508 121.426284313202 117.979347705841 124.4096159935 126.405447721481 129.083395004272 136.704971392949 141.878346602122 141.019692023595 141.92408323288 148.093829552333 175.791203975677 198.68803024292 207.290927569071 203.09716463089 211.157560348511 223.80667924881 229.398349920909 207.263549168905 149.964312712351 66.8837229410807 34.3143468101819 27.8520807623863 31.1992640296618 46.5032855669657 36.7473810911179 32.1462949117025 43.791189789772 74.3767420450846
158.510625362396 195.756475130717 244.064350922902 267.158567905426 256.288448969523 203.417261441549 139.316449562709 99.3676682313283 85.3389104207357 91.9108390808105 83.7204257647196 73.1639166673024 84.4778617223104 102.145890394847 128.31504146258 135.889718929927 131.317873795827 126.47224466006 119.26124493281 122.78538942337 122.368067502975 127.296835184097 130.144238471985 130.736907323202 138.115117947261 150.979648033778 152.943670749664 159.498194853465 166.787207126617 182.959794998169 199.941118558248 210.235734780629 212.76718378067 220.380425453186 227.228442827861 224.288423856099 221.802333990733 216.590722401937 147.058705488841 64.8840963840485 33.0046166976293 32.1812455852826 36.3685538371404 39.7894705335299 49.6879468361537 69.5519944032033 89.4951621691386
220.795631408691 255.920151869456 276.06201171875 276.201764742533 278.580029805501 255.602876345317 210.872451464335 166.390756766001 137.27143406868 128.123492002487 122.857461373011 104.858020941416 87.0233178138733 103.957484165827 131.289213895798 137.152135372162 131.326804558436 132.755736509959 121.855596701304 121.795515219371 125.659128030141 128.632406393687 129.642605781555 130.524118741353 137.053201595942 152.424335479736 161.034643650055 169.796446959178 177.583356698354 184.080521265666 198.068936665853 210.053960482279 211.992204189301 208.267231782277 208.265384038289 191.442231337229 200.466593106588 195.366581281026 150.605916976929 91.8447375297546 53.4654458363851 47.2699503103892 41.142113506794 40.6679660081863 50.1897682746251 67.8948660691579 82.903449734052
265.377402305603 278.128047784169 279.972811539968 276.690105597178 278.952876726786 279.070953528086 260.115643342336 215.847551822662 177.044093608856 153.49680185318 156.104226907094 138.660301764806 113.100677728653 111.754347880681 127.013941605886 132.187376419703 125.682771205902 128.719091415405 122.039506832759 124.528547128042 122.071882088979 125.1613398393 124.764730532964 125.313361485799 134.264677762985 145.940810441971 160.257309675217 165.73691368103 173.662861188253 185.212373733521 198.76499970754 200.621485710144 181.854446729024 177.356680234273 174.128313859304 158.686449130376 159.190704425176 144.766092300415 107.162018616994 75.719803571701 78.1466712554296 71.1464087168376 56.2014331420263 44.9241598447164 42.3162082831065 51.9361396630605 60.9084069728851
274.757186571757 277.921954790751 278.286258379618 277.379949887594 276.352206865946 278.186678886414 273.940781752268 247.188945611318 197.484493255615 167.12760925293 163.176377614339 160.141040881475 145.539542039235 129.377494255702 126.550416151683 131.673226753871 125.485469897588 122.425218423208 122.529576222102 127.390772104263 121.589531501134 121.750166018804 123.635162909826 124.881933132807 130.999952554703 139.334201812744 151.938964923223 153.631130854289 162.358204523722 181.010762850444 191.218177477519 186.819593111674 171.915729840597 170.819222927094 158.77307454745 144.139369328817 148.179988066355 145.47856648763 128.443012634913 99.2195705572764 98.2166031996409 105.590611696243 87.1459941069285 67.0272360245387 51.653653383255 42.2530919313431 24.8449668288231
272.196451822917 274.162391821543 272.82702922821 273.921648661296 273.034473260244 270.36041021347 269.287109375 253.12481323878 210.110366344452 178.179482618968 167.557597160339 166.281322638194 162.987649440765 141.046623388926 131.940136353175 138.189444939295 130.278537670771 121.899942557017 126.587291558584 129.006763299306 125.987937053045 122.72709608078 126.7103155454 131.226112445196 130.683451890945 136.593868335088 143.378178278605 144.649008909861 152.07717816035 173.450628916423 182.333091894786 179.49515581131 174.067119757334 175.021926561991 157.267034053802 150.664230187734 155.348887046178 161.929368972778 163.286715745926 133.072753747304 90.9106334050496 87.0279669761658 77.6584396759669 58.5859070221583 47.6181457440058 28.5714939236641 7.81071558594704
257.04954067866 259.787599245707 259.976824124654 258.029143015544 257.579843203227 255.779246489207 260.216514269511 257.422963778178 219.168742497762 184.556841850281 165.959576765696 159.682830174764 159.764816363653 141.832560300827 130.75245420138 140.5441959699 141.605138778687 128.252645333608 130.472908417384 135.204474131266 133.945445219676 129.696607589722 129.836589097977 133.701940377553 131.087303161621 132.879614830017 141.479442516963 149.570892254512 153.781751791636 168.613751729329 180.245677630107 182.420492172241 180.646359920502 178.301692008972 160.199622313182 160.96427043279 166.038622458776 169.464329878489 169.434984525045 141.706417004267 68.2636251052221 50.4862417777379 31.7486276229223 24.4056358933449 22.7296973268191 7.90369634826978 0
236.818452676137 244.965096314748 253.84791692098 251.865983009338 251.208186149597 255.712608496348 261.543313662211 263.038476308187 240.153729915619 196.001708507538 173.861225446065 155.581076939901 146.231939395269 137.187212705612 127.037803332011 134.246369202932 146.37279510498 137.551089127858 133.025576670965 137.857486804326 137.958337863286 134.425858656565 130.990823109945 133.137404918671 134.282906850179 134.88640387853 139.898399511973 149.947265783946 155.20304441452 160.433083772659 174.426277478536 184.488554795583 177.85922686259 169.184645016988 155.630797147751 174.136638641357 179.651141166687 182.846407095591 175.506234169006 158.321539560954 62.3575896024704 23.5016892353694 10.3231103469928 7.96934962272644 9.37510716418425 0 0
202.243367830912 213.072498639425 221.810698509216 225.79828898112 233.726918697357 247.068524360657 257.968862851461 263.408919175466 251.273055871328 216.638843218486 186.778863271077 161.940395832062 147.184322277705 143.825580676397 133.502910534541 128.205488125483 140.929043292999 141.786148150762 133.583674828211 134.644051392873 135.175546010335 132.976233959198 128.895620505015 130.192836125692 133.682459592819 139.612893263499 139.161845048269 146.570821603139 153.403470913569 154.657473166784 165.610790252686 181.774000326792 175.534884134928 156.672418117523 162.268827358882 187.30902671814 191.902836163839 187.953233718872 179.035365581512 180.50084511439 128.568470478058 39.1656830906868 12.1903841694196 8.81682460506757 8.28953521947066 0.920595213149985 0
166.753808657328 173.075099786123 172.75216182073 182.59733915329 199.232816696167 216.372589270274 228.342096010844 238.824248313904 236.949404080709 211.236576239268 179.349720478058 156.832108894984 142.330229282379 140.937964121501 136.077503363291 130.241523186366 135.182003180186 137.058923641841 128.49360704422 129.521101713181 132.9525411129 137.449930111567 135.44292251269 130.238056182861 129.003127415975 134.635229905446 140.87575674057 145.76917886734 151.001085837682 150.470753510793 154.781480630239 170.091768105825 167.214790980021 159.679075082143 187.462429205577 200.624724229177 196.489274501801 189.743141333262 190.080364545186 203.26817035675 207.68149693807 152.593036492666 65.3882672389348 30.8783799409866 17.7491580446561 1.14912376739085 0
