input/barkrak2/radiation/dir06224.grid
NCOLS 85 
NROWS 70 
XLLCORNER 665100 
YLLCORNER 4664600 
CELLSIZE 20 
NODATA_value -9999 
[rows 42 to 62 of 70, columns 0 to 46 of 85]
149.278342723846 145.650098721186 148.505787054698 146.152993043264 139.487077792486 135.071833928426 131.99441631635 127.188295125961 127.405782540639 123.734325170517 121.906359990438 119.857847690582 124.495337406794 127.717584371567 126.200218995412 123.537182807922 119.390626748403 124.519159396489 126.186231772105 119.713385899862 116.629819075267 115.01207947731 111.361155907313 114.352871974309 118.871162335078 116.652677456538 113.28665415446 121.452947457631 126.93065404892 131.48358464241 132.755100727081 133.167525132497 144.547859827677 167.547961076101 174.944082895915 154.928028583527 139.36318953832 136.763443549474 138.512402772903 149.36688542366 158.58135620753 161.599397659302 146.443158388138 110.111941893895 44.8946803808212 4.37345945586761 0
132.570038239161 135.385562976201 143.713057041168 141.34203394254 143.533686796824 146.014640728633 143.699010213216 138.733039299647 126.460860172908 125.375896692276 127.829720576604 123.513241608938 123.053699731827 126.590083042781 126.483490069707 124.163210391998 124.517818291982 126.155912876129 127.68151362737 121.222168207169 114.999443292618 112.474908431371 109.690735737483 109.895974397659 112.693001826604 116.663783788681 111.16424202919 115.472922722499 122.63485789299 124.961654345195 125.315447648366 122.965077559153 136.035710573196 153.957625230153 158.904204765956 142.308612664541 136.737247308095 143.481651941935 149.726569652557 150.396287441254 144.963959852854 143.051048119863 135.830114285151 107.294460137685 57.3972364266713 5.30951035519441 0
131.027261416117 136.124690373739 139.731009801229 141.133228937785 142.283101876577 144.246309995651 144.625981648763 139.835019906362 134.683827559153 128.721445798874 129.587938388189 126.863052447637 122.102270523707 121.44473195076 120.564391215642 119.888583819071 116.595576206843 123.545199632645 124.86990292867 121.536165475845 116.593192021052 114.669173955917 114.840110143026 114.657471577326 111.581166585286 120.740115642548 123.74484539032 120.909760395686 122.441967328389 121.435622374217 118.335425853729 116.837561130524 124.714384476344 130.058765411377 135.296404361725 135.065982739131 140.253941218058 151.413708925247 156.280656655629 147.109379371007 145.230074723562 137.946824232737 131.961703300476 110.561460256577 73.8035142421722 28.6609282096227 0
137.934476137161 142.363409201304 139.744937419891 143.026729424795 140.844881534576 141.011079152425 141.995986302694 140.594343344371 140.764693419139 135.733077923457 133.573263883591 131.601909796397 126.947442690531 121.396243572235 119.57241098086 124.1741279761 116.795599460602 119.683851798375 126.261820395788 124.109874169032 120.721677939097 119.929105043411 118.122984965642 118.585079908371 119.223982095718 118.736286958059 125.810742378235 124.367336432139 122.464875380198 123.030801614126 119.996547698975 117.248137791951 121.625582377116 119.812101125717 118.03412437439 118.68746081988 128.152986367544 143.851786851883 145.415335893631 130.582292874654 134.263654549917 127.447515726089 124.523709217707 121.70214454333 102.993190288544 62.3815755049388 19.7293981909752
137.310961882273 139.441172281901 142.019857962926 144.658823808034 143.905262152354 143.587211767832 144.901772340139 146.097362041473 142.402837673823 139.59922393163 138.351599375407 136.42684618632 132.801572481791 128.597676753998 127.035667498906 130.234022935232 126.307378212611 121.087094148 127.277354399363 125.699788331985 122.248609860738 122.702340284983 121.112793684006 117.087026437124 125.0954469045 118.430376052856 119.724969069163 122.277081012726 122.353355089823 123.791952927907 122.457295656204 120.01837293307 120.030621687571 119.968245426814 119.947920242945 118.942141532898 122.632046540578 132.330854733785 134.333531061808 130.921343962351 131.313602129618 123.495757579803 128.435671329498 136.61602139473 128.181636333466 92.868576447169 47.773023446401
131.485521793365 133.53031873703 140.062441428502 142.419159412384 145.843287309011 147.384146849314 144.334266583125 143.707533677419 143.778373797735 144.94851231575 140.584786732992 135.82502802213 134.518464406331 133.500993251801 129.838476578395 129.622320334117 127.784301837285 118.549486001333 125.186622142792 126.74934665362 122.821489969889 122.866332530975 123.650193214417 117.26509531339 120.919237534205 119.065453608831 115.651071071625 118.419259786606 121.558864911397 122.708201408386 124.017943938573 122.986376285553 118.727425734202 122.818837563197 135.829150676727 137.776960929235 132.912993431091 128.494173288345 132.529238859812 144.239296515783 135.743012030919 125.817428032557 133.801350990931 140.20715157191 133.311768372854 111.487627029419 69.5917755365372
124.049852291743 127.030283212662 133.576969305674 137.253473202387 143.624275922775 147.790054480235 144.676715135574 141.923457384109 145.801941553752 147.182404994965 144.469072421392 139.158248901367 137.494454781214 137.448370456696 133.656680583954 127.642095088959 126.202046871185 118.765483299891 124.27881360054 128.575990597407 127.20121939977 126.189023256302 127.644936243693 123.11710913976 120.520492394765 124.173144499461 120.109687248866 123.713533083598 128.598401943843 133.975923061371 139.097501834234 137.804478406906 129.672100146612 133.133004109065 142.841309309006 151.692231496175 149.260997772217 137.973368167877 136.571268240611 143.321146567663 132.714202006658 124.04931584994 121.346066395442 120.413939158122 118.293235699336 117.201377948125 106.212913990021
123.386959234873 120.16428510348 125.621308883031 134.237845738729 139.884839455287 143.957962592443 146.503349145254 149.115244547526 149.185260136922 144.681910673777 147.264351447423 146.285345156988 142.630815505981 138.975987831751 136.289119720459 131.028056144714 128.485461076101 123.962312936783 127.252658208211 132.411996523539 133.69615872701 132.856686909993 129.212687412898 129.423230886459 124.669680992762 130.501637856166 129.608849684397 131.979465484619 137.082576751709 147.107233603795 157.61728088061 158.114780982335 146.281619866689 142.983088890711 141.344964504242 151.701311270396 156.771798928579 152.982731660207 141.564418872197 130.59276342392 120.222826798757 121.952682733536 121.148218711217 115.198314189911 111.057569583257 115.996430317561 110.359052817027
124.074796835581 127.348442872365 130.889038244883 137.763122717539 138.277153174082 139.282753070196 147.431393464406 153.000891208649 152.159750461578 150.673200686773 149.51890707016 149.773488442103 144.927312930425 139.445622762044 139.926811059316 142.884284257889 134.017964204152 131.57112399737 132.836937904358 138.842880725861 139.793237050374 136.955718199412 133.43753417333 132.591674725215 127.338767051697 134.144127368927 136.451065540314 137.635976076126 143.020500739415 151.961455742518 163.662066062291 167.717079321543 159.937918186188 145.282397667567 135.308772325516 137.44796315829 151.087949673335 157.979756593704 145.359138647715 123.713006575902 115.188578764598 123.428861300151 127.117574214935 123.452852169673 117.211590210597 113.522489865621 96.3198641935984
124.345242977142 136.364618937174 138.225664695104 140.992989142736 138.876646757126 138.099481662114 145.683079957962 152.040342489878 151.158710320791 155.593613783518 153.505742549896 152.097304662069 148.734430472056 142.725576957067 141.024728616079 147.791683673859 141.343226035436 136.048138141632 133.497575918833 136.597573757172 135.687460501989 135.583907365799 134.276837110519 130.44128815333 128.042568763097 130.522698163986 133.84289542834 135.1311703523 135.882298151652 143.576085567474 156.872431437174 169.940233230591 160.62980890274 137.451807657878 103.268245855967 96.0662662982941 115.895241498947 140.924453735352 153.112441301346 149.894764026006 145.138045152028 133.58344634374 117.573420206706 114.840557177862 124.489903450012 115.058362483978 91.9755498568217
128.009796142578 126.488526662191 125.687698523204 129.441837469737 136.551300684611 141.280223925908 141.852120558421 148.16282192866 148.090094327927 152.443995078405 153.393089771271 154.832154512405 153.882443904877 147.713641325633 143.890172243118 143.902828296026 145.433853069941 136.606514453888 130.827774604162 129.392723242442 128.94394993782 129.43700949351 130.490571260452 124.477475881577 126.252273718516 123.384614785512 125.258227189382 124.960362911224 123.484998941422 125.904758771261 134.2720190684 145.352413256963 144.519597291946 116.51337146759 80.2161544561386 60.769647359848 67.3562288284302 96.8607465426127 130.361606677373 150.899757941564 153.981506824493 136.378308137258 111.435949802399 107.356796662013 118.089397748311 105.484793583552 87.7926448980967
132.714788118998 121.176501115163 118.417352437973 124.007483323415 137.138893206914 146.657307942708 145.333309968313 146.499653657277 149.432053168615 149.011234442393 151.256461938222 153.58962615331 155.99650144577 153.427998224894 147.148152192434 145.447671413422 147.759884595871 138.909578323364 133.853614330292 134.829570849737 134.492655595144 131.800870100657 128.66023182869 124.811331431071 124.776144822439 121.705840031306 121.635456879934 120.683640241623 119.590212901433 115.86207151413 108.122438192368 114.544798930486 115.474661191305 96.9615578651428 81.006000439326 62.0293070872625 37.3924523591995 39.5827417572339 71.581910053889 109.209795792898 134.045700232188 123.805503050486 111.30502820015 105.325798193614 98.4421273072561 92.1274920304616 85.1876437664032
133.722523848216 126.916925112406 123.692562182744 128.573218981425 139.552811781565 147.956629594167 151.408304770788 147.016237179438 151.344488064448 149.671177069346 153.192619482676 155.469129482905 156.682014465332 157.753169536591 151.001483201981 150.319129228592 150.414198637009 143.326550722122 138.453354438146 141.371230284373 141.400019327799 136.875182390213 134.373476107915 132.935792207718 129.511137803396 127.346823612849 125.501165787379 122.747033834457 116.88506603241 109.960337479909 100.010385115941 104.620675245921 107.731252908707 107.415854930878 106.022566556931 93.7583247820536 65.0981018940608 48.0210532744726 42.9810533920924 46.7480719089508 93.7278469403585 99.5445450146993 88.2830023765564 62.0855242013931 61.4742288986842 81.4522008101145 89.7594491640727
137.331297000249 135.022560755412 129.894624153773 126.806328694026 134.217689434687 146.631181240082 149.891008933385 146.894554297129 148.82829785347 154.338339964549 160.518089930216 160.875211159388 159.576684236526 159.673829873403 155.827154715856 155.964275201162 156.222929557165 152.414590120316 146.727134784063 142.223328351974 139.921089013418 138.660172621409 140.265842278798 141.110002994537 136.449366807938 134.149253368378 127.536316712697 116.759995619456 109.32852824529 104.842563470205 103.204866250356 110.40731271108 113.857954740524 124.683608611425 132.953653732936 131.231317917506 118.868678808212 99.6528267860413 83.6217602094014 53.5175303618113 63.8463348150253 84.7026109695435 84.7335855166117 72.0145553350449 72.6609329382579 91.3020273049672 118.976801633835
140.536844730377 139.361838499705 137.418399254481 131.568392117818 131.432602802912 143.607616424561 146.948397159576 147.467086712519 146.231353282928 155.586431423823 164.050608873367 163.093467553457 159.483591715495 161.532541116079 161.723961432775 154.820015033086 157.071401675542 153.147796789805 148.315648237864 147.21816778183 145.969023307165 145.377606153488 142.650206883748 141.144176324209 137.092302242915 132.054934899012 109.132518370946 85.8833094437917 81.3777049382528 88.658998409907 101.353784402212 106.816520293554 112.328956524531 118.527243534724 133.911609649658 148.304522037506 142.855832974116 137.907296419144 138.46942782402 97.1306264400482 68.6903496583303 87.1946116288503 104.92334763209 106.930732727051 107.95384645462 123.850415150325 152.780105670293
139.591872692108 136.993596951167 140.443613131841 139.943699042002 135.438144207001 140.01335700353 147.524724404017 148.327479759852 147.458493709564 154.089023669561 162.183950344721 162.181854248047 156.674563884735 159.098307291667 162.852843602498 152.350137631098 153.689603010813 152.506987253825 151.165544986725 150.933931271235 152.091552813848 152.314215898514 147.27129538854 140.484591325124 138.420770565669 135.612388451894 112.782895565033 88.7946685155233 88.7078046798706 97.8632966677348 110.35297314326 112.905283768972 124.34783577919 134.535392125448 143.82928609848 151.885330677032 147.782991329829 92.2269026438395 79.6268234650294 101.313571135203 98.3120103677114 114.057838916779 118.413478136063 100.975215435028 88.8404250144958 102.940171957016 130.001664161682
127.07398335139 135.503431161245 138.512372970581 140.476405620575 138.945947090785 136.007448037465 147.950490315755 152.14525659879 151.498347520828 154.739598433177 158.822963635127 159.502923488617 157.929629087448 154.579589764277 156.714022159576 152.354508638382 148.147394259771 150.813361008962 152.00545390447 153.879463672638 155.588050683339 152.978161970774 149.779955546061 144.662876923879 143.833190202713 143.20707321167 137.312044699987 129.246711730957 130.12757897377 134.936094284058 129.952023426692 123.017718394597 139.094799757004 145.893126726151 140.95468322436 119.083255529404 98.3528097470601 56.4140975475311 41.1367217699687 63.2999489704768 101.557274659475 125.499496857325 121.082484722137 105.372925599416 93.2944814364115 97.9108214378357 114.937682946523
116.069495677948 132.581959168116 136.54554883639 139.070401589076 141.683290402095 136.839707692464 143.071790536245 152.450134356817 162.133117516836 161.708772182465 158.534586429596 157.174348831177 158.439179261525 156.956354777018 156.492292881012 153.626183668772 148.614784081777 148.552129666011 146.619667609533 144.208004077276 146.322091420492 144.406318664551 143.741687138875 141.325503587723 144.671618938446 151.809086402257 163.055737813314 166.947702566783 156.184623638789 152.120848496755 136.912643909454 123.144149780273 133.588393529256 123.871286710103 72.8697131077449 60.1595292488734 57.6520909865697 47.1586833397547 31.8879634141922 29.8057943582535 32.7934175729752 87.2033337752024 118.532041708628 140.065888563792 154.831488927205 150.015562772751 143.222202857335
117.883523305257 129.30428981781 136.95216178894 139.196296532949 140.461424986521 140.7251060009 135.234336058299 146.18385831515 167.446533838908 166.11048579216 158.714234828949 155.438899993896 157.449265321096 160.000056028366 158.689498901367 154.883513847987 152.349054813385 148.75790476799 140.298843383789 132.598698139191 132.648895184199 135.441879431407 135.102828343709 137.201517820358 139.061629772186 147.907515366872 163.944244384766 178.924083709717 163.845598697662 153.260519107183 128.922402858734 113.1378809611 112.753321727117 104.229112466176 79.2154322067897 51.8508553504944 56.6992461681366 68.5138801733653 60.9033207098643 43.4138576189677 30.6155433257421 50.8010884126027 96.0342486699422 130.138953526815 145.566960175832 140.624235073725 132.963438828786
130.908171335856 134.13014014562 137.110948562622 133.017162481944 126.087248325348 123.004078865051 131.906439860662 137.40332921346 148.439904054006 146.65487408638 144.772311051687 150.059441725413 156.400283177694 157.293975353241 152.943233648936 155.156513055166 154.388636350632 146.465877691905 137.740949789683 130.250116189321 127.976695696513 129.229287306468 131.798098484675 134.154349565506 135.825216770172 137.820909420649 149.758835633596 162.962387005488 150.590976079305 139.260689417521 124.509364366531 105.032573143641 95.835675795873 107.881983121236 99.6875564257304 74.6431450049082 79.0801544984182 116.418580214183 123.734474182129 100.888609886169 62.7985199292501 50.2917319536209 70.8776414394379 90.4921889305115 88.9057417710622 96.2278147538503 101.373910903931
144.444177548091 140.518128871918 136.701961358388 128.597726424535 116.740942001343 107.695420583089 121.179391940435 120.676507552465 107.463349898656 109.061936537425 125.47700603803 138.712406158447 143.561700979869 148.409465948741 151.590645313263 161.994745333989 164.21635945638 153.6532441775 143.833637237549 139.076520999273 135.211596886317 133.626778920492 134.674658377965 131.233225266139 130.001604557037 132.878800233205 137.210001548131 143.744975328445 139.715433120728 115.773657957713 121.612548828125 112.599432468414 103.118240833282 119.138459364573 121.582835912704 108.331551154455 101.117610931396 104.033251603444 110.231786966324 106.2031686306 90.7621781031291 71.4630385239919 70.7134107748667 67.6820427179337 47.3759472370148 65.0977889696757 79.6732902526855
