input/barkrak2/radiation/dir06624.grid
NCOLS 85 
NROWS 70 
XLLCORNER 665100 
YLLCORNER 4664600 
CELLSIZE 20 
NODATA_value -9999 
[rows 0 to 20 of 70, columns 0 to 46 of 85]
179.828902085621991 196.023901303609 213.146428267161 235.402246316274 245.773832003276 247.381051381429 242.024521032969 236.11452182134 236.0933025678 239.600459734599 238.856434822083 237.99196879069 235.744297504425 236.52970790863 238.288601239522 227.554480234782 214.023212591807 202.455540498098 199.940244356791 188.50698073705 187.589188416799 203.828752040863 230.941414833069 238.962749640147 241.480231285095 253.368814786275 251.912991205851 236.410578091939 221.81648015976 220.480740070343 216.131250063578 237.609604994456 282.658576965332 281.795303026835 277.151465415955 265.257318814596 268.571376800537 284.438451131185 279.922684033712 278.332392374674 268.765290578206 271.494030952454 281.619668006897 278.782208760579 267.978231112162 271.972497304281 278.141498565674
157.041658957799 174.15984471639 190.391898155212 210.854331652323 225.768427054087 232.207477092743 234.508832295736 237.546006838481 245.991468429565 246.42558892568 242.222646872203 239.335417747498 237.570365269979 238.506952921549 238.364438215892 227.527638276418 220.197399457296 210.895538330078 206.161578496297 196.312427520752 201.816618442535 224.543770154317 246.382196744283 249.280015627543 253.214756647746 259.465237458547 254.055619239807 240.374445915222 226.780156294505 222.440163294474 223.252495129903 251.952985922496 283.719638983409 282.490988572439 277.167439460754 267.605980237325 271.871407826742 284.4118475914 278.659919897715 279.482086499532 273.498098055522 272.399048010508 269.781947135925 264.967958132426 261.880159378052 270.649433135986 268.919845422109
118.74258518219 130.457659562429 144.193510214488 157.751033703486 172.728439172109 185.007095336914 196.910202503204 215.160191059113 229.173302650452 232.04497496287 233.65992307663 237.666964530945 245.578328768412 249.454061190287 249.136209487915 252.188305060069 251.213014125824 240.668098131816 223.206440607707 212.641874949137 222.447117169698 237.933874130249 247.948845227559 250.852604707082 255.095481872559 255.037208398183 249.06986951828 239.838182926178 231.315732002258 230.912824471792 240.088522434235 268.030643463135 283.058643341064 282.726804415385 276.883920033773 272.929628690084 278.865496317546 283.347030480703 282.451570034027 277.180771032969 271.283149719238 261.677583058675 248.656312624613 245.70906162262 254.831711451213 269.00440454483 256.790637969971
98.674754301707 99.0746915340424 107.013404369354 114.655733108521 123.540292183558 129.665036996206 139.011700948079 157.233128945033 179.481407006582 199.067215124766 215.886652469635 234.842240810394 247.766812642415 252.581298351288 255.811134974162 262.541910012563 259.79350010554 248.050351937612 230.073074499766 222.599387168884 222.462296485901 222.266515096029 234.677294890086 243.222832679749 244.076768557231 245.321154594421 245.188653469086 241.502046585083 239.865243434906 242.76328086853 246.730387210846 273.071666558584 281.163573265076 280.917008717855 277.450124422709 278.684973716736 280.791660149892 281.367520491282 278.253078460693 267.452756563822 259.410440921783 246.360898017883 241.739094257355 255.355397860209 270.025610923767 266.862988471985 246.768414974213
120.917916297913 104.085544745127 91.2915666898092 81.004207332929 82.4935287237167 101.354976495107 125.475476185481 137.489209572474 148.695260286331 157.402435938517 182.357430458069 208.76814921697 225.164751211802 233.635365962982 241.808851559957 247.370759646098 242.98761288325 234.403947989146 227.247516314189 223.479608694712 218.391716480255 216.031114260356 227.837403615316 235.816836357117 238.817155361176 245.655318101247 245.836754639943 243.737955888112 242.216030756632 240.869343280792 247.996767361959 276.30349000295 276.370962460836 277.358730634054 274.568120638529 273.950060208638 275.041262308757 273.547291755676 264.304836591085 255.23583094279 253.629128138224 250.605225563049 255.339821179708 265.590230623881 268.182794253031 248.088041941325 219.751079877218
167.512853940328 137.733668088913 108.817954858144 84.8908225695292 75.6682157516479 86.1674348513285 113.074958324432 133.668790260951 138.91938328743 137.976308663686 148.754119873047 164.340575536092 175.534288088481 183.112939198812 192.822754383087 203.060567378998 207.144558429718 214.095950126648 222.520112991333 227.851430575053 228.772461414337 230.712334314982 231.191237767537 232.553283373515 237.281401952108 243.084192276001 245.078802108765 246.204475561778 245.529731114705 246.2397813797 260.603308677673 276.514311631521 272.091428438822 272.47295777003 270.261228084564 268.351753552755 267.914334932963 264.314572016398 254.665931065877 255.633552869161 255.285759766897 252.882778644562 254.5565366745 257.663031419118 245.897213617961 217.941721280416 191.735366980235
193.889657656352 166.469434897105 143.566449483236 120.488941669464 98.3065764109294 85.3458046913147 91.7292932669322 124.405811230342 140.427609284719 149.171700080236 145.834416151047 140.588124593099 136.166920264562 131.545960903168 133.189578851064 150.432080030441 165.510555108388 188.762048880259 210.996429125468 226.778606573741 233.879526456197 238.086819648743 235.439658164978 232.10863272349 235.020995140076 237.612744172414 241.357346375783 244.498709837596 245.584150155385 251.439690589905 264.445662498474 271.93562189738 266.932964324951 261.386573314667 259.828507900238 257.370273272196 256.779114405314 252.175748348236 247.28657801946 243.690232435862 238.047401110331 236.799836158752 243.307987848918 250.7284283638 240.158538023631 229.173203309377 241.552770137787
209.523260593414 196.123460928599 181.016822655996 162.217160065969 136.046856641769 103.29258441925 81.0881853103638 78.8730531930923 114.499549070994 145.384579896927 154.891143242518 151.234676440557 141.731182734172 130.465775728226 115.916987260183 119.480500618617 133.617669343948 152.385681867599 179.377694924672 202.251315116882 217.523574829102 229.038139184316 237.569073836009 233.860532442729 232.047279675802 230.884869893392 232.218543688456 234.379510084788 236.925343672434 246.811370054881 258.257369200389 262.212077776591 255.602339903514 248.952786127726 243.570327758789 241.924385229746 246.53039375941 243.026415506999 236.266016960144 219.734847545624 218.315740426381 227.923611799876 246.027191480001 257.592936356862 254.767378171285 254.976570606232 262.413740158081
201.087117195129 201.178530852 195.165673891703 184.844891230265 168.623983860016 141.988019148509 107.820649941762 77.9051631689072 91.328889131546 114.967872699102 138.164232174555 151.44803126653 155.240754286448 152.052640914917 137.006551027298 127.269466718038 124.487658341726 129.489998022715 144.897013902664 164.4333700339 182.643532752991 200.575550397237 213.961978753408 212.341745694478 214.743971824646 215.166886647542 215.796629587809 218.058208624522 221.481998761495 232.418239116669 239.097654819489 238.678057988485 235.466202100118 234.534958998362 235.000491142273 236.733158429464 237.293680508931 236.775497595469 231.057484944661 223.918318748474 235.483626524607 248.90677134196 258.173108100891 260.199983914693 253.043711185455 247.573971748352 251.121640205383
135.703514019648 158.196498950322 167.0267979304 182.812809944153 179.244498411814 172.758857409159 151.362657546997 128.596991300583 95.8367884159088 86.5440666675568 100.011914968491 128.77411643664 153.695285320282 166.916648546855 167.082190513611 155.918886264165 140.044947465261 133.812268575033 131.779611110687 135.383864243825 145.703633626302 156.162520249685 168.772061665853 179.0598432223 189.698497454325 192.233741283417 192.793150742849 194.754620393117 199.631492296855 207.279026508331 208.717385927836 209.832370281219 216.838280359904 221.576948960622 226.205825805664 227.938989798228 226.7151872317 230.673750241598 230.096578598022 237.328946590424 253.234803676605 260.718762874603 262.720962365468 260.152101516724 251.527508099874 247.069497903188 257.645030816396
74.3219057718913 79.3207585811615 105.983783801397 119.148502747218 141.780118147532 149.037023385366 168.215175469716 159.664283196131 127.908597389857 99.9762912591298 85.3290756543477 91.7868514855703 119.576762119929 152.067134777705 170.375227928162 159.198105335236 149.939427773158 140.615284442902 131.063948074977 125.007629394531 125.900685787201 127.739200989405 133.397499720256 148.966372013092 164.309630791346 173.618714014689 175.057709217072 175.97766717275 183.056871096293 189.304192860921 193.423410256704 197.892705599467 208.386798699697 212.977945804596 213.611463705699 215.057969093323 219.933887322744 225.721836090088 232.281645139058 248.17015727361 258.746524651845 261.716723442078 260.957777500153 256.754795710246 253.242592016856 254.836797714233 262.048145135244
45.7828144232432 44.299195210139 46.6233243544896 55.2513698736827 74.0263710419337 87.6018802324931 120.204349358877 123.838226000468 129.442592461904 114.496290683746 95.9710478782654 75.272132953008 77.3020088672638 95.013032356898 123.146305481593 136.478046576182 147.867361704508 146.859755118688 136.606693267822 125.658919413884 120.048602422078 118.240187565486 118.553658326467 128.549158573151 139.210412899653 147.090415159861 150.394519170125 155.710875988007 162.892868121465 168.239136536916 173.498471577962 180.138727029165 186.402519543966 191.355268160502 192.707578341166 195.873220761617 208.142399787903 220.835427443186 227.888921896617 244.254012902578 252.106587092082 253.185153007507 248.359580834707 244.230230649312 242.72229274114 242.087046305339 248.320639133453
35.7834945122401 30.2204017837842 23.9404290914536 18.7033551434676 13.9532362421354 25.3956541419029 45.2252179384232 66.1478439966838 89.6843473116557 100.837767124176 99.0472535292308 84.7508013248444 68.2083517313004 67.4076080322266 84.5306515693665 110.616465409597 129.651457071304 137.365798155467 138.072987397512 128.728459278742 121.520469586054 124.542067448298 126.242101192474 127.444624900818 130.191723505656 131.97269042333 136.786242326101 146.329621473948 150.625089804331 152.114470799764 157.788852850596 163.272321224213 164.070794979731 166.163106759389 170.501013596853 178.08719476064 191.914200782776 205.693026383718 210.025986035665 222.346504529317 229.350566864014 231.016000111898 230.099678039551 231.318513552348 229.014873504639 229.857921600342 233.888745307922
36.1811270316442 19.8484361171722 7.72051389018695 2.74984693775574 0.124256825074553 0 3.08152350286643 27.2582769393921 50.2568384011587 73.3481496572495 90.4462138811747 98.6618896325429 92.008372147878 79.5302093029022 77.2344122330348 99.584033091863 115.004618962606 129.382083813349 138.876974582672 137.466768423716 133.075018723806 132.356762886047 132.179697354635 132.712135712306 134.448101123174 133.95756483078 137.873888015747 148.949166138967 151.278793811798 144.400695959727 150.167922178904 155.969252189 157.240043083827 157.468030850093 161.638130744298 169.447282950083 176.41137043635 182.275811831156 189.548035462697 192.811886469523 200.244545936584 207.358717918396 215.412020683289 223.247885704041 218.953410784403 225.317080815633 226.01721684138
46.4790016412735 20.5756686627865 3.74015451719364 0.707719086979826 0 0 0.75086842601498 15.642661601305 28.2561729351679 55.7892322540283 84.6244593461355 102.885643641154 114.404847224553 111.850957075755 97.5875854492188 94.3947434425354 98.7644592920939 113.253057003021 131.154477596283 142.613043387731 144.374430179596 141.35088523229 142.14962720871 144.622584184011 144.241670767466 144.433796405792 146.044592062632 148.725221554438 147.919555505117 143.245458602905 145.1429327329 150.907337665558 150.944471359253 150.577942530314 155.551016330719 159.673750400543 160.84631284078 160.273094971975 165.551324685415 166.999757289886 175.288518269857 185.262123743693 192.24735101064 198.40665658315 201.287766297658 207.010050614675 218.002676963806
39.5622700452805 24.0470170974731 3.74455812076728 0.0146000772171343 0 0.141056041078021 9.02234514554342 18.5883368055026 29.2235364516576 47.8548109531403 72.7445135513941 101.520001888275 121.910830338796 128.194510936737 118.300964434942 98.736047744751 91.8350120385488 94.7539806365967 111.085742712021 135.706603527069 147.574851910273 147.645443677902 148.652076721191 141.000141700109 142.104784647624 150.880475838979 154.846986134847 151.30556623141 150.152097145716 152.863681316376 151.689420143763 151.013712088267 148.312389850616 145.934164524078 147.330363591512 146.632115046183 144.100606441498 138.897955417633 143.382579088211 146.184762318929 150.979101657867 156.53329094251 160.28618812561 165.213237206141 181.419730186462 187.79726823171 205.971757570902
34.9733953674634 27.5285790363948 8.52585521837076 0 0 1.77045445889235 9.72328955928485 23.2635761300723 35.1369455456734 43.1594302256902 58.959886431694 87.2055192788442 109.746277332306 122.20295270284 128.83049249649 122.39612142245 118.855367104212 107.869495948156 100.395937760671 108.651876449585 131.919244925181 147.315839926402 153.550326824188 148.139377435048 143.444915612539 145.647923151652 150.088707605998 150.702685117722 160.533875226974 165.946990251541 163.376033306122 151.891529560089 146.016577879588 140.726755062739 136.50248448054 135.127147038778 130.396982034047 128.785232702891 130.249947309494 134.534964958827 136.771947145462 139.323741197586 143.070856730143 146.204392115275 166.453073422114 178.381085395813 191.229124863942
30.5955161650976 30.1726385951042 19.486083338658 0.00892593319197961 0 7.38108406464259 15.701108922561 32.5362682342529 44.3634539842606 49.8633583386739 57.9822957515717 73.8326857487361 94.00940934817 110.752681891123 126.131683588028 139.704128106435 140.972882509232 132.766127586365 117.279251416524 104.337483644485 113.94136150678 137.998958428701 143.907497326533 150.362779696782 149.877687295278 150.598367055257 154.430230458577 151.582698027293 157.399396101634 163.716475168864 159.870286782583 157.496988773346 148.149520158768 140.209853649139 133.266230424245 131.432672341665 128.381013870239 128.068298101425 128.377219041189 131.29124045372 132.756769657135 134.59520538648 135.306070248286 138.743261496226 151.381333669027 167.27606455485 177.103737990061
32.1536685029666 38.3273834983508 36.7791603008906 7.40521525343259 3.21299148102601 17.733504374822 28.7271216511726 42.2209799289703 55.1406443119049 69.9011882146199 77.4441262086232 79.4027249018351 86.7547591527303 97.6166129112244 116.417070229848 134.674251079559 141.680260499318 143.519421418508 142.144938309987 125.906119743983 110.385318597158 122.209330399831 128.923724095027 141.08008146286 152.182877063751 156.105230251948 155.825773874919 156.737426916758 151.738862196604 146.281749010086 141.462991635005 149.294505516688 136.762162049611 143.336514631907 137.356678644816 133.000413576762 130.761355161667 127.293169498444 127.038180828094 130.761325359344 134.797175725301 136.859317620595 136.61668697993 138.488531112671 139.570126930873 155.550797780355 161.170909802119
33.4545771280924 34.65336561203 46.5144912401835 32.7796712517738 18.0172026157379 30.2897294362386 28.3488432566325 43.7621176242828 55.4277002811432 70.797453324 79.2096306880315 75.7077684005101 74.5104799667994 81.6758722066879 94.8523084322612 118.811070919037 126.065333684285 132.214844226837 138.825476169586 141.235033671061 136.02148493131 121.617952982585 122.834533452988 131.231208642324 139.632880687714 148.082574208577 153.9619465669 151.53161684672 146.636436382929 137.393156687419 135.819623867671 124.43615992864 118.316918611526 119.14911866188 120.567838350932 123.941391706467 130.815992752711 121.303816636403 119.110951821009 128.492295742035 134.484549363454 137.370477120082 140.445977449417 138.759354750315 135.458042224248 145.599097013474 147.578765948613
43.5413022836049 30.5669431885084 34.6143394708633 46.9092726707458 38.7755086024602 35.4809612035751 27.1837164958318 40.7440116008123 50.4440764586131 60.7236623764038 67.910224199295 67.5989091396332 61.9040628274282 67.7815179030101 78.6977708339691 94.6738521258036 109.199275573095 118.517100811005 128.543635209401 144.252141316732 153.454164663951 140.85974295934 140.276511510213 141.324708859126 139.496982097626 141.037086645762 138.371338446935 141.222417354584 135.473301013311 135.735382636388 120.185067256292 102.560311555862 92.5078988075256 78.8162052631378 73.4032640854518 87.5350435574849 86.0950152079264 97.7896352608999 101.822396119436 116.041878859202 118.517488241196 122.11952606837 126.541127761205 123.669813076655 128.043204545975 134.092628955841 139.308750629425
