input/barkrak2/radiation/dir07124.grid
NCOLS 85 
NROWS 70 
XLLCORNER 665100 
YLLCORNER 4664600 
CELLSIZE 20 
NODATA_value -9999 
[rows 0 to 20 of 70, columns 0 to 45 of 85]
194.879869620004996 210.87117989858 226.70708100001 247.08370367686 256.87962770462 257.29117790858 251.295785109202 245.49796183904 245.979269345601 248.938739299774 248.123546441396 247.994263966878 246.146063009898 246.894876162211 248.715837796529 238.691210746765 226.642807324727 215.299665927887 211.897810300191 200.029710928599 197.848538557688 213.15324306488 240.096787611643 248.14768632253 250.395238399506 261.61382595698 260.284086068471 245.277802149455 229.924480120341 228.184203306834 223.967969417572 244.73915497462 288.684884707133 286.36767466863 282.90182352066 271.811167399089 275.292078653971 290.91872771581 286.173780759176 285.222272078196 274.840950965881 276.28767490387 287.235061327616 285.976092020671 275.198419888814 278.535683949788
172.513286272685 190.832495689392 205.958485603333 226.090987523397 240.146636962891 245.40646870931 245.220303535461 246.979117393494 255.271275838216 255.323668320974 251.163919766744 249.019225438436 247.798323631287 248.773435751597 248.620808124542 238.5493516922 231.562614440918 222.566167513529 217.948853969574 207.921286424001 212.227920691172 233.55625073115 254.881024360657 258.072117964427 261.404395103455 267.208158969879 262.084503968557 248.824020226796 234.855930010478 230.06941874822 230.901122093201 258.846918741862 289.502104123433 288.426140944163 282.918095588684 273.913164933523 278.800865014394 290.331681569417 284.815688927968 287.499527136485 279.534935951233 277.868429819743 275.825063387553 272.998054822286 269.802947839101 278.480410575867
134.142458438873 147.666186094284 159.872353076935 173.512160778046 188.0228916804 199.458837509155 210.988243420919 227.611660957336 241.084178288778 242.937207221985 243.170619010925 247.054954369863 255.15071551005 259.033401807149 257.937073707581 260.907153288523 260.99693775177 251.122792561849 234.403073787689 223.965803782145 233.118891716003 247.447232405345 256.623307863871 259.384632110596 263.638536135356 263.682762781779 257.564028104146 248.163382212321 239.289422829946 238.154371579488 246.751487255096 274.651090304057 289.426485697428 288.355310757955 282.482504844666 278.659880161285 284.271876017253 288.252731164296 288.213690121969 285.228788852692 277.713139851888 268.763502438863 256.56259059906 254.482626914978 264.273444811503 276.373187700907
114.692747592926 115.149080753326 123.098035653432 131.055891513824 138.32105199496 143.759439388911 152.614851792653 170.741478602091 193.045258522034 212.32529481252 227.883219718933 245.261569817861 257.39332040151 262.017587820689 264.916082223256 271.094044049581 268.629988034566 257.610976696014 240.643839041392 233.530859152476 233.2630554835 232.88365205129 244.775176048279 252.637406190236 253.333906332652 254.690825939178 254.227717717489 250.076015790304 247.919996579488 250.129103660583 253.339052200317 279.843052228292 287.834127744039 286.601742108663 283.645729223887 284.913798173269 286.61717971166 287.037948767344 285.100022951762 274.627685546875 267.006019751231 254.367391268412 249.634544054667 262.982646624247 279.19473250707 274.472137292226
137.557029724121 120.198408762614 106.117020050685 94.3534175554911 95.9897140661875 117.321411768595 139.749765396118 151.275157928467 162.997275590897 171.592116355896 195.803423722585 222.037057081858 238.555212815603 247.075796127319 253.872772057851 258.108814557393 253.548681735992 244.336307048798 237.59130636851 234.251280625661 229.311605294546 227.023084958394 238.576292991638 245.957255363464 248.573104540507 255.15353679657 255.042175451914 252.477248509725 250.445504983266 248.785376548767 255.590935548147 283.810039361318 284.153680006663 284.934838612874 280.805706977844 281.355917453766 282.057166099548 280.936022599538 271.803696950277 263.548135757446 261.966665585836 258.757988611857 262.815872828166 272.244135538737 275.696078936259 257.57896900177
180.914004643758 152.806500593821 122.740805149078 99.1337100664775 89.7854665915171 102.113644282023 128.340383370717 147.90399869283 152.60257323583 152.293761571248 163.104881842931 178.72166633606 189.958294232686 197.609623273214 207.922955354055 217.599054177602 220.565696557363 225.639959176381 233.134150505066 238.596121470133 239.109794298808 241.163353125254 241.96590979894 242.491781711578 246.874213218689 252.944827079773 254.540820916494 255.117297172546 254.035929838816 254.058698813121 267.953515052795 284.416615962982 280.840337276459 281.214038530986 278.377850850423 276.226043701172 276.352723439534 273.241738478343 263.849059740702 264.226039250692 263.948778311412 261.037131150564 262.489179770152 265.811761220296 254.503925641378 227.804561456045
207.743684450785 180.41052420934 157.538255055745 134.454945723216 112.183302640915 99.1081992785136 106.561919053396 137.652188539505 154.032578070958 163.349548975627 160.029967625936 154.551823933919 149.646153052648 145.506282647451 147.875527540843 165.13787706693 179.707249005636 202.315847078959 224.270224571228 238.61563205719 245.392978191376 248.412569363912 246.404369672139 242.695271968842 245.398501555125 247.940500577291 251.358469327291 253.980815410614 254.459997018178 259.705980618795 271.991988023122 279.247979323069 275.208155314128 271.549423535665 269.629160563151 266.591290632884 265.880088011424 261.555234591166 257.386485735575 253.728667894999 248.1955687205 246.371924877167 252.43083635966 259.011546770732 248.181064923604 237.176020940145
222.316145896912 209.277351697286 194.595376650492 176.047523816427 150.036513805389 117.290178934733 94.7957932949066 93.15092364947 128.96857659022 159.248928229014 168.594082196554 165.197004874547 155.524253845215 143.959015607834 129.997303088506 133.688847223918 148.167987664541 166.829466819763 193.870822588603 216.768125693003 230.83237806956 241.391619046529 248.378793398539 244.306266307831 242.567261060079 241.565704345703 242.808401584625 244.6675101916 246.769706408183 256.074627240499 266.947110493978 270.801226298014 263.808051745097 258.749445279439 253.542025883993 251.753052075704 255.889852841695 252.303699652354 245.455861091614 229.917764663696 229.142407576243 238.792359828949 256.409247716268 267.21982161204 263.218065102895 261.965453624725
213.793933391571 213.961561520894 208.172996838888 198.048849900564 181.979993979136 155.684659878413 122.194588184357 91.4733111858368 105.669389168421 129.872600237528 152.709533770879 165.319154659907 168.011466662089 164.852728446325 150.935600201289 141.741295655568 138.89013727506 143.927276134491 159.678876399994 179.337322711945 198.163251082102 215.226531028748 227.830946445465 225.700835386912 227.630178133647 226.973275343577 227.676173051198 229.684869448344 232.323050498962 242.892185846965 248.549203077952 248.880346616109 245.913485685984 245.083928108215 245.40905157725 246.984918912252 247.386693954468 246.485193570455 240.163783232371 233.416080474854 245.410780111949 259.383757909139 268.402854601542 270.09795109431 262.277603149414 256.149490674337
159.256855646769 189.501643180847 195.342739423116 195.325513680776 192.205568154653 186.053395271301 165.763566891352 143.689314524333 109.873592853546 100.281258424123 115.116745233536 143.070856730143 167.317509651184 180.322051048279 180.744051933289 170.567909876506 153.225839138031 147.731175025304 147.340724865595 150.345106919607 161.143273115158 170.412182807922 182.841380437215 192.683657010396 203.235367933909 206.11975590388 207.05105861028 208.633542060852 211.617867151896 219.230830669403 220.158159732819 221.234599749247 228.107174237569 232.751309871674 237.127164999644 238.608678181966 236.729482809703 240.993678569794 239.275455474854 245.903770128886 263.067026933034 269.423921902974 271.240770816803 268.765091896057 260.686179002126 255.568623542786
89.4114772478739 111.234406630198 132.952352364858 144.105056921641 172.395050525665 181.191643079122 182.110945383708 173.519492149353 141.895393530528 113.888323307037 99.0412433942159 106.827785571416 136.764734983444 166.512310504913 183.955311775208 172.761877377828 163.579960664113 154.542416334152 145.118395487467 138.285080591838 139.824291070302 140.782117843628 146.678447723389 162.752648194631 177.97315120697 187.376141548157 189.086476961772 189.800997575124 196.857730547587 202.699144681295 205.787340799967 209.683140118917 219.983081022898 224.468410015106 225.021382172902 226.282000541687 230.918606122335 236.488521099091 242.29766925176 256.951689720154 267.302731672923 270.299335320791 268.215874830882 265.611708164215 261.910875638326 262.990872065226
54.2690853277842 57.9444319009781 59.1451823711395 75.6029983361562 97.8680650393168 117.427796125412 136.913508176804 164.724369843801 165.130903323491 149.00936683019 119.944016138713 97.5288351376851 100.144972403844 125.338345766068 156.854569911957 162.590503692627 168.99053255717 164.261202017466 152.535627285639 139.740626017253 133.1560810407 131.617983182271 131.907522678375 141.559094190598 152.138928572337 159.887204567591 164.229333400726 169.431765874227 177.339434623718 182.868421077728 187.910159428914 193.616112073263 200.252195199331 204.145054022471 205.291509628296 208.254079023997 219.625810782115 231.944958368937 238.619426886241 253.935118516286 261.369287967682 262.542843818665 258.015334606171 254.059890906016 252.328892548879 251.594444115957
46.4025884866714 38.7278745571772 32.3517148693403 27.4574110905329 24.0867187579473 41.3664728403091 58.1654111544291 89.1810854276021 119.233151276906 124.082257350286 126.447419325511 111.070106426875 84.7248633702596 85.1470828056335 106.346994638443 139.718314011892 158.928742011388 167.300939559937 163.228650887807 152.83144513766 143.167227506638 143.254965543747 142.732520898183 143.541385730108 145.277182261149 145.278930664062 150.313645601273 160.499473412832 164.811720450719 166.358053684235 172.19473918279 178.078869978587 179.363628228505 181.490838527679 185.45526266098 191.538612047831 203.91857624054 218.322495619456 222.421964009603 233.396550019582 240.024427572886 241.605182488759 240.701774756114 241.845726966858 239.361266295115 239.362875620524
48.1314907471339 27.4755557378133 12.2927476962407 7.33924222489198 1.97564298287034 0.118723963775362 5.82997562984626 38.3344093958537 67.7921275297801 90.1284615198771 112.362593412399 122.748663028081 112.717380126317 94.7057803471883 92.561403910319 113.807300726573 131.661603848139 149.547318617503 162.873049577077 162.812898556391 155.383239189784 154.032518466314 151.941359043121 152.547140916189 154.147148132324 153.000404437383 155.322055021922 164.779166380564 166.161139806112 159.172197182973 165.13603925705 171.042859554291 172.461926937103 172.741909821828 177.525560061137 185.74470281601 191.617369651794 198.52606455485 203.417102495829 206.334809462229 211.954077084859 218.87868642807 226.684808731079 234.173019727071 230.491598447164 235.727190971375
53.6607801914215 26.5035803119342 8.03727470338345 2.1509158735474 0.208372715860605 0 3.3820727840066 22.7879509329796 39.9434566497803 66.4810637633006 90.8760031064351 119.666864474614 127.812266349792 124.923845132192 111.433605353038 107.99573858579 112.71721124649 126.087218523026 146.222909291585 160.886734724045 165.337463219961 162.477711836497 162.548720836639 160.41366259257 159.446577231089 159.07817085584 162.264297405879 165.655106306076 163.873593012492 158.36434563001 160.405139128367 167.097548643748 166.959464550018 166.625052690506 171.223779519399 175.572693347931 177.16642220815 176.302532354991 182.007273038228 183.115581671397 189.210553963979 198.168158531189 205.093046029409 210.913221041361 212.738494078318 218.188444773356
46.4904656012853 30.1044831673304 7.26827668646971 0.634588417597115 0 2.77870583037535 14.984638740619 26.0821605722109 38.8895223538081 56.2341511249542 80.4664144913356 113.056053717931 132.476568222046 144.777804613113 132.842143376668 111.32217446963 102.656841278076 107.033719619115 125.362048546473 147.078136603038 164.092441399892 162.099232276281 168.50084066391 167.426784833272 164.649218320847 166.767299175262 170.651773611704 167.641123135885 164.749085903168 167.59467124939 165.979047616323 165.977875391642 162.309587001801 160.633454720179 161.784221728643 161.873916784922 159.23210978508 155.404279629389 158.757547537486 161.449094613393 166.509340206782 173.207759857178 176.914513111115 179.678161938985 193.371991316477 200.242400169373
41.5415093302727 33.7044397989909 13.9295384287834 0 0.0215658268037563 4.19598259031773 18.4316957990328 30.1242023706436 44.1002945105235 52.0683477322261 67.82033542792 95.2384273211161 124.178469181061 135.807325442632 140.440801779429 135.893632968267 130.049496889114 120.417177677155 112.538546323776 122.613271077474 145.189861456553 160.760541756948 164.904375871023 165.113667647044 162.764847278595 167.454123497009 179.113030433655 177.176892757416 176.695386568705 182.227611541748 179.685672124227 166.628489891688 160.728563865026 155.729115009308 150.618026653926 149.814446767171 143.730461597443 142.786949872971 145.463496446609 149.574438730876 152.129173278809 155.570318301519 159.201145172119 162.404616673787 181.833843390147 192.795197168986
36.9108070929845 36.5009034673373 25.2904444932938 0.604284927248955 0.187016499694437 11.0807418823242 24.4951322674751 41.0358781615893 53.6635965108871 58.9890281359355 67.2125120957692 82.7581485112508 104.18047507604 122.466742992401 137.79870669047 148.861388365428 152.145117521286 144.084473450979 128.558337688446 115.39214849472 125.028828779856 149.355361859004 156.678726275762 160.208721955617 164.590388536453 166.19461774826 172.881742318471 176.07045173645 178.892393906911 191.210607687632 186.189572016398 174.399276574453 164.573589960734 155.620574951172 148.809959491094 145.709574222565 141.825338204702 141.31294687589 141.832927862803 144.479701916377 146.835466225942 149.385929107666 150.734533866247 154.681364695231 168.396254380544 184.244414170583
38.6118938525518 46.2557772795359 44.6633746226629 12.7796220282714 7.25873621801535 22.0002879699071 36.425307393074 51.3431032498678 64.7797286510468 79.4614305098851 86.9773825009664 88.6959830919902 98.2599457105001 111.402541399002 123.051663239797 141.165465116501 150.091648101807 153.381774822871 153.543333212535 137.236962715785 120.295653740565 132.058024406433 141.583174467087 150.892466306686 165.168861548106 167.266150315603 166.093448797862 171.751896540324 165.240496397018 169.407924016317 168.008903662364 162.768095731735 168.403188387553 158.150245745977 152.786701917648 147.975305716197 145.185897747676 141.564319531123 141.241729259491 144.885758558909 148.079872131348 150.265594323476 149.883449077606 152.848660945892 153.926690419515 172.218759854635
44.0470824639002 41.3400009274483 55.1197032133738 41.61703089873 26.3453274965286 37.9403630892436 40.3116792440414 50.7337053616842 65.01504778862 80.5843969186147 88.7948075930278 85.0021441777547 85.5293770631154 94.5205092430115 107.603420813878 128.558754920959 138.180683056513 144.469161828359 151.208718617757 153.841306765874 147.492269674937 132.893174886703 134.159117937088 142.526686191559 156.04230761528 161.288022994995 160.187224547068 164.812594652176 155.015488465627 157.006204128265 149.127304553986 143.417418003082 146.340509255727 139.426867167155 156.12405538559 150.570422410965 145.678331454595 136.290649573008 133.973658084869 141.985734303792 148.941248655319 151.786516110102 154.896974563599 152.147849400838 148.844748735428 159.045875072479
51.7029116551081 39.0001212557157 43.8203861316045 57.4578046798706 49.2351353168488 43.8425838947296 39.5955443382263 49.0146825710932 59.4355762004852 70.5552597840627 77.5523732105891 76.8884420394897 77.8105656305949 79.7327359517415 90.8036430676778 106.857101122538 120.048065980275 128.513465325038 140.973011652629 157.084167003632 164.415995279948 153.738051652908 150.224129358927 151.09650293986 152.618219455083 149.996250867844 146.795411904653 149.79879061381 155.337969462077 143.915434678396 130.397150913874 125.701606273651 101.928561925888 93.1106309096019 98.2344349225362 111.283113559087 110.833138227463 134.543051322301 136.41282916069 140.251209338506 140.367130438487 145.056198040644 148.196796576182 140.493174393972 146.093785762787 150.880515575409
