input/barkrak2/radiation/dir05324.grid
NCOLS 85 
NROWS 70 
XLLCORNER 665100 
YLLCORNER 4664600 
CELLSIZE 20 
NODATA_value -9999 
[rows 22 to 43 of 70, columns 0 to 47 of 85]
87.7170960108439 81.3400745391846 57.7308684587479 53.0191163221995 47.3931928475698 25.1232534646988 31.8416655063629 31.983012954394 20.6003747880459 29.9145579338074 35.2028210957845 37.5036944945653 41.9101715087891 42.7245050668716 44.7950512170792 51.211933294932 63.6140058437983 75.5037069320679 82.0550421873728 86.5307748317719 91.7906165122986 108.159383138021 121.041635672251 124.890923500061 126.597265402476 117.677271366119 106.892734766006 101.111749807994 92.722366253535 73.9568720261256 55.6300183137258 28.9948483308156 10.8290898303191 1.26006663776934 0.288955149396012 0.514759526898464 1.79375304530064 4.64793294668198 6.22393563389778 18.733948469162 15.0998619695505 15.1561424136162 30.3902377684911 25.8102516333262 49.8169511556625 70.5564270416896 76.4490514993668 82.4821243683497
123.488535483678 112.440456946691 77.2969573736191 59.4414323568344 52.8215914964676 50.2170473337173 44.7053462266922 33.3553353945414 23.8275577624639 28.310738503933 36.446159084638 41.764368613561 46.3265875975291 53.5111327966054 51.919346054395 53.606907526652 60.7943038145701 72.3569293816884 79.3250103791555 72.7898528178533 72.4698007106781 77.5126119454702 90.8281604448954 103.149940570196 112.604310115178 110.516895850499 101.527174313863 97.6032217343648 74.5802174011866 36.0859284798304 29.9569269021352 19.4571676353614 1.16068745652835 0 0 0 0 0 0 1.5136298413078 0.835780287161469 0 0 34.9808881680171 50.1142491896947 65.4551436503728 72.8204250335693 78.2392819722493
122.734725475311 118.631382783254 95.9748228391012 64.7165328264236 44.7199642658234 49.551988641421 45.8611150582631 41.1736443638802 34.8685458302498 30.7495022813479 35.3296076258024 38.8024399677912 42.8737699985504 51.1572659015656 51.5583058198293 52.1258960167567 59.1704150040944 71.196660399437 78.4066518147786 71.5039968490601 69.1723823547363 67.3263470331828 76.4993031819661 86.2336258093516 92.8307076295217 93.3029452959696 87.3143871625264 76.7856438954671 63.9191816250483 29.2477657397588 22.3066757122676 19.8492407798767 5.83102243642012 0 0 0 0 0 0 0 0 0 0.407701629834871 59.5215658346812 61.4821414152781 62.4782393376032 67.9699828227361 75.8932530879974
108.567386865616 113.646407922109 106.637050708135 74.6168295542399 45.677125453949 50.5841026703517 54.7469755013784 62.4780356884003 61.3708794116974 50.0310162703196 44.3953226010005 49.5878706375758 50.5719582239787 58.7540219227473 61.3015194733938 56.5066834290822 58.8171929121017 70.4973787069321 79.1941980520884 81.8585306406021 82.5286606947581 78.9258380730947 75.4422247409821 76.1864185333252 79.6381235122681 82.3578586181005 75.946569442749 75.4836102326711 47.1515754858653 41.8646981318792 41.1499266823133 47.2992310921351 40.0413672129313 1.4870207135876 0 0 0 0 0 0 0 0 11.0508476694425 65.2846843004227 70.702185233434 66.4397180080414 70.016473531723 74.8623112837474
107.323894898097 112.976610660553 111.077964305878 84.8512450853984 61.6767803827922 66.8562352657318 76.6740093628566 85.7479870319366 92.6688810189565 85.3856901327769 63.8181567192078 67.6461557547251 64.7496531407038 72.1014042695363 73.6384391784668 63.6103451251984 62.4416371186574 73.0455567439397 82.4528237183889 94.0953592459361 97.0964829126994 93.5186247030894 84.2952132225037 79.2567481597265 79.3902079264323 82.1267664432526 76.8523762623469 82.1098585923513 74.2440223693848 73.9216009775798 82.4101765950521 104.333639144897 113.718847433726 92.4740831057231 12.0675725241502 2.02197177956502 1.5372644799451 1.1948988152047 0.0488134198045979 0 0.832695436353485 7.73746706545353 43.521652619044 61.1180365085602 66.3018772999446 64.1367087761561 62.0909631252289 61.2020840247472
109.222620725632 107.799162467321 108.188291390737 91.1252995332082 91.3504163424174 90.7302498817444 97.9981819788615 101.639171441396 104.152272144953 95.7099298636119 76.473593711853 71.3244676589966 69.9398666620255 75.4983723163605 80.997571349144 73.2760280370712 69.89919145902 77.3544460535049 92.0540889104207 97.8590945402781 95.2291190624237 87.1090590953827 84.4370822111766 86.7957472801208 86.8959625562032 87.4001185099284 85.5328639348348 93.883603811264 109.890888134638 115.542580684026 123.022377490997 131.343384583791 141.844620307287 151.824454466502 109.427024920781 19.375038643678 4.12188532451789 2.63863770912091 0 0 4.52729314565659 53.1462331612905 57.5487464666367 40.6983171900113 28.1949763496717 34.4845925768216 39.7476429740588 50.1962254444758
112.196127573649 99.8931626478831 100.991815328598 95.1396028200785 112.408369779587 104.303985834122 99.7648537158966 95.9871411323547 89.0268385410309 80.9861123561859 70.5393701791763 65.0863746802012 68.2302415370941 75.0057548284531 82.2971562544505 84.795872370402 79.5861234267553 75.6984402736028 88.1481766700745 92.1722551186879 90.2244746685028 82.8398714462916 82.4527442455292 90.1670654614766 92.6225483417511 89.7997419039408 91.3557807604472 95.8311061064402 118.597775697708 132.599383592606 142.95506477356 152.355968952179 156.32700920105 160.511076450348 156.968533992767 79.5390109221141 3.06281633675098 0 0 0 16.525166730086 44.6922779083252 42.0806308587392 13.1899751722813 15.4589526355267 15.1400665442149 18.9819658795993 26.03513499101
112.645337978999 93.3707058429718 94.6521858374278 102.131336927414 112.073242664337 102.928996086121 86.0210259755452 70.2327887217204 56.1694949865341 50.0153601169586 49.3261168400447 54.0895313024521 63.0494654178619 69.0175940593084 82.2154382864634 90.210090080897 87.2718493143717 73.0128437280655 77.8516431649526 81.5984110037486 81.0046295324961 82.8133523464203 82.6898167530696 90.3667410214742 96.243550380071 93.7253932158152 97.1324841181437 97.1881250540415 113.462507724762 136.871864398321 155.44393658638 164.389401674271 161.295592784882 166.025737921397 178.295870621999 160.44290860494 70.3631540139516 3.86398223539193 2.09190851698319 2.77945616592964 7.21647714575132 9.6811850865682 23.8332922259967 5.10288464526335 4.60483940939109 7.16640613973141 15.3204773863157 23.7040668725967
109.975844621658 111.972073713938 136.270076036453 172.340432802836 144.464492797852 109.296937783559 76.3113001982371 50.7300595442454 40.581022699674 44.5249925057093 41.1969100435575 39.3218199412028 61.8135680754979 69.4238891204198 85.0744644800822 94.5774018764496 93.0811961491903 79.3647865454356 79.5462379852931 84.6166610717773 81.3209513823191 86.476594209671 88.3406897385915 92.2322769959768 99.3584891160329 104.684929052989 102.803776661555 104.421824216843 117.326458295186 142.650822798411 164.186288913091 169.925252596537 166.00908835729 174.728711446126 186.450143655141 195.201337337494 168.85769367218 106.202125549316 33.1437562902768 10.9803105394046 5.14103317012389 5.63195782403151 10.4068368673325 4.04866257061561 2.61228159070015 6.30340042213599 12.9199326038361 22.0716347297033
124.44140513738 161.20391090711 210.677166779836 232.215086619059 212.168276309967 154.082328081131 101.096739371618 65.9103492895762 56.9402476151784 63.4386042753855 54.1350493828456 46.5537707010905 59.9301954110463 69.7877407073975 92.9373304049174 100.85200270017 96.0728526115417 89.2929832140605 83.8542977968852 85.7011675834656 85.1800441741943 89.8398856321971 92.5688942273458 94.2668318748474 100.211183230082 114.058633645376 115.127126375834 121.363153060277 129.5159359773 146.583080291748 165.207167466482 173.809250195821 176.031788190206 182.790140310923 188.979725042979 189.47579463323 186.115384101868 174.553990364075 103.132446606954 31.0857718189557 9.94849515457948 7.03871933122476 0 5.06501831114292 5.52755407989025 11.864922940731 10.4407196243604 14.6223915119966
187.837163607279 223.740120728811 246.435821056366 247.91826804479 247.192442417145 220.536867777507 174.227118492126 131.607860326767 104.909837245941 95.0499475002289 89.5379483699799 73.9828497171402 62.5236531098684 67.1394815047582 93.3332641919454 100.764662027359 94.1684544086456 95.53462266922 86.1921111742655 83.8361481825511 89.0308717886607 90.3011957804362 91.3122395674388 93.5380260149638 98.6449420452118 114.846269289653 121.572474638621 130.86395462354 138.393064339956 148.027052481969 161.54799858729 173.507928848267 175.102790196737 171.984394391378 173.901279767354 163.185546795527 164.556076129278 151.578803857168 104.168623685837 52.2287289301554 21.5720385313034 19.8969580233097 5.87244766453902 5.61314076185226 6.38706174989541 4.0827551856637 1.92412237326304 2.02867295593023
237.427413463593 252.274334430695 255.555669466654 253.791809082031 254.470070203145 251.451293627421 229.369600613912 183.552940686544 143.671452999115 121.868163347244 121.696333090464 109.387367963791 83.6681028207143 79.4866780440013 90.6784236431122 97.0730384190877 90.2445912361145 90.8178687095642 85.5547885100047 86.032231648763 85.1393540700277 86.5898629029592 86.2892468770345 88.0592862764994 95.1628883679708 108.03618033727 120.568871498108 126.13711754481 135.332107543945 147.94667561849 160.06268064181 162.025898694992 152.382502953211 140.958100557327 143.620391686757 127.034266789754 127.654959758123 112.12561527888 73.9581038554509 38.3564283450445 41.8372253576914 34.1613342364629 12.6389314730962 5.57307340204716 2.11269284288088 0 0 0
248.373528321584 253.649810949961 253.224194049835 254.335284233093 254.524727662404 254.707475503286 246.650914351145 216.57657623291 165.442119042079 135.140399138133 133.108625809352 130.188723405202 113.032360871633 94.7790543238322 91.2842551867167 93.3409333229065 88.3113245169322 84.0164422988892 85.7387185096741 88.5808368523916 84.2921237150828 83.2338978846868 85.0576758384705 87.4456365903219 91.9352571169535 101.131737232208 111.930072307587 112.88712422053 123.575508594513 142.713566621145 153.063317139943 149.126609166463 141.684263944626 135.123948256175 127.044588327408 111.751953760783 116.044104099274 113.103012243907 92.6419297854106 58.1300556659698 54.9870828787486 50.6438116232554 28.1130596995354 7.17302349706491 3.02538834512234 0 0 0
242.334147294362 245.378136634827 242.715020974477 244.556506474813 244.918048381805 241.261581579844 237.619678179423 218.501547972361 175.671855608622 146.414965391159 137.898315985998 131.907612085342 127.946694691976 103.100329637527 95.6762631734212 99.4693835576375 92.7721858024597 83.0820252497991 87.6030127207438 89.7454420725505 86.9182944297791 83.8266611099243 87.6500010490417 93.2421088218689 91.3539826869965 97.1127947171529 103.708922863007 104.425013065338 113.028228282928 134.317815303802 144.999086856842 142.556220293045 144.015789031982 145.036379496257 125.676562388738 118.661711613337 123.516102631887 130.65841794014 125.740150610606 86.2834552923838 39.5514642198881 33.1817443172137 7.89830833673477 0 0 0 0 0
222.049355506897 225.421925385793 227.179268995921 223.058183987935 223.514278729757 222.459435462952 226.647118727366 222.553511460622 185.221970081329 150.587528944016 136.009236176809 126.644482215246 121.507406234741 102.789292732875 91.382106145223 100.655148426692 102.932433287303 88.7004335721334 91.0033384958903 95.384935537974 94.2625006039937 90.2348657449086 90.4371539751689 95.5361425876617 93.1532581647237 93.5301085313161 101.862490177155 108.831346035004 114.161560932795 128.84580095609 141.360342502594 145.152548948924 145.344942808151 148.964822292328 129.138251145681 129.68764702479 130.131890376409 138.775636752447 138.591825962067 99.4641383488973 24.8294721047084 5.17382565885782 0 0 0 0 0 0
201.152900854746 209.175864855448 219.649155934652 215.695023536682 215.551177660624 221.53095404307 228.408416112264 229.831616083781 207.140803337097 165.267119805018 141.557395458221 120.508094628652 108.466237783432 99.2855230967204 88.9607767264048 94.4337248802185 107.276310523351 97.3772009213765 93.2592352231344 97.7902909119924 97.9924003283183 93.1891798973083 91.4780894915263 93.6072071393331 96.1517492930094 95.3951080640157 99.0211665630341 110.132465759913 115.329444408417 120.537608861923 135.02499461174 146.777232487996 147.985597451528 139.071812232335 124.532759189606 139.236162106196 143.829166889191 147.283444801966 145.768384138743 119.683702786764 21.6676766673724 0 0 0 0 0 0 0
163.792371749878 175.423522790273 183.539986610413 189.187169075012 196.768164634705 211.992800235748 223.441123962402 230.324367682139 219.130953152974 184.707125027974 152.884940306346 123.681843280792 106.585214535395 104.451815287272 94.7728355725606 88.2961750030518 101.789017518361 101.319928963979 93.7193632125854 93.2869017124176 95.3097939491272 91.8431580066681 88.1418983141581 90.832511583964 94.2571361859639 99.8576581478119 99.6221403280894 106.812765200933 113.501449426015 114.809632301331 125.81733862559 143.258363008499 145.569831132889 125.926733016968 128.884851932526 151.251574357351 156.545619169871 152.245859305064 150.143096844355 145.7839012146 87.5261227289836 6.52865568796794 0 0 0 0 0 0
126.310616731644 133.72939825058 132.557908693949 143.740673859914 160.918891429901 177.954276402791 191.347440083822 203.337669372559 200.639168421427 176.378428936005 141.992072264353 116.973529259364 104.047993818919 101.500292619069 98.2220371564229 91.4743443330129 96.4087843894958 96.7837373415629 88.8262788454692 88.4806116422017 93.1820273399353 96.0422158241272 94.2448079586029 89.5025034745534 89.8620784282684 93.8193599383036 101.228574911753 104.674895604451 111.190895239512 112.107475598653 116.364816824595 131.131658951441 136.493712663651 129.228591918945 153.319835662842 165.094435214996 161.325563987096 153.903166453044 156.423360109329 170.225977897644 165.289660294851 96.3425040245056 21.2979118029277 1.97261882325013 0 0 0 0
114.91980155309 117.510159810384 116.72435204188 118.071854114532 127.970218658447 133.876035610835 138.03360859553 144.239326318105 142.732242743174 124.756256739299 109.482616186142 104.611178239187 102.474311987559 98.5213220119476 97.0295866330465 96.3672498861949 96.6497957706451 96.1339771747589 89.9645288785299 88.4806215763092 92.9475625356038 98.5179344813029 100.026031335195 96.9272355238597 93.0834611256917 91.2169019381205 102.722545464834 106.375724077225 111.454010009766 113.210697968801 114.507098992666 122.929513454437 129.03971473376 139.341513315837 163.636575142543 163.364857435226 153.38808298111 142.058422168096 145.193179448446 161.535451809565 174.041152000427 168.174306551615 110.067665576935 32.9628239075343 3.08715148518483 0 0 0
124.336659908295 121.41012152036 121.675411860148 120.217899481455 116.718868414561 114.255438248316 111.823191245397 113.258063793182 117.471575737 109.003802140554 100.354770819346 102.192580699921 105.126480261485 104.508618513743 101.920912663142 98.8305310408274 94.6244597434998 102.089941501617 101.761649052302 97.2157716751099 99.3411242961884 100.197285413742 98.8853474458059 100.862642129262 101.635158061981 96.3022708892822 101.8146276474 107.670505841573 110.124041636785 113.225986560186 116.126507520676 121.374895175298 127.618968486786 146.33176724116 157.400588194529 151.736209789912 135.811388492584 124.855478604635 122.31382727623 135.022828976313 167.177716890971 174.623370170593 148.479700088501 82.3837021986644 18.2806750138601 1.30671293785175 0 0
129.353354374568 126.479705174764 128.833671410879 127.427726984024 119.82383330663 116.310179233551 112.800806760788 108.533302942912 108.857105175654 105.172385772069 102.479189634323 101.896891991297 105.41303952535 109.950999418894 108.761310577393 104.805568854014 100.880960623423 106.142530838648 107.994536558787 101.792931556702 98.8745093345642 97.0961054166158 93.492865562439 95.0728257497152 99.5370348294576 97.3671476046244 94.1584805647532 100.682864586512 107.395976781845 109.022259712219 110.281805197398 113.730291525523 126.459827025731 149.846871693929 156.105140844981 136.960566043854 122.524440288544 119.767934083939 121.172408262889 132.107357184092 141.499787569046 144.615471363068 129.073321819305 92.0904676119487 30.3376664717992 0 0 0
112.945626179377 115.377525488536 124.694436788559 121.554245551427 124.537318944931 126.462956269582 125.360796848933 119.721919298172 107.727448145549 106.597016255061 109.369903802872 104.281057914098 105.259368817012 108.954121669133 109.006742636363 105.437437693278 106.05443517367 109.229485193888 109.230329593023 103.120257457097 98.4688401222229 95.7202712694804 93.04145971934 92.1286741892497 94.9543118476868 98.8515019416809 93.5493508974711 96.3162978490194 101.870735486348 104.183187087377 104.690174261729 101.680219173431 114.674230416616 134.704222281774 140.414426724116 125.19250313441 120.148678620656 125.774949789047 130.961835384369 132.32147693634 127.590159575144 125.659594933192 118.382712205251 89.6900296211243 41.4159968495369 0 0 0
