input/barkrak2/radiation/dir04424.grid
NCOLS 85 
NROWS 70 
XLLCORNER 665100 
YLLCORNER 4664600 
CELLSIZE 20 
NODATA_value -9999 
[rows 44 to 65 of 70, columns 0 to 48 of 85]
92.5675133864085 98.8238255182902 101.891328891118 102.916171153386 104.585965474447 106.976181268692 107.438166936239 103.028456370036 98.2003013292948 93.3000445365906 94.7336653868357 92.4529830614726 88.7331863244375 86.8013898531596 86.1854255199432 86.0608021418254 82.1992407242457 88.5472893714905 90.5377268791199 88.9097154140472 84.2550893624624 82.1277846892675 81.2451591094335 81.8066696325938 79.015572865804 86.5747332572937 90.891033411026 88.1357093652089 87.9735350608826 85.9138866265615 81.9867203632991 79.9320389827092 86.6248309612274 91.329554716746 98.309725522995 101.476778586706 107.089022795359 116.306801637014 120.533565680186 109.812557697296 108.719656864802 102.312038342158 97.9266365369161 76.9077936808268 42.0745710531871 4.01116783420245 0 0 0
99.1128881772359 104.289521773656 101.386447747548 104.888965686162 103.430390357971 103.269517421722 105.140139659246 103.353877862295 104.307363430659 98.9788770675659 98.2165038585663 97.0637500286102 92.6318069299062 87.4041120211283 86.1000816027323 89.7931456565857 83.6564004421234 86.7764254411062 91.5652314821879 89.7646148999532 87.6544813315074 86.8468185265859 85.7390364011129 85.6155355771383 86.7030521233876 86.443950732549 92.9460823535919 92.5004680951436 89.3603960673014 88.4542564551036 83.5859974225362 81.1592489480972 83.833913008372 83.1515491008759 83.0654054880142 86.069126923879 95.396747191747 108.183374007543 108.84557167689 95.6082145373027 97.3521371682485 92.8906500339508 90.8104677995046 87.8546436627706 69.2739238341649 32.3424662152926 0.0502823483354102 0 0
98.6721118291219 100.627611080805 103.755354881287 106.132616599401 105.668207009633 105.466981728872 107.255131006241 109.392484029134 105.340629816055 103.430837392807 101.828793684642 101.267009973526 96.9429711500804 93.2312309741974 93.3769146601359 96.9953238964081 94.0951307614644 87.9666606585185 93.7483211358388 92.2725200653076 89.0892545382182 89.6165569623311 89.9107356866201 85.8653287092845 93.9507881800334 85.9010914961497 86.9870483875275 90.2896920839946 90.2675986289978 89.1303817431132 87.9640380541484 83.8321447372437 83.4038456281026 83.1658293803533 85.232933362325 86.0567688941956 88.9550149440765 97.0583856105804 99.22856092453 96.564789613088 94.6790973345439 88.963528474172 94.1176017125448 101.960529883703 92.4848914146423 59.3263258536657 16.6362101833026 0 0
92.4729208151499 94.887097676595 101.205180088679 102.852632602056 107.16587305069 108.526090780894 106.374323368073 105.932136376699 105.626424153646 108.344952265422 104.737758636475 101.184626420339 99.2261568705241 98.9319185415904 96.4027643203735 95.0256188710531 93.7249561150869 86.3652030626933 91.09761317571 92.6995078722636 88.1096124649048 89.4160171349843 92.5336082776387 84.4931403795878 88.0062778790792 87.4940057595571 82.5346956650416 86.4737033843994 88.349461555481 89.0162587165833 89.4417862097422 87.7256989479065 83.1682980060577 86.6538484891256 98.6741483211517 102.872967720032 97.8951255480448 93.8959221045176 96.5713262557983 107.799152533213 99.8499592145284 90.0318026542664 98.7947185834249 104.791680971781 97.2959895928701 77.9888232549032 39.978397389253 7.47208421428998 0
84.7285191218058 88.1856481234233 93.9868489901225 98.2390642166138 104.879985253016 108.873983224233 105.631430943807 103.708803653717 107.564359903336 110.161165396372 107.759167750676 103.133936723073 101.886808872223 102.468321720759 99.4109710057576 93.7170584996541 92.8192834059397 86.582879225413 90.4590785503387 94.4970945517222 93.3948357899984 93.0521289507548 96.12637758255 91.3857718308767 88.9114638169606 90.6525254249573 86.7613255977631 90.3328061103821 96.4742104212443 98.9012122154236 105.183362960815 104.407419761022 94.342052936554 96.5785086154938 105.479250351588 112.816413243612 112.198581298192 103.161921103795 100.335935751597 106.053531169891 98.164568344752 88.6942148208618 86.2450997034709 86.2976411978404 85.034857193629 83.696315685908 72.2414751847585 21.475816766421 3.66729653129975
83.8267703851064 81.1154594024022 85.3818456331889 94.8099891344706 100.986689329147 104.364107052485 107.460866371791 109.808057546616 111.044635375341 107.617636521657 110.066662232081 109.735816717148 105.775912602743 102.638304233551 101.237614949544 96.3774919509888 94.5078035195668 91.4174119631449 94.8450267314911 99.5618303616842 100.055674711863 99.7748672962189 97.8305141131083 97.6853171984355 94.1585103670756 96.5055028597514 96.2187846501668 98.7511078516642 106.83752099673 111.886441707611 118.73522400856 124.373803536097 111.6823554039 107.056081295013 106.024841467539 112.912158171336 116.959472497304 113.592753807704 106.793940067291 95.0189630190531 87.5575641791026 88.3286197980245 86.6634647051493 81.8380216757457 78.1952689091365 81.9633305072784 78.0175427595774 28.3151715993881 4.66997362673283
84.4240685304006 87.7506931622823 91.469407081604 98.3195205529531 99.2024938265483 99.5600322882334 107.883175214132 113.46036195755 112.962742646535 112.592359383901 112.574537595113 112.11770772934 108.516335487366 103.663583596547 103.49440574646 106.86590274175 99.5418230692546 98.8158186276754 100.509107112885 105.836262305578 105.834712584813 103.342831134796 100.429356098175 100.290993849436 94.9966510136922 100.317537784576 104.676147301992 106.189707914988 111.487209796906 120.445917050044 126.362929741542 128.936549027761 125.082939863205 110.942890246709 96.5824723243713 101.259132226308 111.843943595886 117.961545785268 107.270022233327 90.0257627169291 82.2981844345729 90.7474954922994 92.2070443630219 88.5814825693766 82.9040904839834 80.5029322703679 66.5409316619237 34.3473007281621 6.50748858849208
85.0587884585063 96.2586204210917 98.9761153856913 101.130902767181 98.96253546079 98.2248485088348 106.129864851634 111.821164687475 111.218462387721 116.614282131195 113.812337319056 113.296886285146 111.021508773168 105.732550223668 105.91334104538 112.666875123978 105.290869871775 101.972450812658 99.6344288190206 102.188169956207 102.591981490453 101.314802964528 100.775649150213 97.3881483078003 95.3461527824402 96.817155679067 100.489228963852 101.948360602061 104.770600795746 114.179273446401 121.635138988495 129.307478666306 121.557295322418 102.438469727834 70.4830388228099 46.94731036822 73.7469096978505 101.040760676066 113.383144140244 116.072555383046 108.74221722285 99.1554458936055 83.8096638520559 81.755389769872 89.2480313777924 82.8395833571752 63.4312530358632 51.1363347371419 13.5928255816301
88.8892809549967 86.7525537808736 85.7670108477275 88.5195930798848 96.1198409398397 101.504862308502 101.79008046786 108.490645885468 108.436018228531 113.192707300186 113.419264554977 115.083356698354 114.398221174876 109.505742788315 106.713831424713 106.218884388606 108.841856320699 101.778368155162 96.3151355584462 94.3367779254913 93.0249094963074 95.3354040781657 96.8843102455139 91.3361509641012 93.595693508784 89.7751847902934 91.7094747225444 93.2893455028534 92.5499796867371 96.6405173142751 101.236263910929 111.88946167628 107.826699813207 83.7953686714172 51.6345202922821 29.8873732487361 31.2330772479375 53.5304645697276 94.5701400438945 111.976365248362 118.205626805623 101.417869329453 80.2328586578369 75.973908106486 83.5133492946625 75.2287954092026 49.8350709676743 67.2164658705394 48.2541273037593
92.2333598136902 81.4880132675171 78.4897257884343 84.1840704282125 96.6869990030925 106.333176294963 105.380107959112 106.598794460297 109.117011229197 109.051605065664 111.918250719706 114.526718854904 116.16180340449 114.038268725077 108.550469080607 105.826854705811 109.165360530217 102.273305257161 97.5729525089264 98.3047386010488 99.1188486417135 96.0367222627004 94.4895545641581 90.1280144850413 90.5535419782003 89.2371932665507 88.228444258372 89.0798171361287 88.184118270874 84.5951537291209 77.4420251448949 81.2937567631404 83.0710728963216 67.5453841686249 53.1746248404185 31.1968798438708 18.4767916798592 16.0214963058631 30.6506529450417 64.1253193219503 100.581467151642 91.4914111296336 80.7176729043325 63.5750343402227 59.5022936662038 59.2510799566905 57.7066838741302 76.5715440114339 87.8834227720896
92.3988421758016 86.6083999474843 83.9119851589203 88.8696014881134 99.0725159645081 107.845117648443 110.779265562693 106.774747371674 111.471692721049 109.413743019104 113.110760847727 114.733576774597 116.648823022842 118.008693059285 111.945499976476 111.475179592768 111.6930047671 105.471511681875 101.165801286697 101.536214351654 102.651506662369 99.4307398796082 97.2502827644348 97.7586309115092 94.8275923728943 93.2443737983704 90.4131929079692 88.9955957730611 83.594818909963 77.8568337361018 68.3842400709788 71.0654159386953 76.4222145080566 77.5701850652695 75.7818718751272 63.4897003571192 37.090448041757 22.2753485043844 17.0222160716852 26.109017431736 47.6813067992528 69.8476781447728 47.7284689744314 39.0748580296834 38.6126364270846 46.2644845247269 61.2509101629257 68.909098704656 83.0663442611694
96.1225628852844 94.5757925510406 90.1594758033752 88.2911086082458 94.2665139834086 106.810023387273 109.292844931285 106.953680515289 108.706553777059 113.868852456411 120.777358611425 121.309449275335 118.700802326202 118.967453638713 116.386989752452 115.713477134705 116.058200597763 111.777812242508 106.494168440501 102.321634689967 101.168890794118 99.1236567497253 102.048208316167 105.942785739899 101.607273022334 99.4941890239716 92.9953753948212 82.7161371707916 74.6379941701889 71.3484684626261 71.3433672984441 77.0067125558853 81.8396558364232 93.471626440684 101.073443889618 99.8798112074534 83.4285616874695 65.7864362001419 49.3194609880447 27.8189356128375 32.059038678805 56.7455987135569 57.1006933848063 45.2812612056732 45.3649858633677 62.4477316935857 86.9929293791453 82.1609248717626 77.0559857288996
98.8583962122599 98.3661909898122 96.906969944636 92.5316413243612 93.1940376758575 103.199571371078 107.226192951202 107.263038555781 106.721232334773 116.007844607035 124.510238567988 123.281329870224 118.811100721359 121.181974808375 121.961613496145 114.58882689476 116.874277591705 113.416224718094 108.953644831975 106.747428576152 104.663878679276 104.278723398844 103.058040142059 99.1418063640594 96.8156556288401 92.1999514102936 70.5581903457642 50.7009625434875 45.7049707571665 53.8249015808105 68.5651401678721 73.40107858181 79.8779229323069 87.6318017641703 97.8679358959198 110.28520266215 113.474468390147 93.6887760957082 93.8129623730977 60.3975902001063 39.679025610288 58.4792494773865 74.9816099802653 75.7826069990794 75.6695965925853 91.1100606123606 120.205372571945 108.064393202464 83.9562316735585
97.5295205911001 95.7729419072469 99.6153950691223 100.213527679443 97.0082680384318 99.8383561770121 107.22874601682 108.260373274485 107.832233111064 115.566511948903 123.791495958964 122.258275747299 117.149939139684 119.743158419927 123.617072900136 113.409131765366 114.324688911438 112.488011519114 109.414041042328 110.364298025767 111.610839764277 110.813061396281 104.847133159637 97.2919861475627 95.4622526963552 93.7406023343404 74.4510193665822 53.8394351800283 54.5116066932678 64.943199356397 77.7332882086436 79.4374247392019 91.1149084568024 102.532714605331 109.673539797465 121.029714743296 99.0735987822215 53.6376436551412 54.0100783109665 64.0933066606522 66.5930211544037 81.6978365182877 86.8792831897736 70.2380041281382 44.316902756691 70.8536704381307 96.7134634653727 91.3356343905131 76.8427699804306
85.1834019025167 93.6903258164724 97.3570644855499 100.155711174011 99.7483928998311 96.0012276967366 107.131739457448 111.821283896764 111.689120531082 116.650283336639 120.069672664007 120.020767052968 118.77786119779 116.413901249568 117.875079313914 113.234400749207 109.535266955694 112.769325574239 114.529192447662 115.567624568939 116.335898637772 111.439516146978 108.530968427658 103.67273290952 100.542744000753 101.06439391772 96.6065029303233 89.3966356913249 93.2540893554688 98.0092187722524 95.5237845579783 89.6666646003723 105.717082818349 115.146150191625 109.888652960459 82.2530686855316 71.9526906808217 34.5482875903447 21.8065703908602 34.8102524876595 56.9301297267278 92.4945473670959 90.168575445811 75.4760106404622 62.3554488023122 65.3096338113149 81.6933314005534 86.5097542603811 84.0758681297302
74.2443551619848 90.453694264094 95.2021280924479 98.0519652366638 101.190368334452 96.8475143114726 101.809044679006 111.416906118393 122.155050436656 122.93803691864 118.976732095083 116.878767808278 118.756175041199 117.375562588374 117.212186257044 114.492962757746 110.221286614736 111.624926328659 109.354813893636 107.003211975098 109.084904193878 107.749213774999 106.247097253799 104.476849238078 103.930026292801 110.086113214493 118.603716293971 122.474392255147 107.800304889679 102.664152781169 99.750429391861 89.8139377435048 100.035667419434 90.692937374115 48.2691377401352 37.791962424914 36.0697458187739 27.1978129943212 13.7092756728331 9.15301715334257 11.6949106256167 38.6687989036242 87.4772270520528 103.998561700185 119.763990243276 114.053706328074 109.687666098277 107.597827911377 106.339126825333
75.8549124002457 87.144394715627 95.2607889970144 98.0786283810933 99.5910267035166 100.186725457509 94.2924916744232 105.281472206116 127.409180005391 126.324504613876 117.7718937397 113.618413607279 116.602559884389 119.961778322856 118.786245584488 115.17326037089 113.51086695989 110.727697610855 103.52568825086 95.5291191736857 95.2712496121724 97.7302591005961 98.798265059789 101.806571086248 102.969378232956 109.892785549164 125.934292872747 137.025942405065 112.710932890574 106.286118427912 91.1786456902822 79.6553591887156 79.397718111674 74.2222319046656 52.8959135214488 31.2195296088854 32.6934109131495 43.1804458300273 34.5339700579643 18.8463131586711 8.51692880193392 19.3634293973446 65.2797520160675 97.9816814263662 89.7985994815826 103.099266688029 97.3647236824036 100.207885106405 95.4107741514842
89.5323952039083 92.7027563254039 95.4420765240987 91.8290019035339 84.834893544515 81.5661648909251 90.1724596818288 96.6943005720774 107.421219348907 104.26585872968 102.315922578176 108.712255954742 115.474025408427 116.990904013316 112.373063961665 114.413768053055 114.295423030853 107.66077041626 98.6840228239695 92.574546734492 91.9938683509827 92.8841630617778 95.352977514267 97.5399414698283 96.9026784102122 103.106657663981 113.977452119191 126.924057801565 115.582446257273 97.1741576989492 86.7056647936503 71.5468476215998 64.2158885796865 77.9907057682673 72.0767825841904 43.5167253017426 52.0778894424438 84.4213167826335 88.6060396830241 66.2015577157338 33.8570723930995 22.4123150110245 42.6423698663712 53.863932689031 49.3366817633311 55.5788179238637 69.5833216110865 74.6802190939585 73.2069959243139
102.465083201726 98.5864400863647 94.6200788021088 86.5073998769124 75.0642319520314 67.85482664903 80.6963294744492 79.0320734182994 67.4425611893336 68.559318780899 81.1495780944824 95.1603651046753 101.241201162338 106.473674376806 110.00140508016 121.183017889659 123.568813006083 113.983333110809 104.457686344783 100.425660610199 96.7944761117299 95.9533154964447 97.7553427219391 96.5079764525096 95.2184001604716 98.6469984054565 102.091401815414 109.679152568181 103.141963481903 83.1164618333181 82.36330250899 75.9464899698893 70.6480493148168 88.3047978083293 93.3183232943217 79.9882014592489 70.5623775720596 71.5787311395009 77.4749219417572 75.7170021533966 53.2066822052002 40.0947257876396 42.3140823841095 34.8802556594213 26.6283204158147 29.8289308945338 40.1133572061857 51.2321541706721 59.4677627086639
105.696459611257 98.1557567914327 92.650165160497 88.2634917894999 80.2643199761709 73.1179316838582 67.2560036182404 61.4363451798757 41.9615060091019 52.4709969758987 75.4799544811249 87.7810517946879 88.8353784879049 97.4074204762777 112.643003463745 130.056669314702 136.025855938594 127.932926019033 118.047734101613 113.152861595154 107.25282629331 104.872783025106 104.037900765737 98.695715268453 98.0724294980367 96.0341393947601 94.4621066252391 92.8622285525004 93.1397477785746 72.134072581927 73.9590227603912 75.1316448052724 71.2745587031047 92.2808945178986 111.59747838974 115.006566047668 88.5234872500102 41.0598566134771 35.9449858466784 52.574356396993 57.1055114269257 52.1201590696971 54.755245645841 49.2689907550812 35.8664741118749 31.3264007369677 43.6877012252808 54.9133320649465 65.7627085844676
108.59602689743 102.575689554214 101.126839717229 102.424681186676 98.7169543902079 91.3397868474324 85.2607289950053 86.4333311716716 84.5636328061422 89.6172324816386 99.612832069397 107.383231321971 107.73378610611 101.739903291066 113.30505212148 131.290594736735 142.408271630605 141.944855451584 133.859137694041 122.651994228363 114.932964245478 109.051654736201 107.646107673645 108.168701330821 102.518041928609 91.1808609962463 85.7039888699849 84.4592352708181 83.7523341178894 79.6863883733749 65.5101239681244 54.8722197612127 48.3885010083516 79.3823649485906 120.609392722448 129.256874322891 94.8076546192169 57.5601359208425 27.62404580911 27.867928147316 32.6881011327108 43.3674603700638 58.6421390374502 65.5149221420288 68.1984424591064 53.1065215667089 52.4178047974904 73.0021546284358 106.743743022283
109.533319870631 106.425692637761 106.612205505371 108.425319194794 107.651482025782 103.317429622014 102.396547794342 111.811180909475 130.185117324193 125.030656655629 115.600168704987 118.132770061493 124.983807404836 110.200196504593 111.244261264801 120.475590229034 131.501317024231 138.351102670034 138.36990793546 130.630642175674 124.109576145808 116.691341002782 110.720952351888 106.395850578944 101.384143034617 86.4389141400655 77.034721771876 74.2227385441462 75.6816615660985 67.709947625796 37.2781430681547 34.2777123053869 27.322086195151 43.8612302144369 118.852774302165 130.350271860758 109.439353148143 98.5222856203715 62.8856718540192 21.2067117293676 12.8406335910161 10.1165908078353 32.3410878578822 71.5221017599106 80.8407167593638 69.5547014474869 68.1575536727905 98.7022519111633 165.38193821907
