input/barkrak2/radiation/dir07524.grid
NCOLS 85 
NROWS 70 
XLLCORNER 665100 
YLLCORNER 4664600 
CELLSIZE 20 
NODATA_value -9999 
[rows 42 to 62 of 70, columns 0 to 45 of 85]
180.978834629059 178.282161553701 179.980993270874 178.611656030019 172.076384226481 167.546610037486 164.432307084401 159.341335296631 159.504701693853 155.773639678955 153.920829296112 151.513000329336 156.159371137619 159.213940302531 159.126073122025 154.817312955856 152.121325333913 157.183855772018 158.733000357946 152.069350083669 148.818016052246 147.183100382487 145.014186700185 146.422813336054 150.937974452972 148.673216501872 145.102053880692 151.822944482168 158.792157967885 161.803215742111 162.917584180832 164.20316696167 174.033919970194 196.129560470581 203.211784362793 177.794277667999 163.136263688405 161.058793465296 166.839142640432 178.595582644145 188.276886940002 188.606460889181 176.011443138123 145.375669002533 83.7628940741221 28.5759816567103
164.657890796661 167.392492294312 175.277292728424 173.030654589335 176.069418589274 177.38950252533 176.022748152415 171.055893103282 158.65566333135 157.593776782354 159.821371237437 155.35898009936 154.616167147954 159.634719292323 159.423619508743 155.435115098953 157.275597254435 158.823410669963 160.40168205897 153.68577837944 147.246470053991 144.624253114065 143.261750539144 141.837457815806 144.59964632988 148.573954900106 144.477099180222 147.216180960337 152.871499458949 156.699577967326 155.403723319372 153.889199097951 165.366649627686 182.613988717397 181.602438290914 165.801733732224 160.543342431386 170.169691244761 176.903446515401 178.746302922567 172.549605369568 167.298932870229 160.591314236323 133.160412311554 88.5398685932159 30.231033762296
162.321517864863 167.922794818878 170.415023962657 171.994924545288 173.909544944763 175.620118776957 175.966183344523 172.247727711995 165.883858998617 160.892228285472 161.555369695028 158.728629350662 153.626551230749 153.049170970917 152.077913284302 152.766128381093 147.731045881907 154.547313849131 157.57883588473 154.057631889979 148.923108975093 146.884500980377 147.062599658966 146.708468596141 143.44177643458 152.74511774381 157.584091027578 154.498308897018 154.204368591309 154.488215843836 149.477740128835 147.597630818685 154.141932725906 159.026046593984 159.878303607305 159.14116303126 163.923819859823 178.474883238475 184.065183003743 174.306273460388 172.627607981364 162.554184595744 156.863103310267 136.617869138718 101.89496477445 55.8275679747264
168.037374814351 173.151771227519 169.675389925639 173.796713352203 172.52637942632 171.568512916565 173.423012097677 172.032753626506 171.857396761576 166.781783103943 164.292862017949 163.484921058019 157.258053620656 153.098245461782 151.068876187007 155.683616797129 147.840370734533 150.472462177277 157.415519158045 155.092030763626 151.584972937902 150.725255409876 150.405675172806 150.728831688563 151.238650083542 150.63738822937 159.731149673462 157.993853092194 155.757476886113 154.488543669383 151.043474674225 146.880865097046 151.043275992076 148.663153251012 143.571883440018 143.876155217489 152.843157450358 167.829434076945 169.419944286346 155.597259600957 159.085144599279 152.673294146856 149.755497773488 147.203226884206 131.024479866028 90.6039774417877
167.258381843567 169.477860132853 171.80202404658 174.565712610881 174.708922704061 173.193395137787 175.308763980865 177.41064230601 172.504882017771 170.604387919108 167.792042096456 167.023360729218 161.90446416537 159.00707244873 157.013942797979 159.952769676844 157.39048520724 150.242944558462 158.398201068242 156.739393870036 153.144995371501 153.511762619019 153.448184331258 149.12944038709 157.208224137624 150.359839200974 151.606778303782 155.773142973582 155.585507551829 155.208170413971 154.689441124598 150.799532731374 149.216632048289 147.805611292521 145.377635955811 144.181917111079 147.868822018305 157.177746295929 159.033238887787 157.92245666186 156.313051780065 148.922940095266 153.489937384923 161.252876122793 153.437962134679 119.071582953135
162.016739447912 163.626829783122 170.117815335592 171.682079633077 175.832629203796 175.991753737132 173.790037631989 174.218555291494 173.035244146983 174.722095330556 169.988354047139 165.001134077708 163.701434930166 163.846969604492 159.683754046758 157.866895198822 157.454272111257 147.794355948766 153.002897898356 154.631823301315 150.550315777461 152.14459101359 154.164423545202 147.492011388143 151.15620692571 151.036312182744 145.827104647954 150.114138921102 154.72290913264 154.046714305878 154.971788326899 154.981027046839 148.759712775548 152.276118596395 160.401920477549 162.204772233963 157.856464385986 153.57839067777 159.517288208008 171.097755432129 160.474201043447 151.132603486379 158.645580212275 164.605319499969 158.241162697474 137.565831343333
153.87886762619 156.29639228185 162.960032622019 167.570432027181 173.442641894023 177.619258562724 173.642913500468 171.658198038737 173.746565977732 175.794959068298 172.91537920634 168.703238169352 165.276428063711 164.731085300446 162.194301684697 156.084169944127 154.314279556274 148.064245780309 151.938150326411 156.431327263514 154.881109793981 153.395126263301 156.438251336416 151.420116424561 148.755411307017 152.708391348521 148.576527833939 152.091602484385 160.370965798696 165.603448947271 170.474032560984 171.864330768585 161.235779523849 164.618889490763 171.944499015808 174.657920996348 173.034568627675 166.01308186849 163.842380046844 167.516430219014 157.569805781047 149.449129899343 146.910160779953 145.973632733027 143.95139614741 142.938156922658
153.565386931101 149.880121151606 155.399511257807 163.667569557826 169.986009597778 173.16989103953 176.504532496134 177.652994791667 178.218960762024 173.407932122548 176.015337308248 174.548467000326 169.133285681407 166.703720887502 163.663685321808 158.236841360728 156.944831212362 151.59077445666 154.607276121775 160.026292006175 161.088893810908 159.852137168249 157.935400803884 157.653470834096 152.953545252482 157.29691584905 155.888954798381 158.016582330068 167.052149772644 175.04894733429 185.408095518748 187.30374177297 178.385476271311 175.200422604879 172.457377115885 177.128354708354 179.741362730662 178.671002388 167.493144671122 155.586739381154 146.374066670736 148.286322752635 146.675825119019 140.98933339119 137.097259362539 141.861865917842
154.635459184647 157.331148783366 159.223616123199 166.942358016968 167.483389377594 168.879806995392 176.368355751038 181.626697381337 180.352807044983 179.593662420909 177.996675173442 176.871657371521 173.123200734456 167.307813962301 167.708277702332 170.174241065979 161.00138425827 157.257527112961 160.15229622523 166.444112857183 167.265892028809 164.242347081502 160.36448876063 159.00926788648 153.909971316655 160.648167133331 162.332564592361 165.49480954806 168.514708677928 179.519693056742 186.462740103404 194.53763961792 188.44203154246 175.68035920461 164.958347876867 166.444877783457 174.871921539307 181.997378667196 171.100934346517 148.922155300776 140.90617497762 150.691648324331 154.159406820933 148.753484090169 142.944892247518 139.424294233322
154.422521591187 165.844331185023 167.223552862803 170.577049255371 168.73437166214 167.934060096741 174.643397331238 181.0009876887 179.688771565755 183.265407880147 181.457877159119 179.737667242686 175.94583829244 170.923709869385 168.304085731506 174.876650174459 167.028645674388 161.788642406464 159.004002809525 162.637293338776 163.399746020635 161.54482960701 159.577399492264 155.475427707036 152.841409047445 154.960711797078 159.930487473806 161.009848117828 163.561681906382 168.676575024923 179.709235827128 191.045165061951 187.051077683767 165.599425633748 131.076981623967 123.272091150284 144.178579250971 167.217930157979 177.813827991486 174.405217170715 169.070184230804 161.220769087474 144.341339667638 140.475253264109 149.807194868724 140.602727731069
157.715320587158 155.279417832692 155.557215213776 158.897817134857 166.909495989482 170.767784118652 171.067357063293 177.143633365631 175.858060518901 180.628498395284 180.539230505625 182.809710502625 181.474924087524 176.227947076162 171.405096848806 170.440812905629 171.529571215312 163.017908732096 157.167782386144 156.300355990728 155.863841374715 157.290746768316 157.944142818451 151.731590429942 153.094977140427 148.10578028361 151.854862769445 151.057561238607 149.051318566004 151.220748821894 157.834351062775 172.862728436788 169.964253902435 142.194380362829 104.851057132085 84.6216380596161 92.9862459500631 123.781303564707 160.348365704219 175.77451467514 177.556494871775 160.705943902334 138.208548227946 134.800096352895 143.791486819585 129.990408817927
163.600951433182 151.817619800568 148.909747600555 154.085427522659 167.190074920654 175.537864367167 174.765845139821 175.818920135498 178.641478220622 177.607198556264 179.635405540466 182.808558146159 184.071103731791 180.847624937693 173.565944035848 172.375559806824 174.194931983948 164.306432008743 159.102698167165 160.39901971817 159.774382909139 156.591196854909 154.790212710698 150.607794523239 150.072832902273 148.509085178375 148.243586222331 146.834820508957 147.620340188344 141.842385133108 132.702797651291 141.232043504715 141.571938991547 121.16946776708 104.749451080958 85.6383939584096 65.9332424402237 73.3778228362401 97.8066225846608 135.253270467122 159.301280975342 148.567140102386 137.391994396845 132.27778673172 124.080638090769 115.525553623835
164.652953545252 158.108333746592 154.284526904424 158.292551835378 169.335087140401 177.533586819967 181.080679098765 176.721374193827 181.544264157613 178.737799326579 181.760768095652 184.035400549571 185.019592444102 185.518880685171 179.436246554057 178.509751955668 178.456028302511 170.553425947825 165.21226366361 166.88613096873 166.998585065206 162.358383337657 159.57827369372 158.844918012619 155.056873957316 154.362519582113 150.39465824763 147.694269816081 143.568386634191 138.266324996948 125.482320785522 130.20595908165 133.313030004501 131.353656450907 130.490193764369 119.234412908554 90.654859940211 73.2358793417613 67.0477151870728 82.57723848025 119.281768798828 123.86479973793 112.354467312495 97.5239177544912 95.2393809954325 104.086051384608
169.808169205983 166.951497395833 161.210159460704 157.225131988525 164.720396200816 176.97815100352 180.181125799815 177.648921807607 178.314487139384 183.428585529327 188.920537630717 189.070383707682 188.158273696899 187.857031822205 183.087944984436 181.732356548309 183.412770430247 178.628007570902 172.449827194214 169.544100761414 167.379518349965 165.734310944875 166.716933250427 168.56316725413 163.785696029663 161.403357982635 153.076142072678 142.403920491536 135.319252808889 132.158786058426 128.771960735321 135.823269685109 139.666477839152 149.949252605438 157.684663931529 158.10423096021 147.484401861827 128.427088260651 110.426992177963 77.870895465215 87.7874493598938 108.245104551315 107.931057612101 95.3365365664164 96.5642035007477 115.318169196447
173.194289207458 171.584407488505 169.195115566254 162.333110968272 162.542392810186 174.003183841705 178.964197635651 178.606688976288 177.687088648478 185.227592786153 193.280339241028 193.707446257273 188.652634620667 190.091967582703 190.545399983724 183.586915334066 185.656905174255 181.100805600484 175.999681154887 173.897822697957 172.507226467133 172.376255194346 169.135212898254 165.655116240184 163.121481736501 158.361484607061 136.05801264445 113.188654184341 108.107676108678 117.072860399882 128.612627585729 132.398823897044 138.006001710892 144.394685824712 157.253613074621 171.835660934448 176.566660404205 173.051695028941 174.103577931722 123.403271039327 93.088686466217 111.375629901886 129.149496555328 132.299969593684 134.064853191376 149.109462896983
172.665774822235 169.61391766866 172.424475351969 170.909523963928 166.65244102478 170.605937639872 179.653028647105 180.31895160675 177.934249242147 184.530516465505 192.587335904439 193.304439385732 187.76927391688 190.715948740641 193.104863166809 182.737390200297 183.766742547353 181.098421414693 178.130249182383 178.901016712189 179.703136285146 179.464936256409 174.368818600973 167.550444602966 166.820367177327 163.353284200033 142.178455988566 117.075721422831 115.76979358991 124.936918417613 137.359440326691 140.194515387217 149.477819601695 160.50460934639 176.554203033447 172.473629315694 168.899178504944 119.998415311178 111.311634381612 125.568648179372 123.967488606771 139.934519926707 143.614023923874 126.317620277405 114.818692207336 129.251648982366
160.833646853765 168.420513470968 170.70996761322 172.723015149434 170.481324195862 167.888025442759 180.081307888031 185.103833675385 182.990431785583 185.112039248149 190.711776415507 191.894690195719 190.047939618429 187.397360801697 188.473363717397 184.053043524424 179.660081863403 181.881904602051 182.663440704346 184.378882249196 185.880502065023 181.849737962087 179.950873057048 173.400203386943 172.520856062571 172.321836153666 166.077345609665 157.043407360713 157.399286826452 161.880970001221 157.130002975464 150.209158658981 163.480420907338 176.472385724386 167.789975802104 156.469533840815 119.21368042628 81.1588515837987 58.4701597690582 92.3372805118561 127.952247858047 151.054441928864 144.946356614431 129.515469074249 119.421382745107 125.481069087982
149.700353542964 165.47570625941 169.022659460704 170.186003049215 172.983527183533 168.868501981099 174.755414326986 184.203743934631 193.436046441396 192.018628120422 190.674146016439 189.656058947245 190.766950448354 189.119160175323 188.482185204824 185.573120911916 181.44029378891 182.218194007874 180.206000804901 177.764515082041 179.791291554769 179.109871387482 176.950573921204 175.906856854757 176.094094912211 181.954801082611 191.670457522074 196.108897527059 180.715362230937 176.991323630015 163.403252760569 151.414026816686 158.308138449987 149.032880862554 117.047776778539 78.6310185988744 75.6581326325734 64.606562256813 48.4808931748072 48.5356946786245 74.3435720602671 113.22691043218 142.750203609467 164.25018509229 181.127985318502 177.404622236888
151.173194249471 161.876142024994 169.529875119527 170.555512110392 172.126591205597 172.211329142253 166.49662454923 177.782773971558 197.138508160909 195.690592130025 190.403719743093 187.174340089162 189.369479815165 191.272298494975 189.916690190633 186.168968677521 184.207081794739 180.294513702393 174.085934956868 166.328777869542 165.049046278 168.865660826365 169.697145620982 171.813468138377 175.274391969045 183.566987514496 202.309449513753 210.813363393148 192.274292310079 180.452466011047 159.620314836502 139.518837134043 138.548930486043 128.548542658488 101.417342821757 74.6968438227971 76.6220639149348 90.5919373035431 85.0664575894674 68.0704414844513 54.5799185832342 75.5185832579931 121.762653191884 158.316483100255 169.73086198171 165.240307648977
163.007100423177 166.461209456126 168.772538503011 164.910316467285 157.647828261058 155.588577191035 164.110451936722 167.120536168416 178.056677182515 177.322169144948 176.781853040059 182.649890581767 187.857568264008 188.060800234477 183.880070845286 186.177531878153 184.721966584524 177.375276883443 168.778916200002 161.954452594121 160.384515921275 160.172909498215 163.720667362213 165.627767642339 167.113244533539 170.439541339874 183.946232000987 197.059988975525 190.696974595388 173.733512560527 149.548133214315 131.00329041481 122.103075186412 131.84067606926 121.769328912099 96.0622429847717 102.053682009379 143.092185258865 152.581036090851 128.391683101654 89.1941785812378 75.145035982132 96.0421860218048 116.442064444224 115.068187316259 122.756163279215
177.317261695862 173.239489396413 169.820388158162 161.684483289719 149.974405765533 139.894088109334 153.81587545077 152.262022097905 139.986972014109 143.517235914866 158.854116996129 170.991758505503 175.349354743958 180.011391639709 182.968417803446 192.990044752757 194.624145825704 184.913416703542 174.230058987935 168.968002001444 164.523839950562 162.197291851044 163.928081591924 161.218057076136 161.138902107875 165.457914272944 171.431541442871 172.099530696869 169.772326946259 144.620815912882 146.977057059606 138.402591149012 129.289388656616 143.389493227005 143.102029959361 130.661199490229 126.23792886734 130.661269028982 136.865645647049 136.771897474925 117.447366317113 98.0310340722402 96.0768560568492 91.6407108306885 76.7540633678436 90.0519688924154
