input/barkrak2/radiation/dir04824.grid
NCOLS 85 
NROWS 70 
XLLCORNER 665100 
YLLCORNER 4664600 
CELLSIZE 20 
NODATA_value -9999 
[rows 0 to 21 of 70, columns 0 to 48 of 85]
130.840510129928987 148.020923137665 166.955610116323 188.916603724162 200.245896975199 202.317098776499 199.790894985199 195.966601371765 194.652577241262 198.301037152608 198.481301466624 195.562064647675 191.618243853251 192.42795308431 193.210323651632 179.72324291865 166.046986977259 154.756883780162 153.34564447403 148.921618858973 150.963256756465 169.483542442322 195.17985979716 201.133747895559 205.004135767619 218.081076939901 217.242896556854 202.962915102641 190.559188524882 190.477093060811 185.857892036438 208.860675493876 252.824505170186 250.17112493515 249.114314715068 236.361424128215 241.218527158101 255.118509133657 250.965754191081 252.20263004303 241.606195767721 248.619039853414 255.936582883199 249.549766381582 237.798511981964 243.013183275859 245.300571123759 215.73269367218 148.26692144076
107.268710931142 124.091138442357 139.924049377441 160.122871398926 175.950984160105 186.094323794047 192.021648089091 198.160926500956 205.021838347117 204.955716927846 202.50403881073 198.166449864705 193.978508313497 194.420695304871 194.410006205241 181.373616059621 173.177202542623 163.618783156077 159.69654917717 153.143306573232 164.131720860799 189.480106035868 210.116465886434 211.437483628591 215.882857640584 222.015043099721 217.296858628591 207.037568092346 195.438841978709 192.565162976583 193.33161910375 223.228454589844 255.157689253489 251.170833905538 247.727572917938 238.551318645477 244.34220790863 255.195875962575 248.047729333242 249.202946821849 244.330445925395 246.113061904907 242.644806702932 233.925004800161 229.293127854665 241.645534833272 238.478382428487 200.231830279032 159.193217754364
71.9131231307983 81.9518864154816 93.2323733965556 105.638404687246 120.827694733938 135.424186786016 149.562418460846 170.754770437876 187.808970610301 190.88888168335 193.884094556173 197.579344113668 202.130277951558 204.647163550059 207.088510195414 208.574334780375 206.100443998973 192.974666754405 176.059703032176 167.841215928396 179.536660512288 197.38628466924 208.688537279765 211.483955383301 217.074374357859 216.644783814748 212.407191594442 205.846885840098 199.987371762594 201.952258745829 212.642053763072 239.224354426066 255.815545717875 254.081646601359 246.936142444611 243.837197621663 250.679612159729 255.215684572856 251.521150271098 246.487120787303 240.21836121877 230.333904425303 216.817200183868 211.130519707998 219.419519106547 237.456440925598 225.959479808807 190.525273482005 177.671551704407
55.2743176619212 55.9898912906647 61.5805288155874 67.6200687885284 74.5556602875392 83.2278430461884 94.369371732076 112.088988224665 133.786042531331 154.164552688599 174.19159412384 192.15726852417 203.772207101186 207.953790823619 211.960514386495 218.967616558075 215.86283047994 204.462826251984 185.810923576355 177.998602390289 178.769528865814 179.712017377218 192.050317923228 201.895534992218 203.291058540344 203.723172346751 206.191559632619 205.803513526917 206.235110759735 211.611072222392 218.678832054138 244.980911413829 253.326952457428 252.324422200521 247.961004575094 248.92787138621 251.874387264252 251.161952813466 245.20750840505 233.365654945374 225.872417291005 213.858306407928 210.255324840546 223.206003506978 237.092256546021 231.315712134043 211.634993553162 186.672846476237 187.941988309224
74.7440656026204 59.9584231774012 48.972100019455 40.4036690791448 41.8547143538793 56.3313911358515 80.3012947241465 92.5283531347911 102.746496597926 111.085991064707 136.220554510752 164.124548435211 180.204033851624 188.63985935847 196.202019850413 201.273421446482 198.322256406148 191.507200400035 184.007445971171 178.650816281637 173.980553944906 172.677357991536 182.012061278025 192.668338616689 196.946899096171 202.019850413005 204.86851533254 205.268184343974 206.874251365662 207.542260487874 214.654187361399 240.929484367371 241.296966870626 246.825516223907 246.04872862498 244.790116945902 243.030110994975 240.549763043722 229.72313563029 219.570318857829 218.295594056447 216.743508974711 223.147253195445 234.222670396169 236.363609631856 212.814827760061 182.644645373027 175.445278485616 182.14750289917
118.489801883698 91.123640537262 64.9047195911407 43.0971880753835 35.7357114553452 44.5765902598699 65.8059318860372 88.8025164604187 94.2122538884481 92.7107632160187 101.935029029846 116.414427757263 127.928068240484 134.969999392827 146.828909715017 158.675720294317 163.952171802521 172.33548561732 180.376211802165 184.593737125397 185.20176410675 185.937583446503 183.81929397583 186.511596043905 192.602117856344 198.723912239075 202.326993147532 205.720245838165 207.653860251109 210.681557655334 224.598348140717 239.452064037323 232.234795888265 233.126978079478 233.224431673686 232.259790102641 235.894640286764 230.877757072449 220.13654311498 220.471282800039 219.934582710266 217.859427134196 220.088124275208 223.776857058207 215.483089288076 181.628425916036 153.542260328929 163.021802902222 183.056652545929
127.787947654724 112.085441748301 98.3396669228872 76.6164710124334 55.4216802120209 43.8791612784068 48.6569851636887 75.1868337392807 94.8570569356283 102.695425351461 99.5461146036784 94.3946043650309 90.6071265538533 86.0516826311747 89.1641974449158 105.439215898514 120.449006557465 144.615123669306 166.987438996633 181.198557217916 189.411600430806 193.771402041117 189.00054693222 185.064276059469 188.544392585754 190.548300743103 195.259928703308 200.452188650767 205.40980497996 212.295413017273 224.295695622762 229.081630706787 220.782180627187 218.643089135488 218.518654505412 218.121568361918 217.958231767019 212.946693102519 210.455536842346 206.882357597351 200.867394606272 200.023849805196 207.495172818502 215.713858604431 208.174029986064 198.036094506582 208.972235520681 218.119343121847 230.486293633779
123.436838388443 124.141911665599 116.373986005783 106.028586626053 81.8996131420135 53.7126163641612 36.8159487843513 34.0300872921944 57.7871650457382 87.1408681074778 101.876715819041 105.085084835688 96.600870291392 85.92289686203 72.0129162073135 74.6756792068481 87.8308514753978 102.645635604858 130.605399608612 153.421858946482 172.752737998962 185.833692550659 192.444900671641 187.241454919179 185.55361032486 183.558821678162 185.168067614237 188.795685768127 193.221529324849 203.209559122721 213.515798250834 216.110209623973 207.470258076986 201.763470967611 197.639723618825 198.882321516673 204.659163951874 203.521390755971 198.317527770996 180.970132350922 179.545978705088 189.698417981466 208.548247814178 222.176353136698 221.990247567495 224.866727987925 233.257035414378 235.526303450267 242.879728476206
102.285067240397 112.950871388117 110.946486393611 107.705493768056 98.7552205721537 80.6758801142375 56.270162264506 31.6053206721942 39.6841888626417 51.5397836764654 68.804274002711 83.7454398473104 90.4945035775502 88.6401534080505 81.9416741530101 73.5671768585841 69.8826412359874 74.1204569737117 86.0613385836283 99.6276040871938 118.025660514832 140.786945819855 154.097259044647 156.807879606883 162.027468283971 163.529107968012 165.877838929494 170.060177644094 174.935440222422 184.86487865448 190.564095973969 191.309809684753 187.480429808299 186.055600643158 187.59157260259 189.878106117249 191.343486309052 194.429993629456 193.495114644368 186.715801556905 194.677193959554 210.13879776001 221.82834148407 224.611719449361 218.490163485209 214.433312416077 217.447062333425 228.479564189911 237.466772397359
79.983909924825 78.9683163166046 77.3505618174871 88.5911782582601 94.3045020103455 90.2500748634338 78.4244388341904 63.3997519810994 38.8413220643997 30.6497365236282 37.4869853258133 55.0504972537359 72.6244350274404 80.3362776835759 86.702158053716 81.6714515288671 74.9876896540324 72.2600221633911 72.6549873749415 77.7329703172048 84.316074848175 91.5957093238831 106.853514909744 118.674874305725 133.23179880778 136.994073788325 140.361964702606 142.609020074209 147.107124328613 156.091004610062 159.177889426549 161.060909430186 166.647672653198 170.554359753927 175.67104101181 179.583847522736 179.130574067434 184.535642464956 188.831428686778 198.80743821462 212.303439776103 218.462665875753 220.551649729411 218.768497308095 216.006278991699 214.913527170817 225.747466087341 235.421121120453 234.654704729716
44.5521275202433 42.6340103149414 47.9158908128738 48.8615731398265 58.5742890834808 70.9314743677775 69.400558869044 66.8312460184097 48.2310354709625 33.4921752413114 27.8724779685338 32.1306139230728 49.5727161566416 67.1940644582113 81.4058134953181 79.575036962827 77.3644298315048 74.7739175955455 70.3400919834773 66.3231511910756 68.6446676651637 70.4147269328435 73.537881175677 87.8207186857859 105.686455965042 117.830604314804 119.087517261505 122.746060291926 130.508124828339 137.972941001256 142.250587542852 146.380772193273 156.829675038656 160.677403211594 162.18235095342 166.082163651784 172.113994757334 177.702565987905 187.372167905172 204.836507638296 214.438021183014 215.540210405986 214.485903580983 214.439352353414 212.926685810089 216.18394056956 229.628920555115 233.283936977386 232.413550217946
19.7344596187274 16.7861580848694 16.0804912447929 18.528292576472 19.861813634634 19.9926023681959 36.0079854726791 40.7490854461988 45.1621462901433 43.8888967037201 35.4353860020638 29.1200901071231 34.0138028065364 44.6974535783132 61.7209523916245 69.3637778361638 78.0387421449025 76.3975779215495 72.2250441710154 66.8299347162247 62.1484418710073 62.8570814927419 63.0443791548411 70.5224573612213 80.4171164830526 90.3361837069194 97.999374071757 103.469957907995 111.488074064255 117.470145225525 123.370230197906 129.026552041372 135.268986225128 137.682835261027 141.319145758947 144.939084847768 156.283567349116 169.141093889872 176.932871341705 194.985191027323 202.619830767314 202.02116171519 198.586980501811 195.307930310567 197.762767473857 199.369331200918 205.087145169576 212.582627932231 218.194266160329
13.1779685616493 7.94893379012744 3.77576984465122 1.5325549369057 0.14074009959586 0.255371172291537 4.67805626491706 21.0220739245415 39.6492754419645 46.602060397466 50.1414636770884 43.0791626373927 30.4183562596639 28.8417016466459 41.9430881738663 60.8368615309397 75.4647751649221 80.2779843409856 79.953263203303 75.6500313679377 69.9812571207682 70.1641092697779 71.0099786520004 73.1095770994822 74.9207635720571 75.5428473154704 81.7957868178685 94.5818026860555 100.564549366633 101.87566280365 107.985307772954 113.872190316518 114.336232344309 116.989155610402 121.350238720576 127.61527299881 139.439314603806 153.18309267362 157.025575637817 169.003188610077 177.108029524485 179.346879323324 178.794503211975 180.548310279846 180.855313936869 184.160590171814 186.789711316427 191.348512967428 196.564376354218
13.7273346384366 1.45723065361381 0 0 0 0 0 2.2474763294061 21.3953107595444 37.2138495246569 52.9563923676809 58.4836304187775 52.3185481627782 40.4365782936414 39.5877237121264 56.1745514472326 69.7122514247894 81.8481047948201 91.1876559257507 91.2745893001556 82.1715493996938 81.2257627646128 81.156849861145 81.9244881470998 82.21402267615 81.6371540228526 82.7413002649943 93.3644274870555 98.7335840861003 95.918208360672 101.50745511055 106.57678047816 108.202437559764 109.032958745956 112.737993399302 120.406190554301 125.880906979243 132.537633180618 138.641883929571 141.932139794032 147.508492072423 154.07732129097 161.988208691279 170.197188854218 169.487436612447 177.022178967794 176.222165425618 173.16593726476 173.436880111694
19.3326435983181 3.82585357874632 0 0 0 0 0 0.140071225663026 5.19780752559503 25.0052909056346 52.1351993083954 70.3196376562119 77.7797798315684 66.2894497315089 55.7400931914647 55.1918844381968 60.0447257359823 71.0481554269791 87.8395040829976 98.2027649879456 97.9914863904317 94.2084093888601 93.7419235706329 91.4714932441711 91.2087957064311 89.9841586748759 89.3719295660655 91.4936363697052 94.1509604454041 93.560516834259 97.8013078371684 103.362868229548 103.858351707458 104.024142026901 107.151220242182 111.390103896459 110.868543386459 110.988408327103 117.283761501312 119.319458802541 125.317335128784 133.681327104568 139.941165844599 145.904908577601 152.042200167974 157.376080751419 167.113244533539 172.295749187469 167.797327041626
19.942257553339 5.80605988701185 0.010267071047565 0 0 0 0 1.40771673371394 3.97035789986451 17.7242333690325 36.6001601020495 62.1287723382314 78.6699155966441 84.4176411628723 76.0114838679632 58.5814863443375 53.4795025984446 55.6522260109584 70.3883270422618 92.1275417009989 104.430148998896 102.195094029109 104.798456033071 100.465893745422 96.9692369302114 98.1512367725372 95.8016812801361 93.1328237056732 89.6554291248322 95.0256188710531 92.7463273207347 97.2563525040944 101.750801006953 99.1234183311462 100.114613771439 100.052803754807 96.3507294654846 93.0013457934062 97.2500642140706 100.375791390737 104.728251695633 110.635389884313 113.32979798317 117.02494819959 132.178078095118 138.63617181778 152.995963891347 162.509888410568 162.728250026703
16.2752096851667 8.53819524248441 0.348999397829175 0 0 0 0.0371340623435875 2.99983254323403 9.51198923091094 14.1928593317668 25.0114227334658 48.5885441303253 73.7854639689128 83.9076638221741 88.4523689746857 83.7516188621521 76.3116031885147 66.2031769752502 61.6605232159297 70.2670117219289 91.8145577112834 104.172805945079 111.078461011251 108.836988608042 104.076753060023 104.803134997686 105.244706074397 104.1539311409 101.549079020818 99.681943655014 95.8307683467865 88.9923969904582 83.8767389456431 83.4818482398987 86.6803626219432 90.8590753873189 85.5637590090434 84.0566754341125 85.1678649584452 88.9615515867869 90.9335911273956 93.8672423362732 97.6149241129557 100.542147954305 118.726740280787 129.065126180649 137.614011764526 145.170897245407 152.166207631429
12.7533189952374 9.74610572059949 3.12600564211607 0 0 0 1.91541186844309 6.06663649280866 16.1779647072156 19.5814905067285 24.3858620524406 37.7153431375821 61.6718182961146 74.8603045940399 87.8640313943227 95.597376426061 97.0622698465983 87.5855088233948 74.6324608723323 64.9336924155553 73.3418713013331 96.4484016100566 105.287581682205 109.67606306076 110.566725333532 114.451348781586 114.939858516057 115.020781755447 108.460108439128 109.827667474747 98.2518792152405 84.0398967266083 71.6388920942942 73.4885931015015 72.1791883309682 69.0005073944728 79.1745732227961 82.0593039194743 83.5851828257243 86.1801008383433 87.9613359769185 88.8142188390096 89.5673632621765 91.1653240521749 103.790809710821 118.801256020864 126.818170150121 128.895223140717 130.29471039772
13.884611427784 16.8029988805453 14.7626412411531 0 0 2.54217333470782 6.44416237870852 14.0941912929217 23.8435616095861 32.667617003123 38.5376363992691 42.404979467392 54.3773223956426 61.8883570035299 76.8874982992808 89.612086613973 95.8192547162374 98.4723369280497 96.759686867396 82.9851925373077 69.0482060114543 80.6955645481745 91.0883446534475 102.500359217326 114.291369915009 119.863212108612 117.902785539627 124.978721141815 116.322348515193 106.876313686371 92.3670331637065 90.0984505812327 75.312798221906 61.0565841197968 53.4150352080663 60.2064232031504 65.2577032645543 61.1835320790609 67.4742062886556 72.6293325424194 76.4870246251424 78.307827313741 80.8654377857844 81.1282247304916 81.1024606227875 96.3267286618551 103.181342283885 106.0744424661 112.025241057078
14.8668214678764 14.2927058041096 16.3284689188004 8.98637995123863 1.25382320644955 7.64070513347785 8.29886148373286 11.028083662192 23.3143717050552 33.0760901172956 40.3249462445577 41.3404380281766 42.8554018338521 47.372837861379 58.5233966509501 73.5682149728139 85.3032469749451 91.8628573417664 97.7367162704468 97.9396104812622 91.5538370609283 79.8262109359105 82.7842652797699 91.6496614615123 105.355829000473 114.020466804504 118.119527896245 120.510290066401 109.669993321101 109.93089278539 98.6758669217428 85.3342513243357 67.0383920272191 58.1805904706319 43.8795238733292 42.6072627305984 41.881670554479 36.3495076696078 37.5809123118718 54.3190737565359 61.4063441753387 65.9690797328949 72.2960780064265 75.3465642531713 75.2530346314112 83.4507942199707 88.3644024531047 92.3659801483154 98.8497138023376
19.3496073285739 12.4667696654797 8.71528188387553 15.2406183381875 10.0248338033756 9.38182758788268 8.42197115222613 11.6509074966113 20.5995204548041 28.2903164625168 33.6040010054906 34.0890362858772 33.9350178837776 36.2740233540535 43.3188776175181 56.3107132911682 69.5148060719172 77.6527325312297 86.6256952285767 99.331518014272 109.216084082921 97.8176593780518 98.4777510166168 100.469509760539 103.738347689311 103.592187166214 104.686468839645 105.458388725917 110.8411749204 96.5677400430043 82.4034760395686 75.3745088974635 53.8463095823924 38.6807173490524 30.2486047148705 20.5810591578484 18.2006818552812 21.7613950371742 31.0646345218023 37.1143495043119 41.4799898862839 48.0020443598429 53.2603015502294 55.7462126016617 64.8154715696971 70.1695134242376 74.9352524677912 81.4571877320607 87.4936481316884
41.2617449959119 29.5004397630692 18.261027832826 26.6619076331456 23.4642326831818 8.12473148107529 10.623204211394 16.3399403293927 25.2473503351212 28.4666940569878 29.8703064521154 30.3657054901123 31.2718575199445 28.8345937927564 35.1005718111992 47.088215748469 61.8080894152323 72.124257683754 80.3370326757431 95.073789358139 102.292199929555 116.590181986491 122.162739435832 121.744384368261 115.725417931875 105.490654706955 98.1938242912292 92.6614503065745 91.8480058511098 92.7766660849253 69.9213097492854 48.6358553171158 32.5951005021731 17.7236422896385 4.16689769675334 0.863675183306138 1.02097704075277 4.91335336118937 12.7792010704676 20.9038356939952 26.6421288251877 37.7096980810165 38.7259249885877 35.5518807967504 54.8555950323741 65.3430372476578 71.7180073261261 75.9301880995433 79.366073012352
