input/barkrak2/radiation/dir00624.grid
NCOLS 85 
NROWS 70 
XLLCORNER 665100 
YLLCORNER 4664600 
CELLSIZE 20 
NODATA_value -9999 
[rows 0 to 22 of 70, columns 0 to 51 of 85]
46.000584959983797 59.1064592202504 68.0838127930959 81.9530636072159 94.5261617501577 96.5294639269511 98.9681680997213 103.886266549428 115.262866020203 123.705019553502 124.481827020645 120.692580938339 116.349945465724 117.038091023763 117.098927497864 102.814535299937 91.1676188309987 80.9861818949382 80.7985862096151 81.4094841480255 89.3868009249369 105.511009693146 122.139741977056 124.6271332105 127.740442752838 133.959631125132 132.775535186132 126.761496067047 126.480837663015 128.082811832428 125.487109025319 146.277904510498 175.596515337626 170.583367347717 169.592261314392 163.720558087031 167.536695798238 172.76140054067 167.215903600057 169.240375359853 166.431566079458 177.781303723653 182.149569193522 173.743605613708 165.129790703456 175.438404083252 181.749860445658 138.324131568273 94.2277212937673 90.2838210264842 110.980768998464 150.92005332311
30.4179961482684 42.3702597618103 51.64735019207 58.6820344130198 69.7137663761775 76.8005202213923 81.6563119490941 89.5115931828817 98.3991324901581 100.911428531011 106.970717509588 122.144520282745 117.057383060455 118.698596954346 118.773599465688 105.180432399114 97.5060959657033 88.2460077603658 85.8588914076487 84.4309826691945 97.8906949361165 118.775814771652 133.97337992986 131.770064433416 134.267032146454 138.543258110682 135.88614265124 129.64673837026 125.892639160156 131.281316280365 132.552206516266 154.429386059443 174.977600574493 170.713722705841 166.006197532018 162.660499413808 169.727285703023 173.716028531392 166.094889243444 166.609346866608 165.668646494548 169.04217004776 165.189057588577 158.078302939733 154.244840145111 166.09204808871 169.29950316747 129.967391490936 101.588408152262 110.861857732137 138.173798720042 171.341896057129
10.7726318140825 15.2249522507191 21.4003299673398 26.3161311546961 33.6593464016914 39.8499891161919 49.407958984375 63.6252959569295 74.9138047297796 82.0021529992421 85.9306454658508 96.4345534642537 99.0197161833445 106.353302796682 118.573784828186 128.942062457403 123.17231297493 109.905183315277 94.115138053894 85.3966176509857 98.2410311698914 117.210914691289 129.990547895432 132.135262091955 135.765423377355 135.103245576223 133.632123470306 128.645320733388 127.243220806122 131.195584932963 147.05357948939 164.346963167191 174.876550833384 169.39651966095 165.368258953094 165.185739596685 171.984513600667 173.86269569397 168.060481548309 164.006024599075 160.660396019618 154.390543699265 144.406100114187 138.192276159922 140.233357747396 155.794829130173 152.979373931885 123.582363128662 117.786993583043 137.803614139557 161.441057920456 180.769582589467
4.18737716972828 5.13980723917484 6.22219902773698 8.30405888458093 7.63851900895437 13.2702166835467 19.2301049828529 28.3381342887878 41.1070262392362 53.0142436424891 64.0573998292287 77.1548201640447 85.0867629051208 84.5880111058553 93.7240620454152 100.840777158737 101.088186105092 91.7721589406331 81.1530599991481 77.770342429479 81.8594445784887 86.3560338815053 98.6024339993795 111.620684464773 116.305599610011 117.650379737218 123.475084702174 126.418501138687 129.324853420258 133.689959843953 141.066471735636 159.557521343231 162.660708030065 168.242156505585 165.578444798787 165.679107109706 167.874693870544 168.489515781403 159.510403871536 150.373011827469 148.31135670344 141.33154352506 140.036106109619 148.821085691452 153.664479653041 148.096114397049 137.181490659714 120.987147092819 126.41786535581 140.478720267614 159.729987382889 177.153964837392
11.2291127443314 5.25528565049171 2.52438414221009 0 0 3.02572610477606 11.7290243506432 18.4841093917688 22.3278626799583 27.0503014326096 39.4255245725314 52.8809030850728 58.8598946730296 64.2915268739064 73.7947920958201 77.1115124225616 78.5999447107315 76.0035216808319 76.305811603864 75.5545397599538 76.7583201328913 77.308788895607 88.0796213944753 96.9751377900441 102.272093296051 108.561426401138 113.877167304357 118.748197952906 124.143024285634 128.083755572637 134.231428305308 148.215820391973 142.377664645513 145.642101764679 147.400408983231 151.69299642245 158.360242843628 155.687471230825 147.447327772776 139.624575773875 139.283706744512 140.194753805796 146.479894717534 156.481603781382 156.392951806386 134.90096728007 112.804472446442 111.026058594386 120.983262856801 138.009051481883 165.925443172455 179.176350434621
33.8318819801013 18.2476677000523 6.71379640698433 0.699341529980302 0.0293758688106512 1.47509854286909 5.66687434911728 12.9907007018725 16.069528957208 16.2526331841946 20.590585966905 27.4971475203832 33.5336724917094 38.7496675054232 44.3879663944244 51.1420021454493 56.7372143268585 63.407376408577 71.6257989406586 75.1549005508423 81.7106664180756 86.6868893305461 85.8260989189148 89.4875327746073 97.693125406901 101.964602867762 106.913069883982 114.030828078588 120.319128036499 124.349306027095 137.422402699788 142.012010018031 135.952740907669 134.890158971151 138.442019621531 139.49661453565 137.033442656199 132.997572422028 139.634291330973 139.940996964773 139.394442240397 139.021297295888 141.212165355682 145.668298006058 140.234013398488 114.403625329336 90.7900830109914 99.2926359176636 116.144100824992 149.711668491364 174.470186233521 176.668047904968
50.7306506236394 33.7054058909416 21.0748538374901 10.2799317489068 3.35977474848429 1.45156572883328 1.76753615960479 7.52706515292327 12.8600125511487 16.9193223118782 17.2724326451619 15.9666116038958 16.0993908842405 16.2383168935776 19.8360408345858 28.0175233880679 37.9850069681803 50.9243607521057 61.6318434476852 74.2210795482 83.6753845214844 88.7531340122223 87.9930853843689 89.4386271635691 91.9288694858551 96.936970949173 102.244198322296 106.359491745631 111.93651954333 121.376752853394 130.5899421374 136.60079240799 125.478237867355 123.298565546672 123.091548681259 125.794758399328 124.305407206217 120.772808790207 117.437899112701 116.980572541555 120.66783507665 122.844874858856 129.107485214869 135.883986949921 134.362717469533 131.611575682958 136.602580547333 141.330689191818 149.449795484543 161.160151163737 167.833209037781 167.486151059469
63.1324748198191 48.0961004892985 33.651664853096 22.1458102265994 12.2844291230043 4.24539608259996 1.44731656958659 0 7.04512496789296 14.4273887077967 19.7101558248202 19.8412711421649 18.6544420818488 16.5426097810268 13.3280617495378 15.8070512115955 22.8076204657555 31.332549949487 45.3817894061406 58.9167426029841 71.5566873550415 81.8815529346466 88.382621606191 90.9269154071808 89.886486530304 90.2652045090993 91.2620524565379 93.8929518063863 99.3420084317525 111.915747324626 118.243078390757 120.838284492493 114.443361759186 112.456033627192 108.866691589355 110.661337773005 114.254732926687 114.454458157221 113.149662812551 100.554804007212 96.389502286911 111.251344283422 124.484449625015 135.563025871913 139.796515305837 145.27835448583 153.380920489629 154.287765423457 160.54646174113 159.240424633026 155.412594477336 152.911206086477
58.0000976721446 49.822062253952 37.1861606836319 28.3065214753151 20.5652887622515 14.277882874012 4.9329816053311 0.674715653682748 5.19943578789632 8.69126493732134 15.630221615235 19.6334260205428 22.6332321763039 23.9408065875371 20.7183584570885 19.5953920483589 19.3606987595558 22.9198535283407 29.6731839577357 39.021261036396 49.6140718460083 62.4323387940725 74.3753363688787 75.5346367756526 80.2870293458303 80.4610103368759 80.54019510746 80.9053579966227 85.1854085922241 89.0334645907084 95.0645506381989 103.441923856735 99.2787877718608 97.9790091514587 100.58256983757 103.377391894658 103.60970099767 107.190181811651 109.687467416128 104.775607585907 106.045623620351 111.651907364527 124.282419681549 134.68744357427 133.931825558345 133.813540140788 137.327353159587 145.08131146431 151.947130759557 147.522022326787 141.89338684082 141.530086596807
38.707102338473 35.4789818326632 27.3255457480748 24.017001191775 18.662220487992 10.8552972475688 8.28207408388456 8.15693164865176 4.74830530583858 2.21680399651329 4.90891250471274 12.5563169519107 24.4587535659472 31.7540789643923 34.5119039217631 32.843254506588 26.6942828893661 24.9673624833425 24.174635608991 26.6305108865102 32.2366878390312 38.2223874330521 45.2457865079244 53.8461705048879 61.6327822208405 65.7530625661214 67.0660883188248 68.7112510204315 69.6083456277847 73.2890615860621 71.5321799119314 71.5193599462509 79.2153179645538 87.6964529355367 90.9172296524048 95.0123469034831 97.4969267845154 100.626925627391 107.690821091334 112.03521490097 115.834256013234 117.571095625559 115.903526544571 116.24409755071 118.571390708288 134.810815254847 140.655646721522 145.200699567795 147.577891747157 148.621052503586 147.611091534297 142.741123835246
6.44078602393468 4.12823290874561 0.621518236584961 0 0 0 0.579119039078554 8.83705727756023 8.37904214859009 5.01898024231195 2.75030794243018 0 13.4231100479762 24.2721363902092 34.3066578110059 33.4629813830058 29.9537728230158 27.3815443118413 23.7168371677399 22.3659127950668 22.61121571064 23.8076175252597 27.3205439249674 36.8356108665466 46.5612163146337 54.3082455794016 56.0604234536489 55.8465123176575 60.0917041301727 61.4554186662038 63.8465533653895 63.1445944309235 64.3940468629201 60.5266392230988 69.9349741141001 85.495521624883 88.4743730227153 92.7883883317312 102.054605881373 113.407115141551 116.600126028061 112.612704435984 111.697485049566 108.756065368652 110.625366369883 117.030998071035 129.681974649429 140.541136264801 139.834801355998 143.758833408356 145.455569028854 140.969624121984
0 0 0 0 0 0 0 0.415786053054035 11.5163139998913 10.4184734324614 6.08949301143487 2.36958963796496 3.99933910618226 12.2555916508039 23.4123890598615 27.342401444912 32.2982544700305 32.596563299497 27.2620916366577 22.7457632621129 19.6170633037885 19.8434914151828 20.5354019999504 26.321863134702 32.9691469669342 38.6938651402791 42.4313346544902 44.6352461973826 48.0100115140279 50.7011314233144 51.8989016612371 50.3228654464086 52.8359909852346 50.4437386989594 49.5826204617818 46.5808858474096 66.8296714623769 87.3084763685862 91.8459097544352 105.616599321365 110.239962736766 106.32203022639 103.626767794291 99.6500551700592 99.4109710057576 100.233336289724 102.978885173798 104.210158189138 106.324831644694 132.817695538203 135.545392831167 134.195933739344
0 0 0 0 0 0 0 0 3.5537825897336 13.9638421436151 13.704805324475 9.32450282076995 2.23544441784422 0 10.2828461676836 23.1738438208898 33.4057087699572 35.5231513579687 33.1106732288996 29.6507279078166 25.4846488436063 26.3777027527491 26.3105829556783 27.9081910848618 29.8260599374771 30.6212951739629 33.5771590471268 39.6855945388476 40.6815161307653 41.8310115734736 43.473352988561 42.8046981493632 38.7134701013565 35.8708178003629 39.2940118908882 37.0716402928034 37.0991577704748 43.6664323012034 50.7955799500147 75.6705751021703 86.3377451896667 92.2688742478689 89.9265905221303 88.7494881947835 90.5476709206899 90.1248852411906 88.134507338206 86.75616979599 90.113510688146 94.3841636180878 98.7221697966258 113.510191440582
0 0 0 0 0 0 0 0 0 5.12108144660791 16.0525925457478 19.4985009729862 15.8040237923463 9.37760497132937 8.13008348147074 18.609261761109 27.8507918119431 35.3917876879374 41.9505188862483 40.8913493156433 35.8308628201485 35.1924896240234 33.8895370562871 33.5794140895208 35.2503061294556 34.8611945907275 36.9979739189148 43.1652615467707 42.5220827261607 36.8444646398226 38.5164345304171 39.3159513672193 35.5600863695145 32.0217683911324 31.0669392347336 29.3496971329053 26.7309000094732 24.6335392196973 23.9510287841161 33.833754559358 38.9595677455266 46.6168820858002 57.7780206998189 63.9544824759165 66.3027664025625 75.2020825942357 79.5186509688695 73.4873066345851 68.9807335535685 70.3413188457489 76.1311203241348 80.9498776992162
0.758957583457232 0 0 0 0 0 0 0 0 0.0215128093259409 14.4152107338111 26.8965885043144 34.0165967742602 29.234824081262 18.3275503416856 17.4909060200055 19.9042359987895 28.3939689397812 39.3683115641276 46.9858745733897 47.9229440291723 45.0785358746847 44.1350340843201 42.1171089013418 41.2814492980639 42.657196521759 42.5847967465719 43.0361777544022 44.0252919991811 38.1715769569079 34.2553332448006 33.7723741928736 33.616508046786 29.7451068957647 26.7378414670626 24.0793575843175 19.6193431814512 16.3216963410378 15.1918840905031 12.2269131243229 13.5888134439786 22.5488891204198 28.4634133179982 33.3298295736313 34.9425623814265 44.7205454111099 56.7305634419123 61.871811747551 62.45323518912 59.792364637057 61.4120463530223 67.5403823455175
1.41111575067043 0 0 0 0 0 0 0 0 0 3.6700718725721 21.9613487521807 36.3986815015475 43.7086323897044 34.2947095632553 20.4476714134216 15.8731006085873 17.7143278221289 27.3847778638204 44.2577550808589 52.8280238310496 51.3187348842621 53.7877529859543 49.1406967242559 46.4685608943303 48.0559517939885 48.7613032261531 46.1819668610891 44.7562585274378 44.3086077769597 37.5278145074844 34.1200629870097 28.1915217638016 22.2038924694061 20.6063526372115 17.2261620561282 12.9193042715391 8.72970434526602 7.61603750288486 5.04322412113349 3.77585304280122 3.4439405426383 9.984049325188 13.9461681246758 24.6589581171672 30.2512273192406 40.7430653770765 48.9160716533661 50.7502009471258 50.3077954053879 54.1945993900299 59.2247496048609
0.784705548236767 0 0 0 0 0 0 0 0 0.0285870967976128 0.267070659901947 14.6573546032111 31.9585452477137 42.9914742708206 45.0941026210785 38.9582589268684 33.8240539034208 25.9643445412318 20.9778348604838 26.9636611143748 43.0507361888885 53.8729031880697 58.8289499282837 56.9046835104624 53.8623382647832 53.8708716630936 56.1801344156265 53.9169609546661 51.0501861572266 49.2175916830699 46.455646554629 36.0537320375443 27.4709910154343 20.4250638683637 15.1236355304718 12.2632409135501 9.19359115262826 5.96571154892445 4.0907214085261 2.92180292308331 1.53302634134889 0.293461295465628 0.000135229906087867 4.21166575203339 9.87557259698709 21.1292381087939 27.1624649564425 34.7341895103455 40.6547635793686 46.1441725492477 49.5741069316864 53.763081630071
0.264661289596309 0 0 0 0 0 0 0 0.225820501024524 0.386981099533538 0.524461075353126 9.4157736748457 22.0255504051844 35.4250719149907 47.2588439782461 51.8910338481267 50.4276553789775 42.6309357086817 31.1955610911051 23.1863384445508 29.9718181292216 46.2386608123779 54.2048613230387 57.8556855519613 60.3437125682831 61.5024417638779 65.0488485892614 66.2603378295898 61.3513688246409 56.0983965794245 45.5292363961538 38.008193174998 30.3728431463242 20.4941829045614 14.3975007037322 11.9571387767792 7.01912865042686 4.10421906660001 1.75749991709987 0.511044830394288 0.0185949732743514 0 0 0 2.33613497888049 8.77663865685463 18.2498234013716 20.265373090903 22.6874227325122 29.748593767484 34.4974845647812 40.3292775154114
0.302773628694316 0.400370064501961 0.0313917019714912 0 0 0 0 0.483707136784991 1.18998515730103 6.72438989082972 10.4450906316439 13.1785186628501 18.1419389943282 23.3668982982635 32.5062622626623 43.1343615055084 48.1972793738047 52.9168446858724 50.5583981672923 37.9300117492676 26.6244461139043 34.804900487264 43.7083095312119 52.6956468820572 61.6807887951533 65.7457609971364 69.2804406086604 68.7869389851888 63.331683476766 58.7962965170542 48.0276644229889 38.2497956355413 30.7044064005216 18.2985886931419 11.2959978481134 8.6355439076821 3.85574841250976 0.656520792593559 0.0948272451447944 0 0 0 0 0 0 0 4.23900689929724 7.04750418663025 11.7507862548033 16.2134356796741 19.587866961956 23.5542505979538
0.256502088935425 0.0429851158211629 0.153325139156853 0 0 0 0.0307791754797411 0.962252107759317 1.41082936897874 1.39664625748992 6.36209174990654 10.8682389060656 11.238111803929 14.8895097275575 21.9551076491674 33.9321171243986 42.4089183410009 44.8788404464722 49.5020548502604 50.0237792730331 43.8716759284337 35.382238527139 36.9097789128621 44.5365011692047 54.875781138738 61.6193115711212 67.7152325709661 69.9050923188527 59.8784883817037 51.3966331879298 48.7153083086014 37.137341996034 24.6307179331779 18.0254901448886 8.74291360378265 4.07695180426041 0.915345037356019 0 0 0 0 0 0 0 0 0 0 1.22549671990176 4.10198513418436 7.5432105610768 7.78774047891299 9.69113285342852
1.24555019040902 0.0034823842725018 0 0 0 0.0338525399759722 0.0187409265587727 0.88134299342831 1.83777293811242 1.81819933156172 1.31881516426802 1.00050385420521 4.80167133112748 7.1675069630146 11.1804480353991 21.9183986385663 30.9149498740832 34.0602646271388 42.3852304617564 52.3915340503057 58.2663665215174 50.9370515743891 49.628679951032 50.2571562925975 53.2084306081136 54.7872881094615 59.0958247582118 62.84266213576 58.7830642859141 47.5754042466482 37.0915085077286 28.1112814942996 18.3726971348127 10.0129942099253 2.24340334534645 0 0 0 0 0 0 0 0 0 0 0 0 0 0 0 0 0
8.84230062365532 3.49997294445833 0 0 0 0 0.610107167934378 2.2089386669298 2.49804525325696 2.00134298453728 1.21994580452641 0.517225707881153 2.12600997959574 0 5.22927070657412 13.8990295430024 22.92234202226 30.9567451477051 36.9724829991659 47.1614797910055 53.8732310136159 65.1054431994756 69.2929973204931 69.4863100846608 62.7678632736206 54.1117389996847 50.4215856393178 48.4688381354014 53.9076824982961 41.7453050613403 26.0885084668795 15.7955673833688 8.7140512963136 0.749430541569988 0 0 0 0 0 0 0 0 0 0 0 0 0 0 0 0 0 0
33.0128247539202 27.0982782046 9.00139597555002 2.35244259238243 0.573358808954557 0.198956559567402 2.80858358989159 3.13183820496003 2.45447782799602 2.41845070074002 1.89975400765737 5.7336005071799 7.05527327954769 5.9400238096714 6.90553896129131 11.1205838620663 19.0882546206315 26.7462233702342 31.8900495767593 33.293421069781 38.0278155207634 49.969603617986 59.6873213847478 63.7900978326797 64.5632942517598 58.0775191386541 51.3478815555573 44.0530776977539 36.9530916213989 29.9383451541265 14.42039757967 3.97702430685361 0 0 0 0 0 0 0 0 0 0 0 0 0 0 0 0 0 0 0 0
