input/barkrak2/radiation/dir06524.grid
NCOLS 85 
NROWS 70 
XLLCORNER 665100 
YLLCORNER 4664600 
CELLSIZE 20 
NODATA_value -9999 
[rows 0 to 20 of 70, columns 0 to 46 of 85]
176.565825939178012 192.766050497691 210.058530171712 231.193125247955 241.61692460378 243.659774462382 239.647348721822 233.956515789032 234.137753645579 237.687051296234 236.957450707754 236.032485961914 233.73407125473 234.527091185252 236.297150452932 224.569976329803 211.917519569397 200.265685717265 197.692334651947 186.319291591644 185.522675514221 201.934218406677 229.068775971731 237.080216407776 239.648858706156 252.022544542948 250.181158383687 234.650174776713 220.149834950765 218.892832597097 214.519302050273 236.125886440277 281.503776709239 280.815660953522 277.229686578115 264.312167962392 267.792900403341 282.198111216227 278.949479262034 278.508285681407 267.995238304138 271.033227443695 280.546565850576 276.474833488464 267.153263092041 270.580490430196 275.554438432058
153.715421756109 171.998719374339 188.284079233805 208.823601404826 223.79990418752 229.220906893412 231.380601723989 234.950025876363 243.729472160339 244.113643964132 240.092635154724 237.420499324799 235.586881637573 236.527005831401 236.383398373922 224.749684333801 218.092521031698 208.732803662618 203.943828741709 194.019198417664 199.720044930776 222.701191902161 244.680881500244 247.551540533702 251.07729434967 257.254004478455 252.389033635457 238.63422870636 225.117643674215 220.866660277049 221.678058306376 250.549515088399 282.667438189189 281.384944915771 277.064522107442 266.787052154541 271.310210227966 283.367276191711 277.748425801595 278.302868207296 272.98911412557 271.871368090312 269.05886332194 263.994574546814 260.821441809336 269.213358561198 266.239603360494
115.491966406504 128.28141450882 141.992936531703 155.574132998784 169.44146156311 181.909958521525 194.699625174204 213.062504927317 227.210899194082 229.542811711629 231.533825397491 235.798676808675 243.196447690328 246.936957041423 246.760269006093 249.640067418416 249.427954355876 238.747715950012 221.099615097046 210.445284843445 220.348000526428 236.046016216278 246.231098969777 249.171912670135 253.440340360006 253.366986910502 247.382164001465 238.125840822856 229.673981666565 229.409833749135 238.694548606873 266.743858655294 282.180567582448 281.773726145426 276.711106300354 272.432446479797 277.840773264567 282.517552375793 280.007084210714 277.055323123932 270.647684733073 260.562260945638 247.066577275594 244.049688180288 253.642996152242 267.457048098246 255.215088526408
96.530944108963 96.4921414852142 103.886743386587 111.496498187383 120.476881663005 127.333442370097 136.632263660431 154.859513044357 177.177667617798 196.855982144674 213.799317677816 231.243352095286 243.367453416189 249.908010164897 253.206074237823 260.968108971914 258.157889048258 246.226827303569 228.029608726501 220.483183860779 220.353007316589 220.171233018239 232.701897621155 241.376678148905 242.255012194316 243.492106596629 243.014693260193 239.763120810191 238.201399644216 241.231322288513 245.344579219818 271.874229113261 280.301054318746 278.667291005452 276.300052801768 277.545869350433 279.7625263532 280.382672945658 275.895635286967 265.944083531698 258.217612902323 244.710723559062 240.105827649434 253.986159960429 269.45956548055 265.269637107849 244.471728801727
117.603381474813 100.901027520498 88.2261494795481 78.1517326831818 79.7629108031591 98.605473836263 123.095502456029 135.106643040975 146.330177783966 154.505997896194 180.067857106527 206.621865431468 223.15502166748 231.71587785085 238.853136698405 242.212613423665 239.454030990601 232.076982657115 224.886655807495 221.379478772481 216.250995794932 213.871697584788 225.765546162923 233.355780442556 236.481328805288 243.254582087199 243.571877479553 241.715411345164 240.403711795807 239.231924215953 246.445298194885 274.010121822357 275.419771671295 276.296178499858 273.443063100179 272.775113582611 272.679388523102 271.129727363586 262.735108534495 253.513753414154 251.903295516968 248.91718228658 253.986239433289 264.184335867564 265.912572542826 246.293365955353 217.753191788991
164.169202248255 134.556929270426 105.807393789291 81.3708851734797 72.8217909733454 83.2830021778743 110.134502251943 130.80769777298 136.106471220652 135.091304779053 145.748237768809 162.029425303141 172.444025675456 179.981867472331 190.635144710541 200.910747051239 205.005009969076 211.577435334524 220.166901747386 225.82886616389 226.380884647369 228.204607963562 228.419760862986 229.920109113057 234.784801801046 241.210341453552 243.258396784465 244.460145632426 243.87005964915 244.465072949727 258.599797884623 273.925344149272 270.9947625796 271.215478579203 268.972019354502 267.05265045166 266.535341739655 262.819866339366 253.010471661886 253.373722235362 253.606259822845 250.832259654999 252.908905347188 256.070911884308 244.291742642721 216.002901395162 189.577202002207
191.713213920593 164.182007312775 141.239563624064 118.166069189707 95.3256785869598 82.3919475078583 88.8038774331411 121.419489383698 137.539068857829 146.209935347239 142.875254154205 137.700080871582 133.319358030955 128.676384687424 130.843420823415 148.099641005198 163.189152876536 186.514635880788 208.882927894592 223.248143990835 230.643371740977 235.620121161143 233.471254507701 230.100512504578 233.045796553294 235.662500063578 239.458163579305 242.672065893809 243.841171264648 249.820351600647 263.032952944438 270.662824312846 265.511651833852 259.849886099497 258.246223131816 255.788286526998 255.199253559113 250.508824984233 245.537281036377 241.263131300608 235.674023628235 234.636962413788 241.180539131165 248.310923576355 238.501350084941 227.527558803558 239.856024583181
207.386155923208 193.909128506978 178.748885790507 159.905294577281 132.99497961998 100.258767604828 78.9494613806407 76.7413377761841 111.637284358342 142.350862423579 151.869714260101 148.889064788818 139.363984266917 128.096163272858 113.566110531489 117.136210203171 131.2635242939 150.043865044912 176.375687122345 199.196537335714 214.560051759084 226.250608762105 233.010729153951 229.265431563059 229.364673296611 228.862543900808 230.209469795227 232.403854529063 235.008339087168 245.02557516098 256.633778413137 260.6467405955 252.727965513865 247.175673643748 241.713980833689 240.060905615489 244.749248027802 241.22949441274 234.44139957428 217.707574367523 216.226816177368 225.901981194814 243.433972199758 255.046983559926 252.656499544779 253.559172153473 261.132438977559
184.371590614319 198.98396730423 192.25005308787 181.918104489644 165.718128283819 139.042615890503 105.509479840597 75.7004121939341 88.2599155108134 111.872533957163 135.859827200572 149.116148551305 152.451594670614 149.265736341476 134.12947456042 124.268114566803 121.509353319804 126.494308312734 141.781568527222 161.242187023163 180.442114671071 198.429465293884 211.895823478699 210.260927677155 212.120413780212 210.80227692922 211.991628011068 215.94512462616 218.905647595723 229.770382245382 236.367642879486 236.764788627625 233.512838681539 232.571005821228 233.0415447553 234.796245892843 235.371470451355 234.379688898722 229.056080182393 221.992512543996 233.025550842285 246.159593264262 255.29158115387 257.408181826274 250.66993633906 245.94251314799 249.065717061361
129.748324553172 155.611932277679 164.36301668485 179.986953735352 176.429669062297 169.858078161875 149.042417605718 126.332700252533 93.640406926473 83.5983355840047 97.7570911248525 126.450012127558 151.379982630412 164.620061715444 164.801597595215 152.809540430705 136.342237393061 130.785137414932 129.500200351079 133.111794789632 143.417596817017 153.156042098999 165.870567162832 176.7870982488 187.472919623057 190.024077892303 190.591812133789 192.557215690613 195.824344952901 204.528669516246 205.935955047607 207.654118537903 214.713493982951 219.496846199036 224.158724149068 225.218256314596 224.055389563243 228.706876436869 228.015879789988 235.300242900848 251.577695210775 259.187082449595 261.239846547445 258.609573046366 249.146083990733 245.477616786957 256.15115960439
72.8326936562856 77.0761320988337 104.101777076721 115.207453568776 137.26798693339 146.904309590658 165.905475616455 157.363474369049 125.596473614375 97.7101922035217 82.3947687943776 88.9419913291931 116.592029730479 149.77890253067 168.099423249563 156.225899855296 146.969189246496 137.558281421661 127.972106138865 121.912062168121 122.087965408961 124.855945507685 130.605081717173 146.159489949544 161.495765050252 170.767664909363 172.151366869609 173.109114170074 180.177827676137 185.717602570852 190.506875514984 195.069054762522 205.427368481954 209.954977035522 210.693160692851 212.294975916545 217.854460080465 223.693390687307 230.353057384491 246.49449189504 257.194042205811 260.213494300842 257.992486159007 255.18278280894 251.644233862559 253.319879372915 260.685463746389
44.3383504947027 42.9933468500773 45.3701863686244 51.6980787118276 68.3073500792186 85.7397119204203 108.91725619634 121.799459060033 118.444383144379 110.250651836395 90.2219613393148 71.2947597106298 73.2491264740626 91.653048992157 120.404541492462 129.486699899038 140.886515378952 143.008361260096 133.270502090454 122.654894987742 115.678946177165 114.453991254171 115.29548962911 125.692546367645 136.378347873688 144.307027260462 148.060023784637 152.903477350871 160.592257976532 165.956397851308 171.235223611196 176.458319028219 182.486116886139 187.151650587718 188.903232415517 193.63272190094 205.976009368896 218.767444292704 225.88054339091 242.447336514791 250.41385491689 250.241696834564 246.635317802429 242.440521717072 240.930020809174 240.298291047414 245.60272693634
33.6534455418587 28.2723928491275 21.3636433084806 17.2620117664337 9.84932854771614 23.379107316335 43.8334296147029 64.5987490812937 86.5488648414612 99.1683999697367 96.7074731985728 82.9764604568481 65.7514234383901 65.6277537345886 81.4078152179718 104.829440514247 122.3104596138 129.176547129949 131.586144367854 125.127335389455 117.610156536102 119.548449913661 120.571951071421 122.206697861354 126.712262630463 127.756377061208 133.344829082489 142.972677946091 147.994150718053 149.792770544688 155.482560396194 160.991370677948 161.811192830404 163.021057844162 167.51374801 175.023019313812 186.785161495209 203.563690185547 207.909882068634 219.380915164948 227.385004361471 229.06639178594 228.138705094655 229.369421799978 227.053741614024 227.251013120015 230.970084667206
34.1110825538635 17.9367226858934 6.69280936320623 2.17337207868695 0.0119247694480388 0 2.71066340307395 24.8085508743922 48.2875357071559 69.2975918451945 87.920218706131 96.0460305213928 86.6795082887014 76.7315228780111 75.651208559672 96.9794988632202 111.500044663747 125.674903392792 133.120427529017 134.78355606397 128.010640541712 128.287007411321 128.992150227229 130.706459283829 132.417639096578 131.892750660578 135.170270999273 145.319730043411 148.132592439651 141.008317470551 146.647324164708 152.586162090302 153.986424207687 154.269695281982 159.298052390416 167.229771614075 173.077762126923 178.919355074565 184.411545594533 189.540127913157 197.232902050018 205.215513706207 212.370276451111 220.278879006704 216.91499153773 223.34756453832 224.041899045308
45.0760424137115 19.5279518763224 3.18213955809673 0.482599988269309 0 0 0.417090874786178 13.8043041030566 27.1212185422579 51.2052526076635 83.2948684692383 98.8598068555196 115.806798140208 108.165413141251 95.9971050421397 92.8012728691101 97.1465806166331 111.636251211166 129.564881324768 138.902693986893 141.506493091583 136.687119801839 139.189292987188 140.164713064829 140.40943980217 142.402350902557 143.17391316096 146.62887652715 144.889454046885 140.570988257726 142.975280682246 148.730466763178 148.043900728226 148.385147253672 152.916222810745 157.310744126638 157.39318728447 157.022416591644 163.261383771896 164.749324321747 170.339306195577 178.895771503448 189.080615838369 196.229875087738 199.116150538127 204.878191153208 215.953767299652
38.384052614371 22.9498296976089 3.30215847740571 0.00140670135806431 0 0.00392671366474436 7.86370473603408 17.4719629188379 28.0910929044088 44.3969865640004 71.3916768630346 100.225071112315 120.634098847707 122.964491446813 115.773181120555 95.4852004845937 90.1765624682109 93.1012332439423 107.88232088089 132.167418797811 144.689559936523 142.78836051623 145.205100377401 139.380156993866 136.170128981272 141.650199890137 150.853633880615 148.268699645996 146.064341068268 150.078475475311 146.542896827062 147.459377845128 145.31805117925 142.473300298055 144.267896811167 143.578509489695 140.991816918055 136.691987514496 141.147534052531 143.947551647822 147.759656111399 154.307703177134 158.062477906545 160.501658916473 176.319241523743 185.575763384501 202.904760837555
33.8056931893031 26.4006604750951 7.77333788573742 0 0 1.38608769824107 9.11938833693663 21.2895919879278 32.6767911513646 41.8597360452016 56.3064316908518 85.877388715744 104.617158571879 122.984935839971 124.585638443629 120.894799629847 117.252508799235 106.243222951889 98.7644294897715 107.028782367706 130.330393711726 143.638322750727 149.981687466303 146.582951148351 140.131662289302 143.133560816447 146.948287884394 148.914476235708 157.336523135503 163.050065437953 160.329550504684 149.18984969457 142.484525839488 137.727071841558 133.979459603628 132.942239443461 127.954532702764 126.3514260451 128.011971712112 131.559779246648 133.72794787089 137.025276819865 140.811522801717 143.074731032054 163.296282291412 174.246986707052 185.479521751404
29.4487153490384 29.0287012855212 18.4128619730473 0.000333188760729778 0 6.28810562193394 14.309333016475 31.3649450739225 42.9855187733968 48.5789080460866 56.7019730806351 72.5490252176921 91.2539561589559 111.990968386332 123.792757590612 138.323684533437 139.505098263423 131.184140841166 115.611612796783 102.654645840327 112.276424964269 134.622464577357 143.782556056976 145.401477813721 148.329436779022 149.0891178449 151.393413543701 150.089770555496 151.784787575404 159.70116853714 151.364028453827 155.500302712123 146.092096964518 138.081550598145 129.81237967809 128.548880418142 125.141471624374 124.864558378855 125.43057401975 128.160258134206 130.403896172841 132.245928049088 132.219662268957 135.48348347346 149.129708607992 165.122191111247 173.61319065094
30.9999783833822 36.9580313563347 35.2938969930013 6.50226635237535 2.49381829053164 17.1051087478797 26.1311903595924 41.1718562245369 53.8957814375559 66.8891916672389 76.210339864095 78.1731903553009 85.4706565539042 97.0731774965922 115.016589562098 132.13774561882 139.092077811559 142.027169466019 140.564382076263 124.264647563299 107.522954543432 119.117339452108 128.64496310552 139.492938915888 150.645126899083 152.6025334994 154.39451734225 155.341337124507 150.343368450801 143.454998731613 138.629456361135 146.330217520396 134.94407137235 139.744420846303 134.484708309174 129.641354084015 127.383291721344 123.99231394132 123.761037985484 128.333648045858 131.540199120839 133.76326362292 133.516569932302 135.176181793213 137.422849734624 153.337140878042 159.078379472097
32.3005467653275 33.4945594271024 43.9193944136302 31.1362047990163 16.8550089001656 29.3384740749995 26.391476392746 41.1699339747429 52.5334427754084 67.6694959402084 77.9885947704315 74.475755294164 70.1612383127213 76.3773918151855 93.4367775917053 112.837304671605 124.600976705551 130.740463733673 137.310534715652 139.652748902639 132.911860942841 119.946817557017 121.155242125193 129.608978827794 138.110399246216 144.998371601105 150.960703690847 148.500680923462 145.284920930862 136.110335588455 134.484767913818 121.825257937113 116.779029369354 115.925739208857 117.990950743357 110.400507847468 128.238876660665 119.151701529821 115.865270296733 124.486774206161 131.288647651672 133.123437563578 137.262185414632 135.470688343048 132.158110539118 142.20275481542 144.162684679031
41.9880449771881 29.4293686747551 33.0921759208043 44.9157108863195 36.4259804288546 34.3870123227437 26.5465353926023 39.8147652546565 49.4420379400253 59.5729450384776 66.7037467161814 61.0412855943044 57.6846102873484 65.2129004398982 73.6917008956273 92.0306742191315 102.386017640432 111.589968204498 125.801781813304 142.709732055664 148.346294959386 139.238099257151 137.193938096364 138.211836417516 137.956559658051 135.378301143646 136.949300765991 139.815171559652 134.173770745595 134.400973717372 118.957022825877 101.39732559522 90.2106960614522 72.4200904369354 67.8764879703522 83.757479985555 84.3866566816966 94.9162046114604 99.0667144457499 106.517155965169 112.021903196971 115.850269794464 121.796697378159 120.542109012604 126.014471054077 132.065117359161 136.21711730957
