input/barkrak2/radiation/dir00724.grid
NCOLS 85 
NROWS 70 
XLLCORNER 665100 
YLLCORNER 4664600 
CELLSIZE 20 
NODATA_value -9999 
[rows 46 to 68 of 70, columns 0 to 51 of 85]
49.3431488672892 50.885945558548 53.5216480493546 55.4472853740056 55.2536348501841 55.0904273986816 57.0083061854045 58.7628583113352 55.559496084849 54.3851554393768 53.7762542565664 53.0794461568197 49.6902565161387 46.829288204511 46.7618604501088 49.9748041232427 48.1619040171305 43.5394942760468 47.2862720489502 46.8234121799469 44.3674077590307 44.8893308639526 45.3110088904699 43.5969928900401 51.3350814580917 46.1200376351674 47.3821014165878 48.1929580370585 47.5750466187795 46.9032327334086 45.9085007508596 43.0378913879395 41.9328560431798 41.7686700820923 44.1894928614298 45.6422517697016 46.7273344596227 51.1087228854497 52.9648661613464 49.4332810242971 48.4397312005361 46.2325016657511 50.4601200421651 55.420329173406 47.4821031093597 22.7016011873881 0.781866100927194 0 0 0 0 0
43.630450963974 45.9036429723104 51.2051979700724 52.7999699115753 56.2272667884827 57.8172405560811 55.9443732102712 55.7527442773183 55.8555275201797 58.3930015563965 55.6849042574565 52.6041736205419 51.2253095706304 51.4133324225744 49.4501292705536 48.3758995930354 47.6706127325694 41.2638708949089 45.0096527735392 46.2485154469808 43.4886962175369 43.91876856486 46.8580623467763 42.572279771169 45.2931771675746 46.0809022188187 42.1935071547826 45.3218122323354 47.2870667775472 45.9247877200445 47.5380718708038 46.2552309036255 42.1819786230723 44.3711876869202 54.5084476470947 57.5091491142909 53.378755847613 48.4749178091685 51.1106252670288 57.6523790756861 51.1771639188131 47.2099035978317 53.0545115470886 57.8138132890066 52.6365091403325 37.483478585879 9.05538412431876 0 0 0 0 0
37.1245940526327 40.1571070154508 45.1265672842662 48.3509500821432 54.6477735042572 58.007667462031 55.1729698975881 53.5252193609873 57.4782937765121 59.7272018591563 57.8275720278422 54.1958411534627 53.0187090237935 53.8266003131866 51.5882770220439 46.8847453594208 45.9573169549306 41.8411095937093 44.6165005366007 47.735333442688 47.0319936672846 46.3951528072357 48.9057997862498 46.3881641626358 43.6131109793981 47.9297240575155 45.7769383986791 49.5250175396601 54.1063944498698 55.8952937523524 58.9051942030589 60.1620525121689 51.3848265012105 52.7123312155406 59.5231552918752 66.5482381979624 65.1829193035762 55.775652329127 52.8931965430578 54.8587739467621 49.5885759592056 44.7604805231094 44.4528957207998 44.7856386502584 43.6597963174184 42.9095576206843 32.4727222323418 1.83691798398892 0 0 0 0
36.129837234815 34.1999878485998 38.2148871819178 45.5744763215383 51.067108909289 54.1169544061025 56.7424794038137 59.3638221422831 60.7434809207916 57.4768334627151 59.5432718594869 59.6164067586263 56.6803117593129 53.9352198441823 52.7457594871521 48.7996737162272 47.5623855988185 45.1419254144033 47.5211838881175 51.8391678730647 52.6657601197561 52.7220070362091 50.3302464882533 51.6079912583033 46.7986712853114 49.6279497941335 52.1315236886342 57.7151676019033 63.4565105040868 68.810780843099 74.2255697647731 74.0511963764827 66.8957382440567 60.1361691951752 59.6929937601089 60.9747419754664 71.0923423369725 66.766768693924 54.7286570072174 47.9302058617274 43.6688860257467 44.3383355935415 45.0752625862757 41.609267393748 38.540946940581 38.679135342439 24.7769107421239 7.65881749490897 0 0 0 0
36.3599856694539 39.5764857530594 43.0143773555756 48.8046606381734 49.3780871232351 49.7075170278549 57.2141855955124 62.2684458891551 62.2746249039968 62.1352692445119 61.8563244740168 61.9274477163951 58.6004555225372 54.7754863897959 54.6056131521861 58.2018792629242 51.1339257160823 51.2394458055496 52.0807603995005 56.3130527734756 57.3602219422658 54.6480566263199 52.4823168913523 53.5099258025487 48.3011603355408 52.7747571468353 56.4169138669968 59.5191220442454 69.1569646199544 75.2864827712377 81.1367283264796 83.6930274963379 77.3661434650421 64.4693573315938 47.684704264005 49.6206730604172 59.2713256676992 67.6832596460978 59.4982902208964 45.6757744153341 40.2667447924614 44.8602090279261 48.6971735954285 44.2559768756231 40.9624725580215 38.3439511060715 22.5335607926051 11.498269935449 0 0 0 0
37.1136516332626 47.3421563704809 49.4574209054311 50.6681700547536 48.6943374077479 48.442671696345 55.7506134112676 60.8650048573812 60.8557562033335 65.7931963602702 63.5391771793365 62.8199378649394 60.8827173709869 56.7645132541656 56.6987891991933 62.4598960081736 56.379904349645 54.7122160593669 52.2773911555608 53.8831651210785 53.6837627490362 52.0391712586085 51.7873366673787 48.3179340759913 47.6247022549311 49.0102916955948 52.0457625389099 53.8759330908457 59.2008084058762 68.2803640762965 76.8566280603409 83.6549202601115 77.2581497828166 58.5230340560277 20.0750653942426 19.5651675264041 26.3268674413363 51.7009794712067 62.8123631079992 62.5582933425903 57.7230453491211 48.8134225209554 42.5204286972682 39.4130224982897 43.7103013197581 38.6381869514783 22.3930229743322 16.5053270757198 0.296980821682761 0 0 0
40.4466316103935 39.0160232782364 38.2759297887484 40.2887786428134 46.1070835590363 51.2542426586151 52.2463073333104 57.7382793029149 57.6070249080658 62.2711032629013 62.4760389328003 64.5253409941991 64.2690757910411 59.9885582923889 58.9798291524251 57.2631061077118 59.1269681851069 53.4882446130117 48.9995231231054 46.5468068917592 46.3025073210398 47.8636473417282 48.6151029666265 44.2751546700796 45.3746815522512 42.5760795672735 45.02139488856 45.4239596923192 47.1843928098679 51.0663489500682 54.1076411803563 67.4878358840942 64.6466116110484 36.0906521479289 16.0464483002822 8.80446843802929 9.59412567317486 17.8123936057091 42.2315498193105 57.4661393960317 63.0929668744405 52.1659851074219 37.3510643839836 34.1215406854947 38.3376032114029 25.9298160672188 21.8288451433182 31.8173840641975 16.4436399936676 0.0565063528483734 0 0
42.7964727083842 34.0055550138156 32.0876588424047 36.8443801999092 47.1454759438833 54.9476643403371 54.7333161036173 55.7971249024073 58.4095865488052 58.8476757208506 60.963715116183 63.4973496198654 65.1743710041046 64.1134281953176 60.3971779346466 58.0347031354904 60.5517129103343 54.2441805203756 49.8697459697723 50.4015237092972 50.4898726940155 48.3252704143524 46.507328748703 43.983186284701 43.7777489423752 42.0658985773722 41.4597913622856 43.0644651254018 40.7217492659887 39.569986363252 32.8109413385391 39.4209374984105 43.0533140897751 22.9867498079936 17.5966943303744 9.63790901005268 2.04304528112213 0.971680507063866 8.68226711948713 23.6827904979388 44.8330442110697 41.1009738842646 35.5333810051282 31.2669624884923 21.7685227592786 22.7342670162519 20.6208291153113 37.8800556063652 44.8940694332123 26.3982489705086 2.24599707871675 0
42.9916679859161 37.9607329765956 36.1667349934578 41.0373558600744 49.4800806045532 56.3908219337463 59.3063831329346 55.6487490733465 59.9571913480759 58.6798737446467 62.1692190567652 64.0028864145279 65.3952260812124 66.9584671656291 62.7775688966115 62.289963165919 62.6622587442398 58.6452384789785 55.0098121166229 55.5753161509832 55.007924636205 51.6201804081599 49.3968278169632 49.3132124344508 47.0840334892273 46.030248204867 43.1396166483561 40.3917084137599 36.6201847791672 33.4450875719388 26.3272201021512 30.7332724332809 38.2544472813606 40.4460082451502 38.6341686050097 28.4961263338725 9.98528115451336 2.04584375023842 1.23453551592926 5.74647386868795 19.9285248915354 24.0115076303482 20.2383870879809 14.6050987144311 14.3455937504768 19.5007460812728 21.4037323991458 27.4868657191594 40.9664039810499 45.1615750789642 28.1390274564425 0.743499336143335
45.9260493516922 44.560377796491 41.3504838943481 40.3710131843885 45.8544691403707 55.6705296039581 57.111511627833 55.3654332955678 57.3595066865285 62.4551276365916 68.1869288285573 68.8965866963069 67.3502931992213 67.8022851546605 65.964529911677 65.72292248408 66.1367177963257 63.6172393957774 60.1006199916204 56.6872457663218 54.20783162117 53.1567633152008 54.3808937072754 55.9817353884379 52.5408486525218 50.9029080470403 43.3635264635086 35.9877000252406 30.4746155937513 28.29260379076 28.3191204071045 33.9875941475232 42.0927157004674 53.0091027418772 57.9603016376495 56.3362737496694 41.3986593484879 28.4692297379176 17.0693062245846 5.13170659542084 10.1147231956323 19.5114649832249 20.0478062033653 14.5206203063329 14.0824889143308 28.7186230222384 46.6809173425039 40.3301442662875 35.418875515461 41.0234133402506 32.4460789561272 7.66568010052045
48.3594139417013 47.7644602457682 46.7275033394496 43.5684571663539 44.8014636834463 53.1754493713379 55.0051381190618 55.3536812464396 55.6182563304901 64.3157462279002 71.7334200938543 70.8492696285248 66.6103363037109 68.9819753170013 70.2690531810125 64.7319008906682 66.8152968088786 64.9889608224233 61.0351463158925 59.0162873268127 58.2109391689301 58.4525913000107 56.157777706782 53.5109986861547 51.6084432601929 46.1844801902771 30.7059610883395 5.68051760395368 4.56307145456473 15.9282311797142 26.256484289964 31.459520260493 40.3430983424187 47.6253579060237 58.5151662429174 61.7893487215042 60.4218989610672 52.8445541858673 41.4428561925888 23.1907020012538 11.7016956210136 19.6528111894925 37.871889770031 37.9325300455093 31.4885824918747 49.0584075450897 72.0059225956599 62.0466470718384 41.4412617683411 29.770831267039 14.7692039608955 8.78605619072914
47.3049432039261 45.4695026079814 48.9372362693151 49.9269415934881 47.6978917916616 50.1395463943481 55.1543782154719 55.8983534574509 56.5618475278219 64.1742249329885 70.5747455358505 68.770557641983 64.6877785523732 67.9852863152822 71.4268684387207 62.465305129687 63.8887832562129 63.1035566329956 61.7828021446864 62.2959385315577 63.1030599276225 64.4281556208928 59.1760774453481 53.2809048891068 52.1132598320643 48.663874467214 33.1065431237221 16.2516509493192 15.7222164173921 22.517924507459 32.6237728198369 35.2632651726405 49.0053395430247 58.3771765232086 68.9260711272558 62.3919864495595 59.0124974648158 23.8888636231422 24.2278203368187 24.7754007577896 27.7885720133781 37.5546216964722 42.5707548856735 23.1639196475347 17.8084547321002 21.860326329867 44.4270074367523 49.2260654767354 37.1134032805761 27.7435680230459 21.0743596156438 14.9590373039246
36.9355529546738 43.8751975695292 47.1040308475494 49.7303903102875 49.8814284801483 46.856885155042 55.4192364215851 58.8298936684926 59.6881161133448 64.5514180262883 66.4200484752655 66.0945177078247 65.5627201000849 64.3545339504878 65.7543490330378 62.341163555781 59.6256156762441 62.3144706090291 64.7418846686681 66.071555018425 68.5342649618785 64.2447570959727 62.873716155688 57.2382261355718 55.2640855312347 55.7686686515808 50.5803724129995 44.6079075336456 44.5006887118022 44.8365608851115 41.5057217081388 41.2649263938268 57.7029039462407 70.6318765878677 50.3099014361699 45.8000252644221 28.6657363176346 11.9154900312424 4.18294283250968 10.1541218658288 10.2166862537464 35.6560597817103 45.3535616397858 38.6449247598648 27.1282717585564 28.2683943708738 41.1717047293981 45.3642209370931 42.7099615335464 36.483163634936 30.610000093778 29.6302263935407
28.2483696937561 41.5863196055094 45.2978909015656 48.0679571628571 50.9098122517268 47.3001847664515 51.1591484149297 58.237612247467 68.1841472784678 69.8153575261434 65.1816974083583 63.1542404492696 65.2867058912913 64.7286673386892 64.8027261098226 62.6181662082672 59.442862868309 62.0256662368774 60.4078670342763 57.8962763150533 59.6578369537989 59.9965204795202 58.707391222318 57.8087419271469 59.6747398376465 63.2947583993276 71.2333768606186 70.8730618158976 62.2860789299011 56.7221542199453 46.1825877428055 38.1284430623055 46.9932705163956 48.7464169661204 20.5372509857019 14.042817056179 13.2284859816233 7.56758948167165 0.620281129765014 0 0 13.1786887844404 40.5646562576294 63.2319897413254 68.7020619710286 63.1457318862279 60.811847448349 61.2643460432688 60.8942061662674 50.4843890666962 40.2072072029114 49.9490549166997
30.0244639317195 38.9145563046137 45.6910232702891 47.9197651147842 49.5347479979197 49.7521162033081 44.487918416659 53.5581509272257 72.4063962697983 71.111003557841 63.5347664356232 60.4197432597478 62.5971555709839 66.8131411075592 65.9734706083934 62.7634078264236 61.9630664587021 59.8414341608683 54.022212823232 47.3368565241496 47.2743858893712 50.892894466718 52.0006716251373 55.4248988628387 56.471973657608 63.6999309062958 79.2728414138158 84.4514469305674 64.9397522211075 54.0161281824112 45.160581668218 33.1253459056218 35.9445090095202 37.5297516584396 18.9136266708374 10.1767412076394 11.1405402421951 16.0611296693484 9.19459263483683 0.990480417385697 0 2.23136351754268 20.8034577469031 44.0915127595266 46.9055076440175 48.0292389790217 45.7435548305511 46.7192480961482 52.3115297158559 46.2782283624013 46.7660079399745 79.1877756516139
40.6182731191317 43.4379478295644 45.4155852397283 42.5010472536087 37.2386500239372 33.5898051659266 41.0679106911023 46.1771587530772 55.4740975300471 51.6004065672557 47.6645727952321 53.568090001742 61.5970641374588 63.7234350045522 59.968168536822 61.8493258953094 62.1832311153412 56.8920572598775 49.3958294391632 44.589896996816 44.0594653288523 44.4354712963104 48.3741859594981 51.2821575005849 53.5841087500254 57.1497132380803 70.8535760641098 78.3323148886363 65.3903583685557 51.0545521974564 43.8030362129211 29.8311983545621 22.1203813950221 40.760929385821 37.5914921363195 17.9771607120832 17.950093994538 39.7357394297918 41.578749815623 28.4326871236165 6.37089336911837 3.29235134025415 11.731144040823 18.7803370257219 17.5663555661837 19.2672448853652 21.7123925685883 23.9612112442652 23.389699558417 39.4761115312576 59.6561332543691 111.391027768453
51.3786425193151 48.2200135787328 44.6473310391108 38.1270249684652 29.064084092776 23.4887922803561 31.7097132404645 32.7738896012306 23.6939638853073 22.3076691230138 34.6483538548152 44.2830175161362 50.4982074101766 54.6920945247014 57.4581474065781 67.4449304739634 70.1190133889516 62.042827407519 53.8752873738607 50.5597988764445 48.2138792673747 47.7006087700526 48.6918240785599 48.5508541266123 48.103337486585 53.6693831284841 60.7998271783193 63.3784234523773 58.4867248932521 39.9849091966947 39.5210335652033 34.7385133306185 30.7656253377597 48.7387031316757 55.1714400450389 43.6661938826243 34.0808977683385 21.8818336725235 28.1763995687167 31.5735787153244 21.9606533646584 9.74124980469545 11.4187374711037 11.8516013026237 6.6421286513408 7.93447035054366 15.097310145696 17.1367526054382 18.2119235396385 39.6922429402669 84.2459599177043 126.973072687785
54.0007303158442 47.7569947640101 43.2344277699788 39.6306564410528 32.9585447907448 27.4889121452967 23.4473844369253 18.9680283268293 5.11051466067632 12.712844957908 28.3284112811089 39.7847940524419 39.5080198844274 46.7592428127925 59.8541796207428 75.359433889389 80.6336253881454 73.8991896311442 65.7512793938319 62.0249609152476 56.9737255573273 55.1195243994395 54.7723323106766 49.7221102317174 46.2361425161362 49.0277707576752 48.0331083138784 50.7216155529022 47.0839689175288 32.9888785878817 31.620388229688 33.0431411663691 26.5589753786723 46.9279189904531 70.8019435405731 73.8714238007863 48.9002217849096 15.7941604653994 12.4876474340757 17.7951194345951 18.2561352849007 15.9666364391645 17.0044042170048 16.0383060574532 9.30035610993703 6.17133205135663 12.2226253151894 18.6207393805186 28.210719426473 52.3154636224111 115.014255046844 146.000564098358
56.4203510681788 51.2930850187937 50.0263422727585 51.0439376036326 47.907680273056 41.939377784729 37.1457984050115 37.5606889526049 36.3231301307678 41.8358991543452 49.4493693113327 54.8471262057622 55.1425864299138 50.5096216996511 60.4247351487478 75.7866551478704 85.8982602755229 85.97598473231 79.0530443191528 69.6969926357269 64.0666385491689 59.4358742237091 57.3402841885885 59.3516925970713 51.406999429067 42.0380930105845 39.6840845545133 41.4540022611618 40.1152124007543 39.3242786327998 21.4129934708277 18.8704455892245 15.4022214313348 23.7284849087397 77.5623321533203 87.7520442008972 55.9723873933156 19.5732948680719 7.27454635004203 7.39283363024394 10.3946775197983 8.17341543734074 17.6176863412062 24.8136421044668 30.8636178572973 16.2670190135638 14.8530180255572 33.7561319271723 58.2731962203979 101.668705542882 133.700390656789 146.84671163559
57.2003424167633 54.5320957899094 54.671972990036 56.0824970404307 55.4973781108856 51.9727120796839 51.7906149228414 59.2636813720067 75.1586059729258 71.2383488814036 62.6182605822881 63.3772313594818 69.3340202172597 57.4112435181936 58.6631844441096 66.7117983102798 75.1358767350515 82.3066085577011 83.0982426802317 76.4459222555161 70.9010909001033 64.3380433320999 61.633105079333 57.6664259036382 52.7327756086985 41.4281164606412 29.5375436544418 30.9974501530329 34.0878690282504 18.4265847007434 13.430525859197 11.5529696146647 7.16386114557584 6.68463048835595 71.0881253083547 89.2213185628255 70.2020476261775 57.9035629828771 27.4443700909615 3.35352619489034 0.173006750022372 0 9.56583395600319 34.2131728927294 40.2258386214574 31.103973587354 29.8270210623741 51.822433869044 107.75829354922 151.531378428141 144.964118798574 132.883896430333
56.3853333393733 53.1280388434728 47.7543671925863 43.2525326808294 43.5737073421478 45.4615255196889 45.524259408315 57.1486453215281 67.1393573284149 62.013566493988 52.7331481377284 52.950049440066 63.9295180638631 59.2604776223501 55.6353231271108 54.6400547027588 55.4239898920059 62.4293436606725 72.5059509277344 76.6623914241791 72.4930117527644 66.7427678902944 60.1739635070165 55.0733457008998 47.5800534089406 41.661890844504 29.4732848803202 18.2814858853817 30.2337730924288 27.563065290451 13.3598893880844 8.33011294404666 1.96689087897539 0 0.0833104325768848 79.3527116378148 86.2824618816376 96.8790352344513 78.5143623749415 30.6929722428322 2.6680709173282 0 2.95297956715027 18.981176118056 45.5840726693471 64.8298511902491 85.3216250737508 134.992231925329 175.316373507182 185.551365216573 170.403122901917 138.29560081164
58.5396289825439 56.505098938942 50.7745146751404 44.1628098487854 42.6676024993261 45.3583399454753 38.107268512249 35.3628049294154 36.9698454936345 33.8174253702164 27.0657911896706 24.6187001466751 28.1326621770859 46.4373727639516 53.2796581586202 47.8547314802806 37.0244185129801 33.1171602010727 44.8176910479864 64.7554347912471 66.6662156581879 61.2306892871857 54.6675672133764 51.3264238834381 44.5433457692464 39.1004234552383 32.9410657286644 11.8491401274999 16.2632589538892 36.001980304718 19.4982551038265 12.4186413983504 4.61471173912287 0 0 59.0747545162837 98.9668667316437 113.272130489349 99.9200046062469 70.8706378936768 38.1803512573242 9.30843067665895 6.06774228314559 23.8760560750961 54.6129147211711 116.988480091095 157.62996673584 187.89408604304 196.822166442871 196.116964022319 186.427394549052 157.962292432785
60.2092444896698 60.1448367039363 57.613472143809 54.1213154792786 52.2697071234385 51.5199303627014 36.6380612055461 23.0788613359133 23.3748505512873 25.4878203074137 22.910363972187 20.3167572617531 21.4922577142715 42.5768196582794 56.0991217692693 46.9315300385157 28.4963225324949 16.8407795329889 20.1648237804572 35.405345261097 45.5959935983022 48.838088909785 49.5239247878393 42.3279255628586 37.8532658020655 33.5657993952433 17.3568663497766 7.40092371900876 10.9804856280486 39.1376813252767 47.8196342786153 40.8744613329569 21.3973522186279 0 0 37.9542311032613 92.331737279892 100.596368312836 81.5330892801285 78.4860750039418 83.2748909791311 67.7686035633087 45.9250956773758 60.5102727810542 112.049013376236 156.619389851888 179.752071698507 190.744598706563 192.517797152201 190.126617749532 185.151616732279 163.067797819773
