input/barkrak2/radiation/dir03324.grid
NCOLS 85 
NROWS 70 
XLLCORNER 665100 
YLLCORNER 4664600 
CELLSIZE 20 
NODATA_value -9999 
[rows 22 to 43 of 70, columns 0 to 49 of 85]
56.1562875906626 49.5769878228505 27.389074365298 20.5555992821852 16.6445225477219 6.75404258072376 13.9152792592843 9.01187832156817 6.79636125763257 5.78364357352257 16.1063993970553 16.8761511643728 18.9773105084896 20.0059985121091 20.5902792513371 25.7723381121953 35.3583966692289 46.2309370438258 52.3437609275182 54.9401591221491 59.0135902166367 73.2668489217758 88.0624155203501 92.9680864016215 91.5573537349701 85.5013529459635 76.7184098561605 75.5441288153331 69.0963268280029 47.8098740180333 27.528223892053 13.5827449460824 0.582469200404982 0 0 0 0 0 0 0 0 0 0 0.372021536653241 9.99079458415508 17.2508532802264 23.1678808728854 24.7240240375201 29.3260092536608 29.0816823641459
89.7102852662404 78.6588738361994 44.2704310019811 26.0872369011243 20.6285988291105 23.3890488743782 23.9068120718002 9.02481190860271 6.96965369085471 6.53822595874469 17.549558232228 19.1397468249003 22.6291169722875 29.3510183691978 25.8681774139404 26.4485751589139 33.031240105629 43.2782520850499 48.8932232062022 42.6204005877177 41.852926214536 45.8812216917674 58.8374237219493 69.5034116506577 79.5186509688695 78.8580278555552 72.3944902420044 59.7797731558482 40.6818936268489 20.4801720877488 15.1747986674309 6.88009522855282 0 0 0 0 0 0 0 0 0 0 0 5.41504410405954 9.39836104710897 16.7563992242018 19.4809113939603 20.0594191749891 22.5139980514844 25.9154836336772
89.1048411528269 84.884504477183 61.9317094484965 31.0286035140355 14.0145632127921 23.4189430872599 22.7788214882215 20.8689173062642 17.10045337677 7.35011945168177 11.7348879575729 18.4503297011058 20.5636980632941 26.5994966030121 25.5834435423215 26.029313604037 31.8371603886286 40.9432177742322 47.1019794543584 41.5256420771281 40.0995264450709 36.7327804366748 45.76642314593 53.4810721874237 59.4431459903717 61.5135232607524 58.4064523379008 51.2592891852061 31.9499497612317 14.3793486058712 9.02110462387403 6.96693919599056 0.0181103896466084 0 0 0 0 0 0 0 0 0 0 12.5666446983814 12.8162826100985 10.3766533235709 10.1042818278074 14.9193977316221 18.2743966579437 18.9869763950507
75.4129588603973 80.1050662994385 72.9578336079915 41.1914860208829 14.0022113919258 23.3592788378398 29.6717484792074 37.6145839691162 37.6256108283997 30.8165376385053 24.2598503828049 27.0464246471723 27.3239761590958 33.0820257465045 32.0950597524643 28.8944616913795 30.8061589797338 40.0463342666626 48.2279360294342 50.3170192241669 51.147331794103 47.6595709721247 44.5736348628998 44.7939137617747 47.7991501490275 50.2703140179316 47.6782272259394 46.9612628221512 28.3959259589513 23.9818741877874 20.5548430482547 25.2551088730494 19.0210603177547 0 0 0 0 0 0 0 0 0 0 14.070683469375 7.16066546738148 0 3.22462059557438 9.57936358948549 9.2092485477527 10.675219198068
74.0773280461629 79.4494251410166 77.2809733947118 51.0058104991913 27.1867016951243 36.9696269432704 50.8500834306081 58.8532984256744 66.3576275110245 59.6049477656682 39.8884962002436 42.9235845804214 40.6328638394674 45.9429124991099 45.3988264004389 36.0651612281799 33.7830583254496 43.7417974074682 49.933448433876 61.6651475429535 62.5173052151998 59.2606166998545 52.3088673750559 46.5072989463806 47.9678263266881 50.0035087267558 45.9916690985362 52.9825588067373 49.6888210376104 48.1703778107961 53.6311765511831 72.1485863129298 80.7845741510391 59.4546695550283 0 0 0 0 0 0 0 0 7.81492330133915 3.37644138683875 0 0 0 1.41882166887323 1.28809936965505 3.65750677883625
75.6867478291194 74.4983504215876 74.6850073337555 57.2274376948675 53.8659940163294 59.8172346750895 72.3747412363688 75.1403073469798 78.1231969594955 69.9489911397298 53.0766447385152 46.4482406775157 47.2740481297175 47.38516608874 49.6809780597687 45.5990185340246 40.7806684573491 46.9396611054738 59.1562489668528 64.7564828395844 62.0824793974558 54.5852184295654 52.6496867338816 53.3672819534938 54.8188338677088 54.9152195453644 52.7481039365133 63.4987503290176 80.1676362752914 84.8437945048014 89.8234645525614 97.6960062980652 108.651419480642 115.635414918264 69.0970023473104 1.08978757634759 0 0 0 0 0 11.3785887757937 11.3079572717349 0 0 0 0 0 1.10351309801141 2.35015076274673
78.725536664327 67.5081014633179 68.1893130143483 60.3539049625397 73.8146603107452 73.4410385290782 74.6774027744929 69.6148723363876 65.4257436593374 54.6626299619675 47.1171389023463 42.1370615561803 45.6055998802185 46.9531118869781 51.7381230990092 54.4954985380173 48.4310785929362 45.061339934667 55.5064479509989 58.7105502684911 56.2535474697749 50.3843575716019 50.0615586837133 56.9086124499639 59.3425979216894 56.2395254770915 57.5295786062876 64.1129116217295 87.5183939933777 100.994726022085 109.668711821238 114.786903063456 123.698016007741 126.228193442027 115.58535695076 41.3991262515386 0 0 0 0 0 2.37069185823202 6.96530813972155 0 0 0 0 0 0 0
79.6783665815989 62.0674292246501 62.4863803386688 65.9126291672389 74.2473204930623 71.6139723857244 60.8467410008113 45.3528265158335 34.6791818737984 28.5479178031286 28.1567424535751 32.195046544075 40.5164634188016 47.3635842402776 52.7807275454203 59.6778343121211 55.150032043457 43.5095926125844 47.2211589415868 50.0612904628118 50.0633070866267 50.1516064008077 50.0374585390091 56.1994810899099 62.7764364083608 59.750626484553 62.4848902225494 64.42990899086 81.1888128519058 104.381740093231 119.69996492068 126.289874315262 128.989885250727 129.672318696976 137.219240268072 117.01175570488 35.2234890063604 0 0 0 0 0 0 0 0 0 0 0 0 0
78.2294124364853 79.1608492533366 99.9248623847961 131.225526332855 105.175902446111 78.2361179590225 51.0511596997579 28.5181999206543 15.9553450842698 22.9644278685252 22.0757151643435 17.6587974031766 37.3015130559603 49.0444749593735 57.9606493314107 62.7333472172419 60.1707647244136 48.8156129916509 48.3873585859934 52.317813038826 49.6133466561635 53.3780753612518 55.0251752138138 58.4313670794169 64.715435107549 69.5661604404449 67.8580105304718 70.392315586408 83.635946114858 109.110524257024 127.233892679214 131.417473157247 128.904859224955 138.555526733398 147.64658610026 152.379989624023 122.333874305089 61.4171425501506 6.97181932628155 0 0 0 0 0 0 0 0 0 0 0
90.9170011679332 124.286313851674 172.053555647532 192.170262336731 170.130848884583 118.332286675771 70.8305537700653 41.6704018910726 35.0694507360458 39.9651850263278 31.9205746054649 27.1117811401685 37.6993616422017 47.3284075657527 60.0778857866923 68.2656119267146 63.6206368605296 57.303989926974 50.9856144587199 53.5576045513153 53.0805637439092 55.7268510262171 59.2321902513504 60.1208209991455 65.2869194746017 76.9080320994059 77.724019686381 83.439846833547 93.6387479305267 111.971298853556 127.487907807032 134.097993373871 137.325425942739 143.394122521083 153.695205847422 150.831460952759 145.833383003871 123.065769672394 56.6925257444382 4.5586343233784 0 0 0 0 0 0 0 0 0 0
150.724758704503 186.363975207011 211.214959621429 212.218860785166 209.889769554138 183.17457040151 139.240284760793 100.829303264618 77.6625474294027 67.0528560876846 62.2858554124832 51.0078519582748 40.1554827888807 44.6108678976695 59.2899719874064 67.9337282975515 61.9258185227712 62.7151727676392 53.4221678972244 51.5812983115514 54.8085321982702 56.8336645762126 57.8356434901555 58.8470101356506 63.5187725226084 77.9971182346344 83.8517248630524 92.4664437770844 101.496527592341 109.752953052521 123.992204666138 135.432134071986 135.964790980021 132.79934724172 135.61749458313 128.983835379283 130.633900562922 117.803315321604 70.5670118331909 19.1717917720477 1.0897780302912 1.07761084412535 0 0 0 0 0 0 0 0
203.325748443604 219.071547190348 223.65931669871 221.20346625646 223.655819892883 219.640254974365 195.318341255188 151.842246452967 113.682359457016 91.7749404907227 94.4134593009949 83.7503472963969 59.137483437856 51.4743824799856 60.1923565069834 63.7908428907394 57.4720352888107 58.6565732955933 52.4208048979441 53.0570646127065 50.9475270907084 53.0830125013987 52.6154736677806 53.4065067768097 60.0551416476568 71.5622504552205 82.8649501005809 86.9673887888591 97.4075496196747 109.767615795135 120.797375837962 125.388195117315 116.543998320897 105.372061332067 107.694735129674 92.7372972170512 93.7785108884176 78.2948732376099 42.8007990121841 10.4109893242518 10.4601507385572 7.46904624005159 0 0 0 0 0 0 0 0
217.554529507955 225.378413995107 223.133742809296 223.59957297643 224.65185324351 223.785897095998 213.895797729492 181.391358375549 134.929200013479 106.51221871376 106.410245100657 101.584444443385 85.0255688031514 65.5335634946823 61.1063738663991 62.6426835854848 56.0680081446966 51.7259289820989 51.8858184417089 54.7755509614944 50.9767482678095 49.9507536490758 52.3099402586619 53.7513544162114 57.9542915026347 65.2322272459666 74.9916632970174 76.1040598154068 85.4937334855397 103.234648704529 112.742573022842 112.04061905543 106.862823168437 99.5038350423177 92.2367672125499 78.5098373889923 82.6691140731176 79.7819991906484 59.7544362147649 24.9787420034409 20.6639344493548 24.5465512077014 0 0 0 0 0 0 0 0
211.115837097168 215.332627296448 210.819264252981 211.324075857798 211.900989214579 207.319974899292 200.869758923848 181.628783543905 142.45080947876 117.462992668152 111.368765433629 107.058634360631 97.5001653035482 75.1423835754395 64.3737812836965 66.9438143571218 59.5191816488902 51.3811806837718 55.290088057518 56.5113027890523 54.4055849313736 50.5652775367101 54.6981195608775 58.9497089385986 57.5495362281799 62.7450446287791 67.6629692316055 68.5636202494303 76.4995117982229 95.0118501981099 105.259944995244 103.973497947057 109.027922153473 109.998325506846 91.237336397171 84.8922729492188 89.3893440564473 96.8276858329773 91.1152561505636 51.7262518405914 17.9490086932977 0.926101813092828 0 0 0 0 0 0 0 0
186.664243539174 190.492908159892 192.953844865163 189.007659753164 187.642772992452 186.601360638936 191.203733285268 186.593413352966 154.251317183177 127.919028202693 114.7614022096 99.8590886592865 91.5473500887553 72.3898708820343 60.5400949716568 67.2741631666819 69.0387884775798 56.6143840551376 58.6985498666763 61.7498159408569 61.178058385849 57.5113942225774 57.6800604661306 61.1288050810496 59.2036992311478 59.5509856939316 66.0164008537928 72.4291801452637 77.2659629583359 89.5782013734182 102.704435586929 106.094896793365 107.657839854558 113.454749186834 95.0287282466888 95.4535106817881 94.9589808781942 104.698568582535 104.025562604268 64.7502889235814 7.43966115017732 0 0 0 0 0 0 0 0 0
163.543353478114 172.740439573924 184.568246205648 180.585583051046 179.718474547068 185.4088306427 195.139567057292 196.487188339233 175.325592358907 138.739089171092 117.434958616893 92.8098559379578 77.6438564062119 66.1029915014903 56.8200250466665 61.5622202555339 72.9375431934993 65.3418203194936 62.0448489983877 65.0668889284134 65.527081489563 61.3551835219065 58.5691134134928 61.2751543521881 62.7940793832143 61.2784723440806 64.5491530497869 74.4792322317759 78.2260894775391 83.0176969369252 95.3906377156575 107.253968715668 108.564962943395 103.79821062088 91.2640293439229 104.007105032603 106.853346029917 111.840009689331 112.15994755427 85.0671132405599 1.36121703932683 0 0 0 0 0 0 0 0 0
125.490109125773 137.514770030975 146.192888418833 151.441832383474 159.506430228551 175.925195217133 189.660489559174 198.476314544678 191.726982593536 158.980180819829 124.801387389501 94.1345791021983 74.8460193475087 71.1292525132497 62.8230273723602 56.6455374161402 67.3820326725642 68.0063863595327 62.4922762314479 62.155952056249 62.7908011277517 59.9410434563955 56.6895951827367 58.8336437940598 62.3285075028737 66.2892758846283 66.0387774308522 71.4888274669647 76.5484819809596 77.812522649765 86.7506464322408 102.240949869156 106.931080420812 91.9034779071808 94.9134528636932 114.564597606659 118.439634641012 114.72150683403 115.835060675939 111.706376075745 54.2001624902089 0 0 0 0 0 0 0 0 0
89.0157222747803 95.9082245826721 95.5408612887065 106.103251377742 123.033285140991 141.018311182658 155.877570311228 169.154345989227 169.38986380895 145.861546198527 109.48238770167 83.6947659651438 70.0905174016953 68.0391142765681 64.8494710524877 59.2797597249349 63.9146516720454 64.4082327683767 57.4850142002106 57.3001603285472 60.5914245049159 64.6871874729792 63.5114063819249 59.2219978570938 59.3459059794744 61.7876549561818 67.5378541151683 70.7576125860214 75.5933771530787 75.367937485377 78.1524082024892 91.0660525163015 99.1833408673604 94.852089881897 117.216547330221 126.036067803701 122.860044240952 116.176793972651 120.675245920817 136.903047561646 125.890245040258 64.3376708030701 4.27850584189097 0 0 0 0 0 0 0
77.3957669734955 79.4398089249929 79.320083061854 81.5896689891815 90.799887975057 97.5573658943176 101.433296998342 107.03632235527 107.715020577113 90.9289916356405 74.4953552881877 69.9006418387095 68.943311770757 65.7751560211182 63.8858775297801 64.0337417523066 63.4688834349314 63.0330195029577 58.175931374232 57.5472265481949 61.9465112686157 67.3931539058685 68.7503566344579 64.5510504643122 62.3248120148977 60.7589880625407 70.1358417669932 72.3988513151805 75.8401304483414 76.3539224863052 76.462134718895 83.5962394873301 92.7030841509501 102.919002374013 121.643245220184 124.342024326324 114.906052748362 104.393720626831 107.197274764379 124.7638463974 138.630757729212 127.268890539805 77.7134597301483 12.6403110722701 0 0 0 0 0 0
85.9331091245015 83.257794380188 83.5124254226685 83.1611851851145 79.6598096688588 77.4779617786407 75.8028527100881 77.1949291229248 82.1737845738729 74.0451564391454 65.8698032299678 67.1784381071727 70.3559070825577 70.4216957092285 69.4672664006551 67.1783834695816 61.6295138994853 68.6929772297541 69.5350716511409 64.8392736911774 66.9690370559692 67.6816602547963 66.2711610396703 68.2686318953832 70.4729706048965 66.7699078718821 70.9344247976939 74.7007429599762 75.9042650461197 77.589362859726 79.0873914957047 83.0560773611069 89.9130702018738 107.951760292053 117.022385199865 110.731979211171 100.482225418091 89.7646447022756 86.6135358810425 97.953607638677 126.412630081177 135.78724861145 105.57829340299 47.4619418382645 2.35020741820335 0 0 0 0 0
90.5662973721822 87.4616901079814 90.454638004303 89.1037185986837 82.1128686269124 78.7807703018188 76.2245655059814 73.1095224618912 73.5544214646022 69.8573191960653 68.401445945104 67.9333209991455 71.6419120629628 75.2586523691813 74.7359991073608 71.278914809227 68.730965256691 74.2575228214264 76.6425430774689 70.1767206192017 67.5484587748845 65.3481582800547 61.9977215925852 63.8412882884343 68.2210773229599 65.3019696474075 63.2616281509399 68.1642045577367 73.1706768274307 75.0904480616252 76.3802131017049 77.3506065209707 88.0059003829956 109.099994103114 114.386657873789 99.1777082284292 88.6301199595134 85.6720010439555 84.8019619782766 94.3428178628286 101.188639799754 104.206065336863 91.3538336753845 56.1885039011637 6.53476143876712 0 0 0 0 0
74.2579599221547 77.0055751005809 85.8445664246877 83.3285003900528 86.0812266667684 88.6961817741394 87.5763495763143 83.216334382693 72.1886555353801 70.5167055130005 74.1723229487737 70.8776166041692 71.3380674521128 75.1865605513255 75.5904664595922 72.6979027191798 73.9414046208064 75.7917165756226 76.2287229299545 72.0233370860418 66.34122133255 63.3754332860311 60.3343149026235 59.9807699521383 62.6982599496841 67.3937896887461 61.7061108350754 65.2350534995397 69.4502989451091 71.7056691646576 70.0025012095769 68.4906542301178 79.5074999332428 94.5898592472076 101.243873437246 90.2687907218933 86.0803922017415 91.5853381156921 94.3244496981303 93.3435757954915 89.2848074436188 87.9263579845428 82.6261440912883 55.9392521778742 13.0947455763817 0 0 0 0 0
