input/barkrak2/radiation/dir01424.grid
NCOLS 85 
NROWS 70 
XLLCORNER 665100 
YLLCORNER 4664600 
CELLSIZE 20 
NODATA_value -9999 
[rows 46 to 68 of 70, columns 0 to 51 of 85]
54.6961923440297 56.3089350859324 58.9954952398936 60.9672566254934 60.7733726501465 60.5871727069219 62.4336252609889 64.1674548387527 61.021347840627 59.7745676835378 58.807169397672 57.9899102449417 54.4480184713999 51.8873532613119 51.7613639434179 54.4886042674383 52.4512628714244 48.2802242040634 52.8075148661931 51.7615626255671 49.7856239477793 50.3250261147817 50.7768889268239 49.0231812000275 56.2476416428884 50.9452323118846 52.2927343845367 52.4800767501195 51.8238296111425 51.691805322965 50.1551926136017 47.1081038316091 46.4014013608297 46.979695558548 48.6145714918772 50.0493446985881 51.5880386034648 56.4992924531301 58.4375560283661 54.0815095106761 54.5297265052795 50.7601102193197 55.9866428375244 61.4474763472875 52.0977377891541 26.1786679426829 1.88188472141822 0 0 0 0 0
48.826868335406 51.1177678902944 56.5599997838338 58.3517054716746 61.8381599585215 63.4313921133677 61.4560296138128 61.1932774384817 61.204249660174 63.9166384935379 61.0973040262858 57.6105018456777 56.1155577500661 56.1988651752472 54.5228819052378 53.3634126186371 52.6404182116191 45.9445764621099 49.7930198907852 51.1817733446757 48.2773582140605 49.314205845197 53.124209245046 47.203466296196 50.8657495180766 50.9254535039266 46.9422439734141 50.154854853948 51.630104581515 50.6840248902639 51.9079019625982 50.9599546591441 46.2191204229991 48.8836020231247 59.3684613704681 63.791702191035 59.3614528576533 53.0838320652644 55.0849636395772 62.6541872819265 56.7960937817891 52.3151357968648 57.8441520531972 61.9860688845317 57.4135879675547 41.3800626993179 10.6711089611053 0 0 0 0 0
42.1306788921356 45.2855030695597 50.4143734773 53.6913971106211 60.2350930372874 63.6717478434245 60.6842388709386 58.9466442664464 63.0253305037816 65.0436083475749 63.0640933911006 59.5729500055313 58.3199163277944 59.1045767068863 56.2568803628286 51.9240001837412 51.4310995737712 46.5940684080124 49.3791898091634 52.720233798027 51.9392639398575 51.931435863177 53.771769007047 51.9815931717555 50.6788392861684 53.5368223985036 50.6517589092255 54.5129130283991 58.6142241954803 61.0170265038808 65.6337042649587 64.5792782306671 56.2351892391841 56.7462543646495 65.556138753891 72.8231569131215 70.3914016485214 60.6808811426163 56.8540394306183 61.8990957736969 55.8821658293406 50.2541810274124 48.8986025253932 48.8222986459732 48.0346630016963 47.2551286220551 35.8158871531487 3.1374916434288 0 0 0 0
41.1050990223885 39.0560229619344 43.134664495786 50.9108205636342 56.5166374047597 59.5879455407461 62.3694360256195 64.9803231159846 66.2237803141276 63.1998231013616 64.8964246114095 64.8742914199829 62.1151675780614 59.6375912427902 57.5554569562276 53.4739444653193 52.1132200956345 49.9945183595022 53.0746231476466 56.9700847069422 57.7380458513896 57.7306399742762 55.2344967921575 56.4988801876704 52.4096786975861 57.7464749415716 59.5901062091192 62.9379004240036 68.0733521779378 74.3470440308253 79.909935593605 82.0593436559041 71.3282326857249 65.2946531772614 64.8096899191539 73.7217515707016 76.502005259196 72.0697244008382 61.7745121320089 52.5102466344833 48.0201145013173 50.336554646492 49.5233138402303 45.6129511197408 42.5780514876048 45.6930100917816 33.1332956751188 9.2910739282767 0 0 0 0
41.3295030593872 44.6693599224091 48.1443802515666 54.265300432841 54.7021627426147 55.1291406154633 62.8641545772552 67.9964472850164 67.9500997066498 67.6667541265488 67.7165885766347 67.2857065995534 63.8399024804433 59.818908572197 59.9369158347448 63.1539771954219 56.2950323025386 55.5789172649384 57.0750733216604 61.5958869457245 61.7718597253164 59.751957654953 57.4489037195841 57.5357725222906 53.0923753976822 57.7188779910406 64.463883638382 69.0107842286428 74.7473140557607 81.0111612081528 87.0290001233419 88.2484714190165 83.1103225549062 69.7836329539617 50.9913017352422 54.3317894140879 62.8661016623179 71.5877711772919 63.3417367935181 50.1088152329127 44.4604903459549 49.3013163407644 54.9127260843913 51.7909824848175 47.4759091933568 41.8073137601217 24.64493115743 13.2995011905829 0 0 0 0
42.0705576737722 52.6456286509832 54.7346820433935 55.9617777665456 54.1191349426905 53.762748837471 61.1748894055684 66.6057417790095 66.491777698199 71.5498824914296 69.2726522684097 68.5177544752757 66.2655631701152 61.9778633117676 61.5822523832321 67.9652790228526 61.7397129535675 59.1491063435872 57.2850157817205 58.4192822376887 58.8191996018092 57.8414797782898 57.5919051965078 54.8608998457591 52.3874710003535 53.7874400615692 58.0023527145386 61.1142019430796 68.9514776070913 75.3352145353953 82.6140890518824 88.3020758628845 84.0945442517598 62.8364582856496 21.9813734292984 21.5121780832609 28.4360547860463 56.4914643764496 69.6204255024592 67.7210738261541 62.7137621243795 55.5443217357 48.3294278383255 42.8234736124674 47.1629053354263 43.5034732023875 24.5241746306419 18.4687438110511 0.836122082546353 0 0 0
45.4511940479279 43.9878900845846 43.1681672732035 45.4080700874329 51.2807716925939 56.7881762981415 57.660053173701 63.216025630633 63.2437765598297 67.9232974847158 68.4828211863836 70.3126341104507 70.0310617685318 65.5832986036936 64.0478233496348 62.2402330239614 64.1212115685145 58.6407234271367 53.9807379245758 51.5054166316986 50.6311158339183 52.7545710404714 54.2609294255575 48.9637056986491 51.7947723468145 48.8756696383158 48.7212588389715 49.7720688581467 52.9268284638723 59.149314959844 63.8562738895416 72.0839649438858 69.8760449886322 48.6778517564138 17.9487392306328 10.4815252125263 11.248704046011 19.666887819767 46.6168522834778 60.8931283156077 66.822608311971 55.8089762926102 42.8419013818105 37.9925966262817 42.4464245637258 28.120681643486 23.9600390195847 35.5456521113714 19.4715398053328 0.654977901528279 0 0
48.0157136917114 38.8640761375427 36.8903925021489 41.7868345975876 52.3810485998789 60.5745762586594 60.2944095929464 61.4035973946253 63.971683382988 64.2522474129995 66.6782210270564 69.2713558673859 71.1814016103745 69.5705910523732 65.925270318985 63.4916424751282 65.6065444151561 58.8845908641815 55.4901262124379 55.4801772038142 55.5760463078817 53.2740652561188 51.3582875331243 48.6989368995031 47.5609401861827 45.7297066847483 46.8284537394842 46.6871162255605 46.5280612309774 45.6225275993347 39.4509310523669 44.5261746644974 47.419066230456 25.0889932115873 19.569752116998 11.3553963601589 3.20235577722391 2.22497309247653 9.98653595646222 25.7445548971494 50.575057665507 48.6060678958893 39.4636069734891 34.9738548199336 23.8303070267042 24.8760382334391 22.7221498886744 42.0095572868983 49.5208303133647 30.2759433786074 4.55474170545737 0
48.1628874937693 42.9941266775131 41.1169851819674 46.1139976978302 54.7692229350408 61.8652701377869 65.0785068670909 61.132937669754 65.769041577975 64.2444839080175 67.7798589070638 69.7986930608749 71.1128016312917 73.0405499537786 68.0988083283107 67.9066479206085 68.2238191366196 63.5666350523631 59.6653421719869 60.2118323246638 60.2406313021978 56.7318350076675 54.3562471866608 54.2075137297312 51.870917280515 49.8390744129817 47.6738313833872 45.6936657428741 41.6878958543142 38.0161205927531 30.6960965196292 35.2047036091487 42.3439343770345 44.493039449056 42.6492989063263 32.1088631947835 12.3876109719276 3.35237570106983 2.25485783691208 7.13283444444339 22.0122660199801 26.1547217766444 22.2973972558975 16.5098768969377 16.2553563714027 21.5756123264631 23.5129147768021 34.981628259023 45.4429090023041 49.839253226916 31.8950364987055 2.59402859956026
51.2097974618276 49.8134891192118 46.4855929215749 45.4059938589732 51.0580241680145 61.1805419127146 63.0499025185903 61.045636733373 63.0344450473785 68.0082341035207 74.1516848405202 74.6619701385498 73.0471859375636 73.8116403420766 71.7264513174693 71.4564969142278 71.3919500509898 69.6876148382823 64.9462888638179 61.4210019508998 58.8747064272563 58.9106033245722 59.4721833864848 61.9844794273376 58.4169179201126 54.8768242200216 48.8227605819702 39.4763151804606 34.4901407758395 32.3355793952942 32.4111257990201 39.4096175829569 46.3899274667104 57.6043526331584 62.7684444189072 61.1429810523987 49.8200257619222 31.6269174218178 22.0079471667608 6.66181556880474 11.8547727664312 21.5601225694021 22.1210271120071 16.4374187588692 17.330028116703 32.2375843922297 51.113615433375 44.779047369957 39.7514825065931 45.5757925907771 37.6659383376439 9.13326442241669
53.7082403898239 53.1127502520879 52.0389378070831 48.750251531601 49.9543150266012 58.6196333169937 60.7120891412099 60.8431845903397 61.116561293602 70.1328118642171 77.7883281310399 76.5508313973745 72.3779847224553 74.7279971837997 76.0679493347804 70.3706443309784 72.9621251424154 70.1479663451513 66.5052632490794 64.4304205973943 63.115527232488 63.7767811616262 60.4740182558695 59.3954920768738 55.6505521138509 52.5451004505157 34.9316795667013 6.81597553193569 5.48064025739829 20.012636979421 30.0601497292519 36.3623425364494 44.5914417505264 52.0554979642232 62.8106395403544 66.9397016366323 65.6079947948456 57.7537069718043 45.9131846825282 26.3851756850878 13.4875004490217 21.6933339834213 41.5566017230352 41.9918199380239 35.220575829347 53.6372909943263 77.5001347064972 67.2398308912913 45.9698537985484 33.7308446566264 20.6020350257556 10.354253773888
52.6126821835836 50.7478763659795 54.2929271856944 55.2729020516078 52.9286911090215 55.6076715389887 60.8103970686595 61.7908487717311 62.0968739191691 69.8746691147486 76.423833767573 74.8187800248464 70.4981784025828 73.9586601654689 77.0131995280584 67.8716649611791 69.9290335178375 68.7508483727773 67.3506160577138 67.7921275297801 69.7567760944366 69.2918598651886 64.5091285308202 57.5774262348811 57.1126739184062 53.5521556933721 37.5858296950658 19.7945137818654 18.9494515458743 27.1258056163788 36.0415900746981 39.3596639235814 53.6284148693085 63.275620341301 74.269970258077 67.719578742981 64.1993979612986 25.8802299698194 26.3452728589376 26.9372686743736 33.2538212339083 41.5981685121854 49.2290655771891 25.2722650766373 19.7565158208211 23.898700873057 56.4818481604258 53.7002036968867 41.3226137558619 32.4298292398453 26.6775911053022 19.6750623484453
41.9227033853531 49.0494022766749 52.4387061595917 55.1414241393407 55.204172929128 52.0677467187246 60.8612199624379 64.6262466907501 65.4401977856954 70.3960557778676 72.7676004171371 71.8524307012558 71.2753931681315 70.0670083363851 71.4803238709768 68.0865297714869 64.9041086435318 68.7221984068553 70.3832060098648 72.3017702500025 73.5649019479752 70.4011668761571 68.3621714512507 62.46550877889 60.4004462560018 60.3645493586858 55.9485753377279 49.3415345748266 48.048069079717 49.3107785781225 45.852392911911 45.7497139771779 65.3172830740611 75.2330919106801 55.1454722881317 50.3511130809784 30.8964972694715 13.7584954500198 5.57909409205119 13.6501081287861 12.7834901213646 44.1386351982752 49.697940548261 42.6341046889623 30.729870001475 32.0570518573125 45.5689330895742 49.7905164957047 47.1658209959666 40.7098134358724 34.5940341552099 33.7892447908719
32.8580091396968 46.6445585091909 50.4882832368215 53.3734311660131 56.2612960735957 52.6036123434703 56.4707815647125 63.7661914030711 74.5524168014526 75.9236713250478 71.2303419907888 69.1063900788625 71.0047880808512 70.4459846019745 70.5047299464544 68.4036960204442 65.0059133768082 67.2394980986913 65.8656110366185 63.7553383906682 65.6414031982422 64.8942291736603 63.4017586708069 63.7499839067459 64.1953647136688 68.7379191319148 76.0957250992457 80.088863770167 66.0051604111989 60.2568835020065 49.7085005044937 45.6658601760864 56.6506187121073 53.3542186021805 22.5693335135778 15.9456965823968 15.1332058012486 9.31126748522123 1.13965958977739 0 0 14.5374064644178 46.7601418495178 68.7392055988312 74.081152677536 68.3858543634415 66.5429135163625 65.8570329348246 66.0054634014765 55.2722762028376 44.6794182062149 55.1817963520686
34.5851654807727 44.0627485513687 50.8843163649241 53.1958391269048 54.8668603102366 55.1690409580866 49.727588891983 58.9209546645482 78.5662233829498 77.5113751490911 69.6386247873306 65.9232238928477 68.8329388697942 72.5753456354141 71.7215041319529 68.6124463876088 67.5089756647746 65.4420306285222 59.1651697953542 52.1786461273829 53.0548592408498 56.0381760199865 57.6370805501938 59.9316755930583 63.2852216561635 69.1280762354533 85.1479967435201 88.8675649960836 70.1799144347509 64.3949061632156 48.8385657469432 37.0459109544754 39.9504229426384 41.4822176098824 20.9546759724617 11.9951168696086 12.9931742946307 18.7073412040869 11.4248159031073 1.97216883922617 0 3.56911029666662 22.839292883873 48.5457181930542 51.5566567579905 52.6758929093679 50.2480616172155 60.5967342853546 57.0825189352036 50.8361905813217 51.5473037958145 85.4150354862213
45.7020401954651 48.5650251309077 50.901139775912 47.5224157174428 42.0540819565455 38.8884544372559 46.6676354408264 51.8692880868912 61.3880306482315 57.1247637271881 54.4877300659815 59.3641599019369 67.5596098105113 69.3877140680949 65.8143013715744 67.4945612748464 67.9841736952464 62.3177339633306 54.8128585020701 49.5692094167074 48.7546374400457 50.1535584529241 53.4600764513016 58.2275340954463 57.9759379227956 62.3547434806824 76.5017916758855 82.8815797964732 70.708821217219 55.8386445045471 48.281008998553 33.5525423288345 28.7949293851852 44.822762409846 41.3598815600077 20.0083926320076 19.9640368421872 43.8856184482574 46.9213227430979 31.5486739079158 7.88264659543832 4.74524094412724 13.5066968699296 20.7631265123685 19.5035114884377 21.2324410676956 23.7593005100886 26.0753557085991 31.0546507438024 43.7766363223394 65.0965670744578 118.330965439479
56.7311694224676 53.5858819882075 49.7745523850123 43.0612812439601 33.6564729611079 27.7530401945114 36.1116006970406 37.3412296175957 27.8367921710014 27.396467824777 38.775272667408 49.6363739172618 56.024581193924 60.1300646861394 62.9612455765406 73.4789619843165 76.1769860982895 67.7201201518377 59.3447337547938 55.8755348126094 53.4265736738841 52.4043440818787 53.6988774935404 53.5199791193008 54.4483363628387 58.7381621201833 66.124215722084 68.7313874562581 62.6299480597178 43.6985890070597 42.860135436058 37.9560937484105 33.9539796113968 53.1430244445801 59.5480700333913 47.7043141921361 37.9515538613001 23.9006827274958 36.4846835533778 36.0878705978394 25.202934940656 11.3846262296041 13.1786316633224 13.6717706918716 8.30250419676304 9.31587815284729 16.9897302985191 19.1011155645053 20.1806326707204 44.1628793875376 90.5626813570658 134.036938349406
59.5506479342779 53.0512978633245 48.3696758747101 44.665386279424 37.7449318766594 31.9924354553223 27.5749489665031 23.3584443728129 8.58241133391857 16.3068647185961 32.437726855278 44.7043875853221 44.7518527507782 52.2798349459966 65.4252717892329 81.3251336415609 86.9909127553304 79.8787921667099 71.6172854105632 67.7190373341243 62.1546159187953 61.2180481354396 59.5316290855408 53.9782543977102 53.4949103991191 53.0074735482534 56.4382721980413 55.7864358027776 51.2949973344803 37.0343600710233 35.3979219992956 36.882276336352 32.4317639072736 55.3422619899114 75.6250123182933 78.7785351276398 53.3117999633153 17.7023982008298 14.2766063412031 19.7180534402529 20.1622011760871 17.8140439093113 18.9502735932668 17.9992951452732 11.0842734575272 7.73733978470166 14.0273297826449 24.5235835512479 32.0347820719083 57.5929433107376 122.038712104162 153.132140636444
61.9929780562719 56.728849808375 55.4364720980326 56.4897755781809 53.2739708820979 47.075629234314 42.0921842257182 42.535811662674 41.2632872660955 46.7757234970729 54.700622955958 60.2916926145554 61.0554963350296 55.9953947861989 66.1706427733103 82.0212215185165 92.3087100187937 92.5732553005219 85.284153620402 75.4885027805964 69.7884807984034 64.5673523346583 63.7464125951131 64.088041583697 56.3529680172602 45.6607888142268 44.1722770531972 47.5628823041916 44.3081359068553 43.647363781929 28.1330396731695 20.7931573192279 17.2076945503553 34.6479018529256 82.6914062102636 92.8416748841604 60.4291458924611 21.6206113497416 8.92103711764018 9.01129655539989 12.090108046929 10.0156875948111 19.9428436656793 31.979297598203 34.7377533713977 22.0246364672979 19.1899215181669 37.8427704175313 63.6036346356074 108.417669932048 140.775938828786 153.765966494878
62.8028412659963 60.117095708847 60.2092842260996 61.5762273470561 60.9820783138275 57.4356913566589 57.1667005618413 64.8291210333506 81.1518679062525 77.1999061107635 68.5940583546956 69.3721870581309 75.0680516163508 63.0854964256287 64.5301093657811 72.3109940687815 80.9686332941055 88.3753498395284 89.3424352010091 82.5708607832591 76.8274962902069 70.657675464948 66.7894184589386 62.9135916630427 59.0979804595312 46.0281471411387 34.0904518961906 37.0545933643977 38.4217649698257 20.2793056766192 15.2332782745361 13.3154168725014 8.74138375123342 8.8484783967336 77.9821872711182 94.2993760108948 74.8778680960337 62.5421851873398 31.0761754711469 4.77934814989567 0.62799888352553 0 10.8153074979782 38.1476208567619 44.5705503225327 35.0700815518697 33.7556675076485 56.9083392620087 114.537636439006 159.188290437063 152.051031589508 139.508992433548
62.0134770870209 58.604488770167 53.0290752649307 48.4103659788767 48.6943622430166 50.7292052110036 50.7683306932449 62.9575302203496 73.4439839919408 68.285807967186 58.5524241129557 58.2155088583628 69.9556022882462 64.8100773493449 61.2629850705465 60.3432754675547 61.3630414009094 68.3577756086985 78.4111171960831 82.7458202838898 78.4675925970078 72.5424289703369 65.293957789739 61.1941913763682 52.4868369102478 47.1091618140539 32.9352642099063 27.7293597658475 34.2707633972168 31.1788469552994 15.2034386992455 10.0148500253757 3.19824398805698 0 0.282040079279492 84.330826997757 91.2308990955353 102.256158987681 83.7648212909698 34.3774283925692 3.92554793506861 0 4.03540239979823 20.9290236234665 50.1764516035716 70.1691061258316 91.3684169451396 142.276893059413 183.253149191538 193.470676740011 177.880605061849 144.973774751027
64.205139875412 62.1294279893239 56.2118589878082 49.4024852911631 47.8646953900655 50.6338675816854 43.0356860160828 40.0678440928459 41.3450847069422 38.0382587512334 31.6107844312986 29.207651813825 33.0080613493919 51.5946249167124 58.6892813444138 53.967942794164 43.0675347646077 38.499837120374 49.8994588851929 71.0060993830363 72.6865281661351 66.9022252162298 60.3128870328267 56.1845600605011 49.3775904178619 45.4893459876378 36.8560204903285 16.6555171211561 24.8555888732274 39.9913390477498 21.5183099110921 14.2184980213642 6.02671131491661 0 0 64.4542475541433 104.21754916509 118.933955828349 105.340391397476 75.8351733287175 42.31824974219 11.8617874880632 7.87944346666336 27.5210340817769 59.8151385784149 123.794287443161 165.143301089605 195.895473162333 204.788088798523 204.078435897827 194.240172704061 165.126144886017
65.9347275892894 65.8696293830872 63.2692277431488 59.6821208794912 57.7536076307297 56.9503208001455 41.5336415171623 27.3527627189954 27.8361688057582 30.0483057896296 27.2793620824814 24.5577345291773 25.8129114905993 47.7198561032613 61.5656872590383 52.3591339588165 32.7443405985832 20.8984836935997 24.4065473477046 41.2194480498632 50.9661634763082 54.1971872250239 54.9336572488149 48.4447777271271 42.487973968188 38.0687788128853 25.9366929531097 8.8661548991998 16.7830648521582 43.2650943597158 52.1982312202454 45.1588581005732 25.0526294112206 0 0 41.9870018959045 97.7743268013 105.985949436824 86.5019857883453 83.4655364354451 88.7138744195302 73.2888480027517 50.8598436911901 66.0095711549123 118.963301181793 164.316842953364 187.684913476308 198.723594347636 200.472076733907 198.119084040324 193.084975083669 170.489907264709
