input/barkrak2/radiation/dir02124.grid
NCOLS 85 
NROWS 70 
XLLCORNER 665100 
YLLCORNER 4664600 
CELLSIZE 20 
NODATA_value -9999 
[rows 0 to 22 of 70, columns 0 to 51 of 85]
63.866143425305701 80.4385642210643 95.8191156387329 111.006557941437 125.76021750768 134.070952733358 142.373691002528 140.322466691335 138.356020053228 141.65539542834 142.40093032519 136.992772420247 132.462382316589 133.177588383357 133.198320865631 119.796892007192 105.604598919551 96.3960687319438 96.2275763352712 96.6698328653971 104.466338952382 121.4965681235 138.33345969518 142.559816439947 151.258726914724 161.035299301147 161.001761754354 151.85958147049 143.153776725133 146.562129259109 143.319477637609 163.260201613108 196.691691875458 189.275085926056 188.833355903625 183.724105358124 189.10958369573 198.163489500682 193.402965863546 196.263949076335 193.699856599172 203.713893890381 208.515445391337 198.984464009603 187.569419542948 194.161077340444 199.543237686157 158.773849407832 108.080397049586 103.959222634633 126.063088575999 167.988499005636
45.1869865258535 58.5904916127523 67.2707259654999 80.9973229964574 92.5417443116506 103.238205115 114.092896382014 130.861381689707 147.778431574504 145.705670118332 144.797116518021 140.083769957225 134.84666744868 134.896993637085 134.980102380117 120.682924985886 112.462451060613 104.23215230306 101.678897937139 99.9856193860372 113.116512695948 135.9916528066 150.554398695628 150.194386641184 152.837455272675 163.21129600207 162.986248731613 154.344419638316 148.13291033109 148.305286963781 149.448583523432 172.378738721212 194.080789883931 189.557472864787 187.39382425944 183.141012986501 188.588281472524 197.412610054016 190.043052037557 190.263867378235 190.094908078512 194.294591744741 192.202766736348 183.866699536641 178.380171457926 190.747539202372 191.625714302063 143.71379216512 115.419059991837 125.599304835002 154.373228549957 190.154512723287
18.814974774917 26.892659564813 33.3113943537076 40.3625766436259 47.8527893622716 55.0578733285268 70.2858368555705 87.9442195097605 106.323142846425 108.952860037486 129.719853401184 141.596813996633 143.846432367961 143.426954746246 145.308395226796 145.403176546097 141.423255205154 131.072153647741 115.266809860865 111.456751823425 122.722963492076 139.611800511678 150.19612510999 152.533193429311 152.404010295868 151.732097069422 152.042259772619 153.719107309977 151.710639397303 155.483881632487 165.424923102061 183.073222637177 193.767686684926 190.946539243062 186.769664287567 186.189889907837 193.150540192922 195.308983325958 189.610282580058 183.251937230428 179.759244124095 176.126758257548 165.89567065239 160.567631324132 168.051520983378 185.280283292135 178.152104218801 137.456635634104 134.379883607229 153.508931398392 178.797046343486 201.354722181956
9.90220283468564 10.591559112072 14.4365181525548 16.243938356638 19.0168594320615 23.5493779182434 30.8716520667076 44.5185005664825 59.6692015727361 74.1569499174754 94.1318472226461 111.276388168335 125.588764746984 131.831069787343 138.607949018478 150.731007258097 153.200894594193 143.623133500417 127.183298269908 118.769625822703 121.541291475296 123.113095760345 133.637458086014 142.961949110031 142.762472232183 142.54355430603 143.000364303589 144.300252199173 152.719368537267 160.90456644694 168.424129486084 185.059328873952 189.892907937368 189.82740243276 186.968187491099 187.168081601461 189.461052417755 190.095623334249 181.155264377594 171.446800231934 167.031566301982 160.66109140714 160.006622473399 171.153406302134 178.470770517985 177.112142244975 158.92893075943 138.491690158844 143.751780192057 156.672030687332 176.924109458923 196.163336435954
18.4549217422803 12.7390672763189 7.92785547673702 1.90782469386856 1.24649641414483 10.5518276492755 21.5799088279406 27.0530432462692 36.4541957775752 44.5024818181992 58.7873955567678 73.1230427821477 86.242953936259 98.6053943634033 102.780769268672 104.322999715805 102.171450853348 102.181633313497 101.674695809682 101.070056358973 105.180005232493 102.54113872846 116.040567557017 125.886629025141 130.802472432454 137.89431254069 140.845984220505 142.518361409505 146.658658981323 149.308015902837 162.923097610474 182.815273602804 182.212392489115 182.002385457357 182.311693827311 180.977463722229 177.601595719655 174.920598665873 166.417310635249 158.251206080119 159.439752499262 160.051882266998 166.579693555832 175.351937611898 179.172337055206 157.46087829272 126.522203286489 124.952773253123 137.470622857412 155.582000811895 183.414578437805 195.669174194336
41.0998985171318 27.4203568696976 14.8447056611379 5.11679891496897 2.14117982735237 5.45416586101055 14.1712153951327 24.4021142522494 30.3088948130608 28.9536317189534 32.2855015595754 42.0849372943242 47.00701435407 52.7054021755854 59.4136615594228 65.2849525213242 68.7229881683985 74.3081867694855 86.868147055308 92.4190481503804 99.9334653218587 106.759289900462 104.175746440887 109.990358352661 120.392888784409 128.777593374252 133.900692065557 135.73490579923 143.338580926259 147.320091724396 159.340411424637 174.404581387838 165.024250745773 172.058363755544 174.143095811208 174.045662085215 171.204884847005 166.4191087087 158.430357774099 160.394092400869 159.801661968231 159.189800421397 161.469032367071 164.364020029704 158.537209033966 128.251413504283 104.459186395009 116.512010494868 136.38307650884 173.933664957682 197.015484174093 200.031479199727
59.6073170502981 42.7458882331848 29.8121546705564 19.5377543568611 8.49685755868753 4.97705303132534 6.61782672007879 18.6915000279744 25.1956507563591 28.3563186724981 28.39362124602 26.4976024627686 24.8855898777644 24.191603064537 28.2006313403447 38.4439080953598 47.5871910651525 59.7830762465795 77.2058814764023 88.9430244763692 97.4257787068685 105.319152275721 104.549129803975 107.796837886175 108.744998772939 117.911318937937 121.69204155604 126.146028439204 133.674442768097 142.95373360316 153.399229049683 154.686023791631 145.007977883021 139.121770858765 144.328773021698 155.923505624135 158.746689558029 154.599318901698 150.038957595825 144.55113808314 141.656110684077 142.11767911911 148.779312769572 156.013170878092 153.645614782969 148.713767528534 156.872143348058 163.985937833786 176.302075386047 193.402369817098 202.330748240153 196.628928184509
73.1898943583171 58.9011311531067 45.350581407547 33.6539397637049 22.8535930315653 9.03938710689545 4.34971104065577 0.124787048359091 10.0500372548898 22.8613143165906 27.9505377014478 28.1602889299393 26.2650127212207 24.2208217581113 20.5939548710982 23.9773044983546 32.2873741388321 41.0019680857658 58.6461623509725 72.8118667999903 86.7202877998352 97.3598261674245 102.702349424362 103.631456693014 106.52282834053 106.911460558573 108.027189970016 116.572747627894 120.482007662455 129.911869764328 139.237562815348 142.102052768072 134.122798840205 128.099024295807 124.440848827362 126.380036274592 134.681085745494 143.61705382665 141.099075476329 127.324124177297 123.19482366244 130.070517460505 144.546002149582 156.387120485306 160.320490598679 167.436222235362 174.108604590098 175.218264261882 184.03548002243 185.548722743988 181.363523006439 180.584847927094
67.7750110626221 60.8918766180674 48.8966306050619 36.6463139653206 32.9350754618645 23.3635182181994 10.8885740240415 3.35782704253991 8.20321962237358 13.4180908401807 19.5710534850756 24.4017392396927 30.6962206959724 32.3068449894587 29.8263281583786 28.9253344138463 27.8259217739105 30.2603567639987 40.5275970697403 51.5108356873194 63.6781056722005 76.6352812449137 87.6442392667135 88.8309280077616 94.0773586432139 92.8277373313904 92.9796099662781 94.9943761030833 99.5729267597198 115.904947121938 119.767914215724 119.736135005951 117.638617753983 115.164111057917 116.981546084086 120.061864455541 120.480448007584 124.326258897781 134.036481380463 132.434497276942 136.50040825208 145.175884167353 152.672638495763 155.808389186859 154.53119079272 153.964092334112 157.592266798019 166.034668684006 173.365652561188 168.901880582174 162.904500961304 166.459272305171
50.1518199841181 46.6909011205037 39.4170681635539 33.6613928278287 29.0603612860044 27.0684386293093 21.3222006956736 14.6487181385358 8.49264735976855 6.19163488348325 9.81915990511576 18.3972579737504 28.557484348615 39.5338883002599 45.1960563659668 43.8289145628611 35.21695236365 32.4890265862147 34.0972095727921 36.2801675995191 42.4967855215073 49.4556923707326 58.3088894685109 65.3582115968068 75.5432744820913 78.5566717386246 78.7377655506134 80.5131743351618 81.4624230066935 88.5448654492696 95.4919258753459 97.5246429443359 101.606726646423 103.151142597198 108.772128820419 111.177851756414 111.907422542572 116.705149412155 124.152600765228 136.92432641983 150.435338417689 154.599606990814 156.362980604172 153.340607881546 151.043891906738 153.165241082509 161.579002936681 166.793624560038 169.077714284261 167.545517285665 166.713118553162 164.152324199677
10.0636370480061 11.3947267333666 13.1259386738141 13.5305747389793 7.04822813471158 4.24138549715281 8.57332038382689 15.9273557364941 12.958824634552 9.70152206718922 6.90896064043045 9.10297657052676 19.9738008280595 31.9275408983231 42.3795133829117 40.2549256881078 40.6678716341654 35.3168571988742 32.9042747616768 31.3285018006961 31.5702880422274 32.2933445374171 37.1155142784119 47.4457194407781 57.4729392925898 66.0911202430725 68.1213686863581 66.7664756377538 73.8965421915054 73.9538818597794 73.7899045149485 79.7096739212672 95.3445235888163 96.3036517302195 97.0257719357808 100.942681233088 104.332993427912 108.500550190608 118.538816769918 130.987773338954 134.7669561704 142.365594704946 152.079204718272 150.98237991333 149.210562308629 155.449916919072 161.932309468587 162.175466616948 161.430974801381 165.384481350581 167.120377222697 162.444641192754
0.329789977210263 0.290093167374531 0 0 0 0 1.02090959747632 6.84212272365888 16.0941009720167 16.6341637571653 10.8579670389493 6.91188747684161 9.14503137270609 18.8833313683669 31.7546005050341 36.3086188832919 42.6396677891413 40.520653128624 36.3238578041395 31.1008567611376 28.7576839327812 28.2950426141421 29.5059805115064 35.375547905763 42.7339573701223 49.7945050398509 51.7708162466685 55.7637264331182 59.557576974233 60.0739022095998 64.0493035316467 62.4814083178838 61.7857078711192 70.8214988311132 82.7295084794362 86.6907437642415 94.2771832148234 102.696547905604 107.859363158544 122.859179973602 125.355849663417 123.966485261917 121.280620495478 117.210576931636 133.466263612111 138.634443283081 143.072684605916 146.908074617386 150.198837121328 154.410570859909 159.618775049845 157.933076222738
0 0 0 0 0 0 0 0.274648210809877 13.313436259826 21.0515558719635 19.6600233515104 14.9128797153632 7.00831040740013 6.93467694024245 16.7119676868121 32.7231908837954 41.8954640626907 44.9414352575938 43.6318616072337 38.7897143761317 34.2605436841647 34.9704027175903 35.8075027664502 37.0460227131844 38.5659883419673 40.7151107986768 43.5803780953089 49.6373524268468 51.5067875385284 51.1824091275533 51.7021367947261 54.8927386601766 50.6367981433868 47.6579815149307 49.6158401171366 69.7886298100154 79.9260785182317 88.9461835225423 91.6148722171783 100.660185019175 105.153312285741 106.733938058217 104.236195484797 105.506519476573 107.468436161677 113.86901140213 123.353491226832 126.100182533264 130.630652109782 135.649094978968 139.880528052648 141.535758972168
0 0 0 0 0 0 0 0 0 8.83229201038679 19.6961189309756 27.8807803988457 23.3541329701742 15.7560743391514 13.8886210819085 25.544340411822 35.0938762227694 43.9707140127818 51.2204468250275 52.0377258459727 44.9693401654561 44.145405292511 44.4416056076686 44.2123760779699 45.3467965126038 46.3763773441315 48.2042332490285 52.5436004002889 52.6369561751684 47.7799226840337 47.7066139380137 47.2313414017359 47.4744588136673 43.5631970564524 42.2933598359426 43.3688263098399 45.6912517547607 45.7337697347005 71.6660271088282 78.5326063632965 84.1316282749176 89.109609524409 92.546949783961 96.8337456385295 97.8890458742778 104.000548521678 102.286179860433 105.439821879069 110.452155272166 112.503250439962 116.061190764109 121.465146541595
3.65342013537884 0 0 0 0 0 0 0 0 1.41467495510976 18.1801579892635 31.3896884520849 37.4503880739212 34.9918454885483 25.243138273557 24.4942804177602 27.9464200139046 35.5069115757942 47.5069532791773 56.7357490460078 57.9337378342946 55.6529810031255 55.0335297981898 52.9406567414602 52.6953587929408 53.5507549842199 53.8914352655411 54.6766022841136 53.4994651873906 48.9131857951482 46.8187580506007 45.3623086214066 40.935938556989 36.5527744094531 34.6270004908244 35.8777095874151 29.1413317124049 31.9077943762143 35.6906180580457 40.2892306447029 52.8958986202876 54.6797960996628 60.9113276004791 67.1928077936172 70.5746561288834 79.1416813929876 92.0045574506124 95.9484775861104 91.1649167537689 92.2972460587819 100.100835164388 106.808493534724
4.11302347977956 0 0 0 0 0 0 0 0 0.282720934289197 12.0157574613889 31.8165595332781 46.4374721050262 51.5919278065364 43.1829591592153 28.004323442777 22.4423805872599 24.5205933849017 35.6558834513028 51.6918251911799 63.1840924421946 62.7739230791728 64.510390162468 61.6731743017832 59.6124827861786 60.5251888434092 59.469332297643 59.0832283099492 56.5328101317088 52.9230336348216 45.3223486741384 45.4544126987457 40.3496871391932 33.3936363458633 30.2648072441419 24.7287402550379 19.5600017905235 15.3162417312463 14.933022360007 20.7899870971839 25.490532318751 28.8169607520103 29.2842909693718 31.8883508443832 46.2906857331594 53.839772939682 63.4607324997584 72.5536594788233 77.9263824224472 78.1333049138387 80.1279793183009 99.104235569636
2.65901007999976 0.0435569236287847 0 0 0 0 0 0 0.0846590458725889 0.348753528669477 0.863944413140416 21.7458034555117 35.4021787643433 48.6845374107361 50.3452916940053 46.9763924678167 40.6302660703659 33.3297277490298 29.209333161513 34.5749383171399 52.7324477831523 64.4075026114782 71.0585912068685 67.8924570480983 63.8416161139806 66.1580910285314 67.8391059239705 63.892607887586 66.6729509830475 64.2989178498586 55.3606351216634 43.9773797988892 35.6120516856511 31.2255496780078 25.7355521122615 21.0366000731786 14.849075426658 11.4204064011574 9.63350820044676 10.585772494475 12.0331533253193 16.1914750933647 19.2984975874424 23.7971891959508 33.0138007799784 38.6108035842578 45.773059129715 52.4783134460449 57.4278285106023 64.919501543045 67.1706696351369 74.3604650100072
1.44790780420105 0.233600847423077 0 0 0 0 0 0.0959734510009487 0.773223272214333 1.04114886683722 6.00368405381839 13.4662861625353 26.9244164228439 41.1287943522135 53.6330242951711 58.5718701283137 58.6024721463521 51.0451893011729 39.8812939723333 30.6914821267128 38.844828804334 57.379866639773 64.9532775084178 70.1113690932592 71.7865079641342 74.4157085816066 78.9555013179779 76.1346717675527 70.7201808691025 64.8794372876485 62.4349315961202 49.1012533505758 37.5547558069229 27.5626629590988 19.0707681079706 16.2510052323341 11.0166619221369 7.1235466748476 4.6528484672308 3.12648558368286 5.15259802341461 6.90672857065996 13.0749680101871 18.9686914285024 24.0215510129929 31.9571817914645 36.8440995613734 39.099541803201 45.6562489271164 50.1616497834524 55.9888829787572 65.8084948857625
1.62755573789279 2.04793953647216 1.21343927457929 0 0 0 0.0240117127153402 1.55759137123823 2.21381662413478 10.3725604712963 15.4798949758212 17.4725155035655 23.5618601242701 33.2260156671206 44.2546010017395 55.8248162269592 59.5915168523788 63.1549457708995 59.7057888905207 47.235444188118 35.2236106991768 44.0690418084463 53.837130467097 63.5586480299632 73.2310314973195 79.0756543477376 81.5138171116511 84.299623966217 76.8084228038788 68.4883495171865 56.2961747248968 52.391658226649 40.6198849280675 27.5987436374029 18.7890790402889 15.0177764395873 8.92309658229351 4.56376622120539 1.75653413559 0.547736068256199 0.0818558037281036 6.48572171727816 7.68652682503064 10.6682839492957 14.7160962224007 22.4418863654137 25.8145382006963 28.9124399423599 33.072367310524 38.6602158347766 45.1358258724213 49.4103084007899
1.6662630562981 1.09426739315192 1.89322140067816 0 0 0.327633034127454 0.702219782397151 1.87598944952091 2.49064496407906 2.61451335002979 17.4612924456596 15.5801338454088 16.3811246554057 22.5261474649111 31.3322469592094 46.4178174734116 50.7272134224574 55.9475620587667 59.5158040523529 61.6272042195002 53.8845260938009 43.8992083072662 45.6542472044627 54.8278441031774 65.1866247256597 73.2708225647608 81.4121166865031 78.7837405999501 69.5524315039317 70.1057265202204 59.3525469303131 46.5629448493322 37.3194689551989 23.2048531373342 15.8124988277753 10.0978296250105 3.79766151309013 0.384723884053528 0 0 0 2.14770653595527 4.65052264432112 9.64713220794996 12.8991877039274 17.7066065371037 20.7287346323331 21.404854953289 26.4414449532827 30.0991833209991 30.5964599053065 31.6553687055906
3.76840711881717 0.668873700002829 0 0 0 0.629614029700557 0.622194143943489 1.73603277653456 3.0162176117301 3.06801684200764 12.0986526211103 11.48821413517 10.9675899147987 13.1281601885955 17.3567906022072 28.0362193783124 37.618450820446 43.9690848191579 52.3010641336441 62.9021575053533 67.9935763279597 59.4721138477325 60.3470106919607 61.7329776287079 62.9395097494125 65.3651853402456 70.0679123401642 72.6855993270874 68.7012275060018 57.9888522624969 48.146848877271 39.3035759528478 23.5893776019414 14.881062010924 6.50763884186745 0.26765139773488 0 0 0 0 0 0 0 2.91690292457739 4.48077855010827 8.5957416643699 11.5523015459379 15.0982365012169 20.1445457835992 21.3100289305051 19.7775885462761 22.6592843731244
13.8457454741001 7.33235105872154 0.51796812719355 0.98332716152072 1.01697778639694 0.257708481512964 1.60138371090094 3.47080392142137 3.85878576586644 3.30281940599283 2.32897171129783 8.84417320291201 9.13970793286959 6.61262000600497 11.6423840324084 20.2772219975789 30.6885515650113 38.0257417758306 46.2964425484339 58.3811203638713 64.5920832951864 73.9380766948064 81.2490085760752 79.0188014507294 74.5461533466975 65.3276741504669 60.2371692657471 62.292089064916 63.0672673384349 49.5386471350988 32.0931846896807 20.852858821551 13.5731523235639 2.67769675701857 0 0 0 0 0 0 0 0 0 0 0.927905319258571 2.26713127146165 4.94147278368473 9.13154954711596 11.9353905320168 13.7583985924721 12.9028086860975 12.917835265398
43.0402805407842 36.7215474446615 16.3946636021137 9.49649016062419 6.12981120745341 1.97207881137729 4.33805429687103 5.50457648932934 4.63544235875209 3.78833524882793 8.08799328903357 11.0790754357974 11.7260130743186 11.2866957982381 12.4555590252082 17.3669991393884 26.2426361441612 34.5393295089404 39.3434117237727 43.0956184864044 46.7581301927567 60.5603754520416 71.0544884204865 74.5503256718318 74.3216425180435 69.7009414434433 61.3933900992076 53.1146625677745 57.0870439211527 38.4088903665543 19.4977000355721 7.71312477687995 0 0 0 0 0 0 0 0 0 0 0 0 0 0 0 3.64419507483641 4.99670021235943 10.0434559086959 10.9785757958889 7.88695986072222
