input/barkrak2/radiation/dir00324.grid
NCOLS 85 
NROWS 70 
XLLCORNER 665100 
YLLCORNER 4664600 
CELLSIZE 20 
NODATA_value -9999 
[rows 46 to 68 of 70, columns 0 to 51 of 85]
47.1473435560862 48.6945261557897 51.208625237147 53.176944454511 52.9791017373403 52.851527929306 54.7186136245728 56.5553357203801 53.432767589887 52.3588359355927 51.5537112951279 50.8679350217183 47.5315054257711 44.7197010119756 44.6668912967046 47.8852639595667 46.0693041483561 41.5270080169042 45.8132177591324 44.1284775733948 42.338639497757 42.8518454233805 42.6515489816666 41.6077723105749 49.971063931783 44.6792791287104 45.8340396483739 46.6194003820419 45.5179810523987 44.8781798283259 43.9154158035914 41.1076272527377 40.4845202962557 40.3090467055639 42.328084508578 43.9823567867279 44.4085697333018 49.0816533565521 50.9068469206492 48.1066058079402 47.1582015355428 43.7949498494466 48.9305059115092 53.3254196246465 46.0500419139862 21.2440987428029 0.445799048369129 0 0 0 0 0
41.5088087320328 43.7369098265966 48.9552716414134 50.4756768544515 53.9741218090057 55.5425385634104 53.7358969449997 53.4921139478683 53.6654641230901 56.3055376211802 53.6878357330958 50.1189529895782 49.0340689818064 49.2298702398936 47.7904329697291 46.3020702203115 45.5780526002248 39.2866283655167 42.9501235485077 44.1364298264186 41.472057501475 41.9253061215083 44.8077966769536 39.886270960172 42.6031053066254 44.5926686127981 40.6252890825272 43.6882873376211 45.2477832635244 44.3575084209442 45.1127092043559 44.7249511877696 40.2913341919581 42.9528454939524 52.423099676768 55.3888827562332 51.3305366039276 46.5025305747986 49.0814050038656 56.4168592294057 49.1206149260203 45.2066461245219 51.585187514623 55.6688706080119 51.161582271258 35.7459659377734 8.22147602836291 0 0 0 0 0
35.1044138272603 38.1345103184382 43.0735250314077 46.1281637350718 52.3909429709117 55.6731124718984 52.8927594423294 51.2670328219732 55.1649431387583 57.4085017045339 55.7271341482798 51.9604434569677 50.812507669131 51.9796709219615 49.4205802679062 44.805387655894 44.3681627511978 39.3225227793058 43.1423087914785 45.5934107303619 44.9567288160324 45.0300971666972 46.8239337205887 44.3634788195292 42.420357465744 45.1270639896393 44.2156891028086 47.8749374548594 51.95186038812 54.3053100506465 57.4325223763784 57.9237341880798 49.9004820982615 50.6148884693782 58.2117636998494 64.2394522825877 62.9003793001175 53.6508510510127 50.812229514122 53.7593364715576 48.3887890974681 42.8602745135625 42.9278959830602 42.9174651702245 42.0730710029602 41.3155158360799 30.8310737212499 1.38287370403608 0 0 0 0
34.133568406105 32.2222138444583 36.2585658828417 43.5203164815903 48.8935808340708 51.8326858679454 54.3479422728221 57.031124830246 58.3970646063487 55.3443481524785 57.2201857964198 57.5354148944219 54.4210920731227 52.0790765682856 50.5467454592387 46.6594348351161 45.4507817824682 43.0995325247447 46.0868527491887 49.0716397762299 51.1792898178101 50.5742381016413 48.9803949991862 49.4977633158366 44.7714428106944 48.3433951934179 49.7970630725225 55.3044080734253 61.1525823672613 67.290594180425 72.8241453568141 72.7172841628392 64.54732020696 58.9350014925003 58.4380577007929 58.6697161197662 69.8154121637344 60.8835170666377 52.5778035322825 45.9470649560293 42.3751175403595 43.0639783541361 43.5220301151276 39.8137420415878 36.8034442265828 37.5036001205444 23.282786210378 6.89464931686719 0 0 0 0
34.3435530861219 37.5227481126785 40.9002751111984 46.6887652873993 47.0621883869171 47.4809110164642 54.9859503904978 59.8097046216329 59.9456131458282 59.8045289516449 59.7076714038849 59.5745941003164 56.3228378693263 52.5121539831161 52.7491122484207 55.4860085248947 49.4055449962616 49.7071494658788 50.6349007288615 54.1151463985443 55.1226635773977 53.2648265361786 50.3458480040232 51.3613770405451 46.2402602036794 50.6378163894018 53.9769728978475 58.08358391126 65.6680663426717 73.8233228524526 79.773743947347 81.0558398564657 72.4919339021047 63.1771137317022 45.6403791904449 48.8268633683523 56.9956799348195 65.2815798918406 57.2686741749446 43.770839770635 38.9422848820686 42.8907622893651 47.4570194880168 42.3643290996552 38.3132845163345 36.5943387150764 21.1525162061055 10.5794072151184 0 0 0 0
35.0985651214918 45.1670487721761 47.3276476065318 48.4174191951752 46.4635789394379 46.235720316569 53.4444401661555 58.5919866959254 58.4298421939214 63.3758157491684 61.1519167820613 60.6241325537364 58.3157589038213 54.5230209827423 54.8300246397654 60.1083139578501 54.1275193293889 52.5244524081548 50.7997820774714 51.7711738745371 52.1350602308909 50.6267845630646 50.4453976949056 47.0843811829885 44.7476257880529 47.8510856628418 50.9753525257111 52.7446965376536 56.7802488803864 62.1865292390188 75.4801531632741 81.0301601886749 73.5943615436554 56.3487708568573 18.7641841669877 18.2862716416518 24.7601519028346 50.8877883354823 57.7257374922434 61.5121076504389 53.2255470752716 46.7766026655833 38.8446375727654 37.640226384004 41.8157279491425 37.6067087054253 21.0321173071861 15.3788353006045 0.157287790595243 0 0 0
38.401519258817 36.9877864917119 36.2470423181852 38.3370195825895 44.0825720628103 49.1086343924204 50.0425398349762 55.401419599851 55.2753855784734 59.892550110817 60.1945072412491 62.1123264233271 62.0491604010264 57.7127287785212 56.6831082105637 55.307666460673 56.8279524644216 51.3110111157099 46.8848993380864 44.9548910061518 44.246772925059 46.3797301054001 47.2549349069595 42.9635147253672 44.2029138406118 40.6335468093554 43.0283298095067 43.4574633836746 44.4040844837824 47.8974084059397 51.9633144140244 65.126046538353 61.796893676122 35.2987398703893 14.9347856640816 8.00522106389205 8.74779497583707 16.5991857647896 41.579174498717 55.1906228065491 57.8082551558812 50.089235107104 36.3126397132874 33.0820530653 36.4513248205185 24.4092841943105 20.5029870073001 30.2842209736506 15.2335825065772 0 0 0
40.6970630089442 32.0366521676381 30.1523655653 34.820390244325 44.9465612570445 52.6287158330282 52.4107118447622 53.6231249570847 55.9530556201935 56.5075079600016 58.5892597834269 61.0890289147695 62.9339516162872 61.9193961222967 58.0761879682541 55.7427803675334 58.2283933957418 52.5278101364772 48.2558608055115 48.2545991738637 48.3686178922653 46.2498764197032 45.0945993264516 42.6101287206014 42.5233691930771 40.1234949628512 39.5394886533419 39.4206643104553 39.6940583984057 37.5328014294306 31.3311815261841 37.5648215413094 41.2478720148404 21.5886334578196 16.4305853346984 8.80545191466808 1.63185611988107 0.63316454179585 7.73395784199238 22.2296267747879 44.1382030646006 40.3189187248548 34.6774707237879 28.300662835439 20.4071042438348 21.3623171051343 19.3426137169202 36.1767808596293 42.9834574460983 24.8227839668592 1.59221468493342 0
40.8797810475032 35.9174062808355 34.164826075236 38.9649147788684 47.2595592339834 54.0529241164525 56.9757322470347 53.325096766154 57.5707902510961 56.3277304172516 59.899240732193 61.5883370240529 62.8433326880137 64.7360781828562 60.4080259799957 60.3246291478475 60.3067775567373 56.3612331946691 52.7949184179306 53.3499270677567 52.8273731470108 48.912117878596 47.2880999247233 47.9503969351451 45.7852830489477 44.0121740102768 42.0551151037216 38.5041311383247 34.812072912852 31.7915628353755 24.5979825655619 29.2458285888036 36.5652988354365 38.7686938047409 36.9748522837957 27.015874783198 9.03682224452496 1.58368470147252 0.895923469215631 5.0086984410882 18.7170977393786 22.5718369086583 18.959317356348 13.5619565844536 13.3181375761827 18.2733361919721 20.0821335117022 23.7261056900024 39.1226361195246 42.6537344853083 26.4958416422208 0.251678458880633
43.7671889861425 42.4185792605082 39.2715657750765 38.3264670769374 43.5881117979685 53.3489932616552 54.7548433144887 53.2072881857554 55.0150672594706 60.0534081459045 66.0090396801631 66.5641029675802 64.8844689130783 65.5690729618073 63.5497868061066 63.3149147033691 64.0582690636317 61.7520262797674 57.8040728966395 54.9350728591283 52.4716724952062 50.943449139595 52.2000938653946 54.6424438556035 49.5365957419078 48.7949699163437 39.7059967120489 34.1758653521538 28.7912835677465 26.0918786128362 26.6825382908185 32.2821289300919 40.314460794131 51.2691040833791 56.4089119434357 54.8018763462702 40.5946224927902 26.9315987825394 16.2904771665732 4.48263498644034 9.25755376617114 18.2692979772886 18.7889263033867 13.4869888424873 13.0597253640493 27.2739008069038 44.8394219080607 38.5005523761114 33.6482177178065 39.1423751910528 27.3432433605194 6.87845920523008
46.1697528759638 45.578142007192 44.5604672034582 41.472149391969 42.7014132340749 50.9050438801448 52.8981188933055 53.1955013672511 53.3064206441244 61.8978589773178 69.3827619155248 68.321039279302 64.14861480395 66.6328519582748 67.7969853083293 62.3375177383423 64.4704252481461 62.6061707735062 58.7176034847895 56.2631636857986 55.9267997741699 56.8091819683711 53.918311993281 52.1645496288935 49.4832197825114 44.9177424112956 28.9482250809669 4.98985064526399 3.91717317203681 13.5526334246 24.9983817338943 30.1427890857061 38.5894924402237 45.8682030439377 56.4348300298055 59.4923496246338 58.0951720476151 52.1875073512395 39.4105066855749 21.8125333388646 10.7736761371295 18.3965228497982 35.238246122996 36.2555260459582 30.6301265954971 47.1385816733042 70.2188313007355 59.8807732264201 39.5784104863803 28.1548822919528 13.6801016827424 7.95320669809977
45.1318720976512 43.3145314455032 46.735425790151 47.7313796679179 45.5582787593206 47.9228099187215 53.0337641636531 53.7643929322561 54.2446325222651 61.7783814668655 68.0610636870066 66.2476817766825 62.2349282105764 65.3526484966278 69.0417289733887 60.1800233125687 61.5015675624212 60.732235511144 59.4399372736613 60.4167431592941 60.7588638861974 62.0656609535217 57.5620830059052 51.112895210584 50.6602724393209 47.1328049898148 31.3124507665634 14.842680344979 14.3173361817996 21.0176383455594 29.0984561045965 33.9687466621399 47.0855335394541 56.7347506682078 67.4937963485718 61.7753118276596 58.3743304014206 22.4128315846125 22.7653657396634 23.3050957322121 25.0504811604818 36.53251628081 40.8548042178154 21.7480858167013 16.6092750926812 20.4853775600592 38.0368034044902 47.3005523284276 35.3857924540838 24.603508412838 17.9812833666801 12.9104952017466
34.9105522036552 41.7302598555883 44.9899733066559 47.5931266943614 47.6556718349457 44.7094937165578 53.0896385510763 56.4345022042592 57.3626657327016 62.1502548456192 64.1940087080002 63.533956805865 63.1232311328252 61.9204342365265 63.4553780158361 59.947336713473 57.1953952312469 60.3467226028442 62.3607834180196 63.672532637914 66.0174638032913 62.5109821557999 59.8643521467845 55.6443134943644 53.8192292054494 53.5837511221568 48.8753219445546 43.0528521537781 42.5367703040441 42.882631222407 40.5889227986336 40.0288899739583 56.1962227026621 68.2957420746485 49.7761617104212 45.1344152291616 27.0286177595456 11.0045969486237 3.6596975599726 8.32675956189632 8.84549816449483 31.9054971138636 44.3248848120371 36.9940474629402 25.6562878688176 26.7244776089986 39.4348626335462 43.5081074635188 40.8725067973137 34.7471907734871 28.9812957247098 27.9450366894404
26.3877858718236 39.4823600848516 43.1351661682129 45.8685954411825 48.7118611733119 45.1631198326747 48.9143282175064 55.8477093776067 65.9133195877075 67.329615354538 62.6966108878454 60.6782535711924 62.8039687871933 62.284658352534 62.3584538698196 60.3047360976537 56.8261494239171 59.6060007810593 58.4592719872793 55.618147055308 57.8050712744395 57.2083344062169 56.9690763950348 55.5872221787771 57.4067284663518 61.5241825580597 68.8142081101735 68.4386591116587 60.0141237179438 54.5350213845571 44.193039337794 37.1539269884427 45.6802646319071 45.4678336779277 19.2354793349902 13.0441797276338 12.2883208096027 6.87228453656038 0.512983572358886 0 0 11.9040595988433 39.7280057271322 61.6139670213064 67.2740439573924 60.8652333418528 59.2351406812668 59.1070552666982 58.7633103132248 48.4997928142548 38.3668864766757 47.8011270364126
28.174231449763 36.8657906850179 43.5249706109365 45.7725574572881 47.119547923406 47.5539267063141 42.3468053340912 50.9893347819646 69.8273181915283 68.7739451726278 61.0447774330775 57.9668432474136 60.4874889055888 64.3275678157806 63.2863541444143 60.5152646700541 59.7000221411387 57.5038293997447 51.4973451693853 45.1920727888743 45.1505929231644 49.0571012099584 49.3831982215246 53.2168398300807 55.0655474265416 62.0684921741486 77.6492456595103 81.8073451519012 64.1256471474965 53.2102982203166 43.2022114594777 31.4528495073318 33.6826244990031 35.8939170837402 17.7151424189409 9.37113476296266 10.2959436674913 14.9961188435555 8.32390412688255 0.676906201988459 0 1.90452005093296 19.4815571109454 43.3768332004547 46.300932765007 47.2092131773631 44.8415378729502 45.8102325598399 50.3315627574921 44.391190012296 44.791042804718 76.6037156184514
38.58848909537 41.3155208031336 43.3089832464854 40.4447118441264 35.2143893639247 31.6631644964218 38.7231782078743 44.2531903584798 53.1698216994603 49.2994834979375 45.3670273224513 51.1655062437057 59.4801108042399 61.2690945466359 57.5701842705409 59.4279517730077 59.9220395088196 54.5758505662282 47.3197748263677 42.4696306387583 42.1921859184901 42.7352686723073 46.28786444664 49.1427034139633 51.4042476812998 55.6093156337738 66.7355457941691 75.7899781068166 64.3733441829681 50.045962134997 42.4567560354869 28.2589023311933 17.9638763268789 39.076641201973 36.0268801450729 16.8304741382599 16.7803466320038 38.7286295493444 40.677731235822 26.8996606270472 5.65318576991558 2.73223593831062 10.7939168810844 17.5424193342527 16.3754411041737 17.9993311564128 20.3458691636721 22.5042179226875 21.9560563564301 37.7024486660957 57.4029535055161 108.488698800405
49.1847197214762 46.0210690895716 42.5449460744858 36.1170570055644 27.2099475065867 21.7810124158859 30.205932756265 30.9655343492826 22.2142785787582 20.2107553680738 32.2763373454412 41.6059146324793 48.2214192549388 52.1271179119746 55.3140938282013 64.9343430995941 67.7884171406428 59.6515436967214 51.6033271948496 48.484742641449 46.058177947998 45.8822250366211 46.5807914733887 45.8530137936274 46.7282732327779 50.7690707842509 59.2348078886668 61.9331945975622 56.2615990638733 38.1395220756531 36.8979449073474 33.049354950587 29.1927133997281 46.9036599000295 53.3340722322464 41.9817864894867 32.4895804127057 20.5034477015336 24.5312725504239 30.7525967558225 19.7864050666491 8.8769942522049 10.4928140838941 10.9200291335583 5.93550875782967 7.03995550672213 14.0162408351898 15.9730886419614 16.9942304491997 37.8568569819132 81.6173255443573 124.005923668544
51.7597198486328 45.5927103757858 41.1295220255852 37.5885640581449 31.0176064570745 25.6793250640233 21.9663232564926 17.1261255939802 3.64620052278042 11.2904856602351 26.869535446167 37.7011572321256 37.4225104848544 44.7068512439728 57.4690302213033 72.7596928675969 78.2158474127452 71.3433573643367 63.3880794048309 59.6637229124705 54.6974043051402 52.8848419586817 52.9763499895732 48.2275187969208 44.2172437906265 46.9585607449214 44.4010396798452 47.7812190850576 45.0742393732071 31.5664559602737 30.7083328564962 32.0833052198092 23.0384667714437 44.741615653038 68.7634547551473 71.8060632546743 47.0635245243708 14.6892281870047 11.5173682570457 16.5915663043658 17.0263213415941 14.8351689179738 15.8451423048973 14.936026185751 8.47199745476246 5.46497106552124 11.262742181619 15.9247741103172 26.6526093085607 50.1450498898824 112.072438001633 142.983754475911
54.131160179774 49.0507831176122 47.8042910496394 48.808549841245 45.717865228653 39.8529370625814 35.1459781328837 35.5168705185254 34.3252370754878 39.8521473010381 47.2972939411799 52.515059709549 52.8060098489126 48.2854296763738 58.1520994504293 73.2162495454152 83.1622779369354 83.5072795550029 76.5552620093028 67.2370195388794 61.4864925543467 57.4267407258352 55.0932983557383 57.0778201023738 50.0691682100296 40.1086409886678 37.1850654482841 37.7164284388224 38.2427722215652 37.8114779790243 18.5437463223934 17.6199115812778 14.2970855037371 22.2679823637009 75.4037996133168 85.579643646876 54.0991723537445 18.3242534597715 6.53574491540591 6.6405131171147 9.50675085186958 7.3859691619873 16.5479220449924 20.8749324083328 29.2796517411868 13.5234221816063 13.7725025415421 32.0791204770406 56.067148844401 98.8479852676392 130.720863739649 143.869717915853
54.8988531033198 52.247961362203 52.4059385061264 53.7824233373006 53.1881898641586 49.7419784466426 49.5670338471731 56.8940341472626 72.5946724414825 68.7652329603831 60.2178871631622 61.3169372081757 66.7459418376287 55.2183339993159 56.160901983579 64.2820696036021 72.512149810791 79.5950343211492 80.4452399412791 73.9128986994426 68.4352020422618 61.9706908861796 59.3026479085286 56.1051070690155 49.2578893899918 40.0340482592583 28.4864405790965 29.3065160512924 32.3169703284899 17.1854731937249 12.4245584011078 10.6328353285789 6.4252857118845 4.71347259978453 69.2572345336278 87.0511829853058 68.2256768147151 55.9603869915009 25.9633560975393 2.82896030694246 0.100859809511652 0 8.50727843741576 32.5925871729851 38.4370163083076 29.4835716485977 28.225248058637 49.7238039970398 104.912271102269 148.286710182826 141.968111197154 130.08776307106
54.0935744841894 50.8796672026316 45.5870032310486 41.1929686864217 41.4394264419874 43.3155397574107 43.4024780988693 54.8232893149058 64.548522233963 59.5045487085978 50.4700243473053 50.2693504095078 61.4136656125387 56.8703313668569 53.3960610628128 51.9048223892848 53.3448755741119 60.0102792183558 70.0049002965291 74.1310616334279 70.0077911218007 64.1341855128606 57.8634887933731 53.2212555408478 46.0381557544072 38.9028737942378 27.8125082453092 17.5407864153385 28.5945236682892 24.4722291827202 12.3711129029592 7.55795526007811 1.53716374188662 0 0.0779805074368293 77.2377550601959 84.1662089029948 94.5875744024913 76.2944122155507 29.1813462972641 2.21368623897433 0 2.3773283076783 17.7227184176445 43.6856249968211 62.6046011845271 82.7870617310206 131.907631953557 171.925067901611 182.156980037689 167.21252600352 135.471165180206
56.2037527561188 54.206520318985 48.5484153032303 42.0261770486832 40.5505771438281 43.2266493638357 36.1448476711909 33.7387397885323 35.386435687542 32.2928801178932 25.4053920507431 23.2349360982577 26.8717383344968 44.2205369472504 51.113173365593 45.6595073143641 34.5965102314949 31.0005495945613 42.7907854318619 62.2740636269251 64.1291886568069 58.8840941588084 52.1760880947113 49.4229098161062 42.9223428169886 37.2266372044881 31.1882322033246 10.3219089408716 13.8913964231809 34.3559334675471 18.2480638225873 11.4625282585621 3.97792023917039 0 0 56.5104335546494 96.7161357402802 111.117919286092 97.6127485434214 68.7737613916397 36.4727651079496 8.3076556523641 5.35614167650541 22.3968426386515 52.4627218643824 114.114950100581 154.420634110769 184.457759062449 193.39120388031 192.689021428426 183.076461156209 154.920071363449
57.8638066848119 57.7972630659739 55.2970667680105 51.8575509389242 50.0211517016093 49.2915958166122 34.6500327189763 21.3730956117312 21.5495973825455 23.717703918616 21.1674049496651 18.6358628173669 19.7771328190962 40.4843216141065 53.8341601689657 44.4003442923228 27.0157679915428 15.2780438462893 18.4696614742279 33.0769866704941 43.2404031356176 46.6920534769694 47.2633540630341 40.3309985995293 36.1632431546847 31.7334085702896 12.5685421129068 6.63954888780912 10.2793586750825 37.4306365847588 45.9983001152674 39.1041388114293 19.9253931641579 0 0 36.1002882321676 90.0208453337352 98.3119010925293 79.4171243906021 76.3763735691706 80.9761534134547 65.4703378677368 43.8949565092723 58.236837387085 109.144608179728 153.343866268794 176.351368427277 187.316656112671 189.098159472148 186.69331073761 181.751251220703 159.90932782491
