input/barkrak2/radiation/dir08524.grid
NCOLS 85 
NROWS 70 
XLLCORNER 665100 
YLLCORNER 4664600 
CELLSIZE 20 
NODATA_value -9999 
[rows 40 to 59 of 70, columns 0 to 45 of 85]
193.755010763804 195.303996404012 195.157368977865 197.037259737651 205.300013224284 211.721976598104 215.481181939443 219.579974810282 218.596339225769 200.829962889353 186.770101388296 181.74151579539 180.669983228048 176.171998182933 174.506823221842 173.079371452332 173.77636830012 173.210978507996 167.802393436432 165.549804766973 169.908583164215 177.439014116923 178.863803545634 175.639053185781 171.271125475566 168.978889783223 181.13915125529 184.478402137756 187.777121861776 189.430793126424 189.044753710429 195.973932743073 194.909930229187 202.2398908933 229.452749093374 229.417264461517 217.263261477152 208.044330279032 211.959799130758 222.415328025818 237.562358379364 252.830485502879 212.498227755229 126.952002445857 67.1740223964055 45.8634346723557
202.053805192312 198.97723197937 199.232916037242 198.227862517039 193.732678890228 192.245503266652 190.502981344859 190.435210863749 195.163647333781 185.401737689972 178.064962228139 178.303738435109 182.206888993581 181.037882963816 179.405927658081 175.640463829041 171.769340833028 179.222166538239 179.935892422994 172.921776771545 174.71714814504 177.595277627309 176.198681195577 177.981674671173 180.317382017771 174.408753712972 181.853969891866 185.904761155446 187.904159228007 190.967996915181 192.232350508372 195.857544740041 195.400595664978 211.206396420797 223.670522371928 212.860306104024 191.570043563843 189.087867736816 189.228137334188 202.187955379486 237.679262955983 252.186179161072 234.314640363057 177.86983648936 104.291379451752 68.1942154963811
205.848594506582 203.274428844452 205.931484699249 204.610705375671 197.155594825745 193.761169910431 190.750817457835 185.645858446757 185.789287090302 182.048499584198 180.221994717916 177.67467101415 182.24823474884 185.138702392578 185.032248497009 180.684208869934 178.030212720235 182.885607083639 186.200082302094 177.605390548706 174.285272757212 174.554864565531 170.597612857819 171.867887179057 178.121745586395 174.00461435318 170.350193977356 178.555528322856 183.696945508321 188.199321428935 189.15464480718 189.434091250102 196.300466855367 215.817292531331 222.292125225067 193.394939104716 179.826498031616 183.162331581116 188.288966814677 200.496633847555 211.293876171112 215.253829956055 201.355298360189 171.68007294337 116.659184296926 60.782382885615
190.11382261912 192.749361197154 201.386451721191 198.049485683441 201.009114583333 203.335324923197 202.032128969828 195.83253065745 184.986710548401 182.560682296753 186.014672120412 179.979999860128 180.686891078949 183.922032515208 185.336689154307 181.289494037628 183.064103126526 184.48015054067 184.175153573354 179.285566012065 172.82364765803 171.950936317444 168.866515159607 167.292733987172 169.940829277039 175.634145736694 169.733266035716 172.338128089905 179.50185139974 181.536316871643 181.516647338867 178.086280822754 189.841945966085 203.723867734273 197.987079620361 182.209352652232 177.328030268351 189.732869466146 199.276248613993 199.753165245056 194.902777671814 192.658623059591 186.90292040507 161.084949970245 114.763597647349 58.800866206487
188.872973124186 193.156202634176 196.676691373189 198.197881380717 198.877851168315 201.631784439087 201.973795890808 197.118560473124 192.076007525126 185.728450616201 187.710165977478 183.291673660278 179.696977138519 177.4795850118 178.132216135661 177.0947376887 173.641502857208 180.25541305542 181.472659111023 179.707765579224 174.537539482117 172.460476557414 172.640641530355 172.118266423543 168.76874367396 179.867386817932 182.736833890279 179.575641949972 180.847108364105 179.299493630727 175.344983736674 170.637826124827 177.859862645467 181.11256758372 177.191694577535 176.155646642049 184.477786223094 197.938879330953 205.361048380534 196.12185160319 194.69827413559 186.356981595357 174.536347389221 160.223265488942 127.031226952871 82.3025604089101
194.459736347198 198.199311892192 195.959111054738 199.95520512263 197.556932767232 197.701474030813 199.504315853119 196.904242038727 197.900195916494 191.502392292023 190.390825271606 189.573725064596 183.325072129567 177.63340473175 177.133679389954 179.962197939555 173.704902331034 176.136056582133 181.293368339539 180.74909845988 177.200039227804 176.270842552185 175.937036673228 176.107188065847 176.468173662821 175.771772861481 184.855341911316 183.02188316981 180.636942386627 180.665214856466 176.707486311595 171.07629776001 174.817979335785 170.955340067546 161.982039610545 162.091434001923 170.473476250966 191.3121342659 193.567196528117 179.451743761698 183.692614237467 170.656581719716 167.86402463913 169.468681017558 155.731459458669 116.52276913325
193.698287010193 195.864538351695 198.031047979991 200.707634290059 199.667096138 199.287275473277 201.342364152273 202.089925607046 198.532183965047 195.220688978831 193.807522455851 191.42613808314 187.915643056234 183.417081832886 182.943423589071 185.715874036153 183.121879895528 175.89541276296 182.214776674906 182.395974795024 178.752104441325 179.027120272319 178.938329219818 174.448529879252 182.348310947418 175.536751747131 176.705837249756 180.814544359843 180.446942647298 181.285480658213 178.959310054779 176.176905632019 173.874934514364 171.190619468689 163.685858249664 162.425011396408 169.620374838511 180.579682191213 182.002365589142 179.32669321696 180.154800415039 171.612739562988 175.230065981547 182.988166809082 178.110063076019 142.544507980347
187.542895476023 188.928782939911 195.267001787821 197.912057240804 200.751443703969 202.008187770844 199.87557331721 199.031909306844 199.046691258748 199.190497398376 195.95330953598 190.971175829569 189.697106679281 188.125689824422 185.532768567403 183.655162652334 181.35404586792 173.507730166117 178.645571072896 180.212378501892 177.910804748535 177.66934633255 179.510513941447 172.79585202535 176.380316416423 176.239530245463 170.967300732931 175.097425778707 179.579099019368 178.600966930389 180.451035499573 180.235465367635 173.275430997213 175.960739453634 183.534661928813 179.127593835195 179.81235186259 176.983237266541 180.919766426086 192.404965559642 182.206014792124 173.952837785085 181.278129418691 183.287103970846 175.897777080536 156.540681918462
179.547349611918 182.981352011363 188.28409910202 192.855020364126 199.631154537201 202.454447746277 199.721316496531 196.55446211497 199.741244316101 201.71993970871 198.829650878906 194.717307885488 191.21907154719 190.551559130351 188.038686911265 181.940992673238 181.886891523997 173.796435197194 177.554965019226 181.990087032318 182.229121526082 180.719494819641 181.742310523987 176.575303077698 175.978064537048 179.763297239939 175.495723883311 178.889493147532 186.879674593608 190.055330594381 196.078101793925 194.11704937617 184.649805227915 188.973406950633 193.816324075063 195.773363113403 194.234490394592 186.527709166209 184.918781121572 190.906186898549 175.182521343231 167.656044165293 165.298014879227 164.407392342885 162.514587243398 161.585470040639
178.203880786896 175.58354139328 181.031346321106 188.992102940877 195.157527923584 198.154767354329 201.413452625275 203.626652558645 202.760358651479 199.406345685323 200.470089912415 200.411359469096 194.992999235789 190.90203444163 189.518451690674 184.08610423406 182.797372341156 177.246530850728 180.115560690562 185.498972733816 188.42081228892 187.153299649556 183.202783266703 182.720681031545 178.045113881429 184.364040692647 184.916873772939 187.029719352722 195.758064587911 203.387578328451 209.136207898458 212.148904800415 201.339185237885 198.383887608846 196.055769920349 198.947707811991 200.421631336212 198.795278867086 190.965314706167 173.339188098907 164.698600769043 168.775280316671 165.062963962555 159.717341264089 156.089812517166 160.612791776657
180.547654628754 181.813259919484 184.585730234782 190.827171007792 192.673563957214 194.130678971608 201.215545336405 206.259608268738 204.859534899394 204.066812992096 202.316602071126 202.669183413188 197.41161664327 193.227291107178 191.910843054454 194.109598795573 186.780571937561 182.75926510493 183.514376481374 189.845403035482 192.607839902242 187.464197476705 185.58265765508 184.071163336436 179.004271825155 185.608208179474 189.323425292969 192.450404167175 197.589039802551 206.011712551117 216.923435529073 219.179491202037 212.311784426371 196.869472662608 188.690602779388 188.816944758097 195.985396703084 203.41161886851 187.46554851532 167.031268278758 162.070016066233 172.782282034556 172.057708104452 166.948199272156 161.587715148926 158.280024925868
179.031113783518 188.537538051605 191.031495730082 193.259676297506 192.908684412638 192.115843296051 198.242664337158 204.459210236867 202.943007151286 206.00297053655 204.369167486827 202.507058779399 200.205445289612 193.574408690135 192.301074663798 198.644995689392 190.875013669332 182.996650536855 180.092374483744 184.002995491028 184.838434060415 184.912939866384 182.674586772919 178.473055362701 175.731420516968 177.650133768717 184.763212998708 185.733675956726 185.777068138123 192.97722975413 203.629533449809 215.895016988118 208.634972572327 182.431896527608 150.130093097687 142.766972382863 162.565022706985 188.002864519755 196.929315725962 193.060378233592 188.921133677165 178.627093633016 162.87154952685 159.151454766591 167.98859834671 159.256716569265
180.714428424835 178.151945273081 178.69766553243 182.097991307577 190.19607702891 193.372050921122 193.476994832357 199.274599552155 199.211974938711 202.138543128967 203.502694765727 204.127887884776 204.184989134471 197.305063406626 191.714326540629 192.798475424449 193.622410297394 182.533323764801 176.718592643738 176.342487335205 177.868604660034 178.944965203603 179.264903068542 172.991951306661 174.000362555186 170.961697896322 172.570884227753 171.375254789988 171.346783638 173.337241013845 182.235717773438 194.457630316416 186.441461245219 160.559544960658 124.710301558177 104.612370332082 113.425632317861 143.202722072601 177.712957064311 191.434224446615 193.047722180684 177.887360254923 156.953493754069 153.879165649414 162.392963965734 148.855606714884
186.119516690572 175.57817697525 171.311140060425 177.399118741353 188.906828562419 198.093871275584 195.816576480865 198.217511177063 199.447373549143 199.464837710063 201.297740141551 204.377214113871 205.43247461319 201.809287071228 195.832133293152 193.133195241292 194.57338253657 184.107999006907 180.924594402313 182.343999544779 181.554138660431 178.134421507517 176.283995310465 171.928564707438 171.070456504822 169.4522301356 169.029255708059 167.266368865967 165.942619244258 162.203739086787 153.201917807261 159.001429875692 160.034209489822 140.11945327123 123.807013034821 105.342626571655 85.9740376472473 93.9092934131622 118.141978979111 154.233932495117 176.49112145106 166.410793860753 156.072715918223 151.46936972936 143.662244081497 133.919397989909
188.696841398875 180.99590142568 176.683028539022 179.840862751007 190.757989883423 198.633253574371 202.206512292226 197.980185349782 202.547430992126 199.411789576213 203.523755073547 204.193691412608 206.555644671122 206.64378007253 198.601424694061 199.276228745778 199.099004268646 190.634687741598 184.985220432281 186.72521909078 186.883091926575 182.219942410787 181.291202704112 180.149873097738 176.168123881022 173.182050387065 173.30394188563 168.435255686442 162.374546130498 155.707120895386 148.100276788076 151.213645935059 152.145465215047 149.708727995555 149.190664291382 138.886421918869 112.057348092397 93.5992201169332 87.5560641288757 103.186825911204 139.012704292933 142.837107181549 131.472527980804 116.932610670726 114.31876818339 122.103273868561
192.416608333588 189.988156159719 183.631857236226 178.775151570638 186.213254928589 198.156913121541 201.819360256195 199.277301629384 200.794736544291 204.043547312419 210.441728432973 210.439463456472 208.274741967519 209.234476089478 203.909456729889 202.284157276154 202.375868956248 198.787311712901 192.361533641815 189.721663792928 187.708159287771 185.765385627747 186.207433541616 187.520225842794 182.722230752309 180.314799149831 174.162109692891 163.611034552256 156.746606032054 153.709471225739 149.798174699148 156.73432747523 158.214569091797 167.355259259542 174.506485462189 175.254623095194 169.575293858846 151.468197504679 130.379577477773 98.4296997388204 107.716222604116 127.016047636668 126.361707846324 114.335874716441 116.100132465363 134.296864271164
196.004132429759 194.887240727743 191.998203595479 184.149225552877 182.329297065735 195.27264436086 199.779947598775 200.591127077738 197.886685530345 205.542465051015 213.071207205454 214.135309060415 209.282596906026 210.162540276845 209.967831770579 203.043321768443 204.914609591166 199.741701285044 194.437821706136 192.563553651174 192.973812421163 192.237496376038 188.615699609121 184.789856274923 182.313601175944 177.86302169164 158.127278089523 135.577857494354 131.360361973445 137.796272834142 150.151362021764 153.370281060537 156.698524951935 162.407110134761 175.999263922373 187.961061795553 192.929267883301 193.535466988881 190.375447273254 143.019199371338 113.219857215881 130.638639132182 147.853881120682 151.372561852137 153.256316979726 167.290548483531
196.082015832265 193.38579972585 194.211522738139 192.792117595673 188.06525071462 192.120909690857 202.003399531047 202.609260876973 200.634658336639 204.685886700948 214.212795098623 214.423914750417 208.890299002329 211.30245923996 213.034530480703 202.940980593363 203.565080960592 202.162226041158 198.8272468249 199.473818143209 199.963728586833 199.340999126434 194.28155819575 187.545696894328 186.822593212128 183.981835842133 164.11821047465 139.949937661489 136.600732803345 146.438499291738 160.290509462357 159.150967995326 167.488773663839 177.537540594737 192.317366600037 202.320615450541 186.074435710907 153.279781341553 149.242450793584 144.399106502533 144.211312135061 158.664524555206 161.889602740606 145.739903052648 134.908099969228 148.732453584671
185.369928677877 192.536910374959 193.937758604685 194.117744763692 192.241191864014 188.758432865143 202.539563179016 206.732948621114 204.578439394633 205.171147982279 210.161288579305 213.670988877614 211.486419041952 207.035422325134 209.294676780701 204.844832420349 200.122574965159 201.502164204915 201.546370983124 204.873502254486 206.08905951182 202.050189177195 200.130482514699 191.675921281179 190.7985607783 193.159659703573 187.525828679403 179.308215777079 176.45275592804 178.240338961283 178.156177202861 172.483086585999 180.543621381124 192.308882872264 183.757106463114 173.02801211675 154.060184955597 97.3140597343445 78.0646006266276 112.235605716705 147.358020146688 169.084171454112 162.566691637039 148.162206013997 140.301386515299 147.495051225026
174.044171969096 189.564247926076 192.579666773478 192.752301692963 195.189575354258 189.977745215098 197.327156861623 206.876436869303 214.640438556671 211.959858735402 212.043484052022 211.952785650889 213.81010611852 210.661888122559 209.721505641937 208.163936932882 202.60089635849 202.296475569407 199.881970882416 197.560588518778 199.526091416677 198.684175809224 197.822193304698 196.500420570374 196.154236793518 202.625036239624 211.892247200012 213.066021601359 195.86177666982 194.977720578512 182.971795399984 173.819224039714 175.71230729421 167.084912459056 136.545717716217 95.2507058779399 91.6139880816142 80.0457000732422 63.3865594863892 74.06019171079 94.9630240599314 133.316417535146 160.698572794596 182.252327601115 202.400763829549 199.401160081228
