input/barkrak2/radiation/dir03924.grid
NCOLS 85 
NROWS 70 
XLLCORNER 665100 
YLLCORNER 4664600 
CELLSIZE 20 
NODATA_value -9999 
[rows 22 to 43 of 70, columns 0 to 49 of 85]
64.41630423069 57.8045547008514 34.8769277334213 28.3252124985059 24.1119265556335 10.7310563325882 18.1315802037716 12.3465160528819 11.0800849894683 8.71684526403745 20.632499208053 21.773986518383 24.6762682994207 25.5800187587738 26.0878975192706 32.8623180588086 43.1487858295441 53.6962449550629 59.3856970469157 63.1707608699799 67.4749215443929 83.9499135812124 94.5620934168498 100.004682938258 101.42050186793 94.2259828249613 86.7424110571543 81.5538813670476 74.948380390803 58.7000151475271 32.1413278579712 17.1543285250664 2.30546000724038 0.0584420631639659 0 0 0 0.00198361582685417 0 0 0 0 0 5.98290748894215 15.2962779005369 24.7841104865074 30.0808176398277 33.2778419057528 36.7427269617716 40.8809433380763
99.0231931209564 87.9146258036296 52.68694460392 34.3365942438444 28.6035786072413 29.9073755741119 28.0988936622938 15.9587239225705 9.90293299158414 9.50397861500581 22.0861037572225 25.4554549853007 29.6623234947522 35.2797657251358 32.564456264178 33.6439137657483 40.5519877870878 51.7068654298782 57.710126042366 50.5108733971914 49.5725373427073 54.9470682938894 67.4246400594711 79.0082116921743 87.8301461537679 87.1480802694957 80.9980233510335 66.3163016239802 58.2320392131805 24.1441900531451 19.0774338940779 9.72878560423851 0.0471255625598133 0 0 0 0 0 0 0 0 0 0 10.9309914211432 14.1685518125693 20.2477549513181 27.5792504350344 29.7477096319199 35.6251547733943 39.8336052894592
98.3832478523254 94.1576063632965 70.8930095036824 38.6852771043777 21.3810751835505 29.2381569743156 27.2099326054255 25.8071273565292 21.373875439167 11.4863949517409 21.5286786357562 23.3118782440821 26.1738797028859 32.4584717551867 32.2753662864367 32.7890738844872 38.2222582896551 48.5603113969167 55.8170030514399 49.8927136262258 48.371563355128 45.0256069501241 53.8182457288106 62.9071444272995 69.0424839655558 69.5653110742569 66.5959815184275 57.9732408126195 39.4713530937831 17.9044033090274 12.1271548171838 9.90979497631391 0.532747246325016 0 0 0 0 0 0 0 0 0 0 17.2398127615452 18.1247517466545 24.2272590597471 28.220238784949 29.2097429434458 32.6784600814184 34.5683495203654
84.3137403329213 89.2016589641571 82.1455965439479 49.475371837616 21.6254691282908 29.96859451135 35.8961174885432 43.9087152481079 43.6604619026184 36.1955091357231 29.2237301667531 32.6297332843145 33.4040001034737 39.2104436953863 40.374053021272 35.1589272419612 37.7077261606852 48.507293065389 54.5342862606049 59.3784898519516 58.9280078808467 55.8284421761831 52.6078889767329 53.3474783102671 56.7710697650909 59.8009576400121 55.1547656456629 54.3482005596161 33.064936598142 28.5517275333405 24.9778727690379 30.7573825120926 24.1377080480258 0 0 0 0 0 0 0 0 0 0.0951721837433676 20.9466765324275 19.4788450996081 16.3732493917147 21.0252851247787 20.9431424736977 23.2955440878868 23.257518808047
82.9960107803345 88.5308384895325 86.5144232908885 59.6656252940496 35.6967573364576 44.306476910909 56.5098623434703 66.0601556301117 73.5574811697006 66.5747274955114 46.006848414739 49.526368578275 47.2011864185333 51.119143764178 51.1351923147837 43.2505309581757 39.8721372087797 50.6746470928192 58.7612489859263 70.4190631707509 70.7583924134572 68.8232084115346 60.7560127973557 55.9303561846415 56.9014847278595 58.9071611563365 54.0793091058731 60.176208615303 56.2090228001277 55.0779302914937 61.2029482920965 80.75745900472 89.6735787391663 68.1033780177434 0 0 0 0 0 0 0 0 10.7994464536508 15.9309034546216 7.90832129617532 9.22503260274728 8.46802691618601 12.4425652126471 15.7477383812269 16.1136028667291
84.7405095895131 83.4374626477559 83.7023059527079 66.0513540108999 63.5524441798528 66.7613844076792 77.9197464386622 82.4887603521347 85.4303340117137 77.1572043498357 58.0195287863413 53.1586309274038 52.3305584987005 52.5697420040766 55.1900615294774 52.2346794605255 46.6848264137904 53.6362330118815 67.1544621388118 73.6764371395111 70.9238747755686 62.0199640591939 60.7878069082896 62.3140682776769 63.7749234835307 64.2012556393941 61.7248316605886 71.5701828400294 88.1409446398417 93.254695336024 98.9245971043905 107.009182373683 117.873847484589 124.79438384374 78.1252880891164 2.80989396075408 0 0 0 0 0 14.1756584246953 14.0577753384908 3.09451793630918 0 0 1.31600148354967 3.67236820360025 9.81325594087442 14.3613889813423
87.7753694852193 76.1139690876007 76.9050419330597 69.43412621816 83.9368303616842 80.228661497434 79.9418141444524 76.8249283234278 72.6407219966253 62.1163100004196 52.0416796207428 46.9974527756373 50.6675044695536 52.1350353956223 57.5367311636607 62.3812874158223 55.1242381334305 52.8171857198079 63.9819204807281 66.2760188182195 64.4250412782033 57.5856218735377 58.2172671953837 64.8140261570613 69.4353431463242 66.0374313592911 66.858783364296 72.8718439737956 96.1493750413259 109.795471032461 119.311283032099 125.041246414185 132.733374834061 135.222434997559 125.477641820908 49.4033545255661 0 0 0 0 0.468790841599305 6.5501897285382 12.2843248148759 0 0 0 0 1.014156655098 2.56382394582033 5.7090458770593
88.5651409626007 70.3482727209727 70.9733019272486 75.4145681858063 84.1668446858724 81.1791320641835 68.2149479786555 51.7595907052358 40.6382630268733 32.8275735179583 32.3370347420375 36.5611190597216 45.4860379298528 52.5318682193756 57.4925790230433 65.4290765523911 63.6262148618698 50.3035734097163 54.3595254421234 57.1573277314504 57.3774476846059 57.7616989612579 58.5696200529734 64.7225975990295 71.4678466320038 69.5303529500961 72.524756193161 74.0140577157338 90.0229414304097 113.542387882868 129.694650570552 136.908372243245 137.93029387792 138.597389062246 146.002242962519 125.947177410126 42.8961416085561 0 0 0 0 0 0.883094655970732 0 0 0 0 0 0 0
86.8029395739238 88.0090991655986 109.834253787994 142.641832431157 115.73584874471 87.054322163264 58.2223286231359 34.0453634659449 25.3525500496229 28.2159248987834 24.3872553110123 25.8208761612574 42.1182066202164 54.3248653411865 64.157580335935 70.951317747434 68.9243624607722 55.6862453619639 55.6563387314479 59.0663403272629 57.2960923115412 60.8956168095271 63.6398543914159 66.4296795924505 73.933482170105 78.9631307125092 77.7836938699086 80.6707243124644 93.0173397064209 118.750313917796 137.602110703786 142.194847265879 139.520138502121 147.294044494629 157.346387704213 160.730282465617 132.204234600067 69.5576270421346 10.2846107135216 0 0 0 0 0 0 0 0 0 0 0
100.173016389211 134.540418783824 182.786524295807 203.773816426595 181.973000367483 128.669480482737 79.3714771668116 48.3722388744354 41.1190986633301 44.7226365407308 36.3670239845912 30.7812889417013 42.1088437239329 52.5376995404561 66.2770022948583 75.5137850840886 71.4086542526881 64.8109565178553 59.5606764157613 61.226099729538 60.9069317579269 63.5765939950943 67.2703335682551 68.0894205967585 73.5467374324799 86.5108072757721 88.3030990759532 94.9281255404155 104.680448770523 122.097223997116 138.038535912832 144.931852817535 148.213754097621 155.922412872314 161.970794200897 161.837846040726 154.396613438924 134.339382251104 65.6066338221232 8.27645882964134 0 0 0 0 0 0 0 0 0 0
161.237160364787 196.885466575623 221.084872881571 223.231832186381 221.357027689616 192.280689875285 149.641007184982 109.904100497564 85.661788781484 72.2698370615641 67.8740888834 55.60103058815 44.5880045493444 49.7403840223948 70.9618876377742 75.9016672770182 69.818526506424 70.1215366522471 61.2849295139313 59.4954043626785 62.5989586114883 64.7744288047155 65.7002627849579 68.009560306867 72.7955400943756 86.8167479832967 93.8949783643087 102.762401103973 113.44846089681 120.902846256892 133.624047040939 145.088891188304 146.947751442591 143.757085005442 147.999743620555 138.840576012929 141.28515124321 126.607825358709 80.1439682642619 26.3836955030759 3.33290950705608 2.50865860531727 0.826464034616947 0 0 0 0 0 0 0
212.420284748077 228.416264057159 232.60223865509 230.01092672348 232.316493988037 228.303293387095 203.355828921 158.727089564006 122.717837492625 98.0652670065562 98.0993707974752 90.0839865207672 65.0539994239807 58.9753041664759 67.5908178091049 71.4700619379679 66.5076623360316 66.5137221415838 60.3928218285243 61.020498474439 58.6887548367182 60.7458700736364 60.6500109036764 61.5262885888418 69.3227847417196 80.1523228486379 91.6845599810282 97.0878799756368 108.480701843898 122.076600790024 132.899711529414 136.265814304352 126.961688200633 115.514606237411 117.995182673136 102.578421433767 103.092630704244 87.4899526437124 50.7713903983434 16.8809096018473 15.2749928335349 10.708832492431 2.80914362519979 0 0 0 0 0 0 0
225.734333197276 232.66198237737 232.045352458954 232.220808664958 233.083446820577 230.427980422974 222.71607319514 189.610759417216 139.591326316198 113.239804903666 109.704981247584 109.650830427806 91.520090897878 72.4491576353709 67.5988892714183 70.7468042771022 64.2264982064565 59.4886740048726 60.0215097268422 63.7879719336828 58.8687757651011 57.5572301944097 59.397096435229 61.9501968224843 66.1374032497406 73.5438813765844 84.7162405649821 85.8147342999776 95.4148968060811 113.670647144318 125.875284274419 122.572332620621 116.170307000478 109.944820404053 101.914246877035 87.4878168106079 91.7107462882996 88.7723763783773 68.407009045283 32.5995311141014 27.5228520234426 27.9198338588079 6.55592853824298 0 0 0 0 0 0 0
221.121748288473 223.579009373983 220.601916313171 220.957001050313 219.977657000224 215.773622194926 210.91890335083 191.282788912455 148.200958967209 124.300460020701 117.457489172618 113.545457522074 104.809323946635 81.2627325455348 71.33383055528 75.5454003810883 67.9219663143158 59.3649546305339 63.4721914927165 64.7296657164892 62.3604754606883 59.2502852280935 62.7298653125763 67.2496159871419 65.6143377224604 70.9911982218425 76.1135319868724 77.9667844374975 85.3251417477926 105.292419592539 115.769962469737 116.145898898443 118.367552757263 119.35090025266 100.975930690765 94.210426012675 99.0498165289561 106.155355771383 101.121544837952 59.9612891674042 21.9085464874903 3.80253233015537 0 0 0 0 0 0 0 0
197.448790073395 200.053572654724 202.244242032369 199.573159217834 198.218146959941 196.120878060659 200.434962908427 196.704665819804 162.695070107778 131.98055823644 118.344485759735 106.830090284348 101.105193297068 80.7877232631048 68.8987672328949 75.0421037276586 76.9849767287572 64.8978451887767 66.9271548589071 70.1103607813517 69.3929890791575 65.6338334083557 65.7743314901988 69.380650917689 67.2761201858521 68.7071979045868 75.3787209590276 82.003782192866 87.0183904965719 99.7521082560221 111.969838539759 117.559959491094 119.503825902939 123.503575722377 104.436735312144 104.97244199117 105.428993701935 114.225784937541 114.307393630346 73.2865085204442 10.8305340011915 0 0 0 0 0 0 0 0 0
174.649059772491 183.682282765706 194.051285584768 191.317200660706 189.490755399068 196.025729179382 205.521881580353 206.527610619863 184.163451194763 145.848860343297 124.58207209905 100.66149632136 86.1905217170715 74.7250864903132 66.023051738739 70.0402160485585 82.0286571979523 73.0186998844147 69.3524777889252 72.3643849293391 72.7884620428085 69.6825087070465 66.7151461044947 68.8059975703557 71.0955858230591 70.4666525125504 73.8508452971776 83.1527958313624 86.9484444459279 92.9841597874959 105.71676492691 117.742975552877 121.850212415059 114.139993985494 100.39347410202 113.841782013575 117.00384815534 123.259633779526 121.565222740173 95.0198074181875 5.82533329725266 0 0 0 0 0 0 0 0 0
136.424650748571 147.675722837448 157.133946816126 162.486294905345 170.500199000041 185.714602470398 200.156350930532 206.950465838114 200.936337312063 166.947344938914 133.007526397705 101.407041152318 83.8855902353923 80.2420228719711 71.4485943317413 64.997524023056 77.0847698052724 77.7382453282674 70.9863106409709 70.6070909897486 71.3087320327759 68.2489226261775 64.8103306690852 66.1067366600037 70.6585546334585 74.6738413969676 74.4353234767914 80.0474981466929 85.2011342843374 86.4186684290568 96.8242883682251 112.698048353195 117.085089286168 101.991434892019 104.282210270564 124.950269858042 128.988812367121 126.057803630829 126.322160164515 121.968438227971 62.6640220483144 0.0190527910793511 0 0 0 0 0 0 0 0
99.5092988014221 106.440434853236 105.597953001658 116.710315148036 133.14230243365 151.83546145757 166.535357634226 179.656088352203 179.289182027181 153.312474489212 117.691099643707 92.2252039114634 79.3663412332535 77.0356108744939 73.8700330257416 67.8375413020452 72.5034972031911 73.1693804264069 65.8551702896754 65.4194156328837 68.9014097054799 73.2736041148504 71.8557735284169 67.414532105128 66.5923357009888 70.2543805042903 75.955996910731 79.2517016331355 84.1944018999736 85.0516657034556 86.7088536421458 101.195871829987 109.025895595551 104.1313012441 126.552224159241 136.903256177902 133.552412192027 126.618166764577 130.121618509293 145.251880089442 139.121264219284 73.7076997756958 7.75202425817649 0 0 0 0 0 0 0
87.6576701800029 90.0286038716634 89.5768801371257 91.4537707964579 101.177901029587 107.41134484609 111.788501342138 117.33071009318 117.82365043958 100.658526023229 84.0782523155212 79.2892475922902 77.542781829834 74.904258052508 72.7607905864716 72.6641515890757 71.3260273138682 72.0269580682119 66.7450129985809 65.8426980177561 70.2177931865056 75.8828818798065 77.3217678070068 72.9546397924423 69.5889095465342 68.9949293931325 77.4647494157155 82.0251603921254 85.571825504303 84.898849328359 86.1623088518779 93.4781730175018 102.395623922348 111.888915300369 136.975715557734 135.25668780009 125.289350748062 115.346590677897 118.310312430064 136.098166306814 148.044923941294 143.645068009694 86.137721935908 17.8660812477271 0.0218411660171114 0 0 0 0 0
96.3369210561116 93.9116279284159 94.1734214623769 93.4013923009237 89.4394516944885 87.5889758268992 85.759182771047 87.2158706188202 92.2175645828247 83.7679306666056 75.4726231098175 76.5533049901326 79.8434565464656 79.699049393336 77.7207612991333 76.1177639166514 70.5299476782481 77.7695327997208 78.2990753650665 74.3798514207204 76.5003661314646 77.3518731196721 75.8264462153117 76.7431408166885 77.7746985356013 74.0683575471242 79.3668329715729 83.3157002925873 84.4729244709015 87.3665710290273 87.6076718171438 92.9371813933055 99.6735692024231 118.217657009761 127.773195505142 123.513221740723 110.184053579966 99.6160904566447 96.1210131645203 107.870012521744 141.541878382365 143.516967693965 118.798792362213 59.7448100646337 5.55350383122762 0 0 0 0 0
101.423462231954 98.504235347112 101.285894711812 99.5155473550161 92.4605429172516 89.0546043713887 86.2827102343241 82.8999131917953 82.7758808930715 79.6125034491221 77.5172809759776 77.3433943589528 81.0233503580093 84.6903026103973 84.0336283047994 80.419510602951 76.8989324569702 82.3400715986888 84.4892164071401 77.6216437419256 74.8247156540553 73.9765415589015 70.5512861410777 72.4119742711385 76.8930415312449 73.6170709133148 70.6087599198024 76.6340394814809 81.7667742570241 83.5608343283335 86.0834916432699 85.9388907750448 97.8461702664693 118.204245964686 125.082751115163 110.783040523529 98.2114772001902 94.4851040840149 94.8814253012339 104.342917601268 111.541926860809 116.846700509389 101.622045040131 65.9086803595225 12.2340607146422 0 0 0 0 0
84.7098827362061 87.6251757144928 96.9208677609762 93.9859350522359 96.4972078800201 99.134902159373 98.3125468095144 93.347171942393 81.9904257853826 80.3017218907674 84.0049783388774 79.7929912805557 80.816904703776 84.6156378587087 85.1064523061116 81.9644282261531 83.0487112204234 85.0115418434143 85.2717459201813 79.8080911238988 74.0084648132324 71.2794462839762 68.835179011027 68.378080924352 71.1722125609716 74.8715897401174 70.9631194670995 73.6616601546605 77.8970718383789 80.1791995763779 78.3553669850032 77.7720212936401 88.1318648656209 104.759226242701 110.166629155477 99.5502571264903 96.1880087852478 101.015547911326 104.168812433879 104.350676139196 99.1584956645966 97.6941188176473 92.1554764111837 64.2659366130829 21.1903899908066 0 0 0 0 0
