input/barkrak2/radiation/dir02924.grid
NCOLS 85 
NROWS 70 
XLLCORNER 665100 
YLLCORNER 4664600 
CELLSIZE 20 
NODATA_value -9999 
[rows 44 to 65 of 70, columns 0 to 50 of 85]
66.4903918902079 72.5017935037613 75.4971106847127 76.2214511632919 78.1639665365219 80.5793702602386 81.0378392537435 76.9808143377304 72.4813938140869 68.5617427031199 70.1628675063451 68.2076911131541 65.0893350442251 63.3962651093801 62.6270622014999 62.9306783278783 60.4471067587535 66.9029404719671 68.7050173679988 67.2494322061539 62.102605899175 59.9785397450129 59.4476958115896 60.4238907496134 57.8938474257787 66.275546948115 69.2567974328995 65.6751692295074 65.4864956935247 63.7553781270981 60.8450373013814 58.3008825778961 63.838059703509 68.3191319306691 75.224647919337 78.3439775307973 82.7315549055735 89.6582007408142 94.5871571699778 86.2882733345032 82.7018717924754 78.5314391056697 74.3710746367772 55.6838611761729 24.0675384799639 0 0 0 0 0 0
72.9804337024689 77.6890367269516 74.8792638381322 78.3083587884903 76.7031411329905 76.8997420867284 78.4148871898651 76.8340130647023 78.2837718725204 73.4922786553701 72.829008102417 72.5588649511337 67.8674230972926 63.5718355576197 62.5337858994802 66.2557532389959 61.1728131771088 64.4956727822622 69.4190512100856 68.0034011602402 64.9936546881994 64.2431328694026 63.5931690533956 64.021497964859 65.4234041770299 65.3226325909297 72.2588002681732 69.4753229618073 66.7126675446828 65.0309820969899 61.5551918745041 58.6293091376623 61.3059103488922 60.8759373426437 61.3749970992406 64.5392139752706 71.8009620904922 82.1499129136403 83.130344748497 71.6610997915268 74.0843713283539 70.0441499551137 69.0798362096151 65.7276064157486 47.3859260479609 15.7588769992193 0 0 0 0 0
72.6450681686401 74.3752022584279 77.1275212367376 79.3629388014476 79.0255218744278 78.6335070927938 80.711156129837 82.4405898650487 78.7235796451569 77.5287399689357 76.2790938218435 75.2244542042414 71.8640188376109 69.1082576910655 68.8078552484512 72.9685773452123 70.8228747049967 65.3750697771708 70.4569717248281 69.2576716343562 66.3520942131678 66.8932199478149 66.5444582700729 64.3020768960317 71.954220533371 64.6438896656036 66.4744327465693 68.2070900996526 67.3497915267944 66.4638876914978 64.7089133659999 62.5835110743841 61.6060743729273 61.0742072264353 63.4700357913971 64.4332418839137 66.2116905053457 72.3135322332382 74.4001617034276 72.3466376463572 71.6397911310196 65.933883190155 71.5422928333282 77.7544279893239 68.8568850358327 38.3421530326208 7.01147131621838 0 0 0 0
66.5179093678792 68.870613972346 74.721152583758 76.5226185321808 80.3123712539673 81.7918082078298 79.5025527477264 79.4204076131185 79.3011287848155 81.6129992405574 78.3591121435165 75.0100711981456 73.2494493325551 73.1432139873505 71.7686812082926 71.1613396803538 70.302352309227 63.5369420051575 67.7209397157033 68.5856242974599 65.364142258962 66.5030628442764 69.0284669399261 63.128521045049 66.1820520957311 65.7307753960292 60.9962542851766 65.3156985839208 67.3021376132965 66.1658445994059 66.7905906836192 64.6908134222031 61.3875736792882 64.1530205806096 75.5237191915512 79.3246428171794 74.627493818601 69.1979825496674 72.3461310068766 82.0931742588679 75.2237091461817 67.6801453034083 75.0359445810318 80.6751946608226 75.0536769628525 55.0511429707209 23.3151217301687 0.31842669704929 0 0 0
59.2763721942902 62.6173168420792 68.0788358052572 71.8997170527776 78.5165478785833 82.2948714097341 78.9760450522105 76.9591629505157 80.7453493277232 83.2327703634898 81.0441573460897 76.8193403879801 75.1449267069499 76.385110616684 73.6861228942871 68.3914969364802 68.4060553709666 63.6256039142609 66.5452380975087 70.9911584854126 70.146252711614 70.1880703369776 71.3576376438141 69.3534910678864 66.0247604052226 68.6002721389135 64.9370054403941 69.213072458903 74.9138991038005 77.3864736159642 80.4012914498647 79.8616508642832 70.8844264348348 73.9494562149048 80.4055631160736 90.0497237841288 88.4613692760468 76.0301450888316 72.8593816359838 78.4416496753693 73.7458467483521 66.5266712506612 64.2084379990896 64.0634099642436 62.7054671446482 61.0348582267761 51.9225100676219 8.62853229045868 0 0 0
58.0775737762451 55.8843115965525 60.1777533690135 68.5875813166301 74.5965639750163 77.9614547888438 80.8743933836619 83.4175149599711 84.4415326913198 80.8213005463282 83.1193029880524 82.9307734966278 79.3650448322296 76.5236218770345 74.5922476053238 70.7338800032934 68.4743722279866 66.5997266769409 69.8001285394033 75.0080496072769 76.6232709089915 77.5360663731893 73.9109267791112 75.383002559344 69.773331284523 73.960135380427 74.0666637818019 77.6773542165756 83.9812457561493 90.4506047566732 97.3444978396098 98.3490546544393 86.7708226044973 83.7326645851135 80.6389798720678 91.1751389503479 91.5315747261047 88.2457693417867 78.3136934041977 69.6391016244888 65.1100923617681 65.9624685843786 64.4339422384898 60.3150178988775 56.6718926032384 59.824859102567 52.7840157349904 16.4404300351938 0.000268123585556168 0 0
58.5065186023712 62.0455294847488 65.6285583972931 72.362353404363 72.8925168514252 73.3347634474436 81.5635621547699 86.7997805277507 86.5338544050853 86.2833460172017 85.5148136615753 85.180143515269 81.7970931529999 77.3481031258901 77.3057639598846 80.5897166331609 73.0968415737152 72.5972106059392 74.0897903839747 78.168973326683 80.1964302857717 78.9011716842651 76.384574174881 77.575405438741 71.5377330780029 77.7611980835597 80.9233735005061 83.7027033170064 89.9610022703807 95.9243277708689 101.76474849383 107.601165771484 99.2787778377533 84.8425030708313 76.6171912352244 70.1599270105362 86.8250330289205 92.1698609987895 82.497055331866 65.6963090101878 60.0870152314504 67.0356253782908 70.4609553019206 67.2823488712311 61.8107219537099 59.1805626948675 43.6928371588389 21.4451774954796 0.423178464795152 0 0
59.1482122739156 70.3497479359309 72.8255212306976 74.5242188374202 72.5830545028051 71.8803703784943 79.8640151818593 85.4929089546204 85.1815342903137 90.19735455513 87.6440207163493 87.1066351731618 84.130585193634 79.2947361866633 79.5882393916448 85.798700650533 78.4329026937485 75.5615234375 72.3933378855387 75.6431718667348 76.1196215947469 74.1020689407984 74.6097465356191 72.5240459044774 70.751483241717 74.4494746128718 78.2307287057241 79.7464301188787 83.7272008260091 91.333528359731 97.2473522027334 104.620436827342 100.367854038874 77.6988565921783 32.5683206319809 31.9115494688352 52.2556205590566 75.3792424996694 83.7806661923726 87.291826804479 80.431342124939 75.1358270645142 62.7444783846537 61.0601504643758 67.8075850009918 61.8477910757065 35.4126368959745 27.9239366451899 4.5148649563392 0 0
62.9885097344716 61.045507589976 60.1899971564611 62.6476506392161 69.4647232691447 75.1837988694509 75.8674691120784 81.9909671942393 81.8717777729034 86.7092212041219 87.0364805062612 88.8277590274811 88.7783765792847 83.3580891291301 81.1741600433985 79.7357012828191 81.6778043905894 75.2734740575155 69.2950785160065 67.5629625717799 66.5201892455419 69.4982757170995 70.9953804810842 65.0690694650014 68.1250641743342 66.774050394694 68.6577558517456 70.2288796504339 71.9555715719859 75.7733186086019 79.1292438904444 87.9327853520711 86.3600571950277 62.929555773735 27.2911911209424 17.8358294069767 18.9018423358599 29.6465158462524 59.9676271279653 82.5579861799876 85.4776302973429 76.414833466212 59.7417304913203 50.4461725552877 55.4431925217311 49.5962202548981 34.6088210741679 48.1973538796107 30.4052606225014 5.42741703490416 0
65.6160364548365 55.7649731636047 53.5058478514353 58.7847729523977 70.3417311112086 79.3092499176661 78.7516037623088 80.0831168889999 82.8118870655696 83.0708493789037 85.365762313207 88.0975127220154 89.8037254810333 88.1154735883077 83.4391911824544 80.8556477228801 82.7317486206691 75.6816069285075 71.2792327006658 72.0100104808807 71.2396154801051 69.2520042260488 66.9741928577423 63.9815032482147 64.3194516499837 63.2220009962718 64.4481033086777 66.2911335627238 66.4858768383662 63.9707148075104 55.2973051865896 59.1952900091807 61.9960923989614 36.204087237517 29.2409186561902 18.9237420757612 8.49897476534049 6.45527491966883 17.0948381225268 47.3602861166 68.6954160531362 66.5024667978287 51.8309772014618 46.8254387378693 43.1277106205622 35.8247483770053 33.0846160650253 55.9179882208506 65.0399426619212 43.86239250501 13.6680081486702
65.8984283606211 60.2806309858958 58.1421057383219 63.3635322252909 72.6581166187922 80.8395395676295 83.6467047532399 79.9965461095174 84.7525000572205 83.1312884887059 86.8869622548421 88.6611342430115 90.0155305862427 91.6374623775482 86.36075258255 86.069256067276 86.3607625166575 80.321341753006 76.50026679039 76.9868443409602 77.0565668741862 72.3800013462702 70.4109271367391 69.8474397261937 66.1065727472305 65.7630761464437 64.3595407406489 62.1121227741241 61.911016702652 56.7953834931056 47.1476415793101 49.4336535533269 56.0875833034515 57.9531192779541 55.9267699718475 44.534092148145 21.4554021755854 8.84902477264404 7.30724943180879 13.4752367933591 32.4653138717016 37.5387743115425 32.6887915531794 25.4304756720861 25.0728825728099 31.6126793622971 43.3047860860825 48.4189788500468 60.5683823426565 65.8172021309535 47.1290946006775
69.2088603973389 67.7055021127065 64.0361855427424 62.7004951238632 68.5924788316091 79.5237869024277 81.9291820128759 79.8693746328354 81.7326853672663 86.9000156720479 93.591978152593 94.2612787087758 92.382808526357 92.9558873176575 90.3599460919698 89.3806914488475 89.7286534309387 87.730993827184 82.3316176732381 78.4906844298045 75.6413141886393 73.9877919356028 76.7541229724884 77.1390050649643 73.2381443182627 71.3661809762319 64.6512359380722 55.020014444987 50.0136911869049 49.7383028268814 49.8618086179098 54.6246816714605 60.75452764829 72.8619794050853 77.2173951069514 75.6037930647532 63.8770461082458 43.5514549414317 32.978984216849 13.0505027870337 19.5929979284604 31.7099789778392 39.8564587036769 29.4062147537867 29.2290846506755 44.2459980646769 65.7824575901031 59.7932289044062 54.5799235502879 61.2661391496658 52.4104982614517
71.8180984258652 71.2244759003321 70.0875024000804 66.3265784581502 67.5143947203954 76.8402318159739 79.8228035370509 79.6064635117849 79.8203945159912 89.1035497188568 97.2399016221364 96.1647033691406 91.6120807329814 94.1856900850932 95.4691270987193 89.3746018409729 91.6517575581868 88.2692138353984 83.5175315539042 82.0719699064891 80.4563860098521 80.7690322399139 77.7763923009237 74.4362970193227 72.3101298014323 67.0451323191325 49.069732427597 29.9958338340123 25.4760707418124 32.2819302479426 46.9609002272288 51.3774106899897 58.838278055191 66.5315985679626 77.3124049107234 89.1245404879252 93.0097699165344 74.2501666148504 72.5887616475423 42.6205992698669 21.6808368762334 33.7639798720678 55.4628868897756 55.6223789850871 54.9823294083277 69.3064530690511 95.8152810732524 84.216316541036 61.2400571505229 47.4429627259572 37.8980686267217
70.6967214743296 68.7266488869985 72.4910100301107 73.4558602174123 70.8572566509247 73.6348529656728 79.81043557326 80.466757218043 80.8566510677338 88.7836714585622 96.0316558678945 94.3153103192647 89.6212657292684 93.3159093062083 96.7200001080831 86.69114112854 88.8834198315938 87.5230729579926 85.3078564008077 85.6084028879801 86.1911177635193 86.7809355258942 81.4642359813054 74.653297662735 72.1638053655624 70.1881001393 51.9183228413264 32.6797962188721 31.572200357914 40.9226343035698 54.4641762971878 56.8859875202179 68.9438084761302 78.8023322820663 89.5596444606781 85.3351553281148 79.4900556405385 37.4959980448087 37.885660926501 38.5060831904411 45.0863341490428 57.0058673620224 65.4503554105759 36.535104115804 29.6789904435476 34.9204142888387 74.272761742274 69.2133357127507 55.5507193009059 45.6307629744212 39.13564234972
59.0847531954447 66.7684078216553 70.5215434233348 73.3453532059987 73.2372850179672 69.9091752370199 79.6607434749603 83.6981932322184 84.4280123710632 89.4450048605601 92.2525922457377 91.8959279855092 91.0284022490184 89.0404582023621 90.4926657676697 87.0879689852397 83.9376052220662 87.0702465375264 89.1392131646474 91.1667247613271 91.5984610716502 87.291161219279 84.8657687505086 79.2490790287654 76.7011145750682 76.9478380680084 72.7100670337677 64.052402973175 64.6893829107285 66.0609702269236 65.0570193926493 66.6576524575551 82.131360967954 90.8832252025604 89.482585589091 64.0844702720642 43.4824923674266 21.8101466695468 11.3260137538115 21.8644961714745 30.6395913163821 61.0148509343465 69.6639219919841 55.9521019458771 43.1873053312302 45.1448460419973 60.1679980754852 64.7532343864441 62.0882213115692 55.0787548224131 48.3433057864507
48.9811897277832 64.0640358130137 68.2207445303599 71.3709344466527 74.4596968094508 70.4622517029444 74.85364874204 83.087811867396 94.1567321618398 95.6572492917379 90.9602642059326 88.5482629140218 90.6700889269511 89.798370997111 89.7443195184072 87.2781376043956 83.4609568119049 85.9165887037913 84.8625302314758 82.0060273011525 83.9546322822571 83.0943435430527 81.2224249045054 79.9446652332942 79.8794577519099 84.4243963559469 95.4668720563253 96.2586998939514 79.7825753688812 73.476180434227 68.697397907575 64.0730162461599 76.5456110239029 68.4219598770142 33.1033741434415 24.5417753855387 23.3117987712224 15.9481937686602 4.1772307207187 1.79404408360521 1.1217735397319 23.051954805851 64.1944011052449 83.8024814923604 90.6171600023905 84.6321682135264 81.9401095310847 83.0154518286387 82.7046136061351 71.1447099844615 59.8275512456894
50.785298148791 61.1771245797475 68.6792681614558 71.3342030843099 72.9195376237233 73.0391244093577 67.347581187884 77.5184482336044 99.2045998573303 98.0626940727234 89.1698002815247 85.5713486671448 88.6434117952983 92.1634236971537 91.0151402155558 87.6688162485759 86.1268838246663 83.6824675401052 76.9438197215398 70.0211624304454 70.0450887282689 73.4936247269313 74.6703247229258 78.2001515229543 78.9415041605632 84.3048095703125 103.307614723841 111.601362625758 91.304083665212 78.542023897171 63.1094475587209 53.5967002312342 57.8585167725881 54.7243853410085 30.7841350634893 19.3150068322817 20.5562735597293 28.1032299002012 19.8891088366508 7.17888586223125 0.981931031371156 8.59175436198711 33.524123330911 66.396176815033 70.5939928690592 66.8623348077138 74.6081421772639 76.9090354442596 72.8051165739695 66.0008092721303 67.5969123840332
62.8757327795029 66.2099619706472 68.7020222345988 65.141424536705 58.9152276515961 56.1329424381256 64.173882206281 69.8741426070531 80.0720751285553 76.660434405009 73.2470999161402 79.5937925577164 86.4903827508291 88.9796912670135 84.8850210507711 86.7960254351298 87.0104432106018 80.889751513799 72.5740591684977 66.7022367318471 66.1806166172028 67.6522900660833 70.6274608771006 74.2343763510386 76.0227839152018 78.9483537276586 92.0564035574595 100.442936023076 86.8665675322215 75.8577485879262 61.8538111448288 49.1024702787399 44.5980330308278 58.3260407050451 53.8690586884817 29.4911364714305 29.6484877665838 63.5834286610285 67.9176896810532 44.0860191980998 16.8467921515306 10.6591259439786 21.7684283852577 30.9279461701711 29.376246035099 31.5884798765182 43.4962809085846 47.2121139367421 52.8748830159505 58.2935065031052 83.1521252791087
75.0185747941335 71.6405212879181 67.6069408655167 60.3754768768946 49.7439950704575 43.2502826054891 54.2106578747431 53.6806136369705 43.5632765293121 44.1762506961823 54.7388295332591 67.7479654550552 74.4385818640391 79.1044334570567 82.2023153305054 93.123197555542 95.9225495656331 86.6785248120626 77.6337633530299 73.549618323644 70.2871332565943 70.1690117518107 72.7332731088002 71.217879652977 70.4069783290227 75.8995314439138 80.939660469691 87.6896480719249 79.7620912392934 58.4412713845571 61.4290287097295 56.0298611720403 50.1317729552587 67.6118930180867 73.6750364303589 60.9763811031977 51.032433907191 44.2335357268651 48.5675086577733 50.2360612154007 36.6689960161845 24.3757590651512 21.3689431548119 21.8975841999054 15.089251101017 16.2308067083359 26.174192627271 28.8059661785762 34.4817290703456 59.3054443597794 111.137628555298
78.0167480309804 71.0307508707047 65.9044285615285 62.0212107896805 54.4882714748383 47.940601905187 43.2901481787364 38.6829301714897 20.7298534611861 28.3924366037051 49.3732790152232 61.9181742270788 62.2410873572032 70.4023192326228 84.857314825058 101.636548837026 107.19499985377 99.6791422367096 90.6919936339061 86.4626864592234 80.465371410052 77.9022524754206 77.2360861301422 72.4842796723048 72.8018383185069 72.3536014556885 71.0448920726776 71.0541258255641 68.5553252696991 50.4908859729767 54.2385230461756 49.2058296998342 45.0621098279953 70.747509598732 90.9231106440226 94.241589307785 67.7957932154338 27.0211895306905 22.7445960044861 29.6634236971537 38.2150262594223 30.3762033581734 35.9224552909533 32.6655755440394 20.9996153910955 14.6354263027509 22.4443127711614 36.7948015530904 45.2958742777506 75.2720336119334 144.404629866282
80.8144907156626 75.160210331281 73.7534662087758 74.9387095371882 71.5002318223317 64.7017508745193 59.2104146877925 59.9717994530996 58.383896946907 63.8151566187541 72.7040618658066 79.3755203485489 79.8920492331187 74.3659486373266 85.2896670500437 102.396617333094 113.331139087677 113.181541363398 105.437129735947 94.9952403704325 88.5348121325175 83.4481815497081 81.2963793675105 79.3895175059636 75.157751639684 65.0578190883001 61.8741909662882 62.717060248057 61.1270070075989 57.8646759192149 39.0437915921211 39.0184447169304 33.2148820161819 58.0478956302007 98.8637010256449 108.645468950272 74.7955143451691 39.9510512749354 15.9067697823048 16.0811382035414 20.0298503041267 18.7879477938016 30.5839975674947 46.5083420276642 47.9999184608459 34.3852043151855 34.2076420783997 51.8286377191544 81.238254904747 130.096852779388 162.915021181107
81.6976130008698 78.794648249944 78.9455076058706 80.4068346818288 79.8928886651993 75.9174426396688 75.4033476114273 83.6398005485535 101.570824782054 96.9064434369405 87.7831180890401 89.8164908091227 95.048467318217 82.1242084105809 83.4021766980489 92.4934546152751 102.356145779292 109.273582696915 109.843949476878 102.606574694316 96.4187582333883 89.3055299917857 83.429753780365 83.8073293368022 74.2178658644358 59.2315544684728 53.866962591807 52.6603360970815 53.3397495746613 47.0732947190603 23.9094942808151 21.4453389247258 15.6991506616275 15.6322158873081 95.7858761151632 109.9813580513 89.6389186382294 77.5549908479055 43.6075031757355 10.6432922184467 3.58609699954589 0.373676031207045 18.1421538194021 51.5134036540985 59.1749052206675 48.712228735288 47.322948773702 73.8770465056102 136.110723018646 182.822187741598 173.959573109945
