input/barkrak2/radiation/dir08924.grid
NCOLS 85 
NROWS 70 
XLLCORNER 665100 
YLLCORNER 4664600 
CELLSIZE 20 
NODATA_value -9999 
[rows 0 to 19 of 70, columns 0 to 45 of 85]
239.891886711121003 254.010677337646 268.06894938151 283.421476682027 290.384391943614 289.773464202881 281.592945257823 275.528271993001 278.007467587789 278.821309407552 278.404176235199 280.592560768127 280.676583449046 281.256000200907 283.460100491842 277.153452237447 267.574151357015 255.94961643219 250.881632169088 239.666660626729 232.768535614014 243.730266888936 269.303520520528 275.769551595052 278.024931748708 285.506625970205 283.9062611262 270.838260650635 255.115707715352 251.794079939524 248.212953408559 265.416344006856 303.67523431778 301.925857861837 302.895287672679 285.904784997304 293.618639310201 306.990424791972 301.010012626648 305.036286513011 286.66627407074 288.406948248545 298.073550065358 302.265485127767 296.448449293772 297.149697939555
219.333032766978 236.144403616587 250.597298145294 266.858955224355 278.199672698975 281.243205070496 276.634097099304 275.759160518646 284.592727820079 283.387760321299 279.330631097158 280.001640319824 281.497379144033 282.689193884532 282.476484775543 276.166955629985 272.131721178691 264.739990234375 259.652137756348 246.855318546295 246.908605098724 261.766076087952 280.507624149323 282.845874627431 287.420312563578 290.495018164317 285.181740919749 273.046970367432 259.801626205444 253.401001294454 254.245618979136 278.643071651459 303.567886352539 303.33419640859 302.261292934418 287.795662879944 294.978618621826 305.028160413106 299.175421396891 303.916772206624 297.795176506042 290.250341097514 292.917887369792 295.602480570475 295.382618904114 298.385083675385
182.531158129374 195.722361405691 208.325366179148 220.028241475423 233.694970607758 243.692914644877 252.669374148051 264.792482058207 275.11211236318 274.419367313385 271.755973498027 276.480158170064 285.831014315287 289.858122666677 286.950945854187 291.999598344167 294.141093889872 287.328819433848 273.695528507233 262.985110282898 268.445491790771 275.997698307037 281.883915265401 283.779680728912 289.527674516042 288.433651129405 280.229131380717 272.121330102285 263.478378454844 259.71378882726 265.479286511739 291.035850842794 299.921254316966 301.958878835042 301.618576049805 294.772585233053 296.825190385183 298.87322584788 301.151434580485 302.200694878896 297.442118326823 285.255332787832 278.075158596039 282.439768314362 292.726775010427 298.457463582357
163.339217503866 165.023903052012 173.367480436961 179.652671019236 187.04225619634 192.654112974803 200.303594271342 216.364701588949 236.472487449646 252.668718496958 264.073471228282 277.85869439443 288.985768953959 293.025334676107 294.38571135203 298.37570587794 297.092179457347 288.818895816803 276.319762070974 270.919422308604 269.416173299154 268.018364906311 277.876337369283 280.681729316711 282.185773054759 283.477048079173 280.422528584798 274.114489555359 271.214922269185 270.845989386241 270.946304003398 295.499920845032 298.713306585948 300.371865431468 299.463967482249 300.8727033933 300.949196020762 299.753308296204 301.777203877767 298.130512237549 288.229842980703 276.523073514303 272.367278734843 286.402801672618 301.820536454519 297.663629055023
185.754080613454 168.929934501648 155.894577503204 146.917472283045 149.579743544261 166.48523012797 188.081959883372 199.239095052083 209.912180900574 217.748284339905 239.419559637705 262.096881866455 276.20522181193 283.205449581146 287.48881816864 290.24600982666 285.230100154877 275.460044542948 271.811763445536 270.542661348979 266.069451967875 264.343619346619 274.766802787781 277.528643608093 279.895722866058 285.249908765157 282.157639662425 276.207546393077 273.561159769694 271.512508392334 275.736927986145 300.861716270447 301.044106483459 300.944010416667 296.881198883057 298.145453135173 301.323791344961 301.765441894531 295.74461778005 290.333688259125 286.990602811178 281.293491522471 283.336480458577 292.139649391174 295.009811719259 285.409490267436
230.829199155172 201.707641283671 173.357784748077 149.374822775523 140.585949023565 152.340809504191 177.852908770243 195.78351577123 200.249115626017 199.966609477997 210.780759652456 225.231468677521 235.499401887258 241.816639900208 250.689665476481 258.539080619812 259.454210599263 261.109530925751 267.359455426534 272.75828520457 272.852003574371 275.945087273916 278.47029765447 278.007249037425 280.703544616699 285.628159840902 284.032245477041 280.291497707367 276.261707146962 275.159577528636 288.778086503347 301.728506882985 301.567077636719 302.937626838684 297.203163305918 294.821699460347 298.197547594706 296.198646227519 288.52113087972 290.324747562408 288.88209660848 284.74881251653 285.933434963226 286.666134993235 279.481569925944 259.622752666473
253.612041473389 228.213310241699 206.969698270162 185.131669044495 163.582801818848 150.717516740163 157.923062642415 187.97375758489 202.33690738678 210.835476716359 207.768797874451 202.413419882456 198.026974995931 193.920791149139 195.79541683197 211.951692899068 224.921743075053 244.342088699341 262.667457262675 274.482826391856 278.216481208801 280.126611391703 280.717492103577 278.847336769104 280.483444531759 282.938420772552 284.709095954895 283.58135620753 279.664953549703 283.413469791412 294.54384247462 301.869332790375 302.505592505137 300.595541795095 296.992301940918 290.66143433253 290.931900342305 286.628365516663 285.24907430013 283.721029758453 278.600692749023 275.539656480153 279.929955800374 283.3544810613 271.497289339701 261.720399061839
263.255476951599 252.562562624613 240.360240141551 223.911424477895 199.958423773448 168.731351693471 147.229085365931 146.34511868159 181.598544120789 208.223382631938 216.548343499502 212.49387661616 203.269422054291 192.553460597992 179.080764452616 182.722568511963 196.024219195048 213.364998499552 237.89115746816 257.855335871379 269.346515337626 275.513708591461 282.139182090759 279.731492201487 278.295397758484 278.207461039225 278.478999932607 278.82045507431 277.707358201345 285.522520542145 294.061919053396 297.683914502462 295.459707578023 292.067150274913 287.154634793599 283.916513125102 285.895506540934 280.072172482808 272.184371948242 263.041138648987 264.368792374929 273.495296637217 287.466486295064 294.293284416199 282.548308372498 278.799692789714
255.32329082489 255.710661411285 251.140375932058 242.492953936259 228.163282076518 204.594790935516 173.017660776774 142.872472604116 157.297084728877 181.049843629201 202.037533124288 212.563514709473 214.799006779989 211.711883544922 198.804537455241 190.618872642517 187.853535016378 192.679444948832 207.806448141734 226.139585177104 242.181658744812 256.342609723409 266.007264455159 263.571182886759 265.29194911321 265.638808409373 266.496598720551 267.565886179606 269.043962160746 277.941584587097 283.474564552307 283.449272314707 281.711459159851 281.463245550791 280.888756116231 281.639536221822 280.73771794637 276.299357414246 267.702837785085 264.024058977763 278.109073638916 290.533483028412 297.449906667074 297.823846340179 284.451266129812 278.815706570943
223.901907602946 234.255254268646 239.61079120636 239.633838335673 236.447374025981 231.754163901011 214.120666186015 193.631331125895 161.530514558156 151.7227490743 166.051417589188 192.608098189036 215.030372142792 226.488331953684 227.582593758901 218.261202176412 202.470302581787 196.940143903097 196.14984591802 199.739058812459 208.384811878204 217.085182666779 227.389534314473 235.695640246073 244.827568531036 247.75375922521 248.983244101206 249.934196472168 252.175231774648 259.050687154134 260.481556256612 261.351148287455 267.801344394684 272.249698638916 274.554153283437 274.686872959137 273.285130659739 275.462945302327 267.723719278971 273.342967033386 291.744033495585 299.124459425608 299.392600854238 296.803057193756 282.30094909668 277.320484320323
167.249977588654 182.809591293335 196.369191010793 207.922736803691 218.28830242157 226.616402467092 228.180329004923 221.520622571309 192.17304388682 165.226777394613 150.484691063563 158.679485321045 186.945339043935 214.417219161987 230.322519938151 219.942291577657 211.616297562917 203.880111376444 195.290366808573 189.629117647807 189.310332139333 190.031866232554 194.548408190409 208.875219027201 222.630878289541 231.163918972015 232.977966467539 233.410179615021 239.625175793966 244.614998499552 248.174607753754 251.875996589661 260.809520880381 264.839212099711 264.854451020559 265.047868092855 269.154230753581 273.732880751292 273.213446140289 284.421662489573 294.857720534007 298.607885837555 298.478186130524 294.947584470113 287.639260292053 287.325501441956
122.39283323288 127.964814503988 137.7172768116 151.466906070709 168.643196423848 186.255554358164 205.836137135824 212.584475676219 213.288307189941 198.411087195079 170.590778191884 149.503439664841 151.548018058141 176.203409830729 205.317556858063 209.702551364899 216.369430224101 212.536136309306 201.267699400584 190.571288267771 183.129032452901 180.813034375509 181.029558181763 190.60492515564 200.25106271108 206.987420717875 210.018873214722 214.975376923879 221.982836723328 227.068503697713 232.027610143026 237.56871620814 243.934293588003 247.347633043925 247.907598813375 250.090718269348 260.486821333567 270.431458950043 275.184591611226 286.17117802302 291.297336419423 293.074011802673 291.001419226329 287.483334541321 283.692419528961 282.919506231944
95.1328575611115 99.8652378718058 98.4221299489339 98.9596545696259 109.438300132751 129.242102305094 155.432323614756 178.572833538055 209.427158037821 215.127269426982 202.685475349426 176.792105038961 146.490275859833 144.105652968089 168.970147768656 198.013067245483 215.029199918111 218.137562274933 212.233622868856 202.123522758484 192.750950654348 192.303438981374 191.790004571279 192.666351795197 193.64066918691 193.094968795776 197.493394215902 206.881284713745 210.879683494568 212.355653444926 217.839598655701 223.51727883021 225.019057591756 226.980686187744 229.664067427317 235.174218813578 247.188587983449 259.694178899129 262.841284275055 271.586040655772 277.320444583893 278.484245141347 276.808063189189 277.57982412974 273.501495520274 274.215797583262
89.8788968722026 62.4938905239105 49.8845974604289 40.2165700991948 43.118879199028 47.6842224597931 67.2552734613419 100.576569636663 145.849416653315 187.625308831533 213.515122731527 212.814311186473 191.020369529724 162.734687328339 159.769038359324 187.054455280304 205.53994178772 220.268070697784 227.264543374379 222.647349039714 210.239628950755 206.977407137553 203.382134437561 202.917595704397 202.757894992828 200.902760028839 203.599810600281 212.735295295715 212.915420532227 205.97368478775 211.478193600973 217.116236686707 217.960059642792 218.960165977478 222.564339637756 230.149348576864 236.416518688202 242.555757363637 245.752294858297 248.177548249563 253.597696622213 259.54258441925 266.117254892985 270.993808905284 267.491857210795 271.271765232086
98.2620716094971 62.3136361440023 34.2778290311495 21.6389025251071 15.028141438961 20.0965243081252 32.982292274634 58.1564754247665 81.8230857451757 123.188436031342 171.039462089539 209.068973859151 229.069213072459 212.616999944051 185.895343621572 181.148250897725 187.04084555308 203.881363073985 223.335365454356 232.782324155172 230.281154314677 223.400870958964 220.495084921519 216.295997301737 213.168203830719 211.502850055695 212.754388650258 215.26312828064 211.355566978455 205.903728802999 208.849509557088 214.080373446147 213.398357232412 213.175217310588 217.460135618846 221.577525138855 223.225116729736 221.442262331645 226.540108521779 227.455615997314 233.655651410421 241.832256317139 247.099816799164 251.77272160848 252.969880898794 256.985783576965
88.022788365682 61.4025294780731 30.3544302781423 11.7766422530015 9.27825085818768 31.0296391447385 48.5737125078837 61.3622963428497 77.3898114760717 102.244625488917 130.93380133311 169.274648030599 192.489782969157 210.516591866811 204.420447349548 177.583754062653 170.907060305277 176.369726657867 196.308473745982 225.370327631632 238.252520561218 233.018676439921 233.760476112366 226.787845293681 219.988683859507 220.795353253682 222.284654776255 218.409498532613 213.88578414917 215.834498405457 215.459326903025 214.790801207225 211.040536562602 209.129353364309 210.072060426076 209.377745787303 206.178903579712 201.888720194499 205.513834953308 207.956115404765 212.063352266947 218.312700589498 221.710999806722 224.03872013092 235.743284225464 241.810301939646
74.3055840333303 63.3218834797541 37.6390467087428 5.30230874816577 10.5941345294317 35.4622652133306 52.2746940453847 67.6435132821401 81.8418661753337 95.0079560279846 112.94807990392 148.504316806793 172.450522581736 184.998492399851 198.242028554281 199.825843175252 193.87016693751 184.184829394023 176.974713802338 187.119702498118 212.401330471039 234.106183052063 238.772253195445 236.024498939514 228.179077307383 229.030847549438 232.988874117533 228.289763132731 226.233184337616 231.08967145284 228.707810242971 216.868996620178 210.314929485321 205.070575078328 200.066725413005 198.944886525472 193.968931833903 191.777626673381 192.854662736257 196.735481421153 198.539793491364 201.810578505198 205.211838086446 207.387566566467 225.814084211985 235.635618368785
67.0030216375987 67.3533827066422 54.1197409232458 15.3037905693054 15.0443787376086 39.5791331926982 60.4800085226695 79.4306596120199 94.3853358427684 101.047625144323 111.863344907761 132.647186517715 156.147241592407 172.841648260752 187.461018562317 205.790241559347 211.043417453766 204.269011815389 190.82506497701 176.793376604716 188.46595287323 215.99276860555 222.680846850077 230.084002017975 234.324395656586 240.964333216349 244.867583115896 243.734578291575 240.71212609609 242.100775241852 235.489189624786 223.261932531993 213.865419228872 205.350657304128 198.004484176636 194.957435131073 191.945711771647 191.796878973643 191.397110621134 193.785985310872 196.343938509623 197.420597076416 197.823961575826 201.751351356506 213.673810164134 228.207230567932
71.1324860652288 78.4796178340912 78.2038370768229 42.177806297938 32.3630124330521 57.9921106497447 73.4422852595647 93.0648346741994 107.17182358106 123.835851748784 135.118593772252 133.894711732864 142.870446046193 149.381180604299 170.293788115184 187.164962291718 198.94023736318 206.071972846985 208.303511142731 193.777978420258 177.255908648173 191.800971825918 195.683280626933 213.112155596415 231.405297915141 240.343868732452 248.540202776591 251.249432563782 247.302214304606 244.262874126434 236.03888352712 228.656093279521 218.429883321126 208.112041155497 202.72308588028 197.015802065531 195.459246635437 192.051033178965 191.491683324178 194.333871205648 198.590795199076 200.593829154968 199.326554934184 201.888501644135 202.963312466939 218.174278736115
76.8149296442668 79.7743399937948 90.5450681845347 80.3512583176295 64.7778362035751 76.0031044483185 79.0098359187444 92.1504894892375 108.313858509064 121.799518664678 129.556725422541 123.409569263458 126.061042149862 132.891535758972 146.07302347819 165.922860304515 178.050319353739 189.727067947388 197.104771931966 203.005353609721 193.181335926056 179.250001907349 186.152974764506 195.529798666636 204.189916451772 214.37132358551 218.54700644811 228.852848211924 224.066456158956 242.408454418182 237.058917681376 228.69606812795 219.115932782491 211.008191108704 206.148127714793 200.635651747386 195.870995521545 186.646580696106 184.428095817566 193.573733170827 199.791610240936 202.26647456487 205.248574415843 203.315754731496 200.29491186142 210.239748160044
