input/barkrak2/radiation/dir09024.grid
NCOLS 85 
NROWS 70 
XLLCORNER 665100 
YLLCORNER 4664600 
CELLSIZE 20 
NODATA_value -9999 
[rows 40 to 59 of 70, columns 0 to 45 of 85]
206.532061100006 209.096014499664 207.835813363393 209.646165370941 218.907574812571 223.847409089406 227.455258369446 232.862253983816 231.941978136698 214.601079622904 200.795412063599 195.795198281606 194.740374883016 190.274914105733 186.931331952413 187.196592489878 186.137715975444 187.240421772003 180.181562900543 179.65567111969 183.942556381226 189.43464756012 192.751586437225 187.752683957418 183.330674966176 182.839870452881 193.047444025675 196.288784344991 201.068202654521 201.063593228658 202.166279157003 207.145651181539 205.168704191844 211.22000614802 238.123655319214 238.139053185781 227.233827114105 218.328277269999 221.559206644694 230.153997739156 244.840244452159 262.154936790466 225.038250287374 143.003731966019 80.9134542942047 55.6226223707199
214.617927869161 212.707181771596 212.959448496501 210.784614086151 207.607706387838 206.116636594137 203.157703081767 204.385936260223 207.519332567851 199.442168076833 192.185501257579 192.405541737874 196.261425813039 195.084810256958 191.727519035339 189.732750256856 184.180676937103 193.204124768575 192.085206508636 184.935053189596 188.708404699961 189.578692118327 190.10587533315 191.82026386261 192.219952742259 188.255925973256 193.710188070933 197.680016358693 201.226055622101 202.570180098216 203.711907068888 207.08175500234 205.592354138692 221.747676531474 234.933813412984 225.591123104095 207.781195640564 199.049989382426 200.089871883392 212.397694587708 246.779958407084 261.076966921488 245.523770650228 191.872715950012 118.668536345164 79.8635085423787
219.420492649078 216.887374718984 218.326230843862 217.041631539663 210.868159929911 207.556128501892 203.416029612223 199.696322282155 198.351581891378 196.106374263763 192.851920922597 191.803375879923 196.318427721659 199.137508869171 197.256882985433 194.714287916819 190.302828947703 196.85685634613 198.19317261378 189.541975657145 188.282827536265 186.659534772237 184.546252091726 185.780127843221 190.074443817139 187.847872575124 184.149920940399 190.469205379486 197.086135546366 199.864168961843 200.706283251444 200.835426648458 206.858595212301 225.29133160909 231.389264265696 201.323727766673 188.148200511932 192.865192890167 198.642353216807 212.289174397786 224.581817785899 225.275854269663 212.364534536997 185.003558794657 131.305694580078 73.2664912939072
203.98477713267 206.597844759623 213.898142178853 211.78013086319 214.647273222605 215.731938680013 214.429597059886 209.687352180481 197.620868682861 196.617722511292 198.519468307495 194.08377011617 193.053841590881 197.945177555084 197.569111982981 195.314288139343 195.189118385315 198.432962099711 198.09752702713 193.270742893219 186.836262543996 184.163868427277 182.818194230398 181.248287359873 183.828910191854 189.432422320048 183.519800504049 186.024188995361 191.319545110067 194.931467374166 193.218171596527 190.924525260925 200.961311658223 215.275784333547 213.842988014221 190.394838651021 189.596851666768 199.567198753357 209.486683209737 211.052457491557 207.978208859762 205.457866191864 197.473645210266 172.808547814687 128.516674041748 72.8108485539754
201.766451199849 207.082271575928 209.283093611399 210.804462432861 212.618708610535 214.06360467275 214.390536149343 210.87920665741 204.61638768514 199.755469957987 200.168172518412 197.351078192393 192.061444123586 191.587666670481 190.530101458232 191.169599692027 185.921529928843 194.264531135559 195.427417755127 191.761692365011 188.528259595235 186.397631963094 186.575611432393 186.052838961283 182.680149873098 191.710273424784 196.439266204834 193.224708239237 192.641258239746 192.655881245931 187.134762605031 184.728999932607 190.357804298401 193.131724993388 191.580017407735 184.632182121277 193.641364574432 207.397262255351 215.284744898478 207.257072130839 206.006705760956 197.585701942444 183.477520942688 171.257634957631 139.828224976858 96.1328446865082
207.179764906565 212.035298347473 208.590388298035 212.512254714966 211.315075556437 210.232555866241 211.993753910065 210.677941640218 210.303008556366 205.426315466563 204.350928465525 201.94669564565 195.688247680664 191.734115282694 189.541478951772 194.004873434703 185.932020346324 188.180565834045 195.253372192383 192.809363206228 189.273834228516 190.178354581197 187.971631685893 187.995334466298 190.338492393494 189.608295758565 196.543176968892 196.592807769775 194.084743658702 192.386746406555 188.447117805481 183.983743190765 186.270475387573 183.02857875824 171.340386072795 171.155492464701 183.336555957794 201.140940189362 204.35498158137 190.481781959534 194.948315620422 186.160405476888 176.951905091604 180.174847443899 167.407910029093 128.952195247014
206.409096717834 208.549499511719 210.602343082428 213.240583737691 213.383158047994 211.772282918294 213.775853315989 215.763866901398 210.933566093445 209.076603253682 206.125279267629 205.356657505035 200.227538744609 197.445511817932 195.184330145518 199.688414732615 195.17993927002 187.926272551219 196.16703192393 194.45538520813 190.812091032664 192.912956078847 190.903862317403 186.268587907155 196.162343025208 189.363737901052 190.441886583964 192.592104276021 193.86754433314 192.990342775981 191.858728726705 187.797347704569 185.297667980194 182.297011216482 178.833683331807 171.520789464315 179.942528406779 191.375037034353 191.636284192403 190.171678860982 190.693557262421 181.577861309052 184.387385845184 194.117426872253 190.090298652649 157.529910405477
200.399895509084 202.963471412659 209.168553352356 210.514267285665 214.447776476542 215.708235899607 212.330877780914 212.756633758545 211.453636487325 212.975025177002 208.225985368093 204.903841018677 202.001372973124 202.088256676992 197.682758172353 197.658558686574 195.354819297791 185.609956582387 190.688033898671 194.142421086629 190.004428227743 191.576719284058 193.383475144704 184.608022371928 188.12374273936 190.041422843933 184.725423653921 188.68895371755 192.988475163778 191.764156023661 193.298916021983 191.755910714467 184.674064318339 187.068263689677 193.805893262227 192.219197750092 189.96916214625 187.870144844055 191.764752070109 200.902342796326 193.397204081217 183.856387933095 190.163513024648 194.752196470896 189.865787823995 166.161914666494
192.526161670685 195.887903372447 201.031366984049 205.554127693176 212.178587913513 214.859008789062 212.21403280894 210.334757963816 212.084174156189 213.978310426076 211.086312929789 207.045912742615 203.459699948629 204.479495684306 200.186252593994 195.965627829234 194.082617759705 185.915052890778 191.566228866577 195.901473363241 194.24968957901 192.622065544128 195.596198240916 190.452992916107 187.726318836212 191.536625226339 189.212282498678 192.5008893013 198.479076226552 203.139702479045 207.315067450205 206.691404183706 196.954190731049 200.002769629161 204.088131586711 204.903940359751 204.357167085012 197.820524374644 196.784853935242 200.203597545624 189.645349979401 181.339919567108 174.617211023966 173.684298992157 171.83260122935 171.404321988424
191.193838914235 188.603679339091 193.982303142548 201.735456784566 207.783500353495 210.664490858714 213.862935702006 215.996146202087 215.009212493896 211.729188760122 212.687075138092 212.608198324839 207.157055536906 204.823394616445 201.683700084686 196.275631586711 194.987714290619 189.269661903381 192.009488741557 199.376225471497 200.276335080465 198.906302452087 194.922804832458 196.533878644307 191.870411237081 196.039398511251 196.508049964905 200.622121493022 207.116583983103 214.475174744924 221.819420655568 224.266091982524 213.371515274048 210.580348968506 206.492046515147 208.234270413717 208.563109238942 208.174586296082 201.147258281708 182.358105977376 176.475365956624 179.574032624563 177.575488885244 169.112642606099 167.781452337901 170.065760612488
193.647623062134 194.721857706706 197.373906771342 203.441580136617 205.324530601501 206.804553667704 213.634550571442 218.53502591451 217.076977094014 216.271698474884 214.45107460022 214.811623096466 209.559420744578 205.453038215637 204.046785831451 207.948883374532 198.886632919312 194.610337416331 195.240755875905 203.665991624196 204.336841901143 201.250274976095 197.23896185557 197.869539260864 192.820211251577 199.30108388265 202.930867671967 203.727602958679 208.714365959167 216.846108436584 225.18535455068 231.080174446106 223.849336306254 212.043384710948 200.406233469645 198.668241500854 204.497118790944 211.609403292338 201.115389664968 176.109512646993 172.021547953288 181.842943032583 181.105335553487 176.057537396749 170.946180820465 167.722841103872
192.020694414775 202.66056060791 203.628758589427 207.256396611532 205.587367216746 204.806725184123 212.097446123759 216.76379442215 215.189655621847 219.655096530914 216.476897398631 216.200689474742 212.320903937022 207.445899645487 204.325318336487 212.40238348643 204.74116007487 196.909705797831 194.007873535156 199.971258640289 200.700441996257 198.727627595266 196.490426858266 192.297955354055 191.759169101715 193.690915902456 198.44130674998 199.361185232798 201.714376608531 208.826164404551 216.689427693685 223.869800567627 218.613485495249 191.152592500051 159.834116697311 152.561724185944 175.222277641296 196.857174237569 204.348305861155 202.085117499034 199.516435464223 193.22391351064 172.193169593811 168.45444838206 177.108844121297 168.51818561554
193.534692128499 192.442754904429 191.561738650004 196.280280749003 202.936132748922 207.329154014587 205.964306990306 213.084578514099 213.024218877157 215.883811314901 217.197815577189 217.788338661194 217.841863632202 211.105684439341 205.60093720754 204.815526803335 207.442283630371 196.469366550446 190.692623456319 190.296947956085 189.836362997691 190.772891044617 190.963228543599 184.697429339091 185.563445091248 182.511210441589 186.326046784719 189.618170261383 187.339047590892 189.342459042867 193.351606527964 205.133001009623 194.892545541128 169.722656408946 134.699046611786 114.960312843323 123.741825421651 156.86172246933 186.527629693349 199.296335379283 200.82688331604 186.482846736908 166.261066993078 163.419663906097 171.732087930044 158.12220176061
199.001014232635 188.644270102183 185.694654782613 190.320193767548 202.991525332133 210.573077201843 209.750096003215 210.638145605723 213.269571463267 211.726327737172 213.467061519623 214.820206165314 217.4471616745 213.770528634389 207.800547281901 205.137968063354 206.450045108795 195.920586585999 190.70025285085 194.273591041565 193.420012791952 189.931114514669 188.062230745951 183.661619822184 182.68358707428 181.041439374288 180.551826953888 180.972238381704 179.60782845815 173.548678557078 166.634052991867 174.67341820399 169.294814268748 149.517039457957 133.570373058319 115.637212991714 96.4740713437398 104.354461034139 128.425776958466 163.751780986786 185.061772664388 175.222933292389 165.297855933507 161.035488049189 153.375993172328 143.210728963216
200.498243172963 194.009919961294 188.206036885579 192.578097184499 201.774954795837 211.035172144572 213.010509808858 210.398852825165 213.29398949941 211.682399113973 214.070518811544 216.271917025248 216.971377531687 216.846426328023 210.537870724996 209.328969319661 209.089815616608 202.477693557739 196.783105532328 198.511958122253 198.660989602407 194.013138612111 191.03084007899 189.616660277049 185.528079668681 184.698363145192 180.236220359802 179.929296175639 173.835575580597 169.161359469096 159.672121206919 162.40272919337 161.498705546061 158.697783946991 158.36904446284 148.639837900798 123.300602038701 104.01197274526 98.0233351389567 113.622744878133 148.81290992101 152.227580547333 141.180833180745 126.976599295934 124.201118946075 131.293773651123
205.362975597382 201.687872409821 195.121030012767 189.927319685618 197.289884090424 209.017892678579 212.84161011378 210.311055183411 211.725274721781 214.619358380636 219.097216924032 220.747609933217 218.600074450175 219.554702440898 213.966965675354 214.14307753245 214.197933673859 208.527684211731 202.005326747894 199.518104394277 199.606716632843 197.590390841166 197.875122229258 199.021319548289 194.241384665171 189.504186312358 183.54602654775 175.274650255839 166.567673285802 163.704295953115 162.952979405721 167.87459452947 167.48187939326 175.915956497192 182.795941829681 186.60428126653 180.049618085225 162.624329328537 140.516678492228 108.905891577403 118.061900138855 136.573533217112 135.737280050913 124.161918958028 126.214255889257 143.914063771566
207.830051581065 206.663171450297 202.209810415904 195.379058519999 193.207522233327 206.192195415497 210.869689782461 211.764593919118 208.779056866964 215.982973575592 223.228633403778 222.88316488266 219.811975955963 220.45240799586 219.996670881907 213.140288988749 214.909831682841 209.520439306895 204.167167345683 204.418400923411 202.904959519704 201.858639717102 198.057373364766 196.361442406972 193.900585174561 189.532895882924 170.112570126851 146.262596050898 142.017225424449 148.134052753448 160.224964221319 163.283447424571 166.064232587814 171.307682991028 184.369881947835 201.333701610565 208.319485187531 209.647417068481 198.703010876973 152.858843406041 123.510777950287 140.404800573985 157.058209180832 160.7918938001 165.330410003662 179.152150948842
208.119908968608 204.218506813049 205.707569917043 202.418247858683 197.411417961121 203.163743019104 211.932480335236 213.896155357361 210.126598676046 215.062578519185 222.939391930898 225.114564100901 219.627241293589 220.150033632914 223.247528076172 213.349143664042 213.797509670258 210.46789487203 208.846012751261 209.426442782084 209.752817948659 208.934346834819 203.919609387716 197.26022084554 194.417715072632 194.042682647705 174.950997034709 150.998175144196 148.573686679204 156.38592839241 168.307264645894 171.496311823527 176.55998468399 186.058561007182 200.311700503031 209.750711917877 197.704195976257 172.524412473043 158.680995305379 153.703560431798 154.546866814295 168.000062306722 170.906841754913 155.334025621414 144.937624533971 158.491770426432
197.904189427694 203.582962354024 204.394539197286 205.470204353333 201.786001523336 198.380966981252 212.525427341461 216.69747432073 214.006304740906 213.65741888682 220.66867351532 223.256786664327 222.332835197449 217.632611592611 218.29217672348 215.480665365855 210.659305254618 211.679478486379 211.415727933248 214.757800102234 215.820113817851 211.797853310903 209.877828756968 203.418910503387 200.459976991018 203.281998634338 197.98622528712 189.61105744044 185.736358165741 189.540286858877 187.615394592285 181.010603904724 189.303040504456 200.381398200989 191.349804401398 180.981040000916 162.433971961339 113.215128580729 90.1647011439006 122.511247793833 160.216857989629 178.103625774384 171.132663885752 157.343884309133 150.954435269038 158.811628818512
186.632851759593 200.573960940043 203.237891197205 204.229811827342 204.992135365804 201.25687122345 207.32194185257 218.265910943349 223.81333510081 222.170968850454 221.341709295909 223.132729530334 223.689834276835 221.56701485316 220.506906509399 217.667082945506 213.412642478943 212.663849194845 210.098723570506 207.840840021769 209.759751955668 208.851933479309 207.939426104228 206.48056268692 205.860416094462 212.612787882487 221.594373385111 224.043687184652 209.363182385763 206.053773562113 192.484637101491 182.532449563344 184.698442618052 176.163673400879 146.226863066355 102.292120456696 98.5889335473378 87.1441463629405 76.3725290695826 84.3290289243062 105.450451374054 143.365124861399 169.453680515289 190.974036852519 212.60662873586 211.442271868388
