input/barkrak2/radiation/dir01224.grid
NCOLS 85 
NROWS 70 
XLLCORNER 665100 
YLLCORNER 4664600 
CELLSIZE 20 
NODATA_value -9999 
[rows 23 to 45 of 70, columns 0 to 51 of 85]
65.4549251000087 55.1908314228058 24.7694651285807 8.43200273811817 4.15901653468609 10.1010588308175 8.33914677302043 4.03132227559884 3.41719451049964 2.43671440208952 3.20245698094368 10.1215907682975 11.9825750589371 15.2816300590833 13.7996102372805 13.8212218880653 19.5765122771263 27.7209381262461 31.8413923184077 25.5269557237625 24.8055979609489 28.7703275680542 39.6861086289088 48.5931932926178 55.9245000282923 55.2496612071991 49.6975978215536 42.0882205168406 23.7666765848796 10.2758246163527 6.66828143099944 1.65206504364808 0 0 0 0 0 0 0 0 0 0 0 0 0 0 0 0 0 0 0 0
65.2882556120555 61.3140364487966 40.1454170544942 12.7803397675355 0 3.33645443121592 4.61120717227459 6.10084521273772 4.46057412773371 3.69278900325298 3.20143656184276 2.19125455866257 10.0849401205778 13.5194584727287 13.0693862835566 12.9484695692857 17.2728933393955 25.1016517480214 30.7626128196716 24.8626669247945 23.1330320239067 20.4565102855364 27.2751028339068 34.6611614028613 39.2810627818108 40.1669094959895 37.6990189154943 33.6939245462418 15.4408079882463 5.94402042527993 2.85334605723619 1.75754306837916 0 0 0 0 0 0 0 0 0 0 0 0 0 0 0 0 0 0 0 0
53.0621310075124 57.1257968743642 50.0573813915253 21.8007117509842 0.564767862670124 9.8520206908385 16.7524156471093 24.299052854379 24.9614318211873 19.7854700187842 16.5438478191694 17.8189178307851 15.6935267150402 19.9328462282817 19.4528674085935 15.0069072842598 16.4312968651454 25.2472658952077 30.6518524885178 32.8799361983935 33.0722679694494 29.3251822392146 26.5597999095917 26.5285521745682 29.6081254879634 31.6082164645195 27.7701069911321 28.4159655372302 16.8506180246671 12.9248847564061 10.2985532333454 12.9814706742764 8.22709687054157 0 0 0 0 0 0 0 0 0 0 0 0 0 0 0 0 0 0 0
51.7637431621552 56.5256377061208 54.1598896185557 30.43216218551 8.52977236111959 20.8363657196363 33.199002345403 44.6625252564748 50.2253075440725 45.878678560257 30.0053209066391 30.4431269566218 27.7949124574661 29.0794298052788 30.0026834011078 21.2538465857506 18.7572166323662 25.597890218099 33.3087344964345 42.8760300079981 43.3779160181681 40.7250399390856 33.9337388674418 28.6543145775795 29.0247549613317 30.8805257081985 26.9972731669744 34.262145558993 32.6603601376216 31.3541367650032 35.1773103078206 50.5521496136983 58.1789910793304 38.5111918052038 0 0 0 0 0 0 0 0 0 0 0 0 0 0 0 0 0 0
53.0175268650055 52.1211723486582 52.1403501431147 36.0568016767502 31.1319455504417 40.5743966499964 54.3907930453618 60.5688194433848 61.5206658840179 51.9950240850449 40.5017485221227 32.7776521444321 31.0143381357193 32.4596340457598 34.650261203448 29.0647918979327 24.4409963488579 29.2420387268066 41.1780799428622 46.0694084564845 43.9322590827942 35.8642339706421 33.6359664797783 34.3362415830294 34.5903386672338 34.8563641309738 32.7798202633858 42.5548454125722 58.7302396694819 63.0580186843872 66.3880258798599 72.3932087421417 82.2106053431829 87.3174667358398 45.2559341986974 0 0 0 0 0 0 0 0 0 0 0 0 0 0 0 0 0
55.9019446372986 46.1792051792145 46.6012607018153 38.4763206044833 50.3147691488266 53.3840209245682 57.0754657189051 55.4578403631846 49.7145553429921 41.4911558230718 33.0907901128133 29.2214279373487 30.8536117275556 34.2976897954941 35.6868753830592 38.401186466217 32.2049657503764 28.412401676178 37.8576243917147 40.474459528923 37.9892587661743 31.4482301473618 31.272329390049 36.6391415397326 38.7966757019361 35.8449866374334 36.8046090006828 42.5043801466624 64.7636006275813 77.2799948851268 83.6096306641897 86.9924028714498 94.6579972902934 97.0365802447001 86.9763096173604 21.0449546575546 0 0 0 0 0 0 0 0 0 0 0 0 0 0 0 0
57.125265399615 41.697233915329 41.68368379275 42.8745647271474 51.5596667925517 54.3830593427022 44.4579571485519 34.6335967381795 9.73859615623951 6.86034746468067 10.4785238703092 21.9510917862256 27.2570451100667 34.7062697013219 36.4165256420771 41.1832481622696 37.8820498784383 26.3951594630877 29.0204087893168 31.7897324760755 31.4101204276085 31.6754976908366 31.6357687115669 36.9626954197884 41.8296605348587 38.8673072059949 40.8559491237005 42.859415213267 58.6066395044327 79.6447694301605 91.4043287436167 96.9127317269643 99.1409420967102 99.1129577159882 105.99085688591 86.9374771912893 16.0469549397628 0 0 0 0 0 0 0 0 0 0 0 0 0 0 0
56.3845684130987 56.7449629306793 74.3807305892309 101.816534996033 80.7856470346451 59.3237678209941 36.669763425986 9.23201069235802 6.362268080314 14.1710167129834 5.03215690453847 5.31066333254178 26.946152249972 36.0085715850194 38.8388906915983 45.8664447069168 41.9828742742538 31.3696712255478 30.4402559995651 33.5640385746956 30.9438978632291 34.3815485636393 36.0931356747945 38.1619011362394 43.4514631827672 47.0974942048391 45.5120205879211 47.8801081577937 60.1513832807541 82.9853067795436 98.2540746529897 101.209918657939 99.3720789750417 106.207797924678 114.658415317535 117.411077022552 92.1958784262339 37.5963449478149 0.435333194521566 0 0 0 0 0 0 0 0 0 0 0 0 0
67.1014388402303 97.0075527826945 142.138222853343 163.137992223104 142.104258139928 94.816654920578 54.138590892156 29.6763132015864 24.8073463638624 28.5306523243586 21.5131789445877 18.5400086144606 27.1421025196711 34.3138029177984 45.2143798271815 48.3655234177907 44.6050067742666 38.864071170489 32.7550719181697 33.9537809292475 33.922533194224 36.7832233508428 38.9668668309847 39.501095811526 43.744037548701 54.146021604538 54.2253951231639 59.4040602445602 68.9002176125844 84.5407048861186 96.9111124674479 103.443086147308 105.03896077474 111.58949136734 118.152131636937 118.927836418152 110.433101654053 92.1338895956675 34.6022248268127 0 0 0 0 0 0 0 0 0 0 0 0 0
121.947079896927 156.959583361944 182.15944369634 184.799790382385 182.752827803294 157.153785228729 117.436687151591 83.5036635398865 63.3954952160517 53.4925162792206 48.2470691204071 41.2507131695747 30.8376451333364 31.6374227404594 40.5761922399203 48.2142865657806 42.573740084966 43.322150905927 33.469724158446 32.1073407928149 35.6055572628975 37.0074907938639 38.2378424207369 38.7387077013652 42.8181489308675 55.0689995288849 60.4964892069499 67.3618316650391 75.8111874262492 83.6167136828105 93.2518839836121 102.916181087494 103.296488523483 100.47326485316 102.943529685338 98.3963012695312 99.7856060663859 85.379699865977 46.0684547821681 0.831560386965672 0 0 0 0 0 0 0 0 0 0 0 0
174.666325251261 192.107439041138 197.692732016246 195.542295773824 198.447585105896 193.308055400848 171.297272046407 132.309238115946 98.9902118841807 75.925682981809 77.4013052384059 69.1244602203369 46.2350944677989 38.2037212451299 39.3927047650019 43.7897841135661 37.8803685307503 39.0952105323474 32.6767240961393 33.4993128975232 32.9156493147214 34.2396621902784 33.5662886500359 33.9106644193331 40.0183871388435 49.4320640961329 59.7206652164459 63.3993645509084 72.0108896493912 83.4037760893504 92.1488702297211 95.1975087324778 86.9989395141602 77.415277560552 80.0275256236394 67.9193337758382 68.7984128793081 55.1345894734065 14.9945343534152 0 1.64877685407798 0 0 0 0 0 0 0 0 0 0 0
189.896106719971 197.882493336995 197.358806927999 198.514421780904 198.532780011495 197.304169336955 189.20902411143 159.55196817716 114.675601323446 88.6061688264211 87.7497394879659 84.0570330619812 68.2243357102076 48.3435094356537 40.8709049224854 41.817640264829 36.0206514596939 32.6924100518227 32.2945266962051 35.0385655959447 31.9771617650986 31.4135998487473 32.3832134405772 33.5875699917475 37.5523765881856 44.5459683736165 52.6701261599859 53.561344742775 62.0113263527552 77.321449915568 85.9519839286804 83.706796169281 79.442173242569 73.2398927211761 66.4866169293721 55.8789273103078 59.6177329619726 57.0177535216014 38.7759481867154 8.0616952230533 8.09066432217757 0 0 0 0 0 0 0 0 0 0 0
180.651247501373 186.319390932719 182.052413622538 184.23734108607 183.392703533173 178.411225477854 173.055132230123 155.945509672165 119.892368714015 99.0184545516968 93.6938126881917 87.09317445755 79.9531241257985 55.5125872294108 44.2142536242803 45.2243536710739 38.7996559341749 31.3750952482224 34.8234449823697 36.4576453963915 35.0119670232137 32.442939778169 35.2567558487256 38.4135295947393 37.2213919957479 41.8229748805364 46.5901891390483 47.2574979066849 53.2228300968806 69.817066192627 78.0949195226033 78.2644649346669 81.1960796515147 82.0216238498688 66.5264030297597 61.4691774050395 65.3140445550283 71.5587039788564 65.9512579441071 29.9116646250089 0.0327575786892946 0 0 0 0 0 0 0 0 0 0 0
155.499358971914 159.342924753825 160.83163022995 158.113479614258 157.741963863373 156.740059455236 161.3829433918 159.317096074422 132.624566555023 109.089781840642 97.1986949443817 81.4625918865204 72.0279216766357 51.3810565074285 40.3072834014893 45.0455844402313 46.9414045413335 36.3655363519986 38.525660832723 41.2986278533936 41.1334385474523 37.846398850282 38.0343397458394 40.9722204009692 39.3405904372533 38.9981394012769 45.1277196407318 50.9027192989985 54.5901159445445 64.9270713329315 75.7284164428711 80.11760811011 81.0304880142212 84.9562684694926 69.6590095758438 69.9294010798136 69.9697037537893 77.5879869858424 77.0651598771413 40.907176832358 0 0 0 0 0 0 0 0 0 0 0 0
132.012059291204 141.749620437622 152.520308891932 149.68263109525 147.952745358149 155.466765165329 165.468831857046 167.708575725555 152.075469493866 121.22055888176 98.221888144811 72.5996196269989 56.1321477095286 44.7328637043635 36.6302678982417 40.6331866979599 50.3733257452647 43.3144668738047 40.8115386962891 43.6141788959503 44.1360721985499 41.2705813844999 39.3579602241516 40.9481128056844 41.6666865348816 41.1969572305679 44.0220236778259 52.084669470787 55.5429359277089 59.982751806577 71.1936155954997 79.9857626358668 82.6252450545629 77.6574065287908 66.9016689062119 76.838215192159 80.3286383549372 84.2144191265106 84.2787524064382 59.9771291017532 0 0 0 0 0 0 0 0 0 0 0 0
96.4198013146718 107.332160075506 115.587492783864 120.519151290258 128.308316071828 144.180039564768 158.895095189412 168.019493420919 165.151407321294 136.532922585805 102.838238080343 70.4323997100194 52.2710432608922 48.7391650676727 41.6111672918002 36.0777974128723 45.8803474903107 47.0186074574788 41.7592525482178 41.7451957861582 42.1390930811564 39.6881575385729 37.5858495632807 38.7798423568408 42.0190940300624 44.940506418546 44.5954203605652 49.4670867919922 54.7893444697062 55.3625722726186 63.4286403656006 77.5629033644994 81.2923014163971 68.5106515884399 69.0787931283315 83.94522468249 88.2207055886586 87.2941811879476 88.7837211290995 84.280123313268 32.6113825043043 0 0 0 0 0 0 0 0 0 0 0
62.2689872980118 68.8899755477905 68.3459540208181 78.167329231898 93.8356320063273 110.804150501887 125.049034754435 137.889285882314 138.906717300415 117.053578297297 82.6423019170761 59.3213240305583 47.3854144414266 45.8157062530518 42.9225663344065 38.1962209939957 42.6999628543854 42.8416828314463 36.9833186268806 37.3721321423848 40.7625585794449 43.0643260478973 42.9299821456273 39.6921634674072 38.5834649205208 41.462446252505 46.6016978025436 48.8910029331843 52.5051107009252 53.2157371441523 55.7769238948822 66.412756840388 74.3944495916367 71.1701562007268 86.7133537928263 94.092200199763 91.6805863380432 86.2406293551127 93.5620665550232 104.345977306366 94.2574242750804 40.2204195658366 0 0 0 0 0 0 0 0 0 0
51.7316361268361 53.5890956719716 53.5743087530136 55.6270827849706 64.1500999530156 70.0014183918635 74.0716457366943 79.3916632731756 79.5318981011709 65.1266475518544 50.1577953497569 46.3918993870417 45.5367962519328 42.9157416025798 42.0010934273402 42.6648606856664 41.4605016509692 40.7076353828112 36.8052919705709 37.447914481163 41.5985137224197 46.5278625488281 47.6690630118052 44.3113048871358 41.7698125044505 40.4510572552681 48.2880075772603 51.1697878440221 53.5277724266052 53.2708913087845 54.2931258678436 60.6006483236949 68.4701204299927 77.1423578262329 92.7916665871938 92.4963255723317 85.0162307421366 76.0987599690755 80.4907729228338 95.7134465376536 105.02701997757 95.6552922725677 51.2752284606298 2.52755808954438 0 0 0 0 0 0 0 0
59.6973399321238 57.28979408741 57.4466685454051 57.2608460982641 53.8698136806488 51.9586950540543 50.6160855293274 52.0425339539846 56.8047016859055 49.0074853102366 42.0825928449631 43.441504240036 46.5372304121653 47.0712979634603 46.4022159576416 44.7102437416712 40.1009072860082 46.4074313640594 47.7655430634817 44.1656212011973 46.3692843914032 46.746904651324 45.2721267938614 47.8257437547048 49.9794781208038 45.1869517564774 49.8970697323481 52.3718943198522 53.6189526319504 55.2522937456767 55.7803511619568 60.139387845993 66.5051341056824 82.1368545293808 90.0691548983256 82.0577790339788 72.6882070302963 63.7463976939519 61.2785468498866 71.5435047944387 95.6518948078156 100.162943204244 77.8998931248983 29.4366925954819 0 0 0 0 0 0 0 0
63.8733307520548 61.1824840307236 63.9902502298355 62.6168151696523 56.0753097136815 52.976315220197 50.8477588494619 48.2832888762156 48.786719640096 45.5102324485779 43.8883850971858 43.6814775069555 47.5601504246394 50.9227414925893 50.6654530763626 48.1873402992884 45.8772083123525 51.1411527792613 54.1739712158839 48.0749756097794 45.8525667587916 43.612947066625 41.0534093777339 43.0354624986649 47.9129105806351 45.3396836916606 41.9987142086029 47.0800350109736 50.9737233320872 53.0345688263575 53.3946007490158 54.2492667833964 64.6833578745524 82.8947772582372 86.1806770165761 73.4610954920451 64.0273789564769 60.745174686114 59.4345778226852 67.9471343755722 74.5138426621755 76.0853836933772 64.4143621126811 36.3441159327825 0 0 0 0 0 0 0 0
48.7530728181203 51.3443350791931 59.7164779901505 57.3135415712992 59.7327550252279 62.1813585360845 61.4170531431834 57.2813004255295 47.4092463652293 46.2644398212433 49.422820409139 46.1933463811874 46.8741108973821 50.3615587949753 51.2433747450511 48.1803764899572 50.13307929039 52.6691476504008 52.9949615399043 49.3450959523519 44.3471769491831 41.4788400133451 39.4600902994474 39.6489103635152 42.8270200888316 46.1697230736415 41.8913761774699 43.7643428643545 48.3876715103785 49.832339088122 48.4726379315058 46.4735676844915 56.9944679737091 69.721445441246 74.9138991038005 66.2504533926646 62.786986430486 65.4099384943644 66.3519352674484 66.7777458826701 63.413272301356 62.4055514732997 57.7968657016754 35.6598645448685 1.83859498550495 0 0 0 0 0 0 0
47.2082197666168 52.923043568929 55.8372835318247 56.520144144694 58.3633333444595 60.7728014389674 61.0763430595398 57.548776268959 53.267647822698 49.5193302631378 51.091397802035 48.9791184663773 46.2882816791534 44.8493411143621 44.2144672075907 44.9474056561788 42.3024197419484 48.3143677314123 50.224632024765 49.0386088689168 45.1019754012426 43.104832371076 42.7211225032806 43.9205517371496 42.3069794972738 50.7902950048447 52.9245436191559 50.4492471615473 49.4773089885712 48.0139801899592 44.0158545970917 41.9103801250458 47.6127515236537 51.7681141694387 57.5769245624542 60.8762303988139 64.8303230603536 69.7373847166697 70.7918107509613 63.9613767464956 64.0545388062795 59.2397749423981 56.519940495491 40.0078147649765 12.2404644886653 0 0 0 0 0 0 0
53.2392710447311 57.799090941747 55.0413876771927 58.3598117033641 56.965559720993 57.1607400973638 58.7319533030192 57.4270139137904 58.8931341965993 54.6852399905523 53.8729429244995 53.3385425806046 49.1783916950226 44.8212126890818 43.9785122871399 47.3761657873789 42.8874293963114 46.6642379760742 49.658531943957 49.0845590829849 47.0275282859802 46.3545769453049 46.4664995670319 47.9512959718704 49.4711498419444 50.2254366874695 55.5387834707896 52.9872179031372 51.1459658543269 49.6687044699987 45.7731187343597 42.6935652891795 45.3115751345952 44.8825359344482 45.2589889367421 48.7676213184992 55.3684234619141 63.8502488533656 63.7166400750478 53.2355407873789 55.1086763540904 51.7480423053106 51.9237965345383 49.3477433919907 32.7777961889903 4.69715738048156 0 0 0 0 0 0
