input/barkrak2/radiation/dir09824.grid
NCOLS 85 
NROWS 70 
XLLCORNER 665100 
YLLCORNER 4664600 
CELLSIZE 20 
NODATA_value -9999 
[rows 20 to 39 of 70, columns 0 to 45 of 85]
104.170590639114 91.884712378184 99.9369919300079 126.517742872238 121.606528759003 104.097992181778 96.2279438972473 107.461531956991 120.253384113312 132.011155287425 142.370084921519 144.554883241653 142.399549484253 141.209969917933 151.94437901179 168.746670087179 184.180378913879 196.711897850037 210.101366043091 228.68275642395 234.117269515991 222.817480564117 224.885225296021 227.064212163289 227.802872657776 228.496233622233 225.190381209056 223.794539769491 232.360005378723 234.497984250387 239.292601744334 232.663571834564 216.627359390259 205.719947814941 200.901985168457 207.3073387146 206.793228785197 208.334545294444 212.874174118042 218.037605285645 218.570272127787 219.171802202861 222.732742627462 214.874406655629 220.824122428894 225.136280059814
135.768989721934 125.004649162292 123.390158017476 152.401228745778 149.93354678154 106.469571590424 105.817914009094 116.54203136762 125.472247600555 131.960680087407 135.076304276784 134.528368711472 134.779979785283 131.582707166672 142.140259345373 157.247573137283 171.617229779561 184.95653072993 198.327263196309 212.123115857442 221.624116102854 232.322911421458 237.867613633474 235.0199619929 226.947744687398 214.340726534526 204.454004764557 201.629896958669 202.308058738708 204.009771347046 191.159764925639 157.506257295609 143.650591373444 146.836578845978 151.683996121089 173.314849535624 182.50564734141 200.393875439962 212.273200352987 213.587919871012 211.425960063934 209.524114926656 202.840109666189 183.945139249166 208.243389924367 221.037785212199
182.960331439972 181.852221488953 168.135404586792 172.927101453145 172.240098317464 131.89039627711 131.128698587418 127.268930276235 122.709999481837 126.31822625796 131.264895200729 136.214335759481 140.434871117274 142.744541168213 145.9073026975 152.765532334646 167.713840802511 179.985006650289 189.102172851562 191.872954368591 197.931269804637 213.105976581573 223.539233207703 224.619468053182 224.674224853516 217.274685700734 200.841347376506 194.986879825592 185.948729515076 185.976008574168 151.898831129074 114.206850528717 78.9752652247747 68.8514014085134 81.8083782990773 107.300301392873 148.956954479218 174.485405286153 194.630046685537 198.390265305837 203.047513961792 205.138484636943 175.755222638448 150.403469800949 183.733503023783 217.084368069967
217.222332954407 211.019078890483 185.958325862885 179.347376028697 177.70125468572 169.272144635518 152.288883924484 131.084034840266 118.951171636581 122.765372196833 135.666032632192 138.015399376551 151.032686233521 158.664782842 157.149523496628 158.979862928391 166.8301820755 178.668975830078 185.927112897237 178.427577018738 177.821199099223 180.977404117584 196.326454480489 202.966252962748 208.870569864909 204.041997591654 193.879504998525 184.950908025106 165.383627017339 129.517157872518 101.113259792328 79.4858237107595 46.6807285944621 12.5057113667329 11.3070284326871 32.3084394137065 74.6184190114339 106.664717197418 128.999918699265 146.234959363937 148.629615704219 137.422700723012 136.124908924103 164.529661337535 174.142877260844 205.930093924204
212.586422761281 210.847198963165 199.542204538981 182.745655377706 168.756743272146 168.785194555918 154.200444618861 142.597734928131 129.688411951065 125.64625342687 134.058713912964 140.715618928274 148.001462221146 158.102482557297 158.258537451426 159.052183230718 166.860421498617 179.006377855937 184.683084487915 176.734964052836 177.805682023366 172.552684942881 182.402571042379 186.865031719208 190.445323785146 187.202473481496 177.776575088501 169.011096159617 147.155821323395 99.8304486274719 82.4182679255803 82.442785302798 57.5679292281469 12.7956954141458 7.08917466302713 24.0898753205935 46.4489459991455 64.1735643148422 81.8633238474528 93.7989056110382 89.1802112261454 86.1919720967611 109.209358692169 191.674629847209 193.214376767476 209.022919336955
200.244386990865 205.555737018585 206.905821959178 186.608195304871 169.323205947876 168.859342734019 166.04878505071 171.056230862935 169.573724269867 156.574408213298 148.667097091675 157.883057991664 161.122580369314 171.654899915059 171.860297520955 165.636936823527 165.727555751801 178.195118904114 184.700469175975 189.590195814768 192.682643731435 186.802228291829 180.960118770599 178.996046384176 178.465028603872 176.886657873789 170.251071453094 153.27924489975 132.081737120946 117.05881357193 113.265613714854 125.133802493413 120.52662173907 60.6345633665721 31.7757477362951 43.0394212404887 48.1829096873601 57.2726229826609 70.7952578862508 71.2610731522242 62.7993742624919 68.4301058451335 116.269926230113 192.859888076782 210.913936297099 216.471374034882
200.18478234609 205.066859722137 207.928359508514 192.538936932882 185.747722784678 186.792969703674 191.546559333801 195.88840007782 204.429090023041 196.763694286346 174.446602662404 181.257883707682 180.187344551086 188.784380753835 187.924424807231 175.744871298472 173.8454302152 184.274554252625 189.908921718597 203.332702318827 206.220587094625 204.453905423482 193.675220012665 181.447843710581 178.656995296478 179.847280184428 170.612613360087 159.306307633718 148.807098468145 152.080774307251 167.443911234538 193.264146645864 201.638023058573 191.83478752772 127.41090854009 66.8699890375137 64.3906941016515 65.448135137558 74.8254855473836 68.9398447672526 83.6932460467021 121.573567390442 157.548805077871 188.594957192739 211.67520682017 215.97675482432
203.259885311127 200.530588626862 202.490528424581 195.385317007701 215.764323870341 210.844377676646 212.351202964783 209.153374036153 215.062022209167 214.321454366048 194.653312365214 186.203976472219 189.559241135915 191.144486268361 192.780514558156 188.085635503133 181.645313898722 187.387863794963 200.568636258443 205.430209636688 204.510033130646 194.448053836823 190.496424833934 189.574360847473 189.828316370646 186.369339625041 181.583305199941 178.753972053528 180.103381474813 191.697637240092 208.879053592682 221.910357475281 228.451013565063 240.92169602712 223.007877667745 127.157668272654 84.336390097936 73.2828627030055 68.3875977993011 71.074699362119 117.307186126709 194.151202837626 181.0289422671 175.360242525736 187.446693579356 189.522087574005
203.772107760111 192.062536875407 194.620331128438 201.133151849111 236.953914165497 221.679011980693 209.832469622294 201.995809872945 203.130741914113 199.151237805684 189.615587393443 181.260824203491 186.436692873637 190.228720506032 192.367772261302 195.407648881276 192.496577898661 186.389327049255 197.227517763774 199.043353398641 195.825278759003 189.159989356995 188.655336697896 194.077531496684 194.531182448069 189.339359601339 189.064641793569 185.586194197337 186.961650848389 205.418705940247 225.590209166209 239.640673001607 244.357546170553 244.960010051727 250.291506449382 201.463758945465 96.8810220559438 60.6998403867086 49.6688336133957 58.502197265625 130.544791618983 183.541158835093 168.616493542989 139.37908411026 140.815178553263 144.343982140223
199.614286422729 184.081534544627 188.729921976725 210.741420586904 237.108409404755 219.350139300028 195.375959078471 178.365747133891 161.877363920212 161.356588204702 161.500265200933 165.7328804334 176.691015561422 189.379851023356 194.516181945801 199.100573857625 198.796073595683 182.818631331126 187.140345573425 189.246515432994 187.965035438538 189.813812573751 190.098603566488 195.653776327769 198.392490545909 192.168275515238 197.909375031789 190.940002600352 191.581745942434 211.382468541463 235.258440176646 251.074035962423 249.20795361201 247.216502825419 258.085032304128 255.827128887177 189.420978228251 98.1910824775696 71.8455712000529 79.8020611206691 114.476670821508 134.945968786875 146.887600421906 111.375242471695 105.518976847331 112.074961264928
194.215138753255 200.069069862366 229.597926139832 274.415751298269 264.800250530243 226.083338260651 189.467946688334 156.829436620077 141.129632790883 153.673350811005 147.000710169474 138.393620649974 168.266753355662 187.651177247365 198.393305142721 206.264833609263 204.242805639903 191.679795583089 190.570453802745 193.340162436167 190.061906973521 194.778720537821 197.144051392873 198.756774266561 201.836248238881 205.868363380432 203.87464761734 202.91268825531 200.562993685404 220.315714677175 243.812600771586 255.757530530294 251.628081003825 256.88103834788 266.620357831319 270.671943823497 264.512618382772 231.891910235087 149.681190649668 105.733374754588 94.9389239152272 99.6457934379578 117.238094409307 107.952316602071 101.237018903097 121.695399284363
212.604900201162 247.788667678833 287.214974562327 305.518090724945 311.554948488871 269.677519798279 220.535000165304 178.565522034963 167.868812878927 178.671757380168 166.103144486745 150.328020254771 163.842499256134 186.125874519348 204.901297887166 209.860304991404 206.520756085714 201.886455217997 194.247364997864 194.950302441915 195.157706737518 199.369748433431 202.087740103404 202.803452809652 204.528669516246 216.019153594971 217.475930849711 220.422705014547 220.051070054372 231.497863928477 247.288326422373 256.785909334819 259.682059288025 266.744077205658 273.438453674316 267.341017723083 266.190727551778 277.383804321289 231.622715791066 150.47429005305 104.537308216095 102.423866589864 107.49559601148 109.088957309723 127.730558315913 152.532070875168
266.215364138285 294.199426968892 304.985801378886 302.213827768962 315.910657246908 312.331775824229 284.240563710531 248.055219650269 220.505774021149 214.175661404928 208.144267400106 185.26295820872 167.97395547231 183.376769224803 207.221031188965 211.819132169088 207.69214630127 210.284133752187 199.678381284078 197.702884674072 201.627810796102 203.61731449763 204.257945219676 202.854613463084 206.545392672221 220.975379149119 226.966977119446 231.45447174708 233.064949512482 234.936833381653 249.714334805806 260.323901971181 260.399997234344 258.449137210846 260.853171348572 250.986536343892 252.650757630666 254.231452941895 224.564651648204 173.705418904622 137.113273143768 124.389092127482 114.851733048757 112.977941830953 132.965435584386 154.723932345708
292.389353116353 303.564647833506 299.623707930247 291.901171207428 298.382659753164 311.028063297272 309.448460737864 283.042907714844 255.419194698334 238.612274328868 239.238659540812 219.579339027405 193.808813889821 192.51016775767 205.241739749908 209.857165813446 205.771009127299 207.282801469167 198.540488878886 201.924542586009 201.036771138509 202.834367752075 201.758662859599 201.261480649312 208.418111006419 218.054413795471 229.792853196462 232.006371021271 233.522375424703 240.764200687408 252.592047055562 253.993431727091 242.018580436707 233.642439047496 236.974318822225 217.818876107534 216.739734013875 206.280489762624 175.832390785217 154.477914174398 167.023539543152 155.534505844116 136.233220497767 119.518717130025 116.726885239283 132.562547922134
300.723294417063 302.499771118164 305.575529734294 296.48631811142 293.856779734294 301.675359408061 313.385585943858 307.926714420319 274.269898732503 246.961156527201 241.603871186574 235.360165437063 227.139393488566 212.862888971965 208.052257696788 208.723862965902 206.169962882996 202.495614687602 202.34759648641 205.870846907298 201.938847700755 202.004512151082 202.238301436106 203.22181781133 208.063324292501 215.508898099264 225.250124931335 222.908159097036 226.199110349019 241.13400777181 248.526712258657 241.891185442607 228.831648826599 226.870497067769 219.531695048014 202.051381270091 205.397486686707 203.388492266337 192.036926746368 180.151323477427 187.874754269918 194.937626520793 174.53138033549 146.30526304245 125.674148400625 117.786069711049
309.602797031403 309.619148572286 313.305060068766 309.991578261058 303.420166174571 303.237597147624 311.416566371918 312.441388765971 282.760302225749 253.704309463501 241.819759209951 241.653283437093 244.134624799093 224.358598391215 213.755110899607 215.992232163747 210.997939109802 203.060507774353 207.203288873037 206.998586654663 206.389307975769 202.083388964335 205.058654149373 209.288438161214 208.941121896108 212.30940024058 216.687877972921 215.818921724955 220.698316891988 237.359603246053 243.729372819265 236.707886060079 231.301426887512 232.34744866689 215.146938959757 208.205719788869 214.030504226685 219.23840045929 221.774776776632 211.763600508372 177.757223447164 176.475962003072 161.607772111893 144.50133840243 127.001901467641 106.064677238464
307.154655456543 308.11075369517 311.216314633687 310.332814852397 303.063770135244 299.016992251078 306.383033593496 313.784698645274 289.590140183767 257.649958133698 240.863124529521 238.866051038106 240.022738774618 224.329749743144 212.064842383067 218.394498030345 220.817506313324 207.858284314473 211.809416611989 214.026908079783 213.309387365977 209.593415260315 209.241151809692 212.252775828044 209.765215714773 208.092252413432 214.815020561218 220.323363939921 224.669694900513 237.312098344167 243.199567000071 239.63608344396 232.987523078918 233.018199602763 215.28947353363 218.143661816915 221.638838450114 227.077523867289 228.287955125173 212.352414925893 153.200676043828 123.352110385895 105.851531028748 98.2722838719686 99.1910000642141 93.5487349828084
297.451595465342 303.188920021057 308.69315067927 307.233134905497 302.337110042572 302.499175071716 307.997385660807 313.798268636068 301.556209723155 265.74718952179 248.250544071198 236.438671747843 224.99668598175 216.433902581533 205.82507054011 213.552951812744 223.739862442017 216.888467470805 211.428125699361 216.195782025655 216.06973807017 209.069987138112 207.221289475759 208.997189998627 210.05121866862 208.737075328827 212.928970654806 222.867031892141 226.040244102478 230.354289213816 240.237812201182 242.450296878815 236.67977253596 222.142358620962 208.823223908742 226.538717746735 234.648982683818 235.868771870931 229.391137758891 219.33917204539 146.219362815221 84.5043659210205 64.85615670681 57.4149737755458 60.7126951217651 67.3017352819443
273.363530635834 282.334645589193 288.631558418274 290.978233019511 294.690489768982 302.568872769674 308.649182319641 311.885257562002 305.807749430339 281.212071577708 259.284337361654 239.306410153707 223.880966504415 222.845534483592 212.335705757141 207.019686698914 217.544595400492 218.238373597463 210.336605707804 209.58936214447 211.804250876109 206.190228462219 202.009379863739 203.088561693827 206.150412559509 209.958374500275 210.906088352203 215.9170905749 221.928616364797 224.282662073771 233.043154080709 242.979089419047 232.408622900645 208.457907040914 214.47499593099 241.939425468445 246.959427992503 240.71478843689 230.541427930196 230.023900667826 200.244148572286 117.153843243917 67.1345243851344 53.5826583703359 53.5859415928523 55.2609662214915
242.766181627909 249.192436536153 248.050192991892 257.537802060445 271.177728970846 284.041464328766 294.285356998444 301.354149977366 299.80989297231 277.413944403331 256.754199663798 231.709361076355 219.696183999379 216.748495896657 211.819291114807 206.112643082937 210.716088612874 210.881491502126 204.116900761922 203.344563643138 206.401308377584 208.875298500061 208.440244197845 203.204691410065 201.702415943146 205.355107784271 212.634364763896 215.369760990143 219.676832358042 220.474759737651 222.479104995728 231.366475423177 224.236985047658 210.98389228185 239.145954449972 256.066123644511 250.879347324371 243.298967679342 237.702588240306 244.129697481791 259.430428345998 230.658332506816 147.270172834396 98.1818238894145 72.1055666605632 52.5171856085459
