input/barkrak2/radiation/dir06724.grid
NCOLS 85 
NROWS 70 
XLLCORNER 665100 
YLLCORNER 4664600 
CELLSIZE 20 
NODATA_value -9999 
[rows 21 to 41 of 70, columns 0 to 46 of 85]
71.8702177206675 58.8686366875966 48.5784461100896 65.7876829306285 61.1652930577596 36.894070605437 40.6246433655421 51.1081318060557 58.4253370761871 63.6216402053833 66.2770668665568 64.6466314792633 61.8652602036794 60.1603239774704 68.7857468922933 84.9164525667826 97.6693431536357 110.39924621582 123.816827932994 139.479736487071 149.533212184906 161.648372809092 166.369100411733 164.010494947433 153.966873884201 141.60547653834 129.69567378362 128.985395034154 134.747664133708 117.874304453532 96.2059497833252 82.439253727595 58.730274438858 44.7715024153391 32.8127716978391 39.4377658764521 52.1961351235708 67.907636364301 81.9871326287587 92.1685298283895 94.9820478757222 102.908273537954 100.16327102979 88.1415009498596 111.740628878276 125.527799129486 133.079260587692
114.883462587992 110.13251543045 87.5258346398671 84.6838057041168 81.5781205892563 51.8403798341751 60.516024629275 58.5714379946391 56.5272917350133 58.5419634977976 63.903421163559 62.3672107855479 64.3229683240255 68.7637974818548 69.0563271443049 78.7777254978816 91.4497971534729 104.455957810084 113.559186458588 117.506454388301 124.819894631704 141.069203615189 154.158065716426 157.864173253377 156.06885155042 143.529941638311 128.412971893946 119.932234287262 110.116422176361 111.570964256922 73.3588635921478 43.3838069438934 26.7488062381744 8.27949680387974 3.28655323634545 9.01306544740995 21.8728333711624 32.307061056296 55.6490868330002 64.9138043324153 77.1475086609523 85.1565996805827 62.4039272467295 56.9900174935659 82.6495985190074 114.015112320582 122.860232988993
149.576365947723 139.0021443367 107.830405235291 91.6117131710052 87.2369805971781 84.1793020566304 76.9973993301392 64.3890798091888 53.5801152388255 54.1157424449921 61.0608408848445 63.4213189284007 67.5741980473201 81.2279929717382 78.1741638978322 79.8718432585398 88.5869860649109 101.266761620839 107.728620370229 101.226796706518 100.081374247869 104.777942101161 121.306002140045 133.945882320404 140.47916730245 136.615852514903 127.344071865082 118.725577990214 94.4134990374247 51.6519794861476 43.7568773825963 33.018151919047 7.55667872726917 0 0 0 2.49636080116034 12.0304053028425 12.472872932752 23.0183849732081 19.5315256714821 18.5071900486946 35.901315510273 67.765807112058 80.7726383209229 102.003773053487 114.396731058757
148.72799317042 144.924898942312 126.437664031982 96.1636304855347 78.4220298131307 83.4237436453501 77.9230991999308 70.5265601476033 62.3094588518143 59.264212846756 54.904301961263 60.1921776930491 64.0872667233149 76.6736964384715 77.7901510397593 77.799787123998 86.29177014033 97.8939731915792 106.861154238383 98.6684858798981 98.088542620341 94.5319135983785 105.552723010381 113.818715016047 120.424131552378 118.335495392481 113.101730744044 105.689068635305 83.9593609174093 43.1944628556569 35.9407713015874 33.890888094902 16.0047685106595 0 0 0 1.26980966888368 3.55087624241908 7.20928919812043 5.75710646808147 5.27065992355347 2.41004272053639 18.2542962332567 93.7588612238566 95.5751041571299 104.277481635412 113.382985194524
135.206282138824 140.135715405146 137.426346540451 105.8569252491 79.0269076824188 84.4929615656535 87.4215165774028 97.7750221888224 96.8343615531921 81.1604758103689 67.5295988718669 71.591983238856 75.8781681458155 86.2834850947062 86.7529312769572 81.5889040629069 85.6949885686239 97.58527080218 105.393946170807 109.727203845978 112.809548775355 107.799639304479 105.709771315257 104.679524898529 107.848405838013 110.738178094228 104.54656680425 98.85373711586 75.1517315705617 60.0066930055618 59.8147312800089 68.3933645486832 61.2938503424327 10.7022399703662 0.137071619974449 3.36673452208439 3.99041796724002 4.6807462349534 5.22000466783841 4.13150091965993 0 1.92133958141009 32.482847571373 91.7991896470388 115.20113547643 114.498535792033 114.084581534068
134.048561255137 139.50123389562 137.749165296555 115.544507900874 96.1991051832835 101.889898379644 115.493386983871 123.09871117274 124.888281027476 111.335933208466 88.9391700426738 90.2678072452545 91.7216142018636 100.421001513799 102.66250371933 90.7417138417562 89.2278055349986 100.656509399414 109.17192697525 123.090406258901 125.082274278005 122.309158245722 113.443752129873 107.187300920486 107.825855414073 109.390487273534 103.457123041153 104.634791612625 94.9217279752095 95.417857170105 106.98143641154 130.936682224274 140.024999777476 121.501266956329 38.5024944941203 11.5032431979974 9.99320422609647 9.45535488426685 8.66288940111796 3.17647028714418 5.96892088651657 31.014658510685 70.3907658656438 94.8192179203033 103.923887014389 102.457573016485 100.64301888148
135.915517807007 134.533405303955 134.956806898117 121.293048063914 127.796868483226 128.21552157402 140.511810779572 139.72153266271 126.934538284938 126.522878805796 101.250290870667 94.0640966097514 98.6107687155406 100.951413313548 109.467526276906 103.638897339503 98.1869101524353 106.365780035655 119.423419237137 127.366999785105 123.99160861969 116.648197174072 113.653212785721 115.212768316269 116.036315759023 116.222600142161 113.297571738561 116.612533728282 131.449381510417 137.961089611053 149.996280670166 160.951882600784 171.288291613261 181.944767634074 142.741580804189 42.9886033137639 19.7833540538947 11.4801526069641 7.0637824634711 1.50014863659938 22.3820408185323 87.7139270305634 92.3273960749308 82.7320516109467 81.2615652879079 76.4118532339732 76.8916855255763
138.737072547277 126.841445763906 127.968768278758 125.928809245427 150.754948457082 144.652942816416 137.613435586294 121.856838464737 115.120659271876 104.348242282867 93.5388108094533 87.7286990483602 96.7126290003459 100.422491629918 110.866139332453 114.003707965215 108.100831508636 104.242970546087 117.433448632558 121.818443139394 118.437657753627 111.62876089414 111.215045054754 120.020439227422 122.199008862178 118.06587378184 120.788405338923 120.377480983734 140.62820871671 155.887524286906 170.863211154938 181.516766548157 189.105153083801 191.093305746714 187.004685401917 112.486114104589 19.0206666787465 5.40121272206306 1.87592208385468 1.36542785912752 38.6046295364698 86.7064297199249 76.7384519179662 54.7369321187337 52.2905091444651 53.0212273200353 57.2639008363088
138.991405566533 120.194097359975 121.79571390152 133.904010057449 150.791058937709 143.141090869904 117.892205715179 93.5371418793996 78.8634121417999 72.6389189561208 71.6231763362885 76.3061841328939 85.3735407193502 99.5554625988007 112.249314785004 118.789235750834 116.549243529638 102.13428735733 106.843292713165 111.613233884176 110.309183597565 112.625847260157 112.548927466075 119.203954935074 126.08414888382 123.373419046402 127.121031284332 122.025340795517 138.215700785319 160.376677910487 182.636022567749 195.031801859538 195.214549700419 194.599350293477 205.647826194763 191.206852595011 102.955540021261 20.4663102825483 11.9254241387049 15.2666059633096 35.8265116810799 51.134780049324 58.4120055039724 34.1520756483078 29.2551765839259 35.8713865280151 54.877648750941
135.908742745717 139.119883378347 165.627270936966 205.761253833771 185.79113483429 140.991558631261 104.709317286809 73.1047640244166 61.7655316988627 66.8341219425201 62.6382976770401 60.1648638645808 81.964189807574 99.7085074583689 116.74565076828 123.580654462179 123.655617237091 109.250088532766 109.055350224177 113.740622997284 111.096580823263 116.728375355403 118.732949097951 121.378680070241 129.832774400711 135.092477003733 134.873996178309 136.643628279368 142.758498589198 170.31317949295 192.468563715617 200.659553209941 196.304142475128 205.295205116272 218.18737188975 223.998069763184 200.584868590037 142.055292924245 60.4276210069656 29.4907316565514 23.615725338459 25.7252554098765 39.9200121561686 30.7862882812818 26.041604578495 38.9572183291117 66.3502911726634
152.461002270381 189.666152000427 238.424738248189 259.973545869191 243.915200233459 185.49378712972 132.462690273921 90.8452173074086 79.9517879883448 86.7659250895182 77.8509477774302 67.9533630609512 79.650138815244 97.2891052563985 120.52458524704 127.998381853104 126.208970944087 119.475384553274 112.32116818428 115.846653779348 115.386962890625 120.720088481903 123.559524615606 125.719924767812 131.111760934194 145.189940929413 146.358440319697 152.039547761281 160.411894321442 176.810304323832 193.149447441101 202.713112036387 206.756353378296 213.303645451864 219.914098580678 216.468811035156 216.256022453308 208.89421304067 139.158934354782 58.1606129805247 27.1875113248825 28.0454407135646 30.5143396059672 33.6677109201749 43.9280966917674 63.2010201613108 78.0206422011058
215.099513530731 250.562946001689 271.264592806498 271.682620048523 273.398121198018 249.494095643361 204.193254311879 159.880975882212 131.101419528325 121.780912081401 116.434097290039 98.9915629227956 82.21435546875 97.6166129112244 123.583177725474 130.278120438258 125.227431456248 126.329123973846 114.833374818166 114.123483498891 118.509123722712 121.40033642451 121.966669956843 122.839788595835 129.907558361689 146.586924791336 154.632151126862 162.733922402064 170.91445128123 177.625377972921 191.594401995341 203.623632589976 204.705576101939 202.918509642283 203.027705351512 186.379452546438 189.102828502655 184.581299622854 143.692235151927 83.9070777098338 47.1028983592987 42.2911246617635 34.9779526392619 34.4508041938146 45.8083500464757 61.7767771085103 73.4057525793711
260.724544525146 273.779968420664 275.856375694275 272.958238919576 275.192062060038 274.62371190389 252.221703529358 210.184315840403 170.844038327535 150.048067172368 149.603267510732 135.768413543701 106.874227523804 105.042735735575 120.098153750102 126.16233030955 120.932519435883 121.59326672554 114.958037932714 116.850505272547 114.814182122548 117.842773596446 117.475718259811 118.063390254974 126.944641272227 140.346904595693 154.602338870366 158.493280410767 167.466898759206 178.519368171692 190.987328688304 193.994343280792 176.562507947286 171.463370323181 168.620467185974 152.988642454147 153.525988260905 138.858318328857 101.050525903702 68.3528880278269 71.4424749215444 63.3227576812108 49.1093099117279 38.4385635455449 37.6629506548246 50.3824899593989 40.2028635144234
270.304958025614 273.81153901418 273.96959066391 273.526549339294 272.756576538086 274.217665195465 271.228432655334 241.343279679616 191.197156906128 160.579224427541 156.944533189138 153.910746177038 138.798952102661 122.322767972946 121.902714172999 124.626139799754 119.290729363759 115.178833405177 115.329305330912 119.711389144262 114.023844401042 114.407579104106 116.315513849258 117.560207843781 123.600840568542 131.722718477249 144.325435161591 146.165798107783 156.061013539632 174.067179361979 184.352040290833 180.252373218536 166.505416234334 164.864987134933 153.045495351156 138.311415910721 142.407208681107 139.654715855916 121.804505586624 91.2789901097616 91.1441842714946 96.5996583302816 78.5942773024241 59.3636979659398 45.0636347134908 22.4245389302572 9.81029557685057
266.966879367828 269.12921667099 267.470320065816 268.741091092428 268.194834391276 265.350997447968 263.69047164917 246.659795443217 203.324496746063 171.701033910116 161.404609680176 159.828215837479 155.742665131887 133.884876966476 124.764740467072 130.32994667689 124.430388212204 114.285478989283 119.198739528656 121.566226085027 118.539353211721 115.384370088577 119.271069765091 123.763849337896 123.194694519043 129.116574923197 135.907143354416 136.255284150441 144.798914591471 166.274309158325 176.422894001007 173.609952131907 168.688257535299 169.656157493591 151.593099037806 144.914517800013 149.625162283579 156.323323647181 156.55854344368 125.336905320485 84.1992199420929 82.2215576966604 66.9259528319041 54.0116180976232 35.5041474103928 6.19340625902017 0
250.77744325002 253.649175167084 255.358397960663 251.677632331848 251.518448193868 249.919056892395 254.250963528951 251.003086566925 212.511380513509 178.269902865092 159.739971160889 155.964036782583 153.154502312342 134.494145711263 124.691049257914 132.715662320455 135.264446338018 120.607316493988 122.968087593714 127.649595340093 126.322487990061 122.163563966751 122.310727834702 126.187215248744 125.117013851802 125.389188528061 133.99264216423 140.962064266205 146.37420574824 161.262611548106 174.290597438812 176.569600900014 172.906736532847 173.072616259257 154.646346966426 155.356933673223 159.730484088262 163.96560271581 163.89873623848 134.34511423111 61.7516736189524 45.4038232564926 27.6294971505801 21.4291388789813 7.88934466739496 0 0
231.124997138977 239.576617876689 247.312267621358 245.273888111115 244.799931844076 249.642491340637 257.112781206767 256.98991616567 233.815491199493 189.931829770406 167.262593905131 148.743579785029 140.783816576004 130.026678244273 119.405289491018 126.704037189484 140.255878369013 129.924654960632 125.46776731809 130.24491071701 130.347311496735 126.824895540873 123.433947563171 125.591655572255 128.280381361643 127.364049355189 131.009052197138 142.463157574336 147.742052872976 152.995457251867 167.190353075663 177.687704563141 172.496338685354 163.817296425501 150.083959102631 167.645176251729 173.244138558706 177.126109600067 170.207699139913 149.941762288411 55.0845066706339 14.2498215039571 9.11045198639234 6.16976370414098 0 0 0
195.821146170298 205.559253692627 214.431484540304 219.881037871043 227.970123291016 240.435560544332 251.720388730367 257.401883602142 245.189944903056 210.052947203318 179.895977179209 154.307633638382 139.532754818598 136.149535576502 127.401928106944 120.566378037135 133.242716391881 134.098956982295 125.967005888621 125.389367341995 127.568334341049 123.81774187088 121.350566546122 122.665166854858 127.721518278122 132.057964801788 131.658772627513 139.075140158335 144.567916790644 147.191892067591 156.87558054924 173.618257045746 170.167108376821 151.20126803716 156.304945548375 180.886387825012 185.43016910553 181.61008755366 173.911611239115 174.623211224874 121.229320764542 33.1052467226982 9.17085135976473 6.30372824768225 2.3060239230593 0 0
158.915628989538 165.265878041585 164.942771196365 176.015496253967 191.590070724487 208.907643953959 222.838679949443 233.77921183904 230.045040448507 206.532756487528 173.683206240336 149.068593978882 136.030465364456 133.207807938258 129.846384127935 122.588733832041 129.066308339437 129.390170176824 120.899339516958 121.922343969345 125.356098016103 128.241012493769 127.856036027273 122.708866993586 121.508558591207 127.110640207926 133.357604344686 138.255516688029 143.517434597015 144.448886315028 147.345731655757 161.805172761281 161.707063515981 154.26637729009 182.007292906443 194.07594203949 190.035939216614 183.379391829173 184.19086933136 196.784357229869 201.334198315938 144.753317038218 58.4755092859268 24.2278774579366 12.7362546821435 0 0
146.81676030159 148.614724477132 148.458063602448 150.401065746943 159.206946690877 165.964186191559 169.968068599701 174.566626548767 173.810998598735 155.47439455986 140.599250793457 135.594288508097 134.510815143585 131.58173362414 128.608087698619 127.571473519007 128.068149089813 127.554992834727 122.257073720296 120.459129412969 125.024060408274 130.770564079285 133.972545464834 129.096110661825 126.494387785594 124.402095874151 134.958694378535 138.635446627935 143.825431664785 144.142419099808 145.460098981857 153.683582941691 155.33642967542 166.897376378377 193.711916605632 193.518280982971 177.43726571401 167.132019996643 170.056144396464 184.349914391836 202.429175376892 208.116849263509 160.976827144623 73.9317039648692 23.59339594841 3.86527242759864 0
155.450185139974 152.422855297724 152.684658765793 151.645203431447 147.168765465418 145.618180433909 143.832465012868 144.000788529714 148.973564306895 139.147818088531 131.590783596039 132.102151711782 136.081586281459 135.152578353882 133.601248264313 130.132029453913 126.012613375982 133.650859196981 132.926801840464 127.983460823695 130.010624726613 130.930612484614 131.252447764079 133.220165967941 135.595818360647 129.871706167857 135.616491238276 140.010307232539 142.399122317632 145.594994227091 147.068530321121 152.093629042308 154.176692167918 175.768335660299 187.936186790466 175.976812839508 161.431948343913 150.844673315684 148.621032635371 163.187404473623 194.859842459361 200.695176919301 176.28953854243 114.673604567846 41.1280517776807 12.3449824750423 0
