input/barkrak2/radiation/dir05624.grid
NCOLS 85 
NROWS 70 
XLLCORNER 665100 
YLLCORNER 4664600 
CELLSIZE 20 
NODATA_value -9999 
[rows 0 to 20 of 70, columns 0 to 47 of 85]
152.815133333206006 169.067362944285 186.729987462362 208.555658658346 219.615439573924 221.331775188446 217.065056165059 212.900598843892 212.739944458008 216.332336266836 216.242174307505 214.783251285553 211.425165335337 212.23517258962 213.388323783875 200.747927029928 187.326669692993 175.744434197744 173.831661542257 167.280356089274 167.022148768107 184.721748034159 211.830079555511 219.341595967611 222.32441107432 234.767576058706 233.159780502319 217.866082986196 204.697569211324 204.099297523499 199.564218521118 222.079714139303 268.38340361913 265.935619672139 265.056868394216 250.768442948659 255.237519741058 269.327382246653 265.243232250214 266.743222872416 255.180676778158 260.27500629425 268.860757350922 263.423005739848 252.441664536794 255.413095156352 260.458250840505 231.484035650889
130.004435777664 148.085673650106 164.288649956385 183.583438396454 199.29442803065 206.951677799225 210.549871126811 214.928269386292 221.917192141215 221.957584222158 219.200968742371 215.282142162323 212.675034999847 214.245776335398 214.18575445811 201.806406180064 194.148778915405 184.553325176239 180.220901966095 172.532061735789 180.821180343628 205.778876940409 228.176136811574 230.962495009104 234.740614891052 241.413633028666 235.900441805522 222.374002138774 209.629356861115 206.140001614889 206.938227017721 236.579438050588 268.6900695165 266.807754834493 263.552308082581 253.157993157705 259.167472521464 270.271420478821 264.150400956472 265.151222546895 259.449323018392 259.407023588816 255.789657433828 249.068180720011 245.044589042664 254.330495993296 250.169893105825 215.61739842097
92.6903486251831 103.259642918905 116.440792878469 130.017797152201 145.497421423594 158.344407876333 171.884834766388 191.503663857778 206.320544083913 209.125240643819 211.449901262919 215.222954750061 220.563371976217 223.381082216899 224.15679693222 227.176566918691 225.342551867167 214.123050371806 196.804245313009 187.618613243103 198.762059211731 215.94383319219 227.468887964884 232.521573702494 236.682852109273 236.444671948751 230.835954348246 222.029169400533 214.31823571523 215.22049109141 225.360751152039 252.819836139679 267.244597276052 265.994489192963 261.404633522034 257.852296034495 264.777282873789 269.559701283773 267.024874687195 261.270085970561 255.821426709493 245.901743570964 231.574138005575 227.076550324758 236.118455727895 250.628650188446 239.194432894389 205.682714780172
74.5805650949478 74.6085395415624 81.2122821807861 87.4835749467214 95.691978931427 104.893853267034 113.935182491938 132.196456193924 154.200732707977 174.01534318924 191.919028759003 210.576931635539 222.480813662211 225.307842095693 229.057629903158 235.694547494253 232.802867889404 221.789240837097 204.683740933736 196.962694327037 198.276340961456 198.806881904602 211.322764555613 220.796823501587 222.78900941213 225.021680196126 226.0449330012 223.23739528656 222.550868988037 226.667582988739 231.991648674011 257.734636465708 264.780243237813 264.37646150589 260.684847831726 261.666357517242 264.105081558228 264.795064926147 260.016063849131 248.993694782257 241.25748872757 228.974103927612 224.785049756368 238.686760266622 253.90217701594 247.894962628682 226.777931054433 201.747397581736
95.8327054977417 79.6730269988378 66.5563742319743 57.1230749289195 58.2003146409988 75.4674126704534 100.878814856211 112.256983915965 123.161335786184 131.825764973958 156.894266605377 183.358013629913 199.665824572245 208.161989847819 215.593377749125 220.500508944194 217.219789822896 209.853490193685 202.483157316844 197.534998257955 193.577289581299 191.300590833028 203.094800313314 211.228171984355 215.994358062744 222.608129183451 224.298278490702 224.784553050995 224.550445874532 223.779161771139 231.374502182007 259.92480913798 261.966427167257 262.635350227356 259.94344552358 258.922457695007 256.592174371084 254.511952400208 244.596183300018 235.040664672852 233.706553777059 231.749335924784 237.993121147156 249.478777249654 251.420478026072 227.225780487061 199.473818143209 191.113313039144
141.525695721308 112.261344989141 84.1524600982666 60.6525639692942 52.2060642639796 61.6315106550852 85.7498347759247 108.428031206131 113.815267880758 112.612346808116 122.837354739507 138.149052858353 149.159828821818 156.590859095256 167.403519153595 176.991800467173 182.027518749237 189.93071715037 197.837173938751 202.208280563354 203.758835792542 204.790870348612 203.270653883616 205.662449200948 212.459365526835 218.738595644633 221.786737442017 224.371552467346 226.072510083516 228.948891162872 244.225025177002 261.253376801809 256.193041801453 255.870580673218 254.107515017192 252.395252386729 251.100977261861 246.589084466298 236.107925573985 236.458818117777 235.992133617401 233.636101086934 235.659380753835 239.285985628764 229.808131853739 197.666188081106 170.216341813405 179.368317127228
169.335722923279 141.751577456792 118.978500366211 96.2535440921783 74.0556468566259 61.4063938458761 67.3250655333201 95.4555869102478 114.797035853068 123.408416906993 120.111962159475 115.178634723028 110.956400632858 105.756103992462 107.718924681346 124.623715877533 139.873723189036 163.492461045583 186.033189296722 200.364669164022 208.325465520223 212.421317895254 208.191970984141 204.411327838898 208.970506985982 211.182574431101 215.614438056946 221.238454182943 223.941564559937 230.514645576477 244.111975034078 253.93678744634 248.780349890391 242.375095685323 240.959723790487 239.054242769877 238.588849703471 233.40255022049 227.956851323446 222.97865152359 217.146277427673 216.104547182719 223.177333672841 230.90914885203 222.642461458842 212.156732877096 223.972499370575 233.943283557892
162.999451160431 170.293112595876 156.499942143758 136.813928683599 110.866218805313 78.8280715545018 58.6100916067759 55.1426708698273 86.9472622871399 119.813660780589 129.731376965841 125.682224829992 116.509069999059 105.373581250509 90.9767349561055 94.3402945995331 108.226875464122 126.731703678767 153.385688861211 176.188886165619 192.099332809448 204.746961593628 211.470544338226 206.482907136281 204.776465892792 202.974279721578 204.519073168437 208.930571873983 212.763110796611 222.782214482625 233.509023984273 236.548562844594 228.543758392334 222.8657801946 221.780677636464 221.398909886678 226.771175861359 223.467210928599 216.963350772858 199.016809463501 196.76148891449 206.519285837809 224.817156791687 237.615962823232 236.592352390289 238.378683725993 246.226270993551 249.407370885213
128.101845582326 145.440628131231 152.116517225901 144.575615723928 143.626719713211 116.967717806498 83.9873552322388 55.2998532851537 67.074328660965 87.9064997037252 113.052755594254 126.643488804499 130.162398020426 126.999169588089 111.739923556646 100.99325577418 99.0565617879232 103.9137840271 118.698080380758 137.789567311605 155.919233957926 174.448768297831 188.556253910065 187.366286913554 189.152638117472 187.258978684743 187.558770179749 190.467456976573 195.101201534271 205.402890841166 211.419681708018 212.057630221049 209.696590900421 208.45220486323 208.322743574778 211.660504341125 213.523983955383 215.966661771139 211.97768052419 204.250395298004 214.885512987773 228.645284970601 238.703906536102 239.932159582774 233.663439750671 229.193806648254 232.202748457591 242.689112822215
93.0020014444987 105.547606945038 115.774939457575 121.285557746887 133.747398853302 130.178272724152 113.584965467453 102.42356856664 65.7709389925003 54.922953248024 64.3635640541712 90.5327300230662 110.568195581436 135.520994663239 136.963893969854 126.31223599116 109.66295003891 105.169713497162 103.432794411977 104.167143503825 113.657504320145 126.852413018545 140.883068243663 151.26226345698 164.482732613881 166.716575622559 166.96685552597 169.237891832987 172.717730204264 178.664207458496 179.812411467234 182.077725728353 188.208520412445 193.500717480977 198.757489522298 201.588412125905 200.762232144674 205.955346425374 209.350228309631 218.324899673462 235.037922859192 243.24107170105 244.177142779032 241.490463415782 233.152449131012 229.470690091451 240.186552206675 249.568859736125
54.3530782063802 57.2513689597448 65.0211721658707 81.9508632024129 96.1636503537496 102.761675914129 110.907147328059 105.667362610499 85.8521064122518 64.3735726674398 49.6200521787008 51.3235529263814 69.5491880178452 91.4493203163147 112.177620331446 107.668270667394 105.427761872609 100.671529769897 94.6082572142283 89.761883020401 93.1220054626465 94.5517023404439 99.6136069297791 114.390164613724 131.197522083918 140.21028081576 146.488875150681 148.396044969559 155.685921510061 161.286493142446 165.447841087977 168.884078661601 178.011933962504 181.973457336426 183.45965941747 187.329749266307 193.044622739156 198.762158552806 207.374314467112 225.554804007212 237.637102603912 243.076165517171 240.628719329834 237.689932187398 234.573105971018 237.054467201233 245.201230049133 247.335354487101
29.1904682914416 26.0416517655055 27.7816702922185 27.5629659493764 34.4755897919337 52.6770303646723 60.8355700969696 65.1004811127981 73.6812750498454 66.4455940326055 53.7632256746292 43.9025113979975 49.228181441625 63.4644130865733 84.2222571372986 90.9176667531331 100.174695253372 101.284523804982 94.1789348920186 86.7576400438945 79.2135099569957 82.0231735706329 84.712415933609 94.219704469045 104.410966237386 113.688290119171 118.273347616196 125.972896814346 134.150803089142 140.074859062831 145.726919174194 150.685211022695 156.813224156698 161.446034908295 162.014782428741 167.438189188639 179.488817850749 191.436449686686 199.240426222483 218.075573444366 225.535809993744 225.694199403127 223.408182462056 219.460407892863 222.550094127655 222.102463245392 228.672862052917 236.977597077688
21.9940394163132 15.2349298199018 9.77203870813052 5.39400304357211 2.86463089287281 2.51150752107302 19.3091159065564 36.7013141512871 57.0719540119171 65.7173047463099 63.8531049092611 57.0761412382126 43.6349411805471 44.308066368103 59.2985997597376 78.4284025430679 96.7586537202199 102.158139149348 102.460334698359 94.9587225914001 88.6138776938121 89.2173846562703 91.0070935885112 93.3558543523153 98.3343521753947 99.6573865413666 104.750374952952 115.605692068736 121.579100688299 123.798489570618 129.925549030304 135.70981224378 135.287900765737 137.762486934662 142.362058162689 148.552606503169 160.487234592438 174.669027328491 179.737786451975 191.356321175893 201.221585273743 202.97118028005 202.344357967377 203.696032365163 202.893137931824 206.247488657633 211.392084757487 217.295964558919
21.9960485895475 6.53015511731307 0.843830018614729 0 0 0 0 5.16550801694393 30.7060405611992 48.4546720981598 66.3778235514959 71.1614141861598 63.5629991690318 56.0334424177806 56.6727072000504 74.1529067357381 87.9770219326019 102.071046829224 111.180643240611 111.303826173147 101.591656605403 99.9642809232076 98.3875095844269 97.9348619778951 101.978123188019 103.557070096334 108.936051527659 118.71263384819 121.655315160751 115.743070840836 120.745052893956 126.735627651215 128.806442022324 128.93866499265 133.292376995087 140.699019034704 145.86353302002 153.127859036128 158.799389998118 162.485301494598 169.115940729777 177.58313814799 185.409168402354 193.826794624329 191.903591156006 199.079175790151 198.827008406321 195.876101652781
31.7065517107646 10.7151828706264 0.349298624011378 0 0 0 0 2.55352181072036 14.3444426357746 32.4084460735321 60.0591997305552 84.1412941614787 87.0489180088043 82.426905632019 69.6721474329631 69.2558586597443 76.3287395238876 88.1718695163727 106.876611709595 117.864867051442 116.701165835063 113.403002421061 111.849427223206 108.235379060109 106.771926085154 107.671767473221 110.018134117126 115.966945886612 118.962397178014 115.366448958715 117.62946844101 122.615794340769 123.065054416656 122.576902310054 127.510090668996 130.311628182729 131.673445304235 131.196399529775 136.862089236577 138.379871845245 145.051260789235 153.604209423065 160.081436236699 168.440163135529 173.148632049561 179.405470689138 190.943876902262 195.859253406525
27.8828293085098 13.2627909382184 0.689114288737377 0 0 0 0.946705617631475 4.66078178336223 13.7865270177523 25.8521512150764 51.2501150369644 82.8506052494049 94.5395429929097 100.632886091868 90.9906427065531 71.5967267751694 66.443478067716 71.0110117991765 84.4433705012004 112.191249926885 124.87405538559 121.908396482468 124.894877274831 118.970553080241 112.724751234055 113.89089624087 112.7041776975 113.622575998306 113.875428835551 123.912781476974 122.984210650126 122.3450700442 120.136360327403 118.467181921005 118.527889251709 118.456651767095 116.147925456365 112.098872661591 115.892867247264 118.678698937098 123.285134633382 128.301441669464 132.243792215983 135.92267036438 151.290833950043 159.085432688395 174.608667691549 186.151027679443
23.7475583950679 16.3058427472909 1.86249117056529 0 0 0 2.17678863555193 6.33709939817588 17.6396034657955 23.7092326084773 37.0839511354764 64.4615987936656 87.0564480622609 95.7917173703512 99.3929406007131 95.5396294593811 90.3911689917247 82.5860202312469 75.4382759332657 85.7726434866587 108.05998245875 125.518848498662 130.988468726476 126.340220371882 121.368904908498 120.612819989522 119.447906812032 116.773943106333 121.658811966578 127.298206090927 124.769588311513 118.391732374827 118.369221687317 113.900631666183 109.170327583949 108.772973219554 104.104856650035 101.716190576553 103.646179040273 107.615371545156 108.903139829636 111.986964941025 115.856528282166 118.903408447901 138.654331366221 149.620393911997 158.847600221634 166.771034399668
19.7693978746732 18.6363061269124 8.57114916046461 0 0 0.852283866455158 5.23080552617709 16.0045139491558 24.5747864246368 29.2222102483114 35.0488026936849 51.538422703743 71.6373225053151 88.2060925165812 104.249735673269 112.438390652339 113.20294936498 104.086538155874 90.3835296630859 79.0660480658213 87.860365708669 113.468577464422 122.227321068446 125.271767377853 129.508763551712 128.889153401057 131.199836730957 129.344701766968 126.439074675242 122.816582520803 115.786780913671 115.438014268875 103.968719641368 108.656724294027 108.241061369578 105.366975069046 102.490623792013 101.039042075475 102.020035187403 104.442785183589 105.814357598623 107.517600059509 108.445703983307 110.25270819664 123.420834541321 139.038562774658 147.93931444486 148.396730422974
21.1413552363714 24.404746790727 22.1865028142929 1.02146932234367 0.00738421052422685 6.77676188449065 10.7244017223517 23.4752645095189 32.8075190385183 45.0506110986074 53.3944418032964 55.6174019972483 64.7416710853577 71.0536738236745 90.3638700644175 110.105196634928 112.729579210281 115.529954433441 113.783806562424 99.2265443007151 84.4488938649495 95.5973863601685 106.270978848139 118.043820063273 130.334516366323 134.344627459844 136.327962080638 137.40669687589 128.269612789154 122.807631889979 114.492446184158 103.703707456589 96.4088539282481 95.5327053864797 89.7312760353088 91.8700993061066 99.1864999135335 101.268649101257 101.463119188945 104.763746261597 107.628802458445 109.818607568741 108.681350946426 109.693874915441 111.874719460805 127.233445644379 132.402131954829 133.174200852712
22.2859034935633 23.3677874008815 25.5611836910248 18.2516202330589 5.97291501859824 12.2384056448936 13.9558104177316 15.9961382548014 32.2023779153824 45.0212359428406 54.8530519008636 52.2407591342926 53.1425724426905 56.7559500535329 72.8757629791896 89.1121725241343 101.607034603755 108.541349569956 112.546185652415 115.003148714701 106.896420319875 94.7466095288595 97.7708697319031 109.804054101308 121.295134226481 126.544773578644 130.269179741542 132.563461860021 131.858865420024 121.501276890437 108.272095521291 95.481683810552 87.8516137599945 81.6173007090886 71.0128943125407 82.909494638443 78.9213279883067 77.4234930674235 78.191081682841 85.3853821754456 92.0652747154236 99.03684258461 106.32453362147 103.093872467677 100.046306848526 111.330250898997 114.611933628718 119.040767351786
27.2505556543668 19.645852347215 16.0706974565983 26.752491792043 19.7735105951627 14.3419976035754 13.1390069921811 16.7701443036397 29.8052156964938 37.9394963383675 44.3045347929001 44.8327610890071 44.0926750500997 47.5218147039413 56.2735696633657 70.4960972070694 84.7841401894887 93.5016870498657 103.070159753164 116.504102945328 125.013450781504 114.897966384888 114.1557097435 116.292665402095 119.750122229258 119.606703519821 119.507928689321 126.025557518005 120.788504679998 107.336481412252 106.418271859487 87.4419411023458 66.4587765932083 53.4534553686778 43.1892176469167 43.3391829331716 40.7606959342957 51.2014826138814 63.6992206176122 67.7907218535741 72.1324036518733 77.4714301029841 85.6666167577108 84.2683414618174 91.159204641978 97.9523857434591 101.351042588552 108.063528935115
