input/barkrak2/radiation/dir01824.grid
NCOLS 85 
NROWS 70 
XLLCORNER 665100 
YLLCORNER 4664600 
CELLSIZE 20 
NODATA_value -9999 
[rows 0 to 22 of 70, columns 0 to 51 of 85]
59.694121281305897 73.4351625045141 82.3362022638321 102.560689051946 119.295994440715 118.831147750219 134.004066387812 136.412411928177 134.453425804774 136.209785938263 136.996159950892 133.116761843363 128.626048564911 129.336675008138 129.373302062353 116.136322418849 102.150082588196 93.0194358030955 92.7946269512177 93.1393802165985 100.908180077871 117.826590935389 134.47830080986 137.123554944992 141.785780588786 153.91747156779 155.582845211029 146.922558546066 137.522300084432 141.583979129791 139.316221078237 159.406056006749 190.775632858276 185.590843359629 182.75394042333 176.865299542745 183.707376321157 192.228198051453 189.636627833048 188.761949539185 184.232552846273 198.336164156596 204.44659392039 194.780270258586 183.33899974823 189.960579077403 195.380806922913 151.218632857005 104.533404111862 100.558777650197 122.369746367137 163.858383893967
41.6965583960215 54.3828308582306 64.187079668045 74.5952228705088 86.8008534113566 93.2665169239044 101.027985413869 117.115795612335 139.181246360143 141.79253578186 140.885005394618 136.189013719559 130.991379419963 131.047427654266 129.44957613945 116.981943448385 108.886569738388 100.744863351186 96.7596769332886 96.4248975118001 109.439502159754 132.176051537196 146.650205055873 146.281848351161 146.987468004227 151.3352394104 154.196927944819 149.236857891083 144.301017125448 144.555071989695 145.142396291097 168.427189191182 190.224786599477 185.843586921692 181.305507818858 179.13293838501 184.620499610901 188.975771268209 181.128938992818 181.936740875244 182.636280854543 187.504748503367 185.958802700043 178.378621737162 174.15710290273 186.535179615021 187.417109807332 139.833112557729 111.87270283699 121.998995542526 150.441457827886 185.462673505147
17.2333680093288 23.6269558469454 28.6134506265322 36.174106101195 44.2027002573013 51.6536186138789 63.2429420948029 82.1017821629842 94.9661533037821 105.579674243927 114.510337511698 137.698431809743 139.941831429799 139.560321966807 141.420046488444 141.536027193069 137.636770804723 127.343515555064 111.641764640808 106.471995512644 118.951052427292 135.733505090078 146.287063757579 148.61986041069 148.513287305832 147.842307885488 146.312316258748 142.783184846242 146.929244200389 151.688734690348 161.59854332606 179.1144212087 190.054694811503 187.213540077209 182.825605074565 180.28732140859 189.293722311656 189.032753308614 183.265070120494 179.332077503204 175.769686698914 169.086953004201 160.854518413544 154.338230689367 159.482061862946 176.678379376729 173.122922579447 133.641560872396 130.577166875203 149.709542592367 174.358566602071 195.419410864512
8.18137265741825 9.58491365114848 12.0612221459548 14.4219882786274 16.803586234649 21.0349162419637 26.565949122111 39.4448786973953 54.3318043152491 70.2114403247833 82.3743840058645 105.114718278249 113.569021224976 117.003460725149 124.562313159307 136.118680238724 132.104873657227 128.72239947319 119.780490795771 111.631880203883 116.346736749013 114.999075730642 129.791935284932 139.069586992264 138.888279596965 138.671745856603 139.142960309982 140.448540449142 142.702658971151 155.735303958257 163.268566131592 181.137998898824 183.524707953135 183.545072873433 180.846730868022 180.990318457286 183.195471763611 183.79815419515 177.268246809642 167.449732621511 163.02548845609 155.433674653371 153.884887695312 165.916124979655 172.624150911967 166.990240414937 153.785765171051 133.055279652278 139.793266852697 152.757942676544 172.81844218572 190.811514854431
16.2032768130302 10.1692409565051 6.35725321869055 0 0 8.72628080348174 20.1376751065254 25.0389377276103 34.4828963279724 38.654829065005 54.4424305359522 70.4847673575083 78.9056619008382 83.1155131260554 91.0654664039612 94.8401888211568 96.4891115824382 91.5835201740265 93.0150349934896 93.2483077049255 95.613310734431 96.6622531414032 106.044133504232 120.354235172272 122.561236222585 130.713641643524 134.742687145869 137.767185767492 141.673584779104 143.950700759888 154.50726946195 176.596919695536 175.770958264669 178.218960762024 178.458213806152 177.101890246073 173.705458641052 171.003063519796 162.434657414754 154.258489608765 153.843134641647 154.590179522832 162.597705920537 171.378711859385 171.466867129008 152.109364668528 122.715016206106 121.211975812912 133.661965529124 151.635984579722 179.257035255432 192.837297916412
40.5680214365323 25.5814641714096 11.7408521473408 3.75902000814676 1.27552674772839 4.20017540454865 11.075866719087 22.4582776427269 26.4775330821673 25.1790483792623 30.419963101546 37.6407032211622 42.3591633637746 48.7901270389557 56.9751660029093 61.7039153973261 66.9147024552027 72.5368509689967 82.4010918537776 88.8876616954803 94.0739909807841 96.9973206520081 99.9898413817088 105.546236038208 110.563596089681 120.911618073781 127.634952465693 133.015364408493 135.643849770228 142.218808333079 153.060674667358 159.124314785004 152.205576499303 151.612569888433 165.135244528453 167.838970820109 167.253057161967 162.421335776647 154.458791017532 154.6677450339 154.080927371979 153.575340906779 157.484630743663 160.37729382515 154.56618865331 124.453663825989 100.853552420934 112.511257330577 131.332248449326 169.795274734497 192.885855833689 195.908347765605
57.069664200147 39.0321140487989 27.9267877340317 16.6546516120434 7.14020493129889 3.61427726844947 5.29945765932401 14.3126298983892 22.0219319065412 25.1830120881399 25.96398939689 23.8203952709834 22.6136421163877 22.2600623965263 25.3202319145203 35.0097964207331 42.9957360029221 58.2273056109746 71.9170023997625 85.557500521342 95.6002871195475 100.937743981679 102.469881375631 99.956472714742 106.467922528585 111.750702063243 113.376716772715 123.73012304306 129.293262958527 136.997431516647 149.132033189138 149.75979924202 141.075849533081 135.161797205607 137.720286846161 137.981782356898 148.413876692454 148.666361967723 146.029184261958 140.561103820801 136.219084262848 136.798123518626 143.319000800451 152.050077915192 149.746835231781 143.854757150014 150.553325812022 158.652126789093 169.609049956004 180.901209513346 192.541937033335 192.528943220774
70.3325817982356 56.341419617335 42.2867635885874 30.8126285672188 20.3559994697571 7.40744049350421 3.41187945256631 0.0882527480522792 9.35977883636951 18.3036997914314 26.1628553271294 26.3349538048108 24.486576517423 22.5696712732315 18.9300738275051 22.5051939487457 28.7490139404933 39.4280304511388 55.2783012390137 69.0768559773763 82.6820681492488 93.7391718228658 100.74770450592 99.383145570755 102.29613383611 102.736979722977 101.918876171112 106.682389974594 114.225933949153 127.668420473735 134.948680798213 137.90437579155 128.64825129509 124.091893434525 120.468517144521 122.40195274353 128.448029359182 128.613183895747 137.534429629644 122.298051913579 118.193219105403 124.805450439453 138.84761929512 150.418043136597 156.38256072998 161.78231438001 168.253421783447 171.326200167338 175.771117210388 177.052895228068 175.268510977427 173.907001813253
67.0848538478215 58.2790573438009 46.5754171212514 34.6634189287821 26.981309056282 18.8195171455542 8.7575763463974 2.70683877170086 7.4591152369976 12.5882948438327 17.583383868138 23.4545345107714 28.1688918670019 30.5266429980596 28.4435202678045 26.0456949472427 26.2648612260818 28.1564320127169 37.0274310310682 48.45063885053 61.8145614862442 72.8795230388641 83.6321512858073 85.3094458580017 90.3634826342265 90.5924439430237 92.3741062482198 92.8866068522135 97.4241197109222 107.958396275838 115.623037020365 115.637491146723 113.627821207047 113.355110088984 114.001214504242 116.974999507268 116.565446058909 120.396008094152 122.95005718867 128.473202387492 132.563054561615 141.362508138021 146.56267563502 149.672557910283 148.659308751424 150.056709845861 151.903371016184 162.103702624639 169.477979342143 164.982875188192 156.899213790894 158.598601818085
46.2092260519663 42.6362454891205 37.3351325591405 28.1419803698858 25.6061678131421 23.3452295263608 18.0485285818577 12.3201782504718 7.75502435863018 5.39300218224525 8.9325774461031 17.4214914441109 26.8218368291855 34.2658683657646 39.7546167174975 38.2861023147901 33.5971166690191 30.3118278582891 30.9409325321515 33.8316112756729 39.9183630943298 47.2399443387985 55.0174166758855 63.4232809146245 71.8709379434586 76.3743619124095 76.501339673996 76.8011013666789 79.194317261378 81.3066810369492 83.113839228948 93.6600565910339 98.8267958164215 100.303560495377 103.81805896759 108.153680960337 106.792151927948 111.506342887878 118.950674931208 125.840147336324 137.609293063482 148.405055205027 152.611285448074 149.522682030996 147.164553403854 149.283995230993 155.595431725184 160.488665103912 162.836442391078 163.65639368693 162.818143765132 157.936731974284
9.00749241312345 10.1604647934437 10.5226064721743 7.71227230628331 4.10219095647335 1.03491777554154 4.40164841711521 14.0586495399475 12.2474022209644 8.32612377901872 5.81468020876249 7.45218805968761 18.8379461566607 30.7325671116511 41.0698900620143 38.8491104046504 37.7663647135099 33.7635998924573 30.4214010636012 28.4427454074224 29.8323606451352 30.5765817562739 35.3051424026489 45.5410331487656 55.5067857106527 63.9652063449224 65.9121970335643 65.7575825850169 67.7541593710582 72.0655024051666 70.4359759887059 73.2232977946599 84.6652686595917 93.49059065183 94.1622058550517 97.2327987353007 100.628912448883 105.417827765147 113.181630770365 127.617945273717 131.306578715642 130.185733238856 126.364270846049 136.893401543299 147.561997175217 149.390985568364 155.662427345912 155.812998612722 157.592038313548 161.560277144114 163.310666879018 158.594350020091
0.0272857845023585 0.0483800637690971 0 0 0 0 0 5.62437499562899 15.4243931174278 14.79505499204 9.9436907718579 5.89397673805555 8.01512598991394 17.2089462478956 30.4119810461998 34.8943422238032 40.3642902771632 38.2315516471863 34.0201333165169 30.1404744386673 25.9426285823186 25.5512893199921 27.043287952741 33.2543303569158 39.9144490559896 46.7853347460429 48.7524370352427 52.667960524559 56.4260830481847 56.991770863533 60.9073539574941 59.4582458337148 58.8650206724803 61.8279278278351 71.1161444584529 83.8288366794586 91.2960171699524 97.623735666275 104.709287484487 117.0434653759 121.94561958313 117.802182833354 115.12890458107 113.688210646311 116.095463434855 130.356689294179 137.08359003067 143.108735481898 143.84251832962 148.008286952972 153.310199578603 154.094318548838
0 0 0 0 0 0 0 0 12.7201291422049 16.4260442058245 18.7504986921946 13.8491590817769 5.85827852288882 5.38990770777067 13.6721854408582 27.5600478053093 36.9953587651253 41.2667517860731 40.7464976112048 36.0431422789892 31.9581553339958 32.6974516113599 33.9323356747627 35.1118445396423 36.6303324699402 38.6862307786942 41.5040130416552 45.9019939104716 49.3511259555817 49.0357379118601 49.5849798123042 51.3616700967153 48.5045363505681 45.5943991740545 45.8755493164062 52.9377559820811 69.6214437484741 85.9739581743876 88.2630944252014 97.5065728028615 104.180614153544 103.268573681513 100.921491781871 102.091292540232 104.011744260788 105.973263581594 101.575911045074 119.832952817281 126.952052116394 129.539728164673 133.793890476227 135.577102502187
0 0 0 0 0 0 0 0 0 8.61803504327933 18.9145877957344 22.8394294778506 22.1029495199521 13.1485722959042 12.2367218136787 24.1070414582888 33.5853050152461 42.4103736877441 49.5388060808182 48.4493474165599 42.0969873666763 42.2617246707281 40.2914086977641 40.7146414120992 43.0821279684703 43.4686740239461 45.289213458697 49.602339665095 48.7279295921326 45.6128567457199 45.5740491549174 45.1400627692541 41.2854601939519 41.1627441644669 40.3311600287755 38.7485151489576 38.7294764320056 42.1344737211863 51.2732416391373 68.0489440759023 74.8924911022186 84.0131839116414 89.3043279647827 93.5694773991903 92.3637350400289 98.2887943585714 96.579631169637 93.6560829480489 89.4125203291575 104.621152083079 110.536913077037 115.921219189962
2.79805778215329 0 0 0 0 0 0 0 0 0.291690385589997 17.313281695048 30.403974155585 36.3432019948959 33.6380749940872 24.4418382644653 22.986946006616 25.7902393738429 34.9063153068225 45.8482553561529 54.9681584040324 56.0431579748789 52.8011173009872 52.9872526725133 49.9766220649083 50.7286787033081 51.3648688793182 51.6212930281957 52.4119089047114 50.5490948756536 44.2747970422109 44.1728234291077 42.8400834401449 38.9643833041191 34.6866051355998 32.8255519270897 28.3288086454074 24.6279115478198 20.9360246857007 29.6090096235275 35.4266762733459 38.3781467874845 44.9736217657725 51.7154335975647 55.7063122590383 64.2437388499578 71.5352594852448 80.1535844802856 80.5151065190633 81.2394767999649 77.8075307607651 79.4851283232371 102.391680081685
3.30744901051124 0 0 0 0 0 0 0 0 0.201794338257362 11.1045440038045 30.6982720891635 45.2159543832143 48.3323683341344 41.6486412286758 26.4597783486048 21.3507786393166 22.9345411062241 33.2085390885671 49.8956988255183 61.2692485253016 59.7002059221268 61.1714422702789 57.4231346448263 54.663543899854 57.3190947373708 56.3772320747375 53.6335458358129 54.2375097672145 50.7110605637232 44.5051540931066 39.4932876030604 38.3390585581462 31.5666596094767 28.3554568886757 23.2120727499326 18.213198830684 14.0696925421556 14.7485074897607 14.7460090617339 18.9098417758942 20.2715173363686 27.2532775998116 28.2015452782313 35.2823411424955 46.7387735843658 59.7731173038483 66.6720867156982 70.516437292099 68.9063866933187 70.8560546239217 79.2758862177531
2.08033481612802 0.00761351778540605 0 0 0 0 0 0 0.00612406135284497 0.264855509158224 0.776370754465461 18.3217624823252 34.2859551310539 47.429084777832 49.0017433961233 42.4550573031108 38.9810254176458 31.6261698802312 26.9548247257868 32.8205352028211 49.8725473880768 62.4173035224279 67.7454968293508 65.7171458005905 61.6107483704885 62.7805292606354 65.4428998629252 60.7515871524811 59.3749483426412 61.8820289770762 53.0892809232076 41.9102609157562 33.4655443827311 28.0503084262212 22.9827662309011 18.5098846753438 12.6768151919047 10.4049971948067 7.1503600726525 8.21162884434064 6.74694404006004 11.4015601575375 14.8115667204062 18.8209637999535 28.7293444077174 35.7632587353388 40.8674031496048 45.4848905404409 52.2894561290741 57.8102270762126 61.3760898510615 68.3565785487493
1.0497555291901 0.0663496418079982 0 0 0 0 0 0.0148685952202262 0.895061995834112 0.910582641760508 5.13059832155704 12.8434921304385 25.7067953546842 39.8071358601252 52.1995921929677 58.2416852315267 56.9410622119904 49.3158400058746 38.0704278747241 28.8557360569636 35.6799612442652 54.2668402194977 61.6972496112188 65.519650777181 68.3534443378448 70.9842046101888 76.3926605383555 73.6272732416789 68.3117459217707 63.2039358218511 59.5017572244008 48.0038772026698 35.3687157233556 25.751789410909 17.7230363090833 14.9336184064547 10.0291837006807 6.35902894039949 4.05531190335751 2.66568145404259 3.75438916186492 5.04946367194255 7.17246221999327 12.4564530948798 19.1235442956289 30.96092492342 34.1060285766919 36.3127713402112 39.2356067895889 43.4681425491969 52.8179506460826 59.960201382637
1.1850349449863 1.46279204636812 0.68263888048629 0 0 0 0.0116277939620583 1.3415797924002 2.03158628816406 9.56384465098381 14.4137131671111 16.0033578673999 22.2837353746096 31.7827289303144 42.7955190340678 54.2630106210709 57.9459369182587 59.7071995337804 56.4338366190592 44.4181660811106 32.7922950188319 42.0644780000051 51.7131636540095 60.3065838416417 70.8699921766917 75.1493473847707 78.0607610940933 75.813040137291 75.0738630692164 66.0712470610936 54.0744761625926 45.2925662199656 37.135474383831 25.951253871123 17.4478528400262 13.7806224326293 8.05101916193962 3.39751256008943 1.18275654191772 0.21627830574289 0 1.99002555261056 6.27735132972399 10.2321890493234 11.7957480251789 15.9436402221521 20.4040085275968 24.9635701378187 27.4748951196671 31.4320673545202 35.7807402809461 39.3111457427343
1.18625660737356 0.654916046187282 1.37131133427223 0 0 0.171533358904223 0.467636544878284 1.65769939000408 2.30623626460632 2.46979125464956 16.3408940037092 14.2084360122681 15.0947843988736 20.5015068252881 27.9413809378942 42.0396427313487 47.5920786460241 54.2052934567134 57.6892991860708 58.5225423177083 51.7727335294088 41.2409951289495 44.444352388382 52.6159852743149 61.6508424282074 69.9557363986969 77.2568533817927 77.9637495676676 67.1992848316828 66.9791400432587 56.5080940723419 44.0756380558014 30.3514401117961 21.5823650360107 12.1288411319256 7.32859410345554 2.65002964685361 0.268801619919638 0 0 0 0 1.08652515336871 3.39672124634186 6.69303722679615 9.15758001307646 14.6820073326429 19.3136098484198 24.1110175848007 27.6527429620425 28.1648884216944 29.1803777217865
3.01012520988782 0.361241943513354 0 0 0 0.387583820459743 0.259491498582065 1.92486929396788 2.78859368215005 2.87885032594204 7.40768822530905 10.40318608284 9.61966502169768 11.2735815346241 15.9862463672956 26.5478938817978 36.6690903902054 41.0705283284187 49.2203235626221 60.8262817064921 65.8897459506989 58.3063811063766 57.2473704814911 58.6552768945694 61.1396431922913 62.9375874996185 66.1229938268661 70.1708296934764 65.5456085999807 53.9818306763967 44.392208258311 37.381740907828 22.1057583888372 12.7343622346719 5.03938551992178 0.221863020366679 0 0 0 0 0 0 0 0 2.12680827826262 3.52886815865835 6.15496188402176 10.5364086727301 12.5822561482588 13.9236760636171 15.0972368816535 17.391008635362
12.1718533337116 6.23916896680991 0.0919750697600345 0.190566138674816 0.202418266174694 0.0953780060323576 1.3074337815245 3.20150734235843 3.62587192406257 3.1125055005153 2.18636620168885 6.17026351392269 7.92977710564931 4.55760148664316 10.1638603955507 18.7552906572819 29.0629963080088 36.3204677899679 43.5450573762258 54.2184710502625 61.3401035467784 74.3977377812068 78.8277784983317 76.5849898258845 69.7891612847646 62.2293452421824 57.7848752339681 60.8257303635279 60.6852918863297 47.457347313563 30.4473092158635 19.2163189252218 12.3709080119928 2.10144169007738 0 0 0 0 0 0 0 0 0 0 0 0 1.18488050065935 3.75752275188764 7.66692186395327 9.65849061806997 9.16860500971476 12.4158238371213
40.4837131500244 34.2405090729396 14.4069852928321 7.57161652048429 4.39985406895479 1.07459863647819 4.67401494582494 5.17948778967063 4.35754998276631 3.55406447003285 4.6885305394729 9.97159754236539 10.3682757665714 10.0808851420879 10.9945312142372 15.7479743162791 24.0051696697871 32.5917750597 38.25593739748 40.4292146364848 44.0424382686615 57.0377210776011 68.6852286259333 72.1565385659536 73.1761306524277 66.4788335561752 58.3962947130203 50.3650804360708 54.1958113511403 36.5362887581189 17.9018278916677 6.73436497648557 0 0 0 0 0 0 0 0 0 0 0 0 0 0 0 0 0 3.63334951301416 4.73829917609692 3.7436814357837
