input/barkrak2/radiation/dir04224.grid
NCOLS 85 
NROWS 70 
XLLCORNER 665100 
YLLCORNER 4664600 
CELLSIZE 20 
NODATA_value -9999 
[rows 22 to 43 of 70, columns 0 to 48 of 85]
68.9535041650136 62.3556425174077 39.1424223780632 32.8906426827113 28.5233830412229 12.8603987395763 19.9436446030935 13.0770355463028 11.7393148442109 10.5436171094577 23.8256976008415 25.158517062664 28.3026546239853 29.0382156769435 29.9643625815709 35.7095127304395 47.9219158490499 57.9772492249807 64.8398796717326 66.5284693241119 72.2725888093313 87.534636259079 101.148297389348 105.051726102829 105.251888434092 100.664367278417 92.935840288798 86.1989160378774 78.3946812152863 62.4856849511464 43.6926186084747 19.1010956962903 3.20944562554359 0.092970139424627 0 0 0.020218811793408 0.0292951978432635 0 0 0 0 0.563172933955987 8.90903857847055 22.0778261621793 33.3301797509193 37.8040671348572 42.5968070824941 50.5085587501526
104.044338067373 92.9082036018372 57.3140482107798 39.0277256568273 33.0401783188184 34.0340336163839 31.7433848977089 22.9734679063161 10.5526608725389 10.0998878479004 25.3200108806292 27.6846438646317 32.3243488868078 39.0285799900691 35.7312361399333 37.5109960635503 45.2045301596324 54.9013117949168 62.1117850144704 54.6619743108749 54.5986990133921 58.5177491108576 72.3592688639959 82.7542940775553 91.7437672615051 92.3497080802917 86.1697793006897 70.5140829086304 61.7999484141668 26.101678609848 21.0281337300936 11.592198163271 0.115839444333687 0 0 0 0 0 0 0 0 0 0 12.9502788186073 16.5033017595609 27.8442104657491 32.038169602553 35.8717565735181 40.484977265199
103.35053006808 99.1340478261312 75.757955511411 43.5279707113902 25.5653783679008 33.2727680603663 30.8896924058596 27.8377657135328 23.0311999718348 20.1950470606486 24.6748377879461 25.3820717334747 28.7387246886889 36.1586461464564 36.5019117792447 35.6896171967188 42.7621454000473 52.5876333316167 60.1510107517242 53.4146030743917 52.3914645115534 48.8463938236237 58.5667788982391 66.6716744502385 72.9814469814301 74.3863979975383 71.4007218678792 62.2983624537786 42.0952538649241 19.8161204655965 14.1351297497749 11.687067647775 1.10050500370562 0 0 0 0 0 0 0 0 0 0 22.1244916319847 21.8103105823199 25.5107035239538 29.5997560024261 35.4390020171801 38.9514242609342
89.1326765219371 94.1098630428314 87.1064762274424 54.0219992399216 26.0873213410378 33.3026498556137 38.6368632316589 46.4054445425669 45.9144612153371 38.1431132555008 32.7883313099543 36.5128268798192 37.4386583765348 43.1469877560933 44.3239907423655 39.9451330304146 41.3871730367343 53.4994204839071 60.6627762317657 63.9343758424123 64.2920186122258 59.4921211401621 57.4252555767695 57.5987249612808 61.2995624542236 63.83416056633 59.6580157677333 59.1222544511159 35.9885891278585 30.9629887342453 27.4444967508316 33.8722144563993 27.0717740058899 1.61899590030619e-05 0 0 0 0 0 0 0 0 0.648947626662751 21.9044784704844 27.3075451453527 34.3671788771947 32.5738787651062 30.747227370739 32.5245559215546
87.8262718518575 93.4302111466726 91.4898117383321 64.3911858399709 40.612518787384 48.0882028738658 61.3471468289693 68.6948547760646 76.0162969430288 68.951353430748 50.334095954895 54.0572603543599 51.5982458988825 55.3819040457408 54.0480266014735 46.8946794668833 44.8200156291326 54.0396273136139 63.3878409862518 75.3700882196426 76.5152623256048 73.0881939331691 65.6864792108536 59.342548251152 60.9137366215388 63.511997461319 58.6966971556346 64.9035920699437 59.6470435460409 58.8521510362625 65.3393864631653 85.4322711626689 94.4759448369344 72.8532622257868 0.332311067419748 0 0 0 0 0 0 0.0645625502026329 13.2826430102189 22.4180022875468 13.9670396844546 15.3189736107985 17.6822344462077 16.3963797191779 21.0618575414022
89.6443128585815 88.2803797721863 88.5939498742421 70.9206362565358 68.6569114526113 72.0856090386709 83.1039597590764 84.9430859088898 87.8003140290578 82.232341170311 62.7497732639313 57.771364847819 56.8458437919617 56.8697849909464 59.4007422526677 57.3901931444804 51.1892288923264 58.3811302979787 72.10307319959 77.4486710627874 75.5411883195241 67.0287311077118 66.173513730367 66.8313999970754 67.8937981526057 68.4016843636831 66.4315770069758 75.8840143680573 92.7721560001373 97.745954990387 103.790740172068 112.038234869639 122.89027372996 129.907935857773 83.6590131123861 4.46988393863042 0 0 0 0 0 16.3980486492316 14.6755315363407 11.8359563251336 3.1565943111976 2.90600831309954 5.55055340131124 10.4417378703753 15.5517359574636
92.6673611005147 80.7906140883764 81.6491941610972 74.4313796361287 88.9627734820048 85.7922832171122 85.1125121116638 79.2447825272878 75.1296033461889 66.9629673163096 56.6593607266744 51.4687597751617 55.1386078198751 56.4258396625519 60.535525282224 66.1721775929133 60.3251357873281 56.2978039185206 68.9767847458522 71.874330441157 69.9505805969238 62.4662886063258 63.513974348704 69.8324988285701 73.2118139664332 70.3969498475393 71.770707766215 77.3835728565852 100.665867328644 114.457875490189 124.255418777466 130.134046077728 137.805412213008 140.274266401927 130.70007165273 54.3977121512095 0 0 0 0 0.609873794019222 6.91712958117326 14.4936218857765 1.24147992270688 0 0 0.879255589097738 5.41458278894424 13.5026946663857
93.3720469474792 74.8681724071503 75.6212075551351 80.6270589431127 88.9570315678914 84.7347776095072 70.9785918394725 56.2242319186529 42.9361760616302 36.721316476663 36.2082719802856 40.6307702263196 49.8514026403427 56.8596223990122 64.7947738567988 69.2095110813777 66.8489933013916 54.0354698896408 59.5515817403793 62.4429484208425 61.2848897775014 62.7301881710688 63.8693869113922 70.1781759659449 77.0247677961985 73.9919890960058 77.0878493785858 78.4596701463064 94.7388509909312 118.434290091197 134.666919708252 142.010052998861 143.001367648443 144.431640704473 152.146418889364 132.167150576909 47.6278265317281 0 0 0 0 0 0.950200095151862 0 0 0 0 1.1922762884448 3.03529358158509
91.433862845103 92.7746097246806 115.142365296682 148.519933223724 122.126758098602 90.7000501950582 61.0625843207041 37.8798047701518 28.7762582302094 31.8478917082151 27.7719895044963 27.7841041485469 46.4282731215159 57.1041603883108 68.4123585621516 76.7415513594945 72.7090686559677 59.6057871977488 60.6215248505274 64.4047558307648 61.306228240331 66.2699242432912 67.7163849274317 71.401725212733 79.1917790969213 84.2651228109996 83.3082844813665 85.5066279570262 97.9398687680562 124.0041355292 143.42408378919 148.353050152461 144.600411256154 152.338534593582 162.358065446218 165.733814239502 137.385606765747 73.9383846521378 12.2274532914162 0 0 0 0 0 0 0 0 0 0
105.123142401377 139.975279569626 188.811202843984 210.215707619985 188.922166824341 133.023718992869 82.906906803449 51.0857353607813 43.4795717398326 49.1030563910802 40.4319887359937 34.4661027193069 44.4305092096329 55.2745014429092 68.5327450434367 79.3435076872508 75.3381748994191 68.9507722854614 63.7541661659876 65.3232584396998 64.7759785254796 68.8738326231639 71.44795358181 73.4297583500544 79.8161675532659 93.0301447709401 94.058374563853 99.897027015686 109.719266494115 127.121428648631 143.056710561117 151.175707578659 154.467165470123 160.962502161662 166.981736818949 166.783054669698 159.447640180588 139.442871014277 71.1094389359156 11.4186977346738 0 0 0 0 0 0 0 0 0
166.747768719991 202.27978626887 226.030786832174 228.073139985402 226.253867149353 199.15646314621 153.761724630992 113.315969705582 88.5517001152039 77.3245890935262 73.0558385451635 60.2717300256093 46.9307353099187 52.4325867493947 74.6695498625437 80.4615914821625 73.8638540108999 74.4008620580037 65.2365485827128 63.8698041439056 68.0259317159653 68.8789983590444 70.0252602497737 72.2799549500148 77.3023764292399 92.6065941651662 100.914597511292 109.843552112579 118.535260359446 126.725375652313 139.783432086309 151.510894298553 153.320650259654 151.345272858938 153.114398320516 144.91726954778 146.366457144419 132.838020722071 84.9527617295583 30.2861059705416 5.54419743518035 3.20380864044031 1.1704849700133 0 0 0 0 0 0
217.439770698547 233.041246732076 236.98349793752 234.32860771815 236.540933450063 232.528626918793 210.049907366435 165.112495422363 125.929454962413 101.286967595418 103.936324516932 92.9272969563802 67.8486029307048 62.4545911947886 71.4221646388372 75.5459467569987 70.5168892939885 70.5942213535309 64.8117909828822 65.3959264357885 63.8734400272369 64.7867520650228 64.7716720898946 66.9663647810618 73.7756788730621 85.8547985553741 97.6517697175344 103.084474802017 114.454011122386 126.249472300212 137.96388109525 141.319801410039 131.985048453013 120.538125435511 124.532580375671 107.603172461192 108.260452747345 92.4662848313649 55.213118592898 20.7217633724213 17.6976782580217 12.0767181118329 4.93310733387868 0 0 0 0 0 0
230.438450972239 237.014730771383 234.429697195689 236.420869827271 237.175424893697 234.587033589681 227.043708165487 193.668822447459 146.026482184728 116.66464805603 115.640560785929 112.786948680878 94.8785146077474 76.1084010203679 73.0031977097193 75.3902693589528 68.5652196407318 63.8018945852915 64.257949590683 68.1649694840113 63.0743205547333 61.8028144041697 63.7913395961126 66.3131922483444 70.5056041479111 79.1301826635997 89.3764595190684 90.5404090881348 101.191679636637 121.767302354177 130.946715672811 128.558297952016 121.723483006159 114.931285381317 107.195983330409 92.3216938972473 96.5900123119354 93.6202208201091 73.1640507777532 36.6900016864141 28.9129018783569 31.4149409532547 6.89074769616127 0 0 0 0 0 0
224.679013093313 228.411575158437 223.678529262543 225.75835386912 226.351996262868 220.692455768585 215.987145900726 196.167568365733 154.872894287109 127.761761347453 120.520701011022 116.863826910655 108.700563510259 85.345447063446 76.91290974617 80.2805821100871 73.4271357456843 63.7764036655426 68.0187145868937 69.2618439594905 66.7377958695094 63.5782877604167 67.1910842259725 71.644514799118 71.0430294275284 76.5265921751658 81.7005336284637 82.6237897078196 90.9542838732402 112.303415934245 123.002330462138 122.006396452586 123.296876748403 124.99604622523 105.890413125356 99.1763671239217 104.04180486997 111.339996258418 106.195777654648 65.1669104894002 25.3742312391599 11.7761604487896 0 0 0 0 0 0 0
202.978134155273 206.676642100016 207.603891690572 203.500330448151 203.627069791158 201.487501462301 205.746948719025 199.911554654439 166.966676712036 135.344445705414 121.495137612025 110.443661610285 103.314648071925 85.308571656545 73.219045996666 79.8304378986359 82.7128638823827 69.3771342436473 71.4690685272217 75.8096079031626 74.9801148970922 69.9774920940399 70.2133178710938 73.785608013471 71.627547343572 72.0607439676921 79.9680004517237 86.6783559322357 90.7052357991536 104.578047990799 119.261523087819 124.510904153188 125.204354524612 128.404160340627 109.591980775197 110.095173120499 110.731522242228 119.232445955276 119.373520215352 78.5892556111018 12.8204549352328 0 0 0 0 0 0 0 0
179.505348205566 189.337849617004 199.511567751567 196.82910044988 195.018112659454 201.465944449107 209.39169327418 209.715485572815 188.598414262136 149.408161640167 125.517040491104 102.671364943186 90.7817681630452 79.3783416350683 69.5208857456843 73.7757285435994 86.8313113848368 77.6191701491674 73.8762219746908 78.1267633040746 78.5631040732066 74.092373251915 71.1827427148819 73.2104629278183 75.5658398071925 74.9162832895915 78.3734867970149 87.7997080485026 92.7613377571106 97.719152768453 110.560437043508 124.907324711482 126.820584138234 118.999361991882 105.335881312688 119.318137566249 123.40380748113 128.342022498449 126.529941956202 100.088020165761 8.41014956434568 0 0 0 0 0 0 0 0
142.212758461634 153.396397829056 162.862877051036 167.35581556956 175.268153349559 191.273033618927 205.509563287099 212.034364541372 203.122973442078 170.937597751617 137.233207623164 106.00886742274 87.596317132314 85.0935180981954 76.0765075683594 69.4502840439479 80.9872647126516 81.3635736703873 74.3878930807114 75.0390291213989 75.7708847522736 72.6830959320068 69.2696869373322 70.6050544977188 75.0976105531057 79.1558424631755 78.9508918921153 84.6383074919383 89.8286700248718 92.2498901685079 101.569881041845 118.879467248917 124.704370896022 106.748461723328 109.117845694224 130.863348642985 135.032633940379 131.942510604858 131.229797999064 126.967668533325 67.6921755075455 0.473953395461043 0 0 0 0 0 0 0
104.722688595454 112.086673577627 111.192166805267 122.367600599925 138.822426398595 156.44383430481 172.071059544881 183.461229006449 182.317535082499 158.226668834686 124.201903740565 98.2939004898071 84.3027532100677 81.9697628418605 77.691858013471 72.5374768177668 77.2562921047211 77.9664814472198 70.4608509937922 69.9474563201268 73.5003153483073 77.8314272562663 76.3378441333771 71.8245406945546 70.9595382213593 74.6915886799494 80.4785490036011 84.9401851495107 89.9786253770192 88.4387493133545 92.5471683343251 105.982005596161 113.818188508352 109.97599363327 132.413814465205 143.250733613968 139.747271935145 133.470058441162 137.392659982046 150.053054094315 144.289046525955 78.2404045263926 9.86938861509164 0.0392681564941692 0 0 0 0 0
93.2067235310872 95.2726105848948 95.1165854930878 96.928467353185 106.727639834086 112.944493691127 117.313305536906 122.802545626958 122.062573830287 104.708502689997 89.1647736231486 84.4280024369558 82.5981547435125 79.9021075169245 77.631284793218 77.398881316185 76.1093844970067 76.8306354681651 71.3657140731812 70.2230830987294 74.7749110062917 80.5174509684245 81.8811406691869 77.4768441915512 74.0042825539907 73.4343429406484 83.1723312536875 86.6392453511556 89.018185933431 90.7088915506999 90.7644232114156 99.3268589178721 107.179502646128 118.961830933889 141.913811365763 141.609936952591 131.267050902049 120.27496099472 124.018569787343 142.764359712601 152.918070554733 150.339970986048 90.6260510285695 19.6729426582654 0.18909676388527 0 0 0 0
102.33532389005 99.5257596174876 99.4027256965637 98.9179710547129 94.8888162771861 93.0492579936981 91.1226073900859 92.7032828330994 97.4988639354706 88.3612930774689 79.9521505832672 81.5466890732447 84.8395725091298 84.6602916717529 82.5620740652084 80.8829764525096 75.2278318007787 82.7413648366928 83.0044200023015 77.7519692977269 79.8521687587102 80.7034025589625 79.3118327856064 82.4637313683828 83.5300882657369 78.5282204548518 83.8843584060669 87.9264175891876 90.2873973051707 91.9945041338603 93.5081740220388 97.6391832033793 105.305413405101 123.009184996287 136.996159950892 128.406455119451 114.990035692851 104.449103275935 101.467033227285 113.915493090947 146.587073802948 149.951646725337 127.341638008753 62.9717409610748 8.21727390090624 0 0 0 0
107.137064139048 104.208578666051 106.945166985194 105.113387107849 98.0444351832072 94.2360162734985 91.7159716288249 88.1872872511546 88.6462330818176 84.9654674530029 82.6703955729802 81.7362368106842 85.163801908493 89.8356139659882 88.9942149321238 85.3043993314107 81.6967189311981 87.1224304040273 90.4239217440287 83.42644572258 80.6370576222738 78.6993751923243 75.131560365359 76.9462039073308 81.439216931661 78.0860980351766 75.0404496987661 81.1843574047089 86.3729914029439 89.3616676330566 90.6647841135661 91.6538238525391 102.592488129934 124.424000581106 131.455689668655 117.202917734782 102.920552094777 99.5996097723643 99.7006793816884 109.232733647029 118.463695049286 121.832350889842 107.067922751109 72.5413163503011 15.2285918593407 0 0 0 0
90.5045568943024 93.2430724302928 102.221479018529 99.6098617712657 102.464735507965 104.750037193298 103.366722663244 98.1958309809367 87.2874855995178 86.1090024312337 89.2569621404012 84.8908523718516 84.9914749463399 88.8688266277313 90.1429454485575 86.9167844454447 88.0078574021657 89.825431505839 90.092788139979 84.4906866550446 78.695406516393 75.9077171484629 74.3723710378011 72.8498697280884 75.650284687678 79.3956617514292 75.4766762256622 78.1965255737305 82.429975271225 84.7201546033223 83.9739441871643 82.3301176230113 93.817541996638 109.493911266327 116.123934586843 105.135430892309 100.859711567561 105.801691611608 109.922150770823 110.158423582713 105.349491039912 103.146304686864 96.8347092469533 69.472074508667 24.9611685673396 0 0 0 0
