input/barkrak2/radiation/dir08224.grid
NCOLS 85 
NROWS 70 
XLLCORNER 665100 
YLLCORNER 4664600 
CELLSIZE 20 
NODATA_value -9999 
[rows 20 to 39 of 70, columns 0 to 45 of 85]
71.8415180842082 59.7155193487803 64.7626419862111 83.6489697297414 77.9040406147639 70.014292995135 64.75763519605 76.1241763830185 86.6603056589762 94.5971111456553 103.534728288651 102.071175972621 100.363820791245 104.781627655029 115.052501360575 131.298174460729 145.63129345576 154.29025888443 167.148013909658 183.425565560659 189.165055751801 177.264451980591 175.175746281942 177.383065223694 177.038232485453 175.288875897725 173.961381117503 179.467002550761 177.122453848521 179.634610811869 164.586126804352 151.216139396032 153.304119904836 140.053192774455 157.55965312322 164.618710676829 164.449771245321 166.411658128103 171.127577622732 175.908188025157 177.54606405894 178.153733412425 181.278645992279 173.819184303284 180.326183636983 185.261130332947
101.6712586085 89.0968342622121 82.0316324631373 105.546156565348 103.378395239512 70.0179586807887 74.5686690012614 87.2250199317932 92.1565095583598 96.5535243352254 98.866860071818 99.6193587779999 101.919879515966 95.2123006184896 107.404182354609 122.160305579503 136.656145254771 147.816717624664 159.204741319021 175.856570402781 183.961033821106 197.781900564829 200.33057530721 196.031550566355 187.904159228007 173.175930976868 160.288621981939 159.665157397588 159.842600425084 160.590906937917 137.087047100067 112.435181935628 94.0202673276265 78.6488354206085 88.1610810756683 106.229960918427 117.248912652334 152.738392353058 166.153877973557 169.256647427877 168.906728426615 167.80811548233 157.581567764282 140.296459197998 167.037427425385 179.541945457458
148.116191228231 144.489496946335 125.065962473551 126.262466112773 124.8752673467 90.6340579191844 96.8230863412221 96.0379342238108 87.4443352222443 90.7961626847585 98.5516508420308 99.7558434804281 108.470271031062 108.048776785533 110.816220442454 119.077463944753 130.478789409002 144.568314154943 151.91258986791 156.598518292109 161.216159661611 177.677114804586 188.577473163605 190.13782342275 186.427116394043 177.239735921224 161.295076211294 152.068724234899 157.70012140274 136.847635110219 100.557178258896 66.8231546878815 48.0940341949463 27.305081486702 23.6153230071068 38.0912224451701 68.155437707901 89.8446838061015 120.964745680491 131.911307573318 143.047869205475 150.55055419604 130.783299605052 106.391956408819 137.952983379364 173.63703250885
185.16598145167 176.64643128713 144.943207502365 133.02426536878 130.515227715174 126.197437445323 116.143484910329 96.5984265009562 81.7460219065348 85.0420296192169 100.473016500473 103.67073615392 111.074914534887 122.182091077169 120.293349027634 120.626370112101 129.689524571101 141.60418510437 148.759762446086 139.225860436757 138.73960574468 145.246217648188 159.490476051966 168.676853179932 171.496510505676 165.214776992798 157.445768515269 144.160608450572 123.44366312027 95.7991083463033 64.5925899346669 54.3794929981232 24.9726523955663 1.88468567406138 0 3.48782073706388 20.680658519268 43.6814179023107 57.6303948958715 70.734828710556 78.4384906291962 66.6839530070623 84.0864976247152 117.589692274729 132.540136575699 160.51572561264
176.69939994812 179.016609986623 161.788245042165 136.848499377569 121.234804391861 125.113358100255 116.457760334015 106.071839729945 94.158003727595 90.4293755690257 98.6522932847341 100.693007310232 110.87891459465 119.866033395131 119.738519191742 119.078238805135 126.485566298167 138.438642024994 146.072069803874 137.641489505768 137.984355290731 133.499840895335 143.353601296743 149.861127138138 151.967177788417 152.403930823008 145.505477984746 131.01656238238 113.43041062355 60.9619319438934 55.6733310222626 54.9783905347188 33.4298610687256 2.13706415767471 0.33575816390415 5.44296080867449 13.2783527175585 28.8081119457881 34.7192237774531 39.2027894655863 35.8242442210515 35.8254164457321 57.0296545823415 148.000458876292 153.621276219686 158.428053061167
167.233208815257 168.925742308299 171.421190102895 143.788953622182 121.825883785884 125.327368577321 128.198236227036 132.324198881785 128.358612457911 117.302755514781 110.675563414892 118.031362692515 121.249477068583 130.130231380463 131.38003150622 123.713374137878 124.994059403737 138.951669136683 144.197622934977 147.655516862869 151.401569445928 147.004981835683 143.045634031296 141.066571076711 142.10640390714 141.243457794189 133.801907300949 124.958842992783 100.245416164398 85.2705041567485 84.8614970842997 95.1207677523295 88.7408753236135 30.3232247630755 11.6264298558235 20.410863061746 20.1453231275082 25.8617550134659 31.4406802256902 23.5180382927259 21.6269393761953 26.9786715507507 70.2480326096217 144.211212793986 164.216895898183 168.431162834167
166.475613911947 168.352047602336 173.900326093038 152.350008487701 138.898114363352 142.233530680339 151.559859514236 159.093012412389 166.60941640536 158.292531967163 133.858899275462 138.762136300405 137.799799442291 147.148797909419 145.938585201899 133.519887924194 130.912701288859 141.764054695765 149.382879336675 162.823468446732 165.150513251623 161.783665418625 152.246375878652 143.445869286855 142.309774955114 142.33805735906 133.091559012731 130.588362614314 116.331587235133 120.891710122426 136.1177166303 161.874423424403 171.077211697896 155.517369508743 80.5027782917023 38.1639922658602 36.4001467823982 32.5849453608195 30.5101374785105 21.2863832712173 39.3710782130559 73.2852866252263 113.732596238454 130.019396543503 158.777713775635 159.423063198725
168.840607007345 163.758228222529 169.212857882182 156.949470440547 169.793367385864 168.586254119873 175.359567006429 175.418814023336 175.965388615926 171.070138613383 147.035757700602 142.044891913732 147.06098039945 149.1792400678 151.035577058792 145.860036214193 140.20570119222 147.917538881302 161.38219833374 166.48276646932 166.858792304993 156.358510255814 152.359406153361 153.032004833221 151.998728513718 150.120258331299 146.563897530238 143.114646275838 152.743895848592 162.937581539154 179.12232875824 191.611031691233 200.395901997884 212.032834688822 181.808809439341 83.40189854304 50.1572986443838 36.5400115648905 22.7596039573352 20.5825939774513 61.6611589988073 140.58256149292 132.379869620005 120.67715326945 125.535140434901 122.961541016897
167.619546254476 156.413187583288 161.130954821905 162.190804878871 192.384203275045 181.953350702922 174.628774325053 160.550514856974 154.036025206248 151.266386111577 139.578074216843 133.332272370656 144.879162311554 148.592203855515 154.325991868973 158.149480819702 152.802725632985 148.651202519735 160.768806934357 162.558078765869 159.159719944 151.839097340902 152.701407670975 158.593356609344 159.488469362259 152.005910873413 153.714070717494 150.920261939367 164.132465918859 177.804629007975 198.465764522552 211.187899112701 217.615763346354 218.995074431101 219.104488690694 156.055957078934 51.1971116065979 19.8452547192574 12.2549881537755 23.1139113505681 77.5990635156631 128.973990678787 120.216796795527 87.5378350416819 85.0724776585897 85.6954753398895
167.463024457296 149.941176176071 154.738485813141 171.071887016296 192.058126131694 180.033127466838 156.289716561635 135.319173336029 120.022038618724 112.531214952469 111.485282580058 116.400380929311 133.248150348663 149.315516153971 155.901491641998 164.889544248581 160.460283358892 146.571129560471 150.917241970698 153.285245100657 153.112302223841 153.549273808797 153.854558865229 159.829427798589 163.358896970749 158.744553724925 161.974956591924 158.436218897502 160.739262898763 185.92365582784 208.837350209554 224.014321962992 223.243117332458 221.989969412486 233.121951421102 223.959763844808 144.033968448639 51.4590740203857 35.8269140124321 40.2982284625371 66.0290569067001 83.1238130728404 94.0786202748616 64.2227033774058 60.3129168351491 65.4245515664418
163.831055164337 169.36453183492 197.68746693929 240.625818570455 223.649303118388 184.956232706706 146.697153647741 111.472308635712 99.1223553816478 104.134807984034 102.183640003204 101.927777131399 124.129871527354 149.789681037267 161.130537589391 168.686668078105 168.705900510152 151.247868935267 150.492638349533 153.879771629969 150.39258201917 159.383376439412 161.847958962123 162.371158599854 168.86427005132 171.929876009623 170.358876387278 169.198751449585 173.610726992289 196.234663327535 219.050625960032 229.709267616272 225.586553414663 232.707500457764 244.521836439768 249.390264352163 233.230312665304 185.241162776947 99.7864007949829 61.0653162002563 52.5194605191549 55.8888961871465 73.7019628286362 59.9886476993561 56.3899179299672 72.6974407831828
182.5932264328 219.474037488302 263.891736666362 286.57207886378 281.26452366511 229.409436384837 174.4744181633 132.506956656774 122.801721096039 132.406731446584 121.279249588648 109.623769919078 120.415270328522 138.945678869883 158.407509326935 166.937152544657 164.235055446625 158.025364081065 150.570263465246 152.36884355545 153.638362884521 157.276044289271 160.118867953618 162.048051754634 167.815009752909 184.075355529785 184.904138247172 189.016779263814 190.690537293752 206.330219904582 222.519675890605 232.245882352193 234.19201374054 242.295920848846 248.907764752706 245.840628941854 242.705484231313 244.971911112467 183.032631874084 99.5448529720306 59.6956809361776 56.8546156088511 64.0334188938141 63.4192625681559 75.4595299561818 99.8700857162476
242.363035678864 275.150775909424 291.502674420675 290.476103623708 300.274968147278 283.698201179504 246.311545372009 206.225653489431 177.117307980855 168.491800626119 163.457969824473 144.336680571238 119.989653428396 133.468419313431 159.258077541987 165.171096722285 161.849319934845 163.359105587006 153.335938851039 151.758372783661 155.798405408859 158.97806485494 159.937729438146 162.161032358805 166.990458965302 181.920945644379 189.846833546956 198.449313640594 204.226195812225 208.714226881663 223.896324634552 235.217730204264 234.637220700582 232.42845137914 234.448532263438 223.696668942769 225.242614746094 221.447944641113 181.45086367925 125.496049722036 85.6386721134186 75.5208482344945 67.5429801146189 64.852237701416 74.4171291589737 102.075239022573
278.220335642497 295.613348484039 294.088204701742 285.140931606293 293.643534183502 299.209475517273 286.994993686676 249.464670817057 216.281493504842 194.626927375793 197.16203212738 176.562448342641 141.794174909592 142.262935638428 154.030134280523 161.589990059535 155.329704284668 158.762991428375 152.049084504445 154.183208942413 152.006606260935 155.303796132406 154.784262180328 155.136168003082 164.183268944422 176.007409890493 190.098762512207 193.805317083995 200.75664917628 211.874783039093 225.185990333557 226.895968119303 213.95081281662 203.450163205465 206.612586975098 180.903414885203 181.258777777354 168.077210585276 137.774914503098 107.826848824819 114.663938681285 105.409999688466 87.1904989083608 67.452351252238 66.2404000759125 81.0053497552872
290.180722872416 293.159325917562 295.761704444885 291.361927986145 290.648301442464 294.883688290914 298.37687810262 280.062079429626 236.933668454488 210.62825123469 194.427947203318 184.682846069336 172.294596831004 157.541781663895 156.13932410876 158.862113952637 155.077328284582 152.297596136729 152.894785006841 157.549033562342 151.929835478465 150.769253571828 154.290119806925 155.492643515269 161.76641980807 170.007268587748 180.582205454508 182.163298130035 190.840562184652 208.290636539459 217.96065568924 212.889353434245 200.647612412771 196.532825628916 181.116938591003 170.440673828125 170.862913131714 171.845455964406 155.778537193934 132.425338029861 133.808106184006 138.203322887421 117.743571599325 98.3947912851969 79.6114106973012 70.6335604190826
291.404445966085 291.282912095388 291.414837042491 291.702230771383 289.326508839925 287.481625874837 289.053658644358 282.60729710261 239.018519719442 206.707855065664 195.020079612732 191.324849923452 189.796507358551 170.14354467392 162.673532962799 166.889727115631 160.873224337896 150.718102852503 157.013128201167 157.971481482188 156.717459360758 152.005692323049 156.00061416626 161.897530158361 159.562796354294 167.188704013824 172.391851743062 173.639953136444 181.620081265767 201.01668437322 209.808210531871 205.563187599182 203.274190425873 204.29668823878 179.400165875753 177.28865146637 183.0668648084 189.487119515737 189.169307549795 166.853904724121 125.631113847097 125.225603580475 104.629874229431 91.815322637558 77.73490746816 62.2330655654271
278.979400793711 281.049986680349 282.762626806895 281.361480553945 279.646337032318 276.993950208028 281.797607739766 281.05507294337 247.368454933167 205.535451571147 190.236528714498 185.547411441803 186.497648557027 171.06028397878 160.562644402186 168.592234452566 171.674211819967 157.271206378937 161.357214053472 164.493421713511 165.0164326032 158.968736728032 159.112165371577 164.788881937663 161.976953347524 163.857807715734 170.873085657756 178.702155749003 182.678977648417 196.908156077067 207.148810227712 207.900087038676 201.787650585175 206.320802370707 186.304688453674 188.377340634664 190.950353940328 198.030710220337 198.729574680328 172.035972277323 98.4271168708801 75.6944914658864 63.6983712514242 54.1533827781677 54.7208239634832 50.0367234150569
263.578037420909 270.618319511414 278.093298276265 275.017321109772 273.899336655935 276.905020078023 282.842040061951 284.849067529043 263.724704583486 220.468401908875 198.544224103292 184.425075848897 176.777303218842 168.595373630524 158.270180225372 163.919508457184 177.698353926341 167.348086833954 164.522916078568 167.510469754537 169.368783632914 164.031078418096 160.547395547231 164.364496866862 165.388454993566 165.960947672526 169.338544209798 180.52222331365 184.195717175802 189.111669858297 202.051599820455 210.205793380737 204.783936341604 189.835747083028 180.249432722727 197.987159093221 205.137590567271 208.048204580943 195.780495802561 185.154318809509 94.9930946032206 45.0290739536285 21.5635672211647 19.480029741923 20.0767889618874 24.9363134304682
232.413589954376 241.199811299642 249.152362346649 253.816783428192 260.501821835836 271.875580151876 279.372175534566 283.330003420512 273.38707447052 237.835029760996 211.837828159332 191.543201605479 176.243185997009 175.134340922038 164.975583553314 158.147195974986 172.467033068339 171.70916001002 165.092835823695 164.36708966891 166.588733593623 162.715703248978 158.486624558767 161.433200041453 164.828111728032 169.043123722076 170.08642355601 175.820211569468 182.484328746796 183.560490608215 193.980117638906 207.182327906291 196.100989977519 177.940726280212 185.679197311401 212.648650010427 218.982557455699 213.740944862366 205.200393994649 203.033109505971 159.068842728933 68.2341655095418 30.4643735289574 23.7505088249842 23.4956840674082 17.9518759250641
197.607417901357 203.564365704854 203.258236249288 213.809013366699 229.567130406698 244.092206160227 256.340761979421 265.457073847453 260.773360729218 239.411969979604 210.121293862661 188.600818316142 174.232284228007 172.846734523773 167.892734209696 162.034193674723 166.865746180216 167.128503322601 160.069445768992 159.358481566111 164.437631766001 167.213559150696 165.025055408478 161.484618981679 160.122662782669 164.093683163325 171.824812889099 175.051887830098 181.541085243225 180.922905604045 183.505912621816 196.493585904439 188.495755195618 183.645009994507 211.24541759491 225.615620613098 221.158901850382 214.751760164897 212.859034538269 222.977717717489 231.412887573242 185.561637083689 98.2027649879456 55.575375755628 35.0986868143082 19.0881689389547
