input/barkrak2/radiation/dir00524.grid
NCOLS 85 
NROWS 70 
XLLCORNER 665100 
YLLCORNER 4664600 
CELLSIZE 20 
NODATA_value -9999 
[rows 23 to 45 of 70, columns 0 to 51 of 85]
60.799648364385 50.7778326670329 21.4243034521739 5.80480322241783 0.371858865643541 8.0341553936402 4.84712173541387 3.74099829544624 2.56608007475734 2.26172106340528 2.20755316937963 2.84194946289062 9.93330776691437 13.6269008119901 10.8867213129997 11.7439205447833 16.8143138289452 24.0661352872849 29.0647347768148 23.1446449955304 22.0008691151937 25.4587233066559 35.9738593300184 45.4756518205007 51.6240298748016 50.9611616532008 45.9029575188955 39.3742447098096 20.9855263431867 9.04941869278749 5.28851275642713 1.06907216832042 0 0 0 0 0 0 0 0 0 0 0 0 0 0 0 0 0 0 0 0
60.7044994831085 56.8112780650457 36.2032502889633 9.84807188312213 0 2.82364214460055 4.18146513402462 4.21797297894955 3.41556190202634 3.46447651584943 2.21129165341457 2.01489636674523 6.66420782605807 11.385219792525 10.7411816716194 10.8286080261072 14.983456581831 22.883228957653 28.4118403991063 21.7395996054014 20.1013224820296 17.8699592749278 24.2148463924726 31.9276551405589 35.8684659004211 36.3426208496094 33.4450999895732 30.3139140208562 13.9699466526508 4.69747030486663 2.04957742244005 1.16191951868435 0 0 0 0 0 0 0 0 0 0 0 0 0 0 0 0 0 0 0 0
48.8484253485998 52.7639190355937 45.7966526349386 18.5260946551959 0 7.76238615314166 15.2869162460168 22.9911531011264 23.8641376296679 18.9423983295759 14.6081621448199 15.6793383260568 14.290497948726 17.4474194645882 17.5258554518223 12.8813410798709 14.223409195741 21.5637211998304 27.2821361819903 30.2017778158188 30.3793301184972 26.6286333401998 23.8781521717707 23.4974175691605 26.1111209789912 27.7440249919891 24.2963607112567 25.0430752833684 15.2006819844246 11.2993270158768 8.74193323155244 10.9684119621913 6.58766304453214 0 0 0 0 0 0 0 0 0 0 0 0 0 0 0 0 0 0 0
47.5732485453288 52.1819839874903 49.8172889153163 26.8276457985242 5.78487354020278 18.6447824041049 31.4078976710637 41.4607773224513 48.827201128006 44.5158233245214 27.4038836359978 28.019758562247 26.1037026842435 27.040034532547 27.5092422962189 18.1827768683434 16.2243122855822 22.7964123090108 30.3181062142054 39.7226462761561 40.4035647710164 37.8099431594213 30.3066944082578 25.1643657684326 25.5235955119133 27.7111679315567 23.5377599795659 30.7520776987076 29.4950380921364 28.2860100269318 31.8030292789141 46.4836806058884 53.8604954878489 34.7175796826681 0 0 0 0 0 0 0 0 0 0 0 0 0 0 0 0 0 0
48.7569073836009 47.9168693224589 47.9070643583933 32.2691053152084 27.2014985481898 36.9914894302686 50.7719814777374 57.0358137289683 60.2998038132985 49.3725637594859 37.7008269230525 31.7980100711187 28.3348610003789 29.8188428084056 31.2805796662966 26.8122106790543 21.9526290893555 26.080643137296 37.7843504150709 42.4415121475855 39.9769991636276 32.8056514263153 30.6305189927419 31.0685262084007 31.2397927045822 31.3853770494461 29.0989230076472 38.6383682489395 54.5668949683507 58.807909488678 61.7634356021881 67.5672193368276 77.1454821030299 82.0148686567942 40.6490638852119 0 0 0 0 0 0 0 0 0 0 0 0 0 0 0 0 0
51.5809208154678 42.2098090251287 42.5846328337987 34.5463156700134 45.8194861809413 49.526259303093 55.2771240472794 53.9783239364624 48.6093858877818 38.8490756352743 31.7784125606219 26.8187175194422 28.1697139143944 31.8713362018267 32.9807251691818 34.3085999290148 28.8698027531306 25.5774383743604 33.4612280130386 36.6022512316704 34.7659066319466 28.4033541878064 28.1292051076889 33.3283692598343 35.3424027562141 32.3022430141767 32.9665044943492 38.4222343564034 60.3408366441727 72.5883891185125 78.553169965744 81.7025105158488 89.1959468523661 91.5313760439555 80.7837645212809 17.5001956522465 0 0 0 0 0 0 0 0 0 0 0 0 0 0 0 0
52.8287986914317 37.9335880279541 37.8575250506401 38.693996767203 47.7829426527023 50.5065570274989 42.7925735712051 31.8420951565107 8.01889722545942 5.46453210214774 5.62245274583499 13.7204354008039 25.8254557847977 32.3192576567332 32.9608942071597 36.9440267483393 34.9638511737188 23.8371044397354 25.7382690906525 28.6072244246801 27.7380794286728 27.9879545172056 27.9815047979355 33.0175260702769 37.8083512187004 34.863717854023 36.8658180038134 38.6930902798971 54.2874236901601 74.8013257980347 86.0805213451385 90.2655323346456 92.5825337568919 94.4835642973582 99.022517601649 80.5333058039347 12.9679217934608 0 0 0 0 0 0 0 0 0 0 0 0 0 0 0
52.2068341573079 52.4725367625554 69.4287916024526 96.1171189943949 76.7736732959747 56.6257337729136 34.8711063464483 8.6378138512373 5.89244688550631 11.6148181259632 4.67340741306543 4.09346508483092 24.1905202468236 32.6311911145846 35.3035405278206 42.2714700301488 39.1076654195786 27.8309062123299 27.2526368498802 29.7979613145192 27.2494306166967 30.6139911214511 32.2313060363134 34.7287505865097 39.6694093942642 43.2908485333125 41.7648603518804 43.9662585655848 55.6923300027847 77.93889939785 92.70378947258 94.2141016324361 91.4669136206309 99.1500417391459 108.629514773687 111.30087574323 85.4489505290985 33.7979272007942 0.0438345062624042 0 0 0 0 0 0 0 0 0 0 0 0 0
62.4942183494568 91.5612777074178 136.001765727997 156.323035558065 136.773327986399 91.1388794581095 50.2289434274038 26.8825441598892 22.336853047212 25.8149479826291 20.1193752388159 17.4925290048122 24.5498542984327 32.0602208375931 40.4219677050908 44.6233848730723 40.3755704561869 34.9953224261602 29.6451225876808 30.5884952346484 30.5904125173887 32.9550753037135 35.0894977649053 35.4376286268234 40.1074935992559 50.275057554245 50.3478348255157 55.3989062706629 64.0826374292374 79.3309857447942 92.4712220827738 97.6591110229492 99.2037653923035 103.984653949738 110.289831956228 111.216127872467 104.468017816544 85.0435495376587 30.1362896958987 0 0 0 0 0 0 0 0 0 0 0 0 0
116.042912006378 150.741318861643 176.199853420258 177.907665570577 175.748944282532 150.640378395716 111.932098865509 80.8078845342 61.3644520441691 51.4661173025767 46.2514857451121 38.1448715925217 28.0708074569702 29.5265292127927 37.8786648313204 43.7559833129247 38.5332256555557 40.0569687287013 30.2685151497523 28.712771832943 32.3452080289523 33.8304887215296 34.3685944875081 34.74227587382 38.7319127718608 50.5038102467855 55.7991762955984 62.4826103448868 70.7474549611409 78.3867686986923 87.7052744229635 97.0937510331472 98.9818572998047 96.1604913075765 95.5785711606344 91.5724337100983 94.1248039404551 81.1058978239695 41.9166187445323 0.329250392193596 0 0 0 0 0 0 0 0 0 0 0 0
167.964478333791 186.195333798726 190.770665804545 188.750247160594 191.614290078481 188.08259566625 166.83292388916 129.063347975413 94.2672391732534 72.869747877121 73.8172829151154 65.1019463936488 42.8186357021332 36.0043769081434 36.2123598655065 40.1248782873154 34.4890827933947 35.1975411176682 28.9257342616717 30.0788432359695 29.6639253695806 31.0687000552813 29.8568184177081 30.045544107755 36.0335384805997 45.0746764739354 55.8254222075144 59.4148536523183 67.7622705698013 77.2103319565455 86.5975916385651 88.2470508416494 81.6499143838882 72.3464886347453 73.9862372477849 62.3509685198466 64.0833526849747 50.7967521746953 13.1516369680564 0 0.835154205560684 0 0 0 0 0 0 0 0 0 0 0
182.080725828807 192.149937152863 190.41633605957 191.676239172618 193.160971005758 191.920280456543 182.298918565114 155.072907606761 111.309021711349 85.8139395713806 83.9404165744781 81.6816091537476 65.41674832503 45.5135554075241 37.5267118215561 37.7011944850286 32.0754572749138 29.4199089209239 28.913547595342 31.670905649662 28.7074148654938 28.1981950004896 29.1146288315455 30.2210276325544 33.6636106173197 39.8255859812101 48.9772508541743 49.7300277153651 57.9279810190201 73.0937868356705 79.4013837973277 78.4264256556829 74.384664495786 68.3296024799347 61.2050046523412 51.5225480000178 55.09419242541 52.6112814744314 34.9697271982829 5.4333737740914 5.88088358441989 0 0 0 0 0 0 0 0 0 0 0
173.684457937876 178.194224834442 175.055702527364 177.243153254191 177.59120464325 172.520260016123 166.116654872894 150.695482889811 115.975797176361 96.1014231046041 90.1790956656138 82.3947836955388 74.9506254990896 51.2101650238037 40.0805522998174 41.0054872433344 35.1846938331922 28.0482446153959 31.3523039221764 32.536710302035 31.6706572969755 29.1706571976344 31.3503195842107 34.98258938392 33.8898822665215 38.3881876866023 41.8432752291361 43.0156985918681 49.3367811044057 65.7411068677902 73.9468435446421 73.1473366419474 76.0769198338191 76.8770277500153 61.3953520854314 56.4130892356237 60.4076981544495 66.3626889387767 60.8115096886953 25.0653152664502 0 0 0 0 0 0 0 0 0 0 0 0
148.711174726486 152.514358361562 153.974870840708 151.284078756968 150.965948899587 150.035997231801 154.564996560415 152.497082948685 128.330687681834 104.049861431122 92.2394196192424 75.6303568681081 67.2751665115356 47.0132529735565 36.8051851789157 41.263389090697 42.5308992465337 32.4017852544785 34.5251361529032 37.7659797668457 37.6447960734367 34.4629883766174 34.6211145321528 37.4436924854914 35.3513360023499 35.6204956769943 40.9332116444906 45.9841291109721 50.1283158858617 61.0107829173406 71.6373374064763 74.9308367570241 76.7903725306193 80.6775093078613 64.9431000153224 64.634104569753 65.1821841796239 72.5941161314646 72.065735856692 36.9327664375305 0 0 0 0 0 0 0 0 0 0 0 0
126.129329204559 135.127594073613 146.69985572497 142.95439918836 142.071346441905 148.731152216593 158.602982759476 162.081182003021 147.351761658986 117.861708005269 93.2557880878448 67.9191052913666 51.6197184721629 40.9973661104838 33.1426486372948 36.5393410126368 45.9667344888051 39.1071960330009 37.2791091601054 40.1117329796155 40.6557073195775 37.774292131265 35.8834614356359 36.9000186522802 38.1684949000676 37.7152288953463 39.8787905772527 47.688623269399 51.0511447985967 55.3551663955053 66.2192205588023 75.8519719044368 77.4028946955999 72.6933976014455 62.3195519049962 71.0364729166031 73.5170692205429 78.1257301568985 79.1352838277817 55.4229517777761 0 0 0 0 0 0 0 0 0 0 0 0
90.6208356221517 101.811935504278 110.037277142207 114.254722992579 122.552027304967 137.543151775996 152.070015668869 161.109308401744 158.455391724904 130.661537249883 95.8001514275869 65.5787487824758 47.1731474002202 44.2984650532405 37.4287565549215 32.4867690602938 42.0886079470317 42.6599085330963 37.6184384028117 37.6530339320501 38.0694071451823 36.2117290496826 34.1072082519531 35.231351852417 38.4882415334384 41.4183462659518 40.9882590174675 45.1621462901433 49.6403227249781 51.6261905431747 58.6959620316823 72.4111398061116 76.1389980713526 63.9033665259679 64.9496366580327 78.6563654740651 81.5698603789012 79.769363005956 83.5572779178619 79.1364510854085 28.5888165235519 0 0 0 0 0 0 0 0 0 0 0
57.3634207248688 63.7212047974269 63.204437494278 73.0998267730077 88.1129801273346 104.740569988887 119.679868221283 131.372580925624 132.489730914434 111.126164595286 77.3274898529053 54.5368293921153 42.5218045711517 41.4568334817886 38.6547967791557 33.6857189734777 38.4427507718404 38.6482725540797 32.991535961628 33.3549305796623 36.7007305224737 39.5209193229675 39.3584445118904 36.1182565490405 35.1449772715569 37.9571070273717 42.373850941658 45.2287296454112 48.8522251447042 48.818493882815 52.0739406347275 62.5055233637492 69.4737583398819 65.9344395001729 82.5195560852687 88.4650846322377 84.7117602825165 79.6426932017009 86.0901176929474 98.6782610416412 89.9594028790792 34.7748920321465 0 0 0 0 0 0 0 0 0 0
46.9770779212316 48.7334032853444 48.7847626209259 50.7922867933909 59.3154678742091 65.1663442452749 68.8366343577703 74.5738446712494 74.9458173910777 60.2395931879679 45.6095288197199 41.9805943965912 40.8076594273249 38.2600749532382 37.3582641283671 38.4456366300583 37.3012075821559 36.8490219116211 33.1932008266449 33.4726100166639 37.5127593676249 42.3028369744619 43.9934184153875 40.5731797218323 38.1744305292765 36.4083449045817 44.6665386358897 46.7748691638311 49.8049656550089 49.6675918499629 49.0608712037404 55.9753874937693 63.7180854876836 72.1566528081894 88.7289345264435 88.4346067905426 79.6971966822942 69.9980755647023 74.2133607467016 88.9314313729604 100.738743940989 89.9261037508647 44.7943458954493 1.08918237189452 0 0 0 0 0 0 0 0
54.7293325265249 52.390252550443 52.6194423437119 52.3888170719147 49.0983972946803 47.3534166812897 46.1471180121104 47.3947823047638 52.0691325267156 44.8260257641474 37.7448995908101 39.1238580147425 42.1495536963145 42.6715761423111 41.5688951810201 39.9159118533134 35.5584571758906 42.0636037985484 43.3974117040634 40.5883739391963 42.1465933322906 42.5171057383219 41.6106333335241 44.0657685200373 45.5896457036336 41.6095852851868 45.5518960952759 48.6321151256561 49.9137292305628 50.7816771666209 52.2103657325109 54.7051131725311 61.7757340272268 76.9283771514893 83.1193774938583 78.0701637268066 68.6940451463064 59.1586927572886 56.0751805702845 66.660076379776 89.9762113889058 92.4454530080159 71.2590614954631 25.4110942284266 0 0 0 0 0 0 0 0
58.797299861908 56.1702251434326 58.9257478713989 57.7057898044586 51.2154102325439 48.2131938139598 46.2867766618729 43.9236412445704 44.2239393790563 41.0526841878891 39.7017598152161 39.6822094917297 43.1419213612874 46.4246173699697 46.1644430955251 43.2795981566111 41.0467535257339 46.0600753625234 48.9785025517146 43.7634587287903 42.3164069652557 40.0149176518122 36.9364097714424 39.4223282734553 44.1030611594518 41.1105006933212 37.9317353169123 42.8104003270467 47.2491631905238 49.3967632452647 49.857422709465 49.8478263616562 59.9721918503443 76.3649294773738 82.2239567836126 69.4779654343923 60.0764056046804 56.2904228766759 54.9430648485819 62.1407032012939 68.3672179778417 70.9764162699382 59.7001214822133 32.2157914439837 0 0 0 0 0 0 0 0
44.0738499164581 46.6055025657018 54.8297464847565 52.4107466141383 54.825484752655 57.1715533733368 56.4508984486262 52.6561588048935 43.0415173371633 41.7641897996267 44.8574821154277 41.762501001358 42.4823313951492 45.8312133948008 46.2441146373749 44.3198978900909 45.7168420155843 47.4845468997955 48.3601490656535 44.3211098512014 40.0963947176933 37.2915814320246 35.3640963633855 36.103293299675 39.1327664256096 42.4213906129201 37.772444387277 39.6175061662992 44.1122949123383 45.5317199230194 44.24982269605 42.9036319255829 51.8065343300501 65.8434331417084 69.8880900939306 61.6501371065776 57.7495892842611 60.0227763255437 60.6363912423452 60.9711408615112 58.7376952171326 57.7777723471324 52.7490725119909 31.634380420049 0.836659533282121 0 0 0 0 0 0 0
42.5676455100377 48.0830868085225 50.9701073169708 51.6609797875086 53.4365127484004 55.8841874202093 56.2484562397003 52.673136194547 48.6693779627482 45.1281666755676 46.4847932259242 44.4642206033071 42.310689886411 40.9416556358337 40.3336534897486 40.6493494908015 38.1161123514175 43.8729425271352 45.1966971158981 43.4464861949285 40.3041591246923 38.864163060983 38.5267262657483 40.3426041205724 38.7017726898193 46.9360848267873 49.1331617037455 46.0650424162547 45.7606712977091 44.3478922049204 40.4290209213893 38.4023065368334 43.4692402680715 48.080712556839 53.1696180502574 56.4657946427663 59.6210459868113 64.916729927063 65.8636540174484 58.290883898735 57.6403836409251 54.0871173143387 51.7094781001409 36.0596254467964 8.67129738132159 0 0 0 0 0 0 0
48.4249293804169 52.8793185949326 50.1925945281982 53.4175038337708 52.0937840143839 52.2624204556147 53.8789679606756 52.6583244403203 53.9914667606354 49.9204099178314 49.164871374766 48.6757904291153 44.6608563264211 40.4466514786085 40.0138696034749 43.4408684571584 38.6851032574972 41.789303223292 45.8441426356634 44.7008361419042 41.5519028902054 41.5108998616536 41.594738761584 43.6073939005534 45.8146184682846 46.5212315320969 51.6690264145533 48.5115001598994 46.178658803304 45.8482950925827 41.6218961278597 38.6902019381523 41.2525807817777 40.0313784678777 41.3152774175008 44.7930047909419 50.7110406955083 59.228777885437 58.1453194220861 48.3514914909999 50.0402798255285 47.5476334492365 47.4815467993418 44.802263379097 28.9193044106166 3.53768436859051 0 0 0 0 0 0
