input/barkrak2/radiation/dir00724.grid
NCOLS 85 
NROWS 70 
XLLCORNER 665100 
YLLCORNER 4664600 
CELLSIZE 20 
NODATA_value -9999 
[rows 0 to 22 of 70, columns 0 to 51 of 85]
47.510499755541503 59.6910665432612 68.7115341424942 82.6369225978851 95.255712668101 97.2665051619212 98.1615980466207 104.652464389801 121.402362982432 124.539454778035 125.316421190898 121.520558993022 117.167194684347 117.857287327449 116.260508696238 103.587518135707 91.8965538342794 81.6797316074371 81.4963082472483 82.1102956930796 90.0931557019552 106.263707081477 122.960209846497 123.899151881536 126.977900664012 134.821941455205 133.635073900223 127.595007419586 126.3041694959 127.925217151642 126.92857782046 147.097478310267 176.500916481018 171.453932921092 168.362061182658 164.608399073283 168.428897857666 173.661986986796 168.082276980082 170.141537984212 167.323728402456 178.66712808609 183.052758375804 174.654444058736 167.183518409729 177.281141281128 182.667434215546 137.357205152512 94.6438113848368 90.9001727898916 111.706137657166 151.7553627491
31.7656944195429 42.8191125392914 52.1094302336375 59.1286818186442 70.2256908019384 77.3824751377106 80.8972120285034 90.2219712734222 104.723374048869 101.643373568853 107.72834221522 124.519536892573 117.877999941508 119.522482156754 117.987930774689 105.964630842209 98.2616543769836 88.9687339464823 86.5758856137594 85.1441820462545 98.636011282603 119.58235502243 134.827196598053 132.626126209895 135.129531224569 139.415740966797 136.751155058543 130.488236745199 126.704295476278 132.069031397502 133.339424928029 155.28804063797 175.876239935557 171.591977278392 166.907747586568 165.254324674606 170.623024304708 174.609800179799 166.959504286448 167.50830411911 166.569342215856 169.937411944071 166.083127260208 158.970276514689 155.132740736008 168.280800183614 171.603540579478 129.541565974553 101.96449359258 111.575305461884 138.963798681895 172.237694263458
11.0427166024844 14.7912527124087 21.673247218132 25.6640563408534 33.9642564455668 41.6857252518336 50.5030751228333 64.1617874304454 73.0891327063243 83.789050579071 86.6037408510844 99.8113751411438 99.7161865234375 111.99168364207 122.008820374807 129.793842633565 126.109669605891 110.675126314163 93.3952430884043 91.37890736262 100.632419188817 119.376957416534 130.843470493952 132.993717988332 136.63175702095 135.968764623006 134.489715099335 129.485646883647 128.06624174118 132.016152143478 147.884031136831 165.235698223114 175.761640071869 170.278549194336 166.268537441889 166.08327627182 172.87947734197 174.743453661601 168.938199679057 164.905786514282 161.558260520299 155.273854732513 145.264287789663 139.045665661494 141.103247801463 158.478766679764 153.864731391271 123.378058274587 118.542532126109 138.573269049327 162.28903333346 181.681434313456
4.36729441086451 5.30050757030646 6.36593190332254 8.45188088715076 8.31593945622444 13.6890163024267 19.6880300839742 28.6591798067093 41.5440946817398 54.3152938286463 64.6251539389292 77.7536233266195 87.8836214542389 85.159162680308 97.2078541914622 103.145887454351 101.654926935832 93.551496664683 83.8889877001445 80.2570184071859 84.2941006024679 88.736633459727 102.583587169647 113.880177338918 116.884301106135 119.612236817678 124.130566914876 127.125084400177 130.591740210851 136.331607898076 141.919632752736 160.449773073196 169.210334618886 169.132630030314 166.475911935171 166.576435168584 168.76761118571 169.379512468974 162.819226582845 151.26246213913 149.19106165568 142.185558875402 140.879074732463 149.693091710409 154.557893673579 148.979822794596 138.038337230682 120.856622854869 127.200067043304 141.27383629481 160.590122143428 178.0673066775
11.4971535901229 5.8773426959912 2.42611051847537 0 0 3.1230803579092 12.2991825143496 19.2290345827738 23.8341440757116 29.7812769810359 39.8255462447802 53.3356765906016 59.310441215833 64.7131601969401 76.8543382485708 77.4873892466227 79.1410505771637 76.2751499811808 78.0636370182037 75.8656561374664 77.0938396453857 79.6033541361491 90.3646449247996 97.4092185497284 102.719485759735 110.878030459086 114.39573764801 119.37956015269 126.150518655777 128.780921300252 135.015745957692 149.121026198069 143.194496631622 146.710495154063 151.047885417938 160.357107718786 156.892756621043 154.269645611445 146.320184071859 138.72817158699 140.151153008143 141.057620445887 147.35147356987 157.370358705521 157.287061214447 135.759989420573 112.571696440379 111.042976379395 121.349235375722 138.834367195765 166.806260744731 180.092732111613
34.2791924873988 18.5857477287451 7.20173493027687 0.806295468161503 0.0496780169972529 1.56565134723981 6.17343311508497 12.871099015077 16.2910086413225 16.4918055136998 20.8426713943481 29.109999537468 34.0617249409358 38.9750599861145 43.3996220429738 51.3736953337987 56.9759358962377 64.9661372105281 71.8831519285838 77.0118633906047 84.2921535174052 85.4007601737976 86.2264533837636 91.817984978358 98.1313685576121 102.428634961446 109.241217374802 114.539762338003 120.865792036057 126.865843931834 138.088673353195 145.701517661413 136.676490306854 135.613888502121 139.191498359044 137.556711832682 135.143548250198 136.184831460317 138.621509075165 140.800019105275 140.263338883718 139.887303113937 142.081598440806 144.746442635854 139.519770940145 114.25393819809 91.0056928793589 99.4260311126709 117.704520622889 150.584141413371 175.374686717987 179.381450017293
51.2910932302475 34.1598739226659 21.4342723290126 10.8654064436754 3.52414231747389 1.52773301427563 2.03115415448944 7.30349620183309 12.6221800843875 16.9337553282579 17.4557045102119 16.1173120141029 16.2551378210386 18.1141532957554 20.9110130866369 29.3631876508395 38.2372414072355 51.1850814024607 61.8928571542104 74.5202700297038 84.0013821919759 90.8579727013906 90.4900133609772 88.0462129910787 94.2496955394745 97.4056919415792 102.730224529902 108.887732028961 112.44014898936 121.447791655858 133.730043967565 137.26927836736 126.147091388702 123.988658189774 123.799343903859 126.526971658071 125.065714120865 121.525396903356 118.213246266047 119.711180528005 123.058160146077 123.700628678004 129.951924085617 136.744946241379 135.204374790192 131.310800711314 137.446751197179 142.196039358775 152.209758758545 162.059048811595 168.73433192571 168.388485908508
63.7721369663874 48.6547648906708 34.1133673985799 24.4922637939453 13.3709497749805 4.40500179926554 1.51360221207142 0 6.93877662221591 15.5748923619588 19.8489055037498 19.9875570833683 18.8150902589162 16.7191363871098 13.5286537309488 16.0254637400309 23.0469902356466 32.7039460341136 45.6519474585851 59.2102607091268 70.2874362468719 83.942969640096 88.7463291486104 91.3346906503042 90.3065303961436 90.7102823257446 93.5869614283244 94.3601727485657 101.519038279851 112.459232409795 121.27364675204 121.462563673655 115.092198053996 114.027798175812 109.52216386795 111.339161793391 114.965816338857 115.190764268239 113.905807336171 101.300855477651 100.192705790202 112.044751644135 125.32576918602 136.431088050207 140.66622654597 148.052165905635 154.261112213135 157.276650269826 161.440342664719 160.135686397552 156.307220458984 153.802494208018
58.6145967245102 50.397535165151 37.68523534139 28.7371277809143 21.5634753306707 14.5552977919579 5.10240159928799 0.762597735350331 5.08584020038446 10.3377631555001 15.7738700509071 19.774595896403 22.7859069903692 23.6386011044184 20.9160496791204 19.8266965647538 19.6051535507043 22.7183649937312 29.9486443400383 41.4560486872991 51.3709535201391 62.7610882123311 73.1595506270726 75.8965959151586 80.6871652603149 80.8888127406438 80.9859136740367 81.3568929831187 85.6549739837646 90.9498433272044 95.6205129623413 104.037264982859 99.8915731906891 98.5914965470632 103.253940741221 104.042907555898 104.299644629161 107.910523811976 110.431522130966 105.533500512441 106.837848822276 112.470726172129 132.536103328069 137.825647989909 134.795606136322 134.669880072276 138.190458218257 145.961711804072 155.16522526741 150.685846805573 142.772148052851 144.5032954216
39.2029161254565 35.9595095117887 27.7520765860875 24.4177555044492 19.0147223571936 11.7951408028603 9.23410927255948 8.24509002268314 4.85809581975142 2.42065063988169 5.19697057704131 13.5031715035439 24.6335516373316 31.9439073403676 34.7286015748978 33.090685804685 26.9512236118317 25.2385859688123 24.4456181923548 27.0121494928996 32.5383991003036 38.5287453730901 46.8289703130722 54.1837364435196 63.4733388821284 66.1533971627553 68.7415897846222 69.1441943248113 70.050502816836 73.7581253051758 73.0943580468496 74.8382707436879 79.7590017318726 88.2899562517802 91.5345152219137 95.6568419933319 96.2111453215281 101.333945989609 108.432054519653 112.82017827034 116.658796866735 118.394861618678 116.73104763031 117.078353961309 119.414240121841 135.667353868484 141.530801852544 146.084864934285 148.464302221934 149.504373470942 148.498008648554 143.622845411301
6.63774895171324 4.2120615641276 0.633603155923386 0 0 0 1.21703883633018 9.93343815207481 8.47572398682435 4.9643162637949 2.88805086165667 0 13.5895386338234 24.4485040505727 34.510150551796 33.6967383821805 30.1944042245547 27.6415000359217 23.9851002891858 22.6553678512573 22.8991657495499 24.0932901700338 27.9587308565776 37.1538326144218 46.9025075435638 54.6886374553045 56.4618160327276 57.3177436987559 61.5735799074173 62.9083812236786 64.3253177404404 63.6369337638219 64.9096816778183 67.2900925079982 68.4881856044133 86.1150324344635 89.1247888406118 93.4766332308451 102.791627248128 114.205141862233 117.427448431651 113.425433635712 112.516055504481 109.573304653168 111.45422856013 117.875059445699 135.787109533946 141.419986883799 140.712926785151 144.640743732452 146.338482697805 141.84891184171
0 0 0 0 0 0 0 1.43728141362468 11.6022912164529 10.5235402782758 6.11107423901558 2.52005628620585 4.28537682940563 12.4546140432358 23.6125042041143 27.5518372654915 32.5364470481873 32.8640515605609 28.3973962068558 23.0288331707319 20.4400879641374 20.127618064483 20.8291908105214 26.6440833608309 33.3081136147181 39.0558168292046 42.8147166967392 45.0303306182226 49.400269985199 51.1313825845718 53.0546307563782 50.7726818323135 53.3141593138377 50.9217530488968 50.068254272143 48.5707918802897 63.6967023213704 87.9817008972168 92.5564070542653 106.394588947296 108.420600493749 107.119301954905 104.424059391022 100.440313418706 100.205739339193 101.031690835953 103.785932064056 107.891043027242 115.242818991343 136.294106642405 138.990084330241 137.52692937851
0 0 0 0 0 0 0 0 4.72236921389898 14.0640884637833 13.4600388507048 9.30722368260225 2.41273563976089 0.731172660986582 10.4989806811015 23.4053159753482 33.6665908495585 35.7898672421773 33.3837916453679 29.9469555417697 25.320199628671 26.6855458418528 26.6235222419103 28.2454391320546 30.1685308416684 31.5956721703211 35.0543260574341 40.0525256991386 41.7220294475555 43.1245466073354 43.905441959699 43.2416399319967 39.1413420438766 36.2905710935593 39.7432322303454 37.5060165921847 37.5486860672633 44.3764676650365 51.3124366601308 78.5828133424123 91.6578968365987 93.0189987023671 90.678075949351 89.5000696182251 91.3079977035522 90.8873279889425 88.8855755329132 87.5000158945719 90.8714930216471 95.1622724533081 99.5212197303772 119.194040695826
0 0 0 0 0 0 0 0 0 5.18529551724593 16.1656911174456 19.2042328417301 15.9878556927045 9.60245231787364 8.35502271850904 18.8492462038994 28.1076927979787 36.8686318397522 42.2350466251373 41.1972925066948 36.1544738213221 35.5281631151835 33.629298210144 33.9307313164075 35.6063197056452 35.9096651275953 36.7351025342941 43.5836414496104 42.9342538118362 37.2528433799744 39.9146328369776 39.7525429725647 36.2841039896011 32.4219117561976 31.466340025266 29.7468851010005 28.8123538096746 26.6257151961327 26.0248978932699 34.2575187484423 39.4149099787076 49.2201199134191 58.3157986402512 64.5035256942113 70.16987601916 75.8112668991089 80.182338754336 74.1190413633982 72.5323657194773 71.5958923101425 76.7174661159515 82.3071251312892
0.851721502840519 0 0 0 0 0 0 0 0 0.0395624398758324 14.5559546848138 27.7718702952067 34.2067008217176 29.4699470202128 18.5649531582991 17.2923107941945 20.1664666334788 28.6735544602076 39.6582086881002 47.2920040289561 48.2567052046458 45.4282611608505 44.4970677296321 42.4988170464834 41.6583692034086 43.0557529131571 43.0059134960175 43.461948633194 44.4525231917699 38.5859484473864 34.6603915095329 34.1771592696508 34.032312532266 28.9607594410578 27.2870510816574 24.4376361370087 19.9466322859128 16.6240471104781 15.4863807062308 12.4984371165435 15.2855316797892 24.5576699574788 28.7721926967303 34.4130843877792 35.8738253513972 48.9945660034815 59.073140223821 63.954085111618 64.2991115649541 60.2122247219086 61.862642566363 68.0434952179591
1.5062711512049 0 0 0 0 0 0 0 0 0 3.73751639078061 23.3856737613678 38.3481110135714 43.9385722080866 33.7538396318754 20.7048033674558 16.1383748054504 17.6148886481921 27.6883815725644 43.6916649341583 54.4999142487844 51.6746640205383 54.1765342156092 49.5314498742421 46.0139860709508 48.4694590171178 49.1981506347656 46.6267466545105 45.1914370059967 44.7577784458796 37.9588603973389 34.5380902290344 28.7914474805196 22.5443318486214 22.0715229709943 17.5329272945722 13.229563832283 8.94247616330783 7.81744097669919 5.2045922105511 3.28231664995352 4.80807137986024 10.1130536446969 14.1138508915901 24.7950280706088 32.2067240873973 42.9554680983225 49.1838802893957 51.0376244783401 52.2915820280711 56.0907622178396 59.6250742673874
0.846521540855368 0 0 0 0 0 0 0 0 0.0582333741476759 0.269267746868233 15.5055572589238 31.2236919999123 43.1988885005315 45.3254332145055 39.2219871282578 33.4130475918452 26.2735684712728 21.2885017196337 27.2874211271604 43.3860768874486 54.2333126068115 59.2241585254669 57.3171675205231 54.2923708756765 54.3140470981598 55.5187513430913 54.3856869141261 51.5051633119583 49.6780723333359 46.9249884287516 35.2754270037015 27.8504093488057 20.7585232953231 15.4115905364354 12.5175888339678 9.4151912877957 6.13759644329548 4.22711856663227 3.04327470560869 1.61315283427636 0.316498587684085 2.99960281699896 4.24344092607498 12.7438517908255 22.9360113541285 30.8336565891902 34.9425002932549 42.926420768102 46.4211205641429 49.88099137942 55.7805101076762
0.295354402624071 0 0 0 0 0 0 0 0.335025135427713 0.583968823775649 1.03806192055345 9.61635820567608 21.4707503716151 37.0458165804545 46.5162346760432 52.1593193213145 51.7800748348236 42.9370850324631 31.5166835983594 23.5266139109929 30.334418018659 48.5558658838272 54.5932948589325 58.2637091477712 59.6895714600881 61.9673033555349 64.2139762639999 66.7803784211477 61.8602534135183 56.6012014945348 45.9961593151093 39.8275852203369 30.7799975077311 20.8338101704915 14.6827399730682 12.2140273451805 7.2110208372275 4.24409843981266 1.83906964957714 0.54712015359352 0.02355529917016 0 0 0 3.55246849358082 8.82970790068308 18.3612480759621 22.0757077137629 24.5219245553017 29.9335767825445 34.7092499335607 40.567787985007
0.338486628606915 0.43548740601788 0.0425858743255958 0 0 0 0 0.627122120931745 1.5841720936199 6.85915226737658 10.6165185570717 12.5981792807579 18.3787519733111 22.9156464338303 32.7144886056582 43.3669090270996 50.1064459482829 53.2350639502207 50.9086797634761 39.0496800343196 26.9835740327835 35.1741587122281 44.0972596406937 53.1158099571864 62.1333171923955 66.2251214186351 69.8014249404271 67.7123715480169 65.3910338878632 59.3062390883764 48.5205004612605 38.7039507428805 31.1233202616374 18.6143058041732 12.5357906023661 8.84876151879629 3.98627171913783 0.703249669944247 0.105934440701579 0 0 0 0 0 0 0 7.12597121795018 7.09518790245056 11.8284138540427 17.9040829340617 19.7186805307865 21.6608097155889
0.292008936715623 0.0553874318332722 0.16863849790146 0 0 0 0.115578121040016 1.17067635680238 1.8686787225306 2.10038277631005 8.70349320272605 11.8168989817301 11.4706518749396 14.6920333305995 22.1844216187795 34.181887904803 42.6875948905945 45.162965854009 49.8204926649729 50.3743439912796 44.268270333608 35.7746208707492 37.2944747408231 44.9510514736176 55.3367882966995 62.1084570884705 68.235253294309 68.8945154349009 60.371736685435 52.4386415878932 49.2094755172729 37.5846549868584 25.004044175148 18.3484827478727 8.96371714770794 4.2215750242273 0.974871994306644 0.0146918609971181 0 0 0 0 0 0 0 0 0 1.23466784134507 5.50958017508189 7.59726452330748 9.43802980085214 13.1046772003174
1.33352478345235 0.00609964930238978 0 0 0 0.0495865145542969 0.0269507751606094 1.05836071694891 1.75948347896338 2.4178484454751 1.98431157817443 2.76288576424122 5.38741362591584 7.15148697296778 11.1249163746834 22.1833984057109 31.1985611915588 35.4079653819402 41.8942322333654 52.7561803658803 58.6752444505692 51.3539612293243 50.0648518403371 51.3809720675151 53.6756614844004 55.2807152271271 59.6120953559875 63.3653899033864 59.2894504467646 48.0469167232513 37.5209599733353 28.5107692082723 18.6994237204393 10.2497674524784 2.30756976331274 0 0 0 0 0 0 0 0 0 0 0 0 0 0 1.2548203424861 1.24034758967658 2.87372432649136
9.06639608244101 3.66243347525597 0 0 0 0 0.662219555427631 2.6044895251592 3.09229269623756 2.65663427611192 1.83066787819068 1.04036663348476 2.52953389038642 0.124786505087589 5.67370404799779 14.1668530801932 23.1961210568746 31.2635054190954 37.3126740256945 47.5416481494904 54.2802413304647 64.1665011644363 69.7729736566544 69.9934413035711 63.2665554682414 54.5995136102041 50.9105076392492 50.0176002581914 54.4138004382451 42.20150411129 26.454525689284 16.0921191175779 8.9348287632068 0.778860024486979 0 0 0 0 0 0 0 0 0 0 0 0 0 0 0 0 0 0
33.4688673416773 27.5320485234261 9.31328162550926 2.71953828632832 0.731242354959249 0.247798646645 3.25303617864847 3.71788907796144 3.03217706580957 2.35230506708225 2.53325700759888 6.47837420304616 7.28461891412735 6.18718502422174 6.89322873950005 11.0826815168063 19.3856929739316 27.0572205384572 32.2439024845759 33.6601585149765 38.4354715545972 51.0825713475545 60.1490239302317 64.2730544010798 65.068726738294 58.5809499025345 51.8476863702138 44.5176760355631 37.3713125785192 30.3169339895248 14.6870277822018 4.13450536628564 0 0 0 0 0 0 0 0 0 0 0 0 0 0 0 0 0 0 0 0
