input/barkrak2/radiation/dir05324.grid
NCOLS 85 
NROWS 70 
XLLCORNER 665100 
YLLCORNER 4664600 
CELLSIZE 20 
NODATA_value -9999 
[rows 0 to 21 of 70, columns 0 to 47 of 85]
145.514597495396998 161.723077297211 179.413855075836 201.368927955627 212.572773297628 214.410702387492 211.387197176615 207.165618737539 206.093072891235 209.723552068075 209.730327129364 207.188963890076 203.538874785105 204.347014427185 205.299814542135 193.5067375501 179.978450139364 167.19130674998 165.578842163086 160.480082035065 160.943746566772 178.978721300761 205.978552500407 213.213960329692 216.308375199636 228.742003440857 227.112869421641 211.997111638387 199.412782986959 199.016849199931 194.442868232727 217.178106307983 262.336532274882 260.351459185282 259.359121322632 245.569984118144 250.197271505992 263.871669769287 261.122167110443 261.200308799744 250.534733136495 256.235341231028 263.992011547089 258.660674095154 247.223595778147 250.596404075623 254.527449607849 226.095954577128
122.830202182134 140.79491297404 156.909515460332 176.20724439621 192.004561424255 199.836413065592 203.749934832255 208.443442980448 215.340892473857 215.329806009928 212.733229001363 209.565043449402 204.730312029521 205.204447110494 205.186486244202 192.421197891235 184.308568636576 176.054159800212 171.958565711975 165.203601121902 174.593309561412 199.81857140859 220.655620098114 224.454363187154 228.753328323364 235.447446505229 230.000297228495 216.72256787618 204.330722490946 201.07368628184 201.861500740051 231.701254844666 263.474067052205 259.599606196086 256.758352120717 247.915705045064 253.528078397115 264.989654223124 258.392115434011 259.50821240743 254.05212243398 254.403094450633 251.174410184224 243.356923262278 239.083846410116 249.372839927673 245.425641536713 210.053424040476
85.9459638595581 96.6552793979645 109.066436688105 122.434655825297 138.328899939855 151.004453500112 164.648910363515 184.54388777415 199.50544834137 202.421049276988 205.000301202138 208.763678868612 213.847955067952 216.577231884003 217.486202716827 219.06832853953 216.75040324529 205.474019050598 188.418388366699 179.766992727915 191.947519779205 209.481755892436 221.506933371226 224.453330039978 228.072285652161 229.367136955261 224.947035312653 216.570496559143 209.042012691498 210.288325945536 220.660289128621 247.702638308207 263.737499713898 260.635832945506 255.812565485636 252.500216166178 258.728543917338 264.618078867594 259.919822216034 255.536238352458 250.235438346863 240.021745363871 226.155400276184 221.183439095815 229.745944341024 245.446264743805 233.964482943217 200.044671694438
68.1651135285695 68.5517688592275 74.6339013179143 81.1534970998764 89.0942513942719 98.0106691519419 107.54515727361 125.252038240433 147.133668263753 166.938503583272 185.016989707947 203.813989957174 215.681175390879 219.968318939209 223.835468292236 230.764051278432 226.092755794525 214.978535970052 196.663836638133 188.948094844818 189.647336800893 190.485596656799 204.60440715154 214.285294214884 215.562065442403 216.218988100688 217.250426610311 216.600517431895 217.202067375183 221.629579861959 227.170805136363 252.511580785116 261.330962181091 260.587473710378 256.505866845449 256.194730599721 258.731325467428 259.45770740509 254.24579779307 242.974241574605 235.396246115367 223.167379697164 219.491839408875 232.892533143361 247.836112976074 241.446634133657 221.13311290741 196.090340614319
87.965726852417 72.2291568915049 60.4084680477778 51.4369308948517 52.4968753258387 68.6303079128265 94.0973063309987 105.391403039296 116.190572579702 124.803304672241 149.789810180664 176.21107896169 192.50762462616 201.024731000264 208.53861172994 213.528672854106 210.337698459625 203.125198682149 195.672690868378 190.558870633443 185.805678367615 183.571100234985 194.087525208791 203.357378641764 208.470503489176 214.93140856425 217.218538125356 216.964423656464 217.551430066427 218.34655602773 226.264695326487 255.63778479894 256.37141863505 257.103244463603 254.584074020386 253.473738829295 252.122521400452 249.870479106903 238.456030686696 228.790481885274 227.523446083069 226.350764433543 232.381780942281 243.999938170115 246.5633948644 221.578280131022 193.054636319478 185.163994630178
130.55020570755 103.457947572072 76.8398990233739 54.3810625871023 46.3389654954275 55.7094166676203 79.4280370076497 101.570715506872 106.956581274668 105.726222197215 115.819116433462 130.142837762833 140.977203845978 149.337629477183 159.052272637685 169.760266939799 174.939334392548 183.084408442179 191.887259483337 196.325242519379 196.924924850464 197.857558727264 196.1283882459 198.630670706431 204.517126083374 210.691730181376 215.16094605128 218.016266822815 220.10197242101 221.736013889313 236.981908480326 255.581756432851 250.194191932678 249.845921993256 248.357574144999 246.76122268041 245.224018891652 240.52095413208 229.987998803457 230.330566565196 229.835172494253 227.617025375366 229.722857475281 233.360012372335 224.488894144694 191.758533318837 163.879523674647 173.166473706563
158.543606599172 131.889988978704 109.723885854085 88.1764690081279 67.5335824489594 54.6627442042033 59.6321771542231 88.9808138211568 107.983728249868 116.405576467514 113.133430480957 108.269621928533 103.568106889725 98.9420215288798 100.212554136912 117.620378732681 132.815837860107 156.410167614619 178.967197736104 193.316837151845 201.402326424917 205.61158657074 201.172073682149 197.32012351354 200.722257296244 202.816228071849 207.38430817922 213.480492432912 216.614683469137 224.379102389018 236.932396888733 242.615123589834 235.033353169759 230.744302272797 230.302313963572 232.891738414764 233.378291130066 227.999309698741 222.374022006989 217.203934987386 211.244404315948 210.238337516785 217.508137226105 225.484788417816 217.350622018178 206.883172194163 218.295753002167 228.156665960948
152.545799811681 146.264344453812 145.629107952118 127.067824204763 101.607491572698 70.8562831083934 51.1512458324432 48.4869778156281 80.2288750807444 112.226893504461 122.684558232625 119.325240453084 109.63162779808 98.5848704973857 83.7805072466532 87.0415568351746 101.38017932574 119.735638300578 146.222720543543 168.957869211833 184.955656528473 197.806159655253 204.52469587326 199.437538782756 197.728594144185 195.853173732758 196.061213811239 200.838208198547 204.965869585673 214.925368626912 226.938486099243 229.919334252675 221.634785334269 215.868294239044 211.296995480855 210.741321245829 217.267711957296 217.180093129476 210.866868495941 192.87904103597 190.483132998149 200.36244392395 219.034751256307 231.228808561961 230.72346051534 233.009874820709 240.954081217448 244.125545024872
117.058714230855 129.210074742635 132.682601610819 135.328471660614 120.519002278646 102.259069681168 75.6435493628184 47.5171903769175 58.3364715178808 72.8298674027125 94.5986708005269 119.688401619593 123.732527097066 120.087633530299 104.885071516037 94.1985646883647 91.6081070899963 93.7611063321431 111.686170101166 125.935306151708 144.523253043493 167.220711708069 181.426386038462 180.308123429616 182.083388169607 180.093785127004 180.364231268565 183.339873949687 187.002917130788 197.090744972229 202.920238176982 203.615546226501 201.30846897761 199.983716011047 201.276361942291 203.461448351542 204.725941022237 206.024130185445 204.699714978536 198.212484518687 208.379844824473 222.001433372498 232.109665870667 234.730382760366 228.339731693268 223.925868670146 226.976116498311 237.801055113475
88.8612568378448 88.6359413464864 103.790422280629 110.586583614349 113.486776749293 114.402294158936 101.808528105418 81.8137625853221 55.3071647882462 46.8606054782867 52.0241657892863 73.6152579387029 98.9150007565816 108.550330003103 114.877372980118 110.606024662654 96.0733493169149 90.0162061055501 87.7740283807119 92.0146703720093 103.618085384369 114.422500133514 125.447561343511 139.072765906652 150.704592466354 158.466627200445 159.796744585037 161.138027906418 165.532857179642 171.489199002584 172.616124153137 173.762122790019 179.65426047643 183.378199736277 190.22661447525 194.541990756989 193.758686383565 199.058353900909 201.839784781138 209.681153297424 226.226607958476 236.781656742096 239.196042219798 235.079288482666 227.048615614573 224.274198214213 235.186735788981 243.490993976593
50.5726585785548 51.2972970803579 59.5274368921916 65.5159503221512 76.0328223307927 89.8964107036591 92.962235212326 89.1407032807668 66.0358220338821 46.5355664491653 36.9345992803574 40.9875263770421 60.9017312526703 82.6174120108287 100.508530934652 100.644906361898 96.0306425889333 91.7645196119944 84.350456794103 79.8259476820628 79.7639588514964 82.1679929892222 90.2401208877563 105.995118618011 119.27796403567 131.927927335103 136.045058568319 137.807269891103 145.599176486333 151.783257722855 156.683067480723 160.65647204717 170.237521330516 174.274921417236 175.917983055115 177.678108215332 184.578239917755 191.654781500498 200.571298599243 219.127217928569 228.071848551432 229.731738567352 226.754069328308 229.478478431702 228.278378645579 232.011596361796 240.507543087006 242.673575878143
25.6998240947723 22.4727640549342 25.1185446977615 25.1865287621816 27.4319325884183 36.8823930621147 54.4442782799403 57.8043709198634 57.3841035366058 55.9876809517542 45.1241930325826 37.3360713322957 41.714072227478 55.2307516336441 73.2562392950058 82.4260165294011 92.3911531766256 92.7390555540721 86.9478185971578 79.872598250707 75.4658778508504 73.9072660605113 76.355775197347 85.7381125291189 97.4500377972921 105.374028285344 109.935084978739 115.56272705396 125.973482926687 131.943086783091 137.785375118256 143.298496802648 149.378508329391 151.963104804357 154.615829388301 158.737977345785 170.37707567215 182.456394036611 190.257946650187 209.548691908518 216.956456502279 218.75411272049 214.937329292297 209.649463494619 209.817171096802 214.237213134766 222.155650456746 230.533540248871
18.2029331723849 12.7880548437436 8.06789783140024 3.52918387701114 0.757431844249368 0.997457808504502 13.7864202260971 32.2939604520798 50.9690046310425 58.3467781543732 55.771142244339 49.2486953735352 35.9307254354159 36.8382583061854 51.2023021777471 71.6198931137721 84.2804312705994 94.2605435848236 96.2923169136047 87.5354011853536 81.9336573282878 81.2659561634064 82.1250130732854 82.86485572656 87.9925787448883 91.6372338930766 97.8162884712219 107.552349567413 113.527317841848 115.823646386464 121.969838937124 126.164505879084 128.004213174184 129.976282517115 134.49094692866 140.158176422119 152.731895446777 165.274322032928 170.53751150767 182.070255279541 190.569400787354 194.183190663656 193.647166093191 196.548044681549 195.927202701569 197.450697422028 199.198842048645 205.501735210419
18.7545195221901 4.39781105766694 0.0471168556638683 0 0 0 0 3.9572569852074 26.4111955960592 43.1301444768906 60.3848199049632 67.1432018280029 56.7672202984492 48.6931552489599 47.6592878500621 64.249445994695 78.3745696147283 92.0455853144328 101.774752140045 104.07950480779 95.5196221669515 93.9850211143494 91.4860566457113 91.3354059060415 91.5673176447551 93.1080679098765 99.6480286121368 111.51776711146 112.667183081309 107.066224018733 113.593777020772 118.728011846542 120.372702678045 120.517114798228 126.011212666829 133.985469738642 137.986212968826 145.287195841471 150.87702870369 153.326719999313 159.872829914093 167.005658149719 174.921969572703 185.003916422526 183.452109495799 192.081491152445 191.735545794169 187.414705753326
28.2517224550247 7.89489534993966 0.0490988410698871 0 0 0 0 1.47051922976971 10.6945720811685 29.0098711848259 56.0756474733353 79.8487663269043 81.5278838078181 74.6459563573201 63.5237395763397 62.0583345492681 67.1059389909108 80.946683883667 97.1815089384715 107.049137353897 108.932644128799 106.141775846481 106.929431358973 102.332264184952 99.6890763441722 100.921998421351 102.678408225377 106.053570906321 109.243015448252 107.31303691864 109.704673290253 115.418503681819 115.156958500544 115.388562281926 120.282083749771 123.038192590078 124.397297700246 122.721741596858 129.582415024439 131.097296873728 137.732475996017 145.873179038366 152.664323647817 158.273905515671 163.25788696607 171.075602372487 182.416319847107 188.58548005422
24.8996044198672 10.2557924886545 0.331353473787506 0 0 0 0.191666554504385 3.31159774214029 10.1918062816064 22.3599374294281 46.9760050376256 76.8452982107798 90.0706052780151 93.3773318926493 84.0795834859212 66.8033063411713 60.4199270407359 63.8532936573029 79.2202800512314 101.206789414088 115.641931692759 111.97163661321 116.085042556127 111.613482236862 106.730779012044 108.120729525884 106.776078542074 104.884545008341 108.371724685033 109.306991100311 114.115665356318 115.944147109985 112.068096796672 110.387583573659 111.985345681508 111.346304416656 109.082837899526 104.150275389353 108.878592650096 111.635168393453 116.193493207296 122.280488411585 125.074545542399 128.748655319214 143.769691387812 150.680462519328 165.71636001269 177.072743574778
20.8276708920797 13.6691803733508 1.14009777704875 0 0 0 0.987651525065303 4.83987542490164 13.6083140969276 19.9865524967511 32.2972784439723 54.5855263868968 82.4202795823415 88.6698365211487 94.8825875918071 90.7112260659536 85.2666695912679 76.0387678941091 70.1608558495839 79.1486253341039 99.5813409487406 115.389923254649 122.568428516388 120.206733544668 112.673908472061 113.227883974711 115.16938606898 111.124893029531 109.666844209035 117.521385351817 116.762618223826 101.736803849538 105.875054995219 106.840868790944 102.747142314911 100.989937782288 96.4227616786957 94.8822100957235 96.8117614587148 100.726207097371 102.008799711863 105.045129855474 108.893205722173 111.90132300059 130.285173654556 141.108463207881 150.054156780243 157.746394475301
16.9349734981855 15.2264858285586 6.56814686954021 0 0 0.254943287776162 3.75855279465516 10.1839620620012 20.9327886501948 25.1917814215024 30.1404520869255 44.2800223827362 66.8853422005971 78.9744754632314 94.3027337392171 107.539792855581 108.065406481425 98.2246200243632 83.6074550946554 73.6478666464488 82.3335746924082 106.14424943924 113.361726204554 119.653711716334 120.571901400884 124.592234690984 123.129536708196 121.258387962977 122.279435396194 117.667963107427 108.103533585866 107.049226760864 97.6127982139587 87.4990026156108 94.0683881441752 97.7341731389364 94.8967536290487 94.5631861686707 94.3868358929952 97.0734059810638 98.961075146993 100.636144479116 101.580142974854 103.346923987071 116.53337876002 131.829937299093 140.607059001923 141.207993030548
18.2776252428691 21.4713936050733 19.3199117978414 0.259736203588545 0 5.06675398598115 8.79713209966818 17.5512706240018 28.9702266454697 39.9896427989006 45.38261393706 50.8293608824412 59.9661767482758 66.5444185336431 85.6633385022481 100.245545307795 106.702715158463 108.030875523885 106.36908809344 92.2508339087168 77.8920749823252 90.0683204332988 100.666473309199 112.365106741587 124.279310305913 126.643757025401 128.043492635091 133.281399806341 124.313851197561 114.41358923912 110.587686300278 98.1425642967224 91.5109912554423 81.6223124663035 83.7455292542775 78.3325334390004 83.5118492444356 83.205834031105 92.3625926176707 97.3527133464813 99.2384155591329 101.730545361837 100.260734558105 101.880570252736 101.811776558558 115.341464678446 122.122466564178 126.158346732457
19.4101072847843 20.4705397288005 22.808238863945 14.7463368872801 3.55368542174498 11.0501535236835 10.8044867714246 14.9387046694756 28.321993847688 39.9236877759298 48.981378475825 47.5216209888458 48.5640664895376 53.53644490242 68.1897103786469 85.5693221092224 95.7301159699758 101.23418768247 107.321192820867 109.009236097336 99.7137327988942 90.4660721619924 92.147429784139 102.621446053187 113.868047793706 122.337222099304 126.204907894135 128.580749034882 119.544208049774 117.656956116358 104.679733514786 90.9121632575989 83.4380686283112 73.1691221396128 62.3282939195633 57.762622833252 69.6054697036743 64.3760859966278 60.7692698637644 77.206939458847 82.223504781723 87.1906181176503 91.9139583905538 90.6908214092255 91.5592114130656 101.091374953588 103.432208299637 105.893095334371
24.2599348227183 16.8322759370009 13.7286471823851 22.4577859044075 15.7755923767885 12.1298556526502 11.0117507477601 14.4216294089953 26.1568079392115 33.740408718586 39.7065828243891 40.2706936001778 39.6920442581177 42.4581070741018 50.6589164336522 65.3893798589706 76.3504207134247 86.6153240203857 97.2424944241842 112.490663925807 119.210143884023 107.546081145604 106.846700112025 111.930618683497 113.671869039536 113.463938236237 115.378071864446 121.783336003621 115.386217832565 102.414737145106 87.6922408739726 81.8912436564763 63.4292711814245 45.1687226692835 35.5084190766017 32.4844320615133 31.738169491291 38.1168872117996 41.4638171593348 60.1235528786977 63.7380331754684 67.8724348545074 75.4073162873586 75.6034950415293 82.344243923823 87.3715281486511 92.6327109336853 99.143515030543
48.3573575814565 36.1021632949511 24.7659534215927 35.867894689242 30.9823999802272 10.9177157282829 14.4677783052127 26.2178952495257 30.0440142552058 33.7078422307968 35.5866998434067 36.4498967925707 37.0556066433589 36.7558648188909 42.7652796109517 55.7326227426529 67.2707259654999 79.36130464077 87.9305799802144 103.118628263474 113.813589016596 126.858204603195 132.791390021642 132.419049739838 124.496539433797 112.526853879293 105.132619539897 97.3003506660461 103.200306495031 98.9827215671539 75.1932561397552 53.2407512267431 37.9141718149185 22.2095201412837 8.24036821722984 4.71793301403522 6.65847584605217 17.3965655267239 23.5736419757207 42.5892323255539 46.1341291666031 48.8777259985606 48.8673100868861 44.2393769820531 63.9944225549698 76.4584640661875 83.1211258967717 90.5895133813222
