input/barkrak2/radiation/dir03824.grid
NCOLS 85 
NROWS 70 
XLLCORNER 665100 
YLLCORNER 4664600 
CELLSIZE 20 
NODATA_value -9999 
[rows 0 to 21 of 70, columns 0 to 49 of 85]
109.400639931360999 123.109330733617 139.953434467316 160.886337359746 171.903908252716 174.606422583262 173.651158809662 169.691999753316 167.826890945435 171.22741540273 173.311193784078 169.652779897054 168.05366675059 170.162538687388 170.722742875417 156.968722740809 143.447905778885 132.504016160965 131.316989660263 127.640624841054 128.124952316284 151.100079218547 174.479166666667 179.360270500183 182.726740837097 193.480690320333 191.971023877462 181.337237358093 172.996660073598 173.607250054677 168.983280658722 192.143778006236 236.001312732697 232.46439297994 230.180025100708 218.23912858963 222.724775473277 234.002709388733 231.782058874766 230.788191159566 223.187883694967 230.788985888163 237.699071566264 228.536744912465 217.947284380595 224.987467130025 227.643748124441 188.943127791087 131.876260042191 127.4420718352
88.1478587786357 102.261831363042 118.060906728109 137.04048593839 151.110678911209 160.037298997243 165.857632954915 171.950101852417 177.483240763346 177.163819471995 175.862828890483 171.181956926982 166.053553422292 166.178544362386 169.377684593201 157.532751560211 150.546362002691 139.827460050583 136.332889397939 131.956537564596 143.91678571701 169.787844022115 188.478151957194 189.128915468852 192.383885383606 199.503878752391 195.266246795654 185.067117214203 176.630775133769 175.548652807871 176.397244135539 205.240527788798 237.366517384847 234.950343767802 230.141421159108 221.142172813416 227.467676003774 237.208267052968 231.277863184611 230.350275834401 225.83923737208 227.692584196726 223.306318124135 213.348587354024 208.224316438039 221.488018830617 220.198253790538 177.540898323059 138.889690240224 150.76470375061
54.8568616310755 63.5966757933299 73.667382200559 85.4288935661316 99.061797062556 112.961063782374 127.432763576508 147.537519534429 161.992996931076 165.306041638056 167.736947536469 172.410766283671 175.341169039408 175.203144550323 176.98880036672 179.26941315333 179.558376471202 168.258090813955 153.48685781161 145.917157332102 157.784909009933 175.926963488261 187.454601128896 190.201421578725 194.449146588643 193.894724051158 190.52263100942 184.501469135284 180.092771848043 183.656593163808 194.56954797109 217.460036277771 230.942050615946 228.574196497599 223.348379135132 225.23021697998 234.649936358134 239.940047264099 235.465824604034 227.578600247701 221.356471379598 211.650172869364 197.940448919932 191.230932871501 197.457810242971 214.338580767314 207.024931907654 171.145836512248 160.111139218012 179.428458213806
35.6454203526179 35.8137637376785 41.6150763630867 46.587606271108 50.5986263354619 57.9639971256256 71.6446091731389 92.7386780579885 112.820943196615 130.31738003095 148.108214139938 164.656420548757 174.467364947001 177.85914738973 181.896805763245 185.920159022013 183.052003383636 175.343255201975 159.553478161494 153.4490386645 155.739525953929 158.042003711065 170.142491658529 180.178920427958 181.697607040405 181.916356086731 183.721880118052 183.530847231547 185.7950091362 191.130538781484 198.152621587118 219.250321388245 225.266098976135 225.131670633952 221.901377042135 224.263469378153 224.785288174947 227.256834506989 222.53563006719 213.770091533661 207.379082838694 195.611258347829 192.35893090566 204.404056072235 216.040432453156 210.885524749756 191.751778125763 168.382942676544 170.133829116821 183.468222618103
47.1238990624746 37.7340838313103 26.3932893673579 20.8879560232162 21.3343153397242 32.9508607586225 52.8000344832738 65.810352563858 82.0574065049489 90.9247795740763 114.096999168396 138.310700654984 152.961870034536 158.754795789719 165.864725907644 170.76168457667 168.945868810018 163.942635059357 156.901756922404 151.191631952922 149.762819210688 149.970104297002 159.688472747803 169.334987799327 173.880378405253 179.890771706899 181.841969490051 184.276461601257 185.695946216583 186.190088589986 193.968454996745 216.3125872612 213.067173957825 215.754787127177 215.612451235453 216.433723767598 215.635418891907 213.008145491282 203.424056371053 194.239437580109 195.169746875763 197.501520315806 204.411347707113 215.611656506856 217.27454662323 192.46902068456 162.611166636149 154.820362726847 163.999269406001 182.720144589742
76.8424520889918 57.5234989325205 38.136991361777 21.8206569552422 17.0591572920481 23.0877945820491 39.1935979326566 57.690441608429 62.2886667648951 65.9851531187693 74.0152448415756 86.6617659727732 92.7154024442037 101.06631120046 110.635757446289 127.078225215276 131.616552670797 142.81177520752 152.551919221878 155.675599972407 156.264126300812 157.929122447968 158.082276582718 162.638346354167 170.345425605774 176.332434018453 180.269380410512 184.203763802846 186.835467815399 189.274370670319 202.550689379374 213.771144549052 205.26921749115 206.745485464732 208.086729049683 207.66548315684 205.066204071045 200.285335381826 194.612205028534 194.877902666728 195.655445257823 194.347500801086 200.699428717295 205.252428849538 196.919878323873 154.267887274424 134.181996186574 143.819630146027 163.962622483571 202.957928180695
88.903139034907 76.2478411197662 59.4950964053472 42.9035872220993 27.7620355288188 19.5721251269182 23.6706559856733 40.0123198827108 56.3511749108632 64.2230113347371 62.5924567381541 59.7168306509654 56.5808564424515 53.8742740948995 54.9958745638529 66.9164409240087 78.9036850134532 99.2826422055562 119.203348954519 135.661701361338 151.043762763341 157.714207967122 158.055971066157 152.207354704539 160.904536644618 166.311204433441 172.209521134694 178.27296257019 182.57063627243 189.58568572998 202.862044175466 207.177360852559 195.723334948222 191.646734873454 192.352970441182 193.013429641724 193.069954713186 188.248097896576 184.64720249176 179.048995176951 175.179421901703 176.233371098836 183.43456586202 192.457218964895 189.798971017202 180.526773134867 190.36857287089 198.878626028697 211.070954799652 225.293358167013
92.5196409225464 85.3910446166992 81.5214018026988 70.6683943669001 51.9880404074987 29.8643857240677 17.6135674118996 15.7331166168054 31.0074761509895 49.7869352499644 59.3981395165126 60.5611304442088 54.3892880280813 48.0545163154602 38.8168767094612 41.2051404515902 49.4724412759145 63.6163453261058 84.3803981939952 102.698514858882 116.287221511205 130.263467629751 142.547100782394 140.642027060191 141.098042329152 142.638653516769 150.77476700147 158.864557743073 167.282899220785 178.366780281067 189.316829045614 192.617098490397 183.823446432749 176.448305447896 172.932962576548 173.44057559967 179.466684659322 179.34795220693 175.202945868174 158.158828814824 154.191434383392 163.216402133306 180.949529012044 193.800489107768 197.5905696551 204.600652058919 215.496420860291 217.569947242737 224.775513013204 226.150651772817
86.7069562276204 78.6942094564438 75.9918540716171 74.9712139368057 66.7159706354141 51.9886513551076 29.5550922552745 14.2897653083007 22.0145583152771 30.8314710855484 39.4854744275411 49.5934635400772 54.4876555601756 52.9390176137288 46.3685542345047 44.8094109694163 43.3873881896337 48.5380440950394 59.5209499200185 73.5743840535482 87.5343680381775 101.645022630692 114.372531572978 117.789347966512 121.319313844045 123.6625512441 127.280275026957 131.54266277949 142.769227425257 156.447490056356 163.253088792165 165.073126554489 162.278433640798 160.87598601977 161.544144153595 166.150460640589 168.590346972148 170.880595842997 170.652250448863 163.691788911819 169.107476870219 180.857062339783 189.207673072815 192.328592141469 191.229482491811 190.535187721252 192.985812822978 208.900729815165 220.088620980581 215.885798136393
67.5315161546071 64.9692565202713 60.8254075050354 54.6648800373077 61.0814491907756 62.3660385608673 49.013872941335 36.3908136884371 22.4446405967077 17.6141299307346 23.6778035759926 36.3012005885442 51.3405054807663 61.4824444055557 62.4115169048309 60.5818132559458 51.6982525587082 51.0945071776708 52.017072836558 54.5476327339808 61.7613693078359 70.7340886195501 79.6502282222112 90.5101001262665 98.9450514316559 104.191780090332 105.941752592723 109.456082185109 113.941391309102 123.908539613088 130.683332681656 133.044858773549 139.732867479324 145.219067732493 150.413374106089 154.615024725596 154.098292191823 160.991092522939 166.707535584768 175.219496091207 186.565081278483 191.630244255066 191.198627154032 190.217852592468 186.449805895487 188.717345396678 198.501467704773 205.459574858348 207.12556441625 209.860583146413
32.8293293714523 30.9940055012703 33.416914443175 34.1127117474874 34.2065493265788 36.7472221453985 40.8972551425298 38.8213396072388 28.0526702602704 20.1445544759432 16.9948774079482 21.2219754854838 33.9415421088537 49.1001556317011 63.6879553397497 59.2001229524612 57.5970063606898 55.2570124467214 51.3684153556824 49.1310954093933 50.2468446890513 51.7980655034383 55.7354291280111 68.9123372236888 80.3678731123606 87.4365369478862 88.5581076145172 92.1586255232493 101.782610019048 107.28375116984 111.292074124018 118.127564589183 131.48233294487 134.536524613698 136.038621266683 139.824529488881 146.127045154572 152.200917402903 161.819726228714 181.461811065674 189.248104890188 187.791188557943 186.687886714935 185.436109701792 185.366034507751 189.163247744242 196.052352587382 201.173186302185 200.383285681407 206.030150254567
10.3230811655521 8.79891340931257 7.67842742304007 3.69078852236271 2.34449282288551 2.55490994701783 11.3247993091742 22.560678422451 29.6657731135686 28.9580697814624 22.8999753793081 17.883854607741 20.7565898696582 33.0961421132088 49.0871667861938 52.7135332425435 59.625968337059 60.583308339119 55.2553137143453 49.602285027504 46.1433778206507 46.6725081205368 47.2581485907237 54.7030965487162 62.4336699644725 68.4921195109685 71.5149144331614 75.1205186049144 82.6772302389145 91.5137728055318 95.4318741957347 98.8629360993703 103.781243165334 112.609366575877 118.314832448959 120.51127354304 132.022211949031 143.61443122228 151.191969712575 169.112861156464 176.478862762451 176.341652870178 172.66833782196 170.115371545156 171.337644259135 173.766175905863 178.993264834086 183.755159378052 187.399844328562 191.564043362935
2.84371028343836 1.58380003025134 0.316315543993066 0 0 0 0.0291958737458723 11.4468572040399 24.3111674984296 35.0876251856486 34.2740938067436 28.5761331518491 18.7370280424754 19.0056587258975 30.4434423645337 46.531468629837 58.9258869489034 64.2035404841105 63.7589792410533 58.3383838335673 52.4420390526454 54.4558465480804 54.4697145620982 56.0337752103806 59.4456990559896 60.3641370932261 62.8286749124527 69.4996615250905 71.3816632827123 73.3496099710464 81.6371987263362 87.6436829566956 87.5824888547262 88.6224607626597 96.2079564730326 105.63462972641 115.807433923086 129.39507762591 132.408857345581 143.991122643153 152.428845564524 154.118011395137 154.136021931966 155.518958965937 156.475116809209 160.244325796763 160.400092601776 164.199014504751 167.029102643331 172.259469827016
3.77850855390231 0 0 0 0 0 0 0.197328452486545 2.60574991504351 22.3267525434494 32.4198355277379 44.8478658994039 38.9498273531596 29.7801867127419 28.0263771613439 42.4561202526093 54.9709300200144 67.3028926054637 74.2343415816625 71.5132007996241 64.2967323462168 64.723660548528 62.5121792157491 64.2990271250407 66.3682520389557 65.8371945222219 67.2606627146403 71.6476043065389 74.0299373865128 66.3122832775116 67.3087586959203 77.6763906081517 81.781417131424 81.7853460709254 85.5121811230977 91.8235580126445 98.3299116293589 109.690616528193 115.096082290014 118.846555550893 125.53949157397 130.19393881162 137.648602326711 145.630458990733 145.44736345609 152.911533912023 151.782015959422 146.624326705933 144.910514354706 147.022147973379
11.6536815961202 0.234501494560391 0 0 0 0 0 0 0.405946280807257 13.6983220775922 32.357153793176 49.2426852385203 57.924081881841 52.1927376588186 41.8008764584859 41.1546304821968 44.6311384439468 56.8263481060664 69.9468851089478 78.930805126826 80.4700305064519 75.7709195216497 76.3418674468994 74.1348266601562 73.8976796468099 73.7819025913874 75.5450576543808 74.1471300522486 72.8626251220703 66.549097498258 65.8837854862213 65.5587663253148 63.4084592262904 73.5852420330048 80.3233087062836 83.7490757306417 82.7213029066722 82.717165350914 92.0646289984385 97.5788335005442 103.519161542257 111.141820748647 116.977353890737 122.3965883255 127.686460812887 134.071906407674 144.616335630417 149.401555458705 142.844577630361 136.613637208939
12.1800576647123 1.24480777109663 0 0 0 0 0 0 1.15929815607766 5.13997270415227 24.038461347421 49.889013171196 70.0051287810008 73.6715545256933 60.3080888589223 45.3569293022156 38.760133087635 42.2752996285756 53.8404732942581 73.3800232410431 84.6980214118958 83.1876993179321 86.7448250452677 82.6085905234019 79.3180465698242 81.6850264867147 81.9261868794759 76.7847051223119 77.3534526427587 73.2354074716568 66.069021821022 66.3726379474004 60.3887836138407 54.0372083584468 54.3175339698792 65.1724884907405 65.9389396508535 65.3309871753057 71.1026191711426 75.0118096669515 81.6924571990967 88.4185135364532 91.7605757713318 95.6042011578878 109.855274359385 114.680379629135 127.400139967601 137.819449106852 138.278702894847 135.962744553884
9.1398029277722 2.81898491084576 0.000321535101951061 0 0 0 0 0.389956131887933 2.30401350806157 2.91613924006621 15.851783255736 32.5925201177597 54.3817480405172 67.8592423597972 72.0626662174861 64.5168522993724 59.3155324459076 52.0700365304947 45.7947651545207 54.5964042345683 73.4744171301524 87.98615137736 92.6869511604309 90.5486543973287 86.2771073977153 87.9035790761312 91.3253823916117 85.9999060630798 82.1695625782013 86.2338642279307 77.1081844965617 64.0105903148651 54.1567206382751 45.8726187547048 43.6447362105052 43.4259921312332 38.4392539660136 42.8651918967565 49.2886553208033 55.4615507523219 56.7988107601802 63.1278852621714 69.8931316534678 73.0691204468409 89.733878771464 99.8235046863556 108.269979556402 114.996691544851 123.32018216451 128.399084011714
6.55709952116013 3.51681001484394 0.240457806891451 0 0 0 0.0371336403380459 2.53506423905492 5.64781079689662 11.1690858999888 15.1519663631916 25.0303422411283 43.5995658238729 61.2696508566538 73.7230479717255 78.5539795955022 79.7314494848251 72.5356638431549 57.6622734467188 48.6528724431992 56.2846859296163 78.9752304553986 87.2136056423187 91.7422076066335 93.7570730845134 97.2157518068949 97.4421401818593 100.806454817454 94.8884089787801 88.6371433734894 77.6440848906835 71.890448530515 58.3778123060862 46.1875647306442 36.578560868899 30.8665285507838 29.6268860499064 33.4123224020004 33.1686586141586 43.3856844902039 44.267068306605 44.5393373568853 48.8323072592417 55.3010205427806 68.4211949507395 81.7229996124903 91.6530589262644 94.3501989046733 99.5095471541087 106.780181328456
7.20968718330065 8.36077953378359 7.29526268939177 0 0 0.306882643296073 2.27769743651152 5.58713016410669 13.1989282866319 22.0321093996366 26.1934399604797 29.1159177819888 40.0025894244512 51.6661405563354 63.0967964728673 74.2415090401967 78.652689854304 81.0553481181463 79.693744579951 66.3652420043945 53.4067104260127 64.1357700030009 75.0860770543416 84.7481290499369 95.6212282180786 103.855003913244 104.005873203278 101.33879383405 92.9531852404277 93.7663813432058 82.194447517395 70.0803995132446 54.696465531985 46.309640010198 36.5360702077548 28.2986983656883 21.9768732786179 20.0392467280229 19.6679706374804 23.8338460524877 28.7364398439725 30.1263481378555 35.9234685699145 42.4324373404185 46.2080736955007 64.6635790665944 72.0059772332509 76.194629073143 81.3062091668447 87.9891415437063
7.78631183008353 6.56008596221606 8.39424505829811 2.49096502860387 0 3.49816493690014 4.08282441397508 6.14126274983088 7.57247830430667 23.1088101863861 27.2955521941185 27.1097520987193 30.5671145518621 37.0955988764763 47.0447440942129 59.8550587892532 68.8757598400116 76.801210641861 80.9458245833715 82.043727238973 75.4043261210124 64.2271886269252 65.997913479805 76.5940646330516 88.3323053518931 98.1217821439107 98.5350012779236 104.697744051615 95.7809487978617 87.7723495165507 73.5381195942561 71.5769131978353 56.7333151896795 41.0818581779798 32.6063682635625 21.1983223756154 12.8185773889224 10.0621947397788 8.77137792607149 14.3495388329029 18.9119552572568 27.038315931956 33.0857088168462 35.9043677647909 38.8802339633306 45.2546825011571 49.0083893140157 60.4741126298904 71.4420179526011 80.2238533894221
11.6410342355569 5.52668112019698 2.79857373485963 4.79727983474731 2.3570933068792 4.73667836437623 4.10895515233278 5.82866867383321 7.23118086655935 19.1218679149946 22.4020853638649 23.103470603625 23.0412731568019 26.1236652731895 32.3530832926432 43.5789624849955 54.3038745721181 62.2584174076716 71.4721530675888 84.9673052628835 90.848982334137 82.784761985143 81.846222281456 84.7049256165822 87.672104438146 89.0681048234304 92.7798052628835 88.6471072832743 84.2296679814657 85.081547498703 71.9810823599498 53.6286185185115 43.3048705259959 29.5999323328336 19.6250838538011 10.6940492987633 4.77683606247107 0.931668095290661 2.24871886894107 5.20944036543369 5.62231491009394 15.0547449787458 26.2945195039113 27.2129277388255 32.3415224750837 38.7907177209854 41.76065325737 46.9555755456289 56.0855716466904 63.6969258387884
29.306357105573 18.8037392993768 8.47334849337737 13.1030504902204 11.565542469422 3.7338575348258 5.79002685844898 8.86036269366741 9.80552534262339 17.1718063453833 20.0894673665365 20.0693383812904 20.4320214688778 18.8236037890116 24.407001833121 33.9849467078845 47.1345682938894 56.8776776393255 65.2506053447723 77.582190434138 85.7721467812856 99.2851952711741 103.040486574173 103.948672612508 98.0771978696187 89.0985627969106 84.9251548449198 80.206885933876 79.4638246297836 65.3973470131556 59.6874753634135 38.560077548027 24.1490627328555 10.6346855560939 0.0532263172014306 0.090148668580999 0.112261720156918 0.104007097737243 0.0601035717409104 0.063089159084484 0 4.85044314215581 9.54028156896432 13.2702589035034 24.1452703873316 31.0052260756493 35.9837959210078 40.549024939537 43.8596308231354 44.3684657414754
