input/barkrak2/radiation/dir03324.grid
NCOLS 85 
NROWS 70 
XLLCORNER 665100 
YLLCORNER 4664600 
CELLSIZE 20 
NODATA_value -9999 
[rows 44 to 65 of 70, columns 0 to 49 of 85]
72.6291487614314 78.7069549163183 81.7188968261083 82.4331442515055 84.3987266222636 86.8056317170461 87.2633655865987 83.4608177344004 78.8793712854385 74.4823614756266 76.5363772710164 74.0145991245906 70.7257588704427 69.5927788813909 68.7903165817261 68.9855813980103 65.8403933048248 72.3513911167781 74.2100179195404 71.8564738829931 67.4024273951848 65.2767320473989 64.6819372971853 65.556878844897 62.0096027851105 71.4955727259318 74.4973172744115 70.797989765803 70.6281165281932 69.7645743687948 65.9249573945999 63.26990822951 69.6677068869273 74.2426713307699 81.142654021581 83.5022826989492 87.9528125127157 97.5328783194224 100.204408168793 90.9359653790792 89.8727675278981 83.9324990908305 80.055703719457 60.685192545255 28.082383175691 0 0 0 0 0
79.2214175065358 83.9178860187531 81.1417798201243 84.5888356367747 82.9238096872966 83.1204652786255 84.6119920412699 83.3143889904022 84.8136643568675 80.3640186786652 79.2683611313502 78.9993504683177 74.1941779851913 69.2070871591568 68.1424687306086 72.5289185841878 66.5627817312876 70.7135299841563 74.151689807574 73.5089083512624 70.4320023457209 68.8806275526683 68.0446525414785 70.1988389094671 70.5735931793849 70.4320420821508 77.59989798069 74.7535526752472 71.9006359577179 70.1486120621363 67.3783123493195 63.6043349901835 67.0363406340281 65.8631026744843 66.7235056559245 69.7650114695231 77.348659435908 88.32186460495 91.0140872001648 77.9079049825668 80.0078958272934 75.2963622411092 74.2658873399099 71.3648100694021 52.0762801170349 19.3658644954364 0 0 0 0
79.0634254614512 80.6394964456558 83.4153691927592 85.4624708493551 85.3252311547597 84.8717391490936 86.9787037372589 88.6862874031067 85.2572520573934 83.6037794748942 82.8015108903249 82.2945684194565 78.2874574263891 75.4632850488027 75.1602898041407 78.6082992951075 76.4348606268565 70.7950741052628 76.0275771220525 74.7654835383097 72.6090172926585 72.3644395669301 71.9072570403417 69.4966415564219 76.0830094416936 69.7793414195379 71.7260291179021 73.538472255071 72.6177791754405 71.6775010029475 70.6283946832021 67.6934421062469 66.6360110044479 66.6080812613169 68.845604856809 69.6832587321599 71.6419915358226 78.144758939743 80.2698383728663 78.0848562717438 77.4681319793065 72.1499621868134 77.105775475502 83.3796858787537 74.025218685468 43.056383728981 9.0371568997701 0 0 0
72.6878792047501 75.0651061534882 80.9916257858276 82.8250348567963 86.456298828125 88.1133675575256 85.7386887073517 85.6811106204987 85.5058332284292 87.7412458260854 84.9237938721975 80.966259042422 79.7032117843628 80.2170038223267 78.8829425970713 76.7759184042613 75.9398390849431 68.2132393121719 72.4927733341853 74.909637371699 71.5900957584381 72.0140387614568 75.3613958756129 68.2803640762965 71.3936587174733 69.993868470192 66.1748945713043 70.6574022769928 72.6334353288015 71.4399715264638 71.2289710839589 71.4012881120046 66.4192835489909 69.1603571176529 80.7279447714488 84.4948987166087 79.7461022933324 74.2559929688772 77.4627427260081 89.2802476882935 81.8299998839696 73.7135261297226 80.841193596522 86.0003729661306 80.34281929334 60.2267682552338 27.035765349865 1.417795351396 0 0
65.4203842083613 68.4307316939036 74.0821609894435 78.1498849391937 84.7757160663605 88.6500279108683 85.2798024813334 83.1825435161591 87.3324076334635 89.4290109475454 87.1747930844625 83.3429594834646 81.6502422094345 82.8922092914581 80.1427662372589 74.7275451819102 74.7447411219279 69.1092014312744 72.8214879830678 76.644500096639 75.7542997598648 75.7059752941132 77.7544577916463 74.684684475263 72.2712030013402 73.9312320947647 70.1986451943715 74.5915869871775 80.4147819677989 81.9489061832428 85.8454505602519 85.2322181065877 77.8171916802724 78.1554132699966 87.8521203994751 95.3790942827861 93.774934609731 83.0554862817128 79.8393487930298 85.7329865296682 78.9202551047007 72.4344948927561 70.0579881668091 70.0460523366928 67.7616496880849 66.3385490576426 56.6622118155162 10.7634936769803 0 0
64.194197456042 61.8312358856201 66.0689473152161 74.778288602829 80.8729479710261 84.4681064287821 87.2487127780914 89.7753735383352 90.7170375188192 87.4214967091878 89.3313189347585 89.072972536087 85.362583398819 82.4208557605743 80.4000397523244 76.494112610817 75.5095332860947 72.8956361611684 77.0312796036402 81.4610570669174 83.1686556339264 82.2693357865016 79.4142087300618 80.8078994353612 76.1330922444661 79.4247388839722 80.5098613103231 83.1378549337387 88.3905986944834 96.0889160633087 103.0393242836 102.592925230662 92.1901861826579 89.1022880872091 85.8566562334696 96.5436895688375 100.64031680425 93.5183763504028 83.4605793158213 74.6255964040756 70.264458656311 72.1342712640762 69.8441118001938 65.1932259400686 61.4893486102422 64.6692365407944 62.1061970790227 18.9898771544298 0.325679507416983 0
64.6324257055918 68.0772066116333 71.7262178659439 78.6133756240209 79.1589965422948 79.4989118973414 87.9716475804647 93.2312806447347 92.9149091243744 92.2259291013082 91.744730869929 91.880738735199 87.9087646802266 82.7146917581558 83.2266708215078 86.5056912104289 78.8162400325139 79.0587961673737 80.5880228678385 86.6597692171733 87.7830386161804 85.5138897895813 82.9285681247711 81.9893976052602 76.9059757391612 83.247517546018 87.59472767512 89.2062385876973 95.6175525983175 101.561963558197 110.682924588521 113.377690315247 103.442132472992 90.1534756024679 81.8106979131699 74.8929679393768 92.0189321041107 97.4483092625936 87.6500805219014 71.2290505568186 65.8326049645742 72.4718670050303 76.1412878831228 72.2796221574147 66.7227655649185 64.0386044979095 49.7065335512161 24.2372428377469 1.22196312683324 0
65.2970373630524 76.7135769128799 79.0566106637319 80.6663682063421 78.797568877538 78.1509727239609 85.9331488609314 91.6562080383301 91.566393772761 96.5929528077443 93.9744114875793 92.988133430481 90.2990698814392 85.8838359514872 84.7982068856557 91.0723805427551 85.0176513195038 82.1019659439723 78.8450787464778 81.2209198872248 82.6475868622462 82.4121385812759 82.1065902709961 78.961451848348 77.1339436372121 78.7801742553711 83.6544732252757 85.1655105749766 89.2417132854462 95.5521464347839 102.840046087901 111.930270989736 106.012185414632 83.9267273743947 35.8104035258293 35.1418306430181 56.4284225304921 80.2685568730036 94.7559773921967 91.1775132020314 87.7776940663656 80.9745788574219 68.0614064137141 65.9278333187103 72.8248109420141 66.7612155278524 38.7897565960884 31.0034205516179 6.38985261321068 0
69.0537591775258 67.1265423297882 66.307266553243 68.4472471475601 75.7209161917369 81.5223455429077 82.3610623677572 88.1763796011607 87.9640678564707 93.0889348189036 93.377560377121 95.1833526293437 94.6786204973857 89.5021557807922 87.1313909689585 85.6986741224925 87.6185894012451 80.8985630671183 74.7257868448893 73.7803379694621 72.7348426977793 74.9016205469767 77.3860067129135 73.1579562028249 75.4505147536596 73.0371624231339 73.9284207423528 75.5001157522202 77.2790213425954 81.1810791492462 83.2811842362086 93.4745669364929 91.8424626191457 68.0829137563705 30.3229813774427 20.4345012704531 21.5431104103724 32.767025132974 64.35160835584 87.5637133916219 93.5562153657277 83.2202037175496 64.7562444210052 60.5599383513133 59.8175823688507 56.3349823156993 37.9394615689913 52.6702205340068 34.4636787970861 7.83271342515945
71.9105899333954 61.8266810973485 59.4079196453094 64.8002773523331 76.5789647897085 85.7251584529877 85.1122339566549 86.2998366355896 89.1845226287842 89.4699692726135 91.8067892392476 94.4701731204987 96.1755315462748 94.3631132443746 89.5240008831024 86.2222413221995 89.4387364387512 82.2165658076604 76.8523861964544 77.6377022266388 76.7593085765839 75.5974998076757 73.2482969760895 70.1608955860138 71.5285936991374 71.3403224945068 70.6280171871185 72.508176167806 71.7267990112305 69.2145327727 60.3786955277125 64.3306622902552 67.0717308918635 47.221432129542 32.3522413770358 21.5761139988899 10.635939737161 8.24961438775063 19.670325020949 51.3978153467178 77.1510054667791 73.5553354024887 65.0585144758224 50.8530487616857 47.0422556002935 39.2135977745056 36.3587265213331 60.7960124810537 70.442666610082 48.7747341394424
72.0818191766739 66.4154440164566 64.1625126202901 69.2815879980723 78.905925154686 87.2481266657511 90.431421995163 86.4035785198212 91.0856227080027 89.5382165908813 93.3122237523397 95.0738290945689 96.4996616045634 98.0137487252553 92.5469001134237 92.214822769165 91.845562060674 86.1536065737406 82.2002192338308 83.5490028063456 82.7349275350571 78.8106272617976 75.8546690146128 76.2126346429189 72.3476658264796 71.9845046599706 71.6439336538315 70.2771892150243 67.1246200799942 62.0272010564804 52.2882839043935 54.4251302878062 60.8992526928584 62.6154045263926 60.737743973732 48.9539802074432 24.9392837285995 12.2345847388109 9.37384180724621 15.8834184209506 35.8124499519666 41.005219022433 35.9585036834081 28.3933480580648 28.0187676350276 34.8194092512131 47.500083843867 53.1989187002182 65.8726592858632 71.3440179824829
75.4977166652679 74.011892080307 70.2149718999863 68.7728623549144 74.7407774130503 86.152970790863 88.2602731386821 86.4313046137492 88.1532728672028 93.7273999055227 100.221107403437 100.784540176392 98.8647143046061 99.3245144685109 96.0848331451416 96.1955984433492 96.5464214483897 93.0287341276805 88.191012541453 84.2623809973399 81.3235143820445 80.4662605126699 81.2591314315796 83.7297439575195 78.5050789515177 76.5828837951024 69.7024166584015 62.6669625441233 58.2267691691717 55.3704450527827 55.0696055094401 59.848020474116 65.7603840033213 77.9288609822591 82.2140524784724 81.387331088384 68.7931627035141 47.6790368556976 36.8135919173559 15.8003245790799 22.2867677609126 34.931850930055 43.8814659913381 33.040223022302 32.9113453626633 48.5144158204397 70.8361566066742 65.0587777296702 59.8419606685638 66.7440096537272
78.2252699136734 77.6198705037435 76.4213254054387 72.6022074619929 73.6378679672877 83.1665098667145 86.3788326581319 86.1580371856689 86.225837469101 95.5592493216197 104.156136512756 103.047509988149 98.1414318084717 100.697954495748 101.945042610168 95.6646005312602 97.3684787750244 94.378670056661 90.2358690897624 87.2876048088074 85.5122407277425 85.4816834131877 83.3049615224202 80.9447864691416 77.6107559601466 73.2875814040502 54.6279400587082 34.7419306635857 30.2715425690015 37.9655410846074 52.1458983421326 56.5204918384552 63.8214846452077 71.860725680987 82.3383182287216 95.509946346283 98.4319051106771 79.0646225214005 77.3509095112483 47.3152895768484 24.4726588328679 44.719452659289 60.0807120402654 60.3955686092377 59.8503649234772 74.5139271020889 102.386891841888 90.0072356065114 66.5898074706395 52.3498704036077
76.9804070393244 75.0730931758881 78.8767983516057 79.7829081614812 77.0768175522486 79.7128180662791 86.2813691298167 87.1779322624207 87.1974627176921 95.2203770478566 102.601697047551 100.918292999268 96.3638325532277 99.8346209526062 103.226681550344 93.4224426746368 95.2146450678508 93.1621193885803 90.6449158986409 91.6088918844859 92.9992993672689 91.6298528512319 87.1601502100627 79.0900389353434 77.5054693222046 75.623020529747 58.0071906248728 37.4656319618225 37.1569469571114 46.7721521854401 61.5751842657725 62.2061342000961 74.2379824320475 83.9903752009074 94.8761900266012 90.3419653574626 84.377904733022 40.9430935978889 41.3725028435389 42.0089264710744 49.8216847578684 62.2843702634176 70.3546355168025 39.9755189816157 32.8350166479746 38.2969578107198 79.6618312597275 74.4999100764592 60.5663160483042 50.3649711608887
65.2113010485967 73.0558137098948 76.854149500529 79.694852232933 79.6215931574504 76.1370410521825 86.1305097738902 90.3152028719584 90.9294486045837 95.8922108014425 98.805566628774 98.5181132952372 97.5977381070455 95.5845514933268 97.3871449629466 93.5012300809224 89.8329218228658 93.8259661197662 95.2965716520945 96.570094426473 97.6218581199646 93.1653479735057 91.6184484958649 83.8646690050761 82.192063331604 82.5384557247162 77.7126799027125 71.4777459700902 70.8532730738322 72.291041413943 74.2105344931285 72.2399652004242 87.8745118776957 96.2981482346853 94.8418080806732 68.5616880655289 52.5481998920441 24.5905766884486 13.6158106227716 24.6649732192357 44.6780671676 65.5183096726735 74.5440026124318 60.5772286653519 47.647366921107 49.8353540897369 65.2546981970469 69.9314524730047 67.2920296589534 60.1552079121272
54.8715343077978 70.2206989129384 74.7800121704737 77.6873975992203 80.8639526367188 76.7948925495148 81.2943776448568 89.6911025047302 100.973725318909 102.309147516886 97.8192289670308 95.1521595319112 97.280353307724 96.1260596911113 96.2270796298981 93.7098066012065 90.116560459137 92.1581983566284 91.0218854745229 88.0354245503743 90.0150239467621 88.2886151472728 87.0249370733897 85.6295625368754 86.5093469619751 90.1256998380025 101.406405369441 100.434958934784 84.7484866778056 86.7461959520976 73.727751771609 70.7551091909409 82.2461992502213 73.588897784551 36.387192706267 27.436301112175 26.1212339003881 18.4294407566388 5.73115112880866 2.98985186964273 3.2202024012804 25.9962528944016 71.8821038802465 88.9627238114675 97.1505542596181 89.9890661239624 89.9089376131694 89.820404847463 88.3885423342387 76.6174296538035
56.4391712347666 67.2961473464966 74.9485641717911 77.6717265446981 79.2429546515147 79.5276860396067 73.8487392663956 84.3603909015656 106.098492940267 104.956169923147 96.0765679677327 92.2004878520966 95.188170671463 98.7473825613658 97.7424780527751 94.2964553833008 92.8364197413127 90.3664926687876 83.4791461626689 76.0024935007095 75.8921305338542 80.5169592301051 80.4802079995473 83.0093771219254 84.4786167144775 91.0239219665527 109.253267447154 117.48077472051 96.6157615184784 83.6129089196523 73.0428795019786 58.3515266577403 62.9336585601171 59.3456923961639 33.9355121056239 21.9410012165705 23.2362300157547 31.5582181016604 23.1409718592962 9.57711723943551 2.26463253299395 10.133812824885 36.8415787816048 71.0225601991018 75.3291745980581 83.9921732743581 81.2097638845444 82.8886677821477 78.2076368729274 71.2637354930242
69.0722465515137 72.425772746404 74.9180316925049 71.3667223850886 64.9809688329697 62.0203167200089 70.3431218862534 76.1546691258748 86.5725477536519 82.6896677414576 80.3737888733546 86.7377916971842 93.3442612489064 95.708171526591 91.4067327976227 93.460073073705 93.463271856308 86.8525604406993 78.6965986092885 72.9868809382121 72.4543581406275 73.4724601109823 76.3479620218277 80.7159493366877 80.7131131490072 84.5201313495636 97.7958639462789 106.152971585592 92.1241641044617 81.0622920592626 66.673070192337 53.7036557992299 49.1655766963959 62.9990597565969 58.2062353690465 32.5733299056689 33.4495976567268 68.4881707032522 72.92307416598 48.2457379500071 21.5466171503067 12.9129427174727 24.5704626043638 34.1384336352348 32.5201029578845 42.1292682488759 47.4393665790558 59.0588549772898 57.6600035031637 63.3731633424759
81.3173949718475 77.8938780228297 73.9090591669083 66.3846731185913 55.6198755900065 48.8142470518748 60.6928815444311 59.5836291710536 49.2269396781921 50.3747264544169 61.6856813430786 73.4831194082896 80.7933708031972 85.5844020843506 88.9590382575989 99.7955600420634 102.364440759023 93.3589438597361 83.7415953477224 79.9880276123683 76.6694446404775 76.548308134079 78.5483767588933 76.8372863531113 76.7897615830104 81.4199050267537 86.4469110965729 93.3962265650431 83.8498075803121 63.2495830456416 66.2501802047094 60.7826411724091 54.8464308182398 72.5711981455485 78.4358282883962 65.5294557412465 55.6269983450572 48.18527897199 52.6497860749563 55.415615439415 40.5739347139994 27.9035891095797 24.1524999340375 24.7107322017352 17.5875599185626 18.8053622841835 29.1839415828387 31.9326793154081 44.9809680382411 64.6329522132874
84.5477879047394 77.4155457814534 72.1810907125473 67.9851522048314 60.4684501886368 53.7478228410085 48.8677720228831 43.7870174646378 25.429035226504 32.7086001634598 55.9558272361755 68.073645234108 68.41246287028 76.6081114610036 91.4170245329539 108.64128669103 114.225953817368 106.434653202693 97.2567399342855 92.8879578908284 86.6189201672872 83.8397145271301 83.7958057721456 79.7292490800222 78.3911446730296 76.7740805943807 76.426441470782 76.5581925710042 73.9314655462901 55.1531612873077 58.9539309342702 54.3856720129649 49.1414864857992 75.9052038192749 95.9950387477875 99.3466079235077 72.7677345275879 30.0560320417086 25.5867093801498 32.8122824430466 41.9830083847046 39.6945923566818 39.7570381561915 36.4780699213346 24.3142222364744 19.8695659637451 25.2873972058296 40.977880358696 50.0510384639104 81.4327150583267
87.3242020606995 81.6101630528768 80.1943788925807 81.4075320959091 77.8902620077133 70.9507167339325 65.3115063905716 66.0829246044159 64.4955933094025 69.8765218257904 79.0621737639109 86.1399869124095 86.4176551500956 80.7951291402181 92.0390685399373 109.120885531108 120.449274778366 120.135813951492 112.267007430394 101.594696442286 94.9159264564514 89.6290640036265 87.2412820657094 86.0176583131154 81.6704134146373 73.0694284041723 67.1463012695312 68.1171119213104 66.6086574395498 62.7484619617462 42.8104847669601 42.7915702263514 36.7954224348068 63.0840361118317 104.204515616099 113.777637481689 79.6451717615128 44.0511206785838 18.4330170353254 18.6103147765001 22.7421099940936 26.38195703427 41.0394991437594 50.9644597768784 52.7127633492152 38.6696408192317 38.3819192647934 56.7911664644877 87.3273809750875 137.358049551646
88.2302125295003 85.3325724601746 85.4852596918742 86.8582526842753 86.3437056541443 82.3896626631419 81.8107426166534 90.6681219736735 108.312914768855 103.654325008392 94.3060616652171 96.5484380722046 102.189262708028 88.5425408681234 90.021143356959 99.3134280045827 109.639565149943 116.600145896276 116.602470477422 109.37503973643 103.269775708516 95.6335465113322 90.8314387003581 89.0004535516103 78.7830352783203 66.9908225536346 59.0470234553019 57.9149226347605 58.6545417706172 51.8805384635925 26.7885973056157 24.2138157288233 18.1867877642314 18.0493171016375 101.421733697255 115.063359340032 94.5089856783549 82.6221058766047 48.0949034293493 12.9153740902742 4.93597332388163 1.83581265931328 20.8059375484784 56.2118987242381 64.2943878968557 53.5693516333898 52.1731277306875 79.7772258520126 143.278916676839 190.431217352549
