input/barkrak2/radiation/dir04124.grid
NCOLS 85 
NROWS 70 
XLLCORNER 665100 
YLLCORNER 4664600 
CELLSIZE 20 
NODATA_value -9999 
[rows 0 to 21 of 70, columns 0 to 48 of 85]
114.382912715276007 129.641771316528 146.702071030935 167.855163415273 176.953792572021 179.726401964823 178.878486156464 176.330784956614 174.538811047872 179.408232371012 182.412962118785 180.239935715993 176.047444343567 176.855345567067 177.492876847585 163.785378138224 150.183171033859 137.758860985438 136.686325073242 133.714626232783 133.196483055751 156.522701183955 179.852167765299 184.759716192881 189.032435417175 199.963311354319 199.555039405823 188.609401384989 178.250332673391 178.591211636861 173.963248729706 197.123249371847 240.796307722727 238.51215839386 236.335237820943 223.323822021484 228.422184785207 240.220050017039 235.673586527507 237.116316954295 228.157063325246 236.189285914103 243.407368659973 235.788941383362 223.992606004079 230.870763460795 232.5346271197 198.979099591573 136.914938688278
92.858095963796 108.766088883082 124.49656923612 143.942723671595 157.921443382899 166.950583457947 172.617594401042 178.575793902079 184.269467989604 183.982491493225 182.53900607427 180.670380592346 177.218953768412 178.841213385264 178.849339485168 165.598213672638 155.883014202118 146.504561106364 142.906775077184 138.161361217499 149.788171052933 175.6871342659 194.792668024699 195.607384045919 198.907176653544 204.635500907898 200.458685557048 191.147764523824 182.539701461792 180.654327074687 181.446512540181 211.178402105967 243.349373340607 239.275058110555 235.099951426188 226.176579793294 232.332011063894 241.7880098025 235.052565733592 235.191305478414 230.813364187876 232.482115427653 228.248298168182 219.44518884023 215.120911598206 227.66520579656 225.339392820994 185.491005579631 143.824835618337
59.0498646100362 69.0240313609441 79.8118362824122 90.7357931137085 105.653623739878 119.447459777196 134.268780549367 152.85454193751 167.263090610504 170.564234256744 174.341221650441 177.610039710999 182.192703088125 185.817122459412 190.416733423869 191.489259401957 188.463767369588 176.972846190135 160.23063659668 152.409821748734 164.266367753347 182.404398918152 193.929553031921 196.708103020986 201.010008653005 200.484871864319 196.900188922882 190.595030784607 185.826361179352 189.481178919474 199.91930325826 224.323312441508 244.552473227183 240.769624710083 234.50243473053 232.60764280955 239.195466041565 244.159698486328 239.891409873962 233.868896961212 226.398110389709 216.813306013743 203.639209270477 197.193483511607 203.877011934916 220.833857854207 213.232100009918 177.210132280986 165.264228979746
43.4282720088959 44.2379961411158 50.6514807542165 55.4873694976171 60.8698378006617 69.6006367603938 79.9795240163803 97.8346168994904 118.046601613363 136.75194978714 154.685070117315 171.434203783671 181.444923082987 184.91005897522 188.937226931254 195.327202479045 196.568608283997 187.434315681458 169.046441713969 161.340047915777 162.311812241872 163.509160280228 175.538877646128 186.759193738302 188.247720400492 188.533842563629 190.229336420695 189.80614344279 190.925518671672 197.018067042033 203.86129617691 227.013488610586 231.668035189311 231.543521086375 228.284696737925 230.412522951762 238.537271817525 239.490469296773 232.636868953705 220.090985298157 212.674816449483 200.915078322093 197.595357894897 209.673047065735 221.281250317891 216.209709644318 197.267770767212 173.745036125183 175.37248134613
57.2985212008158 44.3992267052333 34.7423081596692 26.8710677822431 28.4353171785672 41.0763149460157 63.6089195807775 78.5748859246572 88.6814097563426 96.749077240626 120.312213897705 144.923508167267 158.123513062795 165.751218795776 172.922829786936 177.843590577443 175.921817620595 170.714894930522 166.34742418925 163.177490234375 158.606906731923 156.450003385544 166.376461585363 176.015257835388 180.509368578593 186.614871025085 188.477396965027 190.657099088033 191.891590754191 192.264795303345 198.98655017217 222.918808460236 222.441216309865 224.767645200094 226.087689399719 224.825024604797 222.260018189748 219.692210356394 211.308618386587 205.867568651835 204.664349555969 203.459143638611 210.274676481883 221.586962540944 223.449508349101 198.781609535217 168.622076511383 161.842842896779 169.320782025655
82.5705627600352 68.297157684962 46.7614531517029 28.451606631279 21.3884611924489 27.4644767244657 45.3283141056697 66.7628347873688 72.3992884159088 78.9947807788849 87.829331556956 100.75573126475 110.656599203746 117.268512646357 126.123537619909 136.564095815023 142.593224843343 151.730010906855 159.211536248525 163.901428381602 168.676098187764 170.416613419851 167.987624804179 170.818150043488 177.059908707937 183.122197786967 186.972876389821 190.76140721639 193.197965621948 195.528129736582 208.974222342173 220.528582731883 212.19390630722 213.667511940002 214.815735816956 214.299996693929 213.728408018748 210.605561733246 201.170980930328 201.446076234182 201.871196428935 204.428533713023 206.791083017985 210.536261399587 202.261070410411 163.951188325882 139.766832192739 149.384607871374 169.53448454539
98.0891486008962 82.9980224370956 68.8740958770116 52.1041502555211 33.7930470705032 25.9104520082474 31.3616121808688 47.6295202970505 67.4101759990056 74.6935606002808 74.0292618672053 71.4104423920314 65.5433436234792 62.3272359371185 63.6091828346252 78.6266575256983 93.2190517584483 117.834826310476 142.294516166051 155.355821053187 165.395607550939 173.628608385722 173.268417517344 169.279515743256 172.807514667511 174.730877081553 179.547031720479 185.019572575887 189.16126092275 197.602232297262 209.528247515361 211.73487106959 202.815989653269 198.732932408651 199.322164058685 199.79985555013 199.816107749939 194.971323013306 192.620158195496 187.035282452901 182.805816332499 182.617207368215 191.324015458425 202.269752820333 195.412119229635 185.689171155294 196.023265520732 204.844454924266 217.260340849559
96.3359673817952 98.5706448554993 90.2263919512431 75.6000528732936 57.9024702310562 35.1515611012777 22.2401867310206 19.0264123181502 38.861242433389 60.6718361377716 70.9454317887624 68.6500469843547 61.6302887598673 55.2631914615631 45.9724913040797 46.7479526996613 57.6765984296799 72.3993281523387 92.6781992117564 112.374802430471 128.862599531809 141.384412844976 153.717597325643 151.031573613485 161.655296881994 161.249905824661 162.203848361969 168.22342077891 174.594461917877 185.606221357981 195.855418841044 200.526038805644 189.518451690674 183.8392217954 180.137157440186 180.367112159729 186.278343200684 184.556345144908 181.632936000824 165.301740169525 162.390331427256 170.850952466329 187.703152497609 200.583080450694 205.936173597972 212.573488553365 221.236805121104 223.405639330546 230.795602003733
90.4789865016937 84.8479072252909 83.7941368420919 83.2057545582453 77.281728386879 58.9076926310857 36.2828100721041 17.5631816188494 24.3880425890287 35.8074456453323 46.7805763085683 55.365244547526 63.1628334522247 62.0805869499842 55.1110804080963 49.2473393678665 49.473707874616 54.8936426639557 65.5235648155212 79.8749774694443 94.3332513173421 109.078447024028 125.977059205373 124.919613202413 132.674117883046 137.352416912715 142.31072862943 147.776305675507 152.593612670898 163.631518681844 170.511325200399 172.280748685201 170.158624649048 169.291853904724 170.869727929433 173.621316750844 173.912843068441 177.804211775462 177.102307478587 169.967850049337 177.124420801798 189.431965351105 198.201378186544 201.266666253408 197.869300842285 197.638869285583 204.290509223938 215.557257334391 224.973658720652
71.1303800344467 68.33815574646 64.0004972616832 65.5254969994227 67.8009192148844 65.9488787253698 58.1456522146861 43.2578474283218 24.981069068114 20.282822350661 25.8302489916484 38.8281072179476 53.6544620990753 65.517450372378 68.540612856547 63.9017919699351 57.089775800705 56.2406132618586 56.2112877766291 60.9271426995595 67.2656297683716 75.4836897055308 85.7318043708801 96.869965394338 105.584383010864 110.554486513138 114.162852366765 120.321621497472 128.743330637614 136.533846457799 138.915558656057 141.170154015223 147.831499576569 152.297049760818 158.361196517944 161.668807268143 161.893983681997 168.408830960592 173.697471618652 181.803663571676 191.684603691101 198.696414629618 198.331514994303 199.384093284607 196.472724278768 196.386853853861 205.074191093445 215.433478355408 221.919278303782
35.7962374885877 34.0793977181117 38.1414840618769 36.7929091056188 37.2284005085627 48.8990445931753 53.4697125355403 49.2552568515142 34.5837945739428 25.8177568515142 21.5697859724363 25.8899927139282 41.0292744636536 58.1430395444234 67.634845773379 63.8755261898041 62.093049287796 60.5076352755229 55.5634597937266 53.0999203523 54.2214959859848 54.9940168857574 60.9077711900075 74.542298913002 86.3983233769735 93.7210520108541 94.8125720024109 99.7633834679921 109.509587287903 118.987530469894 124.413837989171 128.781139850616 138.407230377197 140.596737464269 143.034408489863 146.77757024765 153.116116921107 158.484697341919 168.81521542867 187.273820241292 196.698943773905 195.018947124481 194.06400124232 192.566672960917 192.291220029195 197.868506113688 207.071582476298 210.092604160309 209.287047386169
12.769166380167 11.685265849034 9.25310328602791 8.06944258511066 3.66954443355401 5.07441163063049 13.763381789128 26.6193747520447 31.6275085012118 31.7122116684914 27.6262958844503 21.4049741625786 24.2244030038516 36.2331146995227 52.4391134579976 57.1099569400152 63.2745077212652 64.4279718399048 59.616098801295 54.5904139677683 50.9675890207291 49.9141315619151 52.0975291728973 59.8374903202057 67.8462286790212 74.1113921006521 77.2425333658854 80.916831890742 90.0772015253703 95.3869620958964 105.356067419052 112.690548102061 117.621034383774 122.062812248866 124.059945344925 128.465314706167 138.912757237752 150.684833526611 159.072289864222 176.362236340841 185.876409212748 185.857037703196 179.93418375651 177.260259787242 178.372402985891 178.902705510457 184.015134970347 190.840661525726 198.990484078725
6.07756401101748 2.58940240989129 0.801898228625456 0 0 0.00425015544654646 0.130424062566211 13.1615176796913 30.9473102291425 37.1428281068802 36.9501560926437 31.3531408707301 21.6947322090467 22.4373663465182 33.0159564812978 50.6802648305893 62.6359283924103 68.0753141641617 66.8170154094696 62.8006110588709 57.5283169746399 58.8728686173757 59.6052209536235 61.2243413925171 62.941367427508 63.8621946175893 67.9924388726552 74.0688492854436 76.0584672292074 80.1718731721242 88.9441569646199 94.0037469069163 98.4980165958405 101.042906443278 105.323215325673 111.307958761851 122.442016998927 135.602504014969 139.349510272344 150.392115116119 158.990283807119 161.264439423879 160.787085692088 164.436082045237 163.08922568957 166.888276735942 167.39555199941 169.148802757263 174.194276332855
6.17443149288495 0 0 0 0 0 0 0.624449729608993 6.44931445519129 23.8941709200541 42.1424011389414 47.8354742129644 42.7553455034892 33.0786456664403 30.6143412987391 46.0207164287567 58.7701499462128 71.3118612766266 77.2810479005178 77.390323082606 69.865013162295 69.3477143843969 67.96628733476 68.67815554142 69.8865503072739 70.5039103825887 71.8584855397542 77.4200856685638 78.6345551411311 71.8860775232315 79.3508291244507 86.9771142800649 87.0331525802612 90.0986889998118 98.7250407536824 105.417042970657 110.674162705739 115.669429302216 121.696213881175 125.467220942179 131.774753332138 137.021402517954 144.200007120768 152.647395928701 152.014871438344 161.252389351527 160.448124011358 155.385951201121 151.87210838
13.6003208657106 0.877409009262919 0 0 0 0 0 0 0.91824121773243 15.3837079803149 35.0961411992709 51.2720992167791 62.347412109375 59.1392715771993 46.4950948953629 43.9339975516001 49.4304945071538 59.8403066396713 74.1182714700699 85.0804249445597 83.6859742800395 81.7486693461736 80.8761815230052 79.9890359242757 78.7089119354884 78.580379486084 79.2505045731862 78.7209421396255 76.1964420477549 72.4511245886485 70.0701375802358 70.7848966121674 79.1302025318146 83.1763346989949 87.4320268630981 93.2170947392782 96.6862042744954 96.77920738856 102.960139513016 103.753934303919 109.439760446548 117.301056782405 123.254825671514 129.051844278971 134.046981732051 142.039219538371 151.425570249557 156.321257352829 151.770611604055
14.1991612811883 2.33736758430799 0 0 0 0 0 0.0759976683184505 1.61217758432031 10.3288926184177 26.7954816420873 52.0841479301453 70.004016160965 77.6075224081675 65.9204423427582 49.3491142988205 44.1826184590658 46.1612443129222 57.8754842281342 79.3547133604686 89.716096719106 89.4310871760051 91.4442340532939 88.7458523114522 84.2278599739075 85.3150387605031 85.5797429879506 84.1954052448273 79.7289311885834 76.6537586847941 74.075977007548 69.6981449921926 66.1520709594091 60.238574941953 74.975997209549 74.8237272103627 77.574426929156 76.602761944135 83.1094682216644 85.7499738534292 89.721272389094 95.3054229418437 97.7763632933299 101.476242144903 116.141537825267 122.317800919215 135.868966579437 146.614372730255 145.132253567378
10.9958214064439 3.97281255573034 0.0273226420783127 0 0 0 0 0.861054363970955 2.76470618943373 6.66666651765506 17.7940689027309 36.85029844443 58.6320559183756 73.9200015862783 78.1398514906565 70.2595959107081 64.7975504398346 57.1988920370738 49.8228669166565 58.8088234265645 77.8656800587972 92.6220814387004 97.4662701288859 95.6282218297323 91.0568038622538 92.878927787145 96.2782800197601 90.7802979151408 86.7906510829926 89.825173219045 81.3514093557994 67.8801387548447 57.658463716507 53.5426835219065 51.4728526274363 54.5797149340312 56.5489083528519 59.9788924058278 63.9939804871877 75.1279840866725 77.4925549825033 79.5248995224635 81.6511412461599 84.7685138384501 101.332674423854 112.945904334386 120.651563008626 126.870026191076 134.875883658727
8.12841020524502 5.20103269567092 0.68119028583169 0 0 0 0.228042791907986 3.52449528872967 9.95112272600333 12.8569453954697 17.2985767324766 28.7078768014908 47.2361544768016 67.0141379038493 76.2616296609243 85.8861207962036 86.0722164312999 77.2717148065567 63.0304117997487 53.613692522049 60.6130758921305 83.6649735768636 92.224379380544 96.5290069580078 98.6332496007283 102.282345294952 104.503830273946 104.558100303014 98.4674195448558 92.0300483703613 88.7676576773326 75.1633097728093 61.3887757062912 48.9061971505483 40.0094116727511 42.5530920426051 41.9185558954875 46.7774917682012 47.9351282119751 56.0698012510935 61.28924091657 64.4891609748205 65.1746988296509 68.4930880864461 78.5036087036133 91.9280350208282 98.5908011595408 101.577699184418 105.577011903127
8.91244038939476 10.7218747337659 9.53228771686554 0 0 0.823910968999068 3.29056847840548 6.18478034933408 15.6579812367757 23.8254914681117 30.4706891377767 33.0155019958814 43.3143228292465 55.4742316404978 65.7083739837011 79.1139453649521 84.9801301956177 86.0281586647034 84.1804544130961 70.8021074533463 58.2773437102636 68.6479558547338 78.5619964202245 89.5146727561951 102.148801088333 107.567658027013 107.663641373316 104.816317558289 104.204783837001 98.3826518058777 84.4636658827464 74.0115344524384 65.8366580804189 49.433042605718 40.5771012107531 30.354638894399 27.2378822167714 28.0805925528208 29.1463931401571 32.9711164037387 46.3584760824839 47.1294969320297 55.6710660457611 59.3852500120799 62.2637321551641 76.9125123818715 82.9049448172251 85.2441589037577 89.1293187936147
9.64280838767687 8.72376188635826 10.0475649038951 4.14978278179963 0 4.73036679128806 5.34473359584808 7.61580094695091 9.23548017938932 26.1968274911245 31.6729545593262 31.2233716249466 33.9484935005506 40.6651174028715 49.6917068958282 63.6609544356664 73.5776921113332 79.775000611941 85.3051642576853 85.2796137332916 78.8141191005707 68.8650757074356 71.5968062480291 81.402987241745 93.2038426399231 103.088200092316 110.783964395523 109.626779953639 99.2538233598073 88.8971885045369 90.3519292672475 74.6576686700185 59.5102955897649 43.4673726558685 34.7598517934481 24.4412471850713 15.3432513276736 14.5722577969233 14.1606753071149 23.0225871006648 28.3036306500435 31.6899170478185 37.8066748380661 46.2545504172643 52.9481619596481 63.7680292129517 66.0383999347687 70.3418403863907 78.8897126913071
13.6572395761808 7.5138205041488 4.05901825676362 8.26179919143518 4.62705735117197 5.5058840662241 4.79330215603113 7.2775495549043 8.8641531765461 20.9048440059026 24.7570847471555 25.4413932561874 26.5624473492304 29.4632166624069 34.9638809760412 48.3592996994654 58.6057056983312 67.815621693929 77.3696005344391 88.2160067558289 95.8082477251689 87.6535375912984 85.4097604751587 89.8355543613434 91.3888116677602 94.4133798281352 96.5097447236379 92.087725798289 97.1254408359528 88.4744127591451 75.0650465488434 56.2912871440252 45.8302547534307 31.750979522864 24.0672677755356 13.2450064023336 6.71338910857836 2.85317003726959 7.29614868760109 14.3614299595356 20.3463956713676 24.8471175630887 29.0102188785871 34.1095849871635 39.7431179881096 46.561265985171 56.6286544005076 63.9216005802155 72.4505831797918
32.5737645228704 21.6637700796127 10.9686031937599 16.6761676470439 14.4947456816832 4.97903861105442 7.24357614914576 10.6303629775842 16.4657048881054 21.1519549290339 22.0027714967728 23.3343591292699 23.8941560188929 21.9941213726997 27.6648625731468 38.2668574651082 52.0450274149577 60.8652184406916 69.5887903372447 82.2523186604182 92.1379129091899 102.754652500153 109.898428122203 107.574373483658 102.998226881027 94.4438974062602 90.2370810508728 83.8421682516734 82.7516814072927 70.2985276778539 62.6937299966812 41.0478512446086 26.2439573804537 12.4677692850431 0.201190123334527 0.22048670022438 0.301530953341474 0.312762684188783 0.280457509992023 0.292112274716298 1.28156614179413 8.61622765660286 20.0336252649625 20.6933096051216 30.6034286816915 38.3927747607231 43.7718580166499 52.9394547144572 61.9899729887644
