input/barkrak2/radiation/dir00624.grid
NCOLS 85 
NROWS 70 
XLLCORNER 665100 
YLLCORNER 4664600 
CELLSIZE 20 
NODATA_value -9999 
[rows 23 to 45 of 70, columns 0 to 51 of 85]
61.35560075442 51.3026614983877 21.8158413966497 6.10253525276979 0.451096566393971 8.27518540124098 4.90823698540529 3.79609285543362 2.61216113964717 2.29886795083682 2.23532365635037 4.06121524671714 10.1785678416491 13.8888557751973 11.1348256468773 12.026106317838 17.1001218259335 24.3617246548335 29.3942516048749 23.4873319665591 22.5308512647947 25.834729274114 36.3787164290746 44.9974983930588 52.0722319682439 51.4145294825236 46.3667859633764 39.8104538520177 21.2935209274292 9.2474352568388 5.43888968725999 1.13087395826976 0 0 0 0 0 0 0 0 0 0 0 0 0 0 0 0 0 0 0 0
61.2519880135854 57.3488225539525 36.6699347893397 10.184890901049 0 2.87850418438514 4.2399059360226 4.27256835003694 3.46255643914143 3.51172468314568 2.23960261791945 1.34792411699891 6.85796576241652 11.7752713461717 11.131846656402 11.1301342646281 15.2805609007676 23.2085560758909 28.7562385201454 22.0822244882584 20.4669771095117 17.7772367993991 24.801363547643 32.3378394047419 36.2803861498833 37.0718836784363 34.3347464998563 30.7190219561259 14.2055414617062 4.84301801770926 2.13732772196333 1.22701143845916 0 0 0 0 0 0 0 0 0 0 0 0 0 0 0 0 0 0 0 0
49.350584546725 53.2836467027664 46.3020453850428 18.9081269005934 0 8.00735192994277 15.5608716110388 23.3072439829508 24.1735006372134 19.2114673554897 14.8529820144176 15.9412982563178 14.5635132988294 17.3631173868974 17.8266726434231 13.1891171137492 14.5271966854731 21.8869323531787 28.0698662002881 30.1351497570674 30.7894522945086 27.0399128397306 24.285023411115 24.0002026160558 26.4989236990611 28.1357417503993 24.8687590161959 25.412991642952 15.4631957411766 11.5252050260703 8.94056943555673 11.2030953168869 6.77671656012535 0 0 0 0 0 0 0 0 0 0 0 0 0 0 0 0 0 0 0
48.0723430713018 52.7002662420273 50.3344734509786 27.2522916396459 6.09414714078108 18.9830089608828 31.7850187420845 41.8653190135956 49.2493808269501 43.2957013448079 27.7315701047579 28.3163363734881 26.6236712535222 27.8789897759755 27.8365736206373 18.493181715409 16.6488687197367 23.1070692340533 30.6966255108515 40.1427472631137 41.1052852869034 38.4092206756274 30.724011361599 25.5627681811651 25.9164497256279 27.8974672158559 23.9297300577164 31.2849233547846 29.869702955087 28.6503757039706 32.2032322486242 46.9684700171153 54.3765525023142 35.1667528351148 0 0 0 0 0 0 0 0 0 0 0 0 0 0 0 0 0 0
49.26431675752 48.4177420536677 48.4107136726379 32.7166741093 27.6780153314273 37.4257415533066 51.2300034364065 57.4866235256195 60.7206324736277 49.7034738461177 38.0551740527153 32.1055054664612 28.6177496115367 30.1404893398285 31.6052536169688 27.1615236997604 22.3381817340851 26.4049942294757 38.5457202792168 42.8826510906219 40.4290904601415 32.5855736931165 31.0612767934799 31.4955164988836 31.6642547647158 31.8170189857483 29.5228709777196 39.098580678304 55.0655821959178 59.3176384766897 62.3096724351247 67.8237030903498 77.760378519694 82.6619217793147 41.1486700177193 0 0 0 0 0 0 0 0 0 0 0 0 0 0 0 0 0
52.0963072776794 42.6814953486125 43.0615444978078 35.0110332171122 46.3585207859675 49.9928096930186 55.7359606027603 54.4160902500153 48.9888985951742 39.1801546017329 32.1243951718012 27.1194651722908 27.3202061653137 32.2415779034297 33.3125938971837 35.1215874155362 29.2773892482122 25.9191393852234 34.2403203248978 37.0352392395337 35.2076242367427 28.8338760534922 28.5581399997075 33.7711970011393 35.7895294825236 32.7451378107071 33.4509735306104 38.8913700977961 60.9184056520462 73.1570422649384 79.1685829559962 82.3491712411245 89.8652672767639 92.2067562739054 81.4401805400848 17.884336411953 0 0 0 0 0 0 0 0 0 0 0 0 0 0 0 0
53.3420195182165 38.380021850268 38.3113746841749 39.1885091861089 48.3178595701853 50.9824256102244 43.2040045658747 32.1923270821571 8.0851794530948 5.51865746577581 5.67669856051604 16.4838929971059 26.1454433202744 32.6936642328898 33.2947497566541 37.3227919141451 34.6021254857381 24.2336591084798 26.0943522055944 29.0295506517092 28.1646152337392 28.4218937158585 28.4114008148511 33.4610069791476 38.2723684112231 35.31680504481 37.3404075702031 39.1795113682747 54.8070470492045 75.3898471593857 86.7337981859843 90.9527142842611 93.2701031366984 95.1693157354991 99.7380514939626 81.1957667271296 13.3363877733548 0 0 0 0 0 0 0 0 0 0 0 0 0 0 0
52.7055462201436 52.9824693997701 70.0213362773259 96.823920806249 77.3997853199641 55.7745347420375 35.2605779965719 8.72037683924039 5.96400226155917 12.542724609375 4.72770941754182 4.13938115040461 24.5293080806732 33.0116227269173 35.6438234448433 43.0794060230255 39.5613238215446 28.2539129257202 27.8047050038974 30.2366092801094 27.6857788364093 31.0580208897591 33.3205660184224 35.1892039179802 40.2580499649048 43.7915523846944 42.2638605038325 44.4715768098831 56.2274754047394 78.5542329152425 93.3883786201477 94.9209531148275 93.3369596799215 99.8675525188446 109.379907449087 112.062901258469 86.1335297425588 34.2577050129573 0.11925085952195 0 0 0 0 0 0 0 0 0 0 0 0 0
63.0446920792262 92.2163128852844 136.51712735494 157.160361607869 137.581060330073 91.7850534121196 50.7119943698247 27.225598692894 22.6410826047262 26.1515155434608 20.4182043671608 17.7657765646776 24.8717293143272 31.4182862639427 40.8196772138278 45.0775573650996 40.8343945940336 36.2131843964259 30.1238670945168 31.0315142075221 30.575176080068 33.4096948305766 35.545381406943 36.4964604377747 40.5932317177455 50.8059561252594 50.8849769830704 55.9580276409785 64.6664947271347 79.9680401881536 93.1617418924967 98.3773469924927 99.9292035897573 104.731718699137 111.057301362356 111.977100372314 105.210403601329 85.7337017854055 30.5686096350352 0 0 0 0 0 0 0 0 0 0 0 0 0
116.75614118576 151.546498139699 177.057822545369 178.762594858805 176.619370778402 151.453415552775 112.618684768677 79.5656343301137 61.8468374013901 51.9328266382217 46.6987589995066 38.5379542907079 28.4147014220556 29.9217452605565 38.2394070426623 44.2060778538386 39.087916413943 39.7730221350988 30.7129820187887 29.1510000824928 32.8001032272975 34.2874849836032 34.8191807667414 35.1961106061935 39.2137890060743 51.1194666226705 56.4022213220596 63.0856553713481 71.3650683561961 79.0265550216039 88.3901715278625 97.8173712889353 99.7091432412465 96.8784789244334 97.8342493375142 93.4568643569946 94.8241253693898 81.7711750666301 42.4171686172485 0.391640195933481 0 0 0 0 0 0 0 0 0 0 0 0
168.788353602091 187.055687109629 191.634714603424 189.598361651103 192.469596862793 188.949127991994 167.653282483419 129.75811958313 94.8652525742849 71.5656528870265 74.308767914772 65.5646820863088 43.2447145382563 35.2370018760363 36.5827878316244 40.769100189209 34.9664936463038 35.6504792968432 29.3599466482798 30.5279915531476 30.1166698336601 30.9524933497111 30.2857309579849 30.5835256973902 36.5056321024895 46.1739550034205 56.3813100258509 59.2175225416819 67.644531528155 77.8546333312988 87.2833331425985 88.9415144920349 82.3085407416026 72.9665656884511 74.6166457732518 63.7762000163396 64.6526664495468 51.3153274854024 13.4197622537613 0 0.920196995139122 0 0 0 0 0 0 0 0 0 0 0
183.853983879089 193.011780579885 191.283623377482 193.822185198466 194.010217984517 192.78077284495 183.165748914083 155.878623326619 111.982961495717 84.5308601856232 84.4253400961558 82.1582973003387 66.114862759908 45.9766685962677 38.1101320187251 38.1815681854884 32.5469275315603 29.3933004140854 29.3579349915187 32.1254779895147 29.1609317064285 28.6836375792821 29.5497377713521 30.6644588708878 34.1268057624499 40.3104697664579 49.5057751735051 50.2650042374929 58.496430516243 73.7242698669434 81.2274912993113 79.0757089853287 75.0032564004262 68.9279735088348 61.7753217617671 52.034984032313 55.7476778825124 53.1287640333176 35.4203333457311 5.72825099031131 6.07270499070485 0 0 0 0 0 0 0 0 0 0 0
174.548069636027 179.061532020569 175.925234953562 178.112705548604 178.450226783752 172.382116317749 166.975816090902 151.529679695765 116.6872382164 96.7214107513428 90.6978249549866 82.8695297241211 75.6743252277374 51.734983921051 40.5793935060501 41.4916202425957 35.6722871462504 28.5064602891604 31.8051700790723 32.9996794462204 32.1369022130966 29.6208908160528 31.8749373157819 35.4492391149203 34.3572770555814 38.2846270998319 42.3393348852793 43.520932396253 49.8702824115753 66.3451999425888 74.5834906895955 74.6449132760366 76.7039358615875 76.6244232654572 61.9584818681081 56.9510112206141 60.9631886084874 66.9419765472412 61.8106126785278 25.9327292442322 0 0 0 0 0 0 0 0 0 0 0 0
149.544189373652 153.35347255071 154.820789893468 152.125974496206 151.798744996389 150.858749945958 155.40420015653 153.340657552083 127.398550510406 104.687690734863 92.8083459536235 76.1192242304484 67.8414603074392 47.5394825140635 36.7476269602776 41.3078789909681 43.0630743503571 32.8755254546801 35.4991406202316 38.2543876767159 38.1603091955185 34.9419837196668 35.1251910130183 37.9226331909498 35.8247309923172 36.0914394259453 41.427473227183 47.0626056194305 50.667534271876 61.5976005792618 72.2664296627045 75.5674143632253 77.4229367574056 80.378199617068 65.5162930488586 65.21075963974 65.7624751329422 73.2024659713109 73.2772350311279 37.4082252383232 0 0 0 0 0 0 0 0 0 0 0 0
126.918216546377 135.937243700027 147.533228000005 143.781085809072 142.09645986557 148.756563663483 159.449835618337 162.939369678497 146.455814441045 118.546227614085 93.8765903313955 68.4973796208699 52.1668543418249 41.5132765968641 33.6210206151009 37.0135977864265 46.4775611956914 40.1202489932378 37.7901742855708 40.6038835644722 41.1507040262222 38.295733431975 36.3614012797674 37.376935283343 38.6592944463094 37.652333577474 40.3924509882927 48.2159554958344 52.2635678450266 55.9178243080775 66.8276697397232 76.4950662851334 78.0453383922577 73.3005901177724 62.8747642040253 71.6462383667628 74.1427441438039 78.7651042143504 78.9969911177953 55.972158908844 0 0 0 0 0 0 0 0 0 0 0 0
91.3190245628357 102.541377147039 110.788683096568 115.016371011734 123.331944147746 138.357162475586 152.91240811348 160.615126291911 159.292638301849 131.400167942047 98.150908946991 66.1705633004506 47.7136721213659 44.8284248510996 37.9299645622571 32.9632212718328 42.5866444905599 43.1697269280752 38.1152778863907 38.138285279274 38.5439445575078 36.6908585031827 34.5831389228503 35.7658465703328 38.426140944163 41.9202695290248 41.5084635217985 45.6785509983699 50.1781652371089 52.1729538838069 59.2732479174932 73.0437288681666 76.77194972833 64.4622395435969 65.5215084552765 79.3091158072154 82.237387696902 80.424889922142 83.3630959192912 79.7655284404755 29.0206943949064 0 0 0 0 0 0 0 0 0 0 0
57.9603612422943 64.3375466267268 63.8181318839391 73.7450520197551 88.8033012549082 105.4780681928 120.456000169118 132.175872723262 133.286615212758 111.859013636907 78.0229717493057 54.522360364596 43.0720895528793 41.9736554225286 38.7616828083992 34.585011502107 39.0062456329664 39.1402492920558 33.4650228420893 33.8989148537318 37.1740385890007 40.0100151697795 39.8593619465828 36.6069599986076 35.6238757570585 38.431778550148 42.881578207016 45.7471907138824 49.3929634491603 48.5803385575612 51.8455356359482 63.096821308136 70.0748612483342 67.0502732197444 83.1778943538666 87.609589099884 85.3971143563588 80.3029636542002 86.7559711138407 99.3826587994893 89.3325010935466 35.2348238229752 0 0 0 0 0 0 0 0 0 0
47.539621591568 49.29086069266 49.3515531222026 51.3587991396586 59.9459956089656 65.7850007216136 69.4655030965805 75.2192338307699 75.5896021922429 60.8227699995041 46.1819420258204 42.4994925657908 41.320708890756 38.7635231018066 37.8603289524714 38.9491866032282 37.7892702817917 37.3410731554031 33.6775183677673 33.9462111393611 37.9982640345891 42.8031186262766 44.511487086614 41.0782421628634 38.6762221654256 36.8920092781385 45.1856851577759 47.3252882560094 49.6437748273214 50.2048035462697 49.5940645535787 56.5381596485774 64.2962356408437 72.7679481108983 89.4282360871633 89.1330440839132 79.0602515141169 70.6169754266739 74.8445441325506 89.6143118540446 101.464509963989 90.6407634417216 45.3026344378789 1.19088202094038 0 0 0 0 0 0 0 0
55.318757891655 52.9711047808329 53.2010893026988 52.9676725467046 49.6648649374644 47.9139039913813 46.6978947321574 47.9399412870407 52.6278267304103 45.3593383232752 38.2576187451681 39.6299809217453 42.6668226718903 43.1908667087555 42.0876493056615 40.9334351619085 36.0463534792264 42.5722599029541 44.4553097089132 40.4792353510857 42.6524976889292 43.0183509985606 42.1199053525925 44.587512811025 46.1149116357168 42.1257466077805 46.0709383090337 49.161563316981 50.4512290159861 51.33089919885 52.7588129043579 55.2632411321004 62.3510380585988 77.5701353947322 83.8010609149933 78.7232468525569 68.4108088413874 59.7179532051086 56.6257437070211 67.2570566336314 90.682844320933 95.0450897216797 71.8999008337657 25.1906166474024 0 0 0 0 0 0 0 0
59.4001114368439 56.7647069692612 59.5279435316722 58.3040366570155 51.7913699150085 48.7775504589081 46.8439559141795 44.4693664709727 44.7656065225601 41.5770883361498 40.0013402104378 40.1998559633891 43.6617434024811 46.9554960727692 46.6971894105275 43.8003937403361 41.5709142883619 47.1722533305486 49.5289216438929 44.2840059598287 42.8211192289988 40.5096958080928 37.4250163634618 39.9150972565015 44.6924765904744 41.6159232457479 38.4154841303825 43.3157334725062 47.7764308452606 49.9308407306671 50.3948281208674 50.3820876280467 60.5456034342448 77.0161251227061 82.900991042455 70.0841099023819 60.0546300411224 56.8316479523977 55.48956990242 62.7266466617584 68.9861675103505 71.606049935023 60.2760463953018 32.6596026619275 0 0 0 0 0 0 0 0
44.6239213148753 47.1613307793935 55.4123719533285 52.9918322960536 55.4146269957225 57.7671478192011 57.0423652728399 53.2342990239461 43.5844709475835 42.2933548688889 45.3981260458628 42.290007074674 43.0025607347488 46.3565240303675 46.7722614606222 44.8425114154816 46.24176522096 48.090065519015 48.9883919556936 45.4765011866887 40.0216529766719 37.7808014551798 35.8499611417452 36.5895554423332 39.6810049811999 42.9346909125646 38.2621039946874 40.6439751386642 44.6260273456573 46.0484822591146 44.7604159514109 42.8481847047806 52.3477693398794 66.4487232764562 70.5073575178782 62.211349606514 58.2914898792903 60.5873167514801 61.2174769242605 61.5566621224085 59.3084096908569 58.3417514959971 53.2858421405156 32.2649677594503 0.959015296151241 0 0 0 0 0 0 0
43.1155314048131 48.6531058947245 51.5452176332474 52.2408286730448 54.0209313233693 56.4766824245453 56.8408419688543 53.2524188359578 49.0914682547251 45.4652458429337 47.0307270685832 45.0025300184886 42.8381611903509 41.4569824934006 40.84196438392 41.1562249064445 38.6150479316711 44.5184757312139 45.7058052221934 44.5840954780579 40.8054466048876 39.3916914860407 39.5050297180812 40.844385822614 39.2004599173864 47.464648882548 49.6705720822016 46.5862999359767 46.2833791971207 44.8607256015142 40.9223089615504 38.8815129796664 43.9695368210475 48.6002663771311 53.704892595609 57.0012380679448 60.1751705010732 65.5089219411214 66.4709210395813 59.8484724760056 58.2078595956167 54.6313524246216 52.2332092126211 36.5061288078626 8.92153568565845 0 0 0 0 0 0 0
48.9945709705353 53.4590482711792 50.7652461528778 54.004559914271 52.67666776975 52.8431534767151 54.4650057951609 53.2390177249908 54.3854733308156 50.48734943072 49.7243007024129 49.2318024237951 45.2000151077906 40.9670124451319 40.1684567332268 43.9633627732595 39.1872401038806 42.2865301370621 45.7650125026703 45.2268024285634 42.0817236105601 42.019913593928 42.1042193969091 44.1525330146154 46.3423232237498 47.0519810914993 52.218109369278 49.0424633026123 46.7014412085215 45.8712875843048 42.1202431122462 39.170836408933 41.7416791121165 40.9536436200142 41.7883892854055 45.2697177728017 51.2217382589976 59.7939044237137 58.713028828303 48.1804311275482 50.5672494570414 48.0547696352005 47.9790071646372 45.2894121408463 29.3342793981234 3.6963103339076 0 0 0 0 0 0
