input/barkrak2/radiation/dir02024.grid
NCOLS 85 
NROWS 70 
XLLCORNER 665100 
YLLCORNER 4664600 
CELLSIZE 20 
NODATA_value -9999 
[rows 0 to 22 of 70, columns 0 to 51 of 85]
62.930946548779801 75.3675450881322 92.5620893637339 109.843830267588 118.708113829295 129.862477382024 141.037782033285 138.988256454468 137.024223804474 140.318741401037 139.564990997314 135.67050298055 131.153255701065 131.867031256358 131.893495718638 118.547171354294 106.107572714488 95.2408711115519 95.0522820154826 95.459391673406 103.246579567591 120.24133404096 137.018173933029 141.227145989736 147.352000077566 159.663250048955 158.237189054489 149.525701999664 140.978336334229 144.709587097168 141.751527786255 161.946356296539 193.384349346161 188.029170036316 187.48406569163 180.981675783793 187.734564145406 194.852153460185 192.128340403239 193.364520867666 192.307392756144 202.359795570374 207.134584585826 197.555045286814 186.128278573354 192.731559276581 198.128898938497 155.663510163625 106.864700714747 102.793117364248 124.797612428665 166.576832532883
44.3895955880483 57.4854562679927 66.4054056008657 80.0947844982147 90.9878114859263 97.796102364858 108.546376228333 119.467318058014 144.764403502146 144.372334082921 143.463591734568 138.755430777868 133.531351884206 133.583803971608 133.665988842646 121.040999889374 111.241002877553 103.039850791295 100.481808185577 98.7655321756999 111.857702334722 134.689311186473 149.22496676445 148.862232764562 151.504655679067 156.019578377406 160.105814536413 152.992427349091 146.825055281321 147.025167942047 148.165007432302 171.033720175425 195.003112157186 188.301503658295 186.047295729319 181.779126326243 187.241613864899 193.851272265116 186.20773156484 188.920418421427 187.052448590597 191.741148630778 190.818428993225 182.435790697734 176.940162976583 189.31378920873 190.19341468811 142.390459775925 114.204873641332 124.366124471029 153.028438488642 188.686410586039
18.2678376634916 26.3458440701167 31.3213790456454 39.2380009094874 46.5541183948517 53.5214294989904 69.4395204385122 86.8986745675405 99.8214284578959 107.800990343094 122.618049383163 140.267272790273 142.51575867335 142.110109329224 143.984129031499 144.08665895462 140.134592851003 129.801402489344 115.688393513362 108.859966198603 121.434112389882 138.289242982864 148.865113655726 149.309893449148 151.080658038457 150.408903757731 148.878355820974 149.829089641571 149.469633897146 154.190142949422 164.122025171916 181.728899478912 192.512730757395 189.684271812439 185.432255268097 184.845427672068 191.844304402669 194.062272707621 185.700535774231 181.922793388367 178.40443054835 173.289736111959 164.524634679159 158.242990573247 164.13206855456 183.836996555328 176.716506481171 136.154472827911 133.102546135585 152.210265398026 177.413821220398 199.903051058451
8.94662241141001 10.2453244229158 13.202115893364 15.5090317130089 18.0898134907087 22.502526640892 29.3002376953761 40.7714247703552 56.9943090279897 73.172981540362 88.0413055419922 107.288698355357 121.419638395309 130.628089110057 134.74095861117 146.689176559448 139.508853356043 139.934301376343 124.279409646988 117.503007253011 120.257347822189 121.822635332743 132.325371106466 141.63538813591 141.442567110062 141.224573055903 143.536468346914 144.715040922165 146.906723578771 159.577786922455 167.10752248764 183.72921148936 188.654621442159 186.035990715027 183.408439159393 183.543801307678 185.703217983246 186.284065246582 179.837683836619 170.088271299998 165.668427944183 158.046265443166 157.613654931386 169.7731812795 177.082339922587 172.874728838603 156.460920969645 136.418213446935 142.446935176849 155.334234237671 176.041920979818 194.725672403971
17.9320747653643 10.9959840774536 7.53568795820077 0.92827637369434 0.115921080578119 9.79020011921724 21.0832307736079 26.5128513177236 35.777156551679 40.1776557167371 57.9147686560949 72.2181648015976 80.6383391221364 90.269813934962 97.1391499042511 99.9429821968079 99.5113948980967 98.5767543315887 98.3320673306783 99.2591679096222 99.2890298366547 99.2417335510254 114.577243725459 122.70176410675 128.048936525981 136.595199505488 136.780560016632 141.250610351562 144.813458124797 146.48034175237 160.174022118251 181.498169898987 178.175687789917 180.721759796143 181.006093819936 179.663876692454 176.280438899994 173.591355482737 165.063271919886 156.891663869222 156.475444634755 157.212873299917 165.224522352219 174.001971880595 175.998826821645 154.780149459839 125.221113363902 123.673727114995 136.166463295619 154.23305829366 181.997855504354 195.602357387543
40.384478867054 27.4378806352615 13.6572197079659 4.45293728262186 1.88620931779345 5.12352089087168 12.7779146035512 23.3798921108246 28.616651892662 27.7554293473562 31.6770871480306 39.8681834340096 46.3426411151886 52.0308266083399 58.746079603831 64.6339853604635 68.1235492229462 73.7490803003311 86.2337251504262 92.6703612009684 96.8914031982422 102.152387301127 103.399018446604 107.275446256002 117.681423823039 127.842515707016 131.037622690201 134.812752405802 142.325987418493 146.19106054306 155.38215637207 164.279321829478 163.593788941701 167.913933595022 172.639012336731 172.755360603333 169.881840546926 165.064175923665 157.079885403315 157.286137342453 156.699766715368 156.191051006317 160.112599531809 163.007477919261 157.184650500615 126.953651507696 103.22317481041 115.221599737803 134.577641884486 172.522068023682 195.611834526062 198.630928993225
58.7407151858012 41.9977406660716 29.1636660695076 18.3417064448198 8.08137655258179 4.48268807182709 5.89088474710782 17.8299347559611 24.7275729974111 26.9775340954463 27.7286718289057 24.8380353053411 23.9755138754845 23.7301165858905 26.1707132061323 36.633829275767 45.5082952976227 59.2476576566696 76.6302496194839 86.6913398106893 96.8016982078552 104.658822218577 103.839536507924 103.134085734685 107.969105243683 111.396133899689 118.982682625453 127.251833677292 130.999277035395 140.444656213125 152.384569247564 152.756949265798 143.957078456879 140.80540339152 140.64547419548 147.243132193883 157.516767581304 152.93362736702 148.512383302053 143.246839443843 138.826082150141 140.778491894404 147.432933251063 154.663463433584 152.317156394323 147.407402594884 154.380430777868 162.611703077952 173.841536045074 188.803831736247 195.197959740957 195.235908031464
72.2155173619588 58.027242620786 43.7341382106145 32.9912131031354 21.4122980833054 8.65337625145912 4.12370606015126 0.112102929657946 9.81087858478228 21.9300563136737 27.1348506212234 27.4341255426407 25.7524773478508 23.7883279720942 19.7952625652154 23.0828647812208 31.2409251928329 40.4596974452337 56.3724537690481 72.2008248170217 86.074431737264 96.7123409112294 102.035383383433 102.905770142873 103.745321432749 104.252139727275 105.411261320114 113.894065221151 119.617213805517 127.323180437088 136.75449291865 139.78773355484 133.115887641907 127.069969971975 122.450927893321 124.449769655863 130.575279394786 140.702913204829 139.891564846039 124.687373638153 121.827771266301 128.765046596527 143.200208743413 155.047466357549 158.980906009674 164.348949988683 172.790110111237 173.897325992584 180.56579430898 181.96310599645 180.014570554098 177.932103474935
66.828727722168 60.0004146496455 48.10431599617 35.9686141212781 31.2782377004623 21.7452694972356 9.99214562276999 3.02076370765766 7.94638382891814 13.1313974658648 18.1389090915521 24.0737373630206 30.306783815225 31.310943265756 29.8413808147113 27.8800874948502 27.2878954807917 29.7188013792038 39.9320796132088 50.8947819471359 63.0388259887695 74.1049349308014 86.9711140791575 88.144580523173 91.7649169762929 92.0645693937937 92.1995043754578 94.412237405777 100.592901309331 114.990830421448 118.827591339747 118.777533372243 116.64734284083 113.164017597834 115.97083012263 119.015723466873 119.409163792928 123.216013113658 125.720640023549 131.203313668569 135.212471087774 143.882135550181 151.365061601003 154.496163129807 153.196255366007 152.633955081304 156.252970298131 164.698859055837 172.046780586243 167.571345965068 159.49954589208 165.101269880931
49.3155221144358 45.9038317203522 38.7054433425268 31.1746895313263 28.4576366345088 25.7715657353401 20.8360503117243 14.2361136774222 8.23790455857913 5.91559459765752 9.51257968942324 18.0597106615702 28.188260893027 35.0009799003601 43.8281844059626 43.2726045449575 34.6726576487223 31.3267682989438 32.8574528296789 36.3897010684013 41.8794453144073 47.6168543100357 57.6536953449249 64.6943549315135 74.8279243707657 79.0684372186661 77.9730876286824 79.7396202882131 80.6884467601776 86.4007969697316 91.7570094267527 95.4753756523132 100.660661856333 102.183232704798 107.768913110097 110.151946544647 110.08025209109 113.56387535731 121.083557605743 132.074733575185 149.178634087245 153.325080871582 155.094017585119 154.413332541784 151.720444361369 151.844799518585 160.248041152954 165.478626887004 167.76180267334 166.225115458171 165.390918652217 162.82731294632
9.6975713968277 11.1176408827305 11.9242457052072 12.2036760052045 5.94158098101616 2.99747909108798 7.2505089143912 15.7205847402414 12.7125469346841 8.85451522966226 6.40043802559376 8.53691125909487 19.5813812315464 31.5149426460266 41.9279237588247 39.7701784968376 40.1153489947319 34.781980017821 32.957024872303 30.1472470164299 30.9719741344452 32.1756725509961 36.4919900894165 46.1193025112152 56.7977676788966 65.3622051080068 67.3643847306569 66.0253862539927 70.5795834461848 74.7046222289403 72.9953149954478 75.7576624552409 93.485693136851 95.3463912010193 96.0519810517629 98.0959534645081 103.295594453812 107.455094655355 117.443233728409 129.850616057714 133.599648873011 135.380109151204 142.664571603139 147.2181280454 147.913078467051 151.932001113892 158.187866210938 160.875161488851 160.128434499105 164.08767302831 165.828913450241 161.138008038203
0.201663720266273 0.138325985365858 0 0 0 0 0.522036920301616 6.73014794786771 15.8617210884889 16.3471102714539 10.5415756503741 6.56021696825822 8.75506301720937 18.031470477581 31.2912662823995 35.820464293162 42.1005338430405 39.9754196405411 35.7551450530688 29.9497048060099 28.1547978520393 27.6887888709704 28.8777748743693 35.2258135875066 42.058010896047 48.121506969134 50.089826186498 55.0147394339244 58.7996939818064 59.3252529700597 63.268447915713 61.7125729719798 60.3062212467194 64.8979643980662 83.2737386226654 85.7157210508982 93.2635565598806 102.184315522512 106.791645288467 119.231144587199 124.203950166702 123.005837202072 117.383857568105 116.028636693954 123.16240866979 135.327438513438 139.592935641607 145.617107550303 148.91317486763 153.123488028844 155.821859836578 156.629770994186
0 0 0 0 0 0 0 0 13.1075717508793 16.8703968326251 19.3450512985388 14.2277578512828 6.61113299429417 6.37573686738809 15.6500873466333 32.1889941891034 40.5929684638977 42.2809918721517 41.8322831392288 38.1845980882645 33.100259800752 33.8593572378159 35.1619372765223 36.3803505897522 37.8998468319575 40.0169566273689 42.8665777047475 47.2652018070221 50.7676849762599 50.4470318555832 50.978034734726 54.1376322507858 49.9088366826375 46.9541649023692 47.2049464782079 62.5605334838231 78.9577265580495 87.9353682200114 90.574969847997 99.590281645457 104.048172632853 105.597853660583 105.474054813385 104.3581366539 106.280267238617 108.270605405172 119.67455347379 127.078145742416 129.378894964854 134.380559126536 138.593882322311 140.242546796799
0 0 0 0 0 0 0 0 0 8.6463571836551 19.4249326984088 27.5049060583115 22.9222724835078 15.2725217243036 13.0907644828161 25.0491251548131 35.2831532557805 43.433611591657 50.6421277920405 50.5307217439016 44.3335771560669 43.4976915518443 43.1060642004013 43.5120662053426 44.6463574965795 44.8293586572011 46.7045207818349 51.7862439155579 50.8769104878108 47.0370948314667 46.9767053922017 46.5166370073954 42.6053802172343 42.8608357906342 41.6242281595866 40.0105193257332 43.6284840106964 45.0475811958313 68.4297382831573 75.7102966308594 83.098699649175 88.0367358525594 91.4526184399923 95.7234601179759 96.7530210812887 102.837254603704 101.136187712351 93.4570034344991 106.883585453033 111.293206612269 112.899482250214 118.329664071401
3.35327504823605 0 0 0 0 0 0 0 0 1.09524504902462 17.8804496924082 31.0488790273666 37.0681757728259 34.5253547032674 24.7549811999003 23.975466688474 26.8099481860797 34.9642758568128 47.88638651371 56.1286260684331 57.2847028573354 54.0693004926046 53.4060398737589 51.3300895690918 52.9119670391083 52.800307671229 53.1125764052073 53.9003213246663 52.7313202619553 46.257605155309 46.0634926954905 44.1978275775909 40.2621974547704 35.9152629971504 34.0122828880946 35.2564702431361 28.5867874821027 26.0321845610936 30.8593089381854 39.6132518847783 44.9956953525543 52.0384212334951 58.226947983106 64.4278526306152 67.7864551544189 74.3094782034556 86.0005815823873 88.8324379920959 85.8010848363241 82.1017026901245 93.3208962281545 106.631428003311
3.82569152861834 0 0 0 0 0 0 0 0 0.254781140635411 12.2103070219358 31.4310416579247 44.8267062505086 49.2152273654938 42.6549762487411 27.4724115928014 21.9175592064857 23.9744732777278 35.0590820113818 51.0750710964203 62.5272393226624 62.0833784341812 64.9013270934423 59.9078088998795 56.9828053315481 59.7381740808487 58.6802661418915 58.2683434089025 55.7464857896169 52.1662731965383 45.8963165680567 45.99862297376 39.6623363097509 32.7690492073695 29.6725183725357 24.2105250557264 19.0991585453351 14.9088104565938 14.5404438177745 19.0939729412397 22.2529446085294 28.2994955778122 28.1437387069066 29.0448243419329 42.2794322172801 53.2416800657908 61.1074765523275 70.1768398284912 71.754386027654 73.7592130899429 76.0100533564885 89.8863673210144
2.44970091929038 0.0265143365443995 0 0 0 0 0 0 0.04712450512064 0.31986894706885 0.833771967639526 19.795723259449 35.0173835953077 48.2517232497533 49.8821387688319 43.4059003988902 40.0630707542102 32.7441915869713 27.387298643589 33.9719653129578 52.083099881808 63.7252231438955 69.1484361886978 67.1472450097402 64.1108949979146 64.295306801796 67.8783257802327 63.0777180194855 63.4525815645854 63.4737114111582 54.5855313539505 43.2714025179545 34.9711130062739 30.4128477970759 24.010901649793 20.5431940654914 14.4385931392511 11.0712870955467 8.52989964187145 9.5277496924003 9.98942678173383 14.8444796601931 16.411201407512 22.120825946331 32.6414853334427 36.4538157979647 45.3388293584188 50.215740998586 55.0840000311534 62.8844698270162 66.5647685527802 73.6970504124959
1.30313976357381 0.194088808105638 0 0 0 0 0 0.0596974859945476 0.728968996554613 0.996227143332362 5.69984937707583 13.1049491465092 26.505671441555 40.6736185153325 53.1394779682159 58.0490777889887 58.0316781997681 50.4510750373205 39.258932073911 30.0606588522593 37.3153562347094 55.5834869543711 64.229150613149 66.9175287087758 70.9450741608938 73.5841294129689 78.0798047780991 75.2786546945572 69.8987742265065 64.0915433565776 61.610887447993 48.3576158682505 36.8919049700101 26.8270894885063 18.6092716952165 15.8217214047909 10.677270591259 6.85964648922284 4.44778800010681 2.96607799828053 4.99683525413275 5.30331209301949 10.7788356641928 18.6977311968803 23.7260510524114 31.6157788038254 36.469226082166 38.7007047732671 41.6958083709081 49.6672689914703 55.4554611444473 61.028465628624
1.46843710293372 1.72501833488544 0.996266258880496 0 0 0 0.0105219745213011 1.48344816019138 2.15125114967426 10.0954274336497 16.0692309339841 17.0875564217567 23.1230432788531 32.7293798327446 43.7521636486053 55.2875300248464 59.0260475873947 59.6849371989568 57.6577534278234 46.5594877799352 34.5526064435641 43.3810849984487 52.1561404069265 62.7901405096054 72.4235872427623 78.2317419846853 79.7194242477417 80.8358093102773 75.9477764368057 67.665696144104 55.5403133233388 46.6591070095698 38.4150892496109 27.0361577471097 18.3300500114759 14.6049881974856 8.62283632159233 3.74358023206393 1.65539359052976 0.336823364098867 0 4.21790188799302 7.57510649661223 10.5181982119878 12.1179583172003 19.2263859013716 23.9770263433456 27.0617629090945 29.6427980065346 38.2338762283325 39.6875863273939 47.3549862702688
1.49245653301477 0.835244466240207 1.74347776919603 0 0 0.271180955072244 0.617979094386101 1.80118624120951 2.42743967100978 2.5648633018136 17.0779985686143 15.1991608242194 15.9394616882006 22.009551525116 30.8108851313591 45.8390265703201 50.1661996046702 55.3486744562785 58.8885843753815 60.9335452318192 53.1607369581858 43.1918402512868 45.821284254392 54.0696481863658 64.3882056077321 72.4258969227473 80.5177390575409 77.9296557108561 68.7515586614609 68.5787349939346 58.5578183333079 45.8509872357051 35.0290214022001 22.6928119858106 14.0886877973874 8.83826116720835 3.62570770084858 0.342825466456513 0 0 0 0 2.25391782199343 5.87834479908148 10.3877546886603 17.4776377777259 17.8017740448316 21.1400240659714 24.6694957216581 28.2709350188573 28.8012300928434 31.2996283173561
3.4953315431873 0.571091465341548 0 0 0 0.541661555568377 0.539134761008124 1.66221444184581 2.29091538737218 3.0031834418575 10.9337506194909 11.1165555814902 9.95424576103687 12.3731133838495 16.8845790127913 27.5234629710515 37.0679820577304 43.3798432350159 51.654040813446 63.4504010279973 67.2732988993327 59.882253408432 59.5609247684479 60.9360088904699 62.1337244908015 64.5352900028229 69.2086865504583 71.8269894520442 67.8697973489761 57.2252770264943 45.7263737916946 38.6497775713603 23.0836694439252 14.4756498436133 6.12961562971274 0.251857175802191 0 0 0 0 0 0 0 2.86934183289607 3.32524441182613 6.03518697122733 8.8274081548055 13.5437908271948 15.7026288410028 18.419124186039 18.2370742162069 22.3900005221367
13.0702070891857 6.91068420807521 0.346232360849778 0.681025131295125 0.660041114315391 0.191235992436608 1.50056354080637 3.37868401159843 3.77913874884446 3.23766035338243 2.28005973622203 7.88232870399952 8.7147473047177 5.86242849628131 10.8043303092321 19.7530686855316 30.128538608551 37.4387428164482 44.7780589262644 56.6185812155406 62.7182126045227 73.1820960839589 80.4223914941152 78.1880120436351 72.8347947200139 64.4810299078624 59.3982636928558 61.4320735136668 62.2549603382746 48.8300174474716 31.5331071615219 20.373672246933 13.1593272089958 2.56466586142778 0 0 0 0 0 0 0 0 0 0 0.911450246348977 2.2336645051837 2.42816501607498 6.44190919895967 10.4581601917744 11.1182617644469 11.6164411107699 12.746440867583
42.1560655037562 35.8638167381287 15.7002061605453 8.81974088648955 5.51175822814306 1.47570840393503 4.91452061881622 4.53412625938654 3.70414896557728 3.70813564707836 7.20630958676338 10.694599399964 11.2520692249139 10.6357609232267 11.9528708358606 16.8099900086721 25.6637508670489 33.1211338440577 39.5093411207199 42.3944542805354 46.0293789704641 59.7877949476242 70.2444314956665 73.7322568893433 73.4790017207464 68.1200573841731 60.534010330836 52.3282885551453 56.2662879625956 37.7706090609233 19.0343894064426 7.3738011221091 0 0 0 0 0 0 0 0 0 0 0 0 0 0 0 1.2036965539058 3.67993675172329 6.21355200807254 7.30488325158755 7.77366384863853
