input/barkrak2/radiation/dir03624.grid
NCOLS 85 
NROWS 70 
XLLCORNER 665100 
YLLCORNER 4664600 
CELLSIZE 20 
NODATA_value -9999 
[rows 22 to 43 of 70, columns 0 to 49 of 85]
60.1532061894735 53.542286157608 30.9576367338498 24.1725494464238 20.2607611815135 8.37685167789459 15.4256199796995 10.4332442084948 9.25372230509917 8.19081937273343 18.8468657433987 19.7447016835213 22.1829265356064 22.3629300793012 23.5978489120801 28.431311249733 38.711778819561 49.852063258489 56.2936365604401 59.6287945906321 63.3266667524974 77.9768129189809 91.0630126794179 96.4297552903493 97.690224647522 90.4829998811086 80.9808025757472 79.8492729663849 71.5922266244888 51.0640839735667 29.4844557841619 15.3121699889501 1.19089731015265 0.00573158104089089 0 0 0 0 0 0 0 0 0 3.3224867656827 13.379988571008 23.532472550869 27.2292792797089 28.8497681419055 32.1754440665245 34.8928694923719
94.2153632640839 83.151842157046 48.323983947436 30.0231799483299 24.3636816740036 26.1223390698433 25.9378105401993 11.6674664119879 9.27366688847542 7.80622536937396 20.3658478955428 22.1591939528783 26.0499715805054 31.7638963460922 29.0331616997719 29.6767006317774 36.907804509004 46.9026863574982 52.7269740899404 46.4428166548411 45.3443129857381 50.0491609176 63.2710407177607 75.3863006830215 81.8960765997569 83.3435952663422 77.1439870198568 62.985102335612 54.1989107926687 22.2677985827128 17.2223771611849 8.22259858250618 0.0069317781405213 0 0 0 0 0 0 0 0 0 0 6.71066592137019 11.8734414378802 18.9578533172607 24.8312503099442 26.9048735499382 31.0704236229261 34.721831480662
93.6279793580373 89.4012053807576 66.2789146105448 34.6615960200628 17.4628136058648 26.2170632680257 24.9187375108401 22.6196050643921 18.5292263825734 9.96635233362516 18.6225349704425 20.1923424998919 22.7258851130803 28.9943814277649 28.7249435981115 29.2001813650131 34.018004933993 45.3392118215561 51.7126570145289 45.1924055814743 44.1045264403025 40.7450795173645 50.3381987412771 59.2884620030721 64.5739634831746 65.0774935881297 62.7446522315343 55.1870663960775 36.9410589337349 16.0895859201749 10.4981660842896 8.33854389687379 0.196591077838093 0 0 0 0 0 0 0 0 0 0 17.4032549063365 15.7136333485444 18.9055105050405 20.9388807415962 20.2880079547564 22.2128381331762 22.9188551505407
79.7301381826401 84.5234791437785 77.4234384298325 45.1908806959788 17.5902669628461 26.1609901984533 33.2978665828705 41.5174439549446 39.6637469530106 32.5691451629003 27.4401307106018 28.9969891309738 29.6086619297663 36.6063515345256 36.6577431559563 31.4836477239927 34.7240890065829 43.844406803449 50.4806141058604 54.3281137943268 54.3894122044245 50.9097079435984 47.8067249059677 48.9379515250524 53.0550579229991 55.4229915142059 51.3198971748352 50.5393048127492 30.9767425060272 26.1043484012286 22.6802652080854 27.8907517592112 21.459199488163 0 0 0 0 0 0 0 0 0 0 18.2975394030412 13.64508147041 7.08908587694168 8.41164775192738 15.0304175913334 17.5996161997318 15.3617387016614
78.3998817205429 83.8557283083598 81.7719797293345 55.1990866661072 31.2777012586594 40.9606421987216 53.6201943953832 63.4664197762807 68.692073225975 61.8552466233571 43.8639322916667 45.1981276273727 44.6529338757197 48.4785884618759 47.2082843383153 38.8181606928507 36.8857855598132 46.3977158069611 54.6888063351313 64.9693806966146 65.8631324768066 63.9191369215647 56.0765614112218 51.0536233584086 52.0011186599731 55.4893414179484 50.1897583405177 57.1069022019704 52.8809825579325 51.5028735001882 57.2846482197444 76.3320028781891 85.1136445999146 63.6391093333562 0 0 0 0 0 0 0 0 9.8719218124946 8.28594217697779 0 0 0 5.96354467173417 9.54771228134632 10.2188885211945
80.076406399409 78.8341760635376 79.060306151708 61.4882608254751 58.3513329426448 63.2033348083496 75.1190731922785 80.0397098064423 80.4026424884796 74.7662285963694 55.626114209493 50.7265677054723 49.7601330280304 49.9256153901418 53.373396396637 48.4639902909597 43.8216179609299 49.6267676353455 63.6636217435201 68.7784453233083 65.4867390791575 58.0111543337504 56.1340798934301 57.7121724685033 59.168537457784 59.1646780570348 57.630643248558 67.4313306808472 84.0945939222972 88.9476339022319 94.2621032396952 102.179745833079 113.036006689072 119.851320981979 72.8851556777954 1.74933283900221 0 0 0 0 0 12.1384983261426 11.8413344025612 0 0 0 0 1.1681163062652 3.49577857802312 3.74971268077691
83.1169039011002 71.6741234064102 72.4148899316788 64.741462469101 79.1405687729518 76.7768869797389 77.2899140914281 74.4124005238215 67.7834351857503 59.5824718475342 49.5457847913106 44.5307344198227 48.0932096640269 49.4921108086904 54.5025418202082 59.0910166501999 51.5117049217224 48.2033540805181 60.4605426390966 62.1156444152196 59.7011148929596 53.8987914721171 53.8606941699982 60.9366248051325 63.4784400463104 60.9903832276662 62.6481473445892 68.5266156991323 91.7599101861318 105.302443106969 114.538331826528 120.11706829071 127.813826004664 130.317370096842 119.629333416621 44.7448243697484 0 0 0 0 0 2.50760186463594 8.61978406707446 0 0 0 0 0 2.44170085837444 2.67847658445438
84.0023557345072 66.0792688528697 66.6011621554693 70.5035428206126 79.5845041672389 75.3290106852849 63.4036560853322 49.4709660609563 36.7257942756017 30.6317831079165 30.1855827371279 34.3273629744848 42.9580708344777 49.8969902594884 55.6102593739827 62.1290802955627 58.4368010361989 46.8499362468719 50.8292416731516 53.8776963949203 52.7499119440714 53.7144194046656 54.5065154631933 60.8013222614924 66.626379887263 64.2516712347666 67.1067635218302 69.3842023611069 85.5009655157725 108.942379554113 124.318430821101 131.042857964834 133.001267910004 133.69811574618 141.050179799398 120.932191610336 38.8179570436478 0 0 0 0 0 0.818010962878664 0 0 0 0 0 0 0
82.4050356944402 83.4640463193258 104.759265979131 136.628578106562 111.101100842158 81.5836985905965 53.6296019951502 31.9527337948481 22.191862265269 26.1517539620399 22.5588281949361 23.951696852843 39.6697670221329 51.6341229279836 60.9940538803736 66.7369216680527 63.5534028212229 52.2572596867879 51.8101751804352 56.2276889880498 53.2233466704687 57.046373685201 59.8758359750112 62.4089737733205 68.9157098531723 73.8868316014608 72.0006227493286 75.5459368228912 88.3124967416127 114.019532998403 132.768253485362 136.145323514938 133.649984995524 142.370909452438 152.432888746262 155.817170937856 127.178500096003 65.3787652651469 7.95910507440567 0 0 0 0 0 0 0 0 0 0 0
95.4308410485585 129.306058088938 177.345434824626 198.445459206899 176.805317401886 122.40727742513 74.0566005309423 44.0892229477564 37.1766810615857 42.2930816809336 34.0822413563728 28.9021184047063 39.8603628079096 49.8848656813304 63.1145238876343 71.8154410521189 67.6191250483195 61.04776263237 54.6869933605194 57.2983920574188 56.9598724444707 59.5439374446869 63.1434222062429 64.009760816892 70.159524679184 82.052007317543 82.0457637310028 88.6725087960561 99.3538896242778 116.605460643768 132.178753614426 140.072156985601 142.051796118418 149.51370159785 157.047321399053 155.548920234044 149.45262670517 127.809345722198 61.6212785243988 6.88640711208185 0 0 0 0 0 0 0 0 0 0
155.883838733037 191.568533579508 216.13347530365 218.37451060613 214.732607205709 187.713205814362 143.190125624339 104.072332382202 80.389142036438 69.6336676677068 65.0327056646347 53.2636096080144 42.3314472039541 47.1290896336238 65.7813251018524 72.080930074056 65.6044979890188 66.4502282937368 56.1990837256114 55.4963946342468 58.5222939650218 59.5917205015818 61.5796645482381 62.7250969409943 67.5398608048757 82.2843164205551 88.2018605868022 95.8296557267507 106.065611044566 116.045624017715 128.724197546641 138.77393802007 140.670935312907 137.515147527059 140.298446019491 134.868542353312 135.385910669963 122.63164917628 74.8599221309026 22.7368449171384 2.40726101522644 1.17761455476284 0 0 0 0 0 0 0 0
207.421123981476 223.746697107951 228.147606054942 225.62297185262 228.008449077606 221.777399381002 199.287931124369 155.288954575857 116.777877012889 97.3380208015442 95.0029989083608 87.1545473734538 61.9021157423655 53.2189458608627 63.696896036466 67.9032901922862 62.2706065575282 62.3605400323868 56.1997244755427 56.9787621498108 54.7066628932953 56.694949666659 56.4870884021123 58.2158466180166 65.0718013445536 75.7480363051097 88.3120099703471 92.4552083015442 101.946413516998 114.383647839228 127.979536851247 130.104005336761 121.197829643885 109.980920950572 113.745192686717 97.2625215848287 98.324050505956 82.7717532714208 46.6326475143433 13.4464452664057 12.4180528024832 8.55099968612194 2.10498692467809 0 0 0 0 0 0 0
222.317437330882 228.233476479848 227.607866128286 227.934042612712 228.895862897237 226.179877916972 218.320786952972 185.459117094676 135.964582363764 109.843154748281 109.456231196721 105.891207853953 88.2269044717153 68.9181884129842 63.600813349088 65.6563540299733 59.9876493215561 55.5912405252457 55.8339804410934 59.5019956429799 54.7987918059031 53.5424451033274 55.3887983163198 56.8628410498301 61.9772126277288 69.2782799402873 79.1787952184677 80.3496936957041 90.7682478427887 108.887642621994 118.631720542908 117.730816205343 111.420581738154 104.627748330434 96.747358640035 82.8880965709686 87.0729784170787 84.1445326805115 63.9383445183436 28.4936105211576 22.8356843193372 24.6400932470957 0 0 0 0 0 0 0 0
216.100593407949 218.723515669505 215.699275334676 217.803061008453 216.711401939392 210.854570070902 205.867489178975 188.45013777415 146.537810564041 120.862454175949 114.39773440361 110.318273305893 100.991060336431 78.9442757765452 68.3747778336207 71.2217589219411 63.5805080334345 54.325262705485 58.2676480213801 60.4140957196554 58.2924584547679 54.3417632579803 57.7058990796407 62.9885097344716 61.4830901225408 66.7801300684611 71.7771202325821 72.7210740248362 80.8003197113673 99.4804799556732 109.820425510406 110.376546780268 113.603482643763 114.581118027369 96.0066616535187 89.5496805508931 93.9867198467255 101.382553577423 96.2601900100708 55.7210743427277 19.8564765353998 1.61843560636044 0 0 0 0 0 0 0 0
191.998978455861 195.794602235158 196.939289569855 194.241682688395 192.878206570943 191.823124885559 195.179144541423 191.610833009084 158.446758985519 128.616432348887 115.205228328705 105.718721946081 97.2348252932231 76.5081644058228 64.6044760942459 70.7984765370687 73.400338490804 60.6232583522797 62.7400279045105 65.731555223465 65.1718626419703 60.3850185871124 60.4890435934067 65.1036947965622 63.1299018859863 63.5294020175934 70.1080163319906 77.5355647007624 81.5345595280329 95.1099395751953 107.243229945501 110.620200634003 114.721079667409 117.995282014211 99.4483331839244 99.9374290307363 100.230077902476 109.728256861369 109.074125687281 68.7225162982941 9.04019052783648 0 0 0 0 0 0 0 0 0
169.010698795319 178.138573964437 189.886689186096 185.891111691793 185.06383895874 190.661648909251 198.966940244039 201.478640238444 182.079096635183 145.003745953242 120.980858802795 96.6637432575226 81.7840397357941 71.2705850601196 61.753789583842 65.7883584499359 77.2571265697479 68.6319420735041 65.0461812814077 68.003922700882 69.6478287378947 65.3747220834096 62.4371021986008 64.4131054480871 65.829465786616 66.2247538566589 69.5363531510035 78.7067959705989 82.4808925390244 87.3000919818878 101.046333710353 111.789931853612 114.173948764801 108.933786551158 95.6167578697205 108.520567417145 111.432452996572 117.179582516352 116.767356793086 90.1742776234945 3.49081338693698 0 0 0 0 0 0 0 0 0
130.841513474782 142.89790391922 151.567320028941 156.060109535853 164.916694164276 181.288401285807 194.86137231191 201.888521512349 196.320494016012 162.951707839966 128.857870896657 96.9610611597697 78.2243659098943 75.5386203527451 67.0160700877507 60.6440405050913 72.6170788208644 73.180764913559 66.6023592154185 66.241314013799 66.9006605943044 63.9056414365768 60.6516649325689 61.9252224763234 66.4252191781998 70.3937212626139 70.1259126265844 75.6586790084839 80.7684659957886 82.0119629303614 91.0581151644389 108.004301786423 111.38712366422 96.8792935212453 99.3236005306244 118.155876795451 123.082945744197 121.977508068085 121.059060096741 116.290509700775 58.2161943117777 0 0 0 0 0 0 0 0 0
93.7873224417369 101.040254036585 100.672314564387 111.280928055445 127.662479877472 146.329383055369 161.127150058746 174.342075983683 174.292325973511 148.678998152415 114.209274450938 88.3464415868123 74.5737254619598 72.4428395430247 68.4025436639786 63.4739895661672 67.9787794748942 68.6834007501602 62.3252391815186 62.0366036891937 65.4543042182922 68.7718540430069 67.5800343354543 62.2123132149378 62.4326169490814 65.7548209031423 71.6369698445002 74.8961369196574 79.7879050175349 79.5225997765859 83.4747850894928 95.4260428746541 103.581289450328 99.1252660751343 121.799975633621 132.076412439346 127.479493618011 120.765229066213 126.191337903341 140.556653340658 134.098847707113 68.3771769205729 5.88691731293996 0 0 0 0 0 0 0
82.3809951543808 84.7100218137105 84.3049089113871 86.6027375062307 95.8744784196218 102.111240228017 106.487502654394 112.067381540934 111.661980549494 95.6090092658997 79.1271030902863 75.0218530495961 73.5039860010147 70.2221890290578 68.2224531968435 68.2712892691294 66.9586559136709 66.6548560063044 61.502014597257 60.6095343828201 66.0141209761302 71.5460777282715 72.9647725820541 68.6407188574473 65.3792122999827 64.7647082805634 74.2700199286143 76.5372117360433 80.0281912088394 80.5227508147558 80.607404311498 87.8676772117615 97.0663030942281 107.31448729833 127.785752216975 130.477418502172 120.550056298574 109.781096378962 112.667540709178 129.295468330383 143.273323774338 131.920794645945 81.8275511264801 14.775184293588 0 0 0 0 0 0
90.9942885239919 88.5644157727559 88.8238648573558 88.1424248218536 84.2486917972565 82.3921759923299 81.0579309860865 82.0906460285187 87.0240330696106 78.0817021926244 69.9695895115535 71.6357231140137 74.9360322952271 75.6009171406428 73.8653341929118 71.5117156505585 65.9283250570297 72.9908297459285 73.806236187617 68.9206669727961 71.0536539554596 71.7450926701228 70.4160829385122 73.4325746695201 73.4830598036448 69.8090642690659 75.0445425510406 78.901266058286 80.0839364528656 81.7606051762899 84.4791829586029 87.3121619224548 95.1052308082581 113.572518030802 123.075028260549 116.471499204636 104.89414135615 94.1205124060313 90.9779270490011 102.413386106491 132.557660341263 140.501876672109 110.03918449084 54.8280775547028 3.42644657939672 0 0 0 0 0
95.6934293111165 92.8250352541606 95.8837866783142 94.5127606391907 87.1433913707733 83.5006833076477 81.1125586430232 78.3277998367945 78.3268064260483 74.6137549479802 72.5758969783783 71.8154410521189 75.3885408242543 79.865629474322 79.2603592077891 75.6633927424749 73.1430699427923 78.6235630512238 81.0248702764511 74.377362926801 71.5916554133097 69.4418102502823 66.1180367072423 67.9019391536713 72.4518299102783 69.3503717581431 67.363644639651 72.2885231177012 77.3602426052094 79.2226642370224 80.5080085992813 82.5456281503042 92.320054769516 113.570044438044 120.432217915853 104.507833719254 93.3741728464762 89.972048997879 89.7313753763835 98.7995167573293 106.830984354019 109.892666339874 95.7929491996765 60.0326955318451 9.02913014094035 0 0 0 0 0
79.239288965861 82.0980966091156 91.2409623463949 88.6297424634298 91.4111733436584 93.7766432762146 92.5764044125875 88.1460209687551 76.9513845443726 75.6456553936005 78.9524416128794 74.8758316040039 75.2151807149251 78.8974265257518 79.3721775213877 77.1435797214508 78.389232357343 80.2500496308009 81.648717323939 75.3328551848729 69.526140888532 66.8104241291682 64.4763161738714 64.0636930863063 66.8247689803441 70.5524186293284 66.6616757710775 69.3358033895493 74.565663933754 75.835386912028 74.0725994110107 72.5648005803426 84.6835374832153 98.9254812399546 105.618367592494 94.476044178009 90.7349387804667 95.9431529045105 97.9125499725342 99.6853113174438 94.5255557696025 92.2928253809611 87.5447392463684 59.8871260881424 17.7627429366112 0 0 0 0 0
