input/barkrak2/radiation/dir05224.grid
NCOLS 85 
NROWS 70 
XLLCORNER 665100 
YLLCORNER 4664600 
CELLSIZE 20 
NODATA_value -9999 
[rows 44 to 65 of 70, columns 0 to 47 of 85]
109.164297580719 114.855537811915 118.380894263585 119.014789660772 121.046582857768 123.3149766922 123.059193293254 118.455171585083 113.451808691025 108.879655599594 110.132237275441 106.688360373179 103.554904460907 101.661701997121 100.84264477094 100.494623184204 96.2365667025248 103.25700044632 104.561706384023 101.519048213959 96.7494646708171 94.7773257891337 94.935009876887 95.1392948627472 92.2192633152008 101.226309935252 104.24659649531 101.464480161667 101.382732391357 100.477834542592 96.3892539342244 95.1793193817139 102.039208014806 108.480403820674 115.766823291779 115.983575582504 121.066113313039 131.613532702128 135.458866755168 127.266267935435 124.528785546621 118.639330069224 112.783849239349 91.14009141922 54.9582640329997 13.1037657459577 0 0
115.644325812658 120.887418588003 117.537538210551 121.501495440801 119.539896647135 119.731406370799 121.029545863469 118.987321853638 120.351215203603 114.685912926992 112.91965842247 112.382839123408 106.821219126383 101.434628168742 100.920041402181 104.478180408478 97.7926850318909 101.024687290192 105.75666030248 103.797753651937 100.525498390198 99.7522870699565 98.2647935549418 99.0047852198283 101.407061020533 99.5171666145325 106.305807828903 104.766587416331 104.195187489192 103.238612413406 98.0600913365682 94.5604344209035 99.112461010615 97.3514517148336 97.7468689282735 100.084751844406 109.105209509532 123.80380431811 125.121414661407 110.459049542745 114.458660284678 107.360273599625 105.405579010646 102.430423100789 83.5075577100118 44.479841987292 6.02166230479876 0
115.656842788061 117.673625548681 120.407919088999 122.385362784068 122.319360574087 122.080643971761 123.727381229401 125.245819489161 121.599117914836 119.37282482783 117.46484041214 115.880747636159 111.271599928538 108.339309692383 107.253640890121 110.678901274999 108.571499586105 102.201143900553 108.11843474706 106.589406728745 103.273292382558 103.773613770803 102.631191412608 99.2430249849955 107.358773549398 99.0900695323944 101.727743943532 102.652430534363 104.018102089564 103.950202465057 102.684835592906 99.2776950200399 97.6776878039042 97.9664921760559 99.0533232688904 100.225249926249 103.267302115758 111.961175998052 114.91713921229 110.573927561442 110.47226190567 103.486607472102 109.302471081416 117.484658956528 108.693073193232 73.0724632740021 31.3731680313746 1.25469748551647
109.453092018763 111.814757188161 118.268599112829 119.909763336182 123.978634675344 125.141014655431 122.355550527573 122.431933879852 122.556666533152 124.486992756526 120.588521162669 116.12398425738 113.89950911204 114.282230536143 111.335774262746 109.837532043457 108.3103120327 99.5885630448659 104.572147130966 106.073389450709 102.321833372116 103.719194730123 106.585144996643 99.2482602596283 101.36741399765 101.022024949392 96.0184534390767 98.850687344869 103.181997934977 102.856248617172 104.210197925568 103.335390488307 98.3127852280935 100.871920585632 113.000591595968 118.019858996073 113.873233397802 107.731868823369 111.533224582672 123.980452617009 114.366273085276 105.229427417119 112.968216339747 121.125628550847 114.043265581131 92.0441349347432 51.9002974033356 16.0795326034228
101.891855398814 105.198154846827 111.123383045197 115.285068750381 122.421622276306 126.030832529068 122.298022111257 120.33533056577 123.927175998688 125.698745250702 123.929997285207 119.026690721512 116.71511332194 118.001202742259 114.658097426097 108.786344528198 107.687751452128 100.9594698747 105.032126108805 109.093278646469 107.872168223063 107.257107893626 108.996272087097 105.01163204511 102.468152840932 104.320993026098 100.357155005137 103.954752286275 110.289673010508 115.291595458984 119.154969851176 120.786726474762 110.071202119191 111.185361941655 120.076904694239 128.148098786672 130.43737411499 117.996752262115 114.920864502589 122.160504261653 112.016648054123 103.702078262965 101.110468308131 100.439091523488 99.1306900978088 98.0510115623474 86.6041779518127 32.5885266065598
100.675006707509 98.1462001800537 102.756331364314 112.17924952507 118.056446313858 121.449132760366 124.617348114649 127.419432004293 128.079881270727 123.910655577977 125.690837701162 125.045051177343 121.575017770131 118.206808964411 116.781711578369 111.727863550186 109.604010979335 105.982085069021 109.511425097783 114.310254653295 115.8094505469 114.008277654648 110.634545485179 112.919161717097 108.017990986506 110.402017831802 111.33399605751 112.290591001511 119.130949179331 128.880798816681 137.585421403249 138.326267401377 129.518330097198 121.967862049739 120.733002821604 128.551721572876 134.573221206665 133.163829644521 120.593190193176 109.671572844187 101.640085379283 102.194160223007 100.507020950317 95.4516232013702 91.9499595959981 96.6783165931702 91.6434526443481 43.5965359210968
101.165145635605 104.665378729502 107.886334260305 115.326076745987 116.300831238429 116.621166467667 125.490834315618 130.649000406265 130.649069945017 129.638979832331 128.877103328705 129.059145847956 124.598691860835 119.482904672623 119.106958309809 122.336536645889 113.821814457575 113.542129596074 115.103214979172 120.714048544566 121.78244193395 117.816944917043 114.638149738312 114.213844140371 108.895172675451 114.131212234497 118.418951829274 119.812349478404 123.3977774779 134.207387765249 141.87882343928 149.859189987183 138.805468877157 128.753423690796 110.844324032466 115.367035071055 127.233505249023 136.756598949432 126.436531543732 103.435079256694 95.9162513415019 103.862583637238 106.9109638532 103.294461965561 98.0502963066101 94.5401986440023 78.9633343617121 51.3457407553991
101.657728354136 113.264302412669 115.859925746918 117.801090081533 116.08033378919 114.904234806697 123.250504334768 129.518608252207 128.877898057302 134.381632010142 131.496290365855 130.281090736389 127.958953380585 122.43264913559 121.533115704854 128.352254629135 120.763550202052 116.627236207326 114.271332820257 116.976678371429 117.457330226898 116.038064161936 115.185876687368 111.592233181 109.390616416931 110.561390717824 115.689059098562 115.457932154338 116.47563179334 126.050651073456 137.110471725464 144.75558201472 141.222854455312 117.045352856318 82.5665096441905 77.5242348512014 96.2867438793182 117.466777563095 134.630729754766 129.429121812185 123.275071382523 115.115473667781 97.9706247647603 95.4861044883728 103.791137536367 96.5008735656738 75.3416766722997 62.7025614182154
104.977389176687 103.225290775299 102.141708135605 104.985177516937 113.185286521912 118.63578359286 118.796447912852 125.684161980947 125.607828299205 130.315810441971 131.12344344457 132.791330416997 132.064511378606 126.283903916677 124.1581539313 122.806628545125 124.557246764501 116.735567649206 111.10387245814 109.327574570974 108.881612618764 109.947075446447 111.307680606842 105.530132850011 107.611000537872 103.468626737595 106.807688872019 106.902539730072 105.860590934753 108.445813258489 116.321861743927 127.149472633998 123.399287462234 97.5708564122518 63.3729745944341 38.3308331171672 44.244592388471 74.8599072297414 108.475943406423 129.659175872803 132.480492194494 114.727715651194 93.7680701414744 89.5519057909648 97.6112484931946 87.9467924435933 71.7270871003469 79.6892394622167
109.151383241018 98.2543925444285 95.0903991858165 100.810110569 113.823811213175 122.766971588135 121.564010779063 123.304277658463 125.684440135956 126.083900531133 128.399719794591 131.602098544439 133.891681830088 131.702681382497 126.945018768311 123.233447472254 126.655022303263 118.512938419978 113.636871178945 114.437152942022 114.272137482961 111.903677384059 109.122623999914 105.559865633647 104.532599449158 104.45436835289 103.221555550893 102.63337691625 100.18848379453 96.5752402941386 89.9862547715505 95.7707762718201 96.681555112203 79.8366367816925 64.6588802337646 39.1667236884435 25.5281353990237 24.1718615094821 41.0952965418498 89.2347395420074 114.465067783992 104.584674040476 93.7449733416239 87.5625809033712 80.4394731918971 75.6113529205322 69.1272169351578 90.0008082389832
109.867721796036 103.613416353861 100.398163000743 105.12512922287 115.998218456904 124.673227469126 128.058016300201 123.727589845657 128.19916009903 125.939051310221 130.22447625796 131.787419319153 133.064051469167 135.042428970337 128.679881493251 129.054019848506 129.247645537059 123.844752709071 118.324339389801 119.795302549998 119.817753632863 115.447282791138 114.209771156311 113.468875487645 109.029054641724 108.547826608022 106.833755970001 102.767964204152 97.1633394559224 90.4332200686137 81.4459721247355 85.3252112865448 89.5980596542358 90.1570717493693 88.495135307312 76.0749975840251 48.3394463857015 32.2831869125366 23.9071895678838 33.691850801309 57.8294297059377 82.276314496994 56.6675762335459 47.5729604562124 47.0889955759048 55.1017423470815 73.1100638707479 82.5053751468658
113.583912452062 111.859301726023 106.972952683767 104.867110649745 111.028462648392 123.982757329941 125.920047362645 123.591591914495 125.526388486226 130.514611800512 136.787513891856 137.188007434209 135.121136903763 136.050035556157 132.405420144399 131.574630737305 132.83783197403 129.277090231578 123.806496461232 120.596398909887 119.31515733401 118.330031633377 120.31626701355 121.78236246109 115.895529588064 115.069419145584 107.142299413681 96.6412127017975 90.2381936709086 85.0813686847687 84.5209062099457 91.0664399464925 95.4231719175975 107.130269209544 114.07740910848 113.664120435715 96.9667832056681 77.9385467370351 64.2189780871073 37.9711265365283 48.0339427789052 68.3315048615138 68.5664812723796 56.2089482943217 56.5062512954076 74.4509845972061 100.505352020264 96.6437856356303
116.634746392568 115.902165571849 114.074697097143 108.961830536524 109.66968536377 120.415697495143 124.426911274592 124.406307935715 123.575945695241 132.611662149429 141.133368015289 140.073964993159 135.645707448324 137.787441412608 138.187646865845 130.428413550059 133.684664964676 129.972328742345 125.303347905477 123.067677021027 122.941146294276 122.65599767367 120.131472746531 119.998196760813 117.476373910904 111.188034216563 82.7795018752416 63.1957749525706 61.1491898695628 69.1520273685455 81.7382484674454 87.482472260793 93.4896469116211 100.947668155034 115.267554918925 124.270002047221 126.330157121023 121.223976214727 105.412135521571 77.7284552653631 52.4310568968455 70.3845818837484 87.5679055849711 88.7851417064667 89.180847009023 104.968090852102 134.208967288335 122.427294651667
115.478704373042 113.290290037791 117.143988609314 117.419252792994 113.605946302414 116.581787665685 124.401996533076 125.61446428299 124.747584263484 132.120112578074 140.738169352214 139.348288377126 133.524388074875 136.241008838018 139.21594619751 129.695951938629 131.187438964844 128.190577030182 125.788708527883 126.718918482463 126.674155394236 126.846482356389 120.589385430018 115.390300750732 116.017460823059 114.094913005829 91.9634997844696 68.3833062648773 68.7488714853923 79.2538474003474 90.6451443831126 93.5335457324982 105.257123708725 116.967717806498 123.883614937464 133.770306905111 131.146728992462 78.0319223801295 63.2255872090658 77.9371112585068 80.2929898103078 95.1622029145559 100.212266047796 83.0853531757991 53.0902643998464 84.217369556427 110.90620358785 105.437209208806
102.471103270849 111.624697844187 114.89737033844 117.631852626801 116.693635781606 112.897704044978 125.099122524261 129.250595966975 128.699868917465 132.796078920364 136.385858058929 136.749645074209 135.883092880249 133.134812116623 134.512583414714 129.61083650589 125.639150540034 128.608504931132 130.109320084254 132.068465153376 132.669816414515 127.512017885844 124.398281176885 118.118743101756 117.394715547562 117.75940656662 114.123125871023 107.949465513229 109.758973121643 113.19833000501 110.824376344681 103.666722774506 119.912326335907 128.543029228846 124.189098676046 95.1599578062693 84.0743184089661 42.7433401346207 29.1984180609385 43.0396397908529 80.9937715530396 105.649828910828 103.584945201874 88.053305943807 75.1633395751317 78.8034995396932 95.651646455129 100.471725066503
91.8101171652476 108.2404255867 112.804700930913 115.437209606171 118.222892284393 114.146043856939 119.464228550593 128.911962111791 139.279186725616 140.28854171435 136.48189107577 134.524613618851 136.030862728755 134.305288394292 134.086112181346 131.259560585022 126.668751239777 128.424714008967 125.880390405655 122.428725163142 123.440653085709 121.73913915952 122.349401315053 120.328853527705 119.47575211525 124.742815891902 135.633577903112 142.977237701416 130.411605040232 126.638422409693 113.079428672791 103.798687458038 114.257703224818 104.788581530253 57.2025676568349 46.1501975854238 44.2594389120738 34.8828633626302 21.0621456305186 15.5837759375572 17.8475640714169 66.5457099676132 100.687692562739 120.978713035583 135.967224836349 130.747497081757 124.017655849457 121.9449142615
93.7519768873851 104.474047819773 112.886687119802 115.469058354696 116.838196913401 117.337971925735 111.563116312027 122.835566600164 144.854495922724 144.135256608327 135.796229044596 131.798386573792 134.075085322062 137.579600016276 136.404166618983 132.221460342407 130.170365174611 126.235574483871 118.912150462468 111.338963111242 110.751748085022 113.825500011444 113.785187403361 116.363118092219 117.059737443924 125.653366247813 141.790330410004 150.962909062703 133.945991595586 123.072594404221 109.687884648641 93.7569936116536 93.4337278207143 86.8327418963114 63.7967586517334 39.1202966372172 40.6763205925624 53.5466820001602 45.1085269451141 28.2988349596659 16.8591203788916 27.4115925033887 78.0624945958455 110.164890686671 121.541976928711 121.342182159424 113.750110069911 114.551405111949
106.871555248896 110.014528036118 112.979471683502 109.078566233317 102.00959444046 98.4662969907125 107.440809408824 113.939235607783 124.447425206502 122.056325276693 120.478530724843 126.410524050395 132.913718620936 134.474039077759 130.072395006816 131.923576196035 131.61356250445 124.822348356247 115.560372670492 108.604292074839 106.978555520376 108.382374048233 111.405144135157 114.460021257401 113.664090633392 117.357701063156 129.544625679652 139.05609647433 128.988931576411 114.936083555222 103.355745474497 85.6505831082662 77.3099958896637 90.5990898609161 83.7275783220927 59.818963209788 63.2330427567164 98.2236961523692 101.404289404551 79.1550079981486 45.2883740266164 34.6550146738688 54.0884435176849 72.8066762288411 63.0166580279668 77.5998731454213 82.8233659267426 88.0240698655446
120.125780502955 116.182198127111 112.22372452418 104.29714123408 92.5317406654358 84.407240152359 97.5646575291951 96.9070891539256 84.5963954925537 85.4737460613251 100.238174200058 113.137900829315 119.125386079152 123.814175526301 127.451956272125 138.818800449371 141.259560982386 131.44788146019 121.669203042984 117.431968450546 113.472779591878 111.572007338206 113.019367059072 110.216995080312 109.468102455139 115.442097187042 117.282648881276 122.039635976156 121.209621429443 97.4829196929932 101.18579864502 93.2417114575704 84.1609040896098 101.39466325442 105.443716049194 92.0153657595317 83.342711130778 85.0786169370015 90.0855660438538 88.310827811559 70.3958769639333 53.6584506432215 53.8241118192673 43.1534002224604 34.3870967626572 39.4433289766312 62.4066591262817 66.6692554950714
123.469193776449 115.920941034953 110.692858695984 106.476893027623 98.1390774250031 89.972178141276 84.5746994018555 78.0151983102163 57.8239758809408 67.8878476222356 91.8171107769012 105.412532885869 106.050421794256 114.903231461843 130.113621552785 147.627492745717 153.192460536957 145.502835512161 135.853846867879 130.911986033122 124.217053254445 121.564507484436 120.531270901362 115.795781215032 112.788716952006 111.471136411031 107.033471266429 105.593651533127 106.721848249435 87.7418418725332 89.5270804564158 90.2536511421204 84.969421227773 105.900545914968 124.045580625534 127.457996209462 101.613889137904 63.2004588842392 44.2238698403041 65.8978521823883 67.8129593531291 70.2109485864639 66.9077535470327 60.5884244044622 46.5286622444789 42.1811391909917 55.2250097195307 67.1999553839366
126.47341688474 120.359083016713 118.896732727687 120.228926340739 116.461495558421 108.868012825648 102.592527866364 103.916803995768 101.922283569972 106.534580389659 116.951366265615 125.219076871872 125.593413909276 119.34087673823 130.623509486516 148.696442445119 160.183807214101 159.651458263397 150.990108648936 139.714618523916 132.70836075147 127.370059490204 125.111778577169 125.567893187205 116.068750619888 109.923581282298 100.920885801315 97.4114735921224 97.5708564122518 92.8645332654317 78.9385239283244 76.9676913817724 69.0361907084783 93.2535529136658 133.640925089518 141.285687685013 107.186953226725 69.2997475465139 41.7235841353734 35.6211985150973 48.3988970518112 53.9769232273102 71.0265636444092 78.0477821826935 81.5903643767039 65.9842689832052 64.9014910062154 86.9862635930379
127.435972293218 124.272565046946 124.563852945964 126.484801371892 125.814696153005 121.102084716161 120.182941357295 130.187094211578 148.322800795237 142.838845650355 133.537610371908 136.764079332352 143.321931362152 128.086894750595 128.795593976974 138.876567284266 149.318238099416 156.26393755277 155.835201342901 148.571838935216 141.093462705612 132.446130116781 127.38357981046 124.808172384898 117.418527603149 105.585028727849 91.2270347277323 87.3682598272959 89.5638267199198 81.4742644627889 45.5895562966665 42.4261589845022 34.9647204081217 58.789998292923 132.60488708814 142.173022031784 121.307959159215 111.529221137365 75.7579505443573 28.5417512059212 19.5830327769121 16.273124764363 55.2600721518199 84.6442977587382 94.9218571186066 83.4044814109802 82.0692380269368 114.675144354502
