input/barkrak2/radiation/dir09524.grid
NCOLS 85 
NROWS 70 
XLLCORNER 665100 
YLLCORNER 4664600 
CELLSIZE 20 
NODATA_value -9999 
[rows 0 to 19 of 70, columns 0 to 45 of 85]
253.730833530425997 267.009357611338 279.988169670105 294.336040814718 299.383481343587 297.886848449707 290.311972300212 284.249246120453 286.741256713867 287.564178307851 286.929508050283 289.750675360362 290.460705757141 291.270951430003 293.210983276367 287.297924359639 277.282913525899 267.416059970856 262.387732664744 252.765854199727 243.38573217392 252.647439638774 277.513603369395 284.189601739248 285.964528719584 292.613307634989 291.217605272929 277.167757352193 261.886159578959 258.107046286265 254.786511262258 270.540138085683 306.130190690358 304.345548152924 306.888163089752 290.724178155263 297.292192776998 309.147417545319 302.188396453857 306.434949239095 290.875176588694 290.417790412903 300.216297308604 307.664453983307 303.035100301107 301.952203114827
233.970542748769 250.0292857488 263.676365216573 279.745141665141 288.986464341482 290.74505964915 286.588927110036 284.181555112203 292.075037956238 292.1062707901 287.365396817525 288.791656494141 290.986160437266 292.207499345144 291.986346244812 287.038842837016 282.805343468984 276.063760121663 271.327912807465 259.215772151947 256.725112597148 269.600391387939 287.517170111338 290.776411692301 293.902119000753 296.118835608164 291.929920514425 278.9213458697 266.243735949198 259.57190990448 260.410169760386 283.340175946554 305.58564265569 305.540124575297 306.126713752747 293.258666992188 298.160910606384 306.260744730632 301.734705766042 307.585775852203 302.390734354655 294.38304901123 296.724577744802 301.402469476064 301.384886105855 301.397383213043
198.115607102712 211.03439728419 223.295172055562 235.660473505656 247.737089792887 257.278323173523 265.428980191549 275.896588961283 284.585575262706 283.73924891154 280.95277150472 285.004874070485 294.170697530111 298.101147015889 295.431554317474 300.004522005717 302.573303381602 297.013342380524 284.268260002136 274.66356754303 278.943260510763 284.559766451518 289.47118918101 290.654977162679 295.801122983297 295.314947764079 287.943363189697 277.903517087301 269.515037536621 265.004515647888 269.576827685038 294.327517350515 301.90763870875 303.70299021403 304.242551326752 298.951307932536 298.42334985733 298.583547274272 301.796019077301 306.045472621918 302.545547485352 290.78197479248 284.588754177094 290.182491143544 299.986322720846 302.018602689107
179.289658864339 181.03955189387 189.235250155131 196.493645509084 203.723152478536 208.437085151672 215.786834557851 231.106658776601 250.160078207652 265.09682337443 274.927874406179 287.310977776845 297.292828559875 300.923089186351 301.717281341553 304.715434710185 303.924441337585 297.031124432882 286.475817362467 281.495054562887 280.095259348551 278.447190920512 287.018994490306 288.951655228933 290.1531457901 292.002578576406 288.171569506327 280.744512875875 276.769379774729 275.527755419413 274.566610654195 298.31737279892 299.949129422506 302.23540465037 302.19300587972 303.611914316813 303.032596906026 301.648557186127 305.514494578044 303.708672523499 294.369538625081 281.681537628174 277.728994687398 292.231281598409 305.706858634949 301.443517208099
202.432592709859 184.827764829 172.078907489777 163.39643796285 166.943589846293 183.49285920461 204.49686050415 214.791496594747 225.082516670227 232.572754224141 252.997279167175 274.00815486908 286.885380744934 293.127695719401 297.258694966634 299.416323502858 294.010519981384 285.063644250234 281.720201174418 281.158089637756 277.021149794261 275.47025680542 285.22257010142 287.528951962789 288.683374722799 293.490370114644 290.639440218608 284.423311551412 279.054264227549 276.870568593343 281.635006268819 304.011702537537 303.357024987539 303.594330946604 300.297478834788 301.229854424794 304.48039372762 305.496156215668 301.795164744059 297.478874524434 294.823110103607 288.200914859772 289.216677347819 296.295841534932 300.00094572703 293.611248334249
245.19536892573 218.043963114421 190.423170725505 166.025559107463 157.320102055868 168.932139873505 194.716354211171 211.926956971486 216.123481591543 215.515335400899 225.961804389954 239.801208178202 249.560038248698 256.139695644379 264.338294665019 271.360238393148 271.245757738749 271.882275740306 277.449707190196 282.679816087087 282.719492912292 285.916447639465 288.87935479482 288.074851036072 290.044943491618 293.968419233958 292.225937048594 288.477540016174 282.319962978363 280.730823675791 293.56062412262 305.793066819509 305.219054222107 307.224214076996 302.046895027161 299.431105454763 302.891631921132 302.49297618866 295.342008272807 297.038972377777 296.366572380066 291.643579800924 291.864653428396 292.962272961934 285.506288210551 269.006669521332
266.750454902649 243.313709894816 222.990393638611 201.885282993317 180.026054382324 167.262812455495 175.215125083923 204.565584659576 218.278845151265 226.52139266332 223.058601220449 217.882434527079 213.639179865519 209.680676460266 212.007562319438 227.546195189158 239.706436793009 257.404645284017 274.1619348526 284.835398197174 288.105706373851 289.040446281433 290.377835432688 288.946151733398 290.205915768941 292.518397172292 293.280820051829 291.818996270498 287.155250708262 289.844314257304 299.354453881582 306.111137072245 308.281302452087 307.239909966787 303.633729616801 297.716021537781 297.57159948349 294.269561767578 292.829930782318 292.422294616699 287.484447161357 284.705440203349 288.22910785675 290.407439072927 277.066230773926 267.995556195577
275.399585564931 265.743374824524 254.60030635198 239.145855108897 216.249088446299 185.053904851278 163.718144098918 163.777053356171 198.310275872548 224.077582359314 231.476783752441 227.551897366842 218.669394652049 208.7389032046 195.771356423696 199.349761009216 212.19543615977 228.331208229065 251.642843087514 270.25709549586 280.50031264623 285.707414150238 291.380087534587 289.580285549164 288.302063941956 288.475255171458 289.074679215749 288.439869880676 287.113924821218 293.581744035085 301.234980424245 304.807603359222 303.191979726156 300.537467002869 296.037872632345 293.085793654124 293.842057387034 288.100361824036 280.969242254893 272.958060105642 275.013665358226 283.506453037262 296.024759610494 301.272432009379 286.752104759216 282.999575138092
267.885088920593 268.3318456014 264.267404874166 256.300608317057 242.84440279007 220.557391643524 189.389050006866 160.380790630976 174.553116162618 197.9079246521 218.118588129679 227.566202481588 229.620595773061 226.899266242981 214.786569277445 207.090198993683 204.391539096832 209.07723903656 223.780294259389 240.614394346873 256.440162658691 269.260982672373 277.644217014313 275.075395901998 276.70689423879 277.484317620595 278.411189715068 279.074450333913 280.060251553853 288.270036379496 293.437123298645 292.795399824778 291.497906049093 291.420519351959 290.637274583181 291.1177277565 290.384292602539 285.629371802012 274.725596110026 272.934337457021 287.167330582937 298.78177245458 304.667413234711 304.58535750707 291.413505872091 285.443464914958
238.416055838267 248.250087102254 253.31308444341 253.348509470622 250.354031721751 246.209859848022 229.727486769358 210.175812244415 178.780059019725 169.123848279317 183.177570501963 208.945413430532 230.766793092092 241.128047307332 242.382248242696 233.699242273966 218.492428461711 213.227411111196 212.528030077616 215.209682782491 224.266131718953 232.385635375977 241.88353617986 249.470909436544 257.954637209574 260.894576708476 262.256443500519 262.924591700236 264.573097229004 271.035313606262 272.412836551666 273.199081420898 279.268622398376 283.449590206146 285.911083221436 285.458922386169 283.986985683441 285.581072171529 274.974763393402 280.957957108815 298.83348941803 305.622200171153 306.54102563858 303.938190142314 289.12744919459 283.738613128662
184.738318125407 199.113090833028 212.30552593867 223.294198513031 233.19810628891 241.225441296895 242.832044760386 237.294872601827 209.314942359924 182.41959810257 167.909582455953 175.964951515198 204.134464263916 229.826688766479 244.922200838725 235.028465588888 227.130552132924 219.893256823222 211.674531300863 206.205169359843 205.788771311442 206.289192040761 210.461874802907 224.162658055623 237.185676892598 245.297431945801 247.154156366984 247.455775737762 252.983689308167 258.099575837453 261.070489883423 264.590203762054 273.631453514099 277.4751385053 277.236819267273 276.953478654226 280.113736788432 284.222662448883 282.498717308044 291.726390520732 301.228483517965 304.921686649323 304.975926876068 302.581270535787 295.171837011973 293.808142344157
141.020715236664 146.591643492381 155.6063691775 168.684323628743 185.547033945719 202.792525291443 221.885859966278 228.405117988586 229.228993256887 214.596132437388 187.595327695211 166.939616203308 169.819056987762 193.85286172231 221.083879470825 225.010057290395 231.597681840261 228.091756502787 217.940986156464 207.052568594615 200.296878814697 197.241942087809 197.437485059102 206.805030504862 216.009239355723 222.322285175323 225.460290908813 229.962805906932 237.032314141591 241.588294506073 246.336897214254 251.798748970032 258.051216602325 261.240979035695 261.51700814565 263.342042764028 272.473593552907 282.262802124023 286.191999912262 294.585486253103 299.626608689626 301.679035027822 299.21684662501 296.076556046804 292.031645774841 291.116873423258
126.127302646637 120.933751265208 118.58410636584 118.445158004761 128.711760044098 146.738708019257 173.00413052241 195.732692877452 225.229620933533 230.576356252035 218.627731005351 193.667689959208 164.732774098714 162.395139535268 185.944159825643 214.079399903615 230.463325977325 233.387847741445 228.271067142487 218.730409940084 209.611813227336 208.468059698741 207.968791325887 208.844383557638 209.606289863586 209.185004234314 213.543852170308 222.712159156799 226.534386475881 227.980554103851 232.898950576782 238.467733065287 240.081369876862 241.959810256958 244.89551782608 250.166356563568 261.152883370717 272.80447880427 275.51281452179 283.289849758148 288.245360056559 288.53976726532 287.651022275289 288.264870643616 283.281763394674 283.714294433594
103.795160849889 88.4757041931152 73.4708458185196 65.5913452307383 59.5105389753977 64.7412538528442 86.6022706031799 124.106129010518 167.880415916443 208.819568157196 228.7344733874 228.195667266846 207.549532254537 180.910547574361 177.009324232737 203.720529874166 221.526761849721 235.490441322327 242.582499980927 238.315224647522 226.485788822174 222.70542383194 219.231367111206 218.821664651235 218.89321009318 216.874698797862 219.749808311462 228.133936723073 228.501280148824 221.462190151215 226.895133654277 232.388695081075 233.978529771169 234.308838844299 237.648288408915 244.966228802999 251.124699910482 256.887157758077 259.697417418162 262.583374977112 266.827623049418 272.338589032491 278.379658857981 283.31983089447 278.682768344879 281.577746073405
110.412259896596 73.6453433831533 47.5030839443207 36.6842672228813 33.5982516407967 38.8417194286982 51.3197084267934 78.0817121267319 104.312221209208 149.677832921346 207.028031349182 243.244489034017 250.658094882965 230.307479699453 203.616460164388 198.001166184743 203.71949672699 220.006744066874 237.932324409485 247.722029685974 244.96869246165 238.419651985168 235.691090424856 231.753667195638 228.513896465302 227.147201697032 228.822787602743 230.654100577037 226.453940073649 221.318006515503 224.471151828766 229.54006989797 229.580283164978 229.463199774424 232.865452766418 236.866593360901 238.563160101573 237.674395243327 241.47109190623 242.256204287211 248.190383116404 255.99996248881 260.981341203054 265.040755271912 265.579164028168 268.96599928538
100.411603848139 73.191707332929 38.7263422211011 18.4949102501074 29.790277282397 53.2302012046178 59.7930351893107 76.5669246514638 93.2377676169078 117.089370886485 152.572313944499 193.616032600403 223.56371084849 245.091279347738 234.466969966888 205.508987108866 194.058338801066 196.823517481486 214.126984278361 240.550001462301 252.554694811503 247.492770353953 248.288333415985 241.692086060842 235.024094581604 235.746304194132 237.407088279724 233.60013961792 228.824973106384 230.902314186096 230.902194976807 230.255921681722 227.259357770284 224.867542584737 225.761413574219 225.087205568949 222.867945830027 217.851360638936 221.243560314178 223.547657330831 228.374441464742 233.611027399699 236.840764681498 238.878428936005 250.207126140594 255.925218264262
85.7028762499491 74.3983189264933 47.9095031817754 11.7439354459445 18.0011888345083 48.9057352145513 63.560942808787 81.7125787337621 97.4056919415792 108.82560412089 129.580875237783 165.213187535604 194.345315297445 209.920485814412 218.216717243195 220.835228761037 220.063229401906 208.086351553599 198.526581128438 211.062709490458 237.969994544983 251.353085041046 255.063454310099 249.816060066223 242.789228757223 243.199865023295 247.03315893809 243.008891741435 240.698456764221 245.549102624257 243.549545605977 231.565892696381 225.855012734731 220.887819925944 216.025988260905 214.917620023092 210.137665271759 207.989096641541 208.961308002472 212.700645128886 215.284486611684 217.685759067535 220.939795176188 223.836123943329 241.279304027557 249.817331631978
78.0133704344432 78.6024630069733 65.5406216780345 25.0776658455531 23.4807481368383 51.7568339904149 72.3385016123454 91.2587742010752 109.676241874695 116.314470767975 124.809881051381 147.172232468923 173.435548941294 190.192739168803 206.180373827616 227.046489715576 231.522897879283 224.9888976415 209.222932656606 196.781078974406 209.360937277476 238.82782459259 245.994945367177 249.928712844849 250.477949778239 254.530072212219 258.256773153941 257.11049636205 254.575212796529 256.020545959473 249.209880828857 237.545331319173 228.639880816142 220.500409603119 213.943481445312 210.977375507355 208.122928937276 207.314431667328 207.57669210434 209.883729616801 211.627542972565 213.454882303874 213.806827863057 216.751952966054 229.154388109843 242.99548069636
82.6679617166519 90.545117855072 90.670645236969 55.497998992602 43.7516669432322 69.5906579494476 85.5789681275686 105.090707540512 118.869016567866 136.776129404704 148.191789786021 152.592609326045 165.152102708817 175.237794717153 191.179017225901 208.648860454559 221.55632575353 227.441032727559 229.370792706807 217.539091904958 200.74870189031 213.954329490662 223.855376243591 237.471242745717 252.45742003123 260.693351427714 264.295279979706 265.861213207245 260.45028368632 257.851084073385 249.591787656148 242.521087328593 232.868512471517 223.098198572795 217.949271202087 212.936540444692 210.866848627726 207.564234733582 207.022547721863 210.446755091349 213.805476824443 215.749402840932 215.293685595194 216.861168543498 218.917369842529 232.465128103892
89.1611774762471 92.2287801901499 102.975974480311 95.2861408392588 80.7954867680867 88.2977445920308 91.2478566169739 104.28840915362 118.147979180018 133.181681235631 150.194962819417 147.259682416916 145.555625359217 148.551573355993 163.684715827306 185.415705045064 197.184542814891 210.243105888367 216.519474983215 221.393585205078 218.51247549057 204.161624113719 211.285014947255 216.77154302597 230.15683889389 241.370618343353 251.50587161382 259.58385070165 256.124397118886 256.81479771932 250.410437583923 242.351392904917 233.318686485291 225.789189338684 221.213618914286 215.928494930267 211.875398953756 202.311555544535 200.155595938365 209.047853946686 214.960972468058 217.368264993032 220.253825187683 218.244393666585 215.299745400747 224.806626637777
