input/barkrak2/radiation/dir04124.grid
NCOLS 85 
NROWS 70 
XLLCORNER 665100 
YLLCORNER 4664600 
CELLSIZE 20 
NODATA_value -9999 
[rows 22 to 43 of 70, columns 0 to 48 of 85]
67.4152920643489 60.8030458291372 37.6813362042109 31.3628713289897 27.0743916432063 12.1222982803981 19.3294659256935 12.8312719364961 11.5175619721413 10.3365878264109 23.1613640983899 24.3960643808047 27.4000664552053 27.3468171556791 29.0367851654689 34.7472876310349 46.8735049168269 55.7654996713003 62.6461058855057 65.3964579105377 71.0928688446681 86.3288144270579 98.637710014979 103.792528311412 103.96467645963 99.3211070696513 91.5706157684326 84.8961075146993 77.2368907928467 60.6400618950526 39.0599618355433 18.4410735964775 2.89074890315533 0.0980113788197438 0 0 0.0079920264397515 0.0169124141393695 0 0 0 0 0.540097476914525 6.83201725284259 20.4500717421373 28.5504261652629 35.6986646850904 38.9329269528389 43.9680467049281
102.34812895457 91.219166914622 55.7431677977244 37.4226694305738 31.5291409691175 32.0443088809649 30.9385980168978 21.4401558041573 10.3339968870083 9.89933684468269 24.6756772200267 26.9216100374858 31.426303088665 37.0763416091601 34.794012705485 36.035214861234 44.159601132075 53.8227260112762 60.9581967194875 53.4935692946116 52.8655449549357 57.3129653930664 71.1112270752589 81.4928710460663 90.4266734917959 91.0061001777649 85.5802098910014 69.3296492099762 60.5967243512472 25.4406630992889 20.3677775959174 10.9986960887909 0.0897470745258033 0 0 0 0 0 0 0 0 0 0 11.8955597281456 16.0909866293271 26.1644596854846 30.0173734625181 33.7852090597153 38.2709056138992
101.672410964966 97.4519451459249 74.1094499826431 41.5123154719671 24.1352344552676 32.1749945481618 30.0305038690567 27.1429717540741 22.4740828076998 17.8741316000621 22.6467947165171 24.672769010067 27.8642078240712 35.2239534258842 34.4720010956128 35.6188689668973 41.7011678218842 50.6700128316879 58.9988629023234 52.224799990654 51.1694550514221 47.6410537958145 56.2196522951126 65.4016633828481 71.6527303059896 72.1840560436249 70.025975505511 60.3646139303843 41.2108773986498 19.1685991982619 13.5024848083655 11.0702142119408 0.929575180634856 0 0 0 0 0 0 0 0 0 0 20.696851114432 18.7942224244277 25.0785499811172 29.1349242130915 33.2901924848557 36.6786792874336
87.5023404757182 92.445582151413 85.4274133841197 52.4781495332718 24.5658333102862 32.1630810697873 37.70778576533 45.5671648184458 45.1588879028956 37.4904399116834 32.1345329284668 35.7298304637273 35.1254940032959 42.2083487113317 42.2764619191488 37.9084597031275 40.33263027668 51.319827636083 58.5879931847254 61.7796083291372 63.0340278148651 58.2561443249385 56.1670561631521 55.8501183986664 59.96506412824 62.4717225631078 57.8108678261439 57.7223102251689 34.4907442728678 30.1497454444567 26.6038626432419 32.8113635381063 26.0693654417992 0 0 0 0 0 0 0 0 0 0.445356553730865 21.5831572810809 26.9503618280093 30.408983429273 28.5636360446612 26.8098041415215 28.83463849624
86.1879686514537 91.7732715606689 89.8065467675527 62.7881387869517 38.9793068170547 46.8691537777583 58.4896554549535 67.8135553995768 75.195774435997 68.1578814983368 49.5708684126536 53.2051473855972 48.9426006873449 54.4355710347494 53.0655185381571 45.3332761923472 43.7036057313283 52.9042581717173 62.1665567159653 72.8802581628164 75.231542189916 71.8119541803996 64.3828262885412 58.0373108386993 59.5580438772837 62.1269196271896 56.7750930786133 63.5522603988647 58.4850509961446 57.5748135646184 63.9371971289317 83.8504135608673 92.8504268328349 71.2433010339737 0.0217660805598522 0 0 0 0 0 0 0 12.6103286941846 22.1410791079203 13.7975551187992 11.3800403972467 13.9144981900851 16.1390639841557 16.3038770357768
87.9790385564168 86.6340299447377 86.9386692841848 69.2693144083023 66.9259627660116 69.2124217748642 82.1247498194377 86.7800613244375 87.0113571484884 81.4028332630793 61.9097451368968 54.8086961110433 55.9314837058385 54.3841073910395 58.390070994695 55.4954260587692 50.0683585802714 57.2105596462886 70.8590199549993 76.1778752009074 72.8803972403208 65.7291114330292 63.8120224078496 65.4707451661428 66.5031373500824 67.5227642059326 64.967359105746 74.4220515092214 91.328759988149 96.2294638156891 102.147211631139 110.340982675552 121.199627717336 128.18588813146 81.9905698299408 3.97971862306197 0 0 0 0 0 14.7727107008298 14.4687592983246 7.37971564133962 3.10635380446911 0 5.44903924067815 10.2396520475547 12.6480335990588
91.0127758979797 79.2072117328644 80.042893687884 72.7373609940211 87.2614185015361 84.5641791820526 84.1905077298482 81.0318638881048 74.2986698945363 66.0727272431056 55.7774255673091 50.5939225355784 52.4258613586426 55.4791440566381 59.5243175824483 64.6451413631439 59.1372350851695 55.1243176062902 66.9167935848236 69.9725846449534 67.4910048643748 61.1450970172882 60.8096321423848 68.4471229712168 71.788231531779 68.9250230789185 70.2689637740453 75.8625020583471 99.147895971934 112.886150677999 122.58967757225 128.419131040573 136.09923919042 138.575494289398 128.941158453623 52.2918999195099 0 0 0 0 0.562039591992895 6.79359585046768 14.2458838721116 0.449284523104628 0 0 0.854407592366139 3.22919276853402 7.9673087845246
91.7466481526693 73.3370631933212 74.0456978480021 78.8545509179433 87.3385469118754 83.5393865903219 70.0471152861913 55.4176618655523 42.1604216098785 35.9156057238579 35.4203581809998 39.8225436607997 47.2135643164317 55.9165875116984 62.7070168654124 67.6980018615723 65.6270285447439 52.8067002693812 56.7947030067444 60.6752385695775 59.9655210971832 61.3710582256317 61.2259358167648 68.4210956096649 75.5456934372584 72.48621682326 75.5482415358226 77.1367251873016 93.1514203548431 116.818825403849 132.993986209234 140.294820070267 141.296724478404 141.942292451859 149.375259876251 130.405267079671 46.1344122886658 0 0 0 0 0 0.927624137451251 0 0 0 0 0 2.98332298795382
89.8665885130564 91.1593933900197 113.343288501104 146.539161602656 120.493908723195 89.4699394702911 60.1081947485606 37.1169298887253 26.677335302035 29.6548356612523 27.0981838305791 27.117982506752 45.5562919378281 56.1686803897222 68.185418844223 75.4741430282593 71.4337825775146 58.3419551452001 58.164785305659 63.043291370074 59.9517971277237 63.5537604490916 66.3404365380605 70.2511072158813 76.85187458992 82.7115128437678 81.7052274942398 83.8744839032491 96.2761441866557 122.34424551328 141.744037469228 146.646310885747 142.893075942993 150.645146767298 160.678327083588 164.057672023773 136.867145697276 72.4567274252574 11.558989683787 0 0 0 0 0 0 0 0 0 0
103.45122218132 138.139506181081 186.938603719076 208.40177933375 187.146166960398 131.565322478612 81.7122062047323 50.1668850580851 42.6807800928752 48.2298036416372 37.9429782430331 32.0811420679092 43.6514765024185 54.3536841869354 68.4480269749959 78.0534247557322 74.0138590335846 67.6172475020091 61.0228677590688 63.9398396015167 63.4007354577382 67.4703021844228 70.0379908084869 71.9715853532155 77.3989657560984 90.7175044218699 92.4091041088104 98.9523430665334 108.018596967061 125.429441531499 142.31072862943 150.655190149943 152.772376934687 159.272720416387 165.303389231364 165.126909812291 157.753686110179 137.727518876394 69.6719338496526 10.6642382840315 0 0 0 0 0 0 0 0 0
164.895325899124 200.475096702576 224.384963512421 226.463278134664 224.625507990519 197.61727253596 152.382989724477 112.173438072205 87.5818431377411 76.4012883106868 69.8032875855764 59.4519029061 46.1425880591075 53.2258550326029 73.4209219614665 79.1075229644775 72.4998811880748 74.1355319817861 64.0387485424678 62.4431918064753 65.3180380662282 67.4936870733897 68.4371292591095 70.9200998147329 75.7806301116943 89.9273753166199 97.0817108949025 107.120861609777 116.820325454076 125.019411245982 136.971185604731 149.813125530879 151.632686456045 149.633487065633 151.397407054901 142.198274532954 144.659072160721 131.092061599096 83.3262354135513 28.9577891429265 4.27110555271308 2.96540403117736 1.05078689133128 0 0 0 0 0 0
215.766429901123 231.506784756978 235.533475875854 232.899407545725 235.144237677256 231.131633122762 208.72551202774 163.956741491954 124.859362840652 102.802654107412 102.85629828771 91.9786095619202 66.9124374787013 61.3664289315542 70.1314906279246 74.1716225941976 69.0970818201701 69.2177216211955 63.1703833738963 63.9555404583613 62.4774793783824 63.4247610966365 63.3788208166758 65.5128260453542 72.2704082727432 83.2006682952245 96.0431893666585 102.46197382609 112.741887569427 125.457048416138 137.460897366206 139.621367057165 131.164222955704 119.513690471649 122.02920516332 105.906407038371 106.385181347529 90.7828410466512 53.7010033925374 19.4015602270762 16.8682597577572 11.6132522622744 4.69050959994396 0 0 0 0 0 0
228.876252969106 235.57448387146 233.001629511515 235.032717386882 235.824267069499 233.21274916331 225.610911846161 195.010145505269 142.016271750132 115.521172682444 114.609559377035 111.783107121785 93.7541921933492 74.8707850774129 70.2642202377319 73.9162266254425 67.0996805032094 62.41308649381 62.8265490134557 66.6538774967194 61.652014652888 60.2188855409622 62.3686611652374 64.8359060287476 70.0656175613403 77.5956561168035 87.8021121025085 88.9437198638916 99.5376706123352 120.047916968664 129.240125417709 126.860131820043 120.053797960281 113.249609867732 105.504602193832 90.6868974367778 94.9372549851735 91.9809142748515 71.5498626232147 35.2989981571833 29.270517329375 30.80053627491 6.778368105491 0 0 0 0 0 0
224.47015841802 226.805408795675 222.070256868998 224.162618319194 224.75262482961 219.054977099101 214.297970136007 196.666916211446 153.475095828374 126.602788766225 119.501252969106 115.773330132167 107.315172751745 83.9394927024841 75.4548013210297 78.5278230905533 70.8989997704824 61.1922194560369 66.3341184457143 67.6263074080149 65.2857273817062 61.0947658618291 64.6827419598897 70.1569865147273 68.4847335020701 75.0099271535873 80.1421652237574 81.0487767060598 89.3351435661316 109.650870164235 121.297617753347 119.457105795542 121.636728445689 123.321960369746 104.231139024099 97.5130001703898 102.355390787125 109.447588523229 104.481955369314 63.6290063460668 24.6049289902051 6.9869098563989 0 0 0 0 0 0 0
201.128284136454 203.668793042501 205.813348293304 201.715131600698 201.818545659383 199.692785739899 203.972140947978 200.125575065613 165.542016426722 134.224285682042 120.44225136439 109.248052040736 101.944198211034 82.4140061934789 71.7611014842987 78.3224652210871 81.1063547929128 67.8608814875285 69.9773728847504 73.1706917285919 73.4706421693166 68.5076961914698 68.7438746293386 72.2954670588176 71.2556739648183 71.6435511906942 78.4157514572144 86.0634048779805 89.1225834687551 102.950195471446 116.472949584325 122.80993660291 122.784684101741 126.754959424337 107.944875955582 108.422090609868 109.028776486715 117.54451195399 117.665191491445 76.9437948862712 12.1358223259449 0 0 0 0 0 0 0 0
177.582879861196 187.442262967428 197.685043017069 194.984316825867 193.167348702749 199.64611530304 207.644542058309 209.907472133636 187.122027079264 148.22389682134 124.325970808665 103.38697830836 89.1804397106171 77.8130441904068 68.0265128612518 72.2826719284058 85.2079689502716 76.0629822810491 73.4962125619252 76.4546394348145 77.0411491394043 72.6007521152496 69.5775896310806 71.7203617095947 72.9383776585261 73.4110027551651 76.8438478310903 86.229532957077 91.1650756994883 96.1210529009501 108.927895625432 121.005515257518 125.147382418315 117.361962795258 103.563050429026 117.649296919505 120.957950750987 126.630127429962 124.857842922211 98.3750522136688 7.50969847043355 0 0 0 0 0 0 0 0
140.262315670649 151.471485694249 160.937041044235 165.431926647822 174.30313428243 189.410944779714 203.720768292745 210.339347521464 204.008460044861 169.609844684601 135.818978150686 104.4569114844 87.0940883954366 83.4531684716543 74.511448542277 67.94273853302 79.4307539860408 79.7889083623886 73.9928632974625 73.540781935056 74.2619136969249 71.1827923854192 67.7952120701472 69.1292385260264 73.596070210139 77.6404639085134 77.423835794131 83.0866992473602 88.2656375567118 90.6759103139241 99.9689996242523 117.226938406626 122.121175130208 105.143109957377 107.12014635404 128.258566061656 133.33730896314 129.360268513362 129.578202962875 125.283658504486 66.0798301299413 0.26535465925311 0 0 0 0 0 0 0
102.830698092779 110.178669293722 109.30190483729 120.458016792933 136.908402045568 155.600309371948 170.213580131531 181.670705477397 182.656665643056 156.492869059245 121.027052402496 95.5305894215902 82.6327900091807 80.339049299558 76.1044025421143 70.9760983784993 75.5049933989843 76.3769646485647 68.8168356815974 68.2462056477865 71.7943012714386 75.1644124587377 74.8219341039658 70.332278807958 69.4817453622818 73.1905003388723 78.9494415124257 82.2677115599314 88.4022911389669 88.110625743866 89.7333820660909 104.368100563685 112.203270196915 108.369290828705 130.754292011261 140.192011992137 138.071795304616 130.930840969086 134.264131387075 148.442397514979 142.551839351654 76.7074277003606 9.13328118622303 0.0109737253903101 0 0 0 0 0
91.3280546665192 93.3972597122192 93.2415227095286 95.0762629508972 104.851732651393 111.075649658839 115.448296070099 120.956917603811 120.277007420858 102.990925312042 87.4444444974263 82.5979014237722 80.9200902779897 77.3993879556656 76.01331671079 75.831929842631 74.5552281538645 75.2045462528865 69.8013852039973 68.7421957651774 73.280652364095 78.9889097213745 80.3399384021759 75.9473244349162 72.5106497605642 70.8342790603638 81.6340992848078 85.0801666577657 87.4674022197723 89.1447563966115 89.2103016376495 96.603790918986 105.565955241521 116.531511147817 140.255471070608 139.94958003362 128.529876470566 118.614693482717 121.584872404734 140.170305967331 151.283880074819 148.604949315389 89.1112685203552 18.7993782262007 0.116364215500653 0 0 0 0
100.422600905101 97.6260701815287 97.8891849517822 97.0517893632253 93.044896920522 91.2011861801147 89.3074572086334 90.8929804960887 95.7133571306864 86.4963630835215 78.2360086838404 79.8570215702057 83.149512608846 82.9819440841675 80.9244861205419 78.2668987909953 73.6384689807892 80.9446573257446 81.4134528239568 76.2279530366262 79.5943488677343 79.1766742865245 77.7728259563446 79.7550777594249 81.9901327292124 77.0203520854314 82.3579082886378 85.1403772830963 88.7179176012675 90.4319087664286 90.6159182389577 96.0522691408793 103.68674993515 122.562090555827 133.878121773402 126.760373512904 113.370368878047 102.817624807358 99.8247464497884 111.846069494883 144.892692565918 148.291647434235 126.976122458776 61.5574220816294 7.6009805003802 0 0 0 0
105.20472129186 101.961682240168 105.031569798787 103.642046451569 96.154789129893 92.3743446667989 89.8768901824951 86.3976975282033 86.8633588155111 83.1918617089589 80.9257030487061 79.9534618854523 84.3254923820496 88.1303052107493 87.3170693715413 83.6523771286011 80.0737043221792 85.5059822400411 87.6239041487376 81.8654000759125 78.9838085571925 76.9986063241959 73.5816558202108 75.412521759669 79.9024353424708 76.5749861796697 73.5413879156113 79.6458472808202 84.8164757092794 87.8103375434875 89.1178548336029 88.978499174118 100.991239150365 122.801572084427 129.83493010203 113.960117101669 101.331055164337 97.9966024557749 98.0731348196665 107.583483060201 115.945110718409 120.153109232585 105.389356613159 70.9635714689891 14.2000652849674 0 0 0 0
88.4168744087219 91.3406113783519 100.673099358877 97.7067947387695 100.549876689911 102.851132551829 101.500382026037 96.9554980595907 85.4943692684174 83.7669670581818 87.4797701835632 83.1656754016876 83.3187252283096 87.9258910814921 88.4399712085724 85.2419833342234 86.3598783810933 88.198999563853 88.4636839230855 82.9078654448191 77.13849345843 74.3379046519597 72.7992057800293 72.3821818828583 74.1355667511622 77.8658936421077 73.9496250947316 76.6627242167791 80.8977534373601 83.1856727600098 81.3205142815908 80.7888805866241 92.2429263591766 107.898563146591 114.525606234868 102.60264078776 99.282443523407 104.186634222666 108.259876569112 108.507653077443 102.352917194366 101.505706707637 94.9434340000153 67.4820741017659 23.6706286668777 0 0 0 0
