input/barkrak2/radiation/dir07624.grid
NCOLS 85 
NROWS 70 
XLLCORNER 665100 
YLLCORNER 4664600 
CELLSIZE 20 
NODATA_value -9999 
[rows 0 to 20 of 70, columns 0 to 45 of 85]
207.253138224283987 221.912523110708 238.076051076253 257.442136605581 266.552408536275 266.776462395986 259.462495644887 254.071255524953 255.491813023885 257.311383883158 256.515304247538 257.938047250112 256.666461626689 257.377545038859 259.382963180542 250.438233216604 239.055097103119 228.028178215027 222.025553385417 211.487650871277 207.962274551392 222.202698389689 248.836954434713 256.55198097229 258.523424466451 268.719673156738 267.556726932526 253.474454085032 237.602035204569 235.438585281372 231.376806894938 251.33740901947 293.896834055583 293.078144391378 289.314389228821 277.055621147156 281.717936197917 295.598566532135 291.627407073975 291.361530621846 279.487033685048 279.540101687113 291.33548339208 291.535417238871 280.825654665629 283.414045969645
185.194333394368 202.129483222961 217.904806137085 237.408995628357 250.898877779643 255.726516246796 253.913521766663 255.364497502645 264.092346032461 263.088703155518 259.202023347219 258.302271366119 257.669488588969 259.163240591685 258.518973986308 249.929527441661 243.646542231242 235.012372334798 230.360865592957 218.942940235138 222.444911797841 242.19161272049 262.317220369975 265.470047791799 269.514997800191 273.617704709371 269.00851726532 256.666163603465 242.520411809285 237.270553906759 238.103806972504 264.95095094045 294.444402058919 293.533523877462 289.193252722422 278.803467750549 284.309506416321 295.417785644531 290.168066819509 293.578147888184 284.838875134786 281.732936700185 280.386288960775 280.41398525238 278.503576914469 283.549745877584
147.003144025803 160.526017347972 172.583937644958 186.074137687683 200.609227021535 211.8186155955 222.75584936142 238.405068715413 251.380165417989 251.802364985148 251.847267150879 255.438268184662 264.286637306213 268.159170945485 266.224185625712 270.640909671783 271.365165710449 262.21243540446 246.112406253815 235.49610376358 242.793262004852 255.913893381755 264.03937737147 266.522308190664 272.075553735097 270.552694797516 264.835218588511 255.919694900513 246.813813845317 244.920531908671 252.868910630544 280.228455861409 293.66546869278 293.131768703461 289.554595947266 282.691856225332 288.832445939382 292.25742816925 293.13458998998 291.399916013082 283.437450726827 274.645586808523 263.705988725026 262.770771980286 273.238718509674 281.838218371073
127.509534358978 129.09056742986 137.516766786575 143.987655639648 151.454945405324 157.558977603912 165.961841742198 183.41855208079 205.244322617849 223.571101824443 238.205075263977 254.604697227478 266.572773456573 270.972033341726 273.502707481384 279.060304164886 276.91243092219 266.720096270243 250.912229220072 244.634588559469 243.811587492625 242.950956026713 254.519720872243 260.709404945374 261.768062909444 262.607534726461 262.041608492533 257.886489232381 255.476593971252 256.954789161682 259.341617425283 285.223682721456 292.198936144511 292.502502600352 289.047678311666 291.187226772308 291.609346866608 291.861792405446 291.193803151449 281.14515542984 273.393372694651 261.669993400574 257.02170530955 270.033260186513 285.871187845866 280.076543490092
150.367577870687 133.081793785095 119.824707508087 110.562791426977 112.398465474447 130.544394254684 152.897457281748 164.677441120148 175.899008909861 184.349755446116 208.281219005585 233.323593934377 249.185085296631 257.28056828181 263.607780138652 267.481585343679 262.995998064677 253.121137619019 247.630576292674 244.763831297557 239.652911822001 237.804690996806 249.034702777863 254.701276620229 257.934669653575 263.685663541158 262.866695721944 260.238150755564 257.989366849263 256.191651026408 262.342810630798 289.529224236806 290.931105613708 291.501422723134 286.25492254893 287.776509920756 289.239505926768 288.51318359375 277.78148651123 271.882017453512 269.172350565592 265.996297200521 269.312580426534 277.557651201884 281.768063704173 266.614894072215
196.440060933431 166.556298732758 137.247482935588 112.874617179235 104.039033253988 115.228662888209 142.045021057129 160.983622074127 165.867865085602 165.335526069005 176.5110095342 191.925525665283 202.376325925191 209.856549898783 219.866454601288 229.153275489807 231.768409411112 235.742231210073 243.038356304169 248.657763004303 248.788475990295 251.30158662796 252.44677066803 252.74000565211 257.174670696259 263.01767428716 262.962679068247 263.115207354228 261.374791463216 261.068324247996 274.652481079102 291.339874267578 288.672506809235 289.055546124776 283.802668253581 281.710267066956 283.915201822917 279.834906260173 270.757615566254 271.74590031306 270.906984806061 268.161833286285 269.377191861471 272.344529628754 263.310790061951 237.578173478444
222.670058409373 194.931010405223 172.260860602061 149.39225713412 127.260029315948 114.259719848633 121.689438819885 152.508685986201 167.821447054545 176.688730716705 173.416833082835 167.913059393565 163.371026515961 158.559799194336 160.914311806361 177.980164686839 192.253609498342 214.184522628784 235.289335250854 249.001701672872 254.735946655273 257.433493932088 255.783557891846 252.968589464823 255.436142285665 257.913132508596 260.966102282206 262.440741062164 262.453556060791 266.987105210622 279.583255449931 287.069578965505 284.281134605408 280.988415082296 278.697748978933 273.703455924988 273.653248945872 269.163091977437 265.542149543762 262.400647004445 256.811698277791 255.043129126231 260.501444339752 266.338686148326 255.706906318665 244.738876819611
235.052525997162 222.531139850616 208.504339059194 190.419872601827 164.851317803065 132.498522599538 110.866496960322 109.15352900823 145.985662937164 173.811793327332 182.837684949239 178.741614023844 169.061303138733 158.07964404424 143.561472495397 147.273749113083 161.206146081289 179.633975028992 206.141988436381 228.360215822856 241.702377796173 251.435836156209 258.112231890361 254.421313603719 252.769966920217 251.945296923319 253.085215886434 254.613121350606 255.771100521088 264.87123966217 275.079627831777 278.808176517487 273.861845334371 269.177079200745 263.932645320892 261.810143788656 264.787952105204 261.13086938858 254.221101601919 239.697058995565 239.281137784322 249.242683251699 265.706102053324 275.512377421061 269.837061564128 267.84606774648
226.406753063202 226.681331793467 221.21653954188 211.395641167959 195.608894030253 169.991314411163 136.939952770869 107.120533784231 122.070004542669 145.232995351156 167.290886243184 179.048418998718 181.75866206487 178.652664025625 164.624532063802 155.898173650106 152.506113052368 157.518923282623 173.236648241679 192.68524646759 210.350314776103 226.806422074636 238.751292228699 236.576875050863 238.450586795807 238.000273704529 238.726874192556 240.535994370778 242.916981379191 252.400080362956 258.447249730428 258.71205329895 256.021022796631 255.304296811422 255.478084087372 256.879031658173 257.1093638738 255.802154541016 248.863240083059 242.566227912903 255.696952342987 269.26443974177 277.94752518336 279.272556304932 269.779721895854 263.576944669088
191.329697767893 202.690998713175 208.729247252146 208.729147911072 205.219944318136 199.57290093104 180.051565170288 158.934483925501 126.148442427317 115.369856357574 129.931171735128 157.506515582403 181.83966477712 194.375952084859 195.290744304657 185.045758883158 167.848567167918 161.927004655202 161.003798246384 164.725591739019 174.64409271876 183.603664239248 195.236722628276 204.761544863383 214.993019898733 217.869559923808 218.849837779999 220.306595166524 223.130504290263 230.037490526835 231.447120507558 232.477525870005 239.175816377004 243.697384993235 247.782647609711 248.988747596741 247.724016507467 250.985185305277 248.430371284485 254.490514596303 272.207160790761 279.965301354726 281.732281049093 277.905583381653 268.631358941396 263.099670410156
112.84997065862 133.175710837046 160.066743691762 173.644463221232 185.763557751973 194.491267204285 195.378462473551 188.431203365326 157.352387905121 129.671742518743 114.106247822444 122.396528720856 152.09839741389 181.136230627696 198.33759466807 187.138398488363 178.153793017069 169.262905915578 160.135954618454 154.215236504873 154.686828454336 154.457668463389 159.828056891759 175.48660437266 190.411309401194 199.62207476298 201.342940330505 202.005346616109 208.874503771464 214.59949016571 217.573801676432 221.393803755442 231.438974539439 235.790550708771 236.25518878301 236.657520135244 241.668144861857 246.978918711344 251.957714557648 265.221476554871 275.282859802246 278.293410936991 277.767499287923 275.10925134023 270.881772041321 271.306395530701
66.9814497232437 71.2643365065257 86.3654216130574 98.7155238787333 115.414977073669 150.704175233841 171.668807665507 178.329825401306 179.36646938324 163.924326499303 134.604771931966 113.096783558528 116.046448548635 141.017148892085 171.103258927663 176.455279191335 183.322866757711 178.62198750178 167.191823323568 155.289143323898 148.303320010503 146.043519179026 146.278570095698 156.172851721446 165.704508622487 173.186997572581 177.139202753703 182.055135567983 189.840952555339 195.276220639547 200.607260068258 205.822348594666 212.35324939092 216.140111287435 217.19350417455 220.002432664235 230.960965156555 242.823084195455 249.061107635498 263.182401657104 270.13377348582 270.161628723145 267.21179485321 263.461927572886 261.500398317973 260.663668314616
55.2236437797546 51.5638142824173 45.0468907753626 36.3030557831128 54.9294104178747 71.6576725244522 96.2621668974559 118.639647960663 151.584804058075 172.963261604309 165.42774438858 140.951683123906 110.214799642563 108.444571495056 133.094867070516 163.350611925125 181.304196516673 184.705376625061 178.871591885885 168.094992637634 158.299207687378 157.932976881663 157.395174105962 158.284078041712 159.483095010122 159.234394629796 163.769662380219 173.589030901591 177.845199902852 179.389576117198 185.190339883169 190.611084302266 191.910982131958 194.002091884613 197.851359844208 203.810334205627 215.882619222005 229.839464028676 233.747979005178 244.20444170634 250.395576159159 251.878539721171 250.993351141612 252.052108446757 248.658796151479 249.861856301626
56.1918119589488 35.5047062039375 20.4468630254269 12.311227619648 5.15011635919412 4.42286239316066 20.7358176509539 49.0003575881322 84.2254757881165 109.615345795949 135.37139693896 150.617142518361 137.540717919668 117.730289697647 114.575445652008 140.688131252925 160.433818896612 181.866010030111 193.589468797048 187.168955802917 176.67692899704 173.292855421702 169.502874215444 168.975373109182 169.460693995158 167.565762996674 169.986844062805 179.606119791667 180.000762144725 172.617355982463 178.293883800507 184.204359849294 185.123165448507 185.404300689697 190.095504124959 198.17849000295 203.88933022817 210.640549659729 215.380450089773 218.190868695577 223.564406236013 230.254193147024 237.759331862132 244.840959707896 240.370571613312 245.833257834117
67.797988653183 36.0075160861015 13.6442383130391 5.2563405285279 1.86185430114468 0 9.56762333710988 32.5727810462316 49.5704462130864 77.4047126372655 110.313435395559 131.133615970612 148.958702882131 140.045344829559 128.309299548467 124.055484930674 130.713005860647 147.550125916799 171.608885129293 184.825559457143 185.705800851186 185.209294160207 184.937516848246 182.190199693044 179.634928703308 178.793013095856 179.521083831787 182.197411855062 178.230444590251 172.63275384903 175.395210584005 180.90291817983 180.842240651449 179.993033409119 184.542834758759 188.890695571899 190.581401189168 188.8614098231 194.453120231628 195.524116357168 201.449116071065 210.215946038564 216.966986656189 222.53555059433 224.066356817881 229.199608167013
58.6967368920644 36.2270126740138 12.4644823372364 2.35025615741809 1.6300427443013e-08 7.76516025265058 23.3566115299861 35.7230951388677 49.0852693716685 65.6975458065669 90.0041063626607 123.801976442337 144.383509953817 153.014282385508 145.405451456706 124.423414468765 116.933206717173 123.106380303701 141.410162051519 168.425003687541 184.788644313812 185.567458470662 188.961466153463 185.144901275635 179.912845293681 184.652010599772 188.794851303101 184.499680995941 180.550217628479 183.13729763031 182.334125041962 181.623975435893 178.333481152852 175.699452559153 176.702618598938 175.969243049622 173.425773779551 168.230315049489 172.112584114075 174.730400244395 179.834405581156 185.752034187317 189.398129781087 192.077298959096 205.326875050863 212.017893791199
47.9491055011749 39.9634564916293 19.4759542743365 0.076245113935632 0.562946933011214 8.99004315336545 26.784119506677 41.0876671473185 54.8938860495885 63.090314467748 76.2216150760651 109.103451172511 136.612037817637 149.78152513504 154.464324315389 149.773299694061 143.545210361481 133.38565826416 126.347879568736 134.107559919357 161.429584026337 178.164978822072 185.813228289286 189.742505550385 185.991942882538 188.623388608297 194.315214951833 192.337234814962 192.026615142822 197.692592938741 196.308116118113 183.434148629506 176.851709683736 171.46509885788 166.225562493006 165.064702431361 159.828205903371 158.276259899139 158.872207005819 162.938882907232 165.561139583588 168.993512789408 171.924789746602 175.092339515686 194.817026456197 204.852600892385
43.2445009549459 42.8232103586197 31.3227698206902 2.37490112582842 2.22282453129689 17.5232614080111 34.3918527166049 51.7248610655467 65.0280018647512 71.9544341166814 77.2858212391535 94.1509107748667 116.307000319163 133.37771097819 147.705376148224 159.961760044098 166.139920552572 156.646539767583 141.862899065018 126.640290021896 136.488199234009 164.477606614431 170.595665772756 176.316837469737 178.062637646993 190.999408562978 197.650869687398 205.879171689351 203.847348690033 206.749002138774 201.219419638316 189.278662204742 179.307281970978 171.137452125549 164.029538631439 160.952905813853 157.753497362137 157.543520132701 157.328317562739 159.82124209404 162.438819805781 164.392133553823 164.166192213694 168.208161989848 181.767026583354 196.538190046946
48.5088725884755 54.5848707358042 53.2767673333486 19.3536517520746 11.8530119458834 33.8866760333379 46.3436593612035 64.3046995004018 78.561082482338 91.7901992797852 99.5948910713196 100.222478310267 110.29718319575 121.346523364385 137.821197509766 155.170897642771 162.497500578562 164.7722919782 165.134330590566 150.544991095861 133.042722940445 143.57050259908 153.135806322098 166.06871287028 174.834052721659 182.29744831721 184.915920098623 188.291033109029 189.740439256032 194.19135649999 200.233101844788 194.386581579844 183.834910392761 172.362724939982 167.479296525319 162.550499041875 160.866975784302 157.229075829188 156.693557898204 160.366167624791 164.755314588547 166.862607002258 165.713359912237 168.337086836497 170.548021793365 185.668150583903
52.4687071641286 54.8635522524516 64.3914689620336 51.4101882775625 35.4669094085693 47.8263745705287 51.9730150699615 63.5763307412465 75.195441643397 93.1455492973328 101.511200269063 95.425546169281 96.1063007513682 101.66143377622 118.703126907349 138.455599546432 150.582651297251 156.972865263621 162.675758202871 164.183507363001 157.563765843709 144.446561733882 144.295990467072 154.052913188934 163.855850696564 176.244457562764 175.159275531769 174.882074197133 171.481271584829 167.555212974548 166.950742403666 175.726612408956 162.836889425913 175.985733668009 169.732213020325 164.331863323847 160.149703423182 151.068637768428 148.798922697703 158.69003534317 165.21034638087 167.870660622915 170.993208885193 169.825216134389 166.67385896047 177.27522055308
60.5183094739914 48.8378306229909 52.9005130132039 68.8977340857188 60.7361793518066 54.3817381064097 49.5801270008087 59.7574412822723 69.0199782450994 82.9165279865265 87.9334807395935 87.1570805708567 87.1100922425588 91.2533203760783 99.4808872540792 119.04701590538 131.340096394221 140.95875620842 152.528951565425 170.122047265371 175.993939240774 163.909008105596 161.825517813365 164.177258809408 161.973049243291 163.388272126516 162.609795729319 163.076976935069 164.016753435135 152.001619338989 139.545023441315 133.714944124222 119.587481021881 117.638329664866 117.024153470993 133.724023898443 146.631608406703 148.2781569163 151.100138823191 155.79750140508 157.600432634354 159.586250782013 162.670155366262 156.76803390185 163.06808590889 169.092098871867
