input/barkrak2/radiation/dir01924.grid
NCOLS 85 
NROWS 70 
XLLCORNER 665100 
YLLCORNER 4664600 
CELLSIZE 20 
NODATA_value -9999 
[rows 0 to 22 of 70, columns 0 to 51 of 85]
60.564259688059501 74.3881861368815 85.4135453701019 108.706841866175 117.547293504079 122.921168804169 139.731645584106 137.684563795725 135.723034540812 137.477378050486 138.265232245127 134.378165006638 129.8741598924 130.586385726929 130.618184804916 117.32671658198 103.272636731466 94.1150983174642 93.9077734947205 94.2823489507039 102.060288190842 119.017740090688 135.732779900233 138.388613859812 146.032512187958 158.320367336273 156.894683837891 148.208171129227 138.746043046316 143.464624881744 140.518089135488 160.661200682322 192.06831852595 186.800638834635 184.046685695648 179.637491703033 186.385711034139 193.528374036153 190.872311592102 190.065821011861 187.561988830566 201.030055681864 205.777704715729 196.153084437052 184.717655181885 191.330869992574 196.741004784902 154.332399368286 105.682154496511 101.65943702062 123.566220204035 165.199726819992
43.6152865489324 56.68872098128 65.5607879161835 78.4295698006948 90.0945067405701 96.7844525973002 102.098147074382 118.277569611867 143.458863099416 143.067568540573 142.159193754196 137.456814448039 132.245947917302 132.300317287445 130.693892637889 118.18528175354 110.048780838648 101.877212524414 97.8832840919495 97.578376531601 110.631783803304 133.417129516602 147.923171520233 147.557685772578 150.198727846146 154.714614152908 155.489335457484 151.670634746552 145.547330379486 145.774732033412 146.911432345708 169.716080029806 191.489418347677 187.063018480937 184.723496437073 180.442611376444 185.918470223745 190.227746963501 182.319601376851 185.456653436025 185.7088804245 190.4110511144 188.267489274343 181.035399436951 175.532042980194 187.909146149953 188.790043195089 141.096572081248 113.022526105245 123.165746529897 151.717533667882 186.859806378682
17.7384652197361 24.4852925340335 30.791329840819 37.2552225987116 45.930340886116 52.8616905212402 66.6834811369578 83.4103027979533 96.0109035174052 106.676330169042 121.416449546814 138.967484235764 139.4429008166 140.820850928624 142.68766840299 142.797291278839 138.872047265371 128.558258215586 114.468097686768 107.650031646093 120.176523923874 136.996169885 147.561689217885 149.896383285522 149.783372879028 149.111956357956 147.581319014231 145.536442597707 148.18416039149 152.924676736196 161.811331907908 180.408815542857 191.274583339691 188.439349333445 184.116959571838 183.524290720622 190.558175245921 192.831754684448 184.473554293315 180.615703264872 177.074094613393 170.39430141449 163.183589776357 155.659735202789 162.736525138219 182.423929373423 174.488723278046 134.882420301437 131.867527961731 150.943408409754 175.677676995595 197.693069775899
9.02211541930834 9.90975213547548 13.3771176139514 15.1213010152181 17.6897309720516 22.040364642938 28.1969433029493 40.0985678037008 56.1447242895762 72.2161034742991 83.3439727624257 106.187909841537 114.643434683482 129.450599352519 130.653162797292 140.127311150233 138.327618439992 134.467075268428 123.025139172872 116.266836722692 119.004557530085 120.563467343648 131.043175856272 140.337566534678 140.150815248489 139.93360598882 140.400588512421 141.704221566518 145.622094472249 158.278832832972 164.528797070185 182.421664396922 187.432368596395 184.780697027842 182.116429011027 182.256062825521 184.439222017924 185.031294822693 178.541541099548 168.755491574605 164.332648118337 156.724909941355 156.300942103068 167.23229487737 175.720810890198 169.712821642558 156.178255875905 134.293973445892 141.175210475922 154.029210408529 174.154937267303 192.183295885722
16.6818139453729 10.5760569373767 6.69754855334759 0.397730385884643 0 9.30856540799141 20.6024448076884 25.5292703708013 34.5335155725479 39.3143966794014 57.0764690637589 71.3385989268621 79.7596474488576 86.6705377896627 96.2428947289785 97.038209438324 98.6402034759521 97.7015097935994 95.0124661127726 96.2467392285665 96.4403649171193 98.8591909408569 108.829885721207 121.4359998703 125.162849823634 134.385764598846 135.752966006597 139.747778574626 143.598298231761 145.201573769251 155.77898422877 180.20236492157 176.964322725932 179.460108280182 179.721077283223 178.371508916219 174.98121658961 172.285139560699 163.735250631968 155.560384194056 155.144472916921 155.886709690094 162.325650453568 172.677059968313 172.769526640574 153.428792953491 123.95175298055 122.426489988963 134.896596272786 152.917305628459 180.611550807953 194.205363591512
39.6881053845088 26.1747365196546 12.6844781140486 4.0951839958628 1.64988605926434 4.75941443194946 12.0545451839765 22.9112977782885 28.0319601297379 25.7209961613019 31.088483830293 38.2362653811773 45.7006841897964 50.2246270577113 58.1014156341553 63.5999739170074 67.5586362679799 73.2073088486989 82.9649517933528 89.447557926178 94.6787794431051 101.459811131159 100.70659716924 108.242720365524 111.322889725367 123.568514982859 128.512044747671 133.905937274297 138.065973917643 144.254157940547 154.214441776276 163.258055845896 153.289179007212 161.34982307752 169.069210688273 171.286821365356 168.515503406525 163.690865039825 155.749350786209 155.962576468786 155.375927686691 156.503260135651 158.784041802088 161.678185065587 155.860553185145 125.687420368195 102.021098136902 113.967140515645 132.895131905874 171.142141024272 194.234808286031 197.256088256836
57.8946868578593 39.7233093778292 28.5351847608884 17.1686684091886 7.68115309377511 3.86702828109264 5.46396772066752 15.7637869318326 22.4245712161064 25.6089369455973 26.4400119582812 24.3707473079364 23.0413526296616 23.1131240725517 25.7377773523331 35.4676445325216 45.0024455785751 58.728963136673 72.4286735057831 86.1164430777232 96.1930453777313 104.01392976443 103.146255016327 102.410018444061 107.209881146749 110.604743162791 118.161598841349 126.390258471171 130.138456821442 139.521757761637 150.083760420481 150.741676489512 142.06999540329 137.030104796092 138.750602801641 141.532311836878 153.774152199427 151.719073454539 147.260129451752 141.965498526891 137.530565261841 138.064622879028 146.116365989049 153.342038393021 151.017129421234 146.130462487539 151.834468046824 161.26694281896 170.931438604991 185.395101706187 193.857530752818 193.86875629425
71.262925863266 57.1738729874293 43.0009067058563 31.424880027771 20.8745996157328 8.28618928790092 3.9116016899546 0.0999254019310077 9.58078106244405 18.5808216532071 26.4979650576909 26.9428764780362 25.3508115808169 22.9605982700984 19.3547482291857 22.9785963892937 29.746616880099 39.9349853396416 55.8164914449056 69.6328580379486 83.2717915376027 94.3446358044942 101.383646329244 100.05110502243 103.012065092723 103.485673666 104.63214914004 109.398782253265 118.76912911733 128.532558679581 135.84444920222 138.839105765025 129.613290230433 125.056912501653 123.704930146535 123.417466878891 129.503647486369 133.72458020846 138.702929019928 123.480538527171 119.399815797806 127.488027016322 141.900887091955 153.734187285105 157.667924960454 163.052479426066 171.495159467061 172.59947458903 177.037556966146 180.661996205648 178.689281145732 176.590482393901
65.9043490886688 59.1293275356293 47.3304738601049 35.3075787425041 29.1121328870455 19.7689061363538 9.592538078626 2.8159748762846 7.69833599527677 12.3552506168683 17.8557460506757 23.7579693396886 29.9315601587296 30.9113661448161 28.888093928496 27.3736665646235 26.7674898107847 28.6507258812586 38.324162364006 49.011637767156 62.4175220727921 73.4834273656209 84.2478076616923 85.9504540761312 91.0552144050598 91.3192729155223 93.1295653184255 93.6405460039775 98.2009768486023 114.09471432368 117.904216051102 116.530706485113 114.552368720373 112.201929092407 114.977091550827 117.986490329107 118.354221185048 121.432801087697 124.015887578328 128.734230995178 133.773187796275 142.610490322113 150.080233812332 150.928864876429 151.887834072113 151.331166426341 153.181076049805 163.388142983119 170.750419298808 166.26450419426 158.185879389445 163.769880930583
48.5019336144129 45.1367696126302 38.011372089386 28.7235230207443 27.8702800472577 25.9357939163844 19.2665681242943 12.9828043282032 7.99201553066572 5.64937541882197 9.21703688800335 17.734428246816 27.8322945038478 34.6265484889348 41.7716403802236 40.1008774836858 34.7344999512037 30.8106789986293 32.3014433185259 35.1058368881544 41.2808607021968 47.0173160235087 57.0177535216014 65.0806874036789 74.1315583388011 77.0822465419769 77.227458357811 78.9847870667775 79.9322227636973 82.0571184158325 85.6214165687561 96.1550076802572 99.7337897618612 101.233770449956 104.772140582403 109.143604834874 107.804050048192 112.526327371597 120.008885860443 126.948972543081 147.939920425415 152.06903219223 153.842896223068 153.130243221919 150.427212317785 150.550524393717 158.942381540934 164.186368385951 164.098183314006 164.928257465363 164.092242717743 161.526262760162
9.34557740887006 10.4069411754608 11.6876438260078 7.88207600514094 4.65964432805777 2.23047068963448 7.12893220285575 14.234833419323 12.9467956721783 8.58531581858794 6.10213354229927 7.98666228850683 19.2027352750301 31.1165700356166 41.4913147687912 39.3015071749687 38.2605319221814 34.2641721169154 31.5507451693217 28.9794156948725 29.838095108668 31.5914650758107 35.888468225797 45.4957087834676 56.1422755320867 64.6534661451976 66.6278501351674 65.3034994999568 68.4642146031062 72.808638215065 71.1705436309179 73.9891032377879 90.8285876115163 94.4085121154785 95.0972040494283 98.9448924859365 104.187577962875 106.427212556203 116.36413137118 131.190737088521 132.445673147837 131.306767463684 136.113852262497 146.031538645426 146.637330452601 150.648673375448 156.913310289383 157.059083382289 156.333953142166 162.812471389771 164.558569590251 162.198682626088
0.099320022854954 0.0605916138738394 0 0 0 0 0.511058373376727 6.62296824157238 15.6384631991386 16.070776929458 10.236802821358 6.22090138494968 8.37840947012107 17.6128509143988 30.843677620093 35.3489841024081 40.8572678764661 39.4023781021436 35.2044353882472 30.7009170452754 27.1414642532667 26.7855077981949 27.6138509313265 33.856655160586 40.530614554882 47.4427690108617 49.4108498096466 53.3542434374491 57.1222603321075 58.5951407750448 62.5062187512716 60.1695080598195 59.5775693655014 62.5711580117544 77.0461161931356 84.7615202267965 92.2695696353912 99.0968346595764 105.741302172343 118.129273255666 123.066743214925 118.899534145991 116.247276465098 114.813148975372 117.254535357157 134.061306715012 138.324836889903 144.350270430247 147.650500138601 151.858886082967 154.554307460785 152.979791164398
0 0 0 0 0 0 0 0 12.9097873965899 16.6436235109965 19.041849921147 13.8850038250287 6.22777454555035 6.06266222894192 14.6270456413428 30.6170806288719 38.777232170105 41.7652825514475 41.2803143262863 38.2229685783386 32.5196335713069 33.2685510317485 34.5368186632792 35.7355525096258 37.2545570135117 39.3405705690384 42.174369096756 46.5733657280604 50.0490218400955 49.7313638528188 50.2721965312958 53.4009238084157 49.1979519526164 46.2661782900492 46.5327302614848 57.1174522240957 72.1028745174408 86.9443813959758 89.2372628053029 98.5387762387594 105.261504650116 104.341348012288 102.006415526072 103.231281042099 105.134268601735 107.109010219574 111.835638682048 123.577704032262 128.152380386988 133.137126763662 135.019352038701 138.975063959757
0 0 0 0 0 0 0 0 0 8.79924620191256 19.1643970708052 24.4654268026352 22.5051691134771 13.952475041151 12.6562987764676 24.569978316625 34.0714727838834 44.2733118931452 49.1253932317098 49.0189890066783 43.7170167764028 43.5510377089183 40.9009903669357 42.0200328032176 43.7330901622772 44.1380838553111 45.9857583045959 50.2984970808029 49.4047154982885 46.3146368662516 46.2657411893209 45.8194315433502 41.937122742335 41.8136914571126 40.9700473149618 39.3725708127022 41.0658195614815 42.7778859933217 57.7809363603592 72.807123263677 77.9347568750381 85.0278337796529 90.3810461362203 94.6349302927653 95.6419308980306 99.3893444538116 100.010693073273 92.3811097939809 99.406510591507 105.749994516373 111.704011758169 117.111176252365
3.06825898587704 0 0 0 0 0 0 0 0 0.797770141313473 17.5914640227954 30.7202662030856 36.6990566253662 34.0740407506625 24.9119450648626 23.4729697306951 26.2915541728338 35.4322791099548 47.3209917545319 55.5393149455388 56.6543837388357 53.4253716468811 52.7361929416656 51.5207399924596 51.4213045438131 52.0715614159902 52.3557513952255 53.1453092892965 51.2549430131912 45.5417484045029 44.8701083660126 43.5099800427755 39.6048973004023 35.293107231458 33.4116965532303 30.3781355420748 26.5921105941137 22.8061800201734 30.156098306179 37.6335034767787 40.7594442367554 51.3015786806742 54.3194860219955 58.3870907624563 66.9689277807872 72.3489622275035 80.9980084498723 83.7967097759247 84.5074156920115 81.0902416706085 88.1139139334361 105.603019396464
3.5553469012181 0 0 0 0 0 0 0 0 0.227806100156158 11.8928477168083 31.0582270224889 44.4313188393911 48.7662901480993 42.1434591213862 26.9575069348017 21.8539088964462 23.4457477927208 33.7558339039485 50.4762629667918 61.8888437747955 60.3399376074473 63.0813588698705 59.1901391744614 55.3543319304784 58.0416818459829 57.9121758540471 56.4804126818975 54.9812515576681 51.4288345972697 45.1915363470713 45.2768355607986 38.99201999108 32.1599592765172 28.9043088754018 23.7048914035161 18.6501579980056 14.5126606027285 15.133428076903 16.2907565633456 19.3142294883728 24.8862057924271 27.6908352971077 28.6151717106501 38.1764719883601 50.8379091819127 60.3113820155462 67.2375112771988 71.1292922496796 73.05575410525 75.2774477005005 81.1760822931926
2.25696557511886 0.0150737250805832 0 0 0 0 0 0 0.0202688897843473 0.458403684509297 0.804579661538204 18.6488926410675 33.5543875892957 47.8331595659256 49.4342148303986 42.9223775863647 39.5132501920064 32.1762710809708 27.5138070185979 33.387099703153 50.4716485738754 63.0616843700409 68.4370845556259 66.4220154285431 63.3550584316254 63.5272711515427 67.0580168565114 62.2832576433818 60.1289222637812 62.6679261525472 53.8282692432404 42.5822486480077 34.3457013368607 29.8258413871129 23.4897633393606 20.0629072884719 14.0401162207127 10.7327823837598 8.24135976533095 9.23610602815946 7.62730464339256 13.366570075353 16.1340162158012 20.4696121315161 32.2817216316859 36.1036509275436 41.244792441527 47.9558805624644 54.6023994684219 58.3152423302333 64.3129895130793 70.5580314000448
1.1679701662312 0.0911840955571582 0 0 0 0 0 0.032933635035685 0.686061413337787 0.952703800673286 5.4107444981734 12.445746610562 26.0997439424197 40.2330011129379 52.6615778605143 58.743491768837 57.4777772029241 50.881231824557 38.6552289128304 29.4486780961355 36.9165614247322 54.9155026674271 63.5246783494949 66.2086854378382 69.0873314936956 71.7517932256063 77.2253771622976 74.4426747163137 69.0957854191462 63.9823724826177 60.8046849568685 47.6304044326146 35.9823703765869 26.2824272116025 18.1599619487921 15.3289201358954 10.3480747590462 6.60478882491589 4.24136035144329 2.81247434516748 4.85166410605113 5.20242316027482 8.37471708655357 14.998234808445 22.0448424418767 31.2836319208145 34.4424173235893 36.6720308860143 39.6170342961947 47.5618988275528 53.3066938320796 60.4893763860067
1.3194993759195 1.5906011685729 0.880655987809102 0 0 0 0 1.41144171357155 2.09050346165895 9.82582879563173 14.759639898936 16.3526125252247 22.6969495415688 32.248226304849 43.2657202084859 54.7668139139811 58.4774116675059 59.1081231832504 57.0365240176519 45.0378855069478 33.9013189077377 42.7128026882807 51.4608869949977 62.0421518882116 71.6364234685898 75.939878821373 78.8799772659938 76.6066412130992 75.8841931819916 66.8598165114721 54.7995815674464 45.9686319033305 37.7680336435636 26.4868984619776 17.882893482844 14.1615929702918 8.33210783700148 3.56145265201728 1.28438804919521 0.238541377863536 0 3.06123836586873 7.46741332113743 10.3728137910366 11.9542293250561 17.5995901226997 23.7142592668533 25.2353996038437 29.3211738268534 34.8732322454453 39.2789120475451 41.40854626894
1.33282225579023 0.742232815052072 1.60651591916879 0 0 0.218328088521957 0.536085843729476 1.72841905926665 2.36596493050456 2.51661706715822 16.7044873038928 14.554018775622 15.5106397966544 20.9337373574575 29.3602595726649 43.9225484927495 49.6224413315455 54.7678222258886 58.2796384890874 59.1647724310557 52.4566918611526 41.8918828169505 45.1223105192184 53.332249323527 62.3946686585744 71.601261695226 78.0964195728302 77.0937353372574 67.9670174916585 67.7702724933624 57.244598865509 44.7340408960978 31.176986793677 22.0545853177706 12.4758904178937 8.54897623260816 2.79069443543752 0.305022792114566 0 0 0 0 2.2236411459744 5.7988694558541 7.94067357977231 14.607273042202 17.5789594650269 19.5481305321058 24.3862867355347 27.9577995340029 28.4791712959607 30.9516737858454
3.24482067177693 0.43224609301736 0 0 0 0.46060331321011 0.311778916511685 2.00878720109661 2.86240844676892 2.94012141724428 8.85674357414246 10.7548460364342 9.52323650320371 11.904073258241 16.4276957511902 27.02729900678 36.5350792805354 42.8090393543243 49.8102108637492 61.4739507436752 66.5718813737233 59.0151399374008 58.7957749764125 59.3919605016708 61.3483041524887 63.7259483337402 66.9266631205877 70.9885905186335 67.0559803644816 54.6998133261999 45.0526773929596 38.0090201894442 22.5890253980954 13.1006166338921 5.23017098506292 0.236592100312312 0 0 0 0 0 0 0 0.925279998530944 3.27688455581665 4.77881729602814 7.451547930638 12.0229832828045 12.7343957622846 15.4448126753171 16.7131101091703 20.7069888710976
12.5771773358186 6.5632127225399 0.204050777635227 0.428302485185365 0.390087060319881 0.139635473412151 1.40257831662893 3.2889104137818 3.70149159183105 3.17421493430932 2.23251975451907 6.32221127549807 8.31533906360467 5.19155866156022 10.3248028705517 19.2457164327304 29.5866305629412 36.8702461322149 44.1518823305766 55.9330880641937 62.0194574197133 75.1497447490692 79.6151409546534 77.3765643437703 72.0163434743881 63.0141844352086 58.0527633428574 60.5940918127696 61.4608029524485 48.1361051400503 30.9843719005585 19.9060166875521 12.7585356434186 2.19369881475965 0 0 0 0 0 0 0 0 0 0 0 0 2.39539674172799 3.80549548814694 9.03834092120329 9.75469624002775 9.3065711359183 12.5790759921074
41.3045684496562 35.0367973248164 15.0356044371923 8.17809874812762 4.9355144922932 1.2459111555169 4.79249407847722 4.44139695415894 3.62709288795789 3.63003648817539 6.39334134757519 10.3214234113693 10.8034238219261 10.547528664271 11.4658325910568 16.2702724337578 24.5311831434568 32.5516536831856 38.8727436463038 41.0735160112381 45.3208833932877 57.7557384967804 69.4545259078344 72.9341804981232 72.6567258437475 67.2886272271474 59.1929058233897 51.0931015014648 54.9537489811579 37.1462901433309 18.3197682102521 7.04753957688808 0 0 0 0 0 0 0 0 0 0 0 0 0 0 0 0 2.41940887644887 3.68390760074059 4.80871337155501 5.00483966122071
