input/barkrak2/radiation/dir01024.grid
NCOLS 85 
NROWS 70 
XLLCORNER 665100 
YLLCORNER 4664600 
CELLSIZE 20 
NODATA_value -9999 
[rows 23 to 45 of 70, columns 0 to 51 of 85]
63.9434705177943 53.753857811292 23.6632376909256 7.55317136645317 2.97118971745173 9.41449527939161 6.91075250506401 3.88910621404648 2.65410138914982 3.00110783427954 3.105863618354 8.91005992889404 11.3155196110408 14.5977263649305 12.3825619618098 12.9272118210793 18.7744634846846 26.8603911002477 30.3557862838109 24.6161594986916 24.3863612413406 27.7532339096069 38.5956118504206 47.4616835514704 54.1201730569204 54.0319929520289 47.6214587688446 40.9667293230693 22.9470257957776 9.76867787539959 6.22580883403619 1.45282006512086 0 0 0 0 0 0 0 0 0 0 0 0 0 0 0 0 0 0 0 0
63.8002008199692 59.851661324501 38.8574327031771 11.8029589454333 0 3.17880418151617 5.11050534745057 5.28491785128911 4.31653919319312 3.57244350016117 3.10419593006372 2.85406069209178 8.89976819356283 13.257918258508 12.3571207125982 12.1396258473396 16.4643886188666 24.2361277341843 30.3591911991437 23.9943986137708 22.1546143293381 19.4542643924554 26.0793144504229 33.5865219434102 37.5937074422836 39.0330702066422 36.2975647052129 32.3425854245822 14.8231958349546 5.53317926824093 2.57807318121195 1.55190145596862 0 0 0 0 0 0 0 0 0 0 0 0 0 0 0 0 0 0 0 0
51.6917705535889 55.7073007027308 48.6678580443064 20.7164647678534 0.203348269375662 9.15925515194734 16.0332471132278 23.5187659660975 24.2197886109352 20.3946431477865 15.9331932663918 17.1418425937494 15.8172622323036 18.6322803298632 18.6665579676628 14.6597263713678 15.613021949927 24.0291878581047 29.6999091903369 31.8696896235148 32.2017545501391 28.1922817230225 25.4999846220016 25.8165746927261 28.5342459877332 30.2065660556157 26.6989966233571 27.1459147334099 16.1593680580457 12.3107420901457 9.74678620696068 12.3162182668845 7.68124933044116 0 0 0 0 0 0 0 0 0 0 0 0 0 0 0 0 0 0 0
50.4003614187241 55.1139314969381 52.7464201052984 29.2504628499349 7.60028200844924 19.9279747903347 33.4976663192113 43.6516950527827 51.133597890536 44.960747162501 29.1844457387924 29.6803886691729 26.9734685619672 28.3112078905106 29.8318117856979 20.1666628321012 17.7972950041294 24.3496547142665 32.2813143332799 41.7504111925761 43.1495408217112 40.474737683932 32.8059171636899 27.4101669589678 27.7433668573697 29.7815278172493 25.8993282914162 33.1680327653885 31.6271384557088 30.3533722956975 34.0759605169296 49.228847026825 56.7772388458252 37.2718051075935 0 0 0 0 0 0 0 0 0 0 0 0 0 0 0 0 0 0
51.6313165426254 50.7535437742869 50.7621467113495 34.817690650622 29.9298415581385 39.4258822004 53.2605548699697 59.4638784726461 60.5065872271856 51.1746207873027 37.9910717407862 32.0014009873072 31.4718981583913 31.6132182876269 33.7478170792262 28.1461675961812 24.1125697890917 27.9665117462476 40.8384278416634 44.9053744475047 42.7239636580149 34.7052067518234 32.4998944997787 33.1837286551793 33.4380219380061 33.5294728477796 31.6057056188583 41.2331695357958 57.3810040950775 61.6819808880488 64.8407141367594 71.0880060990651 80.5838753779729 85.6201648712158 43.8929547866186 0 0 0 0 0 0 0 0 0 0 0 0 0 0 0 0 0
54.497554898262 44.8856949806213 45.2917019526164 37.191279232502 48.8576591014862 52.1795898675919 55.9560358524323 54.4058134158452 50.6689846515656 39.0609701474508 33.666267991066 28.465044995149 30.0532852609952 33.3238492409388 35.5141485730807 37.3457546035449 31.1379681030909 27.2386272748311 36.4174967010816 39.3013507127762 36.6160745422045 30.3974399964015 30.0379569331805 35.9666148821513 38.0363787213961 34.9084983269374 35.5699459711711 41.1897450685501 63.3325229088465 75.7717688878377 81.4406871795654 85.3011608123779 92.9147799809774 95.281054576238 84.4358205795288 19.9656213323275 0 0 0 0 0 0 0 0 0 0 0 0 0 0 0 0
55.7302385568619 40.4692043860753 40.4352396726608 41.5081505974134 50.1380066076914 51.7532726128896 45.044074455897 33.7621445457141 9.53592546284199 6.69049906233947 8.04289927085241 21.1929728587468 26.46371225516 34.7080479065577 35.4890699187915 40.1182423035304 36.7167641719182 26.0653247435888 27.7585337559382 31.1341087023417 30.2451923489571 30.4944316546122 30.4679920276006 35.6419831514359 40.5654634038607 37.6021588842074 39.5649423201879 41.5379653374354 57.2052051623662 78.0901809533437 89.7067884604136 94.067245721817 97.3607897758484 97.3389645417531 104.151626427968 86.1347317695618 15.0812926391761 0 0 0 0 0 0 0 0 0 0 0 0 0 0 0
55.0276140371958 55.3570439418157 72.7752695480983 99.9196469783783 80.2599092324575 58.0415278673172 35.6934318939845 10.0346536686023 6.99281133711338 13.547179599603 5.74463419616222 5.16523110369841 26.0670085748037 34.9984293182691 37.8974477450053 44.688085714976 41.6389182209969 30.2211940288544 29.2152712742488 32.3687568306923 29.7073771556218 33.1788584589958 34.8167767127355 36.9166185458501 42.0466363430023 45.7520633935928 44.1733946402868 46.8217531840006 58.7079028288523 81.369290749232 96.4904626210531 99.3974208831787 96.4795152346293 105.553597211838 112.754831711451 115.484436353048 90.4194414615631 36.3725572824478 0.298375050382068 0 0 0 0 0 0 0 0 0 0 0 0 0
65.6079103549321 95.2484210332235 140.087972084681 160.969545443853 140.033483505249 94.6980118751526 52.8915623823802 28.7886808315913 24.0254153807958 27.6655405759811 20.7522052029769 17.8751982748508 27.6202609141668 33.3002309004466 42.7758544683456 47.1634119749069 43.3505227168401 37.6172065734863 31.5357943375905 32.758022348086 32.6987554629644 35.5013931790988 38.4204586346944 38.7676035364469 42.9297586282094 53.3259361982346 53.386131922404 58.5349599520365 67.8559939066569 82.8754107157389 95.1383511225383 101.613581180573 103.194733460744 109.695414702098 116.213182608287 115.388482809067 110.023806492488 90.3582175572713 33.438928425312 0 0 0 0 0 0 0 0 0 0 0 0 0
120.046426852544 154.85143661499 180.939237276713 182.621757189433 180.5419921875 155.10293841362 115.70543050766 83.9397609233856 62.2113943099976 52.3452709118525 48.7165749073029 40.2743692199389 29.9636051058769 30.6277299920718 40.5269910891851 46.6457903385162 41.2983496983846 42.8381264209747 32.8384364644686 30.8612858255704 34.9714408318202 35.7952043414116 36.3742634654045 37.4924466013908 41.514257589976 53.5636444886525 58.9698006709417 65.8010939757029 74.1893549760183 81.9452702999115 91.4903978506724 99.5522936185201 101.455291112264 98.650723695755 101.099193096161 96.6067910194397 97.9887942473094 83.6652119954427 44.7276085615158 0.618981740747889 0 0 0 0 0 0 0 0 0 0 0 0
172.535498936971 189.922789732615 195.515255133311 193.406224250793 196.302115917206 191.153307755788 169.277826944987 132.841527462006 97.5112020969391 74.2294788360596 75.8342345555623 67.965179681778 45.1597770055135 37.1494417389234 37.9084075490634 42.3400700092316 36.6076429684957 37.8727192680041 31.4890493949254 32.2767148415248 31.7049870888392 33.0620557069778 32.3994755744934 32.6102053125699 38.7416481971741 47.9999929666519 58.2073430220286 61.8698994318644 70.4169422388077 80.7867298523585 90.3863410154978 93.4136708577474 85.2968792120616 75.7951041062673 77.4879356225332 66.4001256227493 66.9022500514984 53.726668159167 13.9233221610387 0 1.3582071599861 0 0 0 0 0 0 0 0 0 0 0
187.71501382192 195.710857709249 195.176084836324 196.368217468262 197.811166445414 195.157070954641 187.041938304901 157.555401325226 113.018333911896 89.0628198782603 85.2134029070536 82.8717847665151 66.8131013711293 48.3113725980123 40.3403912981351 40.5130237340927 34.7384462753932 31.4938277006149 31.0935204227765 34.3113417426745 30.7627990841866 30.7087947924932 31.2110185623169 32.3832308252653 36.2652068336805 43.227344751358 51.9922574361165 52.1425753831863 60.5070292949677 75.6816963354747 84.2373867829641 82.0249219735463 77.8255959351857 71.6663052638372 64.9728576342265 54.4885098934174 58.0658912658691 55.6134035189947 37.5323543945948 7.17490787307421 8.16401342550913 0 0 0 0 0 0 0 0 0 0 0
178.44827969869 182.970464229584 179.843783378601 182.030101617177 182.326356569926 177.227099736532 170.859018961589 153.831511735916 118.112077315648 99.503884712855 94.1282709439595 85.8744482199351 78.3846527338028 54.1382730007172 42.8805649280548 43.9030379056931 37.4864290157954 30.6030760208766 33.9945753415426 35.2003102501233 33.7529455622037 31.2018021941185 33.954473833243 37.7271423737208 35.9749471147855 40.5403127272924 45.2420612176259 45.8812912305196 51.8033256133397 68.2405928770701 76.4477252960205 76.6304483016332 79.5613825321198 80.3793917099635 64.5453582207362 59.7651501496633 63.8253440459569 69.6055094401042 63.9957636594772 28.7467415134112 0.00867924063641112 0 0 0 0 0 0 0 0 0 0 0
153.337289889654 157.170077164968 159.671574831009 155.944804350535 156.362195809682 155.259797970454 159.215976794561 157.15616941452 130.743682384491 107.516974210739 95.7602957884471 79.6082317829132 70.5513010422389 49.9729017416636 39.0175531307856 44.0046886603037 45.523261030515 35.0781877835592 37.195548415184 39.9939467509588 39.7961686054865 36.5705490112305 37.3189921180407 39.6811639269193 38.0420759320259 38.3149931828181 43.2203163703283 49.4912366072337 53.152397274971 63.3961757024129 75.1314411560694 78.4633010625839 80.3033510843913 83.2943518956502 68.1451261043549 67.8545484940211 68.4300561745961 75.9875377019246 75.4628330469131 39.6171286702156 0 0 0 0 0 0 0 0 0 0 0 0
129.940966765086 139.634718497594 151.323934396108 147.541016340256 146.625548601151 153.321842352549 163.289755582809 166.816314061483 150.05483229955 119.543045759201 96.6648658116658 71.1078544457753 54.6794136365255 43.9065943161647 35.8469362060229 39.3395076195399 48.9891817172368 41.9593254725138 40.0650774439176 42.9521004358927 43.4994101524353 39.9332592884699 38.0796641111374 39.6578262249629 40.3381511569023 39.9003227551778 42.6738361517588 49.9969621499379 54.0975232919057 58.4973692893982 68.6143736044566 79.4173230727514 81.9601366917292 76.0707606871923 65.4277404149373 75.2446154753367 77.8029263019562 82.5474113225937 82.634965578715 58.5072934627533 0 0 0 0 0 0 0 0 0 0 0 0
94.5475498835246 105.398943026861 114.239315191905 118.510325749715 126.905123392741 142.06475019455 156.729459762573 165.834883848826 163.045754035314 134.693721930186 101.144870122274 68.879246711731 50.2117574214935 47.3047544558843 40.2531499663989 34.7922444343567 44.5390939712524 45.5523282289505 40.410948296388 40.4361089070638 40.8562074104945 38.3434891700745 36.2753147880236 37.4440501133601 40.707861383756 44.2625482877096 43.2432194550832 48.075924317042 52.6525229215622 53.9251665274302 61.9124124447505 75.9201447168986 79.6496719121933 67.0297791560491 67.5713320573171 82.2648604710897 85.253894329071 85.5955978234609 86.2825612227122 82.636167605718 31.3999230662982 0 0 0 0 0 0 0 0 0 0 0
60.6392025947571 67.2102123498917 66.6758765776952 76.4314035574595 91.9902225335439 108.859837055206 123.996913433075 135.818908611933 138.402084509532 115.176657835643 80.9743950764338 57.7586243549983 45.9213157494863 44.3682670593262 41.5480211377144 36.8575503428777 41.2861034274101 41.5042117238045 35.6957043210665 36.0301807522774 38.9371837178866 42.3562824726105 41.595367093881 38.373534878095 37.8389830390612 40.1912604769071 45.2382465203603 47.5085526704788 51.8511186043421 52.5517115990321 54.3397168318431 65.7976021369298 72.8201220432917 69.6649253368378 85.0223700205485 92.314084370931 88.4821514288584 84.5419665177663 89.7689362366994 102.554519971212 92.4760599931081 38.9642665783564 0 0 0 0 0 0 0 0 0 0
50.1780807971954 52.0475606123606 52.0118176937103 54.0422648191452 62.4974022308985 68.3345794677734 72.3784764607747 78.2101154327393 78.5535275936127 63.5640521844228 48.6648182074229 44.9744363625844 43.7598675489426 41.5310536821683 40.6216854850451 41.2784020105998 40.5655254920324 39.7010991970698 35.5008319020271 35.6198027729988 40.2360409498215 45.1849003632863 46.2923596302668 42.9319789012273 40.4365137219429 39.1450847188632 46.9139516353607 49.75925385952 52.1012842655182 51.8629650274912 52.8720716635386 59.1163287560145 66.2715782721837 75.5511820316315 91.0235246022542 90.7298525174459 83.3292653163274 74.4923651218414 77.7856508890788 93.9680735270182 103.192865848541 93.8482085863749 49.9157359202703 2.14898679405451 0 0 0 0 0 0 0 0
58.0771267414093 55.6910634040833 55.8528006076813 55.5096218983332 52.3142119248708 50.4239102204641 49.1118530432383 50.5483150482178 55.2861988544464 47.5616057713827 40.4080400864283 42.0553932587306 45.1284497976303 45.6585188706716 44.5060928662618 43.3224787314733 38.3576999107997 45.022855202357 46.3507225116094 42.8100675344467 44.9773718913396 45.4022188981374 43.9144819974899 46.4352071285248 48.557922244072 44.4758137067159 48.5032647848129 50.9596765041351 52.9413968324661 53.8189510504405 54.3513298034668 58.6594293514887 64.2829388380051 80.4801235596339 88.3253415425618 81.6756238540014 71.1331864198049 62.2762143611908 59.6132477124532 69.9816395839055 93.85946393013 98.321924606959 76.2474139531453 27.6927625139554 0 0 0 0 0 0 0 0
62.2190535068512 59.5032076040904 62.3410294453303 60.9839906295141 54.4280509154002 51.4214336872101 49.3223865826925 46.7956513166428 47.2880701224009 44.0209358930588 42.4482524394989 42.2797550757726 46.1447139581045 49.4838406642278 49.178292353948 46.7663506666819 44.4655120372772 49.6728171904882 52.6944547891617 47.3772833744685 45.2065815528234 42.2911544640859 39.2222280303637 41.7169183492661 46.4661171038946 43.3447311321894 41.2627458572388 45.6909785668055 49.5771964391073 51.624670624733 52.8587599595388 52.8348783651988 63.1720026334127 79.959566394488 84.4645698865255 72.8423098723094 62.5766664743423 59.3143949906031 57.9932679732641 66.4058725039164 72.9024012883504 74.4602133830388 62.9056890805562 34.7184613347054 0 0 0 0 0 0 0 0
47.2049464782079 49.8053381840388 58.1177820761999 55.7136237621307 58.1185668706894 60.4219088951747 59.8014493783315 55.7092924912771 45.9265212217967 44.5929914712906 47.9443768660227 44.7553545236588 45.4606413841248 48.8689641157786 49.2816517750422 47.3175346851349 48.719733953476 50.5140125751495 51.4569481213888 47.2675611575445 42.9576188325882 40.1038601994514 38.1253113349279 38.3469214042028 41.4446070790291 44.7831004858017 40.0190477569898 42.974332968394 47.0109482606252 48.4442661205928 47.1120725075404 45.1432118813197 55.5528104305267 68.1570867697398 74.4007577498754 64.7771209478378 61.3569915294647 63.9270196358363 63.8609379529953 65.2476201454798 61.9161029656728 60.9220912059148 56.3685595989227 34.2966864506404 1.48197418699662 0 0 0 0 0 0 0
45.689602692922 51.3105442126592 54.2346934477488 54.9269666274389 56.7564268906911 59.1530501842499 59.4615091880163 55.960143605868 51.7232914765676 48.0210979779561 49.6010979016622 47.8780815998713 44.8676248391469 43.8455492258072 42.8426861763 43.570265173912 40.9517933924993 46.8158771594365 48.7905591726303 47.6229687531789 43.7347193559011 41.7170474926631 41.3672973712285 42.5845881303151 40.9522131085396 49.3430346250534 51.47918065389 48.3466933170954 48.0901499589284 46.6420352458954 42.7001565694809 40.6304597854614 46.2759484847387 50.393799940745 56.1608572800954 59.4590604305267 62.7072503169378 68.2005236546199 69.2238410313924 62.4645203351974 62.5541557868322 57.1253001689911 55.1208953062693 38.7121786673864 10.695310930411 0 0 0 0 0 0 0
51.6661902268728 56.201567252477 53.4617652495702 56.7463139692942 55.3673406442006 55.5624117453893 57.1275353431702 55.8396379152934 57.2975228230158 53.1346301237742 52.3463984330495 51.826536655426 47.7031419674555 43.4026420116425 42.5762981176376 45.9708323081334 41.5235608816147 44.6688383817673 48.2267985741297 47.6709653933843 45.0379351774851 44.959286848704 45.0667788585027 46.5350250403086 48.0752289295197 48.8200634717941 54.0855079889297 51.5338530143102 49.1288204987844 48.2690831025442 44.4292078415553 41.3971021771431 44.0002580483754 43.580487370491 43.981393178304 47.4800815184911 53.5716911156972 62.3722275098165 62.2295836607615 50.5294303099314 53.7112603584925 50.3930846850077 50.5837102731069 47.5447326898575 31.4373796184858 4.26019138346116 0 0 0 0 0 0
