input/barkrak2/radiation/dir01624.grid
NCOLS 85 
NROWS 70 
XLLCORNER 665100 
YLLCORNER 4664600 
CELLSIZE 20 
NODATA_value -9999 
[rows 46 to 68 of 70, columns 0 to 51 of 85]
56.6452542940776 58.1934601068497 60.9109550714493 62.9124095042547 62.7216299374898 62.5166495641073 64.3675227959951 66.1084949970245 62.9343390464783 61.6590132315954 60.662309328715 59.8301142454147 56.6743065913518 53.6483824253082 52.9603660106659 56.2034994363785 54.8431177934011 49.9082605044047 54.4663965702057 54.1202127933502 52.0499447981516 52.023376027743 52.4574120839437 50.6498565276464 57.0853054523468 51.8727749586105 53.3267706632614 54.1741997003555 53.4818470478058 53.3553659915924 51.7855683962504 48.6849397420883 47.9525228341421 48.5332111517588 50.1526842514674 51.5822172164917 53.1515578428904 58.1294000148773 60.086061557134 57.0548176765442 56.729182600975 52.330161134402 57.1983456611633 63.7252976497014 53.6895294984182 27.4360006054242 2.34063311169545 0 0 0 0 0
50.6635109583537 52.9677371184031 58.493380745252 60.262992978096 63.7501180171967 65.4206424951553 63.384011387825 63.1190985441208 63.1194810072581 65.8451865116755 62.9858374595642 59.4562788804372 57.9502284526825 58.0148150523504 56.2840650478999 55.1445881525675 54.3609758218129 47.557458281517 51.414613922437 52.8604686260223 49.9295641978582 50.9785215059916 54.8242231210073 49.5914965867996 52.469144264857 51.9044150908788 48.0366895596186 51.3281524181366 53.2996306816737 52.3362010717392 53.5683383544286 52.0141422748566 47.7683246135712 51.4987309773763 61.0368500153224 65.4817720254262 61.012660463651 55.2857518196106 56.6914876302083 64.3533865610759 58.4267874558767 53.9043297370275 59.4891707102458 63.6726220448812 59.0551644563675 42.8262253602346 11.3734876116117 0 0 0 0 0
43.9007778962453 47.0535854498545 52.2011170784632 55.741603175799 62.2019867102305 65.6492362419764 62.6430610815684 60.8855187892914 64.7936761379242 66.9744163751602 65.2651339769363 61.4551653464635 60.1677000522614 60.4741076628367 58.0408076445262 53.6620616912842 53.1600415706635 47.6478238900503 50.9986976782481 54.4497718413671 54.2943775653839 53.6170502503713 56.2735795974731 54.4728636741638 51.5346626440684 54.5392135779063 51.7620593309402 55.6774437427521 60.361514488856 62.0673447847366 66.6741381088893 66.3527349630992 57.2025974591573 58.4011673927307 67.3012485106786 74.6105015277863 72.1550484498342 62.355508406957 58.4874997536341 63.5902583599091 57.4946403503418 52.8879264990489 50.4403760035833 50.3494441509247 49.5558480421702 48.7676511208216 37.0962222417196 3.63474649687608 0 0 0 0
42.8524911403656 40.7992750406265 44.97329890728 52.8339246908824 58.390349149704 61.5372359752655 64.2731736103694 66.9344365596771 68.2057936986287 64.930185675621 66.8287177880605 66.8025662501653 64.0105903148651 61.5025063355764 59.3671351671219 55.23481965065 53.8611660401026 51.6747186581294 54.733951886495 58.0284148454666 59.4675143559774 59.4449539979299 56.9370488325755 58.18838874499 54.9525966246923 58.7086975574493 60.6007675329844 63.9677693446477 69.9095477660497 75.2344677845637 80.6232988834381 84.0044617652893 73.1566250324249 67.0451869567235 66.5479997793833 75.5278567473094 78.3235778411229 73.8615343968074 63.4646366039912 54.0761649608612 49.5181580384572 52.4069120486577 51.0661502679189 47.0979313055674 44.0373222033183 47.1934874852498 36.8289550145467 9.95706208050251 0 0 0 0
43.1002378463745 46.4636236429214 49.9957998593648 56.1108638842901 56.6228727499644 56.9918652375539 64.839298526446 70.09224096934 69.9781825145086 69.6593225002289 69.458136955897 69.2552477121353 65.7487412293752 62.0455990235011 61.7960045735041 65.0311956803004 57.5315455595652 57.3084553082784 59.5691502094269 63.3744994799296 64.3753210703532 61.4840437968572 59.1711799303691 59.2384437719981 54.7564675410589 60.3967507680257 67.2924121220907 69.9273745218913 75.7088015476863 81.7921807368596 87.6493453979492 90.2379353841146 83.8516155878703 70.4298168420792 60.4664981365204 55.9163888295492 64.5566234985987 73.376586039861 65.036063392957 51.6314009825389 45.9111034870148 51.4244536558787 56.5204918384552 53.3464054266612 48.9977498849233 43.2086884975433 25.7002487778664 14.0688295165698 0 0 0 0
43.8283383846283 54.5560618241628 56.6680083672206 57.9523096481959 56.009978055954 55.6901643673579 63.1661166747411 68.5486644506454 68.4423943360647 73.598250746727 71.2478458881378 70.5128808816274 68.1985318660736 63.8822466135025 63.9467090368271 69.928248723348 63.6055320501328 60.9164933363597 59.0636283159256 60.1486017306646 60.5715016523997 58.7877134482066 58.4495961666107 55.6744386752447 54.0399005015691 55.4144233465195 59.6670111020406 63.0646248658498 69.8921034733454 77.2236734628677 83.2819292942683 90.2957717577616 86.0381325085958 64.5581483840942 22.9768355687459 22.4946613113085 29.5928468306859 58.1005165974299 71.376770734787 69.4557329018911 64.4024262825648 57.9928457736969 49.8624990383784 44.2300736904144 48.6394663651784 44.9175536632538 25.5697021881739 19.3692309161027 1.09068094752729 0 0 0
47.2180545330048 45.7402169704437 44.9683318535487 47.117273012797 53.2570729653041 58.7599873542786 59.6045156319936 65.2348746856054 65.2430355548859 69.9533472458522 70.4474846522013 72.3504225413005 72.0585485299428 67.5469785928726 65.475066502889 64.1477257013321 66.4828717708588 60.4255596796672 55.6917041540146 53.200234969457 52.3411681254705 54.4727693001429 55.1581581433614 50.5935549736023 52.5582879781723 49.5794266462326 50.2823789914449 53.4372230370839 54.698571562767 61.1782521009445 65.6317869822184 73.9376842975616 71.6694891452789 50.1028249661128 18.834354976813 11.171114941438 11.9619791706403 20.6031935910384 48.0926086505254 62.5653962294261 68.5558418432872 58.1550945838292 47.1992542346319 39.3267671267192 43.8525080680847 29.260165989399 24.985616405805 36.8601754307747 20.5592177808285 0.975195163240035 0 0
49.8361140489578 40.6245142221451 38.6043936014175 43.5185929139455 54.1783819595973 62.4536772569021 62.2020214796066 63.3062372605006 65.9705648819606 66.1577085653941 68.6145126819611 71.4144061009089 72.931965192159 71.8139310677846 67.8684214750926 65.0215297937393 67.5334831078847 60.687447587649 57.2826862335205 57.26325015227 56.6933254400889 54.2579193909963 52.2916416327159 49.5792875687281 49.1222739219666 49.0296731392542 48.3829081058502 48.2336183389028 47.0776756604513 46.6167827447255 41.2834286689758 46.1103618144989 48.9502847194672 26.1520221829414 20.4921861489614 12.0675961176554 3.66097409278154 2.75128427892923 10.4352881511052 26.8345971902211 54.806724190712 50.0863542159398 40.8047313491503 36.2469429771105 24.8702118794123 25.9284451603889 23.7188413739204 43.461337685585 51.1444757382075 31.6646173596382 5.53430492679278 0
49.9896804491679 44.7806566953659 42.8761392831802 47.9448388020198 56.7285517851512 63.9296968777974 67.0074373483658 63.1737808386485 67.700872818629 66.1593278249105 69.8275715112686 71.7561542987823 73.1802533070246 74.7636010249456 70.0691839059194 70.2633212010066 70.1924165089925 64.881573120753 61.4764789740245 62.6553396383921 62.030757466952 58.5086544354757 56.0881346464157 55.0273905197779 52.6340107123057 51.4303545157115 48.234020670255 47.2316195567449 43.7402675549189 38.8517926136653 32.3429778218269 36.6668576995532 43.7804460525513 45.9111233552297 44.0589735905329 33.3869308233261 13.2661958535512 3.85029396663109 2.67867060999076 7.88263666133086 22.9614873727163 27.2449776530266 23.2910762230555 17.3581478496393 17.0953373114268 22.5414286057154 24.5349109172821 36.3704438010852 47.0172862211863 51.6282866398493 33.2868645588557 3.30019804338614
53.0755718549093 51.6752700010935 48.2984731594721 47.192727526029 52.9633462429047 63.2373591264089 64.9460653463999 62.9223585128784 64.9402886629105 70.0788001219432 76.292410492897 76.7794748147329 75.0150283177694 75.9045531352361 73.6924509207408 73.4096219142278 73.8268047571182 71.6447432835897 66.826065381368 63.2696648438772 60.6560359398524 60.0449790557226 61.2427641948064 63.7641797463099 59.2063764731089 56.5300633509954 49.4853456815084 40.9353027741114 37.0874951283137 34.2470606168111 34.0240324536959 41.1746700604757 47.8968371947606 58.9145372311274 64.4156237443288 62.7915759881338 51.3772716124853 32.8859637180964 23.1012230118116 7.25278817117214 12.5832992295424 22.5321054458618 23.1043919920921 17.2814602653186 19.1583173970381 33.4803933898608 52.6633411645889 46.3448862234751 41.2865231434504 47.3106851180395 39.1686881581942 9.79266439874967
55.5941760540009 55.0126731395721 53.9247939984004 50.580953558286 51.776925722758 60.6997658809026 62.7825309832891 62.9105816284815 63.1355941295624 72.0951010783513 79.7804097334544 78.7314027547836 74.3487924337387 76.706200838089 78.1430949767431 72.7506329615911 74.9953736861547 72.1159875392914 68.9413696527481 66.3434366385142 64.9564564228058 64.8706406354904 63.0774845679601 61.1515492200851 58.2619160413742 54.2027652263641 35.9798148274422 7.34874419867992 6.10819024344285 20.8763033151627 31.4714163541794 37.7817675471306 46.0836986700694 53.4187157948812 64.4688904285431 68.6663488547007 67.3410395781199 59.3946526447932 47.3987360795339 27.4860163529714 14.2600561181704 22.6727078358332 43.5670514901479 43.4176375468572 36.5014200409253 55.4803907871246 79.3805420398712 69.0480868021647 47.5632200638453 35.1427669326464 22.9845568537712 11.0506899654865
54.4845710198084 52.6240170001984 56.1669121185938 57.1890225013097 54.8540651798248 57.4365357557933 62.6554886500041 63.6724581321081 64.0055537223816 71.92529241244 78.3993154764175 76.7760574817657 72.6062605778376 75.7267475128174 79.1450639565786 70.1874345541 71.8738784392675 71.1153348286947 69.2938715219498 69.7319507598877 71.136474609375 71.1625268061956 65.5298779408137 59.325431783994 58.0356369415919 55.2313874165217 39.013127485911 21.0767661531766 20.1607768734296 28.4309089183807 38.2349640130997 42.2172596057256 55.2447140216827 64.4146899382273 76.081395149231 69.4852769374847 65.9239043792089 26.9750083486239 27.445875108242 28.0460516611735 34.5064923167229 42.9848382870356 50.7266968488693 26.3466686010361 20.695815483729 24.9438881874084 59.7461064656576 55.3027639786402 42.8062677383423 33.781960606575 27.9457370440165 20.8363085985184
43.6968704064687 50.9493301312129 54.2766153812408 56.9979647795359 57.0731510718664 53.8843522469203 62.7004553874334 66.7392164468765 67.3758486906687 72.3679860432943 74.9214390913645 74.0874111652374 73.7510919570923 72.0181316137314 73.4282831350962 70.1219340165456 66.8812841176987 70.6571489572525 72.3037471373876 74.2261310418447 75.5479584137599 72.3512321710587 70.2200333277384 63.5190854469935 61.2973272800446 62.1626873811086 58.0665071805318 50.4285246133804 49.5870808760325 49.5973726113637 50.9184996287028 47.4423070748647 67.1082884073257 77.0624230305354 56.7550957202911 51.8775482972463 32.1032504240672 14.5264280339082 6.10613947113355 14.4259644051393 13.4763444463412 45.5679098765055 51.3788759708405 44.0335969130198 32.0056428511937 33.3997085690498 47.0918913682302 51.3523320357005 48.7319578727086 42.2064363956451 36.0084647933642 35.2654655774434
34.4996924201647 48.5165516535441 52.3922791083654 55.2263259887695 58.1758668025335 54.4525434573491 58.3477914333344 65.6103640794754 76.6537090142568 77.9026846090953 73.7254917621613 70.9762573242188 72.9145457347234 72.5692609945933 72.7690160274506 70.3499565521876 66.9225752353668 68.7705924113591 67.792018254598 65.6710068384806 67.5104707479477 66.8032864729563 65.8693661292394 65.6068623065948 65.9933586915334 69.9459165334702 78.0129432678223 82.0221652587255 67.7213420470556 61.9067549705505 51.2527227401733 47.1837669610977 58.7971856196721 54.9660523732503 23.572859664758 16.767921547095 15.9217516581217 9.94869880378246 1.49640611683329 0 0 15.0077740351359 48.2008357842763 69.9163675308228 75.9053478638331 70.1685051123301 68.2978530724843 67.5930480162303 67.7856455246608 56.9502909978231 46.2620556354523 57.0249259471893
36.2033396959305 45.8816736936569 52.7679473161697 55.1397105058034 56.7691077788671 57.0120463768641 51.5286475419998 60.9679321448008 80.9897979100545 79.8036108414332 71.4711248874664 68.127433458964 71.1450477441152 74.5128393173218 73.6625691254934 70.7128445307414 69.6485688289007 67.6434437433879 60.7651025056839 53.9929767449697 54.5237014691035 58.2702855269114 58.9836637179057 61.7060959339142 64.2531712849935 70.1782206694285 86.094468832016 90.8496975898743 71.9368159770966 66.124419371287 50.3823657830556 38.4015366435051 41.334276398023 42.869175473849 21.9004179040591 12.7002621690432 13.7232181926568 19.6564570069313 12.2431640823682 2.38635841136177 0 3.90875246375799 23.8549287120501 50.0446458657583 53.1130880117416 54.2427599430084 51.7737170060476 62.2731347878774 58.7501227855682 52.4330039819082 53.2340854406357 87.5912507375081
47.4673211574554 50.3783573706945 52.7327408393224 49.2945512135824 43.9447015523911 40.666605035464 48.3547101418177 53.7983725468318 63.1568133831024 59.2250426610311 57.232345143954 61.6294542948405 69.4151967763901 71.6284414132436 67.7164494991302 69.6236391862233 70.0565973917643 64.2166088024775 56.6487014293671 51.3567825158437 50.5316803852717 51.9455770651499 55.2017192045848 59.4023565451304 58.9563945929209 63.3399287859599 77.5423993666967 84.8287145296733 72.5019872188568 57.4642469485601 49.8270889123281 34.8471403121948 31.9117580850919 46.2455451488495 42.6794787247976 20.9238554040591 20.8922624588013 50.7637759049734 48.4018822511037 32.7999244133631 8.50939067701499 5.28723932802677 14.2835453152657 21.7272862792015 20.4371884465218 22.2113778193792 24.80082710584 27.173305551211 34.4982420404752 45.2908476193746 67.0045216878255 120.733439922333
58.6123665173848 55.4544925689697 51.7345070838928 44.8092122872671 35.2931146820386 29.2784447471301 37.8683879971504 39.0331149101257 29.4057031472524 28.663049141566 40.229856967926 51.689883073171 58.0527534087499 61.9661708672841 65.3236558039983 75.4327923059464 78.1671355168025 69.6695496638616 61.1725350220998 57.905783255895 55.2531431118647 54.168497522672 56.0338497161865 55.2496165037155 56.8524996439616 59.654047091802 67.114735643069 69.5650279521942 64.3691619237264 45.1875974734624 49.3007153272629 39.300595720609 35.2326706051826 54.6796123186747 61.0660215218862 49.1125186284383 39.3156955639521 24.9455148975054 37.7892603476842 39.1052812337875 26.3421535491943 12.1068308750788 13.947623471419 14.4500521322091 8.93962383270264 9.76939996083578 17.8583487868309 20.0226406256358 21.1324989795685 45.7419206698736 92.7647153536479 136.470586061478
61.474213997523 54.9180706342061 50.2043664455414 46.432559688886 39.5166004697482 33.6387306451797 29.3394227822622 25.0222807129224 9.7184299180905 17.5839327275753 33.7518900632858 46.5745230515798 46.501616636912 54.0945678949356 67.5183286269506 83.5857391357422 89.1797542572021 82.0803940296173 73.6288626988729 69.5478767156601 64.0584677457809 63.1100982427597 61.3473057746887 55.6813577810923 55.9814920028051 54.6622971693675 57.5329562028249 57.0959051450094 52.9291381438573 38.4510407845179 36.6985524694125 38.2037758827209 34.451628724734 56.9264243046443 77.2902468840281 80.4659773906072 54.8514723777771 18.5853963096937 15.07302125295 20.6570600469907 21.1137880881627 18.7054400642713 19.8673146466414 18.8860297203064 12.1026759346326 8.36430179576079 14.819989601771 26.4519800742467 33.3975156148275 59.4460020462672 124.467651049296 155.57724237442
63.9544576406479 58.6519440015157 57.3374480009079 58.46007168293 55.1702380180359 48.8957266012828 43.8551058371862 44.3526854117711 43.0259058872859 48.5261132319768 56.5571834643682 62.3840838670731 62.9337131977081 57.8600019216537 68.1984275579453 84.2238962650299 94.3599343299866 94.8996444543203 87.3936315377553 77.6843080917994 71.7842876911163 66.4740552504857 66.1075860261917 65.9313748280207 57.1414281924566 48.1035063664118 46.3871657848358 48.991729815801 45.8680093288422 44.744148850441 29.2897745966911 21.7575232187907 18.0796943604946 39.8403257131577 84.4555099805196 94.5820013682048 61.9738350311915 22.5965455174446 9.57441454132398 9.66919461886088 12.8311676283677 10.6597132980824 21.4656566580137 35.2561126152674 36.1078530550003 23.8909597198168 21.3176955779394 39.2937461535136 65.4686937729518 110.757420460383 143.210838238398 156.16649389267
64.7747814655304 62.0831698179245 62.166174252828 63.5637442270915 63.057949145635 59.3598733345667 59.0362747510274 66.9288734594981 83.3882292111715 79.2849312225978 70.5864131450653 71.6251234213511 77.4111449718475 65.1261160771052 66.4715220530828 74.813778201739 83.6033225059509 90.7424092292786 91.607262690862 84.7133596738179 78.8929561773936 72.649414340655 68.71231396993 63.9203836520513 60.2645526329676 46.9478319088618 35.4607577125231 39.1867905855179 39.9567956725756 21.2307423353195 16.0503896574179 14.0808783471584 9.38679774602254 9.81465602914492 79.7236909468969 96.0327585538228 76.4899949232737 64.1529808441798 32.3668072621028 5.32204533616702 0.788098977257808 0 11.9393393397331 39.5410731434822 46.0987488428752 36.4791229367256 35.1526066660881 58.6954106887182 116.880098978678 161.808520555496 154.479165871938 141.790360212326
63.9804154634476 60.526043176651 54.8981378475825 50.188402334849 50.5308856566747 52.5929431120555 52.594597140948 64.8570656776428 75.3758251667023 70.6606556971868 60.2890998125076 60.3087196747462 71.7649608850479 66.7337079842885 63.1389518578847 62.2399002313614 63.4064525365829 70.2286461989085 80.5699427922567 84.8647058010101 80.6770821412404 74.5649735132853 67.2018776337306 62.6809547344844 53.5343339045843 48.4204987684886 34.3043754498164 29.1637356082598 35.7018311818441 32.4601059158643 16.0150031248728 10.6901526451111 3.69143548111121 0 0.31343261556079 86.0397020975749 92.9207305113475 104.096750418345 85.5738917986552 35.6784512599309 4.41369228065014 0 4.69006008158127 21.9009568293889 51.786869764328 72.0283438762029 93.4632321198781 144.774655501048 185.949107011159 196.151753266652 180.420517921448 147.269427776337
66.1990195512772 64.105232556661 58.1286052862803 51.2559612592061 49.7077306111654 52.4869412183762 44.7591195503871 41.8556034564972 42.7360435326894 39.3767034014066 33.2895889878273 30.8657636245092 35.0285321474075 53.6063015460968 60.5381031831106 55.6632379690806 45.1211134592692 40.4508958260218 51.9309341907501 73.2798278331757 74.7077465057373 68.885659178098 62.429000933965 58.0009321371714 50.5362351735433 47.4990556637446 38.3253693580627 17.5891655186812 27.7062008778254 41.400467356046 22.4919567505519 15.0077889362971 6.59721717238426 0 0 66.0843352476756 106.014231840769 120.498875776927 107.147912184397 77.5479972362518 43.7724937995275 12.8026430805524 8.99205605189005 28.8299471139908 61.6374562184016 126.135597626368 167.699297269185 198.600987593333 207.473357518514 206.762890021006 196.882784366608 167.566517988841
67.9426590601603 67.8627640008926 65.2604252099991 61.6304874420166 59.6917619307836 58.8611563046773 43.2698080937068 28.8882404565811 29.3999860684077 31.6489984591802 28.859997789065 26.0895267128944 27.3679842551549 49.5535681645075 63.5248472293218 54.4887234767278 33.8357041279475 22.3546574513117 25.9146963556608 43.364221851031 52.875409523646 56.0571750005086 56.8078060944875 50.5369007587433 43.7672932942708 39.6470576524734 28.0569642782211 9.51086170971394 19.2675665020943 44.7199195623398 53.7273983160655 46.662837266922 26.3644804557164 0 0 43.7125662962596 99.6374686559041 107.769519090652 88.2047116756439 85.1741830507914 90.5876358350118 75.211708744367 52.5991370280584 67.9366290569305 121.350646018982 166.943033536275 190.37268559138 201.419671376546 203.157842159271 200.82022746404 195.771018664042 173.01752169927
