input/barkrak2/radiation/dir04324.grid
NCOLS 85 
NROWS 70 
XLLCORNER 665100 
YLLCORNER 4664600 
CELLSIZE 20 
NODATA_value -9999 
[rows 0 to 21 of 70, columns 0 to 48 of 85]
119.153867165248002 134.603877862295 150.22020538648 171.336193879445 182.372212409973 185.06004412969 183.977325757345 181.235512097677 182.062904040019 186.823487281799 188.185354073842 185.050904750824 180.95451593399 181.768496831258 182.494600613912 168.882528940837 155.251026153564 142.714520295461 141.513685385386 138.04504275322 138.32288980484 160.202314456304 184.197167555491 189.365784327189 193.544963995616 205.745061238607 204.176227251689 192.229469617208 181.778093179067 181.961039702098 177.330911159515 200.469672679901 243.954141934713 241.295198599497 239.727040131887 227.347910404205 231.754263242086 243.394653002421 240.268111228943 241.67929093043 232.183734575907 239.952862262726 247.450232505798 240.160961945852 228.211204210917 234.366695086161 235.768914222717 205.348531405131 140.351454416911
97.3755021890004 111.988892157873 127.90455420812 147.706876198451 163.341144720713 170.476337273916 176.188170909882 182.11030960083 187.750935554504 189.087053140004 190.094232559204 186.712861061096 182.168304920197 182.524681091309 182.535509268443 169.312000274658 160.963853200277 151.50785446167 147.786825895309 142.619500557582 153.888801733653 179.290572802226 198.307772477468 199.147502581278 203.673601150513 209.503690401713 206.344743569692 196.117361386617 186.283071835836 184.066335360209 184.819380442301 214.56644932429 246.404846509298 244.069377581278 238.379379113515 229.524970054626 235.552191734314 244.788606961568 239.681402842204 238.385935624441 234.111666679382 236.608843008677 232.392728328705 223.729729652405 218.81369749705 232.041637102763 228.761414686839 190.451582272848 147.180696328481
62.9931539297104 71.8035598595937 82.66614874204 95.0179795424144 108.76668492953 123.301863670349 137.81346877416 157.773464918137 172.29825258255 175.568302472432 179.222186406453 182.55627155304 190.324584643046 194.132705529531 195.388615131378 196.601529916128 193.756401538849 182.212253411611 165.245294570923 157.145957152049 168.967386086782 187.105119228363 198.652982711792 201.470633347829 204.489250977834 203.975975513458 200.406690438588 194.104651610057 190.306623776754 193.121751149495 203.596731026967 230.439702669779 247.384389241536 245.382746060689 238.998333613078 235.860268274943 243.400772412618 248.601377010345 242.730001608531 237.118661403656 230.84302743276 221.012234687805 207.211057345072 200.935165087382 208.434303601583 225.528955459595 216.867923736572 181.090275446574 168.763518333435
46.9905535380046 47.0234056313833 53.5608530044556 59.0958297252655 64.4142727057139 72.6435581843058 83.9084088802338 102.066367864609 122.586697340012 140.374153852463 158.310174942017 174.978613853455 186.74103418986 192.232886950175 196.279009183248 206.903994083405 203.763743241628 192.521989345551 173.980096975962 166.216472784678 167.124430338542 168.242355187734 180.410365263621 190.359393755595 191.831986109416 193.384170532227 193.789839744568 194.326261679331 195.277571678162 201.196710268656 208.611090977987 230.106274286906 236.625293890635 236.430128415426 236.159841219584 239.953955014547 243.084708849589 244.056006272634 235.841572284698 223.582983016968 216.222584247589 204.483727614085 201.120734214783 213.793714841207 226.021647453308 221.080938975016 201.612929503123 177.384793758392 178.923765818278
65.7617251078288 51.4485786358515 40.1659334699313 32.8726644317309 34.2912524938583 47.783891359965 70.4600960016251 82.5577725966771 92.1021004517873 100.221872329712 123.895118633906 148.519307374954 163.352787494659 171.103735764821 178.338011105855 183.283030986786 182.995140552521 179.879148801168 173.491934935252 168.00856590271 163.361678520838 161.17137670517 170.058051745097 179.659605026245 185.375352700551 191.588123639425 193.361361821493 194.18998559316 195.361892382304 196.609934171041 203.43275864919 229.850729306539 227.685769399007 229.870935281118 230.902552604675 229.658464590708 227.249264717102 227.951467037201 219.857732454936 209.543645381927 208.338757356008 207.081139087677 213.777244091034 224.962413311005 226.858973503113 202.554206053416 172.455827395121 165.877312421799 172.936081886292
92.8449134031932 73.689063390096 50.7447769244512 32.6048185427984 25.4187832276026 32.1461608012517 50.8124530315399 73.9382753769557 83.9027464389801 82.3660790920258 91.2042756875356 105.246245861053 115.314235289892 120.711495478948 131.04060292244 141.568154096603 147.540986537933 156.613270441691 166.745960712433 172.930300235748 173.540512720744 174.089372158051 171.629250049591 174.47421948115 180.694719155629 186.706701914469 190.532743930817 194.272398948669 197.829445203145 200.067937374115 212.239225705465 223.411599795024 217.664917310079 219.022790590922 219.930251439412 221.101919809977 220.488945643107 215.581337610881 205.975810686747 209.321220715841 209.973216056824 208.741843700409 211.082339286804 214.879433314006 206.419984499613 170.036415259043 143.612364927928 153.19088101387 173.337241013845
107.147703568141 90.9612774848938 74.7667253017426 57.4067284663518 40.7902672886848 29.4735357165337 33.5502376159032 54.7210623820623 74.75679119428 82.9777717590332 78.6795069773992 76.7236948013306 79.5833816130956 75.9065647919973 76.241135597229 91.4926528930664 103.432317574819 125.319480895996 150.008539358775 166.272401809692 175.976077715556 183.273613452911 178.335825602214 174.351076285044 177.872478961945 179.858406384786 183.112819989522 190.028230349223 194.018403689067 201.01390282313 212.748845418294 217.092951138814 208.332399527232 204.18910185496 204.617420832316 204.890529314677 204.864064852397 201.447526613871 197.435975074768 191.88795487086 186.492284138997 187.64607111613 197.518249352773 205.9006690979 198.945879936218 189.212958017985 199.618538220723 208.461085955302 220.783432324727
105.62206308047 106.154998143514 95.4419175783793 80.1598380009333 65.2038156986237 41.3491874933243 26.143379509449 23.2602035005887 43.453981479009 64.0671054522196 74.0380982557933 79.4625033934911 70.82233329614 62.5950445731481 52.4426152308782 55.0072689851125 62.7518594264984 78.9573043584824 100.928922494253 118.734796841939 138.033260901769 155.206422011058 166.657557090124 166.312724351883 166.325519482295 167.381664117177 169.519523779551 174.361447493235 181.444525718689 191.355466842651 201.425830523173 203.822453816732 194.951593875885 189.261257648468 185.371994972229 185.481667518616 191.369771957397 189.516246318817 186.312139034271 169.77580388387 166.934986909231 175.585309664408 193.681359291077 210.965593655904 212.428490320841 215.911030769348 224.453151226044 226.627131303151 233.933965365092
95.6297715504964 87.3029430707296 86.388240257899 92.1065708001455 82.2545538345973 62.2581839561462 40.9037346641223 21.256593366464 26.8758957584699 38.4076287349065 52.2316793600718 63.8958215713501 68.548376361529 66.3818220297496 58.9970995982488 54.1151265303294 54.0104707082113 58.3560019731522 70.2352772156398 85.5113764603933 100.34720102946 115.085661411285 130.057235558828 132.791459560394 144.463201363881 147.525837024053 147.905300060908 150.701175133387 158.309857050578 170.54412762324 176.291187604268 176.353096961975 175.672173500061 173.087875048319 175.241033236186 177.368601163228 179.144899050395 181.427240371704 180.639882882436 174.497365951538 182.005703449249 194.562474886576 203.494091828664 206.51638507843 202.778061230977 204.86851533254 207.829435666402 218.970119953156 228.214581807454
73.5996713240941 72.9075173536936 66.1689639091492 73.0057805776596 77.6270081599553 73.4063635269801 61.4321728547414 45.4327861467997 28.3196046948433 22.044005493323 27.8994267185529 41.8151915073395 57.1394711732864 65.375621120135 70.5901136000951 68.8134431838989 61.6201361020406 59.8302483558655 60.5376064777374 63.1617953379949 70.8509534597397 78.8245350122452 90.8817251523336 101.079752047857 111.21611793836 118.712365627289 124.75730975469 129.642337560654 134.18984413147 143.340448538462 145.568797985713 147.664527098338 154.242624839147 158.430546522141 164.510776599248 167.855401833852 167.807857195536 173.630754152934 178.542872269948 186.564226945241 196.944038073222 201.951622962952 206.107179323832 206.681946913401 201.391577720642 200.986901919047 213.3602698644 225.74386994044 226.52659813563
37.8681222597758 37.0543450117111 40.4350906610489 40.3322329123815 51.149715979894 59.9537193775177 61.4559104045232 54.1513661543528 37.9295671979586 28.0683636665344 23.088792959849 28.0528018871943 42.8544481595357 58.3397150039673 69.4863895575206 66.7386551698049 64.9940818548203 62.6169939835866 59.8174681266149 56.3225249449412 57.5158794720968 59.1349303722382 64.4747763872147 76.9435713688533 88.8004501660665 98.9962220191956 103.763351837794 108.270357052485 116.78014198939 124.320417642593 128.641734520594 132.956713438034 142.496744791667 146.226147810618 148.592571417491 152.251829703649 158.584674199422 164.037923018138 174.249649047852 192.873994509379 200.080454349518 200.668255488078 199.659685293833 198.062856992086 197.546064853668 204.666336377462 212.183594703674 213.256518046061 214.443703492483
14.9046679337819 12.908353159825 10.7798551519712 13.8771099348863 5.57557369271914 7.72311848898729 18.3887109160423 27.7580271164576 33.7005654970805 38.5425090789795 30.3089370330175 24.8998701572418 28.0073831478755 39.1100645065308 52.5462577740351 57.8796118497849 67.9531792799632 68.1449323892593 62.644769748052 56.8021486202876 53.2165467739105 52.7578145265579 54.435983300209 62.2407992680868 70.260301232338 77.8280347585678 80.9683005015055 85.6576859951019 98.1038610140483 105.607330799103 111.349006493886 116.824477910995 122.871081034342 125.131656726201 128.085533777873 132.501820723216 144.349873065948 155.531754096349 163.988431294759 182.082613309224 189.506630102793 188.996613025665 185.618082682292 182.562371095022 183.751622835795 184.157113234202 189.334770043691 200.38648446401 204.361458619436
8.44365172088146 3.493239171803 1.25650952880581 0 0 0.0268266740022227 0.190622134444614 16.2521551052729 33.0271869897842 38.4319225947062 38.3515904347102 32.9278086622556 23.8141193985939 23.6579204599063 34.3112001816432 53.3239096403122 66.3529088099798 71.9020863374074 69.892739256223 65.0150328874588 59.7861409187317 61.9386086861292 61.9606375694275 63.6317431926727 66.4678265651067 67.4096842606862 71.5725719928741 77.6435285806656 82.8762998183568 88.271826505661 96.6867407162984 103.098720312119 103.368659814199 105.194469292959 110.263367493947 116.318662961324 127.011974652608 139.435927073161 144.166340430578 156.030257542928 164.648036162059 166.365494330724 166.353642940521 167.745967706045 168.45307747523 170.521815617879 170.904199282328 174.681067466736 179.729044437408
8.64741206169128 0 0 0 0 0 0 0.932054671769341 10.9805340568225 31.428853670756 43.5585627953211 49.421951174736 45.2735523382823 34.8128875096639 33.8672325015068 48.7992415825526 60.7797354459763 73.403666416804 82.385594646136 81.2750160694122 73.560173312823 72.6219018300374 70.3333069880803 72.2627143065135 74.4095494349798 72.9752530654271 74.3427028258642 82.3270380496979 81.0953478018443 76.4937152465184 87.6606007417043 94.0325756867727 96.6880917549133 97.5448886553446 102.842231591543 108.504285415014 113.795856634776 120.820790529251 124.853213628133 128.689964612325 134.998063246409 141.923725605011 149.205793937047 157.768746217092 157.329420248667 164.638708035151 163.891742626826 158.803085486094 157.226343949636
15.4273957014084 1.42545020207763 0 0 0 0 0 0 1.23120533923308 17.0798103014628 36.4324400822322 53.7930727005005 71.8912531932195 59.2669397592545 48.4142502148946 47.8107233842214 51.4951894680659 62.945415576299 77.3775031169256 87.2637033462524 88.9132618904114 85.210641225179 84.7114125887553 82.4665476878484 82.2105556726456 82.0804437001546 82.8668574492137 81.173966328303 82.2176933288574 75.7852147022883 70.9560066461563 83.0388863881429 87.8323912620544 92.3691689968109 96.3353912035624 100.380877653758 101.008107264837 99.8925069967906 106.108784675598 108.121534188588 113.912284374237 120.52841981252 126.479764779409 133.914093176524 139.158189296722 145.451366901398 154.865801334381 161.608318487803 155.167043209076
15.8945222695669 2.99841134498517 0 0 0 0 0 0.270008846806983 2.23892834037542 12.0332973698775 28.1495526432991 54.885337750117 72.9976793130239 77.0565569400787 67.8296784559886 52.249143520991 46.2843676408132 48.1621424357096 62.2306913137436 81.5711418787638 95.1654314994812 92.9846862951915 95.4640805721283 91.2174085776011 87.8121157487233 89.1278783480326 90.582400560379 86.5668257077535 83.3045244216919 80.017497142156 77.2496710220973 71.9658384720484 68.2251304388046 78.1405071417491 81.5677394469579 88.4859760602315 87.2059762477875 82.5951894124349 87.1559878190358 89.8140470186869 92.8873817125956 98.4865923722585 102.200587590535 104.923874139786 119.495242834091 127.181669076284 140.951057275136 151.865164438883 150.383124748866
12.3769951363405 5.14968888213237 0.0750876885528366 0 0 0 0 1.43672370662292 3.58281657099724 10.1197678595781 20.0157426297665 43.0116107066472 62.2869729995728 78.0715694030126 79.9558063348134 75.2665301163991 68.3569014072418 59.3726436297099 52.8032133976618 62.0767672856649 82.8922688961029 94.9166119098663 101.589401563009 99.3903477986654 96.2173938751221 95.4162776470184 98.870446284612 93.2917396227519 95.2020684878031 92.2650694847107 83.687424659729 70.0644552707672 66.5711611509323 61.8342608213425 56.0828745365143 59.4954043626785 69.1539992888768 74.309915304184 75.8971373240153 79.8730552196503 80.6085367997487 83.6249987284342 87.0484113693237 89.0012184778849 107.478658358256 117.65843629837 125.612884759903 132.97497232755 140.001505613327
9.31009960671266 6.08976682027181 1.19919787781934 0 0 0 0.604665915792187 3.92836332321167 11.2873315811157 14.0215642750263 19.6355407436689 30.7023276885351 48.868864774704 68.8131948312124 81.7428926626841 86.7833097775777 85.9385132789612 78.8919031620026 65.2095278104146 55.8722913265228 65.0067627429962 85.992693901062 95.9439774354299 98.9310244719187 102.708011865616 104.811718066533 108.727504809697 107.104599475861 102.146963278453 95.4531331857045 91.1241769790649 77.384814620018 63.4368161360423 50.7602443297704 49.7531294822693 47.8054781754812 51.8423517545064 53.451677163442 60.4143440723419 62.9594872395198 68.169246117274 71.6915279626846 70.6360737482707 75.1895109812419 85.2298140525818 97.8269577026367 106.892635424932 110.673705736796 114.228427410126
10.1853745679061 12.0984800159931 10.943083713452 0 0 1.1342060752213 3.7249606102705 6.59710355103016 17.6972113549709 26.3143827517827 33.209020892779 34.4490011533101 45.0206299622854 55.8734834194183 66.7083362738291 82.3170989751816 86.9386394818624 89.4628167152405 87.7208709716797 74.3403732776642 60.8722666899363 72.0729678869247 82.1248690287272 93.4301217397054 104.666878779729 110.088209311167 110.141654809316 107.166161139806 111.77659034729 100.78771909078 86.7010951042175 76.1209825674693 67.9310858249664 52.5459597508113 42.2252913316091 36.7230102419853 34.9088038007418 30.6474640965462 33.0495585997899 47.1720695495605 54.5120090246201 58.5005233685176 60.9695017337799 64.3640011548996 68.2913313309352 82.153265674909 88.3173644542694 90.9297068913778 95.9362785021464
11.0346327225367 9.97690546015898 12.0014511048794 5.31294879813989 0.120329505686338 5.24719928701719 5.82205628355344 8.06590666373571 9.65826585888863 27.4441863099734 32.9955965280533 32.3377499977748 36.8736982345581 41.5692056218783 51.1419077714284 67.3476606607437 76.7689396937688 83.0739835898082 87.4417821566264 88.852067788442 81.3034226497014 71.2389647960663 74.0634351968765 83.8881234327952 95.9289868672689 105.671068032583 113.407115141551 112.126012643178 101.599832375844 91.07506275177 91.6686256726583 76.7365793387095 61.3867938518524 45.0850228468577 38.0381991465886 25.6555179754893 23.0009530981382 19.8171772062778 23.3407467603683 26.0577748219172 31.9390172759692 40.349376698335 52.593191464742 57.9434136549632 58.8614344596863 68.5766686995824 72.2008645534515 77.9857089122136 85.2183898289998
15.3004924456278 8.78127105534077 5.34778833389282 9.87357211609682 5.88577489058177 6.03878808518251 5.26620323459307 7.71492347121239 9.2724629988273 22.1327270070712 26.0427296161652 28.2545015215874 28.1897832949956 30.7064726948738 36.6881837447484 50.2775361140569 63.1084193785985 70.9657371044159 79.587459564209 93.6424930890401 99.7515817483266 90.0828242301941 89.0895128250122 92.3673709233602 95.4884092013041 96.9928503036499 97.2192188103994 94.4199760754903 99.5228091875712 90.7663901646932 77.1456559499105 60.1629167795181 47.5445290406545 34.7644165158272 25.3660132487615 16.5915700296561 8.27448690931002 6.87334003547827 12.4652559558551 18.8734990855058 22.4941273530324 30.3011809786161 41.8447355429331 44.7078694899877 54.5201400915782 59.4841639200846 64.2583618561427 70.2108790477117 77.3876210053762
34.9080686767896 23.7332284450531 12.8372634450595 19.1991229852041 16.9855232040087 5.56121952831745 7.77620387574037 11.1186367770036 18.5531849662463 23.7114056944847 24.5606526732445 24.8931298653285 25.5964001019796 23.4505335489909 30.0358186165492 40.1723186175028 54.1091511646907 63.9556447664897 71.8180040518443 86.0126217206319 94.5116182168325 108.475466569265 112.345278263092 113.296498854955 107.27059841156 97.0798134803772 92.921902736028 86.3191485404968 84.9784314632416 73.3001331488291 64.7324522336324 42.7447954813639 28.7175973256429 14.2083093523979 0.253063413159301 0.351068020487825 0.379548369285961 0.401934065545599 0.352824262032906 6.71082672973474 6.83155469596386 11.5627857546012 25.6083756685257 22.4320342143377 39.3399645884832 46.8377272288005 59.5538516839345 64.7792220115662 66.8744345506032
