input/barkrak2/radiation/dir08324.grid
NCOLS 85 
NROWS 70 
XLLCORNER 665100 
YLLCORNER 4664600 
CELLSIZE 20 
NODATA_value -9999 
[rows 0 to 19 of 70, columns 0 to 45 of 85]
224.967837333679000 239.831924438477 254.926760991414 272.668103377024 280.663291613261 280.285636583964 271.513521671295 265.636642773946 268.155852953593 268.756012121836 268.830895423889 270.749688148499 270.245552062988 270.890235900879 273.052752017975 265.585422515869 255.181988080343 243.926405906677 237.851719061534 227.611859639486 221.71010573705 234.250168005625 260.403335094452 266.642848650614 269.34152841568 278.369069099426 275.79673131307 263.475477695465 247.552673021952 244.773089885712 240.958313147227 259.581208229065 299.545387427012 298.408985137939 297.680954138438 282.304008801778 288.637379805247 302.819351355235 297.218521436055 299.275755882263 283.807078997294 285.296599070231 296.399215857188 297.99896478653 289.783954620361 292.330781618754
203.603784243266 221.034487088521 236.177404721578 254.597067832947 265.933354695638 269.890586535136 266.609013080597 266.068875789642 275.917013486226 274.518549442291 270.029028256734 270.608643690745 271.34104569753 272.501627604167 272.297859191895 264.731844266256 260.096033414205 251.290122667948 246.778051058451 234.137892723083 236.220479011536 253.406842549642 272.814631462097 274.742484092712 279.710829257965 283.964892228444 277.597010135651 266.121387481689 252.376159032186 246.467133363088 247.312446435293 272.873441378276 300.408323605855 298.705259958903 296.197772026062 283.471544583638 290.907224019368 300.6724913915 297.095874945323 300.296525160472 292.830983797709 285.958707332611 288.092176119487 289.465387662252 287.120938301086 293.170034885406
165.999521811803 179.391443729401 192.291120688121 204.368948936462 218.524515628815 229.180852572123 239.16886250178 252.836505572001 264.496366182963 263.894418875376 262.403726577759 267.438153425852 276.74130598704 280.847012996674 278.189559777578 283.206899960836 284.089982509613 276.14438533783 261.330962181091 250.837842623393 257.040639718374 266.735990842183 273.934165636698 275.411009788513 281.614343325297 279.95491027832 273.217141628265 265.290041764577 256.435175736745 253.441393375397 260.333736737569 286.704281965892 297.669251759847 299.071212609609 296.173314253489 290.235161781311 294.082581996918 295.88105281194 298.033992449443 297.317882378896 291.964570681254 280.864596366882 272.051592667898 274.024367332458 283.925533294678 291.29813114802
146.590967973073 148.254821697871 156.672378381093 163.04882367452 170.524517695109 176.473518212636 184.539119402568 201.335668563843 222.321152687073 239.854057629903 252.37770875295 267.897705237071 279.465198516846 283.735235532125 285.652756690979 290.445069471995 288.732945919037 279.433568318685 265.266458193461 259.222388267517 257.841110229492 256.718357404073 267.606834570567 271.679778893789 273.095707098643 274.61189031601 271.189371744792 267.242789268494 264.611423015594 265.102167924245 266.245385011037 291.243771711985 296.319584051768 297.370175520579 295.639952023824 297.035853068034 297.736922899882 297.782858212789 296.996692816416 290.878097216288 280.308624108632 270.288904507955 265.951911608378 279.499848683675 295.9090868632 290.034095446269
169.294079144796 152.201781670252 139.020393292109 129.928847153982 132.668773333232 149.830311536789 171.856860319773 183.356006940206 194.320619106293 202.480395634969 225.311835606893 249.394536018372 264.445424079895 271.32378021876 277.643899122874 280.217210451762 275.147636731466 265.624344348907 261.146585146586 259.366055329641 254.297614097595 252.708355585734 263.727049032847 267.453988393148 270.406762758891 275.830268859863 273.476640383403 269.424219926198 267.007450262706 265.100697676341 270.174920558929 296.633760134379 297.625064849854 297.194600105286 293.014089266459 293.98771127065 296.35226726532 296.244502067566 288.019716739655 282.361507415771 278.967161973317 274.343450864156 276.575346787771 286.054770151774 290.650208791097 276.463230450948
214.560429255168 185.477117697398 156.594892342885 132.352213064829 122.783869504929 134.603281815847 161.26145919164 179.771184921265 184.464812278748 184.045930703481 194.476783275604 209.413210550944 220.053772131602 227.255920569102 236.709574858348 245.287458101908 246.853291988373 249.453564484914 256.472229957581 262.226621309916 262.007713317871 265.355368455251 267.464061578115 266.779005527496 270.690540472666 276.144921779633 274.49490626653 271.993041038513 269.99294757843 269.277930259705 282.708903153737 297.533412774404 296.879132588704 297.631482283274 292.043785254161 289.734582106272 292.514542738597 289.590160051982 280.152122179667 282.344222068787 281.119783719381 277.029355367025 278.564234574636 279.504815737406 273.31797281901 250.190913677216
238.975048065186 213.000098864237 191.009004910787 168.599824110667 145.963370800018 132.89334376653 141.033311684926 171.583036581675 186.478058497111 194.660246372223 191.478033860525 186.123689015706 181.692600250244 177.373965581258 179.72199122111 196.367899576823 210.023661454519 230.723361174266 250.428775946299 263.167719046275 268.081029256185 270.166714986165 269.961416721344 267.643888791402 269.671380519867 272.170662879944 274.541159470876 274.017969767253 271.398226420085 275.521496931712 288.759509722392 295.624514420827 294.591963291168 292.049030462901 289.474924405416 283.376594384511 283.786177635193 278.774619102478 276.480237642924 274.599075317383 268.498261769613 266.148845354716 271.267453829447 274.773796399434 264.881233374278 254.452844460805
250.615954399109 239.013234774272 225.886940956116 208.596507708232 183.78206094106 151.120642820994 129.325399796168 129.38662370046 165.129979451497 191.853086153666 200.632770856222 196.654319763184 187.240918477376 176.522612571716 162.650048732758 166.331390539805 179.987947146098 197.431763013204 222.945928573608 243.965943654378 256.72854979833 265.073577562968 271.313409010569 268.793741861979 267.240802447001 266.222357749939 267.764031887054 268.118818600972 268.064399560293 276.922702789307 286.513110001882 290.373702843984 286.921401818593 282.844165960948 277.555664380391 274.461209774017 276.688456535339 271.300474802653 264.513909816742 252.666453520457 253.329416116079 262.879649798075 278.172751267751 286.466121673584 277.225375175476 274.333039919535
242.336869239807 242.666920026143 237.649023532867 228.412608305613 213.343818982442 188.702007134755 155.720104773839 125.860244035721 140.442291895548 164.404928684235 185.49636999766 196.928302447001 199.503143628438 196.509699026744 182.93027083079 174.330770969391 171.518127123515 175.808827082316 191.148678461711 210.023820400238 227.678974469503 243.01008383433 253.813823064168 251.514911651611 253.309428691864 253.254135449727 254.043122132619 255.484481652578 257.412274678548 266.900599002838 272.742787996928 272.845069567362 270.65638701121 270.197927951813 269.942979017893 270.993610223134 270.818610986074 266.831239064534 259.672145048777 254.542171955109 268.373529116313 281.522313753764 288.489143053691 289.35718536377 277.632137139638 272.002180417379
209.261139233907 220.044255256653 225.644469261169 225.655913352966 222.307284673055 217.126250267029 198.509991168976 177.253504594167 144.660919904709 134.764244159063 149.276653925578 175.94184478124 199.664970239004 211.717009544373 212.655941645304 202.789048353831 186.538497606913 180.789987246195 179.166992505391 182.802081108093 192.554454008738 201.749682426453 212.749520937602 221.679488817851 231.364806493123 233.849267164866 235.362072785695 236.571272214254 238.735318183899 246.2451060613 247.682809829712 248.631517092387 255.269726117452 259.005010128021 262.570599714915 263.246178627014 262.383580207825 265.117088953654 259.46843624115 265.080610911051 283.292611440023 290.806174278259 292.294303576152 289.498706658681 276.526133219401 271.367172400157
149.766892194748 165.366073449453 180.848399798075 192.798495292664 203.550100326538 212.192138036092 213.388482729594 206.652581691742 175.842126210531 148.392995198568 133.510887622833 141.794184843699 171.176572640737 198.992908000946 215.567628542582 204.790115356445 196.109771728516 187.949001789093 179.0585120519 172.493139902751 173.026382923126 173.951089382172 178.764243920644 193.597058455149 207.960367202759 216.499845186869 218.199531237284 218.797564506531 225.334922472636 230.81906636556 234.102467695872 237.826069196065 247.540235519409 251.720269521077 251.9717613856 252.607444922129 257.160127162933 262.120604515076 263.2856965065 276.569843292236 286.835352579753 290.334324042002 290.018121401469 287.26996978124 280.03199895223 280.484398206075
92.8480327129364 110.572755336761 119.599590698878 133.968611558278 151.859978834788 170.403937498728 190.483530362447 197.443604469299 198.144058386485 182.345966498057 153.906643390656 132.524788379669 135.447372992833 160.279750823975 189.609507719676 194.399456183116 201.10422372818 196.985960006714 185.912152131399 174.274384975433 166.801273822784 164.622247219086 164.857198794683 174.574732780457 184.58088239034 191.675325234731 194.857637087504 199.629704157511 207.162459691366 212.406496206919 217.534363269806 223.118484020233 229.554116725922 232.342382272085 233.303308486938 235.897342363993 246.842086315155 258.024831612905 263.516147931417 275.734265645345 282.022257645925 283.533136049906 281.021177768707 277.327001094818 273.938715457916 273.489793141683
73.8893747329712 69.6178923050563 71.0519055525462 70.5536454916 80.8836867411931 111.77259683609 139.021108547846 162.517309188843 194.134712219238 200.047532717387 187.201082706451 160.195618867874 130.263775587082 127.878139416377 152.868032455444 182.486732800802 199.578642845154 202.842175960541 197.216391563416 186.785976092021 177.172084649404 176.720182100932 175.773163636525 176.645457744598 177.812735239665 177.699287732442 182.191987832387 191.46200021108 195.594350496928 197.099248568217 202.726244926453 208.474278450012 209.863404432933 211.165984471639 214.859704176585 220.579028129578 232.930620511373 246.159752209981 248.784085114797 258.398175239563 264.833887418111 266.157865524292 265.276769797007 266.190648078918 262.45899995168 263.242602348328
75.445423523585 51.251620054245 33.9182292421659 22.1147810419401 17.0546198884646 22.9721119006475 37.9963318506877 73.0842500925064 103.460937738419 144.10537481308 180.070598920186 195.189674695333 174.672265847524 146.788706382116 143.766085306803 171.337823073069 189.624389012655 204.986890157064 212.819774945577 207.991143067678 195.139209429423 191.784977912903 188.081582387288 187.096476554871 187.561929225922 185.691694418589 188.415626684825 197.82555103302 198.067605495453 190.525909264882 196.067015329997 201.808452606201 203.276455402374 203.571359316508 207.402427991231 215.193867683411 221.526781717936 226.989030838013 231.518228848775 234.171708424886 239.983677864075 246.297677357992 252.367913722992 258.808135986328 255.047976970673 260.26980082194
81.8098932504654 50.8957852919896 23.3250732223193 12.2231108446916 6.45308072368304 5.96534522871176 23.2540890574455 47.71522184213 65.78196088473 101.847509543101 142.930905024211 171.674271424611 189.833879470825 184.576392173767 162.20963994662 158.54146083196 164.833883444468 183.794180552165 206.70086145401 218.600591023763 215.96093972524 208.790024121602 205.756227175395 201.385835806529 197.81239827474 196.611841519674 197.821974754333 200.415909290314 196.523169676463 190.844257672628 193.261981010437 198.61497481664 198.558708031972 198.32189877828 202.02781756719 206.230541070302 207.823077837626 206.97291692098 211.498697598775 212.530473868052 218.942602475484 226.494530836741 232.914984226227 238.130350907644 239.931146303813 244.507213433584
75.8632967869441 45.8524922529856 22.0566913485527 6.02013183136781 2.15974745030204 20.5884637931983 38.2643143335978 51.1540522178014 65.9152567386627 83.719938993454 116.135875384013 153.428375720978 173.4685699145 182.76313940684 176.546533902486 152.664552132289 147.189110517502 152.683178583781 171.69463634491 199.666202068329 214.458882808685 215.674599011739 217.50682592392 212.296346823374 205.283323923747 206.137200196584 207.68791437149 203.690489133199 199.167132377625 201.094766457876 200.596431891123 199.316143989563 196.126063664754 194.14746761322 195.116559664408 193.707287311554 191.213468710581 186.798930168152 190.520505110423 192.405104637146 197.364131609599 203.818122545878 206.512629985809 209.096630414327 222.246289253235 227.97151406606
58.0605616172155 49.7152507305145 28.1861523787181 1.83443802719315 4.67559540023406 19.0998154381911 41.9302880764008 57.2307507197062 71.7008610566457 81.384539604187 97.2348352273305 127.322653929393 153.955777486165 171.173016230265 176.157355308533 176.045080025991 174.073100090027 165.236552556356 158.12208255132 167.091310024261 193.553407986959 209.801614284515 217.006325721741 216.338415940603 210.378726323446 213.381171226501 218.170861403147 213.969647884369 211.967706680298 216.932872931163 214.353481928507 202.074646949768 194.795389970144 189.968327681224 184.825519720713 183.673063913981 177.956183751424 176.431953907013 177.529275417328 181.503812472026 183.454175790151 186.807950337728 190.300067265828 192.64288743337 211.737016836802 222.014685471853
53.1253566344579 56.9709986448288 43.8443521658579 7.74645805358887 9.04803785185019 30.6255767742793 49.8034209012985 69.0140028794606 84.1721991697947 87.8652433554332 99.6592541535695 110.122462113698 136.015305916468 154.318064451218 171.939571698507 182.487607002258 185.943285624186 183.791836102804 166.489621003469 152.90159980456 161.18582089742 189.791897932688 201.161702473958 207.107524077098 215.146044890086 221.269826094309 227.031826972961 227.360725402832 226.446688175201 228.460848331451 221.535821755727 208.825925985972 199.00772968928 190.176685651143 182.715614636739 179.590026537577 176.495671272278 175.716737906138 176.034609476725 178.476274013519 181.094368298848 182.305236657461 182.712654272715 185.878614584605 199.119925498962 214.187145233154
60.4374359051386 67.217563589414 66.4169043302536 30.776247382164 22.545114159584 48.443928360939 62.9093547662099 82.6124449570974 97.1292754014333 106.525073448817 114.185680945714 115.968118111293 125.701397657394 135.606706142426 152.094095945358 169.339418411255 179.669121901194 184.572120507558 184.506257375081 171.001811822255 153.031716744105 166.911800702413 176.348229249318 190.18691778183 200.094699859619 212.542136510213 218.808809916178 224.296192328135 230.525453885396 228.456775347392 221.170485019684 214.377800623576 203.86544863383 193.077345689138 187.073091665904 181.704918543498 180.089890956879 176.598072052002 176.022966702779 179.034173488617 183.397968610128 184.725224971771 184.25194422404 186.919172604879 188.130617141724 203.781922658285
65.3043687343597 68.00876557827 78.3410370349884 66.551481684049 51.9255896409353 64.2511347929637 68.8170343637466 81.7866325378418 94.3516790866852 108.152002096176 114.057779312134 112.072090307872 110.758244991302 118.839790423711 134.234527746836 153.063476085663 165.223280588786 171.621759732564 177.35344171524 181.324303150177 172.624369462331 159.620076417923 162.624736626943 174.063464005788 183.626612027486 191.678106784821 199.112415313721 201.038936773936 196.222027142843 200.33989350001 204.493959744771 213.611582914988 204.455653826396 196.137924989065 191.046754519145 185.344179471334 180.517633756002 171.07085386912 168.803890546163 177.475651105245 184.638559818268 187.164763609568 190.22524356842 188.382109006246 185.303588708242 195.623636245728
