input/barkrak2/radiation/dir01424.grid
NCOLS 85 
NROWS 70 
XLLCORNER 665100 
YLLCORNER 4664600 
CELLSIZE 20 
NODATA_value -9999 
[rows 23 to 45 of 70, columns 0 to 51 of 85]
67.1104441086451 56.7687104145686 25.9941965341568 9.41520556807518 5.01681615908941 10.8644974728425 10.5123147368431 4.18445530037085 2.89589632302523 2.53823399543762 2.45135727648934 11.4621271689733 12.7216304341952 16.0278777281443 14.1961425542831 14.6541520953178 19.9941992759705 28.6635508139928 33.432478706042 26.5227903922399 25.864322980245 29.1515116890271 40.86934030056 50.3674447536469 57.2303930918376 56.5659403800964 51.4196207125982 43.6588476101557 24.6495380997658 10.8275214831034 7.23017752170563 1.90461271752914 0 0 0 0 0 0 0 0 0 0 0 0 0 0 0 0 0 0 0 0
66.9179260730743 62.9164675871531 41.5718878308932 13.8754496971766 0 4.85859873394171 5.4883286356926 7.54566552738349 4.61550491551558 3.82192091395458 3.30624605218569 2.96394651134809 10.7482746243477 14.8215318719546 14.220342040062 13.830238332351 18.1564763188362 26.0483423868815 31.7681779464086 25.9154935677846 23.8103941082954 21.5558956066767 28.5685956478119 35.8307634790738 40.4797941446304 41.4012943704923 38.4408980607986 34.9078625440598 16.1039133866628 6.47083173195521 3.16837274779876 2.00415356084704 0 0 0 0 0 0 0 0 0 0 0 0 0 0 0 0 0 0 0 0
54.5656830072403 58.6818158626556 51.5848994255066 23.0023339390755 1.06588983908296 10.6246893604596 17.5369853774707 25.1373673478762 25.7695838809013 20.4753205180168 16.064361979564 18.5666605830193 17.3534291485945 21.2612201770147 20.3101212779681 15.9022050599257 17.3236827055613 25.7060974836349 31.6974769035975 33.9844102660815 34.2373177409172 30.5003076791763 27.7131050825119 27.6823987563451 30.7835067311923 32.7339520057042 28.9151544372241 29.5695140957832 17.5934098660946 13.6034699777762 10.9123848378658 13.7223874529203 8.84857773780823 0 0 0 0 0 0 0 0 0 0 0 0 0 0 0 0 0 0 0
53.2602121432622 58.0767095088959 55.7153026262919 31.7498072981834 9.58533957600594 21.8329280614853 34.2240656415621 45.7370678583781 53.2711495955785 46.8504230181376 30.8765669663747 32.2429090738297 28.6775231361389 29.9133807420731 30.9658174713453 22.4362661441167 19.8089157541593 26.9428143898646 34.4297935565313 44.0994997819265 44.9354549249013 41.986679037412 34.6275418996811 29.8512081305186 30.2158892154694 32.3573599259059 28.2031148672104 35.455529888471 33.7951059142748 32.4594055612882 36.3900139927864 52.0043174425761 59.714545806249 39.8774395386378 0 0 0 0 0 0 0 0 0 0 0 0 0 0 0 0 0 0
54.5389403899511 53.6220669746399 53.6537269751231 37.4291812380155 32.5928702950478 40.7076925039291 55.6142032146454 61.7357740799586 62.5923673311869 52.8687586386999 39.7438406944275 34.0980167190234 31.8550194303195 32.3631167411804 35.6351211667061 30.0662790735563 25.5416954557101 30.6105489532153 42.7589118480682 46.8633423248927 45.2425579229991 37.2708315650622 35.0494782129923 35.5941529075305 35.848672191302 36.1418575048447 34.1703221201897 43.9417858918508 60.2063884337743 64.5620872577031 67.9976940155029 74.0901082754135 84.3895375728607 90.3942982355754 46.7492838700612 0 0 0 0 0 0 0 0 0 0 0 0 0 0 0 0 0
57.4419796466827 47.6008901993434 48.0410555998484 39.9031912287076 51.9130329291026 54.6759267648061 58.2628796497981 56.5689951181412 50.677478313446 40.726808210214 35.4521398742994 29.0406793355942 31.7155172427495 35.351887345314 36.6757263739904 38.7832969427109 32.4927046895027 29.8660645882289 39.4002149502436 42.0302848021189 39.2745658755302 32.6907982428869 32.5288400053978 37.9361435770988 40.2911106745402 37.1628999710083 38.1545573472977 43.8452710707982 66.3272837797801 78.9195150136948 85.3686134020488 90.1942749818166 96.5428551038106 98.9334086577098 88.8434052467346 22.2366154193878 0 0 0 0 0 0 0 0 0 0 0 0 0 0 0 0
58.6538364489873 43.0485159158707 43.0574715137482 44.3797608216604 53.1215916077296 54.2449106772741 47.1863647301992 34.0453535318375 9.95887691775958 7.04532985885938 15.0535715123018 22.7791493137677 28.1101713577906 35.7663308580716 38.0937308073044 42.857696612676 39.1454100608826 27.5462617476781 30.3847268223763 33.1892768541972 32.2926342487335 32.4374611179034 32.4206128716469 38.2954229911168 43.3541337649027 40.2499760190646 42.2886709372203 44.3059901396433 60.1413647333781 81.332802772522 93.2387312253316 98.829448223114 101.062605778376 101.980110009511 107.971459627151 88.8099074363708 17.2729094823201 0 0 0 0 0 0 0 0 0 0 0 0 0 0 0
57.8717490037282 58.2662969827652 76.1369168758392 103.884230057398 83.676278591156 60.7063472270966 37.7135202288628 9.47305063406626 6.5687441577514 14.8509852588177 5.18874016900857 4.52357095976671 27.8973927100499 37.0996718605359 39.8650815089544 47.1462955077489 43.2589252789815 32.6213116447131 31.7700455586116 34.8696062962214 32.2450945774714 35.7677663366 37.4185914794604 39.520375430584 44.9652820825577 48.6308882633845 46.9954709211985 49.6981640656789 61.7296745379766 84.7372512022654 99.0560750166575 103.160371383031 100.188752015432 108.184506495794 116.699864466985 119.474917650223 94.1136876742045 38.9315336942673 0.470767961815 0 0 0 0 0 0 0 0 0 0 0 0 0
68.735068043073 98.9251732826233 144.357492526372 164.664645989736 144.331375757853 96.5738395849864 54.0640652179718 30.6384886304537 25.6542911132177 29.45609887441 22.3440105716387 19.2593013246854 28.0323326587677 35.4060605168343 45.9754566351573 48.8120416800181 45.9677577018738 40.218544503053 34.0351064999898 35.3556672732035 35.2600415547689 38.1153970956802 40.2997260292371 40.8851380149523 45.2535549799601 55.7533999284109 55.7871460914612 61.0164354244868 70.5865621566772 86.3439838091532 99.9817848205566 105.408171812693 108.452409505844 113.620022932688 120.22810180982 119.358758131663 112.453748782476 94.044953584671 35.8725264668465 0.0208213896257803 0 0 0 0 0 0 0 0 0 0 0 0
124.012370904287 159.234970808029 184.506217638652 187.13108698527 183.770140012105 159.34486190478 119.285543759664 85.0166579087575 64.6533270676931 54.7212908665339 49.4446704785029 40.618471801281 31.7725365360578 33.8587239384651 42.5871908664703 49.894521633784 43.9609934886297 44.7723716497421 34.7653776407242 33.5215479135513 37.0047340790431 39.1138667861621 39.5628760258357 40.2987798055013 44.3131426970164 56.61740899086 62.1391038099925 68.1631068388621 77.570507923762 84.5613479614258 95.1500833034515 104.892710844676 106.814235448837 103.909899791082 104.923824469248 100.324203570684 101.720740397771 87.2306227684021 47.5332836310069 1.09201196270684 0 0 0 0 0 0 0 0 0 0 0 0
176.382501920064 194.442093372345 200.014054775238 197.819093863169 199.337701002757 195.597926775614 173.440257708232 134.101281563441 98.3616610368093 77.6796489953995 79.0227800607681 70.3554302453995 47.3813563585281 39.3363361557325 41.406790415446 45.1773355404536 39.8902768890063 40.5684635043144 34.0982601046562 34.8358352979024 34.2374245325724 35.6314107775688 34.4002991914749 35.2165351311366 41.411484281222 50.9246836105982 61.3250931104024 65.0522112846375 73.7412124872208 85.2246483167012 94.0479040145874 95.7622130711873 88.8359646002452 79.1700929403305 81.8132162094116 69.5752799510956 70.4552084207535 56.6771725813548 18.2880535721779 0.0985503623572489 1.99123689283927 0 0 0 0 0 0 0 0 0 0 0
191.299756368001 200.197140375773 199.684977531433 200.798412164052 200.784782568614 199.586669603984 189.744393030802 161.676516135534 116.447289784749 90.1733338832855 89.653879404068 85.3172540664673 69.6200927098592 49.702246983846 42.2998567422231 42.7881181240082 36.8725260098775 34.0004687507947 33.6970339218775 36.457988123099 33.3044528961182 32.6941857735316 33.7743510802587 34.9935243527094 38.9184306065241 45.4367945591609 54.2425960302353 55.1292697588603 63.6492669582367 79.0967643260956 87.8028770287832 86.5478912989299 81.1929156382879 74.2113689581553 68.6571051677068 57.4017663796743 61.1778348684311 58.5565467675527 40.1458740234375 9.01380491753419 8.69534040490786 0 0 0 0 0 0 0 0 0 0 0
183.010578155518 188.684324423472 185.649156570435 186.59778436025 186.853607495626 180.742601553599 174.217800299327 158.210039138794 121.795276800791 102.707594633102 95.508595307668 87.8792703151703 81.6090206305186 57.011216878891 45.6762909889221 46.8329091866811 40.2672414978345 32.7046861251195 36.1714561780294 37.8312120834986 36.3732427358627 33.7609574198723 36.0258370637894 39.7865697741508 38.6108805735906 43.9226826032003 48.1098095575968 48.2560942570368 54.7722081343333 71.5267558892568 79.8758020003637 80.0330738226573 82.9650859038035 82.8998784224192 68.1559890508652 63.0471060673396 66.9389466444651 73.2359339793523 67.6068464914958 31.1918283502261 0.0745026773074642 0 0 0 0 0 0 0 0 0 0 0
157.829384009043 161.682625611623 164.204518000285 161.467611789703 160.850524902344 159.040669600169 163.71422012647 160.314877827962 132.789045572281 110.772599776586 98.8703767458598 83.3878616491954 73.7538735071818 52.9159704844157 41.7861392100652 46.4816838502884 48.5642900069555 37.7799818913142 39.9299735824267 42.7217185497284 42.5620277722677 39.2394736409187 39.4167949755987 42.4314836661021 40.7429610689481 40.4156967997551 46.5968102216721 52.437553803126 56.1590691407522 66.5883670250575 77.4897187948227 81.9065670172374 82.8047196070353 86.7505272229512 71.3040133317312 71.588804324468 71.6449568669001 79.3246328830719 79.4186194737752 42.3218061526616 0 0 0 0 0 0 0 0 0 0 0 0
134.253879388173 144.034256537755 154.835879802704 151.990075906118 151.057104269663 157.777965068817 167.810400327047 170.046885808309 154.233356316884 123.01117181778 99.8809536298116 74.2036600907644 57.7094852924347 46.2472786506017 38.5798886418343 42.0459558566411 52.1157284577688 44.8449701070786 42.2447820504506 45.1217542092005 45.5663154522578 42.691911260287 40.8161630233129 41.8305993080139 43.0938055117925 42.6359077294668 44.8507169882456 53.6275506019592 57.118684053421 60.7157697280248 72.9171832402547 81.7771057287852 84.4211876392365 79.3756892283757 68.5056298971176 78.5643011331558 82.1048667033513 86.0182444254557 86.058368285497 61.9210749864578 0 0 0 0 0 0 0 0 0 0 0 0
98.4606941541036 109.432856241862 118.380864461263 122.696866591771 130.521376927694 146.461586157481 161.22250755628 170.360207557678 167.398611704508 138.49221666654 104.652573664983 73.1876442829768 53.8759728272756 50.3296653429667 43.0991401274999 37.5226537386576 47.3432987928391 48.5618015130361 43.2234704494476 43.1725233793259 43.6637103557587 41.1254813273748 38.9795824885368 40.1701579491297 43.4497892856598 46.3905433813731 46.0521082083384 50.2896904945374 55.6408812602361 56.9270153840383 64.1188422838847 78.2272120316823 83.0676952997843 69.6372191111247 71.2973525126775 85.757186015447 90.0729695955912 89.1279776891073 89.7466043631236 86.0600272814433 33.7613945206006 0 0 0 0 0 0 0 0 0 0 0
64.058189590772 70.731649796168 70.175955692927 80.0642569859823 95.8457589149475 112.912545601527 128.209501504898 140.117704868317 142.63770977656 119.076410929362 85.4630172252655 60.9854062398275 48.9558726549149 47.351469596227 43.9770569403966 39.187490940094 43.6131656169891 44.390931725502 38.4313215812047 38.7389709552129 41.7099148035049 44.5478757222494 44.4039007027944 41.129544377327 39.9809007843335 42.9645429054896 47.4395503600438 50.3946493069331 54.8196385304133 54.7555883725484 57.3401898145676 69.0287599960963 76.1009057362874 72.2563912471135 88.535487651825 96.0014363129934 93.5632983843486 90.3900365034739 94.4102108478546 106.268892685572 98.8058348496755 40.7570054133733 0 0 0 0 0 0 0 0 0 0
53.3723284800847 55.4132064183553 55.297796924909 57.3434034983317 65.9226179122925 72.1708784500758 75.9214460849762 81.27294977506 82.130233446757 66.8805986642838 51.7478386561076 48.0084369579951 47.082061568896 44.4711695114772 43.5108443101247 44.1554288069407 42.9121553897858 42.2527492046356 38.7025202314059 38.8818432887395 43.0254638195038 48.0699787537257 49.1692374149958 45.7975417375565 43.2237833738327 41.2898808717728 49.796054760615 51.9615759452184 55.0773541132609 55.644561847051 55.8393051226934 62.2140765190125 70.1263745625814 79.693411787351 96.258282661438 94.3920016288757 86.8327816327413 77.8346210718155 82.2668621937434 97.5906550884247 106.992463270823 97.5931286811829 52.7488936980565 2.96538136899471 0 0 0 0 0 0 0 0
61.3799740870794 58.9632441600164 59.1986278692881 59.0049574772517 55.5798063675563 53.6493758360545 52.4968206882477 53.6785274744034 58.4634095430374 50.6530404090881 43.6549584070841 45.0335443019867 48.4913289546967 49.1444518168767 47.9707370201747 46.7522144317627 41.6225716471672 48.014630873998 49.3115931749344 45.6460118293762 47.8426863749822 48.3395208915075 46.7831591765086 49.342746535937 51.5214999516805 46.6617445151011 51.4149864514669 53.9241830507914 55.1657925049464 56.8124453226725 59.1887334982554 61.7478589216868 67.4330790837606 82.7818016211192 90.4695888360341 85.1571162541707 75.2693911393483 66.027710835139 63.4147822856903 73.2362816731135 97.5756247838338 102.13362177213 79.6801348527272 30.6516314546267 0 0 0 0 0 0 0 0
65.6905521949132 62.9226962725321 65.6627615292867 64.4091467062632 57.7435543139776 54.6870082616806 52.5250633557638 49.917941292127 50.4116763671239 47.0904459555944 45.4630653063456 45.2433029810588 49.1813520590464 52.4932493766149 52.8022746245066 50.2883046865463 47.4213659763336 52.7126640081406 55.0971329212189 49.5925694704056 47.3726441462835 45.1342860857646 42.0041233301163 44.5496141910553 49.4052569071452 46.8298941850662 43.46697529157 48.5887676477432 52.5126059850057 54.5701285203298 54.9207180738449 56.5516104300817 65.5398766199748 84.7056905428569 88.0242685476939 75.1582284768422 65.603107213974 62.3010993003845 61.0012114048004 69.6186323960622 76.2561013301214 77.8399060169856 66.9101377328237 37.6771688461304 0 0 0 0 0 0 0 0
50.436278184255 53.0419796705246 61.5178147951762 58.9996079603831 61.5065842866898 63.8289153575897 63.1897548834483 59.006263812383 49.0399797757467 47.6697186628977 51.042561729749 47.3722765843074 48.4678000211716 51.9289473692576 52.2659420967102 50.3691534201304 52.2942940394084 54.2264680067698 55.2229632933935 50.8963167667389 45.8326041698456 42.94320444266 40.9129212299983 41.0715018709501 44.2776729663213 47.6738711198171 43.3534185091654 45.2208270629247 49.2320160071055 51.3424277305603 49.957608183225 47.9260782400767 58.5637191931407 71.4133977890015 76.640119155248 67.8489754597346 64.3413513898849 67.0189311107 67.9991096258163 69.3568885326385 65.0379757086436 64.0166103839874 59.3521396319071 36.983514825503 2.24488507956266 0 0 0 0 0 0 0
48.8893240690231 54.6002735694249 57.5786133607229 58.2721531391144 60.0304851929347 62.4017318089803 62.848890821139 59.1264168421427 54.7486195961634 51.1640657981237 52.7544518311818 50.5942702293396 47.8413999080658 46.3672826687495 46.167994538943 46.5204219023387 43.7772174676259 50.4268109798431 52.479013800621 50.6107012430827 47.2044050693512 44.5938507715861 44.2126293977102 45.415053764979 43.7621970971425 52.3355106512705 54.4820725917816 51.9806196292241 51.0045935710271 49.5059788227081 45.4557140668233 43.3109899361928 49.6508131424586 53.2659540573756 59.1175854206085 62.4177604913712 66.4129207531611 71.3993807633718 72.4851042032242 65.5825187762578 65.6828433275223 60.811589161555 58.0456654230754 41.3650398453077 13.5676426192125 0 0 0 0 0 0 0
54.9711436033249 59.5525999863942 56.792214512825 60.1327071587245 58.7220092614492 58.8315427303314 60.3606601556142 59.1708868741989 60.4232052961985 56.1171273390452 55.2224318186442 55.0048351287842 50.7830927769343 46.3744550943375 45.5133120218913 48.9678233861923 44.950728615125 47.5585560003916 51.8374145030975 51.2755364179611 48.5568692286809 48.4110017617544 47.9939480622609 48.7651328245799 51.0039826234182 51.7720977465312 57.1548789739609 54.5467933019002 52.7044534683228 51.1912753184636 47.243724266688 44.112890958786 46.7446049054464 45.8787928024928 46.6577857732773 50.1768887042999 56.8551470836004 65.4526650905609 65.328116218249 54.7284831603368 57.2543293237686 53.2266894976298 53.3892164627711 50.7975121339162 34.0668683250745 5.39864910145601 0 0 0 0 0 0
