input/barkrak2/radiation/dir03024.grid
NCOLS 85 
NROWS 70 
XLLCORNER 665100 
YLLCORNER 4664600 
CELLSIZE 20 
NODATA_value -9999 
[rows 22 to 43 of 70, columns 0 to 50 of 85]
52.4531453847885 45.9184447924296 24.1554503639539 17.2386442621549 13.5059083501498 5.34443184733391 11.8975713849068 7.41739943623543 6.38504698872566 4.4455211609602 14.6218438943227 15.2173526585102 16.8857636551062 17.2233618795872 18.4179718295733 22.7236400047938 32.3029508193334 41.7812565962474 47.7666358153025 51.0608106851578 56.1088621616364 69.325457016627 80.3001870711644 85.5146249135335 86.8211388587952 83.3914577960968 73.3292400836945 72.0901985963186 65.9906069437663 45.4166829586029 25.2021501461665 11.8045409520467 0.299552183908721 0 0 0 0 0 0 0 0 0 0 0 8.50751499334971 15.1167052487532 20.7170570890109 20.875538388888 22.6033851504326 23.8213439782461 22.8658790389697
85.36097407341 74.3910769621531 40.5433252453804 22.5304837028186 17.1708539128304 20.885926981767 20.9286088744799 8.48171425362428 6.50585566957792 5.152919019262 16.1053612828255 17.4557939171791 20.5368337531884 27.0660519599915 23.660051325957 23.4502653280894 31.2488650282224 40.6942442059517 46.1643040180206 38.6794060468674 38.1558810671171 42.9460555315018 54.6466608842214 65.5627648035685 71.8248834212621 73.1995105743408 68.3265825112661 56.1775267124176 37.7395674586296 18.4133276343346 13.6104437212149 5.70341013371944 0 0 0 0 0 0 0 0 0 0 0 3.16458319624265 5.92711940407753 8.06655548512936 13.2098632554213 16.3805931806564 17.2898471355438 20.4498035212358 20.2085015674432
84.8318934440613 80.6434253851573 57.8914185365041 27.5016526381175 10.9091016153495 20.2366883556048 19.8299090067546 18.1118411322435 13.8057234386603 5.84358970324198 6.41428058346113 15.7871656119823 18.5673894981543 24.3324215213458 23.3765989542007 23.7066547075907 28.9355839292208 37.6870681842168 45.1467434565226 38.0295167366664 36.8695457776388 33.6819489796956 41.8137113253276 49.4604756434759 55.3790877262751 56.7180812358856 53.8584291934967 48.1352160374324 25.13221402963 12.5622414052486 7.69650811950366 5.78154250979424 0.002336667724497 0 0 0 0 0 0 0 0 0 0 10.0591362764438 8.05610480407874 2.57316573212544 4.13712269316117 8.55689247449239 11.7102861404419 13.6329556504885 13.4307220578194
71.3510016600291 75.954794883728 68.7641153732936 37.4556904037794 10.8623007933299 20.79235141476 27.4482170740763 35.495936870575 35.6922671198845 27.5520707170169 22.7138797442118 25.2105742692947 25.1897325118383 30.7807524998983 29.8487717906634 26.6557758053144 27.9933015505473 38.1912191708883 45.3309814135234 48.1092284123103 47.6697434981664 43.5468057791392 40.5628755688667 41.3578947385152 44.1779841979345 47.0171421766281 42.8219983975093 43.1317786375682 27.014451722304 21.9760561982791 18.6035570998987 22.8528107206027 16.828494767348 0 0 0 0 0 0 0 0 0 0 5.62272531290849 0 0 0 0 4.40578845640024 5.07877332468828 6.73233096798261
70.0181225935618 75.3043244282405 73.0849405129751 47.1212863922119 23.4135687351227 34.1569309433301 46.6446181138357 56.4799457788467 64.0672196944555 55.1832020282745 37.9652231931686 40.7606487472852 38.3381197849909 43.5235400994619 41.3328086336454 33.081516623497 30.4894174138705 39.7543261448542 47.0203359921773 58.5186183452606 59.3242148558299 56.0929377873739 49.1155038277308 43.678934375445 44.1565910975138 46.6001729170481 42.3389176527659 49.6755292018255 46.6486861308416 45.0556029876073 50.2150505781174 68.2229200998942 76.7121016979218 55.5681685606639 0 0 0 0 0 0 0 0 5.87661067644755 0 0 0 0 0 0 1.14868332942327 1.12544908188283
71.5651909510295 70.4315503438314 70.5788532892863 53.2708217700322 49.6811668078105 55.2451461553574 67.6462650299072 72.8257099787394 73.3400285243988 67.7047322193782 48.4343518813451 44.2232191562653 44.8842495679855 41.828582684199 44.2816317081451 42.8797503312429 37.534606953462 44.0102020899455 55.5104861656825 61.5407278140386 58.4220637877782 50.3349701563517 49.3469287951787 50.042524933815 50.3913958867391 51.0801573594411 48.8647619883219 59.438094496727 76.3882944981257 80.9659858544668 85.6474041938782 93.0226941903432 103.900909423828 111.077527205149 64.9703592061996 0.379496642077963 0 0 0 0 0 4.07252771159013 7.36121088266373 0 0 0 0 0 0 0 0
74.5901018381119 63.5980119307836 64.238448937734 56.2750895818075 69.5852339267731 68.0606861909231 69.9139436086019 67.338635524114 60.8570178349813 51.6489545504252 43.0121918519338 39.866363008817 40.4709180196126 44.5295969645182 49.1091758012772 50.1147657632828 45.4974671204885 41.9912238915761 52.4088193972906 55.9021532535553 53.9083232482274 46.8130459388097 46.5017755826314 52.6800254980723 55.4739932219187 52.6841878890991 53.6092321077983 60.0634515285492 83.4458669026693 96.9153841336568 104.966153701146 110.298673311869 118.44457189242 121.048718690872 110.962847868601 37.3739649852117 0 0 0 0 0.0468321474424253 2.23981309682131 0 0 0 0 0 0 0 0 0
75.6040165821711 58.3235820134481 58.6584508419037 61.642790834109 70.193221171697 66.9494569301605 56.4005821943283 43.2840585708618 32.7338377634684 26.598942776521 26.2420227130254 30.1805436611176 36.4637697736422 44.9432780345281 50.0903179248174 56.6066404183706 51.3805896043777 40.4199485977491 43.8417891661326 46.780988574028 46.4549014965693 46.7812170584997 46.8150625626246 52.5090992450714 59.1197510560354 55.8550010124842 58.1248054901759 60.5340898036957 77.1189779043198 100.200593471527 114.677399396896 120.793004830678 122.858921686808 124.329974253972 131.632854541143 112.369289000829 31.4656719565392 0 0 0 0 0 0 0 0 0 0 0 0 0 0
74.2918352286021 75.1233746608098 95.3741172949473 125.730733076731 100.973904132843 73.196142911911 46.8771159648895 26.7068445682526 9.57283501823743 21.2037612994512 19.2145903905233 11.7638558149338 35.0618287920952 46.567956606547 55.7883977890015 59.6486975749334 56.9464613993963 45.5057223637899 44.9822296698888 48.3577152093252 46.2008466323217 49.9069740374883 51.4389872550964 54.8405547936757 60.9798977772395 65.160945057869 63.9310429493586 66.3916369279226 79.2857309182485 104.802320400874 122.768233219783 126.867324113846 123.386820157369 130.857646465302 141.619712114334 144.959429899851 117.694397767385 56.7072778940201 4.75149353345235 0 0 0 0 0 0 0 0 0 0 0 0
86.6652131080627 119.505147139231 166.94313287735 187.103231747945 165.268232425054 114.392290512721 67.72747139136 39.3623635172844 33.0801059802373 37.758747736613 29.8763737082481 25.4057248433431 35.6490860382716 44.8802461226781 57.8904052575429 64.8806442817052 60.2121253808339 53.9201597372691 47.5127398967743 49.0797758102417 49.5649725198746 53.2026290893555 55.6744734446208 56.3686788082123 61.4603360493978 72.8869289159775 72.8282233079274 79.2861233154933 89.3680254618327 106.135050455729 122.98055489858 130.807171265284 131.473710139592 137.310872475306 144.461135069529 146.16193373998 137.404094139735 119.979937871297 53.1947066386541 3.28846586247285 0 0 0 0 0 0 0 0 0 0 0
145.776053269704 181.306421756744 206.368466218313 207.475284735362 205.107589562734 178.721189498901 135.380238294601 97.6811548074086 75.020303328832 64.542422691981 59.5465948184331 48.8147934277852 38.0715802311897 43.6318069696426 58.2773834466934 64.494992295901 58.4281980991364 59.0554773807526 49.7838656107585 48.0276296536128 51.1884192625682 53.3427298069 54.1671464840571 55.1094710826874 59.690405925115 73.014497756958 79.7285487254461 87.1801972389221 97.1453487873077 105.363746484121 117.254873116811 129.501104354858 131.421605745951 128.253807624181 129.646946986516 122.549156347911 124.991635481517 111.269076665243 63.6213670174281 16.1281948288282 0.481343905751904 0.717730106165012 0 0 0 0 0 0 0 0 0
198.457558949788 214.431524276733 219.17869647344 216.793060302734 219.299634297689 215.282162030538 191.266715526581 148.422658443451 110.627561807632 91.0458664099375 88.9929334322612 79.2539517084758 56.738426287969 48.9899416764577 56.6979895035426 61.1470590035121 54.650882879893 54.9555917580922 48.7146625916163 49.3803322315216 47.5131173928579 49.5114028453827 49.1826782623927 50.4474689563115 57.1861465771993 67.6164478063583 78.7823448578517 82.8202168146769 92.1806693077087 104.348142941793 115.012258291245 119.518299897512 112.089951833089 100.278208653132 102.470954259237 87.9103938738505 89.3113513787587 74.1275697946548 39.2817532022794 6.73299593230089 8.7457566211621 6.4901914447546 0 0 0 0 0 0 0 0 0
212.839603424072 219.309449195862 218.664546807607 220.934649308523 220.392604668935 219.441930452983 209.481040636698 177.298605442047 128.84118159612 103.261142969131 103.415797154109 96.7655082543691 81.9226503372192 63.9212826887766 57.4686825275421 58.8917185862859 52.3645083109538 48.1040626764297 48.3198910951614 51.0805894931157 47.4563141663869 46.4218507210414 47.8804856538773 49.3831882874171 53.3834596474965 61.3948851823807 71.0325638453166 72.0917632182439 82.1402221918106 98.8978544871012 107.054740190506 105.630407730738 102.518141269684 95.7407355308533 87.5514547030131 74.4478007157644 78.5312503576279 75.6744792064031 55.8564712603887 21.7302640279134 19.624558587869 20.9066520134608 0 0 0 0 0 0 0 0 0
206.207156181335 210.511267185211 207.515597343445 208.156704902649 207.14924732844 202.482958634694 195.963263511658 178.839385509491 138.463149468104 114.137301842372 108.378281195958 103.953391313553 94.0013825893402 70.0198262929916 60.6643954912821 63.0706548690796 56.4470042785009 47.6975341637929 51.5131006638209 52.7503192424774 50.7591863473256 47.0253974199295 51.0095208883286 55.2852551142375 53.859531879425 58.9560319979986 63.7855430444082 64.6470536788305 71.6972202062607 90.7604495684306 99.7621417045593 99.6705989042918 102.446715037028 104.954183101654 87.0400567849477 80.7642042636871 84.9267343680064 91.8953120708466 86.8018269538879 47.98856874307 16.1862596869469 0 0 0 0 0 0 0 0 0 0
182.376543680827 185.332516829173 187.826116879781 183.907171090444 183.542430400848 181.522945562998 184.978802998861 181.688090165456 152.357995510101 121.985018253326 109.019448359807 98.7870196501414 89.3598894278208 68.4944639603297 56.8635116020838 62.4053776264191 64.9615873893102 52.8385241826375 54.9049874146779 58.7975929180781 58.408111333847 53.8708170255025 53.987517952919 57.3622683684031 55.4992059866587 55.8189302682877 62.1627271175385 69.2860583464305 73.230783144633 85.4118565718333 97.2201228141785 101.771185795466 103.362580140432 108.227958281835 90.833842754364 90.4493927955627 90.7007257143656 99.0629891554515 99.1753141085307 58.0854713916779 4.69793193042278 0 0 0 0 0 0 0 0 0 0
158.27884276708 167.521317799886 179.399609565735 176.494518915812 174.537499745687 181.226114432017 190.107146898905 191.590527693431 173.210700352987 137.819151083628 113.965064287186 89.1091525554657 74.8057663440704 62.9889170328776 53.8411090771357 57.8094919522603 68.8015123208364 60.5395237604777 57.3023756345113 60.2355152368546 61.7475559314092 57.6621393362681 54.8532754182816 57.5727274020513 58.9775145053864 58.4241449832916 61.5941335757573 69.5799042781194 74.2003619670868 78.9565543333689 91.1757946014404 101.729571819305 104.275445143382 98.2869267463684 86.9181056817373 99.0992188453674 101.705541213353 105.853905280431 106.646607319514 80.4652074972789 0 0 0 0 0 0 0 0 0 0 0
120.395789543788 132.369528214137 141.039868195852 146.233667929967 155.004372199376 170.733332633972 184.589584668477 193.52517525355 187.192400296529 157.46882557869 122.916787862778 90.0074144204458 70.6915855407715 67.0394400755564 58.9041858911514 53.4926702578863 64.3148471911748 64.8728956778844 58.6691151062647 58.4333588679632 59.0586711963018 56.1671555042267 52.9908786217372 55.0553649663925 58.590034643809 62.4814132849375 62.1882130702337 67.5532420476278 71.5775787830353 73.8366345564524 82.6587826013565 99.1852084795634 102.669378121694 87.8619452317556 90.7276372114817 109.189430872599 112.91695634524 110.3362540404 110.944698254267 106.731951236725 50.0212609767914 0 0 0 0 0 0 0 0 0 0
83.9530428250631 91.0645524660746 90.6984408696492 101.199209690094 117.989470561345 135.930478572845 151.897847652435 164.125810066859 164.614756902059 141.290346781413 105.034252007802 79.3210963408152 65.9495294094086 64.5941843589147 60.8610610167185 55.3449342648188 59.9305480718613 60.4092131058375 53.6516408125559 54.322083791097 57.5951288143794 60.7862571875254 59.6847683191299 55.473933617274 55.5697033802668 58.8153054316839 63.6731833219528 66.8512334426244 71.6267277797063 71.437269449234 74.1963535547256 86.9189302126567 94.9920117855072 90.7868345578512 108.608464399974 121.57009045283 118.419388930003 110.702137152354 115.57807524999 129.241357247035 120.000819365184 58.5173765818278 2.69923328111569 0 0 0 0 0 0 0 0
72.5220590829849 74.7350702683131 74.6395438909531 76.6030152638753 86.0227843125661 92.7454133828481 96.6471234957377 102.259695529938 103.01419099172 86.4489873250325 70.2251593271891 66.1614338556926 64.6776854991913 61.6096506516139 59.8782201608022 60.8113904794057 59.5693985621134 58.9613715807597 54.3031344811122 53.8592636585236 58.1224858760834 63.5015070438385 64.8819357156754 60.6997509797414 58.513268828392 56.97862803936 66.2335107723872 68.4886674086253 71.8784977992376 72.4084128936132 72.5373973449071 79.5445541540782 87.8219703833262 97.8718300660451 117.292741934458 116.98309580485 110.556125640869 100.103875001272 102.884004513423 119.284431139628 132.664779822032 122.783005237579 68.4645573298136 8.54098300139109 0 0 0 0 0 0 0
80.9019505977631 78.5392423470815 78.7910620371501 78.1479775905609 74.7190316518148 72.8632460037867 71.5680668751399 72.7432270844777 77.7395268281301 69.1039264202118 61.6128792365392 62.8910611073176 66.7439053455989 66.8249527613322 65.2937243382136 63.1574193636576 57.7077269554138 65.2409046888351 66.3582583268483 61.9645168383916 64.128985007604 63.7987454732259 62.3717407385508 65.2794341246287 66.5635764598846 61.9543939828873 68.0514971415202 70.7298914591471 71.9498147567113 73.6386229594548 75.1426716645559 79.0189256270726 85.8043233553569 103.70151201884 112.68808444341 105.167369047801 95.513125260671 85.1459801197052 81.9525023301442 92.9410358270009 120.425711075465 127.740810314814 102.811455726624 44.1882560650508 1.48087569201986 0 0 0 0 0 0
85.737685362498 82.6907803614934 85.6664677460988 84.0179721514384 77.1827052036921 73.9019860823949 71.6353754202525 68.6388313770294 69.0886477629344 65.422460436821 63.6077125867208 63.6371672153473 67.3341353734334 70.9396203358968 70.5341796080271 67.828506231308 64.6260182062785 70.0911780198415 72.5062390168508 66.2373304367065 63.6397500832876 61.4064186811447 58.0978989601135 59.9575738112132 64.2905881007512 61.486100157102 58.5469007492065 65.121312936147 69.2136834065119 71.1801052093506 72.4709033966064 73.3859638373057 83.9088459809621 103.46653064092 110.098779201508 95.0415829817454 83.7313135464986 81.2494655450185 80.71169257164 90.1072025299072 96.9164570172628 99.9088982741038 87.1399442354838 53.1769047180812 4.58688599367936 0 0 0 0 0 0
69.5911397536596 72.3565568526586 81.0828854640325 78.6023239294688 81.0789912939072 83.6343665917714 82.4831227461497 78.1749089558919 67.7182972431183 66.4450824260712 69.768284757932 65.9987032413483 66.5148148934046 70.8473275105159 71.354736884435 68.4695094823837 69.7594235340754 71.7279662688573 72.9867865641912 67.9514904816945 61.49755915006 59.3792945146561 57.1617732445399 56.2375982602437 58.8608284791311 63.4749184052149 57.9303254683812 60.5238378047943 66.4545694986979 67.8052256504695 66.1598493655523 63.8463000456492 75.5219608545303 90.4558300971985 95.8951910336812 85.6038133303324 81.6120604674021 87.4501665433248 88.4583989779155 89.1794164975484 85.1277410984039 83.7851166725159 78.0989577372869 52.2441367308299 7.90456806619962 0 0 0 0 0 0
