input/barkrak2/radiation/dir05024.grid
NCOLS 85 
NROWS 70 
XLLCORNER 665100 
YLLCORNER 4664600 
CELLSIZE 20 
NODATA_value -9999 
[rows 21 to 41 of 70, columns 0 to 48 of 85]
44.0081655979156 32.0413932204247 20.7359616955121 30.324046810468 26.1527448892593 9.5551498234272 12.2849221030871 22.8766277432442 26.4948432644208 29.8588400085767 31.4940089980761 32.1848690509796 34.356859823068 31.6276823480924 38.7204959988594 50.2274185419083 62.7317974964778 74.5465854803721 84.0864876906077 97.6240038871765 108.119696378708 119.176586469014 126.772820949554 126.360207796097 118.495096762975 111.088136831919 101.963599522909 94.5854981740316 94.1941440105438 95.2521959940592 72.0234463612239 50.4659066597621 34.8026230931282 19.8871629933516 6.92710652947426 2.13718460872769 2.06268827120463 9.52464714646339 19.6556088825067 23.0519026517868 35.7454170783361 45.1553761959076 40.3541773557663 40.338213245074 59.4267994165421 68.8529411951701 75.3265470266342 81.1316470305125 84.585835536321
82.2876443465551 75.8499205112457 52.2118906180064 47.0801492532094 42.0413116614024 21.1605976025263 28.0371606349945 28.3567855755488 17.7784735957781 27.821106215318 31.1539595325788 34.6368625760078 37.9959295193354 38.4346370895704 40.4044985771179 47.4003851413727 58.8059475024541 69.2659517129262 76.8850396076838 79.9876302480698 86.2165490786235 102.305342753728 115.120867888133 119.001974662145 120.674908161163 114.930013815562 102.619826793671 96.9629883766174 87.9056553045909 69.6596602598826 51.3980636994044 25.3401299317678 8.41363643606504 0.756081193685532 0.0428237059774498 0.182571568681548 0.550567676934103 1.37528963387012 5.66657880942027 2.61375525345405 9.87889058887959 15.8903176585833 27.9361704985301 20.7787876327833 40.7802909612656 65.787543853124 74.475218852361 74.5174487431844 79.6689291795095
117.92982618014 106.841305891673 71.4757988850276 53.3941487471263 46.9403962294261 44.9587752421697 41.7550802230835 31.1618124445279 16.2243222196897 24.850162367026 34.0761418143908 37.3172958691915 42.2874589761098 48.9659458398819 47.3246028025945 48.2256611188253 57.0923835039139 68.5502688090007 75.3052483002345 67.578246196111 67.109689116478 71.298211812973 86.5511794885 97.361942132314 105.509420235952 107.414801915487 97.1328616142273 93.0992265542348 70.7357426484426 33.5876941680908 27.1391520897547 17.0851784447829 0.708719249814749 0 0 0 0 0 0 0 0 0 0 28.9567584792773 44.0185765425364 58.3343654870987 66.5922562281291 70.6087350845337 77.8076648712158
117.22939213117 113.086521625519 89.5075102647146 58.6859285831451 38.9231517910957 45.3056742747625 41.183277964592 36.9568144281705 31.0770819584529 27.2076999147733 31.4559663335482 34.5434670646985 38.7173965573311 45.2123880386353 47.6624965667725 47.386775414149 55.3454260031382 65.1285946369171 74.3056039015452 65.4273728529612 64.9705429871877 61.8495841821035 72.171558936437 80.598662296931 86.2316886583964 87.6932144165039 82.8032394250234 72.7127492427826 59.8108818133672 26.4582236607869 19.8759734630585 17.3822045326233 4.10301486651103 0 0 0 0 0 0 0 0 0 0.0577172274158026 52.3170133431753 53.2559305429459 56.5790832042694 58.7055683135986 66.4958606163661 72.9177941878637
103.043814500173 108.107974131902 101.038078467051 68.6921278635661 39.935477077961 45.2702591816584 49.7701466083527 57.4823319911957 56.5296014149984 47.7816462516785 40.1518195867538 44.9613531430562 46.305721004804 53.2203763723373 56.4077297846476 49.9680687983831 53.8021127382914 65.2531584103902 73.9237765471141 76.4862398306529 78.1868596871694 73.1852203607559 71.0805902878443 70.6449995438258 73.3934392531713 76.8926839033763 71.3589737812678 70.8488623301188 43.4565941492716 38.4557992219925 37.6416196425756 43.3233678340912 36.1629649996758 0.660117715597153 0 0 0 0 0 0 0 0 7.95411008099715 61.4612698554993 58.7727278470993 53.5986423492432 60.2561682462692 66.618412733078 68.0766105651855
101.783156394958 107.435643672943 105.485856533051 78.9457857608795 55.4162909587224 61.1354659001032 73.6609697341919 80.6830724080404 87.7656936645508 80.4919004440308 61.2932741641998 65.2899245421092 60.4950884977976 67.0479834079742 67.4737046162287 60.4698260625203 56.2200595935186 67.6382780075073 76.9818077484767 88.3786380290985 91.1146700382233 87.5442524751027 79.7992398341497 72.998508810997 74.6661176284154 76.6575833161672 72.2132623195648 77.4051596721013 70.3197220961253 69.6696192026138 77.4870862563451 98.9183088143667 108.251492182414 86.7978533109029 7.90452646712462 1.0359490600725 0.785565236583352 0 0 0 0 4.95763371388118 37.2961287697156 40.1644830902418 39.6748036146164 33.5700710614522 41.2571504712105 43.5681045055389 52.3269871870677
103.660722573598 102.253417174021 102.621704339981 85.2678616841634 84.6657852331797 86.3567888736725 93.0381417274475 96.766342719396 99.4299352169037 93.9149558544159 74.2383698622386 66.7296896378199 65.7303084929784 70.361465215683 72.0488627751668 70.3733116388321 64.4624978303909 71.758101383845 86.2995684146881 91.9800996780396 88.560958703359 81.2395264705022 79.8416535059611 81.0277312994003 82.0879240830739 81.817239522934 79.3017546335856 89.0159010887146 105.245172977448 110.537707805634 117.598632971446 125.829875469208 136.425097783407 143.345455328623 102.893422047297 15.5390227834384 1.68265014265974 0.863207116102179 0 0 3.03043983876705 49.7550964355469 50.6730576356252 20.6086163719495 23.2001865903536 26.2270097931226 24.0850200255712 25.9784186879794 32.7427213390668
106.658349434535 94.413697719574 95.4492489496867 89.1444981098175 105.491409699122 98.0852047602336 94.772477944692 91.0297532876333 86.906890074412 76.235443353653 68.1073665618896 62.6511673132579 64.0284915765126 66.605066259702 77.0613650480906 78.6247005065282 73.3752499024073 69.9657698472341 83.1352869669596 85.5620503425598 84.3400061130524 76.4856735865275 77.2315114736557 84.2783252398173 87.7300997575124 83.4428071975708 85.5996012687683 90.7778640588125 113.722503185272 127.544512351354 137.630522251129 145.701855421066 150.960952043533 153.334081172943 150.692800680796 73.171392083168 0.0965054302165906 0 0 0 13.60214377443 35.5121244986852 21.9579810897509 9.0095071742932 10.2218948304653 9.94185482462247 14.2940692603588 18.0712342262268 29.3495977918307
107.170760631561 88.0525012811025 89.1744593779246 95.9153175354004 105.223705371221 96.7848896980286 80.8655271927516 65.2039746443431 53.4919401009878 47.1486250559489 46.5269138415655 51.3905882835388 60.7119103272756 67.1296815077464 78.3794820308685 85.0321352481842 80.8339814345042 68.7370697657267 72.9532341162364 75.8885145187378 76.3500531514486 76.9284069538116 77.920729915301 84.3845009803772 91.2627478440603 87.9024565219879 91.2014643351237 92.0128424962362 108.275194962819 131.681581338247 149.601717789968 158.033112684886 155.973056952159 159.941752751668 169.139484564463 153.798917929331 64.2072061697642 2.00866876790921 1.0683573782444 1.73843667532007 2.73555517196655 1.10759229088823 12.4822234114011 2.98348069190979 2.26462430631121 4.65159118175507 10.3433846185605 18.1918640931447 22.35247194767
104.706337054571 106.506844361623 130.291173855464 165.847063064575 137.403517961502 103.046784798304 71.1421817541122 46.1653570334117 36.383680999279 40.0706132253011 36.9389181335767 36.8870149056117 57.3048492272695 67.5081312656403 79.7544866800308 90.3217196464539 87.1322154998779 74.9277820189794 74.6246824661891 78.2126287619273 76.5448709328969 80.4608662923177 82.2639067967733 86.1418644587199 93.6991572380066 98.6064573129018 97.5144108136495 99.3858873844147 111.903836329778 137.345502773921 158.07718038559 164.502014716466 160.55554151535 168.388664722443 180.011610190074 183.6918592453 161.732643842697 99.4128982226054 28.6256223917007 7.80624027053515 2.38572309414546 0 3.64309921860695 2.65523977577686 1.52013016243776 4.4322411219279 7.32965891559919 14.0129812061787 17.3048774401347
118.967046340307 155.246476332347 204.496741294861 225.797812143962 205.005566279093 147.190570831299 97.1413552761078 62.7537469069163 52.1585841973623 58.4911207358042 49.3290175994237 44.134110212326 55.2309155464172 65.8129354317983 87.1938765048981 94.026505947113 90.0281767050425 84.3348304430644 77.8474013010661 79.7353188196818 80.6885858376821 83.3637118339539 86.319367090861 88.4148180484772 94.0154592196147 107.730855544408 108.75803232193 114.770034948985 123.962730169296 141.154100497564 158.922334512075 167.378862698873 169.548054536184 176.156322161357 182.226260503133 183.053354422251 175.924738248189 162.69850730896 95.2690045038859 25.0433658560117 5.41775301098824 0.645587026762466 0 3.48554334292809 4.70785486201445 5.78457241257032 3.32418891290824 2.03022267669439 0
181.982378164927 218.271354834239 241.717656453451 243.350148200989 242.535054683685 213.695665200551 170.010209083557 128.025521834691 101.844718058904 91.2291804949443 86.2236618995667 71.7035382986069 57.8191826740901 63.0346039930979 87.4293645222982 95.4274733861287 88.6419415473938 89.2891983191172 79.7683000564575 78.1689087549845 82.816943526268 84.0294559796651 85.0423673788707 87.2746010621389 92.3510690530141 108.346154292425 116.067508856455 124.103019634883 132.829437653224 141.710122426351 155.000905195872 166.809618473053 167.089064915975 166.608512401581 165.6800309817 157.85163640976 159.247368574142 146.05704943339 98.7155834833781 44.493223230044 14.643815656503 9.73366387188435 3.6031436175108 3.40108231951793 2.40019833048185 0 1.84598797932267 0 0
231.662511825562 246.512293815613 249.900937080383 248.468200365702 250.763098398844 247.709035873413 222.99196322759 180.219809214274 140.44917623202 115.615079800288 115.46266078949 106.416126092275 78.0651420354843 73.6681073904037 84.2391848564148 90.9396906693776 84.1023524602254 84.3046108881633 79.4454962015152 80.1173150539398 78.8843780755997 80.0273964802424 81.2279532353083 81.8014790614446 88.9253417650859 101.509322722753 113.866339127223 119.389653205872 129.692395528158 142.381608486176 154.582341512044 156.639069318771 146.953483422597 135.433544715246 138.087858756383 121.492753426234 122.137288252513 106.534421443939 68.4973647197088 32.8855166832606 28.1403437256813 20.0954042375088 10.270643979311 3.21880386521419 0.58072906297942 0 0 0 0
242.556651433309 247.985541820526 247.397720813751 248.853544394175 249.2329676946 249.128460884094 242.740988731384 209.917525450389 158.809661865234 128.733535607656 126.906295617421 123.965005079905 106.729100147883 88.5113577047984 84.811011950175 87.7330998579661 82.3542277018229 77.2132476170858 78.2227367162704 82.2704782088598 77.9951413472493 76.6958544651667 78.8528422514598 81.1754763126373 85.5355858802795 94.5901175340017 105.254838864009 107.36870765686 117.051978905996 136.070907115936 146.32706840833 143.64367723465 136.254568894704 129.599352677663 121.475746234258 106.234441200892 110.536932945251 107.578039169312 87.0653092861176 50.3293524185816 40.9000466267268 39.6476859847705 21.0414975881577 4.97943007697662 0 0 0 0 0
237.66299088796 240.919629732768 238.176087538401 238.18564414978 238.824725151062 235.101660092672 231.053292751312 211.413284142812 168.753663698832 139.939973751704 131.700416405996 125.582704941432 121.098965406418 98.650465408961 89.2968376477559 93.1279361248016 86.4166617393494 76.5356322129567 81.265980998675 83.3816428979238 80.5442035198212 77.5138388077418 81.2917252381643 86.7892503738403 84.9531789620717 91.8652812639872 97.1894860267639 98.92737865448 106.556365887324 127.624442179998 138.318995634715 137.027581532796 138.591349124908 139.61453239123 120.167722304662 113.150844971339 117.984811464945 125.165065129598 120.134691397349 79.1750649611155 33.5536748170853 29.8236235976219 0 0 0 0 0 0 0
216.566046079 220.032453536987 221.904257933299 217.78001387914 218.133628368378 215.892016887665 219.93221839269 215.485672156016 178.280631701152 144.196351369222 132.917056481043 120.141208171844 114.927033583323 98.0244775613149 86.015393336614 93.9515928427378 96.3179965813955 82.2663207848867 84.5438043276469 88.849941889445 87.7572993437449 82.4421942234039 84.0188761552175 87.7429147561391 86.7165525754293 87.1181686719259 95.3734517097473 102.29237874349 107.569674650828 122.092713912328 135.806928078334 138.629535833995 139.907628297806 143.622577190399 123.70170156161 124.200761318207 124.590218067169 133.300691843033 133.08705886205 93.1957562764486 19.9965412418048 0 0 0 0 0 0 0 0
195.199251174927 203.445871671041 214.190324147542 210.206468900045 209.96085802714 216.091732184092 223.300238450368 224.964777628581 200.195531050364 158.726672331492 137.958506743113 116.148928801219 103.653728961945 92.6214953263601 83.7435523668925 88.7944102287292 100.532114505768 90.7927254835765 86.7548187573751 91.2100672721863 91.4224882920583 86.717426776886 85.0411454836528 87.1566832065582 88.368038336436 88.9443655808767 92.5509333610535 103.527923425039 108.675390481949 115.070243676503 129.471083482107 141.25394821167 141.652166843414 133.702784776688 119.142224391301 133.790622154872 137.581954399745 141.828715801239 140.400648117065 114.047259092331 16.9158776601156 0 0 0 0 0 0 0 0
157.559901475906 169.299980004629 177.538673082987 182.006597518921 190.847992897034 206.340034802755 218.210419019063 225.441416104635 214.91007010142 178.197264671326 148.657162984212 118.765542904536 101.213971773783 97.7188050746918 89.4699394702911 83.032637834549 96.3474909464518 95.9725578625997 88.5528226693471 88.1757140159607 88.7873470783234 85.3987336158752 83.0842256546021 84.430068731308 87.8075659275055 93.319555123647 93.1325455506643 99.0105668703715 106.855014959971 109.389424324036 120.30287583669 136.551936467489 139.367043972015 120.586822430293 123.461067676544 145.807792743047 150.091946125031 146.822988986969 144.882380962372 140.411376953125 81.4780791600545 3.79930126170317 0 0 0 0 0 0 0
120.709846417109 127.462496360143 127.111345529556 137.538433074951 154.740512371063 171.9917456309 185.672084490458 197.923680146535 197.903454303741 171.364823977152 136.636873086294 111.395398775736 98.4418292840322 95.9847370783488 91.5815830230713 84.9520266056061 91.0785794258118 91.4368331432343 83.6221873760223 84.3392610549927 87.9869858423869 90.8742447694143 89.1631543636322 84.4769279162089 83.4909081459045 88.697095712026 94.7038729985555 98.1196761131287 104.558845361074 105.467855930328 109.633952379227 125.550339619319 130.457311868668 123.701830705007 147.967974344889 159.755249818166 155.966679255168 148.487746715546 151.17343266805 164.234936237335 157.301088174184 91.206560532252 17.4286291003227 1.21981572980682 0 0 0 0 0
108.635266621908 111.186067263285 110.467851161957 112.615317106247 121.794641017914 128.653645515442 131.975789864858 137.079844872157 136.942168076833 119.110266367594 102.656384309133 98.8750755786896 96.8249539534251 94.0341850121816 91.5360848108927 91.0220940907796 90.0475382804871 90.6396905581156 84.6662322680155 83.3627283573151 87.8530144691467 93.4195915857951 94.887634118398 91.7196869850159 87.9859626293182 86.1636400222778 96.1455305417379 101.120034853617 104.80656226476 105.233738819758 105.223496754964 115.242958068848 123.565961917241 133.993645509084 156.975924968719 159.378449122111 147.997587919235 136.559784412384 139.709134896596 156.347016493479 168.942391872406 162.821451822917 105.013032754262 29.5293952027957 1.78497501959403 0 0 0 0
117.981533209483 115.086177984873 115.350951751073 114.027202129364 110.516667366028 108.092923959096 106.519222259521 107.245008150736 111.590425173442 103.14092040062 94.5425629615784 95.465878645579 98.3699162801107 98.8726218541463 96.4252849419912 94.6915447711945 89.1711215178172 96.5969065825144 96.4453021685282 92.0364161332448 94.2086776097616 95.0259963671366 93.6561326185862 95.6498583157857 96.5124766031901 91.2649432818095 96.7442194620768 101.035038630168 104.855557282766 106.54686888059 108.039706945419 113.547891378403 122.101147969564 141.001244386037 152.108937501907 144.339352846146 130.435526371002 119.34553583463 116.328358650208 129.474133253098 161.840071280797 169.348100821177 142.968306938807 76.2335558732351 14.7925727069378 0 0 0 0
