input/barkrak2/radiation/dir00324.grid
NCOLS 85 
NROWS 70 
XLLCORNER 665100 
YLLCORNER 4664600 
CELLSIZE 20 
NODATA_value -9999 
[rows 0 to 22 of 70, columns 0 to 51 of 85]
45.560484131177297 55.9688756863276 66.3784941037496 81.926812728246 84.8121444384257 91.9311543305715 94.3885842959086 96.4306791623433 105.239580074946 121.447076400121 122.224191824595 118.452986081441 114.139517148336 114.821930726369 114.879935979843 100.720355908076 89.195450146993 79.1143675645192 78.9207071065903 79.5357624689738 87.5029365221659 103.491564591726 119.923343261083 122.366160154343 123.857835928599 131.61093990008 130.435665448507 124.502758185069 122.296154499054 125.963151454926 122.644186019897 144.072631994883 173.123637835185 168.186207612356 167.122066020966 161.312341690063 165.112366278966 170.294761657715 164.827724297841 166.772425174713 164.003958304723 173.683643341064 179.68604962031 169.992387294769 162.704765796661 173.94761244456 180.524547894796 135.9610358874 92.3679769039154 88.5342160860697 109.060416618983 148.633480072021
29.2702565590541 40.6197955211004 48.7883786360423 56.2770466009776 65.4693941275279 72.9295114676158 77.4717628955841 87.5822603702545 93.6300953229268 98.9255706469218 103.696842988332 117.246329784393 116.40868584315 114.858021338781 116.543273131053 103.059510389964 95.4625407854716 87.753564119339 83.9263995488485 82.5202216704686 94.2043264706929 116.597890853882 129.945695400238 131.232877572378 133.794357379278 136.161267757416 133.529166380564 125.7231036822 123.69712193807 127.426435550054 130.438993374507 152.106712261836 172.511696815491 168.294866879781 163.538595040639 160.232921441396 167.285323143005 171.260039011637 163.707862297694 164.145211378733 163.210292657216 166.597743829091 162.752548853556 152.485311031342 150.445401668549 162.457307179769 166.850527127584 127.724051475525 99.7024973233541 108.981192111969 136.07727487882 168.401817480723
10.2029889822006 13.0817008515199 20.6679080923398 25.5713512500127 29.3952648838361 36.5456814567248 45.7405298948288 61.803807814916 70.76429327329 77.7101914087931 84.1104388237 91.8043255805969 94.3703055381775 101.7131904761 103.777011235555 119.535942872365 116.846690575282 100.626657406489 87.5309904416402 83.3923121293386 92.2591785589854 109.128872553507 126.286735137304 129.795749982198 131.383419036865 132.743815581004 131.299038728078 126.36258204778 125.011185805003 128.967543443044 142.248203357061 161.926140387853 172.437071800232 166.963537534078 162.901659806569 162.732342878977 169.528265794118 171.430548032125 165.638029575348 161.540726820628 158.210277557373 151.990304390589 142.085204521815 134.643286466599 137.879113356272 151.485125223796 149.136463801066 121.421029170354 115.238845348358 135.757923126221 159.172932306925 178.312738736471
4.10093242923419 4.00742578009764 6.67286291718483 7.34585709869862 7.2032306343317 12.2491754591465 17.83437281847 26.0446021954219 41.4224937558174 51.558127005895 60.3094200293223 75.543815890948 80.6893755992254 84.9590102831523 89.3559356530507 99.2561181386312 98.0952282746633 87.0112478733063 79.4312953948975 77.7617841959 78.6153624455134 82.9606751600901 95.2962438265483 106.613596280416 111.415008703868 116.161336501439 117.606222629547 122.814039389292 127.277384201686 133.093029260635 138.73831431071 152.32581893603 154.232164223989 160.50797700882 163.116087516149 163.215180238088 165.416767199834 166.037102540334 157.054007053375 147.94518550237 145.920991897583 139.020870129267 137.757569551468 146.457652250926 151.228030522664 145.687083403269 133.479863405228 118.856767813365 123.749395211538 138.363281885783 157.427201668421 174.690365791321
11.2160965800285 4.74729388952255 1.92154881854852 0 0 2.51713115721941 10.8131282031536 16.9983344773451 21.587073802948 25.0694801410039 37.952462832133 48.2596755027771 57.957778374354 61.9681576887766 69.0273940563202 75.1019567251205 77.7890533208847 75.3126541773478 73.2465585072835 74.7489432493846 73.8708277543386 76.3955265283585 83.5055708885193 93.9086774984996 101.075033346812 107.266207536062 108.813762664795 117.585758368174 120.82976102829 126.125613848368 131.675451993942 145.741800467173 139.957269032796 143.366227547328 145.04075050354 143.917828798294 148.481587568919 150.868674119314 145.028511683146 137.262761592865 136.929561694463 137.854923804601 144.111375013987 154.05927101771 153.953611850739 132.575511932373 110.672175884247 108.967930078506 118.515938520432 134.759058554967 163.561930259069 175.421237945557
32.6153784990311 17.3388222853343 6.56257197260857 0.342452821011345 0 1.00550513404111 4.54751712580522 12.0437704026699 15.4502466320992 15.546544144551 20.0120608011882 24.5549802978834 30.3133924802144 36.3833953936895 43.8279857238134 50.5484640598297 56.1281144618988 61.8738681077957 68.628599246343 75.9883721669515 79.3125530083974 85.7330858707428 84.7607652346293 88.4038805961609 92.792809009552 100.715150435766 105.630775292714 110.882699489594 117.220511039098 126.603583494822 134.438703457514 142.932176589966 133.269786834717 132.872174183528 135.652363300323 136.783142884572 131.744295358658 128.176589806875 124.765704075495 135.673662026723 137.021601200104 134.910056988398 138.84844382604 141.487141450246 137.900878985723 112.283806006114 88.8816018899282 97.3158379395803 114.025523265203 147.353669007619 167.50027736028 172.496616840363
49.1984933614731 32.4702262878418 19.6766716738542 9.24915758272012 2.69303812334935 1.26347589927415 1.43512664362788 6.65427309771379 11.956837028265 15.4131501913071 16.4380719264348 15.4135649402936 15.7092151542505 15.8037394285202 18.4724604090055 26.957539220651 34.6759483218193 49.2284844319026 60.9594285488129 73.4408398469289 80.5289496978124 87.868591149648 87.0109995206197 86.4361723264058 90.8003052075704 93.9448773860931 99.2032984892527 103.258907794952 112.587213516235 117.770075798035 127.474407354991 133.612046639125 123.622477054596 121.387759844462 122.864574193954 123.074899117152 124.120583136876 118.687699238459 115.294267733892 110.743900140127 118.228842814763 120.618561903636 126.815766096115 133.544077475866 132.08082318306 128.297030925751 134.319464365641 138.983507951101 147.035042444865 156.3447813193 160.549739996592 162.971546252569
61.3800187905629 46.5656071901321 33.978596329689 21.1508795619011 11.4489781359831 3.83958437790473 1.1580764160802 0 6.23324885964394 14.6090338627497 18.2038942972819 18.3550082147121 17.2646716237068 15.5831053853035 12.8146906693776 15.2444504201412 21.3780701160431 31.3306326667468 44.6821351846059 58.151920636495 67.1203384796778 78.8042942682902 87.4177614847819 86.0761900742849 88.7644588947296 89.0721380710602 90.0263388951619 94.5439040660858 98.0442464351654 106.735716263453 119.062483310699 119.114895661672 111.662030220032 105.990886688232 107.065389553706 106.674164533615 112.291018168132 112.421343723933 108.702381451925 96.6612497965495 92.5999681154887 105.996986230214 123.983760674795 133.194088935852 137.425522009532 144.812295834223 153.007050355275 153.970658779144 158.093611399333 156.779636939367 152.958581844966 150.474389394124
56.3192963600159 48.2428769270579 35.8142654101054 28.7671908736229 19.5990068217119 12.9847452044487 4.33539412915707 0.397628212037186 4.25106224914392 8.04001403351625 12.5443016489347 19.7412346800168 22.2567891081174 23.5150729616483 20.2166413267453 18.9988178511461 18.7275037169456 22.2245082259178 28.9538701375326 39.2174844940503 48.8092203934987 61.5686376889547 70.00765701135 71.2430973847707 75.9613911310832 79.3206592400869 79.3461898962657 81.3904603322347 83.9192072550456 87.6784523328145 92.3178791999817 98.600576321284 96.6594318548838 96.3009695212046 98.8371173540751 101.490666468938 103.796104590098 104.721317688624 107.276797294617 102.506389220556 103.814562161764 109.398265679677 111.865659554799 122.184067964554 131.57586256663 131.481776634852 133.093645175298 142.674605051676 151.831229527791 147.36270904541 139.494041601817 141.220072905223
37.361907462279 32.5849850972494 27.786485850811 22.9164312283198 17.6946694652239 10.1552816728751 6.99633484085401 8.42405358950297 4.12160872171323 1.87250009427468 4.08036820590496 12.2066165010134 21.6514269510905 31.2788337469101 31.914047896862 31.0321549574534 25.1347348093987 22.7564672629039 23.4666715065638 25.8831058939298 31.4453070362409 37.4219889442126 45.3130702177683 52.9611458381017 60.6853514909744 63.3360296487808 65.9386614958445 67.5552586714427 68.4214035669963 73.6437489589055 70.2264606952667 68.3184961477915 71.8840857346853 86.076021194458 89.2260074615479 93.2440956433614 93.762735525767 98.6814300219218 103.349695603053 109.867582718531 113.496253887812 112.477044264476 113.613476355871 113.939513762792 113.944232463837 130.590180555979 138.263096412023 140.261203050613 142.681807279587 143.981983264287 142.835140228271 140.323827664057
5.91820354262988 2.23837420344353 0.626325064028303 0 0 0 0.571694768344363 8.69831256568432 7.4432697147131 4.71603218466043 2.19265293950836 0 12.6021094620228 23.8293757041295 32.3329990108808 30.3583418329557 29.9055029948552 26.7080614964167 23.0168774724007 21.0535327593486 21.857480208079 23.0643103520075 26.1508698264758 36.0049257675807 45.6668933232625 51.2016663948695 54.9973944822947 54.7672460476557 60.1547211408615 60.2652877569199 60.1286788781484 61.0066552956899 62.2668713331223 60.5588853359222 62.9399518171946 83.8026106357574 86.6899689038595 90.8953547477722 99.7181534767151 113.624801238378 116.965591907501 113.241056601206 109.425852696101 109.299411376317 111.025204261144 111.974934736888 116.177091995875 135.047574838003 137.420684099197 141.331990559896 143.024265766144 138.554076353709
0 0 0 0 0 0 0 0.407289946451783 10.3270312150319 10.1593006402254 5.75521277884642 1.98717322200537 3.46255054076513 11.2392033139865 23.3580097556114 26.8132835626602 32.2997917731603 30.8574885129929 26.5659317374229 22.0069289207458 19.2295412222544 19.1060577829679 19.5090075333913 25.4785095651944 32.0809856057167 36.9681070248286 40.7803505659103 43.5883104801178 46.9119449456533 50.6346374750137 50.7022241751353 49.0994999806086 51.5303462743759 48.6373404661814 47.7940092484156 45.2860742807388 57.9203317562739 85.4592720667521 89.8885627587636 101.04767481486 107.946376005809 104.114452997843 98.8063216209412 97.4791546662648 97.2256064414978 98.0389714241028 100.755910078684 104.812363783518 107.018500566483 121.645073095957 133.143236239751 131.805201371511
0 0 0 0 0 0 0 0 2.58143836011489 12.6647005478541 13.3984064062436 8.76484190424283 1.70884979888797 0 8.91068950295448 20.8313837647438 30.4937014977137 34.8347748319308 33.0398927132289 28.878095249335 24.7049083312352 24.9282568693161 25.9118552009265 26.4655848344167 28.3239334821701 29.0987466772397 32.6214085022608 38.6503338813782 39.6312822898229 38.3529141545296 42.3112759987513 41.6209970911344 37.5483557581902 34.4215954343478 36.3256807128588 37.441464761893 35.85384786129 35.1241702834765 45.2206035455068 53.2427529493968 84.1145912806193 87.9726310571035 87.8665745258331 86.6913298765818 86.2241884072622 88.0349278450012 83.6771627267202 84.7065051396688 85.350106159846 89.4928574562073 93.7670270601908 103.574713071187
0 0 0 0 0 0 0 0 0 5.15716771284739 15.7797721525033 19.1486837963263 15.3360702097416 8.79193221529325 7.5435247272253 18.3895255128543 26.2653355797132 34.7237860163053 41.2135596076647 40.0930245717367 34.1092745463053 33.5175941387812 32.2706003983816 31.9924851258596 33.7326129277547 33.9244057734807 35.9668334325155 42.0538783073425 42.2480007012685 36.1328174670537 35.005343457063 37.7921536564827 34.4362507263819 30.9308022260666 29.9724986155828 28.0762364466985 24.164487918218 21.8834901849429 19.6689404547215 22.5615153710047 32.1027487516403 37.7142280340195 48.4923074642817 56.8124800920486 60.7237666845322 70.5941766500473 72.9338824748993 68.4260378281275 65.2116239070892 67.3162539800008 70.6333021322886 76.9425233205159
0.536358216777444 0 0 0 0 0 0 0 0 0.00637510068675814 14.0606438120206 26.5134572982788 33.538892865181 27.5506973266602 18.1732637186845 16.8219109376272 19.2208265264829 28.255894780159 38.6148343483607 47.0953981081645 47.0489859580994 43.1268711884817 43.1813846031825 41.1066015561422 41.0145918528239 40.9006079037984 40.8904502789179 41.4569427569707 42.8876976172129 37.0640754699707 34.1287727157275 32.6748838027318 32.4885944525401 28.4868255257607 25.7206161816915 23.0954363942146 18.7198097507159 15.449537585179 14.3792331218719 11.4581994712353 8.82129184901714 16.8806177874406 23.2490872343381 28.6968499422073 34.2886696259181 40.0810365875562 53.707758585612 59.0812514225642 59.0759217739105 58.6395214001338 57.7413141727448 61.6984069347382
1.17382143313686 0 0 0 0 0 0 0 0 0 3.8296760370334 21.5773805975914 35.2291390299797 41.4537191390991 32.8776588042577 19.7799069186052 15.46810567379 16.9848799705505 26.5890310208003 41.4131556948026 51.9315600395203 49.191027879715 51.6802022854487 48.1050610542297 45.4364120960236 46.9578305880229 47.5960075855255 44.4487283627192 42.8178310394287 43.1018720070521 37.4406253298124 32.7380845944087 27.1672606468201 22.3600914080938 18.5974898437659 15.303336083889 12.2068300843239 8.15058996280034 7.05547258257866 5.31061242024104 3.39666257301966 1.99820225437482 3.28128846983115 9.47189020613829 24.3049909671148 28.0512894193331 38.2822081446648 44.0646310647329 49.9703834454219 49.4640121857325 49.5462318261464 56.7214836676916
0.637014318878452 0 0 0 0 0 0 0 0 0.0289942763629369 0.246079250549277 14.1896133621534 30.0488745172818 42.4697399139404 45.405313372612 38.2800623774529 33.0383231242498 24.5716323455175 20.1571707924207 26.163324713707 42.1709765990575 53.9450794458389 57.7820787827174 55.8086484670639 51.866536339124 51.9101023674011 54.2291502157847 52.6605546474457 49.8252163330714 49.3038892745972 45.1816618442535 34.8969747622808 27.5470664103826 19.516554971536 15.2073452870051 11.5704101820787 8.59325317045053 5.50099834799767 3.72157525271177 2.61101281891266 1.09603628516197 0.0432068773079664 1.23767803413462e-06 2.02977346877257 5.45782533784707 19.2166939377785 23.2739845911662 30.579353372256 38.2206439971924 43.6359743277232 48.7356086572011 51.1497358481089
0.191368259644757 0 0 0 0 0 0 0 0.298154889605939 0.343068774479131 0.322405132465065 8.87805409729481 20.6490618487199 31.5687408049901 46.6339588165283 51.2015322844187 48.1486817200979 40.6431282560031 30.2804112434387 22.2863207260768 28.549869855245 45.2636579672496 53.1774759292603 57.7948639790217 58.1987003485362 60.2562129497528 62.9680603742599 64.1808708508809 59.3503067890803 54.7273755073547 43.8481072584788 35.2323527137438 27.9061943292618 19.4901364545027 13.5900800426801 11.2597867846489 6.49372922877471 3.72836366295815 1.5410667595764 0.17304572975263 0.00854134486871772 0 0 0 0 5.74334089954694 9.81639015177886 14.9897759159406 20.605826129516 25.7078632712364 32.1308250228564 37.7558941642443
0.21700516420727 0.25602855021134 0.012811616519078 0 0 0 0 0.597989923941592 1.11821130849421 6.01115201910337 10.3934438278278 12.5802035133044 17.0057316621145 22.816501557827 31.9775193929672 42.5411065419515 48.5480924447378 49.1446554660797 47.4558770656586 36.9893163442612 25.9168942769368 34.5729937156041 41.8996413548787 50.7063567638397 59.530978401502 64.4564280907313 67.8727924823761 67.3716763655345 58.776468038559 57.4049353599548 46.3269253571828 36.7513746023178 29.4046401977539 18.5361964007219 10.6213515003522 7.29133002460003 2.93831899762154 0.742995801071326 0.0668674183543772 0 0 0 0 0 0 0 0 2.74538310865561 7.21367634832859 14.3676350514094 17.5799864033858 17.5240971148014
0.17317421346282 0.00501821917472019 0.0603186684505393 0 0 0 0.0453878019470721 0.864243833348155 1.33525673300028 2.0378171466291 4.28786066671212 9.46139482160409 10.430828978618 13.8346441090107 21.8649432063103 34.0070178111394 41.6899472475052 44.1439052422841 49.6019224325816 49.1032501061757 43.769230445226 33.8542064030965 35.8912398417791 43.4337158997854 52.9420425494512 59.5806191364924 66.3097848494848 68.4801042079926 60.093566775322 50.0990798075994 47.3580956459045 37.4650706847509 25.0004728635152 17.1388412515322 8.14019205669562 3.68571591873964 0.759820453822613 0 0 0 0 0 0 0 0 0 0 0 1.34049650902549 4.45111592610677 7.66830643018087 7.93727363149325
1.0292522298793 0 0 0 0 0.0074012684005235 0 0.781549994523327 1.73515314236283 1.74150057137012 1.26908735061685 0.555993057787418 3.96762043237686 6.22388658424218 10.2497277160486 21.2306628624598 29.2684386173884 33.9469984173775 41.5359139442444 51.4292567968369 57.1781694889069 49.8293588558833 48.7433572610219 50.15729367733 51.9550343354543 52.9622783263524 57.2151641050975 60.8576238155365 56.8246841430664 46.2816556294759 37.477878232797 26.8367479244868 17.4025731782118 9.35478011767069 2.06846216072639 0 0 0 0 0 0 0 0 0 0 0 0 0 0 0 0 0
8.2541195054849 3.08412872254848 0 0 0 0 0.469716071772079 2.07966845482588 2.3914841003716 1.92246104901036 1.16960999245445 0.997316169862946 1.35722865040104 0 4.42772265523672 12.8138400614262 22.5985646247864 28.5229533910751 35.2571060260137 46.1539725462596 53.9229065179825 62.8590236107508 68.0016030867894 65.858726700147 60.7322404781977 52.7997662623723 49.1080284118652 44.5945461591085 53.3538560072581 40.4969776670138 25.0821312268575 14.9126139779886 7.64150110383828 0.699023948982358 0 0 0 0 0 0 0 0 0 0 0 0 0 0 0 0 0 0
31.8180546164513 25.9708712498347 8.1963911652565 1.67923606932163 0.18530598996828 0.0944509714220961 2.65969584385554 2.998613131543 3.00455962618192 2.31404136866331 1.82406914730867 4.32408601045609 6.45376555621624 5.51009178161621 6.21054756144683 10.2407981952031 18.3103655775388 25.9341970086098 30.9992805123329 33.051609992981 36.9423553347588 48.8075315952301 58.4492633740107 62.4926139911016 62.4910096327464 57.2749376296997 49.6185074249903 43.871154387792 35.8124971389771 30.0446127851804 13.6964432895184 3.55544841537873 0 0 0 0 0 0 0 0 0 0 0 0 0 0 0 0 0 0 0 0
