input/barkrak2/radiation/dir06724.grid
NCOLS 85 
NROWS 70 
XLLCORNER 665100 
YLLCORNER 4664600 
CELLSIZE 20 
NODATA_value -9999 
[rows 0 to 20 of 70, columns 0 to 46 of 85]
183.989187081654990 200.203617413839 217.305421829224 238.366683324178 248.645126819611 249.232709407806 243.911723295848 238.02125453949 238.03585767746 241.499702135722 240.741312503815 239.938020706177 237.741947174072 238.519410292308 240.266760190328 229.61821158727 217.188934485118 204.639673233032 202.183763186137 190.691431363424 189.651429653168 205.714543660482 232.801159222921 240.831136703491 243.296504020691 255.058248837789 253.626465797424 238.316257794698 223.469138145447 222.05380598704 217.729151248932 239.074905713399 283.781945705414 282.739480336507 278.29913298289 266.619165738424 269.853234291077 285.591820875804 280.861695607503 279.430329799652 270.034690697988 272.513588269552 282.660861810048 280.089159806569 269.471804300944 273.338596026103 279.371937115987
159.274319807688 177.55393187205 193.798025449117 212.861657142639 228.963494300842 235.995729764303 237.499912579854 239.655296007792 247.79866139094 248.241086800893 244.044820467631 241.236348946889 239.540576934814 240.473389625549 240.332047144572 229.615529378255 223.203917344411 213.050802548726 208.373566468557 198.603053887685 203.907271226247 226.373950640361 248.297492663066 251.376748085022 254.89334265391 261.058608690898 255.702912807465 242.098887761434 228.427847226461 223.998347918193 224.811593691508 253.376503785451 285.708685715993 283.435702323914 278.37747335434 268.920540809631 273.72153600057 285.422682762146 281.1598777771 280.628164609273 274.762054284414 273.551344871521 271.045466264089 266.492605209351 263.509134451548 273.042301336924 270.285964012146
120.95629175504 133.763343095779 146.397878726323 159.927427768707 174.917697906494 187.328934669495 199.819246927897 218.247731526693 232.791225115458 234.876036643982 235.709071159363 239.750981330872 247.425734996796 251.271287600199 250.933647155762 253.971099853516 254.051446914673 242.573440074921 225.303610165914 214.831908543905 224.537094434102 239.807705084483 249.648849169413 252.514481544495 256.730675697327 256.687680880229 250.739236672719 241.538127263387 232.941766579946 232.398410638173 241.462508837382 269.604961077372 285.157303015391 283.645033836365 278.064052263896 274.133423964183 279.858330885569 284.140229225159 283.367315928141 279.536286989848 272.623340288798 263.142347335815 250.276883443197 247.498651345571 256.617506345113 270.527998606364 259.407262007395
101.851175228755 102.172374725342 109.713912010193 116.85049533844 125.847856203715 132.551829020182 141.800135374069 159.97643272082 182.264864444733 201.817750930786 218.77117951711 236.793716748556 249.578098456065 254.327178001404 257.495899995168 264.092961947123 261.407593886058 249.856988588969 232.105215390523 224.706391493479 224.562605222066 224.352558453878 236.640016237895 245.053470134735 245.882590611776 247.134109338125 246.959567070007 243.224819501241 241.512378056844 244.276324907939 248.095134894053 274.865527947744 281.990726788839 281.876722971598 278.570016225179 279.793421427409 281.788031260173 282.318969567617 279.464662075043 268.937627474467 260.9743475914 248.000343640645 243.355353673299 256.923735141754 272.494574387868 268.433312575022 248.542745908101
124.2436170578 107.282092173894 94.3825940291087 83.144411444664 85.2459073066711 105.058501164118 128.331184387207 140.335619449615 151.584605375926 159.760852654775 184.645930926005 210.907598336538 228.956341743469 238.499979178111 244.685729344686 250.114878018697 245.558142662048 236.346383889516 229.276756445567 225.570420424143 220.524430274963 218.183179696401 229.898651440938 237.776458263397 240.717053413391 247.48033285141 247.625390688578 245.473682880402 243.88058980306 242.489457130432 249.528765678406 277.457336584727 279.044946034749 279.761989911397 276.686827341716 276.092847188314 276.291747887929 274.87309773763 265.852014223735 256.938894589742 255.336443583171 252.274970213572 256.878594557444 266.971906026204 269.573052724202 249.865710735321 222.124775250753
170.834759871165 140.906542539597 111.841152111689 87.8005226453145 78.5495539506276 89.0767872333527 116.024911403656 136.52648528417 141.317367553711 140.359689791997 151.10057592392 166.653583447138 177.810072898865 185.35441160202 195.929805437724 206.071734428406 210.432489713033 216.832141081492 224.805553754171 230.253577232361 230.793138345083 232.73241519928 233.223537604014 234.568258126577 239.22989765803 245.617131392161 246.882716814677 247.931599617004 247.426052888234 247.816940148671 262.017766634623 277.602712313334 273.161828517914 273.702025413513 271.523416042328 269.624491532644 269.267777601878 266.693790753682 256.908853848775 257.28040933609 256.945768992106 254.55383459727 256.184657414754 259.234269460042 248.30957253774 220.154921213786 193.90070438385
197.068830331167 169.566829999288 146.619608004888 123.516529798508 101.306627194087 88.3309245109558 94.6745971838633 126.755247513453 142.835239569346 151.52907371521 148.195773363113 142.970482508341 138.560881217321 133.935908476512 136.136800050735 153.404742479324 168.402274449666 191.559195518494 214.262266953786 229.442596435547 236.635804176331 240.47460158666 238.041996955872 234.777450561523 237.62708902359 239.549140135447 243.241568406423 246.309161186218 247.309943040212 253.039360046387 265.833914279938 273.180524508158 268.328924973806 264.300306638082 261.388997236888 258.931120236715 258.337994416555 253.823379675547 249.606569608053 245.525141557058 239.945987860362 238.697230815887 245.109339555105 252.423842748006 241.799116134644 230.803549289703 243.23308467865
211.653153101603 198.333621025085 183.283468087514 165.256450573603 139.095405737559 106.342613697052 84.1036836306254 81.653356552124 117.368787527084 148.408522208532 157.87269671758 154.136310021083 144.574264685313 133.318165938059 118.804931640625 122.405618429184 136.538485685984 154.731671015422 181.645850340525 204.403320948283 221.182147661845 232.238968213399 240.186770757039 235.834658145905 234.041372934977 232.895493507385 234.215339024862 236.342330773671 238.828659057617 248.58021736145 259.859919548035 263.754785060883 257.285912831624 250.712056954702 245.410799980164 243.772486845652 248.294631640116 244.807124137878 238.076110680898 221.752683321635 220.642646153768 230.387469132741 247.86388874054 259.235004583995 256.320933500926 256.591816743215 264.086067676544
203.277885913849 203.368028004964 197.387417157491 187.115569909414 170.955340067546 144.355634848277 110.782245794932 80.8288405338923 94.4239596525828 117.20531185468 141.204655170441 154.812067747116 158.010770877202 154.822617769241 139.877875645955 130.272448062897 127.469221750895 131.830225388209 147.202680508296 166.697223981222 185.820857683818 203.607777754466 216.861287752787 215.772191683451 218.244036038717 217.293798923492 218.569080034892 220.737238725026 223.574300607046 234.410047531128 241.019467512767 241.373717784882 237.406174341838 236.485799153646 236.946145693461 238.656421502431 239.201943079631 238.649090131124 232.881387074788 225.832899411519 237.393200397491 250.67796309789 259.78821516037 261.771579583486 254.672765731812 249.186913172404 252.722720305125
139.642030000687 164.703736702601 177.346309026082 185.102621714274 181.550661722819 175.079087416331 154.378672440847 131.771306196849 98.0461637179057 88.7928605079651 102.948387463888 131.737291812897 156.655261913935 169.835388660431 170.095443725586 159.011820952098 143.027226130168 136.145323514938 134.898533423742 138.531496127447 148.816029230754 159.151136875153 171.645442644755 181.860148906708 191.921214262644 194.93709007899 196.976939837138 198.731223742167 201.869010925293 209.467490514119 211.444894472758 212.552567323049 218.954801559448 223.647157351176 228.242218494415 229.957739512126 228.743116060893 233.247339725494 231.961210568746 239.077587922414 255.792895952861 262.227614720662 264.178574085236 261.672178904216 253.129065036774 248.642404874166 259.905397891998
75.8179426193237 88.8120532035828 110.230217377345 132.821927467982 144.340038299561 162.758618593216 171.1305975914 161.96753581365 130.228241284688 102.253625790278 87.5790218512217 95.4344868659973 125.210215648015 155.157456795375 173.369288444519 161.510248978933 152.895579735438 143.665581941605 134.155700604121 128.107090791066 128.212789694468 130.095601081848 135.774105787277 151.326129833857 166.635543107986 175.911943117777 177.340845266978 178.812543551127 185.816744963328 192.645609378815 196.213126182556 200.139164924622 210.55813630422 215.110381444295 215.751111507416 217.192610104879 222.672939300537 228.469053904215 234.197318553925 249.82746442159 260.277152061462 263.196488221486 262.457331021627 258.305271466573 254.82048590978 256.332079569499 263.386170069377
47.2390353679657 45.6156233946482 47.8860189517339 56.6948701937993 75.8191446463267 95.9940354029338 122.803529103597 128.929356733958 133.919189373652 135.403682788213 105.84345459938 83.2843532164892 82.3332866032918 101.464728514353 129.162698984146 146.108468373617 154.399653275808 152.829855680466 140.979021787643 128.840237855911 122.387021780014 121.060897906621 121.364951133728 130.913645029068 141.578008731206 149.457742770513 153.199334939321 158.060739437739 165.774246056875 171.155234177907 178.041219711304 183.16251039505 190.411905447642 193.590839703878 195.608874162038 198.692977428436 210.986455281576 222.893635431925 229.885756969452 246.044238408407 253.78010670344 254.846036434174 251.315474510193 246.003230412801 244.498193264008 243.859569231669 250.013589859009
37.1340960264206 31.4310292402903 26.5600879987081 19.5249120394389 14.549981802702 27.6008347670237 46.6295580069224 68.9361641804377 91.2690758705139 102.513690789541 98.5093712806702 91.6886925697327 72.2161779801051 69.453368584315 89.2399847507477 115.088284015656 132.843563954035 142.894526322683 142.652809619904 136.192858219147 127.800206343333 127.983599901199 129.133641719818 131.901284058889 134.151756763458 135.238071282705 139.579584201177 149.194459120433 153.498907883962 155.00142176946 160.715202490489 165.554970502853 166.331658760707 169.920066992442 174.93462562561 181.040823459625 194.143076737722 208.819468816121 213.065266609192 224.392771720886 232.272525628408 232.952793439229 232.048054536184 233.254790306091 230.963885784149 231.787045796712 235.799849033356
37.5341773033142 21.0206806659698 8.44659035404523 3.1639663502574 0.308897191037734 0 3.48061881959438 32.0625379681587 54.6061545610428 83.5711757342021 92.665433883667 102.710276842117 95.9093769391378 83.2878996928533 80.9283504883448 101.231962442398 116.645276546478 131.00325067838 143.628199895223 143.910189469655 136.417677005132 134.466777245204 134.904682636261 135.572373867035 137.465844551722 138.765811920166 141.917208830516 152.925362189611 154.203434785207 148.093014955521 152.774920066198 158.506820599238 159.556339184443 159.744520982107 164.750496546427 172.551910082499 179.612477620443 187.712649504344 192.82587369283 195.871551831563 202.426195144653 209.49520667394 217.489381631215 225.264151891073 221.708754698435 227.956712245941 227.98103094101
47.893891731898 21.6372907161713 4.35518659651279 0.942909391596913 0 0 1.16965221241117 17.2322789827983 31.5101047356923 57.1496685345968 86.8280132611593 105.003754297892 118.536899487178 111.153254906336 99.1794466972351 97.4037448565165 100.383778413137 116.596241792043 135.916769504547 147.506713867188 146.006077528 146.819055080414 147.566874821981 148.58799179395 146.949956814448 147.089143594106 149.888783693314 153.327018022537 151.428908109665 146.710077921549 148.051689068476 154.293676217397 154.368112484614 154.03006474177 158.787439266841 161.876857280731 163.128485282262 162.520378828049 168.738722801208 171.635846296946 178.531388441722 188.352326552073 195.372700691223 200.578371683757 204.063355922699 209.135174751282 220.042188962301
40.7518893480301 25.1581817865372 4.22894768416882 0.0533452306020384 0 0.430984888225794 10.2814398705959 19.6995995938778 31.787671148777 49.2136428753535 75.251912077268 103.982677062352 120.173881451289 132.406334082286 124.352147181829 100.356837113698 93.4960643450419 97.7762838204702 112.737437089284 137.312124172846 149.123191833496 149.263123671214 148.792713880539 146.262407302856 143.896738688151 154.168367385864 156.842629114787 155.148347218831 153.357714414597 155.623783667882 154.670576254527 153.161158164342 150.493760903676 149.330168962479 149.530589580536 149.112910032272 146.490236123403 142.157812913259 146.539320548375 148.5442618529 153.258562088013 161.441187063853 165.327370166779 169.089555740356 183.692971865336 190.66862265269 208.095788955688
36.153589685758 28.6701818307241 9.31744401653608 0 0 2.17937709142764 10.3315462668737 24.3978997071584 36.3788157701492 44.4626708825429 60.2889557679494 88.5337690512339 111.041178305944 123.484631379445 128.127952416738 123.89666835467 121.565878391266 110.719551642736 104.525903860728 111.727327108383 135.453561941783 148.865729570389 153.571108977 151.211529970169 146.721045176188 148.437003294627 157.941440741221 156.52280052503 162.507951259613 168.809950351715 167.180438836416 155.752688646317 148.952186107635 144.180675347646 139.765322208405 138.442645470301 133.390605449677 131.784707307816 132.672379414241 136.903872092565 139.119098583857 142.438679933548 145.307223002116 148.473769426346 170.287827650706 183.015843232473 193.391919136047
31.7555616299311 31.3298553228378 20.5740171174208 0.0403335579903796 0 7.98056150476138 17.8711290160815 33.7560226519903 47.0138837893804 52.5505592425664 59.2640191316605 75.1164505879084 97.2391565640767 115.824997425079 130.379537741343 142.185797293981 143.592039744059 134.346137444178 118.946651617686 106.021066506704 115.605851014455 139.595051606496 145.444174607595 151.93384885788 151.420513788859 153.801331917445 157.204896211624 157.585253318151 160.468280315399 165.461838245392 172.551910082499 161.319384972254 151.817113161087 143.664836883545 136.662940184275 134.689390659332 131.307343641917 130.300462245941 130.853782097499 133.548200130463 135.830779870351 137.787123521169 137.582381566366 140.986502170563 154.676169157028 169.427653153737 180.562118689219
33.3202754457792 39.7103503346443 38.2902945081393 8.36724850038687 3.70718538761139 18.3646256724993 30.9095034996669 45.0087587038676 58.0546110868454 71.1808453003566 78.6763330300649 82.5753758351008 88.038315375646 98.9957849184672 116.360028584798 133.355170488358 143.131713072459 146.181285381317 143.722275892893 128.873209158579 112.080971399943 123.88488650322 133.207460244497 144.511083761851 153.714627027512 157.574365536372 157.248864571253 158.124685287476 154.736866553624 151.69225136439 153.440743684769 151.824394861857 141.8616771698 145.43679356575 140.100369850794 135.899245738983 133.728663126628 130.304833253225 130.266924699148 133.780668179194 137.91357477506 139.22921816508 138.932387034098 140.708128611247 142.928044001261 157.686819632848 164.649744828542
34.6211344003677 35.8244702219963 48.1742471456528 34.4672203063965 19.793671866258 32.5071116288503 28.9906064669291 44.7933127482732 56.5749158461889 72.0205803712209 80.4287095864614 78.8325468699137 77.391376097997 83.083654443423 97.4291165669759 118.018925189972 129.963527123133 137.249608834585 143.837243318558 142.814179261525 137.68591483434 124.731719493866 124.512622753779 132.850666840871 144.586781660716 153.614540894826 155.389467875163 152.871419986089 147.97967672348 138.667643070221 138.581246137619 126.900255680084 119.850655396779 120.873163143794 123.098721106847 138.721565405528 133.770942687988 124.575714270274 122.317771116893 130.902340014776 137.674967447917 140.705058972041 143.79941423734 142.124434312185 137.671679258347 149.072776238124 150.907456874847
45.1150288184484 31.7174742619197 36.1677259206772 48.9452133576075 40.5072818199793 36.5975896517436 34.1590171058973 43.3257569869359 51.4538238445918 61.8766248226166 71.0325886805852 70.6189175446828 67.6017055908839 72.6966311534246 82.377369205157 98.4345177809397 111.75415913264 121.104101339976 132.183432579041 147.243052721024 155.015836159388 143.890798091888 142.087032397588 142.928342024485 141.03239774704 142.556051413218 139.78698849678 142.622788747152 139.136056105296 137.062261501948 121.405949195226 105.070134003957 93.7298734982808 83.6459994316101 75.9405841430028 90.2737180391947 93.8344498475393 99.6657411257426 118.118385473887 121.263782183329 122.318635384242 126.703451077143 132.903595765432 126.79801384608 132.705549399058 139.657447735469 143.825799226761
