input/barkrak2/radiation/dir08424.grid
NCOLS 85 
NROWS 70 
XLLCORNER 665100 
YLLCORNER 4664600 
CELLSIZE 20 
NODATA_value -9999 
[rows 40 to 59 of 70, columns 0 to 45 of 85]
190.318206946055 192.968765894572 192.821343739827 194.730242093404 203.068832556407 209.532380104065 213.338196277618 217.520197232564 216.605444749196 198.795219262441 184.587279955546 179.541965325673 178.468267122904 173.996090888977 172.343254089355 170.979539553324 171.631892522176 171.040753523509 165.654917558034 163.476288318634 167.874832948049 175.410946210225 176.82671546936 171.82457447052 169.206897417704 166.922728220622 179.091115792592 182.430624961853 185.743987560272 187.392910321554 187.026679515839 193.953176339467 193.002820014954 200.144728024801 227.867901325226 227.823952833811 215.566555658976 205.812176068624 209.776898225149 220.771431922913 236.049870649974 250.845690568288 210.136532783508 124.612420797348 65.4379427433014 44.6239759524663
198.603828748067 196.665326754252 196.922441323598 194.699704647064 191.449046134949 189.937631289164 186.942299207052 188.189784685771 192.975838979085 183.199604352315 175.804972648621 176.091551780701 180.015325546265 178.88351281484 177.271564801534 173.546671867371 169.609049956004 177.089591821035 176.040530204773 170.904477437337 172.735571861267 173.637410004934 174.139599005381 175.943334897359 178.298672040304 172.394792238871 177.994688351949 183.873176574707 185.877978801727 188.946823279063 190.243283907572 192.56051381429 193.456053733826 209.493160247803 222.048580646515 211.207628250122 189.935545126597 187.351047992706 187.218526999156 200.24174451828 235.977709293365 250.489155451457 232.171912988027 175.337076187134 102.000216643016 66.620151201884
203.575074672699 200.978000958761 203.663309415181 201.151967048645 194.847742716471 191.440383593241 187.20954656601 183.395087718964 182.086010773977 179.795066515605 177.9678662618 175.48797527949 180.082321166992 183.015624682109 182.920058568319 178.579966227214 174.165268739065 180.829167366028 182.263751824697 175.608098506927 172.297418117523 170.657694339752 168.507893880208 169.823050498962 174.236337343852 171.980301539103 168.314655621847 174.843311309814 181.65123462677 184.548338254293 187.147955099742 186.145305633545 193.454027175903 214.094400405884 220.657467842102 191.762089729309 178.120255470276 181.074798107147 186.28450234731 197.724302609762 208.422442277273 212.603529294332 198.864857355754 169.240117073059 113.234917322795 58.8737279176712
187.74418036143 190.401176611582 199.096461137136 195.759495099386 198.723872502645 201.072851816813 198.492705821991 193.612496058146 181.334853172302 180.312752723694 183.794140815735 177.808066209157 176.844120025635 181.812326113383 181.48668607076 179.190834363302 179.149429003398 182.441115379333 182.153542836507 175.31551917394 170.788466930389 168.120344479879 165.05378484726 165.242850780487 167.914927005768 173.590540885925 167.682826519012 170.302450656891 177.456339200338 179.511805375417 179.454644521077 175.998548666636 186.72517935435 201.868971188863 195.314288139343 180.529177188873 175.621310869853 187.850137551626 196.609238783518 197.862644990285 192.964494228363 189.794600009918 184.821267922719 158.790409564972 111.798067887624 54.9651980400085
185.4354540507 190.849622090658 194.377283255259 194.746971130371 196.60210609436 199.367721875509 198.462069034576 194.863160451253 189.815481503805 183.508535226186 185.504138469696 181.130131085714 177.552819252014 175.343016783396 175.970276196798 174.97173945109 169.742524623871 178.204397360484 179.426312446594 175.776680310567 172.482530275981 170.377631982168 168.795009454091 170.103391011556 166.756014029185 175.955335299174 180.759052435557 177.581270535787 177.119453748067 177.249948183695 171.916564305623 168.546179930369 175.785303115845 179.083565870921 175.385653972626 174.420118331909 182.62779712677 196.108599503835 202.603320280711 194.212277730306 192.767401536306 184.403479099274 172.710359096527 158.017923434575 124.605566263199 79.2609204848607
192.133406798045 195.924282073975 193.651755650838 196.490267912547 195.268869400024 195.416212081909 196.006337801615 194.650828838348 195.671796798706 189.298431078593 188.199003537496 185.810983181 181.170086065928 175.473511219025 173.3145515124 177.849352359772 169.773538907369 174.111366271973 179.25089597702 176.831126213074 175.140559673309 174.205362796783 172.038892904917 174.110492070516 174.518684546153 173.839648564657 180.925091107686 181.023995081584 178.618808587392 178.604205449422 173.34653933843 168.986896673838 172.727604707082 168.868581453959 160.078207651774 160.244812568029 168.676952521006 189.403653144836 190.902968247732 176.863412062327 181.690017382304 168.788850307465 166.01104537646 167.161782582601 153.441856304804 113.753835360209
190.1482741038 192.344307899475 195.741454760234 197.230537732442 197.39023844401 197.016318639119 197.825292746226 199.868023395538 194.948236147563 193.032960096995 191.636224587758 189.289768536886 184.117317199707 181.281387805939 180.833061536153 183.649559815725 179.165065288544 171.89617951711 180.185596148173 178.493758042653 174.854298432668 176.977475484212 175.011932849884 172.484676043193 180.439174175262 173.578858375549 174.735546112061 177.035291989644 178.419788678487 177.75426308314 176.880498727163 172.869880994161 171.776254971822 168.424487113953 161.799093087514 160.572111606598 167.603274186452 178.589880466461 180.035630861918 176.206787427266 178.155918916066 169.584472974141 173.258026440938 181.077778339386 175.389170646667 136.358797550201
185.193181037903 186.620533466339 192.977527777354 195.604642232259 198.481142520905 199.758410453796 196.33013010025 196.785489718119 196.805596351624 197.028140227 193.791608015696 188.820620377858 187.54247824351 186.014592647552 181.626498699188 181.585152943929 179.315467675527 171.463032563527 176.605701446533 178.167819976807 174.030423164368 175.620595614115 177.529493967692 168.755253156026 172.35000928243 174.259503682454 168.957471847534 173.08380206426 177.542368570964 176.548441251119 178.376913070679 176.949938138326 171.17174466451 173.09558391571 181.59141143163 177.389641602834 177.868008613586 174.965699513753 178.926825523376 188.936352729797 180.292725563049 170.773963133494 179.318249225616 179.939448833466 174.066642920176 154.586851596832
177.181998888652 180.634021759033 185.972571372986 190.536876519521 196.123719215393 200.202127297719 197.441260019938 194.296399752299 197.532614072164 198.056658109029 196.657697359721 191.006402174632 189.086059729258 188.460409641266 185.949683189392 179.844498634338 177.999297777812 171.745141347249 175.52920182546 179.953853289286 180.177609125773 178.714573383331 179.781238238017 174.663424491882 171.947002410889 177.781244119008 173.497418562571 176.913817723592 183.136622111003 188.072860240936 192.578852176666 192.187607288361 182.642698287964 184.665977954865 191.92761182785 194.023609161377 192.461927731832 184.609850247701 182.961066563924 189.003586769104 173.358559608459 165.775875250498 163.400699694951 162.518531084061 160.618146260579 159.681499004364
175.840159257253 173.217177391052 177.447934945424 186.678846677144 192.863583564758 195.881863435109 199.143648147583 200.093905131022 200.578252474467 195.746958255768 198.307057221731 196.703314781189 192.876239617666 188.805520534515 187.416831652323 181.985855102539 178.914248943329 175.224562486013 178.132116794586 183.499753475189 184.47466691335 183.155099550883 181.258539358775 180.845141410828 176.138520240784 180.406709512075 182.987948258718 185.13415257136 191.861430803935 199.552536010742 207.368612289429 208.628137906392 199.490666389465 196.509520212809 194.169143835704 197.193960348765 198.743303616842 197.025616963704 189.062019189199 171.498397986094 162.824551264445 167.367060979207 163.175533215205 157.806634902954 154.150356849035 158.690581719081
177.051345507304 179.471969604492 182.285984357198 188.566644986471 190.385063489278 190.605044364929 198.969523111979 202.694316705068 202.676633993785 200.409988562266 200.181841850281 198.963781197866 195.289691289266 189.440071582794 189.811984697978 192.058920860291 182.883858680725 180.788576602936 181.569854418437 185.826559861501 188.625852266947 185.539424419403 181.535522143046 182.197093963623 177.096585432688 183.727025985718 187.488198280334 188.366115093231 195.789317289988 204.272329807281 210.784633954366 217.524647712708 210.574766000112 195.091287295024 185.601492722829 186.177651087443 194.235463937124 201.721409956614 185.76435248057 165.18047451973 160.047421852748 170.789400736491 170.211513837179 165.091305971146 159.683595101039 156.360338131587
175.402820110321 186.280945936839 187.329391638438 191.006402174632 189.350525538127 188.549558321635 196.0169672966 200.86544752121 200.761079788208 203.891317049662 200.67439476649 200.389623641968 196.462591489156 191.47527217865 188.39168548584 194.748918215434 188.84132305781 181.08872572581 178.200721740723 182.071089744568 182.893713315328 180.912454922994 180.771470069885 176.583329836527 173.855940500895 175.811370213827 180.650035540263 179.224570592244 181.599020957947 191.274424393972 201.972683270772 210.075795650482 208.545406659444 180.647333463033 148.162305355072 140.783369541168 160.684367020925 186.188181241353 195.241828759511 191.376884778341 187.126855055491 176.809151967367 160.974343617757 157.258848349253 166.129251321157 157.372136910756
178.421556949615 175.870656967163 176.389654477437 179.784695307414 187.878370285034 191.126704216003 191.251834233602 197.081406911214 197.018126646678 200.010975201925 201.359788576762 202.0210425059 202.075322469076 195.218861103058 189.703901608785 190.738459428151 191.597084204356 180.598934491475 174.777825673421 174.349427223206 173.927982648214 176.968177159627 177.332401275635 171.061913172404 172.117948532104 169.081668059031 168.480356534322 169.562220573425 169.555981953939 171.58039410909 175.757308801015 192.682266235352 184.708257516225 158.694008986155 122.694204250971 102.532664934794 111.349662144979 141.201396783193 175.910751024882 189.814925193787 191.444277763367 176.128009955088 155.060658852259 151.94163719813 160.492440064748 146.973113218943
183.781921863556 171.958069006602 168.969988822937 175.071676572164 186.639606952667 195.856551329295 193.612376848857 195.996185143789 197.268644968669 197.29999701182 199.153979619344 202.244857947032 203.322033087413 201.392650604248 193.787097930908 191.07719262441 192.557136217753 184.162418047587 178.933183352152 180.333336194356 179.563641548157 176.173090934753 174.325863520304 169.989426930745 169.173300266266 167.558610439301 164.952943722407 165.433883666992 164.119134346644 160.369157791138 151.325384775798 157.099455595016 158.149858315786 138.214111328125 121.8488017718 103.296309709549 83.8713049888611 91.8149550755819 116.070767243703 152.300894260406 174.737016359965 164.612233638763 154.196202754974 149.527609348297 141.693860292435 132.054070631663
186.30047639211 178.622841835022 174.345850944519 177.577356497447 188.516934712728 196.427702903748 200.003107388814 195.761799812317 200.355470180511 197.243611017863 201.371073722839 202.074408531189 202.869236469269 204.558451970418 196.557780106862 195.4172650973 197.058498859406 188.646952311198 183.025618394216 184.759577115377 184.91264184316 180.248777071635 177.319327990214 176.103512446086 172.093093395233 171.312232812246 169.235626856486 166.562696297963 160.498857498169 153.800119956334 146.100252866745 149.198273817698 150.245169798533 147.880534331004 147.325485944748 136.911809444427 109.832932551702 91.5115873018901 85.4596197605133 101.09073917071 137.028902769089 140.932242075602 129.527111848195 114.938388268153 112.358560164769 120.261112848918
191.019733746847 187.6114209493 181.299090385437 176.510512828827 183.96387497584 195.948163668315 199.575543403625 197.029769420624 198.566854000092 201.884845892588 208.318591117859 208.331704139709 206.164379914602 207.124928633372 201.85391108195 200.255254904429 202.122966448466 196.796536445618 190.392216046651 187.72304058075 185.692489147186 183.779120445251 184.27703777949 185.645461082458 180.846532185872 178.439994653066 172.250866889954 161.665787299474 154.75465854009 151.683936516444 149.399568637212 154.740393161774 156.329413255056 165.605813264847 172.808130582174 173.508604367574 167.567133903503 148.756106694539 128.333151340485 96.3272949059804 105.643133322398 125.101854403814 124.485671520233 112.379262844721 114.083071549733 132.371822992961
193.600515524546 192.493796348572 188.434362411499 181.868652502696 181.640466054281 193.060119946798 198.799788951874 198.309481143951 197.051584720612 203.410089015961 210.992296536764 212.006290753682 207.131346066793 208.058536052704 207.915743192037 200.980246067047 202.871044476827 197.743018468221 192.450960477193 192.416409651438 190.947274367015 190.272827943166 186.68790658315 182.895123958588 180.411239465078 175.925890604655 156.056861082713 132.140854994456 127.98089782397 135.70828239123 148.111373186111 151.360372702281 154.79455391566 160.592426856359 174.284517765045 186.386704444885 191.331366697947 191.83216492335 188.665270805359 141.026496887207 111.148218313853 128.663957118988 145.983954270681 149.459411700567 151.307960351308 165.444751580556
193.636357784271 190.951108932495 193.034211794535 190.513809521993 185.824314753215 189.886271953583 199.653049310048 200.313250223796 198.384841283162 202.566186587016 212.08381652832 212.239285310109 206.698060035706 209.156235059102 210.944771766663 200.816075007121 203.08244228363 200.080513954163 196.78125778834 197.44074344635 197.962900002797 197.379370530446 192.312836647034 185.564160346985 184.8397453626 181.93256855011 161.92219654719 137.719810009003 134.501188993454 144.4251537323 158.2879225413 157.16494123141 165.639301141103 175.792813301086 190.671881039937 200.783212979635 184.605439503988 151.54046813647 147.326360146205 142.510622739792 142.171333233515 156.765699386597 160.05219022433 143.794238567352 132.880638043086 146.75368865331
182.830055554708 190.071920553843 191.54832760493 191.807448863983 189.97456630071 186.486919720968 200.237214565277 204.432408014933 202.339768409729 203.062355518341 209.43025747935 211.433053016663 209.271450837453 206.289649009705 207.126498222351 202.674051125844 197.973231474559 199.423710505168 201.336264610291 202.851891517639 204.097588857015 200.056831041972 196.233590443929 189.702947934469 188.826342423757 191.094795862834 185.395300388336 177.212278048197 174.56066608429 176.422655582428 176.228205362956 167.952279249827 178.751687208811 190.648158391317 182.194451491038 171.397745609283 152.353177467982 95.7515438397725 76.4842927455902 110.169430573781 145.364155371984 167.244255542755 160.817603270213 146.296630303065 138.161927461624 145.266642173131
172.312796115875 187.097489833832 190.161128838857 190.417349338531 192.889630794525 188.978493213654 194.961428642273 205.624580383301 212.448398272196 211.431642373403 209.844390551249 209.676146507263 211.533904075623 208.435336748759 207.519312699636 205.928961435954 200.395941734314 200.179795424143 197.796126206716 195.463061332703 197.437246640523 196.608603000641 195.756991704305 194.462915261587 196.017464001973 200.583398342133 209.903379281362 211.237629254659 196.628073851267 193.207323551178 181.031227111816 171.779255072276 173.877596855164 165.23402929306 134.586046139399 92.3579533894857 89.0048146247864 77.7059098084768 61.2418452898661 72.0649709304174 92.8599337736766 131.285806496938 158.912946780523 180.470188458761 199.915508429209 197.487791379293
