input/barkrak2/radiation/dir08524.grid
NCOLS 85 
NROWS 70 
XLLCORNER 665100 
YLLCORNER 4664600 
CELLSIZE 20 
NODATA_value -9999 
[rows 0 to 19 of 70, columns 0 to 45 of 85]
230.112592379251993 244.747400283813 259.497443834941 275.945782661438 283.626397450765 283.239940802256 275.092502435048 269.092440605164 271.475791931152 272.319277127584 272.136747837067 274.120489756266 273.904065291087 274.198472499847 276.332974433899 269.127269585927 258.923252423604 247.869153817495 242.788374423981 231.549342473348 225.327690442403 237.377127011617 263.360460599263 269.44641272227 272.515455881755 280.775388081868 278.20893128713 266.109923521678 250.077068805695 247.132221857707 243.38968594869 261.625170707703 301.229198773702 300.568302472432 299.164195855459 283.931990464528 290.488461653392 303.994377454122 299.658417701721 301.808555920919 285.224656263987 286.229610443115 297.330260276794 299.502372741699 291.728456815084 294.006566206614
209.039092063904 226.293365160624 241.232057412465 258.259097735087 270.289699236552 273.852189381917 269.708414872487 269.49014266332 278.756578763326 277.243872483571 273.317595322927 273.665308952332 274.597843488057 275.748570760091 275.547544161479 268.314639727275 263.789574305216 255.973140398661 251.426180203756 238.117575645447 239.808360735575 256.279309590658 275.313814481099 277.211348215739 282.547891139984 286.182363828023 279.888729254405 268.637776374817 254.886448383331 248.797535896301 249.645074208577 274.918556213379 301.313400268555 300.799747308095 298.70879650116 284.98496611913 292.243103186289 302.602410316467 297.829469045003 301.675101121267 294.294635454814 288.16032409668 289.558370908101 291.561603546143 290.164212385813 294.971406459808
171.689709027608 185.025115807851 197.825709978739 209.829946358999 223.775347073873 234.129110972087 243.706484635671 256.883919239044 268.099904060364 267.574946085612 265.29997587204 270.346264044444 279.679656028748 283.707519372304 280.920227368673 285.980184872945 287.739853064219 280.138452847799 265.60773452123 254.711508750916 260.919650395711 269.604623317719 276.413559913635 278.462052345276 284.437557061513 283.075054486593 275.580565134684 267.760654290517 258.860985438029 255.567014217377 262.169222036997 288.264155387878 298.19510380427 299.769759178162 298.406859238942 291.550854841868 294.947405656179 297.402262687683 298.742393652598 298.669755458832 293.603777885437 282.725175221761 274.315079053243 276.945372422536 286.615649859111 294.564366340637
152.3224512736 153.983374436696 162.383586168289 168.745418389638 176.125506560008 181.855142116547 189.723332722982 206.261177857717 226.995587348938 243.950605392456 256.334821383158 271.119336287181 282.8023036321 287.053227424622 288.78653049469 293.372253576914 291.782756646474 282.711823781331 269.018709659576 263.169467449188 261.772910753886 260.550459225972 271.09690507253 274.457196394602 276.263137658437 277.397950490316 274.528622627258 269.762893517812 266.989966233571 267.191032568614 268.006543318431 292.895038922628 298.050880432129 298.164526621501 296.797792116801 298.165758450826 298.613548278809 297.48264948527 298.316419124603 293.609301249186 283.306002616882 272.603392601013 268.263558546702 281.918466091156 297.936220963796 293.534855047862
174.97718334198 157.926132281621 144.758363564809 134.783267974854 138.279944658279 155.320485432943 177.217602729797 188.597838083903 199.486374855042 207.155664761861 229.68997557958 253.300110499064 267.957945664724 275.938928127289 280.681510766347 283.80956252416 278.705716133118 268.711666266123 264.724314212799 262.959678967794 258.271912733714 256.472408771515 267.23978916804 270.571351051331 273.468275864919 279.125213623047 276.153028011322 271.955053011576 269.406219323476 267.418603102366 272.270401318868 297.896544138591 298.422376314799 299.228628476461 294.135371843974 295.888423919678 297.818243503571 297.88468281428 290.910045305888 285.354455312093 281.414071718852 276.687741279602 278.628289699554 288.34331035614 292.43669907252 279.135127862294
219.862679640452 190.982143084208 162.218352158864 137.318978706996 128.478070100149 140.287776788076 166.804492473602 185.060540835063 189.656694730123 188.883423805237 199.755390485128 214.553793271383 225.088795026143 232.223471005758 241.48041009903 249.798039595286 251.106758912404 253.413577874502 260.14103492101 265.619039535522 265.719254811605 268.756608168284 270.90444167455 270.678321520487 273.901363213857 279.161870479584 277.885874112447 275.257468223572 272.340397040049 271.474321683248 284.918566544851 299.726287523905 298.037151495616 299.12535349528 293.5564716657 291.276017824809 294.282217820485 291.593968868256 283.219556013743 285.184899965922 283.505539099375 279.383341471354 280.845204989115 281.621774037679 275.658289591471 253.412465254466
243.774910767873 218.116402626038 196.346660455068 173.487424850464 151.620149612427 138.606498638789 146.727720896403 177.06020673116 191.294471422831 199.896375338236 196.747740109762 191.385269165039 186.962644259135 182.708621025085 185.074925422668 201.570550600688 214.97372786204 234.965920448303 254.53637043635 267.031232515971 271.275877952576 273.600578308105 273.678461710612 271.515270074209 273.405333360036 275.921503702799 278.079390525818 277.411778767904 273.916145165761 278.402745723724 290.609399477641 298.128247261047 297.699610392253 295.288562774658 291.758120059967 285.583436489105 286.036908626556 281.170527140299 279.561102390289 277.50035127004 272.040327390035 269.079804420471 273.99222056071 277.908643086751 267.250915368398 256.918569405874
254.535138607025 243.192374706268 230.734308560689 213.21173508962 188.594003518422 156.780958175659 135.060926278432 135.031590859095 170.048693815867 197.149713834127 205.791771411896 201.782206694285 192.417641480764 181.81965748469 168.101588884989 171.7848777771 184.804975986481 202.592134475708 227.821926275889 248.534182707469 260.908563931783 268.374641736348 274.946570396423 272.086083889008 270.58607339859 270.216822624207 271.117905775706 271.814505259196 271.085778872172 279.684126377106 289.433002471924 292.575895786285 289.477129777273 285.635729630788 280.542850494385 277.432978153229 279.939929644267 274.000386397044 267.285287380219 256.019572416941 256.890892982483 266.308049360911 281.102776527405 288.908004760742 279.342869917552 276.111165682475
246.428589026133 246.758659680684 241.852144400279 232.785085837046 217.941025892893 193.537036577861 161.278247833252 131.563494602839 145.167589187622 169.213771820068 190.840681393941 201.989452044169 204.456766446431 201.501985390981 188.182771205902 179.782291253408 176.346778869629 181.249181429545 196.540315945943 215.264678001404 232.640345891317 247.55318959554 257.964173952738 255.578736464183 257.360577583313 257.478833198547 258.308132489522 259.600857893626 261.358618736267 270.718057950338 276.515960693359 276.564757029216 274.53205982844 274.157683054606 273.75853061676 274.69809850057 273.946444193522 269.760032494863 262.500087420146 257.624606291453 271.534065405528 284.328560034434 291.815181573232 292.505005995433 279.934922854106 274.303217728933
213.910778363546 224.542856216431 230.056166648865 230.069319407145 226.776162783305 221.674839655558 203.25243473053 182.79763062795 150.378753741582 139.660149812698 154.226968685786 181.314210096995 204.772035280863 216.617286205292 217.646400133769 207.989652951558 191.289206345876 185.553431510925 184.64990456899 188.274919986725 197.904864947001 206.882019837697 217.235406239827 226.035714149475 235.839168230693 238.406042257945 239.491164684296 240.673402945201 243.149916330973 250.146210193634 251.557389895121 252.484599749247 258.971353371938 263.394514719645 266.765395800273 267.207940419515 265.829523404439 268.378953138987 262.385884920756 267.764945824941 286.321918169657 293.94257068634 294.347484906514 291.692614555359 278.801163037618 273.604551951091
155.644317468007 170.477986335754 185.804963111877 197.645982106527 208.277781804403 216.810663541158 217.989524205526 211.305280526479 181.309501330058 154.044012228648 138.416667779287 146.739850441615 176.059385140737 204.126000404358 220.495720704397 209.824641545614 200.811723868052 192.677994569143 183.812101682027 178.018132845561 178.495387236277 178.785800933838 183.603485425313 198.313673337301 212.516824404399 221.27491235733 223.014295101166 223.559339841207 230.002423127492 235.463718573252 238.71370156606 242.436468601227 252.131660779317 256.300548712413 256.433208783468 256.868501504262 261.279960473378 265.554547309875 266.323288281759 279.076675573985 289.817710717519 293.50350300471 293.250679969788 290.444175402323 282.297809918721 282.581965128581
109.357376893361 115.732133388519 125.383814175924 139.210730791092 157.756547133128 175.431211789449 195.336004098256 202.226003011068 202.908794085185 187.683979670207 159.442583719889 137.475440899531 140.336940685908 165.170143047969 194.819947083791 199.425458908081 206.165115038554 201.668381690979 190.667668978373 179.087559382121 172.24113146464 169.952650864919 169.778446356455 179.420272509257 189.371565977732 196.416974067688 199.856042861938 204.601089159648 212.086081504822 217.296083768209 222.386499245962 228.006561597188 233.710666497548 237.256487210592 238.087852795919 240.55270353953 251.339554786682 262.378036975861 267.612079779307 279.260476430257 285.431106885274 287.086963653564 284.699539343516 280.997971693675 277.426977952321 276.808420817057
81.7600339651108 78.1901776790619 76.9983530044556 82.7586799860001 97.9941586653392 117.188682158788 144.171317418416 167.548934618632 198.918700218201 204.796989758809 192.073285579681 165.711502234141 135.935336351395 132.830033699671 157.857100168864 187.352359294891 204.72910006841 207.934816678365 201.902349789937 191.542764504751 182.010849316915 181.598166624705 181.075890858968 181.957046190898 182.66228834788 182.569702466329 187.020579973857 196.568787097931 200.661679108938 202.162822087606 207.294464111328 212.960839271545 214.305957158407 216.309289137522 219.872911771139 225.541234016418 237.869441509247 249.941527843475 253.4219622612 262.773791948954 268.996914227804 270.272056261698 269.371151924133 270.235280195872 266.333838303884 266.916851202647
79.1510492563248 54.3530782063802 36.3914569218953 28.4849256277084 23.7952048579852 28.5901576280594 44.6336269378662 76.362282037735 112.406512101491 155.922124783198 189.920544624329 202.495475610097 180.131196975708 152.489632368088 148.625314235687 176.152904828389 194.964607556661 210.092544555664 217.81712770462 213.081399599711 199.833611647288 196.528832117716 192.861954371134 192.373355229696 192.729910214742 190.487047036489 193.168302377065 202.481329441071 202.741106351217 195.638477802277 201.205591360728 206.367214520772 207.797745863597 208.083927631378 212.537089983622 220.297773679098 225.702981154124 232.07942644755 236.452142397563 238.161544005076 244.698584079742 250.052034854889 256.91564877828 263.13328742981 259.179949760437 263.566037019094
85.1674278577169 54.2148550351461 25.8825545509656 14.0927905837695 7.76864153643449 9.79417872925599 26.8382454911868 50.3629595041275 70.2433437108994 107.429067293803 147.135545810064 180.743217468262 200.664937496185 193.666915098826 171.391268571218 166.15425546964 175.010164578756 191.732883453369 213.199476401011 223.499914010366 220.921953519185 213.358620802561 210.356156031291 206.020216147105 202.912886937459 201.655844847361 203.003505865733 205.030679702759 201.223452885946 195.599853992462 198.476751645406 203.80840698878 203.132589658101 202.885786692301 207.267781098684 211.466332276662 212.167640527089 211.353123188019 216.637810071309 216.857016086578 223.177572091421 231.509884198507 237.872223059336 242.004732290904 243.772705396016 248.227576414744
79.4244607289632 48.9881932735443 24.4554703434308 7.48000914851824 3.08436465760072 23.3246237039566 41.25065356493 54.9890498320262 68.4269666671753 91.1154448986053 119.341830412547 156.453798214595 182.54945675532 185.797731081645 183.841109275818 159.469942251841 154.776910940806 157.909174760183 179.576913515727 207.576791445414 225.737233956655 223.288873831431 224.012653032939 216.819326082865 209.911942481995 210.760494073232 212.788939476013 208.280762036641 203.84015639623 205.739597479502 205.205241839091 204.521914323171 201.349377632141 198.748270670573 199.714303016663 199.006120363871 195.771078268687 191.407640775045 195.134858290354 197.644015153249 201.847434043884 208.227217197418 211.716691652934 213.431060314178 226.421236991882 232.705990473429
62.193289399147 53.9413144191106 30.7596276203791 2.7745229502519 6.26368696490924 27.615875005722 45.7383890946706 60.0990504026413 75.6158133347829 85.7603251934052 104.779611031214 136.695683002472 161.188582579295 174.385746320089 182.543794314067 182.142456372579 180.179198582967 173.099875450134 164.479752381643 174.656311670939 197.949449221293 215.884645779928 224.534829457601 222.959081331889 217.378874619802 219.187796115875 223.177552223206 218.940297762553 216.790974140167 221.371273199717 218.804081281026 206.687013308207 199.981510639191 195.253173510234 189.536194006602 188.400685787201 183.32439661026 181.819895903269 182.256559530894 186.209837595622 188.801010449727 191.386818885803 194.861729939779 197.928667068481 216.04202191035 226.181944211324
56.314672032992 60.1591815551122 46.9576815764109 9.95570545395215 10.7438849906127 34.127950668335 52.9328087965647 73.2269684473674 86.6815447807312 93.2426750659943 102.672348419825 119.385361671448 138.813157876333 157.738626003265 177.395860354106 187.123497327169 192.568600177765 189.113994439443 174.326797326406 160.3724360466 174.707531929016 198.485513528188 209.649840990702 216.920097668966 220.26793162028 227.569619814555 233.927508195241 233.412285645803 231.785674889882 233.228027820587 225.908080736796 213.382879892985 203.673263390859 194.916288057963 187.981963157654 184.369484583537 181.283394495646 181.108772754669 181.395133336385 183.195074399312 185.7737104098 187.683482964834 187.333385149638 191.297650337219 204.415579636892 218.434015909831
63.7312879165014 70.7035064697266 70.0667550166448 34.1822827855746 25.8603543043137 51.1313776175181 67.3150718212128 85.3873689969381 101.255089044571 110.194534063339 116.778562466304 120.778739452362 128.393113613129 138.360073169072 158.795326948166 173.132677872976 185.724238554637 192.412734031677 194.359680016836 179.812630017598 161.096592744191 173.977931340535 183.712581793467 193.532268206278 210.863928000132 223.67936372757 228.633940219879 237.661222616831 235.554297765096 234.746277332306 226.335207621257 219.068149725596 208.489497502645 197.81219959259 192.264258861542 186.948120594025 184.847891330719 181.364953517914 180.810729662577 184.387107690175 188.04536263148 190.089821815491 189.610302448273 191.425005594889 193.578799565633 208.087841669718
68.860188126564 71.654886007309 82.1948945522308 70.8375523487727 55.6367884079615 68.5704151789347 71.645975112915 86.3867402076721 100.687603155772 112.118085225423 120.915939410528 116.739481687546 116.768062114716 123.131344715754 138.426780700684 158.528516689936 168.038328488668 174.429535865784 184.027711550395 190.11785586675 180.755893389384 165.68265358607 169.091522693634 178.014715512594 192.717711130778 202.113370100657 204.245706399282 206.017295519511 205.550948778788 212.43957678477 209.237456321716 217.930714289347 209.077000617981 200.835665067037 195.804079373678 190.148373444875 185.793439547221 176.427006721497 173.637847105662 182.89323647817 189.250926176707 191.78040822347 194.817801316579 192.875385284424 189.800600210826 201.055924097697
