input/barkrak2/radiation/dir00824.grid
NCOLS 85 
NROWS 70 
XLLCORNER 665100 
YLLCORNER 4664600 
CELLSIZE 20 
NODATA_value -9999 
[rows 0 to 22 of 70, columns 0 to 51 of 85]
48.062418897946699 60.303936402003 69.368506471316 88.4183843930562 96.0172812143962 100.809156894684 98.9423394203186 105.454911788305 122.268497943878 125.413874785105 126.191208759944 122.388392686844 118.023922046026 118.715951840083 117.114990949631 104.39736644427 92.6607847213745 82.4076980352402 82.2294453779856 82.8488916158676 90.8382932345072 107.850193977356 123.820642630259 126.337061325709 127.857526143392 135.722895463308 136.383791764577 129.942993323008 127.139747142792 128.753999869029 127.737879753113 147.958199183146 179.443299770355 172.358632087708 171.439111232758 165.537387132645 169.36182975769 174.600025018056 168.982068697611 171.080350875854 168.256024519602 181.169788042704 183.995207150777 176.995078722636 168.984830379486 178.229769070943 183.628678321838 138.264000415802 95.3857998053233 91.6031201680501 112.473597129186 152.63769030571
30.9630036354065 44.6151594320933 53.1260371208191 59.9973648786545 70.7593510548274 78.4324804941813 84.2422544956207 93.7447945276896 105.509539445241 105.231761932373 119.872033596039 125.393688678741 120.323022206624 120.385805765788 118.847906589508 106.786876916885 99.0538398424784 89.7269149621328 87.3288710912069 84.8840077718099 98.6503660678864 120.428383350372 135.720541079839 135.31885544459 137.913753588994 140.326261520386 135.680178801219 129.727224508921 128.810048103333 132.896880308787 134.16709502538 156.18771314621 176.811456680298 172.504564126333 170.003831386566 166.186491648356 171.558181444804 175.539453824361 170.519391695658 168.444494406382 167.509357134501 170.871277650197 167.016704877218 159.904221693675 156.06352686882 170.308132966359 172.553678353628 130.413701136907 102.715164422989 112.329522768656 139.7984623909 173.180898030599
11.3263589640458 15.4757139583429 22.967924674352 27.1507253249486 34.2852820952733 42.0454094807307 49.5859881242116 64.5746489365896 73.7464278936386 84.4885508219401 87.3417456944783 100.562791029612 105.826755364736 115.538050731023 127.241303523382 130.684117476145 124.88266825676 113.211125135422 98.6348986625671 93.6767061551412 104.54660654068 120.217571655909 131.734867890676 133.890370527903 139.485120773315 136.872659126918 135.386129220327 130.364676316579 128.927826881409 134.330302476883 148.754100004832 166.163891553879 176.68088277181 173.801918824514 167.206426461538 167.019248008728 176.030357678731 178.274850050608 169.849475224813 165.843029816945 162.49535481135 156.19757771492 146.163602670034 139.941324790319 143.503983815511 159.417688846588 154.792467753092 124.22310312589 119.338721036911 139.385859171549 163.181732098262 182.638227939606
4.55645409723123 5.47021503249804 7.0122138907512 9.22508227328459 9.00028645992279 13.8946163157622 19.9591318766276 28.9981837073962 43.5822705427806 54.8724035422007 65.2223328749339 78.3829043308894 88.5323584079742 90.6041959921519 97.8498061498006 103.788216908773 102.251340945562 94.0969487031301 84.3904912471771 81.4764599005381 84.7683151563009 89.2175932725271 103.094428777695 112.585216760635 119.045356909434 119.745115439097 127.614120642344 128.579239050547 131.766686836878 137.216667334239 142.810106277466 165.827055772146 170.118610064189 170.057892799377 167.41019487381 167.510330677032 169.695734977722 170.30409971873 163.753082354863 154.208262761434 150.111138820648 143.080333868663 142.974644899368 150.606046120326 155.490587155024 149.902631839116 138.936837514242 121.691266695658 128.502875566483 142.11294054985 161.495238542557 179.02527252833
11.7816279331843 6.09196598331134 2.56413423145811 0 0 3.22803327192863 13.1772297124068 19.5039088527362 24.5297675331434 30.1520774761836 40.2486175298691 53.8165171941121 59.786394238472 67.7292247613271 77.3181766271591 77.8879821300507 79.5052299896876 76.5675405661265 78.6264489094416 76.197216908137 77.4507025877635 78.6086469888687 89.1784330209096 97.8664358456929 105.12246688207 111.40634616216 118.225495020549 119.957745075226 128.082036972046 130.275150140127 136.194447676341 150.03365278244 147.334317366282 147.576332092285 149.121016263962 161.285052696864 160.210390885671 155.196140209834 147.239635388056 141.404052575429 141.058842341105 141.960859298706 148.262957731883 158.298412958781 158.220320940018 136.659959952037 113.405833641688 111.853301525116 122.565090656281 139.682084321976 167.732218901316 181.053221225739
34.7473969062169 18.9416135350863 7.44840875267982 0.805081023524205 0.0774604268372059 1.66267746438583 6.29401206970215 13.0539896587531 17.3982518414656 16.9968145589034 21.2013373772303 29.3955827752749 34.44920728604 39.267306526502 43.6297406752904 51.6220480203629 57.232196132342 65.2267187833786 72.1591214338938 79.678346713384 84.6466422080994 85.7811669508616 88.5628759860992 92.2669768333435 98.5927780469259 104.89613811175 109.763473272324 115.072240432103 121.436486641566 127.460847298304 138.780057430267 143.48774154981 138.059188922246 137.108912070592 139.965792496999 138.358324766159 135.979354381561 142.313659191132 139.65164621671 141.69505238533 141.170680522919 140.793104966482 142.990718285243 145.661513010661 141.9957280159 115.084717671076 91.7631189028422 100.20790497462 119.223872820536 151.498715082804 176.320910453796 182.338774204254
51.876167456309 34.6357375383377 21.8120714028676 10.8812786638737 3.70593617359797 1.53203774243593 2.09248888616761 7.40201398730278 13.9171915749709 18.1902050971985 17.6526779929797 16.3700555761655 16.0376926263173 18.3195695281029 21.1421127120654 29.6146397789319 38.5074764490128 50.4205226898193 62.1719658374786 77.0983199278514 84.3472679456075 91.2179549535116 90.9005403518677 92.2078490257263 94.7141448656718 97.8976885477702 103.239874045054 109.408875306447 112.966785828273 122.031311194102 136.827260255814 137.961149215698 130.602210760117 124.703884124756 124.532659848531 127.285381158193 128.313680489858 122.305105129878 119.0172235171 126.322229703267 123.915235201518 124.568661053975 130.839427312215 137.645324071248 137.533058722814 132.165104150772 138.331433137258 143.101741870244 151.261776685715 162.995358308156 169.672469298045 169.329722722371
64.4391775131226 49.237459897995 34.5952461163203 25.4860371351242 14.4758733610312 4.57504546890656 1.7239999336501 0 7.05040991306305 15.7122885187467 19.9996630350749 20.1463500658671 18.9891991515954 16.9095831612746 13.7439904113611 16.2593051791191 23.3032405376434 32.9815819859505 45.9403693675995 61.372106273969 70.6217139959335 84.3035280704498 91.0175045331319 91.7647878328959 90.7489061355591 91.1783576011658 92.2033190727234 96.5485473473867 102.046271165212 113.026668628057 121.887942155202 122.110386689504 118.237723906835 112.386703491211 111.056784788768 112.043956915538 115.703642368317 115.954746802648 114.690830310186 102.078060309092 102.340370416641 112.917363643646 126.20484828949 137.337237596512 141.574362913767 148.959845304489 157.21195936203 158.199548721313 162.370890378952 161.066989103953 157.238900661469 154.731929302216
59.2558781305949 50.9972870349884 40.1168987154961 29.1859979430834 21.3954175511996 13.9791953066985 5.13983455797036 0.859129087378581 5.21755032241344 10.4903255899747 15.9293363491694 19.9282045165698 22.9521493117015 23.8202959299088 21.1289425690969 20.8219562967618 20.5458862086137 22.9977021614711 30.2418371041616 41.7859057585398 51.7108142375946 64.8427704970042 75.1065313816071 76.2799878915151 81.1098416646322 81.3398609558741 81.4548879861832 83.5521916548411 87.6317918300629 91.4932092030843 96.1995522181193 104.65794801712 102.599640687307 102.143754561742 103.921711444855 104.73511616389 105.01633087794 108.65843296051 111.203958590825 106.321742137273 107.662379741669 113.32298318545 133.430510759354 138.733228047689 135.697503884633 137.373099724452 139.09238576889 148.96152416865 156.093388795853 151.612599690755 143.689264853795 145.422140757243
39.7224500775337 36.4613980054855 29.9000938733419 24.8354822397232 19.3823017179966 12.067956229051 9.54201444983482 8.4022544324398 5.35893067717552 2.52928988387187 5.32577683528264 14.1571424901485 24.8226746916771 32.1493496497472 34.961665670077 33.3555266261101 27.2257601221402 25.5278001228968 24.7340127825737 27.3205737272898 32.8589429457982 38.8546908895175 48.0698843797048 54.5422335465749 63.871443271637 67.7930017312368 67.936251560847 69.6004529794057 70.515364408493 75.4500329494476 73.6183325449626 75.3857592741648 83.1293811400731 88.9092286427816 94.1412250200907 96.3277419408162 96.9639221827189 102.068821589152 109.201908111572 115.752051273982 117.514053980509 119.248032569885 117.5889869531 117.944141228994 124.865631262461 134.671926498413 140.256961186727 144.481102625529 146.915058294932 150.424977143606 149.422148863475 146.876970926921
6.84650118152301 4.98170064141353 2.18845251947641 0 0 0 1.22526986524463 9.40703476468722 8.58063126603762 5.08587496976058 3.03553137928247 0 13.7686915695667 24.6392091115316 34.7294360399246 33.9478378494581 30.452253917853 27.9190987348557 24.2707629998525 22.9630917310715 23.806797961394 25.0780085722605 28.275191783905 37.4925608436267 48.4136641025543 55.0916095574697 56.9507529338201 58.814212679863 62.0398620764414 63.3911788463593 64.826637506485 64.1511629025141 65.4464115699132 67.8552687168121 75.329452753067 84.9819580713908 91.6153490543365 96.1696207523346 103.557000557582 117.47877796491 118.284314870834 114.266316095988 113.364815711975 113.25599749883 115.023712317149 118.752340475718 139.353861411413 142.33406384786 141.626417636871 145.557830731074 147.256275018056 145.208617051442
0 0 0 0 0 0 0 1.4511466336747 11.696624259154 10.6379526356856 6.2485517313083 2.85103234151999 4.46612481027842 12.6677962640921 24.3016630411148 27.7777512868245 32.7919299403826 33.149927854538 28.1333774328232 23.3302290240924 20.7460721333822 20.4308852553368 21.1426541209221 26.9867728153865 33.668411274751 40.0620897610982 43.2213246822357 45.4481939474742 50.7822483778 51.5840152899424 52.2204140822093 51.8893500169118 53.8132737080256 51.4194965362549 48.7544387578964 52.909920612971 76.2115617593129 88.6823038260142 93.2946006457011 107.201278209686 109.254072109858 105.212777853012 102.604061365128 101.261993249257 103.544612725576 101.862649122874 104.625125726064 108.740776777267 124.688416719437 137.201368808746 139.901240666707 138.435304164886
0 0 0 0 0 0 0 0 5.53186486164729 14.1738740106424 13.5906226933002 9.47245769202709 2.60227701316277 1.20821983243028 10.5885528028011 23.6536686619123 33.9458907643954 36.0750804344813 34.3350420395533 30.2624131242434 25.6326869130135 27.0134235421817 28.03951750199 28.6037301023801 30.5326581001282 31.9734439253807 35.4584703842799 40.475274125735 42.1531697114309 43.5730665922165 44.3595548470815 43.6994036038717 39.5886103312174 36.7285087704659 40.2114987373352 38.2486333449682 36.1959884564082 44.8875427246094 56.075115998586 79.2762935161591 90.2436077594757 93.7990546226501 91.4608538150787 90.28227130572 92.1007990837097 91.6819969813029 89.6677573521932 90.8508598804474 91.6591684023539 95.9705710411072 100.351373354594 120.067089796066
0 0 0 0 0 0 0 0 0 5.25583388904731 16.289871186018 19.3552734951178 16.1856015523275 9.59749644001325 8.84780660271645 19.1053388019403 28.3822740117709 37.1580868959427 42.5388117631276 41.5229722857475 36.4986111720403 35.8848099907239 33.9883913596471 34.3033870061239 35.984272758166 36.3010093569756 37.1419340372086 44.0257141987483 43.3690597613653 37.6829902331034 40.3697416186333 40.2102669080098 36.7304955919584 32.8400209546089 31.8827256560326 30.1599353551865 30.7802309592565 27.0239735643069 29.6238213777542 34.6984739104907 39.8896684249242 49.9830196301142 61.0189189513524 69.4141139586767 70.7844197750092 81.6536198059718 82.4536581834157 74.7783283392588 73.1574843327204 72.1790641546249 77.3259003957113 83.5827092329661
0.95752440392971 0 0 0 0 0 0 0 0 0.0800902344053611 14.707966397206 27.9452502727509 34.4121331969897 29.7218561172485 18.8179152707259 18.0793926119804 21.055576701959 28.9713193972905 39.9672860900561 47.61803150177 47.6619203885396 45.7993398110072 44.8809365431468 42.9027030865351 42.8106983502706 43.4775253136953 43.4506783882777 43.91082127889 44.9034720659256 39.0227089325587 35.0858320792516 34.601184229056 34.4677915175756 29.3679585059484 27.6865909496943 24.8108257850011 20.2874479194482 16.939020405213 15.7924604912599 12.7810078362624 15.6858762105306 24.8849118749301 32.8152825435003 34.7414612770081 36.1658285061518 49.8098830382029 61.3462825616201 66.7472829421361 64.737468957901 60.6492459774017 64.4949426253637 68.5656070709229
1.6096585119764 0 0 0 0 0 0 0 0 0.00400200769945513 3.80975722024838 23.5594660043716 40.3311178088188 44.1857824722926 34.0155412753423 20.9791709979375 16.4210237562656 17.9054277638594 28.0110687017441 44.0419962008794 54.8773606618245 53.2664557298025 54.5879652102788 50.8919308582942 47.2954362630844 48.9063759644826 49.6588945388794 47.0952689647675 45.6498265266418 45.2300906181335 38.4108821551005 34.9758267402649 29.1971564292908 22.9000200827916 22.4298238754272 18.9779338737329 14.5141320923964 10.0474158922831 8.9253398279349 6.22215991218885 3.41559729228417 8.49850165347258 9.0276338160038 18.7181507547696 25.0248064597448 32.3977222045263 43.205847342809 49.4644393523534 51.3383497794469 54.77441350619 56.4728478590647 61.4509284496307
0.915903598070145 0 0 0 0 0 0 0 0 0.0750684557715431 0.277875709192206 15.7056599855423 31.432365377744 43.4228877226512 45.5744167168935 39.5043889681498 33.7275216976802 27.2046501437823 21.6176609198252 27.6306221882502 44.8122918605804 55.882121125857 59.642106294632 57.7528576056162 54.74653840065 54.7813276449839 57.1429232756297 54.8789799213409 52.6184439659119 50.7030785083771 47.8086272875468 35.7124656438828 28.2471527655919 21.107184390227 15.7128895322482 12.8413985172908 8.86704338093599 6.31810041765372 4.39399325599273 3.1670272971193 1.69821890691916 0.535981962457299 4.04358717302481 6.51244446635246 12.8248929977417 24.7579663991928 31.0303966204325 36.9411508242289 43.1891630093257 46.7108289400736 51.9232898950577 56.1517377694448
0.332663184963167 0 0 0 0 0 0 0 0.36146305501461 0.610280976009866 1.2728584309419 9.82757409413656 21.7020437121391 37.303830186526 46.7752714951833 52.4465888738632 52.1014928817749 44.4827924172084 32.5972512364388 23.3123923341433 30.7179590066274 47.975351413091 55.0043682257334 58.6949288845062 61.2500260273615 62.4564290046692 64.7402753432592 67.3263470331828 62.3933176199595 57.1263333161672 46.4829454819361 41.6986445585887 31.2053437034289 21.188847720623 14.9814337491989 12.4831671516101 7.41268508136272 4.39147154490153 1.92573138823112 0.586223866169651 0.029540533432737 0 0 1.93019180248181 3.57919869323572 13.3581434686979 20.1635733246803 22.2208748261134 24.6846427520116 30.1279698808988 34.9309047063192 40.8166299263636
0.37820334546268 0.473820953629911 0.0876016759624084 0 0 0 0 0.663909362629056 1.62203966950377 7.00082257390022 12.1548399329185 12.8212682902813 18.6292231082916 23.137666285038 34.3444794416428 45.2933609485626 52.03478038311 53.57393125693 50.2705723047256 39.4392460584641 27.7452990412712 35.5646684765816 44.5089985926946 53.5595367352168 63.5610620180766 67.630872130394 70.3476915756861 68.2510683933894 67.4455960591634 59.8386625448863 49.0340093771617 39.1764789819717 31.5598299105962 19.037968168656 12.8056667745113 9.85462094346682 4.70925929645697 0.753491107995311 0.138351043763881 0 0 0 0 0 0 2.57997292404374 7.17701887091001 8.58558590213458 13.4156160056591 19.5540090401967 21.5440342823664 21.8077600002289
0.335002046388884 0.0690116091088081 0.185307386952142 0 0 0 0.141894367213051 1.21809068756799 1.90811837092042 2.13045657922824 7.97766633331776 12.0579575498899 11.7161373297373 14.9362807472547 22.4295978744825 34.4491526484489 42.9855833450953 45.4664627710978 50.1594742139181 50.7464955250422 44.6869730949402 36.189171175162 37.7015918493271 46.2653388579687 55.822342634201 62.6222540934881 68.7805165847142 69.4385468959808 61.5870306889216 52.9520610968272 49.7238834698995 38.0493874351184 25.3918220599492 18.6849708358447 9.19444734851519 4.37374661366145 1.03910554510852 0.0179033692499312 0 0 0 0 0 0 0 0 0 1.24442911085983 6.93994015455246 9.13253302375476 12.6038069526354 13.2044528921445
1.42927436778943 0.0116243803252776 0 0 0 0.0661059069291999 0.040827954459625 1.10621044101814 1.79948455964526 2.4580773897469 2.01404622445504 3.90538883705934 5.99719149370988 7.39165581762791 11.357872436444 22.4662323792775 31.5015266338984 35.7171843449275 42.2345499197642 53.1424582004547 60.3313148021698 51.7943948507309 50.5249003569285 51.8549382686615 54.1672160228093 55.798868338267 60.1537426312765 63.9139711856842 59.8189731438955 48.5379993915558 38.3418649435043 28.9260844389598 19.0400419135888 10.4979934791724 2.56280057753126 0 0 0 0 0 0 0 0 0 0 0 0 0 0 1.26639528510471 1.25215536293884 4.37478379656871
9.30500527222951 3.83739545941353 0 0 0 0 0.725574015329281 2.66425559918086 3.14384916176399 2.69777110467354 1.86055929710468 1.05938850902021 2.97976937144995 0.132120621856302 5.92351580659548 14.4518340627352 23.4882881244024 31.054675579071 37.6739626129468 47.9437013467153 54.7098120053609 64.6314372618993 70.2771594127019 70.5258299907048 63.7904107570648 55.1121135552724 51.4246126015981 51.5672067801158 54.9434920152028 42.6772137482961 27.0871991912524 16.4022992054621 9.67685381571452 0.810149901856979 0 0 0 0 0 0 0 0 0 0 0 0 0 0 0 0 0 0
33.9541037877401 27.9945606986682 9.6470732241869 3.11842995385329 0.912039540708065 0.302685735126336 3.32118105143309 3.77968512475491 3.08386298517386 2.3932255183657 2.57321276391546 6.61864317953587 7.52832802633444 6.44906361897786 7.17730696002642 11.3763486345609 19.7021663188934 27.3882995049159 32.61898458004 34.6093575159709 37.9934062560399 51.5533735354741 60.6348166863124 64.780796567599 65.6000475088755 59.1099907954534 52.3733099301656 45.0052271286647 37.8081748882929 31.0496315360069 14.9661848942439 4.30329299221436 0 0 0 0 0 0 0 0 0 0 0 0 0 0 0 0 0 0 0 0
