input/barkrak2/radiation/dir01624.grid
NCOLS 85 
NROWS 70 
XLLCORNER 665100 
YLLCORNER 4664600 
CELLSIZE 20 
NODATA_value -9999 
[rows 23 to 45 of 70, columns 0 to 51 of 85]
68.9088354508082 58.4870080153147 27.3389269908269 10.5058215558529 6.00524867574374 11.7085861663024 13.3553966879845 4.96291058758895 3.52223310619593 3.22052432845036 3.33259937663873 12.1342713634173 13.5475844144821 17.0038218299548 15.1014514267445 15.5565018455187 20.9263116121292 29.1193375984828 34.5352242390315 28.0169745286306 27.6236658294996 31.2955056627591 42.1437174081802 51.7173210779826 57.6065133015315 58.5656116406123 51.9459545612335 44.9957897265752 25.5943983793259 11.6471375028292 7.79327377676964 2.18308018520474 0 0 0 0 0 0 0 0 0 0 0 0 0 0 0 0 0 0 0 0
68.6879952748616 64.6579265594482 43.1334127982458 15.0984972715378 0 7.20215712984403 5.63065831859906 9.74431323508422 5.46343252062798 4.64457925409079 4.20285823444525 5.43663588662942 11.4743076264858 15.1722356677055 15.2901175121466 14.7844937940439 18.6203420162201 27.551348010699 32.8589528799057 27.0584349830945 25.1147051652273 22.7548504869143 29.754546781381 38.1172175208727 42.2305762767792 42.7346676588058 40.0141552090645 36.2229496240616 16.8114975094795 7.00371526181698 3.52596429487069 2.28971987962723 0 0 0 0 0 0 0 0 0 0 0 0 0 0 0 0 0 0 0 0
56.201974550883 60.3746076424917 53.2502432664235 24.3329952160517 1.71207046757142 11.4811509847641 18.3911249041557 26.0288094480832 26.6236116488775 21.2028101086617 16.7353587845961 18.2557081182798 18.2252948482831 22.2329472502073 21.2376117706299 16.8699882924557 17.7539711197217 26.7975380023321 33.3446661631266 35.1106276114782 35.7635493079821 31.8422888716062 28.9590507745743 28.9332990845044 32.0596148570379 34.0495780110359 30.4546405871709 30.823474129041 18.3856325844924 14.348196486632 11.5905081232389 14.5489250620206 9.54408446947734 0 0 0 0 0 0 0 0 0 0 0 0 0 0 0 0 0 0 0
54.8893560965856 59.7645541032155 57.4093957742055 33.1941296656926 10.7758343219757 22.9284142454465 35.3311250607173 45.1076179742813 52.438681324323 45.9279666344325 31.814731657505 33.6921413739522 29.619887471199 30.8118760585785 32.0067157347997 23.4977106253306 20.8926275372505 27.693231900533 35.6433391571045 45.4192111889521 46.3047375281652 43.3434744675954 35.9530175725619 30.676061908404 31.7315856615702 33.6388821403186 29.5162747303645 36.9922965764999 35.0278740127881 33.6683144172033 37.7147123217583 53.5850475231806 61.3830089569092 41.3801794250806 0 0 0 0 0 0 0 0 0 0 0 0 0 0 0 0 0 0
56.1951299508413 55.2580654621124 55.3018897771835 38.9362449447314 34.1921970248222 43.1613028049469 55.1064511140188 62.961146235466 63.7181748946508 53.7932018438975 40.6997750202815 35.8707383275032 32.7533508340518 33.3262930313746 35.8994255463282 31.1495512723923 26.7279098431269 31.2324414650599 44.1038111845652 48.2306927442551 45.7090387741725 37.877360979716 36.4113723238309 36.9564220309258 37.2119496266047 37.8712142507235 35.4610954721769 45.4518844683965 61.808372537295 66.1927610635757 69.743608434995 76.1878490447998 85.8831306298574 91.8004711469014 48.7528045972188 0 0 0 0 0 0 0 0 0 0 0 0 0 0 0 0 0
59.1169993082682 49.1507798433304 49.6111065149307 41.4637799064318 53.0675103267034 56.0525357723236 59.5149646202723 57.7360093593597 51.693727572759 41.6406790415446 36.4323059717814 30.4948563377062 31.368022163709 36.4849641919136 37.745825946331 40.0026316444079 33.877062300841 30.3119917710622 40.1960760354996 43.4333980083466 40.8825327952703 34.1769009828568 33.8904733459155 39.5120233297348 41.7409936587016 38.5911340514819 39.6997978289922 45.3957269589106 68.0221070845922 80.9209446112315 87.2624317804972 92.1761294205983 98.5656082630157 100.967655579249 90.8517241477966 23.8521248102188 0 0 0 0 0 0 0 0 0 0 0 0 0 0 0 0
60.3157182534536 44.5233037074407 44.5568909247716 46.0279434919357 54.8075685898463 55.6166122357051 46.6787914435069 35.0177089373271 10.1088099181652 8.22815423210462 19.1120033462842 23.6671343445778 29.0217325091362 36.904588341713 39.0701964497566 43.3035691579183 40.505329767863 28.7968466679255 31.1744883656502 34.5565751194954 33.6713443199793 33.8998561104139 33.7977483868599 39.2561828096708 44.3662603696187 41.4844503005346 43.8336084286372 45.7130620876948 61.8084718783697 83.1516583760579 96.0013767083486 100.882411003113 103.121717770894 104.034642378489 110.088805357615 90.8211668332418 18.5413584113121 0 0 0 0 0 0 0 0 0 0 0 0 0 0 0
59.4882965087891 59.9202414353689 78.0420402685801 106.119344631831 84.4287276268005 62.1925393740336 38.8282065590223 10.7192322611809 7.54146898786227 15.5854498346647 7.11273526151975 5.53578262527784 27.6823167999585 38.2700885335604 40.9745449821154 48.5257854064306 44.8998808860779 33.1871236364047 32.5137873490651 35.860002040863 33.7223460276922 37.2054651379585 38.8527860244115 41.0691102345785 46.5207596619924 50.2771933873494 48.5908587773641 51.3339738051097 63.4417633215586 86.6222480932872 102.188358704249 105.244338512421 103.367726008097 110.295514265696 118.873496850332 121.67027592659 94.9516991774241 40.3782079617182 0.82792853936553 0 0 0 0 0 0 0 0 0 0 0 0 0
70.5083707968394 100.99803407987 146.739184856415 167.149245738983 145.350615183512 98.4451870123545 55.4728160301844 30.4290999968847 26.5674044688543 30.4606010516485 23.2288663585981 20.0219253698985 28.984213868777 36.5753720204035 47.3074813683828 50.1983265082041 47.6475656032562 41.6792084773382 35.4843388001124 36.4012767871221 36.762331922849 39.631649851799 41.8603817621867 42.3834621906281 46.8100657065709 57.4730088313421 57.4741611878077 63.4095370769501 72.4079509576162 88.2821877797445 100.860734780629 107.504059871038 110.571871201197 118.813574314117 122.43515253067 121.539970239003 117.517828941345 96.0877041021983 37.2461229562759 0.101371095903839 0 0 0 0 0 0 0 0 0 0 0 0
126.237312952677 161.207854747772 186.998625596364 189.605057239532 186.265150705973 159.853001435598 121.2524274985 86.617112159729 66.0386333862941 56.0221572717031 50.7156749566396 41.6929225126902 31.3317403197289 35.0470493237178 43.7448521455129 51.3764967521032 45.4586495955785 46.293705701828 36.2642755111059 34.5205515623093 38.454070687294 39.8481761415799 40.4393722613653 41.2007520596186 45.2848126490911 57.6463093360265 63.0560715993245 69.9747155110041 79.4650067885717 87.3716175556183 97.1811314423879 107.000370820363 108.928640683492 107.420225938161 108.532011508942 102.386365334193 103.789826234182 90.3768241405487 49.1219411293666 1.40043953433633 0 0 0 0 0 0 0 0 0 0 0 0
178.820848464966 196.915507316589 201.129416624705 200.224936008453 201.737721761068 198.011338710785 175.696730613708 135.985930760702 99.9867419401805 77.8130193551381 78.6379675070445 71.6543744007746 48.6173729101817 40.5453989903132 43.0681705474854 46.6762085755666 40.8114517728488 41.296032567819 35.0231205423673 36.3536924123764 35.0960741440455 37.0387360453606 36.3758678237597 36.6325626770655 42.9894427458445 52.6057183742523 63.0921026070913 66.8420394261678 75.6060530742009 87.1809919675191 96.0797965526581 97.8034138679504 90.8046364784241 81.0570965210597 83.7329824765523 71.3663746913274 72.2469985485077 58.3538115024567 22.3039189974467 0.307075019615392 2.39030240724484 0 0 0 0 0 0 0 0 0 0 0
193.769256273905 202.642997105916 200.721363226573 203.208247820536 204.578657944997 201.992511749268 192.161520322164 161.824146906535 118.322720130285 91.8307105700175 91.6007856527964 86.6480668385824 71.0996687412262 51.1450419823329 43.8359826803207 44.3284759918849 38.958673675855 35.5030695597331 35.1396401723226 37.9199907183647 34.1754828890165 34.0812057256699 35.1811399062475 36.4891091982524 40.4444883267085 47.0010737578074 55.9275050957998 56.80846174558 65.4196639855703 81.9570769866308 89.7868275642395 87.4722599983215 83.0750962098439 76.7873227596283 70.445050795873 59.1320842504501 62.8716846307119 60.2289984623591 41.6452636321386 10.0962140907844 9.3562634040912 0 0 0 0 0 0 0 0 0 0 0
186.586240927378 191.193838914235 186.920921007792 189.100702603658 189.336975415548 183.219095071157 176.710565884908 160.616815090179 123.814880847931 102.36856341362 97.3636607329051 90.0071660677592 81.5665423870087 57.4195881684621 47.2570955753326 48.4133909145991 41.8463051319122 34.1465473175049 38.15724949042 39.3970161676407 37.2208803892136 34.6540759007136 37.4506587783496 41.3341323534648 40.724183122317 45.4693535963694 49.1310954093933 49.8642027378082 56.4509083827337 73.3677943547567 82.8561385472616 81.9336473941803 84.8655899365743 85.7065320014954 69.9168046315511 64.7573918104172 68.6986446380615 75.048158566157 69.7855701049169 32.5881292422613 0.128851097542793 0 0 0 0 0 0 0 0 0 0 0
160.31946738561 164.181073506673 166.709999243418 163.967341184616 163.337767124176 161.498884359996 166.201571623484 162.769158681234 134.897996981939 110.337297121684 100.591371456782 85.3814085324605 75.4760752121608 54.5713951190313 43.3248927195867 48.2499599456787 49.6752212444941 38.752111295859 40.8985490600268 44.3332592646281 44.1285322109858 40.0853554407756 40.9141033887863 43.969064950943 41.6232794523239 42.5404856602351 48.2150663932165 54.1063845157623 57.1489036083221 68.3784484863281 79.3814559777578 83.8274161020915 85.6440365314484 89.6344085534414 73.6019313335419 73.8681703805923 73.9261408646901 81.1949173609416 81.2986940145493 43.8612997531891 0 0 0 0 0 0 0 0 0 0 0 0
136.660526196162 146.481861670812 157.308340072632 154.455949862798 153.517514467239 160.98028421402 170.305788516998 173.857092857361 156.520158052444 124.901304642359 101.648588975271 75.9205420811971 59.4258060057958 47.8889644145966 39.5830074946086 43.7310934066772 53.784117102623 46.4696834484736 43.7964697678884 46.6790695985158 47.9871779680252 43.5627450545629 41.6994492212931 43.3502594629923 44.6671644846598 43.5135265191396 47.0695992310842 55.3029080231984 58.8222692410151 62.4406139055888 73.7415005763372 83.6982429027557 86.3471229871114 81.222931543986 70.2378898859024 81.1823109785716 84.0151607990265 87.9559020201365 87.9707435766856 63.7358923753103 0 0 0 0 0 0 0 0 0 0 0 0
100.266506274541 111.697147289912 120.038568973541 125.03852446874 133.563150962194 148.902545372645 164.763738711675 174.141744772593 169.778088728587 140.563408533732 106.582492589951 73.9351809024811 54.975966612498 51.4751424392064 44.7188814481099 39.0627905726433 49.0919649600983 50.3063499927521 44.8275605837504 44.7936008373896 45.1945314804713 42.0800447463989 39.9391328295072 41.676253080368 44.3752507368724 47.9974995056788 47.6508339246114 53.2882859309514 57.3264757792155 58.6176613966624 65.8753365278244 80.120454231898 84.9729080994924 71.859543522199 73.0681816736857 88.863343000412 93.1782523790995 92.1015242735545 91.6752219200134 87.9727800687154 35.2048526207606 0 0 0 0 0 0 0 0 0 0 0
66.006193558375 72.5122392177582 71.9026178121567 82.1202993392944 98.0176627635956 115.180710951487 130.554884672165 142.497648795446 144.972801208496 122.736404339472 87.4847273031871 62.7850741147995 50.6992091735204 49.072653055191 45.6563731034597 40.7530019680659 45.7438627878825 45.9904919068019 39.9721985061963 40.2190213402112 43.2269771893819 46.208048860232 45.3032602866491 42.0879125595093 41.5250534812609 44.4825788338979 49.0515927473704 52.0212451616923 57.2495808204015 56.4204206069311 59.0285360813141 70.8395391702652 77.1289567152659 74.0142812331517 90.4851853847504 98.037580649058 95.5734153588613 92.3681557178497 96.3882903258006 108.318299055099 100.877026716868 42.2184020280838 0 0 0 0 0 0 0 0 0 0
55.230105916659 57.2764774163564 57.0763051509857 59.0159197648366 67.844698826472 74.1623143355052 77.9256721337636 83.3001434803009 84.1433604558309 68.7295893828074 53.9823969205221 50.0792463620504 48.832967877388 46.530415614446 45.1822578907013 45.8066463470459 44.5876022179921 44.2761282126109 39.8013244072596 40.4131934046745 44.6384896834691 49.6650983889898 50.1003712415695 46.7969824870427 44.8019405206045 42.8251723448435 51.4222780863444 53.600400686264 56.7526717980703 58.1328570842743 57.5097451607386 63.0890975395838 71.2154060602188 80.7128747304281 98.2926487922668 96.4127381642659 88.7755155563354 80.7207028071086 84.1734309991201 99.5954871177673 110.637406508128 101.416220267614 54.3357928593953 3.4666961679856 0 0 0 0 0 0 0 0
63.3119841416677 60.8710050582886 61.1084202925364 60.7116570075353 57.2502315044403 55.4902901252111 54.0958344936371 55.5407851934433 60.3429575761159 52.3833682139715 45.3463842471441 46.6969509919484 50.2569129069646 50.8623371521632 49.6631761391958 48.4422942002614 43.2333697875341 49.6708701054255 50.9886294603348 47.2549547751745 49.4846006234487 49.9495019515355 48.3970542748769 50.3379851579666 52.4763117233912 48.2684274514516 52.2778332233429 55.5924276510874 56.8425605694453 57.5891335805257 59.9772334098816 63.4835710128148 69.2007690668106 84.6875011920929 92.4595097700755 87.088942527771 77.0842532316844 67.7575369675954 65.7680481672287 75.8650849262873 99.6263225873311 106.089880069097 81.5851936737696 31.9726939002673 0 0 0 0 0 0 0 0
67.6701714595159 64.873605966568 67.6241864760717 66.3603643576304 59.6367319424947 56.4406762520472 54.3544044097265 51.7001251379649 51.8701026837031 48.5877841711044 47.1774190664291 46.9211339950562 50.8741438388824 54.3397168318431 54.5597970485687 51.4664500951767 49.1135070721308 54.4136116902033 56.8195382754008 51.2423167626063 48.9612072706223 46.7089116573334 43.5673246781031 45.4803109169006 50.3322978814443 48.4549750884374 45.0198849042257 49.5654841264089 54.1721085707347 56.2292039394379 56.568110982577 58.2321186860402 67.2979354858398 85.3571792443593 89.9917085965474 76.9799003998439 67.3021227121353 63.9807879924774 63.3890082438787 71.4184989531835 78.1266788641612 80.9019555648168 68.6863511800766 38.6703858772914 0 0 0 0 0 0 0 0
52.2755086421967 54.9442768096924 63.4365181128184 60.9094699223836 63.439687093099 65.7694886128108 64.875473578771 60.5822304884593 50.8179714282354 49.4050979614258 52.495926618576 49.5026111602783 50.1561562220256 53.6259313424428 54.6595305204391 52.6118030150731 54.0505796670914 56.5628707408905 56.9652765989304 52.5763283173243 47.4411149819692 43.9900457859039 42.491947611173 42.0418530702591 45.2273190021515 49.3173996607463 44.9381520350774 46.8172381321589 50.8452703555425 52.2065808375676 51.565224925677 49.5005200306574 60.2596004803975 73.2308328151703 78.4910519917806 69.5708294709523 66.0185317198436 68.752184510231 69.7708825270335 72.1532503763835 67.6298787196477 65.7538324594498 61.0332836707433 38.2318546374639 2.70244386047125 0 0 0 0 0 0 0
50.7276654243469 56.4785997072856 59.4977637132009 60.1842602094015 61.9467149178187 64.4897172848384 64.7782435019811 61.0165297985077 56.5851628780365 52.9610613981883 54.5372068881989 52.3433983325958 49.5528976122538 48.5548675060272 47.8966136773427 48.1661309798559 45.9728340307871 52.6549269755681 53.5382727781932 52.293062210083 48.2700715462367 46.2092707554499 45.8262314399083 47.0030903816223 44.7245935599009 53.2992432514826 56.183730562528 53.658127784729 52.6481668154399 51.1272251605988 47.0182448625565 44.8323637247086 51.2485901514689 54.8866589864095 60.7816874980927 64.0822251637777 68.1188404560089 74.1539299488068 74.30133720239 68.2978232701619 67.4374004205068 62.5093827644984 59.1949472824732 42.7584797143936 14.5907861491044 0 0 0 0 0 0 0
56.8621307611465 61.5026205778122 58.6906621853511 62.0653877655665 60.6377422809601 60.7387324174245 62.4164591232936 61.0709190368652 62.3180568218231 57.9578032096227 57.3880771795909 56.8088193734487 52.5419414043427 48.0903337399165 47.2069084644318 50.6445020437241 46.0021744171778 49.8459984858831 54.2398790518443 52.9727041721344 50.2141366402308 50.1043101151784 49.0284860134125 50.3818144400915 51.8499712149302 52.6467263698578 58.0812841653824 55.5254419644674 54.3812612692515 52.8472314278285 48.3097930749257 45.1291352510452 48.2992430528005 47.4130809307098 48.1777042150497 51.7074813445409 58.464507261912 67.1777079502742 67.0622835556666 56.3427706559499 59.6117426951726 55.2920450766881 54.6533018350601 52.1466434001923 35.3831922014554 6.51612691581249 0 0 0 0 0 0
