input/barkrak2/radiation/dir03224.grid
NCOLS 85 
NROWS 70 
XLLCORNER 665100 
YLLCORNER 4664600 
CELLSIZE 20 
NODATA_value -9999 
[rows 23 to 45 of 70, columns 0 to 49 of 85]
88.2311562697093 77.2016942501068 42.9870088895162 24.8624955614408 19.4568311174711 22.5315963228544 22.1333329876264 8.84086700777213 6.81263953447342 5.38640407224496 17.0611018935839 18.5630346337954 21.9192405541738 28.5747100909551 25.1176208257675 25.6770129005114 32.8483035167058 42.4003104368846 48.782671491305 41.6643172502518 40.4466986656189 44.8848058780034 56.6417177518209 67.640632390976 76.0685602823893 77.6953945557276 71.6096957524617 58.7418327728907 39.8625805974007 19.4795566300551 14.6413582066695 6.4739336570104 0 0 0 0 0 0 0 0 0 0 0 5.14299484590689 9.13957444330057 15.2904503047466 17.777902384599 16.909354676803 19.2902311682701 24.0694334109624
87.6518189907074 83.43638976415 60.5457971493403 29.8212667306264 12.9405222833157 21.881565451622 22.101732591788 20.3158495326837 15.4817439615726 7.21026336153348 8.23029316961765 17.8923544784387 19.8815067609151 25.8291860421499 24.8332197467486 25.2397879958153 30.977688729763 39.3876160184542 46.9828397035599 39.8770123720169 39.0964671969414 35.7440759738286 44.7349001963933 52.4262686570485 57.4987828731537 58.8832745949427 57.8837096691132 50.1983165740967 29.4254124164581 13.8337997098764 8.56033091743787 6.54913236697515 0.00681655486308349 0 0 0 0 0 0 0 0 0 0 11.4120046297709 10.3558916598558 9.11485031247139 9.945347905159 11.7868905266126 15.0703179339568 15.6355326374372
74.0298132101695 78.6925405263901 71.5289364258448 39.9072021245956 12.9064172506332 22.4779645601908 28.9089530706406 36.8991692860921 36.9738340377808 28.6079496145248 23.7316340208054 26.4200170834859 26.6008923451106 32.30103602012 32.2285791238149 28.0615811546644 29.6559209624926 39.4915193319321 47.2437640031179 49.3086278438568 50.1020898421605 45.5443014701208 42.5460040569305 43.3967411518097 46.7193077007929 49.1645683844884 45.3777809937795 45.8195060491562 28.3003623286883 23.299274345239 19.8849774897099 24.4310647249222 18.2601151367029 0 0 0 0 0 0 0 0 0 0 12.2690921028455 3.47321232159932 0 1.5878484894832 4.73496317863464 9.07142646610737 7.88868963718414
72.6949075857798 78.0385335286458 75.8498758077621 49.6708154678345 25.8953968683879 36.0150014360746 48.333798845609 58.0546607573827 65.5885239442189 56.5905272960663 39.2323136329651 42.1915749708811 39.8568386832873 45.1229910055796 44.5351451635361 35.178874929746 32.8844984372457 42.4006630976995 48.9443689584732 60.5980654557546 61.4352325598399 58.1868986288706 51.2247184912364 45.432835817337 46.8521316846212 48.8791366418203 44.8417166868846 51.8586387236913 48.6592203378677 47.1071650584539 52.4655332167943 70.8088080088298 79.3956617514292 58.1287393967311 0 0 0 0 0 0 0 0 6.22746100028356 1.63958749423424 0 0 0 1.39635258043806 1.26570168261727 3.58883632967869
74.2832173903783 73.1134017308553 73.2839405536652 55.8729271094004 52.4364660183589 57.3152204354604 69.3680047988892 74.3640810251236 77.3689995209376 71.6272195180257 49.7894138097763 47.5834608078003 44.8292990525564 45.0099060932795 47.8613972663879 43.6976055304209 39.6092807253202 45.9458976984024 58.0961406230927 63.6665175358454 60.9820832808812 53.4806897242864 51.5278875827789 52.2378782431285 53.2658596833547 53.7338902552923 51.1548717816671 62.2296581665675 78.8894593715668 83.5238496462504 88.4033938248952 96.2038437525431 107.146869103114 114.090373118718 67.6914950211843 0.856200000271201 0 0 0 0 0 11.1334683994452 11.133074760437 0 0 0 0 0 1.08099395098786 0
77.3177941640218 66.1755899588267 66.8378571669261 58.9600106080373 72.3758041858673 70.5515791972478 71.5603977441788 68.8513666391373 64.649631579717 53.233544031779 46.32468521595 41.366271674633 44.0513143936793 46.1319039265315 50.8461693922679 52.7486552794774 47.4362423022588 44.047291080157 55.6021134058634 57.6118330160777 55.14195561409 49.253836274147 48.931673169136 54.9247513214747 58.1538081169128 55.0317416588465 56.2940786282221 62.590812643369 86.1455996831258 99.6121962865194 108.196357885997 113.266080617905 121.446371078491 124.684949715932 114.018569389979 40.1659881075223 0 0 0 0 0 2.32636649161577 1.93346369390686 0 0 0 0 0 0 0
78.2914708058039 60.7856561740239 61.1811429262161 64.4493003686269 72.8678554296494 68.8213010629018 57.990700006485 44.6557601292928 34.0169270833333 27.8840586543083 27.4993106722832 31.514306863149 39.3274625142415 46.543687582016 51.867867509524 58.6362729469935 54.0882001320521 41.3852532704671 46.1521645387014 48.9467978477478 48.6522664626439 49.0060498317083 49.0584671497345 55.0150523583094 61.5352392196655 58.4867795308431 61.1890504757563 63.1059855222702 79.8042317231496 103.110293547312 117.587159077326 123.790999253591 125.864247481028 128.127237161001 135.649025440216 115.438600381215 33.9952657620112 0 0 0 0 0 0 0 0 0 0 0 0 0
76.8895943959554 77.7869522571564 98.3777344226837 129.48023279508 103.751838207245 75.2863784631093 50.2100984255473 27.9025211930275 14.0479778250058 22.3639607429504 20.2804232637088 15.2396013339361 38.0853861570358 48.20583264033 56.9808085759481 61.6876135269801 60.2700759967168 47.7066536744436 47.0956613620122 50.3350794315338 48.6265867948532 52.1983653306961 54.7975053389867 57.2114288806915 63.4475946426392 68.2506859302521 66.5238052606583 69.0315415461858 82.0097923278809 107.650170723597 125.723898410797 129.879693190257 126.384566227595 133.867532014847 144.669344027837 150.804092486699 120.763341585795 59.1290990511576 5.53938187658787 0 0 0 0 0 0 0 0 0 0 0
89.466800292333 122.664858897527 170.328279336294 191.49774312973 168.493032455444 115.025003751119 69.7793712218602 40.8840576807658 34.3969737490018 39.2153188586235 31.2195072571437 26.5329629182816 37.0033259193102 46.4997490247091 59.0960631767909 65.9411052862803 62.4647289514542 56.1558703581492 49.8477468887965 52.3550560077031 51.8854409456253 54.5471409956614 56.9988787174225 58.7762892246246 63.8774285713832 75.5437711874644 76.3392597436905 82.0283591747284 92.188706000646 110.472202301025 124.936431646347 132.571985324224 134.474893411001 141.846557458242 145.794788996379 149.288634459178 144.255896409353 121.525138616562 55.5016895135244 4.10629281153282 0 0 0 0 0 0 0 0 0 0
149.050335089366 184.660017490387 209.58944161733 211.939374605815 208.286941051483 179.488996664683 137.940625349681 99.7712314128876 76.7716318368912 66.2074784437815 61.3921185334524 50.2696931362152 39.4526446859042 43.7941749890645 59.5991512139638 66.7678366104762 60.7390354077021 61.3778481880824 51.2096633513769 50.3726800282796 53.6140004793803 55.6480636199315 56.4854542414347 57.5088560581207 62.1817409992218 76.6159196694692 82.4512739976247 91.0195012887319 100.020895401637 108.265896638234 122.45633204778 132.516374190648 134.430915117264 131.263881921768 132.669697205226 125.534554322561 129.089703162511 115.215241909027 69.1909641027451 18.1268230080605 0.860133673995733 0.943677344669898 0 0 0 0 0 0 0 0
201.690276463827 217.518846193949 222.16276327769 221.213340759277 222.201983133952 216.033558050791 193.966686725616 150.697499513626 112.658441066742 90.7545685768127 93.3908422787984 80.0021092096965 58.32905570666 50.634374221166 58.8776767253876 62.5797758499781 57.0360720157623 57.2494169076284 51.2067377567291 51.8342206875483 49.7801055510839 51.7439196507136 51.4489064613978 52.1999696890513 58.8050335645676 69.2787965138753 81.4783672491709 85.5593880017598 95.9429542223613 107.239802678426 119.280755519867 123.855988184611 115.035951137543 103.158255418142 106.195708115896 91.0731355349223 92.3161109288533 76.8761734167735 41.5967255830765 9.18558239936829 9.87578245500723 7.13313991824786 0 0 0 0 0 0 0 0
215.975403785706 223.876794179281 221.641262372335 223.849435647329 223.231673240662 220.444639523824 212.4209801356 182.504216829936 133.718679348628 102.967451016108 105.405896902084 100.032985210419 83.9774509270986 64.4450585047404 59.789165854454 61.368594566981 54.8086861769358 50.5456527074178 50.6732066472371 54.2666018009186 49.7794548670451 48.795943458875 50.3189464410146 52.5210450092951 56.7091802755992 63.9348278443019 73.64588479201 74.7399429480235 84.0834081172943 101.764758427938 111.250191926956 109.607358773549 104.778051376343 98.0449318885803 90.7849371433258 77.1274665991465 81.2544127305349 78.384131193161 58.4246218204498 23.8659208019574 19.9750699102879 24.0057110786438 0 0 0 0 0 0 0 0
209.469119707743 213.716904322306 209.204475084941 211.344599723816 210.3085120519 205.697019894918 199.222187201182 181.997140248617 141.10932747523 116.342455148697 110.366572936376 106.01610938708 98.4294712543488 73.91057908535 63.1147573391596 65.628319978714 58.9746783177058 50.1567671696345 54.0523082017899 55.1535834868749 53.1858603159587 49.3962814410528 53.4939467906952 57.7034453550975 56.3034663597743 61.4006171623866 66.3435161113739 67.2306517759959 75.1184771458308 93.5695767402649 103.784511486689 102.515319983164 106.119215488434 107.827514410019 89.811513821284 83.4886829058329 87.9564881324768 95.3610936800639 89.6493593851725 50.451248884201 17.3479244112968 0.355023968343933 0 0 0 0 0 0 0 0
185.83740790685 188.755253950755 191.228250662486 187.290747960409 186.943630377452 184.890786806742 188.320398330688 184.944053490957 152.871032555898 126.789023478826 111.058612664541 98.7450083096822 91.8574829896291 71.0775206486384 59.2915415763855 65.1857554912567 67.6676531632741 55.319865544637 57.4430127938588 60.4756623506546 59.918224811554 55.3058336178462 56.4492146174113 59.7929060459137 57.9461753368378 58.2322875658671 65.5208379030228 71.0846036672592 74.9714771906535 88.164210319519 100.053727626801 104.630182186762 106.202890475591 111.983716487885 93.6044454574585 93.6576326688131 93.513160943985 102.91975736618 102.53914197286 62.6541723807653 6.94479669133822 0 0 0 0 0 0 0 0 0
161.764353513718 171.858211358388 182.82687664032 178.849796454112 177.971482276917 184.632996718089 193.44707330068 194.842537244161 173.871060212453 140.185574690501 116.268535455068 91.555376847585 76.3066907723745 64.7582511107127 56.3761740922928 60.2873067061106 71.5613514184952 63.129593928655 60.7561568419139 63.6605868736903 64.2430533965429 60.0999643405279 57.2321315606435 60.0165625413259 61.4745418230693 60.918465256691 63.2570286591848 73.1213341156642 76.8579492966334 81.6385646661123 93.9613580703735 104.570964972178 107.11266597112 102.363328138987 89.8627539475759 101.922372976939 105.372915665309 110.344598690669 110.670159260432 83.6134950319926 0.613490740458171 0 0 0 0 0 0 0 0 0
123.762180407842 135.771860678991 144.449204206467 149.679929018021 157.746841510137 174.173851807912 187.953889369965 196.81312640508 190.207064151764 157.668352127075 123.473256826401 92.7335719267527 73.4178225199382 69.739356637001 61.4905307690303 55.2656948566437 66.0756131013234 67.5048182408015 61.192587018013 60.8914146820704 61.5226924419403 58.6066941420237 55.4582178592682 57.5862775246302 61.0571553309759 64.9944643179576 64.7283097108205 70.1502313216527 75.1919051011403 76.4615833759308 85.3618184725444 100.796242554982 105.487813552221 90.5317266782125 93.4922496477763 113.068729639053 115.839699904124 113.237082958221 114.368071158727 110.223710536957 52.8504351774851 0 0 0 0 0 0 0 0 0
87.099293867747 94.2606826623281 93.8936670621236 104.43714261055 121.322423219681 139.296183983485 155.279934406281 167.458832263947 167.782386144002 142.547527949015 106.693506240845 82.2295645872752 68.682720263799 67.3872331778208 63.4936590989431 57.9602718353271 62.6078546047211 63.0743205547333 56.1188558737437 56.0725629329681 59.1665208339691 62.3631079991659 62.2157553831736 57.9524586598078 58.0766797065735 60.5339159568151 66.2228961785634 69.4289753834407 74.2450803518295 74.0320781866709 76.8084526062012 89.6591146787008 97.7622469266256 93.4728980064392 112.638682126999 124.526937802633 121.358662843704 114.688575267792 117.4303094546 135.409782330195 124.350746472677 63.0424718062083 3.79867479205132 0 0 0 0 0 0 0
75.5807260672251 77.8512159983317 77.7253210544586 79.9997349580129 89.1917447249095 95.4450170199076 99.8071233431498 106.123189131419 106.119980414708 89.3592039744059 73.0436394611994 68.4711386760076 67.517414689064 64.3772979577382 62.5229875246684 62.7032568057378 62.1436188618342 61.6684357325236 56.8577150503794 56.293785572052 60.6837819019953 66.1024153232574 67.4356619517009 63.2401406764984 61.0271195570628 59.4540387392044 68.808580438296 71.0693746805191 74.4936714569728 75.0131507714589 75.1286099354426 82.220380504926 91.2958780924479 101.497073968252 120.173762241999 121.440023183823 113.434116045634 102.93984413147 105.735997358958 122.154692808787 137.116432189941 125.753810008367 72.1982022126516 11.3866180181503 0 0 0 0 0 0
84.3118329842885 81.6507637500763 81.9044907887777 81.5656731526057 78.0731588602066 75.9056657552719 74.2241541544596 75.6807426611582 80.6668202082316 72.5613137086232 64.4206702709198 65.6344046195348 68.9367949962616 69.0004527568817 68.0568714936574 65.811629096667 60.2960387865702 68.0452883243561 69.052591919899 64.5243624846141 65.6877259413401 66.3818418979645 64.9546682834625 66.9442415237427 69.1437423229218 65.4533058404922 69.6141868829727 73.3508169651031 74.5603342851003 76.247160633405 77.7477125326792 81.6851605971654 88.5185301303864 106.51300350825 115.557352701823 109.283904234568 99.0569094816844 88.361918926239 84.6579869588216 96.5140064557393 124.910245339076 134.249687194824 104.132235050201 46.3462024927139 2.03903578221798 0 0 0 0 0
88.9227092266083 85.837463537852 88.8251264890035 87.478776772817 80.5028180281321 76.9666930039724 74.6608724196752 71.587140361468 72.0492700735728 68.3785974979401 66.9128994146983 66.4267589648565 70.0955937306086 73.8186339537303 73.3077128728231 69.8752552270889 66.5649573008219 72.8599776824315 75.2416749795278 68.8382387161255 66.1496818065643 63.9240841070811 60.6238692998886 62.4430179595947 66.9250637292862 64.0035569667816 61.965932448705 66.8411801258723 71.8250920375188 73.7616072098414 75.0520527362823 76.0032882293065 86.6151849428813 106.274882952372 112.937231858571 97.7761149406433 87.2607032457988 84.2889646689097 83.4121803442637 92.9054121176402 99.74072376887 102.750241756439 89.9232427279155 54.9592872460683 5.85384294390678 0 0 0 0 0
72.7674265702565 75.4221826791763 84.2385490735372 81.7188521226247 84.1978092988332 86.7644051710765 85.973064104716 81.6366126139959 70.6653445959091 69.3431546290715 72.6737876733144 68.8560158014297 69.9045111735662 73.7456580003103 74.1508106390635 71.2174276510874 72.5432137648265 74.4118591149648 74.8301595449448 70.6463903188705 65.0082230567932 62.0402197043101 59.0199778477351 58.7076246738434 61.4243497451146 66.0601804653804 60.4205429553986 63.0340874195099 69.0524180730184 70.3793217738469 68.6956346035004 67.1837031841278 78.1533469756444 93.1884944438934 98.6346006393433 88.2266263167063 84.7420891125997 90.1812513669332 92.8896864255269 91.9309953848521 87.8734489281972 86.5200161933899 81.2297264734904 54.67888712883 10.6420405209064 0 0 0 0 0
71.040337284406 77.1041959524155 80.1189988851547 80.8285723129908 82.7887455622355 85.1987799008687 85.6568912665049 81.8649629751841 77.3070404926936 72.9560603698095 75.009822845459 72.4924405415853 69.2852586507797 67.5566593805949 67.3736979564031 67.5852298736572 64.46939210097 71.0042715072632 72.8078683217366 70.4274078210195 65.9763018290202 63.9218787352244 63.3152971665064 64.2432620127996 61.66044374307 70.1615115006765 73.1476147969564 69.4779654343923 68.3094362417857 68.4406658013662 64.6137893199921 61.9868040084839 68.3579742908478 72.9182064533234 79.0831545988719 82.1756422519684 86.6114099820455 94.6221947669983 97.7382759253184 89.5323554674784 88.4603063265483 82.5421909491221 78.6889245112737 59.3909273544947 27.0305871963501 0 0 0 0 0
77.6077806949615 82.3107312122981 79.3066124121348 82.9666952292124 81.3170025746028 81.5137525399526 83.0121139685313 81.7201286554337 82.8196207682292 78.3794820308685 77.727198600769 76.9108434518178 72.7062920729319 67.7538961172104 66.7077203591665 70.438489317894 65.9100661675135 68.355788787206 73.5674152771632 72.0670719941457 69.0395037333171 68.2800362507502 66.6890641053518 68.8523153463999 69.2481994628906 69.1156536340714 76.2247244517009 73.3938316504161 70.5636193354924 68.8293476899465 66.0545925299327 62.3197853565216 65.7388915618261 64.5756771167119 65.0436778863271 68.4899091720581 76.0403374830882 86.9578917821248 89.6040399869283 75.5170583724976 77.9796143372854 73.941707611084 72.9277282953262 70.0208892424901 50.8614281813304 18.4139373401801 0 0 0 0
