input/barkrak2/radiation/dir07824.grid
NCOLS 85 
NROWS 70 
XLLCORNER 665100 
YLLCORNER 4664600 
CELLSIZE 20 
NODATA_value -9999 
[rows 40 to 59 of 70, columns 0 to 45 of 85]
174.360712369283 177.075544993083 176.923791567485 178.837378819784 187.377055486043 193.979978561401 196.44550482432 202.188531557719 201.280256112417 183.151523272196 168.670614560445 163.619736830393 162.535617748896 158.087809880575 156.430621941884 155.146867036819 155.772686004639 155.231505632401 148.205091555913 147.734224796295 152.207185824712 159.763594468435 161.231418450673 156.264811754227 153.634945551554 151.409755150477 163.654824097951 167.145510514577 172.152201334635 172.351737817129 172.07262913386 179.626266161601 175.786117712657 189.152916272481 216.14929040273 216.045697530111 203.158895174662 193.032185236613 197.392165660858 210.693856080373 226.721405982971 238.949954509735 193.514108657837 105.81644376119 51.5165229638418 30.5628379185994
183.902740478516 180.827558040619 181.087334950765 180.054247379303 175.535877545675 174.016296863556 171.006282170614 172.26246992747 177.117129166921 167.260964711507 159.788797299067 160.135954618454 164.096146821976 163.014074166616 161.400258541107 157.725622256597 153.733174006144 161.316692829132 162.100652853648 155.216455459595 157.118717829386 158.046782016754 158.526241779327 160.400172074636 162.767469882965 156.891683737437 164.381047089895 168.579200903575 170.745352904002 173.885643482208 175.272325674693 179.410258928935 181.241432825724 199.09405708313 211.010654767354 194.937030474345 181.118706862132 175.126691659292 174.184282620748 186.558266480764 221.169670422872 239.301244417826 218.641400337219 157.820492982864 83.9020013809204 51.4542708794276
187.874873479207 185.235857963562 187.95371055603 185.425917307536 179.042915503184 175.569037596385 172.488152980804 167.40075747172 167.56276289622 163.817276557287 161.969602108002 159.533480803172 164.170444011688 167.190829912821 167.100131511688 162.774304548899 160.082956155141 165.106882651647 166.621506214142 159.948319196701 156.672497590383 155.034800370534 152.86922454834 154.250065485636 160.541991392771 156.474928061167 152.867714564006 161.144385735194 166.472017765045 169.452826182048 172.139167785645 171.602527300517 180.923700332642 202.63679822286 208.394328753153 183.060308297475 168.571889400482 167.954325675964 173.442701498667 184.499939282735 194.0083305041 196.646471818288 185.640772183736 154.618312915166 95.6881145636241 40.4553214708964
172.730545202891 174.460093180339 183.286845684052 181.045611699422 182.983597119649 185.358941555023 184.01563167572 177.76217063268 166.718145211538 164.337456226349 167.855342229207 161.8745525678 162.624021371206 165.9843424956 167.399148146311 163.390815258026 165.221164623896 166.739960511525 166.499455769857 161.579976479212 155.119210481644 152.47909228007 151.115228732427 149.657934904099 152.396361033122 158.09820095698 152.23969022433 156.599203745524 162.192632754644 164.361129204432 164.447546005249 161.322722832362 173.681219418844 190.693875153859 186.867038408915 171.169797579447 165.972868601481 176.293194293976 184.40314133962 185.573955376943 180.449962615967 178.240656852722 166.368504365285 144.090473651886 96.3039596875509 36.6965010762215
170.423487822215 176.008184750875 178.463061650594 180.021484692891 181.927144527435 183.607399463654 183.954854806264 179.061571756999 173.914988835653 168.948570887248 169.584234555562 165.225267410278 161.633918682734 159.455329179764 160.07266441981 159.132192532221 155.688414971034 162.469277779261 163.739492495855 161.961456139882 156.804988781611 154.742618401845 154.921323060989 154.533833265305 151.235709587733 162.385731935501 165.360182523727 162.240455547969 163.548231124878 162.129720052083 157.007882992427 155.024528503418 161.427875359853 166.109909613927 165.594637393951 164.650360743205 169.331570466359 184.654951095581 189.722081025441 181.952198346456 180.36695321401 168.298761049906 162.627647320429 142.696460088094 110.070010026296 64.3161882956823
176.124632358551 181.208272775014 177.727023760478 181.816041469574 180.550316969554 179.581920305888 181.425293286641 180.045882860819 179.85999584198 174.814383188883 172.312259674072 171.504894892375 165.2672290802 161.120543877284 159.065087636312 162.029584248861 155.789454778035 158.385962247849 163.563996553421 162.998378276825 159.470478693644 158.585786819458 158.265769481659 158.556997776031 159.034828344981 160.392781098684 167.506754398346 165.725866953532 163.432757059733 162.081897258759 158.5333943367 154.300510883331 158.336400985718 155.731707811356 149.524052937826 149.662812550863 158.51084391276 177.118917306264 175.003031889598 161.425640185674 168.463587760925 158.546715974808 155.57740132014 153.108884890874 137.435307105382 98.107119401296
175.353546937307 177.558700243632 179.844756921132 182.583669821421 182.719628016154 181.201060612996 183.303872744242 185.391883055369 180.50213654836 178.618470827738 175.796866416931 175.030509630839 169.904987017314 167.016744613647 164.992392063141 167.896687984467 165.326098601023 158.143252134323 164.511094490687 164.647022883097 161.031226317088 161.372393369675 161.307175954183 156.945407390594 164.998948574066 160.052398840586 161.205550034841 163.498381773631 163.251906633377 162.783116102219 160.868465900421 158.215393622716 157.478094100952 154.752552509308 151.285409927368 149.987727403641 153.699368238449 162.951529026031 164.7569835186 163.93913825353 164.046704769135 154.834647973379 159.276197353999 168.481628100077 161.186804374059 125.287254651388
169.069568316142 171.741048494975 177.022576332092 179.719487826029 183.837175369263 183.985491593679 181.800365447998 181.012888749441 181.025783220927 182.713747024536 177.983522415161 172.99356063207 171.698669592539 171.841184298197 167.649428049723 165.813952684402 165.400713682175 155.708014965057 160.905043284098 164.276013771693 160.168915987015 160.006016492844 163.882235685984 153.281182050705 158.951789140701 158.81543358167 155.314127604167 157.812893390656 160.772750775019 161.605387926102 162.411004304886 162.372529506683 155.97078204155 159.295896689097 166.119496027629 167.729953924815 163.527727127075 162.109742561976 166.098703940709 177.695473035177 166.232844193776 157.019873460134 164.407392342885 170.249283313751 164.024323225021 143.645048141479
160.95107793808 164.443224668503 169.905066490173 174.550414085388 181.475122769674 184.4415863355 181.643644968669 178.477883338928 181.742648283641 183.780709902445 180.896004041036 175.205886363983 173.265775044759 172.693391640981 170.160551865896 164.042373498281 162.245134512583 155.982474486033 159.834305445353 164.314458767573 164.535015821457 163.126180569331 164.263755083084 159.203976392746 158.546189467112 162.355770667394 158.122221628825 161.628544330597 168.024738629659 173.173209031423 177.937845389048 179.229199886322 168.460687001546 170.587678750356 178.735633691152 179.923435052236 180.707494417826 172.539591789246 170.568267504374 173.145870367686 163.330535093943 155.349334081014 152.852614720662 151.888817548752 149.88253513972 148.888170719147
160.714626312256 156.942317883174 162.456144889196 170.61980565389 176.902910073598 181.200861930847 183.374365170797 185.638229052226 184.839129447937 179.968039194743 182.572603225708 180.988868077596 177.107254664103 173.037846883138 171.63207133611 166.195313135783 163.163264592489 157.578150431315 162.485520044963 167.899330457052 168.93595457077 167.670448621114 163.722862799962 165.431678295135 158.617118994395 163.028021653493 163.592288891474 167.815188566844 174.709697564443 184.683740139008 192.854503790538 196.334799130758 185.548027356466 182.422041893005 179.426153500875 182.405789693197 184.834917386373 184.107581774394 173.123101393382 161.390801270803 152.247458696365 154.16356921196 152.588824431101 146.953364213308 143.13343167305 147.861818472544
161.860068639119 164.427042007446 166.1217212677 173.834323883057 174.37618970871 175.846636295319 183.16795428594 188.341915607452 186.982373396556 186.180492242177 184.478382269541 184.830625851949 179.551601409912 173.673530419668 174.052437146505 176.387190818787 167.170385519663 165.141850709915 165.995965401332 172.357559204102 173.139313856761 170.074502627055 166.105111440023 166.788776715597 159.580012162526 166.266789038976 170.029540856679 170.903881390889 178.461790084839 184.739271799723 196.274956067403 203.719099362691 195.451498031616 184.392094612122 170.650998751322 172.007004419963 181.857228279114 187.122861544291 176.545023918152 154.735565185547 146.851489941279 156.578173240026 159.97447570165 154.583752155304 148.89524380366 145.409613847733
161.551207304001 171.531180540721 174.07763004303 176.309665044149 175.75865983963 173.794825871785 181.45873149236 186.497906843821 186.392982800802 189.777612686157 188.034474849701 186.254978179932 183.911462624868 177.360355854034 174.520214398702 182.797352472941 174.962739149729 167.643944422404 164.816280206045 168.56571038564 171.270926793416 169.395168622335 167.395710945129 163.26970855395 158.49561492602 160.51721572876 165.423293908437 166.434288024902 168.916384379069 176.293015480042 184.771259625753 196.081896622976 192.252576351166 171.270350615184 137.177924315135 129.39598162969 150.064766407013 174.177567164103 183.027148246765 179.644624392192 174.594442049662 166.974643866221 150.275895992915 146.38497432073 155.64759572347 146.489351987839
164.755920569102 162.280182043711 162.638694047928 166.000972191493 174.047748247782 177.709360917409 177.951693534851 183.953205744425 183.88694524765 187.258680661519 187.133073806763 189.385970433553 187.975645065308 181.16295337677 177.668551603953 176.762859026591 177.754878997803 167.05725590388 161.223411560059 162.467400232951 162.035991748174 163.331379493078 163.859019676844 157.619973023733 156.750738620758 155.847549438477 157.549858093262 156.607707341512 156.693696975708 158.842861652374 163.160512844721 178.31697066625 175.498962402344 148.031045993169 110.838731129964 90.5651052792867 99.289337793986 129.958013693492 166.054040193558 180.994133154551 182.735204696655 166.287899017334 144.112457831701 140.823761622111 149.734000364939 135.775119066238
169.841408729553 159.076740344365 155.050883690516 161.215702692668 173.105676968892 182.470758756002 180.42782942454 182.705799738566 184.22402938207 184.336384137472 186.309536298116 189.458767573039 190.661728382111 187.316060066223 181.537051995595 178.773363431295 180.482765038808 170.410950978597 165.191014607747 168.329695860545 167.681515216827 164.473215738932 162.651042143504 158.440053462982 155.86123863856 154.282838106155 153.962512811025 154.527028401693 151.169250408808 147.425790627797 138.378173112869 147.171944379807 147.4616030852 126.926104227702 110.487202803294 91.5074944496155 71.8339532613754 79.6620051066081 104.11012172699 141.265471776327 164.864063262939 154.227445522944 143.245905637741 138.306518395742 130.162795384725 121.088236570358
172.010858853658 165.463467439016 160.433024168015 165.334095557531 175.122578938802 184.461911519368 186.802844206492 183.683673540751 187.223176161448 185.56155761083 188.466986020406 189.364095528921 191.662847995758 192.041118939718 184.307754039764 183.281222979228 184.827327728271 176.748474438985 171.309550603231 173.00554116567 173.132121562958 168.479820092519 165.647904078166 164.75451985995 158.835570017497 158.106466134389 156.081646680832 153.40468287468 149.356842041016 144.212484359741 131.408095359802 136.281549930573 139.22440012296 136.988341808319 136.2577577432 125.320156415304 96.97092572848 79.5148859421412 73.2722282409668 88.8500610987345 125.394552946091 129.628797372182 118.125607570012 103.346168994904 100.962539513906 109.527130921682
176.568547884623 174.340983231862 168.462216854095 164.266804854075 170.518159866333 183.937668800354 186.125814914703 184.698979059855 185.22838751475 190.238992373149 195.563673973083 197.014431158702 194.84027226766 194.456775983175 189.517239729563 189.679443836212 189.824302991231 184.855977694194 178.596874078115 175.766905148824 173.645039399465 171.909908453623 172.733505566915 174.423972765605 169.634938240051 165.192623933156 158.914824326833 150.111536184947 141.336043675741 138.263483842214 137.564977010091 141.855498154958 145.552843809128 155.471672614415 163.081298271815 163.640320301056 153.401772181193 135.828038056691 116.695612668991 84.035446246465 93.727966149648 113.910983006159 113.488376140594 101.035515467326 102.417459090551 121.053040027618
180.0350745519 179.033637046814 175.573110580444 169.442037741343 168.266375859578 180.998047192891 185.118873914083 185.736397902171 183.599750200907 191.970586776733 199.890116850535 199.2067694664 195.453723271688 196.760813395182 195.579687754313 188.602268695831 190.603852272034 187.439779440562 182.289699713389 180.237134297689 178.819596767426 178.509076436361 175.151209036509 173.520803451538 170.973896980286 164.372464021047 143.784821033478 120.713909467061 115.507751703262 123.397290706635 134.748647610346 138.466566801071 143.941988547643 150.090078512828 162.524084250132 176.861643791199 181.670606136322 178.316871325175 179.581999778748 129.553725322088 99.1064508756002 117.187450329463 134.858469168345 138.245473305384 140.117992957433 154.908160368601
179.722209771474 177.173614501953 179.804941018422 178.034285704295 173.664410909017 177.661657333374 186.846196651459 187.528828779856 184.91252263387 191.237886746724 199.269016583761 200.216948986053 194.686969121297 196.264465649923 198.37886095047 189.446489016215 190.37801027298 187.597076098124 184.516807397207 185.252010822296 185.962796211243 185.61049302419 180.51940202713 171.900868415833 171.196083227793 169.704874356588 147.955387830734 124.563217163086 122.123817602793 130.982577800751 144.901216030121 146.37565612793 155.289351940155 166.04412595431 181.852678457896 183.134317398071 173.557082811991 139.668067296346 117.640346288681 131.292293469111 130.044122536977 145.860771338145 149.372706810633 132.340172926585 121.045450369517 135.379046201706
168.254415194194 176.062067349752 178.151726722717 179.053207238515 177.575250466665 174.027760823568 186.390360196431 191.563864549001 188.917915026347 191.796898841858 196.370204289754 197.996358076731 197.036782900492 193.14044713974 195.323685805003 190.897683302561 186.430811882019 188.454667727152 190.624356269836 192.308942476908 193.779051303864 188.094099362691 186.187148094177 179.640412330627 178.755780061086 178.746084372203 172.675530115763 163.431743780772 163.276880979538 167.636036872864 164.731025695801 157.410939534505 169.166127840678 181.815266609192 172.767241795858 161.606550216675 142.166078090668 86.6311490535736 63.4359121322632 98.2807179292043 134.119778871536 156.842072804769 150.452077388763 135.194013516108 125.711480776469 132.09726413091
157.014826933543 173.119187355042 176.54291788737 177.473068237305 180.184880892436 175.088842709859 182.01877673467 191.561341285706 200.38644472758 198.675135771434 197.68359263738 196.858286857605 197.866320610046 196.134765942891 195.431351661682 192.528923352559 187.188545862834 187.48813867569 185.292621453603 182.900706926982 184.921503067017 184.175372123718 183.388253053029 182.261109352112 182.291050752004 188.340604305267 197.935044765472 201.992392539978 186.202863852183 182.576656341553 169.442574183146 159.629821777344 164.102951685588 154.847115278244 122.986257076263 84.1610829035441 80.8868259191513 69.5340484380722 53.1144688526789 55.8526267608007 80.671618382136 119.458029667536 148.355782032013 169.812937577566 188.268085320791 185.155689716339
