input/barkrak2/radiation/dir07724.grid
NCOLS 85 
NROWS 70 
XLLCORNER 665100 
YLLCORNER 4664600 
CELLSIZE 20 
NODATA_value -9999 
[rows 40 to 59 of 70, columns 0 to 45 of 85]
172.025422255198 174.734691778819 174.582223097483 175.390044848124 185.127437114716 191.764314969381 194.298803806305 200.090845425924 197.500209013621 181.096434593201 164.97262318929 161.423981189728 160.338749488195 155.920207500458 152.699251969655 153.055806954702 152.030338843664 153.071800867716 146.102329095205 145.675212144852 150.182376305262 155.899266401927 159.194787343343 154.208739598592 149.875193834305 149.363726377487 159.925003846486 165.091514587402 168.590088685354 170.301079750061 170.041064421336 176.371932029724 173.965354760488 186.917761961619 214.475254217784 211.954931418101 194.535175959269 191.163897514343 194.211979707082 208.010892073313 225.087563196818 236.958046754201 190.308431784312 103.613416353861 48.6245801051458 28.2148669163386
180.484116077423 178.505857785543 178.76672744751 176.56683921814 173.24697971344 171.705146630605 168.736497561137 170.013825098673 173.456430435181 165.059218804042 156.191537777583 157.931218544642 160.413821538289 160.862743854523 157.632172107697 155.638009309769 150.013029575348 159.187843402227 158.286432425181 153.2048980395 155.139744281769 156.054387489955 156.470914681753 158.36289525032 158.938229084015 154.881209135056 160.589714845022 164.883991082509 168.707927068075 170.279920101166 173.26565583547 176.102519035339 178.637087345123 196.561217308044 209.290305773417 193.272332350413 179.374655087789 173.161149024963 172.167181968689 184.626440207163 218.42888991038 233.978390693665 215.564648310343 155.357817808787 81.7848692337672 45.4595039288203
185.583432515462 182.924648125966 185.66753466924 183.161636193593 176.726619402568 173.243562380473 169.002970059713 165.15173514684 163.928876320521 161.568979422251 159.722357988358 157.354166110357 162.006884813309 165.065894524256 163.313418626785 160.671631495158 156.303822994232 163.04815808932 164.608498414358 156.020591656367 154.688100020091 153.003404537837 150.789519151052 152.21244096756 156.736264626185 154.454976320267 150.840044021606 157.500525315603 164.420227209727 167.438626289368 168.53012641271 169.553637504578 178.918957710266 200.827558835348 206.681529680888 181.316177050273 166.768769423167 164.793998003006 171.411395072937 182.541330655416 192.109028498332 194.77387269338 183.0180088679 150.860865910848 92.2645926475525 34.5403477549553
170.333643754323 172.109206517537 180.984079837799 178.718368212382 180.685420831045 183.080712954203 180.50754070282 175.533095995585 163.13648223877 162.09398706754 165.635327498118 159.707417090734 158.862292766571 163.873434066772 163.619518280029 161.293009916941 161.381830771764 164.696633815765 164.473156134288 157.692571481069 153.090397516886 150.409619013468 149.020532766978 147.619803746541 150.37872393926 156.057943900426 150.19824107488 152.916332085927 158.539185921351 162.331799666087 160.946687062581 159.232914447784 170.553167661031 187.642494837443 185.123781363169 169.389764467875 164.171487092972 173.628489176432 181.658287843068 183.621406555176 178.456763426463 176.238656044006 164.450109004974 137.241711219152 93.9502716064453 34.7122400999069
168.040096759796 172.55977789561 176.156004269918 177.695572376251 178.501725196838 181.329508622487 181.683599948883 176.796555519104 171.649992465973 165.345857540766 167.376617590586 163.064926862717 159.493972857793 157.324582338333 157.916754484177 157.014896472295 151.885171731313 160.418381293615 161.691695451736 158.111572265625 154.755413532257 152.667969465256 151.168922583262 152.525007724762 149.231960376104 158.548176288605 163.376271724701 160.243332386017 159.881035486857 158.551474412282 154.928574959437 152.91091799736 159.349222977956 164.04382387797 163.696636756261 162.82202800115 167.537967363993 181.669036547343 187.847336133321 179.984013239543 176.535308361053 166.391640901566 160.713096459707 140.673587719599 107.036630312602 61.3307853539785
173.793931802114 177.740017573039 175.412853558858 179.50298388799 177.139163017273 177.287399768829 179.137070973714 176.57728989919 177.620530128479 172.576467196147 170.115848382314 169.325292110443 163.113296031952 157.418568929036 156.909753878911 159.919341405233 153.709679841995 156.362513701121 161.520292361577 159.159084161123 157.414088646571 156.524201234182 154.454439878464 156.561960776647 157.084753115972 156.475067138672 163.636902968089 163.721819718679 161.41077876091 160.045444965363 155.177275339762 152.216325203578 155.185510714849 153.619656960169 147.54456281662 147.739112377167 156.628340482712 175.17348130544 173.151135444641 159.489393234253 164.880593617757 156.5949122111 153.642604748408 151.145617167155 135.300109783808 95.4225361347198
173.03474744161 174.085040887197 177.54594484965 180.278162161509 179.305076599121 178.918957710266 181.030968825022 181.906938552856 178.257743517558 175.01833041509 173.61710468928 171.330054601034 167.75103410085 163.29425573349 162.881871064504 165.826032559077 161.444763342539 156.125704447428 162.479450305303 160.819560289383 158.974806467692 159.323612848918 157.461404800415 153.010706106822 163.08198372523 156.17839495341 157.386650641759 161.474366982778 159.607966740926 160.740037759145 158.814191818237 156.142473220825 154.38840786616 152.666489283244 149.321109056473 148.057669401169 151.761432488759 161.033888657888 162.856419881185 161.940077940623 162.056306997935 152.869443098704 157.353927691778 166.544854640961 159.172554810842 123.215685288111
166.722893714905 168.256878852844 174.726764361064 177.403390407562 180.418749650319 181.721289952596 179.531613985697 178.754766782125 178.772687911987 179.096817970276 175.810933113098 170.836488405863 169.538994630178 168.097972869873 165.564040342967 163.741777340571 161.551475524902 151.826192935308 158.866216739019 160.471389691035 158.10160835584 157.959461212158 160.009960333506 151.356647411982 157.005995512009 156.835903724035 151.564548412959 155.801236629486 158.761789401372 159.550805886587 160.35928328832 160.310328006744 153.894325097402 156.378328800201 164.2211774985 165.896634260813 161.644617716471 160.07720430692 164.085805416107 175.746063391368 164.320737123489 155.063281456629 162.493914365768 168.3762272199 162.103672822316 141.62203669548
158.596893151601 162.1033847332 167.594790458679 172.228952248891 178.00501982371 182.174444198608 179.352064927419 176.210860411326 179.520686467489 180.151263872782 178.710599740346 173.044880231222 169.517954190572 170.594255129496 166.344036658605 160.234371821086 160.179088513056 152.109096447627 157.810320456823 162.275890509288 160.715679327647 159.244328737259 160.331676403681 157.290001710256 154.601573944092 160.370886325836 156.125485897064 159.649789333344 166.050930817922 169.568796952566 175.969322522481 177.248895168304 165.247629086177 168.605486551921 176.812330881755 178.179045518239 178.88605594635 170.570651690165 167.826116085052 171.278138955434 161.417325337728 153.388162453969 150.876859823863 149.922182162603 147.910227378209 146.909415721893
157.240599393845 154.590924580892 160.107483466466 168.30720504125 174.603044986725 177.754362424215 181.091050306956 182.133456071218 182.639936606089 177.788356939952 180.394172668457 178.849558035533 174.979130427043 170.933127403259 167.84131526947 164.093385140101 161.095966895421 155.587702989578 158.540139595668 165.893127520879 166.953762372335 165.727029244105 161.800305048625 161.387145519257 158.811996380488 161.124358574549 161.709676186244 163.841803868612 172.843297322591 180.795311927795 191.041012605031 194.505969683329 183.660626411438 180.513660113017 177.528103192647 180.657764275869 183.148980140686 182.306309541066 171.255151430766 159.462740023931 150.294919808706 152.210017045339 150.623033444087 144.969572623571 141.124933958054 145.866056283315
159.454792737961 162.065406640371 163.826803366343 171.542485555013 172.084053357442 173.529803752899 180.90828259786 186.111271381378 184.780299663544 183.992664019267 182.325561841329 182.671626408895 177.416165669759 171.558320522308 171.944419542948 174.323598543803 165.120283762614 161.169429620107 161.992053190867 170.393983523051 171.189228693644 168.137828509013 164.19858733813 162.743389606476 157.696356376012 164.401322603226 168.203632036845 169.109423955282 174.381256103516 183.010478814443 192.233224709829 200.008769830068 193.679312864939 182.528058687846 168.761551380157 170.161803563436 180.074175198873 185.426553090413 174.740095933278 152.803560098012 144.874016443888 154.621740182241 158.042589823405 152.646094560623 146.916329860687 143.418471018473
159.178227186203 169.245044390361 171.798487504323 174.022634824117 173.422555128733 171.487291653951 179.193556308746 184.270242849986 184.165795644124 187.61533498764 185.850342114766 184.090495109558 180.248220761617 175.221780935923 172.455271085103 178.981562455495 172.889769077301 165.699183940887 162.888367970785 166.594872872035 167.384843031565 167.402346928914 165.455599625905 161.346276601156 156.617055336634 158.671836058299 163.599918286006 164.634039004644 167.139887809753 174.560785293579 183.095415433248 194.416344165802 190.531293551127 169.388353824615 135.146647691727 127.356022596359 148.107588291168 171.647906303406 181.300719579061 177.908937136332 172.762294610341 165.064175923665 148.302455743154 144.419401884079 153.706600268682 144.531617561976
162.413199742635 159.950077533722 160.281995932261 163.635869820913 171.673079331716 175.401290257772 175.662875175476 181.690255800883 181.623617808024 185.056467851003 184.943040211995 187.202095985413 185.816884040833 179.033319155375 175.588210423787 174.66272910436 175.687293211619 165.08741180102 159.251898527145 160.417268673579 159.984111785889 161.32386525472 161.893635988235 155.662794907888 156.937966744105 153.94006172816 155.657529830933 154.763956864675 154.871036609014 157.050877809525 161.392867565155 176.508625348409 173.663397630056 146.090239286423 108.833471934001 88.5743101437887 97.1849262714386 127.900322278341 164.159695307414 179.265280564626 181.020398934682 164.435277382533 142.148524522781 138.81915807724 147.757897774378 133.850157260895
167.450666427612 156.659583250682 152.66939997673 158.842106660207 170.780420303345 180.166224638621 178.157210350037 180.416842301687 181.974848111471 182.100514570872 184.092442194621 185.874581336975 188.473244508108 185.168107350667 177.765806516012 176.648040612539 178.394536177317 168.382962544759 163.167734940847 164.503991603851 163.839290539424 162.452201048533 160.634656747182 156.445870796839 153.937339782715 152.363648017248 152.061680952708 152.63952811559 149.320334196091 145.56959271431 136.489768822988 145.195990800858 145.502885182699 125.00927845637 108.560780684153 89.542677005132 69.843461116155 77.5562773148219 102.006216843923 139.264712731043 163.017719984055 152.346849441528 141.298751036326 136.299868424733 128.137071927389 119.23215786616
169.562141100566 163.01483909289 159.116427103678 162.990589936574 174.013833204905 182.159622510274 185.709834098816 181.369503339132 184.958577156067 183.294117450714 186.239421367645 187.168021996816 189.456820487976 189.875801404317 182.189365228017 182.789524396261 182.711680730184 174.690961837769 169.283966223399 170.97286383311 171.094715595245 166.445791721344 163.630863030752 162.791172663371 158.951282501221 156.206846237183 154.191861550013 151.506612698237 147.432029247284 142.234067122142 129.434655110041 134.258608023326 137.257307767868 135.114004214605 134.327441453934 123.292545477549 94.8618054389954 77.4156898260117 71.1697340011597 86.7362320423126 123.357842365901 127.709885438283 116.189996401469 101.401487986247 99.0466674168905 107.703725496928
174.091835816701 171.881993611654 165.005048116048 161.922057469686 168.208758036296 181.629459063212 183.810671170553 182.355602582296 182.930628458659 187.976638476054 193.358242511749 193.478425343831 192.62166817983 192.265709241231 188.883284727732 187.54376967748 187.695860862732 182.788511117299 176.555732885996 173.699855804443 171.563367048899 169.858157634735 170.73529958725 172.478298346202 167.692482471466 163.281838099162 156.974414984385 148.118555545807 139.333426952362 136.230915784836 135.529696941376 139.847854773204 143.595029910405 153.637627760569 161.29058599472 161.80278857549 151.434560616811 133.167386054993 114.605168501536 81.9621483484904 91.7322834332784 112.022618452708 111.636340618134 99.1226236025492 100.464443365733 119.134525458018
177.546461423238 176.555176575979 173.159460226695 167.077700297038 167.207340399424 178.686261177063 182.769656181335 183.366735776265 181.284109751383 189.731280008952 197.696725527445 196.992516517639 193.195184071859 194.54687833786 193.443198998769 186.461408933004 189.986785252889 185.335397720337 180.201053619385 178.131580352783 176.722943782806 176.472584406535 173.153519630432 171.529610951742 167.078057924906 160.516560077667 141.675889492035 117.470641930898 113.375922044118 121.289034684499 132.705161968867 136.446535587311 141.967296600342 148.197114467621 160.775661468506 175.19736289978 179.980675379435 176.572203636169 177.765965461731 127.504914999008 97.086767355601 115.237971146901 132.946143547694 136.266817649206 138.10337583224 152.981092532476
177.783489227295 174.657622973124 177.349726359049 175.663828849792 171.333968639374 175.329724947611 184.456388155619 185.135662555695 183.696905771891 189.010659853617 197.053472201029 197.922011216482 192.38942861557 194.036185741425 197.539647420247 187.218010425568 188.182632128398 185.439070065816 182.396054267883 183.143178621928 183.884779612223 183.570762475332 178.477267424266 171.669006347656 169.175426165263 167.593836784363 145.747681458791 121.510406335195 120.005448659261 128.968854745229 142.884681622187 144.318739573161 153.357982635498 164.205739895503 180.097460746765 181.587179501851 172.016163667043 137.906551361084 116.116652886073 129.38717007637 128.020187218984 143.889605998993 147.45839436849 130.334844191869 118.969808022181 133.338818947474
165.647725264231 173.518439133962 175.675531228383 176.651120185852 175.214052200317 171.636203924815 184.952259063721 189.146101474762 187.705318133036 189.576665560404 194.122234980265 196.621974309285 194.712022940318 190.870940685272 191.866278648376 188.624024391174 184.181332588196 186.271905899048 186.93745136261 188.610712687174 190.057555834452 186.021486918132 184.116999308268 177.568058172862 176.685074965159 176.61186059316 170.482138792674 161.307543516159 161.324073870977 165.724863608678 162.741551796595 155.368089675903 167.278945446014 180.045068264008 171.11869653066 159.902781248093 140.405386686325 85.0674211978912 62.0452910661697 96.2910652160645 132.065792878469 154.919008413951 148.623009522756 133.300403753916 123.60206246376 129.892547925313
154.966781536738 170.574565728505 174.040138721466 175.048470497131 177.79149611791 173.711498578389 179.604729016622 189.940253893534 198.066373666128 196.470002333323 195.372581481934 194.483796755473 196.364521980286 193.804939587911 193.120280901591 190.218309561412 184.911529223124 185.296058654785 184.607704480489 180.731356143951 182.758907477061 182.026525338491 181.250135103861 180.150846640269 180.233558019002 186.220606168111 195.857087771098 200.042883555094 184.384147326152 180.724640687307 167.436361312866 155.512859423955 162.178297837575 152.914782365163 120.998760064443 82.7635675668716 79.5050362745921 68.1489010651906 51.7435967922211 52.0501335461934 78.5561949014664 117.380748192469 146.492828925451 167.902151743571 184.87274646759 181.290189425151
