input/barkrak2/radiation/dir09024.grid
NCOLS 85 
NROWS 70 
XLLCORNER 665100 
YLLCORNER 4664600 
CELLSIZE 20 
NODATA_value -9999 
[rows 0 to 19 of 70, columns 0 to 45 of 85]
242.088238398234012 256.077408790588 269.978404045105 285.823345184326 291.81162516276 291.194478670756 283.007681369781 276.971340179443 279.560188452403 280.24431069692 279.840191205343 282.147526741028 282.307088375092 282.874524593353 285.063227017721 278.907557328542 269.445955753326 257.916927337646 252.853949864705 241.647620995839 234.590729077657 245.273411273956 270.735104878743 277.121742566427 279.734194278717 286.621312300364 285.040696461995 272.072374820709 256.318747997284 252.905706564585 249.36838944753 266.335169474284 304.087479909261 303.500692049662 303.409576416016 286.588569482168 294.276436169942 307.428995768229 302.737355232239 305.67991733551 287.236531575521 288.723985354106 299.160361289978 302.879293759664 298.214753468831 297.860940297445
221.627334753672 238.3185227712 252.643624941508 269.758661588033 279.901762803396 282.891849676768 278.751571973165 277.141094207764 285.949905713399 284.690817197164 280.656298001607 281.481683254242 283.086975415548 284.273246924082 284.062167008718 277.941346168518 273.97209405899 266.686240832011 261.655290921529 248.872021834056 248.671889305115 263.133724530538 281.862298647563 284.009496370951 288.569609324137 291.502674420675 286.24705473582 274.215976397196 260.974923769633 254.490971565247 255.334734916687 279.490351676941 303.859074910482 303.571542104085 302.802821000417 289.493600527445 295.753598213196 305.313070615133 300.92449982961 304.394920667013 298.398872216543 291.660050551097 293.524305025737 296.540319919586 296.453913052877 299.164454142253
184.953033924103 198.106110095978 210.661013921102 223.409295082092 235.912422339121 245.882968107859 254.776398340861 266.641159852346 276.754379272461 275.946338971456 273.718257745107 277.883052825928 287.242730458577 291.225969791412 288.776020208995 293.31902662913 295.475284258525 288.868149121602 275.519529978434 265.220006306966 270.196000734965 277.384380499522 283.539414405823 284.894108772278 290.643095970154 289.533833662669 281.32418791453 273.266116778056 264.603892962138 260.687212149302 266.285578409831 291.654487450918 300.011038780212 302.142520745595 302.13197072347 295.297304789225 297.096987565358 298.90388250351 301.336507002513 303.737282752991 298.823575178782 286.064426104228 279.105285803477 283.747871716817 294.005811214447 299.357692400614
165.815860033035 167.532404263814 175.857742627462 183.163126309713 189.545591672262 195.222417513529 202.850143114726 218.815008799235 238.752563794454 254.985471566518 265.885631243388 279.611547787984 290.367801984151 294.317185878754 295.590658982595 299.399336179097 298.201243082682 290.193021297455 278.026620546977 272.743026415507 271.196782588959 269.764204819997 279.464403788249 282.015363375346 283.52693716685 285.257240136464 281.669020652771 275.284886360168 272.310535113017 271.78563674291 271.709322929382 296.00465297699 298.795898755391 300.607581933339 299.896081288656 301.289598147074 301.229317982992 300.984005133311 303.294817606608 299.023111661275 289.186159769694 277.581572532654 273.426572481791 287.427306175232 302.71699031194 298.62376054128
189.303040504456 171.404759089152 158.422946929932 149.510145187378 152.921011050542 169.141054153442 190.674265225728 201.786160469055 212.396661440531 220.184723536173 241.674323876699 264.075557390849 277.959883213043 284.820675849915 289.605935414632 292.255183060964 286.666174729665 277.420242627462 273.501594861348 272.539615631104 267.901420593262 266.353050867716 276.838739713033 279.649039109548 281.37997786204 286.624809106191 283.434907595317 278.155008951823 274.666309356689 272.575120131175 276.677330334981 301.350692907969 301.285147666931 302.268862724304 298.000872135162 299.214998881022 302.658180395762 302.46235926946 296.708464622498 291.509429613749 288.80516688029 282.377819220225 284.27129983902 292.904317378998 295.770287513733 286.686778068542
233.111580212911 204.978128274282 175.950706005096 152.02717979749 143.246332804362 154.980719089508 181.106229623159 198.345303535461 202.797611554464 202.50658194224 213.244259357452 227.598627408346 237.782001495361 244.675318400065 252.799113591512 260.55512825648 261.409084002177 262.899518013 269.066452980042 274.631500244141 274.49889977773 277.617990970612 280.166308085124 279.656668504079 282.269279162089 287.085155646006 285.371621449788 282.190998395284 277.337710062663 276.154736677806 289.608856042226 303.155779838562 302.007297674815 303.555766741435 297.833700974782 295.467734336853 298.963824907939 297.763228416443 289.620280265808 291.455527146657 289.995570977529 285.848418871562 286.990741888682 287.636657555898 280.552347501119 261.180361111959
255.752742290497 231.111804644267 210.025568803151 187.713007132212 166.205435991287 153.337339560191 161.382913589478 191.162765026093 204.863627751668 213.307321071625 210.257887840271 204.942504564921 200.583855311076 196.49213552475 198.86722167333 214.39665555954 227.287590503693 246.518969535828 264.591693878174 276.206771532695 280.204872290293 281.62294626236 282.318492730459 280.511796474457 282.094856103261 284.513195355733 286.204278469086 284.930288791656 280.857781569163 284.465372562408 295.355578263601 302.502413590749 303.349773089091 301.612794399261 298.743506272634 291.67632261912 292.391399542491 288.405895233154 286.522229512533 285.117268562317 280.061880747477 276.960571606954 281.233509381612 284.489591916402 272.58825302124 262.868722279867
265.490273634593 254.991253217061 243.029554684957 226.788322130839 202.486336231232 171.329021453857 149.82412258784 149.73109960556 184.757649898529 210.703094800313 218.988398710887 214.969197909037 205.805063247681 195.544938246409 182.230353355408 185.883541901906 198.558727900187 215.810020764669 240.143676598867 259.884516398112 271.189530690511 277.529358863831 283.67954492569 281.361480553945 279.955287774404 279.895047346751 280.636469523112 280.416270097097 279.64715162913 287.110169728597 295.682330926259 299.438258012136 297.521551450094 293.402075767517 288.597424825033 285.352389017741 287.212431430817 281.36424223582 273.491581281026 264.841993649801 266.13853375117 275.185068448385 288.87665271759 295.432309309642 283.497373263041 279.567877451579
257.405479749044 257.793307304382 253.288626670837 244.741340478261 230.546156565348 207.128643989563 175.657947858175 146.333088477453 160.844345887502 183.573702971141 204.552431901296 215.043226877848 217.265605926514 214.42441145579 201.761841773987 193.800171216329 190.402825673421 195.209403832754 210.244437058767 228.457808494568 245.053132375081 258.870442708333 268.237372239431 265.699843565623 267.423192660014 267.932156721751 268.835922082265 269.774397214254 270.837267239888 279.580950737 285.011092821757 284.976959228516 283.302426338196 283.072829246521 282.485703627268 283.201257387797 282.260894775391 277.719597021739 269.04300848643 265.6343181928 279.64852253596 291.874945163727 298.580129941305 298.89170328776 285.512288411458 279.876967271169
226.31311416626 236.576279004415 241.880377133687 241.904377937317 238.750735918681 234.107216199239 216.596802075704 196.938256422679 165.034661690394 154.336869716644 168.682376543681 195.179303487142 217.884620030721 229.16966676712 230.367759863536 221.240321795146 204.964677492777 199.447174866994 198.64151875178 202.209273974101 211.525956789652 219.480256239573 229.716459910075 237.942894299825 246.974885463715 250.183602174123 251.098692417145 252.032399177551 254.238645235697 261.032044887543 262.448092301687 263.305107752482 269.669850667318 274.051566918691 276.932716369629 276.846766471863 275.38404862086 277.063687642415 269.112388292948 274.77635939916 292.916874090831 300.132950146993 301.317731539408 297.807594140371 283.335248629252 278.336962064107
170.77648639679 185.475707054138 199.126760164897 210.574547449748 220.871686935425 229.174415270487 230.564872423808 224.428335825602 195.358514785767 167.823056379954 153.10541788737 161.314358313878 190.130809942881 216.853896776835 233.054200808207 222.346166769663 214.074611663818 206.362148125966 197.794338067373 192.147056261698 192.533830801646 192.581613858541 197.09438085556 211.34207646052 224.998374780019 233.458876609802 235.259075959524 235.686441262563 241.840124130249 247.172653675079 250.301559766134 253.963192303975 263.443907101949 267.504533131917 267.391900221507 266.920765240987 270.952602227529 275.44891834259 274.697264035543 285.915970802307 295.873999595642 299.564321835836 299.462060133616 296.857396761576 288.690567016602 288.866897424062
125.169575214386 130.733559528987 140.498846769333 154.427429040273 171.570320924123 189.15323416392 208.700855573018 215.423464775085 216.176629066467 200.951854387919 173.228184382121 152.148187160492 155.024210611979 178.767641385396 207.812209924062 212.183733781179 218.800703684489 214.984059333801 204.376081625621 193.110247453054 186.294138431549 183.413624763489 183.631698290507 193.159381548564 202.766537666321 209.468960762024 212.768097718557 217.404425144196 224.701901276906 229.776044686635 234.721859296163 239.783704280853 246.796111265818 249.455730120341 250.017940998077 252.175728480021 262.438038984935 272.944390773773 277.501463890076 287.54715124766 293.255209922791 295.193254947662 292.275865872701 288.847506046295 285.041530927022 284.277399381002
106.452693541845 102.547874053319 101.820756991704 102.369467417399 112.876236438751 132.050057252248 158.550719420115 181.208491325378 211.905976136525 217.58238474528 205.216447512309 179.4087489446 149.912863969803 146.726866563161 171.591977278392 200.545430183411 217.461864153544 220.553119977315 215.191781520844 205.211102962494 195.861617724101 194.847544034322 194.337646166484 195.207635561625 196.192940076192 195.939699808757 200.354794661204 209.737181663513 213.706374168396 215.183695157369 220.222234725952 225.85262854894 227.331499258677 229.277968406677 232.542713483175 238.028824329376 250.108043352763 261.621713638306 264.732976754506 273.336251576742 278.954148292542 280.091981093089 279.171824455261 279.905478159587 275.086681048075 275.802393754323
92.0209685961405 64.4129415353139 52.1283149719238 46.5161601702372 45.4716086387634 50.0315378109614 69.6791956822077 104.96054093043 148.373971382777 192.510485649109 215.99288781484 215.294718742371 193.577408790588 166.232744852702 162.337998549143 189.570387204488 208.008229732513 222.664654254913 230.107327302297 225.568731625875 212.672015031179 209.438363711039 205.865502357483 205.400109291077 205.69109916687 203.762193520864 206.543564796448 215.661505858103 215.333124001821 208.831012248993 213.900744915009 219.496428966522 221.007506052653 221.315821011861 225.543479124705 233.136574427287 238.580187161764 244.670669237773 248.676260312398 251.016060511271 255.586584409078 261.453668276469 267.930726210276 273.538748423258 269.243935743968 272.912244002024
100.299487511317 64.2044544219971 35.7504636049271 22.8995382785797 17.9098124305407 24.7213343779246 36.3563448190689 61.3051056861877 83.9138925075531 126.91726287206 176.018277804057 212.921977043152 233.78320535024 216.926991939545 189.34033314387 183.632453282674 189.552366733551 206.34134610494 225.702822208405 235.550185044607 232.5785557429 225.754082202911 222.867906093597 218.691229820251 215.602517127991 214.332401752472 215.747793515523 217.649221420288 213.787913322449 208.370725313822 211.281657218933 216.476678848267 216.462910175323 216.278831164042 219.795823097229 223.877787590027 225.491285324097 224.638899167379 229.569454987844 229.705611864726 235.851148764292 243.946274121602 250.085473060608 254.543205102285 254.929741223653 258.873740832011
90.0981227556864 63.3246848980586 31.6652605930964 12.7495465179284 11.6036174197992 32.8099131584167 50.2027372519175 64.9560342232386 80.288569132487 104.109078645706 135.445356369019 173.675696055094 194.023211797078 214.180886745453 208.726048469543 183.156927426656 174.075146516164 179.750859737396 198.737581570943 228.392958641052 241.035977999369 235.29589176178 236.028790473938 229.11411523819 222.376108169556 223.178843657176 225.235104560852 220.779538154602 216.301123301188 218.234419822693 217.84253915151 217.179636160533 214.096089204152 211.515367031097 212.455530961355 211.767156918844 209.402441978455 204.286317030589 207.910517851512 210.345228513082 215.213894844055 221.454699834188 223.969618479411 226.296623547872 238.505442937215 244.527538617452
76.1801650126775 65.1362836360931 39.28109506766 6.07640668749809 11.4389173686504 37.823590139548 54.8533300558726 69.2308098077774 87.5020722548167 96.6708262761434 116.603275140127 150.165180365245 179.834127426147 189.752360184987 199.87028837204 201.711297035217 196.674784024556 186.318119366964 179.190158843994 191.048403580983 219.890018304189 237.337172031403 243.179221947988 238.276640574137 230.503002802531 231.346766153971 235.263546307882 231.126427650452 228.552679220835 233.366767565409 230.995138486226 219.252248605092 212.742726008097 208.172063032786 202.518264452616 201.406160990397 196.449637413025 194.236596425374 195.32189766566 199.187894662221 201.739311218262 204.19317483902 207.582155863444 210.572461287181 228.029628594716 237.768332163493
68.8065191109975 69.1995521386464 55.9715727965037 16.7449476818244 16.0134521623452 42.0459012190501 62.0774229367574 82.4857801198959 95.9108173847198 104.253242413203 113.441755374273 136.027276515961 157.777339220047 175.623615582784 188.995540142059 207.384983698527 212.761084238688 206.823229789734 192.909638086955 180.164853731791 191.901405652364 218.759119510651 228.352506955465 232.770005861918 237.43212223053 243.167956670125 247.02646334966 245.912969112396 243.362387021383 244.272112846375 237.727046012878 225.608130296071 216.278672218323 207.811375459035 201.052268346151 197.448949019114 194.444576899211 194.285869598389 193.867325782776 196.247935295105 198.783377806346 199.822386105855 200.232068697611 204.116264979045 215.950310230255 230.390926202138
73.0187197526296 80.4580599069595 80.2864531675975 44.2917943000793 33.8968982299169 59.4136168559392 76.5109856923421 94.5521295070648 110.498209794362 125.340551137924 138.653020064036 140.661825736364 144.809325536092 155.840476353963 171.827534834544 190.331359704336 201.729893684387 211.170852184296 212.032814820608 200.572729110718 182.287851969401 193.828264872233 204.290529092153 219.390471776327 235.139648119609 246.521194775899 250.645518302917 254.262109597524 249.633570512136 246.856570243835 238.27064037323 230.9543689092 220.815300941467 210.566699504852 205.205877621969 200.030704339345 197.93955485026 194.539268811544 193.991144498189 196.78936402003 201.011637846629 203.010221322378 201.722582181295 204.233507315318 206.342816352844 220.399995644887
78.8426796595256 81.8434009949366 92.6279028256734 82.7872355779012 67.8091446558634 77.5033930937449 80.4603497187297 95.4581300417582 109.724849462509 125.284026066462 138.54306936264 130.142748355865 129.018545150757 136.466185251872 150.018960237503 170.132517814636 179.549117883046 193.018158276876 201.143145561218 205.326716105143 194.896996021271 184.874733289083 188.070674737295 198.053399721781 211.193978786469 218.286077181498 225.332359472911 230.523228645325 226.780474185944 244.707047939301 239.541411399841 231.104870637258 221.489747365316 213.448385397593 208.616336186727 203.133980433146 198.919872442881 189.173022905986 186.957816282908 196.047107378642 203.056871891022 204.667429129283 207.634826501211 205.652991930644 202.63683795929 212.498625119527
