input/barkrak2/radiation/dir02624.grid
NCOLS 85 
NROWS 70 
XLLCORNER 665100 
YLLCORNER 4664600 
CELLSIZE 20 
NODATA_value -9999 
[rows 46 to 68 of 70, columns 0 to 50 of 85]
68.4918463230133 70.0484414895376 72.7835347255071 74.9884049097697 74.6765633424123 74.5183875163396 76.3782560825348 78.1175841887792 74.7936566670736 73.325847585996 72.1437782049179 71.6742674509684 67.8545236587524 64.592440923055 64.8724834124247 68.3213373025258 66.2032117446264 61.6033722956975 66.571036974589 65.4103954633077 62.5604689121246 63.1319135427475 62.8260920445124 60.7225696245829 68.3377881844838 61.0769440730413 62.8262360890706 64.5088603099187 63.6955002943675 62.8482550382614 61.1504216988881 58.4009240070979 58.126633365949 57.6513707637787 60.0271821022034 61.0360602537791 62.7657224734624 68.7553385893504 70.8175351222356 68.5889323552449 67.4183915058772 62.4383886655172 67.960595091184 73.4874258438746 65.2719090382258 35.4039669036865 5.68238521615664 0 0 0 0
62.2822841008504 64.5824323097865 70.4871167739232 72.2736269235611 75.9182075659434 77.4186054865519 75.4157056411107 75.0950078169505 75.0116507212321 77.3665010929108 74.6604303518931 70.8889067173004 69.2163308461507 69.1582361857096 67.1597570180893 66.5531804164251 65.7050410906474 59.1368079185486 63.1575683752696 65.3797090053558 62.2177521387736 62.0125432809194 65.2801642815272 59.5621218283971 62.5322858492533 62.085102001826 57.4129074811935 60.9277586142222 63.607265551885 62.5123530626297 63.1643086671829 61.9291712840398 58.4340989589691 60.6825252374013 71.8970547119776 75.7119754950206 71.0608015457789 64.3416941165924 67.2891288995743 75.6523112456004 71.5899566809336 64.1571829716365 71.3886270920436 76.9591877857844 70.2085644006729 51.8031964699427 20.8497593800227 0 0 0 0
55.1518450180689 58.4165155887604 63.7958000103633 67.7327166001002 74.2813845475515 77.8781274954478 74.6207237243652 72.8308210770289 76.774408419927 78.9366165796916 76.7974356810252 73.0934937795003 71.0741579532623 71.7069804668427 69.6907838185628 64.4773344198863 63.8662079970042 58.507889509201 62.7337197462718 66.4428969224294 66.2613809108734 66.3603544235229 68.4484392404556 64.7109349568685 62.4454667170843 64.8987591266632 61.289851864179 65.4814392328262 70.2846745649974 73.5544264316559 77.5364736715953 76.1092603206635 67.294587691625 70.3114519516627 76.7512718836467 86.3019824028015 84.7284893194834 72.4656035502752 69.3323314189911 74.8357524474462 70.1453934113185 63.0237857500712 60.4030191898346 60.6327255566915 58.9414040247599 57.7038725217183 48.6656079689662 7.2222954283158 0 0 0
54.0026326974233 51.8067479133606 56.1340401570002 64.4516696532567 70.2519814173381 73.7019379933675 76.4863093694051 79.0378550688426 80.392599105835 76.891819636027 78.8130263487498 78.6698261896769 75.2064933379491 72.4504639705022 70.5641756455104 66.166232029597 64.6195958058039 62.0500445365906 65.143163005511 69.5037990808487 71.8929270903269 72.7551877498627 70.0848897298177 71.6141313314438 67.0417547225952 69.2561715841293 70.3189373016357 73.8709519306819 80.0812542438507 85.3128035863241 93.3366616566976 94.3480928738912 82.9670031865438 77.5385051965714 76.9808441400528 85.1094424724579 87.8253181775411 83.2859426736832 73.6195643742879 65.3674453496933 61.0467493534088 62.5051160653432 60.9956085681915 56.946262717247 53.1114637851715 56.4772586027781 49.7513711452484 14.7308011849721 0 0 0
54.3494870265325 57.8451553980509 61.4854196707408 68.043773372968 68.5687859853109 68.9535140991211 77.1714150905609 82.3467075824738 82.1131964524587 81.5748473008474 81.5805594126384 81.3201417525609 77.5583883126577 72.6961592833201 73.2180923223495 76.502392689387 69.1329886515935 67.9050932327906 69.3177133798599 74.2784887552261 75.3315438826879 74.0763247013092 72.5302547216415 72.7384785811106 67.7987436453501 73.9351411660512 77.1165788173676 79.8509418964386 85.9975516796112 93.3068096637726 99.3228654066722 104.977498451869 95.3056315581004 81.1112622419993 72.9887237151464 66.8339331944783 81.5521577994029 88.4390572706858 78.8770119349162 62.3290439446767 55.9305449326833 63.5502239068349 66.9308503468831 63.8168354829152 58.0784032742182 55.8285117149353 38.7472162644068 19.5561908185482 0.129529110078389 0 0
55.0456047058105 66.194141904513 68.6159282922745 70.1645314693451 68.1556314229965 67.557359735171 75.2900342146556 80.9555451075236 80.7887961467107 85.7600967089335 83.2544465859731 82.716832558314 80.2618761857351 75.1256942749023 74.8467743396759 81.009641289711 75.0245799620946 71.7202921708425 69.6765035390854 70.8620846271515 71.3954071203868 70.286750793457 69.8419958353043 67.8370942672094 67.0397778352102 68.6583121617635 74.4436879952749 75.9581079085668 79.8610945542653 87.3909294605255 94.7723090648651 100.587755441666 96.3857273260752 74.056809147199 30.3280477722486 29.6843970815341 46.2880432605743 67.6507453123728 80.23235698541 83.635280529658 76.8321355183919 71.5259164571762 59.3345065911611 57.6979021231333 64.3271406491597 53.691640496254 33.0782135327657 25.8180126547813 3.39630587647359 0 0
58.7072173754374 56.9583177566528 56.0819158951441 58.3569506804148 65.2987410624822 70.8030710617701 71.5727557738622 77.6289155085882 77.4002770582835 82.2791258494059 82.579717040062 84.4194094340007 84.0006868044535 79.5321563879649 77.0377616087596 75.6619473298391 77.547495563825 70.5316066741943 66.320076584816 63.7485384941101 63.4945333003998 64.8888150850932 66.3539816935857 60.5350484450658 62.4803801377614 61.2469563881556 64.0456179777781 66.560705502828 68.2462851206462 72.0055103302002 75.361579656601 84.0490063031514 82.527369260788 59.5300793647766 25.21796276172 16.0892494022846 17.120315382878 27.4997875094414 56.8923205137253 79.0221790472666 81.8870564301809 69.255734483401 56.4102083444595 47.5110312302907 52.4020592371623 46.7673391103745 32.3094601432482 45.1546907424927 27.6863723993301 3.97296280910571 0
61.4090263843536 51.6864607731501 49.5166083176931 54.6419570843379 65.9737040599187 74.7472047805786 74.3165115515391 75.589785973231 78.3188839753469 78.6595344543457 80.9986094633738 83.869198958079 85.323949654897 83.7569137414296 79.2184124390284 76.6674826542536 79.2400042215983 71.7326402664185 67.4560169378916 67.4096246560415 67.4063116312027 64.6393448114395 63.3144130309423 59.480811158816 59.7752432028453 58.7508330742518 58.941255013148 59.764618674914 62.8445893526077 60.338834921519 51.7944892247518 55.6543370087942 58.5194826126099 33.8471407691638 27.1079589923223 17.1376292904218 7.09566349784533 5.59474341571331 15.2165566881498 44.5612818002701 64.1033252080282 62.8217160701752 48.9409317572912 44.0361599127452 36.0213567813238 33.4809149305026 30.829260746638 52.5845984617869 61.319887638092 40.5435214440028 11.291179805994
61.5762273470561 56.1125576496124 54.0828754504522 59.2779020468394 68.4910317262014 76.3851900895437 79.3084998925527 75.5549768606822 80.1860193411509 78.6071370045344 82.4195643266042 84.1947793960571 85.5425596237183 87.1931513150533 82.0569843053818 81.2418063481649 82.1276108423869 76.9446591536204 72.5541015466054 73.0381558338801 72.3005135854085 68.5474624236425 66.6329314311345 66.1869545777639 62.5684360663096 62.2425824403763 59.8105887571971 57.6443721850713 54.9037953217824 53.1908124685287 43.6286777257919 45.9747662146886 52.799329161644 54.7392268975576 52.7617434660594 41.5182113647461 19.1561219592889 7.43603147566319 5.95349818468094 12.1505111455917 30.1544442772865 35.1345414916674 30.436451236407 23.4123915433884 23.0681250492732 29.4084921479225 38.4561469157537 45.1657126347224 56.9345851739248 62.0193779468536 42.7290598551432
64.8527493079503 63.4069293737411 59.8102559645971 58.5373938083649 64.4911328951518 75.3054916858673 77.4668355782827 75.4082600275676 77.2687345743179 82.4083338181178 88.6028011639913 89.5888010660807 87.8587961196899 88.3720517158508 85.9718918800354 85.5995317300161 85.4181249936422 82.8261921803157 78.2658755779266 74.5011816422145 72.4149445692698 70.9596623977025 71.9567785660426 74.4756857554118 68.4545735518138 65.4951830705007 61.137134830157 51.6999810934067 45.3095436096191 44.8895792166392 46.2928811709086 51.0410318771998 57.3279112577438 69.344624876976 73.7231820821762 72.0965961615245 60.4698459307353 40.7114078601201 30.3669323523839 11.4736035466194 17.7765587965647 29.4940645496051 37.1279989679654 26.9659434755643 26.7511382699013 41.3510277867317 62.296802798907 56.1849226554235 50.9879291057587 57.5123131275177 48.8475561141968
67.4942185481389 66.9074455897013 65.7719969749451 62.1617386738459 63.3397400379181 72.6408958435059 75.3397693236669 75.2411683400472 75.3795007864634 84.6057236194611 92.6412145296733 91.5699104468028 87.1845285097758 89.6361072858175 91.054489215215 84.9956373373667 87.2527261575063 84.0129256248474 79.4170200824738 76.6183535257975 76.3782511154811 76.7881721258163 73.9251673221588 71.7560152212779 67.5653616587321 63.4560485680898 45.6916590531667 26.2496570746104 22.9339425762494 28.3077359199524 43.0263082186381 47.8751907745997 55.4332137107849 63.1132374207179 73.7976928551992 85.4372382164001 81.7245642344157 70.8533823490143 69.2308197418849 39.8543402552605 19.7904681166013 29.7161738077799 52.2836645444234 52.363783121109 51.6372869412104 65.7025774319967 91.8314158916473 80.2126030127207 57.5709740320841 44.1074768702189 34.8409414291382
66.3086126248042 64.4204914569855 68.1494871775309 69.1299984852473 66.5925294160843 69.2739586035411 75.2454350392024 76.1024653911591 76.4011442661285 84.3020578225454 91.4335151513418 89.8787975311279 85.0767095883687 88.485062122345 92.1710034211477 82.6664219299952 84.0711096922557 82.6971232891083 81.0828854640325 81.422100464503 82.1036100387573 81.8088601032893 77.4966180324554 69.9023654063543 69.4262584050496 66.413884361585 48.7030496199926 29.5076395074526 28.9425080021222 35.9526673952738 48.4277655680974 53.2558709383011 65.308873852094 75.1820902029673 85.8176549275716 81.7777166763941 76.0250190893809 35.0978126128515 35.4648505647977 36.0735182960828 42.2736306985219 53.8789282242457 62.0541572570801 34.1517080863317 27.5124808152517 32.5845281283061 70.5674638350805 65.5839691559474 52.1341661612193 42.4274305502574 36.0772882898649
54.9487769603729 62.5876784324646 66.0432875156403 68.9686238765717 68.9527442057927 65.5368765195211 75.1465161641439 79.1213115056356 80.0013691186905 85.0244959195455 87.6700282096863 86.9927108287811 86.2428943316142 84.5399995644887 85.9862466653188 82.3569198449453 79.1779359181722 82.7455222606659 84.2347045739492 86.8629415829976 88.1416797637939 83.1789970397949 80.8382133642832 74.4156340758006 72.9020287593206 73.0555852254232 68.840280175209 60.4526648918788 62.3688101768494 62.7094258864721 60.5079432328542 59.6517870823542 78.1504064798355 87.0775580406189 85.7150653998057 60.9349757432938 40.9006923437119 19.9295158187548 9.81444617112478 19.9680564304193 20.8146050572395 57.8705569108327 65.5271112918854 52.7670284112295 40.1589001218478 41.9585406780243 56.4247767130534 61.2051983674367 58.5177441438039 51.6230215628942 45.0107951958974
45.0845658779144 59.9381426970164 63.8972073793411 67.0031855503718 70.0889031092326 66.1718845367432 70.4480707645416 78.746239344279 89.5234445730845 90.9398198127747 86.3944888114929 83.90145500501 85.7772429784139 85.2094292640686 85.2177341779073 82.554817199707 79.0840635697047 81.5958182017009 80.5958410104116 77.8549114863078 78.5710314909617 78.9344410101573 77.9471000035604 75.9882926940918 76.0131428639094 80.4413159688314 91.3115839163462 92.2705928484599 76.2856950362523 70.1049963633219 64.1121417284012 56.7636291186015 72.6130157709122 64.8466895023982 30.8383678396543 22.5740522146225 21.4071124792099 14.29225380222 3.47634280721347 1.09228406411906 0.190139030261586 20.8257076640924 58.8233470916748 80.1886866490046 85.6961011886597 80.8763752381007 78.2117297252019 79.2062779267629 78.7605543931325 67.3633019129435 56.1926066875458
46.7242697874705 57.1405390898387 64.4549081722895 66.9995148976644 68.5324172178904 68.8358644644419 63.0536327759425 72.9892353216807 94.5022304852804 93.3761696020762 84.3857626120249 80.9425512949626 83.6509565512339 87.6999497413635 86.4225029945374 83.1316858530045 82.0052921772003 79.3686310450236 72.7249383926392 65.5677268902461 66.4712438980738 69.4473584493001 70.0719654560089 74.2191721995672 76.0472466548284 80.3827742735545 99.123219648997 104.225059350332 87.5545342763265 74.9799658854802 59.7722778717677 49.7453659772873 53.7267774343491 51.5616635481516 28.6197091142337 17.549030482769 18.7494717538357 25.7897625366847 17.7400708198547 5.69670647382736 0.374682131223381 7.16153035561244 31.2345971663793 63.1534258524577 67.2624756892522 63.5942022005717 70.9924846887589 73.2044676939646 69.0679053465525 62.3898853858312 63.7602607409159
58.7641646464666 61.9415541489919 64.3579761187236 61.0117117563883 54.9213737249374 52.1723727385203 60.1533701022466 65.5941516160965 75.9312609831492 72.2707211971283 69.3853547175725 74.4618326425552 82.2303146123886 84.3765636285146 80.3330341974894 82.0414125919342 82.4079265197118 76.5144973993301 68.0847863356272 62.6143862803777 62.2190535068512 63.7072175741196 66.6522880395253 69.5331792036692 71.3126808404922 75.0705699125926 88.035116593043 97.8212157885234 83.1625163555145 67.2406256198883 58.5089027881622 45.5713172753652 41.4945011337598 55.1041066646576 50.8850117524465 27.3789316415787 27.5051966309547 60.1902703444163 64.4405782222748 41.2239556511243 13.0711769064267 9.16744396090508 19.8700589438279 28.7204037110011 27.218833565712 29.35924132665 40.7743776837985 44.4057484467824 49.6068000793457 54.8044542471568 78.8598557313283
70.552666982015 67.2611395517985 63.4377896785736 56.1393797397614 45.8588351806005 39.4315173228582 49.966702858607 49.8484869798025 39.8577799399694 39.7230138381322 49.423744281133 63.460166255633 69.9449628591537 74.3384659290314 77.8354505697886 88.356077671051 91.2568469842275 82.1722497542699 73.2484012842178 69.5960919062297 65.7915423313777 66.1303102970123 67.5322115421295 68.0134942134221 67.4734661976496 69.1736241181691 77.0949125289917 82.6853662729263 76.0153780380885 54.3379932641983 58.0871154864629 48.4011471271515 43.9503490924835 64.1800910234451 70.3620364268621 57.828297217687 47.8852887948354 41.5020982424418 45.734316110611 47.2988982995351 33.9977269371351 21.2530841430028 19.4841424624125 19.9931127329667 13.4216571847598 14.3747292459011 24.1202066342036 26.6640111804008 28.0398006240527 55.6658208370209 106.294055779775
73.6258824666341 66.7466968297958 61.7515693108241 57.7437728643417 50.4654943943024 44.0623064835866 39.6298890312513 34.9757547179858 17.5880156457424 25.431585808595 44.5171991984049 57.762751976649 57.9862197240194 66.0321911176046 80.0237109263738 96.9498654206594 102.530697981517 94.8383609453837 86.226483186086 81.8126201629639 76.5691896279653 73.7911214431127 71.8169063329697 69.3481912215551 66.4179623126984 68.5686270395915 67.3063993453979 67.238171895345 64.8319224516551 47.2824424505234 45.5934107303619 46.3028301795324 42.2479212284088 67.1773453553518 87.3740911483765 90.659906466802 64.3656055132548 24.9472434322039 20.8152992029985 27.5006741285324 35.6248368819555 25.2206151684125 33.3039661248525 27.501384417216 18.8086492319902 12.8721669316292 20.5161745349566 33.9818721016248 42.0652528603872 71.0409979025523 139.207889636358
76.2778768936793 70.7507232824961 69.3434327840805 70.5497562885284 67.1087354421616 60.4423731565475 55.0586332877477 55.7618985573451 54.2287131150564 59.666300813357 68.4316257635752 74.7706492741903 75.3458738327026 69.9031750361125 80.6234031915665 97.6468523343404 108.242849508921 108.445823192596 100.57466228803 90.5833343664805 83.7755600611369 78.7132034699122 77.7598321437836 75.475201010704 68.4240808089574 61.4564915498098 58.2300027211507 58.9900612831116 57.2697520256042 54.4927020867666 36.4506592353185 36.4228834708532 27.3046617706617 54.4836024443308 95.1168636480967 105.019936958949 71.4277923107147 37.1686021486918 14.2161287367344 14.3863086899122 18.1964275737603 14.7405800720056 28.387280801932 43.4809674819311 44.7883357604345 31.5019339323044 31.3996821641922 48.4550297260284 77.0519822835922 125.033517678579 157.827377319336
77.1483977635701 74.3251244227092 74.5481948057811 75.9395857652028 75.4068791866302 71.4815308650335 70.9816763798396 79.2937974135081 96.6209669907888 92.3034151395162 83.078329761823 85.0566029548645 90.6650722026825 77.5955766439438 79.000249505043 88.1803631782532 97.651352485021 104.404966036479 105.011721452077 97.8884200255076 91.8376644452413 85.2732360363007 79.2929232120514 79.6518474817276 70.3693628311157 55.7991365591685 50.3033498922984 49.053743481636 49.7234563032786 43.8136955102285 21.9507664442062 19.5710423092047 14.0328456958135 13.8387853900592 91.8500423431396 106.38635357221 86.221436659495 74.0307023127874 40.5671348174413 9.14231749872367 2.60016741231084 2.20714224703263e-16 17.0196071267128 48.2915838559469 55.6770414113998 45.4056958357493 44.0231511990229 69.833849867185 131.091415882111 177.426596482595 168.95870367686
76.3315359751384 72.6928959290187 66.7065878709157 61.6683860619863 62.0631625254949 64.3738011519114 64.1747166713079 77.0509938398997 88.0531469980876 83.3099186420441 73.1429755687714 73.0131318171819 84.2231214046478 79.7897080580394 75.6423870722453 74.4169553120931 75.6489982207616 82.6370318730672 93.4892396132151 98.0960925420125 93.7023361523946 87.3011747996012 80.3462415933609 73.6302783091863 63.8688951730728 58.1951687733332 44.1210766633352 38.3483643333117 44.8315640290578 40.6074722607931 21.8113710482915 15.4701496164004 7.21438849965731 0.480952750270565 25.3178502122561 96.3416298230489 103.039006392161 115.021000305812 96.5311825275421 43.8899348179499 7.99972005188465 0.49362195810924 8.15879181027412 41.572742164135 61.8513623873393 83.4846595923106 106.264024972916 159.735302130381 201.815783977509 211.827794710795 195.347090562185
78.6714255809784 76.4985730250676 70.1956351598104 62.9765689373016 61.3434066375097 64.2162809769313 55.7719568411509 53.7174691756566 54.5571198066076 52.1420786778132 44.8484718799591 42.0801738897959 48.0557133754094 65.2685165405273 72.4864403406779 67.6880776882172 57.3828568061193 51.9402921199799 63.3944571018219 86.1944357554118 87.421456972758 81.3534955183665 74.5442708333333 68.6494112014771 63.99138768514 58.1075549125671 46.9990173975627 30.5257265766462 36.866640051206 50.2355049053828 37.7936686078707 20.6648868819078 10.7663956781228 0 0 76.0714362064997 116.627971331278 131.298094987869 118.06250611941 87.9487792650859 52.910049756368 19.1489259401957 16.347015897433 37.2180615862211 72.993407646815 140.244325002035 182.804385821025 214.396437009176 223.054925600688 222.347279389699 212.303340435028
80.4952929417292 80.3905179103215 77.6696850856145 73.8749752442042 71.8450546264648 71.0272292296092 54.3907284736633 38.8614585002263 39.4661699732145 41.9472654660543 39.0450358390808 36.0654244820277 37.5025272369385 61.1003339290619 75.5820274353027 65.9993290901184 43.5992379983266 31.8608408172925 35.7965230941772 55.088276664416 64.7189517815908 67.8690572579702 68.6671038468679 63.0719015995661 53.2812227805456 49.4775474071503 38.5726541280746 14.2718739807606 28.6482597390811 53.8056592146556 63.186193505923 56.096280614535 34.867987036705 1.72224051008622 0 52.8790901104609 110.77618598938 118.584563334783 98.4428723653158 95.4652031262716 101.928293704987 87.0509743690491 63.5312894980113 79.9006223678589 135.830263296763 182.526787122091 206.126630306244 217.132687568665 218.787491321564 216.569979985555 211.479206879934
