input/barkrak2/radiation/dir06224.grid
NCOLS 85 
NROWS 70 
XLLCORNER 665100 
YLLCORNER 4664600 
CELLSIZE 20 
NODATA_value -9999 
[rows 21 to 41 of 70, columns 0 to 46 of 85]
62.9068911075592 50.0514606634776 39.1606837511063 54.197629292806 50.4518697659175 28.89400968949 34.1623748342196 44.5918788512548 43.9726561307907 46.6608504454295 49.3932664394379 50.22198955218 50.0916292270025 50.1523911952972 58.6047917604446 71.7815309762955 86.9998335838318 98.4138051668803 107.743442058563 122.208575407664 131.661236286163 144.98046040535 153.170824050903 150.873959064484 142.880976200104 130.675395329793 119.101464748383 122.139592965444 127.807557582855 111.634353796641 90.5707577864329 75.2780338128408 51.0585357745489 39.2434870203336 22.2836385170619 19.7224343816439 29.4754877686501 45.7590222358704 71.5334514776866 78.3951928218206 80.4765373468399 84.6591591835022 81.2402168909709 71.8516111373901 97.0146755377452 107.221364974976 114.554623762767
105.088869730632 98.7575650215149 76.1739561955134 72.7245509624481 69.0008898576101 43.001467982928 51.3731390237808 51.8318514029185 42.2449956337611 42.1717266241709 48.8567252953847 51.3843397299449 53.8284728924433 58.5536857446035 60.4637811581294 65.8108194669088 80.2928507328033 92.8869148095449 100.161135196686 103.623141845067 109.180589516958 126.509924729665 139.27294810613 144.929170608521 143.239955107371 135.961989561717 121.140360832214 112.996568282445 103.955010573069 103.40208808581 66.3491934537888 37.6794810096423 21.2068756421407 3.57604771852493 1.90502498298883 2.82242521643639 10.4018213848273 25.9216204285622 32.8120986620585 39.1074866056442 49.309104681015 62.66750395298 50.8624414602915 44.2284395297368 72.5292215744654 99.1873244444529 104.816178480784
140.676955382029 129.880050818125 96.3470041751862 79.351931810379 74.524387717247 72.5898643334707 66.8538113435109 53.5010745127996 37.9556939005852 40.0500744581223 49.8954554398855 54.1987071434657 58.4360063076019 69.4072743256887 67.4770573774974 70.815235376358 77.464352051417 91.1307831605275 95.9340433279673 88.3266727129618 89.3193483352661 95.3194499015808 108.929008245468 121.159732341766 129.460722208023 127.299348513285 114.91259932518 111.378163099289 87.6516302426656 45.9057092666626 39.1973505417506 27.4523148934046 4.15291668226322 0 0 0 0.602899623724321 5.69915461043517 9.79312260945638 7.34069508810838 12.6144948105017 4.0126604338487 22.6975828409195 53.1784643729528 68.9038683970769 90.6982521216075 99.2629726727804
139.759381612142 135.830958684285 115.224242210388 84.3253036340078 65.8496816953023 71.8232641617457 67.7392979462941 59.0129594008128 47.5268264611562 42.6352024078369 46.2918331225713 51.0706255833308 55.005004008611 67.9000467061996 67.1146015326182 68.4204200903575 76.1129061381022 88.8908902804057 96.4420239130656 88.2499217987061 87.2584382692973 85.0107272466024 94.4379766782125 103.906373182933 109.597315390905 111.094464858373 104.960312445958 98.6386338869731 76.6964107751846 37.4722480773926 31.0852651794751 28.7053237358729 11.6753901044528 0 0 0 0.0418083509430289 1.21575097242991 3.13763630886873 4.25069965422153 0.403400432939331 0 11.1852909127871 80.5072784423828 81.4301272233327 91.1658008893331 99.8063186804454
125.810007254283 130.881051222483 124.138255914052 94.0796534220378 66.439280907313 71.7948526144028 76.4698336521785 80.7039986054103 76.8853574991226 64.1890813906987 58.3014190196991 64.305434624354 64.8479561010997 76.1889119942983 77.697808543841 72.0822662115097 75.2959251403809 87.3910387357076 96.2023536364238 99.0918676058451 100.611448287964 97.3030924797058 93.645840883255 93.6510761578878 97.1655746301015 99.8450020949046 95.3492720921834 91.1678870519002 68.4634745121002 51.1270513137182 52.4703860282898 60.3448301553726 53.1364778677622 6.36334531009197 0 1.28776781881849 1.5718387439847 2.03600044672688 0.843965370828907 0 0 0.250173558015376 22.9159270723661 81.8723837534587 100.53410132726 96.9919264316559 96.3330467542012
124.635448058446 130.227128664652 128.512471914291 104.055047035217 83.2650015751521 89.7581775983175 95.3764319419861 101.899762948354 108.536124229431 98.104327917099 79.0253231922785 82.8513552745183 83.5919876893361 90.7212694485982 90.9449458122253 81.7996561527252 78.5744984944661 91.318021217982 99.769910176595 111.907303333282 114.291290442149 112.457573413849 103.531271219254 96.1864590644836 97.0641076564789 99.8658239841461 94.9419836203257 96.7316130797068 86.4095389842987 86.9908928871155 98.0292161305745 121.376881996791 130.723337332408 110.717703898748 27.7719249327977 7.06648143629233 6.24384544789791 5.24389433364073 2.36710983638962 0.0324809589073993 3.51069526125987 21.8652039766312 60.4440172513326 81.8995883067449 88.3956849575043 86.4884455998739 85.6508910655975
126.581033070882 125.122318665187 125.574161609014 110.046178102493 113.435417413712 110.342303911845 121.014535427094 117.499530315399 116.628110408783 113.204737504323 94.0425395965576 86.6014063358307 91.0018583138784 93.6337610085805 94.5871671040853 94.4165289402008 86.4533185958862 96.0466861724854 109.822968641917 117.559323708216 115.038792292277 106.610735257467 103.666355212529 105.201999346415 105.024456977844 106.209615866343 102.678676446279 110.07817586263 122.476279735565 130.679547786713 139.603585004807 149.469425280889 158.373226722082 171.702206134796 130.351155996323 33.375824491183 12.6631570359071 8.20039336880048 4.35219053179026 0.180196676713725 16.5550683935483 78.6201010147731 78.4559647242228 70.3844626744588 67.6053514083226 61.1077596743902 69.5158491532008
129.444658756256 117.207080125809 118.379424015681 114.46812748909 134.470462799072 123.829146226247 116.010655959447 108.790814876556 104.765951633453 96.7298845450083 85.9767397244771 80.2231232325236 83.0194403727849 93.094805876414 95.8931843439738 103.446533282598 96.7354774475098 94.0533975760142 106.748004754384 109.366277853648 107.537150382996 101.533571879069 101.122985283534 108.536660671234 112.016250689824 107.963055372238 110.458085934321 112.333953380585 134.187996387482 147.592524687449 161.518702904383 171.394606431325 179.135958353678 181.412359078725 176.156560579936 100.334336360296 13.0747755368551 3.01271956413984 0.468673300929368 0 31.0907562573751 71.4315325021744 67.259152730306 44.0867841243744 42.8079813718796 40.6355187296867 47.6156125466029
129.684329032898 110.377202431361 112.066904703776 122.103095054626 133.881489435832 122.209876775742 102.329025665919 83.4892988204956 71.4680105447769 65.1193757851918 64.2312814791997 68.9512987931569 77.7932157119115 92.3620661099752 100.190321604411 108.112106720606 104.191641012828 91.8433467547099 96.9277918338776 99.4103352228801 100.218653678894 101.652503013611 102.222412824631 108.880579471588 115.803420543671 113.002280394236 116.618076960246 113.879511753718 129.831045866013 152.67546971639 172.989130020142 185.000518957774 185.093482335409 185.048520565033 196.001430352529 180.142045021057 90.6156996885936 13.123261431853 7.93065316975117 9.96356333295504 27.7623509367307 40.8636008699735 49.5221515496572 25.309515496095 22.3049273093541 26.601364215215 43.3804194132487
126.558929681778 129.190375407537 154.957115650177 193.491220474243 166.433155536652 128.895103931427 93.779186407725 63.4646912415822 52.5964597860972 57.3026686906815 53.3568809429804 53.1460891167323 74.5131472746531 92.4435158570607 105.795214573542 113.989055156708 111.088742812475 97.0031023025513 98.373552163442 102.202355861664 100.782851378123 104.905287424723 108.2683801651 110.922654469808 118.538747231166 123.625258604685 123.5098640124 124.937991301219 134.205917517344 158.765474955241 182.414670785268 189.21571969986 186.382949352264 194.89328066508 208.3420753479 214.5942846934 189.320087432861 128.894160191218 49.9448527892431 21.0135703285535 16.1426303287347 19.2140166958173 32.069427271684 23.5506072640419 19.2144215106964 30.2591944734255 51.364521185557
142.445355653763 179.445922374725 228.610058625539 249.942183494568 231.778462727865 175.211230913798 120.435992876689 82.5507541497548 72.4088996648788 76.7164478699366 67.6940033833186 58.6070319016775 72.4845180908839 89.9031261603038 109.33929681778 117.097010215123 114.4144932429 106.949905554454 102.074384689331 103.467226028442 104.943931102753 108.124633630117 112.45122551918 113.123635450999 119.778454303741 133.783598740896 134.534388780594 141.325424114863 146.580119927724 166.736324628194 184.016704559326 192.926069100698 194.26037867864 203.539411226908 211.445450782776 209.288636843363 206.181248029073 196.767071882884 125.951806704203 47.3774572213491 19.8153691987197 21.3612864414851 25.1607423027356 26.1844545602798 35.1464996735255 46.1081316073736 64.2223209142685
205.451766649882 241.548399130503 263.436178366343 264.248808224996 265.236337979635 238.150596618652 194.712340831757 150.970747073491 122.900307178497 110.408494869868 105.02036412557 88.4680549303691 75.0639587640762 84.622989098231 111.878275871277 119.231184323629 113.300164540609 113.61438035965 104.382127523422 103.596359491348 107.85041252772 109.102070331573 111.65260275205 112.580319245656 119.02708808581 134.416838486989 142.37454533577 151.743153731028 159.302651882172 167.286813259125 181.295414765676 193.500876426697 194.77113087972 191.798567771912 195.257862408956 179.182291030884 180.455505847931 168.31777493159 131.822486718496 71.7856784661611 37.0334709684054 32.6033979654312 27.8066769242287 28.7825763225555 35.156158109506 31.2760323286057 24.3533651034037
252.92040904363 266.79648955663 269.3759004275 266.874512036641 269.188245137533 267.905453840892 244.743128617605 199.181834856669 159.361441930135 138.172566890717 137.799183527629 124.430954456329 98.5963145891825 95.7736174265544 108.176956574122 115.045527617137 108.343144257863 109.868148962657 104.320009549459 104.787717262904 103.760461012522 105.234801769257 106.320669253667 106.869359811147 115.619073311488 127.624164024989 141.787072022756 146.05059226354 156.555523475011 167.91029771169 181.547979513804 183.593233426412 168.816030025482 161.574681599935 160.49380103747 144.130418697993 144.667416810989 129.549284776052 91.3521548112233 56.7395389080048 60.2440486351649 55.4254005352656 42.5889293352763 29.1780804594358 25.2470696965853 10.5027221143246 7.51956552267075
263.144195079803 267.392516136169 267.339706420898 265.752514203389 265.405416488647 266.222914059957 261.796375115712 233.06667804718 182.385305563609 151.7107685407 148.710151513418 145.71875333786 129.65519229571 112.367848555247 109.691242376963 113.409022490184 107.146382331848 102.924426396688 104.498306910197 108.77193013827 103.135446707408 102.013925711314 105.313092470169 106.542507807414 112.458388010661 120.68098783493 133.08842976888 133.720179398855 144.021888573964 163.162132104238 173.603336016337 165.771623452504 158.246407906214 154.052784045537 144.227822621663 128.941913445791 133.153269688288 130.302975575129 111.018439133962 79.029177625974 79.3152103821437 85.3517154852549 68.4870580832164 50.0953843196233 12.5852438310782 2.2658941646417 0
258.766770362854 261.294325192769 259.251495202382 260.744392871857 258.978943030039 255.941073099772 253.303170204163 237.053434054057 190.937201182048 162.948817014694 153.322805960973 147.972077131271 145.805547634761 123.606969912847 113.809516032537 119.573593139648 112.035890420278 102.074881394704 108.103781938553 109.00405049324 107.343773047129 102.770616610845 106.640587250392 112.526108821233 110.540360212326 117.863188187281 123.293648163478 124.931335449219 133.509079615275 154.027203718821 164.470752080282 162.28919227918 160.533318916957 161.534498135249 142.681628465652 135.753184556961 140.619893868764 147.558559974035 143.058240413666 112.696786721547 72.9246785243352 72.3574260870616 59.1253687938054 13.3413101236025 3.97446875770887 0 0
240.876237551371 243.959863980611 245.715419451396 241.86110496521 241.904060045878 240.489105383555 244.811197121938 241.278211275736 203.128973642985 166.583637396495 151.575992504756 143.679112195969 142.896950244904 123.691221078237 111.889829238256 121.192077795664 122.319608926773 109.38161611557 111.747364203135 116.331001122793 115.143011013667 109.434753656387 109.598934650421 114.960968494415 112.420360247294 114.140967528025 121.406197547913 129.604607820511 135.012408097585 148.728291193644 162.163317203522 165.110319852829 161.889016628265 165.156741937002 145.868440469106 146.576672792435 147.19436566035 155.523031949997 155.439347028732 122.390607992808 51.1596302191416 35.3546862800916 12.7028202017148 3.32127946118514 0.837619494025906 0 0
220.160265763601 227.556347846985 237.209518750509 235.040803750356 234.664837519328 239.968915780385 247.883856296539 247.80547618866 224.776387214661 181.580523649851 158.333430687586 138.815859953562 127.734998861949 118.634959061941 109.791974226634 115.434636672338 128.75501314799 118.491967519124 114.165842533112 117.315103610357 119.033594926198 113.980829715729 110.687424739202 114.336550235748 116.966476043065 116.098870833715 119.72842613856 131.091783444087 135.100185871124 141.673147678375 154.784599939982 165.957321723302 164.534121751785 155.466496944427 141.164600849152 157.630254824956 162.303229173025 163.865933815638 162.085642417272 137.166927258174 43.5897062222163 8.94171620408694 2.97771083811919 0 0 0 0
182.793180147807 193.938155968984 203.004161516825 207.276046276093 215.739806493123 230.063180128733 242.040673891703 248.246451218923 236.455321311951 201.096534729004 170.621752738953 143.292635679245 128.113249937693 124.547650416692 114.439815282822 109.133253494898 121.72132730484 122.585952281952 114.647418260574 114.139715830485 116.24601483345 112.576852242152 110.111981630325 111.448754866918 114.962468544642 120.766520500183 120.379557212194 127.720167239507 133.250097433726 134.508341550827 145.63595255216 162.73699204127 162.08619872729 142.375916242599 146.47783835729 169.781704743703 174.181441466014 171.469966570536 166.058441003164 162.117749452591 109.376351038615 22.7221896251043 4.12046102186044 0.518296573621531 0 0 0
146.713097890218 153.15181016922 152.824054161708 162.842134634654 179.766615231832 197.414378325144 210.026621818542 221.237401167552 219.893336296082 193.535308043162 160.397499799728 137.390295664469 122.957974672318 121.581763029099 118.232518434525 111.140847206116 116.112450758616 117.885450522105 109.56072807312 109.135756889979 114.03226852417 116.952071587245 116.572380065918 111.513793468475 110.381553570429 114.423086245855 122.070699930191 125.547826290131 132.202506065369 131.755123535792 136.082281668981 149.548590183258 153.232872486115 145.574669043223 172.111590703328 183.867891629537 179.895520210266 172.345598538717 173.941890398661 187.048852443695 185.530106226603 128.273963928223 44.7705388069153 10.0803871949514 0 0 0
134.596884250641 136.446217695872 136.288672685623 138.255168994268 147.142777840296 153.929571310679 156.704246997833 162.710249423981 160.450537999471 143.805235624313 127.460459868113 123.826503753662 121.47464354833 118.575155735016 115.644991397858 116.122384866079 115.139623483022 116.000841061274 109.45259531339 107.683996359507 113.789151112239 119.533846775691 122.625042994817 117.796987295151 113.746454318364 111.73003911972 123.69837363561 127.36839056015 132.509688536326 132.885585228602 132.796227931976 141.370117664337 146.604955196381 157.569060722987 183.596114317576 180.672407150269 169.688026110331 158.84401400884 161.895781755447 177.080591519674 192.972938219706 189.79158004125 133.246769507726 49.7428675492605 10.0400814165672 0.900979929914077 0
143.25162768364 141.15384221077 140.523850917816 139.520515998205 135.099112987518 133.526643117269 131.767123937607 132.033844788869 137.059231599172 127.317686875661 118.590702613195 120.350559552511 123.021235068639 123.487452665965 120.561609665553 118.65970492363 113.120059172312 120.689253012339 121.528009573619 115.068346261978 117.082456747691 119.700521230698 118.383785088857 121.901969114939 122.674405574799 117.067108551661 124.385346968969 128.743668397268 131.156851847967 134.333610534668 135.861923297246 140.951792399089 145.453592141469 165.630469719569 177.629510561625 168.161273002625 152.919719616572 141.874969005585 139.593581358592 152.053435643514 184.62594350179 192.165811856588 165.20948211352 100.915928681691 29.9112349748611 6.2494861582915 0
