input/barkrak2/radiation/dir02724.grid
NCOLS 85 
NROWS 70 
XLLCORNER 665100 
YLLCORNER 4664600 
CELLSIZE 20 
NODATA_value -9999 
[rows 23 to 45 of 70, columns 0 to 50 of 85]
81.2838574250539 70.4237769047419 37.1399124463399 19.3366445600986 14.1425157586733 17.9973045984904 19.2320185403029 7.96614773571491 5.18975158532461 4.81719182183345 14.7651359438896 15.9031599760056 18.5718213518461 24.9174684286118 21.5867633620898 21.4314336578051 28.9747590819995 37.5390599171321 42.8421745697657 36.148560543855 36.2977236509323 39.8748169342677 51.2632429599762 61.4297688007355 68.8006728887558 70.0381894906362 63.073808948199 53.3339828252792 35.5172157287598 16.8961447974046 12.1571732064088 4.67067894836267 0 0 0 0 0 0 0 0 0 0 0 2.04102803642551 4.97758947312832 3.3600985382994 3.81757505238056 7.81835491458575 9.68826934695244 12.1776486436526 13.6896222829819
80.8431804180145 76.6790211200714 54.1509737571081 24.262343843778 8.20437942941984 17.9620025058587 17.2625382741292 16.6586264967918 10.0669960180918 6.54218097527822 4.98567521572113 14.3538291255633 16.7385376989841 22.2013245026271 21.30542943875 21.0228612025579 26.2645532687505 35.2656642595927 41.8294270833333 35.8704378207525 33.1465154886246 30.9929698705673 38.7640669941902 47.4439809719721 51.8056650956472 52.353839079539 50.0866721073786 45.194352666537 23.4431078036626 11.1504979431629 6.52612621585528 4.76707704365253 1.36818001951015e-10 0 0 0 0 0 0 0 0 0 0 3.8764930019776 3.07735179861387 0 1.31385121494532 1.36094586923718 4.20927815139294 5.85452901820342 7.26910742620627
67.577600479126 72.073499361674 64.8788114388784 34.0552131334941 8.16099904477596 17.8991792102655 24.3350317080816 32.0244704683622 32.235989967982 26.0221064090729 21.2539657950401 23.4872822960218 23.2129370172818 28.6094496647517 28.5339703162511 23.711788157622 25.4042943318685 35.6038212776184 41.3291454315186 44.6707258621852 44.816181063652 40.6955828269323 37.5875184933344 37.7776175737381 41.2523746490479 43.4724191824595 39.8053998748461 40.5130833387375 24.8062610626221 20.0748704373837 16.8263912200928 20.6754008928935 14.8708509902159 0 0 0 0 0 0 0 0 0 0 1.40717516963681 0 0 0 0 0 0 1.05342641472816
66.2388702233632 71.4309712251027 69.1698690255483 43.5557713111242 20.0293896098932 30.6342492500941 44.2158977190653 54.217184583346 59.6116582552592 53.0984699726105 36.1226151386897 38.6939172943433 36.1489728093147 41.2312000989914 38.2938906550407 30.3228969375292 28.0068914095561 37.155215938886 44.2760636409124 55.5436909198761 55.8951199054718 52.7735998233159 46.1065868536631 40.3800085186958 41.1303713917732 43.5928255319595 38.9425233006477 46.5886145830154 43.623482187589 42.1792914470037 47.0629433790843 64.5759751399358 72.9139745235443 51.9796659549077 0 0 0 0 0 0 0 0 4.57634528477987 0 0 0 0 0 0 0 0
67.7265872557958 66.638708114624 66.7672803004583 49.6279100577037 45.5318788687388 52.2847870985667 65.1363084713618 68.2074775298436 71.2040414412816 64.7661884625753 46.4594711860021 42.0816391706467 42.6022211710612 39.7662172714869 42.0524527629217 40.3173019488653 34.7138891617457 41.242981950442 52.0929644505183 57.9646527767181 55.7625393072764 47.3222782214483 45.9777663151423 46.6007143259048 47.2481697797775 47.8726128737132 45.6070949633916 55.9979677200317 72.7476378281911 77.3310114940007 81.7269633213679 88.9359414577484 99.7322996457418 106.280376513799 61.1199041207631 0.00122959818327217 0 0 0 0 0 1.89460022374988 1.85428435603778 0 0 0 0 0 0 0 0
70.7411617040634 59.9830051263173 60.57341893514 52.5205731391907 65.629780292511 64.6727482477824 67.5034125645955 62.8260672092438 58.483158548673 47.7764457464218 42.573019862175 37.7107014258703 37.2367824117343 42.2323644161224 44.925719499588 47.5174238284429 42.9140230019887 39.1290461023649 49.480011065801 52.4142930905024 49.5598812898 43.7302788098653 43.6141242583593 49.480269352595 52.5432328383128 49.3410726388296 50.0589956839879 56.1561534802119 79.6697785456975 93.0622518062592 100.874116023382 105.411698420842 113.551199436188 116.044690211614 106.585323810577 34.4521055618922 0 0 0 0 0 0 0 0 0 0 0 0 0 0 0
71.8142042557399 54.8563102881114 55.10180691878 57.6918621857961 65.4737104972204 64.2382204532623 54.0970265865326 41.3221443692843 30.8934673666954 24.7741863131523 24.462195734183 28.2918140292168 33.5964088638624 42.6469792922338 47.5506732861201 53.7030945221583 48.5142519076665 36.5341703097026 40.9234215815862 43.4491634368896 43.3287372191747 43.6171144247055 43.5233612855275 49.272432923317 55.4449359575907 52.4120926856995 54.5247048139572 56.8556288878123 73.2716222604116 96.2474048137665 110.495130221049 116.4757112662 117.652575174967 118.492782115936 125.118285417557 107.969184716543 28.2067532340686 0 0 0 0 0 0 0 0 0 0 0 0 0 0
70.6263134876887 71.3453590869904 91.09960993131 120.892524719238 96.9757338364919 70.2006320158641 44.5941388607025 20.802286763986 9.03807766735554 19.5648098985354 18.823154270649 6.54706420997779 34.3890438477198 44.2159473896027 52.9974003632863 56.0899972915649 54.9895018339157 42.4642413854599 41.8133636315664 45.1771964629491 42.9997344811757 46.5458780527115 49.0665634473165 51.4653523763021 57.4577152729034 61.4290982484818 59.6463978290558 62.6493791739146 75.1726776361465 99.7984806696574 117.603113253911 121.386190255483 118.043343226115 125.327557325363 135.738879442215 138.945917288462 114.30898308754 53.2738616069158 4.08925550679366 0 0 0 0 0 0 0 0 0 0 0 0
82.6804389556249 114.989101886749 162.046114603678 183.186570803324 160.576204458872 108.750243981679 64.7805482149124 37.1789609392484 31.1912447214127 35.6654723485311 27.9541810353597 23.8061348597209 33.6976846059163 42.5516664981842 56.2260498603185 61.20765209198 56.6725979248683 50.7257531086604 45.2737162510554 46.5690245230993 46.1761057376862 48.9037036895752 51.3038535912832 52.9419084390004 57.8182140986125 69.0761009852092 69.8193808396657 75.3825654586156 84.7296019395192 101.186364889145 117.696623007456 125.251899162928 127.131084601084 131.378521521886 136.621733506521 138.872385025024 132.913728555044 115.592449903488 49.9229629834493 2.49960475290815 0 0 0 0 0 0 0 0 0 0 0
141.065150499344 176.430821418762 201.634665330251 204.095462958018 200.426638126373 172.272702058156 131.636579831441 94.6231385072072 72.4563052256902 62.1172487735748 56.7726343870163 46.7250943183899 37.7630119522413 41.2708992759387 55.4237912098567 61.2414379914602 55.1269849141439 56.6861132780711 46.2776372830073 44.6983873844147 47.8119601806005 49.951101342837 50.7396956284841 51.6187498966853 56.1096916596095 69.2250480254491 74.8723596334457 83.2033455371857 92.1648840109507 100.325842698415 111.796905597051 125.141104062398 125.677525997162 122.571458419164 123.850713173548 117.118736108144 119.523793458939 105.840961138407 59.2290262381236 13.3641759554545 0.169046417189141 0.438157469034195 0 0 0 0 0 0 0 0 0
193.724513053894 211.215555667877 214.749296506246 213.872353235881 214.982887109121 210.963030656179 187.248547871908 147.657871246338 107.649902502696 88.051716486613 88.438351949056 76.9024988015493 54.4254382451375 46.6188093026479 53.2164126634598 56.5947393576304 51.2530505657196 51.4975835879644 45.2321966489156 46.0401177406311 44.22993461291 46.1819469928741 45.8163917064667 46.4418729146322 52.8722653786341 63.9027257760366 74.9382724364599 78.9119551579158 88.1425340970357 100.198070208232 109.427273273468 112.618982791901 106.968293587367 96.1550871531169 98.3152588208516 83.9321513970693 84.783673286438 70.0931002696355 36.0660900672277 3.07389566053947 7.21362605690956 4.93776549895604 0 0 0 0 0 0 0 0 0
209.337115287781 216.438154379527 214.243908723195 216.598669687907 217.78146425883 215.133448441823 205.118079980214 175.645629564921 127.824048201243 100.102504094442 100.481470425924 91.4796888828278 78.9494613806407 59.2776636282603 53.0080546935399 55.3633620341619 48.8928457101186 44.8797643184662 45.5251038074493 48.3725766340891 44.1231926282247 43.2675828536352 45.3634560108185 46.7047244310379 50.82901318868 57.8440924485525 67.3147439956665 68.3259069919586 77.4354934692383 94.7898427645365 102.899372577667 101.500411828359 97.1828798453013 91.1449094613393 83.5603475570679 70.6479549407959 74.6244341135025 71.8309730291367 52.2685249646505 18.8612379133701 17.7199617028236 5.81126722196738 0 0 0 0 0 0 0 0 0
202.577491601308 205.790261427561 202.761312325796 203.460971514384 203.820665677389 197.76310523351 191.186547279358 174.218634764353 134.594519933065 113.284677267075 105.448385079702 100.682775179545 92.6046669483185 68.0741866429647 57.1345289548238 59.3062738577525 52.095502614975 43.5788134733836 47.9963918526967 49.2450694243113 47.4210033814112 43.8307523727417 47.7209289868673 51.7910818258921 50.4535983006159 55.4175277551015 60.1567526658376 60.9831064939499 67.934920390447 85.7211848100026 95.672329266866 95.5925385157267 98.3888109525045 100.834012031555 83.0917507410049 76.7093400160472 80.9919039408366 87.7184371153514 82.3582510153453 42.9501632849375 11.8648745119572 0 0 0 0 0 0 0 0 0 0
177.346765995026 180.349926153819 182.866275310516 178.976893424988 178.59282096227 177.441875139872 181.22935295105 176.930864651998 146.143933137258 121.27826611201 108.563760916392 95.466415087382 85.6321354707082 64.8683905601501 54.1032652060191 59.5690707365672 61.1976136763891 49.3212838967641 51.466296116511 54.4354567925135 53.9737443129222 50.4329452912013 50.6162097056707 54.6733985344569 52.0581503709157 52.3377954959869 58.5585882266363 64.771498243014 69.4433748722076 81.4810444911321 93.1580762068431 96.5922176837921 98.3541508515676 102.411369482676 86.8811905384064 86.4925583203634 86.2238705158234 94.3999886512756 94.8968827724457 53.9727906386058 0 0 0 0 0 0 0 0 0 0 0
153.248598178228 163.332412640254 174.416621526082 171.496788660685 169.554988543193 176.272749900818 185.230016708374 188.370267550151 168.915768464406 134.336898724238 110.615034898122 87.268054485321 71.0482348998388 59.2416226863861 50.2951294183731 54.1080782810847 64.9292667706807 57.678277293841 54.6539127826691 57.5516174236933 58.1374615430832 54.1458030541738 51.3843297958374 54.0009836355845 55.4143985112508 54.8841555913289 57.992234826088 66.7405774195989 69.4949229558309 75.13228058815 87.1891578038533 97.6489682992299 100.198765595754 94.32652592659 83.2580725351969 95.6402818361918 97.5987513860067 101.722856362661 102.119813362757 76.4184643824895 0 0 0 0 0 0 0 0 0 0 0
115.086456139882 126.851369937261 136.136025190353 141.273498535156 149.32910601298 165.746500094732 180.84196249644 188.710927963257 182.754437128703 151.236434777578 117.074549198151 86.0990087191264 66.7995860179265 63.165009021759 55.9509793917338 49.8578995466232 60.4708741108576 61.0950738191605 55.0617973009745 54.8488696416219 55.466944972674 52.6440938313802 49.6219098567963 51.6452590624491 55.8671653270721 58.881734808286 58.5860361655553 63.8652394215266 68.8091764847438 69.0980454285939 78.7989050149918 93.931237856547 98.6223419507345 84.0499401092529 85.5683088302612 105.020741621653 108.711034059525 105.164031187693 106.126228968302 102.608899275462 45.9553649028142 0 0 0 0 0 0 0 0 0 0
79.2235235373179 86.2124860286713 85.8557422955831 96.5887506802877 113.224526246389 131.092806657155 147.013614575068 159.28915143013 161.636749903361 136.894325415293 100.759625434875 75.2824048201243 62.0252390702566 60.7746293147405 57.0443073908488 51.7355899016062 57.0622384548187 57.441974679629 50.7584611574809 50.7465799649557 53.9664228757223 57.1402659018834 56.108370423317 51.9985606273015 52.097961306572 55.2016297976176 60.8702053626378 63.1902267535528 67.9021775722504 67.7447021007538 69.4366594155629 83.0018272002538 90.2191897233327 86.4230493704478 105.693489313126 115.836292505264 112.933725118637 106.54682914416 110.45636733373 124.185860157013 114.470531543096 54.2325079441071 1.35630151877801 0 0 0 0 0 0 0 0
68.20015112559 70.166269938151 70.0915257136027 72.2934901714325 81.6121647755305 87.8214240074158 92.1478470166524 98.3847181002299 98.5771318276723 82.2346359491348 66.7148431142171 62.1202985445658 60.7762734095256 57.7844729026159 56.0837934414546 56.4011037349701 55.7939757903417 55.2337815364202 50.6776769955953 50.3356655438741 54.6575337648392 59.9532276391983 61.2115015586217 57.0946286122004 54.9489756425222 53.4515877564748 62.5761051972707 65.7280534505844 68.1576083103816 68.7004874149958 68.8475221395493 74.7342010339101 83.9408238728841 93.9213335514069 113.12805612882 112.817704677582 105.234364668528 95.164567232132 97.853163878123 115.140149990718 126.933395862579 118.487626314163 65.0136917829514 7.54190608859062 0 0 0 0 0 0 0
76.7259101072947 74.1363118092219 74.1598109404246 73.810284336408 70.1178958018621 68.3142493168513 67.0118182897568 68.4893776973089 73.9783048629761 65.4640893141429 57.59164194266 58.8958958784739 62.702069679896 62.8824532032013 61.3954812288284 59.3513001998266 53.9547304312388 61.3257984320323 62.5558296839396 58.3145370086034 60.5467160542806 61.0860486825307 59.5564742883046 60.7248644034068 62.8923773765564 58.3857049544652 62.4198963244756 67.0021226008733 69.1774586836497 69.9229786793391 71.4286466439565 75.2162834008535 81.9283227125804 98.4980861345927 107.035845518112 99.7929970423381 90.0866985321045 81.2859038511912 78.0983765920003 88.9627734820048 116.202751795451 121.617217858632 98.7034440040588 41.1395356059074 0.838720782970389 0 0 0 0 0 0
81.2243322531382 78.2337834437688 81.1881721019745 79.5900424321492 72.8083451588949 69.3651735782623 67.0990149180094 64.4766290982564 64.9707814057668 61.3872756560644 59.9428166945775 59.6338361501694 63.3112837870916 66.9875045617421 67.2320375839869 63.9251967271169 60.7621967792511 66.2479847669601 68.6459044615428 62.5278353691101 59.9783013264338 57.7219873666763 54.4616281986237 56.3286244869232 60.7353349526723 58.7791899840037 55.0033350785573 59.7845315933228 65.5029118061066 68.4860646724701 68.7944243351618 69.6606785058975 80.0453126430511 99.4251271088918 106.00346326828 90.1422699292501 79.4060230255127 77.7783890565236 76.866293946902 84.4413936138153 92.8685665130615 95.8327154318492 82.2528054316839 49.7699479262034 2.79780415197214 0 0 0 0 0 0
65.2521500984828 67.974458138148 76.6888161500295 74.1922855377197 76.6620486974716 79.1977941989899 78.1155029932658 73.8788594802221 63.2092952728271 61.9541009267171 65.6090875466665 62.4385178089142 63.0950778722763 66.8921868006388 67.322959502538 64.5153323809306 65.913865963618 67.8078234195709 69.0468947092692 64.1616930564245 58.6952219406764 55.0414820512136 52.8581043084463 53.4533758958181 55.3724865118662 59.8021894693375 55.1764965057373 56.964914004008 61.0495954751968 64.1475170850754 62.5576277573903 61.0542297363281 71.7744827270508 85.3416820367177 91.9623573621114 81.8548699220022 77.9246240854263 81.9029659032822 84.5387578010559 85.2448642253876 80.3289314111074 79.1508654753367 73.74074558417 48.8115797440211 6.5549040834109 0 0 0 0 0 0
63.6418759822845 69.6213245391846 72.6172626018524 73.3272085587184 75.2570082743963 77.6726653178533 77.8139332930247 74.1224040587743 69.6710248788198 65.4362539450328 67.3982401688894 65.4893318812052 62.4873737494151 61.3720218340556 60.6227566798528 60.908113916715 57.3164373636246 64.4631882508596 66.1624521017075 63.9087458451589 60.3226174910863 57.5358966986338 57.0009648799896 58.0479552348455 54.7210474809011 63.858558734258 66.7993078629176 64.1992141803106 63.079446554184 61.3860388596853 58.4739247957865 55.9835284948349 61.4925473928452 66.6929086049398 72.784016529719 75.3430674473445 80.2706629037857 87.1078670024872 91.9308364391327 82.0304801066716 80.1634142796199 75.4087517658869 71.9063530365626 53.3621807893117 22.2598661979039 0 0 0 0 0 0
70.0783828894297 74.7460921605428 71.9730705022812 75.3813584645589 73.8045275211334 74.0008354187012 75.5241314570109 73.9787817001343 75.4295041163762 70.7123279571533 70.0741509596507 69.2914426326752 65.2094185352325 60.4261010885239 59.9466065565745 63.6704166730245 58.6593846480052 61.9307855765025 66.114733616511 65.4194802045822 62.4763468901316 61.7254724105199 61.1027131477992 61.6170515616735 63.017671306928 62.9248917102814 69.7526037693024 67.0011838277181 65.1235381762187 63.4423146645228 59.191291530927 56.9170216719309 59.6593767404556 58.5487087567647 59.0680340925852 62.2501621643702 69.438432653745 79.6686808268229 79.6873718500137 69.2274322112401 71.6230720281601 66.7574306329091 66.2299146254857 63.3414685726166 45.2125271161397 14.1663923859596 0 0 0 0 0
