input/barkrak2/radiation/dir04824.grid
NCOLS 85 
NROWS 70 
XLLCORNER 665100 
YLLCORNER 4664600 
CELLSIZE 20 
NODATA_value -9999 
[rows 22 to 43 of 70, columns 0 to 48 of 85]
78.7945588429769 72.2972303628922 48.7165252367655 43.329914410909 38.2534017165502 19.2144711812337 26.522437731425 27.0719702045123 15.6591075162093 25.0046104192734 29.5713692903519 31.4183384180069 34.8189324140549 35.1869588096937 37.2861077388128 43.7229474385579 55.4716438055038 65.7947808504105 73.138564825058 77.4167676766713 82.1179846922557 98.420520623525 110.657354195913 116.288562615712 116.252760092417 110.5002562205 99.798987309138 94.224472840627 86.5220228830973 68.6860879262288 49.4284927845001 23.8275875647863 6.41360320150852 0.453819520771503 0 0.0408963436105599 0.275015326527258 0.291554722934961 4.24354833861192 2.503984918197 8.07044034202894 5.696057031552 18.612802028656 17.0948629577955 37.8721704085668 59.5845530430476 66.5986239910126 69.4656918446223 73.1362402439117
114.292790492376 103.189041217168 67.7564442157745 49.5550135771433 43.0431663990021 42.3051714897156 38.3462558190028 28.2255137960116 15.620814015468 21.7155342300733 30.9446528553963 34.0028405189514 38.9553631345431 46.830008427302 43.3700432380041 45.937900741895 53.6610980828603 66.017692287763 71.5557833512624 64.0468001365662 63.2769167423248 68.6044047276179 82.369272907575 93.1149621804555 102.461874485016 103.131095568339 94.238410393397 80.8861255645752 68.2117690642675 32.0457418759664 25.6429687142372 15.2475585540136 0.44577568769455 0 0 0 0 0 0 0 0 0 0 26.4484037955602 38.2851312557856 53.6939054727554 60.1187398036321 65.3344988822937 71.2070465087891
113.627562920252 109.463473161062 85.9001576900482 54.847906033198 35.4485462109248 41.5662477413813 39.1279608011246 33.7509239713351 28.1501859426498 26.029276351134 28.4672354658445 31.3505083322525 36.7625703414281 42.4392918745677 43.7093675136566 45.5450514952342 50.4687329133352 62.6028180122375 69.5213377475739 63.5805279016495 61.1381828784943 59.0942601362864 68.1271851062775 76.5608847141266 82.2890301545461 83.7675134340922 79.8454980055491 70.0418651103973 57.1287224690119 24.9200413624446 18.3363457520803 15.836534400781 3.06691291431586 0 0 0 0 0 0 0 0 0 0 46.1811125278473 48.7526754538218 43.6401615540187 53.816482424736 61.4619056383769 66.2826796372731
99.444588025411 104.494114716848 97.3914861679077 64.9087131023407 36.145456135273 42.5451695919037 47.5870817899704 55.5705775817235 54.8352301120758 44.2284146944682 38.7074152628581 43.2050873835882 44.379582007726 51.1035273472468 54.7544062137604 48.1484482685725 50.6959656874339 61.911885937055 69.183627764384 73.7000952164332 73.4173754851023 69.9458420276642 66.9694195191066 67.7352646986644 70.4531421264013 73.8437573115031 68.3617442846298 68.6564743518829 41.8177545070648 37.1091092626254 35.2846508224805 40.8121695121129 33.7147563695908 0.308980699628592 0 0 0 0 0 0 0 0 6.03299960494041 46.5500354766846 36.3119592269262 39.8258616526922 41.1520476142565 48.2426385084788 61.2854659557343
98.1740951538086 103.82080078125 101.839780807495 75.0910739103953 51.3582328955332 58.3237508932749 69.4712648789088 78.8200199604034 86.0560238361359 76.1786550283432 57.3127567768097 61.2418005863825 58.576097091039 63.9226337273916 65.1612778504689 56.7499846220016 54.2222708463669 64.3744766712189 73.0598618586858 85.5615039666494 86.0216915607452 84.6835970878601 75.640469789505 70.0258910655975 70.843368768692 73.5562642415365 67.4758354822795 74.3464529514313 67.7358458439509 67.02687839667 74.3104120095571 95.4213241736094 104.683299859365 83.1496566534042 5.44824823737144 0.512457103468478 0 0 0 0 0 3.36747554441293 33.9620038866997 29.7125478585561 36.4001393318176 34.6148684620857 34.5639660954475 35.6772219141324 37.690281867981
100.036084651947 98.6406207084656 98.9951093991597 81.505407889684 80.716664592425 81.7798525094986 91.0334587097168 95.079759756724 94.8877135912577 89.403490225474 70.0136522452037 64.946507414182 63.8061116139094 63.3142491181692 69.7292983531952 66.553274790446 61.8639389673869 68.574070930481 82.097460826238 89.1318718592326 86.3835314909617 78.3079316218694 75.7297376791636 77.3252894481023 78.1139930089315 78.6541452010473 76.6903658707937 85.8172078927358 101.571321487427 107.218414545059 114.048580328623 122.214039166768 132.858564456304 139.736036459605 98.6066063245137 13.0521878600121 0.702212409426769 0 0 0 2.1980384675165 40.7291601101557 31.5713336070379 17.2149973611037 17.9949067533016 18.992525835832 18.5859935979048 23.7180218100548 27.3774514595668
103.046357631683 90.8613602320353 91.8452541033427 85.2881868680318 101.679573456446 95.4624811808268 92.9064353307088 89.3606146176656 82.4992408355077 74.3999232848485 64.0038351217906 58.6701581875483 62.095378835996 62.8741681575775 73.4234799941381 74.7129619121552 70.7321663697561 66.9840176900228 78.88429860274 82.6556930939357 79.4914464155833 73.4909077485402 73.1238822142283 81.1529805262883 83.6530228455861 80.2217225233714 81.1312745014827 87.4576071898143 110.48024892807 124.20200308164 134.123434623082 142.019172509511 147.413065036138 149.810572465261 145.402570565542 68.5957918564479 0 0 0 0 5.49232897659143 24.1743922233582 17.7220962941647 7.54525636633237 6.21785533924897 7.53628710905711 9.13739701112111 15.9916629393895 21.0339774688085
103.598882754644 84.6036573251088 85.6298903624217 91.9133524099986 101.598262786865 94.2373375097911 78.9474944273631 63.4718885024389 49.7373392184575 45.2785889307658 42.9132630427678 47.6240217685699 56.8474630514781 63.3587737878164 75.5977779626846 80.935796101888 78.0831078688304 64.5438134670258 68.8320895036062 73.4736273686091 72.2515285015106 73.8490968942642 73.7095971902211 80.1493028799693 87.1355930964152 84.5622917016347 87.1161222457886 88.6123975118001 104.841272036235 128.26602657636 146.041472752889 154.393096764882 152.447571357091 155.664602915446 164.650897185008 147.297700246175 60.1325382788976 1.04638809959094 0.146645121276379 0.221690046600997 0 0 11.8434317409992 2.50858363385002 1.52644328773022 2.31554700682561 7.97203990320365 16.1373925705751 21.6375639041265
101.267139116923 102.941771348317 126.37867530187 161.218543847402 133.904616038005 100.431223710378 69.0945784250895 44.4593628247579 34.7844436764717 38.3070632815361 35.3148256738981 35.3083858887355 55.4092079401016 63.6826852957408 78.4127165873845 86.0777795314789 84.2713415622711 70.6249078114827 71.6772725184758 75.1730352640152 71.9772726297379 77.3474226395289 79.4453074534734 81.8165391683578 89.4935230414073 94.7236120700836 93.2690600554148 95.6445336341858 108.327736457189 133.850862582525 154.55557902654 159.902522961299 156.944652398427 163.81107767423 175.291140874227 178.869009017944 151.908606290817 91.7899409929911 22.8940695524216 3.86644310007493 0.338337228943904 0 0 2.17485350246231 1.16825212414066 2.11595448975762 4.63818820814292 8.49648502965768 11.2353588143984
115.383406480153 151.341656843821 200.643499692281 222.15473651886 201.388239860535 144.154042005539 92.4017628033956 58.7369203567505 50.4029045502345 56.5671573082606 47.4631388982137 40.6406720479329 51.3801475365957 61.9588047266006 84.5177570978801 89.6714826424917 86.4643752574921 79.9078543980916 73.5346178213755 76.6073614358902 76.3714710871379 80.4723600546519 82.9121669133504 83.705614010493 90.2972420056661 104.253172874451 104.278802871704 111.253420511882 120.309601227442 137.576182683309 154.425809780757 163.855264584223 166.031022866567 172.675013542175 178.794185320536 178.281168142954 172.399242719014 153.346250454585 82.9830716053645 18.5905334850152 2.16372093806664 0 0 2.94184871017933 2.07365878547231 3.22884352256854 0 0 0
178.118328253428 214.603443940481 238.501350084941 238.951524098714 237.663070360819 210.671742757161 164.633929729462 122.940758864085 97.0976650714874 84.8479568958282 81.6296984752019 67.5186961889267 53.9118001858393 59.1907799243927 83.0461333195368 90.314120054245 85.5831702550252 86.236317952474 75.436919927597 74.6797174215317 78.3903698126475 80.8514108260473 81.8421840667725 82.8418036301931 88.9770686626434 103.724499543508 111.236145099004 119.27009622256 129.17282183965 137.270003557205 151.398847500483 163.278083006541 163.616865873337 161.811053752899 162.168363730113 154.316961765289 155.727485815684 142.413636048635 95.1606730620066 39.7742067774137 10.0815383096536 6.34215027093887 2.58130797495445 2.23121543725332 1.45824393257499 0 0 0 0
228.379547595978 243.611892064412 247.215151786804 245.80176671346 248.179058233897 245.101849238078 220.516959826152 174.948573112488 135.29775540034 113.334198792775 113.246848185857 101.544727881749 73.6021747191747 69.2437390486399 79.7553360462189 85.9983265399933 79.3566952149073 81.2286386887233 75.1418421665827 75.7472018400828 74.2716938257217 75.3829727570216 76.6987005869548 77.3217777411143 85.5350196361542 96.9272355238597 110.307544469833 114.582866430283 125.090489784877 137.782017389933 149.734924236933 153.070986270905 143.369416395823 131.800452868144 134.446750084559 117.86346634229 118.522812922796 102.888286113739 64.9840533733368 29.4972707827886 25.0421389937401 17.5670720636845 7.52305301527182 2.88889619211356 0 0 0 0 0
239.606916904449 245.351115862528 244.758566220601 244.420568148295 244.933327039083 244.600713253021 237.749298413595 207.278688748678 156.325787305832 126.394281784693 124.830365180969 121.940473715464 101.733187834422 83.767960468928 81.8317085504532 84.5664838949839 77.9204616943995 73.9736557006836 74.7496038675308 77.7002424001694 73.5442737738291 72.1023629109065 74.434424440066 76.7419834931691 82.1814785401026 89.9714430173238 100.507686535517 102.745950222015 113.400141398112 132.416447003682 142.700970172882 140.028337637583 132.681608200073 125.97244977951 117.828845977783 102.636118729909 106.941004594167 103.973706563314 83.4469298521678 46.5732912222544 37.3317996660868 36.6499374310176 19.3805570403735 4.79415866235892 0 0 0 0 0
234.477957089742 237.866202990214 235.07297039032 235.151787598928 235.776782035828 230.391303698222 226.036091645559 208.173354466756 163.270761569341 137.610147396723 126.559237639109 123.423496882121 116.239150365194 93.8601394494375 85.9734614690145 90.1103317737579 83.0734074115753 73.1663554906845 77.7282466491063 78.8320302963257 77.2774219512939 72.8637377421061 76.7958064874013 82.2294255097707 80.4267972707748 87.2698028882345 92.6080346107483 94.4570203622182 102.947731812795 123.97038936615 134.667923053106 133.389820655187 135.019322236379 136.043131351471 116.560876369476 109.549820423126 114.365835984548 121.563206116358 116.465667883555 74.8835156361262 31.7496657371521 16.8189778923988 0 0 0 0 0 0 0
212.88534005483 216.408173243205 218.349794546763 214.227000872294 214.51735496521 212.299466133118 216.404656569163 212.101697921753 175.479849179586 145.068307717641 127.745409806569 117.717325687408 113.812506198883 94.7797099749247 82.816203435262 90.0912582874298 92.751681804657 78.9278596639633 81.2188635269801 85.4786237080892 84.4560066858927 79.217920700709 79.4501801331838 84.4293236732483 82.1529875199 82.5841923554738 90.8215840657552 98.7596611181895 103.999276955922 118.470728397369 130.997955799103 135.027547677358 135.579456885656 140.097935994466 120.137631893158 120.603889226913 120.957722266515 129.702170689901 129.469603300095 88.9556109905243 18.2608229418596 0 0 0 0 0 0 0 0
191.239655017853 199.620087941488 210.52606900533 206.52703444163 206.218838691711 211.188515027364 219.85121568044 221.665263175964 197.346230347951 159.476468960444 132.652580738068 110.99836230278 100.373933712641 89.2189641793569 79.063281416893 83.6689174175262 97.0012545585632 87.3888731002808 84.7426156202952 87.8634651501973 88.1037513415019 83.4555725256602 80.4586311181386 83.841065565745 85.0599010785421 84.3694508075714 89.1575614611308 98.8497138023376 103.958447774251 111.490001281102 125.822891791662 136.559983094533 138.091742992401 129.701197147369 115.612248579661 130.210340023041 133.960435787837 138.234188159307 136.863529682159 110.36404967308 14.5799939831098 0 0 0 0 0 0 0 0
153.457462787628 165.255258480708 173.563838005066 179.151117801666 186.913748582204 202.561100323995 214.687546094259 222.131590048472 212.025860945384 178.748150666555 145.793169736862 115.580201148987 97.7037250995636 95.3825116157532 86.0163370768229 79.4609785079956 91.3336277008057 92.4850304921468 85.1868987083435 84.8449269930522 86.7439011732737 83.3725531895955 79.7926336526871 81.1394155025482 84.523598353068 88.653971751531 89.7476375102997 95.5871144930522 100.89448094368 104.647278785706 116.688032944997 132.936815420787 135.819971561432 116.960863272349 119.905362526576 142.215728759766 146.506388982137 143.24352145195 141.408969958623 136.871208747228 77.4330149094264 2.70067527890205 0 0 0 0 0 0 0
116.584251324336 123.365640640259 123.012036085129 133.473028739293 150.67450205485 168.046196301778 183.402140935262 194.300850232442 192.355831464132 168.097654978434 133.062303066254 107.747187217077 94.7882533073425 92.390646537145 88.0483190218608 82.6372702916463 87.3933831850688 87.9539549350739 81.3641399145126 80.7884136835734 84.6036076545715 87.505320707957 85.8504275480906 81.2044243017832 80.2494535843531 84.1177900632222 91.3197994232178 94.7219133377075 99.8278657595317 100.733061631521 104.822665452957 121.889024972916 126.897056897481 120.237171649933 143.576641877492 154.913206895192 152.418186267217 144.911259412766 147.700230280558 160.90718905131 153.710395097733 87.8580212593079 15.4976869622866 0.818813297276696 0 0 0 0 0
104.544967412949 107.068548599879 106.393396854401 108.561297257741 117.760390043259 124.613185723623 128.006080786387 134.271383285522 133.136302232742 115.411659081777 98.9478329817454 95.1390167077382 93.1456486384074 89.3746217091878 86.8814289569855 87.539941072464 86.3243142763774 87.0646437009176 81.2205076217651 80.0320009390513 84.533154964447 90.0919338067373 92.8745071093241 87.0748658974965 83.3835899829865 81.6009044647217 92.80131260554 96.3899791240692 101.352324088415 101.803123950958 101.817488670349 109.371721744537 119.976977507273 129.860768715541 153.510938088099 154.486119747162 143.537580966949 132.942587137222 135.330458482107 152.907609939575 165.546715259552 159.267803033193 100.060969591141 26.3654068112373 1.29865497971574 0 0 0 0
113.838016986847 111.463924249013 111.229280630747 109.990497430166 106.476128101349 104.079753160477 102.536350488663 103.326479593913 108.685274918874 99.3207097053528 90.7625357309977 91.7442639668783 95.6711173057556 95.1998134454091 92.8434232870738 89.9681448936462 84.5576922098796 93.0168827374776 92.9767489433289 87.3045325279236 89.4353191057841 90.2648468812307 90.24578332901 92.2481815020243 93.1667586167653 87.978462378184 93.4315423170726 97.6606011390686 100.089291731517 103.12486688296 104.6422123909 108.816176652908 116.276125113169 137.484550476074 147.220720847448 139.726221561432 126.902520656586 115.453918774923 112.712353467941 125.832299391429 158.298919598262 165.837973356247 137.855976819992 73.0592807133992 13.1333942214648 0 0 0 0
119.257579247157 115.884055693944 118.940651416779 116.97855591774 109.42746202151 105.945408344269 102.670719226201 98.6877580483754 99.0606546401978 95.3931013743083 93.6566094557444 92.4279491106669 96.0419277350108 100.528369347254 99.5052754878998 95.6672926743825 91.8853481610616 97.2428917884827 99.2220640182495 91.790239016215 88.9719823996226 87.1916810671488 84.8741034666697 86.573471625646 91.0654266675313 87.5601371129354 84.4515363375346 90.8264517784119 97.3781943321228 99.0484158198039 100.315709908803 102.658609549205 113.656202952067 137.248694896698 147.296925385793 127.370158831278 113.292256991069 110.329359769821 111.529360214869 121.317138274511 132.235695918401 135.380774736404 119.748731454213 81.8074395259221 23.0396265784899 0 0 0 0
102.295736471812 105.230778455734 114.158848921458 111.570358276367 114.022254943848 116.657634576162 115.06328980128 109.637757142385 98.5725522041321 96.7036783695221 99.6143221855164 95.737487077713 95.8505471547445 99.6005336443583 100.818733374278 97.4219441413879 98.3306964238485 100.220551093419 100.282688935598 94.4021145502726 88.4611109892527 85.7513348261515 83.1673840681712 83.5799177487691 85.1597189903259 88.9864961306254 83.845853805542 87.8219803174337 92.025230328242 94.3192342917124 94.8155224323273 91.99192126592 104.782511790593 120.784858862559 129.549423853556 116.091748078664 110.978752374649 116.767903168996 120.254884163539 123.127390940984 116.685390472412 116.347928841909 109.092702468236 80.3341170152028 33.4272732337316 0 0 0 0
