input/barkrak2/radiation/dir08324.grid
NCOLS 85 
NROWS 70 
XLLCORNER 665100 
YLLCORNER 4664600 
CELLSIZE 20 
NODATA_value -9999 
[rows 20 to 39 of 70, columns 0 to 45 of 85]
73.8029231627782 61.6116225719452 66.8316135803858 86.2011015415192 81.0013910134633 71.6178665558497 66.1460707585017 79.2019913593928 89.992622534434 100.201229254405 104.874730110168 103.456199169159 101.867944002151 106.420040130615 116.737504800161 132.963746786118 147.293756405512 157.040337721507 168.801407019297 185.012002786001 192.848225434621 178.887744744619 178.584257761637 178.982079029083 182.205637296041 176.783839861552 184.168457984924 182.409644126892 175.959289073944 178.60201994578 165.949692328771 152.754008769989 157.616883516312 142.504274845123 160.45160094897 167.964100837708 167.057812213898 169.001539548238 173.663675785065 179.196000099182 180.006643136342 180.633505185445 184.464971224467 176.281849543254 182.724714279175 187.613685925802
103.711803754171 91.2665625413259 84.4939847787221 108.400116364161 105.998287598292 72.9274253050486 76.0688136021296 88.5438720385234 97.6890623569489 97.8108048439026 100.189288457235 101.035465796789 102.563520272573 100.567519664764 109.157860279083 123.917122681936 138.397594292959 150.609225034714 162.213265895844 177.493611971537 185.541292031606 199.287215868632 201.763848463694 201.461672782898 191.520829995473 174.6693054835 161.730150381724 161.10160946846 167.832712332408 161.957561969757 142.23912358284 127.178490161896 96.1359639962514 81.6308359305064 89.094599088033 108.730594317118 141.596078872681 157.498856385549 168.622036774953 174.416482448578 172.102113564809 170.331557591756 160.948832829793 143.469999233882 169.454157352448 182.951132456462
150.33894777298 146.845440069834 127.658188343048 129.149824380875 127.682030200958 92.8040146827698 98.3993212381999 99.2973347504934 95.2057242393494 92.0415321985881 99.8575786749522 106.719483931859 109.065681695938 111.130724350611 112.570742766062 120.853155851364 133.966505527496 147.506187359492 154.987812042236 159.907976786296 164.620190858841 179.282049338023 190.109749635061 193.545242150625 189.868410428365 178.727090358734 162.746131420135 158.230940500895 156.881541013718 139.857292175293 101.769546667735 71.7376222213109 49.3229726950328 28.4116342663765 25.6150315205256 39.7633264462153 70.4221179087957 102.526128292084 123.092919588089 138.9572819074 149.401426315308 155.817051728566 133.189380168915 109.038452307383 140.190124511719 177.179038524628
187.220752239227 178.851246833801 147.499660650889 135.897765556971 133.676876624425 128.516922394435 119.498193264008 101.941506067912 87.2405370076497 88.4703199068705 104.023645321528 107.140978177389 112.582216660182 126.937538385391 122.053802013397 123.60621492068 131.475478410721 143.387238184611 150.542289018631 141.041199366252 143.359084924062 147.028545538584 161.225457986196 170.341670513153 173.077384630839 168.49160194397 161.036392052968 143.425563971202 124.840180079142 97.3346630732218 67.1039124329885 55.6027789910634 26.2937719623248 2.32969131320715 0 4.71464637666941 29.2882869640986 49.1834282875061 62.8944536050161 74.499433239301 81.7088683446248 72.0884303251902 86.6907338301341 121.60195906957 134.516139825185 163.428882757823
177.412807941437 181.072870890299 164.184461037318 139.641493558884 124.41689769427 128.398726383845 119.821667671204 111.410309871038 97.6039866606394 91.5478567282359 99.8672842979431 104.184826215108 112.477173407873 121.589710315069 121.504763762156 121.981312831243 129.575630029043 140.226980050405 147.867898146311 139.497915903727 141.351481278737 135.313749313354 145.144760608673 153.190662463506 155.350178480148 154.127488533656 145.564178625743 130.911618471146 114.544808864594 63.5371108849843 56.8055460850398 56.4431150754293 34.7476080060005 2.52640278389057 0.622066125894586 6.53345758716265 16.7306462923686 30.0858467817307 35.9934444228808 39.3481577436129 36.4088267087936 39.9035265048345 59.3848377466202 150.018294652303 155.372728904088 168.189903100332
170.053283373515 175.633529822032 173.696160316467 146.389782428741 124.941577514013 128.813286622365 131.618986527125 138.056069612503 129.51922416687 118.387560049693 111.816475788752 121.8641102314 123.335818449656 131.804923216502 133.136093616486 125.478615363439 128.350079059601 140.754540761312 146.002550919851 150.712301333745 154.819866021474 150.600562493006 144.849568605423 142.922321955363 143.976867198944 144.59349711736 134.243776400884 125.3841817379 101.718723773956 86.6563320159912 86.4969293276469 96.9814558823903 90.6912883122762 31.9621289769808 12.4934986233711 22.3095292846362 22.2349216540654 29.016708334287 32.7564453085264 24.8176902532578 23.6573119958242 28.5522987445196 73.3991066614787 150.881131490072 168.330311775208 171.845773855845
168.492555618286 175.041695435842 176.106115182241 154.884080092112 141.995847225189 147.09143837293 157.082110643387 160.328815380732 167.679031689962 159.345289071401 137.78872291247 142.75187253952 141.625851392746 148.75187476476 147.656887769699 135.298947493235 132.705549399058 144.808828830719 151.18940671285 166.114121675491 168.691356976827 166.594266891479 155.676901340485 146.623512109121 145.305852095286 146.741489569346 137.993415196737 131.304760773977 117.729206879934 122.441401084264 137.851109107335 163.908402125041 173.076033592224 157.820304234823 83.698163429896 40.6135395169258 37.562092145284 33.7699179848035 34.2438966035843 22.4183897177378 42.123888929685 76.3359715541204 122.585942347844 139.209936062495 160.027474164963 164.466430743535
170.856773853302 164.713809887568 171.352803707123 159.390072027842 173.312524954478 170.53892215093 176.70593659083 176.420629024506 179.804543654124 172.338604927063 154.97021873792 143.232375383377 148.488571246465 152.198572953542 152.743309736252 147.639036178589 141.98300242424 149.673193693161 163.149058818817 169.871111710866 168.649156888326 158.201485872269 154.237161080043 154.947757720947 153.924355904261 152.053574721018 148.510426282883 147.990882396698 153.665006160736 163.971503575643 181.341886520386 193.604270617167 202.263375123342 213.965038458506 184.43618218104 86.6764982541402 52.9298881689707 39.0702138344447 24.5127181212107 21.8397925297419 63.8492206732432 144.317169984182 133.485476175944 121.529122193654 129.197150468826 129.690200090408
168.508807818095 157.57562716802 163.281997044881 164.664556582769 194.855948289235 183.657745520274 175.813674926758 164.281745751699 157.889713843664 152.414828538895 140.779674053192 137.969305117925 146.32444580396 150.188386440277 156.049489974976 159.949163595835 154.593805472056 151.318500439326 162.588973840078 164.42201534907 163.770645856857 155.16589085261 154.667278130849 160.547306140264 161.445409059525 154.780626296997 157.124022642771 152.662257353465 164.797812700272 178.402940432231 200.158635775248 213.077187538147 219.427506128947 220.760544141134 221.171816190084 159.071783224742 54.9575885136922 22.1096475919088 14.0365200738112 25.6203363339106 79.4067134459813 132.781287034353 124.302486578623 91.1835928757985 88.1686508655548 88.281770547231
168.482184410095 151.30607287089 156.909684340159 173.587600390116 194.41282749176 181.690573692322 160.060534874598 136.406451463699 121.173759301503 116.140156984329 115.130384763082 120.113859574 134.595255057017 150.895675023397 157.651960849762 166.71750942866 163.984457651774 150.194346904755 154.377440611521 155.256350835164 153.929769992828 155.54067492485 155.837565660477 161.802311738332 165.329615275065 160.7659359773 164.778133233388 160.396675268809 163.16885749499 187.376379966736 211.07280254364 226.044336954753 225.01281897227 223.713040351868 234.841088453929 226.08228524526 146.918505430222 56.0378829638163 38.3027841647466 42.9554482301076 69.0133074919383 86.4261587460836 97.6784527301788 67.4225340286891 63.1462236245473 67.8359518448512
165.076434612274 171.359399954478 199.784557024638 242.869794368744 225.694020589193 186.568717161814 150.454014539719 115.004380544027 102.653086185455 107.688983281453 103.424380222956 103.123217821121 125.337978204091 153.425514698029 164.667874574661 173.524955908457 171.029130617777 157.609760761261 154.060711463292 159.992535909017 156.505425771077 162.773907184601 163.841962814331 167.065064112345 170.903126398722 174.712061882019 172.390580177307 171.211043993632 175.426244735718 197.819590568542 220.581432183584 231.357832749685 227.349797884623 234.370867411296 246.094127496084 250.936071077983 235.323945681254 187.7281665802 101.867139339447 62.7525995175044 54.0274083614349 57.1711460749308 77.0805577437083 63.0523860454559 57.7616592248281 76.9092639287313
184.568285942078 221.382876237233 265.432874361674 288.007140159607 282.864034175873 234.770099322001 180.48373858134 136.32008433342 124.101509650548 133.781373500824 122.69256512324 110.811581214269 124.246299266815 149.911244710286 165.769875049591 172.276695569356 169.408222039541 161.757012208303 152.421236038208 157.29413429896 157.13240702947 160.912831624349 167.11155573527 165.381411711375 170.920113722483 186.097741127014 186.954279740651 189.919968446096 193.741122881571 208.077251911163 224.456588427226 233.688076337179 236.385623613993 243.812600771586 251.253803571065 247.255126635234 244.342525800069 247.08370367686 186.474998792013 101.866126060486 61.4244788885117 59.9338362614314 65.1935984690984 68.5202827056249 78.699916601181 103.376468022664
244.049866994222 276.541034380595 292.381664117177 291.270673274994 301.207760969798 286.460975805918 249.765555063883 207.465688387553 178.245703379313 169.771810372671 167.485078175863 145.458330710729 132.728586594264 134.870479504267 163.011928399404 168.751438458761 163.668731848399 167.121092478434 155.249853928884 153.723955154419 159.443358580271 160.896162192027 161.865532398224 164.148757855097 168.980797131856 185.202459494273 194.305380185445 202.537377675374 206.488907337189 210.504154364268 225.642343362172 236.688733100891 236.207187175751 234.053591887156 237.069209416707 225.352962811788 226.892669995626 223.376870155334 183.903475602468 128.192216157913 89.037557442983 78.9100428422292 70.9034601847331 68.1607822577159 77.7773857116699 103.212863206863
279.165426890055 295.788764953613 294.535040855408 285.540421803792 294.021487236023 299.675345420837 287.647207578023 250.284373760223 217.281301816305 198.637266953786 198.350230852763 183.93212556839 142.920196056366 143.719464540482 157.905479272207 163.394262393316 159.867972135544 160.629938046137 155.571987231572 156.159321467082 155.696094036102 157.259086767832 156.765282154083 158.65017970403 166.195333003998 179.429590702057 192.619542280833 197.034478187561 203.442613283793 214.748024940491 227.639893690745 229.392826557159 215.743501981099 205.751796563466 208.504180113475 181.479672590892 181.882818539937 168.889383474986 140.233467022578 110.69197456042 116.962234179179 106.972148021062 88.3278747399648 70.8138545354207 69.5736656586329 84.5728814601898
291.617592175802 295.453230539958 297.507882118225 291.702548662821 290.924429893494 295.246481895447 298.956990242004 282.898743947347 238.039195537567 211.822251478831 198.606928189596 189.000825087229 176.631013552348 159.032056728999 159.977416197459 162.403295437495 158.69528055191 154.251992702484 154.896914958954 159.554342428843 153.920253117879 154.507925113042 156.326323747635 159.096509218216 163.809597492218 173.175732294718 184.091091156006 184.203108151754 192.873517672221 210.20120382309 220.692674318949 214.755296707153 202.504893143972 198.509414990743 181.604107220968 172.49608039856 176.41286055247 173.903385798136 158.08508793513 135.126372178396 137.62754201889 144.843280315399 118.998845418294 99.6013979117076 83.2470009724299 71.5274512767792
292.299866676331 293.317218621572 293.723523616791 293.875694274902 291.117191314697 289.257168769836 292.919158935547 287.205537160238 242.871205012004 207.698802153269 195.823510487874 192.245086034139 191.069682439168 171.753187974294 163.843075434367 170.477112134298 162.863224744797 154.416511456172 159.035017093023 161.654810110728 158.732205629349 154.01898821195 159.415006637573 163.920293251673 163.251449664434 169.218897819519 175.853947798411 175.754447778066 183.740595976512 204.06299829483 211.713890234629 208.063801129659 205.113887786865 206.128617127736 180.075804392497 179.302453994751 185.101648171743 191.452225049337 191.301385561625 169.50778166453 127.506166696548 129.238645235697 105.688184499741 95.4267084598541 78.7505706151326 65.4834906260173
281.501988569895 283.517837524414 284.020364284515 282.664140065511 280.982534090678 279.05015150706 284.068842728933 283.997495969137 248.469928900401 209.739009539286 194.531639417013 186.650554339091 188.000837961833 172.859330972036 162.49006986618 172.167321046193 173.682570457458 161.018818616867 163.384656111399 168.25920343399 167.032202084859 161.162376403809 162.930250167847 166.830062866211 165.874421596527 165.935059388479 172.977983951569 180.808325608571 186.030685901642 198.925614356995 210.181494553884 210.553705692291 206.845879554749 208.064516385396 188.227156798045 190.344909826914 192.968964576721 199.915170669556 200.63304901123 174.600561459859 105.055034160614 77.120304107666 66.8687721093496 57.0548822482427 55.6812584400177 52.9443224271139
265.294094880422 272.201160589854 279.485543568929 277.859429518382 275.370558102926 278.264264265696 284.01905298233 285.913586616516 264.671285947164 221.288859844208 199.51856136322 185.861567656199 178.592721621195 171.007295449575 160.30740737915 167.647500832876 179.757495721181 171.145995457967 166.579941908518 171.374022960663 171.4080174764 166.061619917552 164.332389831543 166.353523731232 169.145127137502 168.040851751963 171.480854352315 182.617346445719 186.262349287669 192.573487758636 204.005936781565 212.05480893453 206.502477327983 190.307021141052 182.138542334239 199.886918067932 207.069536050161 209.904730319977 196.079750855764 187.35400835673 97.5516041119893 46.4401841163635 22.883452475071 21.9318817059199 22.7444916963577 27.0769943793615
234.483897686005 244.503736495972 250.998596350352 255.642930666606 262.246529261271 273.400723934174 282.077093919118 286.094228426615 274.219353993734 241.812745730082 216.034313042959 193.25190782547 178.222219149272 177.210052808126 167.047421137492 161.938299735387 174.568176269531 175.414045651754 167.160232861837 168.235262235006 168.708761533101 164.782255887985 162.333349386851 163.514117399851 166.886270046234 172.824660936991 172.176857789358 179.389357566833 184.550325075785 187.085747718811 195.981423060099 210.19301811854 196.250716845194 178.826510906219 187.577605247498 214.457372824351 220.825612545013 215.598702430725 206.891496976217 204.847792784373 161.670128504435 70.5233812332153 32.8734839955966 24.726465344429 24.3047401309013 19.0482599039872
199.90728298823 206.970890363057 205.498039722443 215.98345041275 231.629570325216 245.953798294067 258.011162281036 266.932050387065 262.048999468486 240.882138411204 211.939573287964 190.690477689107 176.392356554667 175.011893113454 170.042077700297 164.183994134267 168.9745982488 170.923928419749 162.195444107056 163.204431533813 166.533182064692 169.279058774312 168.891231218974 163.554032643636 162.176718314489 167.851765950521 173.903087774913 178.674042224884 183.602730433146 182.958801587423 187.033176422119 198.461095492045 188.900609811147 185.46591202418 212.951978047689 227.247913678487 224.370102087657 217.520892620087 214.550197124481 224.45684671402 233.303507169088 188.032786051432 100.571165482203 57.1987330913544 39.1490658124288 23.4730790058772
