input/barkrak2/radiation/dir01124.grid
NCOLS 85 
NROWS 70 
XLLCORNER 665100 
YLLCORNER 4664600 
CELLSIZE 20 
NODATA_value -9999 
[rows 46 to 68 of 70, columns 0 to 51 of 85]
52.2107779979706 53.7422845760981 56.3946664333344 58.3635816971461 58.1567734479904 57.9899847507477 59.9359224239985 61.7134024699529 58.4459553162257 57.4694027503332 56.6114485263824 55.5171022812525 52.0399312178294 49.498309691747 49.400731921196 52.6772240797679 50.7939755916595 45.3713486591975 50.4570504029592 49.4796931743622 46.9169169664383 48.0551520983378 47.8623608748118 46.8140244483948 53.9809366067251 48.681303858757 49.9863773584366 50.7729202508926 50.153190890948 49.9601910511653 48.4203149875005 44.9753304322561 44.3034867445628 44.5204079151154 46.535536646843 47.9779491821925 49.4721879561742 54.2823870976766 54.7651648521423 51.9112447897593 50.911029179891 48.6351797978083 53.7878920634588 58.6545517047246 49.9371240536372 24.4986688097318 1.3146516866982 0 0 0 0 0
46.3665624459585 48.683096965154 53.9572636286418 55.7523667812347 59.1680109500885 60.8108739058177 58.8474671045939 58.6718370517095 58.7575882673264 61.3148361444473 58.5485100746155 55.116722981135 53.6708782116572 53.7710984547933 52.1385471026103 51.0463714599609 50.3054161866506 43.7555313110352 47.4854012330373 48.7886667251587 46.0259666045507 46.4544196923574 50.1357664664586 45.7690805196762 48.5900888840357 48.6509650945663 44.7074274222056 47.8898386160533 49.3604391813278 48.4491984049479 49.6622969706853 48.7522582213084 44.1246231396993 46.7686057090759 57.0979466040929 61.4888370037079 55.9165726105372 50.9285231431325 52.8963555892309 60.3287716706594 54.5718719561895 50.162136554718 55.6060622135798 60.4644964138667 55.1808377106984 39.6883810559909 9.73661554356416 0 0 0 0 0
39.7367601593335 42.8312371174494 47.9000260432561 51.2484610080719 57.6560397942861 60.9810004631678 58.0929418404897 56.3780764738719 60.411478082339 62.6701017220815 60.7342819372813 57.0356051127116 55.8239122231801 56.6301047801971 54.3352514505386 49.0806549787521 49.0850806236267 44.362872838974 47.0922986666361 50.3319849570592 49.6342033147812 49.6675173441569 51.5010257562002 48.9079058170319 47.6982096831004 51.2171536684036 48.3597417672475 52.1779706080755 56.2324225902557 58.6195488770803 61.6633594036102 62.1629655361176 53.9653847614924 54.4911772012711 63.1716499725978 70.3724920749664 67.9730673631032 58.3951572577159 54.6252032121023 59.5855017503103 52.0705680052439 48.1503655513128 46.8121469020844 47.1357603867849 45.978898803393 45.2121943235397 34.5206533869108 2.49562365934253 0 0 0 0
38.7690116961797 36.7614428202311 40.8573746681213 48.4748333692551 53.9344648520152 56.9492131471634 59.6239616473516 62.3078842957815 63.5852168003718 60.5797717968623 62.4989022811254 62.5588446855545 59.2003961404165 57.1318765481313 55.5242945750554 51.0755727688471 49.7652093569438 47.7113922437032 50.7324238618215 53.9368291695913 55.3601880868276 55.3956478834152 52.9474516709646 54.221252600352 50.188754995664 53.8743038972219 57.1807374556859 60.5014910300573 66.3443952798843 71.7688550551732 77.2695640722911 78.2705843448639 68.8271671533585 62.8975282112757 62.4307294686635 71.2435146172841 73.9964743455251 69.6099201838176 59.4622890154521 50.3750244776408 45.9851324558258 46.6791143019994 47.4355270465215 43.8802391290665 40.6128093600273 40.8804665009181 28.2010783751806 8.4105742474397 0 0 0 0
38.9709621667862 42.2517557938894 45.735701918602 51.719476779302 52.2109170754751 52.5584816932678 60.1871063311895 65.2277817328771 65.2988304694494 65.0130212306976 64.8411562045415 64.9158457914988 61.2530807654063 57.2989284992218 57.4279278516769 60.6355716784795 53.8664609193802 53.9213865995407 54.701179265976 59.1561794281006 60.1433614889781 57.3624471823374 55.135374267896 55.2429656187693 49.9823391437531 55.4103255271912 59.9628289540609 66.5065050125122 72.138637304306 78.340952595075 84.2974086602529 86.8957241376241 80.4448922475179 67.314291993777 50.166000922521 52.1521170934041 62.0112270116806 69.1184302171071 61.0137234131495 47.3360270261765 42.4950222174327 47.2270498673121 52.7296562989553 50.096000234286 45.4223851362864 40.5234818657239 23.2056428988775 12.2722014784813 0 0 0 0
39.7204756736755 50.1288721958796 52.2827804088593 53.5341550906499 51.5380203723907 51.2744685014089 58.6945414543152 63.8885994752248 63.7998282909393 68.8014030456543 66.5691296259562 65.8316612243652 63.8074527184168 59.4108800093333 59.5499823490779 64.900740981102 59.2194944620132 57.4566721916199 54.9673239390055 55.9282352526983 56.410551071167 55.4557691017787 54.4057637453079 51.7223079999288 50.1677592595418 51.556666692098 54.6408444643021 57.6354066530863 63.1398906310399 72.7421194314957 79.9431949853897 85.5581561724345 79.15132244428 60.4896247386932 20.6246450543404 20.1757910350959 26.8474966287613 54.2763620615005 67.1995580196381 65.3327902158101 60.3978087504705 53.3451735973358 45.2326188484828 41.6113585233688 46.0409671068192 40.8194785316785 23.0991790692012 17.2532436748346 0.546972577770551 0 0 0
43.0812140305837 41.6318054000537 40.8029034733772 42.9675877094269 48.9185700813929 54.2783637841543 55.0665706396103 60.6083224217097 60.5420668919881 65.2913252512614 65.7654255628586 67.5806303819021 67.3120518525441 63.2529407739639 61.4763299624125 60.147151350975 61.5672320127487 56.2237252791723 51.6184618075689 49.7062702973684 48.9176958799362 50.4744748274485 51.1842916409175 46.7719733715057 47.8638112545013 46.6996530691783 47.490860025088 48.6062665780385 49.6892134348551 53.6628663539886 60.3578190008799 69.5524712403615 67.4334466457367 42.9034928480784 16.7531048258146 9.56716823081175 10.2991424500942 18.3951929211617 44.5878605047862 58.5810840129852 65.9010509649913 53.6269396543503 39.4932230313619 36.1819018920263 40.5306617418925 26.5593429406484 22.5638200839361 33.7827081481616 18.0263382693132 0.308550118158261 0 0
45.4992204904556 36.5580171346664 34.606859087944 39.407029747963 49.8212426900864 57.8610946734746 57.6605399449666 58.7464570999146 61.4607880512873 61.8253151575724 63.8539592425028 66.5423323710759 68.3171848456065 67.1487400929133 63.3067488670349 60.9007130066554 63.0576809247335 57.021419207255 52.5551736354828 53.1049271424611 52.5952378908793 50.9510735670725 49.0815540154775 46.4921196301778 46.2187230587006 44.48335369428 43.8416103521983 44.598455230395 43.059100707372 41.0038158297539 36.1933062473933 42.5394078095754 45.3590253988902 23.6375282208125 18.3215613166491 10.4090025027593 2.62602387617032 1.66497410585483 8.89835879206657 24.2531771461169 47.247439622879 46.5814173221588 37.6337418953578 33.2430675625801 22.4127471446991 23.4410067399343 21.367867787679 40.0591293970744 47.3369657993317 28.4339512387911 3.30184679478407 0
45.7142889499664 40.6060020128886 38.762629032135 43.7103758255641 52.3210565249125 59.3618998924891 62.3596409956614 58.6079110701879 63.0551874637604 61.6715401411057 65.2115841706594 67.0595318078995 68.3554410934448 70.277214050293 65.7746096452077 65.2620593706767 66.009928782781 61.047226190567 57.2243879238764 57.7618181705475 57.7839513619741 53.7098944187164 52.0387589931488 51.9158889849981 49.6299465497335 47.6639916499456 45.554185907046 41.8139000733693 39.6818468968074 35.6523344914118 28.3971652388573 33.2269916931788 40.4131735364596 42.5843546787898 40.7540251811345 30.3985054294268 11.229665329059 2.70931081225475 1.73894036561251 6.49883349736532 20.6167325377464 24.6645162502925 20.9470887978872 15.369242678086 15.1268864671389 20.2658101916313 22.1221769849459 31.1487168073654 43.328141172727 47.4883913993835 30.0279806057612 1.59540306776762
48.7086474895477 47.3267038663228 44.0580248832703 43.0176754792531 48.6106276512146 58.6201598246892 60.1553072532018 58.354397614797 60.34221748511 65.3960704803467 71.3136345148087 72.043647368749 70.2683379252752 71.136196454366 69.0124183893204 69.1009362538656 69.1068569819133 67.0865625143051 62.9897564649582 59.5175921916962 56.9886316855749 55.2124281724294 57.825043797493 58.6969951788584 56.0668657223384 52.6106754938761 46.6587543487549 37.5149498383204 32.0028016964594 30.5172925194105 30.5210202932358 36.8647376696269 44.3624754746755 55.4488549629847 60.5239222447077 58.8981211185455 44.8251863320669 30.4060354828835 18.9494825899601 5.88790761927764 10.8853404720624 20.24112145106 20.7857129474481 15.3031187752883 15.2280839780966 30.5725211898486 49.0248848994573 42.6764537890752 37.6946280399958 43.2976136604945 35.6520141164462 8.25675949454308
51.1778295040131 50.5916575590769 49.5228221019109 46.2765246629715 47.5124667088191 56.153471271197 58.2303901513418 58.3425511916478 58.4464967250824 67.3812528451284 75.0977496306102 73.8863448301951 69.5643573999405 71.9247361024221 73.3804404735565 67.7509158849716 70.2291478713353 67.4941639105479 63.422421614329 61.8555496136347 60.5860650539398 61.2800667683283 58.8862697283427 57.0133129755656 54.2475283145905 50.2767612536748 32.9301108916601 6.05129512647788 4.95480311413606 18.2472169399261 28.1648114323616 33.5354084769885 42.5855418046316 49.972062309583 60.5506400267283 64.5596534013748 64.7620012362798 55.4888248443604 43.8568294048309 24.8918955524762 12.4548673629761 20.3636412819227 39.7061705589294 40.0753741463025 33.4786102175713 51.4743824799856 74.8730798562368 64.796636501948 43.8298483689626 31.8519870440165 16.4824525515238 9.42704888681571
50.1017620166143 48.2516984144847 51.7340252796809 52.753080924352 50.4541943470637 53.0368437369665 58.1167638301849 59.0887268384298 59.5222264528275 67.2204991181691 73.5594431559245 71.9472418228785 67.7081197500229 71.1020330588023 74.333056807518 65.276250243187 67.2339697678884 66.091646750768 64.7311806678772 65.1787320772807 66.6297574838002 67.3775772253672 62.0093941688538 55.2095671494802 54.7853608926137 51.2403398752213 35.4947398106257 18.0960968136787 17.5389908254147 23.9043434460958 34.1591835021973 37.4350895484289 51.4499048391978 60.9856496254603 71.7873026927312 65.2706523736318 61.8118941783905 24.3797600269318 24.8395726084709 25.4201591014862 31.5619731942813 39.7109910845757 47.1977839867274 23.8050992290179 18.4839963912964 22.4730248252551 49.4070698817571 51.5352586905162 39.33185338974 30.6215758124987 23.4720980127652 17.5689434011777
39.5548269152641 46.6370483239492 49.9052157004674 52.5604486465454 52.6800254980723 49.619714419047 58.3804547786713 62.0840638875961 62.7316683530807 67.6782776912053 69.9989398320516 69.246252377828 68.6932802200317 67.3054208358129 68.6993350585302 65.4651373624802 62.2597833474477 65.6894395748774 67.7313258250554 69.6260382731756 70.8903471628825 67.1130816141764 66.4458026488622 59.99389787515 57.996208469073 57.9668333133062 53.6094109217326 47.1176157395045 45.9518432617188 47.2294340531031 43.8273896773656 43.5984035332998 62.4715189139048 72.7305263280869 52.9189060131709 48.2484449942907 29.2367388804754 12.7332334717115 4.90321808805068 11.9939235349496 11.2030878663063 40.666456023852 47.6784060398738 40.7517552375793 29.0235231320063 30.2614122629166 43.4564501047134 47.6854691902796 45.0607935587565 38.7084086736043 32.707209388415 31.8151240547498
30.6673794984818 44.2925939957301 48.0623642603556 50.8301754792531 53.7124027808507 50.1116166512171 54.0243486563365 60.9785417715708 71.3406105836232 72.7604230244954 68.3021048704783 66.2675400575002 68.1463479995728 67.823201417923 67.893053094546 65.5181109905243 62.3383422692617 64.5971894264221 63.2722576459249 61.1826082070669 62.5559488932292 62.8354251384735 61.5143080552419 61.2809956073761 62.4822825193405 66.1820073922475 73.4810332457225 77.4411857128143 63.647319873174 57.9907695452372 47.6005772749583 43.5734192530314 49.6987452109655 51.1823445558548 21.2039599816004 14.8421513537566 14.0778757631779 8.47327522933483 0.94588667464753 0 0 13.1200775504112 43.7649538119634 66.4118031660716 71.5817312399546 65.9477412700653 63.5285079479218 63.4954522053401 63.6005302270254 53.0124952395757 42.5649036963781 52.7050842841466
32.4208214879036 41.6650772094727 48.4498143196106 50.7047772407532 52.3384014765422 52.5683561960856 47.2329209248225 56.4783563216527 75.6341914335887 74.382076660792 66.6489104429881 63.0867183208466 66.0235087076823 69.7256078322728 68.8936312993367 65.8374925454458 64.9900734424591 62.7994885047277 56.6072563330332 49.7866223255793 50.3300676743189 53.5925130049388 55.196409424146 58.1919252872467 59.2093964417775 66.591555873553 82.4133406082789 87.6559813817342 67.7581777175267 56.6247204939524 47.5862473249435 35.2092931667964 38.0744685729345 39.6170765161514 19.6728979547818 11.0596294204394 12.0219700038433 17.4462969104449 10.3550671289364 1.47119257599115 0 2.88130032519499 21.4568053682645 46.4847286542257 49.4099954764048 50.5236436923345 48.1574634710948 51.3679832220078 54.8343062400818 48.6863901217779 49.2907067139943 82.4824025233587
43.2358235120773 46.1345811684926 48.2620398203532 45.1467235883077 39.769505461057 36.2712542215983 43.8054700692495 49.2654095093409 58.6448510487874 54.4731269280116 51.1568188667297 56.565930445989 64.7223939498266 66.8236960967382 62.825212876002 64.9182995160421 65.2355253696442 59.8389655351639 52.1380702654521 47.2883234421412 46.7249502738317 47.4641074736913 51.0639995336533 55.2141765753428 55.6142131487528 59.9191139141719 73.8653441270192 80.2089621623357 68.2445516188939 53.6146014928818 46.1839437484741 31.8044473727544 25.817982852459 42.9073770840963 39.5832657814026 18.7702352801959 18.7081123391787 41.9515122969945 43.8812077045441 30.3605621059736 7.05580413341522 4.04062991340955 12.4677717685699 19.4549784064293 18.2390138506889 19.902275254329 22.339291870594 24.5740537842115 26.5079364180565 41.7455434799194 62.5319629907608 115.072518587112
54.2004952828089 51.0009974241257 47.360748052597 40.722668170929 31.4736291766167 25.7223968704542 34.3305145700773 35.2761993805567 25.8424530426661 25.325948993365 36.8222842613856 47.0583289861679 53.614541888237 57.4293782313665 60.4751904805501 70.6116855144501 73.3061333497365 64.9776558081309 56.7253728707631 53.3724178870519 51.1817187070847 50.3973017136256 51.3505091269811 51.7899046341578 50.6488531827927 56.3663144906362 63.6346240838369 66.2348419427872 60.2556169033051 41.6810661554337 41.7629927396774 36.8376970291138 32.7390382687251 51.069567600886 57.4927677710851 45.8038647969564 36.1214751998583 22.474837799867 32.2705109914144 33.5752839843432 23.6732512712479 10.4219590624173 12.1508364876111 12.631818652153 7.46498381098111 8.70372354984283 15.8195570111275 17.8551698724429 18.890426804622 42.0438647270203 87.5898003578186 130.725214878718
56.9625993569692 50.5449324846268 45.9474424521128 42.278120915095 35.4737987120946 29.8487966259321 25.5885248382886 21.2160994609197 6.94080876807372 14.6039103468259 30.6783715883891 42.4499114354452 42.3121352990468 49.7242858012517 62.8784000873566 78.6266227563222 83.9800437291463 77.1301686763763 68.8464393218358 65.0252997875214 59.5918198426565 58.3322246869405 57.5687189896901 52.3670216401418 50.4296670357386 50.7714202006658 52.8045992056529 53.4050464630127 49.0818073352178 35.1276670893033 33.6320201555888 35.0876897573471 29.4169733921687 49.6393342812856 73.3656783898671 76.4817893505096 51.234558224678 16.5111844738324 13.2092957695325 18.4452471633752 18.8704393804073 16.6090962787469 17.7102920909723 16.8037774662177 10.0847594439983 6.91220288475354 12.9662280281385 21.0365131497383 30.2175059914589 55.1008184750875 118.742078542709 149.798979361852
59.3598435322444 54.1583895683289 52.8630614280701 53.9157589276632 50.7334421078364 44.639120499293 39.7431701421738 40.2002731959025 38.9171044031779 44.4318552811941 52.2181292374929 57.849774758021 58.313861489296 53.4205089012782 63.4088814258575 79.3026288350423 89.2097055912018 89.7228121757507 82.3445717493693 72.8297630945842 67.0940379301707 62.3567998409271 60.7086320718129 61.5878800551097 54.039811094602 43.5799310604731 41.4169306556384 45.2889651060104 42.2057459751765 41.6136334339778 24.70347036918 19.48273802797 16.0296447575092 28.450017174085 80.291082461675 90.4654463132222 58.3369036515554 20.2960309882959 8.05927688876788 8.14220619698366 11.1014097929001 9.15001022318999 18.7183742721875 27.7264689405759 32.9032242298126 18.6732336878777 15.8535689115524 35.9095732371012 61.0903700192769 105.247348546982 137.461930513382 150.56174993515
60.1556400458018 57.4431568384171 57.5725535551707 59.0166300535202 58.4414601325989 54.8487553993861 54.5800278584162 62.2808386882146 78.4081319967906 74.3796030680339 65.6589170296987 66.5019700924556 72.5685904423396 60.5322619279226 61.6007745265961 69.7562446196874 78.3942043781281 85.681935151418 86.437851190567 79.6637783447901 74.0379343430201 67.6751285791397 64.1886194547017 60.4571998119354 56.073655684789 43.8686311244965 31.5957814455032 33.9520648121834 36.3695348302523 18.9857482910156 14.1356053451697 12.2923019031684 7.88898828128974 7.79228409131368 74.6243298053741 91.9302900632222 72.6840198040009 60.3625824054082 29.3506334225337 4.07724020381769 0.371849397197366 0 10.2861759563287 36.2879956761996 42.5178011258443 33.1868877013524 31.8880577882131 54.5038183530172 111.357510089874 155.610054731369 148.734380801519 136.410017808278
59.3697428703308 56.0172448555628 50.5395183960597 45.9637343883514 46.2133387724558 48.2326249281565 48.3014086882273 60.279314716657 70.2891051769257 65.3569102287292 55.8233807484309 55.4676155249278 67.0707474152247 62.0513806740443 58.4529538949331 57.9317659139633 58.6629410584768 65.4186258713404 75.6772061189016 79.8829247554143 75.6552318731944 69.8119948307673 62.714159488678 58.2964817682902 50.1837432384491 44.8511143525442 31.0905476411184 23.40067923069 32.3563988010089 29.4653326272964 14.1146816313267 9.12150926887989 2.58500827476382 0 0.245308173665156 82.0029179255168 88.9219045639038 99.7407635052999 81.3056478897731 32.6340372363726 3.30345301578442 0 3.59570266058048 19.6086838841438 48.0094999074936 67.6569441954295 88.5292887687683 138.870378335317 179.555058479309 189.785500367483 174.39599831899 141.852825880051
61.5276843309402 59.4556033611298 53.6395013332367 46.9207266966502 45.4030136267344 48.1088509162267 40.7391637563705 37.8051350514094 39.4734193881353 36.2369616826375 29.2873904109001 26.9773254791896 30.6208183368047 49.2601096630096 56.1291476090749 51.0030686855316 40.3774529695511 36.1329565445582 47.6439048846563 68.1948363780975 69.9289242426554 64.2250180244446 57.7538112799327 54.0962715943654 47.1039811770121 41.9845283031464 34.8801066478093 14.2138265073299 21.8053311109543 38.1070449948311 20.1962664723396 13.1615015367667 5.27877981464068 0 0 61.4205300807953 101.769636074702 116.3077155749 102.813303470612 73.5087941090266 40.3641511996587 10.6303219993909 6.72371437152227 25.7894545793533 57.3611756165822 120.607634385427 161.640912294388 192.174156506856 201.087594032288 200.379689534505 190.605779488881 161.783754825592
63.2189561923345 63.1334980328878 60.5818728605906 57.0579866568247 55.1622311274211 54.3828805287679 39.2116457223892 25.3144900004069 25.6952196359634 27.8869867324829 25.1971334218979 22.5317031145096 23.7489963571231 45.2843457460403 59.0019673109055 49.9360064665476 30.7293782631556 18.9408039053281 22.3691140611966 38.5853921373685 48.5048840443293 51.6550491253535 52.4020890394847 45.7417120536168 40.2981514732043 35.9297543764114 22.0097601413727 8.01080837845802 13.3841509620349 41.3167277971903 50.1359105110168 43.1365221738815 23.3065237601598 0 0 40.2616808811824 95.2320297559102 103.47451766332 84.1801067193349 81.1375131209691 86.1664215723674 70.6910192966461 48.5284527142843 63.4132921695709 115.72073896726 160.724341869354 183.992584546407 195.013463497162 196.77460193634 194.402575492859 189.393162727356 167.027751604716
