input/barkrak2/radiation/dir00224.grid
NCOLS 85 
NROWS 70 
XLLCORNER 665100 
YLLCORNER 4664600 
CELLSIZE 20 
NODATA_value -9999 
[rows 23 to 45 of 70, columns 0 to 51 of 85]
59.3503266572952 49.4133681058884 20.4136334359646 5.04873258372148 0.230362211974959 7.75017589330673 4.68598492443562 3.59292142093182 2.44108059753974 2.1612448617816 2.13345931842923 2.21801642328501 9.84460736314456 12.9392879704634 10.2365991721551 11.0034433503946 16.4234439531962 23.7369587024053 28.2068426410357 22.2496266166369 21.0699314872424 24.4649847348531 35.3551954030991 44.349138935407 50.4358758529027 49.757386247317 44.6715205907822 38.2144898176193 20.0785162548224 8.4231694539388 4.89974673837423 0.914337346330285 0 0 0 0 0 0 0 0 0 0 0 0 0 0 0 0 0 0 0 0
59.2771818240484 55.4098933935165 34.9929928779602 8.98374803364277 0 2.68314561496178 4.02814398209254 4.07253578305244 4.01830300688744 3.33682323495547 2.89100843171279 1.94450871398052 5.67674140135447 10.7213432590167 10.4058701545 10.0548882037401 14.20633867383 22.0346997181575 27.5146837035815 21.1568921804428 19.5744509498278 16.9429580370585 23.0534647901853 30.6300148367882 34.459022184213 35.2534527579943 32.5878908236822 29.0537451704343 13.3345425128937 4.32673345009486 1.8284988279144 1.0005459189415 0 0 0 0 0 0 0 0 0 0 0 0 0 0 0 0 0 0 0 0
47.5404361883799 51.4108041922251 44.4820026556651 17.5413986047109 0 7.43992750843366 14.5509590705236 22.1521407365799 23.0371728539467 18.2115199665229 13.9630474150181 14.9661290148894 14.332477003336 16.727006683747 16.5348201990128 12.0694066087405 13.425034781297 20.8877970774968 26.7992243170738 28.8532649477323 29.1308785478274 25.5386432011922 22.815744082133 22.4864433209101 25.0985001524289 26.9863853851954 23.4542017181714 24.0811407566071 14.4941247999668 10.7090647021929 8.22824177642663 10.3641512493292 6.10419611136119 0 0 0 0 0 0 0 0 0 0 0 0 0 0 0 0 0 0 0
46.2737331787745 50.8330464363098 48.470546801885 25.7298896710078 5.01021059850852 17.7557530502478 30.3869570295016 40.3573314348857 49.486517906189 43.4755583604177 26.5027731657028 28.2255535324415 25.237334271272 26.2812028328578 26.6503095626831 17.8468289474646 15.4026908179124 21.9826574126879 29.3273602922757 38.2334316770236 39.2405837774277 36.6282214721044 29.7921349604925 24.4666983683904 24.7480074564616 26.5008062124252 22.5201149781545 29.7314698497454 28.5209616025289 27.3416514197985 30.7629058758418 45.2207922935486 52.51378317674 33.5523535807927 0 0 0 0 0 0 0 0 0 0 0 0 0 0 0 0 0 0
47.4358648061752 46.6124067703883 46.5968698263168 31.1097875237465 25.9660383065542 35.8329216639201 51.1542707681656 57.7265620231628 57.6876302560171 49.5088249444962 36.4726707339287 30.5383702119191 27.0396495858828 29.8567389448484 31.0947944720586 25.895615418752 20.9413940707843 25.2264017860095 36.6958106557528 41.2749797105789 39.382000764211 31.653106212616 29.3879558642705 29.9486418565114 30.1283498605092 30.1354279120763 27.9925887783368 37.4066705505053 53.2633165518443 57.4746330579122 60.3329638640086 66.0369048515956 75.5215386549632 80.2989254395167 39.3391897281011 0 0 0 0 0 0 0 0 0 0 0 0 0 0 0 0 0
50.2377897500992 40.9833739201228 41.3455963134766 33.3422223726908 44.4115698337555 49.5712359746297 54.0211300055186 52.7724921703339 46.7069794734319 37.4271546800931 30.6797002752622 26.9380286335945 26.8983220060666 30.8881153662999 32.1144312620163 32.8865125775337 27.7219365040461 24.4158854087194 32.0713569720586 35.2224310239156 33.0216338237127 27.2086759408315 26.9415080547333 32.1646283070246 34.1682185729345 31.0601269205411 31.7883267998695 37.2332657376925 59.008131424586 71.0888206958771 76.3659576574961 79.9849132696788 86.5642031033834 89.7332032521566 79.0394941965739 16.5034607052803 0 0 0 0 0 0 0 0 0 0 0 0 0 0 0 0
51.4898697535197 36.7741336425145 36.6787662108739 37.4129340052605 46.3746984799703 49.2225388685862 43.159340818723 30.3293292721113 7.84473245342573 6.22144155204296 5.48017956316471 13.3571736514568 24.767371515433 31.3229511181513 32.0884957909584 36.1495291193326 33.6983601252238 22.7979073921839 24.2173324028651 27.4995615084966 26.6195833683014 26.805321375529 27.3049175739288 32.3193818330765 36.9690333803495 33.9050541321437 35.90427339077 37.5760644674301 52.9500146706899 73.2461760441462 84.3406120936076 88.4281595547994 89.6956026554108 92.6552216211955 98.2833902041117 79.7493755817413 12.0021576682727 0 0 0 0 0 0 0 0 0 0 0 0 0 0 0
50.9064942598343 51.1430452267329 67.8822845220566 94.2679444948832 76.1012782653173 55.2641053994497 33.8360816240311 8.42071076234182 5.70296061535676 10.3703259179989 4.52963262796402 4.80037741363049 23.2862085103989 31.6154584288597 35.1539130012194 40.7541443904241 37.9061748584112 26.71051522096 26.2151459852854 28.5695940256119 26.0304361581802 29.4459412495295 31.0561855634054 33.4424724181493 38.4245788057645 41.9175575176875 40.4368042945862 42.6424791415532 54.2906274398168 76.3080368439357 90.8734202384949 92.3167566458384 89.6074175834656 97.2240070501963 106.609404087067 109.24631357193 83.6184819539388 31.8190281589826 0.00838027820767214 0 0 0 0 0 0 0 0 0 0 0 0 0
61.0592663288116 89.8468494415283 133.956034978231 154.09795443217 134.620507558187 89.415580034256 50.1852482557297 25.9535958369573 22.5922415653865 26.0406484206518 19.3114082018534 16.7733666797479 24.8933658003807 31.0067981481552 38.8984729846319 43.0994878212611 39.1627475619316 33.7629243731499 28.4953465064367 29.3339962760607 29.3102612098058 32.3104957739512 34.4362904628118 34.6783995628357 38.6346379915873 48.8092849651972 48.9083826541901 53.9216895898183 62.5412911176682 77.6383231083552 90.6238853931427 95.7282582918803 97.2519119580587 101.968983809153 108.216196298599 109.161665042241 102.469185988108 83.188200990359 28.990313410759 0 0 0 0 0 0 0 0 0 0 0 0 0
114.173948764801 148.614009221395 174.780011177063 176.588733990987 173.416435718536 148.451646169027 111.804892619451 79.247976342837 60.0477010011673 50.2079427242279 46.5159316857656 37.08283106486 27.1341651678085 28.4788285692533 37.7650335431099 42.9414808750153 37.9189575711886 38.7636944651604 29.0503650903702 27.5654147068659 31.1482573548953 32.5699100891749 33.0779080589612 33.4048395355543 37.403866648674 49.718846877416 55.037592848142 60.9176655610402 69.1088438034058 76.6860544681549 85.8715772628784 95.1468447844187 97.0244208971659 92.7770833174388 93.628336985906 90.8990104993184 92.2523041566213 79.3301413456599 40.5985464652379 0.18500715183715 0 0 0 0 0 0 0 0 0 0 0 0
165.776997804642 183.895270029704 189.636449019114 187.602639198303 190.576573212941 185.745239257812 164.610733588537 129.242877165476 94.6429669857025 71.5536773204803 70.1510359843572 65.7764871915181 43.1865553061167 34.8903487126032 35.2357377608617 38.8927708069483 33.225879073143 33.893143137296 27.7879486481349 28.8490528861682 28.4667586286863 29.9080858627955 29.1957135001818 28.8039346536001 34.7493638594945 43.7405159076055 54.2877813180288 57.8603347142537 66.1545296510061 76.4182259639104 85.967351992925 87.7073506514231 79.8899829387665 70.6974963347117 72.3072191079458 61.2433552742004 62.5853290160497 49.2887596289317 12.438011666139 0 0.494630735677977 0 0 0 0 0 0 0 0 0 0 0
179.794629414876 189.83914454778 189.343730608622 190.665086110433 192.155460516612 189.602235953013 179.959813753764 151.009033123652 109.487901131312 84.2033227284749 82.6260397831599 80.3875376780828 63.8233373562495 44.1495875517527 36.1978138486544 36.4396174748739 30.8439508080482 28.2109727462133 27.7504374583562 30.4781173666318 27.5272304813067 27.062105635802 27.9740393161774 29.0585408608119 32.9261993368467 38.5451788703601 46.8490223089854 48.2970029115677 56.428000330925 71.4176793893178 78.7910620371501 77.6928514242172 72.74030148983 66.7431106170018 60.2704137563705 50.1164893309275 53.7136197090149 51.2584298849106 33.8009471694628 4.68378265698751 1.00833216371636 0 0 0 0 0 0 0 0 0 0 0
172.41774002711 175.870696703593 172.725776831309 174.913207689921 175.29300848643 170.245011647542 164.891262849172 148.460914691289 114.058504501979 96.294383207957 87.4969164530436 81.1121463775635 73.4267731507619 49.8079856236776 38.7682989239693 39.7288476427396 33.9070831735929 26.8746018409729 30.164860188961 31.2815060218175 30.4470931490262 27.974267800649 30.639573931694 33.7550689776739 32.6612964272499 37.1176401774089 41.0199761390686 41.6871805985769 47.9310651620229 64.13800517718 72.2503960132599 71.4780886967977 74.4082281986872 75.1985559860865 60.3914360205332 55.3312500317891 58.9466442664464 64.8338943719864 59.3137890100479 23.9883090058963 0 0 0 0 0 0 0 0 0 0 0 0
147.250066200892 150.283912817637 152.727524439494 149.040013551712 148.751795291901 148.512899875641 153.163572152456 150.242825349172 124.644815921783 102.31547554334 90.4365181922913 74.6428469816844 65.6330486138662 46.3607509930929 35.5373819669088 39.8284544547399 41.1995699008306 31.6032916307449 33.7324688831965 36.442423860232 36.3659312327703 33.2057426373164 33.3827684322993 36.1834367116292 34.6334228912989 34.3811437487602 39.5920524994532 45.165608326594 49.2867529392242 59.4537754853567 69.961483279864 73.2336342334747 75.1057962576548 78.9657185475032 63.9401078224182 63.6571844418844 63.1235241889954 71.5748618046443 70.4518655935923 35.6883928179741 0 0 0 0 0 0 0 0 0 0 0 0
124.046921730042 133.671760559082 144.484808047613 141.638358434041 139.897296826045 146.535048882167 156.345705191294 159.785509109497 145.18149693807 116.004288196564 91.5691057840983 66.3730104764303 50.176665186882 39.1331712404887 31.893124183019 35.5961720148722 45.1127688090006 38.3006185293198 35.994345943133 38.8149271408717 39.297454059124 36.4959289630254 34.6275816361109 36.0784182945887 36.8647972742716 36.418246726195 38.5860006014506 46.2786753972371 49.6118118365606 54.6334087848663 64.6003584067027 74.1355021794637 75.6870756546656 71.0791498422623 60.8542362848918 70.2314128478368 71.849912405014 77.2929340600967 77.4634530146917 53.9780954519908 0 0 0 0 0 0 0 0 0 0 0 0
88.7909829616547 99.8939077059428 108.055750528971 112.805982430776 120.491315921148 136.184195677439 149.82279141744 158.812979857127 154.426465431849 126.640071471532 94.0179427464803 62.9669477542241 45.7561363776525 42.8961565097173 36.1228038867315 30.8616831898689 40.6637464960416 41.2610570589701 36.3153169552485 36.3336155811946 37.3611698547999 34.9066803852717 32.837505141894 33.99774680535 37.1700475613276 40.0739560524623 39.6773293614388 43.7843203544617 48.2175399859746 49.4537502527237 57.1628312269847 70.7235038280487 74.4506518046061 62.4272972345352 63.4368360042572 78.039343158404 79.7790686289469 80.1305075486501 81.8504591782888 77.4648090203603 27.6360834638278 0 0 0 0 0 0 0 0 0 0 0
55.8131088813146 62.1155798435211 61.6050958633423 71.4137802521388 86.7016911506653 103.450963894526 117.620090643565 130.375365416209 131.844977537791 109.161684910456 75.6556491057078 53.0558228492737 41.160320242246 39.6571308374405 36.9189331928889 32.8223357597987 37.1647228797277 37.7762590845426 32.1545551220576 32.6259359717369 35.4573254783948 38.163090745608 38.0181471506755 34.355973203977 34.3552380800247 36.7084816098213 41.5659795204798 43.8478738069534 47.4447309970856 47.4072893460592 50.6231983502706 60.9341065088908 67.8770244121552 64.420223236084 79.6236346165339 86.5795115629832 84.3007862567902 79.1168212890625 84.3068361282349 96.7837770779928 88.088721036911 33.5562775532405 0 0 0 0 0 0 0 0 0 0
45.5204049746195 47.2834408283234 47.3150908946991 49.3182887633642 57.7702571948369 63.5504027207692 67.5685902436574 72.8778690099716 73.2493698596954 58.6590319871902 44.6029454469681 40.6243726611137 39.4237885872523 37.3016272981962 36.0376114646594 36.6423999269803 35.961056749026 35.2331399917603 31.9321975111961 32.2279954950015 36.1987948417664 40.9825518727303 42.6049133141836 39.2472892999649 36.3607754309972 35.6312269965808 43.2614684104919 45.3990697860718 48.3840455611547 48.2438455025355 48.443873723348 55.2252233028412 62.1868073940277 70.5282390117645 86.8456065654755 86.5537524223328 77.9309670130412 69.3996498982112 71.6176182031631 87.0960255463918 95.6443250179291 87.9965921243032 43.4353947639465 0.997212948277593 0 0 0 0 0 0 0 0
53.2003144423167 50.8842170238495 51.1112213134766 50.8850564559301 47.6274043321609 45.8991229534149 44.7147637605667 45.9177792072296 50.5525668462118 43.4331099192301 36.3952592015266 37.8021250168482 40.7492766777674 41.3116539518038 40.2021730939547 38.5764688253403 34.2809682091077 40.7306825121244 42.0218805472056 39.2510493596395 41.4481883247693 41.8275694052378 40.2299910783768 42.6794091860453 44.2053228616714 39.6567732095718 44.81507341067 47.2312122583389 48.4741230805715 50.1228868961334 50.7524907588959 53.2236347595851 60.2519114812215 75.2120514710744 81.2842150529226 76.3185818990072 67.0992285013199 58.3408127228419 55.2775661150614 64.2284055550893 89.5949502786001 90.4704133669535 69.5358663797379 24.34108654658 0 0 0 0 0 0 0 0
57.232658068339 54.628849029541 57.3611706495285 56.1519165833791 49.7223635514577 46.750138203303 44.8416570822398 42.5070027510325 42.8047527869542 39.6538525819778 38.328950603803 38.3303811152776 41.7807896931966 44.9758768081665 44.737383723259 41.9115821520487 39.698655406634 44.6368952592214 47.5224753220876 42.3955370982488 40.336012840271 38.7136191129684 35.6258898973465 38.1272509694099 42.7678376436234 39.7671138246854 36.6578747828801 41.9996430476507 45.8423991998037 47.9811976353327 48.4307060639063 48.4324793020884 58.4523578484853 75.858195622762 80.402414004008 66.9167439142863 58.6204826831818 55.4038683573405 52.7757704257965 58.8016758362452 66.712275147438 69.2913929621379 58.1687291463216 31.0520653923353 0 0 0 0 0 0 0 0
42.6130443811417 45.1342513163885 53.3159474531809 50.9042988220851 53.2976587613424 55.6241323550542 54.9117028713226 51.1522442102432 41.6319494446119 40.3871064384778 43.427512049675 40.3842727343241 41.4798458417257 44.9072519938151 45.2883491913478 42.4042691787084 44.2928820848465 46.1114744345347 46.3352700074514 42.9357786973317 38.7794325749079 36.0086212555567 34.4823598861694 34.8088492949804 37.8420601288478 41.0542835791906 36.4695539077123 38.3208741744359 43.3064848184586 44.8032319545746 43.5242156187693 41.5838211774826 50.372709830602 64.2293989658356 68.2311703761419 60.1602693398794 56.8996469179789 58.5210621356964 59.0858509143194 59.4072590271632 55.4633438587189 55.4949442545573 51.9340932369232 30.6958332657814 0.535067287273705 0 0 0 0 0 0 0
41.1510914564133 46.6155707836151 49.4674493869146 50.1586496829987 51.9204388062159 54.346223672231 54.7089725732803 51.1679997046789 47.0650295416514 43.6983108520508 45.3260441621145 43.3912177880605 40.9272064765294 39.5628760258357 38.9531006415685 39.2713298400243 36.7917368809382 42.5796260436376 43.8551058371862 42.0679648717244 38.9853368202845 37.5570977727572 37.2202595074972 39.0224009752274 37.3787557085355 45.5438842376073 47.6863334576289 44.6883092323939 43.7860687573751 42.9955273866653 39.1319741805395 37.14519739151 42.150283853213 46.7100739479065 51.7528156439463 55.049608151118 58.8148683309555 63.3357266585032 64.2382750908534 56.7630082368851 55.1770329475403 52.6447196801504 50.7980684439341 35.00880052646 7.40586034953594 0 0 0 0 0 0 0
46.9500720500946 51.3507773478826 48.7074156602224 51.9007841746012 50.5888958772024 50.7567624251048 52.3587514956792 51.1508087317149 52.4742851654688 48.4448571999868 47.9560444752375 47.5438137849172 43.2499349117279 39.0796413024267 38.6521170536677 42.0715510845184 37.8660087784131 40.478045741717 43.8212752342224 42.6939825216929 40.7848159472148 40.1497731606166 40.2547046542168 42.2546366850535 44.4155683120092 45.1111247142156 50.1900762319565 47.7104187011719 45.3536113103231 43.9828336238861 40.7210662961006 37.8319968779882 39.96508816878 39.2125571767489 40.0746340552966 43.5437609752019 49.7952004273733 58.5131247838338 56.6310087839762 46.9875335693359 48.6416270335515 45.6615388393402 46.4764386415482 43.7919894854228 27.9806206623713 3.13004540900389 0 0 0 0 0 0
