input/barkrak2/radiation/dir09424.grid
NCOLS 85 
NROWS 70 
XLLCORNER 665100 
YLLCORNER 4664600 
CELLSIZE 20 
NODATA_value -9999 
[rows 0 to 19 of 70, columns 0 to 45 of 85]
251.614610354105992 265.032847722371 278.179963429769 292.053957780202 298.077781995138 296.603719393412 289.01602824529 282.922486464183 285.513997077942 286.258737246195 285.612305005391 288.313865661621 288.945734500885 289.466540018717 291.724522908529 285.671333471934 276.69370174408 265.56251446406 260.525981585185 250.152468681335 241.670250892639 251.219153404236 276.209235191345 282.953838507334 284.77156162262 291.623373826345 290.20615418752 276.074608167013 260.815660158793 257.116039594014 253.751417001088 269.751012325287 305.866301059723 304.241557916005 306.36199315389 290.171027183533 296.774427096049 308.865447839101 303.60201994578 307.265639305115 289.236128330231 290.241499741872 300.776441891988 306.1616619428 301.454444726308 301.376064618429
231.74250125885 247.932473818461 260.609865188599 276.928702990214 287.393689155579 289.227267106374 285.175283749898 282.917062441508 291.109303633372 290.323774019877 286.160031954447 287.323852380117 289.513846238454 290.740768114726 290.518164634705 285.373409589132 281.088888645172 274.236619472504 269.440591335297 257.288753986359 255.091826121012 267.917215824127 286.457260449727 289.111733436584 292.890826861064 295.251409212748 290.990253289541 277.894238630931 265.205343564351 258.605301380157 259.444713592529 282.623549302419 305.442611376445 305.444935957591 305.725693702698 291.76398118337 297.768712043762 306.133170922597 301.659802595774 307.244340578715 301.270325978597 294.066230456034 296.255648136139 300.597727298737 300.455252329508 300.773143768311
195.736745993296 208.672384421031 221.01891040802 232.296208540599 245.602548122406 255.172034104665 263.413945833842 274.151643117269 283.309400081635 282.326022783915 279.137670993805 283.519208431244 292.882243792216 296.422600746155 294.240574042002 298.811535040538 301.363984743754 295.591473579407 283.202846844991 272.822956244151 277.300159136454 283.289531866709 288.416604200999 289.665857950846 294.825454552968 294.341842333476 286.251703898112 276.900172233582 268.526295820872 264.165600140889 268.907328446706 293.849726517995 301.058808962504 303.665995597839 304.701844851176 297.882815202077 298.298478126526 299.690842628479 303.089022636414 306.569357713064 301.975190639496 290.101110935211 283.681770165761 288.897474606832 298.845648765564 301.273981730143
176.841696103414 178.552587827047 186.800479888916 194.061954816182 200.326720873515 205.928484598796 213.296790917714 228.72402270635 247.961203257243 263.120134671529 273.220101992289 285.842577616374 296.03519042333 299.758434295654 300.641854604085 303.825974464417 302.348176638285 295.416414737701 284.602363904317 279.794732729594 278.421978155772 276.808838049571 285.772800445557 287.737309932709 288.933952649434 290.777405103048 287.045995394389 279.704988002777 275.814533233643 274.728139241536 273.943146069845 297.723134358724 300.012588500977 302.145997683207 301.905254522959 303.339680035909 302.898406982422 301.575938860575 306.053956349691 302.951018015544 293.541749318441 280.766010284424 276.810606320699 291.337172190348 304.968992869059 300.639351209005
200.053532918294 182.390332221985 169.580678145091 160.82884867986 164.307703574499 180.835783481598 201.448957125346 212.299843629201 222.660044829051 230.203688144684 250.825424989065 272.129158178965 285.240928332011 291.628102461497 295.89303334554 298.146625359853 292.694787184397 283.658941586812 280.142029126485 279.484430948893 275.293986002604 273.695250352224 283.596932888031 285.544196764628 287.48760620753 292.237798372904 288.925131162008 283.356030782064 278.091212113698 275.948782761892 280.819356441498 303.666392962138 303.259273370107 303.38974793752 300.017774105072 300.886372725169 304.798861344655 304.067254066467 300.963679949443 295.935094356537 293.177644411723 287.239968776703 288.409511248271 295.674383640289 299.374997615814 292.454143365224
242.986679077148 215.612351894379 187.053382396698 163.397580385208 154.679199059804 166.318337122599 192.143619060516 208.953042825063 213.257074356079 213.031053543091 223.560253779093 237.505555152893 247.355540593465 254.006803035736 261.701623598735 268.9501841863 269.389530022939 270.195206006368 275.851527849833 281.292816003164 281.184037526449 284.356335798899 287.294904390971 286.538024743398 288.596153259277 293.053468068441 291.007995605469 287.39462296168 281.376520792643 279.868721961975 292.864739894867 305.506110191345 304.917931556702 306.746065616608 300.855894883474 298.388421535492 302.263895670573 301.717281341553 294.36997572581 296.037296454112 294.822792212168 290.668904781342 290.944794813792 292.118767897288 284.568826357524 267.555197079976
264.700472354889 241.006255149841 220.530788103739 198.64680369695 177.435994148254 164.668063322703 172.636191050212 201.362530390422 215.33465385437 223.594387372335 220.629811286926 215.410669644674 211.136837800344 207.161068916321 209.507822990417 224.611222743988 237.017154693604 255.314985911051 272.339224815369 283.222198486328 286.644776662191 287.662347157796 288.892388343811 287.394881248474 288.710057735443 291.060348351796 292.344629764557 290.591279665629 286.083698272705 288.919031620026 298.680047194163 305.618564287821 307.57208665212 305.387874444326 302.71319548289 296.189626057943 296.657125155131 292.66357421875 291.681170463562 290.833254655202 286.139905452728 282.93772538503 286.659598350525 289.396286010742 276.115894317627 266.982913017273
273.500283559163 263.681630293528 252.393841743469 236.793955167135 213.133613268534 182.491699854533 161.143094301224 161.143203576406 195.728500684102 221.082846323649 229.103028774261 225.140611330668 216.192046801249 206.205566724141 193.190236886342 196.790377298991 209.152738253276 225.950598716736 249.471167723338 268.323222796122 278.762658437093 284.184078375498 289.957781632741 288.06483745575 286.755561828613 286.899924278259 287.522534529368 286.958952744802 285.748104254405 292.377829551697 300.268590450287 303.920487562815 302.114586035411 299.325505892436 294.715205828349 291.341662406921 292.648196220398 286.927819252014 279.167552789052 271.394630273183 273.201624552409 281.92796309789 294.73606745402 300.262808799744 285.949011643728 282.367289066315
265.881816546122 266.328016916911 262.192765871684 254.118243853251 240.240017573039 217.616935571035 186.787068843842 157.748937606812 172.037164370219 195.347209771474 215.080976486206 225.151101748149 227.220594882965 224.476476510366 212.287147839864 204.580148061117 201.864659786224 205.9126496315 220.64208984375 238.36745818456 254.32962179184 267.313698927561 275.8682568868 273.281733194987 274.936894575755 275.68781375885 276.173790295919 276.973823706309 278.107325236003 286.352475484212 291.496813297272 291.385173797607 290.021856625875 289.92482026418 289.155205090841 289.672275384267 288.576245307922 283.77765417099 273.524761199951 271.526177724202 285.744547843933 297.564069430033 303.666214148204 303.648591041565 290.476421515147 284.505685170492
236.059168974559 245.990931987762 251.109302043915 251.143534978231 248.114029566447 243.914365768433 226.848642031352 207.710226376851 176.23629172643 166.508297125498 180.554747581482 205.893655618032 227.982560793559 238.826970259349 240.093231201172 231.347362200419 216.030895709991 210.748612880707 209.296147028605 212.793827056885 221.884032090505 230.034351348877 239.610314369202 247.285564740499 255.876859029134 258.842468261719 259.820580482483 260.595480600993 262.602766354879 269.151429335276 270.544588565826 271.344025929769 277.502735455831 281.753023465474 284.278909365336 283.863425254822 282.378395398458 283.693671226501 273.725787798564 279.784957567851 297.789096832275 304.74583307902 304.791867733002 302.348335584005 288.216749827067 282.845616340637
182.028730710348 196.471472581228 209.739327430725 220.805764198303 230.790595213572 238.759318987528 240.245779355367 234.464943408966 206.16090297699 179.830094178518 165.286600589752 173.333446184794 200.97275575002 227.432449658712 242.656370004018 232.671777407328 224.712948004405 217.444558938344 209.197143713633 202.927549680074 203.298211097717 203.764955202738 207.946101824443 221.736590067546 234.86985762914 243.060290813446 244.599163532257 244.956473509471 250.852445761363 256.02525472641 259.032428264618 262.594103813171 271.761298179626 275.666972001394 274.794002374013 274.715860684713 278.420726458232 282.615383466085 281.126976013184 290.662666161855 300.343453884125 304.097175598145 304.123302300771 301.643530527751 293.480932712555 292.971889177958
138.175586859385 143.757839997609 152.793755133947 165.911068518957 182.621598243713 199.921071529388 219.075858592987 225.631336371104 226.406097412109 212.085862954458 184.9698026975 164.292464653651 166.31692647934 190.547168254852 218.625446160634 222.570617993673 229.211211204529 225.684523582458 215.475638707479 203.864137331645 197.149952252706 194.661676883698 194.85600789388 204.27676041921 213.52756023407 219.88046169281 223.041713237762 227.299650510152 234.40017302831 239.329914251963 244.12469069163 249.642650286357 255.971054236094 259.197592735291 258.90306631724 260.856509208679 270.619670550029 280.578931172689 284.615735212962 293.330868085225 298.539419968923 300.603648026784 298.065145810445 294.832865397135 290.802756945292 289.87995783488
122.318844000498 118.170320987701 114.930013815562 115.680744250615 125.877559185028 143.588364124298 169.867634773254 192.661146322886 222.788651784261 228.164474169413 216.131329536438 191.066741943359 161.277641852697 158.922324577967 183.332979679108 211.578031380971 228.073159853617 231.017629305522 225.377837816874 215.690036614736 206.534107526143 205.95109462738 205.448110898336 206.330418586731 207.083443800608 206.653714179993 210.72789033254 219.916085402171 223.774393399556 225.221395492554 230.561812718709 236.18080218633 237.817088762919 239.711860815684 242.114265759786 247.418959935506 259.139577547709 270.950754483541 273.699124654134 280.907730261485 286.019285519918 287.043829758962 286.139011383057 286.773244539897 281.807363033295 282.240549723307
101.357350746791 79.2745997508367 70.8970228830973 62.9602670669556 57.0189207792282 62.255471944809 83.5108558336894 120.810170968374 165.27932882309 206.260879834493 226.301272710164 225.758234659831 205.016990502675 177.401204903921 174.459973971049 201.225022474925 219.092786312103 232.644339402517 239.830533663432 235.475659370422 223.528782526652 220.281004905701 216.782251993815 216.372728347778 216.011802355448 214.39395348231 216.858744621277 225.765109062195 225.751578807831 219.036300977071 224.512815475464 230.052053928375 231.005251407623 231.317559878031 235.38472255071 242.773413658142 249.015291531881 253.921409447988 257.690906524658 259.877979755402 264.909545580546 270.503322283427 276.647726694743 281.696915626526 276.562531789144 279.677112897237
108.402023712794 71.7614094416301 45.7142442464828 34.5639511942863 31.0894846916199 35.8422150214513 48.2628842194875 75.8650700251261 98.8656282424927 147.304991881053 199.80917374293 241.006731987 247.9434410731 227.218667666117 200.192451477051 195.532500743866 201.228181521098 216.837147871653 235.635161399841 245.055536429087 242.724676926931 236.114760239919 233.364204565684 229.40053542455 225.682139396667 224.38524166743 225.895285606384 228.309690952301 224.06417131424 218.888978163401 222.076674302419 227.184732755025 226.582249005636 226.424833138784 230.571866035461 234.610875447591 236.34151617686 234.555939833323 239.270806312561 240.056216716766 246.049265066783 253.114898999532 259.021321932475 263.126393159231 263.693491617839 267.15745528539
98.360002040863 71.185772617658 37.3692984382311 17.436313132445 26.814304292202 50.747886300087 58.1407447655996 72.7711220582326 90.0714596112569 113.991210858027 148.851633071899 188.441395759583 219.751457373301 238.542099793752 229.980091253916 203.021168708801 191.515803337097 193.449020385742 211.709101994832 238.284468650818 249.823272228241 245.271563529968 245.531757672628 238.86372645696 232.253074645996 233.009775479635 235.119700431824 231.274803479513 226.454377174377 228.547116120656 228.560586770376 227.273344993591 224.266727765401 222.517669200897 223.414917786916 222.734252611796 219.697217146556 215.484579404195 218.881169954936 221.195002396901 225.288927555084 231.375018755595 234.627107779185 235.946595668793 247.564077377319 253.339509169261
83.7829609711965 72.5183188915253 46.1306224266688 10.3473880638679 17.053929467996 47.2507774829865 61.9377791881561 80.0011952718099 96.2188939253489 105.553567409515 125.839710235596 162.070572376251 192.770421504974 205.583453178406 215.513249238332 217.064321041107 214.65786298116 204.594155152639 194.658795992533 208.183646202087 235.031247138977 248.665988445282 252.394417921702 247.643649578094 240.10306596756 240.95884958903 244.835178057353 240.765372912089 238.076547781626 243.327021598816 240.674455960592 229.249139626821 222.913265228271 218.501845995585 213.605364163717 211.827258268992 206.988473733266 205.554703871409 206.520179907481 210.277020931244 212.126930554708 215.334256490072 218.603273232778 220.708747704824 238.376557826996 247.741421063741
76.1500994364421 76.6999473174413 63.5895828406016 23.2535873850187 22.1919491887093 49.0832030773163 70.7423289616903 89.7347827752431 106.357644001643 115.395724773407 123.217711846034 142.474313577016 171.786427497864 188.607692718506 204.662521680196 222.890714804331 229.178865750631 222.393870353699 205.011824766795 194.028337796529 206.965267658234 232.97655582428 243.340909481049 247.757951418559 248.31215540568 252.408921718597 256.182471911112 255.01678387324 251.984775066376 253.373801708221 247.051517168681 235.271016756694 226.29185517629 218.099037806193 210.894842942556 207.924405733744 205.006102720896 204.875787099202 204.40137386322 206.732590993245 209.241271018982 211.081167062124 211.427430311839 214.4429286321 226.916412512461 239.940841992696
80.7148218154907 88.5071158409119 88.6027614275614 53.1729211409887 42.0267730951309 68.0923610925674 84.0643843015035 101.80202126503 115.492343902588 135.26643315951 145.589192708333 149.951746066411 161.910355091095 171.06306552887 189.544041951497 206.007520357768 217.131396134694 225.173433621724 226.843436559041 213.948051134745 198.606928189596 211.856047312419 221.162815888723 235.332190990448 249.742925167084 258.677025636037 262.300690015157 263.879497845968 257.96377658844 255.323509375254 247.440755367279 240.299185117086 230.55233558019 220.705489317576 215.524514516195 209.920426209768 208.439389864604 205.126504103343 204.573551813761 207.274913787842 211.438834667206 213.388601938883 212.075372536977 214.571754137675 216.636180877686 230.305234591166
87.0923101902008 90.1610354582469 100.917826096217 92.7510261535645 77.5835414727529 85.1624210675557 89.7665023803711 102.881968021393 116.787940263748 131.844093402227 147.699296474457 143.540720144908 138.815104961395 146.781424681346 161.001632610957 179.124236106873 194.394210974375 207.761764526367 214.362223943075 218.222717444102 216.645359992981 199.430425961812 207.984725634257 212.884426116943 224.570592244466 238.548954327901 246.996800104777 253.738065560659 254.079520702362 254.378060499827 248.278816541036 240.142385164897 231.015920639038 223.413268725077 218.805929025014 213.487029075623 208.823223908742 199.832677841187 197.671989599864 206.625600655874 212.613960107168 215.023656686147 217.019160588582 215.963701407115 213.012198607127 222.608248392741
