input/barkrak2/radiation/dir07324.grid
NCOLS 85 
NROWS 70 
XLLCORNER 665100 
YLLCORNER 4664600 
CELLSIZE 20 
NODATA_value -9999 
[rows 42 to 62 of 70, columns 0 to 45 of 85]
175.333102544149 172.643780708313 175.41774113973 172.933141390483 166.430979967117 162.919263044993 159.846703211466 154.872626066208 155.065854390462 151.309728622437 149.460931619008 147.188395261765 151.860823233922 154.98760342598 153.302778800329 150.63887834549 146.317452192307 153.088907400767 154.725283384323 146.230906248093 144.875923792521 143.151233593623 139.289319515228 140.681852897008 146.954268217087 142.936448256175 139.41216468811 147.767752408981 153.189579645793 157.787561416626 158.94145766894 160.114665826162 169.121424357096 192.462801933289 199.687540531158 174.232423305511 159.473816553752 157.296717166901 162.773430347443 173.750142256419 182.072043418884 184.870183467865 170.111954212189 138.928512732188 76.6670058170954 22.1263542771339
159.011979897817 161.731501420339 170.686523119609 168.394307295481 170.424779256185 172.844370206197 171.515425046285 165.30629992485 154.161582390467 151.839097340902 155.408749977748 149.555524190267 150.355120499929 153.81180246671 155.209670464198 151.265601317088 151.44208073616 154.756645361582 154.571692148844 147.857775290807 143.219500780106 140.520711739858 137.55531112353 136.109371980031 140.596995751063 144.579440355301 138.804495334625 141.559759775798 148.85746439298 151.094853878021 151.346902052561 149.732778469721 162.367423375448 178.748647371928 178.038914998372 162.181456883748 156.886676947276 166.269958019257 172.981262207031 173.834343751272 168.601155281067 163.475433985392 156.708379586538 129.074513912201 81.7224681377411 23.1358582774798
157.586574554443 162.202884753545 165.821174780528 166.315873463949 168.225487073263 171.07754945755 171.436369419098 166.55233502388 161.377112070719 155.11891245842 157.165269056956 152.92172630628 149.376680453618 147.237996260325 147.798399130503 146.96462949117 141.923427581787 150.470197200775 151.763727267583 148.243139187495 144.854048887889 142.76851216952 141.327887773514 140.940556923548 137.703448534012 148.816794157028 151.824603478114 148.788263400396 148.560146490733 148.927430311839 145.347644885381 142.312874396642 150.005559126536 154.906511306763 156.035184860229 155.433555444082 160.279055436452 174.13475116094 180.244406064351 169.448614120483 167.721231778463 158.691138029099 152.990877628326 132.554878791173 96.3095128536224 50.0366985797882
163.399755954742 167.429149150848 165.068566799164 168.109873930613 166.848202546438 166.997889677684 167.728543281555 166.331738233566 167.39430030187 161.015212535858 159.921864668528 157.676458358765 152.977228164673 147.302488485972 145.273923873901 149.87521370252 142.020513614019 144.642939170202 151.596814393997 149.280250072479 147.499829530716 146.630793809891 144.636253515879 144.939601421356 145.435353120168 146.793444951375 153.956890106201 152.295450369517 151.733656724294 150.43717622757 145.66758275032 142.743209997813 145.8587149779 141.005416711171 139.586577812831 139.998277028402 149.036566416423 164.092779159546 165.657381216685 151.684314012527 155.187785625458 148.733009894689 145.850658416748 143.245488405228 124.987085660299 84.8322113355001
162.645240624746 164.853513240814 167.22313563029 169.970532258352 169.032454490662 168.645302454631 169.603943824768 171.709517637889 168.031275272369 164.839327335358 161.993602911631 161.216557025909 157.618949810664 153.199096520742 151.185144980749 155.831684668859 151.540786027908 144.400725762049 150.783320267995 150.930464267731 147.356857856115 149.43919579188 147.657603025436 143.321484327316 151.36996905009 144.584318002065 145.866692066193 150.103827317556 149.979005257289 151.14289522171 149.330506722132 146.679510672887 145.099192857742 143.658429384232 141.41990741094 140.291372934977 143.959571917852 153.299222389857 155.186067024867 153.884589672089 152.389079332352 144.960194826126 149.605810642242 157.419949769974 149.472345908483 114.931831757228
156.282474597295 158.983280261358 164.388994375865 167.06907749176 171.225885550181 171.475887298584 169.267694155375 168.524384498596 168.544034163157 168.953935305277 165.658076604207 160.706222057343 157.895296812057 158.029288053513 153.839369614919 152.029722929001 151.615301767985 141.968458890915 147.182285785675 148.832380771637 146.501839160919 146.372050046921 148.358603318532 139.705677827199 143.358598152796 145.27835448583 140.136182308197 144.465446472168 149.131904045741 148.568451404572 150.888651609421 149.668514728546 144.633024930954 147.3295489947 156.557828187943 158.484647671382 154.044260581334 149.662812550863 153.513779242833 164.580295483271 156.603415807088 147.184322277705 154.773970444997 160.806357860565 154.355893532435 133.501877387365
149.154007434845 151.653289794922 158.312022686005 162.896732489268 168.860296408335 173.041681448619 169.075687726339 167.086442311605 169.315814971924 170.021792252858 168.556928634644 162.915498018265 161.014288663864 160.549541314443 156.355559825897 151.917060216268 150.207916895548 142.240017652512 146.11013730367 152.376035849253 150.854696830114 149.460474650065 150.615950425466 145.593186219533 142.954697211583 146.949946880341 144.666333993276 146.387706200282 154.713441928228 158.402383327484 164.978216091792 166.473070780436 157.202144463857 159.443557262421 167.044242223104 171.098510424296 169.440448284149 161.422540744146 158.270488182704 163.725078105927 153.699527184168 145.493566989899 142.928838729858 142.010589440664 139.979392290115 138.954510291417
148.790180683136 145.164350668589 150.683691104253 159.014483292898 165.351917346319 168.566107749939 171.896934509277 173.149287700653 173.773248990377 169.004698594411 170.254449049632 170.222719510396 164.890547593435 162.452757358551 159.465312957764 154.056529204051 152.776221434275 147.576967875163 150.653461615245 156.030495961507 157.138526439667 155.978471040726 152.100503444672 151.795357465744 147.135416666667 151.507486899694 152.136941750844 154.318541288376 161.275754372279 169.302026430766 177.676717440287 183.66148074468 174.592435359955 171.371022860209 168.648322423299 173.559586207072 176.29063129425 174.150327841441 163.701424996058 151.689658562342 142.438014348348 144.346445798874 142.713765303294 136.997908353806 133.061528205872 137.846489747365
149.810602267583 152.588317791621 154.608597358068 162.326206763585 162.86646326383 164.21381632487 172.884345054626 177.116612593333 175.899465878805 175.168693065643 173.641542593638 172.560731569926 168.806195259094 163.035819927851 161.88974181811 166.00039601326 156.862547000249 153.32438548406 154.272615909576 160.586694876353 163.316170374552 160.321742296219 156.506508588791 155.25034070015 150.102516015371 156.869729359945 160.821994145711 161.849876244863 164.957493543625 173.680484294891 183.051586151123 189.018607139587 183.157523473104 171.981434027354 161.12756729126 162.697871526082 171.311795711517 178.524335225423 167.427718639374 145.02340555191 136.927048365275 146.744251251221 150.256077448527 144.843876361847 138.960977395376 135.420024394989
149.66008067131 161.183148622513 162.63156135877 165.911147991816 164.030790328979 163.23177019755 170.072416464488 175.289611021678 175.187051296234 178.886771202087 177.038292090098 175.35811662674 172.999978065491 166.602740685145 164.129207531611 170.744061470032 164.53151901563 157.854298750559 155.106415351232 158.655265967051 159.391433000565 157.573302586873 155.710399150848 151.645004749298 149.044990539551 151.226788759232 156.234800815582 155.166437228521 159.953534603119 165.201207002004 176.280458768209 187.624315420787 183.525204658508 161.782294511795 127.003401517868 119.188874959946 140.235632658005 163.532098134359 173.501511414846 170.863131682078 165.34619530042 157.3526263237 140.366822481155 136.519461870193 145.890374978383 136.661956707637
153.008798758189 151.660650968552 150.825311740239 155.092984437943 162.132879098256 167.137662569682 166.45344098409 172.574659188588 172.506173451742 176.174461841583 177.350481351217 178.389529387156 177.105069160461 170.44460773468 167.196949323018 166.195174058278 167.346596717834 157.144526640574 151.309092839559 150.482634703318 151.726484298706 153.238375981649 153.973579406738 147.78267343839 149.232228597005 144.314030806224 148.032536109289 147.330462932587 147.52056201299 147.648950417837 152.049591143926 169.182360172272 166.232764720917 138.2850309213 100.903848807017 80.7310193777084 88.8242820898692 119.663486878077 156.512041886648 172.244350115458 174.051980177561 156.949867804845 134.258141120275 130.774150292079 139.812171459198 126.152435938517
158.740331729253 146.971762180328 144.079029560089 149.322092533112 162.452807029088 170.889258384705 170.128226280212 171.200335025787 174.042840798696 173.090279102325 176.342606544495 178.339938322703 179.640769958496 177.845676740011 170.878688494364 168.079137802124 169.969161351522 160.207142432531 155.017793178558 156.274159749349 155.68928917249 152.570108572642 150.779883066813 146.644860506058 146.190504233042 144.637525081635 144.408116738001 145.03754178683 143.830587466558 138.10008764267 127.170423666636 137.256920337677 137.628555297852 117.361972729365 100.9561419487 81.8040519952774 62.1167520682017 69.2922671635946 93.6241447925568 131.234397490819 155.55876493454 144.768347342809 133.47468773524 128.250072399775 120.023767153422 111.828754345576
160.461852947871 153.195877869924 149.44796760877 153.584400812785 164.63843981425 172.883212566376 176.428159077962 172.05282052358 176.91312233607 174.158354600271 177.256206671397 178.307294845581 180.554191271464 181.132197380066 175.090909004211 174.202541510264 174.172838528951 166.390786568324 161.117285490036 162.775705258052 162.878940502803 158.249745766322 155.50551811854 154.877344767253 151.142199834188 150.467286507289 146.578580141068 143.864760796229 139.690766731898 132.720371087392 121.527661879857 126.149952411652 129.361172517141 127.623617649078 126.654267311096 115.204523007075 86.4951213200887 69.0869639317195 63.029279311498 78.4968237082164 115.22497733434 120.039224624634 108.531425396601 93.7038461367289 91.4778212706248 100.489775339762
164.77969288826 162.713905175527 156.363189220428 153.546015421549 160.013943910599 173.339823881785 175.45481522878 172.923306624095 174.692571163177 178.854485352834 184.452096621195 185.838083426158 183.66531531016 183.418095111847 178.763429323832 178.919355074565 179.0997783343 174.43843682607 168.317357699076 165.36408662796 163.173258304596 161.588052908579 162.673950195312 164.620935916901 157.940169175466 155.573745568593 149.158934752146 140.10880390803 132.764061292013 128.08225552241 124.80749686559 131.791522105535 135.726481676102 146.239221096039 154.051413138707 154.37979499499 143.519024054209 124.318967262904 106.258531411489 73.861171801885 83.8986933231354 104.514767726262 104.253023862839 91.5820797284444 92.7293399969737 111.514270305634
168.140649795532 166.60213470459 164.284626642863 157.579869031906 157.862285772959 169.343829154968 174.175302187602 173.765540122986 172.957221666972 180.694739023844 190.011024475098 189.164956410726 184.081534544627 186.731259028117 186.155259609222 179.194231828054 181.296785672506 176.836887995402 171.771287918091 169.638713200887 168.266733487447 168.253401915232 165.090799331665 163.494616746902 159.141222635905 154.328028361003 131.885866324107 108.915795882543 104.868064324061 111.840307712555 124.518136183421 128.346373637517 134.034872055054 140.575855970383 153.703133265177 168.434421221415 173.111478487651 160.376757383347 170.40604352951 119.302521149317 89.140792687734 107.527405023575 125.349938869476 128.326425949732 130.02007206281 145.220220088959
167.539795239766 165.112207333247 167.485356330872 167.050421237946 161.960601806641 166.890740394592 174.78358745575 175.417264302572 174.233714739482 180.021504561106 189.230958620707 188.652356465658 183.124045530955 185.039679209391 188.637216885885 178.230345249176 179.322918256124 176.729957262675 173.837224642436 174.63082075119 175.492187341054 175.328890482585 170.232951641083 163.408517837524 162.677814563115 159.093489249547 137.695173422496 112.650215625763 111.541072527568 122.297078371048 133.36580991745 134.264548619588 145.579864581426 154.610772927602 172.972102959951 169.407526652018 165.739218393962 114.818592866262 96.4896281560262 121.761778990428 119.914293289185 135.968347390493 139.7545337677 122.323910395304 110.673973957698 125.161796808243
155.569692452749 163.315564393997 165.731877088547 167.829076449076 165.727267662684 162.140180667241 175.243337949117 179.411431153615 178.26783657074 180.617074171702 186.061064402262 187.161803245544 186.202506224314 182.752549648285 183.870037396749 179.45651213328 175.114750862122 177.464465300242 178.359607855479 180.11595805486 181.670725345612 177.647272745768 175.755083560944 167.602201302846 166.743199030558 168.008267879486 161.654204130173 153.918772935867 151.62467956543 156.087348858515 154.725253582001 146.146376927694 159.655044476191 172.861377398173 159.245252609253 153.006851673126 116.273899873098 72.0243205626806 55.785392721494 88.4368518988291 123.837292194366 147.171099980672 141.250818967819 125.724961360296 115.26678999265 120.400170485179
144.441266854604 160.371015469233 163.994491100311 165.307283401489 168.163100878398 163.127611080805 169.858237107595 179.265320301056 188.752134641012 187.547326087952 185.030817985535 184.102237224579 186.015804608663 184.40035978953 183.815578619639 180.904507637024 175.73622862498 176.453133424123 174.41729704539 171.984275182088 174.035827318827 173.358281453451 172.625144322713 171.636740366618 173.466185728709 177.65998840332 187.448143959045 190.478126207987 177.009046077728 173.223416010539 160.694728295008 147.300273180008 154.415349165599 145.133545001348 112.539102633794 75.9011258681615 72.96022772789 61.9199971357981 45.8487123250961 45.9286868572235 68.6797598997752 109.080572923024 138.620585203171 160.568028688431 177.345871925354 173.486212889353
145.44356862704 156.771073738734 163.828641176224 165.6480828921 166.408618291219 167.354166507721 161.582281192144 172.054588794708 192.615469296773 191.218455632528 184.704661369324 182.264606157939 183.729787667592 185.634016990662 185.220698515574 181.481083234151 178.512314955393 174.53928788503 167.138556639353 159.397820631663 159.280995527903 164.395282665888 163.944532473882 167.561650276184 169.478515783946 179.319520791372 198.230624198914 208.804488182068 188.549339771271 176.558574040731 156.46634499232 134.499202171961 134.527703126272 124.738256136576 97.8989501794179 69.7295963764191 73.3949492375056 87.0458086331685 81.1311254898707 63.948780298233 50.5069047212601 71.4306831359863 117.681443691254 149.822215239207 165.964682896932 161.395788192749
158.517837524414 161.406099796295 164.415101210276 159.915635983149 153.391708930333 150.529017051061 159.831394751867 163.287540276845 173.411230246226 172.57034778595 172.409017880758 177.607973416646 183.073242505391 183.338165283203 179.141084353129 180.563509464264 179.039975007375 171.644786993663 163.052926460902 156.211167573929 154.613236586253 154.399027427038 157.942404349645 161.437461773554 161.365379889806 162.90619969368 180.020391941071 193.255464235942 184.985041618347 169.639825820923 145.58532834053 126.924157142639 118.008315563202 128.10672322909 118.32536260287 92.6658511161804 98.3896752198537 139.173408349355 148.640652497609 124.266564846039 85.0026408831279 71.0326333840688 91.9725795586904 111.196746428808 110.912660757701 118.614812692006
172.213355700175 168.143252531687 164.653807878494 156.505445639292 144.748906294505 134.801467259725 149.578938881556 147.285401821136 135.754446188609 139.071593681971 153.711378574371 165.905445814133 170.445164044698 174.338380495707 177.338063716888 188.255528608958 189.984838167826 180.225511391958 170.492907365163 164.366583029429 160.010278224945 157.80117114385 158.117830753326 155.394156773885 155.319899320602 157.823214928309 165.644357601802 168.314476807912 162.239442269007 140.663286050161 142.997711896896 134.372184673945 125.221749146779 139.645288387934 139.803220828374 127.187033494314 122.28928009669 126.588453849157 132.984181245168 132.722169160843 113.27737569809 93.82430712382 91.9791261355082 87.772677342097 66.8398787577947 85.995614528656
