input/barkrak2/radiation/dir04224.grid
NCOLS 85 
NROWS 70 
XLLCORNER 665100 
YLLCORNER 4664600 
CELLSIZE 20 
NODATA_value -9999 
[rows 0 to 21 of 70, columns 0 to 48 of 85]
117.415000995000000 131.367017825445 148.455063501994 169.592003027598 180.652697881063 183.317621548971 182.19667673111 179.439604282379 177.715798219045 183.818221092224 185.329675674438 183.188796043396 179.0824731191 178.699612617493 180.63485622406 165.603925784429 151.976158221563 140.892714262009 139.65047399203 136.121461788813 134.919931491216 158.385455608368 182.365377744039 187.526603539785 190.845688184102 202.89005835851 202.369749546051 190.415700276693 180.039544900258 180.272281169891 175.643006960551 198.794563611348 242.38000313441 239.912251631419 238.102535406748 225.646714369456 230.090181032817 241.812249024709 237.04332113266 238.708813985189 229.80938355128 238.428791364034 244.96454000473 237.496654192607 225.791116555532 232.620100180308 234.155356884003 202.197134494781 138.626118501027
95.7201917966207 110.369463761648 126.22872988383 145.631233851115 159.587065378825 168.705582618713 174.398899078369 180.339733759562 186.007897059123 185.721556345622 184.287627538045 183.72102578481 180.318276087443 180.67858616511 180.68806330363 167.449355125427 159.124950567881 149.667719999949 144.739131132762 140.047570069631 151.997188727061 177.484095096588 196.548183759054 197.375416755676 200.658718744914 207.773685455322 203.438798586527 193.668405214945 184.539755185445 182.379364967346 183.129549026489 212.871909141541 244.882980982463 240.897456804911 236.743231614431 227.852503458659 233.945290247599 243.294437726339 238.342583179474 236.792763074239 232.465227444967 234.069148699443 230.745395024618 221.229950586955 216.965774695079 230.270047982534 227.051874001821 188.005745410919 145.496875047684
61.4995012680689 70.4059451818466 81.2312513589859 92.182586590449 107.203265031179 121.104160944621 136.035631100337 155.94228108724 170.494377613068 173.771282037099 177.43972937266 180.786192417145 185.468276341756 190.839886665344 193.593442440033 194.820046424866 191.998600959778 178.747018178304 162.062992652257 154.281914234161 166.131943464279 184.215585390727 196.885645389557 199.718515078227 202.748636404673 202.229261398315 198.651711146037 192.347248395284 188.104589780172 191.460251808167 201.976239681244 227.711776892344 245.975991090139 243.933856487274 237.37911383311 234.23707485199 241.902629534403 245.538989702861 241.319417953491 235.497375329336 229.157567024231 219.278295834859 205.422878265381 199.060559272766 205.763220787048 223.735213279724 215.048730373383 179.01607354482 167.008221149445
45.5983926852544 45.6995417674383 51.9705067078272 57.7281961838404 62.2296382983526 71.1120466391246 82.2250545024872 99.583367506663 119.830270608266 138.555030028025 156.491408745448 173.202455043793 183.158834775289 186.592876911163 190.603494644165 201.276461283366 200.198372205098 190.736333529154 172.122796376546 164.342701435089 165.246933698654 166.364014148712 178.565621376038 188.556174437205 190.03697236379 190.324644247691 193.176885445913 192.553261915843 193.541586399078 198.690414428711 206.280112266541 228.563646475474 235.304415225983 232.955316702525 231.218854586283 233.432432015737 241.589784622192 242.587924003601 234.242975711823 221.837401390076 214.447915554047 202.696998914083 199.355483055115 211.438556512197 224.259237448374 217.989206314087 199.738800525665 175.559202829997 177.142957846324
64.2666866381963 49.1615235805511 38.8184587160746 30.0579195221265 30.3399314483007 44.3806101878484 68.4100538492203 80.8583746353785 90.3801023960114 98.4743336836497 122.094253698985 146.714528401693 159.866601228714 167.467455069224 174.619416395823 179.526050885518 177.639226118724 175.447444121043 170.561174551646 165.023545424143 160.462538401286 158.309568961461 168.211718400319 177.833040555318 183.548847834269 189.789076646169 191.572666168213 192.421019077301 193.62465540568 193.976600964864 201.742430528005 226.428767045339 226.339022318522 228.432218233744 227.584838867188 226.348459720612 223.824222882589 222.785790761312 215.660194555918 207.703391710917 206.499179204305 205.267786979675 212.024966875712 223.275860150655 225.155452887217 200.664341449738 170.531868934631 163.88875246048 171.122431755066
91.3438399632772 72.156697511673 48.1645812590917 29.7213544448217 24.168516198794 30.9575398763021 49.536074201266 68.843404452006 80.5703401565552 80.6555052598317 89.50541416804 102.446109056473 112.364212671916 118.981381257375 129.287699858348 139.793455600739 145.739903052648 154.803991317749 162.382125854492 168.602744738261 171.694576740265 172.247886657715 169.803480307261 172.641376654307 178.873121738434 184.911290804545 188.750068346659 192.514737447103 194.917579491933 198.367198308309 210.607767105103 221.975127855937 213.581224282583 215.175290902456 216.363628705343 217.743376890818 217.149436473846 212.278187274933 202.916006247203 205.508848031362 207.252661387126 206.922709941864 209.282954533895 213.09773127238 204.054892063141 167.471686999003 141.679525375366 151.278783877691 171.428720156352
100.80091158549 88.4523193041484 71.7704991499583 53.4793436527252 37.48586277167 27.0279248555501 32.4478968977928 53.4811764955521 68.8057988882065 77.9506266117096 75.5251745382945 74.4155943393707 71.2895393371582 67.6002403100332 69.4400866826375 83.9906632900238 96.5848565101624 121.57020966212 146.033922831217 161.248097817103 169.286012649536 180.101056893667 176.513195037842 172.520856062571 174.606740474701 176.518936951955 181.326568126678 186.784505844116 190.901398658752 199.307163556417 211.140215396881 215.575555960337 206.766605377197 200.356523195902 200.987120469411 201.478223005931 201.495170593262 198.244571685791 194.393952687581 190.062920252482 184.64473883311 185.070077578227 195.654114087423 204.082826773326 197.176098823547 187.428653240204 197.817822297414 206.650535265605 219.021677970886
97.625344991684 101.720551649729 91.6743477185567 78.7225812673569 60.6724619865417 39.4195069869359 23.8139082988103 21.7202703158061 40.5927623311679 62.009741862615 72.3082472880681 72.6403097311656 68.9779122670491 58.7688237428665 48.5922296841939 51.1622081200282 61.4750285943349 73.6646900574366 96.0085888703664 114.480038483938 132.33890136083 142.675270636876 160.527755816778 157.980710268021 164.718886216482 164.392580588659 167.849024136861 172.601620356242 177.645266056061 189.598818620046 199.742118517558 202.174723148346 193.25856367747 187.530875205994 183.598240216573 183.695455392202 189.60960706075 187.746544679006 183.406492074331 167.905767758687 164.265821377436 173.699378967285 190.86750348409 207.691391309102 209.867238998413 214.242438475291 222.846845785777 225.018560886383 232.368369897207
91.7559067408244 86.0713124275208 85.0855112075806 86.3946974277496 78.675518433253 60.2145940065384 37.4561001857122 18.901934226354 25.2880478898684 37.4924391508102 48.400471607844 62.6483857631683 66.4203763008118 63.2726202408473 57.7954997618993 52.5723099708557 51.9335269927979 56.0117463270823 67.7082240581512 82.7663342158 97.336749235789 111.814866463343 128.800729910533 130.113621552785 138.90207807223 143.189509709676 145.127534866333 149.235824743907 154.069423675537 166.378120581309 173.11171690623 174.780547618866 171.782930692037 171.389321486155 173.000395298004 175.315777460734 177.384475866954 179.640491803487 178.869605064392 171.757380167643 180.178304513296 191.196958223979 201.779802640279 204.815745353699 201.040506362915 200.276672840118 206.058303515116 217.26405620575 226.596633593241
72.3583996295929 71.7247575521469 65.0799075762431 69.0762897332509 74.5540310939153 69.0526564915975 59.3699514865875 44.3359265724818 26.9754553834597 21.1242685715357 27.1155784527461 39.6626442670822 55.3073535362879 66.5062367916107 69.5568869511286 67.7333821853002 59.6547921498617 57.3177287975947 58.2363158464432 62.0322128136953 69.7080989678701 78.1152347723643 88.6017978191376 99.8631318410238 109.984348217646 113.578240076701 118.188401063283 125.618278980255 130.182047684987 139.341413974762 141.628563404083 143.802136182785 149.382591247559 154.660483201345 159.959365924199 164.054026206334 164.175450801849 170.101563135783 176.795204480489 184.809346993764 195.243974526723 200.324714183807 202.251116434733 203.066865603129 198.176582654317 198.087255160014 209.503571192423 220.670640468597 223.558008670807
36.8230069677035 34.8750203847885 38.9684314529101 37.6262068748474 43.5394942760468 56.0293048620224 58.3600650231043 51.7774174610774 36.1845418810844 26.6465519865354 22.3234593868256 27.2107422351837 41.9338097174962 59.088408946991 68.5544659694036 65.7575279474258 63.0795160929362 61.5559071302414 57.522177696228 55.2085389693578 56.3786029815674 57.2488357623418 62.0491504669189 75.7361898819606 87.5935057799021 94.9201683203379 98.8637804985046 104.690651098887 114.345103502274 121.523757775625 125.897904237111 131.403386592865 139.942069848379 144.661664962769 146.079401175181 150.626609722773 156.169950962067 162.403047084808 172.613342603048 190.986792246501 198.280294736226 199.097752571106 195.631861686707 194.173216819763 193.942666053772 201.30721728007 210.592329502106 211.676736672719 210.882027943929
14.0008715291818 12.2902281582355 9.65788091222445 10.8094935615857 4.79528959840536 5.86822194357713 14.1507349908352 27.1819606423378 33.0487142006556 32.3933387796084 29.4894774754842 24.0374505519867 26.2943481405576 37.0993688702583 53.3438523610433 56.2160313129425 64.2294039328893 67.090501387914 61.5590363740921 55.6893646717072 52.084689339002 52.647719780604 53.2589753468831 61.0316495100657 69.0462440252304 75.3146807352702 79.7203133503596 84.3817889690399 93.7204559644063 101.306696732839 108.891795078913 115.286737680435 120.39711078008 123.59223763148 126.516401767731 130.903899669647 141.922771930695 153.938392798106 162.377327680588 180.501719315847 187.419454256694 187.429885069529 183.684349060059 178.901314735413 180.022915204366 180.588126182556 187.643746534983 196.727554003398 200.611670811971
7.35210999846458 2.91549693793058 1.10484830414255 0 0 0.0131821010048346 0.158695940626785 13.595941166083 32.3791454235713 38.5945240656535 37.645677725474 32.1345602472623 22.520124912262 23.333673675855 34.4365363319715 50.1000533501307 63.5984043280284 69.0867255131404 68.8130706548691 63.9012356599172 58.6501657962799 60.7562760512034 60.7755978902181 62.4206513166428 64.1377965609233 66.1723166704178 70.3058888514837 76.3905296723048 80.5328836043676 86.8749817212423 92.3281808694204 100.644131501516 101.052423318227 103.650053342183 108.688821395238 112.849811712901 124.004830916723 137.155960003535 142.576515674591 154.425462086995 162.424266338348 164.748559395472 164.233465989431 166.091044743856 166.75078868866 168.788393338521 169.107715288798 172.987977663676 175.84890127182
7.60666901866595 0 0 0 0 0 0 0.776678634186586 9.03639880319436 25.8930871884028 42.8452591101329 48.6231446266174 44.3715552488963 33.9937085906665 32.1746567885081 46.9713509082794 59.7688406705856 72.3518629868825 78.3203691244125 78.4873714049657 70.9909896055857 71.4341153701146 69.1429674625397 69.8807934919993 73.1456180413564 71.7326253652573 73.0939159790675 81.0487816731135 79.8592021067937 73.0867932240168 81.5421094497045 90.3840959072113 92.0362075169881 94.9987371762594 100.26024778684 106.954296429952 112.229158480962 119.225084781647 124.696691830953 127.074211835861 133.382697900136 140.282730261485 147.575428088506 156.113485495249 155.621876319249 162.945081790288 162.168323993683 157.092253367106 155.511915683746
14.2856501042843 1.13332108594477 0 0 0 0 0 0 1.07324356213212 15.9646992882093 35.7595557967822 53.0671775341034 73.1634795665741 60.0636253754298 47.4486450354258 46.7978020509084 50.456315279007 61.8794659773509 75.1660118500392 86.1666897932688 86.0020319620768 82.8994512557983 83.4943354129791 81.2214463949203 80.9440612792969 79.8138082027435 80.513263742129 79.9417396386464 77.3753076791763 74.5497842629751 71.245272954305 80.2903274695079 80.446720123291 85.8311951160431 92.6180481910706 98.8138715426127 99.4487603505452 98.3288288116455 104.527900616328 106.509298086166 112.297813097636 118.909647067388 124.862869580587 132.252683242162 137.449681758881 143.742501735687 153.14319729805 158.008396625519 153.465290864309
14.9106246729692 2.65654704223076 0 0 0 0 0 0.156863253020371 1.76873182257016 11.4333269496759 27.4679015080134 54.102286696434 70.7969963550568 78.5042593876521 66.869725783666 51.2114812930425 45.2265342076619 47.1020638942719 58.9316934347153 80.4573595523834 92.1536087989807 90.5753970146179 94.2533512910207 89.9758140246073 86.5463415781657 86.5507324536641 85.4650239149729 84.1976205507914 82.0631285508474 78.8194437821706 76.0370592276255 70.8273152510325 68.4788624445597 65.6523605187734 76.2848953406016 83.6697618166606 82.5759073098501 81.0488760471344 85.5730473995209 88.2232983907064 91.296374797821 96.8885918458303 99.3675390879313 103.087405363719 117.812673250834 123.994141817093 137.550860643387 148.287345965703 148.669272661209
11.6752684116364 4.3513843168815 0.0491479392318676 0 0 0 0 1.03395230447253 3.39870216945807 8.50894240041574 18.459806839625 41.0897135734558 59.4030370314916 79.6457131703695 79.0430208047231 72.3302861054738 65.8294061819712 57.2073608636856 51.7162382602692 58.8509688774745 78.9693494637807 93.7642554442088 100.385725498199 96.8291560808818 92.2862887382507 94.1421588261922 97.5691676139832 92.0310219128927 92.5132234891256 91.0409688949585 82.5154880682627 68.9681520064672 65.4557645320892 55.7984560728073 53.5967747370402 58.3176364501317 63.9016131560008 64.648891488711 73.5763857762019 77.4941941102346 79.0414810180664 81.0746898253759 83.1880023082097 87.3962839444478 104.583044846853 114.602595567703 122.287700573603 129.590541124344 136.559108893077
8.70211732884248 5.63117489218712 0.849320786073804 0 0 0 0.459558020035426 3.72489665945371 10.5647668242455 13.4354742864768 18.9327336847782 29.9672707915306 48.0479498704275 69.8863565921783 80.8211813370387 86.8259867032369 87.0800614356995 77.8324355681737 65.1957144339879 54.7362814346949 63.6261304219564 84.8233600457509 93.4017896652222 97.7249542872111 101.446916659673 103.542397419612 107.432981332143 105.827271938324 99.6768673261007 93.1746164957682 89.9425248305003 76.270471016566 62.4090681473414 49.8294035593669 44.1177984078725 45.8184083302816 42.8886065880458 48.8829513390859 54.5365711053213 62.1537218491236 65.3846214214961 68.037748336792 67.0748402674993 70.8682040373484 81.2514225641886 94.9063102404277 104.091952244441 105.533937613169 109.96354619662
9.53165690104167 11.3654310504595 10.19613755246 0 0 0.96964129867653 3.50615195930004 6.38961233198643 17.1844189365705 25.6707419951757 32.4792911609014 33.7287535270055 44.1628793875376 56.4081569512685 66.6004071633021 80.0390243530273 85.9547654787699 88.4223381678263 85.2551758289337 73.1935501098633 58.6047122875849 70.8777209122976 79.7465940316518 90.7205939292908 103.403021891912 108.823865652084 108.899136384328 105.988522370656 110.490004221598 99.5824038982391 85.5797330538432 75.0637352466583 66.1465475956599 49.8301784197489 41.3977950811386 33.2273965080579 27.9294177889824 29.8902541399002 30.9473400314649 42.6023701826731 50.6730079650879 55.8184534311295 59.8275661468506 62.1171643336614 65.8479531606038 79.5521040757497 85.5197111765544 86.8642727533976 91.999351978302
10.3091051181157 9.29547349611918 11.1627802252769 4.69754946728547 0.0186098065266075 4.41665264467398 5.58179741104444 7.83952822287877 9.44572562972705 26.817520459493 32.3312158385913 31.9749688108762 35.2552533149719 41.5904968976974 50.5978713432948 66.3883189360301 75.7699906826019 80.7885030905406 86.3683422406514 87.7182483673096 78.7236591180166 70.0457990169525 72.8054543336232 82.6395104328791 94.6568151315053 104.375143845876 112.091640631358 110.873341560364 100.424150625865 89.9840792020162 90.5186235904694 75.6949732700984 60.4463368654251 44.2737489938736 35.4898100097974 25.0456680854162 18.3128217856089 17.2856946786245 15.5962432424227 23.5609586040179 28.8595035672188 33.5916206240654 44.9355741341909 53.8752973079681 53.8592586914698 64.501146475474 68.334420522054 71.3807096083959 81.4158022403717
14.3681938449542 8.13456997275352 4.83380102862914 9.04749520123005 5.23870686690013 5.77039582033952 5.02814849217733 7.49501027166843 9.06728021800518 21.5158636371295 25.3967468937238 26.2225419282913 27.4669006466866 30.371700723966 35.8596717317899 49.3123531341553 62.07242111365 68.8654482364655 78.4728527069092 90.9899671872457 96.9604055086772 88.8626972834269 87.8416796525319 91.0960932572683 92.650443315506 95.6981380780538 95.9713955720266 93.2504236698151 98.3208417892456 88.5211726029714 76.1032352844874 57.18827744325 46.6845979293187 32.4828997254372 24.712935090065 16.1208882927895 7.97177913288275 5.03662290672461 8.24583694338799 17.2475017607212 22.0367461442947 25.3199165066083 34.1081668933233 39.7173091769218 48.537403345108 57.2639604409536 61.8063708146413 68.9438879489899 73.5183705886205
33.7257335583369 22.6841693123182 11.8817960222562 17.916165292263 15.5427803595861 5.26778834561507 7.50815557936827 10.873315234979 16.8305734793345 21.7317168911298 23.9031364520391 24.1077467799187 24.7910097241402 22.887314359347 28.571421901385 39.2132997512817 53.0705650647481 61.9185318549474 70.6973721583684 83.387831846873 93.3199226856232 107.244412104289 111.118217309316 110.66472530365 104.283640782038 95.7566201686859 91.5737549463908 85.0757559140523 83.8619569937388 72.2623368104299 63.7099693218867 41.8927520513535 26.9611204663912 13.7137075265249 0.22639815385143 0.246684726638099 0.376448850147426 0.355849741026759 0.315630459226668 5.30171828965346 6.70347673197587 8.79091521104177 24.1089537739754 22.0336144169172 32.4952354033788 41.9089247783025 50.1356720924377 62.5130782524745 65.8464680115382
