input/barkrak2/radiation/dir02524.grid
NCOLS 85 
NROWS 70 
XLLCORNER 665100 
YLLCORNER 4664600 
CELLSIZE 20 
NODATA_value -9999 
[rows 23 to 45 of 70, columns 0 to 50 of 85]
78.7244141101837 67.9408212502797 35.0442280371984 17.3773368199666 12.3037633796533 16.6365578770638 18.1801294287046 5.97053145368894 4.35892678797245 3.93000897020102 9.88745192686717 14.9407424032688 17.3550980786483 23.838517566522 20.2829080323378 20.4502617319425 27.061864733696 36.0177010297775 41.2619064251582 34.5564410090446 33.8585029045741 37.8474940856298 49.4910528262456 59.5722297827403 66.8784379959106 66.9258336226145 60.0448201100032 51.5285631020864 34.1071809331576 15.3775190313657 10.9508323172728 4.08838720371326 0 0 0 0 0 0 0 0 0 0 0 1.02016104695698 1.88425897310177 1.08798981333772 2.4625378039976 3.79675502578417 8.0540037403504 13.2810560365518 10.383727028966
78.3394326766332 74.1922209660212 51.8417259057363 22.2669194142024 6.10883658130964 16.5716322759787 13.9731044570605 15.748872111241 7.10627995431423 4.50917022923629 3.90310337146123 14.4087846080462 15.6100168824196 20.8597183227539 20.2552874883016 19.9543635050456 24.8409310976664 33.8776633143425 40.8839037021001 33.7527667482694 32.1961392958959 29.301459590594 37.0271677772204 44.3542500336965 49.1748452186584 50.4733026027679 47.4886794885 43.3411945899328 21.0372507572174 10.2345279107491 5.83415602644285 4.18379964927832 0 0 0 0 0 0 0 0 0 0 0 3.71851306408644 0 0 1.27435079775751 1.32143404334784 0 2.85618007183075 2.84550245851278
65.2189751466115 69.649746020635 62.4548892180125 31.9723760088285 6.59510989983877 16.5070618192355 23.0953569213549 30.8059900999069 31.1077410976092 25.059886276722 20.3387401998043 22.4078719814618 21.9866459568342 27.2381628553073 27.5717178980509 22.3289976517359 23.9479939142863 33.5870136817296 39.6893968184789 42.9156174262365 43.0150280396144 38.7528737386068 35.8328421910604 36.6361066699028 39.4139165679614 41.5826713045438 37.9125674565633 38.2257625460625 22.9140346248945 18.5535587370396 15.4916271567345 19.3517965575059 13.6965649823348 0 0 0 0 0 0 0 0 0 0 0 0 0 0 0 0 0 1.01271100963155
63.8849089543025 69.0180609623591 66.7202075322469 41.3594593604406 17.9838016629219 29.0192986528079 41.1940465370814 50.8222281932831 58.2080185413361 51.6964892546336 34.95042771101 37.3876169323921 34.7531115015348 38.0233973264694 37.6126368840536 28.4862344463666 27.1981904904048 35.5156908432643 43.8081870476405 53.1007647514343 54.0099839369456 50.9041547775269 44.2091325918833 38.5158732533455 38.9227420091629 40.9028728802999 37.025677661101 44.2589670419693 41.9565836588542 40.3982872764269 45.1063017050425 62.2939020395279 70.5318301916122 49.7539987166723 0 0 0 0 0 0 0 0 2.39685224369168 0 0 0 0 0 0 0 0
65.3352836767832 64.27963078022 64.3826673428218 47.3747948805491 43.1527992089589 50.4186848799388 61.614399154981 66.847175359726 70.0174570083618 61.7262025674184 45.372799038887 40.7146687308947 41.1461119850477 39.2134835322698 41.5281380216281 37.8536060452461 33.0857783555984 39.2881706357002 51.2996514638265 56.0709536075592 53.4837891658147 45.1805492242177 44.0498391787211 44.6640948454539 45.269380013148 45.8539326985677 43.5593128204346 53.8609872261683 70.5119470755259 75.0437577565511 79.2622864246368 86.135059595108 96.8963404496511 103.561957677205 59.0888659159342 0 0 0 0 0 0 1.81621592491865 1.78486993536353 0 0 0 0 0 0 0 0
68.3352251847585 57.725245753924 58.2841883103053 50.1908510923386 62.4618381261826 63.2070600986481 65.9568707148234 63.6671682198842 55.8337320884069 47.8063325087229 41.171299914519 36.349264283975 36.0581129789352 41.3336505492528 43.5213049252828 45.8769897619883 41.1291594306628 37.3968631029129 48.6404647429784 50.4824568827947 48.4834313392639 41.7904754479726 41.6506578524907 47.4642068147659 49.8559276262919 47.0278809467951 47.9347358147303 54.1333456834157 77.2164016962051 90.6279484430949 98.2833206653595 102.729847033819 110.82382996877 113.313525915146 102.374682823817 32.3814451694489 0 0 0 0 0 1.00589233140151 0 0 0 0 0 0 0 0 0
69.4380899270376 52.6934365431468 52.9007365306218 55.2468399206797 64.0074859062831 62.726765871048 52.6261876026789 40.057639280955 28.7849555412928 21.4381565650304 23.3370314041773 27.0937879880269 32.4351737896601 42.9425140221914 45.9466477235158 51.3083388408025 46.6996779044469 35.6969783703486 38.8882632056872 41.5372252464294 40.6880428393682 41.6283756494522 41.5412386258443 47.2341428200404 52.6932279268901 50.2438545227051 52.3258000612259 54.5944621165593 70.9078063567479 93.4539834658305 107.837994893392 112.747053305308 114.911814530691 115.762382745743 123.324275016785 105.02764582634 26.191845536232 0 0 0 0 0 0 0 0 0 0 0 0 0 0
68.3269252379735 68.9771970113118 88.411162296931 117.832312981288 94.4423079490662 68.2802697022756 43.1475291649501 15.4456496238708 7.83344606558482 19.6252899865309 14.9203240871429 6.44085990885894 33.0170566836993 43.2012130816778 51.2313892443975 55.3014675776164 53.0220766862234 40.5265043179194 39.9414946635564 43.7215864658356 40.8675943811735 44.5172488689423 46.1748093366623 49.2505729198456 55.1031579573949 59.1454853614171 57.9250405232112 60.3064944346746 72.7581679821014 97.2373088200887 114.901483058929 119.746059179306 115.305761496226 122.563372055689 133.09841354688 136.20055715243 110.403726498286 51.1219551165899 3.45161991814772 0 0 0 0 0 0 0 0 0 0 0 0
80.1757176717122 112.138986587524 158.915648857752 179.04661099116 157.559216022491 108.180850744247 61.2510293722153 35.8082205057144 29.9994697173436 34.3460241953532 26.7478202780088 22.7946440378825 32.467228670915 42.7357355753581 54.4155935446421 58.7272594372431 54.6647409598033 48.7081209818522 42.3387984434764 44.505387544632 44.1235601902008 46.8671470880508 49.2492814858754 49.9361157417297 55.5056631565094 66.7009105285009 66.6698068380356 72.9261388381322 82.21202592055 98.5756814479828 113.915830850601 122.485816478729 124.353339274724 130.125651756922 135.543664296468 136.071523030599 128.795345624288 109.792937835058 47.8718380133311 1.90242178117235 0 0 0 0 0 0 0 0 0 0 0
138.069947560628 173.87592792511 198.561728000641 201.059440771739 197.382708390554 171.533902486165 129.214952389399 92.6493207613627 72.950412829717 60.7229173183441 55.3918580214183 47.2710430622101 36.4617755015691 38.6499166488647 53.6152273416519 59.1823806365331 53.9441108703613 54.5758903026581 44.115275144577 42.6099797089895 46.5684483448664 47.9028224945068 48.6810157696406 49.4919816652934 53.8979520400365 67.7035103241603 73.403611779213 80.692062775294 89.5840028921763 97.7043012777964 109.099904696147 119.508882363637 122.909833987554 119.810481866201 121.076087156932 114.391376574834 115.831752618154 102.107127507528 57.0085346698761 7.61108907560507 0.0278060372996454 0.0657243120561664 0 0 0 0 0 0 0 0 0
190.663695335388 208.219548066457 213.379820187887 211.000581582387 212.149322032928 208.127121130625 184.609194596608 142.846584320068 108.189781506856 86.1238340536753 86.5366260210673 75.9169558684031 53.0731131633123 45.3965316216151 51.0737101236979 54.497684041659 49.1136858860652 49.4586875041326 43.0652250846227 43.8799609740575 42.9955124855042 44.2033608754476 43.8118875026703 44.2664523919423 50.7258226474126 60.7348183790843 72.5172062714895 76.4465232690175 85.5901837348938 97.5649257500966 106.748123963674 109.924604495366 103.341440359751 93.5457249482473 95.6830382347107 81.4262330532074 82.2799901167552 67.6877746979396 34.08266355594 2.22864793613553 6.30129004518191 3.84224609782298 0 0 0 0 0 0 0 0 0
206.308364868164 213.526129722595 212.973594665527 213.751991589864 213.378588358561 212.303221225739 204.265395800273 172.972818215688 125.551710526148 98.0753004550934 98.5314647356669 90.8972918987274 77.0353376865387 58.8481575250626 51.9906083742777 53.018257021904 46.7001299063365 42.7309175332387 42.8029994169871 45.5486824115117 42.0689086119334 41.9129232565562 43.1841115156809 43.9333617687225 47.8794972101847 55.594265460968 64.9725099404653 65.9608542919159 74.9747256437937 92.1873450279236 100.257267554601 98.8771816094716 93.887060880661 88.5809063911438 81.0462931791941 68.2198305924733 72.2131977478663 69.4373548030853 50.0359038511912 16.8700851500034 14.8309928675493 4.28632957239946 0 0 0 0 0 0 0 0 0
199.4482477506 202.719807624817 199.671904246012 200.406432151794 200.776775677999 194.701790809631 189.473350842794 171.230991681417 132.094899813334 108.810762564341 106.074939171473 100.660274426142 90.4195110003154 65.902387102445 54.9464623133341 57.0329527060191 50.532728433609 42.1964923540751 45.8940863609314 47.1174021561941 45.2807694673538 42.4864788850149 45.5285757780075 49.6494819720586 48.2947329680125 53.2507399717967 57.8774958848953 58.688352505366 66.2418703238169 83.2083225250244 93.0785338083903 92.0319358507792 94.951053460439 96.7078506946564 80.2851021289825 74.2913981278737 78.2303909460704 85.1988097031911 79.5294145743052 40.3164674838384 11.8252448737621 0 0 0 0 0 0 0 0 0 0
174.117008845011 177.145143349965 179.67144648234 176.919539769491 175.410230954488 174.277404944102 178.071101506551 173.859655857086 145.668158928553 119.147509336472 106.577783823013 93.2839612166087 83.3557148774465 63.5718802611033 51.9129931926727 57.0680598417918 58.7964554627736 47.124981880188 49.2230951786041 52.1789689858754 51.798552274704 48.300489783287 49.234280983607 51.6883830229441 49.8933990796407 50.2022455135981 56.2962740659714 62.4456455310186 66.2497580051422 78.9990325768789 90.5835032463074 94.0114458401998 95.7851509253184 99.8354554176331 84.0636094411214 83.9964151382446 83.7105909983317 91.8381114800771 91.9515192508698 51.7855435609818 0 0 0 0 0 0 0 0 0 0 0
150.040199359258 159.310499827067 171.215335528056 168.28982035319 166.360378265381 173.090616861979 182.083507378896 185.261388619741 166.128108898799 134.452839692434 108.447760343552 83.339919646581 67.5989538431168 56.8928867578506 48.0634073416392 52.5525361299515 63.2944951454798 55.3504327932994 52.3812075455984 55.3474922974904 55.8460056781769 51.9781559705734 50.0716914733251 51.8348515033722 53.2012134790421 52.6614487171173 55.732270081838 64.3876194953918 67.1453773975372 71.7132637898127 84.6665402253469 95.0580139954885 97.6090629895528 91.0448531309764 80.3534338871638 92.4989978472392 94.9969490369161 99.1018911202749 99.5195508003235 73.6460536718369 0 0 0 0 0 0 0 0 0 0 0
112.066060304642 123.779674371084 132.274587949117 138.118326663971 146.812339623769 162.552247444789 177.661259969076 185.596625010173 179.868380228678 151.040583848953 116.584837436676 83.6302141348521 64.36754266421 60.7633342345556 52.9320389032364 47.6408998171488 58.1842561562856 58.754841486613 52.8202056884766 52.6638130346934 53.2769908507665 51.2502541144689 48.1962660948435 49.4079142808914 52.8564105431239 56.6495507955551 56.3289572795232 61.5498721599579 66.4518376191457 67.7458941936493 75.2827823162079 91.3652280966441 96.0532029469808 81.1966508626938 82.5650294621785 102.372288703918 106.035232543945 102.530976136525 103.53410243988 98.8649328549703 43.5275087753932 0 0 0 0 0 0 0 0 0 0
76.4518578847249 83.3868781725566 83.0311626195908 93.27099720637 109.691013892492 128.019432226817 143.896162509918 156.187425057093 157.02897310257 134.07489657402 98.08682401975 72.6857433716456 60.1719170808792 58.3023975292842 54.7113468249639 49.4318604469299 53.9788256088893 55.0526082515717 48.5431800285975 48.624853293101 51.7999331156413 54.9111713965734 53.8854549328486 50.5643784999847 49.1152852773666 53.0372659365336 57.7865540981293 60.8915934960047 65.5598292748133 65.4215017954509 68.1314369042714 80.5261433124542 87.7264539400737 84.0098261833191 100.726892550786 110.243519147237 110.249757766724 103.903462489446 107.833246390025 121.519267559052 111.74405614535 52.1015872557958 0.890453501294057 0 0 0 0 0 0 0 0
65.5012428760529 67.4876123666763 67.3853705326716 69.2924012740453 78.466256459554 85.0096344947815 89.3170436223348 94.916025797526 95.7755247751872 79.6253432830175 63.6671036481857 59.654176235199 58.2668880621592 55.3413381179174 54.2622208595276 54.7337432702382 53.3865342537562 52.8461833794912 48.4200070301692 48.8979369401932 52.3867507775625 57.6383620500565 58.9374999205271 55.5991033713023 52.7215997378031 50.4788806041082 60.2804372708003 63.3913328250249 65.816988547643 66.3668910662333 66.5244410435359 73.3221073945363 81.4892599980036 91.4163490136464 110.466301441193 108.579407135646 101.538320382436 92.6073590914408 95.2761769294739 111.324379841487 123.039503892263 115.741739670436 62.8359218438466 6.62095534304778 0 0 0 0 0 0 0
73.7287451823552 71.3827759027481 71.6296136379242 71.0953772068024 67.447821299235 65.6518588463465 64.0861640373866 65.5423750480016 70.8945045868556 62.931830684344 55.1146119832993 56.4707517623901 59.7446660200755 60.3721141815186 58.9780708154043 56.9938520590464 51.664392153422 58.3474785089493 60.1624697446823 56.0354044040044 57.3016107082367 58.815876642863 57.2664787371953 59.2636168003082 61.4791413148244 56.1458567778269 60.1619531710943 63.7381722529729 66.8094009160995 67.5829897324244 69.0874755382538 72.818527619044 79.4813334941864 95.9481795628866 104.416022698085 98.5520978768667 87.6187284787496 78.8525740305583 75.6714443365733 85.6495300928752 113.503565390905 118.887066841125 94.5976773897807 39.2354652285576 0.651797978207469 0 0 0 0 0 0
78.3976813157399 75.4437198241552 78.3820152282715 77.070673306783 70.0732966264089 66.6794627904892 64.4501447677612 61.5260700384776 61.9757076104482 58.7825079758962 57.0522348086039 57.1665863196055 60.8621388673782 64.4317120313644 64.0955666700999 61.4406069119771 58.3578050136566 63.7844850619634 66.2059883276622 60.2069795131683 57.7397445837657 55.4849704106649 52.2254506746928 54.1224430004756 59.2369735240936 56.5104931592941 52.825207511584 57.5410177310308 62.3162537813187 66.142608722051 66.4791762828827 66.4330820242564 77.6068915923436 96.8536337216695 101.863890886307 87.6755913098653 77.0563979943593 74.1984943548838 73.8902638355891 81.9611698389053 90.3035700321198 93.2473540306091 79.0941715240479 47.6428170998891 0.736894086003304 0 0 0 0 0 0
62.5469535589218 65.2753959099452 73.8966713349025 71.4349895715714 73.8973319530487 76.4185339212418 75.377956032753 71.1883405844371 60.6317420800527 59.421052535375 63.0380113919576 59.4745179017385 60.6266061464945 64.3198639154434 64.8360500733058 62.0725452899933 63.4380479653676 66.1792010068893 66.591074069341 61.7638130982717 56.3418368498484 53.3771564563115 50.5900730689367 50.5007952451706 53.8785805304845 58.2654774188995 52.9364049434662 54.7353476285934 58.7983826796214 60.9643111626307 61.1159155766169 58.7992370128632 68.5546547174454 82.8876793384552 89.4659658273061 79.4859975576401 75.5986670653025 78.8009067376455 82.0619811614354 82.7575226624807 77.8812070687612 76.7146895329158 71.3574190934499 46.6730346282323 5.46010086933772 0 0 0 0 0 0
60.9446217616399 66.8823470671972 69.8539515336355 70.7331001758575 72.4960416555405 74.909766515096 75.3670930862427 71.4064687490463 66.6913837194443 62.8486573696136 64.3930335839589 62.4716877937317 59.9673688411713 58.3335757255554 58.1880658864975 58.4975232680639 55.6108305851618 61.9324545065562 63.6809368928274 61.5260750055313 57.2781165440877 55.7805796464284 54.6922832727432 55.7488103707631 53.2900790373484 62.3767524957657 65.3692086537679 61.8805189927419 60.7860386371613 59.1292381286621 55.5585374434789 53.781454761823 59.2589775721232 64.3965105215708 70.4534947872162 73.0413695176442 77.2593319416046 83.700696627299 87.268590927124 79.5878320932388 77.7344952027003 73.0100373427073 69.5568968852361 51.0480304559072 20.5858113865058 0 0 0 0 0 0
67.3264662424723 71.9913641611735 69.2054529984792 72.6003746191661 71.2067037820816 71.2478955586751 72.7771123250325 71.5255985657374 72.7155854304632 68.0696169535319 67.4388557672501 66.7153894901276 62.1347824732463 57.9601575930913 57.4839512507121 61.1492196718852 56.8970143795013 59.6174746751785 63.6382798353831 62.2620532910029 60.0428481896718 59.3279351790746 58.7383111317952 60.1184219121933 60.7164402802785 61.5954448779424 68.266749382019 65.4891431331635 62.7781947453817 61.1309210459391 56.9428304831187 54.6832432349523 57.4252506097158 55.8024694522222 56.8756957848867 60.072382291158 67.1848356723785 77.2929688294729 77.3004293441772 66.9077336788177 69.2748626073201 64.0659034252167 63.9599611361822 60.7162217299143 43.1564748287201 12.7084528406461 0 0 0 0 0
