input/barkrak2/radiation/dir03524.grid
NCOLS 85 
NROWS 70 
XLLCORNER 665100 
YLLCORNER 4664600 
CELLSIZE 20 
NODATA_value -9999 
[rows 22 to 43 of 70, columns 0 to 49 of 85]
58.7906887133916 52.191158135732 29.7319740056992 22.9288190603256 18.9181702832381 7.81027351816495 14.9139426648617 9.38154570758343 8.22329521179199 7.13706140716871 17.1606341997782 18.0602942903837 21.3771760463715 21.5629264712334 22.1107353766759 28.0961592992147 37.8404408693314 47.8795915842056 55.2925964196523 57.7659557263056 62.2741480668386 78.3775746822357 91.4772550264994 95.2624281247457 96.472442150116 89.2623464266459 79.0603806575139 77.9332468907038 69.7515159845352 50.1984258492788 28.8237680991491 14.7227868437767 1.02406786754727 0.00261699157514765 0 0 0 0 0 0 0 0 0 3.0423728749156 13.0326971411705 23.1266443928083 26.7980098724365 26.9564961393674 30.267412463824 30.0300568342209
92.7530725797017 81.6625108321508 46.9313263893127 28.6734128991763 23.0819284915924 25.1827538013458 25.2425496776899 10.5688124895096 8.34857734541098 6.82437792420387 19.8177769780159 21.5073004364967 25.2440745631854 30.9459567070007 27.4113118648529 28.8406436642011 36.0166033109029 45.0613598028819 50.795723994573 45.4138666391373 45.2100187540054 50.0055203835169 63.2983346780141 74.2095063130061 80.708051721255 82.1056514978409 75.8919417858124 61.9019468625387 53.1130880117416 21.1567332347234 16.626663506031 7.76184971133868 0.00198330129326981 0 0 0 0 0 0 0 0 0 0 6.39930305381616 9.92836679021517 18.6021166543166 24.4238724311193 25.0690206885338 30.5884430805842 32.805177072684
92.0935869216919 87.8681639830271 64.7995074590047 33.5370848576228 16.2738276024659 25.2562612295151 24.1903613011042 22.0260098576546 18.0424613257249 8.85742406050364 16.0596085091432 19.5967219769955 21.9910740852356 28.1824320554733 27.9111613829931 28.0072490374247 33.132200439771 44.3523873885473 49.8672177394231 43.5227354367574 43.025200565656 39.6802375713984 48.8465776046117 57.5632800658544 63.3705804745356 63.8704399267832 61.4988456169764 54.0452649195989 35.4882950584094 15.5075130363305 9.98331792652607 7.85452562073867 0.09770038498876 0 0 0 0 0 0 0 0 0 0 13.7475989758968 14.3850110471249 16.0293852289518 22.0848421255747 18.4881550570329 20.3776260217031 22.5788205862045
78.2636900742849 83.0170412858327 75.9056409200033 43.866569797198 16.3449545701345 25.1997510592143 31.2335963050524 40.7365883390109 38.9779359102249 31.9797396659851 25.3341495990753 28.3389737208684 28.8352320591609 34.6839874982834 35.7892562945684 30.6058575709661 32.6034650206566 42.86061724027 50.2496262391408 53.9562553167343 53.291509548823 49.8089293638865 46.7111319303513 47.7907707293828 50.6727397441864 54.1957914829254 50.0837862491608 49.3161678314209 30.2954316139221 25.3851364056269 21.9525545835495 26.9830077886581 20.6126645207405 0 0 0 0 0 0 0 0 0 0 18.0136685570081 10.8095332980156 6.99292744199435 8.29220749437809 14.8591237763564 17.3345766961575 15.0969711442788
76.9273688395818 82.3556979497274 80.2462597688039 53.7703732649485 29.8780972758929 38.9279598991076 52.6862889528275 62.6228849093119 67.9099311431249 61.1010491847992 43.1662499904633 44.4325506687164 42.2161718209585 46.2397883335749 47.1703161795934 37.8852089246114 35.9204063812892 45.3737080097198 52.6500046253204 63.851331671079 66.052109003067 63.1767859061559 54.9187511205673 49.8055020968119 50.8033285538355 53.7956804037094 48.9367345968882 55.2886525789897 51.7972111701965 50.3691881895065 56.0411214828491 74.9107350905736 83.6441814899445 62.2107535600662 0 0 0 0 0 0 0 0 8.56934487819672 8.18582313756148 0 0 0 2.96411414941152 9.38158420224985 8.79127656420072
78.5799672206243 77.3535966873169 77.573761343956 60.0292384624481 56.822528441747 62.0597650607427 74.1972227891286 79.2272786299388 79.6406169732412 73.9751358826955 52.7123312155406 49.9291966358821 47.2139169772466 49.0666925907135 52.43881046772 46.4519013961156 42.791744073232 48.6031274000804 61.3277057806651 67.6178932189941 65.6076371669769 56.8509995937347 54.5578797658285 56.502436598142 57.2305619716644 57.9013476769129 56.3091387351354 66.0983622074127 82.7715694904327 87.5563224156698 92.7568078041077 100.76097647349 111.735135316849 118.798196315765 71.99527323246 1.64111020664374 0 0 0 0 0 11.8812198440234 11.662187675635 0 0 0 0 0 2.27050762623549 2.44415147850911
81.6256999969482 70.2578872442245 70.9783335526784 63.2394154866536 77.5957902272542 75.6473690271378 76.4138797918956 71.1533377567927 66.9931868712107 58.749998609225 48.7281580766042 43.7241494655609 47.2537726163864 48.6336499452591 54.7151366869609 58.0245753129323 50.4693239927292 47.1398631731669 59.3187610308329 60.9630048274994 59.5641036828359 52.7073840300242 52.3836414019267 59.3182494242986 62.2066855430603 59.150884548823 60.3516151507696 67.1189924081167 90.3273224830627 103.846291700999 112.989564736684 119.048992792765 126.856327056885 129.380365212758 118.792553742727 43.953408797582 0 0 0 0 0 2.4613318964839 7.12819956243038 0 0 0 0 0 0 0
82.5344423453013 64.7147198518117 65.1983718077342 68.9414739608765 78.1037261088689 73.9828497171402 62.5378837188085 46.7657347520192 36.0263114174207 29.9242486556371 29.500941435496 33.6048603057861 42.1340465545654 49.0406552950541 54.6523829301198 61.0588689645131 57.3248664538066 45.6618467966715 49.4158168633779 52.6860256989797 52.4215747912725 53.3629357814789 53.2807509104411 59.5334817965825 65.3226325909297 62.903235356013 65.1456266641617 67.6788985729218 84.0384066104889 107.450594504674 122.758487860362 129.438658555349 132.162392139435 132.825841506322 140.419503053029 120.230555534363 37.772461771965 0 0 0 0 0 0 0 0 0 0 0 0 0
80.9877067804337 82.0000072320302 103.1201283137 134.800622860591 109.593828519185 80.4533412059148 52.7614057064056 31.2798867623011 20.5780838926633 24.2001637816429 21.9664474328359 23.358757297198 38.8709033528964 50.7590572039286 59.9677662054698 64.8747235536575 63.6660158634186 51.0914623737335 50.650363167127 54.1051874558131 51.998977859815 55.8026731014252 57.5845738252004 60.9372357527415 67.3157374064128 72.4841356277466 70.5973605314891 74.097603559494 86.7958764235179 112.483908732732 131.191293398539 134.551266829173 132.876535256704 141.738990942637 150.822023550669 155.581017335256 125.542342662811 64.0333791573842 7.43928862114747 0 0 0 0 0 0 0 0 0 0 0
93.8999752203624 127.607812484105 175.563375155131 196.689109007517 175.105094909668 121.036847432454 72.9693422714869 43.2721674442291 36.4666779836019 41.508582731088 33.3529313405355 28.2898719112078 39.1326000293096 49.0214029947917 62.087615331014 69.9363648891449 66.3900872071584 59.6578220526377 53.322305281957 56.0298760732015 55.6857089201609 59.3393047650655 61.8589967489243 62.6913011074066 67.9554541905721 80.6043843428294 80.5817196766535 87.16748158137 97.7236231168111 115.038772424062 130.596309900284 138.482759396235 140.459646781286 147.907147804896 156.90670410792 153.962691624959 149.042656024297 126.20876232783 60.3377968072891 6.3174261401097 0 0 0 0 0 0 0 0 0 0
154.142538706462 189.819594224294 214.488426844279 215.416967868805 213.114182154338 186.200082302094 141.866097847621 102.984080712001 79.4749905665715 68.7665045261383 64.1001413265864 52.5032828251521 41.5919497609138 47.8275368611018 64.0525122483571 70.8411037921906 64.3591433763504 65.1858597993851 55.9048503637314 54.2065799236298 57.2632849216461 59.4342003266017 60.3108555078506 61.4100495974223 66.1763896544774 79.824964205424 86.7273509502411 94.327986240387 104.519675175349 115.176339944204 127.127001682917 138.585805892944 140.471001466115 135.925928751628 138.779689868291 133.252720038096 133.782962958018 120.999793211619 73.4020074208577 21.3537762562434 1.83820972839991 1.03734759613872 0 0 0 0 0 0 0 0
205.765664577484 222.187002499898 226.653297742208 224.151432514191 226.560612519582 220.345516999563 197.953244050344 154.139677683512 115.742882092794 93.8387811183929 93.9802328745524 86.0758225123088 60.7780516147614 53.1876434882482 62.5116427739461 66.614752014478 59.9779188632965 60.02410252889 54.9179017543793 55.5730809768041 53.4628331661224 55.4707745711009 55.2378743886948 55.9287468592326 63.7035071849823 74.3287652730942 85.7121149698893 90.9563998381297 100.409964720408 111.75012588501 126.376003026962 128.513157367706 119.625806808472 108.421633640925 110.763818025589 95.7286457220713 96.7831909656525 81.2567373116811 45.3259001175563 12.389683475097 11.7217091222604 8.17801679174105 2.02551018446684 0 0 0 0 0 0 0
220.72700659434 226.747314135234 226.118624210358 226.492524147034 227.485617001851 224.750876426697 216.84718132019 184.093336264292 134.761949380239 108.72083902359 108.433564503988 104.514956474304 87.1509909629822 67.7758951981862 62.3592634995778 65.2591437101364 58.65811308225 54.151381055514 54.5396109422048 57.2997530301412 53.5229245821635 52.3245682319005 54.7981262207031 56.4126372337341 60.6398383776347 67.9044723510742 77.7587095896403 78.9095262686412 89.2664591471354 106.243362029394 115.791241327922 116.156756877899 109.878977139791 103.085180123647 95.2186683813731 81.4137359460195 85.5782230695089 82.6608488957087 62.505970398585 27.2928029298782 22.0952679713567 24.1034279266993 0 0 0 0 0 0 0 0
214.433073997498 217.106680075328 214.068194230398 216.181993484497 215.103924274445 209.221283594767 204.193810621897 186.822930971781 145.167112350464 119.72384651502 113.385180632273 109.249770641327 99.787970383962 77.6599099238714 67.0403142770131 69.8235730330149 62.2022400299708 53.0532201131185 57.8388671080271 59.0903957684835 56.9142003854116 52.9687503973643 57.191660006841 61.6519451141357 60.1547062397003 65.4244522253672 70.3803300857544 72.0927864313126 78.5160561402639 97.9680021603902 108.278701702754 107.973158359528 112.056324879328 113.031675418218 94.4944123427073 87.9539847373962 92.4655199050903 99.8391310373942 94.853142897288 54.3616016705831 19.2089552680651 1.49435953547557 0 0 0 0 0 0 0 0
190.206229686737 194.014032681783 195.189436276754 192.484418551127 191.11975034078 190.0688012441 193.445960680644 189.92817401886 157.040774822235 127.498835325241 116.886595884959 104.541917641958 95.8994030952454 75.080340107282 63.2764995098114 69.959744811058 71.8851238489151 59.2622260252635 61.2804740667343 64.382682243983 63.829650481542 59.0886125961939 60.2255115906397 63.7620041767756 61.7960194746653 62.1904979149501 68.7185823917389 76.0950942834218 80.0867478052775 92.4783051013947 105.708430210749 109.090685844421 111.564695835114 116.461356480916 97.951352596283 98.4183748563131 98.6873706181844 108.155498902003 107.504477103551 67.628487944603 8.48517132302125 0 0 0 0 0 0 0 0 0
167.167703310649 176.32140715917 188.099483648936 184.107542037964 183.265924453735 188.896715641022 197.25239276886 199.806650479635 180.583874384562 143.793086210887 117.263585329056 95.3648289044698 80.3832908471425 68.8823610544205 59.4428926706314 64.427375793457 75.7990181446075 68.146546681722 64.6932621796926 67.7166134119034 68.2792514562607 64.036026597023 61.1275931199392 64.0489012002945 64.4785811503728 63.891664147377 68.1473016738892 77.2725443045298 81.0381869475047 85.8491162459056 98.3184774716695 110.257109006246 112.647076447805 107.422083616257 94.1417117913564 106.993665297826 109.883904457092 114.104241132736 115.209341049194 88.7765685717265 2.84907035529613 0 0 0 0 0 0 0 0 0
129.030674695969 141.078819831212 149.753034114838 155.037611722946 163.092484076818 179.483771324158 193.115592002869 200.212399164836 194.785078366598 161.623617013296 127.494672934214 95.5213308334351 77.741414308548 74.0606288115184 65.6008025010427 59.2876970767975 70.3271081050237 71.7356850703557 65.219908952713 64.8942291736603 65.5467013518016 62.5629474719365 59.2395762602488 61.4285469055176 65.0625675916672 69.0147231022517 68.738117814064 74.2435952027639 79.3373684088389 80.588310956955 89.5994504292806 105.19602894783 110.898633797963 95.1575040817261 97.8298286596934 117.621759573619 121.515244245529 118.753035863241 118.832925955455 114.740600188573 56.7915389935176 0 0 0 0 0 0 0 0 0
92.3879444599152 99.2987354596456 98.9309251308441 109.525978565216 126.539309819539 144.535958766937 159.358153740565 172.597209612528 172.646125157674 148.959259192149 112.63233423233 86.7207249005636 73.0733076731364 70.872242252032 67.7655935287476 61.994324127833 66.5999700625737 67.1667804320653 60.1231356461843 60.7200413942337 64.1094346841176 67.390983303388 66.2034203608831 61.8626475334167 62.0462695757548 64.4206504027049 70.2454149723053 73.4917322794596 78.3653656641642 78.1137943267822 80.9131066004435 95.0941741466522 102.093597253164 97.6789593696594 120.252311229706 129.110852877299 125.921348730723 119.215975205104 124.646524588267 139.019936323166 131.231089433034 67.0055250326792 5.32099977135658 0 0 0 0 0 0 0
80.6859831015269 83.0010821421941 82.6104730367661 84.5581293106079 94.1651662190755 100.922177235285 104.7742664814 110.363413890203 110.007703304291 94.0256317456563 77.5801986455917 73.4874506791433 71.8914965788523 68.6591217915217 66.7705784241358 66.7683184146881 65.5644784371058 65.1377588510513 60.9270284573237 60.2385302384694 64.6697779496511 70.0631688038508 71.5603580077489 67.2518114248912 64.9993618329366 63.4038348992666 72.867085536321 75.1333385705948 78.6080062389374 80.2062600851059 79.2021254698436 86.4204863707225 95.5889721711477 105.828464031219 126.251578330994 128.916035095851 119.006445010503 107.369174559911 111.12912495931 127.767542997996 141.710201899211 130.35328189532 80.4335822661718 14.0385366976261 0 0 0 0 0 0
89.2750223477681 86.8449012438456 87.1034761269887 86.450199286143 82.579364379247 80.7218253612518 79.4003109137217 80.4706911245982 85.417111714681 76.5269050995509 68.9511299133301 70.123960574468 74.0683575471242 74.0751723448436 72.3726997772853 70.0603077809016 64.5051548878352 71.5379416942596 72.35882182916 67.5450414419174 69.6001748243968 70.3705052534739 69.0167248249054 70.9951023260752 73.2103685537974 69.4810698429743 73.6501614252726 77.4765312671661 78.6666870117188 80.3466935952504 81.8380763133367 85.8701864878337 92.7733182907104 110.890964667002 120.008697112401 114.780604839325 104.044884443283 92.6445921262105 90.0080104668935 100.904037555059 130.989243586858 138.914326826731 108.53256781896 49.7652490933736 3.04492687185605 0 0 0 0 0
93.9523279666901 91.0893479983012 94.1439767678579 92.4509962399801 85.4337910811106 82.0759038130442 79.4509798288345 76.2504587570826 76.7207443714142 73.0307499567668 71.0088809331258 70.3007479508718 74.5962311824163 78.3311674992243 77.7407636245092 74.9889065821965 71.6563165187836 77.1456311146418 79.5420408248901 72.9584197203318 70.2208975950877 68.0572291215261 64.7255082925161 66.5313104788462 70.9312260150909 68.995530406634 65.9825305143992 70.888414978981 75.9388307730357 78.9460738499959 79.1087796290715 80.1196992397308 90.8589760462443 112.060725688934 118.91441543897 102.045784393946 92.2297437985738 88.8345837593079 87.6571933428446 97.2905953725179 105.301549037298 108.357131481171 94.2893822987874 58.7256451447805 8.23152003188928 0 0 0 0 0
77.5448481241862 80.3975760936737 89.2028411229451 86.6476496060689 89.4268949826558 92.0512974262238 91.2790894508362 86.471696694692 75.3322591384252 74.0448882182439 77.3515701293945 73.3277251323064 73.7091451883316 78.1563272078832 78.6569267511368 75.6367047627767 76.8224646647771 78.7814607222875 80.140804251035 74.8661110798518 69.0910418828328 65.3181523084641 63.0753537019094 62.701885898908 65.3541733821233 70.1404958963394 66.157137354215 67.9431507984797 72.1684843301773 74.434240659078 73.6837138732274 71.1817642052968 83.2392474015554 97.4590679009755 104.139933983485 93.0516918500264 89.3169442812602 93.9190884431203 96.420556306839 98.1738567352295 92.1810269355774 90.813418229421 86.0568682352702 58.543806274732 16.7237495382627 0 0 0 0 0
