input/barkrak2/radiation/dir07424.grid
NCOLS 85 
NROWS 70 
XLLCORNER 665100 
YLLCORNER 4664600 
CELLSIZE 20 
NODATA_value -9999 
[rows 42 to 62 of 70, columns 0 to 45 of 85]
178.667445977529 174.950798352559 177.701950073242 176.327725251516 168.739378452301 165.234466393789 162.140985329946 157.108277082443 157.286693652471 153.542806704839 151.691854000092 149.351805448532 154.011567433675 157.102564970652 157.025257746379 152.72972981135 148.38770031929 155.138353506724 156.731426715851 150.08666117986 146.848698457082 145.168493191401 141.322871049245 144.402553637822 148.947874704997 144.914448261261 143.091887235641 149.797022342682 156.75155321757 159.797777732213 162.509600321452 162.161370118459 172.027846177419 194.20184691747 202.580014864604 176.018079121908 161.308427651723 159.180750449499 164.808968702952 175.720671812693 185.203830401103 186.743358771006 173.998932043711 142.501930395762 80.6635518868764 24.2768054207166
162.276873985926 165.028393268585 172.984063625336 170.714398225149 172.717849413554 175.119360287984 173.771480719248 167.528629302979 156.409869591395 155.338575442632 157.616565624873 153.179228305817 152.48703956604 155.912399291992 157.318492730459 153.352042039235 155.215164025625 156.792084376017 156.590650478999 151.675323645274 145.234366257985 142.573495705922 141.186823447545 139.818648497264 142.599612474442 146.578252315521 140.800843636195 145.202745993932 150.866210460663 154.681950807571 153.377215067546 151.812573273977 163.342207670212 180.685579776764 179.825564225515 163.995246092478 158.718208471934 168.223182360331 174.946089585622 176.788707574209 170.578678448995 165.390461683273 158.652544021606 131.117622057597 84.9418838818868 26.6074289878209
159.954975048701 164.502779642741 168.119927247365 169.680635134379 171.60572608312 173.351208368937 173.703690369924 168.810625871023 163.632124662399 158.659319082896 159.361968437831 156.554202238719 151.503056287766 149.354159832001 149.939407904943 149.067610502243 145.648976167043 152.510563532511 153.801888227463 152.023792266846 146.890024344126 144.827683766683 145.00438173612 144.716213146845 141.455908616384 150.782982508341 153.773526350657 152.513553698858 152.204384406408 150.941113630931 147.413939237595 145.500739415487 152.075390021006 156.968335310618 157.959411541621 157.290399074554 162.104974190394 176.031529903412 182.159245014191 172.357141971588 170.662085215251 160.625517368317 154.929429292679 134.586890538534 99.3301371733348 52.919864654541
165.720204512278 169.706960519155 167.373736699422 171.493947505951 169.138153394063 169.285158316294 171.144922574361 168.587803840637 169.628123442332 163.215796152751 162.109265724818 161.318163077037 155.119230349859 150.932917992274 148.931324481964 151.973009109497 145.778357982635 148.465712865194 153.630971908569 151.29499634107 149.544020493825 148.679474989573 146.64035042127 148.748238881429 149.301717678706 148.717373609543 155.894786119461 154.264638821284 153.747528791428 152.464687824249 148.970951636632 144.81309056282 147.911409536997 143.000861008962 141.580442587535 141.938736041387 150.942186514537 165.96465309461 167.542219161987 153.643002112707 157.13898340861 150.705099105835 147.804955641429 145.225842793783 128.346105416616 86.8775645891825
164.953410625458 167.16738541921 169.514497121175 172.270238399506 171.315014362335 170.921365420024 173.044900099436 173.943956693014 170.270303885142 167.030374209086 165.623247623444 163.35333387057 159.76357460022 155.323217312495 154.91779645284 157.894323269526 153.550048669179 146.382570266724 154.593209425608 152.952353159587 151.103337605794 151.4772772789 149.645487467448 145.242979129155 155.301014582316 148.416022459666 149.649143218994 152.090966701508 153.567055861155 153.177390495936 151.375293731689 148.740927378337 147.159198919932 145.733177661896 143.40016245842 142.238140106201 145.915925502777 155.240913232168 157.112230857213 155.90567390124 154.353300730387 146.943171819051 151.550024747849 159.339219331741 151.457130908966 117.000718911489
158.614059289296 161.306271950404 167.806367079417 169.377525647481 173.531492551168 173.736174901327 171.531160672506 170.777221520742 170.791884263357 171.127239863078 167.82557964325 162.855724493663 161.554048458735 160.137603680293 155.886630217234 155.807753403982 153.645704189936 143.963098526001 149.180541435877 152.600874503454 148.5276222229 148.377786080043 152.19376484553 143.596778313319 147.256821393967 147.218604882558 143.840293089549 148.116985956828 151.133646567663 152.005066474279 152.932037909826 152.930716673533 146.697580814362 150.21883447965 158.482650915782 160.347938537598 155.953059593836 151.62272254626 157.508711020152 169.14568344752 158.54146083196 149.160285790761 156.712353229523 162.709017594655 156.300991773605 135.534465312958
151.516914367676 155.062774817149 160.637269417445 165.235072374344 171.153565247854 175.33278465271 171.36146624883 169.374207655589 171.533544858297 173.607230186462 170.738657315572 166.524231433868 163.147528966268 162.642608086268 160.111407438914 154.002328713735 152.262816826502 144.241144259771 149.92880821228 154.405613740285 152.869780858358 151.429831981659 152.546266714732 147.469947735469 144.832819700241 150.764683882395 146.623164415359 150.153636932373 156.655520200729 162.014186382294 168.508211771647 168.432474136353 159.221351146698 161.426226298014 168.95467042923 172.882616519928 171.241760253906 164.044012626012 160.230457782745 165.6241218249 155.637135108312 147.473037242889 144.920925299327 143.993556499481 141.966611146927 140.947451194127
150.170266628265 147.522389888763 153.042137622833 161.342253287633 167.670706907908 170.870025952657 174.202919006348 175.403714179993 175.99884668986 171.208798885345 173.816283543905 172.388275464376 168.55400800705 164.580633242925 161.566704511642 156.148572762807 153.178503115972 149.585644404093 152.631014585495 158.030768235525 159.116238355637 157.917847235998 154.017388820648 153.6479194959 151.054511467616 155.374467372894 156.021853288015 156.170397996902 163.118332624435 173.212548096975 181.56099319458 185.487727324168 176.493128140767 173.28953742981 170.556505521139 175.34863948822 178.021113077799 177.604615688324 165.600667397181 153.640478849411 144.407540559769 146.318008502324 144.696265459061 138.994614283244 135.079989830653 139.855196078618
152.223298947016 154.960284630458 156.917204459508 164.635866880417 165.176600217819 166.54838124911 174.089829126994 179.374436537425 178.128918011983 177.38401889801 175.821979840597 174.719075361888 170.967241128286 165.174136559168 163.992166519165 168.090005715688 158.934116363525 155.293275912603 156.207342942556 164.459278186162 165.293961763382 162.284900744756 158.438185850779 157.132575909297 152.008513609568 158.761819203695 162.677824497223 163.675864537557 169.001440207163 175.424575805664 184.762756029765 192.82188018163 186.656177043915 173.835039138794 163.046071926753 164.574801921844 173.096338907878 180.26602268219 169.268290201823 146.97461326917 138.917634884516 148.719807465871 152.209868033727 146.800378958384 140.954067309697 137.423008680344
152.041703462601 162.357201178869 164.929280678431 167.128364245097 166.384041309357 164.534648259481 172.360122203827 178.724507490794 177.440563837687 182.409783204397 179.251074790955 177.550872166952 175.194938977559 168.765624364217 166.219264268875 172.813534736633 166.629552841187 159.824232260386 157.058080037435 160.648902257284 161.39817237854 159.561524788539 157.646497090658 153.562605381012 150.945474704107 153.096328179042 158.08563431104 159.187078475952 159.49339667956 166.942954063416 177.999873956045 189.340690771739 185.293614864349 163.694034020106 129.04026110967 121.230006217957 142.208476861318 165.3786500295 175.251881281535 172.638694445292 167.211850484212 159.289409716924 142.355382442474 138.498405615489 147.850612799327 138.633459806442
155.362496773402 152.940332889557 153.191904226939 156.524469455083 164.522349834442 168.443997701009 168.76216729482 174.861450990041 174.793402353923 178.404271602631 178.326984246572 180.602669715881 179.293036460876 172.60080575943 169.303774833679 168.320616086324 169.440925121307 159.138470888138 153.301179409027 154.234915971756 153.796960910161 155.266632636388 155.961086352666 149.759034315745 151.165783405304 148.185074329376 149.945835272471 149.196306864421 147.239317496618 149.437447388967 153.817653656006 171.026607354482 168.102224667867 140.241007010142 102.875798940659 82.6721042394638 90.8939639727275 121.721863746643 158.432960510254 174.014031887054 175.809025764465 158.830831448237 136.234253644943 132.787634929021 141.803085803986 128.064999977748
161.171406507492 150.285263856252 146.494289239248 152.688006560008 164.822737375895 174.262722333272 172.449072202047 173.511842886607 176.344593365987 175.351281960805 177.397072315216 180.577258268992 181.859056154887 178.67652575175 173.023263613383 170.230011145274 172.084947427114 162.259231011073 157.062292098999 158.338725566864 157.733996709188 154.582689205805 152.78697013855 148.628125588099 148.13357591629 146.575113137563 146.327684322993 146.944542725881 145.727396011353 139.972825845083 130.80562154452 139.245529969533 139.60141936938 119.260847568512 102.850496768951 83.7182799975077 64.0181352694829 71.3214973608653 95.7127908865611 133.24436545372 157.432973384857 146.669735511144 135.434259970983 130.264222621918 122.051854928335 113.671590884527
162.948628266652 155.652383963267 151.866455872854 155.938367048899 166.988472143809 175.211767355601 178.756793340047 174.389223257701 178.122023741404 176.450510819753 179.511288801829 181.788464387258 182.790001233419 183.328787485758 177.266597747803 176.359156767527 176.317473252614 168.474833170573 163.167317708333 164.833545684814 164.941340684891 160.306314627329 157.544086376826 156.863431135813 153.101702531179 152.417043844859 148.488660653432 145.781308412552 141.630997260412 136.278569698334 123.504906892776 128.177980581919 131.337662537893 129.489243030548 128.572821617126 117.207815249761 88.558961947759 71.1571276187897 65.0268991788228 80.5318057537079 117.244293292363 121.941755215327 110.437522331874 95.6119000911713 93.3565497398376 102.286905050278
167.29458173116 164.482057094574 158.7875187397 154.871116081874 162.368933359782 174.652973810832 177.82062292099 175.288279851278 177.045226097107 181.14431699117 186.689615249634 188.088854153951 185.915033022563 185.641010602315 180.929044882456 179.600576559703 181.259592374166 176.536599795024 170.386592547099 167.456726233164 165.278851985931 163.663625717163 164.69818353653 166.595111290614 161.822766065598 159.44430232048 151.119520266851 140.428890784582 134.804666042328 130.120635032654 126.78986787796 133.807877699534 137.697517871857 148.096591234207 155.871093273163 156.244933605194 145.50323287646 126.372834046682 108.341087897619 75.8574654658635 85.8313242594401 106.376846631368 106.079945961634 93.4564173221588 94.6446557839711 113.409996032715
170.668343702952 169.748584429423 166.741013526917 160.952140887578 160.201817750931 171.676357587179 176.572422186534 177.079101403554 175.321499506632 182.962775230408 192.265590031942 191.439906756083 186.370313167572 187.852541605632 188.354035218557 181.3938220342 183.480223019918 178.972164789836 173.888603846232 171.771109104156 170.389711856842 170.317769050598 167.115887006124 165.512531995773 161.133925120036 156.346907218297 133.972217639287 111.050665378571 106.990436712901 113.914360602697 126.565257708232 130.372802416484 136.021316051483 142.486910025279 155.4816365242 170.139710108439 174.843907356262 171.277145544688 172.258814175924 121.352344751358 91.1062657833099 109.45059855779 127.250303824743 130.313634872437 132.042815287908 147.166649500529
170.103351275126 167.088210582733 169.956107934316 168.524503707886 164.309044679006 168.26069355011 177.241603533427 177.909910678864 176.612893740336 182.279010613759 190.345883369446 190.975169340769 185.449719429016 187.299827734629 190.874775250753 180.486778418223 181.547860304515 178.917268911997 177.459935347239 178.254882494609 179.151634375254 177.400310834249 172.303954760234 165.482103824615 164.751668771108 161.225457986196 139.936874310176 114.861389001211 113.654166460037 124.343206485113 135.363320509593 138.128916422526 147.530684868495 157.999644676844 174.767692883809 170.946220556895 167.324344317118 118.434737126033 107.932110627492 123.657097419103 121.940553188324 137.952407201131 141.685754060745 124.310702085495 112.745096286138 127.206653356552
158.200820287069 166.38986269633 168.221731980642 170.277992884318 168.10542345047 165.481229623159 177.665094534556 182.631989320119 180.631260077159 182.868202527364 188.407083352407 189.531862735748 188.578387101491 185.078004995982 186.174511909485 181.757569313049 177.389979362488 179.676194985708 180.514852205912 182.25089708964 183.779358863831 179.751932621002 177.85632610321 171.306212743123 168.81263256073 170.167624950409 163.867731889089 156.087795893351 155.428777138392 157.995909452438 155.150920152664 148.179292678833 161.57078742981 174.671371777852 166.111042102178 154.741605122884 117.745637893677 77.8791656096776 57.1244259675344 90.3845330079397 125.894546508789 149.114747842153 143.100559711456 127.619644006093 117.329438527425 122.474809487661
147.069215774536 163.478056589762 166.509578625361 168.559074401855 170.575896898905 165.52734375 172.289848327637 181.782523790995 191.083610057831 189.7873878479 188.342213630676 187.264561653137 188.394904136658 186.765313148499 186.1519018809 183.241645495097 178.038497765859 179.975152015686 177.994807561239 175.545771916707 177.578647931417 176.910956700643 174.790700276693 173.774679501851 175.581057866414 179.810663064321 189.56333398819 194.125791390737 178.866585095723 175.111413002014 162.751992543538 149.358620246251 156.364281972249 147.085050741831 115.082830190659 77.2646516561508 74.3075509866079 63.2605652014414 47.1606204907099 47.2281227509181 70.7072665294011 111.152390638987 140.68670074145 162.412464618683 179.241220156352 175.449192523956
148.016532262166 159.323692321777 166.323840618134 168.103933334351 168.824116388957 169.784883658091 164.03137644132 175.325115521749 194.872419039408 193.459192911784 187.138239542643 184.668203194936 186.18373076121 188.940227031708 187.587896982829 183.827877044678 180.804709593455 176.784118016561 169.394969940186 162.870327631632 161.518067121506 166.632393995921 166.135410467784 169.690171877543 173.183699448903 181.446671485901 200.275142987569 208.942631880442 190.416991710663 178.509573141734 158.572177092234 136.512408653895 136.539081732432 126.636266708374 99.653035402298 73.0760097503662 75.0054766734441 88.8168712457021 83.0884476502736 65.9935524066289 52.5379578272502 73.4661916891734 119.721442461014 155.205349127452 167.851328849792 163.321067889531
160.479734341303 163.933336734772 166.278223196665 162.411560614904 155.166248480479 153.059264024099 161.624113718669 165.699104468028 175.737341245015 174.94930823644 174.856007099152 180.20490805308 185.468892256419 185.684283574422 181.513528029124 182.926774024963 182.401180267334 175.067543983459 166.448245445887 158.501525719961 156.85894091924 157.952229181925 161.534816026688 163.534979025523 163.41444849968 168.405930201213 181.987484296163 195.163110891978 186.901052792867 171.689709027608 147.56844441096 128.963758548101 120.055109262466 129.972924788793 120.048155387243 94.3620105584462 100.214898586273 141.134123007456 150.612771511078 126.328895489375 87.0951811472575 73.0728805065155 93.9939618110657 114.286522070567 112.989207108816 120.684832334518
174.235105514526 170.691053072611 167.237917582194 159.0948899587 147.359828154246 137.343804041545 152.087817589442 149.773011604945 137.50081260999 141.651411851247 156.315664450328 168.500045935313 172.899723052979 176.832914352417 180.536309878031 190.618952115377 192.308048407237 182.572245597839 172.859787940979 166.669011116028 162.268688281377 160.001009702682 160.246402025223 159.126043319702 159.090012311935 159.785876671473 169.460495313009 168.203473091125 164.115428924561 142.643342415492 144.988854726156 136.388113101323 127.255549033483 141.519198815028 141.448944807053 128.9255519708 124.262442191442 128.624926010768 134.925812482834 134.747634331385 115.361273288727 95.9250628948212 94.0251549084981 89.7013048330943 74.8699506123861 88.0208313465118
