input/barkrak2/radiation/dir09724.grid
NCOLS 85 
NROWS 70 
XLLCORNER 665100 
YLLCORNER 4664600 
CELLSIZE 20 
NODATA_value -9999 
[rows 0 to 19 of 70, columns 0 to 45 of 85]
257.895827293395996 270.890076955159 283.528069655101 297.271509965261 302.692313989003 301.036616166433 293.379565080007 287.201285362244 289.482076962789 290.620863437653 289.715607961019 292.701284090678 293.739000956217 293.893337249756 296.103040377299 290.472507476807 281.869212786357 272.266606489817 266.041358311971 256.530423959096 246.748725573222 255.432645479838 280.044754346212 287.200351556142 288.270473480225 294.511834780375 293.159524599711 279.27694718043 263.952811559041 260.015447934469 256.784081459045 272.27121591568 306.56909942627 305.78209956487 307.557861010234 291.749199231466 298.326075077057 310.563683509827 302.349090576172 307.124555110931 291.66978597641 291.13781452179 301.163514455159 308.549443880717 304.448544979095 303.89932791392
238.365213076274 254.156192143758 267.523169517517 283.173819382985 292.992174625397 294.355114301046 289.336462815603 287.077705065409 294.693191846212 294.414520263672 290.098150571187 291.455487410227 294.131318728129 295.404851436615 295.168975989024 290.290991465251 287.058631579081 279.643177986145 275.029599666595 263.533850510915 259.92073615392 272.011478741964 289.556245009104 292.799592018127 295.842011769613 298.541963100433 292.938828468323 280.897816022237 268.245160579681 261.431078116099 262.266874313354 284.692863623301 305.782576402028 305.643777052561 306.842108567556 294.187029202779 298.859715461731 306.427478790283 301.890949408213 308.276216189067 303.249677022298 294.933438301086 298.089941342672 303.446928660075 303.160568078359 303.812503814697
204.067607720693 215.639849503835 227.801084518433 239.99939362208 252.978841463725 262.140393257141 269.789596398671 279.625058174133 287.536104520162 286.959648132324 283.48175684611 287.517329057058 296.87362909317 300.503790378571 297.730763753255 302.306433518728 304.907321929932 299.774706363678 288.277566432953 278.270343939463 282.454212506612 287.57647673289 291.499396165212 293.066720167796 298.047502835592 297.792692979177 289.829572041829 279.832681020101 271.416405836741 266.60684744517 270.839174588521 295.198976993561 301.717698574066 304.712553819021 304.88109588623 299.651304880778 298.586805661519 299.249549706777 301.774382591248 306.76265557607 303.600589434306 293.055176734924 286.967078844706 292.493343353271 302.18501885732 304.859419663747
185.383677482605 187.098940213521 194.089412689209 201.3032635053 208.633144696554 214.019576708476 221.126079559326 236.08410358429 254.491527875264 268.978536128998 278.550207614899 290.168801943461 299.724857012431 303.16819747289 303.782979647319 306.408127148946 305.792371431987 299.447317918142 289.585530757904 284.818748633067 283.365150292714 281.90666437149 289.857010046641 291.88871383667 292.758584022522 294.371505578359 290.342549482981 283.475915590922 278.60160668691 277.04918384552 275.735795497894 298.953413963318 300.850609938304 303.149918715159 303.186376889547 304.677228132884 303.213318188985 301.706512769063 306.196252504985 305.138230323792 295.943220456441 283.434271812439 279.488245646159 293.937305609385 308.172384897868 302.969892819722
207.137882709503 190.889934698741 178.216298421224 168.542583783468 172.250946362813 188.747763633728 209.581077098846 220.19890944163 230.3559978803 237.690269947052 257.27379322052 277.691841125488 290.095527966817 296.045581499736 299.906929334005 301.872452100118 296.560088793437 287.79407342275 284.882167975108 284.663259983063 280.662695566813 279.100477695465 288.752138614655 290.296336015065 291.334589322408 295.913696289062 292.895833651225 286.478737990061 281.667331854502 278.636733690898 283.752957979838 304.61460351944 303.465723991394 304.845174153646 300.77071984609 301.830887794495 306.093315283457 306.504686673482 303.373535474141 299.492796262105 296.813368797302 290.761371453603 291.343589623769 297.454992930094 301.169176896413 295.844833056132
249.54750140508 222.851077715556 195.5380042394 172.120908896128 162.56445646286 174.118379751841 199.812889099121 216.937025388082 221.097528934479 220.947980880737 231.331785519918 244.329770406087 253.902872403463 260.337352752686 268.349369366964 275.165339310964 274.884581565857 275.509099165599 280.723512172699 285.719235738118 286.010960737864 289.210597674052 292.524298032125 291.561007499695 293.135801951091 296.532034873962 295.065979162852 290.562788645426 284.907599290212 283.054828643799 295.010884602865 306.278705596924 307.114402453105 308.092912038167 302.961409091949 300.375839074453 304.061472415924 303.959170977275 297.762493292491 298.958937327067 298.279662926992 294.132987658183 293.623189131419 295.366028944651 288.164714972178 272.159477074941
270.778775215149 247.864921887716 227.852443854014 206.95694287618 186.031460762024 173.383514086405 180.35360177358 209.587117036184 223.208089669546 231.327513853709 228.435158729553 223.278601964315 219.067513942719 214.666485786438 216.953019301097 232.297082742055 244.272689024607 261.788487434387 277.98064549764 288.309375445048 290.947635968526 291.977922121684 293.648560841878 292.404433091482 293.49809885025 295.353611310323 295.922497908274 294.193208217621 289.868950843811 292.058726151784 300.913453102112 307.819624741872 309.612313906352 308.923204739888 305.389682451884 299.42524433136 299.316982428233 296.201447645823 295.319656531016 294.917047023773 290.528893470764 287.264545758565 290.539681911469 292.913238207499 278.889815012614 269.945561885834
279.123783111572 269.795735677083 258.946140607198 243.787328402201 221.189280351003 191.038111845652 169.880350430806 168.998976548513 203.423798084259 228.905538717906 236.685931682587 232.748846213023 223.968545595805 214.222808678945 201.488931973775 204.418460528056 217.152138551076 233.558416366577 256.418804327647 274.570564428965 284.303307533264 288.67503007253 294.472595055898 292.924563090007 291.685303052266 291.546940803528 292.09953546524 291.322072347005 289.765775203705 295.9077556928 303.082903226217 306.495706240336 306.117951869965 303.680260976156 298.600792884827 295.663952827454 296.524624029795 290.958921114604 283.300121625264 276.009599367778 278.296689192454 286.771098772685 298.951109250387 303.207397460938 289.381861686707 284.93877251943
271.819949150085 272.268017133077 268.346051375071 260.597745577494 247.437675793966 225.497881571452 195.248941580454 166.524350643158 179.53626314799 202.8688788414 223.026831944784 232.689261436462 234.612663586934 231.94948832194 220.190127690633 212.749222914378 209.393501281738 214.032828807831 228.528539339701 245.858033498128 261.281768480937 273.082931836446 281.120578447978 278.587917486827 280.171672503154 281.001885732015 281.917035579681 282.50789642334 283.387978871663 291.27311706543 296.225746472677 296.044230461121 294.936120510101 294.956088066101 293.521344661713 293.928245703379 293.145775794983 288.187384605408 277.050813039144 275.67466100057 290.075778961182 301.672875881195 306.584775447845 306.373655796051 293.207069238027 287.239332993825
243.068099021912 252.703547477722 257.654031117757 257.691661516825 254.768749078115 250.736673672994 234.536707401276 215.912818908691 184.847891330719 174.320578575134 188.378353913625 213.981171449025 235.531846682231 245.996455351512 247.344295183818 238.94214630127 223.35942586263 218.130707740784 217.403411865234 220.847646395365 229.723552862803 237.027525901794 246.366202831268 253.775358200073 262.041091918945 264.928936958313 266.276796658834 266.905585924784 268.742243448893 275.118410587311 276.502331097921 277.254939079285 283.284823099772 287.465731302897 289.097090562185 288.57151667277 287.125945091248 288.508633772532 277.396678924561 283.225059509277 300.838907559713 307.289242744446 308.071931203206 305.622359116872 291.807333628337 286.076068878174
190.113027890523 204.347491264343 217.384934425354 228.214422861735 237.953265508016 245.836039384206 247.428297996521 241.981466611226 214.343388875326 188.408851623535 174.00731643041 181.184907754262 209.19140179952 235.017279783885 249.800244967143 240.081429481506 232.355773448944 224.73402818044 216.57532453537 211.143692334493 211.474378903707 211.824357509613 215.820173422496 228.956500689189 241.755346457163 249.70680475235 251.534581184387 251.824498176575 257.513086001078 262.572209040324 265.486816565196 268.983801205953 277.944763501485 281.01638952891 280.779163042704 280.455966790517 283.898611863454 287.864585717519 285.853505134583 293.771902720133 303.533554077148 307.411889235179 307.541569073995 304.372409979502 296.962062517802 295.39813597997
146.919190883636 152.464042107264 161.426782608032 174.42262172699 190.919061501821 207.987387975057 226.83197259903 233.253995577494 234.059850374858 220.093746980031 193.441788355509 173.020005226135 175.001422564189 198.956688245138 226.407587528229 230.108638604482 236.699144045512 233.347733815511 223.416527112325 212.029695510864 205.377777417501 202.823003133138 203.006029129028 212.305466334025 220.916966597239 227.148393789927 230.238974094391 234.669943650564 241.617679595947 246.436814467112 251.115759213765 256.585558255513 262.142697970072 265.258053938548 265.533844629924 267.301082611084 276.680111885071 286.236484845479 289.265791575114 297.012646993001 301.717718442281 303.745945294698 302.343090375264 299.221555391947 294.978578885396 293.885986010234
132.755279541016 127.508113781611 124.311149120331 125.042458375295 134.62903102239 152.704268693924 178.434550762177 200.966358184814 230.583449204763 235.768258571625 224.007407824198 199.463148911794 170.827249685923 167.663852373759 191.79356098175 219.525774319967 235.66997051239 238.514840602875 233.511646588643 223.602871100108 214.602013429006 213.959038257599 213.464121023814 214.344878991445 214.985887209574 214.474221070608 218.495825926463 227.534512678782 231.300354003906 232.724845409393 237.961212793986 243.516087532043 245.208879311879 246.391991774241 249.289552370707 254.452923933665 265.932500362396 277.284840742747 279.065867265065 286.538978417714 291.246255238851 292.179942131042 291.275382041931 291.169226169586 286.730984846751 286.583522955577
113.619426886241 94.6214000384013 79.2312622070312 71.8442052602768 67.166397968928 71.7307478189468 93.2584702968597 131.243209044139 175.524989763896 214.305202166239 233.787973721822 233.329852422078 213.213860988617 185.991783936818 183.086216449738 209.500988324483 226.989547411601 240.619937578837 247.10084994634 242.90668964386 231.262346108754 228.041966756185 224.611143271128 224.230726559957 224.18224811554 221.780399481455 225.042541821798 233.347833156586 233.23667049408 226.674715677897 232.106725374858 237.563371658325 239.201903343201 238.8716340065 242.791414260864 250.031232833862 256.209254264832 261.821468671163 264.475305875142 266.523698965708 271.311978499095 276.673098405202 281.768361727397 286.48853302002 281.934142112732 284.591952959696
114.40963546435 79.993079106013 52.0315816005071 42.5488849480947 39.6174440781275 45.2285359303157 56.4529796441396 83.9569667975108 110.702832539876 161.811272303263 217.262367407481 251.22328599294 255.525887012482 235.007961591085 208.511789639791 203.914602597555 209.511001904806 224.80579217275 243.099967638652 252.141873041789 249.914387861888 243.485470612844 240.830699602763 237.00871070226 233.239114284515 231.900930404663 233.531872431437 235.885183016459 231.492559115092 226.489047209422 229.780634244283 234.797497590383 234.86723502477 234.099169572194 238.152821858724 242.125928401947 243.8805103302 242.093543211619 246.593038241069 247.30916817983 253.155688444773 260.85110505422 265.770713488261 269.550204277039 269.773542881012 272.905985514323
104.493290185928 77.2566248973211 45.7893510659536 22.2989494601885 35.6261258323987 59.2270543177923 68.7548865874608 80.6073198715846 98.549614350001 124.696433544159 160.932590564092 201.160689194997 241.573055585225 253.980974356333 242.86949634552 211.274027824402 199.929753939311 201.819598674774 219.79562441508 245.736499627431 257.368683815002 252.346873283386 253.178159395854 246.723055839539 239.643295605977 240.355789661407 242.546161015828 238.741755485535 233.7965965271 235.953609148661 236.162722110748 235.523025194804 231.944183508555 230.283300081889 231.153766314189 230.484505494436 227.527340253194 223.378360271454 226.648012797038 228.886286417643 232.933481534322 238.900303840637 242.059886455536 243.946472803752 254.335184892019 259.916007518768
89.5772675673167 78.1929641962051 51.5459875265757 15.5477958420912 20.5378929773966 53.090771039327 68.4471925099691 86.4748855431875 102.304359277089 115.308890740077 135.164608558019 170.535802841187 198.361039161682 222.59247303009 229.140202204386 232.349733511607 228.180567423503 216.285745302836 205.32484849294 217.633704344432 242.505013942719 256.138523419698 259.276191393534 254.634300867716 247.266491254171 248.142162958781 252.016186714172 247.974197069804 245.511670907338 250.397245089213 248.58566125234 236.770987510681 230.574190616608 226.313968499502 221.498310565948 220.388134320577 214.991867542267 213.592290878296 214.501162370046 218.178629875183 220.024923483531 223.183353741964 226.370731989543 228.415211041768 245.59485912323 254.66118256251
81.7723671595256 82.446351647377 69.5070127646128 28.9836426575979 26.8987690409025 56.0895850261052 76.8434057633082 95.9118207295736 112.894823153814 121.289213498433 131.463368733724 151.587774356206 178.087214628855 196.730176607768 218.269427617391 233.436306317647 237.877209981283 229.979952176412 215.864578882853 203.381101290385 216.291785240173 244.330545266469 253.072321414948 254.649122556051 255.187392234802 259.315530459086 263.045052687327 261.805911858877 258.752524852753 260.169446468353 254.013657569885 242.480715115865 233.802219231923 225.851356983185 219.385107358297 216.445505619049 213.015774885813 212.925692399343 213.152547677358 215.423425038656 217.20286210378 219.019651412964 219.338297843933 222.342212994893 234.544118245443 248.107552528381
86.6021513938904 94.6465830008189 94.7878460089366 60.2669964234034 48.1619189182917 74.1018752257029 91.8394029140472 109.847019116084 127.469599246979 142.758131027222 152.146498362223 156.686415274938 170.245448748271 179.615000883738 194.390992323558 217.591802279154 224.725087483724 233.113706111908 235.044121742249 222.482840220133 205.962936083476 219.233314196269 232.027967770894 245.980143547058 258.882979551951 265.920996665955 268.213629722595 269.752979278564 264.474093914032 261.946578820546 254.249691963196 247.225920359294 237.802465756734 228.307604789734 223.288317521413 217.792232831319 216.401318709056 213.174084822337 212.604900201162 215.250372886658 219.385961691538 221.287707487742 219.971557458242 222.504258155823 224.52716032664 237.898270289103
93.2805240154266 96.3451365629832 107.958535353343 100.406765937805 86.3738059997559 92.9707090059916 95.9493517875671 109.055171410243 122.966796159744 138.019025325775 153.066456317902 152.317235867182 155.782401561737 161.471317211787 174.225767453512 190.993289152781 205.848832925161 216.701984405518 225.652515888214 231.137037277222 228.094140688578 216.158747673035 215.36111831665 228.573977947235 240.770856539408 256.392916043599 263.263960679372 269.028564294179 262.339611848195 260.918895403544 254.914283752441 246.890266736348 238.060096899668 230.8482726415 226.448357105255 220.755378405253 216.739435990651 207.920432090759 205.815096696218 213.838795820872 220.57314713796 222.914417584737 224.852820237478 223.874231179555 219.819605350494 230.38653532664
