input/barkrak2/radiation/dir04924.grid
NCOLS 85 
NROWS 70 
XLLCORNER 665100 
YLLCORNER 4664600 
CELLSIZE 20 
NODATA_value -9999 
[rows 0 to 20 of 70, columns 0 to 48 of 85]
135.250707467397007 152.537633975347 170.21389802297 190.789182980855 202.070891857147 204.159160455068 201.668699582418 197.859088579814 196.560561656952 200.188159942627 200.363039970398 198.497335116069 194.663107395172 195.478578408559 196.363806724548 181.637704372406 167.953928311666 156.696667273839 155.333201090495 150.977710882823 152.975211540858 171.370486418406 197.475214799245 203.687389691671 207.363486289978 220.769008000692 219.636599222819 204.831838607788 192.329585552216 192.187190055847 187.575062115987 210.53425470988 255.419691403707 251.471181710561 250.679492950439 238.529145717621 242.850402990977 256.670852502187 252.702136834462 253.84912888209 243.22913090388 250.077923138936 257.418612639109 251.223206520081 239.593664805094 244.716266791026 248.37996562322 217.553317546844 150.04234512647
110.367447137833 126.243015130361 143.263121445974 165.407766898473 181.278785069784 190.813660621643 195.014695326487 200.035532315572 206.862012545268 206.79901043574 204.354425271352 200.054883956909 195.892612139384 196.330308914185 196.321090062459 183.321992556254 175.111373265584 165.567189455032 161.680887142817 155.782540639242 166.125138600667 191.34000937144 211.911420027415 214.197476704915 217.68319606781 223.766386508942 220.42723496755 209.135075410207 197.218477725983 194.270114103953 195.0390736262 224.907914797465 256.597816944122 252.496441205343 249.309897422791 240.186810493469 245.89463075002 256.625334421794 249.838908513387 250.753839810689 246.850689252218 247.654517491659 244.266827901204 235.721627871195 231.156607468923 243.392248948415 240.158756573995 202.089269955953 161.12619638443
73.5598156849543 83.5912128289541 96.3451067606608 109.515676895777 123.603324095408 137.267033259074 153.654873371124 174.739380677541 189.731359481812 192.795296510061 195.761422316233 200.381477673848 205.22407690684 207.88304011027 208.92055829366 210.390488306681 207.895894845327 196.435074011485 179.277936617533 169.833540916443 181.501011053721 200.215041637421 211.560249328613 214.402318000793 218.843658765157 219.545861085256 215.076824029287 207.650860150655 201.955397923787 203.625877698263 214.259445667267 240.811367829641 257.123748461405 255.439221858978 249.736527601878 245.396256446838 252.084692319234 256.473223368327 252.913514773051 248.054285844167 241.867303848267 232.051094373067 218.621075153351 213.299214839935 221.940338611603 239.269276460012 227.768301963806 192.394554615021 179.472108681997
56.8420737981796 57.4778864781062 64.3771787484487 69.1536019245784 77.0296653111776 86.092750231425 96.8972643216451 115.377912918727 137.466271718343 157.935440540314 176.169315973918 194.059252738953 205.597221851349 209.738671779633 213.7158314387 220.644513765971 217.575709025065 206.288059552511 187.744339307149 179.961721102397 180.735031763713 181.675871213277 193.959256013234 203.742225964864 205.126027266184 206.713000933329 208.986381689707 207.617938518524 208.564639091492 213.786979516347 220.568815867106 246.519943078359 254.615187644958 253.712097803752 249.459544817607 250.418583552043 253.28799088796 254.152019818624 246.749758720398 235.09273926417 227.642317612966 215.656876564026 212.222695350647 225.431481997172 238.852441310883 233.105619748433 213.538487752279 188.550313313802 189.760863780975
77.5465468565623 61.5653743346532 50.5228141943614 41.8367733558019 43.3286974827449 58.627113699913 83.1386148929596 95.0822333494822 105.428944031398 114.609986543655 140.022655328115 167.142808437347 183.443864186605 192.002097765605 198.028981685638 203.072607517242 200.16094048818 193.392296632131 185.931106408437 181.643883387248 176.897426446279 174.664437770844 185.117840766907 194.573998451233 198.827624320984 205.152332782745 206.694225470225 208.029647668203 209.389229615529 209.293723106384 217.093845208486 245.40921052297 249.215126037598 249.922374884288 247.532765070597 246.308128039042 244.60901816686 242.17677116394 231.487572193146 221.424082914988 220.150073369344 218.569457530975 224.894364674886 235.880414644877 238.038579622904 214.73507086436 184.641460577647 177.377144495646 184.016426404317
120.315273602804 92.9353634516398 66.6602154572805 44.7194079558055 37.2630804777145 46.0657974084218 68.3280229568481 91.3577775160472 96.1009462674459 94.5805907249451 104.642450809479 120.317985614141 131.960769494375 138.072520494461 148.769726355871 160.643657048543 165.933589140574 174.302140871684 182.313541571299 186.515132586161 187.120954195658 187.851826349894 185.721079508464 188.416679700216 194.48455174764 200.568298498789 204.150140285492 207.507650057475 209.395865599314 213.307837645213 227.453072865804 240.865727265676 236.007173856099 234.624743461609 234.75980758667 236.365516980489 238.706608613332 233.683228492737 222.734451293945 223.079125086466 221.757531166077 219.679017861684 221.882462501526 225.545724232992 217.819333076477 183.568378289541 155.584226051966 165.028909842173 185.0279768308
129.493623971939 115.958362817764 100.224236647288 78.4354706605275 57.1173280477524 45.4346239566803 50.8090158303579 77.1436045567195 96.7046618461609 104.57452138265 101.418157418569 97.0337192217509 93.842218319575 89.8770987987518 91.7084415753682 107.351322968801 123.131285111109 147.429943084717 169.979612032572 184.358239173889 192.57390499115 196.901758511861 192.254881064097 188.331027825673 191.795905431112 193.871319293976 198.54994614919 203.633586565653 207.196732362111 214.013914267222 225.886603196462 234.728713830312 224.567790826162 220.304946104685 220.223446687063 219.835261503855 219.671567281087 215.960303942362 214.199105898539 208.809097607931 202.825387318929 201.970458030701 209.391474723816 217.546284198761 209.9596063296 199.80784257253 210.793455441793 219.940861066182 233.078718185425
126.723786195119 125.827471415202 122.909814119339 107.82112677892 88.8096292813619 58.9711169401805 38.153275847435 36.1080318689346 60.8859558900197 94.8515733083089 110.687881708145 106.967806816101 98.476231098175 87.7669056256612 75.0087896982829 78.1564811865489 91.6039347648621 109.537829955419 135.250111420949 158.694535493851 174.681385358175 187.725325425466 194.299141565959 189.118325710297 187.440474828084 185.446818669637 187.052428722382 190.674404303233 195.079962412516 205.000658830007 215.2099609375 217.760662237803 209.186991055806 203.531126181285 201.010862986247 200.733542442322 207.772850990295 205.357988675435 200.167854626973 183.324833710988 181.918382644653 191.719889640808 210.478723049164 223.999361197154 223.750869433085 226.514359315236 234.822511672974 237.091839313507 244.386851787567
103.632817665736 119.674195845922 114.596347014109 111.472656329473 102.69703467687 85.872878630956 57.8571458657583 32.9396029313405 43.9931005239487 59.4265957673391 79.1796296834946 90.5587375164032 93.8825905323029 92.2844310601552 88.0280534426371 80.2404334147771 77.5833825270335 77.2721221049627 89.9555683135986 104.443768660227 125.712792078654 144.573420286179 161.811172962189 161.558757225672 170.653561751048 169.802149136861 170.005043347677 173.084358374278 178.045590718587 186.735351880391 192.396859327952 193.142890930176 189.328054587046 187.903900941213 189.446528752645 191.726644833883 194.602052370707 197.437087694804 195.337295532227 188.613812128703 196.578641732534 213.411490122477 223.627905050913 226.387361685435 220.29588619868 216.21843179067 219.222982724508 230.166693528493 239.040911197662
81.2920729319255 80.205758412679 83.414226770401 93.5333768526713 98.3572999636332 96.0667729377747 79.9463589986165 63.1913095712662 40.7537346084913 32.1045691768328 37.5161642829577 56.6864510377248 73.9460090796153 83.8670134544373 92.4376050631205 86.4664614200592 77.7495155731837 74.9082465966543 76.2768089771271 80.5998543898265 87.6196523507436 96.0234800974528 110.810418923696 122.002998987834 136.476576328278 140.588442484538 142.326653003693 145.498782396317 151.102224985758 158.852517604828 161.166399717331 163.850069046021 169.869204362233 173.942943414052 179.44327990214 182.852764924367 182.375947634379 187.785307566325 192.689001560211 201.569279034932 214.052895704905 220.126072565715 222.182194391886 223.422249158223 219.056983788808 216.678182284037 227.464973926544 237.06058661143 237.550338109334
45.7258621851603 44.0972944100698 51.364541053772 49.8495797316233 62.4815771977107 74.1611868143082 75.0509003798167 71.7454055945079 50.527349114418 36.5699330965678 30.4861515760422 33.1560149788857 50.9945303201675 69.9134965737661 87.0475073655446 82.0004443327586 78.8991699616114 76.0524024566015 71.3924417893092 69.6074962615967 71.9365179538727 71.7749297618866 76.7283191283544 94.3425198396047 108.937084674835 120.194305976232 122.977475325267 126.522123813629 135.294040044149 142.589221398036 146.719167629878 150.227516889572 159.974177678426 162.978440523148 164.536952972412 167.899429798126 173.948347568512 179.51492468516 189.179062843323 206.557790438334 217.949489752452 219.263434410095 218.218326568604 216.126223405202 214.638590812683 219.012161095937 232.860525449117 234.909335772196 234.053750832876
20.7604840397835 17.7181760470072 17.5096889336904 20.1572875181834 21.731935441494 26.9622355699539 40.3189460436503 44.5402065912882 47.7650066216787 45.2700754006704 37.2293591499329 30.0644412636757 35.0275387366613 46.7123240232468 62.7519190311432 70.4599718252818 77.2346506516139 80.3361584742864 74.918399254481 68.1161880493164 64.2341872056325 64.8410022258759 66.1346266667048 73.5852320988973 83.3668212095896 94.7308341662089 100.164075692495 106.291155020396 114.305436611176 120.255092779795 127.080351114273 131.664047638575 137.777189413706 141.513208548228 144.958953062693 148.594001928965 160.116940736771 172.946254412333 179.191072781881 197.078625361125 204.280018806458 203.876376152039 202.314595381419 198.998788992564 201.109846433004 201.171855131785 206.845164299011 215.755661328634 225.311279296875
14.1439562042554 8.66008487840494 5.24830942352613 2.09724856540561 0.274144113063812 0.43753565599521 5.62875593701998 22.5522766510646 40.9697964787483 54.1934470335642 52.3530344168345 45.0104971726735 31.4279372493426 30.3906078139941 43.6100711425145 61.927542090416 76.6004472970963 81.439271569252 81.1747560898463 75.4875739415487 71.2918440500895 73.5417207082113 74.3554333845774 74.473316470782 76.2843688329061 77.8348694245021 86.0491196314494 97.3228812217712 102.196762959162 104.575822750727 110.66331466039 115.554362535477 117.059985796611 120.459089676539 124.859710534414 129.347542921702 141.764720280965 155.54275115331 160.898447036743 172.389666239421 180.536905924479 181.056300799052 180.903653303782 182.539900143941 184.161861737569 187.364876270294 188.64651521047 193.136354287465 198.3229915301
14.6934812267621 1.98745789627234 0 0 0 0 0 2.66346211234728 22.0821971694628 37.9951670765877 51.7257352670034 60.2255364259084 53.3372710148493 42.438139518102 41.4175937573115 57.2793483734131 70.8619604508082 83.0101420482 92.3934876918793 90.7510221004486 84.5209161440531 84.9617520968119 82.5181007385254 83.3125412464142 83.5773050785065 84.2447479565938 86.7187082767487 97.318023443222 104.079216718674 98.5633432865143 104.09688949585 108.23999842008 109.889467557271 110.744376977285 115.470230579376 123.287846644719 128.973573446274 134.253054857254 140.389660994212 143.680284420649 150.727729002635 157.375276088715 165.410200754801 172.29704062144 171.266436576843 178.810318311056 179.759283860525 176.676273345947 175.290524959564
20.1663350065549 4.57832279304663 0 0 0 0 0 0.329225673340261 7.4829359849294 25.829258064429 53.0716826518377 76.9961376984914 78.7596454222997 67.3037121693293 56.5993388493856 56.3230117162069 59.9851359923681 72.2296535968781 89.0561838944753 98.6868143081665 100.504179795583 97.1878170967102 96.2785681088765 94.0259496370951 92.5925175348918 92.6948289076487 90.7372534275055 94.8850214481354 97.4770088990529 96.3162879149119 100.300540526708 105.026642481486 105.546683073044 105.735351641973 109.882692495982 113.09892932574 114.328841368357 113.926440477371 120.705763498942 122.209409872691 127.532780170441 135.440796613693 142.077843348185 149.164656798045 154.217670361201 159.172674020131 170.49245039622 176.021675268809 171.469291051229
20.8074289063613 7.08847989638646 0.0323830511964237 0 0 0 0 1.88471438984076 4.21871679524581 19.2430913448334 38.5135809580485 64.340204000473 79.5588244994481 85.3879352410634 76.372042298317 59.7130209207535 54.6611845493317 56.8350851535797 71.6239462296168 92.9506123065948 105.678766965866 103.475123643875 107.478559017181 101.814309755961 98.3476638793945 100.955744584401 98.401536544164 95.6703821818034 95.7089364528656 99.1867979367574 95.0855215390523 100.429117679596 103.440185387929 101.775199174881 101.802110671997 101.764380931854 99.511722723643 94.7053730487823 99.3991096814473 102.120806773504 106.492400169373 112.40033308665 116.285443305969 118.809590737025 133.674810330073 140.457441409429 154.979566733042 166.132787863413 166.363616784414
17.1148950854937 9.60952353974183 0.503948191180825 0 0 0 0.115913474777093 3.2640943924586 10.7947799066703 15.7116241753101 26.0722065965335 48.1951733430227 74.7382342815399 86.1852367719014 89.4613067309062 84.8809878031413 79.089696208636 68.5647825400035 62.8910511732101 71.5419153372447 93.0870374043783 106.812099615733 113.830904165904 110.169957081477 107.022096713384 106.180111567179 106.596191724141 105.537583430608 102.889279524485 102.087100346883 101.502060890198 92.5660828749339 87.4306162198385 92.2311345736186 88.3099536101023 93.0440823237101 88.0801479021708 86.0963960488637 87.693452835083 91.845562060674 92.6618377367655 95.8414276440938 99.3742148081462 102.305829524994 121.725072463353 130.856941143672 139.394541581472 146.947592496872 154.055198033651
13.532068580389 10.9017118811607 3.80232371389866 0 0 0 2.19499195615451 7.02081248164177 16.9107615947723 20.3718940416972 25.1594086488088 39.9617080887159 62.6960098743439 77.1974623203278 91.3773576418559 101.644535859426 99.6381441752116 91.9489761193593 77.2163867950439 65.2737269798915 74.6250698963801 97.7462728818258 106.598397095998 111.003518104553 114.989916483561 115.813334782918 116.274456183116 116.360892852147 109.735151131948 111.128906408946 99.4900663693746 87.5368714332581 85.870107014974 75.6734212239583 73.5956430435181 77.798734108607 80.7977269093196 85.4458808898926 86.1091315746307 88.7431899706523 89.9030566215515 91.519296169281 92.2538638114929 95.068355401357 105.519026517868 121.807128190994 130.20067413648 130.651493867238 134.530385335286
14.7034662465254 17.6476476093133 15.5841546754042 0 0 3.23774293065071 6.75161058704058 14.5543292164803 24.5897024869919 33.5328529278437 40.9412533044815 43.2965904474258 55.3849985202154 62.8881206115087 77.9149283965429 92.0530060927073 98.331759373347 99.6092061201731 99.8703241348267 85.599293311437 70.3295171260834 83.2964032888412 92.4198031425476 103.844940662384 115.649898846944 121.213416258494 121.228237946828 126.324266195297 117.611030737559 109.385271867116 94.6609278519948 91.2777880827586 76.4167159795761 65.0206059217453 62.8835906585058 61.0316594441732 66.6298617919286 64.2453034718831 71.2491969267527 74.9889363845189 79.5404116312663 82.4500173330307 83.3544929822286 85.8656863371531 86.7524743080139 100.382427374522 106.841117143631 111.045449972153 115.024447441101
15.6911338369052 15.5548366407553 17.6165873805682 9.9720520277818 1.58700036505858 7.96743979056676 8.60283647974332 11.3161727786064 24.0063319603602 33.8211779793104 41.1326413353284 42.2985553741455 43.8489367564519 48.3718812465668 59.5497190952301 75.8543908596039 84.280788898468 93.0107633272807 100.98393758138 99.1753339767456 92.8547481695811 82.4926694234212 84.1211477915446 95.6354439258575 106.72918955485 115.380714337031 119.44247285525 121.809770663579 110.889355341593 112.519055604935 99.8757878939311 86.4490767319997 68.0272181828817 59.1504275798798 49.1729428370794 47.183761994044 46.1841473976771 39.8640086253484 50.5297084649404 58.5412979125977 65.442701180776 67.6653484503428 74.0749438603719 78.3291657765706 78.1237185001373 88.2693727811178 89.7597968578339 94.0270225207011 104.172358910243
20.215816795826 13.268547753493 9.69848533471425 16.6189298033714 11.3026723265648 9.74385937054952 8.74758884310722 11.9545782605807 22.1266051133474 29.0083562334379 34.4590817888578 35.0380813082059 34.9141036470731 38.1792336702347 45.359546939532 59.7929308811824 70.6388652324677 80.5752376715342 90.8619264761607 102.390984694163 110.493699709574 100.574831167857 99.8291671276093 103.395720322927 105.108757813772 106.705119212468 104.846636454264 114.803194999695 112.148096164068 97.7357029914856 83.4606985251109 76.4475663503011 54.7579228878021 39.4795487324397 30.96571067969 23.3664562304815 22.244947652022 22.4027335643768 31.9302578767141 39.977657298247 42.7087595065435 49.4802594184875 58.8364899158478 59.8665624856949 68.8320398330688 75.4131625096003 79.0955324967702 85.4868292808533 90.2212957541148
