input/barkrak2/radiation/dir05324.grid
NCOLS 85 
NROWS 70 
XLLCORNER 665100 
YLLCORNER 4664600 
CELLSIZE 20 
NODATA_value -9999 
[rows 44 to 65 of 70, columns 0 to 47 of 85]
111.341287692388 116.999318202337 120.533883571625 121.162980794907 122.565766175588 125.442465146383 125.160117944082 121.273597081502 115.514606237411 110.914101203283 112.140387296677 108.648777008057 104.369958241781 103.582084178925 102.756579717 102.377990881602 98.0689624945323 105.077683925629 106.380293766658 103.308320045471 98.5230306784312 97.819318373998 96.7213908831279 96.8760748704274 93.9411520957947 102.960874636968 105.978300174077 103.195309638977 103.125095367432 102.225085099538 98.1415410836538 96.9534913698832 103.81801923116 110.299507776896 117.618401845296 118.034263451894 122.828006744385 134.055664141973 138.315260410309 129.127333561579 126.375178496043 120.525697867076 114.652713139852 92.9966767628988 56.7062199115753 14.5119093358517 0 0
117.805699507395 123.053212960561 119.692772626877 123.668988545736 121.689170598984 121.879369020462 123.156865437826 121.088773012161 121.627390384674 116.732786099116 114.929000536601 114.377796649933 108.777304490407 103.371183077494 102.856367826462 106.392641862233 99.638044834137 102.840960025787 107.610275348028 105.621933937073 102.340092261632 101.567834615707 100.041220585505 100.745717684428 101.59158706665 101.214051246643 108.036061127981 106.51566584905 105.976571639379 105.027625958125 99.8257199923197 96.3098307450612 100.887795289357 99.1193453470866 100.26894013087 101.879566907883 111.077189445496 125.624040762583 126.956115166346 112.805207570394 116.327305634816 109.203239281972 107.262452443441 104.299247264862 85.381825764974 46.2683091561 7.12636609872182 0
117.830256621043 119.328588247299 122.581978638967 124.550362428029 124.491592248281 123.670478661855 125.873078902562 127.370417118073 122.985005378723 121.448189020157 119.499295949936 117.882609367371 113.243152697881 110.308756430944 109.178334474564 112.585365772247 110.453307628632 104.039112726847 109.986126422882 108.451237281164 105.119953552882 105.616221825282 104.431688785553 100.982040166855 107.436954975128 102.3195485274 103.48242521286 104.40797607104 105.805347363154 105.747103691101 104.486167430878 101.058979829152 99.433312813441 99.739283323288 101.979454358419 102.025379737218 105.067441860835 113.77873023351 116.766750812531 112.394471963247 112.301359574 105.306923389435 111.164073149363 119.353115558624 110.588053862254 75.0911086797714 32.8604678312937 1.88374022642771
111.645559469859 113.987843195597 120.453973611196 122.094263633092 125.670701265335 127.305378516515 125.108351310094 124.582717816035 124.064366022746 126.5855828921 122.649957736333 118.158400058746 115.906496842702 115.228732426961 113.277991612752 111.764550209045 110.207458337148 101.431469122569 106.432725985845 107.943415641785 105.387995640437 104.333380858103 108.410477638245 99.5070238908132 103.102227052053 102.780520915985 97.7758467197418 101.919035116831 104.972342650096 105.76989253362 106.015841166178 105.125705401103 100.095212459564 102.623889843623 114.757190148036 120.761295159658 115.320225556691 110.047539075216 114.416400591532 125.816990931829 116.171230872472 107.031941413879 115.428139766057 122.99253543218 115.921715895335 93.9033925533295 53.5422762235006 17.2945335507393
103.687544663747 107.37270116806 113.754451274872 117.478291193644 124.13282195727 128.220061461131 124.472419420878 121.955911318461 126.057227452596 128.584146499634 126.033127307892 121.095438798269 118.739157915115 118.990848461787 115.536073843638 110.749920209249 109.624604384104 102.834820747375 106.905619303385 110.989918311437 109.755138556163 109.10298426946 110.817323128382 106.779446204503 104.228943586349 107.50671227773 102.125952641169 105.723867813746 112.079789241155 117.120166619619 120.958695809046 121.300299962362 111.861755450567 112.934509913127 121.812999248505 129.84757622083 132.225523392359 119.792650143305 117.462346951167 124.875356753667 113.814055919647 105.502277612686 102.911214033763 103.020638227463 100.976198911667 99.883496761322 88.7101391951243 34.0346843004227
102.862566709518 100.325345993042 105.258295933406 113.926152388255 120.244006315867 124.095062414805 126.813034216563 129.045128822327 130.227853854497 126.030832529068 127.794653177261 127.971549828847 123.628298441569 120.231091976166 118.803858757019 113.727827866872 111.570616563161 107.878714799881 111.39507095019 116.218487421672 116.390883922577 115.851849317551 112.450480461121 114.715109268824 109.815428654353 112.202654282252 113.122244675954 114.040036996206 120.895822842916 130.678902069728 139.384130636851 140.108525753021 131.326595942179 123.709181944529 122.467339038849 131.4790447553 137.394934892654 134.946882724762 123.281220595042 112.600187460581 103.444635868073 103.948255379995 102.262804905574 97.2008407115936 93.7782526016235 98.5331137975057 93.4285124142965 45.9889670213064
103.370686372121 106.853653987249 110.561529795329 117.501000563304 118.498782316844 118.829667568207 127.693096796672 132.827738920848 132.827351490657 131.783982117971 130.994031826655 130.380978186925 125.818610191345 121.54092391332 121.136605739594 124.343603849411 116.862217585246 115.454097588857 116.994639237722 122.634629408518 122.359732786814 119.690318902334 116.477717955907 116.014242172241 110.697170098623 115.916828314463 121.832370758057 121.56609694163 125.131040811539 135.966698328654 143.620888392131 151.64057413737 140.555202960968 130.542894204458 116.593529780706 117.036322752635 130.049606164296 141.016513109207 128.211438655853 106.230984131495 97.9273021221161 105.62398036321 109.343767166138 105.042904615402 99.8875498771667 96.357782681783 80.6100368499756 52.8342773516973
103.844126065572 115.428696076075 118.029336134593 119.977563619614 118.297189474106 117.539058128993 125.953664382299 131.711880366007 131.048887968063 135.835359493891 133.644551038742 132.410744825999 130.08376955986 124.517937501272 123.561312754949 130.383650461833 122.772286335627 118.526041507721 116.150865952174 118.893096844355 120.585381984711 117.947578430176 117.052763700485 113.4339372317 111.212323109309 112.340579430262 117.469837268194 117.20010638237 118.184268474579 127.782195806503 138.861080010732 146.497219800949 142.99284418424 118.804355462392 85.9815975030263 79.1604270537694 97.9499717553457 120.284010966619 136.380513509115 131.14054997762 126.539766788483 116.921861966451 99.7039675712585 97.20645348231 105.569740136464 98.283847173055 76.9215673208237 64.2609000205994
107.131709655126 105.565120776494 104.503134886424 107.906232277552 115.389714638392 120.831767717997 120.959520339966 127.870659033457 127.796183029811 132.47416416804 133.295168479284 134.943465391795 134.195705254873 129.189252853394 126.207172870636 124.86457824707 126.59627199173 118.676086266836 113.026191790899 111.279884974162 110.833138227463 111.846635739009 113.179971774419 108.658800522486 109.430293242137 106.6721479098 108.608553806941 108.667234579722 107.584416866302 110.15655597051 118.084251880646 128.943701585134 125.168800354004 99.2999374866486 64.9564365545909 46.5850631395976 47.5815385580063 76.4493445555369 112.417717774709 132.374594608943 135.812759399414 116.44725004832 95.4812169075012 91.2742416063945 99.3453860282898 89.6284381548564 73.2480188210805 81.3502619663874
111.374100049337 100.457578897476 97.4368254343669 103.07036836942 116.015464067459 124.950627485911 124.314844608307 125.513007243474 128.453880548477 128.231475750605 130.54159283638 134.424149990082 136.050363381704 133.825143178304 128.109922011693 125.290155410767 128.716727097829 120.503356059392 115.606794754664 116.423696279526 116.242617368698 113.842477401098 111.025909582774 107.433905204137 106.349805990855 106.28945628802 105.01617193222 104.393859704336 103.399554888407 98.2896486918132 91.7433897654216 97.5901285807292 98.4364052613576 81.4699629942576 66.1995907624563 45.7038134336472 27.0428856213888 26.5031357606252 43.336679538091 91.7958915233612 116.565356651942 106.28554224968 95.4478780428569 89.2791251341502 82.1418116490046 77.1852036317189 70.6496884425481 91.783215602239
112.129300832748 105.566571156184 102.583984533946 107.441067695618 118.46524477005 126.859972874324 129.727900028229 125.923742850622 130.370080471039 128.088414669037 132.382233937581 133.92365972201 135.19228498141 137.168010075887 131.658176581065 132.014473279317 132.219036420186 125.875174999237 120.289941628774 121.770441532135 121.795833110809 117.407600084941 115.061511596044 115.369121233622 112.212469180425 110.382378101349 108.654667933782 104.55858707428 98.9314119021098 92.1937127908071 83.234891295433 87.1835350990295 91.3479427496592 91.8133854866028 90.1675820350647 77.7607063452403 49.8897035916646 33.7007095416387 28.6615590254466 35.5918357769648 76.0605881611506 83.9291612307231 59.3041876951853 49.8523265123367 49.3128597736359 57.539572318395 74.6931234995524 84.3190550804138
115.872969230016 114.133735497793 109.182824691137 106.663088003794 113.355507453283 126.171479622523 128.108302752177 126.263837019602 127.707054217656 132.672866185506 138.928045829137 139.333466688792 138.006707032522 138.177265723546 134.478986263275 133.624811967214 134.905954202016 132.380445798238 126.942227284114 123.674134413401 121.326953172684 120.313664277395 121.030807495117 123.676319917043 120.507299900055 116.935064395269 108.980506658554 99.603792031606 91.1285678545634 86.8847370147705 86.3234003384908 92.9337938626607 97.21772869428 108.82580280304 115.756193796794 115.385601917903 98.6181298891703 79.534649848938 65.804456671079 39.3895159165064 49.4993577400843 69.880540172259 70.0942128896713 57.6897462209066 58.0211381117503 76.0553975900014 102.289865414302 98.5425611337026
118.939340114594 118.199676275253 116.329580545425 111.581931511561 111.904044946035 122.853726148605 126.246094703674 126.633644104004 125.76691309611 134.764462709427 143.309811751048 142.275333404541 137.812743584315 139.928897221883 139.318257570267 133.452574412028 135.751962661743 131.992201010386 127.29541460673 125.067184368769 124.95094537735 125.819543997447 123.346348603566 121.920386950175 119.393388430278 113.08354139328 84.4986041386922 64.9094581604004 63.0656033754349 72.1348424752553 83.5365851720174 89.3461108207703 95.2981313069661 102.658708890279 116.975665092468 125.890036424001 127.97071536382 122.874766588211 106.895039478938 79.7333419322968 53.9364963769913 71.9689279794693 89.2281730969747 90.489665667216 90.9655292828878 106.783012549082 136.038810014725 124.319116274516
117.799361546834 115.600059429804 119.196176528931 119.659284750621 115.871965885162 118.944724400838 126.617898543676 127.86141037941 126.948644717534 134.265710910161 142.22585161527 140.975743532181 135.682851076126 138.416429360708 142.217685778936 131.80269797643 132.363309462865 130.222936471303 127.784887949626 128.70858112971 129.868566989899 128.767271836599 125.180939833323 117.27453271548 117.925961812337 116.085320711136 93.9697424570719 70.2928155660629 70.5840885639191 81.0462335745494 93.4140880902608 95.4057772954305 107.111473878225 118.746817111969 125.519623359044 135.386784871419 132.801433404287 79.4150332609812 66.2511239449183 79.4980525970459 82.0087889830271 96.902738014857 102.036337057749 84.7854018211365 55.743878086408 86.0016942024231 112.765351931254 107.286870479584
104.966501394908 113.943099975586 117.175161838531 119.894564151764 119.015872478485 115.627159674962 127.356886863708 131.581872701645 130.906522274017 134.942104419072 138.632774353027 138.93852631251 138.08528582255 135.297040144602 136.71733935674 131.729066371918 127.726584672928 130.673547585805 132.123192151388 134.072224299113 134.63298479716 129.434357086817 126.288751761119 121.35836482048 119.260430335999 120.747198661168 117.198884487152 109.927713871002 111.593961715698 114.993353684743 112.690130869548 105.545818805695 121.788163979848 130.259156227112 125.848968823751 96.5765118598938 85.4704479376475 44.7240173816681 30.605802933375 45.1918343702952 83.2422027985255 107.39744702975 105.278482039769 89.7081096967061 76.8710126479467 80.6118746598562 97.4908868471781 102.305402358373
94.0772294998169 110.778192679087 115.090698003769 117.852598428726 120.776762564977 116.501927375793 121.997684240341 131.17927312851 142.024646202723 142.481863498688 138.694107532501 136.766622463862 138.256231943766 136.495143175125 136.265973250071 133.430163065592 128.806203603745 129.560669263204 127.907564242681 124.428153038025 126.545170942942 124.886840581894 124.307850996653 122.234721978505 121.318509181341 126.63596868515 137.543419996897 144.870807727178 134.002288182577 130.131483078003 114.925444126129 105.677405993144 116.142898797989 106.641749540965 59.9419176578522 48.2547829548518 46.1453298727671 36.3772039612134 22.1232225497564 17.3381405572097 20.0161511699359 71.0157702366511 102.363447348277 123.397787412008 137.826253970464 132.640322049459 125.89838107427 123.812168836594
96.0108836491903 106.86515768369 115.207523107529 117.867648601532 119.19903755188 119.737833738327 114.017317692439 125.118643045425 147.577106952667 146.328955888748 138.016720612844 134.217003981272 136.301338672638 139.794617891312 138.141850630442 134.420841932297 132.331679264704 129.147042830785 121.001482009888 113.401979207993 112.769434849421 115.807821353277 115.735441446304 118.248651425044 121.818254391352 127.528925736745 143.626828988393 154.714405536652 135.657926400503 124.811470508575 111.561626195908 95.6302682558696 95.2998002370199 88.5000427563985 65.2517179648082 40.7759472727776 42.3774619897207 54.9447288115819 46.5652843316396 29.6467791001002 18.0381412307421 29.9025997519493 79.7643661499023 111.834526062012 123.285075028737 123.22794397672 115.622778733571 116.416662931442
109.170079231262 112.479011217753 115.404188632965 111.425946156184 104.631712039312 100.747803846995 109.808584054311 115.940968195597 126.281221707662 124.50701991717 123.37671717008 128.645916779836 135.423978169759 136.6967856884 131.949265797933 134.154558181763 133.865435918172 126.404235760371 117.722620566686 110.700309276581 109.014044205348 110.407133897146 113.390872875849 116.382052501043 114.119301239649 119.20099457105 131.354729334513 140.818357467651 134.526381889979 120.981911818186 105.175216992696 87.5165462493896 79.0644784768422 92.2573308149974 85.2563281853994 61.2186839183172 64.7233873605728 99.9414324760437 103.064745664597 80.784410238266 46.8280514081319 36.0672548413277 55.6519379218419 74.4873583316803 64.373105764389 79.3596804141998 84.5859249432882 89.7872149944305
122.460901737213 118.649462858836 114.718774954478 106.769422690074 94.8859254519145 86.6002837816874 100.080937147141 99.089115858078 86.6526961326599 87.6643657684326 102.843155463537 115.632126728694 121.336797873179 126.029858986537 129.85489765803 141.059746344884 143.476943174998 133.664975563685 123.898605505625 119.050890207291 114.855994780858 113.608221213023 115.007231632868 112.124939759572 112.645367781321 117.307484149933 119.058012962341 123.813033103943 123.026827971141 100.152482589086 103.004435698191 95.1113104820251 85.9554906686147 103.112836678823 107.020795345306 93.5872991879781 85.0342313448588 86.7997606595357 91.7328894138336 89.9576445420583 72.0280557870865 55.3092906872431 55.3877751032511 45.286903778712 36.1589541037877 41.5258929133415 64.0219102303187 68.2928164800008
125.821073849996 118.262976408005 113.03049325943 108.811338742574 100.459466377894 92.2674834728241 86.6765777269999 80.0996472438176 59.8993351062139 69.877768556277 94.010333220164 107.943097750346 108.455320199331 117.364386717478 132.361839214961 149.616022904714 155.847370624542 147.733549276988 138.084232807159 132.563968499502 126.354893048604 123.647660017014 122.574369112651 117.78595050176 113.429129123688 113.323519627253 108.817289272944 107.385009527206 108.580023050308 90.8852616945903 91.2493169307709 91.977188984553 86.7894291877747 107.684125502904 125.647187232971 129.051735003789 103.330075740814 64.8051500320435 46.5122063954671 67.3018445571264 69.2204535007477 71.9564606746038 68.5493648052216 62.1167371670405 47.9994714260101 43.6828980843226 56.7985872427622 68.8509444395701
128.834416468938 122.714678446452 121.250460545222 122.586707274119 118.814746538798 111.196577548981 104.992767175039 106.234649817149 104.235748449961 108.763366937637 119.252373774846 127.508103847504 127.895911534627 121.428728103638 132.875055074692 150.917162497838 162.555505832036 162.073532740275 153.218299150467 141.950229803721 134.877363840739 129.503061374029 127.178549766541 127.582579851151 119.25478776296 110.785355170568 102.794667085012 99.2124676704407 99.4345943133036 94.5862332979838 80.6434055169423 78.6669005950292 70.7647899786631 95.0967967510223 135.308881600698 142.809470494588 108.789473772049 70.8777109781901 43.1443999210993 37.5822186470032 49.6841967105865 55.2911361058553 72.685033082962 79.7218630711238 83.3790997664134 67.7256733179092 66.5958027044932 88.8547996679942
129.800031582514 126.631955305735 126.923461755117 128.848880529404 128.17790110906 123.455385367076 122.649590174357 132.538974285126 150.676270325979 145.152618487676 135.981579621633 139.287898937861 145.625432332357 130.409608284632 131.065209706624 141.410827636719 151.878943045934 158.492942651113 158.293982346853 150.839298963547 143.319288889567 135.339945554733 129.440665245056 127.836942672729 120.467821756999 107.546031475067 92.1745995680491 89.1724228858948 91.4215346177419 83.311453461647 47.9256808757782 44.5921967426936 36.9241312146187 61.4816347757975 134.389857451121 143.668552239736 122.826983531316 113.21492989858 77.484185496966 30.149740477403 20.7834939161936 18.2865435878436 58.0555448929469 86.3798260688782 96.7878997325897 85.2486789226532 83.9330156644185 116.789489984512
