input/barkrak2/radiation/dir02424.grid
NCOLS 85 
NROWS 70 
XLLCORNER 665100 
YLLCORNER 4664600 
CELLSIZE 20 
NODATA_value -9999 
[rows 23 to 45 of 70, columns 0 to 50 of 85]
77.4943282206853 66.7490164438884 34.0548604726791 16.4435282349586 11.442473779122 15.9882691999276 16.7042377094428 5.84721813599269 4.25693051268657 3.84344719350338 8.00900099178155 14.4823516408602 16.7832796772321 23.1695622205734 19.3965298434099 19.8219592372576 25.8961915969849 34.6291388074557 40.5003502964973 33.7898656725883 33.058263361454 37.036195397377 48.6345241467158 58.6729347705841 65.9470061461131 65.2846992015839 59.0982735157013 50.6542772054672 33.4245885411898 14.6228944261869 10.5507696668307 3.82172937194506 0 0 0 0 0 0 0 0 0 0 0 0.952573105071982 1.8286161745588 1.06884228686492 1.20981433428824 3.73990585406621 5.29261926809947 8.8040865957737 8.8493824005127
77.1348724762599 72.9968945185343 50.7362981637319 21.3295196493467 5.25668263435364 15.3753831982613 12.2283411522706 14.318307240804 6.35396937529246 4.42198601861795 3.83090662459532 13.0422785878181 15.0770967205366 20.0202129781246 19.6114952365557 19.3110033869743 23.8243589798609 33.1454972426097 40.0903547803561 32.5085471073786 31.3858141501745 28.4870117902756 36.1898019909859 43.4954812129339 49.0299115578334 49.5656778415044 47.2124765316645 42.4480140209198 20.5592488249143 9.82710346579552 5.51870775719484 3.91326347986857 0 0 0 0 0 0 0 0 0 0 0 0.937395185853044 0 0 0 0 0 0 0
64.0865961710612 68.4883197148641 61.2924049297969 30.9840887784958 5.88274250427882 15.8443972468376 22.503986954689 30.2216162284215 30.5570438504219 24.5898316303889 19.8962390422821 21.8954707185427 21.3941136995951 26.2790843844414 26.8951555093129 21.6628313064575 23.246501882871 32.8186005353928 38.8997470339139 41.4088641603788 42.1460022528966 37.8977507352829 34.9869877099991 35.7591509819031 38.5293612877528 40.3135493397713 37.0026975870132 37.323867281278 22.3835781216621 18.018689006567 14.9865957597891 18.7239075700442 13.1416457394759 0 0 0 0 0 0 0 0 0 0 0 0 0 0 0 0 0 0.993015244603157
62.75508304437 67.8589244683584 65.5520061651866 40.3103282054265 17.0263250668844 28.2434100906054 40.469432870547 50.1296718915304 57.5191378593445 51.0677844285965 34.3830188115438 36.7505699396133 33.9709917704264 37.9005347688993 36.9182874759038 27.7908891439438 25.6882905960083 34.7248961528142 42.9407507181168 52.20960577329 52.6940872271856 50.0001857678095 42.4577295780182 37.6189549763997 38.0247831344604 39.9968748291334 36.1047635475794 43.354590733846 41.0199761390686 39.5463431874911 44.1699077685674 61.1985623836517 69.386879603068 48.6888488133748 0 0 0 0 0 0 0 0 2.32628112037977 0 0 0 0 0 0 0 0
64.1874174276988 63.1472766399384 63.2383128007253 46.301543712616 42.0150806506475 48.2403288284938 62.7879699071248 66.1353766918182 69.3215628465017 57.6494783163071 46.6148008902868 40.0566260019938 40.2003675699234 38.5630478461583 40.8305724461873 37.5631799300512 32.2999656200409 38.4581635395686 50.4119545221329 55.6333065032959 52.5579303503036 45.1655437548955 42.8606569766998 43.7311083078384 44.3162620067596 44.8817710081736 42.5739934047063 52.8284857670466 69.4314489761988 73.9421745141347 78.075980146726 84.9003791809082 95.2648321787516 101.620813210805 57.9210122426351 0 0 0 0 0 0 0.894552329555154 1.75085694839557 0 0 0 0 0 0 0 0
67.1796252330144 56.6427210966746 57.1866532166799 49.0829845269521 61.2840602795283 62.3407264550527 65.1813844839732 62.9642059405645 56.2302718559901 45.7816372315089 40.4916678865751 35.6865177551905 35.4862610499064 40.6113117933273 42.8053587675095 45.7437634468079 40.2667770783106 36.5599865714709 47.7284491062164 49.5498677094777 46.7160840829213 40.8563936750094 40.5512203772863 46.4926461378733 48.8680899143219 46.0329552491506 46.7745761076609 53.0583262443542 76.0724445184072 89.4527633984884 97.030907869339 101.432263851166 108.768671751022 111.232320467631 100.224862496058 31.3927655418714 0 0 0 0 0 0 0 0 0 0 0 0 0 0 0
68.2962636152903 51.6572693983714 51.8463253974915 54.0761450926463 61.988557378451 61.8672122557958 51.9072065750758 39.4401301940282 24.330161511898 19.8837419350942 22.8047221899033 26.5243152777354 33.2196205854416 42.2014147043228 45.1724529266357 49.8517056306203 46.8698441982269 34.8254094521205 38.0154525240262 40.6163185834885 39.7576168179512 39.8524552583694 40.4833629727364 46.2521811326345 52.2751460472743 49.1995016733805 51.2668043375015 53.4975677728653 69.7711010773977 92.0478602250417 105.896055698395 111.42161488533 112.638175487518 114.437560240428 121.963997681936 102.156569560369 25.2319226662318 0 0 0 0 0 0 0 0 0 0 0 0 0 0
67.2216316064199 67.839374144872 87.1168971061707 116.651634375254 93.2134787241618 67.3529158035914 42.4477209647497 13.1967278818289 7.68745938936869 18.0598398049672 14.7034091254075 6.3296090811491 32.3534036676089 42.4606452385584 49.7736632823944 54.4094443321228 52.07126835982 39.6121690670649 39.0390679240227 42.7546600500743 39.9115631977717 43.5406863689423 45.1956242322922 47.4850187699 54.0475795666377 58.0439865589142 56.8175365527471 59.1815859079361 71.5963691473007 95.4223573207855 113.590101401011 118.39900414149 113.976945479711 121.219416459401 131.725112597148 134.819159905116 107.900708913803 50.0880082448324 3.15604793528716 0 0 0 0 0 0 0 0 0 0 0 0
78.9702634016673 110.762218634288 157.393962144852 178.464293479919 156.087577342987 105.207959810893 61.9974881410599 35.1437057058016 29.4192781051 33.7039306759834 26.1740883191427 22.3098794619242 33.3922853072484 40.686123073101 52.4560362100601 57.2613775730133 53.6947151025136 47.7342655261358 42.2292153040568 43.5123046239217 43.1359459956487 45.7988480726878 48.1621374686559 48.92298579216 53.7595053513845 65.5227055152257 65.5258595943451 71.7430114746094 80.9976359208425 97.3119139671326 111.46624883016 121.140956878662 123.002250989278 128.758500019709 134.165207544963 134.705414374669 127.430945634842 105.487644672394 47.8648394346237 1.63717304045955 0 0 0 0 0 0 0 0 0 0 0
136.618693669637 172.344366709391 197.054664293925 199.569344520569 195.888221263885 170.145193735758 128.029445807139 91.6898051897685 69.9944645166397 59.9467903375626 56.4579963684082 46.5927670399348 34.2319880922635 39.2373278737068 52.2190481424332 58.1873257954915 51.8511682748795 53.5570979118347 43.1474645932515 41.5513043602308 45.5712427695592 46.9156553347906 47.6888914903005 48.4681228796641 52.8330852588018 65.6973918279012 72.2210158904393 79.4798781474431 88.3367260297139 96.4354674021403 106.544971466064 116.635650396347 121.563295523326 118.468145529429 119.726667801539 113.067209720612 114.505757888158 100.80361366272 55.941050251325 4.68111100296179 0.0017746882197874 0.0377676090768849 0 0 0 0 0 0 0 0 0
189.165790875753 206.74604177475 210.415999094645 209.585110346476 210.750619570414 206.727107365926 183.306634426117 141.759345928828 107.217391331991 85.1805806159973 85.6143534183502 75.1568377017975 52.3336430390676 44.6465164422989 49.9052455027898 53.224523862203 48.0831563472748 48.4751413265864 42.086919148763 43.5287455717723 41.9535537560781 43.2499349117279 42.8467790285746 43.2845751444499 49.6235241492589 59.642548362414 70.3566322724025 75.2573808034261 84.3575199445089 96.2902903556824 105.447798967361 108.615964651108 102.055380741755 91.5562113126119 94.4102207819621 80.218568444252 81.0732593139013 66.5321995814641 33.1479410330454 1.93842081353068 5.48180378973484 3.62758338451385 0 0 0 0 0 0 0 0 0
203.723033269246 212.090373039246 211.532890796661 212.346951166789 212.003628412882 210.90567111969 202.84229516983 171.657621860504 124.437103668849 97.0827043056488 97.4855621655782 90.1190042495728 76.1073331038157 57.897279659907 50.9897768497467 51.9591669241587 45.6590255101522 41.7659878730774 41.7073269685109 45.2296535174052 41.0468131303787 40.9529755512873 42.2068387269974 43.5904761155446 47.6203511158625 53.7162919839223 63.8499359289805 64.8221472899119 73.7887918949127 89.9063547452291 98.976602156957 97.6064999898275 92.6498373349508 87.3431364695231 79.3995608886083 67.082554101944 71.053812901179 68.2871590058009 48.967386285464 15.7720446586609 14.3075610200564 4.21123020350933 0 0 0 0 0 0 0 0 0
197.91442155838 201.212346553802 198.15593957901 198.906501134237 199.282606442769 193.201045195262 187.94842561086 169.768830140432 130.872110525767 107.783257961273 105.121930440267 99.3646482626597 89.3543660640717 64.8573935031891 53.8550168275833 56.6323349873225 49.4423011938731 41.1968703071276 44.8822130759557 46.0935284694036 44.2796846230825 41.513887544473 44.5439467827479 48.5543310642242 47.273188829422 52.2067447503408 56.7866961161296 57.5854182243347 65.092071890831 81.9944242636363 91.8232798576355 90.7912949721019 93.7132338682811 95.4587757587433 79.0940920511882 73.1277316808701 77.045202255249 83.5970838864644 78.3182382583618 39.3413652976354 10.5667859315872 0 0 0 0 0 0 0 0 0 0
172.542850176493 175.581733385722 178.111652533213 175.358970959981 173.857967058818 171.937108039856 176.529030005137 173.88391494751 144.381662209829 118.101100126902 105.602413415909 92.1244124571482 82.2502126296361 62.4574224154154 50.8574595053991 55.9946099917094 57.6643894116084 46.0711816946665 48.1912344694138 51.8959512313207 51.5614499648412 47.2746094067891 48.2059816519419 51.4303942521413 48.860048254331 49.1742640733719 55.2138090133667 61.3270550966263 65.1173889636993 77.8010686238607 89.3380244572957 92.762013276418 94.5412317911784 98.5870659351349 82.8677415847778 83.1632067759832 82.4983020623525 90.6000733375549 90.703417857488 50.7360398769379 0 0 0 0 0 0 0 0 0 0 0
147.801528374354 157.752225796382 169.654726982117 166.727423667908 164.804836114248 171.53932650884 180.545787016551 183.73958269755 166.771292686462 133.318692445755 107.386569182078 82.2532673676809 66.4758086204529 55.7649433612823 46.9996084769567 51.3067195812861 62.1418456236521 54.2405297358831 51.3184567292531 54.2849500974019 54.7833244005839 50.883412361145 49.0391949812571 50.7915516694387 52.1365801493327 51.6040126482646 54.6501974264781 62.4431570370992 66.8931007385254 70.5648561318715 83.447406689326 93.8032468159993 95.2773193518321 89.8378491401672 79.1868219772975 91.2625392278035 93.7386651833852 97.8332261244456 97.6113776365916 72.454238931338 0 0 0 0 0 0 0 0 0 0 0
110.607445240021 122.293422619502 130.775352319082 136.589149634043 144.621560970942 160.997688770294 176.108539104462 184.072275956472 180.415431658427 149.797409772873 115.376174449921 82.435076435407 63.1962766249975 59.6072822809219 51.8242220083872 45.9736237923304 56.9039384524027 58.3383540312449 51.7186969518661 51.5244901180267 52.2219638029734 49.4377116362254 47.1698939800262 48.3854015668233 51.7567247152328 55.5385152498881 55.2422404289246 60.4363232851028 65.316766500473 66.6122486193975 74.1204520066579 90.1232461134593 93.8211480776469 80.0417562325795 81.3914438088735 101.089278856913 104.737897713979 101.254830757777 102.278053760529 97.6123511791229 42.5001283486684 0 0 0 0 0 0 0 0 0 0
75.3607451915741 82.0280611515045 81.6731204589208 91.8841361999512 108.247925837835 126.530945301056 142.382144927979 154.676725467046 155.57869275411 132.703165213267 96.7358350753784 72.1568663914998 58.9473346869151 57.1557382742564 53.5119672616323 48.3503093322118 52.9038707415263 53.3001323541005 47.4777271350225 47.6029018561045 50.7561812798182 53.8374483585358 52.8158793846766 49.5052188634872 48.0892459551493 51.2513071298599 57.4626823266347 59.7860117753347 64.4320597251256 64.3026332060496 67.0019090175629 78.2837718725204 86.5212082862854 82.8441778818766 99.4780560334523 107.355455557505 108.946482340495 102.621893088023 106.560299793879 118.991196155548 110.420326391856 50.1408825318019 0.69434056058526 0 0 0 0 0 0 0 0
64.2075786987941 66.3578112920125 66.0892774661382 68.0109262466431 77.1500964959462 83.225538333257 87.95365691185 93.5483376185099 94.42338347435 78.3662299315135 62.4100168546041 58.4680885076523 57.0972462495168 54.6849071979523 53.1293749809265 53.6230752865473 52.2997081279755 51.7299175262451 47.32879002889 47.1381843090057 52.1325021982193 56.5686523914337 57.7992101510366 54.5037885506948 51.6459743181864 49.4406471649806 58.3008031050364 62.2669756412506 64.6898696819941 65.242812037468 65.4051452875137 72.1616894006729 80.3056806325912 90.2042090892792 107.60173201561 107.295205195745 99.0426441033681 91.3701852162679 94.0286715825399 110.045770804087 121.718327204386 112.630705038706 61.7850869894028 6.1953483770291 0 0 0 0 0 0 0
72.4031378825506 70.0617730617523 70.3075478474299 69.7922209898631 66.1666591962179 64.3743872642517 62.8363291422526 64.2143090565999 69.5571502049764 61.2937162319819 53.9253105719884 55.3046762943268 58.4845244884491 59.1884652773539 57.8153183062871 55.8242996533712 51.1046946048737 57.816336552302 59.0171466271083 54.927205046018 57.1442147095998 56.8458288908005 56.1640709638596 58.1527302662532 60.3570838769277 55.0705095132192 60.0186735391617 62.6253286997477 65.6692087650299 66.4553741614024 67.9586033026377 71.6621577739716 77.5048633416494 94.7121779123942 103.143215179443 97.3041256268819 86.4251255989075 77.6793311039607 74.5020310084025 84.4432314236959 112.191220124563 117.557396491369 93.3462580045064 37.5094960133235 0.28650255020087 0 0 0 0 0 0
77.0404189825058 74.2619931697845 77.0341704289118 75.4824976126353 68.7612940867742 65.3914908568064 63.1799350182215 60.2908035119375 60.7535789410273 57.5759460528692 55.849144856135 55.9808711210887 59.6833775440852 63.2430066665014 62.8775805234909 60.2667778730392 57.1817755699158 62.6258701086044 65.0394558906555 59.0790212154388 56.6603094339371 54.4071346521378 51.1496762434641 53.059587876002 58.151255051295 55.4194748401642 51.7762998739878 57.2537183761597 61.2093657255173 65.0140345096588 65.3634568055471 65.3175711631775 76.4303306738536 94.2504505316416 100.605428218842 86.4818692207336 75.9225537379583 73.0621665716171 72.7335611979167 80.7634045680364 89.0628894170125 91.9960935910543 77.9069115718206 46.6231803099314 0.508965187085172 0 0 0 0 0 0
61.2515310446421 63.9285147190094 72.7642079194387 70.1120942831039 72.5702544053396 75.0838220119476 74.062834183375 69.5206224918365 59.3974093596141 57.8744411468506 61.4193578561147 58.2746764024099 58.9211285114288 63.1307711203893 63.580185174942 60.8967940012614 62.2792541980743 64.2582426468531 65.3821130593618 59.8132908344269 55.2410831054052 52.2819658120473 50.1281023025513 49.4034985701243 52.8151839971542 57.1471701065699 51.859716574351 53.6639789740245 57.7156692743301 59.8735958337784 60.0132048130035 57.7152669429779 67.4305061499278 81.7006727059682 88.2571438948313 78.3420900503794 74.4766692320506 77.6472489039103 80.8660089969635 81.5560569365819 76.7002354065577 76.2419402599335 70.2096919218699 45.808603366216 5.09351678192616 0 0 0 0 0 0
59.6534311771393 65.5737320582072 68.5445715983709 69.4061269362767 71.1710701386134 73.5830167929332 74.0397522846858 70.1027015844981 65.4221673806508 61.5996470053991 63.1639957427979 61.2548987070719 58.2560151815414 57.1731775999069 56.442067027092 57.3374927043915 54.4206450382868 60.8204156160355 62.5193764766057 60.3787948687871 56.1621934175491 54.054910937945 53.5828073819478 54.6642591555913 52.2240350643794 61.2562596797943 64.2242779334386 60.7647895812988 59.6828957398733 58.0438872178396 53.7948906421661 52.7243167161942 58.1849316755931 63.2913559675217 69.3304787079493 71.9312926133474 76.1301020781199 82.5268675883611 85.1225654284159 78.4085194269816 76.5622158845266 71.7114309469859 68.7610805034637 49.8648037513097 19.7985743482908 0 0 0 0 0 0
66.0076985756556 70.8160102367401 67.8847630818685 71.2679475545883 69.8774506648382 69.9272255102793 71.4585681756337 70.2128807703654 71.4122702678045 66.8016026417414 65.7465408245723 65.4768347740173 60.9366496404012 56.7404180765152 56.2675148248672 59.9711934725443 55.7366907596588 59.2171649138133 62.4775588512421 61.1047744750977 58.2172373930613 58.1556757291158 56.8791876236598 59.0039640665054 59.6140722433726 60.4819903771083 67.1021143595378 64.3395036458969 61.6501768430074 60.0195278724035 55.8626254399618 53.0445079008738 56.3518404960632 54.7521809736888 55.823157231013 59.025913476944 66.0997380812963 76.1457532644272 76.1476357777913 65.7914876937866 67.505270242691 62.9713634649912 62.8688583771388 59.6438149611155 42.1728293100993 12.0291771988074 0 0 0 0 0
