input/barkrak2/radiation/dir00424.grid
NCOLS 85 
NROWS 70 
XLLCORNER 665100 
YLLCORNER 4664600 
CELLSIZE 20 
NODATA_value -9999 
[rows 0 to 22 of 70, columns 0 to 51 of 85]
46.009212732315099 58.0225884914398 66.9170767068863 84.8107536633809 87.9326065381368 95.1559742291768 95.0255592664083 102.464338143667 108.50844780604 122.158298889796 122.935185829798 119.158307711283 114.835659662882 115.519920984904 113.929947217305 101.380576690038 89.8167490959167 79.7032763560613 79.5106093088786 80.1220585902532 88.5565578937531 104.124585787455 120.620826880137 123.078594605128 124.576995770137 132.353534301122 131.175229946772 125.214835007985 125.01472234726 126.628776391347 124.063899119695 144.764870405197 173.906902472178 168.948551019033 165.77535867691 160.542090733846 165.877560774485 171.076873938243 165.587723255157 167.554974555969 164.770811796188 174.448291460673 180.465300877889 170.774141947428 163.467248280843 174.710174401601 180.049379666646 136.707127094269 92.9473837216695 89.0781978766124 109.65758562088 149.326374133428
29.6317885319392 40.2088686823845 49.1774529218674 55.3462455670039 63.5825097560883 75.7105598847071 80.3958872954051 88.1913900375366 94.2489902178446 99.5520949363708 107.135822375615 120.600839455922 117.110460996628 115.55935939153 117.245962222417 103.727479775747 96.1062014102936 86.9079232215881 84.5339198907216 83.1188360850016 94.8303441206614 117.283095916112 130.677849054337 131.968885660172 132.660488287608 136.915395657221 134.274482727051 128.083825111389 124.388515949249 128.097395102183 131.101469198863 152.837971846263 173.294325669607 169.064164161682 164.320786794027 162.703384955724 168.0575410525 172.040224075317 164.468079805374 164.926946163177 163.988222678502 167.371471722921 163.522978623708 154.882192611694 152.600397666295 163.23118408521 167.621314525604 128.429472446442 100.290795167287 109.565953413645 136.730015277863 169.152577718099
10.9518977502982 12.8943584859371 20.8976020415624 25.8047183354696 29.62310363849 36.8024831016858 47.8984465201696 62.6241862773895 71.2993294000626 79.3497314055761 84.6836765607198 95.1352516810099 94.9527323246002 100.423117478689 107.101559638977 124.976297219594 115.62368273735 103.189567724864 89.8046990235647 83.9075843493144 97.0149238904317 112.508654594421 125.439514716466 130.535711844762 132.129947344462 133.490135272344 130.184163649877 127.083202203115 125.715126593908 131.132076183955 142.961611350377 162.691384553909 173.213303089142 167.738060156504 163.683921098709 163.509368896484 170.307993888855 172.205249468486 166.409413019816 162.322660287221 158.985614776611 152.748048305511 142.815887928009 135.367890199025 138.620724280675 154.12829319636 151.338845491409 122.099389632543 115.873525540034 136.395394802094 159.882326920827 179.084360599518
4.25326979408662 4.13070060312748 6.80483567217986 7.46107039352258 7.28563343485196 12.9324657221635 18.780954182148 27.8602441151937 40.300818781058 50.2703040838242 63.0107571681341 76.0496854782104 82.1114232142766 83.4370255470276 89.8491342862447 99.7539460659027 98.5484719276428 89.3515745798747 81.2910397847493 76.6200472911199 79.0741592645645 83.2549085219701 97.5907842318217 110.581507285436 114.928384621938 116.65466427803 118.116448322932 124.323656161626 127.917806307475 132.002174854279 137.559394041697 153.102775414785 157.94038772583 163.969099521637 163.897613684336 163.99759054184 166.198313236237 164.196044206619 157.834231853485 148.713688055674 144.928137461344 139.74862297376 138.474682966868 147.202650705973 151.998807986577 144.385655721029 134.208887815475 119.524945815404 124.980539083481 139.022956291835 158.147891362508 175.464649995168
10.7321577767531 4.90692164748907 2.02033699800571 0 0 2.58677980552117 10.956263790528 17.1971395611763 21.8172644575437 25.4806106289228 37.4532590309779 48.6113429069519 58.3149294058482 63.523605465889 69.3398316701253 78.0333975950877 78.0364573001862 75.5222390095393 73.4555025895437 76.4446407556534 76.1524538199107 76.6772677501043 85.7185224692027 94.2524671554565 101.449390252431 107.67275094986 111.187626918157 119.606544574102 121.317813793818 127.689510583878 132.755716641744 146.497885386149 140.673875808716 144.096086422602 145.796000957489 144.672632217407 156.697938839595 151.699145634969 143.792023261388 136.245489120483 135.962615410487 138.592819372813 144.859174887339 152.91487177213 154.725472132365 131.734440724055 111.340860525767 109.612176815669 119.159907102585 135.438491900762 164.302587509155 176.20050907135
32.9999774694443 17.6249121626218 6.75547557572524 0.457278996085127 0 1.10869870210687 4.61203263451656 12.1730404595534 15.621405094862 15.7321294148763 20.6859049697717 25.7072324554125 31.9879005352656 38.156953950723 43.9981867869695 50.7292449474335 56.3131471474965 62.0485742886861 67.3744529485703 76.2142986059189 81.1395247777303 86.0283573468526 85.0929021835327 88.741660118103 96.8878964583079 101.10733906428 108.003556728363 111.293723185857 117.664039134979 125.231017669042 136.16935412089 143.585016330083 134.578198194504 133.518268664678 136.29013299942 137.446880340576 132.437040408452 128.89090180397 134.214619795481 138.256818056107 137.76429494222 137.411226828893 139.594922463099 142.240474621455 138.636489709218 112.948298454285 89.4768834114075 97.9333519935608 114.689161380132 148.095746835073 168.27780008316 175.277988115946
49.6842265129089 32.8606044252714 19.978616386652 9.79849013189475 3.06294858455658 1.32073663795988 1.46945596983035 6.71995182832082 12.0505007604758 15.519130975008 16.8465375900269 15.5188677211603 15.826432655255 15.9351751208305 18.6233123143514 26.5160749355952 36.2023711204529 49.4299829006195 61.1649403969447 73.6810912688573 80.7786285877228 88.1423155466716 87.3162150382996 88.6871019999186 91.1531249682109 94.3223834037781 99.5957950750987 105.44283191363 113.018771012624 120.381931463877 127.985556920369 131.339877843857 124.215026696523 121.997267007828 123.465706904729 123.692065477371 124.766270319621 119.352906942368 115.977386633555 111.437986294429 120.637059211731 121.32140994072 127.538621425629 134.282966454824 132.800350586573 130.108267068863 135.038395722707 139.723807573318 147.798637549082 157.12563196818 161.333004633586 163.752218087514
61.9361946980158 47.0514049132665 32.7888478835424 21.4659074942271 12.1755339205265 3.96279525011778 1.20533614729842 0 6.85648433864117 14.2215713858604 18.2995970050494 18.4566080570221 18.3735924462477 16.231340666612 12.9710858066877 15.4165426890055 22.3795970280965 31.5298189719518 44.8967516422272 58.3873788515727 67.3622190952301 79.0639420350393 87.7179801464081 86.3957504431407 89.115043481191 89.4457002480825 92.2683576742808 93.0284857749939 98.4525183836619 109.314898649851 117.143193880717 122.235278288523 112.207740545273 106.548090775808 107.637564341227 107.263823350271 112.916429837545 113.068789243698 109.714051087697 97.4784890810649 93.3032234509786 109.776735305786 124.707877635956 133.943825960159 138.175586859385 145.56219180425 153.769075870514 154.737611611684 158.872256676356 157.561520735423 153.737435738246 151.246418555578
56.8522761265437 48.744594057401 36.2505962451299 27.5001352032026 19.9047985176245 13.2110975682735 4.45837527513504 0.526228609184424 4.3402099981904 8.47537505129973 12.6321539282799 19.8474153876305 22.3686546087265 23.642232020696 20.3686356544495 19.1814402739207 18.921859562397 22.4383324384689 29.1757335265477 39.4587591290474 49.0581691265106 61.8358949820201 70.2809244394302 73.3831971883774 76.2733221054077 79.6765784422557 79.7199507554372 81.7749251921972 84.3170682589213 88.1066123644511 92.7790999412537 99.0899304548899 97.1689621607463 96.8331197897593 99.390983581543 100.030581156413 104.403644800186 107.879827419917 107.899765173594 103.35499048233 104.562093814214 110.107878843943 112.588981787364 130.369444688161 132.321337858836 132.218917210897 133.836776018143 143.437017997106 150.28116106987 145.862400531769 138.115217288335 139.890303214391
37.786602973938 34.582090874513 26.5269378821055 23.2663502295812 18.0022455751896 10.9450543920199 7.52410478889942 8.49967077374458 4.55236248672009 1.94247051452597 4.1578911865751 12.3116187751293 22.9585617780685 31.4214949806531 31.3185080885887 31.2173441052437 25.3293141722679 23.7266669670741 23.6851250131925 26.1140490571658 31.6900610923767 37.6689160863558 45.5656945705414 53.2347013552984 60.9789689381917 63.6515518029531 66.2903736035029 67.9164826869965 68.7934458255768 72.4203834931056 70.6386268138885 68.7417437632879 72.3394850889842 86.5889489650726 89.7623697916667 93.8053131103516 96.2360103925069 99.2999076843262 104.344795147578 110.557784636815 114.207645257314 116.016258796056 114.343921343486 114.673773447673 114.678164323171 131.328145662944 139.021098613739 141.031056642532 143.45383644104 144.748628139496 143.605440855026 141.090869903564
6.08125453193982 2.95320898294449 1.23567956810196 0 0 0 0.573664282759031 8.73843828837077 8.21032250920931 4.80812477568785 2.50392997016509 0 12.7267017960548 23.9625498652458 33.9473535617193 31.7719106872876 29.5244107643763 26.9147803386052 23.7492769956589 21.2788805365562 22.0903406540553 23.2931027809779 26.3789320985476 36.261074244976 45.1143185297648 51.496610045433 55.3280015786489 54.0043413639069 59.309591849645 60.6391231218974 58.9323739210765 61.4130645990372 62.6980364322662 61.0030194123586 63.4061396121979 84.3387246131897 87.2563322385152 91.4970239003499 100.669274727503 111.901064713796 115.038851896922 113.967478275299 110.154589017232 110.024283329646 111.756225426992 112.712552150091 116.925587256749 136.288781960805 138.187994559606 142.10370182991 143.797655900319 139.321426550547
0 0 0 0 0 0 0 0.409629583979646 11.3694084187349 10.2363657206297 5.75896228353183 2.10126194482048 3.58777679502964 11.9000052412351 23.5148916641871 26.9730910658836 32.4885745843252 31.0594836870829 26.2378603219986 22.2347925106684 19.4560363888741 19.33270941178 19.7400723894437 25.7390439510345 32.3555121819178 37.2516661882401 41.090135773023 43.9140846331914 46.2508102258046 49.908717473348 51.0785977045695 49.4860062996546 51.9437690575918 49.038161834081 48.2021669546763 45.6989904244741 60.1146419843038 86.0465963681539 90.5112524827321 104.098826646805 108.714650074641 104.818671941757 99.5062390963237 98.1695950031281 97.9203879833221 98.7364749113719 101.463367541631 105.532824993134 107.74498184522 128.203064203262 133.907188971837 132.564842700958
0 0 0 0 0 0 0 0 2.5972972313563 12.7304941415787 13.4894698858261 8.88268835842609 1.83774763718247 0 9.06478178997835 21.8829462925593 31.8178087472916 35.0455318888028 33.2607428232829 29.116245607535 24.9452243248622 25.8222594857216 25.74489514033 26.7297650376956 28.5910815000534 29.9993927280108 32.9174697399139 38.9720151821772 39.9589190880458 38.6822074651718 42.6761011282603 41.9941743214925 37.916786968708 35.0866789619128 38.1634309887886 37.8300299247106 36.2514331936836 35.5232755343119 47.771821419398 62.8769894440969 82.4691851933797 86.3301157951355 88.5202685991923 87.3446961243947 86.8804057439168 88.6982878049215 84.3271911144257 85.358997186025 86.0101083914439 90.1715358098348 94.4644411404928 104.287962118785
0 0 0 0 0 0 0 0 0 5.01155449698369 15.8596374094486 18.8256104787191 15.4781291882197 8.97235795855522 7.72434969743093 18.5852609574795 27.3902416229248 34.9282473325729 41.4396723111471 40.3390973806381 35.2456122636795 33.7792883316676 32.5392037630081 32.941147685051 34.0186556180318 34.2145413160324 36.2873325745265 43.1412557760874 42.5953169663747 35.6435179710388 35.3425939877828 38.1520589192708 34.7911392649015 31.2760596474012 30.3198347489039 28.6037772893906 24.4859357674917 22.3255604505539 21.6283649206161 24.6435254812241 36.3021492958069 39.6173273523649 48.9032218853633 57.2454929351807 63.2512271404266 71.0752109686534 74.1590360800425 68.8888529936473 65.6442890564601 70.2407906452815 71.0961172978083 77.4632543325424
0.600996000381807 0 0 0 0 0 0 0 0 0.0109630770263417 14.1675509512424 26.6276548306147 33.6826294660568 27.7257387836774 17.8995194534461 17.0283975700537 19.4313948353132 27.8896192709605 38.8465374708176 47.3440140485764 47.3189453283946 43.3998902638753 43.4770584106445 41.4208819468816 41.3278589646022 41.9303427139918 41.8140937884649 41.8012142181396 43.2427177826563 37.4105051159859 33.5069373250008 33.0210849642754 32.8445161382357 29.0034388502439 26.0432238380114 23.4081248442332 19.0058425068855 15.7074294984341 14.6381879846255 11.6905594865481 10.3888989736636 18.6319574713707 23.4731088081996 30.8624058961868 34.4902823368708 40.2732888857524 53.9495597283045 59.3758523464203 61.7069105307261 59.0056478977203 59.4316075245539 64.3083105484645
1.24417447174589 0 0 0 0 0 0 0 0 0 3.54954569290082 21.6934531927109 34.3441814184189 41.6211212674777 33.0709541837374 19.9852026998997 15.3947211802006 17.2100141644478 26.8350491921107 41.6701634724935 52.2088209788005 49.4688103596369 51.9870420296987 48.4273334344228 45.7571446895599 47.2999860843023 47.9600528875987 45.3643550475438 43.9563393592834 43.4804856777191 37.8135765592257 33.0851798256238 27.4910579125086 21.5691650907199 18.8761552174886 15.6152173876762 12.4326509733995 8.33380222320557 7.2257307668527 5.46078259746234 3.51465338220199 2.08918781330188 4.66358475387096 10.9244920313358 24.4138687849045 28.1770428021749 38.4628847241402 48.4196990728378 50.2163271109263 49.730658531189 51.395113269488 57.051549355189
0.681346515193582 0 0 0 0 0 0 0 0 0.0140798983920831 0.252590514719486 14.3342949450016 30.1947966217995 42.626808087031 44.6848571300507 38.4872034192085 33.280519147714 25.4029283920924 20.412137111028 26.4236802856127 42.4430817365646 54.2427152395248 58.1077088912328 56.1501979827881 52.2092878818512 53.0577301979065 55.3168008724848 53.0541638533274 50.2099792162577 49.7032701969147 45.5837448438009 35.2621922890345 27.8809691468875 19.8040244479974 14.5222221811612 11.7896571755409 8.78268790741762 5.6474997351567 3.8380225499471 2.708800137043 1.15302748357256 0.0514634302817285 9.04109557590497e-06 3.03075710932414 6.89937484761079 19.3051658570766 23.3849262197812 32.5883502761523 38.4127249320348 45.629546046257 49.0011473496755 53.1321316957474
0.212906200128297 0 0 0 0 0 0 0 0.195222945573429 0.356786030655106 0.329495679276685 9.04659802714984 20.8218656480312 32.269132634004 46.8236009279887 51.4120012521744 48.3742256959279 42.0787036418915 31.2616874774297 22.5661521156629 28.8397967815399 45.5668767293294 53.4967680772146 57.1102102597555 58.5506161053975 60.6466233730316 63.3827249209086 64.6052211523056 60.4075541098913 55.1611433426539 44.6562071641286 35.8938649296761 29.4381106893222 19.86147214969 13.8300831119219 11.4800507823626 6.65484244624774 3.84647895892461 1.60781961555282 0.192113181886574 0.0112029059285608 0 0 0 0 5.73904688159625 9.86326858401299 18.371803065141 24.1185774405797 25.8444274465243 32.2984978556633 37.947249909242
0.242284925964971 0.275543541647494 0.0180894955216597 0 0 0 0 0.62745976417015 1.14070523219804 6.47565349936485 10.1278287669023 11.9920236368974 17.1924034754435 22.9848970969518 32.1377143263817 42.7213609218597 48.7602800130844 50.8761654297511 48.7149059772491 37.2815604011218 25.593380133311 34.8825256029765 42.9993569850922 51.9862473011017 59.894472360611 64.8611187934875 68.3157841364543 67.8181946277618 59.2052588860194 57.845284541448 46.7388927936554 37.1328343947728 29.7729323307673 17.7080929279327 10.8351521193981 7.47522339224815 3.03892977535725 0.787954156597455 0.0753318599890918 0 0 0 0 0 0 0 1.39582684884469 5.56234704951445 8.72097536921501 14.4480665524801 17.6795025666555 19.4576556483905
0.197683713243653 0.0274373305728659 0.0678170375370731 0 0 0 0.0597556402984386 0.895224666843812 1.35903510575493 2.06118278826276 4.88071547200282 10.3265556196372 10.6159721811612 14.4632644951344 21.5442031621933 34.2071900765101 41.9100026289622 44.3691909313202 48.9273369312286 49.3880808353424 44.1032151381175 34.1697260737419 36.2080658475558 43.7776943047841 53.3149143060048 59.9799255530039 66.7521556218465 68.929264942805 58.9593797922134 50.5110720793406 47.789270679156 36.2963030735652 23.9283864696821 17.4205539127191 8.33115540444851 3.80742891381184 0.807972081626455 0 0 0 0 0 0 0 0 0 0 0 1.34829664602876 4.47676765422026 7.71643469731013 7.98937554160754
1.09260304210087 0 0 0 0 0.0140295912084791 0.00344312866218388 0.813198353474339 1.76755400995413 1.76558224484324 1.28462041417758 0.563354968714217 4.09918961425622 6.74499943852425 10.7762403786182 21.442008515199 29.4838895400365 34.1706126928329 41.7978564898173 51.7279009024302 57.517612973849 50.1745839913686 48.1310288111369 50.5275130271912 52.347923318545 53.3679028352102 57.6406717300415 61.2851480642954 57.8410575787226 46.6924359401067 36.2840294837952 27.1719644467036 17.6765422026316 9.55315741399924 2.12386203929782 0 0 0 0 0 0 0 0 0 0 0 0 0 0 0 0 0
8.43645011385282 3.2111577068766 0 0 0 0 0.514124132071932 2.12058424949646 2.42514318476121 1.94727893297871 1.18537580904861 0.500885924945275 1.43509777262807 0 4.60908375680447 12.7330372730891 22.820733487606 29.5886347691218 35.5230246980985 46.4674929777781 54.2653302351634 64.282238483429 68.4070040782293 67.7203436692556 61.1398269732793 53.211639324824 49.5201547940572 43.8376665115356 52.9674390951792 40.892759958903 25.4020939270655 15.1573407153289 7.83505352834861 0.884861685335636 0 0 0 0 0 0 0 0 0 0 0 0 0 0 0 0 0 0
32.1876058975855 26.3191337386767 8.44203804930051 1.84300309047103 0.297495726651202 0.123952331099038 2.70650753130515 3.04071543117364 3.0466200162967 2.34693319847186 1.84777301425735 4.91801463067532 6.63762850066026 5.48981254299482 6.42228499054909 10.6050446629524 18.5505772630374 26.1846706271172 31.2463094790777 33.359095454216 37.2811406850815 49.1711894671122 58.8372002045313 62.8995994726817 62.9018445809682 58.255006869634 50.4266421000163 43.1935091813405 36.1734628677368 29.2314166824023 13.9250370363394 3.69531971712907 0 0 0 0 0 0 0 0 0 0 0 0 0 0 0 0 0 0 0 0
