input/barkrak2/radiation/dir03824.grid
NCOLS 85 
NROWS 70 
XLLCORNER 665100 
YLLCORNER 4664600 
CELLSIZE 20 
NODATA_value -9999 
[rows 44 to 65 of 70, columns 0 to 49 of 85]
81.0907036066055 87.2228046258291 90.2625918388367 91.2583371003469 93.2700335979462 96.0618257522583 96.1861610412598 91.9193029403687 87.2221291065216 82.6114416122437 84.7221513589223 81.9900582234065 78.4297535816828 76.5849202871323 75.7649838924408 75.7918357849121 73.2063849767049 79.7483821709951 81.7542175451915 79.2633195718129 74.6778498093287 72.5932816664378 71.8385229508082 72.6183007160823 69.9323962132136 77.4635722239812 81.6164165735245 79.9911965926488 78.6947160959244 76.7625818649928 72.870413462321 70.0725068648656 77.440470457077 81.232617298762 88.2538259029388 91.0865664482117 96.3089366753896 105.902453263601 108.769069115321 99.0841885407766 97.2924033800761 91.2559231122335 87.5158707300822 67.3889319101969 33.8537742694219 0.213893945328891 0 0 0 0
87.5091850757599 92.5795634587606 89.7260506947835 93.1919614473979 91.7605956395467 91.9633706410726 93.8038925329844 92.148631811142 93.2469169298808 88.6812806129456 87.4687234560649 87.1469875176748 82.1453332901001 77.0063896973928 75.8398274580638 79.5604139566422 73.9465852578481 77.1145174900691 81.6811223824819 81.0300409793854 77.9133786757787 77.1150588989258 75.2197106679281 76.3602356115977 77.5712033112844 77.3802747329076 83.6512446403503 80.7968924442927 80.9983958800634 79.0805319945018 74.3886133035024 71.2130765120188 73.9048173030217 73.3557840188344 73.5656569401423 76.5148798624675 84.7395459810893 98.5822876294454 98.4189907709758 84.5551689465841 87.881475687027 82.4604729811351 81.3479423522949 78.2802402973175 58.7463279565175 24.7070044279099 0 0 0 0
87.4042014280955 89.294304450353 92.0491218566895 94.0703948338826 93.9532319704692 93.7567849953969 95.9104696909587 97.6421634356181 94.1407879193624 92.4389561017354 91.6185081005096 90.5148088932037 86.3772432009379 83.4985276063283 83.0236673355103 86.577445268631 84.0865572293599 78.1717548767726 83.6419860521952 82.3806275924047 79.306830962499 79.8482795556386 79.2196442683538 76.6136149565379 83.2265615463257 76.7703553040822 77.779824535052 79.7828435897827 78.7775764862696 80.5879433949788 78.5460223754247 74.6753513813019 73.5109945138295 74.0587810675303 75.7189194361369 76.4453162749608 78.4857521454493 86.5082442760468 89.2295340696971 85.7553680737813 83.9208960533142 78.863779703776 84.1920574506124 91.9052163759867 80.6190023819606 50.4945615927378 11.9851517180602 0 0 0
81.1971426010132 83.3672881126404 89.6357695261637 91.4864242076874 95.1005220413208 96.7572331428528 94.2671100298564 94.2475299040477 94.3915049235026 97.1912046273549 93.7909086545308 90.2900596459707 88.4762406349182 88.3401433626811 86.0900680224101 85.3578646977742 84.5039884249369 76.4541774988174 80.8755159378052 81.7791074514389 78.3176173766454 79.5571903387706 81.7733506361644 76.4289150635401 78.5222202539444 78.1386544307073 72.2663551568985 77.045996983846 78.9685795704524 77.7508517106374 80.7530879974365 79.306165377299 74.0169684092204 77.487717072169 88.588813940684 92.2638177871704 87.4074498812358 81.8584859371185 87.1462523937225 96.6037412484487 88.8884762922923 80.7809183994929 88.0253513654073 93.1995113690694 86.9068602720896 67.109410961469 32.4238389730453 3.72878058503071 0 0
73.8198508818944 76.9055138031642 82.5238476196925 86.7963433265686 93.5107072194417 97.4149306615194 93.9140915870667 91.7072296142578 95.8582162857056 97.8752772013346 96.0931479930878 92.1741724014282 90.4204348723094 91.735045115153 88.8788104057312 83.2912375529607 82.5758675734202 77.4241934219996 80.3521325190862 84.4154854615529 83.3945870399475 83.2245498895645 85.2212111155192 81.9333791732788 78.3826361099879 81.1839352051417 77.3721237977346 80.8989306290944 86.8709286053975 89.3215139706929 93.2015379269918 94.7874983151754 84.9943657716115 87.2794985771179 96.114973227183 102.514952421188 100.898693005244 90.0874733924866 88.6267324288686 95.6954856713613 87.2310201327006 79.0129105250041 77.0566711823146 76.6870478789012 75.4230270783107 73.0010916789373 63.4883890549342 13.8572528958321 0.815680793796976 0
72.6844718058904 70.0492709875107 74.2845634619395 83.3084831635157 89.5390212535858 92.9727256298065 95.9738989671071 98.4448691209157 99.2749234040578 95.9181189537048 97.8019138177236 97.4404513835907 94.2224661509196 91.8818513552348 89.8362199465434 85.8058333396912 84.1087897618612 81.324964761734 83.6987594763438 89.3521904945374 90.9745494524638 90.9166038036346 87.9592398802439 89.3627603848775 83.4105511506398 86.8458946545919 86.7398083209991 89.2959932486216 97.0970988273621 103.666891654332 110.656569401423 110.093454519908 103.320777416229 96.323291460673 92.8713281949361 102.473040421804 107.815663019816 103.136668602626 92.7053391933441 84.5188895861308 77.5022606054942 78.757365544637 77.4921427170436 72.7662096420924 67.8193668524424 71.2990214427312 69.0290828545888 22.6104781031609 1.60781744246682 0.0294809287879616
73.1117079655329 76.3215521971385 80.1111459732056 87.2155527273814 87.8194868564606 88.1818135579427 96.4699784914653 101.992438236872 101.601451635361 100.795358419418 100.216488043467 100.36979118983 96.2384839852651 91.4933979511261 92.0339226722717 96.1376130580902 88.2321000099182 88.5950028896332 90.1953081289927 94.5329864819845 95.6381758054097 93.2648877302806 90.5400812625885 90.5800759792328 84.2171609401703 91.8590625127157 95.0446526209513 95.2174464861552 101.826806863149 110.671599706014 116.689066092173 121.049116055171 110.869338115056 98.7370411554972 87.6271526018779 92.2457277774811 100.290060043335 104.472021261851 95.8243807156881 79.1725466648738 72.6390530665715 80.4253319899241 83.1145197153091 79.5883039633433 72.9529211918513 70.2919016281764 58.2456936438878 28.1619528929393 2.99365011354287 0
73.832298318545 85.238774617513 87.5855088233948 89.4521276156108 87.340901295344 86.8277748425802 94.7406888008118 100.404361883799 99.8997092247009 105.280458927155 102.579752604167 101.517001787821 98.6993213494619 94.1692193349202 93.6268667380015 100.104371706645 93.8341418902079 90.767502784729 88.4314179420471 90.8981362978617 92.2731757164001 91.0963813463847 89.7075533866882 86.4571928977966 84.5128198464711 87.2465173403422 90.986559788386 92.4841264883677 95.3028003374736 102.992316087087 110.302338997523 121.213575204213 113.538225491842 91.0415848096212 61.8274261554082 39.5813186963399 62.0887180169423 92.2286907831828 101.713607708613 100.706865390142 97.7562665939331 89.0217820803324 74.8704671859741 72.9040702184041 79.0480524301529 73.4910716613134 50.531933705012 42.5812502702077 9.27278585731983 0.000460715530910723
77.6548484961192 75.6009966135025 74.7342904408773 76.9055833419164 84.3513707319895 90.2692675590515 90.8012986183167 97.0556139945984 96.9815850257874 101.809750000636 101.600388685862 103.816241025925 103.237748146057 97.8570977846781 95.2316323916117 93.8631594181061 96.5069830417633 88.5478655497233 83.1412623325984 82.3538303375244 82.8244934479396 84.3401948610942 86.8882735570272 81.5283060073853 82.812507947286 80.2941570679347 82.2266042232513 82.6583156983058 83.2886596520742 87.2659285863241 90.464860200882 103.362083435059 98.3748733997345 74.5749771595001 37.4588817358017 24.1156220436096 25.2691755692164 46.7162430286407 75.2433935801188 98.9419321219126 104.556351900101 91.5679732958476 71.4360723892848 67.1997368335724 74.5750119288762 62.1207505464554 42.5095359484355 58.8794598976771 40.2473608652751 11.6037043432395
80.6139459212621 70.1460987329483 67.7154759565989 73.0991264184316 85.3253602981567 94.5539772510529 93.8486854235331 95.0527389844259 97.6992646853129 98.1744329134623 100.532670815786 103.189587593079 104.856272538503 102.920760711034 97.7838436762492 95.1052606105804 97.6207653681437 89.1028046607971 85.3936274846395 85.3600104649862 85.2496425310771 84.0597152709961 83.509773015976 79.3784062067668 80.8865775664647 79.6277423699697 78.8181473811467 78.5786956548691 77.7444193760554 75.3588974475861 66.5487994750341 71.8895842631658 73.9575922489166 59.3126813570658 36.6578424970309 25.3248860438665 13.7430801987648 10.9680766860644 23.4582970539729 56.9064319133759 86.9809786478678 82.1907271941503 71.7652390400569 56.3549101352692 52.4146109819412 43.8531339168549 40.8633301655451 67.5501426060994 77.9190858205159 55.6966165701548
80.7829052209854 74.974998831749 72.4963496128718 77.7984162171682 87.4444842338562 96.0220694541931 99.3060866991679 95.1643685499827 99.946399529775 97.987949848175 101.738939682643 103.893637657166 105.226139227549 106.70879483223 100.268224875132 99.8420814673106 100.841502348582 94.9985186258952 89.9711946646373 90.3745492299398 90.445617834727 86.4070653915405 84.2791100343068 84.6200883388519 83.9584370454152 82.5022061665853 80.9783637523651 78.4371942281723 73.2776472965876 68.5071150461833 59.0391556421916 61.3629370927811 67.5495465596517 69.0457572539647 67.195788025856 55.1356921593348 29.9881274501483 16.2805592020353 12.386762847503 19.4994583725929 40.3060242533684 45.7346687714259 40.4570748408635 32.5252984960874 32.1312621235847 39.242851237456 53.3627520004908 59.8818361759186 73.2286373774211 79.0003389120102
84.287017583847 82.7948947747548 78.7667681773504 77.1622508764267 83.1618557373683 94.8514540990194 97.2642699877421 95.2520767847697 97.0788598060608 102.612008651098 109.159002701441 109.706938266754 107.196708520253 108.151455720266 105.238854885101 104.664117097855 104.309260845184 101.191818714142 96.1516201496124 93.0338203907013 89.9700025717417 88.0793333053589 88.6820455392202 92.3588077227275 86.9386891523997 84.9408706029256 80.1004320383072 71.4346319437027 64.5955999692281 62.0119969050089 61.9011968374252 67.0568446318309 72.6605504751205 84.5554868380229 89.3796980381012 87.4051451683044 74.7636457284292 57.5273334980011 42.1553154786428 21.5669324000676 26.0880341132482 47.9723264773687 49.5014389355977 38.1967748204867 38.1516938408216 54.4523894786835 77.7937074502309 72.3724514245987 67.1828985214233 74.3281741937001
87.0739420255025 86.4931245644887 85.2316617965698 81.1674495538076 82.0638587077459 91.7882521947225 95.0937171777089 95.3336159388224 95.3283607959747 104.359378417333 113.237728675206 111.994802951813 107.137928406398 109.616080919902 109.996875127157 104.204624891281 106.547504663467 102.66841451327 97.4832971890767 95.3372418880463 93.3795173962911 94.2265689373016 90.7837748527527 89.4930561383565 86.0229134559631 80.4064273834229 61.4849974711736 41.7988995711009 36.8049343427022 44.4161146879196 59.1776072978973 63.7101034323374 70.7024484872818 78.6575575669606 89.1156792640686 101.352353890737 104.318161805471 85.4892234007518 83.710382382075 52.9421915610631 28.3933132886887 50.6144712368647 66.4790918429693 66.9865906238556 66.6216909885406 81.632599234581 110.144515832265 97.8321433067322 74.0170627832413 59.2290610074997
85.7887466748555 83.8972330093384 87.6778662204742 88.4862542152405 85.6370826562246 88.5108113288879 95.1226452986399 95.9528088569641 96.0914889971415 103.970229625702 111.49588227272 110.343456268311 105.484843254089 108.756800492605 112.11242278417 101.610471804937 103.251467148463 101.574669281642 99.6316572030385 99.7841854890188 100.12807448705 99.4543929894765 93.7163333098094 87.5986615816752 85.9197974205017 83.0268561840057 64.9158110221227 44.2430724700292 44.7248816490173 55.2482903003693 68.2595719893773 69.6144650379817 81.4833243687948 92.2334094842275 100.673745075862 100.675006707509 90.8607641855876 45.628234744072 46.1238473653793 56.919535001119 56.7756394545237 71.6084241867065 77.3528963327408 57.3817640542984 37.1953770518303 42.9183344046275 87.0197017987569 81.7474027474721 67.5240904092789 56.9914082686106
73.738306760788 81.7609081665675 85.6464902559916 88.5225733121236 88.2959365844727 84.6970776716868 94.9571629365285 99.5216568311055 99.9014774958293 104.653845230738 107.839067776998 107.590566078822 106.902768214544 104.799598455429 106.328825155894 102.314333120982 98.8696714242299 101.724088191986 102.853993574778 103.936274846395 106.759965419769 102.171729008357 99.5232065518697 91.4160112539927 89.6079738934835 91.0542805989583 85.9145720799764 78.8594633340836 77.6431163152059 84.6409499645233 85.7074956099192 79.6767373879751 95.5827236175537 105.664302905401 100.787411133448 74.559822678566 64.5581781864166 28.5001744826635 16.9258850316207 28.597262998422 49.9573101600011 74.8414844274521 81.4418395360311 66.9322957595189 53.8962682088216 56.4098606506983 72.3009655872981 77.0534823338191 74.4844923416774 67.2082751989365
63.0939354499181 78.8043638070424 83.513597647349 86.4551464716593 89.6199444929759 85.4273835817973 90.0221864382426 98.9242891470591 110.040167967478 111.230552196503 106.939723094304 104.421854019165 106.553266445796 105.438232421875 105.450133482615 102.803140878677 98.8287528355916 101.21414065361 99.351425965627 96.2964991728465 97.5570480028788 96.3259339332581 95.8833495775859 94.3607787291209 95.2509045600891 98.8745590051015 108.396669228872 112.511883179347 98.732848962148 91.9947425524394 80.5442631244659 79.8225402832031 89.9173617362976 81.1132192611694 40.8979654312134 31.4822420477867 30.0608476003011 21.9725618759791 8.33852278689543 5.1382069165508 7.38006209333738 30.2815139293671 78.7383218606313 95.1295793056488 109.83869433403 104.064802328746 97.1477826436361 97.5097219149272 96.1729685465495 84.1626822948456
64.6541565656662 75.8068859577179 83.6627980073293 86.4037772019704 88.0173246065776 88.4896218776703 82.6734056075414 93.2800670464834 115.198612213135 113.971372445424 105.602224667867 101.460347572962 104.296127955119 107.84254471461 106.646796067556 103.234539429347 101.988931496938 99.4397898515065 91.9035673141479 84.6763551235199 84.5466653505961 88.0463421344757 87.6237650712331 90.6864007314046 94.277948141098 98.6886223157247 115.85795879364 123.497704664866 101.752161979675 88.6465708414714 79.0218114852905 69.3460553884506 69.9743330478668 65.719410777092 43.7626391649246 25.6582150856654 27.0187755425771 36.4540219306946 27.8707693020503 13.2980172832807 4.67983136574427 13.1376460194588 41.3953910271327 88.8704558213552 81.6704432169596 93.6209956804911 88.0064765612284 90.3662443161011 85.6249829133352 78.5060326258342
77.7241239945094 81.1120371023814 83.711047967275 80.0486703713735 73.3954608440399 70.3077465295792 78.8448651631673 85.0513776143392 95.7166949907939 91.9841229915619 90.3414487838745 95.6150492032369 102.74867216746 104.757368564606 100.454409917196 102.21658150355 102.32217113177 95.8032111326853 87.4999860922496 81.6101332505544 80.5591990550359 81.4821173747381 85.6717626253764 88.5016918182373 88.303416967392 90.9100969632467 104.17228937149 113.773355881373 104.417155186335 86.6977870464325 74.2230663696925 60.1873348156611 55.5628091096878 69.44706539313 64.1613850990931 36.840483546257 44.7486986716588 74.7572332620621 78.9116322994232 57.8953276077906 26.3328775763512 16.162255158027 28.5027846693993 44.5528874794642 36.8654876947403 48.6094802618027 60.7643524805705 65.7439529895782 64.3066515525182 70.4199224710464
90.300311644872 86.7594480514526 82.6519429683685 74.9334096908569 63.8218224048615 56.8037231763204 69.2658325036367 67.7549540996552 56.9558391968409 58.1191082795461 69.1734949747721 82.8849722941716 89.5984371503194 94.7249134381612 97.9046622912089 109.054664770762 111.627827088038 102.062235275904 92.6864345868429 88.803360859553 85.3606462478638 85.2199097474416 86.5014990170797 85.3917400042216 85.3442152341207 88.9078478018443 92.5948321819305 99.8659829298655 90.9806688626607 70.7459449768066 73.6461877822876 67.3005878925323 61.6565098365148 79.3628990650177 84.8917166392009 71.759710709254 62.012106180191 62.8754546244939 58.2118729750315 61.2993290026983 45.9866921106974 32.8652163346609 28.0614718794823 28.6620780825615 21.1542993783951 22.6467077930768 33.3715875943502 36.2632870674133 51.1258790890376 72.0334599415461
93.614916006724 86.2905184427897 80.877145131429 76.529065767924 68.8243160645167 61.9464168945948 56.6511402527491 51.2803395589193 32.296063999335 41.6109040379524 64.6889160076777 76.5279233455658 77.1290163199107 85.5609873930613 100.524564584096 117.804169654846 123.706599076589 115.572988986969 106.515189011892 101.256718238195 95.5485304196676 93.3162868022919 92.5896863142649 88.3763035138448 84.9929352601369 84.0654174486796 82.6474726200104 83.1839144229889 80.5071492989858 62.1997167666753 65.4259820779165 66.5639291206996 62.1635069449743 82.9750051101049 102.819929520289 106.196820735931 79.5583228270213 34.2717692255974 29.566153883934 37.1599271893501 49.8359501361847 45.0165470441182 46.8013435602188 41.8767581383387 29.1207656264305 24.586354692777 34.6499631802241 46.8685328960419 56.7250599463781 89.9431308110555
96.4491963386536 90.5564427375793 89.1090830167135 90.3745591640472 86.788535118103 79.6483606100082 73.8201936086019 74.7428834438324 73.035662372907 78.3001830180486 87.8320535024007 95.1129992802938 95.5895483493805 89.7871255874634 101.147671540578 118.507673343023 129.786491394043 129.483640193939 121.366788943609 110.852072636286 104.049662748973 97.4138875802358 94.472348690033 96.7301627000173 89.2634193102519 82.289790113767 73.4796126683553 74.8485624790192 73.8960653543472 69.439356525739 56.7358434200287 47.9882260163625 41.7605290810267 70.0588872035344 111.380934715271 120.60226003329 86.2369338671366 49.7890561819077 22.0290198922157 22.2050547599792 26.5584836403529 30.399630467097 46.2117294470469 57.1667303641637 59.3030154705048 44.7448541720708 44.2922413349152 63.7036164601644 95.6890682379405 147.177328666051
97.3703563213348 94.3652192751567 94.5401688416799 95.9083040555318 95.3983863194783 91.3555721441905 90.6464060147603 99.7207164764404 117.798427740733 112.871607144674 103.533575932185 105.67781329155 111.908773581187 97.9147454102834 99.061518907547 108.480791250865 119.028846422831 126.020262638728 126.163820425669 118.730823198954 111.994355916977 104.773650566737 99.8269319534302 96.086839834849 86.2078567345937 77.5612990061442 65.511499842008 64.7342403729757 65.959041317304 58.4318141142527 30.8093652129173 28.1024302045504 21.7243060469627 32.921756307284 109.028389056524 121.809194485346 101.042797168096 89.5259976387024 54.3789714574814 16.1970655123393 7.93624234696229 5.4186520477136 24.7339208920797 62.7543230851491 71.3786135117213 60.3700478871663 58.9697062969208 87.9074931144714 152.932325998942 200.49528280894
