input/barkrak2/radiation/dir04324.grid
NCOLS 85 
NROWS 70 
XLLCORNER 665100 
YLLCORNER 4664600 
CELLSIZE 20 
NODATA_value -9999 
[rows 44 to 65 of 70, columns 0 to 48 of 85]
90.6094312667847 96.8637367089589 99.9363859494527 100.604405005773 102.631906668345 105.4647564888 105.497270822525 101.110915342967 95.7631270090739 91.4530356725057 92.9055412610372 90.6460881233215 86.8902802467346 84.9720040957133 84.1541190942128 84.2263797918956 80.3321997324626 86.7990553379059 88.8710021972656 86.1166914304097 81.5205276012421 80.481211344401 79.6207437912623 80.2216231822968 77.4476627508799 85.006058216095 89.2955263455709 86.5459541479747 86.3752464453379 84.3369861443837 80.4133961598078 78.3654203017553 85.0415527820587 89.7403756777446 96.7049400011698 99.229633808136 105.464229981105 114.644179741542 117.805818716685 108.148753643036 107.038646936417 100.29274225235 96.2604184945424 75.3107716639837 40.6187325716019 3.17535735666752 0 0 0
97.1557796001434 102.320532004038 99.4136532147725 102.918028831482 101.459046204885 101.316471894582 103.1826933225 101.41917069753 102.399408817291 97.7228283882141 96.3615377744039 95.2423214912415 90.0373955567678 85.6246749560038 84.3439996242523 88.0489846070607 81.9782813390096 85.0652555624644 89.868426322937 88.0945424238841 84.9346419175466 84.1627319653829 84.0930740038554 84.0206543604533 85.1309100786845 84.883838891983 91.3481414318085 90.8671716849009 87.7493023872375 86.8388911088308 81.9989989201228 77.816312511762 82.2588751713435 80.8631728092829 81.0066958268483 84.5123628775279 93.3330456415812 106.536755959193 107.188055912654 93.9535101254781 96.4082876841227 91.2107030550639 89.1815423965454 86.2378478050232 67.6422665516535 30.9898406267166 0 0 0
96.7234869798024 98.6682375272115 101.419150829315 103.814214468002 103.692332903544 103.495359420776 105.297406514486 107.430150111516 103.40807835261 101.534783840179 100.647101799647 99.4129578272502 95.1200425624847 91.436763604482 90.7183289527893 95.2245195706685 92.3708081245422 86.2278242905935 92.0360287030538 90.5675888061523 87.4021748701731 87.9322091738383 87.1376792589823 84.271381298701 92.3462311426799 84.3286315600077 85.4013363520304 88.6551439762115 88.6292258898417 87.5074466069539 86.3400399684906 82.2523981332779 81.8260510762533 81.5934737523397 83.1835567951202 84.49653784434 86.4246984322866 95.899115006129 97.036212682724 94.4448312123616 93.6881105105082 87.3399178187052 92.3547546068827 100.696990887324 90.3660356998444 57.7888985474904 15.8752128481865 0 0
90.51913022995 92.7854875723521 99.242905775706 100.888470808665 104.861189921697 106.55152797699 104.406207799911 103.972593943278 103.687634070714 106.422444184621 102.850586175919 99.3049045403798 97.3713795344035 97.1054037412008 94.6247776349386 93.2626823584239 91.988464196523 83.605279525121 89.2450610796611 90.9658372402191 87.3859524726868 87.7153972784678 89.7121131420135 82.9105923573176 86.4123702049255 85.8821868896484 80.9326022863388 84.8479270935059 86.73295378685 87.3695909976959 87.8116389115651 86.1311753590902 81.5886010726293 85.0732525189718 96.2500671545665 99.8120705286662 95.6618984540304 92.2484993934631 94.9495434761047 106.780111789703 98.2026060422262 88.4372691313426 97.1246163050334 102.749725182851 95.6425070762634 76.3531277577082 38.638340930144 6.80343185861905 0
83.0620378255844 86.1602822939555 91.9047196706136 96.2752401828766 102.916459242503 106.896410385768 103.304485479991 101.386179526647 105.618228514989 108.219166596731 105.833987394969 101.24350587527 100.014011065165 100.618342558543 97.5954333941142 91.9264058272044 91.0518964131673 84.8008592923482 88.6380473772685 92.7603642145793 91.6711290677388 91.3591384887695 93.2830671469371 89.7590319315592 87.2947971026103 89.0221695105235 85.1428310076396 88.7082616488139 94.8226749897003 97.2551504770915 103.506823380788 102.757165829341 92.7342275778453 94.9808955192566 103.875060876211 111.24129096667 109.584232171377 99.5610256989797 98.6871123313904 103.534191846848 96.5115328629812 87.1038734912872 84.6592982610067 84.6010943253835 83.4270119667053 82.091212272644 70.7248449325562 19.2126370966434 3.07028306027253
81.8912734587987 79.1526635487874 83.4136307239532 92.4872656663259 99.0229845046997 102.396537860235 105.480273564657 107.84841577212 109.096785386403 105.679055054982 107.575009266535 107.812374830246 103.893498579661 100.784281889598 98.6143847306569 94.5532222588857 92.7134652932485 89.6855890750885 93.017707268397 97.8077252705892 99.399596452713 98.072737455368 96.1323082447052 96.0472921530406 91.2608802318573 94.8442916075389 95.8685278892517 97.1277554829915 105.16756772995 111.746400594711 117.094844579697 122.681389252345 111.353228489558 105.444480975469 104.420771201452 111.344635486603 115.401844183604 110.768447319667 103.277037541072 92.8106606006622 85.948646068573 86.7441097895304 85.0807030995687 80.2698234717051 76.5843639771144 80.3880542516708 76.4617025852203 27.4187475442886 4.00972956170638
82.458366950353 85.7194860776265 89.3538196881612 96.3703691959381 97.2271263599396 97.5825190544128 105.913738409678 111.483832200368 111.005226771037 110.644469658534 110.03170410792 110.189338525136 106.600205103556 101.780752340953 101.63469115893 105.019152164459 96.8854526678721 96.0092643896739 98.6590286095937 104.062050580978 104.082713524501 101.610600948334 98.729411760966 98.6230572064718 93.3362642923991 98.6620485782623 103.024611870448 104.550182819366 109.834432601929 118.777841329575 124.716768662135 129.121243953705 123.415410518646 109.320710102717 95.0470368067424 99.7154414653778 110.283255577087 116.394182046254 105.7035724322 88.4304344654083 80.4845492045085 89.1200502713521 90.6423926353455 87.0318611462911 81.3327332337697 78.9373815059662 65.088560183843 33.3931644757589 5.85728511214256
83.1074168284734 94.6089426676432 96.9617565472921 99.0121364593506 96.9880521297455 96.2524612744649 104.163567225138 109.853088855743 109.269926945368 114.66192205747 111.878643433253 111.360470453898 108.466039101283 103.139092524846 103.241185347239 110.791196425756 103.445251782735 100.220829248428 97.8272159894307 100.422521432241 99.7979243596395 99.5566646258036 99.0527868270874 94.5107738176982 93.6691164970398 95.1725244522095 98.8590021928151 100.325286388397 103.148529926936 112.523416678111 119.99116341273 127.654959758123 119.942565759023 100.822150707245 68.9829041560491 45.9068467219671 72.417472799619 99.5334883530935 110.499203205109 114.182442426682 106.393287579219 97.5401302178701 82.2668472925822 80.2265703678131 87.6792669296265 81.2804003556569 62.0481769243876 49.8032867908478 12.8363159795602
86.9395931561788 84.7129623095195 83.5796495278676 86.1815710862478 93.970388174057 99.8502274354299 100.260575612386 106.521507104238 106.022864580154 111.234396696091 111.464311679204 113.144417603811 112.477779388428 107.606540123622 104.874104261398 103.565613428752 106.175094842911 99.9924739201864 94.4611032803853 92.5544599692027 92.1200513839722 93.5932993888855 95.1635241508484 89.6445214748383 91.9235150019328 88.1425539652507 91.2769138813019 91.6627645492554 90.9578601519267 95.0304667154948 99.6193985144297 110.227465629578 106.207638978958 82.2550604740779 50.2902319033941 28.9805655678113 30.3199887275696 52.3492991924286 86.5708192189534 107.713013887405 116.601347923279 99.8223026593526 78.7126620610555 74.4553655385971 81.9704631964366 73.7428416808446 48.7712323665619 65.7587796449661 46.8452324469884
90.2423858642578 79.5121689637502 76.8074989318848 82.249308625857 94.622939825058 104.012688000997 103.403786818186 104.6275695165 107.148150602976 107.107281684875 109.957039356232 112.572560707728 114.21791712443 112.125734488169 106.697857379913 103.98210088412 106.44135872523 99.520355463028 94.8426723480225 96.5101917584737 95.5120424429576 94.2851801713308 92.7457511425018 88.4370704491933 88.8866682847341 87.5813166300456 87.7711176872253 87.4637464682261 86.578756570816 83.0028057098389 75.8284578720729 79.6676377455394 81.4959903558095 66.1080231269201 48.7606823444366 30.2771603067716 17.6785749693712 14.9865262210369 29.2037278413773 62.8800789515177 98.9934901396434 89.9308025836945 79.17520403862 62.3288303613663 58.2761814196905 58.0397248268127 56.3873797655106 75.0014384587606 86.1476461092631
90.4055237770081 84.5411519209544 81.8720112244288 86.9774123032888 96.8239009380341 105.709453423818 108.766784270604 104.796667893728 109.487424294154 107.44900504748 111.142168442408 112.775554259618 114.691555500031 116.065462430318 110.059450070063 109.60465669632 109.83000199 103.670875231425 99.404235680898 99.7884074846904 100.878665844599 97.6567069689433 95.4933067162832 96.0332850615184 93.1334296862284 91.5822287400564 89.9896919727325 86.2041811148326 81.9823096195857 76.239933570226 66.7622188727061 69.2377885182699 74.876402815183 76.0862280925115 74.2882341146469 62.0251993338267 35.8309422930082 21.1833069721858 16.2440314888954 24.7282534837723 46.6289619604746 66.9127851724625 46.6749221086502 38.0842238664627 37.6253575086594 45.2253172794978 59.8747432231903 67.3283735911051 81.3538879156113
93.9949552218119 92.5440589586894 88.3468488852183 86.3770445187887 92.3781991004944 104.736536741257 107.110877831777 104.958951473236 106.719672679901 111.89012726148 118.787189324697 119.265536467234 117.251366376877 117.032339175542 113.711416721344 113.823235034943 114.151666561762 109.952290852865 104.712416728338 100.567042827606 99.3931889533997 97.3944465319316 99.1581479708354 101.705332597097 99.8952885468801 96.5903500715892 90.2114907900492 81.0644129912059 73.0204284191132 69.7298943996429 69.7056303421656 75.3120829661687 80.241988102595 91.9378399848938 99.5133519172668 98.3000199000041 81.9355150063833 64.3545091152191 48.0715731779734 26.6956488291423 31.1287716031075 55.4072012503942 55.7665477196376 44.0366963545481 44.09592350324 61.0483735799789 85.4003230730693 80.4514636596044 75.3385623296102
96.8319773674011 96.3227053483327 94.814270734787 90.5695160230001 91.2872552871704 101.512014865875 105.049679676692 105.243633190791 105.027755101522 114.485581715902 122.532298167547 121.315747499466 116.829305887222 119.153281052907 119.987626870473 112.700124581655 114.988833665848 111.573278903961 107.127785682678 104.930977026622 102.880954742432 102.552900711695 98.8252758979797 98.7709860006968 93.8541094462077 90.5542572339376 68.9867635567983 49.1694311300913 44.0262456734975 52.0166258017222 66.935529311498 71.7158863941828 78.2797187566757 86.0839486122131 96.368153889974 108.761856953303 111.913482348124 92.2907491525014 92.406819264094 59.1055949529012 35.331221918265 57.1086059014002 73.5037177801132 74.2477426926295 74.0996698538462 89.4715289274852 118.48105986913 106.303840875626 82.2227696577708
95.5089926719666 93.718429406484 97.3966519037883 98.0051159858704 94.9982305367788 97.9008177916209 104.876687129339 106.039851903915 105.829377969106 113.508363564809 121.791005134583 120.253533124924 115.05600810051 118.319819370906 120.970567067464 111.434658368429 113.109032313029 110.599795977275 107.592930396398 108.547180891037 108.737508455912 109.050979216894 103.133201599121 96.8405107657115 93.8188234965007 92.0525590578715 72.7983216444651 52.2030889987946 52.5181392828623 63.3646746476491 76.0939220587413 77.7349472045898 89.4437730312347 100.915282964706 108.138332764308 119.473685820897 97.6779659589132 52.559440334638 52.9147982597351 62.855194012324 65.1775399843852 80.1371584335963 85.296909014384 68.7465270360311 43.2863732179006 69.2933102448781 95.0419207413991 89.6710654099782 75.2215286095937
83.2069019476573 91.5514528751373 95.3007439772288 98.1498757998149 97.7839728196462 94.0729677677155 104.729980230331 109.578271706899 109.675725301107 114.142785469691 118.057906627655 117.882549762726 116.761108239492 114.386141300201 115.892112255096 111.803988615672 107.615927855174 110.865215460459 112.664719422658 114.686985810598 115.606407324473 109.676023324331 106.800297896067 101.940661668777 98.8645056883494 98.3171363671621 94.867875178655 87.7041121323903 90.3780659039815 95.0286984443665 93.8332974910736 87.9403948783875 103.972852230072 113.525927066803 108.334988355637 80.9384336074193 70.6819395224253 33.5991059740384 20.9669421116511 33.855934937795 55.7232598463694 90.8784071604411 88.666299978892 73.9974478880564 60.8768959840139 63.754086693128 80.0639490286509 84.8638614018758 82.4043204387029
72.3240077495575 88.4355207284292 93.1260387102763 96.0632065931956 99.2083350817363 94.8874553044637 99.6011793613434 108.871887127558 119.98720963796 120.878587166468 116.80606007576 114.658921957016 116.722385088603 115.360846122106 115.200499693553 112.505197525024 108.217040697734 109.732766946157 108.36073756218 105.153381824493 106.337080399195 105.937381585439 104.467133680979 102.740347385406 102.243483066559 108.328729867935 116.856157779694 120.773504177729 106.252133846283 99.2967983086904 98.0297426382701 88.0875488122304 98.2914666334788 89.0376369158427 47.2147762775421 36.8195101618767 35.119374593099 26.3177628318469 12.0042425890764 8.23826715350151 10.7940683762232 36.9840860366821 85.971196492513 102.481047312419 118.065615495046 112.341403961182 107.934981584549 105.861494938533 104.589074850082
73.9495058854421 85.2118531862895 93.2486653327942 96.0765182971954 97.6107219854991 98.0745156606038 92.2950307528178 103.006333112717 125.302414099375 124.239355325699 115.359435478846 111.639738082886 114.103615283966 117.873787879944 116.785367329915 113.172948360443 111.496378978093 108.789006868998 101.609448591868 93.6480561892192 93.4261083602905 95.9393779436747 96.0885087649028 100.068976481756 101.283639669418 108.169655005137 124.214788277944 135.323603947957 113.184620936712 106.328109900157 89.5499686400096 77.951580286026 77.7533948421478 72.749803463618 51.6303926706314 30.3091332316399 31.7715878287951 41.9969211022059 33.3422025044759 17.8355152408282 7.83160328865051 17.5236935416857 63.7985567251841 96.4167714118958 88.4100794792175 101.472198963165 95.7550903161367 98.5121528307597 93.7144060929616
87.5195662180583 90.6969010829926 93.4374133745829 89.8426671822866 82.9318066438039 79.6816200017929 88.2652600606283 94.7315196196238 105.199595292409 102.069397767385 99.9815165996552 105.975021918615 113.194495439529 114.739129940669 110.137869914373 112.291842699051 112.254679203033 105.662922064463 96.7593789100647 90.6708538532257 90.1222328344981 91.0389622052511 93.5658613840739 95.8216289679209 95.2371855576833 101.395269234975 112.300217151642 123.561630646388 113.958011070887 95.6160028775533 85.1252675056458 69.9126720428467 62.7048760652542 76.5043795108795 70.7071125507355 42.5089150667191 50.7979492346446 82.8890403111776 87.0782931645711 64.7613902886709 31.8923965096474 20.398968209823 40.4614408810933 52.6657452185949 43.8821663459142 54.3710738420486 68.0435498555501 73.1298426787059 71.658452351888
100.400070349375 96.4519580205282 92.4745301405589 84.5446983973185 73.0823129415512 65.9445027510325 78.549121816953 76.9662857055664 65.7986750205358 66.8373356262843 78.1501928965251 93.0261015892029 99.2952585220337 104.472825924555 107.856531937917 118.881613016129 121.195435523987 111.986329158147 102.47661670049 98.4629293282827 94.901184240977 94.1003561019897 95.940500497818 94.7379171848297 94.5938924948374 96.9748695691427 100.462734699249 107.997685670853 101.517577966054 81.5222958723704 80.8604309956233 74.4459380706151 69.0797418355942 86.7624878883362 91.8688873449961 78.5679916540782 69.078470269839 70.0702766577403 75.9804397821426 74.2261956135432 51.9519001245499 38.4135693311691 41.0154337684313 33.9211076498032 25.739332040151 28.3311381936073 39.1119842727979 42.2279089689255 58.0089241266251
103.616168101629 96.1116353670756 90.6288921833038 86.110790570577 78.0043353637059 71.1724112431208 65.499817331632 59.759646654129 40.2643755078316 50.7634530464808 73.6555010080338 85.8910183111827 86.6694748401642 95.2787200609843 110.610872507095 128.022054831187 133.850385745366 125.663032134374 115.972359975179 111.182431379954 104.748288790385 102.987507979075 102.186858654022 96.9186623891195 94.2206581433614 94.3527817726135 92.7969515323639 91.1951263745626 90.7506346702576 70.6022034088771 72.4835097789764 73.6502557992935 69.6839988231659 90.6657874584198 110.096444686254 113.500018914541 86.9769950707753 40.0548502802849 34.9827657143275 51.3863464196523 55.8447937170664 50.8852452039719 53.3633977174759 47.9647616545359 34.6605305870374 30.1194041967392 42.3775811990102 53.4957150618235 64.185177286466
106.498847405116 100.438366333644 98.9826122919718 100.342144568761 96.6450373331706 89.3027484416962 83.2753678162893 84.3414068222046 82.5506548086802 87.6539846261342 97.4946816762288 105.209608872732 105.490833520889 99.5204746723175 110.961576302846 128.930062055588 140.363872051239 139.895061651866 131.489942471186 120.627999305725 112.985988457998 107.158084710439 105.78715801239 105.363289515177 100.748260815938 89.4939402739207 82.1952968835831 82.7992210785548 82.0469558238983 78.1248559554418 64.0277167161306 53.6792526642481 47.2361544768016 77.7568419774373 119.0325319767 127.786298592885 93.3348536491394 56.1962723731995 26.7311930656433 26.976652443409 31.756820778052 39.2614354689916 57.2170913219452 64.0557010968526 66.6397511959076 51.6359557708104 50.9879142045975 71.3811963796616 104.831576347351
107.433756192525 104.335327943166 104.47292526563 106.082518895467 105.579058329264 101.235797007879 100.384742021561 109.688609838486 128.012915452321 122.945378224055 113.566090663274 116.118401288986 122.665454943975 107.918570439021 108.959297339122 118.458877007167 129.211207230886 136.208216349284 136.298576990763 128.756393988927 122.081418832143 114.7208015124 108.846545219421 104.623973369598 97.6139108339946 84.7685635089874 75.3587186336517 72.5784401098887 73.9954014619191 66.1118378241857 36.3102282087008 33.3329935868581 26.4438639084498 41.9977456331253 117.169519265493 128.898769617081 108.003218968709 96.9757437705994 61.3936632871628 20.3727719684442 11.7431034644445 9.18718179066976 30.7774767279625 69.9975341558456 79.1939198970795 67.9491460323334 66.5545612573624 96.8322455883026 163.245975971222
