input/barkrak2/radiation/dir02724.grid
NCOLS 85 
NROWS 70 
XLLCORNER 665100 
YLLCORNER 4664600 
CELLSIZE 20 
NODATA_value -9999 
[rows 0 to 22 of 70, columns 0 to 50 of 85]
81.756830215454102 96.6821114222209 121.176024278005 139.821241299311 150.566130876541 153.255810340246 150.957316160202 150.333106517792 146.936178207397 150.252610445023 151.005208492279 147.122959295909 142.555981874466 143.290231625239 143.356661001841 129.649470249812 115.03592133522 105.500926574071 105.306526025136 105.512191851934 111.84095342954 132.175783316294 153.780221939087 157.82771507899 161.214192708333 171.293874581655 169.8384086291 161.502152681351 154.172201951345 155.687570571899 151.49270494779 172.971367835999 210.592309633891 204.513827959696 203.311721483866 195.792675018311 202.936291694641 215.177754561106 213.952362537384 211.895724137624 203.858574231466 212.261398633321 217.213253180186 208.052416642507 196.779668331146 203.263243039449 209.901968638102 172.417640686035 115.545004606247 111.38904094696 134.328653415044
55.80934882164 70.8837409814199 83.7609171867371 99.4508763154348 112.20782995224 120.690484841665 136.235058307648 151.179025570552 156.386832396189 156.014124552409 154.969274997711 150.223433971405 144.980907440186 145.057598749797 145.13635635376 130.55811325709 122.11819489797 113.612671693166 110.95005273819 107.965648174286 121.321131785711 145.611921946208 165.446172157923 167.005260785421 171.551724274953 177.054603894552 173.21648200353 164.13285334905 157.96560049057 157.095591227214 158.187578121821 182.091355323792 206.741034984589 199.982444445292 197.98356294632 196.251193682353 202.022075653076 209.961295127869 204.922954241435 206.153372923533 205.844700336456 209.394653638204 204.71445719401 193.874637285868 188.446879386902 199.881911277771 200.746218363444 150.690426429113 122.809747854869 133.643418550491 163.095662991206
26.1108800768852 36.2989505132039 42.6632116238276 50.8201569318771 61.0413501660029 70.9824810425441 81.9769601027171 106.362948815028 129.633724689484 143.012235562007 147.075444459915 151.659299929937 154.149581988653 153.842975695928 155.705322821935 155.877143144608 151.876479387283 141.278445720673 125.023146470388 119.592914978663 131.067017714183 148.110707600911 158.701201279958 161.031772692998 168.643554051717 171.383082866669 168.650309244792 163.518299659093 161.042551199595 164.614498615265 174.701670805613 194.852868715922 206.60803715388 201.393882433573 197.332104047139 196.576694647471 203.460276126862 208.106478055318 202.613770961761 200.187961260478 195.547302563985 188.512762387594 179.092228412628 171.77285750707 177.357176939646 194.497227668762 187.362492084503 144.597798585892 142.630686362584 161.913534005483 188.402911027273
15.4699347913265 17.2409055133661 20.9530418117841 23.7722446521123 27.4784117937088 32.7888131141663 42.1369969844818 55.4167330265045 74.2965241273244 87.4220629533132 111.75991098086 140.798459450404 153.135041395823 156.417906284332 160.441557566325 164.43540652593 161.553859710693 152.070184548696 135.536958773931 128.542323907216 129.853785037994 131.467799345652 142.08772778511 149.638891220093 153.045415878296 152.868568897247 160.119473934174 162.041366100311 165.00578324 170.601725578308 178.029755751292 195.433576901754 200.286408265432 200.314819812775 197.465598583221 197.704990704854 199.971715609233 198.076665401459 191.824813683828 182.036995887756 178.967197736104 172.672748565674 170.513411362966 185.373266537984 196.292579174042 190.900047620138 170.705457528432 149.242212375005 152.290711800257 165.405640999476 186.90816561381
25.8056273063024 18.8848376274109 11.3067502776782 7.67097932597001 7.15752939383189 16.1317425469557 28.7755926450094 39.0949721137683 47.9699571927389 52.1237949530284 69.369783004125 91.9081270694733 106.355130672455 111.620455980301 118.375569581985 128.659149010976 127.638479073842 128.665993611018 132.340371608734 129.012922445933 125.217934449514 123.408496379852 131.319801012675 140.515377124151 145.085414250692 150.078773498535 152.410000562668 157.819012800852 164.385338624318 165.204813083013 172.842264175415 193.408906459808 192.720015843709 195.146262645721 195.119261741638 193.772117296855 190.542658170064 185.616374015808 176.99525753657 168.659488360087 168.185194333394 170.196652412415 179.514090220133 190.614422162374 192.541400591532 170.320828755697 136.169701814651 132.258961598078 145.968864361445 164.31654493014 192.479312419891
46.9199816385905 35.1917619506518 20.2608841160933 8.71899848182996 5.12393657118082 9.23800778885682 20.8209815124671 31.3937490185102 39.5231445630391 38.6968503395716 43.7644769748052 53.3955643574397 60.9502693017324 65.5504564444224 72.369376818339 78.40562860171 79.5964896678925 86.715708176295 102.35008597374 111.843526363373 116.181015968323 120.019604762395 121.178577343623 126.451432704926 131.591071685155 138.090451558431 142.742236455282 149.38015739123 156.52988354365 167.663713296254 180.320044358571 190.492987632751 181.699156761169 183.069547017415 184.914747873942 184.75196758906 181.868354479472 177.043954531352 170.561552047729 170.788089434306 170.195817947388 169.471263885498 171.76228761673 176.369786262512 171.367228031158 135.453333457311 114.755402008692 125.330686569214 145.169496536255 183.674474557241 205.912530422211
65.2168790499369 52.5348037481308 38.6048356691996 25.2121910452843 12.9173211753368 8.36291412512461 10.4812420904636 23.9885201056798 32.6618850231171 40.4125129183133 40.015069146951 36.2380271156629 34.3172003825506 32.2706028819084 34.9033027887344 44.1169490416845 49.7243603070577 65.4447327057521 83.3915074666341 97.9522367318471 108.488907416662 116.575966278712 117.923021316528 117.022335529327 121.74254655838 127.187063296636 130.98606467247 139.277219772339 144.605775674184 152.169197797775 166.885097821554 179.693579673767 171.088496843974 166.516959667206 167.305747667948 169.411818186442 169.87806558609 165.361930926641 160.487870375315 156.523813803991 151.741643746694 152.122924725215 158.915440241496 166.282922029495 164.730201164881 159.733454386393 167.616188526154 177.389144897461 191.661536693573 206.179837385813 211.098849773407
79.4628461201986 64.5527243614197 54.684857527415 44.2665914694468 30.9794197479884 13.9419262607892 7.39140994846821 0.634036841802299 14.7670085231463 29.188280304273 34.2944264411926 36.0818232099215 35.3265926241875 29.8963362971942 25.4980201522509 28.283399840196 34.2211673657099 46.0377881924311 64.3672396739324 80.4029454787572 93.2313899199168 104.078491528829 115.874290466309 112.511475880941 115.506589412689 115.970253944397 119.105895360311 123.988886674245 129.755347967148 139.64049021403 146.837602059046 149.704645077387 142.851273218791 143.763333559036 147.938917080561 148.357520500819 154.926806688309 154.280642668406 151.770532131195 136.99534535408 132.82365600268 139.985342820485 154.892921447754 166.956742604574 170.683562755585 177.567938963572 186.204234759013 191.025217374166 196.477770805359 201.281408468882 202.520966529846
73.8863249619802 66.6439533233643 56.2610427538554 47.2862372795741 40.6522353490194 31.0314844051997 16.1307975649834 5.66996509830157 12.211004892985 18.1045991679033 24.8470033208529 30.2528962492943 33.9610253771146 35.1695741216342 36.0697582364082 32.5037986040115 31.0341417789459 34.8754723866781 45.6306984027227 56.9805254538854 72.5587904453278 84.4339827696482 95.8510041236877 98.4998146692912 100.916484991709 101.352691650391 101.597060759862 109.088738759359 113.922456900279 123.374164104462 127.255280812581 129.409203926722 127.299765745799 124.845266342163 126.679350932439 133.89312227567 142.243385314941 147.204399108887 148.162225882212 141.962110996246 146.52818441391 157.613337039948 163.338134686152 166.502237319946 164.979885021845 165.833453337351 167.865415414174 176.525016625722 188.224891821543 185.724218686422 177.321493625641
55.6313892205556 51.8178343772888 48.1360753377279 39.9226024746895 36.7336198687553 33.4291110436122 26.5525008241336 20.4249198238055 12.6179245611032 9.48334112763405 13.5884148379167 24.5486348867416 36.4145288864772 44.2415873209635 48.5510577758153 46.9580590724945 38.8407458861669 38.2323389252027 38.9591405789057 42.0197397470474 47.7192799250285 54.5928180217743 65.1541848977407 73.552926381429 83.22873711586 85.0852330525716 86.7214202880859 87.0802601178487 92.7234788735708 102.184037367503 104.265868663788 105.187863111496 108.852992455165 112.404942512512 118.226577838262 120.737771193186 121.506084998449 130.272497733434 143.963287274043 152.238845825195 160.866677761078 165.261050065358 167.052745819092 166.394044955572 163.451691468557 165.13122121493 172.081629435221 177.526513735453 179.73272005717 178.055504957835 181.768536567688
19.7547450661659 20.9576537211736 17.8741042812665 18.8913916548093 19.7716156641642 13.4024582803249 16.8405137956142 20.6912892560164 15.2056614557902 12.0825928946336 9.07662014166514 12.2473339239756 23.1353417038918 38.5401050249735 51.7855783303579 47.5314756234487 44.3504154682159 42.0220692952474 38.3888135353724 36.2528612216314 37.2213398416837 38.6543547113736 42.2955503066381 53.7413855393728 65.6804541746775 73.3842452367147 73.2635806004206 74.2177416880925 78.914354244868 83.5321148236593 91.6302502155304 95.0914422671 101.519018411636 103.395233551661 106.084227561951 110.129863023758 113.727271556854 118.060241142909 130.321681499481 157.034496466319 163.530925909678 163.593868414561 162.747005621592 161.499758561452 161.94823384285 165.984680255254 172.593454519908 172.912001609802 174.594203631083 178.490042686462 180.239319801331
1.73635128885508 2.56218217934171 1.07911725838979 0.416133087128401 6.77910915698627e-11 1.22969153306188e-10 2.3563732393086 10.9343652923902 19.0254983802636 19.1390377779802 13.7447789311409 9.51310805976391 12.527114401261 22.6827015479406 35.5251307288806 40.2140766382217 46.2290098269781 46.9075342019399 43.0673658847809 37.358932197094 33.5576459765434 33.1643124421438 34.8909571766853 41.1270186305046 48.8839248816172 55.2761207024256 59.2495699723562 61.7295255263646 65.5606885751088 68.6904191970825 68.5764700174332 73.1849571069082 86.6168141365051 88.0837539831797 91.1702613035838 93.7071243921916 103.29591234525 109.977215528488 117.505143086116 133.040050665538 141.010661919912 152.646988630295 151.610424121221 146.7338403066 148.395121097565 148.927529652913 153.563479582469 159.965058167775 163.450986146927 167.712529500326 170.2960729599
0 0 0 0 0 0 0 1.06838733578722 14.7148730854193 23.6832077304522 23.0635305245717 18.2374082505703 10.2578929315011 9.91242441038291 20.2135977645715 35.7046922047933 45.5249647299449 50.222193201383 49.6849318345388 44.6343372265498 40.1699940363566 41.0024846593539 41.56477500995 42.3215180635452 44.4884051879247 45.8879967530568 50.4553367694219 55.407573779424 57.2595496972402 55.6968947251638 59.8471860090891 59.0906292200089 55.9876362482707 64.8829340934753 75.1065810521444 79.9494832754135 86.669534444809 97.3689953486125 102.295259634654 110.129535198212 114.518304665883 118.727743625641 118.801325559616 133.022040128708 134.094417095184 136.045982440313 135.523666938146 138.616820176442 143.36567123731 148.50515127182 152.653694152832
0 0 0 0 0 0 0 0 0.729567216088374 16.6413101057212 25.9173363447189 31.9126794735591 27.8962999582291 18.981970846653 18.4271968901157 31.3145369291306 40.5944113930066 51.4834423859914 59.2531512180964 57.6554785172145 51.2041350205739 50.3393858671188 49.2833058039347 49.7700273990631 51.6803910334905 51.882063349088 52.4221410353978 59.3888809283574 60.5131238698959 53.3795654773712 52.4636209011078 54.6790361404419 52.2256096204122 48.1065412362417 50.9670078754425 69.7076469659805 74.6273994445801 82.3594232400258 85.8052571614583 87.3650411764781 92.9287374019623 95.9481994311015 101.751963297526 108.728180329005 109.646707773209 130.495717128118 129.213809967041 123.993704716365 120.243221521378 122.351179520289 125.96317132314
5.92616635064284 0 0 0 0 0 0 0 0 3.62413469702005 20.1980831722418 33.6815069119136 50.5051364501317 43.2256658871969 31.7804490526517 29.3855617443721 31.5957715113958 42.2161271174749 54.8127094904582 64.5991861820221 65.8838351567586 61.4791611830393 61.8556241194407 58.7619642416636 58.5849185784658 60.3371212879817 59.882178902626 59.5274021228155 57.4546903371811 53.9096941550573 50.551583369573 50.0668436288834 45.8003183205922 45.4997420310974 43.3102150758108 41.1962742606799 41.7764484882355 42.1782831350962 55.623859167099 64.3666038910548 70.6752389669418 78.3216853936513 82.72585272789 87.3239139715831 92.5734241803487 100.028365850449 118.551582098007 126.65002544721 120.24203936259 114.490866661072 114.037255446116
6.26303379734357 0.00496904643417414 0 0 0 0 0 0 0 0.701161256680886 14.7297369937102 34.3862846493721 47.9553788900375 54.7954638799032 46.6826905806859 31.2875285744667 26.5000114838282 29.475045700868 41.3680002093315 59.3779583772024 71.5466340382894 68.4337913990021 71.6253618399302 66.5947596232096 63.5836074749629 65.6825999418894 67.9443428913752 63.3466094732285 61.4997347195943 58.6168567339579 55.9349109729131 50.6657809019089 45.2328224976858 37.7610648671786 34.1060807307561 32.7102194229762 28.8751224676768 27.2848506768545 32.5534691413244 33.3288336793582 43.0410305658976 46.9687034686406 49.3574986855189 51.9444048404694 63.9469126860301 71.0489253203074 78.8392126560211 88.5686973730723 105.448355277379 107.785085837046 107.959449291229
4.25493065267801 0.361599610187113 0 0 0 0 0 0 0.44678570702672 1.07956367234389 1.58905998493234 24.3917877475421 44.9591477711995 57.9706182082494 57.5769792000453 51.53821905454 46.5658605098724 38.0741481979688 34.0444793303808 41.9082939624786 59.3994110822678 72.8714565436045 78.7174155314763 75.3678381443024 72.2426027059555 72.5078086058299 72.8744268417358 71.5634574492772 70.963591337204 68.9146816730499 59.3455632527669 52.940105398496 44.0374116102854 36.6006344556808 29.3413251638412 24.259460469087 18.6887656648954 15.5565676589807 18.5195431113243 20.5489893754323 24.7383788228035 25.0309283534686 27.2374451160431 31.1739395062129 43.1729753812154 55.672953526179 61.2905820210775 68.7488069136937 76.4727046092351 82.660714785258 102.025200923284
2.62060730407635 0.789093552157283 6.04522309670165e-11 0 0 0 0 0.499020990294715 1.3822823142012 4.28727579613527 8.15179198980331 16.949500888586 31.8719297647476 44.1523939371109 56.9066305955251 62.0236496130625 64.2307301362356 57.5851947069168 45.8831091721853 37.0464771986008 44.4078296422958 64.3996745347977 72.2911357879639 77.4176518122355 79.4434249401093 81.1905562877655 84.6253037452698 81.1213105916977 75.3109753131866 77.898383140564 67.7250723044078 53.8832644621531 41.8349305788676 35.4700808723768 26.0750204324722 22.6717864473661 16.5547107656797 11.7224516967932 11.1364411811034 10.9804185728232 15.3795170287291 16.5847217043241 21.3915233810743 25.920848051707 30.4021239280701 39.3236478169759 44.7411785523097 49.0479518969854 54.044579466184 60.9943121671677 69.8263893524806
2.92445191492637 3.49234572301308 2.62401811778545 0 0 0 0.421044688361386 2.37287875885765 4.83521322409312 12.6213195423285 17.8578061362108 20.4056327541669 27.2124906380971 36.5190158287684 49.2589225371679 60.0956231355667 65.2509878079097 67.2802031040192 65.2637879053752 52.7684191862742 41.9808328151703 51.4157811800639 61.6478373607 70.8837658166885 82.3716024557749 87.2310300668081 88.8665914535522 90.0627573331197 82.3240528504054 74.5819707711538 61.8272771437963 57.8664988279343 45.3941027323405 31.4911380410194 23.1055542826653 17.7324476341407 10.9840743243694 6.50105873743693 3.92303057014942 5.87251471976439 6.07905723154545 12.0097361505032 18.5807608067989 20.84847788016 24.11749958992 33.4767152865728 37.4575977524122 39.0887012084325 43.4861481189728 49.7912466526031 53.3720801273982
3.08178178966045 2.25137003387014 3.7005345026652 0.00547307475547617 0 1.09803886152804 1.65784545242786 2.73827898005644 3.56038815031449 10.0983940064907 19.2170664668083 19.4082818925381 19.2927444974581 25.272565583388 35.8513544003169 47.7831562360128 56.1018536488215 60.4573388894399 66.9313122828801 67.6120767990748 59.8449756701787 49.6048182249069 53.9605071147283 62.8656645615896 72.6934174696604 82.7085028092066 88.1277521451314 85.2758884429932 84.5884382724762 75.5512813727061 62.4892910321554 51.0883231957754 43.6387956142426 31.1573520302773 25.2306759357452 15.5127781132857 6.38483713070552 1.72662548720837 0.253638970510413 0 1.18449563160539 8.45712050795555 11.6304333011309 18.5460907717546 19.2387079199155 24.9539564053218 28.2220244407654 32.0106173555056 37.6865143577258 41.7005171378454 42.5833563009898
5.8078741033872 1.62292302896579 0.182883716964473 0.840163246418039 0 1.62035133689642 1.27367077705761 3.08980792760849 4.12678252905607 4.30074023703734 14.6054464081923 14.3269225955009 14.0998102724552 16.7592763900757 22.8544399142265 33.3830068508784 42.5241440534592 49.2153664429983 57.9066822926203 70.1878368854523 75.4651327927907 67.7298953135808 66.7023907105128 69.5105691750844 73.1199334065119 74.421430627505 79.4222205877304 77.6202976703644 73.1464624404907 61.6873552401861 58.9213619629542 43.9979235331217 28.6453813314438 22.3305771748225 8.2467266668876 2.2412429874142 0.306065815190474 0 0 0 0 0 9.52546484768391 12.2226700186729 16.1504733065764 18.7734526892503 22.3281035820643 23.6788143714269 27.6725714405378 28.8026581207911 29.6658674875895
19.6221570173899 10.6926461060842 2.1878844127059 3.82081636538108 3.42283460001151 1.08384729052583 2.88721732795238 4.61295743783315 5.14115393161774 4.58524624506633 11.5633768339952 12.7477509280046 12.1182898680369 10.2746238311132 15.2438804507256 24.360254406929 34.7199688355128 44.1543211539586 51.8424808979034 63.1216218074163 70.6321100393931 83.1558952728907 87.8066023190816 85.5149626731873 80.1139672597249 72.2212791442871 69.5696969827016 68.5719549655914 69.0857271353404 54.7896921634674 44.1228449344635 25.4738628864288 17.2130092978477 4.33298448721568 0 0 0 0 0 0 0 0 0 4.58029843866825 10.402566442887 16.2399783730507 20.1506912708282 21.2187245488167 22.8183070818583 22.7794100840886 22.4439948797226
49.0259478489558 42.553832133611 21.2511668602626 14.3347804745038 10.6971015532811 3.84982364873091 7.98177346587181 6.9673794011275 5.03648507098357 4.15979139506817 13.2555017868678 13.6990124980609 14.9810885389646 15.1959645251433 16.3821006814639 20.7134385903676 29.4516707460086 39.4740824898084 46.2082624435425 48.4497100114822 51.5367537736893 65.0974959135056 77.3711999257406 80.996185541153 82.2817782560984 75.3710269927979 69.5074299971263 59.6023549636205 62.4033659696579 43.1182235479355 23.5023324688276 10.3762658933798 0.0621064536971971 0 0 0 0 0 0 0 0 0 0 0 5.09501434862614 9.57539305090904 10.5949565768242 12.0315477252007 14.9504070480665 17.6847080389659 17.0568488538265
