input/barkrak2/radiation/dir09224.grid
NCOLS 85 
NROWS 70 
XLLCORNER 665100 
YLLCORNER 4664600 
CELLSIZE 20 
NODATA_value -9999 
[rows 40 to 59 of 70, columns 0 to 45 of 85]
212.275743484497 214.788953463236 213.552276293437 215.380589167277 223.276336987813 229.447921117147 233.044008413951 238.401015599569 235.802551110586 220.4283674558 205.099980036418 201.710025469462 199.093143145243 196.234981218974 192.923565705617 193.207601706187 192.124485969543 191.541274388631 186.179200808207 183.773656686147 187.97234694163 195.405761400859 196.772515773773 193.65264972051 189.257244269053 186.915675799052 198.866089185079 202.005783716838 205.060581366221 206.62651459376 206.12378915151 212.284366289775 208.857337633769 214.842160542806 242.03230937322 241.091469923655 230.892896652222 222.143173217773 225.114762783051 233.125289281209 247.603595256805 265.745480855306 232.149918874105 147.814830144246 87.9112680753072 58.3258867263794
220.300475756327 217.249711354574 217.49883890152 216.533144315084 212.103148301442 210.663060347239 208.972116311391 208.810528119405 213.362415631612 205.343623956045 196.660459041595 198.343217372894 200.591127077738 201.020459334056 197.70356019338 193.875312805176 190.170546372732 197.418530782064 198.049366474152 190.95903635025 192.62425104777 195.552786191305 194.175938765208 197.711904843648 198.123872280121 192.237079143524 199.562191963196 203.410565853119 205.204447110494 208.152790864309 209.26692088445 210.973183314006 209.958771864573 225.043972333272 238.025744756063 228.833615779877 211.501578489939 203.0095855395 204.148411750793 216.274360815684 250.000158945719 264.237503210704 249.711950620015 196.895281473796 124.824831883113 83.2037429014842
225.018322467804 221.390724182129 223.960359891256 222.690999507904 216.531733671824 212.125579516093 209.217607975006 204.140206178029 204.26219701767 201.995293299357 198.773463567098 196.131070454915 200.596471627553 203.323642412821 203.201035658518 198.86976480484 196.279625097911 200.911402702332 204.134980837504 195.547839005788 192.211985588074 192.624588807424 188.688000043233 189.828435579936 195.981780687968 191.850483417511 188.181300957998 196.226855119069 201.111853122711 203.798413276672 206.28168185552 204.822023709615 210.646291573842 229.597667853038 235.579291979472 204.378227392832 191.370685895284 196.718573570251 203.38640610377 217.673341433207 228.349804878235 230.215092500051 216.422299544017 189.995030562083 136.61124308904 78.7665148576101
209.707379341125 211.224357287089 219.585180282593 217.461069424947 219.132085641225 221.385916074117 220.137854417165 214.051127433777 203.511933485667 202.508270740509 204.41601673762 198.377748330434 199.032406012217 202.106674512227 203.508734703064 199.45748647054 201.155563195546 202.449599901835 204.032858212789 197.266062100728 190.864264965057 190.110822518667 186.997731526693 185.31479438146 189.764618873596 193.471133708954 187.58225440979 191.845297813416 197.052121162415 198.917786280314 198.778688907623 195.039530595144 204.894840717316 220.015823841095 219.414095083872 193.560540676117 193.16440820694 203.41968536377 213.900585969289 215.648829936981 212.662796179454 209.964632987976 201.494415601095 177.680313587189 134.404798348745 78.6215315262477
207.550287246704 211.625456809998 215.038339296977 216.506143411001 217.08885828654 219.748934110006 220.08224328359 215.311129887899 210.424562295278 205.640772978465 206.061085065206 203.286230564117 198.051075140635 197.568813959757 196.499645709991 195.369044939677 191.935817400614 198.312600453695 199.463804562887 197.729070981344 192.593395709991 192.325830459595 190.702160199483 190.039992332458 188.636680444082 197.604914506276 200.331787268321 199.036618073781 198.372960090637 196.696519851685 192.639311154683 188.918689886729 194.442550341288 198.06428750356 195.237239201864 187.920153141022 197.18203941981 211.361527442932 219.67480580012 210.058351357778 208.823442459106 202.775518099467 194.248596827189 175.62077442805 144.951075315475 102.00446844101
212.968389193217 216.50626262029 214.346786340078 218.208491802216 215.812385082245 215.954740842183 217.698593934377 215.1065270106 216.068744659424 211.259047190348 208.667457103729 207.846800486247 201.642473538717 197.699308395386 195.519685745239 198.178887367249 191.957573095957 194.187045097351 199.281970659892 198.765953381856 195.228298505147 194.261391957601 193.915863831838 193.953951199849 194.185217221578 195.55672009786 202.398737271627 200.524131457011 199.776371320089 197.97162214915 193.881313006083 189.368963241577 191.487669944763 187.976717948914 174.998124440511 174.69197511673 187.133113543193 204.797844092051 208.047389984131 193.851490815481 198.143303394318 190.747837225596 181.626399358114 184.319992860158 172.819097836812 134.73375638326
212.223887443542 213.055729866028 216.352025667826 218.938569227854 217.854062716166 217.491269111633 219.477355480194 220.119833946228 216.684023539225 214.877784252167 211.981217066447 209.559321403503 206.142505009969 201.660255591075 201.151152451833 203.758418560028 201.161603132884 193.946142991384 200.166980425517 200.395901997884 196.756879488627 196.958959102631 196.845412254333 192.25929180781 199.916998545329 193.228662014008 196.316222349803 198.3602643013 197.861353556315 198.539654413859 195.95460096995 193.15626223882 190.458953380585 186.408996582031 182.872851689657 175.210098425547 183.899680773417 195.263346036275 195.944825808207 193.5862104098 195.43464978536 186.555107434591 189.502020676931 197.342197100321 194.165647029877 162.071843942006
206.2575618426 207.517802715302 213.673949241638 216.240445772807 218.903581301371 220.1207280159 216.707726319631 217.167258262634 217.184245586395 217.216610908508 214.064558347066 209.135830402374 207.895239194234 206.245442231496 203.644196192423 201.739807923635 201.325933138529 191.639721393585 196.670293807983 200.075487295787 195.946256319682 195.623338222504 197.28950659434 190.611859162649 194.092988967896 193.949898084005 188.703000545502 194.46720679601 197.003225485484 197.291334470113 197.382271289825 195.807417233785 189.794977506002 191.128929456075 198.869089285533 196.633597215017 193.758487701416 191.330313682556 195.124487082163 206.19523525238 198.667367299398 188.89049688975 193.857391675313 198.290387789408 195.00211874644 169.930358727773
198.460380236308 200.476050376892 206.89449707667 211.346964041392 216.620961825053 220.552563667297 217.912395795186 214.77351586024 217.849214871724 218.196252981822 216.876745223999 212.883671124776 209.355155626933 208.591938018799 206.122597058614 200.103441874186 198.163429896037 191.941360632579 195.567727088928 199.915925661723 200.17284154892 198.56866200765 199.457764625549 196.43227259318 193.698426087697 197.421193122864 193.158467610677 198.303063710531 204.155266284943 207.022706667582 212.675889333089 211.945056915283 202.041824658712 203.891575336456 208.705504735311 208.776990572611 207.371274630229 201.010425885518 199.939012527466 205.530405044556 193.385620911916 185.173630714417 178.256452083588 177.306473255157 177.873810132345 178.064127763112
197.144865989685 194.57737604777 198.595960934957 207.589348157247 212.243556976318 216.402590274811 219.54866250356 220.334887504578 220.759113629659 215.9823179245 218.464056650798 216.773351033529 213.023145993551 208.946208159129 207.598785559336 202.221135298411 199.067831039429 195.287903149923 198.012153307597 203.309694925944 206.184148788452 204.830129941305 200.868705908457 200.219531853994 195.626795291901 201.914131641388 202.367504437764 204.338769117991 210.770010948181 220.045228799184 227.189262708028 229.328910509745 218.368172645569 215.654810269674 211.284379164378 211.561540762583 212.368448575338 212.240636348724 205.628474553426 185.869713624318 181.626756985982 183.390259742737 181.379556655884 172.786096731822 172.742406527201 173.762440681458
198.380470275879 200.658798217773 201.863467693329 209.325571854909 209.778050581614 211.303234100342 219.362219174703 222.809195518494 222.792426745097 220.465143521627 220.230420430501 218.949933846792 215.392748514811 209.595243136088 209.939936796824 211.972792943319 202.916065851847 200.609703858693 201.243360837301 207.493682702382 208.132068316142 207.159380118052 203.178286552429 201.549808184306 196.577151616414 202.991823355357 208.787381649017 209.574977556864 214.489916960398 222.505430380503 230.635503927867 236.078143119812 225.625852743785 217.0170545578 205.222725868225 202.262103557587 207.782427469889 215.56959549586 206.031183401744 179.648836453756 176.596442858378 186.385631561279 188.536524772644 179.609497388204 178.096950054169 171.416481335958
196.632027626038 207.112610340118 208.000799020131 211.692889531453 211.401740709941 209.294080734253 216.469466686249 221.03887796402 220.938444137573 223.782340685527 222.224831581116 220.34498055776 218.116203943888 211.56911055247 210.242390632629 216.359893480937 210.631946722666 202.900270620982 200.018227100372 203.823546568553 204.577088356018 204.639236132304 202.432831128438 198.25820128123 195.509533087413 197.362124919891 202.04484462738 202.909866968791 205.200433731079 212.183972199758 219.88171339035 231.07522726059 221.792141596476 194.537997245789 163.641293843587 156.4100086689 179.868280887604 200.287302335103 208.27986796697 205.276588598887 204.510072867076 196.906526883443 175.834616025289 172.090252240499 180.664658546448 172.136902809143
199.530363082886 196.961025396983 197.555502255758 200.856427351634 208.772500356038 211.749196052551 211.827317873637 217.38870938619 217.329541842143 220.050017038981 221.392432848612 221.908529599508 221.967736879985 215.196271737417 211.513022581736 210.706532001495 211.415489514669 202.458957831065 196.702937285105 196.274916330973 195.792078971863 198.778907457987 199.068029721578 192.834218343099 193.800568580627 190.738598505656 192.272086938222 193.299392859141 193.258245786031 192.849814891815 196.786363919576 210.513949394226 198.164701461792 173.300643761953 138.638387123744 119.061529636383 127.824723720551 162.072579065959 195.257941881816 205.713629722595 207.272966702779 189.818362394969 169.900139172872 167.156120141347 175.380825996399 161.749581495921
204.920629660288 193.299492200216 190.346161524455 194.876790046692 207.46382077535 216.38959646225 214.083075523376 216.444273789724 217.544277509054 215.918640295664 219.25413608551 222.232321898142 223.177850246429 221.28689289093 211.756388346354 211.028933525085 212.332268555959 201.903621355693 196.703871091207 198.181430498759 199.373106161753 195.904612541199 194.026827812195 189.64022397995 188.669224580129 187.013566493988 186.513622601827 184.59431330363 185.536662737528 181.722680727641 172.433336575826 178.548355897268 172.913134098053 153.203994035721 137.440572182337 119.724144538244 100.652704636256 108.505696058273 132.492005825043 167.478919029236 188.387950261434 178.653736909231 168.903768062592 164.783716201782 157.189577817917 146.903912226359
206.37438694636 199.955721696218 194.229125976562 198.588013648987 207.706729571025 216.869513193766 218.823393185933 214.701930681864 219.090819358826 215.881884098053 219.866394996643 220.364491144816 221.023460229238 222.610453764598 214.486440022786 213.241517543793 214.944918950399 206.326047579447 200.583199659983 202.321410179138 202.479640642802 197.840591271718 194.832444190979 195.584336916606 189.181427160899 188.333948453267 186.20232741038 183.57769648234 177.499612172445 172.954201698303 165.302415688833 167.586664358775 165.159751971563 162.21167643865 161.960472663244 152.47318148613 127.793361743291 111.283957958221 102.188577254613 117.76214838028 152.665187915166 155.909538269043 145.000159740448 130.974153677622 128.151118755341 134.943664073944
210.030655066172 207.570234934489 199.622015158335 195.962409178416 201.613187789917 213.243027528127 217.133343219757 216.123779614766 215.988576412201 218.737800916036 224.863807360331 224.753340085348 224.341193834941 223.56641292572 217.877705891927 218.055824438731 218.095580736796 212.315440177917 205.759604771932 203.335702419281 201.449116071065 199.305891990662 201.613624890645 200.267434120178 195.492208003998 193.085749944051 187.210361162821 179.078221321106 170.421004295349 169.401288032532 166.885296503703 171.780149141947 171.10401391983 179.243663946788 186.00865205129 190.074523289998 184.513449668884 166.797161102295 144.514501094818 113.065073887507 122.15930223465 140.39354523023 139.480491479238 128.099322319031 130.235483249029 147.69771695137
212.456941604614 211.270908514659 206.68892065684 199.775000413259 197.460532188416 210.488835970561 215.2179479599 216.124475002289 213.029662768046 220.045526822408 227.171579996745 226.873517036438 223.90753030777 224.451144536336 223.890721797943 217.06755956014 218.794624010722 215.396046638489 210.086146990458 208.30092827479 206.773996353149 205.603877703349 201.733569304148 200.029571851095 197.587927182515 193.297743797302 174.178580443064 151.943653821945 147.641559441884 153.739551703135 164.184172948202 169.688940048218 169.727702935537 174.777170022329 189.85241651535 204.453527927399 211.496373017629 213.061134020487 201.922337214152 156.724949677785 127.581785122554 144.248406092326 160.660852988561 165.95180829366 169.330418109894 182.897647221883
212.83217271169 208.85709921519 210.202912489573 206.73527320226 201.664010683695 207.445025444031 216.278235117594 216.870745023092 214.378992716471 217.222213745117 226.926227410634 227.709154287974 223.806420962016 224.179327487946 225.389003753662 217.401345570882 217.778742313385 214.380542437236 210.696240266164 213.298678398132 213.559150695801 212.662617365519 207.669973373413 201.046665509542 200.335125128428 199.797789255778 179.202894369761 155.356039603551 152.732531229655 160.298297802607 174.027105172475 175.434072812398 182.854056358337 189.363837242126 203.393499056498 212.597091992696 200.511574745178 176.210363705953 162.378599246343 157.349367936452 158.59850247701 171.649575233459 174.424151579539 159.097194671631 148.886491854986 162.321011225382
201.846639315287 208.284477392832 208.936989307404 208.363731702169 206.078370412191 202.683428923289 216.939588387807 222.43336836497 218.228876590729 219.506700833639 224.740167458852 227.46741771698 226.553757985433 221.757213274638 222.368578116099 219.622631867727 214.765290419261 215.640246868134 215.252776940664 216.543396313985 217.495262622833 213.465531667074 211.548248926798 205.102880795797 204.222460587819 207.22629626592 202.069143454234 193.638741970062 191.657702128092 193.06073586146 191.305418809255 184.829751650492 196.845809618632 203.495224316915 201.008756955465 184.06222263972 165.699005126953 117.029825846354 93.932310740153 126.576532920202 164.287805557251 181.617478529612 174.465656280518 160.93710064888 155.207892258962 163.298845291138
190.474629402161 205.281376838684 207.840979099274 207.220037778219 209.351261456807 204.063951969147 211.77476644516 221.329013506571 227.924724419912 224.254727363586 225.531240304311 226.149916648865 227.97962029775 224.288980166117 224.70478216807 221.880694230398 215.975880622864 214.817464351654 214.076558748881 211.846013863881 213.744699954987 212.811172008514 211.879154046377 210.366288820902 211.697101593018 216.495354970296 225.353082021077 227.526287237803 210.070351759593 206.960539023081 198.043485482534 186.400294303894 188.196301460266 179.703275362651 150.032073259354 113.540629545848 102.666387955348 91.0127758979797 80.0442447264989 88.5356863339742 109.90372300148 147.323161363602 172.864874204 194.352348645528 216.16272131602 215.94250202179
