input/barkrak2/radiation/dir02624.grid
NCOLS 85 
NROWS 70 
XLLCORNER 665100 
YLLCORNER 4664600 
CELLSIZE 20 
NODATA_value -9999 
[rows 23 to 45 of 70, columns 0 to 50 of 85]
79.9879630406698 69.1658755143483 36.0760564605395 18.3416505654653 13.2051470379035 17.301470041275 17.6963172852993 6.83162609736125 5.06628646204869 4.70935615400473 13.7691659231981 15.4090548555056 17.9566281537215 24.2328916986783 20.9268480539322 20.7889440159003 28.2512704531352 36.0447044173876 42.0426229635874 35.3427678346634 34.6789285540581 37.7782930930456 50.3674199183782 60.4913085699081 67.8298225005468 67.90491938591 62.0696842670441 52.4219473203023 34.804825981458 16.4131186902523 11.487752199173 4.36767687400182 0 0 0 0 0 0 0 0 0 0 0 1.66014255955815 1.94114726036787 3.29977398117383 3.75786609947681 3.85503626118104 9.54552367329597 13.4667331973712 14.8649451633294
79.5756677786509 75.4197140534719 52.9800007740657 23.2470706105232 7.24928950270017 17.2514989972115 15.9726614753405 16.1933600902557 7.79730391999086 5.39881860216459 4.89192642271519 13.8998962938786 16.1640495061874 21.5224449833234 20.6463908155759 19.7347042461236 25.5439952015877 33.9167962471644 41.6975716749827 34.5676590998968 33.0272763967514 30.1368807752927 37.8853728373845 45.2339748541514 50.8587559064229 51.4028370380402 49.1058429082235 44.2567716042201 22.4407662947973 10.7055666546027 6.17580736676852 4.46835067123175 1.17160806445083e-17 0 0 0 0 0 0 0 0 0 0 3.79664016266664 0 0 1.2938673608005 1.34095704803864 2.77119036763906 5.77006178597609 5.69406213859717
66.3827359676361 70.8427528540293 63.650444149971 32.9927752415339 7.35340888301532 17.1869856615861 23.7018490831057 31.4044704039892 31.6674957672755 25.5373964707057 20.7889080047607 22.9400570193927 22.5920056303342 27.915986875693 27.8421168526014 23.0120668808619 24.667335053285 34.0172573924065 40.4993047316869 43.7825868527094 43.9052134752274 39.6287639935811 36.699799199899 36.8720963597298 40.3217077255249 42.5159235795339 38.846917450428 39.1518150766691 24.2411742607752 19.4981967409452 16.2725212673346 20.002248386542 14.2729071279367 0 0 0 0 0 0 0 0 0 0 1.38713031386336 0 0 0 0 0 0 1.03285109313826
65.0462657213211 70.2088574568431 67.9287016391754 42.44131843249 18.9893171191216 29.8137366771698 41.9323047002157 51.5250613292058 58.9056809743245 52.1424909432729 35.5266804496447 38.0355243881544 35.4444632927577 40.4970323046049 37.5854298472404 29.1990141073863 27.9887318611145 36.3259042302767 43.4007346630096 54.5924007892609 54.9424688021342 51.8287718296051 45.1467285553614 39.4363403320312 39.8444732030233 42.1933432420095 37.9717076818148 45.1913376649221 42.7323480447133 41.275958220164 46.0706849892934 63.4197741746902 71.7076361179352 50.8510023355484 0 0 0 0 0 0 0 0 4.06175355116526 0 0 0 0 0 0 0 0
66.5151178836823 65.4435306787491 65.5590891838074 48.4805405139923 44.3259576956431 50.0276585419973 64.3213639656703 69.8222021261851 70.5040544271469 63.0192806323369 45.8182593186696 43.1407392024994 40.3605550527573 39.1059368848801 41.3411185145378 38.6351222793261 33.8905304670334 40.3585756818453 51.1817634105682 57.0075412591298 54.7787447770437 46.3604629039764 44.2230651775996 45.6207493940989 46.2468167146047 46.3955650726954 44.5704956849416 54.9395283063253 71.6515680154165 76.1734793583552 80.4794232050578 87.4004562695821 98.4001557032267 104.906459649404 59.8997374375661 0 0 0 0 0 0 1.85495552917322 1.81935199846824 0 0 0 0 0 0 0 0
69.5225248734156 58.8387648264567 59.4131946563721 51.3352602720261 63.6695772409439 62.113493680954 66.7181114355723 62.1212075153987 57.2944631179174 49.0534951289495 41.8627758820852 37.0241130391757 36.6417119900386 41.4964606364568 42.3558205366135 46.6878414154053 42.0117080211639 38.2533421119054 48.5434532165527 51.4374077320099 49.44808781147 42.748565475146 42.6202913125356 48.4602153301239 51.4913896719615 48.0482081572215 48.9839514096578 55.2352468172709 78.4625709056854 91.8312668800354 99.5645523071289 104.056507349014 112.173597017924 114.665408929189 104.495108127594 33.401258289814 0 0 0 0 0 1.02540400500099 0 0 0 0 0 0 0 0 0
70.6108411153158 53.759828209877 53.9859533309937 56.4521302779516 65.1860336462657 63.3624891440074 53.3562948306402 40.6852761904399 30.3022017081579 24.2012689510981 23.8936667641004 27.6856869459152 33.0101748307546 43.1498239437739 46.7394987742106 52.198385198911 47.5970506668091 36.5928163131078 39.9927372733752 42.4816260735194 42.3337668180466 42.6103870073954 42.5199568271637 48.2410341501236 53.7352661291758 51.3149003187815 53.4119705359141 55.7059347629547 72.0747709274292 94.983567794164 109.152972698212 115.088045597076 116.268873214722 117.114355166753 124.711443980535 106.560051441193 27.1834656596184 0 0 0 0 0 0 0 0 0 0 0 0 0 0
69.4619317849477 70.145974556605 89.7389054298401 119.345376888911 95.6966678301493 69.2323744297028 43.8597102959951 18.5374716917674 8.86682296792666 20.1461675266425 17.2365270555019 7.5660062332948 33.6967234810193 43.4614568948746 52.1046419938405 55.1742961009343 53.9949635664622 41.4937088886897 40.866382420063 43.9928521712621 41.981836160024 45.5191234747569 48.0203131834666 50.2886474132538 56.1845997969309 60.2740943431854 58.4774961074193 61.4625215530396 73.95039498806 98.5041757424672 116.239349047343 121.119906504949 116.661449273427 123.933017253876 134.496241807938 137.605965137482 112.882177035014 52.1839956442515 3.76083515584469 0 0 0 0 0 0 0 0 0 0 0 0
81.4125835895538 113.548119862874 160.466730594635 180.612762769063 159.055759509405 109.385251998901 63.8291587432226 36.4853541056315 30.59022128582 34.9999815225601 27.3454238971074 23.2894246776899 33.0773542324702 43.1386878093084 55.3109794855118 60.1990173260371 55.6575258572896 49.7054209311803 43.4048672517141 45.5244183540344 45.137087504069 47.8731940189997 50.2643833557765 51.7808496952057 56.6014150778453 67.8748786449432 68.6027109622955 74.1394609212875 84.0607682863871 99.8673339684804 115.25771021843 123.856415351232 125.729888677597 131.517301003138 136.94554567337 137.460817893346 130.184570948283 114.181836446126 48.8837560017904 2.18980386853218 0 0 0 0 0 0 0 0 0 0 0
139.552384614944 174.852212270101 200.088858604431 202.568729718526 198.896050453186 172.940870126088 130.417654911677 93.6274329821269 71.6209262609482 61.3303482532501 55.997575322787 47.9597548643748 37.1071100234985 40.5124550064405 54.509828488032 60.2005769809087 54.9912552038829 55.6190411249797 45.2483743429184 43.6407774686813 46.7811127503713 48.0084518591563 49.6981143951416 50.5423446496328 54.9903213977814 68.884755174319 74.611226717631 81.9333692391713 90.8602277437846 99.0013082822164 110.435386498769 122.261544068654 124.281535545985 121.178507804871 122.451037168503 115.742107232412 117.184122403463 104.470709959666 58.1046243508657 11.6198919713497 0.0854239527446528 0.0995747783842186 0 0 0 0 0 0 0 0 0
192.18369325002 209.709862867991 213.291943073273 212.430278460185 213.560620943705 209.539612134298 185.92365582784 143.944710493088 106.677909692128 87.0811144510905 87.4807238578796 76.1359433333079 53.675835331281 45.8556065956751 52.2450854380926 55.5341839790344 49.3545681238174 50.4663089911143 44.0690418084463 44.9060251315435 43.2138741016388 45.1808273792267 44.8018908500671 45.2740540107091 51.7859359582265 61.8536124626795 73.7136503060659 77.664573987325 87.7122581005096 97.8245039780935 108.074853817622 111.259152491887 105.619013309479 94.8360761006673 96.9849030176799 82.6642413934072 83.8057696819305 68.8748260339101 35.0586498777072 2.72851220021645 6.74922888477643 4.7572214777271 0 0 0 0 0 0 0 0 0
207.814395427704 214.975913365682 212.788860003153 215.169807275136 214.765071868896 213.713109493256 203.682720661163 174.302617708842 126.68099006017 99.0820129712423 99.5325843493144 90.6967421372731 77.9851277669271 58.3047022422155 53.0151377121607 54.1041195392609 47.768826285998 43.8530544439952 43.8285768032074 47.2983618577321 43.0830617745717 42.1464641888936 43.5031652450562 45.6395049889882 49.7481226921082 56.6889494657516 66.1227206389109 67.1290010213852 76.1904319127401 93.4745570023855 101.565033197403 99.0607341130574 95.1521794001261 89.2670551935832 82.2882950305939 69.4418996572495 73.4035273392995 70.6187238295873 51.1363397041957 17.9154276847839 17.1195007860661 4.36281816413005 0 0 0 0 0 0 0 0 0
201.003034909566 204.246282577515 201.207558314006 201.925178368886 202.289998531342 196.222921212514 189.629991849264 172.714730103811 133.336067199707 109.852055708567 104.494879643122 101.914385954539 91.503123442332 66.9745902220408 56.0278793176015 58.1560432910919 50.9619365135829 43.2224571704865 46.9322850306829 48.1680581967036 46.3594049215317 42.8142448266347 46.5385764837265 50.7070471843084 49.3434419234594 54.3211698532104 58.9965333541234 59.8210990428925 66.7385260264079 84.4507118066152 94.3617423375448 94.2864219347636 96.2161521116893 98.7074077129364 81.5059741338094 75.4853884379069 79.7390143076579 86.4439109961192 81.0773621002833 41.9013798236847 12.2825416425864 0 0 0 0 0 0 0 0 0 0
175.718665122986 178.734978040059 181.256790955861 177.377661069234 176.988959312439 175.846974054972 179.63828643163 175.384382406871 146.9733218352 120.206862688065 107.56520430247 94.3095584710439 84.4832162062327 64.7130161523819 52.995095650355 58.4274629751841 59.9579314390818 48.2089469830195 50.3715674082438 53.2560845216115 52.8726875782013 48.4966735045115 49.4767725467682 52.7534037828445 51.7646869023641 51.2569348017375 57.4070711930593 63.5936657587687 67.4113184213638 80.2258402109146 90.6865100065867 95.2883660793304 97.0563093821208 101.110418637594 85.2887829144796 85.2299829324086 84.952582915624 93.1048989295959 93.2290355364482 52.864541610082 0 0 0 0 0 0 0 0 0 0 0
151.62917971611 161.705315113068 172.803103923798 169.880012671153 167.944192886353 174.668828646342 183.645288149516 186.805446942647 167.513489723206 133.197764555613 111.776679754257 84.4474534193675 69.8144286870956 58.0503046512604 49.1673946380615 52.9971420764923 64.4761323928833 56.5052926540375 53.471177816391 56.4365386962891 57.0129752159119 53.0487845341365 50.3160158793131 52.9048144817352 54.2939752340317 53.7659178177516 56.8496982256571 65.5492047468821 68.3059295018514 72.8899091482162 85.9139561653137 96.3401198387146 98.8906423250834 93.0582185586293 81.1867465575536 93.7640070915222 95.4595804214478 100.398639837901 100.805888573329 75.1549700895945 0 0 0 0 0 0 0 0 0 0 0
113.559265931447 125.299294789632 134.561479091644 139.680127302806 148.391226927439 164.135535558065 179.239471753438 187.143206596375 181.303203105927 149.983803431193 117.814024289449 84.8517219225566 65.5688395102819 61.9494219621023 54.0653566519419 48.735519250234 59.3139628569285 59.910590449969 53.9270540078481 53.7432233492533 54.3588101863861 51.5485058228175 48.5501140356064 50.4566977421443 53.9372464021047 57.7521920204163 57.443047563235 62.6927713553111 67.6160901784897 67.9229398568471 76.4729579289754 92.6347672939301 97.3244508107503 82.8331063191096 84.3313833077749 103.682965040207 107.359856367111 103.834261496862 104.817012945811 100.145330031713 44.5857346057892 0 0 0 0 0 0 0 0 0 0
77.8196156024933 84.7818553447723 84.4255487124125 94.6932037671407 111.168444156647 129.540324211121 145.440310239792 157.725234826406 160.123238960902 135.471214850744 99.4095901648204 73.9362339178721 61.3839974006017 59.5592757066091 55.8633307615916 50.5420366923014 55.0810595353444 56.1932226022085 49.6368954579035 49.6728867292404 52.8701742490133 56.0122827688853 54.9831092357635 50.8778095245361 50.2116183439891 54.1065831979116 59.7056100765864 62.0262622833252 66.7166610558828 66.5689955155055 69.2893167336782 81.7500750223796 88.959276676178 85.2029224236806 104.376216729482 113.098482290904 111.579040686289 105.211993058523 109.132130940755 122.840950886408 113.094349702199 53.1534453233083 1.11098377965391 0 0 0 0 0 0 0 0
66.8322096268336 68.8096930583318 68.7179714441299 70.8901584148407 79.8159589370092 86.3981048266093 90.7153089841207 96.9384610652924 97.1603492895762 80.9150437513987 64.9031003316243 60.8717451492945 59.5361888408661 56.5185248851776 54.897665977478 55.9353828430176 54.6395927667618 53.9924005667369 50.1437783241272 49.9798953533173 53.5533080498377 58.7344119946162 60.0608984629313 55.9537609418233 53.8209279378255 51.5448351701101 61.4139437675476 64.5449509223302 66.9730256001155 67.5195703903834 67.6720241705577 73.5311259826024 82.7011168003082 92.6555693149567 111.785183350245 109.888017177582 103.913356860479 93.872328599294 96.5511798858643 112.627824147542 124.384383360545 117.102334896723 63.9122277498245 7.0728100836277 0 0 0 0 0 0 0
75.0912576913834 72.7410813172658 72.7740426858266 72.4348723888397 68.7650144100189 66.9653018315633 65.6821082035701 67.173312107722 72.1799780925115 64.1820728778839 56.336854894956 57.668000459671 61.4520907402039 61.5871548652649 60.1716389258703 58.1579903761546 52.7951816717784 59.502845009168 61.338022351265 57.1609685818354 59.4041248162588 59.9375069141388 58.397447069486 59.5687131086985 61.7289890845617 57.2522928317388 61.2734705209732 65.8166309197744 67.9789880911509 68.7390019496282 70.2442824840546 74.0033636490504 80.6907564401627 97.2103575865428 105.713754892349 99.8259584108988 88.8394316037496 80.0548891226451 76.8703619639079 87.6909295717875 114.841004212697 120.240598917007 97.38489985466 40.1745289564133 0.817403352508942 0 0 0 0 0 0
79.7924846410751 76.8203089634577 79.7668596108754 78.1846046447754 71.4224477608999 68.0041462182999 65.7565941413244 63.1561974684397 63.2704347372055 60.1061085859934 58.6319317420324 58.3843886852264 62.0716114838918 65.7291313012441 65.9676094849904 62.6450727383296 59.5447917779287 64.9723907311757 67.4021343390147 61.3533010085424 58.8459074497223 56.590070327123 53.3295820156733 55.2122791608175 59.6015751361847 57.6305488745371 53.9010514815648 58.6491326491038 63.4521047274272 67.3000713189443 67.6229645808538 67.5768703222275 78.8120677073797 98.1266597906749 103.147129217784 88.8958871364594 78.217680255572 76.0815441608429 75.0761032104492 83.1873019536336 91.5723244349162 94.5263902346293 80.9976557890574 48.6918141444524 1.90639371673266 0 0 0 0 0 0
63.8805578152339 66.6071077187856 75.2499004205068 72.7952172358831 75.261394182841 77.7900119622548 76.7289896806081 72.5159496068954 61.9039237499237 60.6712053219477 64.3070489168167 60.7068240642548 61.8454913298289 65.5393898487091 66.0643080870311 63.2788936297099 65.3491020202637 67.3777808745702 67.8041229645411 62.9362165927887 57.4707835912704 54.5011262098948 51.6959975163142 51.5815565983454 54.1755010684331 58.6407830317815 54.0417532126109 55.8357934157054 59.9098354578018 62.0834579070409 62.2478028138479 59.9123140176137 69.707045952479 84.1014981269836 90.7012025515238 80.6570599476496 76.7480929692586 79.9820671478907 83.2863946755727 83.9872558911641 79.0909280379613 77.9185444116592 72.5345363219579 47.7271725734075 6.13864759604136 0 0 0 0 0 0
62.274177869161 68.2280560334523 71.2304661671321 71.9350079695384 73.8581816355387 76.2731780608495 76.7309019962947 72.7465450763702 68.3189233144124 64.1253342231115 66.0907924175262 63.7213538090388 61.2321943044662 59.614767630895 59.3901624282201 59.6878876288732 56.776354710261 63.0718767642975 64.8719022671382 62.7028991778692 58.4228783845901 56.3088357448578 55.8318247397741 56.861291329066 53.6095996697744 62.643160422643 66.5421187877655 63.0254844824473 61.9183629751205 60.2434029181798 56.6566089789073 54.8679331938426 60.3616138299306 65.5304690202077 71.6047982374827 74.178750316302 79.0797074635824 85.8714481194814 89.5377496878306 80.7953278223674 78.9350271224976 74.1949627796809 70.7170416911443 52.2473255793254 21.4089204867681 0 0 0 0 0 0
68.6834653218587 73.35098584493 70.5631325642268 73.9699304103851 72.4098384380341 72.6059128840764 74.1323530673981 72.8750477234523 74.0547875563304 69.3726241588593 68.7288294235865 67.9870943228404 63.9277696609497 59.6433381239573 58.6994588375092 62.3579273621241 57.4510395526886 60.7604930798213 64.8283958435059 63.4494920571645 61.2617383400599 59.8363627990087 59.9053601423899 61.2609932820002 61.8563443422318 61.7712239424388 68.5429473718007 66.6687488555908 63.9361242453257 62.2719923655192 58.0524752537409 55.7853480180105 58.5278471310933 56.8815320730209 57.9574008782705 61.1472229162852 68.2978381713231 78.4673988819122 78.4804572661718 68.0531561374664 70.4346597194672 65.1893516381582 65.0803943475087 61.8935525417328 44.1697438557943 13.4230703115463 0 0 0 0 0
