input/barkrak2/radiation/dir07924.grid
NCOLS 85 
NROWS 70 
XLLCORNER 665100 
YLLCORNER 4664600 
CELLSIZE 20 
NODATA_value -9999 
[rows 20 to 39 of 70, columns 0 to 45 of 85]
66.0887956619263 54.1629393895467 58.7091942628225 76.1432945728302 70.3012297550837 62.7331286668777 56.2417805194855 65.0769273440043 76.7061462004979 88.6046091715495 97.4396268526713 94.1781798998515 95.27721007665 98.5933343569438 109.954257806142 126.249849796295 140.584896008174 149.272233247757 158.685207366943 174.932718276978 182.825744152069 172.313630580902 170.201977094014 170.918504397074 170.77225446701 167.947153250376 166.918834050496 167.251408100128 169.825851917267 158.905933300654 159.231394529343 141.269385814667 130.660951137543 132.635136445363 126.676013072332 156.283318996429 156.008988618851 158.272822697957 162.300844987233 167.706370353699 169.366558392843 169.287284215291 173.192977905273 165.656884511312 172.161559263865 177.15992530187
95.4312284787496 82.6653937498728 74.7975260019302 96.8868235747019 95.0139760971069 62.5395774841309 65.7670348882675 75.7102817296982 84.1712653636932 90.566744407018 90.7222131888072 90.0121827920278 91.7238295078278 90.2179777622223 99.7463961442312 114.531387885412 129.311909278234 141.559074322383 152.762234210968 168.919543425242 179.135183493296 189.364393552144 193.975607554118 191.667556762695 181.672930717468 167.118728160858 154.518077770869 149.211436510086 155.90904156367 154.891679684321 131.655246019363 105.011582374573 89.0353322029114 73.2944905757904 70.1336761315664 96.4189469814301 103.667239348094 125.258763631185 151.608884334564 156.245152155558 158.297141393026 159.606238206228 148.686587810516 132.025937239329 157.736857732137 171.39075199763
139.143278201421 137.449771165848 117.249170939128 117.686221996943 116.132795810699 81.31210009257 85.3143036365509 84.0387940406799 81.7984888950984 84.8671396573385 90.3823872407277 93.7057236830394 100.369513034821 100.202441215515 102.807948986689 109.818041324615 123.997906843821 136.240194241206 145.284463961919 148.233622312546 154.387215773265 170.949180920919 182.051698366801 183.641135692596 181.91526333491 171.017209688822 155.415008465449 146.361241738001 151.734799146652 130.722532669703 95.3135192394257 61.3114684820175 43.3136622111003 22.6900751392047 12.6763768494129 31.6436265905698 53.4469038248062 80.1489998896917 100.065966447194 110.788742701213 127.017617225647 136.10702753067 119.956364234289 97.4612136681875 127.389937639236 163.910865783691
178.935527801514 169.918715953827 137.292007605235 124.472618103027 121.032973130544 114.936510721842 104.05033826828 86.6031348705292 76.2168069680532 79.3533325195312 92.194785674413 95.4789519309998 103.852192560832 114.311158657074 110.973318417867 113.903552293777 123.015820980072 133.314857880274 140.413900216421 132.456610600154 131.821761528651 137.059946854909 151.169061660767 160.303165515264 166.674176851908 162.50001390775 145.075142383575 138.235648473104 117.610394954681 76.8703321615855 61.434398094813 49.2265373468399 21.1243306597074 0.883282783130805 0 0.857168032477299 15.8250629901886 35.68996489048 48.9329298337301 63.5955979426702 68.8376178344091 57.1000079313914 69.9212948481242 107.07954565684 117.014437913895 146.351436773936
171.246568361918 167.844812075297 154.599954684575 127.788662910461 111.257115999858 113.788704077403 106.26894235611 98.0011522769928 86.1266354719798 82.4732085069021 88.0476931730906 92.4901962280273 94.1979686419169 112.04649011294 111.853530009588 110.853215058645 118.306547403336 131.728231906891 137.743949890137 129.404574632645 129.825840393702 126.414805650711 136.311829090118 144.525746504466 146.719058354696 142.751395702362 140.394230683645 126.327534516652 106.70131444931 57.92169769605 51.2301723162333 50.4829039176305 29.5219545563062 1.18697481229901 0 1.57335757588347 7.87667309244474 21.4506437381109 27.7040799458822 30.4944515228271 29.1250869631767 28.2578816016515 48.5488673051198 132.001101970673 136.035223801931 147.07292119662
158.534477154414 163.279632727305 164.566040039062 135.8789006869 112.516184647878 114.120960235596 117.74946252505 123.399992783864 122.357269128164 108.843584855398 99.6773242950439 105.371276537577 113.990475734075 122.221966584524 123.341610034307 116.867631673813 119.657029708227 130.752623081207 137.558887402217 140.947898228963 144.682745138804 141.594509283702 135.891338189443 134.087940057119 135.364164908727 135.758499304454 124.575972557068 120.114912589391 95.8101749420166 79.6534866094589 78.9147218068441 89.5842909812927 82.96237885952 25.6534690658251 7.23768149813016 12.6013507445653 12.7114156881968 18.835057814916 20.7306941350301 13.9849359790484 17.2918935616811 21.0690945386887 59.7738524278005 119.779835144679 152.723918358485 158.434679110845
157.519499460856 162.691622972488 167.293826738993 144.803464412689 129.60077325503 133.032103379567 144.64396238327 147.938072681427 157.737572987874 146.408061186473 124.837209781011 131.586988766988 132.694860299428 140.431116024653 137.674411137899 125.438123941422 122.923453648885 134.822239478429 142.56872733434 155.890305836995 159.896502892176 156.517555316289 145.529965559642 136.454423268636 136.549154917399 136.670033137004 127.618412176768 125.829974810282 112.097501754761 114.97296889623 130.0142010053 154.241293668747 162.830770015717 148.600896199544 70.1198577880859 31.1276142795881 27.0897274216016 26.8913408120473 23.8567640384038 17.7720785140991 29.1454643011093 63.3541792631149 102.17892130216 124.285211165746 146.560957034429 146.89498146375
159.388760725657 158.006807168325 158.508320649465 149.673859278361 161.29070520401 161.078373591105 168.88835032781 166.812936464945 165.500034888585 162.160178025564 140.818456808726 135.696729024251 138.472696145376 142.466912666957 144.425173600515 139.042933781942 134.813437859217 142.58607228597 156.010995308558 162.605067094167 159.770935773849 150.338073571523 147.857487201691 147.220820188522 146.158248186111 143.42146118482 138.503342866898 137.793302536011 148.721426725388 157.254328330358 173.531194527944 185.556550820669 194.709161917369 206.161141395569 173.93966515859 71.6375013192495 40.8478453755379 29.3181786934535 17.7918101350466 16.8758009870847 53.6692688862483 130.384604136149 125.991443792979 111.790468295415 119.351843992869 111.327836910884
161.950508753459 150.569895903269 151.767601569494 154.799590508143 184.122661749522 172.86225159963 165.919274091721 152.061988910039 148.280402024587 139.911125103633 133.95161430041 124.765376249949 132.897714773814 141.876190900803 146.146724621455 148.31601579984 142.023533582687 140.324781338374 153.654843568802 155.568937460581 153.4590224425 144.871453444163 145.476440588633 151.503513256709 152.576714754105 147.434026002884 148.331671953201 145.62072356542 158.077289660772 173.782090346018 192.792475223541 205.374519030253 212.108433246613 213.629444440206 212.813595930735 145.890027284622 39.9332121014595 14.987625181675 9.10414258639018 18.2159120837847 69.9638028939565 121.592263380686 110.974629720052 79.3975045283635 77.2287348906199 80.8346172173818
161.881109078725 144.044607877731 148.211270570755 163.517852624257 182.82163143158 168.824811776479 147.403508424759 126.766979694366 114.008585611979 106.432388226191 107.785920302073 110.365559657415 123.025447130203 137.076059977214 141.203701496124 150.172015031179 146.016170581182 133.796642223994 136.136869589488 140.659232934316 141.817331314087 143.467932939529 143.680522839228 153.668771187464 157.37638870875 152.611921230952 155.878196159999 152.480254570643 157.871534427007 181.454539299011 203.932682673136 218.631207942963 217.85306930542 216.727614402771 227.87352403005 217.55184729894 135.379523038864 44.656311472257 30.9891949097315 35.0861152013143 60.3983004887899 75.3768781820933 83.4379394849141 56.8965474764506 48.7404962380727 58.3379765351613
158.356934785843 163.33598891894 191.352248191833 233.822703361511 214.747607707977 175.800522168477 137.72581020991 105.427662531535 95.2968895435333 100.280443827311 93.8695073127747 95.9571897983551 105.247149864833 130.753755569458 144.253065188726 153.543422619502 151.498764753342 137.501766284307 138.897279898326 142.61981844902 139.19061422348 146.060119072596 149.80215827624 152.163843313853 157.626211643219 162.431826194127 164.186159769694 163.080245256424 168.103416760763 191.374659538269 214.747051397959 224.260111649831 220.01858552297 227.447648843129 239.705145359039 244.630674521128 226.891001065572 176.149070262909 92.1842753887177 54.7719796498617 46.7392355203629 48.7357477347056 63.8678371906281 52.8938223918279 49.9740143616994 62.8019124269485
176.635285218557 213.694632053375 259.129087130229 281.999011834462 274.171928564707 222.535332043966 167.41939385732 128.202060858409 116.451680660248 121.581574281057 114.637086788813 98.212609688441 103.272259235382 129.92869814237 149.796009063721 156.523625055949 155.260990063349 148.756076892217 141.457815965017 145.086050033569 144.715915123622 149.855852127075 152.70921587944 154.697199662526 159.432907899221 172.995090484619 175.163567066193 180.893361568451 186.067561308543 200.247089068095 217.570503552755 226.793726285299 229.369262854258 237.62039343516 244.46435769399 240.975975990295 237.707297007243 238.359292348226 174.749592940013 91.5432572364807 53.3530016740163 49.6894766887029 52.5122980276744 56.1773677666982 70.3728894392649 88.4698132673899
237.189014752706 270.853837331136 287.842015425364 287.140727043152 296.528120835622 280.239144961039 242.290099461873 199.874540170034 170.874297618866 161.894291639328 159.315764904022 126.027822494507 107.873360315959 124.175101518631 151.135712862015 158.126622438431 152.796566486359 155.186623334885 144.268254439036 143.536299467087 148.311773935954 149.637967348099 152.406374613444 153.163880109787 159.609665473302 176.03991429011 182.702283064524 191.510717074076 197.003106276194 203.426718711853 217.871050039927 230.238894621531 229.808449745178 226.625263690948 229.521930217743 213.585217793783 219.510157903035 214.863876501719 173.137982686361 116.701056559881 78.9506832758586 69.4268296162287 55.6248277425766 57.3812127113342 69.0227498610814 94.7576860586802
275.976816813151 292.433838049571 291.451871395111 282.581011454264 291.667143503825 296.400348345439 282.996972401937 244.169433911641 210.426211357117 185.269693533579 175.525645414988 160.55957476298 132.189601659775 132.502615451813 146.037896474202 154.420793056488 148.027926683426 151.326715946198 144.607335329056 146.687477827072 144.43106452624 145.935515562693 147.194445133209 147.601763407389 156.652341286341 168.587883313497 182.776828606923 187.891761461894 194.144169489543 205.407440662384 218.272010485331 221.606413523356 208.475828170776 197.601358095805 196.744918823242 175.472438335419 175.867358843486 162.337402502696 130.605737368266 99.5184381802877 103.6124030749 92.0834243297577 74.2911249399185 62.1032863855362 60.9955489635468 75.6379216909409
286.185383796692 288.166801134745 290.673772493998 288.011928399404 286.075532436371 289.307872454325 291.878382364909 268.57316493988 222.458402315776 186.566313107808 181.642572085063 178.635776042938 165.761709213257 150.384763876597 148.811399936676 153.255651394526 146.870712439219 143.053591251373 144.699464241664 149.355411529541 144.246210654577 142.705251773198 146.181474129359 147.416243950526 153.704702854156 162.004848321279 174.558619658152 174.767057100932 182.887852191925 200.698971748352 210.415085156759 205.411990483602 194.991012414296 190.401593844096 175.653060277303 161.461095015208 165.29256105423 162.776490052541 148.872077465057 123.317499955495 125.939677158992 128.571043411891 108.505537112554 89.5301302274068 73.4379142522812 63.69482477506
286.182045936584 287.471354007721 287.211855252584 287.715474764506 284.538169701894 283.657173315684 284.526884555817 273.425579071045 229.906638463338 197.271545728048 185.681740442912 181.894103686015 182.375073432922 163.317412137985 154.567986726761 161.054710547129 153.262406587601 143.032153447469 149.321446816126 150.268266598384 148.941785097122 144.211560487747 149.881343046824 154.154062271118 152.099341154099 159.700125455856 164.78572289149 166.121145089467 173.224369684855 193.911115328471 203.045924504598 199.166834354401 197.142163912455 198.489387830098 173.98860057195 171.18497689565 176.953156789144 183.547616004944 182.741443316142 157.534867525101 114.177395900091 113.413920005163 96.1441397666931 86.1366788546244 67.0254131158193 51.4658888181051
273.495237032572 275.744060675303 277.41813659668 275.866945584615 274.483780066172 272.05107609431 276.77055199941 275.480647881826 238.45249414444 199.480136235555 184.326012929281 179.351687431335 179.349462191264 163.603017727534 152.397056420644 161.050031582514 164.029806852341 149.496416250865 153.553456068039 156.696140766144 157.169342041016 151.139448086421 153.037885824839 156.789799531301 154.168844223022 155.910700559616 163.053373495738 171.098013718923 175.119797388713 189.540604750315 200.212140878042 201.425631841024 196.51186466217 193.430602550507 176.512122154236 182.444592316945 184.822797775269 190.181195735931 185.618201891581 164.37045733134 92.3762619495392 70.2272901932399 58.2387149333954 49.3361751238505 46.2067226568858 43.5895969470342
257.117946942647 264.47335879008 272.345920403798 269.135574499766 268.219153086344 271.654963493347 277.899841467539 279.77732817332 258.120695749919 214.452127615611 192.679186662038 177.300016085307 169.573823610942 160.830358664195 150.154650211334 157.707949479421 169.585108757019 160.96705198288 156.483381986618 159.594456354777 161.36900583903 156.109462181727 154.345879952113 156.452675660451 157.514353593191 158.111910025279 161.573072274526 172.830740610758 176.579594612122 181.577265262604 194.883247216543 202.627817789714 199.536522229513 184.829513231913 174.546619256337 192.129174868266 199.256777763367 202.163736025492 190.882404645284 178.423047065735 85.8689645926158 37.0077441136042 16.3074533144633 15.6186260282993 16.1136177678903 16.9413350522518
224.957625071208 233.936667442322 242.113510767619 246.996720631917 254.032254219055 265.964070955912 275.446534156799 278.249164422353 268.211046854655 231.873253981272 204.702734947205 184.392809867859 168.778200944265 167.418360710144 157.0991675059 151.859760284424 164.573778708776 163.745164871216 157.127062479655 158.200770616531 158.666054407756 154.7731757164 150.571316480637 153.499364852905 156.930685043335 162.875751654307 162.262260913849 169.541796048482 174.829522768656 175.940811634064 186.560869216919 200.339257717133 191.127936045329 172.752439975739 179.899056752523 206.088662147522 211.46285533905 208.073973655701 193.825503190358 197.527567545573 151.322225729624 60.610959927241 24.6862719456355 18.856147925059 18.7039797504743 14.1324127713839
189.603527386983 195.64559062322 195.3364610672 206.025878588359 222.061594327291 236.919720967611 249.537944793701 259.046177069346 254.458983739217 232.551515102386 202.48814423879 180.62299489975 166.154543558757 164.767483870188 159.823179244995 153.954048951467 158.828516801198 159.112721681595 152.040481567383 151.36577685674 156.44571185112 159.257382154465 157.096246878306 153.54730685552 152.215113242467 157.871276140213 163.999716440837 168.809791405996 173.858443895976 174.755374590556 177.415013313293 189.357459545135 183.322866757711 178.148627281189 205.490609010061 219.582517941793 215.197225411733 208.289961020152 207.686285177867 218.426505724589 225.637316703796 177.42000023524 89.0067418416341 48.1633692979813 29.2195826768875 14.0134021639824
