input/barkrak2/radiation/dir05424.grid
NCOLS 85 
NROWS 70 
XLLCORNER 665100 
YLLCORNER 4664600 
CELLSIZE 20 
NODATA_value -9999 
[rows 0 to 20 of 70, columns 0 to 47 of 85]
147.543291250864996 163.740376631419 181.412796179454 203.279395898183 214.417656262716 216.270267963409 213.285366694132 209.081451098124 208.02907148997 211.632609367371 211.632132530212 209.124684333801 206.518272558848 207.330266634623 208.389083544413 196.729063987732 181.977490584056 170.443534851074 168.655117352804 162.645161151886 162.963261206945 180.890480677287 207.9203526179 215.167800585429 218.226234118144 230.579555034637 229.454576969147 214.161197344462 201.17857058843 200.716296831767 196.154236793518 218.821247418722 264.706512292226 263.189653555552 260.869105656942 247.549613316854 251.773754755656 265.339175860087 262.771884600321 262.69010702769 252.101043860118 257.6043009758 265.380203723907 260.267833868663 248.976945877075 252.218921979268 257.506092389425 227.901478608449
124.812394380569 142.777919769287 158.86386235555 179.695725440979 193.918267885844 201.768616835276 205.681105454763 210.322658220927 218.239665031433 218.271613121033 215.495526790619 211.475551128387 207.757194836934 208.283225695292 208.251376946767 195.602178573608 188.894311587016 179.285645484924 175.048967202504 167.793651421865 176.6623655955 201.708912849426 223.489046096802 226.821521917979 230.582714080811 237.21969127655 231.806735197703 218.56814622879 206.101934115092 202.765246232351 203.559517860413 233.339389165243 264.817674954732 262.567897637685 259.456952412923 249.500731627146 255.66420952479 266.341249148051 261.804660161336 260.999162991842 256.367802619934 256.521582603455 252.730806668599 245.115995407104 240.921835104624 251.041571299235 247.023860613505 211.912969748179
87.8216127554576 98.4732707341512 112.109353144964 124.856948852539 140.30267794927 153.014481067657 166.686038176219 186.582525571187 201.465666294098 204.359412193298 206.900715827942 210.640549659729 215.704460938772 218.407352765401 219.310323397319 220.873951911926 218.536496162415 207.344273726145 190.410653750102 182.662804921468 193.980117638906 212.122360865275 223.309655984243 226.230243841807 232.429444789886 232.148389021556 227.211991945902 218.396306037903 210.804343223572 211.940368016561 222.238123416901 249.223430951436 264.93509610494 263.568301995595 257.283488909404 253.986636797587 261.167029539744 265.777269999186 262.924313545227 258.313596248627 251.837849617004 242.168843746185 227.944731712341 223.236521085103 232.235590616862 247.188190619151 235.719402631124 201.926350593567
69.9709951877594 70.2583392461141 77.2728125254313 82.9192946354548 90.9942587216695 100.050806999207 109.659880399704 127.862791220347 149.907290935516 169.804334640503 187.842011451721 205.74684937795 217.518409093221 221.757610638936 225.586970647176 232.421398162842 229.438463846842 218.139489491781 199.708143870036 191.963295141856 192.579468091329 194.059590498606 206.56164487203 216.160615285238 218.277196089427 219.009717305501 221.283654371897 219.297607739766 218.992014726003 223.318457603455 228.748857975006 253.963112831116 262.509147326152 261.876304944356 257.92121887207 258.922576904297 260.034521420797 260.724246501923 255.71342309316 244.657695293427 237.133860588074 225.222289562225 221.263607343038 234.956641991933 249.569137891134 243.203143278758 223.021288712819 197.977463404338
90.9211933612823 74.9834775924683 62.9617025454839 53.7159442901611 54.219181338946 70.5018937587738 96.1797436078389 107.986172040304 118.883043527603 127.532998720805 151.892960071564 178.250749905904 194.465974966685 202.925006548564 210.388203461965 215.341667334239 212.195754051208 205.039421717326 197.638134161631 192.553718884786 187.825520833333 186.426341533661 197.147329648336 207.330028216044 211.305538813273 217.87170569102 219.066858291626 218.778947989146 219.325323899587 220.110932985942 227.978189786275 257.088621457418 259.499589602153 258.453965187073 255.985180536906 254.913767178853 253.632406393687 251.436134179433 241.179764270782 231.394728024801 230.055332183838 228.159089883169 234.09648736318 245.615363121033 248.198469479879 223.467707633972 195.086280504862 187.176724274953
136.286397775014 107.275823752085 79.4549286365509 56.7650099595388 48.0975409348806 57.4635068575541 81.315740942955 104.184806346893 109.522799650828 108.352879683177 117.888947327932 133.088916540146 143.02185177803 151.393204927444 162.1981660525 172.886888186137 177.910208702087 185.875137646993 193.870842456818 198.287864526113 198.884586493174 199.812213579814 198.074440161387 200.575987497965 206.429362297058 213.80752325058 217.011431852976 220.763166745504 221.858898798625 223.905901114146 240.321516990662 256.976207097371 253.501296043396 252.903342247009 251.088400681814 249.363998572032 247.939924399058 242.199858029683 231.781860192617 232.123672962189 231.637458006541 229.417483011882 231.493274370829 235.098679860433 226.270973682404 193.727493286133 165.9783522288 175.228238105774
161.808758974075 135.829528172811 113.340228796005 90.8509691556295 69.4742600123088 57.0981055498123 62.6666049162547 91.5420552094777 110.603431860606 118.486960728963 115.210831165314 110.355367263158 105.632116397222 100.991408030192 103.533248106639 119.686643282572 134.907354911168 158.493409554164 180.988609790802 195.268034934998 203.307271003723 208.652456601461 203.074971834819 199.243704477946 202.629367510478 204.704225063324 209.245721499125 215.319792429606 219.419856866201 226.096411546071 239.898165067037 245.955546696981 236.573815345764 235.791007677714 236.273308595022 235.587219397227 235.126892725627 229.809860388438 224.242329597473 219.134211540222 213.215172290802 212.197025616964 219.403624534607 227.301518122355 219.121972719828 208.643734455109 220.268130302429 229.968746503194
158.211847146352 156.754066546758 148.713886737823 130.053828159968 105.234682559967 74.1773297389348 54.2700539032618 51.171471675237 83.1621338923772 114.983816941579 124.770263830821 121.42946322759 112.25018898646 100.645293792089 85.7702294985453 89.0314777692159 103.431701660156 121.815433104833 148.296991984049 170.987486839294 186.942239602407 199.735601743062 206.406136353811 201.350649197896 199.654519557953 197.783350944519 199.350496133169 202.750702699025 206.849217414856 217.986683050791 228.63495349884 233.260651429494 225.069185098012 219.257314999898 214.501281579336 213.493565718333 221.15433216095 219.067374865214 213.154137134552 194.923321406047 192.573209603628 202.414691448212 220.968047777812 233.01504055659 232.443789641062 235.214829444885 243.270595868429 245.627284049988
120.981812477112 136.500785748164 134.435077508291 137.21826672554 122.416148583094 110.057065884272 78.2162845134735 50.4341622193654 61.9409183661143 82.5425783793132 105.649481217066 122.369935115178 125.861257314682 122.193515300751 106.95477326711 96.1879889170329 92.8540130456289 98.3775754769643 113.709936539332 132.642507553101 150.678157806396 169.236997763316 183.411220709483 183.327476183573 184.07279253006 183.237433433533 182.346860567729 185.319781303406 188.972274462382 198.998947938283 204.781254132589 206.925431887309 204.567968845367 203.280071417491 204.481065273285 206.631382306417 207.82474676768 209.670583407084 207.315464814504 200.310071309408 210.919757684072 224.865933259328 233.88550678889 236.476719379425 230.124314626058 225.691040356954 228.728334108988 239.444613456726
90.235561132431 98.273108402888 107.968916495641 116.977781057358 115.211834510167 123.262455066045 104.515055815379 85.4643583297729 58.5888723532359 50.452321767807 56.9776892662048 81.1169644196828 102.201759815216 118.726899226507 125.374545653661 115.236987670263 100.49303372701 93.3963656425476 92.362234989802 97.5615779558818 107.86908864975 116.270750761032 129.681328932444 142.736653486888 155.692845582962 161.652584870656 161.844968795776 164.162854353587 167.668799559275 174.610634644826 175.773024559021 176.922102769216 182.95415242513 186.799168586731 193.532705307007 196.495632330577 195.720473925273 200.990239779154 204.450945059458 213.468352953593 230.49529393514 238.494336605072 240.871111551921 238.087177276611 229.638636112213 226.016024748484 236.866394678752 246.450384457906
51.8198112646739 54.0585120519002 60.6977343559265 66.7948871850967 79.1328499714534 93.5577352841695 94.538668791453 94.8447585105896 72.421391805013 51.8708030382792 41.0896465182304 43.9213812351227 63.7256900469462 85.5910281340281 106.675823529561 102.275530497233 96.8914330005646 93.8305954138438 87.4833067258199 82.4381758769353 82.2852154572805 85.6866836547852 92.4173593521118 108.287115891774 123.172144095103 136.310706535975 138.689299424489 140.60714840889 148.373077313105 156.488160292308 159.0536236763 162.586470444997 172.468443711599 176.171282927195 178.044458230337 180.925488471985 187.897900740306 193.598687648773 203.562359015147 220.873157183329 229.724029699961 231.338123480479 235.400080680847 232.87433385849 231.094717979431 233.704845110575 242.088178793589 244.244297345479
26.8460536996524 23.3613401651382 25.9934316078822 25.9674688180288 28.676616648833 44.977198044459 57.5370490550995 61.7163479328156 59.7175012032191 59.8596235116323 48.3384082714717 38.4847794969877 42.8974082072576 59.7859720389048 78.0595640341441 84.9472482999166 93.9145684242249 94.1531757513682 88.4053806463877 83.391398191452 76.1988957722982 75.4239559173584 78.3856958150864 89.6731813748678 99.1365214188894 108.346194028854 112.906316916148 119.430859883626 128.652344147364 133.786886930466 140.433410803477 145.819922288259 151.266515254974 155.104984839757 157.691379388173 160.99613904953 172.258098920186 186.037878195445 193.831741809845 212.97546227773 220.421433448792 220.467090606689 216.692626476288 213.091115156809 214.205543200175 217.47088432312 223.978082338969 232.265929381053
19.7608433663845 13.5893399516741 8.62398557364941 3.81880905479193 0.869739335030317 1.35412982975443 14.4071020185947 33.1959823767344 54.0397812922796 61.6157352924347 59.3935151894887 50.6852517525355 38.866197069486 38.6169080932935 52.4030576149623 72.8610853354136 92.3249622186025 96.5128540992737 97.758948802948 88.9919400215149 83.8421682516734 83.5493604342143 84.5908125241597 86.160937945048 91.5740132331848 94.5276121298472 100.643475850423 110.38534839948 116.283019383748 118.520130713781 123.828401168187 129.687209924062 130.902816851934 133.426586786906 136.967996756236 142.646819353104 154.990116755168 167.089899381002 172.704617182414 184.232155481974 194.267650445302 197.599848111471 197.080135345459 198.423067728678 197.832405567169 199.346621831258 201.071699460348 213.492274284363
19.8170406123002 5.21318490306536 0.212185783311725 0 0 0 0 4.24679772307475 27.2207160790761 42.2311772902807 65.8211012681325 68.1936244169871 60.4122479756673 50.7435351610184 49.8272627592087 66.4643247922262 80.6677589813868 94.4059193134308 106.304625670115 105.508337418238 96.9939430554708 95.4643090565999 91.958890358607 92.8208629290263 95.7943399747213 96.5059101581573 104.741235574087 114.379554986954 116.258879502614 110.481937726339 116.186797618866 122.131357590357 123.841295639674 123.019526402156 127.864380677541 136.404275894165 140.308698018392 147.569477558136 153.233577807744 156.985888878504 163.587232430776 170.693894227346 178.374250729879 188.420414924622 186.660548051198 194.008926550547 193.636993567149 189.316352208455
29.3857405583064 8.6959737042586 0.131979555590078 0 0 0 0 1.75020502259334 11.4449684818586 29.8759092887243 57.0495327313741 80.8882564306259 83.7644338607788 77.7504146099091 66.0810073216756 64.3656551837921 68.3622111876806 82.2477887074153 97.7796216805776 110.702296098073 113.810042540232 109.332849582036 107.273280620575 103.804806868235 103.751003742218 102.400342623393 104.228377342224 108.514964580536 114.195128281911 109.704454739889 111.494233210882 117.228885491689 117.711971203486 117.221176624298 122.136155764262 125.433882077535 126.230468352636 125.77219804128 132.597575585047 134.556661049525 139.603406190872 148.117999235789 154.525975386302 160.455048084259 166.438549757004 174.199779828389 185.75644493103 192.056854565938
25.877483189106 11.0430878897508 0.442074029706419 0 0 0 0.442336507452031 3.61575310428937 11.3828107714653 24.0445658564568 48.0112830797831 79.2941749095917 91.0604596138 94.4238205750783 85.2287113666534 69.0621634324392 61.6778632005056 66.141664981842 80.2963823080063 102.534751097361 116.990983486176 116.566091775894 118.854949871699 113.069176673889 108.196228742599 109.588464101156 108.216444651286 107.235650221507 110.616087913513 112.546970446904 117.538253466288 117.753257354101 115.525186061859 113.167385260264 113.819589217504 113.181581099828 110.936522483826 106.951822837194 111.664225657781 113.907724618912 118.078341086706 124.160617589951 126.954545577367 130.642473697662 146.008888880412 152.589380741119 169.152120749156 180.628438790639
21.7834164698919 14.5196976761023 1.34881554792325 0 0 0 1.29338105519613 5.14574783543746 15.1470688482126 20.8917856216431 33.7972044944763 62.2849514087041 83.4530492623647 89.6451870600383 97.2167452176412 93.0985311667124 86.5356425444285 78.6295036474864 71.4877297480901 80.5046558380127 103.995343049367 116.741081078847 123.964667320251 121.640106042226 115.438888470332 117.642194032669 116.593579451243 113.89942963918 112.888018290202 120.465616385142 119.450896978378 107.456902662913 113.80010843277 108.656078577042 104.58892583847 103.658149639765 99.090983470281 97.919632991155 98.6767510573069 102.952202161153 104.805250962575 107.883890469869 110.778550306956 113.788644472758 133.63116979599 142.995735009511 151.91854039828 159.597982962926
17.8616009652615 16.099667797486 7.2016529738903 0 0 0.369204479890565 4.52664991219838 12.8692363699277 21.7243656516075 26.1387676000595 32.9955791433652 47.9178577661514 67.9427683353424 81.403320034345 96.7263380686442 108.6745262146 109.276711940765 101.474821567535 84.9346021811167 75.0267257293065 83.7092200915019 107.523709535599 117.990642786026 122.408191363017 125.180780887604 126.023282607396 128.352204958598 122.611035903295 123.666226863861 119.00332570076 113.001525402069 108.539968729019 99.9858975410461 94.0947333971659 97.7177123228709 100.838601589203 97.5123643875122 97.2422560056051 97.0665911833445 99.7886161009471 101.741234461466 102.734645207723 103.460083405177 106.29669825236 118.405083815257 133.708417415619 142.597615718842 144.646942615509
19.214308510224 22.4318479498227 20.2580367525419 0.455432183419665 0 5.42236429949601 9.14554111659527 19.4147527217865 29.7692517439524 42.9790566364924 49.5942533016205 51.8223543961843 61.0077579816182 68.9162164926529 86.7742200692495 103.853523731232 110.3156208992 111.534814039866 109.635442495346 95.0321952501933 79.2676111062368 91.4688607056936 103.365947802862 113.790522019068 125.706344842911 131.518016258876 129.397382338842 134.658128023148 125.634123881658 115.669220685959 111.890176932017 100.296795368195 92.8721924622854 88.6244575182597 85.8464042345683 87.7970457077026 85.1956407229106 91.1315182844798 96.8307455380758 100.089848041534 101.299007733663 103.579173485438 104.68120376269 103.694935639699 105.956047773361 121.970434983571 126.219222942988 128.036320209503
20.3512112299601 21.4190036058426 23.7101887663205 15.8705127735933 4.39199650039275 11.4432262877623 12.1468342840672 15.2893513441086 30.5779576301575 43.0526832739512 51.0117361942927 48.5134621461233 49.5960414409637 54.6030501524607 69.3351030349731 86.7451429367065 96.939225991567 102.462659279505 108.597228924433 110.349208116531 102.501918872197 91.8872555096944 93.575785557429 104.065398375193 118.33456158638 123.73893459638 127.560546000799 129.910071690877 129.115035136541 118.940204381943 105.879088242849 92.0264025529226 84.563821554184 74.3505309025447 64.9406562248866 58.939794699351 72.8336423635483 66.5757954120636 69.7799772024155 81.190879146258 89.5028710365295 92.5299823284149 93.4915840625763 96.3832437992096 95.6621170043945 106.533368428548 107.505549987157 110.908329486847
25.2400090297063 17.7523170908292 14.4939410189788 23.8458067178726 16.8921090662479 12.535617997249 11.3772278030713 14.760942508777 26.8440395593643 34.5794707536697 40.657584865888 41.256678601106 41.9753889242808 44.4128712018331 53.8990000883738 66.5642917156219 78.6412060260773 87.8768861293793 98.5482136408488 113.825559616089 120.558132727941 110.451281070709 109.711577494939 113.381425539653 116.797427336375 114.874939123789 116.753925879796 123.19678068161 116.674929857254 104.943424463272 103.933175404867 83.0027759075165 64.4382536411285 46.0414588451385 38.5414411624273 33.90271961689 38.7837241093318 41.2158817052841 55.6137015422185 62.3677273591359 66.0187105337779 73.6958086490631 81.2860329945882 79.5034170150757 83.719531695048 93.2080149650574 96.6440041859945 103.128294150035
