input/barkrak2/radiation/dir09724.grid
NCOLS 85 
NROWS 70 
XLLCORNER 665100 
YLLCORNER 4664600 
CELLSIZE 20 
NODATA_value -9999 
[rows 40 to 59 of 70, columns 0 to 45 of 85]
225.930194060008 229.331771532694 228.197793165843 230.103731155396 237.828632195791 243.82346868515 247.415959835052 251.245975494385 248.768369356791 233.921150366465 218.96501382192 215.628961722056 214.608391125997 210.247019926707 206.974665323893 207.260986169179 206.148624420166 207.126120726267 200.254340966543 197.858015696208 201.955159505208 209.263682365417 210.543910662333 207.433660825094 203.0863960584 200.720926125844 210.580209891001 213.593065738678 218.126018842061 217.991789182027 218.994816144307 223.104099432627 218.587080637614 223.253925641378 251.576562722524 251.692573229472 239.113767941793 231.064836184184 233.902295430501 240.175147851308 254.120786984762 274.338026841482 245.810250441233 166.941285133362 102.811257044474 70.8398520946503
233.74476035436 231.828351815542 232.074101765951 230.105042457581 227.014283339183 225.515484809875 222.722470760345 223.959644635518 227.043827374776 219.222585360209 210.674643516541 212.336599826813 214.514255523682 214.939852555593 213.414867719014 209.739208221436 205.929160118103 212.984482447306 211.936811606089 206.968228022257 206.533590952555 207.37498998642 207.984268665314 209.568540255229 209.844092528025 205.993334452311 211.222430070241 214.955766995748 216.618259747823 219.480415185293 220.458368460337 223.160306612651 219.707846641541 234.143237272898 246.434072653453 237.330615520477 220.1034228007 212.302962938944 213.995714982351 225.595037142436 257.951140403748 272.03639348348 259.840985139211 212.101380030314 141.192754109701 101.355055967967
238.259434700012 234.720091025035 237.247784932454 234.808226426442 229.97772693634 225.700577100118 222.948133945465 219.462831815084 218.16885471344 214.486281077067 212.744931379954 210.159579912821 214.536706606547 217.172761758169 217.0569896698 212.779641151428 210.238575935364 214.746872584025 217.904130617777 209.446946779887 206.130623817444 204.58447933197 202.575246493022 203.670163949331 207.764625549316 205.6050101916 201.9122838974 207.954386870066 212.638159592946 216.892898082733 217.565258344014 215.88263909022 221.660415331523 239.438494046529 245.053052902222 222.402592500051 205.377578735352 205.998480319977 214.014490445455 227.606495221456 238.081316153208 239.696025848389 226.640959580739 203.365743160248 153.097331523895 92.3372407754262
222.333053747813 224.860747655233 233.021934827169 229.763726393382 232.500851154327 234.718322753906 232.238272825877 227.681716283162 215.946952501933 214.98183409373 218.278288841248 212.366859118144 213.013688723246 215.989311536153 217.35805273056 213.358342647552 213.093241055806 216.256260871887 215.855201085409 209.094087282817 204.807062943776 202.192187309265 199.077387650808 199.23214117686 201.67076587677 205.267210801442 201.302806536357 203.646341959635 208.674152692159 212.135434150696 210.255245367686 206.400831540426 215.651651223501 229.911347230275 228.406608104706 207.767109076182 201.834400494893 212.510724862417 224.273721377055 227.125525474548 224.060595035553 220.551431179047 211.666266123454 189.228316148122 149.10543958346 95.2771306037903
220.21758556366 225.34320751826 227.378308773041 228.834589322408 230.579276879629 233.154733975728 232.201059659322 228.833119074504 222.724616527557 218.008697032928 219.894210497538 215.54172039032 212.055126825968 209.824681282043 208.737373352051 209.347665309906 204.08046245575 212.204535802205 213.290572166443 209.611674149831 206.501682599386 204.38547929128 202.69238948822 203.905045986176 200.530429681142 209.265649318695 213.87791633606 210.663139820099 209.963699181875 208.241085211436 204.234639803569 200.425426165263 205.581963062286 208.832502365112 208.038330078125 201.612790425618 205.932478109996 220.307906468709 229.094942410787 221.617420514425 220.613221327464 213.440994421641 204.059024651845 186.390936374664 157.540003458659 117.0933842659
225.435773531596 230.101545651754 226.715286572774 230.478564898173 229.328115781148 228.211402893066 229.903280735016 228.643675645192 228.198746840159 223.4947681427 220.839699109395 219.997624556224 213.818252086639 210.008362929026 207.772890726725 212.106347084045 204.049070676168 206.082224845886 213.115672270457 210.648894309998 209.085385004679 208.069642384847 205.796281496684 207.760492960612 207.95472462972 207.158128420512 213.871598243713 213.924368222555 211.34074529012 209.475557009379 205.411712328593 200.871348381042 202.714006106059 198.995510737101 183.893799781799 183.276454607646 196.440895398458 214.621206124624 218.346476554871 204.585194587708 209.09192164739 201.377769311269 195.382475852966 194.428245226542 184.501131375631 147.976289192835
224.687814712524 226.755162080129 228.650053342183 231.181025505066 231.313665707906 229.69377040863 231.616854667664 233.522395292918 228.808403015137 227.012554804484 224.052627881368 223.29850991567 218.241075674693 215.551018714905 213.206549485525 217.578152815501 213.032364845276 207.914769649506 213.987151781718 212.26841211319 208.648562431335 210.726996262868 208.640138308207 203.933477401733 213.588813940684 206.956744194031 207.950572172801 211.768050988515 211.11390988032 210.020005702972 208.65007241567 204.560478528341 201.655149459839 197.951316833496 193.058133125305 188.312212626139 193.734049797058 205.222010612488 206.173062324524 204.123934110006 205.735524495443 196.23996814092 198.858360449473 208.241105079651 205.917398134867 173.802594343821
218.900799751282 221.374611059825 227.354824542999 228.568116823832 232.336302598317 233.551263809204 230.234225591024 230.640451113383 230.670948823293 230.754832426707 226.078609625498 222.879509131114 219.975789388021 220.038791497548 215.594629446665 215.604464213053 213.252902030945 205.653766791026 210.559487342834 211.985071500142 207.876165707906 209.423184394836 211.042046546936 202.287634213765 207.867840925852 207.646131515503 202.385544776917 206.139822800954 210.249245166779 208.793977896372 208.699723084768 208.336253960927 200.96625884374 202.771067619324 208.776295185089 205.972850322723 203.250169754028 201.926032702128 205.101946989695 215.874075889587 207.928121089935 198.503712813059 204.445461432139 209.512611230214 203.438361485799 186.598797639211
211.26933892568 214.522500832876 220.769206682841 223.801553249359 230.170845985413 233.960588773092 230.118890603383 228.319565455119 229.91023461024 231.713652610779 230.418145656586 224.960108598073 223.105609416962 222.334841887156 219.926873842875 214.000443617503 212.064206600189 203.923364480337 209.479769070943 213.693380355835 212.005416552226 212.338666121165 213.176071643829 208.000858624776 205.289940039317 209.010660648346 206.766168276469 209.865212440491 215.509116649628 219.843725363413 223.579227924347 222.684264183044 212.892353534698 214.558362960815 218.556443850199 217.811504999797 216.507116953532 211.312413215637 210.01136302948 214.454372723897 203.830679257711 195.943872133891 193.671345710754 191.665252049764 188.965241114298 187.526285648346
209.972719351451 207.449396451314 212.683101495107 220.111668109894 225.94674428304 228.637059529622 231.70260588328 233.752290407817 232.709546883901 229.560514291128 230.395118395487 230.310082435608 224.934279918671 222.679694493612 219.541450341543 214.2174243927 212.951958179474 209.239264329275 209.733188152313 217.029849688212 217.816690603892 216.365615526835 214.564283688863 213.888704776764 209.337870279948 213.378667831421 215.854605038961 217.735091845194 223.892112572988 230.774343013763 237.470666567485 239.289522171021 229.877432187398 226.002375284831 220.115641752879 220.332046349843 221.139748891195 221.099436283112 215.39294719696 202.406386534373 191.863238811493 193.853437900543 192.561288674672 186.152338981628 182.440002759298 182.756463686625
212.468922138214 213.386952877045 215.909361839294 221.711953481038 223.570227622986 223.668138186137 231.490155061086 236.17947101593 234.698414802551 233.916322390238 232.069770495097 232.425153255463 227.273066838582 223.308662573496 221.839646498362 225.600719451904 216.724654038747 212.274154027303 212.790449460348 221.127549807231 221.711754798889 218.638141949972 216.83003505071 215.194602807363 210.271855195363 216.509123643239 219.919323921204 220.584412415822 225.30742486318 232.964873313904 240.640302499135 245.543897151947 238.14336458842 228.453119595846 214.346051216125 211.67379617691 217.052976290385 223.986526330312 214.413185914358 193.45502058665 186.297913392385 197.146455446879 197.516580422719 192.82321135203 187.560419241587 180.40531873703
210.820476214091 219.544967015584 221.9065229098 224.022626876831 223.837335904439 221.687038739522 228.625933329264 234.48238770167 232.885956764221 237.141927083333 234.024564425151 233.767886956533 229.947209358215 225.233813126882 222.029109795888 227.947473526001 222.411771615346 214.438736438751 211.526930332184 215.390821297963 218.231379985809 216.229200363159 213.904241720835 209.727625052134 206.953724225362 208.669066429138 215.550462404887 216.351727644602 218.541542689006 225.292483965556 232.560733954112 240.612844626109 231.055855751038 210.587064425151 172.934770584106 165.815750757853 189.418733119965 209.990998109182 217.313726743062 215.198040008545 213.077346483866 207.748492558797 184.685190518697 182.503898938497 190.719823042552 180.932958920797
212.17942237854 209.602693716685 210.252483685811 213.49843343099 221.284429232279 225.501656532288 224.07195965449 229.433556397756 229.377369085948 231.878737608592 233.22461048762 233.627160390218 233.691314856211 226.977606614431 223.241488138835 222.48105208079 225.025554498037 214.080055554708 208.400984605153 208.093484242757 209.612905979156 210.501472155253 210.656444231669 204.468091328939 205.282708009084 202.223837375641 203.671177228292 204.605976740519 204.483608404795 206.338922182719 210.071305433909 220.829327901204 206.049164136251 181.992888450623 148.300806681315 129.169166088104 141.021470228831 172.479510307312 204.074422518412 215.14085928599 216.64297580719 197.871565818787 178.751349449158 179.601828257243 184.250195821126 170.581559340159
217.599709828695 206.149121125539 203.224380811056 207.573592662811 219.900051752726 227.068483829498 226.241747538249 228.594561417898 229.55850760142 229.528268178304 231.134136517843 234.026710192362 234.876354535421 233.00564289093 225.398520628611 222.789426644643 225.921889146169 215.693076451619 210.558414459229 214.018861452738 213.138620058695 209.697763125102 207.805593808492 203.448255856832 202.452341715495 200.771768887838 200.232406457265 200.578769048055 199.163794517517 193.042099475861 185.903429985046 189.563910166423 181.709249814351 162.200957536697 146.927336851756 129.793177048365 110.992471377055 120.163629452387 145.481874545415 180.199344952901 196.4191198349 186.963280042013 177.671551704407 173.920432726542 166.502823432287 155.953566233317
219.093203544617 212.793707847595 206.976970036825 211.162288983663 220.00914812088 229.001641273499 232.407371203105 228.361964225769 231.044173240662 229.492247104645 231.69473807017 233.81362358729 234.41074291865 235.955119132996 228.058338165283 228.744288285573 228.463590145111 220.026214917501 214.359223842621 216.034313042959 216.1465883255 213.662723700205 208.556830883026 207.025289535522 205.254515012105 202.037135759989 199.887712796529 194.874385992686 191.097974777222 186.412433783213 178.548574447632 178.672711054484 174.074530601501 170.755326747894 170.701384544373 163.938899834951 139.220267534256 123.248348633448 112.495233615239 127.97271211942 162.08424170812 164.888997872671 154.345035552979 140.794406334559 137.972414493561 143.996934096018
222.677787144979 220.230062802633 213.760395844777 208.494206269582 213.947614034017 226.994037628174 229.206840197245 228.280623753866 228.019257386525 232.27846622467 236.462990442912 238.075157006582 235.960920651754 235.115567843119 231.356739997864 229.565898577372 231.528719266256 223.715484142303 217.178126176198 214.847107728322 213.004430135091 210.794965426127 213.005363941193 213.860233624776 206.683695316315 204.279323418935 198.52618376414 190.568625926971 181.924800078074 180.978496869405 178.309798240662 184.075355529785 179.911812146505 187.290867169698 196.502566337585 200.197498003642 194.695711135864 179.068664709727 160.149117310842 125.224967797597 132.25045800209 149.750332037608 148.714125156403 137.884279092153 140.116900205612 156.946957111359
226.252615451813 223.841706911723 220.664203166962 212.226589520772 211.550871531169 222.5621342659 228.865544001261 228.282948335012 225.093185901642 229.88482316335 238.615870475769 238.361239433289 235.564450422923 235.969920953115 233.30287138621 228.610773881276 230.239669481913 224.728842576345 219.391524791718 217.714567979177 218.305468559265 216.98009967804 213.046212991079 208.924055099487 206.534663836161 202.445467313131 184.112985928853 162.4376475811 156.565209229787 165.492455164591 175.643662611643 180.724759896596 178.642789522807 184.176007906596 197.223782539368 210.875550905863 222.870866457621 225.246111551921 218.877653280894 166.174868742625 137.596954902013 153.656144936879 169.431547323863 175.527095794678 180.144409338633 193.106611569723
225.500742594401 221.50061527888 222.665826479594 219.00087594986 213.881452878316 217.937668164571 226.879715919495 228.990932305654 224.703113238017 228.876193364461 236.576557159424 239.324231942495 233.929753303528 233.928124109904 236.796359221141 227.22065448761 227.420190970103 225.927790006002 222.192724545797 222.677449385325 222.772479057312 221.682886282603 216.754873593648 210.234483083089 209.533015886943 209.470252195994 190.982818603516 167.376498381297 164.660632610321 171.913782755534 183.467785517375 185.035447279612 190.826932589213 199.468413988749 213.659584522247 219.382445017497 217.488666375478 185.177365938822 171.389083067576 166.234890619914 168.743471304576 180.525084336599 182.958980401357 168.278793493907 158.557236194611 171.667615572611
214.843730131785 219.742278258006 219.995220502218 219.017267227173 216.523309548696 213.212768236796 227.516671021779 231.606841087341 228.471358617147 227.198878924052 234.628160794576 237.667063872019 236.775994300842 231.748501459757 232.238570849101 227.833946545919 224.724253018697 225.235025087992 224.539955457052 225.704391797384 226.499795913696 222.502251466115 222.837805747986 216.484030087789 213.343501091003 216.792066891988 211.986064910889 203.43816280365 200.584848721822 201.598167419434 200.266142686208 195.668935775757 203.995982805888 210.970123608907 210.425913333893 191.491564114889 177.675207455953 126.568744579951 103.449841340383 137.198388576508 175.607323646545 190.134783585866 182.53223101298 170.357565085093 165.725042422613 174.442489941915
202.44965950648 216.759006182353 217.533230781555 218.002557754517 218.171278635661 214.660962422689 220.841109752655 231.980224450429 236.055095990499 233.699043591817 233.741084734599 236.57367626826 236.835837364197 234.442869822184 233.157138029734 232.093930244446 226.067940394084 224.467138449351 221.615393956502 219.484368960063 221.347908178965 220.330595970154 219.340801239014 217.628995577494 218.780895074209 225.888689359029 234.415193398794 235.89950799942 220.66859404246 217.644552389781 209.059357643127 195.806900660197 203.992446263631 188.289761543274 159.334659576416 130.954225858053 109.580864508947 105.078935623169 89.367796977361 98.9970962206523 123.004138469696 157.020429770152 181.132078170776 202.619334061941 226.166844367981 225.758274396261
