input/barkrak2/radiation/dir05224.grid
NCOLS 85 
NROWS 70 
XLLCORNER 665100 
YLLCORNER 4664600 
CELLSIZE 20 
NODATA_value -9999 
[rows 0 to 21 of 70, columns 0 to 47 of 85]
143.495370944341005 159.712026516596 177.417774995168 197.979251543681 209.174434343974 211.156785488129 208.439469337463 204.440832138062 203.270037968953 206.877847512563 207.82474676768 205.25054136912 200.497984886169 201.301574707031 202.149291833242 190.235912799835 176.642755667369 165.173798799515 163.510451714198 158.036102851232 158.93209973971 177.069763342539 203.953226407369 211.257656415304 214.386761188507 226.896584033966 225.251694520315 210.436860720317 197.643935680389 197.313129901886 192.728082338969 215.526839097341 260.883053143819 259.089926878611 257.824460665385 243.930200735728 248.604456583659 262.381235758464 258.272469043732 259.623169898987 248.531838258108 254.845003286997 262.580355008443 257.03497727712 245.457410812378 249.752819538116 253.017524878184 222.986320654551
120.860715707143 137.536336978277 153.559188048045 174.296577771505 190.089662869771 197.902123133341 201.816380023956 206.560254096985 213.500161965688 213.485300540924 210.879723230998 206.733425458272 202.799022197723 203.278104464213 203.258574008942 190.441131591797 182.336449623108 172.786970933278 168.833911418915 163.076937198639 172.490398089091 197.926958401998 218.857328097026 220.532794793447 226.339379946391 233.664711316427 228.185415267944 214.872221151988 202.55575577418 199.377417564392 200.158953666687 229.900201161702 260.790824890137 258.341193199158 255.22925456365 245.716055234273 252.021014690399 262.259682019552 257.189472516378 257.996042569478 252.476652463277 253.555258115133 249.601085980733 241.586109002431 237.236320972443 248.564779758453 245.127618312836 207.659840583801
83.0830087264379 93.6469634373983 106.932610273361 120.134115219116 135.633726914724 147.966146469116 161.731670300166 181.654930114746 196.575224399567 199.549873669942 202.294965585073 206.882814566294 211.985925833384 214.74035580953 215.655187765757 217.255095640818 214.956442515055 202.011664708455 185.171226660411 176.826278368632 188.345988591512 206.768294175466 218.869507312775 221.775690714518 225.260774294535 225.946406523387 222.601234912872 214.739501476288 207.274854183197 208.629508813222 219.07252073288 246.164759000142 262.51232624054 259.373684724172 254.321455955505 250.994980335236 257.395764191945 261.823773384094 258.61402352651 254.022439320882 247.729738553365 238.325496514638 224.225302537282 219.259222348531 227.800945440928 244.65157588323 233.155528704325 198.015968004862
65.5102183421453 65.7398452361425 72.9313443104426 79.3024450540543 86.1595173676809 94.9262976646423 105.025599400202 123.143603404363 145.03409465154 164.868454138438 183.001101016998 200.872957706451 212.495426336924 216.667771339417 220.560471216838 227.408647537231 224.397877852122 213.152507940928 194.7048107783 186.950206756592 187.647958596547 188.489139080048 201.757550239563 211.459835370382 213.696837425232 214.350084463755 215.406934420268 213.748633861542 215.277810891469 219.932277997335 225.581288337708 251.040418942769 260.125239690145 259.273668130239 253.84779771169 254.780848821004 257.404168446859 258.166372776031 252.758065859477 241.277197996775 233.647803465525 221.379637718201 217.675864696503 231.128851572673 246.089140574137 239.677647749583 219.239672025045 194.203019142151
83.8791330655416 68.5085952281952 57.0307771364848 47.8860984245936 49.8374799887339 66.0882244507472 91.0517573356628 103.323251008987 114.113668600718 122.715294361115 147.697180509567 174.175918102264 190.549115339915 199.121594429016 206.683814525604 211.708982785543 208.474616209666 201.208551724752 193.70706876119 188.565293947856 183.788518110911 181.543370087941 192.114214102427 201.434334119161 205.564677715302 213.071564833323 214.394688606262 215.143760045369 215.383728345235 215.943137804667 224.259674549103 254.16640440623 255.092759927114 255.729456742605 253.161787986755 252.013583978017 250.593860944112 246.974607308706 236.729482809703 226.958473523458 225.689093271891 224.02282555898 230.094532171885 241.629362106323 244.006514549255 220.485548178355 191.02547566096 183.210611343384
127.278069655101 99.5386242866516 72.8360712528229 50.9616186221441 43.153906861941 52.2502362728119 75.4316101471583 98.9492932955424 104.876975218455 103.663305441538 113.765170176824 128.104080756505 138.943254947662 146.247784296672 157.029171784719 167.74066289266 172.910193602244 181.07924858729 189.074079195658 193.376262982686 193.976998329163 194.802502791087 192.856828371684 195.460677146912 201.416293780009 207.506457964579 212.171196937561 216.206431388855 217.553456624349 220.021665096283 233.463883399963 248.888552188873 244.20694510142 248.330016930898 246.815383434296 245.213071505229 243.615726629893 238.828778266907 228.1853556633 228.528479735057 228.024045626322 225.808421770732 227.943340937297 231.610973676046 223.253746827443 189.417243003845 161.789685487747 171.111325422923
155.254075924555 128.861874341965 106.882512569427 84.7944716612498 63.7732247511546 50.9116897980372 56.5111488103867 85.3359500567118 104.594806830088 113.596181074778 111.072639624278 105.633109807968 101.522227128347 96.3379840056102 98.2114473978678 115.569651126862 130.737572908401 154.335876305898 175.943811734517 191.365400950114 199.494858582815 203.73264948527 199.26659266154 195.395032564799 198.812782764435 200.9250720342 204.111079374949 210.417230923971 213.727831840515 221.581975618998 233.87078444163 241.149544715881 233.477135499318 227.211773395538 226.996382077535 227.415283521016 230.735699335734 226.18043422699 220.499595006307 215.26962518692 209.271570046743 208.277602990468 215.608179569244 223.66060813268 215.572933355967 205.118278662364 216.479659080505 225.905100504557
141.176333030065 144.400596618652 136.676152547201 125.057439009349 99.642425775528 67.4986342589061 48.0282555023829 46.3411112626394 75.2129058043162 108.584503332774 119.149923324585 115.982890129089 107.567052046458 96.5434511502584 81.8110803763072 85.0713054339091 98.0881253878276 116.985897223155 143.261164426804 165.806949138641 181.778470675151 194.690485795339 201.29789908727 196.186125278473 194.502969582876 192.56846110026 194.154620170593 197.667499383291 201.915582021077 211.786945660909 222.010413805644 226.494471232096 218.126595020294 212.410310904185 209.432085355123 208.865702152252 214.481274286906 213.612914085388 208.96327495575 190.668006738027 188.396871089935 198.311368624369 216.264188289642 229.433139165243 228.992919127146 231.402436892192 239.442865053813 242.607156435649
114.291280508041 125.542541344961 128.723740577698 120.13778090477 117.778370777766 93.8136378924052 68.9507871866226 44.3529685338338 49.7831950585047 66.6126509507497 89.967002471288 102.033982674281 118.561317523321 115.644196669261 100.765575965246 92.2273794809977 88.9457662900289 92.6341811815898 105.753004550934 122.903605302175 138.748119274775 165.209909280141 176.260034243266 176.775336265564 180.096427599589 178.108314673106 178.384164969126 181.362132231394 185.03483136495 195.180733998617 201.055328051249 201.751430829366 197.988828023275 196.629285812378 198.010603586833 201.561530431112 202.830950419108 204.143842061361 201.648354530334 196.047981580098 206.404646237691 220.110615094503 230.323612689972 232.972780863444 226.54644648234 222.152749697367 225.214958190918 236.144582430522
87.4935587247213 86.4397287368774 101.372649272283 108.068654934565 110.930254062017 109.266211589177 100.009620189667 78.5188972949982 51.9508421421051 43.2149519522985 51.5989412864049 68.1909322738647 87.2264007727305 103.49311431249 108.027915159861 101.885368426641 89.8375014464061 86.4860812822978 84.7048461437225 87.6672466595968 97.9636708895365 110.681106646856 120.504438877106 134.059170881907 145.296414693197 148.581405480703 153.152247269948 157.682518164317 161.359121402105 168.5804327329 170.177141825358 171.774526437124 177.700718243917 181.457042694092 186.869521935781 190.075993537903 190.654158592224 195.988615353902 199.963450431824 207.875768343608 221.906224886576 233.654836813609 236.024260520935 233.361681302389 225.27954975764 221.942226092021 232.566893100739 241.904656092326
49.3391851584117 49.548402428627 58.3666662375132 59.4505667686462 74.629674355189 83.5404594739278 84.6798717975616 82.4300150076548 60.9480092922846 44.4953838984172 35.746435324351 39.0311206380526 56.799978017807 76.622262597084 94.3834185600281 92.5993919372559 91.8450653553009 87.221105893453 81.5706352392832 78.2028834025065 76.1651049057643 78.6024431387583 87.5891248385112 101.315061251322 117.478718360265 128.821402788162 131.530433893204 134.902815024058 143.789798021317 149.954557418823 154.104600350062 158.752073844274 165.988812843959 170.378088951111 172.607163588206 175.234099229177 181.352297465007 188.415050506592 197.498500347137 216.107090314229 224.710702896118 226.151764392853 225.139856338501 224.448680877686 225.063621997833 230.307022730509 238.912065823873 241.087237993876
24.5714957515399 21.3128204147021 23.3406573534012 22.833747168382 24.7321873903275 32.3486352960269 48.5067864259084 53.4827709197998 54.6469489733378 49.8146166404088 43.6445375283559 34.5850711067518 38.8884022831917 53.7020067373912 70.954571167628 76.8649280071259 87.7182682355245 90.4967288176219 85.4991873105367 76.0382165511449 72.1411009629567 70.8421965440114 71.255366007487 82.3063552379608 94.570646683375 103.101114432017 107.627292474111 113.175561030706 121.314873298009 128.26723853747 135.050117969513 140.400509039561 145.738343397776 150.107910235723 152.7252693971 156.405260165532 167.161087195079 179.04535929362 186.871508757273 206.178784370422 215.222795804342 215.162396430969 211.381137371063 207.856734593709 208.012998104095 208.006342252096 217.784523963928 228.790620962779
17.1596482396126 11.8461201588313 6.94414228200912 3.1207703674833 0.50007594594111 0.68193580955267 12.8432686130206 30.3688247998555 48.424169421196 56.5028488636017 54.0952533483505 47.0528652270635 35.1434672872225 34.9129761258761 48.1278946002324 67.8629477818807 83.0602546532949 89.0915195147196 90.5874272187551 86.0877633094788 78.3748875061671 79.8116226991018 80.6440263986588 81.3844750324885 84.3554635842641 88.3219440778096 94.4716334342957 104.075769583384 109.026143948237 112.418055534363 117.612073818843 124.343812465668 125.56583682696 127.530594666799 130.952676137288 137.216826279958 149.503449598948 162.970254818598 168.69447628657 179.818093776703 188.772241274516 190.518995126088 190.111060937246 193.090498447418 192.737142244975 195.552885532379 197.323064009349 203.664898872375
17.7105044325193 3.57619610925516 0 0 0 0 0 3.67158061514298 24.9025672674179 41.6253060102463 55.0680756568909 67.4114922682444 57.3455939690272 46.5220163265864 45.6641564766566 63.055008649826 77.1380166212718 89.6771550178528 99.3060866991679 99.4216203689575 92.1179850896199 91.0457173983256 88.6377096176147 88.8271729151408 90.1159644126892 89.767316977183 95.3719317913055 109.029740095139 110.944976409276 105.310420195262 110.021372636159 116.075575351715 118.550310532252 117.704768975576 122.494836648305 131.017704804738 136.173089345296 143.455584843953 147.677878538767 150.988101959229 158.045689264933 164.749542872111 172.789732615153 181.350429852804 179.976165294647 188.805798689524 189.819554487864 185.512681802114
24.2924441893895 6.84363891681035 0.00921299882368961 0 0 0 0 1.19451014325023 9.58362407982349 28.1517654657364 56.9228629271189 80.0669838984807 82.9902241627375 73.5490222771962 62.3558809359868 60.8641505241394 64.8389707008998 78.5486797491709 95.8844621976217 105.750024318695 107.572416464488 103.609383106232 104.350765546163 100.866138935089 98.2459584871928 98.0862279733022 98.3528693517049 103.350540002187 104.072421789169 105.558017889659 107.06560810407 111.92121108373 112.43611574173 112.613747517268 116.831411918004 121.22243642807 120.850384235382 120.91272075971 127.234091361364 129.24803296725 135.423401991526 142.648875713348 148.977100849152 156.431784232457 161.3776187102 167.693316936493 179.149826367696 186.720649401347
23.5096241037051 9.07895962397257 0.217855190082143 0 0 0 0.0794594476853187 3.0110493923227 7.9418004800876 21.5017894903819 45.9481428066889 77.8597295284271 91.7348563671112 92.3351248105367 83.6714903513591 65.5821412801743 58.2701563835144 62.5786632299423 77.8970022996267 98.548819621404 110.90424656868 110.616465409597 112.898131211599 110.162973403931 105.271150668462 105.223566293716 105.561335881551 100.705246130625 104.654689629873 106.410960356394 108.12246799469 112.431983153025 110.288669665654 108.586768309275 108.61544807752 108.555456002553 105.810264746348 102.328151464462 106.605291366577 109.774688879649 112.938980261485 119.293530782064 122.912933429082 125.735779603322 140.734563271205 147.547026475271 162.0787580808 173.470993836721
19.746092458566 11.7348171770573 0.806300435215235 0 0 0 0.599924086903532 4.53733652830124 12.870100637277 19.0887687106927 29.8179239034653 54.9677461385727 79.1164388259252 90.4195507367452 93.8281416893005 89.5291864871979 84.0042134126027 73.5285778840383 68.8419044017792 77.8002440929413 98.2558528582255 112.651119629542 117.831299702326 117.419004440308 111.25252644221 111.803889274597 114.026725292206 109.721521536509 106.93895816803 113.834162553151 114.187111457189 99.3478894233704 104.174425204595 104.140768448512 99.5497504870097 99.1817514101664 94.1781401634216 93.0584271748861 94.592809677124 98.061462243398 99.8635292053223 103.196740150452 105.776727199554 109.002103408178 128.421237071355 139.224131902059 146.444847186406 154.057423273722
16.0390411814054 13.7721784412861 5.27451932430267 0 0 0.163711529845993 3.4402289117376 7.92052845160166 20.1471609373887 24.2580125729243 28.4668629368146 43.3291544516881 67.3032353321711 80.2441736062368 95.8715776602427 103.842258453369 105.391323566437 95.6372419993083 82.2872718175252 72.2771634658178 80.9650421142578 103.31983367602 112.004518508911 118.254115184148 119.169821341832 121.59385283788 121.757964293162 119.90624666214 120.893309513728 116.332362095515 105.469723542531 97.4537233511607 93.1469698746999 85.1763089497884 84.2984020709991 90.5817250410716 93.0669506390889 92.3914313316345 92.5622185071309 95.2244301637014 97.1177121003469 98.7930198510488 98.7814565499624 101.51869058609 113.291382789612 128.631869951884 137.187272310257 139.364182949066
17.2738656401634 20.2925565342108 18.1598141789436 0.121961367161324 0 4.71479104210933 8.45179768900076 17.0498465498288 28.1757960716883 38.192979991436 43.387492497762 48.8944003979365 59.9989493687948 67.2643482685089 84.5578114191691 99.120835463206 104.09610470136 106.82275891304 105.086187521617 90.913991133372 76.5240689118703 87.3524844646454 97.749928633372 109.587679306666 121.33851647377 125.283102194468 125.205814838409 130.370656649272 122.992744048436 113.156815369924 109.285056591034 95.9595143795013 89.3695553143819 74.8200267553329 75.2601772546768 74.9261130889257 78.8681358098984 76.2979437907537 83.4741195042928 93.7812427679698 96.4430868625641 98.9117523034414 95.8461463451385 97.5279112656911 97.7553725242615 111.419965823491 116.986811161041 120.842824379603
18.2757241030534 18.6593011021614 20.759188880523 13.6665428678195 2.94639418522517 9.80714584390322 10.4645440975825 13.3849767347177 27.5661423802376 38.1725107630094 48.0589767297109 46.8344241380692 48.24631412824 52.5766462087631 67.0512765645981 83.1345717112223 93.2558874289195 100.010553995768 106.049686670303 106.28687342008 98.360816637675 89.0514453252157 90.7258788744609 99.8325049877167 112.44797706604 120.937168598175 124.849220116933 127.250442902247 116.093426942825 116.372625033061 103.479186693827 89.7968113422394 82.3123753070831 66.0751561323802 61.1957808335622 56.1435023943583 50.2129197120667 61.215470234553 56.9619983434677 68.1374569733938 77.3309469223022 82.3275645573934 86.9171917438507 86.5989327430725 86.6048832734426 97.4761744340261 100.546181201935 104.297151168187
22.9226499795914 15.787078688542 11.6341536243757 20.7518811027209 14.2293547590574 11.7275255421797 10.6490689019362 14.0841417014599 25.4725565512975 32.8773111104965 38.7362291415532 39.406086007754 39.1198520859083 41.2767877181371 49.5456357796987 63.165028889974 76.9233802954356 85.3604276974996 95.9425171216329 109.610021114349 116.07027053833 106.173545122147 105.444818735123 107.551415761312 112.22983400027 112.055639425913 109.945674737295 120.371450980504 114.097426335017 101.244966189067 86.6348842779795 79.6774625778198 62.4217490355174 42.5129135449727 33.1453457474709 28.434120118618 27.8266966342926 34.6777041753133 39.5617758234342 47.7136820554733 60.1595987876256 68.7484194835027 74.1188625494639 71.7056741317113 79.3591489394506 83.3955407142639 89.7528926531474 96.4085459709167
46.8837320804596 34.7166657447815 23.3780344327291 33.7871586283048 29.503325621287 10.3625903526942 13.0187595884005 24.1161237160365 29.3705811103185 32.9552118976911 34.7037067015966 35.4788775245349 36.3972062865893 34.2414453625679 42.3400004704793 52.4817407131195 67.532405257225 78.0944178501765 86.6422057151794 101.797511180242 109.114597241084 123.672505219777 129.736443360647 129.09859418869 123.074372609456 111.110587914785 104.794998963674 97.1896151701609 101.946930090586 97.7376898129781 74.1350750128428 52.3123890161514 35.8226572473844 21.1454580227534 7.49512016773224 3.26717955370744 4.17575736840566 15.5945792794228 21.5780809521675 29.0490314364433 42.6034430662791 47.9045609633128 47.1041252215703 42.486568291982 64.1675740480423 73.9398499329885 80.5655221144358 86.2857699394226
