input/barkrak2/radiation/dir02724.grid
NCOLS 85 
NROWS 70 
XLLCORNER 665100 
YLLCORNER 4664600 
CELLSIZE 20 
NODATA_value -9999 
[rows 46 to 68 of 70, columns 0 to 50 of 85]
69.8906977971395 71.4327196280162 74.2170910040538 76.4062106609344 76.0894467433294 75.7242689530055 77.7865399916967 79.5231362183889 75.8610864480336 74.2717981338501 73.4837303558985 72.4837929010391 68.6061928669612 65.8675779898961 66.1730964978536 69.5770978927612 68.1980450948079 62.8000497817993 67.7979489167531 66.6507879892985 63.7815395991007 64.3559992313385 64.0337367852529 61.8884315093358 69.5176372925441 62.2393786907196 64.0162030855815 65.7115479310354 64.8845732212067 64.024696747462 62.3078395922979 59.5360646645228 59.2577358086904 58.7640255689621 61.1463685830434 62.1406634648641 63.8866325219472 69.9141671260198 71.9846735397975 70.3789492448171 68.5839802026749 63.575158516566 69.1260745127996 75.2750337123871 66.4382328589757 36.3554904858271 6.10759668052197 0 0 0 0
63.6560668547948 66.0547862450282 71.8640486399333 73.610042532285 77.3419042428335 78.8364410400391 76.5929917494456 76.5003363291423 76.4058132966359 79.1557729244232 75.5533228317897 71.7262923717499 70.5288151899974 70.4554170370102 68.4273888667424 67.802627881368 67.6559507846832 60.3364159663518 64.3510421117147 66.6280140479406 62.8247956434886 63.2240275541941 66.4929896593094 60.7229967912038 63.6712561051051 63.2733404636383 58.5741897424062 62.1143082777659 64.8084034522374 63.7007057666779 64.3438299496969 63.0844235420227 59.5784137646357 61.8113577365875 73.0785777171453 76.8898179133733 72.2227344910304 66.1802341540654 68.4261322021484 78.8400719563166 72.7736403544744 65.303236246109 72.576234738032 78.1702597935994 72.5741485754649 52.8581043084463 21.6358055671056 0.0351088674506173 0 0 0
56.4879526694616 59.6574197212855 65.2902126312256 69.0388679504395 75.6914069255193 79.3022314707438 76.0379880666733 74.2340385913849 78.1775961319606 80.3315142790477 78.1783560911814 74.0175644556681 72.394718726476 73.0117857456207 70.9848552942276 65.7311181227366 65.1117910941442 60.4168176651001 64.0582243601481 67.6902532577515 67.5178617238998 67.6038364569346 69.6880718072255 65.8989995718002 63.6118849118551 66.0993506511052 62.4716728925705 66.6951189438502 71.5139557917913 74.802428483963 78.7896563609441 77.3327052593231 68.4636433919271 71.4966853459676 77.9436975717545 87.526152531306 85.9474539756775 74.5501120885213 70.4819510380427 76.0121643543243 71.317841609319 64.1630391279856 61.5210980176926 61.7481817801793 60.0387354691823 58.786819378535 49.722229441007 7.67273580034574 0 0 0
55.3243905305862 53.1020859877268 57.4193745851517 65.7960772514343 71.8340774377187 75.1110066970189 77.9129415750504 80.4619540770849 81.8199217319489 78.2900899648666 80.2107006311417 80.0573527812958 76.5598366657893 73.7760961055756 71.8853225310643 67.4709479014079 65.8740798632304 63.2831950982412 66.3247505823771 71.561669309934 73.9711225032806 74.0349541107814 72.1919039885203 72.8424290815989 68.2479689518611 70.473924279213 71.5344746907552 75.1106490691503 81.352099776268 86.5880449612935 94.6461359659831 95.6556697686513 84.208865960439 78.7382026513418 78.1747798124949 88.631530602773 89.0376369158427 84.4882229963938 75.8855740229289 66.4864281813304 62.1529370546341 63.6296570301056 62.1136625607808 58.0407877763112 54.1788240273794 57.5651327768962 50.7374008496602 15.2814785639445 0 0 0
55.6965221961339 59.1852019230525 62.8315806388855 69.4869607686996 69.9969927469889 70.4297920068105 78.5994529724121 83.7839245796204 83.5631887118022 83.3232005437215 83.008219798406 82.724799712499 78.4453948338826 74.5555957158407 74.5485226313273 77.8335084517797 69.731483856837 69.1350847482681 71.5550680955251 76.450655857722 76.5899121761322 75.3520727157593 73.7945884466171 73.9841610193253 69.9299325545629 75.1774062712987 78.3524513244629 81.1128318309784 87.2901876767476 93.2519237200419 99.0786751111348 106.328586737315 96.6046750545502 82.3297798633575 74.1717269023259 67.9202328125636 84.3620200951894 89.6595517794291 80.059140920639 63.4251336256663 56.9925357898076 64.6842072407405 68.0799881617228 64.944197734197 59.1716766357422 56.917334596316 40.7071361939112 20.1662878195445 0.205156199323634 0 0
56.3768098751704 67.5453344980876 69.9848035971324 71.5374002854029 69.533442457517 68.9885864655177 76.6923278570175 82.424188653628 82.2183042764664 87.1947705745697 84.6944650014241 84.1573079427083 81.6639363765717 76.4801899592082 76.1726299921672 82.3413679997126 75.7024586200714 72.9722181955973 70.8897113800049 72.0850775639216 73.5067129135132 72.4281370639801 71.0706462462743 69.0426826477051 68.2488133509954 70.8911816279093 75.6736447413762 77.1978795528412 81.1266998449961 88.6773566404978 94.5928990840912 101.90737247467 97.687691450119 75.2443621555964 31.0562228163083 30.4078211386998 50.2960532903671 68.735271692276 81.3932716846466 84.8303337891897 78.007032473882 72.7021296819051 60.4429493347804 58.7903757890066 65.4594699541728 54.7003050645192 33.8370328148206 26.5003691116969 3.7412599970897 0 0
60.0464642047882 58.2640965779622 57.5112799803416 59.6370796362559 66.6526854038239 72.270060578982 72.969064116478 78.8824409246445 78.8782735665639 83.7036768595378 84.0478539466858 85.8668684959412 85.4134360949198 80.9396257003148 78.3818165461222 76.9893576701482 78.211635351181 72.6391573746999 67.5408591826757 64.9645179510117 64.7192200024923 66.0924911499023 67.5555765628815 62.6387496789296 64.6544992923737 63.369741042455 65.2185181776683 67.7512486775716 69.4575061400731 73.2325414816539 76.5891869862874 85.3163997332255 83.777129650116 60.6348812580109 25.8897294600805 16.6522214810054 17.6951847970486 28.1966303785642 57.8962713479996 80.178697903951 83.0616007248561 73.3456462621689 57.492400209109 48.4654605388641 53.3921867609024 47.6878384749095 33.0565944314003 46.1412568887075 28.5585920015971 4.42754290997982 0
62.7742360035578 52.9991686344147 50.8112609386444 55.9399972359339 67.3184941212336 76.1449635028839 75.720876455307 77.001561721166 79.739918311437 80.1270802815755 82.4203640222549 85.087905327479 86.7442886034648 85.1658781369527 80.6052535772324 78.017403682073 80.5946439504623 73.0174531539281 68.7016397714615 69.3989495436351 68.648099899292 66.7197058598201 64.5063867171605 61.5579038858414 60.8984579642614 60.8559201161067 60.0790828466415 63.8495783011119 64.032236735026 61.5196128686269 52.9315968354543 56.8045775095622 59.6484541893005 34.6137608091036 27.7995963891347 17.7136833469073 7.5447354465723 5.87147784729799 15.5970441798369 45.4718669255575 65.1644021272659 63.890407482783 49.8820145924886 44.9432830015818 38.9771511157354 34.242923061053 31.5616205334663 53.6637802918752 62.527726093928 41.6183471679688 12.0453971127669
62.943955262502 57.4555595715841 55.4160873095194 60.605267683665 69.8461532592773 77.7864158153534 80.7206233342489 77.0507951577504 81.6129843393962 80.0191958745321 83.8450888792674 85.6170952320099 87.3452226320903 88.617076476415 83.4446648756663 82.6061318318049 83.5068821907043 77.5785744190216 73.8394955794017 74.3122895558675 73.5635211070379 70.6101407607396 67.8721020619075 67.3794597387314 63.7188305457433 63.3866091569265 60.9244704246521 59.7867667675018 56.9357673327128 54.360752304395 44.7690586249034 47.0879971981049 53.8648416598638 55.7828446229299 53.7895659605662 42.4953003724416 19.8973839481672 7.88614898920059 6.38637505471706 12.5784141321977 30.8446908990542 35.9168375531832 31.1678424477577 24.0655069549878 23.7167527278264 30.1237752040227 41.3645630081495 46.2157924969991 58.1138928731283 63.2459223270416 44.0880954265594
66.2925293048223 64.7952854633331 61.1810783545176 59.8993599414825 65.8245036999385 76.6781717538834 78.9808134237925 76.8149048089981 78.7957410017649 83.9515725771586 90.4692113399506 91.1575655142466 89.2937183380127 89.9017552534739 87.3846014340719 87.0002210140228 86.8521531422933 84.2099487781525 79.5905043681463 75.8008807897568 73.7058619658152 72.2377846638362 73.2101748387019 75.7260223229726 69.6316162745158 68.9120789368947 62.2772524754206 52.7820934851964 46.3419258594513 45.9856341282527 47.4498321612676 52.2031237681707 58.4393044312795 70.4891383647919 74.8627036809921 73.2399771610896 61.5780651569366 41.6332483291626 31.2121982375781 11.9803051153819 18.3626338839531 30.2132988969485 38.0116353432337 27.7543514966965 27.5478263696035 42.2892322142919 63.4294301271439 57.3499351739883 52.1522661050161 58.7302545706431 50.002654393514
68.897287050883 68.30928226312 67.1729495127996 63.5355412960052 64.6966050068537 74.0069796641668 76.7431408166885 76.635350783666 76.7880131800969 86.0338807106018 94.2361950874329 93.0116871992747 88.6271595954895 91.0767912864685 92.4937427043915 86.4055355389913 88.664044936498 85.4203502337138 80.7531923055649 77.9318660497665 77.6964575052261 78.0766656001409 75.1878172159195 72.9951461156209 68.7627245982488 64.6208773056666 46.1964905261993 27.9921864469846 23.7584511439006 30.1890621582667 44.4796780745188 49.0104109048843 56.5385619799296 64.2248392105103 74.9439001083374 86.6423050562541 90.4385944207509 71.9640950361888 70.3286478916804 40.7521004478137 20.4011698563894 30.4400076468786 53.3156345287959 53.4213880697886 52.7224689722061 66.8655087550481 93.1298732757568 81.5152724583944 58.7549904982249 45.1821982860565 35.8226895332336
67.7017271518707 65.8180465300878 69.5682217677434 70.5356200536092 67.9785708586375 70.6298053264618 76.6378939151764 77.5056531031926 77.8214037418365 85.7293506463369 92.8809344768524 91.324786345164 86.5004261334737 89.920441309611 93.6166644096375 84.0739011764526 85.4721466700236 84.0794245402018 82.4772616227468 82.8116039435069 83.4366381168365 83.1155379613241 78.7794888019562 72.0859368642171 70.6472645203273 67.6349699497223 49.5569507280985 30.5302912990252 29.5726905266444 36.9042307138443 50.7335265477498 54.4293870528539 66.4894630511602 76.3619343439738 87.0402852694194 82.9433053731918 77.1596332391103 35.8788718779882 36.2527817487717 36.8653337160746 43.1868880987167 54.8961659272512 63.1584773461024 34.9269633491834 28.215284148852 33.3440154790878 71.7724064985911 66.7632420857747 53.2425890366236 43.4652467568715 37.0671004056931
56.28934999307 63.9455070098241 67.4886802832286 70.3591654698054 70.345530907313 67.0690288146337 76.5284399191539 80.5546442667643 81.4414670070012 86.4641467730204 89.1051789124807 88.6855721473694 87.8742933273315 85.9615206718445 87.4030788739522 83.7654968102773 80.6363970041275 84.1380655765533 85.6046875317891 88.2463455200195 89.5087520281474 84.5524072647095 82.138458887736 76.5864203373591 74.1408268610636 74.3138293425242 70.0977394978205 60.880367954572 62.3780339956284 63.802033662796 61.6122285525004 63.0989025036494 79.4446220000585 88.3204539616903 86.9455933570862 61.9639654954275 41.7427122592926 20.5368561049302 10.2989425261815 20.5807313323021 22.6539398233096 58.8955680529277 67.3779348532359 53.8009802500407 41.1397938927015 42.9907192786535 57.531883319219 62.3576939105988 59.6769352753957 52.7439812819163 46.0886458555857
46.3450352350871 61.2617035706838 65.3992791970571 68.3801819880803 71.479191382726 67.5436506668727 71.9921886920929 80.1584869623184 91.1167661348979 92.3865338166555 87.808887163798 85.619459549586 87.1879756450653 86.6422752539317 86.6418282190959 83.9651922384898 80.4807245731354 83.0304523309072 82.0101797580719 79.2071521282196 80.5522700150808 80.3207655747731 79.2662004629771 77.2645225127538 77.2926559050878 81.7293425401052 92.6655133565267 93.5735106468201 77.4284899234772 71.2063014507294 65.237949291865 57.8681528568268 73.886568347613 66.0089751084646 31.5741673111916 23.2104981938998 22.0226496458054 14.824832479159 3.69838283707698 1.45664547259609 0.439540366642177 21.2124983469645 59.843788544337 81.3676416873932 86.928516626358 82.1021397908529 79.4273763895035 80.4470231135686 80.0437281529109 68.5920317967733 57.3722024758657
48.1735169887543 58.4513197342555 65.8362805843353 68.3837085962296 69.9980656305949 70.2024300893148 64.5625442266464 74.3487974007924 95.9547162055969 95.087985197703 85.7506394386292 82.3138306538264 85.6214761734009 89.31698401769 88.0416333675385 84.7047964731852 83.1223179896673 80.7515283425649 74.1250266631444 67.266970872879 67.7833457787832 70.8042234182358 71.9731251398722 75.5060017108917 77.3361225922902 81.6535850365957 100.490232308706 105.556110541026 88.7807607650757 76.1432399352392 60.8590791622798 50.7807731628418 54.832657178243 52.5882343451182 29.3219337860743 18.1183318297068 19.3323853115241 26.5370557705561 18.4324309229851 6.16030705471834 0.545415328815579 7.47717792789141 31.978485484918 64.2117261886597 68.3509608109792 64.661165078481 72.1698353687922 74.4102299213409 70.2825387318929 63.5628600915273 65.0062064329783
60.100257396698 63.3311371008555 65.7589981953303 62.353973587354 56.2496880690257 53.432434797287 61.4593724409739 67.0955876509349 77.2792796293894 73.5613207022349 70.641835530599 76.4067818721135 83.6171408494314 85.7975284258525 81.7450036605199 83.6629072825114 83.9499632517497 77.9126981894175 69.4855153560638 63.9325877030691 63.5077009598414 64.9910072485606 67.9206947485606 70.8134671052297 72.5641498963038 76.3343175252279 89.3473029136658 99.1525948047638 84.373156229655 73.4066814184189 59.597373008728 46.5842485427856 42.4998601277669 56.1504016319911 51.8507659435272 28.0637517571449 28.2001843055089 61.2932989994685 65.5723164478938 42.1529312928518 13.9372559885184 9.6451702217261 20.4834466179212 29.4368614753087 27.91861196359 30.083104968071 41.6587516665459 45.3184296687444 50.6630092859268 55.9366742769877 80.2551607290904
71.9477732976278 68.6461428801219 64.7927820682526 57.4538956085841 47.1164186795553 40.6414195895195 51.3260116179784 51.0592857996623 41.0976260900497 41.1797215541204 51.1273046334585 64.6949708461761 71.5392132600148 75.9536822636922 79.2660067478816 90.0086462497711 92.8772389888763 83.6003720760345 74.6397823095322 70.9622402985891 67.0983890692393 67.453995347023 69.4420586029689 69.2915022373199 68.7594711780548 71.3999817768733 78.3481846253077 85.0013891855876 77.237198750178 55.4055273532867 59.1741949319839 49.3759910265605 44.9034670988719 65.2957061926524 71.440801024437 58.8514308134715 48.9060133695602 42.3899193604787 46.6563105583191 48.2540378967921 34.8632782697678 22.7615808447202 20.0930399199327 20.6083233157794 13.9580182731152 15.3691954910755 24.785319964091 27.3584127426147 28.7503550450007 56.8435291449229 107.870807250341
75.049231449763 68.1387186050415 63.1010383367538 59.0620537598928 51.7602165540059 45.317088564237 40.7593573133151 36.3565757870674 18.5847257574399 26.381050546964 46.1081167062124 59.2522124449412 59.3255559603373 67.4019406239192 81.6360414028168 98.4197656313578 104.008773962657 96.6167648633321 87.6810749371846 83.2401116689046 77.9650857051214 75.1288632551829 73.8367388645808 70.624033610026 68.5303856929143 69.797158241272 68.5232579708099 68.4794982274373 66.0427510738373 48.3238597710927 46.5390334526698 47.2468634446462 43.1620826323827 68.3380663394928 88.5320703188578 91.8288826942444 65.4780368010203 25.6191045045853 21.4390456676483 28.2023698091507 36.4653716484706 25.8955111106237 34.1519365708033 29.4872795542081 19.5147953927517 13.4002740184466 21.1393684148788 34.8920226097107 43.1064863999685 72.4152574936549 140.903284152349
77.7256637811661 72.1886257330577 70.8003987868627 71.9750076532364 68.5281455516815 61.8237008651098 56.3994248708089 57.1088492870331 55.5724600950877 61.0455274581909 69.8194255431493 76.2301137049993 76.7498016357422 71.2938954432805 82.0405234893163 99.108874797821 109.92572704951 109.960466623306 102.1874944369 92.0765300591787 85.5510036150614 80.5567651987076 79.1192303101222 76.7502238353093 70.6515858570735 62.6282294591268 59.4144215186437 60.2008104324341 58.580070734024 55.5882553259532 37.2925400733948 37.2653330365817 28.8593620061874 55.7191073894501 96.3397224744161 106.205523014069 72.5244184335073 38.0695983767509 14.7603464623292 14.9321009715398 18.7884295980136 16.0077773034573 29.1000629464785 44.4622387488683 45.8237181107203 32.4303805828094 32.307709256808 49.5489090681076 78.4119615952174 126.683781544367 159.491191307704
78.6029895146688 75.7648001114527 75.9775241216024 77.4637361367543 76.8258472283681 72.9205856720607 72.492241859436 80.7066063086192 98.3132322629293 93.8022434711456 84.4946503639221 86.4473481973012 92.0614004135132 79.0122747421265 80.4326285918554 89.5864566167196 99.0901092688243 106.224358081818 106.53226574262 99.4167923927307 93.3279494444529 86.3424340883891 80.6396802266439 81.0044755538305 71.6218849023183 56.9154272476832 51.4599333206813 50.2234598000844 50.8893728256226 44.8698848485947 22.5844631592433 20.1765174667041 14.5693930486838 14.8981822033723 93.1329329808553 107.562432686488 87.3368879159292 75.1780768235524 41.5498291452726 9.62353746096293 2.83930885295073 0.0561978085897863 17.3818034430345 49.3364135424296 56.8123211463292 46.4717845122019 45.0879832108816 71.1471388737361 132.728507121404 179.192980130514 170.596321423848
77.7840117613475 74.1171141465505 68.0815080801646 62.9890859127045 63.5461509227753 65.7726526260376 65.5369758605957 78.4505854050318 89.7774895032247 84.7142736117045 74.480523665746 74.6035724878311 85.5551858743032 81.2144776185354 77.0375480254491 76.675479610761 77.2555669148763 84.439625342687 95.0361788272858 99.6343791484833 95.211793979009 88.7653628985087 81.7509343226751 74.9587714672089 65.8703049023946 59.3900481859843 45.1580584049225 39.4690980513891 45.928622285525 41.5820330381393 22.4426363905271 16.0256053010623 7.66291966040929 0.716393658270439 27.2851859529813 97.5185732046763 104.187369346619 116.265088319778 97.7902213732402 44.8698749144872 8.46782512962818 0.644204400790234 8.48388361434142 42.5907224416733 63.0374103784561 84.8229030768077 107.746084531148 161.435763041178 203.588386376699 213.567733764648 197.012066841125
80.1419119040171 77.9566218455632 71.6278553009033 64.3646319707235 62.7203583717346 65.6586289405823 57.0720583200455 54.9278209606806 56.1363250017166 53.2719194889069 45.9642807642619 43.4432774782181 49.6900777022044 66.5914366642634 73.8416761159897 69.5355832576752 58.624525864919 53.1778583923976 64.6800845861435 87.6196622848511 88.8853967189789 82.8002939621608 75.9458293517431 69.9423303206762 65.6525641679764 59.3139380216599 48.0667551358541 31.5318579475085 37.8712018330892 51.2859920660655 38.7065460284551 21.2840437889099 11.256189395984 0 0 77.2305478652318 117.832899093628 132.550179958344 119.308849175771 89.1467034816742 53.9902150630951 19.949392726024 17.1075984835625 38.2378151019414 74.3289142847061 141.856908798218 184.499581654867 216.147343317668 224.77134068807 224.064747492472 214.011251926422
81.9733689228694 81.8534940481186 79.123725493749 75.3152271111806 73.3091582854589 72.4507719278336 55.8152894179026 40.1164342959722 40.6845211982727 43.1802769502004 40.2792568008105 37.2770701845487 38.7424950798353 62.4681065479914 77.1610041459401 67.2778934240341 45.2408194541931 33.0202902356784 36.9786570469538 56.263397137324 66.0303135712941 69.2554861307144 70.0532346963882 64.39042588075 54.4521709283193 50.651212533315 39.6438042322795 14.801579217116 29.4489214817683 54.8780163129171 64.2930765946706 57.2089900573095 35.9091609716415 2.24741750086347 0 53.866778810819 112.047880887985 119.819154342016 99.6105869611104 96.6420869032542 103.230277697245 88.4346663951874 64.8267318805059 81.305926044782 137.494295835495 184.282104174296 207.879821459452 218.871215979258 220.514118671417 218.313376108805 213.223040103912
