input/barkrak2/radiation/dir06624.grid
NCOLS 85 
NROWS 70 
XLLCORNER 665100 
YLLCORNER 4664600 
CELLSIZE 20 
NODATA_value -9999 
[rows 21 to 41 of 70, columns 0 to 46 of 85]
70.024386048317 57.0490856965383 46.6171056032181 63.4118318557739 59.0849171082179 35.6301416953405 39.5680740475655 50.136610865593 57.4333369731903 60.5234156052272 61.2808962663015 59.9079082409541 57.6440691947937 57.6373487710953 68.3102607727051 81.0998926560084 95.0523912906647 106.651802857717 119.099954764048 136.405358711878 146.08292778333 160.123924414317 164.875527222951 160.737136999766 150.47949552536 138.099332650503 128.229369719823 127.527644236883 133.371293544769 116.637498140335 95.0875480969747 81.2414586544037 57.665357987086 43.1515773137411 29.9976194898287 30.3366507093112 48.6150880654653 64.9083058039347 79.3097416559855 84.4908754030863 91.4464394251506 98.3324746290843 97.5261727968852 83.6830337842305 108.62656434377 120.209763447444 128.582765658697
112.877865632375 107.485175132751 85.1939717928569 82.2755893071492 79.1583557923635 50.2131879329681 59.2960466941198 57.5871020555496 55.5764436721802 57.4961354335149 58.8385413090388 59.3646417061488 61.5320255359014 66.9082701206207 68.5486147801081 75.9934037923813 89.9389286835988 101.680080095927 110.567669073741 112.837294737498 119.969099760056 137.758175532023 150.836249192556 156.321128209432 156.137784322103 142.026136318843 124.875605106354 118.55278412501 108.893016974131 108.690947294235 72.2449074188868 42.4154351154963 25.7878378033638 7.87050152818362 3.05998449524244 6.74141570925713 20.8423386017481 31.3263237476349 42.5748725732168 63.2517983516057 72.1237013737361 81.0094972451528 59.4283541043599 53.9915462334951 81.1528861522675 109.496454397837 119.821180899938
147.655993700027 137.03441619873 105.487465858459 88.9696578184764 84.7826302051544 82.2507540384928 75.6392329931259 61.3980044921239 50.7242679595947 51.1955668528875 57.9114456971486 62.3315970102946 66.4141078790029 78.3197979132334 76.7365048329035 77.0111232995987 85.7552687327067 98.433514436086 106.16135597229 98.3285903930664 98.4623630841573 103.180627028147 118.452459573746 130.734135707219 138.854453961054 133.513430754344 125.780582427979 117.194394270579 93.0629869302114 49.4326452414195 42.8407192230225 32.0328225692113 6.98070290187995 0 0 0 2.14988241593043 11.5178984900316 10.3916314740976 19.9778017898401 19.043726225694 17.9013175268968 33.3291068673134 65.3126388788223 78.8889229297638 99.2548763751984 109.641661246618
146.824975808462 142.994344234467 124.165952205658 93.8033660252889 75.6277640660604 80.3663184245427 74.8935838540395 69.325789809227 61.3000889619192 54.1397929191589 53.9860725402832 59.126744667689 62.9472434520721 74.7762670119603 77.2985865672429 76.3402283191681 83.3786427974701 96.3443319002787 103.958964347839 95.7892338434855 96.4406530062358 92.9013590017955 102.378785610199 113.313674926758 117.510090271632 116.669396559397 110.235333442688 104.080587625504 82.5029760599136 41.0793274641037 34.9619140227636 32.8437785307566 15.0925492246946 0 0 0 0.95550607269009 3.20790770153205 5.22444335122903 5.45248265067736 1.03089888580143 2.26062458629409 15.7670875390371 90.4787580172221 94.2967136700948 102.862000465393 110.217730204264
133.253435293833 138.192415237427 135.209163029989 103.450000286102 76.5466193358103 81.4619064331055 85.8949323495229 96.5118606885274 93.306839466095 72.637806336085 64.1980568567912 70.5784062544505 71.2068776289622 83.19324751695 85.3256384531657 80.1137387752533 82.6874474684397 96.0202316443125 103.792011737823 108.07478427887 111.137052377065 106.15137219429 102.44024793307 102.946023146311 105.079581340154 107.760498921076 102.759132782618 97.2089767456055 75.3855407238007 56.1814109484355 57.7865143616994 66.7885392904282 59.6215029557546 9.7390649219354 0.0642917827159787 3.0468183880051 3.16289563973745 3.8687993461887 4.75129888703426 3.62031161785126 0 1.96308332184951 30.9015735983849 90.8428728580475 110.148688157399 109.65238014857 110.710442066193
132.085651159286 137.554903825124 135.779003302256 113.210986057917 93.3955609798431 99.9774038791656 111.916134754817 119.415819644928 118.04269750913 107.452750205994 85.2828522523244 89.306910832723 90.5490219593048 100.24239619573 96.7681109905243 89.2386237780253 86.1089726289113 100.020994742711 107.559978961945 121.456454197566 123.461504777273 121.603379646937 111.745198567708 105.420112609863 105.060120423635 107.581694920858 101.636270682017 103.006382783254 91.9441481431325 93.8911239306132 105.181237061818 129.003355900447 138.108193874359 119.317849477132 36.3895570238431 10.8164673050245 9.5261155317227 8.2909818738699 6.85550520817439 2.63959169387817 5.42412077387174 28.6895160873731 69.2520638306936 90.9538666407267 101.167996724447 99.1439024607341 97.8380938371022
133.950630823771 132.569859425227 132.986754179001 119.011292854945 125.303755203883 126.422892014186 136.731415987015 129.836648702621 126.159250736237 122.463325659434 100.298941135406 93.1044618288676 97.4261860052745 100.893080234528 106.339613596598 102.091064055761 94.8957403500875 103.972047567368 117.826402187347 125.728676716487 122.36076593399 113.344013690948 111.914356549581 114.418933788935 114.217976729075 114.367127418518 111.767401297887 114.969392617544 128.392746051153 136.395990848541 148.079077402751 158.911436796188 169.203718503316 179.900308450063 140.305777390798 40.4475331306458 17.9513295491536 11.0252909362316 6.64328845838706 0.882439082488418 21.1519996325175 85.7425332069397 88.6359016100566 81.9524129231771 78.0219783385595 73.7492243448893 75.6886502106984
136.789719263713 124.865512053172 125.986297925313 123.606344064077 148.405313491821 140.986780325572 133.729596932729 118.212034304937 111.205746730169 103.379021088282 92.5447940826416 86.7228905359904 93.8381950060527 100.351184606552 107.720444599787 112.444500128428 104.682346185048 102.660189072291 114.863564570745 119.075248638789 116.717090209325 108.471651871999 110.237826903661 116.925915082296 120.363434155782 116.183042526245 118.848393360774 118.638098239899 140.406926472982 154.280930757523 169.002175331116 179.489314556122 187.147895495097 189.1677180926 184.835314750671 110.119491815567 17.884399741888 5.00422654052575 1.57190331568321 0.916925026103854 37.3513946930567 82.5890600681305 75.8719046910604 51.6574382781982 51.2540986140569 50.4898428916931 55.282120903333
137.069016695023 118.215223153432 119.799703359604 131.505310535431 148.554692665736 139.203051726023 113.961269458135 92.5828019777934 77.8651932875315 71.5612818797429 70.5794741710027 75.2953588962555 84.3104620774587 98.2851386070251 109.059284130732 117.21396446228 113.09086283048 99.9981760978699 105.157305796941 109.846373399099 108.540276686351 109.44543282191 110.740959644318 117.389639218648 125.15644232432 121.43944700559 124.344766139984 120.247473319372 136.502504348755 158.740411202113 180.7635029157 193.097750345866 193.095723787944 192.693889141083 203.72482140859 188.996513684591 100.518763065338 18.548496067524 11.2038478255272 14.4383460283279 34.6455623706182 48.3384778102239 55.3245643774668 31.6608796517054 27.1919220685959 34.0211987495422 54.9473961194356
134.02380545934 137.119829654694 163.485477368037 203.377683957418 178.908546765645 137.0862921079 100.999454657237 72.0442632834117 58.6327612400055 63.6277298132579 59.4542920589447 59.1754217942556 80.9394021828969 98.4579920768738 113.462189833323 121.993203957876 121.981918811798 107.554068168004 107.32838511467 111.952284971873 109.282145897547 114.903420209885 116.921961307526 119.549870491028 127.074271440506 133.154362440109 131.312151749929 134.064296881358 140.960027774175 168.395896752675 190.194447835286 198.813219865163 194.432775179545 203.198949495951 216.410418351491 222.200036048889 198.228696982066 138.81915807724 58.7549358606339 27.2699544827143 21.6098576784134 24.8577495416005 37.2431327899297 28.4256885449092 25.0200306375821 36.7991129557292 64.9635841449102
150.442550579707 187.625130017598 236.379742622375 257.536331812541 240.495959917704 183.919529120127 128.575702508291 89.6410842736562 78.912431995074 85.7065717379252 74.3842621644338 64.6061996618907 78.7207186222076 96.065491437912 117.135008176168 126.370032628377 122.791439294815 117.760876814524 110.573361317317 114.009280999502 113.561302423477 116.800864537557 121.212879816691 122.430404027303 129.183987776438 142.142355442047 144.383937120438 150.069733460744 158.430178960164 174.895962079366 191.338181495667 200.033624966939 204.200387001038 212.56939570109 218.247413635254 214.854975541433 214.383959770203 206.750273704529 136.930962403615 56.3278098901113 26.0132625699043 27.1803413828214 29.7186921040217 32.6990857720375 41.3725897669792 56.5654188394547 74.8541653156281
213.187575340271 248.881936073303 269.963522752126 270.451605319977 272.116442521413 245.872696240743 202.848494052887 158.698111772537 130.070994297663 117.748737335205 115.236590305964 95.121959845225 81.3036908706029 96.2954660256704 120.04342675209 128.57453028361 121.827830870946 123.968780040741 113.023638725281 112.261007229487 116.169780492783 117.518345514933 120.557645956675 121.465156475703 127.964993317922 144.6306904157 151.416569948196 160.771320263545 168.924868106842 175.047755241394 189.720968405406 201.845288276672 202.956080436707 201.113005479177 201.258063316345 184.6710840861 185.895025730133 182.635585467021 141.394714514414 81.5650075674057 45.3601479530334 39.6261091033618 32.4413950244586 33.6264967918396 43.0407126744588 58.7112605571747 68.7554180622101
259.350041548411 272.707839806875 274.937510490417 272.052009900411 274.346073468526 273.742238680522 251.312971115112 206.093331178029 166.603038708369 145.837197701136 145.356674989065 131.542772054672 105.788171291351 103.663414716721 116.493841012319 123.538672924042 117.569108804067 119.786123434703 113.080571095149 114.95300134023 112.933486700058 114.384690920512 115.256398916245 115.790953238805 124.659647544225 136.722932259242 151.242127021154 156.65806333224 164.597729841868 176.569124062856 189.112663269043 192.149639129639 174.782713254293 169.489900271098 166.772902011871 151.084373394648 151.632338762283 136.890202760696 99.0281105041504 65.9554004669189 68.4507588545481 62.0953341325124 48.1732338666916 37.575456003348 35.0498706102371 44.2864745855331 28.323916097482
269.18888092041 272.922356923421 273.072143395742 272.705594698588 270.400166511536 273.39643239975 268.104016780853 240.280290444692 190.058668454488 159.435272216797 155.974765618642 152.955989042918 137.577642997106 120.803117752075 118.314435084661 122.788776954015 115.947276353836 112.920194864273 113.411029179891 117.781887451808 112.120340267817 110.984474420547 112.965265909831 115.606129169464 121.629893779755 129.923244317373 142.329583565394 142.970899740855 153.122156858444 172.07525173823 182.422498861949 178.323805332184 164.690305789312 162.873764832815 151.131500800451 136.369446913401 140.481919050217 137.713690598806 119.616935650508 88.5804891586304 87.7254605293274 95.2841242154439 77.5377750396729 58.5079292456309 41.9843792915344 15.0413612524668 5.25409728288651
265.687108039856 267.948031425476 266.244947910309 267.547229925791 265.518585840861 262.722651163737 260.720451672872 245.221773783366 201.984922091166 170.596261819204 160.476098457972 158.765763044357 154.378443956375 132.268716891607 122.997492551804 128.450572490692 121.063729127248 112.348675727844 117.240329583486 118.144184350967 116.595357656479 111.918777227402 117.309232552846 121.799955765406 119.690080483754 127.130428949992 133.853405714035 134.178211291631 142.710129419963 164.243956406911 174.442251523336 171.638528505961 166.882793108622 167.85458723704 149.697015682856 142.995913823446 147.713502248128 154.447952906291 151.656885941823 122.934510310491 82.6142529646556 81.1722576618195 66.0788665215174 38.9921938379606 22.9023173451424 2.11720339333018 0
249.092400074005 252.01412041982 252.173860867818 250.080545743306 249.882936477661 248.27778339386 252.66432762146 249.487082163493 211.229006449382 173.950990041097 158.799111843109 151.665985584259 151.575803756714 132.690568765004 121.190766493479 130.745192368825 131.844401359558 118.632276852926 121.003568172455 124.018847942352 124.377727508545 118.615448474884 120.353718598684 124.222199122111 121.636460224787 123.395661513011 130.686084429423 138.903717199961 144.312888383865 157.987723747889 172.295947869619 174.60831006368 168.176511923472 171.314418315887 152.788688739141 153.481354316076 157.131691773733 162.122696638107 162.04360127449 131.91744685173 60.0670874118805 42.6599383354187 25.551309188207 20.9376042087873 1.92596095924576 0 0
229.198694229126 237.747152646383 245.648582776388 243.565996487935 243.05115143458 246.744990348816 254.116574923197 255.587001641591 232.591927051544 188.922941684723 166.125744581223 147.255480289459 136.731962362925 127.824187278748 117.464204629262 124.698758125305 136.750876903534 127.942313750585 123.503764470418 126.640578111013 128.385821978251 123.246441284815 121.467709541321 123.615245024363 124.7898042202 125.373860200246 129.002352555593 140.427221854528 144.403278827667 150.984128316243 165.194302797318 175.750553607941 170.694748560588 162.01713681221 148.229817549388 166.080137093862 171.288251876831 170.122106870015 168.42794418335 144.179046154022 52.384947737058 13.7731917202473 7.94297518829505 3.08478095879157 0 0 0
192.499061425527 203.510761260986 212.433377901713 217.885295550028 224.794507026672 238.668143749237 250.146528085073 255.994439125061 244.025051593781 208.980540434519 178.55312426885 152.554452419281 137.538989384969 134.106556574504 123.846699794133 118.533829847972 131.209433078766 132.073263327281 123.993327220281 123.437345027924 125.591198603312 121.853172779083 117.844452460607 120.694696903229 124.203632275263 128.529091676076 129.659871260325 135.68909962972 142.557362715403 145.180702209473 156.218687693278 171.676794687907 168.364683787028 149.371385574341 154.360850652059 179.002563158671 183.567126592 179.739236831665 172.187666098277 170.145908991496 118.825018405914 30.7710369427999 8.4446556866169 4.74869118382533 0.774562048415343 0 0
155.663063128789 163.036823272705 162.710646788279 173.81622393926 189.476450284322 206.909239292145 220.976650714874 230.114420255025 228.514353434245 202.375630537669 171.810646851858 147.026538848877 133.934875329336 131.142218907674 127.775172392527 120.559493700663 125.525166591008 127.350797255834 118.894994258881 118.400643269221 123.368620872498 126.273542642593 125.889599323273 120.750615994136 119.566559791565 123.632490634918 131.365517775218 134.827772776286 141.513844331106 141.026496887207 145.353933175405 158.620218435923 159.86180305481 152.454594771067 180.173357327779 192.299544811249 188.239534695943 181.517004966736 181.758900483449 195.147216320038 199.183166027069 142.40703980128 56.5371761719386 22.1737275520961 7.2136955956618 0 0
143.600066502889 146.340847015381 146.18393778801 147.113670905431 156.999806563059 163.777053356171 167.812526226044 172.4733710289 171.781559785207 153.452773888906 138.482948144277 133.47519437472 132.392545541128 128.134876489639 126.538376013438 125.560979048411 124.565313259761 125.48170487086 118.793070316315 116.905291875203 123.077929019928 130.5217842261 132.000853617986 127.114663521449 122.972498337428 120.898207028707 132.998575766881 136.664569377899 141.828407843908 142.163336277008 142.028987407684 150.490601857503 153.447171052297 165.543536345164 191.944897174835 191.745241483053 175.674160321554 165.290812651316 168.23023557663 182.690898577372 200.773000717163 202.040195465088 153.967489798864 70.865124464035 20.4950012266636 2.51728824029366 0
153.183271487554 150.160471598307 150.422831376394 148.315002520879 144.945482412974 143.376807371775 140.512565771739 141.819765170415 146.831810474396 137.017826239268 129.427721103032 129.980464776357 133.968482414881 133.074899514516 131.545136372248 128.120462099711 122.538675864538 131.596018870672 130.944649378459 124.322205781937 128.097991148631 129.004190365473 129.268248875936 131.249020497004 131.972481807073 126.273373762767 133.67959856987 138.050109148026 141.926268736521 143.62687865893 145.123660564423 150.103429953257 152.265886465708 173.919479052226 186.138947804769 174.196183681488 159.602562586466 148.945063352585 146.686901648839 161.243220170339 193.107545375824 200.867434342702 176.146507263184 111.3028327624 37.2968042890231 9.88968523840109 0
