input/barkrak2/radiation/dir09324.grid
NCOLS 85 
NROWS 70 
XLLCORNER 665100 
YLLCORNER 4664600 
CELLSIZE 20 
NODATA_value -9999 
[rows 0 to 19 of 70, columns 0 to 45 of 85]
249.476333459218012 262.145002683004 275.56320031484 290.536363919576 296.743929386139 295.292655626933 287.693281968435 281.569441159566 284.064571062724 284.926573435466 284.268379211426 286.85051202774 287.404278914134 287.93732325236 290.211101373037 284.850219885508 274.918397267659 263.685385386149 257.40905602773 248.234430948893 239.932656288147 249.767343203227 274.878879388173 281.69176975886 283.552010854085 289.801160494487 288.281699021657 274.955590565999 259.720424811045 256.100277105967 252.691964308421 268.935938676198 305.134733517965 304.108619689941 305.961608886719 288.471698760986 296.227892239888 309.452573458354 303.447842597961 306.915918986003 288.778046766917 290.036996205648 299.883484840393 305.656909942627 300.687591234843 300.771296024323
229.494551817576 244.72177028656 258.652091026306 275.173187255859 285.77466805776 287.682811419169 283.182680606842 281.626125176748 289.860188961029 289.114892482758 284.927944342295 285.936673482259 288.014690081279 289.247294267019 289.023041725159 283.682068188985 279.347042242686 272.385021050771 267.529229323069 255.338867505391 253.43523422877 266.66122674942 285.25722026825 288.044134775798 291.851957639058 294.356286525726 290.023326873779 276.840964953105 264.141758282979 257.613778114319 258.454521497091 281.879802544912 305.269122123718 304.108043511709 305.295209089915 291.238407293956 297.179698944092 305.975059668223 301.557064056396 306.872308254242 300.776799519857 292.848547299703 295.758207639058 299.764474232992 299.497286478678 300.120453039805
193.342665831248 206.327696641286 217.581073443095 230.103770891825 243.445992469788 253.043413162231 261.375765005747 272.382040818532 281.754871209462 280.886868635813 277.82154083252 282.208343346914 291.566729545593 295.164843400319 292.557835578918 297.590474287669 300.126492977142 294.142345587413 281.45968914032 270.957887172699 275.631705919902 281.992852687836 286.914765834808 288.649559020996 293.821712334951 293.340901533763 285.252571105957 275.870641072591 267.511963844299 263.301193714142 268.211901187897 293.343444665273 301.087121168772 303.598821163177 304.301202297211 297.468503316243 298.144082228343 299.778660138448 303.017417589823 305.212219556173 300.771812597911 289.392987887065 282.748222351074 287.6851161321 297.677199045817 300.501445929209
174.378534158071 176.083385944366 184.349139531453 190.501352151235 197.860658168793 203.398525714874 210.789243380229 226.322154204051 245.740950107574 261.120180288951 271.487514177958 284.214556217194 294.750014940898 298.56550693512 299.035131931305 302.294850349426 301.354666550954 294.151822725932 282.996873060862 278.068919976552 276.723345120748 275.145173072815 284.274458885193 286.496222019196 287.687838077545 289.138634999593 285.248974959056 278.639316558838 274.833520253499 273.902515570323 273.293395837148 297.337969144185 300.04608631134 302.026430765788 301.58805847168 303.037544091543 301.881531874339 301.47389570872 304.71662680308 302.164653937022 291.887958844503 279.824217160543 275.866071383158 290.415346622467 304.202278455098 299.8073498408
196.491360664368 179.93692557017 167.06790526708 158.247341712316 160.924802223841 177.647491296132 198.888818422953 209.790905316671 220.219194889069 227.815210819244 248.6319343249 270.225842793783 283.57054789861 290.101687113444 293.902198473612 296.271006266276 291.351894537608 281.826595465342 278.538346290588 277.785460154216 273.541986942291 271.89568678538 281.945427258809 284.109473228455 285.925328731537 290.957987308502 287.741879622142 281.559685866038 277.101874351501 275.000770886739 279.977003733317 303.291479746501 301.81880791982 303.155461947123 299.087524414062 300.513486067454 304.308692614237 304.371575514476 300.103823343913 294.870277245839 292.125801245372 286.251902580261 287.575085957845 295.024712880452 297.877828280131 291.269938151042
240.756988525391 212.348083655039 184.484004974365 160.75744231542 152.027000983556 162.842531998952 188.875019550323 206.427335739136 210.747440656026 210.529347260793 221.140007177989 235.189576943715 244.514306386312 251.201291879018 259.658296902974 267.005860805511 267.50910282135 268.483479817708 274.227837721507 279.536684354146 279.622773329417 282.770156860352 285.68422794342 284.975051879883 287.120878696442 291.690091292063 289.762854576111 285.645226637522 280.406693617503 278.980056444804 292.140861352285 304.261426130931 304.587364196777 306.238273779551 300.334831078847 297.851979732513 301.606913407644 300.31955242157 293.370187282562 295.007824897766 293.808241685232 289.666930834452 289.997458457947 291.24790430069 283.604721228282 266.079147656759
262.627164522807 238.144854704539 217.489083607992 196.095029513041 174.832304318746 162.060916423798 169.155915578206 198.834876219432 212.847510973612 221.166392167409 218.182722727458 212.921182314555 208.617428938548 204.122026761373 206.439614295959 222.210705280304 234.703540802002 253.203153610229 270.492116610209 281.583150227865 284.779767195384 286.25758488973 287.380437056224 285.817364851634 287.187536557515 289.575457572937 290.942033131917 288.816392421722 284.985343615214 287.96645005544 297.976851463318 305.096427599589 305.702149868011 304.487824440002 301.763971646627 295.275946458181 295.359234015147 291.640400886536 290.504972139994 289.531012376149 284.7687403361 281.606038411458 285.449385643005 288.35799296697 275.139272212982 265.94465970993
271.353761355082 261.324822902679 249.77829058965 233.95049571991 210.642834504445 179.915289084117 158.56009721756 157.639771699905 192.559003829956 218.645135561625 226.709961891174 222.71054983139 213.697055975596 203.655600547791 190.593977769216 193.61944993337 206.654250621796 223.550975322723 247.277994950612 266.365468502045 276.999731858571 282.287240028381 288.508633772532 286.5229845047 285.182952880859 285.29824813207 285.47990322113 285.451690355937 283.939262231191 290.933708349864 299.273808797201 302.324096361796 301.009058952332 298.085649808248 293.36541891098 289.998412132263 291.427175203959 285.728573799133 277.949810028076 269.711712996165 271.512508392334 280.323664347331 293.420255184174 299.224972724915 285.118957360586 281.708280245463
263.725697994232 264.143069585164 259.888370831807 251.676817735036 237.911343574524 215.123554070791 184.170544147491 155.105352401733 169.506112734477 191.9779976209 212.605079015096 222.717185815175 224.801580111186 222.035030523936 209.770480791728 202.053666114807 198.677817980448 203.416387240092 218.245287736257 236.100097497304 252.196888128916 265.342652797699 273.735483487447 271.250347296397 272.904912630717 273.48925669988 274.375716845195 275.210638840993 276.395519574483 284.800112247467 290.050248305003 289.948145548503 288.519064585368 288.402438163757 287.646571795146 288.200259208679 287.143031756083 282.4467420578 272.298395633698 270.046591758728 284.295340379079 296.318531036377 302.636404832204 301.922102769216 289.512058099111 282.900114854177
233.594218889872 243.602454662323 248.762746651967 248.792926470439 245.733718077342 241.361498832703 224.417785803477 205.227732658386 173.678497473399 163.879603147507 177.243570486704 203.356703122457 225.57278474172 236.505587895711 237.78369029363 228.975911935171 213.551660378774 207.600474357605 206.839581330617 210.360546906789 219.483494758606 227.66371568044 236.989100774129 244.861205418905 253.574132919312 256.483316421509 257.771591345469 258.565207322439 260.609070460002 267.243444919586 268.652220567067 269.464711348216 275.711953639984 280.030886332194 282.005886236827 281.815528869629 280.391494433085 282.179395357768 272.451341152191 278.499762217204 296.716531117757 303.840577602386 303.9670586586 301.446715990702 287.27908929189 281.926035881042
179.120481014252 193.633735179901 207.02846844991 218.217154343923 228.285431861877 236.421306927999 237.915515899658 232.093175252279 203.628122806549 177.226583162944 161.809732516607 169.952034950256 198.427240053813 225.019335746765 240.369915962219 230.295459429423 221.848746140798 214.977999528249 205.995241800944 200.441400210063 200.791001319885 201.224247614543 205.413420995077 219.002902507782 232.299745082855 240.553657213847 242.375473181407 242.738326390584 248.699307441711 253.928422927856 256.971637407939 260.574916998545 269.8668440183 273.087660471598 272.979617118835 272.919853528341 276.702463626862 280.982454617818 279.729266961416 289.322117964427 299.429953098297 303.24391523997 303.241988023122 300.677299499512 292.528529961904 291.597723960876
135.137399037679 140.730122725169 149.789939324061 162.939707438151 179.921468098958 197.304586569468 216.578145821889 223.18023443222 223.964114983877 209.558387597402 181.730012098948 160.857935746511 163.718402385712 187.981883684794 216.149131457011 219.854811827342 226.434369881948 222.778936227163 212.419370810191 201.357901096344 194.593389829 192.065993944804 192.258954048157 201.26748085022 210.658272107442 217.152794202169 220.362762610118 224.918246269226 232.077499230703 237.051208813985 241.891304651896 247.464875380198 253.868540128072 256.435970465342 256.857554117839 258.838335673014 268.74166727066 278.869827588399 283.013721307119 292.049090067546 296.728571256002 298.629224300385 296.885768572489 293.561995029449 289.547026157379 288.616061210632
118.777732054393 114.521920681 111.274341742198 112.735052903493 122.059722741445 140.784899393717 167.143126328786 190.028687318166 220.329483350118 225.733617941538 213.200529416402 187.848428885142 158.638825019201 156.283636887868 180.707573890686 208.589494228363 225.197275479635 228.198091189067 222.97328710556 213.231841723124 204.019745190938 203.417400519053 202.910780906677 203.305462996165 204.185783863068 203.853944937388 208.229800065358 217.480142911275 221.365332603455 222.822785377502 228.205104668935 233.873705069224 234.885176022848 236.790855725606 239.886204401652 245.242794354757 257.103463013967 269.073069095612 271.111687024434 279.237369696299 284.470240275065 285.521566867828 284.600834051768 285.255273183187 280.307133992513 280.740837256114
99.1414189338684 75.068344672521 68.3600902557373 59.4152559836706 54.5268654823303 59.4115406274796 80.0980081160863 118.227034807205 162.646561861038 203.295071919759 223.621308803558 223.003307978312 201.849341392517 174.851993719737 171.896000703176 197.908441225688 216.015001138051 230.296492576599 237.540682156881 233.151078224182 221.11584742864 217.317084471385 214.315195878347 213.364958763123 213.554799556732 211.590011914571 214.406947294871 223.377327124278 223.357220490774 216.592113176982 222.111741701762 227.152148882548 228.692690531413 229.009588559469 233.101149400075 240.559875965118 245.961229006449 251.866618792216 255.661765734355 257.870972156525 262.967924276988 267.893572648366 274.107893308004 279.335538546244 274.890422821045 278.120736281077
106.384923060735 69.8746343453725 43.925349911054 29.6688924233119 28.5530189673106 33.001072704792 45.9710707267125 72.0112969477971 95.6556896368663 141.737590233485 194.539427757263 238.300204277039 245.710810025533 224.843641122182 197.729587554932 192.059854666392 197.896778583527 214.416225751241 233.317911624908 242.812852064768 239.94783560435 233.285784721375 230.486492315928 226.438621679942 223.293483257294 221.98212146759 223.515292008718 225.946148236593 221.655567487081 216.09365940094 219.108045101166 224.224289258321 224.2351770401 224.082092444102 228.258848190308 231.542607148488 233.18080107371 232.319553693136 237.05001672109 237.130284309387 243.145823478699 251.061320304871 257.038633028666 260.42894522349 261.784116427104 264.909227689107
96.3020324707031 69.1946347554525 36.0142265756925 16.3822025060654 24.0332235892614 47.3999778429667 55.5659234523773 71.105902393659 88.243434826533 110.857079426448 145.813276370366 184.896051883698 211.538334687551 232.025186220805 224.113742510478 197.114785512288 187.054832776388 190.937320391337 209.273934364319 235.295255978902 247.657497723897 242.560128370921 243.319749832153 236.589848995209 229.915022850037 230.676253636678 232.812265555064 228.39500506719 223.79074494044 225.788315137227 225.582102934519 224.930087725321 221.899767716726 220.149119695028 220.315595467885 219.636956850688 217.345317204793 213.099896907806 215.789119402568 218.156178792318 222.985148429871 229.119340578715 232.393443584442 233.739733695984 245.46625216802 251.30820274353
81.8616698185603 70.6504682699839 44.3775753180186 9.18853903810183 16.1055152614911 44.3960726261139 60.3069365024567 76.983317732811 92.0195778210958 103.87776295344 121.651897827784 160.397271315257 188.283026218414 204.068144162496 213.885982831319 212.158262729645 207.926015059153 198.055386543274 192.332108815511 203.820963700612 231.646339098612 246.484955151876 250.253220399221 245.449781417847 237.833301226298 238.697290420532 241.973280906677 237.969676653544 235.810736815135 240.623275438944 238.440374533335 226.912995179494 220.529119173686 216.097712516785 210.509181022644 209.403514862061 204.542597134908 203.103721141815 203.383406003316 207.180579503377 209.736545880636 212.142507235209 215.459585189819 218.396464983622 235.418498516083 245.64395348231
74.2944777011871 74.8008986314138 61.6542845964432 21.5114777286847 20.7724037269751 47.5599815448125 67.8713470697403 86.6325994332631 101.354022820791 112.039864063263 121.611495812734 140.884747107824 170.119682947795 187.004049619039 197.203656037649 220.797479152679 225.068966547648 218.532919883728 201.478223005931 190.946280956268 202.684243520101 229.59570089976 240.786055723826 244.353254636129 246.124863624573 250.265717506409 253.37940454483 252.325554688772 249.860862890879 251.263976097107 244.871656099955 232.97659556071 223.924855391184 215.099294980367 208.458423614502 205.468535423279 202.54115263621 201.667726039886 201.964616775513 204.305430253347 206.837634245555 207.849224408468 208.23347568512 212.116003036499 223.707536856333 237.809717655182
78.773761789004 86.4788591861725 86.5295628706614 50.8893728256226 39.51479246219 66.5876617034276 82.5390120347341 100.347578525543 114.078323046366 133.741348981857 144.103606541952 148.441106081009 160.280972719193 169.370293617249 183.916787306468 201.480011145274 213.834226131439 221.031427383423 223.093291123708 209.061801433563 196.444968382517 208.842873573303 216.213921705882 230.369846026103 245.788514614105 255.799571673075 259.498079617818 261.261661847432 255.913992722829 253.239035606384 245.268285274506 238.056639830271 228.216667970022 218.294103940328 212.561964988708 207.472125689189 205.994725227356 202.672044436137 201.404591401418 204.854448636373 209.05472834905 210.167765617371 209.71667766571 212.264597415924 213.262915611267 228.125850359599
85.0182771682739 88.0878170331319 98.8531609376272 90.2325014273326 75.330267349879 83.6431980133057 86.5662197271983 99.5346903800964 115.413784980774 130.491306384405 144.125829140345 142.047067483266 135.686099529266 142.775595188141 159.390260775884 176.655729611715 190.084755420685 200.927535692851 211.738189061483 215.579469998678 214.756766955058 197.510719299316 198.905189832052 212.19797929128 219.477693239848 232.774992783864 244.561374187469 246.020575364431 250.587006409963 252.28891770045 246.125419934591 237.912515799204 228.693425655365 221.018671989441 216.379940509796 210.537950197856 206.371287504832 197.337667147319 195.172389348348 203.38100194931 210.249324639638 212.661226590474 214.698533217112 213.664968808492 210.707108179728 220.39137283961
