input/barkrak2/radiation/dir04724.grid
NCOLS 85 
NROWS 70 
XLLCORNER 665100 
YLLCORNER 4664600 
CELLSIZE 20 
NODATA_value -9999 
[rows 0 to 21 of 70, columns 0 to 48 of 85]
127.656648556391005 143.306920925776 160.683731238047 183.840831120809 195.041040579478 198.981483777364 196.752389272054 194.076140721639 192.746996879578 196.415225664775 196.600715319316 193.656941254934 189.697066942851 190.510014692942 191.304206848145 177.813609441121 164.147009452184 152.826994657516 150.281727313995 146.438916524251 148.900508880615 167.604486147563 193.287889162699 199.233909447988 202.48148838679 213.964422543844 214.775939782461 201.095541318258 188.794593016307 188.767790794373 184.142470359802 207.184096177419 251.303613185883 248.847405115763 246.235966682434 234.680751959483 239.008923371633 252.353648344676 249.619762102763 249.4082848231 239.97163772583 246.586898962657 254.436373710632 246.950467427572 235.996007919312 241.299490133921 243.724783261617 212.589939435323 147.37457036972
105.500022570292 120.82976102829 136.502156654994 156.516949335734 172.228892644246 181.083699067434 187.718431154887 195.355176925659 202.021201451619 201.915780703227 199.638605117798 195.242285728455 190.897981325785 191.290279229482 192.501306533813 179.430544376373 169.878045717875 160.374899705251 156.599551439285 151.125907897949 161.91703081131 187.152942021688 207.433859507243 208.600262800852 214.079082012177 220.257878303528 215.510070323944 203.945795694987 193.660616874695 190.860331058502 191.624343395233 221.329549948374 252.346813678741 249.820748964945 246.130625406901 236.9051973025 242.775936921438 252.241353193919 246.78647518158 246.200740337372 242.705245812734 243.766764799754 240.410288174947 232.12198416392 227.425495783488 239.889363447825 236.787915229797 197.800517082214 157.204866409302
70.2825138966243 79.2353451251984 91.6269421577454 104.00394598643 119.105597337087 132.307906945546 146.500448385874 166.497468948364 183.647096157074 187.941332658132 192.008872826894 195.72110970815 200.287679831187 202.826182047526 203.974664211273 205.299814542135 202.600657939911 191.135068734487 174.130777517954 165.858000516891 177.578886349996 195.517738660177 206.905722618103 209.721247355143 212.834378083547 213.664352893829 210.616091887156 203.468362490336 197.999576727549 200.276494026184 211.0196352005 237.625579039256 254.48473294576 252.702792485555 245.373864968618 242.264370123545 249.256114164988 253.934780756632 250.179886817932 243.505517641703 237.521549065908 227.921843528748 214.741230010986 209.217449029287 217.473725477854 234.755138556163 224.145789941152 188.462575276693 175.875882307688
53.73415350914 53.401380777359 60.1229170958201 66.1312788724899 72.9615837335587 81.505298614502 92.5043225288391 110.174139340719 131.019771099091 150.156438350677 170.398831367493 189.141094684601 200.490494569143 204.550306002299 208.568036556244 215.474387009939 212.39576737086 201.212763786316 182.733734448751 174.973408381144 175.819794336955 176.852424939473 190.144300460815 200.048625469208 201.455374558767 201.885302861532 203.322509924571 203.240195910136 204.466263453166 209.348122278849 216.51291847229 242.487629254659 252.016226450602 250.91681877772 246.446371078491 247.420370578766 248.921751976013 249.775985876719 243.650277455648 231.630365053813 224.096973737081 212.057689825694 208.475450674693 221.42638762792 234.232306480408 229.518810908 209.731797377268 184.800525506337 186.126669247945
73.1146484613419 58.3810706933339 46.6495205958684 38.9867747823397 40.4388954242071 54.7880977392197 78.0269950628281 90.6708439191182 100.874155759811 108.337263266246 132.368306318919 158.545434474945 175.448358058929 186.776916186015 194.374839464823 199.472308158875 196.483353773753 189.624607563019 182.088494300842 176.713446776072 172.02619711558 169.818341732025 180.090705553691 189.615031083425 193.950613339742 200.193365414937 201.84338092804 202.429433663686 204.277892907461 205.132524172465 212.945262591044 237.688283125559 237.884402275085 241.647760073344 243.217408657074 243.257105350494 241.437554359436 238.910555839539 227.951884269714 217.713872591654 216.438710689545 214.357078075409 220.780412356059 232.555548350016 234.678904215495 210.16009648641 180.655439694723 173.440337181091 180.288116137187
116.678555806478 89.3312990665436 62.4846120675405 41.4997140566508 34.227376182874 42.5384789705276 64.239298303922 86.528887351354 91.6879375775655 90.1390711466471 99.1774201393127 113.486597935359 123.728513717651 131.785988807678 143.706351518631 154.394199450811 161.004414161046 169.529557228088 177.507678667704 181.58620595932 182.193557421366 182.827035586039 181.921362876892 183.291395505269 190.721809864044 196.879506111145 200.502951939901 203.930656115214 205.908636252085 207.969228426615 222.961107889811 235.933403174082 230.851809183757 231.615245342255 231.676081816355 230.702300866445 229.964335759481 229.148666063944 218.317230542501 218.652407328288 218.108276526133 216.036876042684 218.289772669474 222.002804279327 213.670531908671 179.286440213521 151.524245738983 161.026298999786 181.092898050944
126.091589530309 108.252346515656 92.2767420609792 74.1207500298818 53.7485778331757 41.7307764291763 44.1695749759674 70.5833037694295 92.1586950620015 99.9687512715658 96.8501766522725 92.5610959529877 88.7760519981384 84.2397511005402 85.1274430751801 101.831515630086 117.69167582194 141.697595516841 165.040145317713 179.297308127085 187.540888786316 191.92119439443 187.133193016052 183.183828989665 186.673919359843 188.69290749232 193.421900272369 198.640108108521 202.394604682922 209.254483381907 220.962345600128 225.377996762594 216.922660668691 214.984774589539 215.077420075734 214.917401472727 216.238856315613 211.178441842397 206.667085488637 204.244156678518 198.912541071574 198.08038075765 205.599745114644 213.879386583964 206.387201944987 196.26526037852 206.86129728953 216.295222441355 228.729486465454
118.272920449575 120.443761348724 111.498673756917 99.1535186767578 80.21380007267 52.1676043669383 34.7963298360507 32.8066299359004 55.7838181654612 82.8813314437866 92.3314094543457 93.7700072924296 93.0895109971364 84.1002364953359 68.6517010132472 71.290190021197 83.467314640681 100.838780403137 127.641787131627 147.107660770416 169.558544953664 182.659387588501 189.146240552266 183.935602506002 182.277321815491 180.23278315862 181.849658489227 185.561537742615 191.364526748657 201.416671276093 211.815456549327 214.452167352041 203.781028588613 198.142806688944 194.207827250163 194.218377272288 201.474487781525 200.568715731303 196.46825393041 178.731719652812 176.55340830485 187.165260314941 206.61848783493 219.316124916077 219.476441542308 222.555120786031 231.680651505788 232.992132504781 241.358002026876
100.941906372706 100.395093361537 108.341495196025 103.605926036835 94.8739250500997 79.0499299764633 50.3822068373362 27.9396995902061 37.8604779640834 48.4364678462346 65.7067944606145 76.1748055617015 83.4824045499166 84.6401154994965 73.9531417687734 66.7253186305364 66.6587352752686 70.1464662949244 83.4449330965678 96.8889693419139 113.386074701945 135.774662097295 150.407453378042 155.145883560181 157.925367355347 160.329471031825 161.322196324666 166.945735613505 171.973784764608 182.988286018372 188.732266426086 189.409712950389 185.634732246399 184.209545453389 185.738702615102 188.031156857808 189.49814637502 191.356698671977 190.832018852234 184.21479066213 191.740830739339 204.760630925496 215.333898862203 222.830176353455 216.680963834127 212.645351886749 215.667446454366 226.784606774648 235.880414644877
78.6853134632111 77.7384837468465 76.1322180430094 84.6655368804932 90.8220807711283 86.4002307256063 76.0688781738281 61.0658427079519 36.9596680005391 29.0455495317777 35.3543559710185 52.3586521546046 70.1018472512563 76.8332382043203 82.3148985703786 78.5718510548274 70.6656078497569 68.6935037374496 70.3222900629044 74.8490194479624 81.916555762291 88.7214044729869 103.018522262573 116.926848888397 129.9636165301 135.434438784917 136.328756809235 140.983422597249 145.460466543833 153.256605068843 156.237463156382 158.081740140915 165.795058012009 167.528649171193 173.89440536499 177.561342716217 176.983674367269 182.609359423319 187.008897463481 197.014252344767 208.997289339701 216.791609923045 216.883957386017 215.264519055684 209.72208182017 212.51118183136 224.023302396139 233.771046002706 233.046809832255
43.3945308128993 41.6907767454783 46.2658752997716 47.8832125663757 56.1783363421758 69.6137646834056 67.2417630751928 61.0917160908381 47.0837603012721 32.5012380878131 26.9462168216705 31.2061235308647 47.7505673964818 64.085175593694 80.0498177607854 76.3541360696157 73.0087757110596 71.0957994063695 66.6482150554657 65.0483270486196 65.3733114401499 67.1532054742177 72.2185224294662 84.8896404107412 103.137940168381 114.777008692424 117.543876171112 119.791090488434 127.559006214142 133.921047051748 139.516413211823 143.873155117035 155.069291591644 158.307254314423 158.307602008184 162.322858969371 168.575127919515 174.087325731913 183.972001075745 203.098297119141 210.839470227559 211.743791898092 212.856272856394 210.865279038747 209.612568219503 214.510897795359 223.66464138031 230.231642723083 229.368130366007
18.728024015824 16.0664382080237 15.4759412010511 17.931600411733 16.2555625041326 17.4412205815315 32.8319991628329 39.90488499403 44.2916502555211 42.9774274428686 34.5030178626378 28.1994044780731 33.0113296707471 43.7015940745672 58.8945498069127 66.3662403821945 74.0572859843572 76.9478331009547 71.0043360789617 65.5552446842194 60.8753462632497 60.4459593693415 61.7243548234304 69.1971282164256 76.5444338321686 87.4381562074025 95.1637029647827 100.639462471008 109.876116116842 114.992201328278 120.796064535777 126.283884048462 131.476293007533 136.004785696665 138.850390911102 142.411788304647 154.57280476888 167.401591936747 175.216853618622 192.781011263529 200.752357641856 198.241492112478 194.729844729106 191.669325033824 194.337745507558 196.090877056122 201.679329077403 209.026495615641 214.542408784231
12.2321918606758 6.65652627746264 2.82801998158296 1.12779686848323 0.0983031932264566 0.205666079030683 2.6999448115627 19.1568372150262 37.0297431945801 45.7665324211121 49.25636947155 42.0998682578405 29.420534769694 27.8698578476906 39.7784983118375 57.3316315809886 73.3594795068105 77.2607574860255 77.0571380853653 72.9842980702718 66.6158894697825 68.8662827014923 69.6861197551091 70.6420242786407 73.5688209533691 74.5214919249217 79.8316250244776 90.8539791901906 97.1852540969849 99.5574593544006 105.566511551539 111.307342847188 112.662335236867 115.290155013402 119.649489720662 125.890910625458 136.325120925903 149.913609027863 154.659688472748 166.70689980189 175.422092278798 177.632331848145 177.074134349823 177.027861277262 178.849101066589 180.893858273824 183.336754639943 187.683721383413 194.795111815135
12.7814933657646 0.926795570800702 0 0 0 0 0 1.74817893033226 20.7171365618706 34.8435640335083 49.3320326010386 55.5532077948252 51.3100524743398 38.6401365200678 38.5531733433406 54.1599889596303 67.5892432530721 78.8214057683945 88.0549649397532 88.8670484224955 80.9004058440526 79.9288352330526 78.5125195980072 79.5864413181941 80.8613449335098 80.2833537260691 81.7141135533651 89.3991986910502 94.1755572954814 93.6689476172129 99.1148451964061 104.924649000168 106.526384751002 105.659345785777 111.058096090953 118.705252806346 123.639682928721 130.828440189362 134.942720333735 138.806660970052 145.245979229609 152.344673871994 159.824113051097 168.470243612925 167.7059729894 175.016562143962 174.433648586273 169.61141427358 169.874866803487
18.5161605477333 3.31037429471811 0 0 0 0 0 0.0261157256318256 3.38391276697318 23.4221965074539 48.6143926779429 69.3956861893336 76.8074591954549 64.1706436872482 54.6695838371913 54.0710935990016 56.7466219266256 68.4038400650024 84.8339001337687 95.0317084789276 96.7400670051575 92.9227372010549 90.908666451772 90.1221533616384 89.8349185784658 88.6322855949402 88.1863832473755 90.1372830073039 90.4647310574849 86.0759913921356 91.8170511722565 100.811173518499 100.520799557368 100.74187318484 105.474462111791 109.108636776606 110.44575770696 108.821233113607 115.576376517614 117.581019798915 123.582224051158 130.527436733246 136.690040429433 144.144157568614 148.929357528687 155.579706033071 165.121267239253 170.538584391276 166.022539138794
19.0952594081561 5.27951742211978 0.00174831105444658 0 0 0 0 1.13183469511569 2.99516320228577 16.054214288791 32.9264402389526 61.3863468170166 76.3676663239797 82.0895979801814 74.9545097351074 57.4604322512945 52.3093938827515 54.4805179039637 67.8901274998983 89.1986489295959 101.247568925222 100.922604401906 101.785997549693 99.1255144278208 95.5998202164968 95.5856045087179 95.8972771962484 91.801643371582 88.368147611618 90.420385201772 86.9795680046082 88.3138577143351 94.0801501274109 96.8550542990367 98.4391768773397 97.3931352297465 94.6814119815826 91.3106898466746 95.5466727415721 97.7219442526499 101.623743772507 107.763667901357 111.3034983476 115.249802668889 130.089859167735 135.549644629161 149.573385715485 160.755048195521 160.956064860026
15.4545816282431 7.46510674556096 0.285452037739257 0 0 0 0 2.25937490661939 8.4443986415863 13.3758323887984 23.2210879524549 47.7055907249451 71.4219709237417 82.9835633436839 87.4502857526143 82.6307038466136 75.1417775948842 66.1826531092326 60.4405303796132 67.9195473591487 88.895708322525 102.928578853607 107.962826887767 107.510894536972 101.479113101959 102.005104223887 105.47728339831 102.776924769084 100.214799245199 98.3974933624268 87.408979733785 81.184650460879 80.1835755507151 77.2490749756495 84.245224793752 88.3699556191762 83.8755567868551 81.5588782231013 83.4776361783345 87.2636139392853 89.2195403575897 91.177095969518 94.8821107546488 97.7756579717 116.947611172994 127.28010614713 135.839362939199 141.674041748047 148.69358142217
12.0090829829375 9.11655525366465 2.50325802092751 0 0 0 1.64028319219748 5.39571916063627 14.6077051758766 17.5807749231656 23.6191600561142 36.8470003207525 56.5377126137416 73.8897075255712 86.8807733058929 94.5674479007721 93.7331020832062 86.429238319397 72.2506841023763 62.5662306944529 72.0685869455338 93.7752525011698 102.259258429209 107.028514146805 109.241902828217 113.09481660525 115.39160211881 113.684773445129 107.188363869985 108.529508113861 97.0168213049571 82.8694005807241 68.3683703343074 68.7141319115957 65.8163875341415 65.9915655851364 70.9351201852163 76.2855460246404 80.269068479538 84.4693581263224 85.527886946996 85.8011643091838 87.8584086894989 88.150163491567 100.873152414958 115.708788235982 124.086568752925 125.04302461942 128.813683986664
13.0850883821646 15.9772261977196 13.9600212375323 0 0 2.28322545687358 5.23457241555055 11.3683690627416 23.0261931816737 30.6935235857964 37.7512921889623 41.5191724896431 49.9979952971141 60.8967940012614 75.8678416411082 88.5894099871318 94.7474638621012 97.342054049174 94.1443244616191 81.7375332117081 67.7771816651026 78.2553603251775 89.7658467292786 101.163605848948 112.938662370046 116.745541493098 116.608520348867 119.7243531545 115.036100149155 105.652362108231 91.2277897198995 88.921844959259 72.185605764389 56.948055823644 51.4724900325139 57.8242838382721 55.2991628646851 59.0352416038513 59.45851902167 70.0944513082504 72.8893925746282 75.8116394281387 77.3166318734487 79.6772787968318 79.7711213429769 94.882607460022 101.288417975108 103.143751621246 106.545507907867
14.0614956617355 13.5494694113731 15.6266155342261 8.27731564640999 0.961987301707268 7.02525799473127 7.60524099071821 10.0443748136361 18.8260773817698 31.5018196900686 39.5221362511317 38.4447251756986 41.8701569239298 46.3830133279165 57.5061539808909 74.4447559118271 84.2090050379435 89.4337296485901 95.2421128749847 96.7112183570862 90.2608434359233 78.5299440224965 81.4571877320607 90.3254350026449 103.989561398824 110.931217670441 118.733068307241 115.097026030223 108.452598253886 108.680854241053 96.3079333305359 81.9941262404124 66.0512248675029 56.5863450368245 41.1332497994105 40.7895644505819 34.9126855532328 34.7145795822144 35.0957910219828 52.2795617580414 57.407001654307 61.4208827416102 68.3453480402629 72.6346025864283 71.4804877837499 80.828532576561 81.1643054087957 85.6006840864817 95.8537856737773
18.5018380482992 11.6842078665892 7.6583003004392 14.173798263073 9.18221473693848 7.88154328862826 7.76368503769239 9.65833788116773 14.8501495520274 26.0616863767306 31.3026234507561 33.0656071503957 32.964825630188 35.296618938446 42.3055191834768 56.6184024016062 68.4003283580144 76.4910678068797 85.4384005069733 99.9292333920797 106.290807326635 96.5274969736735 97.1341729164124 99.1290907065074 102.374772230784 103.357553482056 103.381365537643 100.447237491608 109.537502129873 95.4016049702962 81.3474804162979 74.3040144443512 52.9379645983378 37.886547545592 28.0447900295258 20.0387376050154 14.4283920526505 19.4926584760348 22.613026201725 35.3525876998901 42.3809190591176 46.0898776849111 52.3153146107992 53.0818998813629 61.0655297835668 69.0699915091197 72.5387334823608 78.7561883529027 83.4691723187764
39.9266829093297 28.2751967509588 17.0916977028052 25.1257146398226 22.1697861949603 7.39346072077751 9.78402172525724 13.4090532859166 23.2506344715754 27.7763729294141 29.0781805912654 29.4743776321411 30.3086414933205 27.8698479135831 34.7406988342603 46.0218240817388 60.6607397397359 69.9117084344228 79.113910595576 93.8093562920888 101.036508878072 115.30339717865 119.294553995132 120.410392681758 112.618009249369 105.682899554571 98.4150568644206 91.378390789032 89.4951621691386 91.5440618991852 68.8749651114146 47.7280418078105 31.8043455481529 17.145508279403 3.30362779398759 0.796445490171512 0.850125138337413 3.82670604934295 9.97463737924894 18.2928865154584 20.4460248351097 36.9643767674764 35.8525464932124 34.5940912763278 52.5751163562139 61.4403188228607 67.6367531220118 74.5987345774968 78.1625360250473
