input/barkrak2/radiation/dir04424.grid
NCOLS 85 
NROWS 70 
XLLCORNER 665100 
YLLCORNER 4664600 
CELLSIZE 20 
NODATA_value -9999 
[rows 0 to 21 of 70, columns 0 to 48 of 85]
120.909710725148997 136.380881071091 153.619627157847 173.086603482564 184.095104535421 186.806003252665 185.763160387675 185.480117797852 186.10030412674 189.768572648366 190.035800139109 186.920622984568 182.835062344869 183.646639188131 184.362252553304 170.741816361745 157.090375820796 145.867695411046 143.392771482468 139.987548192342 141.436417897542 162.032097578049 186.036745707194 192.088305950165 196.176946163177 207.543969154358 205.985645453135 194.549858570099 183.523853619893 183.655957380931 179.025451342265 202.14718580246 246.649583180745 242.659906546275 241.337835788727 229.045689105988 233.412981033325 246.348261833191 242.059091726939 243.353505929311 233.83496205012 241.466442743937 248.997767766317 241.87167485555 230.019549528758 236.709554990133 238.922595977783 207.157810529073 142.089784145355
99.0500251452128 115.319848060608 129.591782887777 149.421721696854 165.062129497528 173.978527386983 179.465075333913 185.260017712911 191.10119342804 193.83579492569 193.064649899801 189.644416173299 185.239473978678 185.644547144572 185.642600059509 171.18513584137 162.814090649287 153.361082077026 149.6695180734 144.558131694794 155.795832475026 181.641121705373 201.120972633362 202.107548713684 205.442547798157 212.579429149628 208.112438519796 197.919329007467 188.222348690033 185.758888721466 186.514814694723 216.260592142741 247.913320859273 245.486239592234 240.006923675537 231.192668279012 237.151265144348 246.26882870992 240.42663971583 241.469999154409 236.812114715576 238.190253575643 234.805723031362 226.153413454692 221.283495426178 233.809848626455 230.466783046722 192.281166712443 148.87523651123
64.509595433871 74.3509034315745 84.7013791402181 97.8290140628815 112.582465012868 125.464459260305 139.601051807404 159.616072972616 174.110253651937 177.372495333354 181.011120478312 188.120563824972 193.496247132619 195.932785669963 197.187542915344 198.385755221049 195.516705513 184.018651644389 167.120019594828 159.06435251236 170.872569084167 188.943763573964 200.423022111257 203.22455962499 206.230620543162 205.723683039347 202.163954575857 196.703414122264 192.045748233795 194.785992304484 205.662190914154 232.769886652629 250.368555386861 246.816515922546 240.608731905619 237.47577269872 244.88631884257 249.963780244191 244.19512351354 238.731344540914 232.523322105408 222.744643688202 209.002375602722 203.198711077372 210.344692071279 228.367427984873 218.688408533732 182.922204335531 170.528848965963
48.41182132562 49.208347996076 54.9323111772537 60.479869445165 67.0290639003118 75.214887658755 85.9900911649068 103.878796100616 124.42821264267 143.371959527334 161.397109429042 178.298115730286 188.479065895081 195.80880800883 201.639374097188 208.575208981832 205.463687578837 194.311340649923 175.846854845683 168.101708094279 169.013440608978 170.132100582123 183.406273523966 193.391799926758 194.843073685964 195.199569066366 196.772376696269 196.103314558665 197.829167048136 203.619360923767 210.232019424438 233.085036277771 239.938159783681 243.42938264211 240.589499473572 241.501907507579 244.566599527995 245.510141054789 238.900939623515 225.326120853424 217.997630437215 206.655323505402 203.13839117686 215.571184953054 227.781573931376 222.876489162445 203.492999076843 179.225186506907 180.713514486949
67.2815789779027 52.9098212718964 42.2901014486949 34.1764042774836 35.5861335992813 49.8815874258677 72.3420232534409 84.620863199234 94.6422020594279 102.843821048737 125.713874896367 150.336841742198 165.133366982142 172.852635383606 180.062572161357 186.899781227112 186.452786127726 182.904203732808 175.365706284841 169.894337654114 165.259311596553 163.074016571045 173.185646533966 182.784120241801 187.208533287048 193.391780058543 195.153991381327 195.96258799235 198.095142841339 198.336978753408 206.116596857707 231.362342834473 231.502890586853 233.450214068095 232.392529646556 231.176853179932 235.255042711894 232.628683249156 221.631010373433 211.387097835541 210.181752840678 208.897868792216 215.530037879944 226.645469665527 228.558580080668 204.449852307638 174.392600854238 167.75103410085 174.760401248932
96.2184568246206 80.0420741240184 55.2112311124802 36.4278604586919 29.4386794169744 36.3981251915296 53.471232453982 80.5809100468953 86.2827301025391 84.7900211811066 92.9250617822011 106.99870189031 117.080410321554 122.458000977834 132.808347543081 143.356213967005 149.354855219523 160.827855269114 170.82138856252 174.786885579427 175.395806630452 177.181680997213 174.907505512238 176.315704981486 182.523429393768 189.980387687683 193.72679789861 197.34666744868 199.565390745799 201.769630114237 215.351601441701 227.194984753927 219.050149122874 222.793142000834 223.412692546844 224.373161792755 222.111999988556 217.263340950012 208.759009838104 212.35316991806 212.620655695597 210.563917954763 212.883909543355 216.661949952443 208.230296770732 172.541578610738 145.564208428065 155.121624469757 175.259033838908
108.654836813609 98.0508923530579 80.4995993773143 61.596671740214 43.1940853595734 33.1806565324465 37.5007192293803 59.0106149514516 78.3262501160304 85.4339202245076 88.9653563499451 86.4615738391876 82.7553421258926 77.5822252035141 79.1453222433726 94.7125554084778 107.714027166367 132.005830605825 153.253714243571 169.596413771311 180.654386679331 185.092747211456 180.165966351827 176.189780235291 179.704964160919 181.678533554077 186.460057894389 191.817939281464 195.778846740723 202.721079190572 216.149628162384 220.864514509837 209.892650445302 205.826024214427 206.296523412069 206.582089265188 208.158214886983 204.578141371409 199.231306711833 194.872895876567 189.371208349864 191.821694374084 199.388722578684 207.722008228302 200.719853242238 190.969109535217 201.424380143483 210.274736086527 222.544113794963
108.230193456014 109.500964482625 99.9368627866109 85.6802662213643 66.6529685258865 42.6687846581141 27.8573210040728 24.8833671212196 47.1901247898738 72.2861687342326 86.5506132443746 82.6116253932317 74.0318993727366 65.8359030882518 53.8152952988942 56.5432558457057 66.4931833744049 83.0623457829158 102.363497018814 126.603692770004 139.503498872121 163.37909301122 175.359070301056 175.352613131205 173.840403556824 173.191825548808 174.818277359009 178.610861301422 183.254261811574 194.625576337179 204.948902130127 207.504709561666 198.653737703959 192.883233229319 187.150458494822 187.272946039836 193.133413791656 191.290179888407 189.150551954905 172.35012849172 168.850700060527 177.481532096863 197.535395622253 213.86331319809 214.191973209381 217.577576637268 226.054032643636 228.229860464732 235.490838686625
96.9473421573639 90.8072193463643 92.0866131782532 95.5439408620199 85.5366885662079 66.7893091837565 42.7353183428446 22.281418244044 31.6321874658267 40.2282476425171 56.4227700233459 66.6305323441823 71.123590071996 67.6738123099009 62.4889185031255 58.2043727238973 56.7445009946823 60.9685977300008 73.0654001235962 88.4586274623871 103.266259034475 119.201312462489 137.026925881704 139.096558094025 147.779921690623 149.481614430745 151.256064573924 155.18789490064 161.183704932531 173.006892204285 180.427849292755 181.096414724986 177.589595317841 176.799535751343 178.589721520742 181.033849716187 182.533740997314 183.220267295837 183.497409025828 177.174746990204 185.024579366048 196.351746718089 205.20814259847 209.706465403239 205.586711565653 206.647316614787 210.318704446157 221.664627393087 231.060643990835
74.8535792032878 74.1008420785268 69.7170893351237 74.2429395516713 78.9668709039688 74.7351249059041 64.4873529672623 46.5481479962667 29.6970903873444 23.3719994624456 27.6905223727226 43.6801662047704 59.1969589392344 67.6550765832265 74.2248445749283 72.0979919036229 64.5645707845688 62.7041260401408 62.9771252473195 66.5212372938792 73.349063595136 81.554705897967 92.0907060305278 105.290760596593 116.784999767939 124.064048131307 127.748042345047 132.562041282654 137.087235848109 144.902090231578 147.922615210215 149.289051691691 156.637410322825 160.814185937246 166.688243548075 170.086622238159 169.534802436829 175.633708635966 180.432677268982 189.522604147593 200.450340906779 207.856059074402 209.896783034007 208.353042602539 204.531749089559 203.505218029022 217.879255612691 227.411071459452 228.167653083801
38.9311462640762 38.2322917381922 41.7285958925883 43.1100775798162 52.224467198054 61.143750945727 63.5177244742711 56.6504051287969 41.0360743602117 29.200553894043 23.8654563824336 28.9156610767047 44.7293172279994 60.624748468399 71.0116326808929 69.690133134524 67.8801784912745 65.1524166266124 60.9445373217265 59.4152510166168 58.6667011181513 60.3058785200119 66.4037962754567 78.1638622283936 91.6305482387543 102.459788322449 108.829696973165 112.970689932505 120.625406503677 126.891016960144 131.290505329768 136.775652567546 146.435370047887 148.707846800486 150.193313757579 154.681046803792 160.920162995656 166.372696558634 176.525274912516 194.534242153168 201.795597871145 202.33142375946 201.250592867533 199.720700581868 201.070845127106 206.330100695292 215.631345907847 216.837187608083 219.285607337952
15.8295556902885 13.6368920405706 12.8380159536997 15.0845795869827 7.66506604850292 11.8961408734322 20.9182699521383 28.7650153040886 34.7617665926615 39.6413331230481 31.7989215254784 25.7750650246938 29.5082877079646 40.7387291391691 53.4482896327972 60.6864988803864 68.0539757013321 69.2112296819687 65.1517609755198 58.7885429461797 54.3625752131144 55.0117592016856 56.2476317087809 63.4643683830897 73.571374018987 79.0838698546092 83.261713385582 91.0588105519613 101.272722085317 109.122484922409 113.789796829224 118.373493353526 124.443878730138 128.934731086095 131.808588902156 135.348270336787 147.385388612747 159.532407919566 167.265772819519 185.509085655212 193.142433961233 192.747473716736 187.237918376923 184.453884760539 185.446302096049 185.880402723948 194.73652044932 202.058633168538 205.99353313446
9.27730525533358 3.87754229207834 1.4170374100407 0 0.0140496971046863 0.0876637738353262 0.584378334072729 16.9728932281335 34.0289150675138 40.3601204355558 39.7949268420537 34.9749401211739 24.6878117322922 25.0270118316015 36.2902681032817 54.3083449204763 68.3338493108749 72.9632874329885 72.6274897654851 68.4321969747543 62.1294279893239 63.1351669629415 65.067395567894 65.9442444642385 68.4946477413177 68.6611980199814 72.8531132141749 78.5798728466034 85.9616200129191 92.3759440581004 99.0265806516012 104.65199748675 105.979392925898 107.831021149953 112.888813018799 117.932816346486 128.614962100983 142.679582039515 148.082673549652 159.375935792923 168.091754118601 169.82098420461 168.010850747426 171.584069728851 170.154551664988 172.255516052246 172.641714413961 176.375448703766 183.582325776418
9.43714069823424 0.0209951491948838 0 0 0 0 0 1.18725482995311 11.3939965764681 32.1128517389297 46.9603985548019 50.9891410668691 46.1874902248383 35.7520654797554 34.8295693596204 49.7978627681732 62.766561905543 74.4667202234268 83.4950009981791 83.5605164368947 74.7371216615041 73.8226274649302 73.7333297729492 73.5178142786026 75.6871998310089 74.2312421401342 75.6043046712875 83.6172103881836 82.3423763116201 80.9859285751979 91.0428663094838 97.495178381602 99.96630748113 99.0998248259227 104.426513115565 111.944178740184 116.760283708572 122.426340977351 127.914806207021 131.774653991063 138.133605321248 145.182847976685 153.035799662272 161.215523878733 160.619974136353 167.94232527415 167.328476905823 162.449816862742 160.861998796463
16.1725866297881 1.85853025565545 0 0 0 0 0 0 1.58187452082833 18.4412064651648 38.009246190389 63.3987883726756 72.8065570195516 61.2820486227671 49.3914683659871 48.835963010788 53.4482548634211 64.0233953793844 80.2306880553563 91.5070275465647 90.0782545407613 86.4064792792002 87.0899458726247 83.7236444155375 83.4897557894389 83.3613177140554 84.1800570487976 82.4170609315236 83.5623244444529 78.0131568511327 73.1106599171956 88.0734324455261 92.7938520908356 94.9213306109111 98.9388823509216 103.087921937307 103.046466906865 102.702021598816 109.389245510101 109.746038913727 115.984082221985 123.624394337336 130.049039920171 137.119899193446 142.295340696971 148.605952660243 158.248553673426 163.418481747309 158.825953801473
16.6661863525709 3.88275304188331 0 0 0 0 0 0.411693705245852 2.42358741040031 12.9285752773285 29.755654434363 55.677185455958 73.8289455572764 79.3106853961945 68.7998036543528 53.2995015382767 48.1337209542592 50.2090603113174 63.3604178826014 84.3583146731059 96.3246623675029 94.171663125356 98.0010430018107 92.4698909123739 89.0898207823436 91.5979345639547 91.8961862723033 87.8607233365377 84.5563411712646 82.7367305755615 78.471968571345 75.1153876384099 75.8340905110041 83.0051352580388 91.6287203629812 91.0388926664988 88.7945195039113 85.0999553998311 88.7551307678223 91.4206008116404 95.5666899681091 101.264248291651 103.842238585154 107.547501722972 122.452318668365 128.924657901128 142.668883005778 153.567771116892 153.916537761688
13.1096268693606 5.90176073213418 0.131418181505675 0 0 0 0 1.63757226740321 3.77335430433353 10.7505520184835 20.7234484453996 43.8358734051386 70.7665185133616 80.2542269229889 80.8777262767156 76.2995233138402 69.4371312856674 60.4779422283173 54.9692809581757 63.2315973440806 84.0669771035512 97.4185764789581 102.802217006683 100.633045037587 97.5179970264435 98.0278452237447 100.181450446447 93.0026471614838 95.0545867284139 93.496839205424 84.8666628201803 71.1684624354045 67.6952600479126 62.9627654949824 63.4388377269109 71.128432949384 73.1198092301687 76.6726036866506 77.7504295110703 81.4834435780843 82.4058999617894 85.2327048778534 88.8337095578512 91.678390900294 109.144886334737 119.361599286397 127.291818459829 134.732216596603 141.724725564321
9.9366270005703 6.90698561569055 1.59323448315263 0 0 0 0.769909005612135 4.13481456538041 12.6558591922124 15.6157525877158 20.3465061883132 31.4452995856603 51.0520885388056 69.726953903834 82.6734205087026 87.7355337142944 86.9384010632833 79.9617121616999 67.4463907877604 57.0211460192998 66.1860903104146 90.0308589140574 97.1636772155762 101.47362947464 103.978554407756 106.089572111766 110.030005375544 108.389467000961 103.399197260539 96.6375768184662 93.3362245559692 79.3865025043488 64.4715080658595 51.6983369986216 53.2139837741852 48.8177239894867 53.3213416735331 60.0897570451101 64.0887369712194 67.3161993424098 73.8380899031957 75.6398936112722 75.6406287352244 80.0005197525024 89.0265504519145 102.82376408577 111.513396104177 112.701664368312 117.723375558853
10.8634320398172 13.183981180191 11.6679159303506 0 0 1.60377550249298 4.48168410609166 7.67343615492185 19.7386965155602 26.9645651181539 33.9453741908073 35.1759046316147 47.2701638936996 56.8030724922816 67.6163037618001 81.9164613882701 90.1858905951182 92.6334063212077 90.6603833039602 76.7712990442912 62.0482464631399 73.2802301645279 83.3560029665629 95.976064602534 105.939656496048 111.3600730896 111.390511194865 108.348608016968 111.198385556539 101.998011271159 87.8271063168844 77.1827002366384 68.987304965655 54.0465513865153 43.0591702461243 38.5786766807238 37.5929599006971 36.341813703378 49.482117096583 54.6729117631912 57.5890292723974 61.4597300688426 65.0242368380229 68.9455419778824 70.9948639074961 85.2801005045573 92.9748713970184 92.7385687828064 97.4935789903005
11.7618081470331 10.9468313554923 12.9845862587293 6.06800988316536 0.238391919992864 5.51104731857777 6.06540714701017 8.29483134051164 9.87299469610055 28.0765245358149 33.6657489339511 34.5009515682856 37.7956430117289 42.4929261207581 52.0681738853455 68.3172146479289 77.7779122193654 84.1296315193176 90.4898444811503 91.7537709077199 83.7848782539368 72.4439322948456 76.4252344767253 85.1481556892395 97.2112019856771 105.652034282684 114.729702472687 111.367245515188 102.780282497406 92.1696325143178 92.8230981032054 78.7422358989716 63.1042669216792 51.8154005209605 38.8051743308703 26.2704243262609 28.5560563206673 22.4991738796234 24.3020330866178 30.838335553805 38.6104459563891 47.160416841507 57.2947015364965 63.4639759858449 61.2844874461492 71.1948225895564 76.0916868845622 79.1477859020233 89.3251697222392
16.0719354947408 9.46301594376564 6.08012390633424 10.8949467539787 6.56770293911298 6.97268173098564 6.1859351893266 8.90725043912729 10.6765553355217 24.0876252452532 28.0641466379166 29.0778229633967 29.0948102871577 31.6153094172478 37.6070390144984 51.2543817361196 62.5820110241572 72.0617473125458 80.7129045327504 94.8142508665721 102.588514486949 91.3132826487223 91.7790532112122 93.6488111813863 96.7939496040344 98.2968807220459 98.4748204549154 95.5957770347595 102.008084456126 91.9196506341298 78.1917969385783 61.0930621623993 48.4095960855484 35.5359762907028 26.0261123379072 17.3162259161472 8.58137818674246 8.54516650239627 14.1677235563596 19.494142383337 24.4984527428945 36.8352780739466 47.3122696081797 49.2513279120127 55.4539163907369 60.4448219140371 66.5383587280909 71.2728202342987 78.5275846719742
36.1141413450241 24.8222077886264 13.8382439812024 20.6081395347913 18.1214635570844 5.85921729604403 8.04760244985422 11.3662034273148 18.9480160673459 24.3397106726964 25.2243528763453 25.6898204485575 26.4942596356074 25.0418459375699 30.9912314017614 41.1434570948283 53.8829416036606 64.0623221794764 72.9500750700633 87.1923665205638 97.3127881685893 109.714090824127 113.578865925471 113.183826208115 108.596483866374 98.4127720197042 94.2807793617249 87.5717500845591 87.1937473615011 74.3425438801448 65.7606820265452 43.6035792032878 29.4770648082097 15.4576376080513 0.962226651608944 0.520942422250907 0.657041634743412 0.681791687384248 0.66939159296453 11.3363799949487 8.47227560977141 18.7338069081306 27.1294564008713 25.1662135124207 46.2350249290466 55.810809135437 61.9748582442602 68.542758623759 70.6411302089691
