input/barkrak2/radiation/dir03124.grid
NCOLS 85 
NROWS 70 
XLLCORNER 665100 
YLLCORNER 4664600 
CELLSIZE 20 
NODATA_value -9999 
[rows 0 to 22 of 70, columns 0 to 49 of 85]
96.148053805033399 110.711733500163 127.10768977801 147.679011027018 156.618068615595 159.395376841227 158.811072508494 156.586060921351 154.65326110522 158.02984436353 158.735672632853 154.906958341599 150.347014268239 151.095360517502 149.478703737259 135.570178429286 122.47841556867 112.690409024556 112.436830997467 112.333287795385 117.716610431671 139.277776082357 160.986125469208 165.314942598343 168.708682060242 179.043571154277 177.564740180969 168.689608573914 160.706092913946 161.978244781494 157.848944266637 179.978648821513 217.913587888082 216.231226921082 215.704301993052 205.913225809733 211.201151212056 221.40097618103 219.834446907043 219.550828138987 210.973898569743 219.180981318156 224.526365598043 215.689241886139 204.23968633016 210.688948631287 217.59428580602 177.237153053284 121.39551838239 117.031931877136
66.3235286871592 83.1098059813182 97.151517868042 112.119774023692 131.907443205516 146.228452523549 152.653992176056 158.863574266434 164.268523454666 163.920690615972 162.737150986989 157.990823189418 152.791817982992 151.215314865112 151.299446821213 138.250211874644 129.692773024241 120.989541212718 116.735299428304 114.955206712087 129.083166519801 156.637291113536 174.386064211527 174.724618593852 179.284989833832 184.911509354909 180.930515130361 171.454966068268 164.671361446381 163.526038328807 164.561490217845 190.240323543549 216.654241085052 212.784111499786 209.820568561554 203.757345676422 211.749672889709 224.893848101298 219.420790672302 217.621326446533 213.285386562347 215.576827526093 211.008946100871 200.447380542755 195.109665393829 207.499404748281 208.359658718109 156.77672624588 128.604183594386 139.557500680288
35.3907346725464 43.6848749717077 51.8242120742798 59.773991505305 69.6151107549667 85.050622622172 96.5976218382518 122.525443633397 147.376030683517 150.709996620814 154.710590839386 157.864650090535 160.329401493073 161.894261837006 163.714279731115 163.979689280192 160.024215777715 147.204160690308 132.65585899353 126.970261335373 138.610283533732 155.892749627431 171.590765317281 177.169283231099 179.84805504481 179.243763287862 176.296393076579 170.860489209493 167.95402765274 171.336491902669 181.523680686951 200.890878836314 212.042093276978 209.387183189392 205.344041188558 206.140597661336 215.056995550791 218.238691488902 212.969422340393 206.217269102732 207.057038942973 199.095447858175 185.974895954132 178.845723470052 184.901674588521 201.066692670186 193.971792856852 155.228833357493 148.681133985519 168.020049730937
20.3008813162645 21.9252755244573 25.8335322141647 29.9967080354691 33.3357180158297 39.6791895230611 51.3731688261032 65.2697732051214 85.3615800539653 105.583329995473 135.170161724091 151.478399833043 161.166429519653 164.548049370448 166.473150253296 172.720313072205 169.808189074198 160.124907890956 143.265962600708 136.126011610031 135.910411675771 137.55464553833 148.19809794426 159.372041622798 167.213062445323 167.305509249369 169.2995429039 169.545213381449 172.292431195577 177.828510602315 185.149908065796 203.25779914856 208.256006240845 208.311359087626 203.275521596273 205.711384614309 207.980116208394 208.591322104136 204.388777414958 193.647583325704 189.480185508728 180.588841438293 180.27404944102 191.844562689463 202.835937341054 197.48999675115 178.752621014913 156.134982903798 158.480823040009 171.70528570811
30.7784701387088 24.1683920224508 16.7646246651808 11.7476756374041 10.5427168309689 22.6136197646459 36.4064921935399 45.8323806524277 58.0852131048838 62.8147472937902 83.0142349004745 111.627926429113 122.062454620997 132.121324539185 141.912986834844 157.482087612152 153.752088546753 149.166762828827 142.312824726105 136.620551347733 132.712950309118 130.851080020269 139.031062523524 148.359139760335 152.957727511724 161.76634033521 167.188723882039 170.08642355601 171.842277050018 172.561685244242 180.268009503682 201.484243075053 200.834333896637 203.255196412404 203.098018964132 201.77149772644 198.662916819255 193.8090523084 185.066759586334 178.163707256317 178.98299296697 180.305143197378 187.03019618988 200.255036354065 205.572605133057 179.975847403208 146.543343861898 138.285934925079 152.205924193064 170.773983001709
59.1671764850616 43.1862473487854 27.4068663517634 12.928335616986 8.44648977120717 13.7050449848175 26.9525796175003 39.3948554992676 45.8098898331324 44.2675352096558 52.3268232742945 63.6573880910873 71.724941333135 74.2966830730438 81.3192029794057 87.5710646311442 94.8128203550975 105.979194243749 122.091154257456 130.506326754888 134.089132150014 139.728566010793 134.377896785736 136.392335096995 147.282203038534 151.301880677541 155.621419350306 166.498690843582 172.647933165232 176.620384057363 188.135941823324 198.684175809224 192.724665006002 191.387891769409 193.058550357819 192.812999089559 190.005302429199 185.173789660136 176.793773969014 177.020271619161 178.0992547671 177.262922128042 182.422498861949 185.651878515879 180.787781874339 141.534378131231 121.958206097285 131.659140189489 151.66645248731 190.217057863871
69.3133274714152 57.389701406161 44.3429996569951 30.7272871335347 19.2723410824935 12.0507031679153 15.1266641914845 31.7479148507118 40.9428675969442 46.5005735556285 45.401672522227 42.5587644179662 39.0921433766683 37.6821905374527 38.9073044061661 48.4078973531723 58.6785624424616 73.1021960576375 92.1358466148376 106.607099374135 116.873800754547 127.445598443349 128.140608469645 124.954849481583 133.386035760244 136.599570512772 143.857737382253 149.013499418894 156.107028325399 172.325392564138 187.022646268209 191.09696149826 179.810166358948 175.745964050293 176.586906115214 177.804668744405 178.070306777954 175.077855587006 169.967889785767 164.339621861776 159.435530503591 159.731229146322 166.616708040237 175.574024518331 174.114644527435 167.411188284556 178.033312161764 186.772406101227 199.110567569733 213.909844557444
84.0080380439758 70.8933770656586 61.2646440664927 53.5715520381927 38.4318778912226 18.6411862572034 9.59345822532972 3.8644652813673 18.5156737764676 36.2022196253141 46.9881147146225 44.8816567659378 40.3873721758525 35.6260612607002 29.8364857832591 30.9598570068677 38.7275566657384 51.1918365955353 67.4043397108714 85.701455672582 100.474814573924 111.607293287913 121.775885423024 122.499157985051 125.317345062892 125.631153583527 126.832683881124 131.801903247833 137.697756290436 149.448980887731 160.516758759816 171.78475856781 164.179116487503 159.5412393411 156.717995802561 157.114366690318 163.58749071757 162.653267383575 160.942524671555 144.330978393555 140.175451834997 147.577981154124 162.849267323812 175.075391928355 178.565422693888 186.742663383484 197.114606698354 199.894706408183 213.766853014628 215.052127838135
78.3342619736989 70.8265155553818 60.0849489370982 51.8068820238113 51.2303312619527 36.5812182426453 20.3753337264061 7.51235460241636 14.6735633412997 20.4841258625189 27.3734653989474 33.2369059324265 42.7951663732529 44.5496241251628 39.3541008234024 35.2191651860873 34.7724159558614 39.4504020611445 48.6811896165212 62.7600500981013 75.9227822224299 87.7652764320374 103.075603644053 106.3618461291 108.247717221578 107.022444407145 112.424860397975 116.671502590179 119.793047507604 129.305710395177 135.314683119456 137.479176123937 135.304133097331 140.925059715907 147.149503231049 149.385164181391 151.843468348185 153.444906075796 155.682692925135 149.661252895991 155.889560778936 165.692349274953 173.76188437144 174.759229024251 172.98432191213 173.552135626475 175.667842229207 188.159008820852 198.126931985219 195.227921009064
59.7002158562342 57.5908521811167 51.7130394776662 43.1367506583532 42.5880501667658 46.9719171524048 35.736933350563 25.5447874466578 14.7596249977748 11.5027464926243 15.7895460724831 27.1678417921066 38.650448123614 47.4621554215749 52.0638674497604 49.7088780005773 42.3450966676076 41.9004658857981 41.9812053442001 46.1748590071996 53.0013938744863 60.1548403501511 70.123091340065 79.885204633077 89.8872315883636 91.8757319450378 90.5881524085999 94.0049191315969 101.30187869072 109.473447004954 111.610939105352 110.889573891958 116.415083408356 120.084265867869 126.024534304937 137.929658095042 139.997690916061 145.2729900678 151.561637719472 160.476078589757 171.316762765249 175.947546958923 175.53456624349 174.680888652802 171.500960985819 172.877291838328 180.107712745667 185.793201128642 187.903821468353 190.003991127014
24.9794299403826 23.554449280103 24.0554263194402 28.543288509051 22.4291284879049 19.5992862184842 24.0987837314606 26.521181066831 20.9069798390071 15.1823883255323 12.6360058784485 15.7518312335014 28.5595208406448 43.29547782739 55.3854703903198 50.2238670984904 48.6261745293935 46.9860931237539 42.4232383569082 40.9593110283216 41.9682264328003 41.8689846992493 47.2256491581599 59.1772695382436 71.5741564830144 78.5712699095408 79.6061356862386 79.3168842792511 84.2310984929403 93.4026340643565 97.4001189072927 101.075828075409 108.86416832606 110.84724466006 113.570670286814 114.885538816452 120.592345794042 137.188017368317 147.593845923742 164.388954639435 171.380996704102 171.985665957133 170.876125494639 169.806102911631 169.9564854304 174.044887224833 180.80731232961 181.209087371826 180.458982785543 186.665693918864
3.0761764695247 3.71311511844397 4.01849734286467 1.83489841098587 0.00428649885482931 0.482694827951491 2.61652686943611 17.6624481876691 21.0460896293322 23.2352018356323 17.5167260070642 13.144925236702 15.6862723330657 25.5894809961319 40.076918900013 44.3288783232371 51.3770778973897 51.2569447358449 47.3169883092244 40.5131181081136 38.0946745475133 37.6514345407486 39.0447055300077 46.0457056760788 53.4406254688899 60.786376396815 63.0028148492177 64.4160558780034 70.5306430657705 71.0776795943578 76.7262776692708 87.9750152428945 91.089129447937 93.3446685473124 96.5357025464376 99.9911824862162 109.960814317067 117.646227280299 126.743048429489 154.297302166621 161.304374535879 160.940537850062 157.335420449575 154.86353635788 156.30175669988 156.930526097616 161.662101745605 168.235182762146 171.784043312073 176.036238670349
0.437790256304045 0 0 0 0 0 0 3.30095179378986 17.8470686078072 25.2290268739065 25.4140620430311 20.6709168851376 12.4510948856672 12.4572440981865 23.8498797019323 38.3864045143127 50.6627311309179 55.5773973464966 52.7787804603577 48.9614407221476 44.0911948680878 44.9177126089732 45.8944092194239 47.3047494888306 50.1082539558411 50.421545902888 55.1367501417796 60.0674748420715 60.7736110687256 62.5607818365097 63.0500167608261 65.7382706801097 72.6280361413956 77.9889573653539 81.5117657184601 86.5314602851868 93.0294593175252 104.647407929103 107.669333616893 117.339760065079 129.216253757477 139.347851276398 141.213943560918 140.913407007853 141.76481962204 143.839120864868 143.450756867727 146.68278892835 151.523252328237 156.714419523875
0.836278079077601 0 0 0 0 0 0 0 1.1941553093493 18.1671939790249 28.2453720768293 34.6266279617945 30.865932504336 21.9719459613164 22.0279594262441 34.0520888566971 45.4948792854945 55.9753775596619 62.3687406380971 62.3722771803538 56.616668899854 54.8776586850484 55.3600788116455 55.1145176092784 56.3225199778875 56.5749208132426 57.8776597976685 64.2764170964559 63.2745126883189 55.95530072848 59.3012471993764 58.9464753866196 57.6200733582179 58.7080816427867 70.0046519438426 79.5650482177734 81.4266353845596 86.9838496049245 90.8882121245066 93.930721282959 99.762221177419 104.987482229869 115.364233652751 131.207446257273 130.956550439199 138.19940884908 136.957705020905 131.736914316813 130.009591579437 132.102429866791
7.75443452099959 3.16186117288453e-05 0 0 0 0 0 0 0 6.13497197628021 27.6586165030797 43.934832016627 54.0255804856618 47.3672449588776 35.3468929727872 32.1403940518697 36.0123366117477 47.218864162763 59.4038168589274 69.5198625326157 70.8567599455516 67.3381090164185 66.7239526907603 64.5209103822708 64.2846276362737 64.9616569280624 64.6819521983465 64.1918579737345 65.309484799703 58.3970646063487 54.7508945067724 53.5151561101278 53.5943408807119 48.847774664561 49.0664939085642 48.6362228790919 66.9853935639064 65.873588124911 75.6449699401855 77.5311638911565 80.5567353963852 86.6179565588633 91.4694269498189 96.2533354759216 110.430816809336 119.940400123596 128.358602523804 132.448722918828 127.96417872111 120.142757892609
8.14547389745712 0.180975805657605 0 0 0 0 0 0 0.0988523534033448 1.22741671899954 17.147487650315 37.4607369303703 51.358292500178 60.6116851170858 53.5591940085093 35.9469999869665 31.3705777128537 33.7917059659958 44.4927463928858 64.1044775644938 74.9677320321401 73.4518220027288 76.7258902390798 72.6787100235621 68.5128221909205 71.6813306013743 72.966068983078 68.16333035628 65.3262436389923 66.1471287409465 58.3055466413498 54.2004605134328 48.586164911588 40.809378027916 41.5102913975716 39.362962047259 36.8513862291972 33.5668275753657 44.0140614906947 49.764151374499 53.8771500190099 57.0237090190252 60.2922687927882 63.9122774203618 80.331231156985 90.5861854553223 109.109024206797 122.555365165075 122.688899437586 118.177036444346
5.70337598522504 0.886901204163829 0 0 0 0 0 0 0.953988016893466 1.3720472343266 3.85242700576782 27.4154419700305 47.2474445899328 61.6790155569712 65.5160248279572 55.2917023499807 49.541175365448 42.8955256938934 37.8287583589554 45.2070633570353 63.8144761323929 76.4040400584539 80.8729430039724 80.3549587726593 76.1614392201106 77.6447157065074 76.8180191516876 77.0618418852488 75.9365061918894 72.8253920873006 66.3845886786779 57.0837408304214 47.774076461792 39.6359041333199 32.3006088534991 26.8805672725042 22.7056418855985 23.04690827926 25.2099161346753 27.7966136733691 34.6866101026535 37.6999179522196 40.6030615170797 44.0326283375422 54.2866935332616 64.1931345065435 73.4126021464666 85.2974653244019 99.8717347780863 108.350078264872
3.75159674634536 1.51270612453421 0.00279186679108534 0 0 0 0 1.08521602426966 2.14154149095217 7.09035620093346 9.83173648516337 19.9049773315589 36.4056701461474 52.9778450727463 67.0113662878672 68.1531727313995 68.4613784154256 61.8111342191696 49.1191446781158 40.3972789645195 48.6256182193756 70.4407691955566 78.6094814538956 82.7042957146962 84.7468574841817 87.8370404243469 88.3590777715047 85.172692934672 87.4633888403575 81.9452305634816 69.7267750898997 57.3427379131317 51.2743592262268 38.4598821401596 31.3675651947657 25.0245084365209 18.5482042531172 15.225766847531 18.0166227122148 18.446767081817 23.4001105030378 24.2672314246496 24.7201472520828 27.9078235228856 36.8446956078211 48.2283234596252 56.0126354297002 58.45112601916 63.9040917158127 80.6931803623835
4.16162485877673 4.92784039427837 3.94939196606477 0 0 0 1.08170486055315 3.36464494466782 7.96465575695038 17.1503921349843 20.7745370765527 23.6550917228063 29.450831313928 38.9949431022008 51.8603275219599 64.0776207049688 71.4397529760997 72.215994199117 70.1331148544947 58.3333969116211 45.5163568258286 56.0278246800105 65.4325435558955 75.8638481299082 86.4485005537669 92.9262936115265 96.3765978813171 95.3509310881297 87.3765349388123 76.4902929464976 74.821005264918 63.2841984430949 48.6395259698232 34.2251012722651 25.6133923927943 19.8876398305098 13.6247090995312 7.69083946943283 6.68981112539768 9.60106464723746 14.8438898225625 18.6924760540326 23.8412568966548 28.9482027292252 29.732642074426 38.4141852458318 44.314240415891 45.9924936294556 52.2819062074025 59.0934654076894
4.43952127049367 3.49316404511531 4.82086899379889 0.313816165241102 0 1.69247528538108 2.2112561079363 3.80900440116723 4.80708386749029 15.132550150156 22.2651213407516 21.6155449549357 21.470253666242 27.7776966492335 38.5496467351913 51.5668789545695 61.8214011192322 66.3817922274272 71.4136610428492 72.3077754179637 65.730298558871 56.8385869264603 58.5926473140717 67.8598235050837 77.9953896999359 88.432381550471 90.6662444273631 89.3257657686869 88.7414415677388 79.4515510400136 66.7991240819295 56.9445739189784 46.8268990516663 34.1131041447322 27.6697302858035 17.3894825081031 10.1195008804401 3.90366837382317 1.43283667663733 3.27871460467577 6.10389436284701 13.1520641346773 21.1573218305906 25.3078167637189 27.1093199650447 32.3064103722572 34.292126695315 36.8059227863948 44.3763434886932 48.6362129449844
7.62052709857623 2.68381896118323 0.697036351387699 2.01929671068986 0.44336492040505 2.61317969610294 2.18928527707855 3.59063533445199 4.57761933406194 8.68904776871204 16.4528116583824 16.469335804383 15.7100682457288 18.9764971534411 25.5656689405441 36.1369848251343 46.682337919871 55.0088038047155 62.2823884089788 75.0632931788762 82.1053683757782 74.002742767334 72.828620672226 74.4750251372655 77.2719532251358 80.0575166940689 83.7187965710958 81.6864470640818 77.0265956719716 65.2098308006922 62.4768733978271 47.1101353565852 31.539944310983 24.8931497335434 9.67564185460409 3.54407075792551 0.565659021958709 0 0.00442071814177325 0.00309745913303535 1.20497991641363 3.44374837974707 11.5122285981973 14.3711728354295 21.1974034706752 25.4789839188258 27.9748191436132 32.4917187293371 35.2383007605871 36.1984123786291
22.736852367719 13.2390223443508 3.96403670310974 6.61137762169043 5.83501346409321 1.77342460180322 3.52604190508525 5.99257958432039 6.63972087204456 9.46578693886598 14.183742304643 13.9004165927569 14.5328318079313 12.8835042317708 18.4105671942234 27.0810077587763 38.5776410500209 48.4224557876587 56.2332570552826 67.84687936306 76.9947270552317 88.5984698931376 97.0066587130229 94.7184165318807 88.3391400178273 78.5749604304632 75.7829596598943 72.7800230185191 72.9836771885554 58.8987270991007 47.8628824154536 27.9303540786107 19.4416778783004 6.73406943678856 0 0 0.00338786473245515 0.00305912544718012 0 0 0 0 0 8.01261141896248 15.6804844737053 19.9673399329185 24.2010106643041 25.4182169834773 28.5702000061671 28.238778313001
53.6581377188365 47.1063554286957 25.1965696612994 18.2781144976616 14.5137831568718 5.79227320849895 12.9804238677025 8.65272060036659 6.52006082236767 5.54009651144346 15.1042292515437 15.7495910922686 17.5486405690511 17.9298420747121 19.1272559265296 23.4238232175509 34.5090428988139 43.5532530148824 48.69744181633 51.9655744234721 57.7932298183441 70.2972908814748 82.8825732072194 86.547593275706 89.3145898977915 83.6470623811086 73.7572362025579 73.2233772675196 67.0112619797389 46.2044378121694 25.7883022228877 12.3074265817801 0.381901433380942 0 0 0 0 0 0 0 0 0 0 0 9.46786999702454 17.893485724926 22.4417919913928 22.5880940755208 24.3174806237221 25.4839807748795
