input/barkrak2/radiation/dir06924.grid
NCOLS 85 
NROWS 70 
XLLCORNER 665100 
YLLCORNER 4664600 
CELLSIZE 20 
NODATA_value -9999 
[rows 42 to 62 of 70, columns 0 to 46 of 85]
165.15984137853 162.449489037196 165.24471839269 162.786980470022 156.240353981654 152.711649735769 148.549377918243 144.730140765508 144.937783479691 141.196886698405 139.351367950439 137.175540129344 141.852647066116 145.03401517868 143.417805433273 140.741378068924 136.476834615072 143.252829710642 144.955416520437 136.574923992157 135.203490654627 133.447219928106 129.612157742182 131.06244802475 137.304256359736 133.345315853755 129.864186048508 136.630296707153 143.625338872274 148.224006096522 149.4313677152 150.742004315058 160.218874613444 182.863374551137 190.127988656362 167.008141676585 152.080277601878 149.713933467865 153.605163097382 164.936006069183 173.189620176951 173.389355341593 161.188284556071 124.126126368841 59.7913612922033 12.1363786359628 0
149.585465590159 151.476720968882 160.481820503871 157.179325819016 160.255750020345 162.69122560819 160.193175077438 155.182997385661 142.789940039317 141.728639602661 145.314514636993 139.548679192861 138.870974381765 143.877218166987 143.71116956075 141.371111075083 141.62939786911 144.933511813482 144.785324732463 138.154635826747 133.497337500254 130.791008472443 127.873996893565 126.518130302429 130.968113740285 134.962240854899 129.249672094981 133.598506450653 139.295289913813 141.577591498693 141.853173573812 139.208813508352 151.00351969401 168.619175752004 170.804858207703 154.864976803462 149.508853753408 158.149192730586 164.276599884033 165.007541577021 159.694214661916 155.763149261475 148.892561594645 120.913455883662 71.2224940458934 15.038521339496 0
147.271662950516 151.966194311778 155.59509396553 157.133976618449 158.047993977865 160.914709170659 160.145491361618 156.409551699956 150.03776550293 145.024995009104 145.734836657842 142.91313290596 137.887537479401 137.299696604411 136.373122533162 137.061734994253 132.119278113047 138.96041115125 140.276769797007 138.507525126139 135.098348061244 133.021930853526 131.640901168187 131.348252296448 128.160605827967 139.207820097605 142.244686683019 140.922526518504 140.635093053182 139.418969551722 135.892927646637 131.856401761373 139.72936073939 144.952833652496 148.297528425852 147.959371407827 152.918448050817 165.939311186473 171.620527903239 159.653236468633 158.901592095693 150.910427172979 145.202020804087 124.431798855464 87.5831246376038 41.5866027275721 0
153.124362230301 158.294727404912 154.83562151591 158.969740072886 156.660735607147 156.811157862345 158.684939146042 156.188279390335 157.265841960907 150.926619768143 149.845093488693 147.668888171514 141.49605234464 137.336542208989 135.367045799891 138.41117421786 132.242411375046 134.939769903819 140.103628238042 139.5316918691 136.084655920664 135.277251402537 134.959677855174 135.337889194489 135.901391506195 135.350257158279 144.378314415614 142.733067274094 142.166137695312 140.938520431519 136.277943849564 133.398483196894 136.639436086019 133.012731870015 131.601750850677 132.220884164174 141.381770372391 156.547327836355 158.05916984876 143.81883541743 147.346446911494 140.819658835729 138.011028369268 135.307947794596 116.779307524363 76.7278919617335 32.4107756217321
153.398911158244 154.585470755895 158.035755157471 159.758428732554 159.877359867096 159.515798091888 160.611788431803 161.595950524012 157.900830109914 154.762407143911 153.388212124507 151.211450497309 147.60700861613 143.23502779007 141.309370597204 145.954370498657 141.761193672816 134.712199370066 141.055405139923 141.167183717092 137.633800506592 138.045837481817 136.229703823725 131.874332825343 141.841868559519 133.1920226415 136.351525783539 138.890345891317 140.46186208725 140.255024035772 139.952311913172 137.33039299647 135.917981465658 134.060223897298 133.485347032547 132.488826910655 136.114676793416 145.497620105743 147.441814343135 144.164343674978 144.500911235809 137.009918689728 141.799767812093 149.699737628301 141.508817672729 106.691062450409 61.4975839853287
147.858758767446 149.683902661006 156.214813391368 157.816042502721 161.016921202342 162.404119968414 159.098575512568 159.48623418808 158.410102128983 160.225262244542 155.603170394897 152.082234621048 149.381667375565 149.570196866989 145.62463760376 143.871068954468 141.805469989777 132.26189215978 139.168838659922 140.789031982422 136.770665645599 136.685371398926 138.750284910202 130.243062973022 135.82036892573 133.917570114136 128.92359495163 133.312940597534 138.068656126658 137.7179423968 140.269150336583 140.367140372594 134.519716103872 138.364344835281 148.817121982574 150.981028874715 146.369824806849 141.795684893926 145.701587200165 156.95450703303 148.811181386312 139.258195956548 146.983325481415 153.146296739578 146.539509296417 125.375131766001 83.5927029450734
139.713128407796 142.367045084635 149.005363384883 153.532803058624 159.663865963618 163.847863674164 159.908562898636 157.91376431783 160.413165887197 161.325643459956 159.796059131622 154.268234968185 151.011844476064 152.146230141322 148.095746835073 142.01898376147 141.968458890915 134.222110112508 138.156811396281 142.598201831182 142.770191033681 141.556978225708 142.863402764002 138.057053089142 135.416934887568 139.247526725133 135.137061278025 136.941303809484 145.233710606893 147.315243879954 154.012898604075 155.697643756866 146.880547205607 150.327781836192 158.302972714106 163.884590069453 162.162085374196 152.165631453196 149.565488100052 156.074345111847 145.91325322787 137.556185324987 134.945978720983 134.064813454946 132.019658883413 130.974034468333 120.251089334488
139.252454042435 135.747621456782 141.25778277715 149.69664812088 156.060397624969 159.328480561574 162.646512190501 164.09820318222 164.833704630534 160.155723492304 162.759095430374 161.522607008616 156.361043453217 153.911193211873 151.031255722046 145.666738351186 142.874340216319 137.810895840327 140.931099653244 147.996664047241 149.191319942474 148.182551066081 144.398053487142 144.344806671143 139.606207609177 143.877665201823 144.584208726883 146.867056687673 153.849889834722 161.959936221441 170.464515686035 172.702153523763 164.011379082998 160.741488138835 159.75950161616 166.323105494181 169.278581937154 165.917615095774 156.050145626068 143.854836622874 134.543627500534 136.441419521968 134.768595298131 129.005620876948 124.990195035934 129.806379477183 124.255001544952
140.902409950892 143.106669187546 146.370271841685 153.074045976003 154.565552870433 154.862582683563 163.613696893056 168.046514193217 166.94180170695 166.267395019531 164.878527323405 163.885593414307 160.125384728114 154.452264308929 153.448025385539 157.602816820145 148.548493782679 145.416766405106 146.484116713206 152.697424093882 153.573224941889 152.427136898041 148.740192254384 145.692557096481 142.445544401805 147.323181231817 151.32008989652 152.394026517868 155.57454029719 166.6206518809 173.823356628418 182.086288928986 174.263119697571 161.351203918457 150.982489188512 155.134787162145 164.096166690191 171.465178330739 159.999658664068 137.196958065033 128.958721955617 138.820429642995 142.411728700002 136.996666590373 130.980044603348 127.405683199565 109.383771816889
140.145043532054 151.844720045725 153.425137201945 156.556526819865 154.606978098551 153.811534245809 161.885599295298 167.280197143555 166.136314471563 171.260714530945 168.144484361013 166.54493411382 164.181232452393 157.918075720469 155.732651551565 162.418653567632 154.582957426707 149.936338265737 147.255837917328 150.642921527227 151.327560345332 149.584114551544 147.927979628245 142.054637273153 141.411463419596 143.710951010386 148.784746726354 147.912959257762 150.539368391037 155.874729156494 167.002181212107 180.651028951009 176.354785760244 151.787102222443 117.902199427287 110.712508360545 132.331828276316 156.08623623848 165.59977332751 163.683553536733 157.823512951533 146.774103244146 132.401565710704 128.597219785055 138.027369976044 128.768503665924 104.489554961522
143.595725297928 142.190714677175 141.36666059494 145.486891269684 152.570436398188 157.701671123505 157.198846340179 164.377480745316 163.327564795812 167.214413483938 168.326874574025 169.492125511169 169.505000114441 163.086702426275 158.730427424113 157.657782236735 160.38848956426 150.847295920054 145.013093948364 143.868664900462 143.424381812414 145.099461078644 145.992835362752 138.119240601858 139.631748199463 138.524641593297 138.498385747274 137.891391913096 138.121714194616 138.347129027049 144.928157329559 161.738018194834 158.693472544352 130.193014939626 93.1694507598877 73.1842418511709 80.7206730047862 111.45677169164 148.786763350169 163.370291392008 166.939775149027 149.379471937815 124.253302812576 122.725556294123 131.83856010437 118.523140748342 99.9005337556203
149.730493625005 138.051430384318 135.219067335129 140.648633241653 152.965366840363 162.468880414963 160.821139812469 162.862559159597 164.805521567663 164.013336102168 167.219440142314 169.348537921906 170.721570650736 167.744656403859 162.259231011073 159.439533948898 161.464184522629 151.964455842972 146.811823050181 147.988637288411 149.039844671885 146.118859450022 144.345939159393 138.691236575445 138.394673665365 136.865317821503 136.706531047821 135.54639617602 132.487277189891 128.759115934372 119.691034158071 128.184576829275 129.728376865387 109.81140534083 93.5178101062775 74.3367423613866 54.7895431518555 61.4226559797923 85.3782296180725 122.96383579572 147.446612517039 137.136161327362 124.040027459462 118.290175994237 112.012108167013 104.523897171021 97.3373452822367
150.52393078804 144.044131040573 139.78918393453 145.080824693044 155.223906040192 164.465169111888 167.05584526062 163.549820582072 167.60774453481 165.934344132741 169.247468312581 170.480787754059 171.565095583598 173.461814721425 166.344265143077 165.531794230143 165.548960367839 158.014267683029 152.88120508194 154.507050911585 154.592404762904 149.992754062017 147.322913010915 145.156462987264 141.483465830485 140.840739011765 138.910959164302 136.175761620204 130.22780418396 123.370925585429 112.382709980011 118.052323659261 121.220131715139 120.179901520411 119.04639005661 107.254445552826 78.4010390440623 61.0137085119883 55.3171982367833 70.5899695555369 107.233275969823 112.457056840261 101.004759470622 71.2651113669078 76.9144694010417 93.4062202771505 102.32400894165
154.727319876353 152.730087439219 146.67151371638 144.018222888311 150.587558746338 163.864741722743 165.808409452438 164.207061131795 165.267497301102 169.656256834666 176.519552866618 176.783283551534 174.61754878362 175.564487775167 171.325822671254 170.201857884725 170.409739017487 165.995866060257 159.996132055918 156.95587793986 154.717634121577 153.251936038335 154.53714132309 156.676878531774 150.140732526779 147.794216871262 141.290187835693 132.073154052099 121.854394674301 117.439478635788 116.890132427216 123.731116453807 127.257923285166 138.77660036087 146.72393600146 145.285427570343 131.908625364304 112.884163856506 97.9769825935364 66.1082565784454 76.3293405373891 97.1436401208242 96.9974299271901 84.2511057853699 85.1972301801046 104.011277357737 132.557849089305
158.034692207972 157.162010669708 154.458145300547 148.914555708567 148.494144280752 160.853991905848 164.389669895172 164.929886658986 163.469612598419 172.599494457245 180.929978688558 180.010040601095 174.88157749176 177.586813767751 177.302400271098 170.348028341929 172.511021296183 168.245593706767 163.257678349813 161.069413026174 159.736057122548 159.951398770014 156.947135925293 155.381520589193 152.802050113678 146.223992109299 124.766737222672 100.424110889435 96.4314738909404 103.583027919133 114.104092121124 120.251794656118 126.087228457133 132.167667150497 146.537035703659 161.531349023183 166.095753510793 149.579544862111 153.711060682933 111.129154761632 81.4466575781504 99.9598701794942 117.818137009939 120.424608389537 121.93642059962 137.411932150523 165.1444931825
157.297352949778 154.915442069372 157.598465681076 157.373398542404 152.554194132487 157.317956288656 165.065159400304 166.380902131399 164.736032485962 170.945505301158 180.05907535553 179.294546445211 173.780024051666 176.949659983317 179.629623889923 169.163862864176 170.377731323242 167.935768763224 165.194402138392 166.031390428543 167.00671116511 166.989366213481 161.902477343877 153.519739707311 152.811904748281 149.281551440557 128.7442445755 103.854795296987 103.13089688619 112.859020630519 125.376204649607 126.214047273 137.753864129384 147.339234749476 165.711065133413 163.148462772369 159.305701653163 108.64249865214 88.9321068922679 114.214758078257 111.895700295766 127.543032169342 132.013420263926 114.419142405192 102.52633690834 116.999099651972 143.394976854324
144.815097252528 153.118977944056 155.772815148036 157.310704390208 155.317882696788 152.59176492691 164.770891269048 169.670661290487 167.895515759786 171.566387017568 175.827105840047 176.837722460429 175.903717676798 173.402667045593 174.607455730438 170.214374860128 165.979087352753 168.573498725891 169.688125451406 171.521166960398 173.177063465118 169.1748102506 167.298992474874 160.765041907628 159.899393717448 159.336487452189 152.035504579544 145.228485266368 145.52249511083 148.412227630615 146.650095780691 135.971675316493 151.945302883784 165.544380744298 152.668297290802 146.012018124262 110.358675320943 65.4442856709162 49.8024423917135 74.4902143875758 115.628669659297 139.370739459991 133.690198262533 118.220587571462 107.086797555288 112.128396828969 128.846943378448
133.621503909429 150.178213914235 153.367062409719 155.54134051005 157.705008983612 153.521666924159 159.350047508876 168.798565864563 178.417026996613 177.400628725688 174.670358498891 174.424827098846 175.676226615906 173.199613889058 172.579089800517 170.627772808075 165.481468041738 166.295240322749 164.302219947179 161.868304014206 165.234376986822 163.30361366272 162.601282199224 161.654929320017 163.532634576162 169.008354345957 178.921004136403 182.525257269541 167.43657986323 163.654853900274 152.431507905324 139.052391052246 146.584222714106 137.305686871211 105.085949103038 69.2281723022461 66.5938009818395 55.9192101160685 40.266215801239 40.1416172583898 58.0161909262339 100.907295942307 131.305873394012 152.682969967524 168.952922026316 165.573020776113 156.149705251058
135.200838247935 146.587500969569 154.402703046799 155.820022026698 156.741539637248 157.62867530187 151.766796906789 163.157284259796 183.498799800873 182.157595952352 175.222039222717 172.502636909485 174.224813779195 176.294068495433 174.989283084869 171.204765637716 168.278833230337 164.348105589549 156.932324171066 149.193952480952 147.868136564891 153.000116348267 152.542402346929 154.514710108439 159.595986207326 165.102591117223 187.276244163513 197.67423470815 182.894905408223 168.688237667084 141.488711039225 126.446803410848 126.482158899307 117.166052261988 90.9491976102193 60.6774787108103 67.1156495809555 80.0980180501938 73.4752416610718 56.0449759165446 42.7299787600835 63.5460466146469 109.634598096212 142.688572406769 158.359547456106 153.646568457286 146.287381649017
148.304402828217 151.761591434479 154.314676920573 150.465120871862 143.37029059728 140.443642934163 149.77882305781 153.633574644725 164.075911045074 163.707951704661 162.584751844406 167.816420396169 173.407216866811 173.901736736298 169.603586196899 171.102046966553 170.731862386068 162.477304538091 153.816441694895 147.043446699778 144.447853167852 144.329806168874 147.926300764084 149.925927321116 149.846235911051 156.580984592438 168.60951979955 179.943422476451 171.589573224386 160.124957561493 137.634098529816 118.779937426249 109.849194685618 120.657056570053 111.467897891998 85.9553714593251 91.1925832430522 131.318281094233 138.607958952586 116.037438313166 76.7135868469874 63.1043463945389 84.0295652548472 103.583385547002 102.700213591258 110.363592704137 115.37966132164
161.995192368825 158.323258161545 154.337753852208 146.529306968053 134.352842966715 125.158270200094 139.026463031769 137.35818862915 125.298837820689 127.48783826828 143.529544274012 155.845592419306 161.079406738281 165.229260921478 168.223798274994 178.739587465922 180.640955766042 170.803805192312 160.175849994024 155.140380064646 149.810453255971 148.985018332799 149.579425652822 147.100627422333 147.193570931753 151.650508244832 154.145528872808 154.858748118083 150.944610436757 132.731298605601 135.018646717072 126.309196154277 117.10254351298 132.127861181895 133.175283670425 120.279749234517 114.452799161275 118.456562360128 125.213781992594 123.419463634491 104.980220397313 85.4900578657786 83.9714308579763 80.2013079325358 56.252509355545 78.1039893627167 93.0170118808746
