input/barkrak2/radiation/dir06424.grid
NCOLS 85 
NROWS 70 
XLLCORNER 665100 
YLLCORNER 4664600 
CELLSIZE 20 
NODATA_value -9999 
[rows 21 to 41 of 70, columns 0 to 46 of 85]
66.4200733105342 53.4920344750086 42.810395359993 58.731863896052 54.3851355711619 32.1777338782946 36.1443758010864 46.4398960272471 53.5235653320948 54.4503579537074 53.3545911312103 54.1171779235204 53.8130154212316 53.840716679891 63.3736252784729 74.4266410668691 89.2862280209859 101.317207018534 112.093518177668 128.586451212565 138.109465440114 151.683886845907 161.866346995036 157.759666442871 145.857314268748 133.667757113775 119.854360818863 123.193999131521 130.60000538826 114.146182934443 92.8369462490082 77.6184946298599 55.5365830659866 41.1912202835083 27.8228471676509 27.332104742527 36.3314300775528 59.9063585201899 76.4403243859609 80.3027947743734 82.5446198383967 90.6173984209696 89.9117390314738 78.9266427357991 101.601779460907 113.95455400149 121.707876523336
108.887006839116 102.395385503769 80.6255886952082 77.5208622217178 74.0077793598175 46.0646996895472 55.2799999713898 55.642694234848 51.7501284678777 47.7486352125804 52.8169969717662 55.3190310796102 57.627002398173 61.2035840749741 64.4548932711283 71.8191564083099 83.131343126297 97.4150896072388 104.563315709432 108.198503653208 113.859395186106 130.97733259201 144.126872221629 149.703681468964 148.021906614304 139.002611239751 122.02575802803 115.781237681707 106.431911389033 107.526332139969 68.5263325770696 39.5325819651286 23.8837500413259 4.53072941551606 2.62024160474539 4.50983239958684 18.7110602855682 28.1412452459335 37.9755248626073 51.3064861297607 62.7934684356054 71.5990712245305 57.0479929447174 49.4419634342194 76.7932881911596 104.897240797679 113.651474316915
143.814961115519 133.105794588725 100.867052872976 84.1952959696452 79.5853634675344 77.3534923791885 71.203683813413 57.3903868595759 48.885444800059 43.5628592967987 53.8437813520432 58.2109938065211 62.3733003934224 73.0627626180649 71.568896373113 72.7714796861013 81.4978132645289 94.1134492556254 101.718415816625 92.6616887251536 93.8501556714376 98.4514554341634 113.660116990407 127.500633398692 134.14192199707 130.411893129349 116.081406672796 112.859706083934 90.3580188751221 47.667051355044 41.0139486193657 29.3224453926086 5.66153724988302 0 0 0 1.39402396356066 8.48392024636269 9.72305548687776 12.8753942747911 14.530923217535 11.7760896682739 24.7383366028468 59.626430273056 73.8283495108287 93.5211877028147 103.561580181122
143.018583456675 139.135817686717 119.660079479218 89.1239047050476 70.5043872197469 76.5879948933919 70.4983621835709 65.0628805160522 57.309885819753 46.2012688318888 50.0753968954086 55.0432900587718 58.9223404725393 70.5712884664536 73.0298111836116 71.2141891320546 79.0274242560069 91.9221043586731 100.817481676737 91.4132495721181 91.8072660764058 88.8753135999044 98.4686215718587 108.576794465383 114.122897386551 113.334874312083 109.420716762543 100.863327582677 79.5946419239044 39.2701501647631 32.180351515611 30.7634224494298 13.2701409359773 0 0 0 0.456452796546121 1.61902963494261 3.79501096904278 4.84798041482766 0.462870540407797 1.96438080941637 13.3832866946856 85.0261648495992 86.9221190611521 96.8984961509705 102.643301089605
129.3559273084 134.311199188232 130.624314149221 98.712682723999 71.6449817021688 76.5634874502818 82.8599631786346 91.8690959612529 83.8286677996318 68.3699349562327 60.0458085536957 66.2907560666402 67.0007318258286 77.8254816929499 82.0087343454361 75.7031341393789 78.2337586085002 91.474046309789 100.589613119761 103.549718856812 105.332930882772 101.215620835622 96.8581338723501 98.2592801253001 101.583470900853 103.331486384074 99.1898079713186 93.9228733380636 72.6336389780045 53.05448671182 55.1038285096486 63.4090751409531 56.3337206840515 7.95629930992921 0 2.07088344419996 2.12020349378387 3.10455759366353 3.6390982568264 2.60784042378267 0 1.43955694511533 25.1684561371803 86.3170822461446 106.640766064326 104.736765225728 104.477892319361
128.169099489848 133.668124675751 131.846169630686 108.588437239329 88.4525577227275 96.1912870407104 106.907337903976 109.287818272909 110.260228315989 102.753271659215 80.787921945254 84.7489337126414 85.89701851209 92.0589963595072 95.3553020954132 84.7374200820923 83.771953980128 94.3946838378906 104.335645834605 116.65274699529 120.212574799856 116.541107495626 106.867492198944 100.766042868296 102.513055006663 104.262381792068 98.0012317498525 99.7496048609416 89.1759991645813 89.925746122996 101.60102446874 125.074476003647 134.279251098633 114.978661139806 31.9675679008166 8.84309286872546 7.87937516967456 6.7986436188221 5.83114971717199 1.7001594727238 4.4141486287117 24.8974710702896 64.7789637247721 89.4306898117065 96.5311725934346 88.3419116338094 89.5149111747742
130.029171705246 128.651797771454 129.055678844452 114.494740962982 119.923313458761 122.832755247752 131.461222966512 122.253259023031 121.381411949794 117.52317349116 95.5497523148855 88.4989301363627 92.6674703756968 96.2397853533427 103.416899840037 97.4506437778473 91.8158988157908 99.114716053009 114.627093076706 120.789756377538 120.029499133428 109.976490338643 107.080717881521 109.64231689771 110.583156347275 109.854946533839 107.014278570811 113.027105728785 126.897543668747 133.232812086741 143.065909544627 154.819488525391 161.194851001104 175.801932811737 135.296791791916 37.2508615255356 16.3165802756945 9.33489327629407 5.33707688252131 0.527887294689814 18.7880670030912 81.3275823990504 83.900640408198 77.5220890839895 73.8589614629745 70.0481981039047 71.0328420003255
132.901221513748 120.927085479101 122.034301360448 119.000166654587 142.742127180099 131.131013234456 117.901871601741 113.484640916189 106.465548276901 98.6550152301788 87.9404544830322 82.2037855784098 85.1258039474487 97.6882477601369 101.824820041656 106.462548176448 101.592083772024 97.6705650488536 111.627886692683 114.18883005778 113.273859024048 104.999283949534 104.592223962148 112.453192472458 115.628053744634 111.664513746897 113.381485144297 115.152180194855 137.215663989385 150.516490141551 165.26468594869 175.437112649282 183.170338471731 185.29886007309 180.490056673686 104.931245247523 15.0421783328056 3.7497424830993 0.836618399868409 0.0594663142692298 34.1624667247136 73.5837320486705 71.5181827545166 47.8121340274811 46.2003250916799 43.5858468214671 50.6020088990529
133.229563633601 114.274223645528 115.824232498805 126.772701740265 138.028303782145 127.445677916209 104.32622830073 88.0027612050374 73.4336872895559 67.2293603420258 66.2750552097956 70.9344297647476 79.8782656590144 93.6950842539469 104.718099037806 111.164083083471 109.102110068003 95.0287381807963 101.785858472188 104.986031850179 105.004727840424 105.875263611476 107.12718963623 113.760868708293 119.465659062068 116.810917854309 120.479851961136 116.683820883433 133.050193389257 155.423909425735 176.902890205383 188.450455665588 189.175963401794 188.875993092855 199.874003728231 184.569199879964 95.5114761988322 15.4794851938883 9.16573405265808 12.096023807923 29.9340138832728 44.540211558342 51.372026403745 28.3965120712916 25.1977940400441 29.2375385761261 47.7194438378016
130.259493986766 133.128106594086 159.20344988505 198.028425375621 170.223991076152 131.750504175822 96.1238245169322 67.6969985167186 56.5921912590663 61.4620397488276 57.4007531007131 55.064931511879 76.5242179234823 93.8214262326558 110.479752222697 118.281265099843 116.899748643239 102.456798156102 102.311084667842 107.0403556029 104.9844622612 109.867473443349 111.827701330185 115.891416867574 122.248669465383 128.372142712275 127.411693334579 128.86126836141 137.337505817413 163.516581058502 186.035911242167 193.714916706085 190.666953722636 199.521064758301 212.321956952413 218.446175257365 193.652629852295 133.344272772471 54.2679329713186 25.0142912069956 18.7786978979905 20.7543137172858 33.7813024719556 25.273951391379 22.0491737127304 33.6352835098902 58.6966623862584
146.43539985021 183.530330657959 232.631901899974 254.188656806946 237.011253833771 178.377131621043 123.270928859711 84.892064332962 74.4544118642807 81.1701367298762 72.1392085154851 62.7506176630656 74.3146240711212 91.4002458254496 114.139139652252 121.393392483393 116.848309834798 112.008114655813 105.505963166555 108.330339193344 108.528196811676 113.212535778681 116.031269232432 118.148535490036 123.529175917308 138.304054737091 138.401617606481 145.695338646571 153.983801603317 170.574923356374 187.690953413645 196.497718493144 198.833425839742 208.099007606506 213.600019613902 211.584866046906 210.251371065776 201.772967974345 131.402532259623 51.7634997765223 22.808055082957 22.889422873656 26.6336500644684 29.35458223025 37.9184484481812 52.8403619925181 66.0100032885869
209.335486094157 245.007713635763 266.192098458608 266.87361796697 267.952501773834 243.210136890411 197.444876035055 153.363168239594 124.975820382436 115.49299955368 110.093047221502 93.2059586048126 79.4675350189209 90.9695426623027 116.899917523066 122.547656297684 116.722544034322 118.7584400177 107.376952966054 107.250481843948 111.48069302241 114.28697903951 115.318785111109 117.671887079875 122.855683167775 139.509300390879 146.245131889979 155.66474199295 164.00804122289 171.17695013682 185.05201737086 197.090665499369 198.308646678925 195.406675338745 197.687685489655 181.227803230286 182.478268941243 178.728520870209 136.323163906733 76.6093830267588 40.2352487047513 36.0304440061251 30.9182330965996 30.3310478727023 39.452001452446 50.0238984823227 52.4789343277613
255.809187889099 269.120156764984 271.408975124359 268.884539604187 271.084308624268 269.860784212748 249.410311381022 204.187273979187 164.607365926107 143.512566884359 143.128216266632 129.587183396022 100.757420063019 100.893199443817 113.287657499313 118.496209383011 111.840446790059 114.581326643626 109.328995148341 110.247472922007 107.690771420797 110.413601001104 110.052794218063 110.654453436534 119.463543097178 131.489525238673 145.688156286875 151.26504500707 160.633434851964 172.655741373698 184.206207593282 187.296787897746 171.204030513763 165.534784396489 163.0653043588 147.273361682892 147.841930389404 132.960955301921 95.0107872486115 61.2752586603165 64.80806072553 57.7688018480937 44.3672736485799 34.1256509224574 31.7409361402194 21.9186718265216 13.4508932630221
265.548904736837 269.367595513662 269.328157107035 269.327044487 268.803079922994 269.906242688497 266.111056009928 235.313713550568 184.672315915426 157.107879718145 150.69122115771 147.668461004893 132.154315710068 115.346044301987 114.891638358434 117.686748504639 110.789040724436 107.734103997548 109.579135974248 112.559189399083 107.041289409002 107.20619559288 109.13207133611 111.704250176748 116.325755914052 124.578585227331 136.981328328451 137.743423382441 148.10452858607 167.119085788727 177.454610665639 172.747731208801 161.047538121541 158.886988957723 147.301246722539 132.491995890935 136.63512468338 133.837352196376 115.287800629934 83.8969846566518 84.2875838279724 92.6418503125509 75.4137833913167 54.5687079429626 36.6252114375432 3.62647728373607 1.19561453660329
263.049602508545 265.50304889679 261.853694915771 263.289272785187 263.070702552795 260.074039300283 257.859071095784 242.281436920166 196.473161379496 165.189613898595 155.218621095022 153.359591960907 148.831953605016 126.806080341339 119.015286366145 123.275399208069 117.221504449844 107.276539007823 113.329201936722 114.257295926412 111.231873432795 108.014901479085 111.971646547318 117.798974116643 115.806440512339 121.759335199992 128.523528575897 128.997981548309 137.610812981923 159.131129582723 169.463853041331 166.975796222687 163.257618745168 164.236813783646 145.902842283249 139.160950978597 143.889794747035 150.691986083984 146.130939324697 117.771377166112 77.7005255222321 76.7189959685008 63.0719562371572 35.8375360568364 8.38221485416094 2.01902693758408 0
245.666901270548 247.326890627543 248.98370107015 246.826748053233 245.270907878876 243.867496649424 248.08790286382 244.409759839376 208.610733350118 171.928207079569 156.873414913813 149.177014827728 146.040360132853 127.250413099925 117.426743110021 125.034312407176 126.179794470469 113.128493229548 117.080797751745 120.222727457682 118.970096111298 114.774535099665 114.931245644887 120.308538277944 117.732554674149 118.038674195607 126.634240150452 133.641690015793 139.062116543452 152.697225411733 166.080127159754 169.872303803762 164.54956928889 167.780061562856 149.068276087443 149.725546439489 150.265196959178 158.426602681478 158.323715130488 127.121031284332 55.5314918359121 38.9250566562017 21.5923612316449 5.52945832411448 0.88924813705186 0 0
224.052667617798 232.688228289286 242.266058921814 240.097641944885 238.238215446472 243.391533692678 251.040895779928 252.711832523346 227.324426174164 183.58051776886 163.81115714709 144.256035486857 133.16398859024 122.426827748617 113.587299982707 119.390497605006 132.792750994364 122.4465072155 119.572440783183 122.749030590057 122.870544592539 119.373351335526 116.032361984253 118.196705977122 120.867550373077 119.987676541011 125.000288089116 135.087251663208 140.375395615896 145.635336637497 159.985035657883 170.866211255391 167.075335979462 158.405095338821 144.518792629242 161.872804164886 166.811505953471 166.49063428243 164.852877457937 140.259722868601 48.1526056925456 11.9566569725672 6.5285935997963 0 0 0 0
188.229084014893 199.391861756643 207.011759281158 212.599615255992 220.909575621287 235.085686047872 246.938347816467 251.1820991834 241.621772448222 203.661938508352 172.992348670959 148.895839850108 132.053951422373 130.016187826792 119.86298362414 113.092323144277 127.152780691783 126.550187667211 120.058139165243 119.544933239619 120.109846194585 116.412421067556 113.966067632039 115.294218063354 120.308746894201 124.638835589091 125.672856966654 131.696403026581 138.541479905446 139.820019404093 150.913109381994 167.782723903656 164.744824171066 145.707468191783 150.470793247223 174.414157867432 178.898433844248 175.980528195699 168.720225493113 164.892673492432 114.060421784719 27.4794672926267 6.57866336405277 3.56318491200606 0 0 0
151.179760694504 157.543152570724 157.220621903737 168.314099311829 185.236255327861 201.415220896403 215.522487958272 226.681669553121 223.025480906169 199.20547803243 166.091948747635 142.943888902664 128.407031297684 127.023031314214 122.27937579155 115.098824103673 121.529698371887 121.870656808217 114.901979764303 114.485094944636 117.913434902827 122.349599997203 120.416025320689 115.33589164416 114.171087741852 119.732648134232 125.970482826233 130.861302216848 136.137455701828 137.071420749029 139.999896287918 154.672602812449 156.162311633428 148.824483156204 175.784866015116 188.720047473907 184.622506300608 176.956117153168 178.21212609609 190.345565478007 193.426311016083 134.227116902669 49.1722176472346 19.2087553441525 1.05043050522606 0 0
139.085908730825 141.806304454803 140.747090180715 142.674068609873 151.484549045563 158.240775267283 162.239332993825 166.850964228312 166.099727153778 149.408956368764 132.934828599294 127.971748510997 126.893351475398 123.979687690735 121.048221985499 120.050132274628 120.534559090932 120.049118995667 114.788283904394 113.039006789525 117.590685685476 123.312036196391 126.485933860143 121.670961380005 117.550879716873 117.040087779363 127.538651227951 131.234109401703 136.43225034078 138.209263483683 138.108362754186 145.300974448522 149.664372205734 161.307464043299 187.153577804565 182.636598745982 172.128001848857 161.596437295278 164.564480384191 179.345726966858 196.333289146423 196.785688400269 140.557706356049 58.1908822059631 12.2412343819936 1.25330546870828 0
147.703856229782 145.646681388219 145.910004774729 143.908282121023 140.510529279709 137.918601433436 136.128187179565 136.307656764984 141.263057788213 131.488094727198 123.967230319977 124.496757984161 128.455569346746 127.552767594655 126.012772321701 122.592320044835 117.083897193273 126.10266606013 126.989404360453 120.513180891673 122.548441092173 123.471200466156 123.785475889842 125.761051972707 126.457264026006 122.458080450694 128.18185488383 132.590452829997 136.513411998749 138.203124205271 141.235401233037 144.874066114426 148.441294829051 170.206487178802 181.236604849497 170.616269111633 155.93425432841 145.144492387772 142.819454272588 156.65731827418 189.574758211772 195.608615875244 168.922384579976 103.116323550542 32.3532770077387 8.77385648588339 0
