input/barkrak2/radiation/dir00524.grid
NCOLS 85 
NROWS 70 
XLLCORNER 665100 
YLLCORNER 4664600 
CELLSIZE 20 
NODATA_value -9999 
[rows 0 to 22 of 70, columns 0 to 51 of 85]
46.483839551607801 58.5502485434214 67.4855957428614 81.2999904155731 88.5800321896871 95.8257814248403 95.6977903842926 103.156755367915 109.218259652456 122.911095619202 123.687883218129 119.905034701029 115.57259162267 116.258790095647 116.319080193837 102.07877556483 90.4742578665415 81.7271868387858 80.1366418600082 80.7466804981232 88.7195070584615 104.797859986623 121.359795331955 123.832454284032 126.939117908478 133.136620124181 131.955375274022 125.967890024185 125.727226336797 127.335518598557 124.755124251048 145.500123500824 174.731532732646 169.747948646545 166.597942511241 162.874758243561 166.686018308004 171.899378299713 166.384081045787 168.377836545308 165.580252806346 176.935692628225 181.286772092183 171.599427858988 164.275854825974 174.58047469457 180.876851081848 137.495011091232 93.5673912366231 89.6614591280619 110.297828912735 150.068014860153
30.0141597787539 40.6085004409154 51.2073834737142 56.1867455641429 64.0136748552322 76.243003209432 81.010768810908 88.8346234957377 97.6989567279816 98.5146164894104 106.249312559764 121.35237455368 116.276303927104 117.914656798045 117.989559968313 104.43455974261 96.7875023682912 87.5589748223623 85.1781566937764 83.7557911872864 96.4158177375793 116.697033246358 133.159647385279 130.953371524811 133.443832397461 137.709558010101 135.060360034307 128.845105568568 125.120530525843 129.716157913208 131.80602590243 153.612474600474 174.116730690002 167.280554771423 165.143569310506 161.809494098028 168.871760368347 172.859211762746 165.264099836349 165.748596191406 164.807925621668 168.186545372009 164.335409800212 155.688494443893 153.400500615438 164.049168427785 168.437937895457 129.177441199621 100.919544696808 110.192706187566 137.429028749466 169.952611128489
11.1966356635094 13.7969131271044 21.1417600512505 26.0530039668083 29.8657615979513 37.9230628410975 49.0265985329946 63.1125867366791 74.3036766846975 81.3738207022349 85.290531317393 95.7673986752828 98.3573893706004 102.953970432281 110.452642043432 125.874360402425 118.316948413849 107.334117094676 93.4554934501648 84.7984949747721 97.5812176863353 116.474052270253 126.159608364105 131.315757830938 132.916311422984 132.25253423055 132.814099391301 127.844333648682 126.459310452143 131.872951984406 145.035723845164 163.498610258102 174.026846885681 168.549358844757 164.506405591965 164.327492316564 171.127061049143 175.6259004275 167.217234770457 163.144697745641 159.802546103795 153.548369805018 143.58976483345 136.135915915171 139.4056280454 154.940525690715 152.137200037638 122.819979985555 116.549829641978 137.077490488688 160.638600587845 179.903626441956
4.41492938747009 4.98810596764088 6.08662453790506 7.58464510242144 7.57184562583764 13.0952224135399 18.9977822204431 28.0351762970289 40.6925156712532 52.5239457686742 63.5192145903905 76.5867779652278 82.6471497615178 82.0575952529907 91.2976165612539 100.282261768977 99.0315874417623 88.6953373750051 80.7259331146876 77.3732662200928 81.4600686232249 85.6379568576813 97.9788502057393 111.14913225174 115.442534287771 115.293473005295 121.758947769801 125.741640726725 128.590474526087 132.743179798126 140.251417954763 153.753916422526 161.824782689412 167.387465635935 164.718687534332 164.819180965424 167.017956574758 167.635222276052 158.653338750203 149.523158868154 145.725329717 140.519082546234 139.234413703283 147.990703582764 152.811189492544 145.186901092529 136.366873979568 120.235214630763 125.67792336146 139.728287855784 158.915728330612 176.286081473033
10.9741116563479 5.07624850918849 2.12592041740815 0 0 2.66341461489598 11.5518669287364 18.2440082232157 22.0642065008481 25.7645323872566 39.0486965576808 51.0918796062469 58.6976905663808 63.894992073377 67.7402565876643 76.3265291849772 78.3067444960276 75.7525513569514 73.6840715010961 76.7152607440948 76.4444172382355 76.981782913208 86.0744118690491 94.6201185385386 101.848582426707 108.104676008224 113.383710384369 118.22114388148 121.833175420761 128.293295701345 133.477667967478 147.377669811249 141.418009996414 144.855131705602 146.582971016566 150.851170221965 157.510807116826 154.839644829432 144.595255454381 137.032399574916 136.747181415558 139.372924963633 145.648896694183 153.722951809565 155.538827180862 134.083489576975 112.051725387573 110.298335552216 120.256076256434 136.579940716426 165.090670188268 178.305168946584
33.4054753184319 17.927839110295 6.96088249484698 0.602130157252153 0.0150349017834136 1.39099328468243 5.08944876492023 12.3139930268129 15.8623221019904 16.0291716456413 20.9094062447548 25.9230583906174 33.3046441276868 38.3371189236641 44.1848784685135 50.9271522363027 56.5162350734075 64.4997855027517 69.9442525704702 76.4603366454442 81.4145555098851 86.3463977972666 85.4481160640717 89.1030033429464 97.2784658273061 101.524005333583 106.461236874262 113.546152909597 118.133167425791 125.750084718068 136.782278617223 141.310006380081 135.252972443899 134.191294511159 137.718458970388 138.743897279104 135.854482650757 129.636337359746 136.82492574056 139.119257529577 138.546566168467 138.19549481074 140.383054812749 143.035223086675 139.414469401042 113.654990990957 90.11310338974 98.5923806826274 115.395446618398 148.88197183609 170.939207077026 177.802344163259
50.1949886480967 33.2723210255305 20.2980910738309 10.0311456869046 3.20552382618189 1.38342628876368 1.72066502273083 7.43923025826613 12.1148986121019 15.6362888713678 17.1028537054857 15.8281847834587 15.9564887483915 16.0800342758497 19.6462149421374 27.8101190924644 36.4074980219205 49.6500829855601 61.3891383012136 73.9412556091944 81.0485531886419 88.43727906545 87.6436829566956 89.0512466430664 91.5294587612152 94.7239995002747 101.782252391179 105.889052152634 111.456612745921 120.866884787877 130.000750223796 133.114705483119 124.833911657333 122.634470462799 124.938666820526 124.337573846181 122.990836699804 120.048294464747 116.692264874776 114.292641480764 121.454586585363 122.063835461934 128.302782773972 135.063121716181 135.009785493215 130.839278300603 135.799566904704 140.506406625112 148.603787024816 157.945762077967 162.154912948608 166.623651981354
62.5204344590505 47.5616008043289 33.2101459304492 21.7975229024887 12.4118030071259 4.09594364464283 1.25665528078874 0 6.94627811511358 14.3193813661734 18.4067624310652 19.7075133522352 18.5072782138983 16.380009551843 13.1422070165475 15.8966208497683 22.5851461291313 31.1017657319705 45.1300044854482 58.6423724889755 67.6236003637314 79.3439398209254 88.0397160847982 90.5418793360392 89.4891719023387 89.8435215155284 90.8261934916178 93.4488972028096 98.8852779070536 111.396958430608 117.680738369624 122.813493013382 113.820175329844 109.456429878871 108.238240083059 110.011249780655 113.571306069692 113.746792078018 110.407412052155 98.1575548648834 93.9869383970896 110.495030879974 123.68177374204 134.733736515045 138.966103394826 144.447833299637 154.571394125621 155.544857184092 159.690161546071 158.382068077723 154.555688301722 152.058949073156
57.4125995238622 49.2710371812185 36.7079377174377 27.8941889603933 20.2268734574318 14.016422132651 4.77864096562068 0.596719405924281 4.43717526892821 8.5786779721578 15.4983935256799 19.5047159989675 22.4941372871399 23.7841481963793 20.5358825623989 18.9673180381457 19.1329295436541 22.670124967893 29.4155230124791 38.7474223971367 49.3264893690745 62.1238648891449 72.137842575709 75.1944134632746 76.6076544920603 80.0568163394928 80.1180750131607 80.4767608642578 84.7393075625102 88.558425505956 93.2645003000895 101.706971724828 97.705215215683 97.3926881949107 99.9730428059896 100.636760393778 105.04095753034 108.544995387395 108.552704254786 104.049106438955 105.286727348963 110.8518242836 118.525147438049 133.85863105456 133.106857538223 132.996380329132 134.620159864426 144.239534934362 151.095052560171 146.672854820887 138.913691043854 140.690505504608
38.234976430734 35.0198398033778 26.9171744585037 23.6332068840663 18.3247489233812 10.6103457510471 8.15441521505515 8.51469859480858 4.6463996792833 2.12844616423051 4.42677084356546 12.4281818668048 23.0962882439295 31.579926609993 32.9007878899574 31.4345707496007 26.4549950758616 23.9519029855728 23.9211196700732 26.3632014393806 31.9538762172063 37.9357462128003 44.9559688568115 53.5297791163127 61.2948437531789 65.3757552305857 66.6662802298864 68.3019012212753 69.1892007986705 72.8430102268855 71.0739940404892 69.1876411437988 74.7368435064952 87.1292452017466 90.3263290723165 94.3949421246846 96.8519151210785 99.9486645062764 105.023950338364 111.280709505081 114.95100458463 116.777877012889 115.107536315918 115.442246198654 115.44793844223 133.993337551753 139.818847179413 144.353359937668 144.263923168182 145.554383595785 144.414563973745 141.896903514862
6.25536777079105 3.01028694957495 0.609947678943475 0 0 0 0.576138496398926 8.78468528389931 8.29057767987251 4.90910125275453 2.62227654457092 0 13.2694132626057 24.110143383344 34.893865386645 31.9607829054197 29.730424284935 27.1392911672592 23.4660158554713 22.094763815403 22.3415940999985 23.5408792893092 27.0497376720111 36.5379974246025 46.2414224942525 52.7830670277278 55.6824008623759 55.4636220137278 59.6890598535538 61.0359311103821 61.8410458167394 62.6745969057083 63.8999889294306 62.1148546536764 63.8942668835322 84.9032203356425 89.7036691506704 92.1282569567363 101.346850395203 112.638741731644 115.803549687068 111.829231182734 110.910028219223 110.782821973165 109.829674164454 113.484720389048 120.486368735631 139.698396126429 138.992925484975 142.912864685059 144.608388344447 140.126883983612
0 0 0 0 0 0 0 0.412460882216692 11.8861322601636 10.3227533400059 5.96757916112741 2.22981426243981 3.84731031954288 12.0707241197427 23.2276593645414 27.1494736274083 32.6953679323196 32.3475251595179 26.4655898014704 22.4810789028804 19.35825496912 19.5785164833069 19.9903187652429 26.0201742251714 32.6515808701515 38.3540938297907 42.0713126659393 44.2631095647812 46.6122776269913 50.2935002247492 51.4775762955348 49.8938808838526 52.3790965477626 49.9857912460963 48.6301084359487 47.9190150896708 64.2362684011459 86.6632262865702 91.1639332771301 102.442999680837 109.46120818456 105.554779370626 100.233187278112 98.8934536774953 98.6489852269491 99.4680921236674 102.204541365306 106.286505858103 108.504285415014 128.995358943939 134.708136320114 133.361995220184
0 0 0 0 0 0 0 0 3.96862315634886 12.8052358826001 13.5915987193584 9.17846833666166 1.97831106682618 0 9.66140752037366 22.0711181561152 32.0312033096949 35.2750147382418 33.5007558266322 29.3738047281901 25.2051452795664 26.0899265607198 26.0176956653595 27.5920430819194 29.5052876075109 30.2994474768639 33.2360814015071 39.3171384930611 40.3090566396713 39.9649093548457 43.0635114510854 42.3888216416041 38.3052229881287 35.469447573026 38.559357325236 38.2373680671056 36.6666366656621 39.5386616388957 48.2400953769684 70.4437593619029 83.2280963659286 89.3058478832245 89.2071028550466 88.0307257175446 87.5696539878845 89.3950959046682 85.0088795026143 86.0423545042674 89.3856187661489 90.8812483151754 95.1940019925435 110.016673803329
0 0 0 0 0 0 0 0 0 5.06317429244518 15.9505767126878 18.939392020305 15.63411206007 9.16757682959239 7.9198641081651 18.385407825311 27.6116281747818 35.1509377360344 41.6853676239649 40.6052420536677 34.850999712944 34.061665336291 33.5673565665881 33.2495247324308 34.9163139859835 34.5268249511719 36.631075044473 42.7707632382711 42.1327004830042 36.4579707384109 36.1115584770838 38.5331312815348 35.1658140619596 31.6397622227669 30.6847045818965 28.9685900012652 24.8218725124995 22.6574391126633 21.9586516420047 26.5896866718928 38.6455704768499 42.0837104320526 51.5344391266505 59.8898281653722 65.7830834388733 72.6805925369263 78.8845370213191 71.6776053110759 66.3579752047857 69.8291858037313 71.5801020463308 78.0066897471746
0.675294160222014 0 0 0 0 0 0 0 0 0.016008047775055 14.285738269488 26.7553751667341 33.8418831427892 27.9171566168467 18.1057279308637 17.2513984143734 19.6592037876447 28.1326348582904 39.0977263450623 46.6997722784678 47.6103127002716 44.7503527005514 43.7949846188227 41.7577574650447 40.9268488486608 42.2820299863815 42.1874721844991 41.8310364087423 43.6219722032547 37.7797161539396 33.8708112637202 33.3869606256485 33.2205245892207 29.3649782737096 26.3823419809341 23.7361441055934 19.3057196835677 15.9775825838248 14.9091084798177 11.9334161281586 10.6162006656329 18.8873571654161 23.7117583552996 33.056711157163 34.7081820170085 44.4763700167338 56.4192285140355 61.5280022223791 60.4904492696126 59.3900432189306 59.8243375619253 64.7249420483907
1.32385858645042 0 0 0 0 0 0 0 0 0 3.60741714636485 21.821454167366 34.4832291205724 41.8055156866709 34.0623408555984 20.2077950040499 15.6252160668373 17.4531675875187 27.100312213103 41.9473151365916 52.5076985359192 50.9845167398453 52.3165067036947 48.7726032733917 46.1012423038483 47.6660827795664 48.3485360940297 45.76109846433 44.344499707222 43.8827723264694 38.2085715730985 33.7219114104907 27.8325205047925 21.8788137038549 20.2889541784922 16.9329841931661 12.6701444387436 8.52682503561179 7.42398823300997 4.88936714828014 3.63904579232136 2.18574531997244 5.94822876155376 11.1606294910113 24.5318834980329 30.0939877827962 38.6552413304647 48.661266764005 50.4763424396515 50.01200735569 53.8627753655116 57.3982099692027
0.730484879265229 0 0 0 0 0 0 0 0 0.0211146276948663 0.259587250184268 14.4902144869169 31.7738230029742 42.8007493416468 44.8805391788483 38.7132962544759 33.5424542427063 25.6741121411324 20.6856988370419 26.0921791195869 42.7363713582357 54.5630703369776 58.4567238887151 56.5156042575836 52.5762389103572 53.4520198901494 55.7359059651693 53.473045428594 50.6183803081512 50.1256883144379 46.008492509524 35.6478368242582 27.1090194582939 20.106878131628 14.7768358389537 12.0205966134866 8.98277759552002 5.80237371226152 3.96104560544093 2.81236413866282 1.21404766105115 0.0610108982073143 4.10938459557049e-05 3.05015003929536 8.37195292115211 19.4009741147359 27.0110343893369 32.7619488040606 38.6164536078771 45.8802332480749 49.2807328701019 53.4404416879018
0.237260498882582 0 0 0 0 0 0 0 0.210082139043758 0.371422618627548 0.407821809252103 9.22584533691406 21.8152006467183 33.8295747836431 47.0319290955861 51.6418715318044 48.6191858847936 42.3447738091151 30.8942894140879 22.866169611613 29.1503916184107 45.8919356266657 53.8392961025238 57.4711163838704 58.9270194371541 61.0621223847071 64.5669052998225 65.7665332158407 60.8670214811961 55.6182662645976 45.0824896494548 34.9116673072179 29.984047015508 20.1700491209825 14.0830129384995 11.7124853034814 6.82503792146842 3.97171918302774 1.68087147176266 0.213226090030124 0.0144980937572351 0 0 0 0 7.25201641519864 13.2110739747683 20.1331848899523 22.5537990530332 25.9895647565524 34.2957824468613 40.1013145844142
0.270792942804595 0.370668169731895 0.0240459654984685 0 0 0 0 0.458843618010481 1.16462943454583 6.59655220806599 10.2821836868922 12.1835147341092 17.9188288748264 23.1683800617854 32.3139776786168 42.9191341002782 48.991804321607 51.1402388413747 49.0091194709142 37.5951677560806 25.9015262126923 35.2141708135605 43.3422972758611 52.3489862680435 61.2528373797735 65.2909974257151 68.7851210435231 68.2900746663411 59.657076994578 58.3091924587886 47.1718708674113 37.5328337152799 30.1431069771449 17.9964837928613 11.0600367188454 8.43261058131854 3.73198154071967 0.613154416593413 0.0846386246848851 0 0 0 0 0 0 0 2.81636603176594 7.0028118789196 8.77167781194051 14.5339878896872 17.7850996454557 19.5722045997779
0.225378375034779 0.0341659809540336 0.0761762251689409 0 0 0 0.0227682515590762 0.92789336728553 1.38422613963485 1.37880956754088 6.27585624655088 10.5161393682162 11.0185369849205 14.6687502662341 21.7416932185491 34.4256361325582 42.1496878067652 44.6142057577769 49.20427997907 49.6949752171834 44.4603463013967 34.507229924202 36.5475962559382 44.1453357537588 54.4395993153254 61.155100663503 67.220742503802 69.4043735663096 59.4075818856557 50.9437074263891 48.241784175237 36.7077862222989 24.2720916867256 17.7161395549774 8.53205906848113 3.93977419783672 0.859760524084171 0 0 0 0 0 0 0 0 0 0 1.21691931659977 1.35670245314638 6.00338478883107 7.73218087852001 9.62109553317229
1.16501810650031 0.00146148840940441 0 0 0 0.0210419384529814 0.0109058249411949 0.846462013820807 1.80176086723804 1.79114906738202 1.30119686946273 0.982709694653749 4.25608456134796 6.94902986288071 10.9708532691002 21.6712579131126 30.6507597366969 33.8015034794807 42.0809934536616 52.0487080017726 57.8804115454356 50.5438695351283 48.5065430402756 50.9222050507863 52.7657965819041 54.3188403050105 58.0919037262599 61.7388784885406 58.3001325527827 47.1237947543462 36.6791014870008 27.522936463356 18.060011168321 9.78766195476055 2.18217121437192 0 0 0 0 0 0 0 0 0 0 0 0 0 0 0 0 0
8.63241838912169 3.34966244796912 0 0 0 0 0.560918318418165 2.16367468237877 2.46066506952047 1.97357373932997 1.20215467177331 0.508800731040537 1.75987075393399 0 5.01465890556574 13.3079836765925 23.0619013309479 29.8441673318545 35.8097900946935 46.8033651510874 53.4889648358027 64.6816690762838 68.8375731309255 68.1610256433487 61.5728894869486 53.6490430434545 48.8882164160411 46.5129017829895 53.4254610538483 41.3089742263158 25.7376233736674 15.5127594868342 8.02338620026906 0.721834988022844 0 0 0 0 0 0 0 0 0 0 0 0 0 0 0 0 0 0
32.5858021775881 26.6948665181796 8.71108782788118 2.14592864116033 0.43888483196497 0.157978599114964 2.75613646954298 3.08512554814418 2.41689803078771 2.38173734396696 1.23234116472304 5.06758503615856 6.83835645516713 5.70757128298283 6.65433518588543 10.8541995286942 18.8098810613155 26.455357670784 31.557485461235 33.6885700623194 37.6429880658785 49.5585997899373 59.2499623696009 63.3321702480316 62.1272424856822 57.6000312964121 50.8741289377213 43.6116208632787 36.5537454684575 29.5764381686846 14.166376243035 3.83068776379029 0 0 0 0 0 0 0 0 0 0 0 0 0 0 0 0 0 0 0 0
