input/barkrak2/radiation/dir07824.grid
NCOLS 85 
NROWS 70 
XLLCORNER 665100 
YLLCORNER 4664600 
CELLSIZE 20 
NODATA_value -9999 
[rows 20 to 39 of 70, columns 0 to 45 of 85]
64.2086019118627 52.3592332998912 56.7482610543569 73.7000852823257 68.059300382932 59.8638753096263 53.5120566685994 63.9017870028814 75.4875640074412 87.3270233472188 94.0587321917216 92.8408900896708 93.7539637088776 95.7086185614268 107.08099603653 123.480618000031 136.648466189702 145.301848649979 157.035907109578 173.340817292531 181.252717971802 168.762624263763 168.519139289856 169.28776105245 169.187009334564 168.652693430583 165.495097637177 165.872911612193 168.457349141439 156.132986148198 156.55646721522 138.842721780141 127.581348021825 130.071977774302 121.949553489685 152.956326802572 153.306136528651 155.342767635981 159.787913163503 165.2445991834 166.106164455414 166.834712028503 170.746068159739 162.425597508748 168.800195058187 174.802343050639
93.3765470981598 80.5648813645045 72.4395364522934 94.1465596357981 91.1682347456614 59.6697429815928 61.2723231315613 72.5243389606476 80.8044920365016 87.1314406394958 89.4344846407572 88.6777440706889 88.652362426122 86.1340165138245 98.0291763941447 112.804929415385 127.593775590261 139.825612306595 149.074792861938 165.73303937912 173.892060915629 187.844137350718 192.498544851939 190.182268619537 178.075114885966 165.593256553014 153.048853079478 147.80330657959 152.927776177724 153.497318426768 130.348781744639 103.723635276159 86.8070026238759 70.6730286280314 66.1864181359609 85.5302214622498 100.446383158366 122.329483429591 147.470901409785 149.524480104446 146.911839644114 154.120783011119 145.463287830353 128.908038139343 155.355075995127 167.983174324036
137.12618748347 135.116577148438 114.686926205953 114.857296148936 112.13426788648 77.1083335081736 83.9016338189443 82.8792005777359 80.6764264901479 81.4678420623143 89.1107122103373 88.3864859739939 97.149262825648 98.5009670257568 101.088623205821 108.099391063054 121.061742305756 134.48307911555 143.537521362305 146.509408950806 151.151895523071 169.319311777751 180.482387542725 182.119230429331 176.571091016134 169.496913750966 153.936485449473 144.942700862885 150.281558434168 127.725879351298 94.1007534662883 59.0640852848689 42.1424905459086 20.0408759216468 10.9321686128775 29.4417689243952 50.7706205050151 77.2550106048584 93.7193433443705 107.453753550847 122.447947661082 128.829896450043 115.243941545486 91.9601321220398 120.301127433777 156.408498684565
176.725804805756 167.702734470367 134.754687547684 121.669371922811 117.879807949066 111.522972583771 102.495352427165 85.3646794954936 75.1041173934937 76.0215620199839 88.6989335219065 92.0619169871012 102.35458612442 112.644950548808 109.269082546234 110.730548699697 119.937320550283 131.549328565598 138.645301262538 129.190931717555 130.0201912721 135.290861129761 149.440685908 158.640166123708 165.041973193487 160.919775565465 145.701388518016 136.758347352346 116.204480330149 75.7177273432414 58.9708139499029 48.0662931998571 19.7681486606598 0.648365550053616 0 0.480670559530457 12.3868783315023 33.5529322425524 47.737662990888 55.274506409963 65.3638243675232 55.0314784049988 65.6421333551407 101.871778567632 112.963984409968 142.783214648565
169.40846045812 165.968626737595 152.212679386139 125.103851159414 108.551581700643 111.674676338832 102.853159109751 94.6153004964193 84.9641462167104 79.0853401025136 84.5417678356171 91.2362337112427 92.8621689478556 108.871877193451 108.733197053274 109.127392371496 116.553246974945 127.116858959198 135.963539282481 127.567718426387 126.859267552694 124.596705039342 134.51224565506 142.727851867676 144.949724276861 141.067057847977 135.650922854741 124.746570984523 105.083922545115 55.4059545199076 50.1206914583842 48.747460047404 28.2438819607099 0.94018317759037 0 0.920940578604738 7.3613536854585 20.3450495998065 26.6009643673897 29.4698551297188 25.9801149368286 25.9252140919367 45.551672577858 126.632938782374 131.167868773142 142.406096061071
156.615068515142 161.380151907603 162.287970383962 133.345663547516 109.431554873784 111.961891253789 114.237109820048 119.841605424881 118.699083725611 105.154395103455 98.5944370428721 104.188005129496 110.387394825617 118.892600138982 120.105346043905 113.582183917363 115.320781866709 128.967434167862 135.745902856191 139.117777347565 141.332974036535 137.088268995285 133.130888144175 132.225334644318 133.486062288284 133.912622928619 122.85715341568 116.806844870249 92.4262404441833 78.3115228017171 77.3670276006063 87.7650777498881 81.0596148173014 24.1808245579402 4.80271068712076 10.3029770155748 11.2968857089678 17.7150803307692 19.7650132079919 13.2973777751128 16.1956834296385 19.0205574035645 56.845098733902 118.743399779002 151.401629050573 154.841055472692
155.586659908295 160.787562529246 165.078669786453 142.302751541138 126.505464315414 130.955517292023 140.943974256516 144.242465496063 148.108104864756 145.026942094167 123.703638712565 130.357384681702 128.942757844925 136.9415918986 135.969936847687 123.678505420685 121.150235335032 133.037914832433 139.251917600632 152.652929226557 156.388223171234 154.739985863368 142.167826493581 133.350898822149 134.611944357554 134.763340155284 124.405990044276 124.22506014506 110.68187157313 113.432874282201 128.147919972738 152.324040730794 160.960723956426 146.301567554474 67.039355635643 27.8493538498878 24.9594077467918 25.8230144778887 22.8495746850967 15.7355256378651 23.4590818484624 60.4122132062912 100.836932659149 120.202680428823 145.353257656097 143.529156843821
157.457113265991 156.074146429698 156.569063663483 147.264083226522 158.143391211828 157.451331615448 165.113717317581 162.94131676356 164.630095163981 160.424093405406 139.690081278483 134.48910911878 137.065857648849 138.963907957077 142.705887556076 137.222737073898 132.997870445251 140.789320071538 154.199014107386 160.792330900828 157.962381839752 148.459891478221 144.598215818405 144.110312064489 143.188287814458 141.476442416509 136.573056379954 134.354064861933 147.351215283076 155.812710523605 171.22228940328 183.534741401672 192.787766456604 204.188326994578 171.331763267517 69.5598671833674 38.3056278030078 28.495654463768 17.1238842109839 15.8849532405535 50.8284270763397 125.837167104085 121.852189302444 107.803513606389 111.725032329559 107.811570167542
160.043845574061 148.608863353729 149.801313877106 152.350823084513 180.801173051198 171.178917090098 162.085433801015 151.167392730713 147.323975960414 138.809074958165 132.71576166153 121.047059694926 130.41232029597 136.935998996099 142.898082733154 145.003875096639 138.414859771729 134.781171878179 146.781732638677 149.368663628896 151.538481314977 141.61350329717 143.500248591105 149.535993734996 150.604824225108 144.077062606812 146.311024824778 143.831650416056 156.697909037272 171.116868654887 191.073954105377 203.439652919769 210.248668988546 211.809277534485 210.696180661519 142.143855492274 38.3435214559237 13.5369263589382 7.965337485075 16.8101228773594 63.7130538622538 117.873420317968 109.260867039363 75.8878489335378 76.002448797226 77.1200557549794
160.003026326497 142.067700624466 146.047830581665 161.005020141602 179.330825805664 167.230347792308 146.184762318929 125.695645809174 112.844526767731 105.174491802851 106.533457835515 109.190195798874 116.701443990072 131.234625975291 139.58927989006 146.761447191238 142.375359932582 128.202656904856 134.35368736585 137.318591276805 137.073944012324 138.787488142649 140.348354975382 147.716601689657 153.700093428294 149.262319008509 153.82448832194 150.119562943776 156.308790047963 179.93152141571 202.263693014781 216.793139775594 216.032226880391 214.950919151306 226.09531879425 215.388337771098 132.683018843333 42.7424361308416 28.7289768457413 33.8204304377238 57.5381368398666 74.1475323836009 79.9561887979507 53.8711547851562 47.5748827060064 56.9339195887248
156.514962514242 161.31396094958 189.218481381734 231.534818808238 211.238662401835 174.194097518921 136.338263750076 104.198306798935 91.8468435605367 96.8047777811686 92.6596820354462 92.3154453436534 104.185521602631 127.022286256154 142.66562461853 150.049030780792 149.78281656901 135.74347893397 135.328501462936 140.743464231491 137.305468320847 144.150813420614 146.26490076383 148.733645677567 155.678530534108 161.591579516729 161.541432142258 161.015888055166 160.492897033691 189.7159020106 212.558607260386 222.531080245972 218.221545219421 225.737055142721 238.063017527262 243.011991182963 224.751849969228 173.687020937602 90.157558520635 53.1695187091827 43.9037332932154 45.8940863609314 60.6755614280701 50.0065982341766 47.29097088178 61.4356100559235
174.636662006378 211.74019575119 257.496873537699 280.535916487376 272.516926129659 220.876216888428 165.817558765411 126.754661401113 112.720479567846 117.910126845042 113.225201765696 90.973695119222 99.4669397672017 126.086433728536 146.18789156278 156.138042608897 151.652018229167 146.972000598907 139.625996351242 143.161217371623 142.803857723872 146.237959464391 150.817265113195 151.2397925059 157.467077175776 171.050031979879 172.117193539937 178.087333838145 183.991233507792 198.474168777466 215.871711572011 225.143174330393 227.718075116475 235.27983824412 242.940386136373 239.487369855245 236.003677050273 235.636075337728 172.331213951111 88.1838202476501 51.7111668984095 46.8029280503591 49.4857132434845 55.076668659846 67.2373473644257 87.2153838475545
235.426505406698 269.372344017029 286.85184319814 286.23237212499 295.481006304423 279.027740160624 240.905106067657 196.006099383036 166.907370090485 160.585929950078 152.50630180041 121.91520134608 106.801887353261 122.791429360708 149.490704139074 154.54575419426 150.006244579951 153.387467066447 141.587893168132 140.09083310763 145.718385775884 147.158483664195 149.864226579666 151.190390189489 157.600561777751 172.761797904968 180.744369824727 188.381373882294 194.452246030172 200.790842374166 216.244041919708 227.760950724284 227.348387241364 224.941611289978 226.804574330648 211.945414543152 212.929089864095 212.893923123678 170.753598213196 114.06355102857 74.640949567159 62.3485843340556 54.6286553144455 56.3725580771764 65.7981087764104 86.2220923105876
274.908900260925 290.272970994314 290.879209836324 282.058238983154 291.158358256022 295.807580153147 280.286252498627 243.27544371287 209.368268648783 175.083597501119 174.449801445007 156.240969896317 131.081183751424 131.060312191645 145.197103420893 150.883247454961 146.171142657598 147.651702165604 142.639130353928 143.16980044047 142.477969328562 143.999447425207 143.593549728394 145.58357000351 153.166989485423 166.585028171539 180.798312028249 184.642235438029 192.18647480011 202.864666779836 215.540846188863 218.125323454539 206.122199694316 195.626000563304 188.441455364227 173.640588919322 174.04838403066 160.407543182373 128.212809562683 96.7473785082499 99.7774501641591 88.4369413057963 70.8761463562648 58.8875363270442 57.8136692444483 74.7080345948537
285.394291083018 287.635227044423 288.653910160065 286.333084106445 284.542918205261 287.506103515625 288.009126981099 262.673258781433 218.647003173828 185.52021185557 180.756012598673 177.761395772298 161.464313666026 148.874282836914 146.348685026169 149.756252765656 144.952327013016 141.119430462519 142.708241939545 146.347095568975 142.247756322225 140.733420848846 142.606596151988 145.387550195058 150.115092595418 159.977227449417 171.060184637705 172.695755958557 181.730012098948 199.652632077535 209.544042746226 204.219738642375 192.941109339396 188.394983609517 173.810442288717 159.559706846873 163.417448600133 160.878549019496 146.569063266118 120.29621998469 120.323956012726 124.512155850728 107.286045948664 88.362067937851 72.4537869294484 58.0179492632548
285.190423329671 286.595245202382 284.641007582347 285.272856553396 283.659776051839 281.610747178396 282.073179880778 270.137508710225 225.86582104365 192.999343077342 181.368788083394 181.042114893595 178.701122601827 159.636000792185 152.736643950144 156.706521908442 151.259551445643 141.028424104055 147.289514541626 148.249725500743 146.91823720932 142.192622025808 145.956893761953 152.119288841883 150.065133968989 157.635351022085 162.709772586823 163.983553647995 171.103656291962 191.891252994537 201.105296611786 196.535468101501 194.884598255157 196.618278821309 172.163446744283 169.146796067556 174.559513727824 179.135918617249 180.588205655416 154.965430498123 110.390524069468 112.123568852743 95.1106150945028 79.074834783872 63.9260311921438 48.5470394293467
272.02586332957 274.336814880371 276.06983979543 274.47630961736 271.972080071767 269.765218098958 275.405625502268 272.328595320384 237.309475739797 198.610146840413 183.476169904073 178.479691346486 177.814841270447 159.769078095754 150.474816560745 159.059842427572 162.003596623739 147.473782300949 151.515265305837 154.672622680664 155.142118533452 149.26141500473 149.272541205088 154.752473036448 152.128159999847 153.838654359182 160.950402418772 168.970942497253 173.019806543986 187.502503395081 199.378271897634 199.531614780426 194.725354512533 191.800018151601 174.73558584849 180.450101693471 182.765185832977 188.339193662008 183.861454327901 161.825786034266 88.9118015766144 65.1793877283732 57.0665846268336 35.5547393361727 45.3182558218638 40.8948734402657
255.335589249929 262.816548347473 269.367118676503 267.62584845225 266.667246818542 270.208934942881 276.628176371257 278.616229693095 254.403293132782 210.246125857035 188.673496246338 175.831496715546 167.720834414164 157.087107499441 148.123691479365 153.728624184926 167.524139086405 157.227118810018 154.428988695145 157.475044329961 159.329732259115 154.021084308624 150.563319524129 154.341717561086 155.45063217481 156.019906202952 159.47092572848 170.721928278605 174.501101175944 180.939257144928 191.611965497335 200.762073198954 197.758734226227 183.13463528951 172.631998856862 190.212527910868 197.270592053731 200.267275174459 189.221739768982 176.207621892293 83.3878417809804 35.7473939657211 15.8419099946817 15.130610515674 15.6854912638664 15.1878135899703
221.638401349386 231.963117917379 240.214308102926 245.11331319809 251.038034756978 263.085087140401 272.611776987712 277.10219224294 267.285724480947 230.9730052948 203.456064065297 182.640274365743 166.996379693349 163.674096266429 155.009220043818 148.11772108078 162.45182355245 161.684622367223 155.050863822301 154.381414254506 154.858966668447 152.701715628306 148.512125015259 151.419162750244 154.876818259557 160.805910825729 160.169631242752 167.433122793833 172.752817471822 173.896431922913 183.139403661092 198.436220486959 189.44251537323 171.000758806864 177.972753842672 203.600207964579 208.975931008657 206.154565016429 192.233999570211 195.672512054443 148.75457684199 57.5682520866394 23.4974597891172 17.0122881730398 17.9883042971293 13.7527398765087
186.202704906464 193.392336368561 193.07941198349 202.592392762502 218.677858511607 235.008676846822 247.806429862976 255.576093991598 253.11021010081 228.53942712148 200.562218825022 176.797211170197 163.992822170258 161.028703053792 157.674888769786 150.191118319829 156.720370054245 156.998743613561 148.28222990036 149.286776781082 152.663022279739 157.191336154938 155.059814453125 151.480535666148 150.164097547531 154.168903827667 161.917974551519 165.22471110026 171.786705652873 171.217362085978 175.365885098775 187.366127967834 181.573688983917 176.297585169474 203.73793443044 217.896342277527 213.481624921163 205.830236275991 205.940047899882 216.878771781921 223.679880301158 174.945632616679 86.7360830307007 45.3536659479141 28.2624637087186 13.6000365018845
