input/barkrak2/radiation/dir08324.grid
NCOLS 85 
NROWS 70 
XLLCORNER 665100 
YLLCORNER 4664600 
CELLSIZE 20 
NODATA_value -9999 
[rows 40 to 59 of 70, columns 0 to 45 of 85]
188.240269819895 190.887212753296 189.66402610143 191.51892264684 201.08022292455 206.278284390767 210.033158461253 215.683539708455 213.075419267019 196.9908674558 181.100269158681 177.597482999166 175.003866354624 172.077198823293 168.804069360097 169.133027394613 168.081303437551 169.132272402445 162.117342154185 159.832020600637 166.095872720083 171.741346518199 175.043205420176 170.022428035736 165.642082691193 165.129552284876 175.578633944194 179.00143067042 183.964312076569 184.077600638072 185.260494550069 190.981209278107 191.307425498962 198.565443356832 225.405176480611 224.196096261342 214.044491449992 204.177061716715 208.128194014231 219.328184922536 234.667460123698 249.121228853861 208.020230134328 121.199597915014 63.9793972174327 40.3842975695928
196.569085121155 194.603800773621 193.750858306885 192.690670490265 189.417282740275 186.70775492986 184.928059577942 186.196049054464 189.53937292099 181.24916156133 172.411501407623 174.136757850647 176.539421081543 176.982522010803 173.701326052348 171.704868475596 166.078984737396 175.213356812795 174.23943678538 167.184551556905 171.002109845479 171.893874804179 170.549352963765 174.160838127136 174.675981203715 170.637806256612 176.257193088531 180.408855279287 184.104800224304 185.589830080668 188.502291838328 190.810203552246 191.732128461202 208.686808745066 220.599253972371 209.735055764516 188.492894172668 185.170849164327 185.434301694234 198.208153247833 234.0407371521 248.535374800364 230.23909330368 172.422250111898 100.000619888306 63.6230756839116
201.545615990957 198.928813139598 200.479368368785 199.148615201314 192.792336146037 188.264568646749 185.188074906667 181.398232777913 180.132349332174 177.799244721731 174.574732780457 173.556705315908 176.558216412862 181.141535441081 179.339090983073 176.726639270782 172.329366207123 179.020603497823 180.50084511439 171.868999799093 170.558512210846 168.876131375631 164.958496888479 168.037235736847 172.485868136088 168.373882770538 166.541467110316 173.062900702159 179.862638314565 182.798127333323 183.787087599436 184.362133344014 191.733618577321 212.560057640076 218.009352684021 190.322677294413 176.616470019023 179.360946019491 184.030572573344 196.025649706523 206.762909889221 210.927844047546 197.025934855143 167.088150978088 110.940059026082 56.0788561900457
185.633023579915 188.308795293172 195.899367332458 193.7202612559 196.687499682109 197.872579097748 196.520288785299 191.63990020752 179.353853066762 178.321838378906 180.371205012004 175.889472166697 174.975454807281 179.950773715973 179.647405942281 177.342375119527 177.353262901306 178.774078687032 180.378158887227 173.568268616994 167.115290959676 166.301588217417 163.239588340124 163.454274336497 166.149079799652 170.032223065694 165.89625676473 168.529907862345 174.02716477712 177.745262781779 176.194628079732 174.172679583232 183.81929397583 200.23238658905 193.882584571838 179.04661099116 174.115935961405 186.175207297007 194.914778073629 196.192542711894 191.255748271942 188.09845050176 174.603601296743 156.769514083862 109.601765871048 52.1325568358103
183.335999647776 188.795189062754 191.139161586761 192.708452542623 194.575409094493 196.14448149999 196.47878408432 192.857801914215 186.50100628535 181.541939576467 182.063976923625 179.219563802083 173.977275689443 173.459410667419 172.440509001414 173.102756341298 167.916973431905 176.401754220327 177.629351615906 174.007296562195 168.847719828288 168.555279572805 167.00025399526 168.344934781392 165.002743403117 174.235502878825 177.127420902252 175.843020280202 175.367951393127 173.903266588847 170.099993546804 166.722496350606 172.880450884501 176.319559415181 173.80956808726 172.892729441325 177.326480547587 193.357725938161 199.996133645376 192.52489010493 191.063086191813 182.682673136393 171.114345391591 156.072239081065 122.480024894079 77.0962536334991
188.897252082825 193.896611531576 190.423329671224 194.464484850566 193.231324354808 193.381468454997 194.005787372589 192.647298177083 192.345639069875 187.344193458557 184.750656286875 183.912098407745 177.629907925924 173.568805058797 171.436746915181 175.988554954529 167.967180411021 170.401334762573 177.457769711812 175.056318442027 171.522418657939 172.397077083588 170.273701349894 170.425375302633 172.819753487905 172.158439954122 179.239849249522 179.280678431193 176.858921845754 175.323784351349 171.522557735443 167.165001233419 169.832686583201 167.042374610901 158.424407243729 158.628890911738 167.101005713145 186.688462893168 189.239104588827 174.468358357747 178.443948427836 167.162676652273 164.391229550044 165.377348661423 151.428590218226 111.690541108449
188.112139701843 190.304934978485 193.700551986694 195.212403933207 195.362170537313 193.775475025177 195.840140183767 197.891096274058 192.990601062775 191.092133522034 188.175141811371 187.399049599965 182.244022687276 179.396510124207 177.234788735708 181.82897567749 177.39341656367 170.143206914266 178.404251734416 176.713903745015 173.078815142314 175.182521343231 173.265735308329 168.738087018331 176.645795504252 171.874483426412 173.020998636882 175.299942493439 175.005177656809 175.974945227305 173.79363377889 171.06020450592 168.944398562113 166.596571604411 160.157044728597 158.951650063197 165.821631749471 176.833152770996 177.839557329814 174.484014511108 175.647377967834 167.33173529307 170.702119668325 179.39164241155 173.60790570577 134.625931580861
183.099309603373 184.566100438436 190.937797228495 193.547546863556 196.458697319031 197.754263877869 194.348216056824 194.787542025248 193.523287773132 195.108731587728 191.874146461487 186.917265256246 184.040784835815 184.150179227193 179.818471272786 179.76184686025 177.523652712504 167.764365673065 174.815773963928 176.375170548757 172.244151433309 173.827171325684 175.798674424489 167.077461878459 170.683344205221 170.599162578583 167.209446430206 171.331504980723 174.150268236796 174.757520357768 175.303041934967 175.151864687602 168.383856614431 171.286781628927 179.878155390422 175.861954689026 176.145811875661 173.186421394348 177.167534828186 187.285641829173 179.41027879715 169.045964876811 176.374117533366 178.382992744446 172.467350959778 152.891665697098
175.076524416606 177.331566810608 183.915416399638 188.471972942352 194.110651810964 198.195497194926 194.228768348694 192.288756370544 195.568819840749 196.146686871847 194.72990433375 189.100543657939 185.554643472036 186.613261699677 184.105436007182 177.997887134552 176.182270050049 169.944663842519 173.752506573995 178.167959054311 176.564733187358 176.959633827209 178.067624568939 172.998309135437 170.279939969381 174.139857292175 171.757737795512 175.194243590037 181.425869464874 184.721708297729 190.876682599386 188.977718353271 179.703851540883 182.947039604187 190.262118975321 192.46510664622 190.884510676066 183.497111002604 181.929508845011 187.323292096456 171.765029430389 164.137899875641 161.749303340912 160.871108373006 158.963809410731 158.021003007889
173.736612002055 171.111981074015 175.376991430918 184.619943300883 189.587990442912 193.85818640391 197.121481100718 198.124686876933 198.637386163076 193.823913733164 196.386734644572 194.820682207743 191.002051035563 186.95334593455 183.838665485382 180.135011672974 177.096585432688 171.500265598297 176.392555236816 181.746105353038 182.746112346649 181.464354197184 177.504579226176 179.210424423218 174.47962363561 178.731282552083 179.294327894847 183.483958244324 190.230389436086 197.956840197245 205.820361773173 207.08692073822 197.866837183634 194.865504900614 190.096497535706 195.633669694265 197.243432203929 195.452153682709 187.381764252981 169.892370700836 161.188503106435 165.638715028763 161.529908577601 156.14120165507 152.463068564733 157.017360130946
174.924711386363 176.145911216736 178.902526696523 186.554988225301 187.070469061534 188.573042551676 196.969111760457 200.75128475825 199.327965577443 198.508242766062 196.728269259135 197.09058602651 191.786706447601 187.57838010788 186.244527498881 188.443084557851 181.084275245667 177.008509635925 177.759925524394 184.143165747325 184.872130552928 183.856209119161 179.880917072296 178.351600964864 173.308968544006 179.941614468892 185.891707738241 186.801671981812 191.984574000041 202.754378318787 209.335386753082 216.066141923269 209.041237831116 193.536420663198 183.947642644246 184.539675712585 192.676742871602 200.212955474854 184.268295764923 163.562297821045 156.012326478958 169.037421544393 168.59910885493 163.467268149058 158.023178577423 154.686957597733
173.333168029785 184.271295865377 185.356517632802 189.00058666865 187.326192855835 186.525245507558 192.653715610504 198.924362659454 197.385450204213 202.015300591787 198.80473613739 198.511878649394 194.608290990194 189.619799455007 186.606029669444 192.991375923157 185.194094975789 179.41669623057 176.545977592468 180.380860964457 181.193550427755 179.230233033498 176.967004934947 172.764241695404 170.027693112691 171.947240829468 179.081082344055 177.706738313039 180.105944474538 187.326033910116 200.532992680868 208.670278390249 205.464998881022 179.093778133392 146.460553010305 139.064391454061 159.044186274211 184.579253196716 193.736672401428 189.881126085917 185.543557008108 175.22277434667 159.320334593455 155.605345964432 164.503653844198 155.723750591278
174.986243247986 173.840939998627 174.336314201355 177.725573380788 185.81485748291 189.129948616028 189.273476600647 195.131917794546 195.06824016571 198.122203350067 199.45635398229 200.152178605398 198.616623878479 193.373521169027 187.931577364604 187.128921349843 189.812421798706 178.903003533681 173.080186049143 172.607064247131 172.185699144999 173.253377278646 173.565030097961 167.29748249054 168.297608693441 165.275206168493 169.096966584524 167.999823888143 168.01522175471 167.677124341329 174.275060494741 189.204494158427 183.191617329915 157.064119974772 120.947182178497 100.748240947723 109.56671833992 139.473964770635 174.335241317749 188.382466634115 190.024574597677 174.581468105316 153.406282265981 150.254348913829 158.834745486577 145.323057969411
181.697368621826 171.088695526123 166.889071464539 173.001348972321 184.622565905253 193.863411744436 191.652337710063 194.019675254822 195.332328478495 195.37627696991 197.250684102376 200.350761413574 201.449116071065 197.90373245875 191.979825496674 189.263006051381 190.780440966288 180.422564347585 177.186409632365 178.570548693339 177.821358044942 174.460828304291 172.619064648946 168.303688367208 167.527874310811 165.918827056885 163.36053609848 163.855890432994 162.551611661911 158.794989188512 149.72045024236 155.465334653854 156.506806612015 136.548856894175 120.166718959808 101.539790630341 82.0754766464233 90.0280276934306 114.29101228714 150.618741909663 173.194030920664 163.031210501989 152.553369601568 147.835940122604 139.980316162109 130.425711472829
184.159537156423 176.507552464803 172.264675299327 175.565282503764 186.514914035797 194.461107254028 198.039253552755 193.787932395935 198.403934637705 195.316771666209 199.456930160522 200.192073980967 201.00603501002 202.707986036936 194.750567277273 193.629483381907 195.255875587463 186.897536118825 181.306064128876 183.035850524902 183.18635225296 178.525785605113 175.613085428874 174.449106057485 170.462787151337 169.692516326904 167.626142501831 164.946268002192 158.885717391968 152.164359887441 142.829527457555 147.459030151367 148.586988449097 146.27472559611 145.691255728404 135.19557317098 107.911258935928 89.7334218025208 83.6737751960754 99.2950002352397 135.304987430573 139.265398184458 127.838641405106 113.221983114878 110.668400923411 118.678450584412
188.85193268458 185.487846533457 179.217139879862 174.494087696075 181.958297888438 193.978110949198 197.572429974874 195.026735464732 196.581204732259 199.962973594666 204.888383547465 206.4555088679 204.28866147995 205.249349276225 200.031737486521 198.45986366272 198.56729110082 195.03927230835 188.658992449443 185.966293017069 183.922986189524 182.039002577464 182.58927265803 184.009353319804 179.213464260101 176.810681819916 170.59314250946 159.985224405924 151.276330153147 149.936596552531 147.678961356481 153.017739454905 154.684464136759 164.064228534698 171.307841936747 171.97185754776 165.8034324646 147.492935260137 126.57176454862 94.5272843043009 103.87721657753 123.438159624736 122.855474551519 110.691448052724 112.35906680425 130.692988634109
192.372580369314 190.351128578186 187.53437201182 179.832875728607 179.64365084966 191.085278987885 196.762839953105 196.280439694723 195.046504338582 201.509177684784 210.682769616445 210.107187430064 205.21605014801 207.665304342906 206.092238426208 199.151575565338 201.061268647512 197.805762290955 192.585945129395 190.623303254445 189.16380405426 188.547670841217 184.999763965607 183.339556058248 178.754190603892 174.241046110789 154.26050623258 130.305866400401 126.155624787013 133.910199006399 144.910017649333 147.302011648814 153.135776519775 158.99994969368 172.772268454234 184.997320175171 189.9294257164 190.343161424001 187.165141105652 139.298756917318 109.36051607132 126.966694990794 144.343435764313 147.787233193715 149.611492951711 163.82705171903
192.260722319285 188.769380251567 190.913180510203 188.477317492167 183.820108572642 187.890032927195 197.603166103363 198.260227839152 196.374853452047 200.673758983612 210.180342197418 210.28729279836 204.743544260661 207.242608070374 209.0838154157 198.92938931783 201.201240221659 198.235372702281 194.971839586894 195.644736289978 196.197926998138 195.651968320211 190.583010514577 183.827519416809 183.103879292806 181.722521781921 160.002728303274 135.781586170197 132.69038995107 142.691642045975 156.558414300283 155.447373787562 164.024541775386 174.259146054586 189.221402009328 199.421882629395 183.328370253245 150.056521097819 145.653297503789 140.856444835663 140.291800101598 155.107418696086 158.439427614212 142.096817493439 131.123880545298 145.034283399582
180.553217728933 187.860826651255 189.404845237732 189.738690853119 187.946577866872 184.455513954163 198.174158732096 202.350258827209 200.335721174876 201.177616914113 207.494556903839 209.425131479899 207.293311754862 204.334040482839 205.193877220154 200.742820898692 196.065386136373 199.216902256012 199.523746967316 201.062242190043 202.336549758911 198.297619819641 196.382085482279 187.972207864126 187.098364035288 189.280609289805 183.521191279093 175.379375616709 172.920743624369 174.852430820465 174.557050069173 166.25036795934 177.188754081726 189.187049865723 180.831789970398 169.976075490316 150.865455468496 94.4598019123077 75.1933803160985 108.410239219666 143.63897840182 165.633251269658 159.272531668345 144.658853610357 136.309007803599 143.233795960744
170.002202192942 184.882958730062 187.988956769307 189.479569594065 190.8251841863 186.89352273941 192.883928616842 203.522940476735 210.48104763031 209.533492724101 207.873860994975 208.664278189341 209.494928518931 206.445495287577 206.816951433818 203.933835029602 198.432644208272 198.298871517181 195.946176846822 193.605383237203 195.588489373525 194.774329662323 193.934202194214 192.667762438456 194.247901439667 198.783914248149 208.144148190816 209.630807240804 195.119341214498 191.669185956319 180.960476398468 169.999321301778 172.283490498861 163.617581129074 132.879783709844 91.1488930384318 87.8017942110697 76.4971723159154 60.0490669409434 70.385346810023 91.0651087760925 129.528174797694 157.339076201121 178.889095783234 198.290348052979 195.796072483063
