input/barkrak2/radiation/dir07224.grid
NCOLS 85 
NROWS 70 
XLLCORNER 665100 
YLLCORNER 4664600 
CELLSIZE 20 
NODATA_value -9999 
[rows 0 to 20 of 70, columns 0 to 45 of 85]
197.187105814615990 213.100850582123 229.688664277395 248.990674813588 258.654236793518 259.066462516785 252.518514792124 246.99999888738 247.858107089996 250.296115875244 249.551812807719 249.875982602437 248.085220654806 248.825033505758 250.632703304291 240.709245204926 228.732446829478 217.490911483765 213.302334149679 202.205578486125 199.89158709844 214.983105659485 241.880297660828 249.6497631073 251.852869987488 262.659509976705 261.384983857473 246.956487496694 231.496453285217 229.673365751902 225.486437479655 246.103346347809 289.657394091288 288.640181223551 283.903658390045 272.440493106842 276.445666948954 291.923105716705 286.969463030497 286.186178525289 275.284667809804 276.416103045146 288.122534751892 287.149647871653 275.678257147471 278.828342755636
174.852649370829 193.107108275096 209.217131137848 228.140950202942 242.121418317159 247.355024019877 246.598978837331 248.45564365387 256.998598575592 256.468872229258 252.520938714345 250.851432482402 249.706606070201 250.677208105723 250.525971253713 240.591744581858 234.550217787425 225.613415241241 220.879435539246 209.983170032501 214.290420214335 235.313574473063 256.195684274038 259.250183900197 262.978394826253 268.003463745117 263.128161430359 250.368893146515 236.427187919617 231.548547744751 232.38080739975 259.987791379293 291.292726993561 289.217352867126 283.97661447525 274.406472841899 279.855370521545 291.185637315114 287.151177724202 288.524528344472 279.686649640401 278.054455916087 276.216765244802 274.413228034973 272.002001603444 278.720259666443
136.500706275304 150.029053290685 163.204779227575 175.803581873576 190.306107203166 201.755623022715 213.266054789225 229.718784491221 243.386705716451 244.448184967041 244.778792063395 248.54834874471 256.921728452047 260.7701420784 258.974969387054 263.34943373998 263.745129108429 252.962410449982 236.459414164225 226.127862930298 234.818736712138 248.938083648682 257.857759793599 260.519047578176 265.669842561086 264.621575673421 258.788347244263 249.722381432851 240.834434827169 239.550014336904 248.02174170812 275.786439577738 290.117641290029 290.398379166921 283.510307470957 278.805375099182 285.109837849935 288.877109686534 288.97233804067 286.316831906637 277.997712294261 269.572377204895 257.889688014984 255.870163440704 265.974362691243 276.587605476379
117.045988639196 118.561635414759 126.957535743713 134.315063556035 140.762726465861 146.718770265579 155.451118946075 173.235019048055 195.438663164775 214.594086011251 229.664425055186 247.16595808665 259.796758492788 264.498511950175 266.507764657338 272.538721561432 270.143787066142 259.337743123372 242.624402046204 235.596855481466 235.321462154388 234.61518685023 246.677696704865 253.946582476298 254.646400610606 255.93090057373 255.541503429413 251.570185025533 249.473551909129 251.539587974548 254.582603772481 280.880709489187 288.511951764425 288.52790594101 284.620225429535 286.779403686523 287.459254264832 287.831981976827 286.172827084859 275.070826212565 267.891307671865 255.761325359344 251.154998938243 264.066100120544 280.585567156474 274.626195430756
139.894008636475 122.564345598221 109.316994746526 98.6175338427226 100.462625424067 119.872043530146 142.293055852254 154.175023237864 165.498365958532 174.071033795675 198.496520519257 224.676847457886 241.230686505636 248.980661233266 255.680461724599 259.846309820811 255.345145861308 245.837489763896 239.569783210754 236.298779646556 231.035669644674 229.141434033712 240.589718023936 247.351984182994 250.405410925547 256.337920824687 256.295879681905 253.879249095917 251.924892266591 250.309069951375 256.874779860179 284.834583600362 286.538163820903 287.044902642568 281.757314999898 283.209681510925 284.130950768789 282.13357925415 272.392014662425 265.146772066752 263.033270835876 259.989996751149 263.885279496511 272.862056891123 276.134113470713 259.276767571767
186.203181743622 155.975868304571 126.528193553289 102.168669303258 92.8188363711039 104.582101106644 131.369590759277 150.439401467641 155.397305885951 154.819269975026 166.065613428752 181.674301624298 192.913055419922 199.92474714915 210.189084211985 219.808061917623 222.749551137288 227.548360824585 234.916806221008 240.571081638336 240.702410538991 243.130127588908 243.946691354116 244.434754053752 249.29549296697 254.730979601542 256.267011165619 256.760160128276 255.389094352722 255.399425824483 269.252896308899 285.375018914541 281.788388888041 282.32729434967 278.52201461792 276.531596978505 278.416375319163 273.745596408844 264.832615852356 265.196998914083 264.930824438731 262.16733455658 263.572136561076 266.757388909658 256.781836350759 229.942043622335
210.824926694234 183.47704410553 161.719749371211 138.152499993642 115.940868854523 102.940102418264 111.04029417038 141.869306564331 157.325983047485 166.263401508331 162.9525522391 157.418757677078 152.848263581594 148.383955160777 150.378127892812 167.605996131897 182.141820589701 204.638441403707 226.42042239507 240.619917710622 246.775547663371 249.781747659047 248.316625754038 245.304703712463 247.936328252157 249.814391136169 253.173569838206 255.714416503906 256.101826826731 261.209309101105 273.261904716492 281.639317671458 276.487668355306 272.976040840149 271.103024482727 268.06366443634 267.34991868337 263.123333454132 258.603711922963 255.020499229431 249.670207500458 247.954825560252 253.85594367981 260.226726531982 249.728401501973 238.727847735087
225.046515464783 212.093810240428 196.913341681163 178.433855374654 153.71365348498 120.394329229991 98.6996193726857 96.1154898007711 135.320951541265 162.221968173981 172.496418158213 168.388883272807 158.346752325694 147.09860086441 132.934669653575 136.655062437057 150.677571694056 169.303218523661 196.235477924347 218.986550966899 233.484208583832 243.32594871521 250.837504863739 246.222754319509 244.506438573202 243.523637453715 244.750618934631 246.571242809296 248.607476552327 257.762014865875 268.449982007345 272.238473097483 266.574402650197 260.428051153819 255.30993938446 253.529628117879 257.573405901591 254.47154045105 247.411688168844 231.902956962585 231.198191642761 241.117497285207 258.186638355255 268.780330816905 264.269789059957 262.996216615041
216.007590293884 216.174483299255 210.42678753535 200.364649295807 184.374868869781 158.143937587738 125.174085299174 94.562421242396 107.96982049942 132.245610157649 155.678570270538 168.153325716654 171.370605627696 168.214122454325 153.800189495087 144.766837358475 141.901046037674 146.939804156621 162.76353597641 182.432591915131 201.151669025421 217.434803644816 229.930977026621 227.814594904582 229.727804660797 229.086538155874 229.784329732259 231.771032015483 234.374145666758 244.828641414642 251.209179560343 251.500030358632 247.79345591863 246.976494789124 247.295200824738 248.84569644928 249.230722586314 248.291929562887 241.920411586761 235.27447382609 247.705360253652 261.090775330861 269.938627878825 271.584510803223 263.824899991353 257.680078347524
161.746660868327 192.254682381948 198.103408018748 198.089480400085 194.56160068512 188.432633876801 168.194989363352 146.091401576996 112.216740846634 102.670699357986 117.55962173144 145.531276861827 170.269171396891 183.197597662608 184.747735659281 174.184064070384 157.3539574941 151.371379693349 150.435636440913 153.496265411377 164.188096920649 173.341413338979 185.249308745066 195.046067237854 205.533742904663 208.400626977285 209.325393040975 210.898359616598 213.860193888346 221.415638923645 222.872217496236 223.939081033071 230.189224084218 234.781245390574 239.116946856181 240.577697753906 239.341616630554 243.498384952545 241.064250469208 247.80935049057 264.626304308573 272.13313182195 273.974319299062 271.334290504456 262.204984823863 257.337590058645
92.8867856661479 114.721645911535 135.144253571828 146.324425935745 174.821197986603 183.951358000437 184.508581956228 176.554719607035 145.001649856567 116.292556126912 101.432462533315 109.917342662811 139.840811491013 169.483006000519 186.900417009989 175.147175788879 165.989895661672 158.770163853963 148.942311604818 142.960210641225 142.916649580002 143.216510613759 149.152676264445 165.240148703257 180.408179759979 189.767678578695 191.468079884847 192.18115011851 199.199577172597 205.005288124084 208.529869715373 212.46999502182 222.130576769511 226.571361223857 227.130850156148 228.38415702184 233.619491259257 238.458414872487 244.152824083964 258.519927660624 268.730064233144 271.671811739604 271.045406659444 268.300652503967 263.392249743144 265.191912651062
60.1212829351425 59.4858378171921 66.1098609368006 80.1640450954437 103.894770145416 121.925820906957 149.941891431808 167.1541929245 168.094793955485 151.455640792847 122.40594625473 100.608259439468 103.293061256409 128.470162550608 159.280508756638 165.025422970454 171.391626199087 166.661341985067 154.948790868123 142.863084872564 136.191129684448 134.508421023687 135.147204001745 145.312815904617 155.024548371633 162.700225909551 166.694641113281 171.90142472585 179.777503013611 185.281713803609 190.688649813334 196.489572525024 202.526211738586 206.398069858551 207.552631696065 210.501948992411 222.45975335439 233.962635199229 240.565796693166 255.648910999298 262.953718503316 264.113863309224 259.63819026947 255.756537119548 254.028638203939 253.290772438049
47.9315221309662 40.8120354016622 36.121462782224 29.1721522808075 30.5578609307607 51.9832273324331 64.9572362502416 100.345075130463 126.890709002813 135.076383749644 136.119186878204 121.100703875224 91.8489793936412 91.1004344622294 113.757789134979 145.200540622075 165.939837694168 172.911683718363 166.964809099833 155.913194020589 146.211117506027 145.691176255544 145.170668760935 146.508663892746 147.729853789012 148.656864960988 153.154949347178 163.283050060272 167.590260505676 169.145385424296 175.004045168559 180.959184964498 181.742827097575 183.861196041107 187.824388345083 193.877677122752 206.992586453756 220.444560050964 224.524358908335 235.400398572286 242.892384529114 243.486185868581 242.595593134562 243.725657463074 241.255263487498 241.900245348612
49.7255523999532 28.7985652685165 13.593149681886 8.37422721087933 2.52017751336098 0.337280643483003 6.59998133778572 40.1381452878316 73.7014909585317 93.7247077624003 117.760509252548 127.107014258703 116.407950719198 97.2358187039693 94.5248405138652 118.733634551366 138.191322485606 156.322211027145 168.376306692759 170.315206050873 158.291151126226 157.555957635244 155.322263638178 155.750215053558 156.848539908727 155.990421772003 158.289800087611 167.790830135345 169.435719648997 161.993761857351 167.584697405497 173.46582810084 174.868226051331 175.144175688426 179.920971393585 188.0983710289 194.786429405212 200.767974058787 205.653389294942 208.561321099599 214.924454689026 220.990439256032 228.727499643962 236.144363880157 232.497413953145 238.30380042394
55.9834986925125 27.6580850283305 9.32169333100319 2.71022009352843 0.475485227070749 0 4.65764167408148 24.8925810058912 41.3637608289719 68.465456366539 93.1181907653809 118.190735578537 130.131671826045 128.778447707494 113.128364086151 109.695126612981 115.324676036835 131.675859292348 152.866810560226 163.328170776367 170.346736907959 166.744470596313 165.439625581106 163.587282101313 161.975165208181 164.359668890635 166.585077842077 168.33217938741 166.220078865687 161.685009797414 164.565900961558 170.076251029968 169.966538747152 169.665952523549 174.266576766968 178.65397532781 179.493486881256 178.645968437195 184.356371561686 185.469249884288 192.235668500264 200.410385926565 207.290371259054 213.091770807902 215.507964293162 220.286766688029
47.759160399437 31.3079406817754 8.41906977196535 0.911597240095337 0 3.61535077293714 16.6795787711938 29.0617396434148 41.267196337382 57.6389580965042 83.0625394980113 114.421963691711 140.974501768748 143.318921327591 135.547697544098 114.705274502436 105.856786171595 110.168874263763 127.108305692673 150.683879852295 165.732115507126 169.418752193451 174.097200234731 171.643853187561 167.351106802622 170.745094617208 173.550268014272 169.805566469828 167.752206325531 169.860780239105 169.176518917084 168.319503466288 166.123896837234 164.681861797969 165.709207455317 164.979159832001 162.347614765167 157.825996478399 161.766390005747 164.422372976939 169.549743334452 175.561924775441 179.259657859802 182.031353314718 196.204841136932 203.07199160258
42.8052643934886 34.9359785517057 14.9643967549006 0 0.0770082309221228 5.84954395890236 20.2604072789351 33.3717713753382 45.4663733641307 53.4169723590215 69.1891262928645 98.3636379241943 122.825453678767 137.142946322759 141.858289639155 137.456397215525 131.691724061966 123.597701390584 114.243586858114 125.732223192851 146.831274032593 164.422611395518 170.415043830872 167.634149392446 165.324449539185 175.317168235779 182.265718777974 179.267704486847 178.816258907318 185.136318206787 182.425896326701 170.148352781932 163.717458645503 158.223728338877 152.935564517975 152.740319569906 147.546947002411 147.242605686188 147.907038529714 152.014782031377 155.149757862091 157.978951931 161.607424418132 164.803902308146 184.815367062887 195.065538088481
38.1582379341125 37.7459526062012 26.474359134833 0.882715918123722 0.593965252240499 13.112910091877 27.4762362241745 42.3173656066259 55.0003945827484 61.822384595871 68.5321092605591 85.8182708422343 109.064310789108 127.679457267125 142.184287309647 150.260974963506 154.832204182943 145.695706208547 130.267143249512 118.373841047287 128.207504749298 150.976022084554 160.278876622518 163.763155539831 168.018062909444 173.203011353811 174.543042977651 180.953323841095 191.62388642629 195.125977198283 189.061443010966 177.871465682983 167.294899622599 157.911429802577 151.142219702403 148.051291704178 144.979923963547 143.733441829681 145.000755786896 148.111283779144 150.712201992671 153.326590855916 153.784960508347 157.830824454625 170.73651154836 186.538338661194
39.8646990458171 47.871803243955 46.3272829850515 13.9871935049693 8.00120395918687 24.8816063006719 38.8457377751668 52.5712072849274 67.8345908721288 80.7735025882721 88.236540555954 91.976394255956 101.327935854594 112.884044647217 128.194113572439 146.483898162842 152.6840031147 157.473663489024 155.14467159907 138.910929361979 123.287280400594 135.234614213308 143.239547808965 155.898829301198 166.834791501363 170.455654462179 167.513807614644 173.209329446157 170.200149218241 179.889798164368 171.803017457326 182.26436773936 171.966115633647 161.517719427745 155.506292978923 150.315503279368 148.237893978755 143.984923760096 143.574555714925 147.225042184194 151.29608909289 153.499066829681 152.939905722936 157.081812620163 159.315903981527 175.481120745341
45.6823358933131 42.5948848327001 56.9239854812622 43.499489625295 27.8063242634137 40.3870791196823 44.3347543478012 53.575724363327 66.2378221750259 81.836923956871 90.0394121805827 88.2405241330465 88.5266363620758 96.0409343242645 111.143539349238 130.097935597102 139.702419439952 147.10866411527 152.771761020025 155.471593141556 149.183958768845 134.598195552826 135.873744885127 145.804136991501 155.885885159175 162.791649500529 161.563446124395 166.176746288935 158.007204532623 158.387849728266 151.891897122065 146.809995174408 148.633062839508 142.130106687546 159.002890189489 153.830687204997 148.959318796794 138.800571362178 136.317809422811 145.165334145228 152.202477057775 154.106328884761 157.212366660436 154.375652472178 151.06792251269 162.515848875046
53.4179310003916 42.1215494473775 45.5747346083323 59.6795529127121 51.9036998351415 46.4039693276087 42.0977075894674 50.0424454609553 60.5171918869019 71.7592090368271 80.8012237151464 80.034613609314 79.2379875977834 81.2382598718007 92.3919975757599 109.528799851735 121.653616428375 132.301946481069 142.598917086919 160.102973381678 168.059209982554 155.407319466273 151.872058709462 156.059235334396 154.198696215947 151.501437028249 155.349284410477 151.181807120641 156.741559505463 145.224283138911 133.120189110438 127.046932776769 103.853454192479 94.6793258190155 100.636810064316 113.747378190358 122.281730175018 137.165606021881 138.707349697749 145.422319571177 146.204739809036 147.426545619965 151.480297247569 142.758498589198 148.334483305613 154.334604740143
