input/barkrak2/radiation/dir00124.grid
NCOLS 85 
NROWS 70 
XLLCORNER 665100 
YLLCORNER 4664600 
CELLSIZE 20 
NODATA_value -9999 
[rows 23 to 45 of 70, columns 0 to 51 of 85]
58.9400678873062 49.0283270676931 20.1305771867434 4.6638964364926 0.180218640404443 7.57011150320371 4.63967956602573 3.54930882652601 2.40383840476473 2.73256655782461 2.11184425279498 2.39239633083344 9.65519559880098 12.7428658306599 10.0512889524301 10.7919697960218 16.2093366185824 23.5182816783587 27.9645770788193 21.995651225249 20.8033360540867 24.7836063305537 35.0499873359998 44.0242389837901 50.0925481319427 49.4088431199392 44.0191080172857 37.6318568984667 18.9846927920977 8.27971659600735 4.79062708715598 0.864592846482992 0 0 0 0 0 0 0 0 0 0 0 0 0 0 0 0 0 0 0 0
58.8731616735458 55.0131350755692 34.6523051460584 8.74347115556399 0 2.64429797728856 4.57087221244971 4.03018419941266 3.97390779107809 3.29898732403914 2.8615714982152 1.92418228834867 5.07483134667079 10.9270984927813 10.2109002570311 9.8346887777249 13.9853656291962 21.7944011092186 27.2610858082771 20.901453991731 19.2949349681536 16.6372905174891 22.7940728267034 30.3270568450292 34.1584210594495 34.9417651693026 32.27665523688 28.763102988402 13.1467456618945 4.22367764015992 1.76794501021504 0.957161032905181 0 0 0 0 0 0 0 0 0 0 0 0 0 0 0 0 0 0 0 0
47.1703906853994 51.0283162196477 44.111505150795 17.2660909593105 0 7.25925092895826 14.33439925313 21.9030951460203 22.7879136800766 19.1768842438857 13.7683190405369 14.7528226176898 14.1133243838946 16.5201053023338 16.316386560599 11.8359004457792 13.1965726613998 20.3413429359595 26.5468681852023 28.5814901192983 28.826467692852 25.2232849597931 22.5095897912979 22.1978252132734 25.0859136382739 26.6936371723811 23.0422268311183 23.8098005453746 14.2860189080238 10.5406468113263 8.08353287478288 10.1950832953056 5.96992733577887 0 0 0 0 0 0 0 0 0 0 0 0 0 0 0 0 0 0 0
45.9062159061432 50.4524757464727 48.089678088824 25.4219770431519 4.79981551567713 17.5042375922203 30.0890703996023 40.0315995017687 49.1288999716441 43.1613226731618 27.6280467708906 27.9868791500727 24.9818190932274 26.0631615916888 26.405190428098 17.6091318329175 15.1666924357414 21.75089965264 29.0455048282941 37.9247988263766 38.9038473367691 37.1156583229701 29.4716830054919 24.1665368278821 24.4546234607697 26.205820341905 22.1319943666458 29.4421315193176 28.2460475961367 27.0755787690481 30.4691791534424 44.8634177446365 52.1329542001088 33.2241530219714 0 0 0 0 0 0 0 0 0 0 0 0 0 0 0 0 0 0
47.0623672008514 46.2434043486913 46.2268143892288 30.7838618755341 25.6219406922658 35.4934732119242 50.7820347944895 57.342991232872 56.5221905708313 49.2437779903412 36.1914386351903 30.299278597037 26.8267566959063 29.6062926451365 30.8505743741989 25.6339957316717 20.658403635025 24.9814291795095 36.0400825738907 40.9387797117233 39.0384197235107 31.3213517268499 29.0693342685699 29.4874956210454 29.8118541638056 29.8223743836085 27.678944170475 37.0735675096512 52.8963009516398 57.0956220229467 59.9256654580434 65.5991186698278 75.4752854506175 79.8025826613108 38.9651780327161 0 0 0 0 0 0 0 0 0 0 0 0 0 0 0 0 0
49.8575866222382 40.637103219827 40.9961069623629 33.0036282539368 44.4635252157847 49.1950213909149 53.6433855692546 52.4071604013443 45.8794981241226 37.1702040235201 31.7284191648165 26.6986265778542 26.6815250118573 30.6031356255213 31.8689892689387 32.6135009527206 28.1590943535169 24.1624563932419 32.5034782290459 35.5202630162239 33.2690527041753 26.8900245428085 26.6240661342939 31.7143052816391 33.8326692581177 30.7381550470988 31.6646496454875 36.8918826182683 58.615912993749 70.923979083697 75.8933077255885 79.4871499141057 86.0450863838196 89.2106791337331 78.5336097081502 16.4535616834958 0 0 0 0 0 0 0 0 0 0 0 0 0 0 0 0
51.1126220226288 36.4471624294917 36.3463088870049 37.0528896649679 45.9750990072886 48.8429715236028 42.8169220685959 28.6790082852046 8.91714418927828 6.17487418154875 5.43959625065327 13.2514648139477 24.5222101608912 31.0334339737892 31.8409750858943 35.8711009224256 33.3642015854518 22.4993253747622 23.9660988251368 27.0706862211227 26.3003557920456 26.4840374390284 26.4842510223389 31.982476512591 36.5026841561 33.5653498768806 35.5517516533534 37.224625547727 52.5564948717753 73.1801191965739 83.8347176710765 87.8912806510925 89.1581972440084 92.1230514844259 97.7237721284231 79.2356034119924 11.7406845092773 0 0 0 0 0 0 0 0 0 0 0 0 0 0 0
50.5382517973582 50.7665326197942 67.4439817667007 93.7425494194031 75.6180286407471 54.8626134792964 33.5305879513423 8.35856609046459 5.64820008973281 10.1994760334492 5.27136586606503 4.75870165973902 23.0174735188484 31.3190519809723 34.8971535762151 40.4364342490832 37.5590672095617 26.3882527748744 25.7663279771805 28.6649813254674 26.0975336035093 29.0649880965551 30.6572367747625 32.5886731346448 38.0684932072957 41.5477305650711 40.0662571191788 42.2675559918086 53.8912614186605 75.8366882801056 90.3387169043223 93.0425624052684 90.2424057324727 97.924530506134 106.014480193456 108.640154202779 83.0834209918976 31.4721316099167 0.00192100348310002 0 0 0 0 0 0 0 0 0 0 0 0 0
60.6528917948405 89.3595417340596 133.37042927742 153.454085191091 133.994519710541 90.2885595957438 49.8048961162567 25.6781180699666 22.3388026158015 25.7706319292386 19.0713629126549 16.5576475361983 24.625726044178 30.6980138023694 38.6068820953369 42.7629997332891 38.8132606943448 34.1331958770752 28.125007947286 29.0086691578229 28.9407620827357 31.9660355647405 34.0909759203593 34.3327646454175 38.2833331823349 48.4130680561066 48.5050777594248 53.4988691409429 62.0977431535721 77.1475334962209 90.0838176409404 95.1603750387828 96.6772635777791 101.373593012492 107.602705558141 110.17057299614 101.880311965942 82.6422373453776 27.8160348534584 0 0 0 0 0 0 0 0 0 0 0 0 0
113.644440968831 148.002843062083 174.117048581441 175.925095876058 172.734598318736 149.421075979869 111.253798007965 78.7898401419322 59.6530735492706 49.8361090819041 46.1506297190984 36.7666358749072 26.8609151244164 28.1736304362615 37.4896998206774 42.6061550776164 37.5549246867498 38.3604317903519 28.7204484144847 27.2386521100998 31.2610119581223 32.2277024388313 32.7421277761459 32.9658115903536 37.045863767465 49.3161827325821 54.6094129482905 61.2487345933914 69.3677365779877 76.1926025152206 85.334837436676 94.5736666520437 96.4479347070058 92.2086040178935 93.053142229716 90.3543432553609 91.7043089866638 77.7009427547455 40.2200371026993 0.150206052542975 0 0 0 0 0 0 0 0 0 0 0 0
165.145059426626 183.225194613139 188.959280649821 186.938166618347 189.903378486633 185.056646664937 163.95237048467 128.675192594528 94.1494901974996 71.1645384629567 71.621298789978 65.3913865486781 42.8320169448853 34.5618476470312 34.9553674459457 38.3661439021428 32.8695774078369 33.5559124747912 27.7534673611323 28.5178398092588 28.1300519903501 29.5752783616384 28.8699169953664 28.8727035125097 34.3976691365242 43.3558126290639 53.8679858048757 57.4230303366979 65.6901796658834 75.9192953507106 85.429847240448 87.1602098147074 79.3760319550832 70.2186673879623 70.8672851324081 60.8126272757848 62.1561308701833 48.9027599493662 12.2297008832296 0 0.443118740804493 0 0 0 0 0 0 0 0 0 0 0
179.128348827362 189.163664976756 188.662648200989 189.990441004435 191.485901673635 188.920517762502 179.270088672638 152.253131071726 108.949055274328 83.7270021438599 82.2358429431915 80.0025463104248 63.4231468041738 43.7930474678675 35.86196154356 36.0789845387141 30.9355556964874 27.8807828823725 27.4193212389946 30.1374246676763 27.1900246540705 26.7369622985522 27.5726368029912 28.7268410126368 32.5768912831942 38.7478669484456 46.4533070723216 47.8950440883636 55.9952805439631 70.9311465422312 78.2731225093206 77.1880944569906 73.001891374588 66.2841498851776 59.2603584130605 49.7340361277262 53.3204277356466 50.8739004532496 33.4718227386475 4.48093221833309 0.945855087290208 0 0 0 0 0 0 0 0 0 0 0
171.746810277303 175.191700458527 172.044634819031 174.232105414073 174.622654914856 169.582962989807 164.224068323771 147.807409365972 113.493194182714 93.9129094282786 89.1649921735128 80.7328720887502 72.8025436401367 49.4002997875214 38.3923103411992 39.3640274802844 33.5427795847257 26.539554198583 29.8260301351547 31.3750058412552 30.0995483994484 27.6402980089188 30.302939315637 33.8438202937444 32.2754705945651 36.7117996017138 40.646659831206 41.2933304905891 47.5297272205353 63.6735856533051 71.7565218607585 70.9926585356394 73.9233791828156 74.710617462794 59.4787895679474 54.927185177803 58.5281948248545 64.3942554791768 58.8835577170054 23.6804957191149 0 0 0 0 0 0 0 0 0 0 0 0
146.612187226613 149.637987216314 152.073274056117 148.387799660365 148.110489050547 147.884001334508 152.518222729365 149.585515260696 124.052862326304 101.800799369812 91.6976133982341 72.5602954626083 65.196896592776 45.9554890791575 35.1338783899943 39.4718522826831 40.746641655763 30.8109323183695 33.3759114146233 36.0786790649096 35.9989056984584 32.8471933801969 33.0279370148977 35.764550169309 34.2732394735018 33.9930007855097 39.2238249381383 44.7565466165543 48.8769958416621 59.0027173360189 69.4737533728282 72.7392186721166 74.6158609787623 78.467200199763 62.9889219999313 62.6670469840368 62.6811037460963 71.111132701238 69.9853797753652 35.3338122367859 0 0 0 0 0 0 0 0 0 0 0 0
123.44886859258 133.054395516713 143.843173980713 141.002794106801 139.268984397252 145.899742841721 155.689895153046 159.115523099899 144.543300072352 113.462001085281 91.066708167394 65.9219125906626 49.7615585724513 39.262481033802 31.5383325020472 35.2451801300049 44.6036259333293 37.8942241271337 35.6262524922689 38.4426067272822 38.9265567064285 36.07011338075 34.2681879798571 35.7208997011185 36.4972427487373 36.0543578863144 38.7258802851041 45.8811521530151 49.198180437088 54.2002320289612 64.1298542420069 73.6348231633504 75.1862525939941 70.6106722354889 60.4327668746312 69.7607696056366 71.3646709918976 75.926144917806 76.97860399882 53.5640368858973 0 0 0 0 0 0 0 0 0 0 0 0
88.2696608702342 99.3454158306122 108.03281267484 112.229287624359 119.898696740468 135.560254255931 149.168938398361 158.141801754634 153.761724630992 126.048386096954 93.4933324654897 62.5130434830984 45.350839694341 42.5021400054296 35.7494900623957 30.5089776714643 40.2970165014267 40.882242222627 35.9436546762784 35.9714180231094 36.9999756415685 34.4851613044739 32.483863333861 33.6450785398483 36.8027140696843 40.269414583842 39.3010849754016 43.9730534950892 47.8085974852244 49.0376849969228 57.5606177250544 70.2314476172129 73.958620429039 62.0023806889852 63.0004455645879 77.5284121433894 79.2535444100698 79.6190500259399 80.5092404286067 76.9800841808319 27.3163417975108 0 0 0 0 0 0 0 0 0 0 0
55.3763012091319 61.662087837855 61.3242735465368 70.9350655476252 86.1842731634776 102.890719970067 117.02428261439 129.751751820246 131.217181682587 108.586231867472 75.170819958051 52.5886416435242 40.7722915212313 39.2770916223526 36.5494762857755 32.4597954750061 36.7996568481127 37.3438075184822 31.7977021137873 32.2812870144844 35.014900068442 37.7989957729975 37.6441404223442 33.9947020014127 33.9947864413261 36.3508065541585 41.1821082234383 43.4575726588567 47.0381875832876 46.9989478588104 49.4424800078074 60.4779869318008 67.413995663325 63.9824469884237 79.1069567203522 86.0234399636586 83.7574203809102 78.597217798233 83.7846994400024 96.2264438470205 86.217592159907 33.2034627596537 0 0 0 0 0 0 0 0 0 0
45.1113879680634 46.8742152055105 46.9018171230952 48.90209933122 57.3324660460154 63.350056608518 67.0989106098811 72.3930448293686 72.7625290552775 58.2220504681269 44.2044635613759 40.2390882372856 39.0460019310315 36.9041884938876 35.6659765044848 36.7439190546672 35.601019859314 34.870001176993 31.573678056399 31.8631653984388 35.8360062042872 40.5445819099744 42.1747366587321 38.8683279355367 35.9929402669271 35.2565099795659 42.8979496161143 45.6296106179555 47.9608625173569 47.8336811065674 48.0328251918157 54.7925879557927 61.7443372805913 70.0544367233912 86.2902998924255 84.4679077466329 77.4124314387639 68.9160327116648 71.1243003606796 86.5563054879506 95.0646698474884 85.6801072756449 43.0376678705215 0.926512448738019 0 0 0 0 0 0 0 0
52.7700980504354 50.4607011874517 50.6870647271474 50.4610985517502 47.2128689289093 45.4877813657125 44.2945063114166 45.5195407072703 50.140584508578 43.0378218491872 36.0202342271805 37.3779609799385 40.36795347929 40.9243181347847 39.8162876566251 38.1971647342046 33.8901877403259 40.3507476051648 41.6284451882044 38.8679554065069 41.0639693339666 41.4439688126246 39.8503591616948 42.2889888286591 43.794388572375 39.8799628019333 44.4419334332148 46.8270728985469 48.0670382579168 49.6911555528641 50.3311008214951 53.6066989103953 59.8115225632985 74.7102648019791 80.7433227698008 75.8046607176463 66.6352411111196 57.9120814800262 54.8555602629979 63.7666930754979 89.0333155790965 89.8839235305786 69.02843217055 24.0332533915838 0 0 0 0 0 0 0 0
56.7921698093414 54.1953941186269 56.920051574707 55.7140211264292 49.3026226758957 46.3387419780095 44.4349745909373 42.1071747938792 42.4070656299591 39.2711559931437 37.732462088267 37.9466935992241 41.3428395986557 44.5826351642609 44.3403124809265 41.5015021959941 39.3135795990626 44.2425409952799 47.1146355072657 42.6515191793442 39.9562070767085 38.3408814668655 35.2629745999972 37.7566268046697 42.3849920431773 39.3878271182378 36.2922996282578 41.5847102801005 45.445442199707 47.5586901108424 48.0189025402069 48.7264692783356 58.6987088123957 75.345699985822 79.8659175634384 66.4447446664174 57.6220154762268 54.4441392024358 52.3562431335449 58.3481291929881 66.2283798058828 68.798174460729 57.7238947153091 30.7195261120796 0 0 0 0 0 0 0 0
42.2139416138331 44.7327693303426 52.8894066810608 50.4807680845261 52.8679738442103 55.187851190567 54.4767876466115 50.7274766763051 41.2348657846451 39.9686023592949 43.0306047201157 39.9928241968155 41.0933097203573 44.5112884044647 44.8937167723974 42.0183837413788 43.9007431268692 45.7170009613037 45.942967136701 42.5427854061127 37.8459567824999 35.6424103180567 34.1174254814784 34.4469621777534 37.4729310472806 40.6710828344027 36.1043165127436 37.9487151900927 42.9176638523738 44.3951239188512 43.134480714798 41.2049740552902 49.9580005804698 63.7589941422145 68.8203026851018 59.7285330295563 56.4857721328735 58.8434487581253 58.6334864298503 58.9504589637121 55.0239781538645 55.0612906614939 50.9175707896551 30.3745071093241 0.454451073892415 0 0 0 0 0 0 0
40.7540649175644 46.2290396293004 49.0495214859645 49.7369269529978 51.4937341213226 53.9129674434662 54.2747924725215 50.743912657102 46.6522326072057 43.2952890793482 44.9205686648687 42.9879327615102 40.5370791753133 39.1826505462329 38.5787238677343 38.8965557018916 36.4207228024801 42.2087560097376 43.4699952602386 41.6798641284307 38.6074036359787 37.1840198834737 36.8470475077629 38.6439561843872 37.0064775149027 45.1443940401077 47.2816973924637 44.291948278745 43.3953901131948 42.5950984160105 38.7620528539022 36.7857689658801 41.771004597346 46.3156898816427 51.9322653611501 54.6410381793976 58.3898325761159 63.8107061386108 63.7623419364293 56.3168327013652 54.737185438474 52.2273778915405 49.9286105235418 34.6790080269178 7.08757961789767 0 0 0 0 0 0 0
46.5359836816788 50.9299288193385 48.2898106177648 51.474263270696 50.1660058895747 50.3333657979965 51.9308149814606 50.7265230019887 52.0460704962412 48.027848203977 47.5412905216217 47.1257070700328 43.1952923536301 38.6957054336866 38.2692664861679 41.6811754306157 37.4859025080999 40.1012574632963 43.4357027212779 42.8912291924159 40.3996656338374 39.769505461057 39.870743950208 41.8660938739777 44.0173447132111 44.7111427783966 49.7768918673197 47.3040839036306 44.9580500523249 43.5916086037954 40.3462971250216 37.4697173635165 40.0695602099101 38.8514474034309 39.986160894235 43.1874394416809 49.408828218778 56.4325253168742 56.1893930037816 46.5930948654811 48.2361068328222 44.7892397642136 45.7993547121684 42.8227583567301 27.6736170053482 3.01590810219447 0 0 0 0 0 0
