input/barkrak2/radiation/dir08124.grid
NCOLS 85 
NROWS 70 
XLLCORNER 665100 
YLLCORNER 4664600 
CELLSIZE 20 
NODATA_value -9999 
[rows 0 to 19 of 70, columns 0 to 45 of 85]
220.423320929209012 234.63773727417 250.073730945587 268.311937650045 276.647289594014 276.473959287008 268.370747566223 262.444833914439 264.743685722351 265.601356824239 265.644590059916 267.305811246236 266.658624013265 266.965905825297 269.029041131337 260.994791984558 250.226775805155 238.767981529236 233.671963214874 223.385075728099 217.844267686208 230.883161226908 257.193624973297 264.201819896698 266.368488470713 274.983207384745 273.996551831563 260.92795530955 244.818429152171 242.214461167653 238.324741522471 257.365504900614 298.267424106598 296.045204003652 294.963081677755 281.393011411031 286.903977394104 301.472862561544 296.257654825846 297.923922538757 283.200303713481 283.528168996175 295.314530531565 296.310583750407 286.632001399994 289.530475934346
197.905818621318 215.507050355275 230.849862098694 249.609728654226 262.261251608531 266.304790973663 262.599925200144 262.994170188904 272.658546765645 270.84759871165 267.054438591003 267.109235127767 267.512222131093 268.621544043223 268.432021141052 260.349094867706 255.373040835063 247.1764087677 242.518961429596 229.394356409709 232.377250989278 250.380953152974 269.817133744558 272.04962571462 277.034183343252 280.842522780101 275.089462598165 263.760586579641 249.667763710022 243.951400121053 244.783997535706 270.799477895101 298.524896303813 297.729333241781 294.695019721985 282.766501108805 289.023180802663 299.648920694987 294.692079226176 298.865099747976 290.339370568593 284.631212552388 285.743653774261 287.163575490316 284.613490104675 290.10816415151
160.0714524587 173.528015613556 186.498045921326 199.784239133199 213.00733089447 223.950286706289 234.342734018962 248.892426490784 260.923167069753 260.548571745555 259.79471206665 263.980686664581 273.283898830414 277.301589647929 274.626851081848 279.691596825918 281.086802482605 272.763729095459 257.427374521891 246.384461720785 253.27734152476 263.626098632812 270.647684733073 272.833605607351 279.423236846924 277.400394280752 271.296223004659 262.932479381561 253.802875677745 251.125911871592 258.375863234202 285.033921400706 297.003229459127 297.039031982422 294.718046983083 287.857492764791 292.526602745056 295.35170396169 297.196388244629 295.788506666819 289.334138234456 279.646356900533 270.058274269104 271.052479743958 280.237197875977 289.095679918925
140.634914239248 142.295708258947 150.723586479823 157.133718331655 164.724638064702 170.83728313446 179.082194964091 196.128865083059 217.359264691671 235.232015450796 248.503466447194 264.191190401713 275.850037733714 280.142664909363 282.247384389242 287.2540752093 285.415709018707 275.877436002096 261.570751667023 255.314389864604 254.019379615784 252.963443597158 264.132539431254 267.991503079732 270.085016886393 271.067361036936 269.062956174215 264.939169088999 262.295643488566 263.05083433787 264.560421307882 289.797822634379 295.672476291656 295.418520768483 293.62827539444 294.954299926758 295.747319857279 295.821090539296 295.500636100769 288.704037666321 278.909782568614 268.194834391276 263.685444990794 277.080118656158 292.807062466939 287.720362345378
163.368413845698 146.245211362839 133.059273163478 123.979767163595 126.8144150575 144.067098697027 166.231820980708 177.842934926351 188.879052797953 197.142720222473 220.344126224518 244.82524394989 260.107755661011 267.835179964701 273.663898309072 277.131994565328 271.957556406657 261.772970358531 257.486542065938 255.2610039711 250.382622083028 248.519698778788 259.582718213399 263.433039188385 266.826371351878 272.752543290456 269.888917605082 267.222821712494 264.774362246195 262.850880622864 268.302321434021 295.200248559316 295.283059279124 296.034812927246 290.888408819834 292.565067609151 294.705450534821 294.41511631012 285.714427630107 279.63266770045 275.538225968679 272.424181302388 274.972339471181 284.127235412598 287.950038909912 273.554543654124
208.988626797994 179.711143175761 150.723477204641 126.435001691182 117.581556240718 128.685057163239 155.464698870977 174.21285311381 179.00025844574 178.507129351298 189.514835675557 204.608023166656 214.737057685852 222.005347410838 231.652498245239 240.488032499949 242.718418439229 245.627562204997 252.788742383321 258.32861661911 258.433123429616 261.413872241974 263.20097843806 263.19698492686 266.908486684163 272.470633188883 271.490673224131 269.944787025452 267.929335435232 267.294724782308 280.654013156891 296.234289805094 294.04338200887 294.869204362233 289.463480313619 287.284096082052 289.945483207703 286.611139774323 277.599374453227 279.721995194753 277.814984321594 274.457573890686 275.42777856191 278.016289075216 270.762701829274 246.719936529795
233.891665935516 207.605282465617 185.401598612467 162.818143765132 140.79213142395 127.754112084707 135.110904773076 165.845731894175 180.954396724701 189.679940541585 186.470786730448 181.047062079112 176.152070363363 171.772122383118 174.101670583089 190.889517466227 204.790333906809 225.912590821584 246.030429999034 259.016195933024 264.155169328054 266.865094502767 265.958786010742 263.485868771871 265.65166314443 268.13538869222 270.720064640045 270.996312300364 269.315143426259 273.061553637187 286.263406276703 293.941696484884 292.514701684316 289.641916751862 286.187430222829 280.164917310079 280.796806017558 275.405208269755 273.595770200094 271.04127407074 265.272041161855 262.974878152211 267.798701922099 272.852063179016 262.53620783488 251.779655615489
246.417840321859 234.546562035879 220.754981040955 203.196446100871 178.107976913452 145.989467700322 124.25234913826 123.466034730275 159.400939941406 186.864654223124 195.700863997142 191.658536593119 182.145615418752 171.354949474335 156.94006284078 160.618225733439 174.391249815623 192.496260007223 218.33078066508 239.738901456197 252.82750527064 261.075417200724 267.395695050557 264.731307824453 263.151387373606 262.602070967356 263.605157534281 264.633933703105 264.260808626811 273.578921953837 283.324519793193 287.120779355367 283.20970137914 278.957684834798 273.710250854492 271.244625250498 273.722052574158 268.366456031799 261.93489631017 249.057312806447 249.304234981537 258.973519007365 274.503032366435 283.20566813151 275.614360968272 272.892574469248
237.962086995443 238.291660944621 232.87030061086 223.450899124146 208.16433429718 183.167020479838 150.491823752721 120.667149623235 135.420739650726 158.561915159225 180.452764034271 191.920479138692 194.511572519938 191.484252611796 177.808165550232 168.616970380147 165.798564751943 170.757293701172 186.248322327932 205.318371454875 222.433547178904 238.177319367727 249.372839927673 247.159818808238 248.967091242472 248.738805452983 249.487976233164 251.077572504679 253.175656000773 262.795726458232 268.685142199198 268.840948740641 266.495108604431 265.952547391256 265.841364860535 267.00347661972 266.960620880127 263.657887776693 256.864984830221 251.216808954875 264.760573705037 277.869005997976 285.870174566905 286.854326725006 275.941054026286 270.000576972961
204.314370950063 215.251704057058 220.761338869731 220.768173535665 217.374900976817 212.0081782341 193.048179149628 172.230203946431 139.586498339971 129.57422931989 143.443634112676 170.805335044861 194.699883460999 206.88130458196 207.846224308014 197.896361351013 180.947820345561 175.111095110575 174.186567465464 177.856862545013 187.64062722524 196.338355541229 207.600633303324 216.749469439189 226.599395275116 229.456524054209 230.485220750173 231.802344322205 234.444220860799 241.626858711243 243.052363395691 244.026601314545 250.66872437795 255.190233389537 258.861263593038 259.594142436981 258.241454760234 261.131346225739 256.619234879812 261.923015117645 280.591110388438 288.415908813477 288.943727811178 286.235809326172 274.787068367004 269.391695658366
144.017954667409 159.587780634562 174.455841382345 187.650521596273 198.523918787638 207.135240236918 208.224097887675 201.25550031662 170.719345410665 143.215229113897 128.312438726425 135.918319225311 165.463288625081 194.024384021759 210.79166730245 199.87295071284 191.104590892792 182.345608870188 173.338532447815 167.474846045176 167.962551116943 168.811281522115 173.619548479716 188.290198644002 202.840129534403 211.809476216634 213.534851868947 214.139103889465 220.78134616216 226.359903812408 229.200720787048 232.925415039062 242.660085360209 246.852437655131 247.220754623413 248.055080572764 252.749443054199 257.812718550364 260.640541712443 273.430029551188 284.431517124176 286.90230846405 286.52169307073 283.82670879364 277.550160884857 277.481238047282
84.1436088085175 94.6299135684967 109.512527783712 127.607017755508 145.988176266352 165.074209372203 185.057282447815 192.064166069031 192.72526105245 177.208701769511 148.635943730672 127.280404170354 129.515747229258 154.459983110428 184.54647064209 189.349313577016 196.140805880229 192.000607649485 180.853068828583 168.560902277629 161.655296881994 159.399380286535 159.630556901296 169.423758983612 179.138878981272 186.368028322856 189.889510472616 194.714625676473 202.33960946401 207.653562227885 212.394992510478 217.943588892619 224.337299664815 227.996031443278 228.94557317098 231.579562028249 242.053866386414 253.382841746012 259.131550788879 271.926442782084 278.337796529134 279.705842336019 277.066012223562 273.375074068705 270.920058091482 269.889354705811
69.6670313676198 61.1455738544464 60.3059430917104 64.8126701513926 71.1885790030162 93.0820604165395 133.572469154994 157.183994849523 188.62243493398 194.655299186707 181.69637521108 154.953857262929 125.012596448263 122.63348698616 147.090325752894 176.942944526672 194.617529710134 197.907427946726 192.227423191071 181.199868520101 171.541015307109 171.162962913513 170.633514722188 171.516835689545 172.657529513041 172.304511070251 176.79371436437 186.469256877899 190.641125043233 192.162156105042 197.85479704539 203.140477339427 204.45175965627 206.496119499207 210.206806659698 215.330918629964 227.706372737885 241.131663322449 244.820892810822 254.684189955393 260.383705298106 261.756698290507 260.894596576691 261.858483155568 259.008963902791 259.279668331146
64.4522408644358 47.1919526656469 28.5387759407361 17.7243575453758 12.1770997842153 11.4420726895332 33.3173697193464 67.5056626399358 99.4422435760498 130.092869202296 167.407691478729 180.566529432933 166.10919435819 140.596230824788 137.65960931778 165.54053624471 184.616227944692 200.085282325745 208.006381988525 203.126470247904 190.141479174296 186.298926671346 182.573556900024 182.063400745392 182.495673497518 180.591265360514 183.357834815979 192.421933015188 192.756493886312 185.519973436991 191.131949424744 196.946024894714 197.812378406525 198.093851407369 202.667315800985 210.573236147563 216.089864571889 222.646137078603 227.205316225688 229.890028635661 234.979172547658 241.392195224762 248.547315597534 255.167404810588 250.624120235443 255.554417769114
76.579675078392 44.2364513874054 20.3480422496796 10.0165121257305 4.91569377481937 3.12112768491109 19.204622755448 42.2839969396591 61.064268151919 95.7403282324473 129.402915636698 160.826921463013 175.177832444509 171.358784039815 152.78352300326 150.275448958079 154.381096363068 172.590176264445 197.954177856445 209.782779216766 211.186786492666 203.920543193817 200.384020805359 195.929725964864 192.849934101105 191.622237364451 192.879716555277 195.497771104177 191.282709439596 185.511231422424 188.315172990163 193.728526433309 193.680624167124 192.79275337855 197.255074977875 201.519588629405 203.177491823832 201.42791668574 206.8759004275 207.902451356252 213.622689247131 222.151259581248 228.689869244893 233.107447624207 235.176463921865 239.951411883036
67.7926788727442 43.2057529687881 19.042773793141 4.62080227831999 1.22983854574462 16.6679595907529 32.677968343099 47.9428122440974 61.6381913423538 80.1745653152466 106.921494007111 143.955488999685 169.807295004527 175.991912682851 168.309966723124 145.184775193532 140.37432273229 147.235741217931 163.812826077143 189.812541007996 206.914146741231 205.995996793111 211.901962757111 204.996387163798 200.000007947286 200.886090596517 202.858209609985 198.797424634298 194.191634654999 196.147044499715 195.13859351476 194.443166255951 191.215674082438 189.24218416214 189.564903577169 188.845654328664 186.350882053375 181.884487469991 184.97888247172 187.545120716095 192.575752735138 198.31528266271 201.881945133209 204.459528128306 217.181066672007 223.653753598531
55.3303062915802 47.0225661993027 25.6571943561236 1.0339308064431 3.03465935091178 16.3242953519026 37.4377220869064 52.9457231362661 68.5442437728246 75.4853785037994 88.9278054237366 122.944235801697 150.996426741282 161.222726106644 167.057951291402 164.06986117363 163.200885057449 154.737095038096 148.993631203969 157.933980226517 184.534092744191 200.396259625753 211.053828398387 208.646416664124 202.731728553772 206.801374753316 212.574005126953 208.610574404399 207.155744234721 212.195456027985 209.033628304799 196.685036023458 189.853648344676 185.004115104675 179.808974266052 178.104321161906 172.945737838745 171.416123708089 171.92675669988 175.938387711843 178.537090619405 181.922535101573 184.735337893168 187.85168727239 207.130233446757 216.818690299988
50.4116217295329 51.6938169797262 40.5271202325821 5.71015539268653 7.10528033475081 25.8304824431737 45.6114709377289 65.8707618713379 78.1033585468928 83.2405785719554 88.4820222854614 105.315734942754 129.353115955989 147.350211938222 162.945210933685 174.6759613355 178.300857543945 173.342168331146 156.30437930425 146.703938643138 155.175666014353 179.779092470805 190.083543459574 194.039543469747 206.126113732656 215.279479821523 221.950093905131 221.535881360372 220.718463261922 223.125120004018 216.136634349823 203.649938106537 193.669438362122 184.705972671509 177.659014860789 174.503942330678 170.893390973409 170.694549878438 170.997182528178 173.450430234273 175.461033980052 177.39075422287 177.093644936879 181.082208951314 194.419582684835 208.790600299835
56.92125360171 63.5048647721609 62.5440776348114 27.2593845923742 20.0365508596102 44.615497191747 59.9451909462611 77.9832502206167 90.654045343399 101.772129535675 110.17969250679 111.118704080582 120.951483647029 131.223698457082 149.122059345245 166.467428207397 172.67902692159 176.248153050741 176.820377508799 164.04586037 145.671635866165 160.197208325068 169.657746950785 181.963006655375 193.017542362213 200.657228628794 203.745683034261 214.710752169291 223.893523216248 223.816514015198 215.121726195017 208.536942799886 198.402146498362 187.680681546529 182.037611802419 176.627099514008 175.025542577108 170.951942602793 170.404156049093 174.020230770111 177.749991416931 179.828723271688 179.34513092041 182.108481725057 183.383325735728 199.173251787821
61.5252951780955 64.1377468903859 74.2550541957219 62.0697240034739 48.0294028917948 61.4179919163386 64.517746369044 77.214573820432 87.5858167807261 103.346755107244 111.43547296524 107.235332330068 107.830435037613 115.669508775075 128.832459449768 148.785303036372 162.112096945445 168.518503506978 174.244542916616 175.854384899139 169.306397438049 156.184494495392 157.608379920324 169.003744920095 180.35085995992 185.15799442927 186.157663663228 192.279160022736 188.028772672017 187.73627281189 199.771742026011 191.593766212463 198.826750119527 190.479060014089 185.632030169169 179.900089899699 175.436774889628 165.932367245356 163.145830233892 172.481556733449 179.720679918925 181.53174718221 184.613585472107 183.583994706472 179.549912611643 190.965791543325
