input/barkrak2/radiation/dir03024.grid
NCOLS 85 
NROWS 70 
XLLCORNER 665100 
YLLCORNER 4664600 
CELLSIZE 20 
NODATA_value -9999 
[rows 44 to 65 of 70, columns 0 to 50 of 85]
67.9704894622167 73.7854888041814 77.0202080408732 77.9270827770233 79.6708166599274 82.0850630601247 82.543541987737 78.4620046615601 73.9385584990184 70.0004100799561 71.5736250082652 69.605032602946 66.4894034465154 64.7149036327998 64.0575389067332 64.8657033840815 61.8073691924413 68.1615521510442 70.018082857132 67.7509407202403 63.3670339981715 61.2432012955348 60.7084979613622 61.6519749164581 59.1488579909007 67.5232956806819 70.5268532037735 66.9161081314087 66.7316516240438 65.8727834622065 62.0734393596649 59.5019161701202 65.8181657393773 69.5500075817108 76.4849732319514 79.5960426330566 84.0002695719401 90.9707546234131 94.9542621771495 86.7999891440074 84.8248104254405 79.8411667346954 76.0364532470703 56.8899313608805 25.017832716306 0 0 0 0 0 0
74.4867622852325 79.1957229375839 76.3861735661824 79.8258781433105 78.2061318556468 78.4028520186742 79.9130101998647 78.6324093739192 79.7622899214427 75.3700882196426 74.7222354014715 73.9782253901164 69.7869211435318 64.9355898300807 63.9249434073766 67.5922880570094 62.4747822682063 66.5689359108607 70.7479566335678 68.5262928406398 66.295251250267 65.576046705246 64.0615771214167 65.2632961670558 66.6666825612386 66.5604571501414 73.5536019007365 70.7542399565379 67.9691384236018 66.2700980901718 63.4896109501521 59.8318924506505 62.5066260496775 62.0817045370738 62.5705073277156 65.7244026660919 73.5001961390177 84.302564462026 85.1613779862722 72.9195028543472 75.3561506668727 71.3151842355728 70.3343053658803 67.4186050891876 48.515980442365 16.6106969118118 0 0 0 0 0
74.1458634535472 75.8726845184962 78.8129170735677 80.8932532866796 80.5477847655614 80.1413208246231 82.2265446186066 83.9515328407288 80.2064041296641 78.9980789025625 77.7209301789602 77.2300014893214 73.8413333892822 70.4979399840037 70.7952827215195 74.3367771307627 72.180837392807 66.6642884413401 71.7780341704686 70.5922544002533 67.6671812931697 68.2050635417302 67.8424288829168 65.5488421519597 72.1961359182994 65.8875356117884 67.7460034688314 69.4978733857473 68.6252663532893 67.726065715154 65.9517149130503 63.8194233179092 62.8225008646647 62.8113448619843 64.6736820538839 65.620298186938 67.4149096012115 73.5530455907186 75.6474584341049 73.6062924067179 72.9009707768758 67.5078084071477 72.7919737497966 79.0348450342814 70.1082448164622 39.3769219517708 7.49044865369797 0 0 0 0
68.0052290360133 70.3296015659968 76.3212194045385 78.0315150817235 81.8491876125336 83.3202054103215 81.0101926326752 80.9337198734283 80.8013925949733 83.0962161223094 79.8115829626719 76.4476557572683 74.6955970923106 75.1851300398509 73.8242367903392 72.5231816371282 72.3638534545898 64.8375103871028 68.2870149612427 69.9142118295034 66.6778981685638 67.8253720204035 70.331613222758 65.336932738622 67.4082189798355 67.0021871725718 62.2500379880269 66.6078229745229 68.5923496882121 67.4420744180679 68.0569509665171 66.7201528946559 62.6042584578196 65.3649618228277 76.7862697442373 80.5804481108983 75.869232416153 70.4235086838404 73.5868066549301 85.1726333300273 76.4889965454737 68.9100573460261 76.3069490591685 81.9678604602814 76.3354152441025 56.1885486046473 24.1946031649907 0.529166000584761 0 0 0
60.8152647813161 64.0558997790019 69.5235083500544 73.4682629505793 80.0306250651677 83.8321546713511 80.4992268482844 78.4628887971242 82.600861787796 84.7324728965759 82.5277070204417 78.2702614863714 77.1436045567195 77.8033634026845 75.0769873460134 70.3862259785334 70.4093227783839 64.2613768577576 68.5958464940389 72.3941574494044 71.4983542760213 71.5238799651464 73.5939343770345 70.6450939178467 67.3200984795888 70.7793384790421 66.207746664683 70.5153793096542 76.2469520171483 78.7214835484823 81.7231337229411 81.1660438776016 73.8137861092885 74.2496103048325 81.6738208134969 91.3477142651876 89.7549490133921 77.268789211909 74.0860948959986 79.6935309966405 75.000395377477 67.7501360575358 66.1785503228505 65.2622878551483 63.9936923980713 62.1990859508514 53.0654986699422 9.13416345914205 0 0 0
59.5114479462306 57.2919299205144 61.7783814668655 70.2027330795924 76.0868241389592 79.4756313165029 82.4264834324519 84.9647223949432 85.9602093696594 82.3131004969279 84.6226513385773 84.4177007675171 80.8168749014537 77.9621303081512 76.6295194625854 72.1167474985123 69.8431978623072 67.9112176100413 71.9407002131144 76.3752311468124 78.8059532642365 78.9112150669098 75.2435922622681 76.7029772202174 71.0488657156626 75.2825041611989 75.3685335318248 79.0021667877833 85.3367845217387 93.0116176605225 98.7319747606913 99.7334023316701 88.0896548430125 85.0385626157125 81.9080919027328 92.4830834070842 92.8117632865906 89.5306468009949 79.5648743708928 70.8483358224233 66.4716511964798 67.6042238871257 65.6352738539378 61.4938984314601 57.8349729379018 60.9958668549856 54.8518896102905 17.0487724244595 0.0213825017757093 0 0
59.9699119726817 63.5016808907191 67.1471208333969 73.8521565993627 74.3933369716008 74.7272272904714 82.9096088806788 88.3483290672302 88.0706111590068 87.4592860539754 87.0303114255269 86.6756240526835 83.2766691843669 78.8000424702962 78.7313481171926 81.312154730161 74.4811395804087 73.9432324965795 75.3964732090632 80.4813951253891 82.5033038854599 80.2642107009888 78.6902606487274 78.9208114147186 72.8397121032079 79.0901829799016 83.414892355601 85.0424468517303 91.3364291191101 97.2977379957835 103.143354256948 109.011948108673 100.652317206065 86.1354271570842 77.8784851233165 71.3122437397639 88.0909462769826 93.4582451979319 83.7514897187551 66.1475360393524 61.2528026103973 68.252166112264 71.69176141421 68.4921890497208 62.99822529157 60.3541433811188 45.8861291408539 22.1139068404833 0.565790066805979 0 0
60.7144286235174 71.9549953937531 74.2962211370468 76.150710384051 74.0844508012136 73.3797301848729 81.3890596230825 87.0377520720164 86.7138107617696 91.7408565680186 89.5397166411082 88.2410605748494 85.6229563554128 80.7503163814545 81.0266733169556 86.6148074467977 79.8446188370387 76.9105901320775 74.7905174891154 76.9734134276708 77.5028169155121 76.3639509677887 76.9308308760325 73.8582114378611 73.0193456013997 75.7600565751394 79.5451800028483 81.0599724451701 85.067609945933 91.3568337758382 98.6109574635824 106.012165546417 101.744472980499 79.9374729394913 33.3518634239833 32.6914886633555 53.2676130533218 76.569785674413 85.0057899951935 87.2885088125865 80.4981489976247 76.3921737670898 63.9366656541824 62.2365921735764 69.0224270025889 63.0350857973099 36.2289200226466 28.6648645997047 4.94191857675711 0 0
64.4503533840179 62.6465181509654 61.5782539049784 64.0496263901393 70.9718217452367 76.6934553782145 77.4233241875966 83.6106439431508 83.4020177523295 88.2424612840017 88.5709424813588 90.3578499952952 89.8924867312113 84.841380516688 82.6180477937063 80.4963608582814 83.1234951814016 76.6341139872869 70.5902576446533 68.8721189896266 68.6154216527939 70.8090960979462 72.3257859547933 67.2753900289536 70.3884909550349 68.0426905552546 69.9361562728882 71.5046972036362 73.2461363077164 77.0850876967112 80.4390907287598 89.2805457115173 87.6919627189636 64.1185690959295 28.020645181338 18.4565062324206 19.5336466034253 30.3992405533791 61.0340734322866 83.7794343630473 86.71768506368 77.6454508304596 60.9080294768016 51.4717797438304 56.5032462279002 50.5833973487218 35.4134192069372 49.2704510688782 31.3701182603836 5.97690728803476 0
67.094475030899 57.1929464737574 54.904967546463 60.1102511088053 71.9607969125112 80.8300177256266 80.3275008996328 81.5264632304509 84.3531886736552 84.6415460109711 86.954524119695 89.6272460619609 91.3397669792175 89.6285176277161 84.903359413147 82.3064893484116 84.194282690684 77.059139808019 72.6098914941152 73.4028667211533 72.5729316473007 70.5610364675522 69.1863298416138 65.234566728274 65.5461450417836 65.4674371083577 66.6649341583252 67.5499935944875 67.7549739678701 65.2394741773605 56.524266799291 60.4354689518611 63.2139245669047 37.0273118217786 29.9903104702632 19.5577678581079 9.00444512565931 6.76147701839606 17.5321872035662 48.3374893665314 69.836030403773 67.6535119613012 52.8380771478017 47.7998157342275 44.0731793642044 36.644068857034 33.8748246431351 57.094544172287 66.3433770338694 45.0407862663269 14.5334911843141
67.388708392779 61.8005096912384 59.6196601788203 64.7934873898824 74.1138756275177 82.3545207579931 85.4897300402323 81.5212726593018 86.3827268282572 84.6649408340454 88.4228348731995 90.2619560559591 91.5425022443136 93.1673943996429 87.8508885701497 87.548553943634 87.8338913122813 81.7356904347738 77.0183702309926 78.3535738786062 78.4278561671575 73.7106253703435 71.7372645934423 71.1326748132706 68.4334834416707 66.9886966546376 66.6715701421102 64.3648207187653 63.1718983252843 58.058445652326 48.3853320280711 50.6173719962438 57.2483440240224 59.078981479009 57.1966469287872 45.5952634414037 22.2837080558141 9.64081659913063 7.79557041823864 14.329869300127 33.2307467857997 38.3778661489487 33.4779346982638 26.142140229543 25.7802059253057 32.3859105507533 44.3145434061686 49.5699346065521 61.8427495161692 67.1514521042506 48.4436998764674
70.7246065139771 69.2551136016846 65.5744125445684 64.1533782084783 70.2047894398371 80.995519955953 83.3306709925334 81.3938478628794 83.36541056633 88.5448157787323 95.145175854365 95.8186089992523 93.9269562562307 94.5020218690236 91.8764372666677 90.8689796924591 91.2124911944071 89.2209708690643 83.7618708610535 79.9047847588857 77.0129362742106 75.3229558467865 78.0950238307317 78.4504264593124 74.5148758093516 72.6301421721776 65.8753315607707 56.1790019273758 51.1672496795654 51.4494876066844 51.1162529389063 55.8834969997406 61.9629820187887 74.0892390410105 78.4314225117366 76.8231302499771 65.0669087966283 44.547309478124 33.9002062877019 13.6141652862231 20.2372806767623 32.4870720505714 40.8171738187472 30.2694315711657 30.107835928599 45.2718287706375 67.0019139846166 61.0634883244832 55.8419078588486 62.582994500796 53.6750058333079
73.4249204397202 72.7367252111435 71.6001441081365 67.8965349992116 69.0245628356934 78.306183218956 81.3423891862233 81.4792215824127 81.3431640466054 90.6414091587067 98.9312330881755 98.0025728543599 93.2918985684713 95.7356492678324 97.0733761787415 90.888520081838 92.6221410433451 89.7392630577087 84.9442680676778 83.5405290126801 81.1073134342829 82.1489741404851 79.1119486093521 75.7249593734741 73.6030240853627 68.2941128810247 50.8519113063812 31.038078169028 26.3684739669164 33.2282930612564 48.1624851624171 52.6085744301478 60.037687420845 67.7258173624675 78.533540169398 90.4003083705902 94.3313042322795 75.4242837429047 73.7498303254445 43.5908188422521 22.3497475186984 37.0356912414233 56.5773745377859 56.7650496959686 56.1562528212865 70.5656111240387 97.5601176420848 85.6134692827861 62.530517578125 48.6195286115011 38.982038696607
72.2120503584544 70.2367077271144 74.0823646386464 75.0327358643214 72.3678270975749 75.1056373119354 81.3262065251668 82.1914424498876 82.3914855718613 90.3202295303345 97.5884894529978 96.058577299118 91.1568303902944 94.8714911937714 98.2728699843089 88.6626144250234 90.4021859169006 88.4775221347809 86.7693225542704 87.0513220628103 87.6524647076925 88.1952345371246 82.8376511732737 75.9784529606501 73.4676818052928 71.5006093184153 53.1446933746338 33.8017543156942 32.6147973537445 42.0087774594625 56.9407989581426 58.1681231657664 70.2234258254369 80.0617436567942 90.8550024032593 86.5599612394969 80.6845525900523 38.3315285046895 38.7300650278727 39.3544559677442 46.6805398464203 58.0974916617076 66.6369497776031 37.367470562458 30.4395804802577 35.7368340094884 75.5670617024104 70.4912443955739 56.7573457956314 46.7682729164759 40.2139226595561
60.5393350124359 68.2325611511866 72.0249811808268 74.8543987671534 74.8211691776911 71.3809728622437 81.3908825318019 85.4848523934682 86.0629479090373 90.9847319126129 93.7989155451457 93.4414267539978 92.5776660442352 90.5719598134359 92.1400686105092 88.6171658833822 85.0838720798492 88.5657568772634 90.623011191686 91.9397175312042 93.0460691452026 88.7476404507955 86.2570504347483 79.6423355738322 78.0435502529144 78.2983402411143 73.5245247681936 66.0520295302073 65.8835073312124 68.5956080754598 66.984827319781 68.005641301473 83.5217436154683 92.2017296155294 90.787669022878 65.17493724823 44.3795571724574 22.4760174751282 11.8688158690929 22.5355103611946 35.1045876741409 62.1081839005152 70.8460658788681 57.0684870084127 44.2534039417903 46.2662329276403 61.3941997289658 66.001499692599 63.3394370476405 56.2992691993713 49.5255291461945
50.4929671684901 65.4968867699305 69.6841379006704 72.8709449370702 75.9673515955607 71.9501078128815 76.3354847828547 84.6037666002909 95.8840350310008 97.2247918446859 92.7783151467641 90.0615155696869 92.21218029658 91.3026928901672 91.3979212443034 88.8095200061798 85.0260456403096 87.4478618303935 86.3720575968425 82.8102280696233 85.4738354682922 84.5254858334859 82.6639632383982 80.3663035233815 82.2579463322957 85.8032008012136 96.9102780024211 97.6396103700002 80.9927135705948 76.3547321160634 69.917639096578 65.7158046960831 77.9242515563965 69.6717202663422 33.896379172802 25.2364625533422 23.985281586647 16.5390732387702 4.79456596076488 1.98593797783057 1.55398606633147 23.4978546698888 65.3227716684341 85.057000319163 91.9355750083923 85.9351555506388 83.2359939813614 84.7696165243785 84.0811232725779 72.4676201740901 61.109518011411
52.1415919065475 62.7514123916626 70.27601202329 72.8376607100169 74.4177798430125 74.7422377268473 68.7914590040843 79.1520774364471 100.76833764712 99.5971163113912 90.6561116377513 87.4304572741191 90.1805063088735 93.7115748723348 92.5502876440684 89.3423457940419 87.6400172710419 85.1701299349467 78.443040450414 71.4835027853648 71.4376072088877 74.8832126458486 76.0639409224192 79.5805305242538 80.2745670080185 85.6626729170481 104.756752649943 113.037397464116 92.5998489061991 79.7764311234156 64.2721702655156 54.7278821468353 59.0796172618866 55.8332651853561 31.5437739094098 19.942369312048 21.1972072720528 28.9246340592702 20.6581975022952 7.73320657511552 1.25090568326414 8.95914124945799 34.325435757637 67.5212293863297 71.7473725477854 80.0169408321381 75.8679956197739 78.4570773442586 74.1117397944133 67.2648102045059 68.9407338698705
64.3247365951538 67.6978429158529 70.1844195524852 66.6206181049347 60.2958897749583 57.6806614796321 65.5815154314041 71.3131725788116 81.9755693276723 78.0602991580963 75.3056605656942 81.0305029153824 88.4256263573964 90.5150373776754 86.5872104962667 88.3339047431946 88.7659589449565 82.0941825707753 74.0369160970052 68.1267281373342 67.5637423992157 69.1334555546443 71.9943443934123 76.3869980971019 77.4136284987132 80.2971373001734 93.451996644338 101.835191249847 88.1480872631073 77.1218687295914 63.0209197600683 50.2120206753413 45.690322915713 59.4545900821686 54.9162328243256 30.2333955963453 30.4014955957731 64.7696256637573 69.1303511460622 45.0896074374517 18.4889001150926 11.193934828043 22.4399417638779 31.7022055387497 30.1337813337644 33.2131336132685 44.4488724072774 48.192431529363 54.0283620357513 59.5172743002574 84.6527020136515
76.5329301357269 73.1491396824519 69.1484113534292 61.8125249942144 51.2661188840866 44.5862809816996 55.9916943311691 55.2907288074493 45.1654046773911 45.3765690326691 55.9665560722351 69.2407786846161 75.9056558211644 80.6181579828262 83.9435458183289 94.8850512504578 97.3013838132222 88.2193744182587 79.1384081045787 75.0120083491008 72.1482137838999 71.5745141108831 74.7129668792089 72.5897302230199 71.7013378938039 77.2378693024317 82.2767814000448 89.0759428342183 81.0640801986059 59.60447092851 62.5959734121958 57.1779211362203 51.2678821881612 68.8114712635676 74.8294045527776 62.0772987604141 52.1374642848969 45.188769698143 49.5560069878896 51.2622594833374 37.6087948679924 25.2203643321991 22.0358694593112 22.5715488195419 15.6842296322187 16.6790559887886 26.8977011243502 29.5588200290998 37.7193043629328 60.5903714895248 112.826397021612
79.6700219313304 72.6205408573151 67.4808174371719 63.4621232748032 55.8961778879166 49.3151048819224 44.8630849520365 39.9567236502965 21.8481545646985 29.4304117560387 51.1583586533864 63.2992684841156 63.6946856975555 71.8903144200643 86.3999327023824 103.212575117747 108.777066071828 101.258556048075 92.3599501450856 88.0027810732524 81.9505353768667 79.343964656194 79.3142716089884 73.8362967967987 74.1700331370036 73.6721207698186 72.3487287759781 72.386513153712 69.8561668395996 51.6158590714137 55.3772399822871 50.2201070388158 46.0474193096161 71.9952483971914 92.1547611554464 95.483789841334 68.998376528422 27.7511676152547 23.426279425621 30.4224540789922 39.1237065196037 33.0042392015457 36.844623585542 33.5803379615148 21.7879364887873 15.7528693477313 23.1259440382322 37.7994701266289 46.4356889327367 76.753576596578 146.208922068278
82.3850383361181 76.7363210519155 75.2856880426407 76.5403509140015 73.0372269948324 66.2054121494293 60.6714338064194 61.4426930745443 59.8507722218831 65.2622828880946 74.205939968427 81.069141626358 81.4192791779836 75.8802195390065 86.829274892807 104.190160830816 114.935566981633 115.053733189901 107.064108053843 96.5842207272847 90.078334013621 84.9445362885793 82.7365219593048 80.7527403036753 77.433983484904 66.3148462772369 63.148761789004 64.0217463175456 62.449519832929 59.0447982152303 39.9527475237846 39.9286498626073 34.0765466292699 59.2570801575979 100.163251161575 109.898030757904 75.9687672058741 40.9310509761175 16.5090610583623 16.684465110302 20.6792280077934 20.3001995881399 32.7454308668772 47.5756029287974 49.1347014904022 35.4054321845373 35.1993590593338 53.0192404985428 82.7107975880305 131.859203179677 164.677242437998
83.2733561595281 80.3535530964534 80.483024319013 81.9301108519236 81.4257462819417 77.4757067362467 76.913133263588 85.15931169192 103.204359610875 98.5102156798045 89.3254280090332 91.3293957710266 97.0376034577688 83.6581985155741 84.9380393822988 94.2125817139943 103.903571764628 110.968788464864 111.480156580607 104.151666164398 98.0173448721568 90.8382534980774 85.5756898721059 85.2561990420024 75.5598396062851 60.4306807120641 55.1167627175649 53.9269000291824 54.6160837014516 48.224002122879 24.6007045110067 22.1086144447327 16.2924701968829 16.0132497549057 97.1545378367106 111.222416162491 90.824027856191 78.7833382685979 44.6870476007462 11.1820586025715 3.89074068516493 0.634633121080697 18.5375846922398 52.6448388894399 60.4034960269928 49.8809814453125 48.4860241413116 75.3026306629181 137.853672107061 184.682488441467 175.683041413625
