input/barkrak2/radiation/dir01424.grid
NCOLS 85 
NROWS 70 
XLLCORNER 665100 
YLLCORNER 4664600 
CELLSIZE 20 
NODATA_value -9999 
[rows 0 to 22 of 70, columns 0 to 51 of 85]
55.115446448326097 68.1769549846649 78.6435604095459 95.8922108014425 103.898664315542 106.955468654633 115.290939807892 130.253553390503 128.271738688151 131.464570760727 132.246166467667 128.398050864538 123.960067828496 124.663641055425 124.715069929759 110.001852114995 97.9646543661753 88.9479517936707 89.9173617362976 88.0605181058248 96.6521998246511 114.115536212921 129.787455002467 132.385392983754 135.548482338587 143.807997306188 146.067748467127 142.119516928991 132.948021094004 135.448078314463 134.446670611699 153.939723968506 185.867190361023 178.437987963359 177.850008010864 171.920239925385 175.75466632843 183.169484138489 180.169820785522 181.792894999186 179.270724455516 188.547492027283 195.968925952911 189.609547456106 178.170879681905 184.811989466349 190.248628457387 144.488781690598 100.649416446686 96.6091056664785 117.947230736415 158.871998389562
35.2323974172274 48.0684489011765 55.7141701380412 66.6361997524897 78.1776656707128 83.9465459187825 96.9434877236684 107.019633054733 113.870799541473 128.169556458791 136.109749476115 131.443500518799 126.298844814301 124.703903992971 124.791552623113 112.489680449168 104.551086823146 96.530278523763 92.5839344660441 91.1789735158284 104.157507419586 128.695388635 141.866634289424 141.48606856664 142.204811175664 146.542360385259 143.842250108719 139.009525378545 138.83783419927 139.379551013311 140.579730272293 163.583338260651 185.408373673757 178.636332352956 176.408290863037 172.57034778595 177.936295668284 181.806047757467 176.574885845184 174.783567587535 173.914313316345 180.899441242218 178.425192832947 170.144001642863 167.784571647644 181.372761726379 182.257235050201 136.458585659663 108.019371827443 117.682675520579 145.70493499438 180.238346258799
14.6336120863756 21.1351066827774 27.1886140108109 31.779649357001 39.4630233446757 45.1819002628326 57.8198730945587 71.4371850093206 88.4604255358378 86.7066482702891 100.488682587941 114.386439323425 135.171552499135 134.824136892954 136.657873789469 136.793027321498 132.987201213837 120.822648207347 107.243518034617 103.314369916916 113.018929958344 129.418790340424 141.496628522873 143.817325433095 145.700911680857 143.058081467946 139.658828576406 136.41103108724 136.319269736608 146.153579155604 155.882885058721 172.50382900238 182.847460110982 179.978211720785 175.791362921397 175.397793451945 182.339151700338 184.421241283417 178.643186887105 172.19469944636 170.836905638377 162.534902493159 153.665333986282 148.41095606486 152.587513128916 168.917576471965 165.550738573074 130.107422669729 125.693917274475 145.122845967611 169.425626595815 190.235137939453
6.38727222879728 7.40558033188184 9.67488872508208 12.1005959808826 13.2144416371981 18.3559519549211 24.218442539374 34.7917551795642 48.0643659830093 62.8205339113871 76.3881852229436 85.1901868979136 101.378907759984 102.382590373357 109.648416439692 118.677824735641 117.654770612717 113.617678483327 102.378944555918 95.2123999595642 103.111753861109 103.344986836116 114.415854215622 128.713548183441 132.265895605087 132.612278064092 135.886857906977 135.731408993403 138.001143932343 143.281141916911 157.151122887929 174.25791422526 178.946852684021 178.828338781993 176.019748051961 173.818012078603 175.939977169037 176.514347394307 170.070191224416 160.567343235016 156.427959601084 150.59095621109 149.091502030691 156.89492225647 165.798137585322 160.174032052358 148.846517006556 127.513031164805 134.970049063365 148.030916849772 167.821665604909 185.649315516154
13.8185185690721 7.160859182477 4.38970730950435 0 0 5.61893420914809 15.4427774250507 23.2446938753128 29.7703072428703 33.6971680323283 46.8090226252874 58.9878310759862 72.4499473969142 76.6697078943253 81.8379024664561 84.962139527003 85.7280989487966 85.0829482078552 83.9843153953552 84.2446982860565 84.3263268470764 86.9011680285136 97.7983971436818 106.863995393117 117.492725451787 124.249865611394 125.844846169154 131.787071625392 136.064370473226 138.557334740957 144.394745429357 166.911085446676 162.514080603917 170.900623003642 171.301404635111 169.96951897939 166.530003150304 163.86013229688 155.57673573494 147.661209106445 147.306601206462 149.722576141357 156.161864598592 164.638807376226 164.588212966919 142.878870169322 119.234641393026 117.536316315333 128.54528427124 146.873712539673 174.182871977488 187.682747840881
37.9935031135877 22.7239479621251 10.2655291557312 2.07206870739659 0.532537776355942 2.83024646341801 8.28166057666143 17.737127840519 22.7285673220952 23.1056064367294 27.6313250263532 32.9680442810059 39.3953174352646 42.2290762265523 48.9853322505951 53.5483360290527 61.3252768913905 70.813313126564 76.6716400782267 84.4328800837199 89.5393490791321 94.6108400821686 93.6226944128672 99.1760691006978 105.837305386861 112.228949864705 117.144306500753 126.397510369619 129.076361656189 134.76417462031 146.891593933105 153.796017169952 143.777420123418 143.602351347605 146.669069925944 152.817825476329 159.65477625529 155.262420574824 147.73349960645 147.991359233856 147.412300109863 147.019118070602 150.960524876912 153.750757376353 148.206283648809 120.893011490504 97.128689289093 107.338051001231 126.205662886302 162.500560283661 187.801003456116 190.819799900055
55.8935503164927 36.4689230918884 23.8999476035436 13.0635524789492 5.42685141166051 2.50931751603882 4.20695977906386 10.4884331425031 17.2330997884274 21.3340843717257 23.0187227328618 21.8352079391479 20.515354971091 20.7939085861047 22.8570625185966 31.4695040384928 40.5006880561511 55.374413728714 67.8423742453257 83.4903617699941 91.0189747810364 98.6864368120829 95.9953268369039 95.3749318917592 101.800779501597 105.136712392171 108.641088008881 114.920248587926 124.387125174205 132.048855225245 144.19150352478 144.987424214681 133.560866117477 130.484958489736 130.378464857737 133.214304844538 134.283463160197 133.257061243057 139.455854892731 134.084284305573 129.929373661677 130.590856075287 138.523528973262 145.558724800746 143.616298834483 139.200081427892 145.752936601639 150.897006193797 163.010468085607 175.975521405538 180.537978808085 182.131091753642
66.8434997399648 53.2278120517731 39.6251330773036 28.3445293704669 17.0243519047896 6.22586285074552 2.99190574636062 0 8.56724878152212 16.7617040375868 20.5182656645775 21.360104282697 23.1969927748044 21.1570262908936 16.7179803053538 19.414438555638 27.033639450868 36.2177143494288 50.7169763247172 65.6461815039317 78.3834308385849 89.2107884089152 96.1014032363892 96.8884527683258 95.8585739135742 96.3111321131388 97.3673065503438 103.794127702713 111.316651105881 120.670060316722 130.057513713837 130.48925002416 123.951057593028 120.412617921829 115.834524234136 117.738544940948 123.739937941233 121.762573719025 120.493143796921 117.661784092585 113.614191611608 120.153367519379 134.09282763799 145.608951648076 149.706810712814 156.988084316254 163.461814324061 164.473881324132 168.665289878845 167.352418104808 163.549154996872 167.125463485718
63.6527786652247 53.0068278312683 43.7490393718084 32.2593823075294 22.5212847193082 17.5095734496911 6.96631396810214 1.78695439050595 6.59111825128396 11.6247609257698 16.6032873094082 21.1095710595449 24.2324098944664 26.5150417884191 25.8175656199455 23.8500237464905 23.2768505811691 26.3546357552211 33.3687663078308 45.3906953334808 56.9148063659668 67.4473444620768 81.3505798578262 80.9996376434962 85.977037747701 86.2333277861277 86.3610009352366 88.5179539521535 89.3375078837077 98.8117257754008 110.272645950317 112.187772989273 109.025826056798 106.736441453298 107.355614503225 110.289355119069 112.750589847565 116.436858971914 116.935044527054 111.987262964249 126.420736312866 136.586685975393 141.828318436941 144.91131901741 143.867919842402 143.523742755254 147.094597419103 155.236701170603 162.384529908498 157.910366853078 149.949292341868 151.696304480235
43.3351496855418 39.9171859025955 34.8122119903564 25.9739508231481 21.9051465392113 16.1731565992037 13.9617696404457 10.245356708765 6.74530677497387 4.46627102792263 7.6153880606095 16.2945414582888 26.2555455168088 32.963735361894 36.6980234781901 35.7978666822116 30.2327002088229 28.4918993711472 27.6355917255084 31.0512681802114 36.9085470835368 43.5011684894562 51.9399245580037 59.662123521169 69.4528023401896 71.0650533437729 72.4790791670481 72.7876424789429 76.6327679157257 80.2320887645086 80.1806350549062 82.0276190837224 91.8855865796407 95.9761242071788 101.398726304372 103.698233763377 104.332427183787 107.621252536774 114.363004763921 121.590862671534 125.963002443314 125.06757179896 137.320260206858 142.388055721919 142.399628957113 142.693142096202 148.661245902379 153.231571118037 158.050378163656 156.681189934413 155.693550904592 153.138717015584
7.79053258399169 7.90597684681416 5.63553844889005 4.08698742588361 2.40640994161367 0 3.01481659213702 11.072779695193 11.013222237428 7.38998812933763 4.89304897685846 5.47127549846967 16.7188309133053 29.3430710832278 39.539893468221 36.478653550148 35.9659716486931 31.9372663895289 27.9401391744614 25.8475715915362 26.103084286054 28.113712867101 31.9130420684814 41.6607583562533 53.1710038582484 59.2381358146667 60.0352982680003 62.0006819566091 65.3066386779149 69.288969039917 69.3021615346273 66.8270885944366 71.098804473877 83.7020874023438 88.1526072820028 93.6877032121022 96.9626307487488 99.5589892069499 109.16805267334 120.518346627553 123.972316582998 122.953712940216 122.027645508448 121.854722499847 126.089870929718 142.398019631704 150.919407606125 148.508101701736 147.8005250295 154.314915339152 156.044006347656 151.426921288172
0 0 0 0 0 0 0 4.61973343044519 13.5372703274091 12.025274336338 8.88845697045326 4.56213268140952 6.46073619524638 14.866080135107 26.5831897656123 30.7241529226303 37.2724408904711 35.7040241360664 31.2032947937648 26.2354413668315 23.5820313294729 23.5591481129328 24.6686140696208 30.6201552351316 37.6592725515366 44.3737208843231 47.0358729362488 48.4454482793808 53.8478295008341 55.6337734063466 55.5143555005391 58.3126991987228 56.1843911806742 55.4097890853882 55.8217018842697 72.5525915622711 85.431843996048 93.8961803913116 100.783864657084 112.885445356369 117.491781711578 113.595793644587 110.8178794384 106.825570265452 109.201947848002 110.036939382553 117.789963881175 138.416667779287 139.18791214625 143.334358930588 146.059115727743 144.588470458984
0 0 0 0 0 0 0 0 8.15610960125923 15.0322330494722 14.5958587527275 11.3477731744448 3.99843292931716 3.53003075967232 12.2589766979218 25.4957402745883 35.3092203537623 39.4485642512639 36.9610115885735 33.4651122490565 28.6593362689018 29.3974528710047 30.5802971124649 32.1721484263738 33.1674764553706 35.6023708979289 38.3676538864772 43.4872210025787 45.2040135860443 46.4599033196767 47.0291127761205 46.108141541481 45.9127376476924 44.1382477680842 43.4048523505529 41.4176831642787 49.4854549566905 73.7510373195012 82.3042094707489 93.5902694861094 97.8343486785889 96.8724886576335 96.8116521835327 95.6064263979594 97.5118577480316 99.4262099266052 97.4306166172028 98.7503429253896 102.298239866893 119.818657636642 126.831511656443 128.725469112396
0 0 0 0 0 0 0 0 0 6.50705583393574 16.8117048839728 21.7620978752772 18.5148182014624 11.6736814379692 10.7086474696795 22.4199071526527 31.8115701278051 40.5739669998487 45.2645073334376 45.1377083857854 39.9761274456978 38.4584267934163 38.0571037530899 37.7485354741414 39.51512525479 41.0145074129105 42.1026845773061 47.8811065355937 47.1621602773666 41.6132534543673 43.5583641131719 43.3888534704844 39.8127312461535 34.7065801421801 33.5942258437475 36.3984232147535 32.0074111223221 34.7728654742241 42.9981648921967 41.6387642423312 61.8026355902354 72.3408609628677 77.2922039031982 79.5220037301381 88.3423884709676 91.8507277965546 90.1628136634827 85.0636263688405 80.841009815534 82.9026202360789 88.6220733324687 109.103937943776
1.86774538209041 0 0 0 0 0 0 0 0 0.0959662914586564 16.3100138306618 29.2647133270899 35.9613423546155 30.8500130971273 22.7249140540759 20.6568638483683 22.649792333444 32.0713942249616 44.7687705357869 51.4436066150665 51.5074084202449 49.6157656113307 48.6854612827301 46.6578106085459 46.5894838174184 47.2409824530284 46.605924765269 49.9160637458166 47.9382524887721 41.7705674966176 38.49063316981 41.5180201331774 36.5759606162707 32.4226915836334 30.4235567649206 27.5668501853943 21.376612285773 17.7860793968042 19.1772654652596 24.3982151150703 24.0524063507716 31.0371741652489 35.2812359730403 43.9666310946147 52.5240351756414 59.8796506722768 71.4209775129954 75.0008970499039 73.1434126694997 69.6767071882884 73.3821640412013 79.679474234581
2.46688552821676 0 0 0 0 0 0 0 0 0.0558720106103768 6.81946612894535 28.0421674251556 43.7891135613124 44.9509223302205 35.9368473291397 23.2247784733772 19.0086364746094 20.5516641338666 30.4540072878202 46.5616683165232 57.5841665267944 56.0724437236786 57.5189540783564 53.9305905501048 52.1151175101598 52.899643778801 54.6665688355764 50.0222941239675 51.4842371145884 49.10014073054 41.9501811265945 36.7619842290878 35.6493666768074 29.1861097017924 26.307113468647 21.3734780748685 16.5241323411465 12.6765544215838 11.4662622412046 11.2886354327202 12.5418628255526 17.3108279705048 17.897043377161 24.607315659523 33.5522691408793 39.3215740720431 48.8738467295965 59.7003350655238 63.1223072608312 63.6165638764699 67.1452681223551 73.0468680461248
1.49252560610573 0 0 0 0 0 0 0 0 0.194884623245647 0.339865839729706 17.1232620875041 32.9804246624311 45.1077272494634 47.4310417970022 41.5842731793722 37.0322987437248 28.9557774861654 24.9037171403567 31.356876095136 48.594206571579 58.7173799673716 62.7197424570719 60.8393500248591 57.9646726449331 58.0766846736272 62.5110318263372 57.9551557699839 56.0662349065145 58.3707640568415 49.9047935009003 39.098950723807 31.2531640132268 23.681752383709 17.798125743866 14.7492587566376 10.4632861912251 7.65661336481571 5.46319782733917 4.05131249378125 3.20922986914714 6.21383513013522 8.05007355908553 14.3264656265577 23.0786800384521 30.9784561395645 37.839782734712 42.2100921471914 46.6891924540202 54.2029688755671 57.7021936575572 62.0732406775157
0.669933079431454 0 0 0 0 0 0 0 0.548202350425223 0.519007366771499 3.00397692869107 11.5868511299292 24.2675592501958 39.2055908838908 48.6944069465001 54.5584907134374 54.9720724423726 48.2168098290761 35.9244272112846 26.2734740972519 33.453198770682 51.8715878327688 60.3102346261342 62.9693319400152 64.4860118627548 66.8699741363525 69.7973718245824 69.7813580433528 65.3746177752813 59.7300976514816 50.3197958072027 43.9488043387731 33.0721785624822 23.7741420666377 16.0298012197018 13.4700859586398 8.85831813017527 5.46035543084145 3.38477206726869 1.45030114799738 0.231488782446831 0.956736427421371 3.78482975065708 8.53217455248038 11.6526956359545 20.4036434491475 26.2739658355713 28.4416054685911 34.5527082681656 40.2933756510417 45.5787132183711 52.181139588356
0.760201752806703 0.924815656617284 0.334064359776676 0 0 0 0 0.920774104694525 1.39161820213 8.0258883535862 13.9921282728513 14.7075802087784 20.7624596854051 26.8389781316121 39.6441469589869 52.4219473203023 55.9975455204646 56.0292154550552 52.898163596789 42.2206570704778 30.5277183651924 39.0317092339198 47.4545905987422 56.7039996385574 65.7801528771718 72.1982717514038 74.9966154495875 72.8326886892319 72.033296028773 62.5060747067134 50.8694648742676 40.7554308573405 34.5335652430852 23.8425632317861 15.7877281308174 12.3721808195114 7.01487312714259 2.40231103574236 0.630285668497284 0.00896212683680157 0 0 0 3.16090602427721 6.67390103141467 13.8077959418297 16.5990069508553 19.5759211977323 23.3931789795558 28.6981537938118 31.2969634930293 36.2425595521927
0.731233507394791 0.301735941320658 0.600877916440368 0 0 0.0500861303104709 0.245857886814823 1.18136134309073 2.1837983901302 2.3432654949526 12.850034981966 12.9265474776427 14.1900330781937 16.7089775204659 26.2490808963776 36.4146182934443 45.1715737581253 50.6873329480489 55.5200030406316 55.98084628582 47.6535260677338 38.8403882582982 41.948010524114 49.2567718029022 59.2367351055145 67.0385509729385 71.8464603026708 74.0636736154556 65.9903585910797 62.1926287810008 53.7266035874685 41.5836299459139 28.2665342092514 19.8100345830123 10.8373661835988 5.44791792829831 1.52212319274743 0.0708132768825938 0 0 0 0 0 0 2.08509558190902 4.99772094190121 6.36304294069608 10.5176803966363 14.5950404306253 15.959815432628 18.0552465220292 22.1137851476669
2.22256251921256 0.131062678216646 0 0 0 0.171762697088222 0.100302034600948 1.43560968960325 2.07643490284681 2.02546687796712 1.96296814829111 9.11818072199821 8.11755781372388 9.33623438080152 13.9618925750256 24.8005390167236 34.1408724586169 39.1211584210396 47.0546086629232 58.4351271390915 63.3616298437119 54.9186964829763 53.7740935881933 55.9220711390177 57.0961038271586 59.4112972418467 62.5381817420324 67.1162058909734 62.6555879910787 50.7701933383942 41.4874504009883 33.2277566194534 20.1393129924933 11.325682202975 4.21756102393071 0 0 0 0 0 0 0 0 0 0 0 1.17510161362588 2.51099560409784 6.69326509038607 8.04009598990281 9.28034074604511 12.2282629211744
10.7181755204995 5.09720295667648 0 0 0 0.00445886780653382 0.916818156838417 2.48839504395922 2.74395290762186 2.20421360184749 2.07126047462225 2.31982146700223 5.73563762009144 2.04065535217524 8.37405336399873 16.9649881621202 27.1541227897008 33.3942423264186 41.2095710635185 51.829919219017 58.8240772485733 70.500373840332 73.7906843423843 72.7007240056992 68.2460864384969 59.3102077643077 54.3849070866903 56.2660644451777 58.5967799027761 44.9020018180211 29.7969505190849 17.5928237537543 10.9543402989705 1.27240068589648 0 0 0 0 0 0 0 0 0 0 0 0 0 0 0 2.30306542168061 3.29168761769931 5.32617109517256
37.5068460901578 31.3808272282283 12.1769929925601 5.48242218792439 2.61328928172588 0.635082717053592 3.79842519760132 4.20679803937674 3.44025250524282 2.67751204470793 2.11678740258018 8.69632388154666 9.35046561062336 8.32949454585711 9.26833661894003 13.9126107096672 22.084171573321 29.9872905015945 34.5735078056653 38.0563537279765 41.9172743956248 54.8622906208038 64.9631371100744 68.3282514413198 68.0351555347443 62.8053645292918 55.436447262764 48.845037817955 52.4794061978658 34.2460994919141 16.3446590304375 5.61250311632951 0 0 0 0 0 0 0 0 0 0 0 0 0 0 0 0 0 0 0 0
