input/barkrak2/radiation/dir09124.grid
NCOLS 85 
NROWS 70 
XLLCORNER 665100 
YLLCORNER 4664600 
CELLSIZE 20 
NODATA_value -9999 
[rows 0 to 19 of 70, columns 0 to 45 of 85]
244.264860947926991 258.122225602468 271.864096323649 287.420868873596 293.993214766185 292.587955792745 284.396131833394 278.388937314351 281.087517738342 281.641264756521 281.250317891439 283.844828605652 284.242510795593 284.800211588542 287.104328473409 280.636628468831 271.294176578522 259.862224260966 254.804948965708 244.333624839783 236.392378807068 246.794164180756 272.141575813293 278.448303540548 281.033158302307 287.708560625712 286.147971947988 273.280739784241 257.497350374858 253.994981447856 250.500281651815 267.228027184804 304.467717806498 303.725719451904 305.06823460261 287.244160970052 294.904748598735 308.712363243103 303.051690260569 306.123614311218 287.778635819753 289.541661739349 299.43186044693 304.558058579763 299.067815144857 298.542976379395
223.904331525167 240.47315120697 254.668494065603 271.587908267975 282.458404699961 284.514904022217 280.254364013672 278.497159481049 287.280340989431 286.615570386251 281.95575873057 283.083061377207 284.650802612305 285.831411679586 285.62186161677 279.691119988759 275.788366794586 267.718056837718 263.63613208135 250.867784023285 250.413219134013 264.476756254832 283.020814259847 285.827378431956 290.040055910746 292.481998602549 288.006742795308 275.358935197194 262.12332646052 255.556563536326 256.39929374059 280.310034751892 304.11821603775 303.776641686757 303.313295046488 290.103534857432 296.258648236593 305.565555890401 301.264882087708 306.034564971924 299.701531728109 292.085270086924 294.676999251048 297.449171543121 297.496636708577 299.914677937826
188.508590062459 200.474242369334 212.990005811056 225.659747918447 239.069720109304 248.052795728048 256.862143675486 268.466571966807 278.56852610906 277.447859446208 275.111575921377 279.507835706075 288.627505302429 292.566517988841 290.063917636871 294.610559940338 296.781182289124 290.380736192067 277.319272359212 267.155905564626 271.922369798024 278.745273749034 284.691552321116 285.981178283691 291.730602582296 290.606280167898 283.173402150472 274.384876092275 265.704174836477 261.635065078735 267.065743605296 292.244434356689 301.050225893656 302.29377746582 302.614251772563 296.552399794261 297.337750593821 298.902233441671 301.489631334941 304.259459177653 299.502472082774 286.846001942952 280.108610788981 285.18013159434 295.963605244954 300.229072570801
169.417321681976 170.015315214793 178.324381510417 185.624301433563 192.877312501272 198.305090268453 205.382466316223 221.249183019002 241.013904412587 257.052302360535 267.674326896667 281.171679496765 291.722416877747 295.581022898356 296.767334143321 300.39378007253 299.281279246012 291.540046532949 279.708484808604 274.542808532715 272.95329173406 271.486222743988 281.02695941925 283.322850863139 284.841477870941 286.577761173248 282.888829708099 276.429076989492 273.380060990651 272.698839505513 272.445619106293 296.479066212972 300.020535786947 300.811807314555 300.297379493713 301.675260066986 301.477591196696 301.178415616353 303.799211978912 299.886425336202 290.114561716716 278.61350774765 274.459580580393 288.42423359553 303.583741188049 299.555023511251
191.714187463125 174.985667069753 160.946051279704 152.12811032931 155.572235584259 172.317862510681 193.723201751709 204.31915918986 214.865724245707 222.604870796204 243.90987555186 266.031801700592 279.689828554789 286.409954229991 291.065116723378 293.621281782786 288.075665632884 278.914550940196 275.166889031728 274.312615394592 269.710004329681 268.224120140076 278.565982977549 281.161725521088 283.061345418294 287.973026434581 285.294751326243 279.316266377767 275.745292504628 273.611744244893 278.211871782939 302.450915177663 301.494240760803 302.595456441243 298.393348852793 299.678067366282 303.238868713379 303.128878275553 297.643542289734 292.657415072123 289.93946313858 283.435146013896 285.178562005361 293.639858563741 296.501596768697 287.93728351593
235.37544409434 207.450528939565 179.304520289103 154.671063025792 145.899077256521 157.611707846324 183.708727359772 201.328337192535 205.679357051849 205.032269159953 215.692162513733 229.948242505391 240.045825640361 246.87119325002 255.504409472148 263.047218322754 263.677636782328 264.666438102722 270.749509334564 276.291529337565 276.121199131012 279.520730177561 282.385150591532 281.280795733134 284.091194470723 288.882195949554 286.684354146322 283.369282881419 278.387228647868 277.123133341471 290.411114692688 303.555289904277 302.416225274404 304.143170515696 299.204766750336 296.691536903381 299.700319766998 298.644423484802 290.691733360291 292.558511098226 291.696012020111 287.581185499827 288.566172122955 288.579523563385 281.596442063649 262.714425722758
257.87208477656 233.474890391032 212.529540061951 190.94717502594 169.587333997091 155.948460102081 163.985520601273 193.734208742777 207.823216915131 216.257532437642 212.731699148814 207.457005977631 203.126748402913 199.050048987071 201.406220595042 217.356026172638 230.018675327301 248.675684134165 266.493201255798 277.906000614166 281.755705674489 283.093293507894 283.894062042236 282.150864601135 283.680558204651 286.061863104502 287.673115730286 286.25229994456 282.024025917053 285.489996274312 296.137928962708 303.104718526204 304.163773854574 302.600383758545 299.779256184896 293.364405632019 293.408870697021 289.511481920878 287.768324216207 286.845246950785 281.497220198313 278.864483038584 282.949090003967 285.597701867421 273.653129736582 263.991892337799
267.467975616455 257.124125957489 245.299259821574 229.193727175395 205.612043539683 174.722949663798 152.410924434662 152.379065752029 187.371293703715 213.717520236969 221.869289875031 217.428723971049 208.326081434886 198.116441567739 184.8424077034 188.475588957469 201.609134674072 218.697905540466 242.376943429311 261.891543865204 273.008783658346 279.140690962474 285.193661848704 282.966037591298 281.589766343435 281.557520230611 282.276531060537 281.986594200134 281.103809674581 288.411736488342 296.751459439596 300.429185231527 298.712472120921 295.522431532542 290.013313293457 287.231226762136 288.502474625905 282.630026340485 275.436679522196 266.489307085673 268.06100209554 277.039110660553 290.260096391042 296.543021996816 284.419020016988 280.308524767558
259.636720021566 260.053038597107 255.661845207214 247.241934140523 233.195900917053 210.086305936178 178.897360960642 148.97828300794 163.379848003387 186.948835849762 207.05250898997 217.507163683573 219.716270764669 216.896235942841 204.302589098612 196.346382300059 193.596402804057 198.376834392548 213.399469852448 230.758309364319 247.226893901825 260.89076201121 270.093977451324 267.573555310567 269.274175167084 269.808332125346 270.706435044607 271.610538164775 272.897521654765 281.617263952891 287.076830863953 286.478479703267 284.867604573568 284.656882286072 284.057021141052 284.73707040151 284.197171529134 279.706378777822 270.358304182688 267.129679520925 281.318883101145 293.744683265686 299.681882063548 299.930532773336 286.546170711517 280.911445617676
228.707333405813 238.878925641378 244.130889574687 244.155963261922 241.035540898641 236.708601315816 219.057043393453 199.440836906433 167.599697907766 157.795667648315 171.303550402323 197.737177213033 220.325032869975 231.527288754781 232.713143030802 223.642706871033 208.027223745982 202.609499295553 201.119184494019 204.664905865987 213.952938715617 222.398777802785 232.384542624156 240.424454212189 249.345242977142 252.304832140605 253.607054551442 254.437605539958 256.553967793783 263.357222080231 264.392077922821 265.236417452494 271.5149919192 275.829156239827 278.648853302002 278.528114159902 277.078191439311 279.073297977448 270.476222038269 276.04337533315 294.061760107676 301.112274328868 302.230139573415 299.557209014893 284.342388312022 279.326538244883
173.680226008097 188.13012043635 201.713860034943 213.091015815735 223.313371340434 231.549561023712 232.931832472483 226.832787195841 197.911520799001 171.225309371948 156.560361385345 163.939615090688 192.694703737895 219.741225242615 235.37798722585 225.145081679026 216.96807940801 209.445794423421 200.284441312154 194.651782512665 195.060133934021 195.638696352641 199.994683265686 214.105228583018 227.348585923513 236.017346382141 237.521489461263 237.944006919861 244.329750537872 249.313751856486 252.407987912496 256.029307842255 265.388588110606 269.389112790426 269.278109073639 269.255121548971 273.191571235657 277.640600999196 276.156067848206 287.078579266866 297.517398993174 300.491551558177 300.416946411133 297.896484533946 290.54057598114 289.805094401042
128.114690383275 133.672048648198 143.273880084356 157.197535037994 174.284001191457 191.789587338765 211.225787798564 217.904369036357 218.648274739583 203.998982906342 176.461577415466 155.560205380122 157.625943422318 182.095845540365 210.751632849375 214.929223060608 221.611758073171 217.918972174327 206.859012444814 195.635894934336 188.867926597595 186.445991198222 186.650951703389 196.179529031118 205.267409483592 211.93516254425 215.213418006897 219.817181428274 227.058927218119 232.091148694356 236.993531386058 242.553055286407 248.940467834473 252.280712127686 252.107659975688 254.734853903453 264.366904894511 274.709065755208 279.1628241539 288.896242777507 294.440845648448 296.366492907206 294.444044431051 290.184716383616 286.363979180654 285.60866912206
109.896143277486 106.734822193782 104.583303133647 105.894068876902 115.833034118017 134.852439165115 161.282887061437 184.305866559347 214.897910753886 220.453500747681 208.167970180511 182.625313599904 152.554829915365 150.18351872762 174.83917872111 203.550676504771 220.369617144267 222.951968510946 217.625141143799 207.693696022034 198.396801948547 197.872201601664 197.361906369527 198.244869709015 198.731700579325 198.487997055054 202.877144018809 212.200800577799 216.144720713298 217.612187067668 223.048090934753 228.723804155986 230.304002761841 231.557468573252 234.806974728902 240.243474642436 252.187013626099 264.432768026988 267.403324445089 275.062243143717 280.562520027161 281.674444675446 280.769924322764 281.484007835388 276.646991570791 277.364055315654
94.1794216632843 69.9656903743744 55.234357714653 52.9436568419139 48.3956038951874 53.3260603745778 72.1039225657781 107.427000999451 151.608596245448 195.060054461161 218.454798062642 218.080560366313 196.121037006378 168.790380160014 165.835936864217 192.073225975037 210.461417833964 225.04460811615 232.432544231415 227.926254272461 215.697983900706 212.426781654358 208.865761756897 207.867821057638 208.173890908559 206.263621648153 209.021210670471 218.078772226969 218.159556388855 211.302558581034 216.816862424215 221.859951814016 223.350882530212 223.654468854268 227.859973907471 235.385815302531 241.684198379517 246.765414873759 250.747879346212 253.067135810852 258.329828580221 264.14422194163 270.559628804525 275.225520133972 270.972410837809 274.932106335958
102.332880099614 66.0954018433889 40.3503229220708 24.1651684045792 22.6629227399826 27.109240492185 40.584921836853 63.178077340126 86.0120256741842 130.200346310933 178.137381871541 226.052323977152 238.113860289256 219.330211480459 191.819926102956 187.102913856506 192.050834496816 208.786328633626 228.052894274394 237.830917040507 235.402087370555 228.62317164739 225.223580996195 221.070110797882 218.020816644033 216.76504611969 218.156774838765 220.627983411153 216.5287733078 211.192548274994 213.698188463847 218.856612841288 218.838930130005 218.650321165721 222.883502642314 226.982355117798 227.739870548248 226.906617482503 231.824517250061 232.676227887472 238.805095354716 246.040324370066 252.11101770401 256.527145703634 257.427195707957 261.209686597188
92.1702881654104 65.2615974346797 32.9804271459579 13.7289240956306 13.7066468596458 35.2029129862785 51.8270432949066 66.6142404079437 82.7037890752157 105.973621209462 138.408790032069 175.314784049988 201.677083969116 219.740112622579 214.70574537913 188.431322574615 181.280652681986 184.04366572698 203.549901644389 230.712334314982 243.263264497121 238.057394822439 238.278369108836 231.422603130341 224.746525287628 225.545446077983 227.575500806173 223.695079485575 219.000021616618 221.028506755829 220.209221045176 219.552079836527 216.491063435872 214.658757050832 214.823126792908 214.140752951304 211.779852708181 207.509915033976 211.025277773539 212.718605995178 217.545787493388 223.740855852763 226.210633913676 228.536744912465 240.64306418101 246.601442495982
78.0602147181829 66.9560035069783 40.9519945581754 7.01818056404591 12.7891413867474 39.3004169066747 56.5017660458883 70.8110084136327 89.188406864802 98.9542206128438 118.298669656118 153.223782777786 181.4177831014 197.641352812449 204.489767551422 203.5786708196 201.064666112264 191.54957930247 182.384729385376 194.702049096425 225.078821182251 240.972141424815 245.907008647919 240.509688854218 232.808887958527 233.644445737203 237.519641717275 233.426451683044 231.220523516337 236.119866371155 233.264227708181 221.618930498759 215.154727300008 210.60178677241 205.632110436757 203.852872053782 198.916335900625 197.451412677765 197.775185108185 201.626002788544 204.152484734853 207.403560479482 209.936956564585 212.911128997803 231.032272179921 240.676522254944
70.622056722641 71.0482746362686 57.8425625960032 18.2588919997215 17.6001054545244 43.493464589119 63.668300708135 84.0417544047038 97.4260369936625 105.830748875936 117.282857497533 137.660851081212 161.083281040192 177.215655644735 193.692028522491 211.934665838877 219.428877035777 210.541168848673 195.814490318298 183.424711227417 195.211370786031 222.223142782847 232.403616110484 238.821009794871 241.289536158244 245.35193045934 249.165058135986 248.071273167928 245.549043019613 246.980269749959 239.945769309998 227.936863899231 218.67557366689 210.256854693095 203.536371390025 199.926416079203 196.929772694906 196.761151154836 197.04399506251 198.69593779246 201.208472251892 203.068693478902 202.625552813212 206.466317176819 219.188610712687 232.556303342183
74.9262422323227 82.4545721213023 82.37058420976 46.4463730653127 35.4598835110664 62.241127093633 78.0549695094426 96.028745174408 111.972749233246 126.831809679667 140.165170033773 144.447108109792 151.608129342397 157.423049211502 174.111247062683 197.08240032196 204.285740852356 216.429909070333 213.840186595917 203.461527824402 184.36062335968 197.478532791138 210.658967494965 223.530451456706 238.834023475647 249.018768469493 254.482845465342 256.890575091044 251.748363176982 249.00496006012 240.861018498739 233.511805534363 223.183830579122 213.005820910136 207.673807938894 202.526450157166 201.056996981303 197.013815244039 196.476896603902 199.965079625448 203.417936960856 205.411871274312 204.949120680491 206.563393274943 208.665688832601 222.608764966329
80.8890114227931 83.9281578858693 94.7073797384898 85.2495133876801 69.9876248836517 79.016183813413 81.9131831328074 96.8985458215078 111.123224099477 128.746787707011 140.000263849894 132.624844710032 129.044711589813 138.070374727249 151.599645614624 171.655436356862 182.261427243551 194.577097892761 202.71889368693 207.596441109975 201.755166053772 188.050210475922 189.971208572388 200.990716616313 215.622166792552 220.782379309336 229.982713858287 236.791054407756 236.077268918355 247.517387072245 241.756081581116 233.393053213755 223.991990089417 215.872804323832 211.069325606028 205.617586771647 201.418836911519 192.301869392395 189.474741617839 198.506693045298 205.470025539398 207.053542137146 210.005700588226 209.016521771749 204.963982105255 215.90397755305
