input/barkrak2/radiation/dir00724.grid
NCOLS 85 
NROWS 70 
XLLCORNER 665100 
YLLCORNER 4664600 
CELLSIZE 20 
NODATA_value -9999 
[rows 23 to 45 of 70, columns 0 to 51 of 85]
61.9479715824127 51.8626272678375 22.2351377209028 6.4253124097983 0.550782502007981 8.53071610132853 6.02147604028384 4.39520676930745 3.08728745828072 2.84085826327403 2.97591090202332 5.41399108866851 10.437232752641 14.1671535869439 11.565783371528 11.9455692668756 17.4047350883484 25.2149055401484 29.1935801506042 23.8521496454875 22.9155942797661 26.2330571810404 37.1366615096728 45.4418361186981 51.5961349010468 51.8936067819595 46.857014298439 40.2712499101957 21.8382775783539 9.45703995724519 5.64957658449809 1.19805693005522 0 0 0 0 0 0 0 0 0 0 0 0 0 0 0 0 0 0 0 0
61.835323770841 57.9216380914052 37.1685375769933 10.5470071236293 0 3.31599513689677 4.87077174087365 4.97381885846456 4.12122160196304 3.40867477158705 3.77172386894623 2.02547184502085 8.17024831970533 12.1725176771482 11.4132078985373 11.0700130462646 15.2049971123536 23.5550825794538 29.1232317686081 22.4474022785823 20.8551436662674 18.1512000660102 24.5803743600845 32.772903641065 36.7176855603854 37.5235428412755 34.7863088051478 31.1501920223236 14.6662245194117 4.99927656104167 2.23367754369974 1.29824418885012 0 0 0 0 0 0 0 0 0 0 0 0 0 0 0 0 0 0 0 0
49.8859286308289 53.8378308216731 46.8416512012482 19.3175077438354 0 8.26728840668996 15.0794225434462 23.6377070347468 24.4981795549393 19.4913347562154 15.1079781353474 16.2163202961286 14.8558765649796 17.6558916767438 18.1460976600647 13.515442609787 14.4170932471752 22.5356022516886 28.4429589907328 30.5328319470088 31.2242011229197 27.4751335382462 24.7160817186038 24.4172687331835 26.9118696451187 28.5527581969897 25.2872953812281 25.8075147867203 15.7389715313911 11.7660760879517 9.15339899559816 11.4549174904823 6.98026704291503 0 0 0 0 0 0 0 0 0 0 0 0 0 0 0 0 0 0 0
48.6045231421789 53.2525777816772 50.8859356244405 27.7066801985105 6.42816536128521 19.3408007423083 32.1803291638692 42.2869225343068 49.6958196163177 43.6899314324061 28.0726899703344 28.6264767249425 25.858610868454 28.1951203942299 28.1843195358912 18.8227357963721 16.4729890724023 22.8522618611654 31.0992002487183 40.5883441368739 41.5783574183782 38.8873890042305 31.3034877181053 25.9865572055181 26.3348569472631 28.3291389544805 24.3481546640396 31.7170495788256 30.2692999442418 29.0391171971957 32.6304559906324 47.4853118260702 54.9262364705404 35.6466124455134 0 0 0 0 0 0 0 0 0 0 0 0 0 0 0 0 0 0
49.8054027557373 48.9517748355865 48.947994907697 33.1951454281807 28.1905854741732 37.891149520874 51.7081369956334 57.9549819231033 61.1586819092433 52.0016252994537 36.8236104647318 32.4274847904841 28.9156536261241 30.480849246184 31.9507271051407 27.5326420863469 22.7459420760473 26.0197172562281 38.9935523271561 43.3497528235118 40.9071842829386 33.0417702595393 30.9897984067599 31.9493189454079 32.2807182868322 32.2762827078501 29.9744059642156 39.5884315172831 55.5963416894277 59.8599563042323 62.8905743360519 68.442240357399 78.411857287089 83.9933852354686 41.6799833377202 0 0 0 0 0 0 0 0 0 0 0 0 0 0 0 0 0
52.6456286509832 43.1848267714183 43.5706079006195 35.5077137549718 46.9310233990351 50.4825413227081 54.4267197450002 54.871325691541 49.3848770856857 39.5270039637884 32.4863369266192 27.4346023797989 27.6160091161728 31.7193766434987 33.6658954620361 35.5311036109924 29.7080849607786 25.7671723763148 34.6474399169286 37.4943464994431 35.6762359539668 29.2912224928538 29.0138671795527 34.2414453625679 36.4133988817533 33.2163472970327 33.9366719126701 39.4588460524877 61.4811480045319 73.7598886092504 79.2709042628606 83.0325782299042 90.5720790227254 92.9197371006012 82.1337948242823 18.5541075964769 0 0 0 0 0 0 0 0 0 0 0 0 0 0 0 0
53.8887480894725 38.8566652933756 38.7959405779839 39.7170384724935 48.2452561457952 51.4818876981735 43.6335355043411 32.5626482566198 9.26567489902178 6.46452233195305 5.6844341258208 18.2105575998624 26.481772462527 33.0890566110611 33.6500133077304 38.2325649261475 35.0641484061877 23.9628503719966 25.9023855129878 29.0164599816004 28.7018418312073 28.8830548524857 28.8680270314217 34.0416754285494 38.7649411956469 35.8863224585851 37.8448888659477 39.8153314987818 55.3559362888336 76.0131776332855 87.4233543872833 91.6767517725627 93.9949949582418 95.892737309138 100.491305192312 81.8949043750763 13.7317193051179 0 0 0 0 0 0 0 0 0 0 0 0 0 0 0
53.2369663317998 53.5258700450261 70.6523358821869 97.575585047404 78.062837322553 56.2975704669952 35.6685717900594 9.70729316274325 5.91665568451087 13.5346092283726 5.52015316983064 4.97040742387374 24.8894542455673 33.4128141403198 36.0056236386299 43.5475558042526 40.0413821140925 28.7084033091863 27.6483471194903 30.7027225693067 28.1497364242872 31.5294240911802 33.8051120440165 35.6779818733533 40.7709802190463 44.3228185176849 42.7937904993693 45.0092156728109 56.9546520709991 79.2051653067271 94.1096544265747 95.6644018491109 94.0679709116618 101.883391539256 110.168149073919 112.862775723139 86.8549048900604 34.7449978192647 0.154868418273206 0 0 0 0 0 0 0 0 0 0 0 0 0
63.6322200298309 92.912753423055 137.341956297557 158.044477303823 138.432900110881 92.4644569555918 51.2192100286484 27.5851786136627 22.959237297376 26.5037640929222 19.7266476849715 18.0510617792606 25.2078399062157 31.8241169055303 40.877528488636 45.5587903658549 41.5164083242416 35.9587818384171 29.9911846717199 31.075065334638 31.0545166333516 33.8916778564453 36.0284099976222 36.9951277971268 41.108692685763 51.3679881890615 51.4539529879888 56.5506915251414 65.2852952480316 80.6412150462468 93.8891172409058 99.1323391596476 100.691427787145 105.515678723653 111.862113078435 112.775345643361 105.990181366603 86.4592790603638 31.8880801399549 0 0 0 0 0 0 0 0 0 0 0 0 0
117.513557275136 152.398645877838 177.961687246958 179.662426312764 177.534917990367 152.307053407033 113.341748714447 80.1578909158707 62.3504817485809 52.4206360181173 47.1726854642232 38.9476691683133 28.7737896045049 30.3372244040171 38.6221533020337 44.6832527716955 39.5977174242338 40.2836352586746 31.1848123868306 29.2933334906896 33.3361700177193 34.7719465692838 35.296988983949 35.6778825322787 39.7251124183337 51.6845732927322 56.9966336091359 63.712477684021 72.018176317215 79.7024965286255 89.1114075978597 98.577747742335 98.95325700442 96.1770713329315 97.062478462855 92.9999748865763 95.5605407555898 82.4728012084961 42.9484744866689 0.46354834921658 0 0 0 0 0 0 0 0 0 0 0 0
169.658303260803 187.961280345917 192.542354265849 191.612382729848 193.367222944895 188.197910785675 168.512006600698 130.483637253443 95.4891840616862 72.0681895812352 73.3897387981415 66.0474499066671 43.689693013827 35.6632595260938 36.1107314626376 41.2747710943222 35.4732523361842 36.1306592822075 29.8216491937637 30.5676609277725 30.0878932078679 31.4143051703771 30.8504005273183 31.0488566756248 37.0067705710729 46.7128157615662 57.0218513409297 59.8226636648178 68.2852913935979 78.5346180200577 88.0054136117299 91.0012125968933 83.0028057098389 73.6216207345327 75.2822011709213 63.9879604180654 65.2569035689036 51.867554585139 13.7033785382907 0 1.17684171224634 0 0 0 0 0 0 0 0 0 0 0
184.753616650899 193.917751312256 192.194481690725 194.721102714539 194.901029268901 192.213873068492 184.074481328328 156.723072131475 112.688471873601 85.145781437556 82.830086350441 82.6570292313894 66.6558891534805 46.580046415329 38.5947078466415 38.6918062965075 33.0496778090795 29.8619692524274 29.4399584333102 32.1973636746407 29.16086713473 29.1491523385048 30.0123021006584 30.6953539450963 34.6185689171155 40.8765524625778 50.0650107860565 50.8317351341248 58.501864473025 73.4804173310598 81.9267431894938 79.7604421774546 75.6568113962809 69.5609549681346 62.3792310555776 52.5189687808355 56.3079466422399 53.7595450878143 35.9017377098401 6.05143730839093 6.27429907520612 0 0 0 0 0 0 0 0 0 0 0
175.457239151001 179.973920186361 176.839768886566 179.027120272319 179.354190826416 173.28010002772 167.880495389303 152.407467365265 117.433975140254 97.3748962084452 91.8090840180715 83.3672483762105 76.2758006652196 52.2882789373398 41.1077191432317 42.0079578955968 36.2041716774305 28.9877826968829 32.3581223686536 33.4915841619174 32.1128219366074 29.6183973550797 32.3528995116552 35.9446083505948 34.8724077145259 38.790337741375 42.8650478521983 44.0571655829748 50.4364917675654 66.984032591184 75.2554436524709 75.3082434336344 77.3661037286123 77.2896856069565 62.5551243623098 57.8522533178329 61.5528970956802 67.5560086965561 62.4140004316966 26.8095682064692 0 0 0 0 0 0 0 0 0 0 0 0
150.424023469289 154.239316781362 155.712525049845 153.013785680135 152.677913506826 152.381757895152 156.289716561635 154.229034980138 128.180901209513 105.35388191541 93.402365843455 77.2769947846731 68.4379835923513 48.1010278065999 37.2538963953654 41.8208241462708 43.6056554317474 33.3789438009262 35.5050687988599 38.2205198208491 38.0667646725973 34.8784998059273 35.6295829017957 38.4309440851212 36.3481516639392 36.5913038452466 41.9863214095434 47.6154237985611 51.239142815272 62.2182389100393 72.9305495818456 76.2391189734141 78.0907223622004 81.0554722944895 66.1231974760691 65.821240345637 66.3774957259496 73.8461712996165 73.3191470305125 37.9142761230469 0 0 0 0 0 0 0 0 0 0 0 0
127.753804127375 136.793375015259 148.412923018138 144.653777281443 143.756439288457 149.629771709442 160.342752933502 163.84286681811 147.298077742259 117.23929643631 94.5311188697815 69.105456272761 52.7458588282267 42.0612593491872 34.1292023658752 37.5177214543025 47.019879023234 40.654997030894 38.3133143186569 41.1259084939957 41.6755775610606 38.2141421238581 36.3365014394124 37.8832345207532 39.1804377237956 38.1633838017782 40.9175157546997 48.7744957208633 52.8441369533539 56.5138210852941 67.4704313278198 77.1733423074086 78.7227402130763 73.9421049753825 63.0005151033401 72.2900380690892 74.8031288385391 79.4398883978526 79.6621739864349 56.5552065769831 0 0 0 0 0 0 0 0 0 0 0 0
92.0609732468923 103.315492471059 111.584901809692 115.823179483414 124.157687028249 139.216880003611 153.800229231517 162.868658701579 160.171220699946 132.173438866933 98.8504687945048 66.7955776055654 48.8614290952682 45.3916887442271 38.9331579208374 33.4700271487236 43.115903933843 43.7110811471939 38.6429702242215 38.6531700690587 39.0474398930868 36.6594543059667 34.5980376005173 36.2706830104192 38.9427070816358 42.4525588750839 41.4796397089958 46.2257564067841 50.7479359706243 52.7527580658595 59.8836044470469 73.7110922733943 77.4397204319636 65.0544116894404 65.5556817849477 79.9966007471085 82.9398383696874 82.2483797868093 84.0406815210978 80.4302593072255 29.4815003871918 0 0 0 0 0 0 0 0 0 0 0
58.5974852244059 64.99449412028 64.6506150563558 74.4317521651586 89.5364185174306 106.259127457937 121.276279290517 133.022725582123 134.124547243118 112.634082635244 78.6934147278468 55.1154911518097 43.6291148265203 42.5232549508413 39.2934332291285 35.1062963406245 39.5301456252734 39.663111170133 33.9907159407934 34.3889395395915 37.676731745402 39.951336880525 39.8245205481847 36.632294456164 36.1327280600866 39.0304053823153 43.4202601512273 45.6694662570953 49.9590784311295 49.1399069627126 52.4214208126068 63.7217859427134 70.7101921240489 67.6539490620295 83.871454000473 89.9003545443217 86.1171682675679 80.9976657231649 87.4570707480113 98.7630883852641 90.0649825731913 35.7217912872632 0 0 0 0 0 0 0 0 0 0
48.1408884127935 49.9178022146225 49.9598036209742 51.9911497831345 60.5818629264832 66.443607211113 70.1340585947037 75.9103447198868 76.2723584969838 61.4412128925323 46.7518617709478 43.1002279122671 41.8665955464045 39.6760453780492 38.3943642179171 39.4842699170113 38.3081038792928 37.8648514548937 34.1929942369461 34.4491725166639 38.5133822758993 43.3334161837896 44.4386651118596 41.1381001273791 39.2051214973132 37.405788898468 45.7361936569214 47.8817919890086 50.2110123634338 50.7734715938568 50.1580933729808 57.1336795886358 64.9081369241079 73.4132031599681 90.162734190623 89.8667275905609 81.0480018456777 71.2691843509674 74.6001948912938 90.3321802616119 100.697169701258 91.3906494776408 45.8385994036992 1.29903030271331 0 0 0 0 0 0 0 0
55.8716654777527 53.5915543635686 53.8223336140315 53.5854995250702 50.2696285645167 48.5123644272486 47.2853730122248 48.5206991434097 53.2219558954239 45.9746321042379 38.8042057553927 40.1688565810521 43.2170182466507 43.7430739402771 42.6390220721563 41.4784277478854 36.9473695755005 43.1879709164302 44.4801400105158 41.0153319438299 43.1885868310928 43.6104834079742 42.0909623305003 44.5756961901983 46.6857800881068 42.6662464936574 46.6425915559133 49.7585535049438 51.0325779517492 51.9048323233922 52.4389445781708 56.6821247339249 62.9599243402481 78.2464245955149 84.5173299312592 79.4105629126231 69.0423796574275 60.3094001611074 57.2082449992498 67.887822786967 91.4248426755269 95.8123703797658 74.0131437778473 25.6146068374316 0 0 0 0 0 0 0 0
60.0436627864838 57.3615531126658 60.1705312728882 58.8344583908717 52.4066388607025 49.3804663419724 47.4390437205633 45.0517038504283 45.342872540156 42.1361327171326 40.5659129222234 40.751059850057 43.7959134578705 47.5195944309235 47.2629815340042 44.3535645802816 42.1199997266134 47.7361033360163 50.1071115334829 45.5104410648346 43.4019068876902 41.0968785484632 37.457379202048 39.9651204546293 44.6623812119166 42.1640872955322 39.5108337203662 43.8820570707321 47.7047661940257 50.5087276299795 50.9633173545202 50.9484708309174 61.1523588498433 77.7013997236888 83.6125214894613 70.7238217194875 60.6373300155004 57.4047068754832 56.0678939024607 62.5441571076711 69.6385949850082 72.2694396972656 60.8846445878347 33.1316242615382 0 0 0 0 0 0 0 0
45.211931069692 47.7549582719803 56.0103605190913 53.6125053962072 55.9966862201691 58.2831253608068 57.6731165250142 53.6382695039113 43.9774046341578 42.6545441150665 45.9740459918976 42.8559680779775 43.5556670029958 46.9798843065898 47.3331014315287 45.3976740439733 46.7987755934397 48.6486901839574 49.5522270600001 46.0382401943207 40.5825898051262 38.3434370160103 36.3794639706612 36.6027106841405 39.6960576375326 43.4798250595729 38.7822935978572 41.1942054828008 45.1707243919373 46.6070274511973 45.3015516201655 43.3765451113383 52.9206345478694 66.0532613595327 71.1598644653956 62.804768482844 58.8647524515788 61.1837555964788 61.8305802345276 62.1741712093353 59.911698102951 58.9382251103719 53.8542071978251 32.7290942271551 1.09244797689219 0 0 0 0 0 0 0
43.7015146017075 49.2590963840485 52.1592497825623 52.8349727392197 54.6449770530065 57.0218612750371 57.3349545399348 53.8706084092458 49.6924171845118 46.0487951834997 47.6329028606415 45.5755243698756 43.3992942174276 42.0050720373789 41.3826430837313 41.6949689388275 39.145032564799 45.0476656357447 46.3479061921438 45.1369980971018 41.9202695290248 39.9254485964775 40.0419235229492 40.8091669281324 39.1950756311417 47.469566265742 49.5584160089493 46.5055257081985 46.8376527229945 45.4160223404566 41.4463480313619 39.390854537487 44.5003012816111 49.1512318452199 54.2716532945633 57.5683414936066 60.7609401146571 66.1335438489914 67.1107222636541 60.4549000660578 58.8070104519526 55.2073170741399 52.7884215116501 36.9820321599642 9.47167972723643 0 0 0 0 0 0 0
49.603412548701 54.0777991215388 51.3861328363419 54.6300758918126 53.2713184754054 53.4634292125702 55.0179282824198 53.7518958250682 55.0050685803095 51.0927538077037 50.3314783175786 49.8237311840057 45.7738439242045 41.8574114640554 40.716640651226 44.1073526938756 39.7242903709412 42.8866346677144 46.3120142618815 45.7850992679596 43.2094931602478 43.0814772844315 42.6624864339828 44.7010894616445 46.2109645207723 46.9402174154917 52.1213114261627 49.6385147174199 47.2555408875147 46.4230229457219 42.6496863365173 39.6817450722059 42.260929942131 41.8579280376434 42.291467388471 45.7767248153687 51.7631620168686 60.3908995787303 59.3121349811554 48.7230767806371 50.343265136083 48.5928555329641 48.5073626041412 45.8071778217951 29.7769010066986 3.86683487643798 0 0 0 0 0 0
