input/barkrak2/radiation/dir00924.grid
NCOLS 85 
NROWS 70 
XLLCORNER 665100 
YLLCORNER 4664600 
CELLSIZE 20 
NODATA_value -9999 
[rows 23 to 45 of 70, columns 0 to 51 of 85]
63.2419884204865 53.0882080396016 23.1579889853795 7.15309629837672 2.22818584491809 9.10455174744129 6.40647175411383 4.54102301349242 2.59893263379733 2.94545851647854 3.06054453055064 7.1163202325503 11.0059107343356 14.2792835831642 12.3237247268359 12.5828757882118 18.4021765987078 26.4611095190048 29.9474323789279 24.1928473114967 23.9251504341761 27.2783860564232 38.0855798721313 46.9318032264709 52.6074171066284 52.928035457929 47.9160050551097 41.2659794092178 22.5612347324689 9.53182391822338 6.02211679021517 1.36424383769433 0 0 0 0 0 0 0 0 0 0 0 0 0 0 0 0 0 0 0 0
63.109502196312 59.1730972131093 38.2621760169665 11.3581468661626 0 3.10614518821239 5.02642802894115 5.11969315509001 4.24865322808425 3.5156070565184 3.05844781299432 2.0872011470298 8.63281761606534 12.9092087348302 12.0258604486783 11.7626513044039 16.0884174207846 23.8340025146802 29.9247776468595 23.5508481661479 21.6989889740944 19.0078541636467 25.6282289822896 33.085140089194 38.0236580967903 38.5042577981949 35.7678060730298 32.0904850959778 14.5317452649275 5.34428531924884 2.45449521268407 1.4603848879536 0 0 0 0 0 0 0 0 0 0 0 0 0 0 0 0 0 0 0 0
51.0565141836802 55.0496677557627 48.0247437953949 20.2193918327491 0.088302146953841 8.84348154067993 15.7014081875483 23.1572737296422 23.8683794935544 20.0830437242985 15.648178756237 16.8212217589219 15.4828230539958 18.2905259231726 18.3001880844434 14.2673005660375 15.2318154772123 23.6015692353249 29.2580425739288 31.4001763860385 31.6920205950737 27.6945183674494 25.6506974498431 25.3254647056262 27.8131489952405 29.7023405631383 26.2024129430453 26.6733517249425 15.7187022268772 12.0271531244119 9.49340437849363 12.011190255483 7.43220932781696 0 0 0 0 0 0 0 0 0 0 0 0 0 0 0 0 0 0 0
49.7685174147288 54.459402958552 52.0918816328049 28.7055720885595 7.17986250917117 19.5090994238853 33.0375383297602 43.1803365548452 50.6382385889689 44.5227026939392 28.794601559639 29.2868887384733 26.5860656897227 28.8801044225693 29.4111395875613 19.768662750721 17.3068282504876 23.9573642611504 31.8030292789141 41.9683953126272 42.6006366809209 39.920282860597 32.279779513677 26.910275220871 27.2483279307683 29.2711953322093 25.3909230232239 32.6588004827499 31.1425179243088 29.8904925584793 33.566693464915 48.6154903968175 56.126614411672 36.6990019877752 0 0 0 0 0 0 0 0 0 0 0 0 0 0 0 0 0 0
50.9888976812363 50.1196682453156 50.123671690623 34.2454959948858 29.3164948622386 38.8913874824842 52.7237107356389 58.9431971311569 60.0221355756124 52.7595927317937 37.5875234603882 31.6487078865369 30.631847679615 31.2173366546631 33.3278601368268 27.7182062466939 23.6290916800499 27.1676530440648 39.9645219246546 44.36128338178 42.1585440635681 34.1641381382942 31.9705878694852 32.6472495992978 32.9018781582514 32.9935948053996 31.0606881976128 40.6560301780701 56.7541172107061 61.0422442356745 64.1562044620514 70.1112449169159 79.8238267501195 84.8256150881449 43.260246515274 0 0 0 0 0 0 0 0 0 0 0 0 0 0 0 0 0
53.8462599118551 44.2868769168854 44.6856220563253 36.5977014104525 48.1791992982229 51.6109565893809 55.4227580626806 55.8395932118098 50.2251883347829 38.6796742677689 33.2574471831322 28.1075264016787 29.2520970106125 32.8674713770548 34.358744819959 36.8536065022151 30.638466278712 26.8042584260305 35.9299307068189 38.7539068857829 36.0748246312141 30.2863419055939 30.0057406226794 35.2640027801196 37.467285990715 34.2434595028559 34.9962363640467 40.5143102010091 62.6669625441233 75.0675052404404 81.2302529811859 84.5088760058085 92.0972228050232 94.4572587807973 83.6318830649058 19.4678530097008 0 0 0 0 0 0 0 0 0 0 0 0 0 0 0 0
55.0828923781713 39.9011721213659 39.8577600717545 40.8767412106196 49.4741747776667 51.1847635110219 44.5511390765508 33.3477507034938 9.44130433102449 6.61131367087364 6.52102939784527 19.216887652874 27.2030209501584 34.238671263059 35.057470202446 39.6215120951335 36.0624839862188 24.8621578017871 27.0220761497815 30.121810734272 29.7034954031308 29.8870354890823 29.9247155586878 35.0808973113696 39.9762863914172 36.9564692179362 38.9432236552238 40.7988876104355 56.5545707941055 77.363595366478 88.910182317098 93.2344098885854 95.5554743607839 96.5053339799245 102.109253406525 83.4022561709086 14.6038706103961 0 0 0 0 0 0 0 0 0 0 0 0 0 0 0
54.3980300426483 54.7131896018982 72.0294465621312 99.0361173947652 79.4932345549266 57.4359695116679 35.239373644193 9.92001903553804 6.08270553251108 13.2588868339856 5.66616157690684 5.09716384112835 25.6584336360296 34.5241700609525 37.4589040875435 44.9289927879969 41.0803308089574 29.6918327609698 28.7135342756907 31.7172259092331 29.1605268915494 32.6189448436101 34.2563837766647 36.1898591121038 41.4510493477186 45.1245605945587 43.5501833756765 45.8858708540599 58.0368588368098 80.6129475434621 95.6611136595408 98.5440611839294 95.6396659215291 104.686915874481 111.856162548065 114.574154218038 88.4070694446564 35.8023717999458 0.244127295445651 0 0 0 0 0 0 0 0 0 0 0 0 0
64.9139334758123 94.4291154543559 139.127989610036 159.94988878568 139.058748881022 93.9214030901591 52.3052016894023 28.3692106604576 23.655004799366 27.2560492157936 20.3964784741402 17.5657843550046 27.2197773059209 32.8234111269315 42.2663887341817 46.6018666823705 42.5880601008733 37.034476796786 30.9949070215225 32.2018414735794 32.097801566124 34.9375853935877 37.8410617510478 38.0789165695508 42.2284752130508 52.5845736265182 52.686462799708 57.8400741020838 66.6274776061376 82.0951759815216 94.3040450414022 100.750923156738 102.324704329173 108.800947666168 115.29662211736 114.481627941132 109.132448832194 88.0156358083089 32.8956122199694 0 0 0 0 0 0 0 0 0 0 0 0 0
119.159191846848 153.862237930298 179.903487364451 181.593080361684 179.497222105662 154.132654269536 114.885767300924 83.2620759805043 61.6480161746343 53.4585316975911 48.1818417708079 39.8160964250565 28.1903594732285 31.2292998035749 40.0662273168564 46.076700091362 40.7030234734217 42.2291308641434 32.2104369600614 30.3108692169189 34.3980863690376 35.8925412098567 35.6948773066203 36.9121755162875 40.9067397316297 52.9069304466248 58.2807759443919 65.0667399168015 73.430523276329 81.1621447404226 91.8222467104594 100.20723938942 100.586116313934 97.7909862995148 101.694544156392 95.7650144894918 97.1432725588481 83.9842061201731 44.1036472717921 0.527147436514497 0 0 0 0 0 0 0 0 0 0 0 0
171.532829602559 188.889781634013 194.483876228333 193.51855913798 195.284724235535 190.130054950714 168.317516644796 132.025341192881 96.8127151330312 73.6483633518219 74.896365404129 67.4135386943817 44.6492532889048 36.6522222757339 37.4458283185959 41.7548219362895 36.5746766328812 37.3023500045141 30.9368421634038 31.6636661688487 31.1415046453476 32.5131664673487 31.856228907903 32.0622324943542 38.0959659814835 47.367254892985 57.5219293435415 61.1611058314641 69.6716954310735 80.0009171168009 89.5572702089946 92.5739506880442 84.4972928365072 75.0361382961273 76.7181018988291 65.6921118497849 66.5698498487473 53.0732423067093 13.6018010477225 0 1.23262669270237 0 0 0 0 0 0 0 0 0 0 0
185.766100883484 194.68226035436 194.141825040181 196.642955144246 196.802814801534 194.137573242188 186.013837655385 156.607836484909 112.231691678365 88.3600513140361 84.6389631430308 82.3085308074951 67.9655770460765 47.7317670981089 39.7665972510974 39.9056275685628 34.1440240542094 30.881089468797 30.5352658033371 33.2490503787994 30.1980972290039 30.1617607474327 30.6657801071803 31.8234314521154 35.6877992550532 42.0047491788864 51.3326823711395 52.0867606004079 59.8053336143494 74.913223584493 83.4319790204366 81.2353541453679 77.0682245492935 70.9303071101507 64.2662942409515 53.9050002892812 57.5303584337234 54.9617161353429 36.9576265414556 6.77080204089483 7.89968545238177 0 0 0 0 0 0 0 0 0 0 0
177.408397197723 181.929389635722 178.800106048584 180.986861387889 181.293328603109 176.198522249858 169.823030630747 152.8333624204 117.269814014435 98.7671315670013 93.4958358605703 85.2971871693929 77.6917785406113 53.4929583470027 42.257825533549 43.2876348495483 37.3422155777613 30.0361042221387 33.4202374021212 34.6154570579529 33.1776663661003 30.6463912129402 33.3927149573962 37.0903660853704 35.3949343164762 39.9422372380892 44.6134110291799 45.2460646629333 51.6701738039652 68.3655838171641 75.6749212741852 75.8645286162694 78.7950853506724 78.723798195521 63.848689198494 59.2796156803767 62.8347794214884 68.887934088707 63.7251784404119 27.7905613183975 0 0 0 0 0 0 0 0 0 0 0 0
153.073052565257 156.14848335584 158.643851677577 154.923995335897 154.572248458862 154.25576766332 158.196469148 156.137625376383 129.854222138723 106.769094864527 94.9052373568217 78.9981832106908 69.8568274577459 49.3181397517522 38.4164651234945 43.3952112992605 44.8776086171468 34.4808772206306 36.6027007500331 39.3354818224907 39.182648062706 35.9715297818184 36.7265219489733 39.0798250834147 37.4479542175929 37.7226918935776 42.6050573587418 48.8386750221252 52.4822572867076 63.5607888301214 74.3632564942042 77.6873181263606 78.6188592513402 82.5138638416926 67.4377779165904 67.1432813008626 67.7114228407542 75.2389033635457 74.7134188810984 39.018635948499 0 0 0 0 0 0 0 0 0 0 0 0
129.563003778458 138.642758131027 150.30903617541 146.534423033396 145.624528328578 152.313868204753 162.263522545497 165.78221321106 149.098445971807 118.746211131414 95.926175514857 70.4099585612615 54.8130224148432 43.2578424612681 35.2429673075676 38.7376472353935 48.3441452185313 41.3312042752902 39.4508192936579 42.3340300718943 42.8146421909332 39.3308326601982 37.4844670295715 38.9837274948756 40.3137927254041 39.273793498675 42.0582989851634 49.3457317352295 53.4200419982274 57.8035215536753 67.874605456988 78.6347488562266 81.1770111322403 75.3274212280909 64.7399077812831 74.4980672995249 77.0374834537506 81.7659695943197 81.0974140961965 57.8228334585826 0 0 0 0 0 0 0 0 0 0 0 0
93.6754842599233 104.49622074763 113.310635089874 117.570658524831 125.944793224335 141.07142885526 155.709534883499 164.803723494212 162.048707405726 133.820980787277 100.347230831782 68.151260415713 49.5352844397227 46.6376493374507 39.6230419476827 34.1946333646774 43.7787969907125 44.9126660823822 39.7908439238866 39.7717952728271 40.2582213282585 37.7531449000041 35.6868654489517 37.3693183064461 40.0651966532071 43.6079204082489 42.6252832015355 47.4315782388051 51.2493898471197 53.2543261845907 61.2032910188039 75.1495212316513 78.8788298765818 66.3383454084396 66.866527001063 81.474781036377 84.4484368960063 84.7978393236796 85.5007370313009 81.8658570448558 30.6871011853218 0 0 0 0 0 0 0 0 0 0 0
59.8841657241186 66.4310604333878 65.9010360638301 75.9293337663015 91.1301076412201 108.621299266815 123.047252496084 134.844938913981 137.438694636027 114.292065302531 80.1405111948649 56.4594119787216 44.8428094387054 43.7206228574117 40.4965206980705 36.2425918380419 40.6701614459356 40.8819789687792 35.097137093544 35.4546258846919 38.34584603707 41.6568194826444 40.9742320577304 37.7651328841845 37.2402941187223 39.5987778902054 44.5901254812876 46.8678077061971 51.1859407027562 51.1418481667837 53.6685585975647 65.0722980499268 72.0830261707306 68.9614613850911 85.3631695111593 91.4752582708995 87.6600742340088 83.7428371111552 88.9639059702555 100.349366664886 91.6371444861094 38.3788868784904 0 0 0 0 0 0 0 0 0 0
49.4600037733714 51.3331890106201 51.2201339006424 53.3207257588704 61.7494682470957 67.881315946579 71.5908507506053 77.4039526780446 77.7545770009359 62.835027774175 47.9933718840281 44.3160037199656 43.0567363897959 40.887991587321 39.9658158421516 40.6489248077075 39.8653671145439 39.0757173299789 35.3189632296562 35.0302706162135 39.6323551734289 44.5583512385686 45.6202377875646 42.3026978969574 39.8200800021489 38.5378350814184 46.261931459109 49.1050978501638 51.4399707317352 52.0075609286626 52.9928455750147 58.4228187799454 66.2329147259394 74.8050858577092 91.7361279328664 89.896152416865 82.5352768103282 73.7383117278417 76.0308752457301 93.145877122879 102.326333522797 92.9948190848033 46.9934592644374 1.55580292145411 0 0 0 0 0 0 0 0
57.327335079511 54.951474070549 55.115133523941 54.778183499972 51.594207684199 49.7134427229563 48.4145631392797 49.7887829939524 54.5162459214528 47.2245613733927 39.9990752339363 41.4117723703384 44.416015346845 44.565146168073 43.853039542834 42.6645427942276 37.7397338549296 44.3788667519887 45.6943114598592 42.1810845534007 44.3511307239532 44.774795571963 43.2822604974111 45.7684546709061 47.2366561492284 43.8413272301356 47.843262553215 50.283079346021 52.2734075784683 53.1494716803233 53.6831617355347 57.967871427536 64.2782896757126 79.7017167011897 87.5036517779032 80.8870693047841 70.4037646452586 61.5886747837067 58.4689130385717 69.2502955595652 93.0135846138 97.4512795607249 75.4697620868683 26.5364597241084 0 0 0 0 0 0 0 0
61.4531189203262 58.7490499019623 61.5770618120829 60.2275182803472 53.6972930034002 50.7023433844248 48.6165980497996 46.1067656675975 46.3161418835322 43.3580974737803 41.7859901984533 41.628842552503 45.057604710261 48.7470924854279 48.4933952490489 46.1053152879079 43.3157334725062 49.0061591068904 51.363339026769 46.7217365900675 44.5744891961416 41.6752199331919 38.6129220326742 41.102759540081 45.8342929681142 42.7189966042837 40.6483684976896 45.0571676095327 48.9254593849182 50.9637743234634 52.1959165732066 52.1746873855591 62.4656577905019 79.1734308004379 83.6553076903025 72.1031179030736 61.898484826088 58.6462020874023 57.319829861323 63.8747711976369 71.0431883732478 73.6967573563258 62.1996025244395 33.7138498822848 0 0 0 0 0 0 0 0
46.5023269255956 49.0556061267853 57.3764344056447 54.9734632174174 57.3713729778926 59.6692661444346 59.0526511271795 54.9806902805964 45.2401489019394 43.9228266477585 47.2584515810013 44.0878371397654 44.8033312956492 48.2064286867777 49.0666031837463 46.6591815153758 48.0086654424667 49.8607754707336 50.7763773202896 46.6151932875315 42.3285315434138 39.4859587152799 37.5119596719742 37.7414027849833 40.8314913511276 44.1449781258901 39.4101068377495 42.3500637213389 46.3692545890808 47.8010276953379 46.4750230312347 44.5238649845123 54.8800130685171 67.4232393503189 73.646475871404 64.0878031651179 60.6889277696609 63.2332066694895 63.1524572769801 64.337636033694 61.2156391143799 60.2284967899323 55.7021598021189 33.7448169787725 1.32151134312153 0 0 0 0 0 0 0
44.9884235858917 50.5877832571665 53.5040199756622 54.1899998982747 56.0127993424734 58.4028909603755 58.7132275104523 55.22454281648 51.0082890590032 47.3250498374303 48.909326394399 47.192653020223 44.6223964293798 43.1994100411733 42.5608853499095 42.9296692212423 40.2981316049894 46.1964905261993 47.5347836812337 46.3629215955734 43.0982957283656 41.0881688197454 41.2214249372482 41.9622311989466 40.3359284003576 48.6867626508077 50.8152743180593 47.7022230625153 48.0577299992243 46.6047028700511 42.5893018643061 40.5006681879361 45.6534574429194 50.3475964069366 55.4997026920319 58.7973445653915 62.0271215836207 67.4795458714167 68.4873809417089 61.763068040212 60.9446614980698 56.4543604850769 53.9932598670324 38.1443823377291 10.34849571685 0 0 0 0 0 0 0
50.9391129016876 55.4615904887517 52.7306844790777 56.0009280840556 54.6291172504425 54.8230061928431 56.3847720623016 55.1046331723531 56.5583010514577 52.4161358674367 51.6380369663239 51.1245379845301 47.0254371563594 42.7440851926804 41.9120987256368 45.3169743220011 40.8925091226896 44.0446535746256 48.1159289677938 46.3804453611374 44.3967829147975 44.2979335784912 43.8450525204341 45.8924074967702 47.4245001872381 48.1499234835307 53.406889239947 50.8704086144765 48.4762042760849 47.6220647493998 43.8047448794047 40.7948022087415 43.3901598056157 42.9756144682566 43.3879097302755 46.8818992376328 52.9381930828094 61.6802076498667 61.53304874897 49.8975962400436 51.5419095754623 49.7620155413946 49.656942486763 46.934833129247 30.7458514968554 4.06086041281621 0 0 0 0 0 0
