input/barkrak2/radiation/dir08824.grid
NCOLS 85 
NROWS 70 
XLLCORNER 665100 
YLLCORNER 4664600 
CELLSIZE 20 
NODATA_value -9999 
[rows 20 to 39 of 70, columns 0 to 45 of 85]
83.5341016451518 71.1206297079722 77.2095620632172 98.9650189876556 93.5993293921153 80.9567272663116 76.3415594895681 87.8178079922994 100.751618544261 110.651671886444 112.730205059052 114.447772502899 113.389243682226 117.282797892888 127.935429414113 144.359221061071 158.789535363515 167.445460955302 178.998112678528 196.398715178172 204.126417636871 192.245662212372 191.745320955912 191.871682802836 191.27349058787 191.462556521098 189.986666043599 190.2268131574 196.735143661499 190.342545509338 181.485056877136 181.284626324972 170.488774776459 178.073783715566 174.436688423157 181.022763252258 180.402954419454 182.044823964437 186.677654584249 192.106246948242 192.828059196472 193.450887997945 197.208841641744 189.098834991455 195.401231447856 201.213081677755
113.743285338084 102.070858081182 96.8304673830668 122.618645429611 119.670162598292 83.1397275129954 85.1667523384094 97.0887541770935 108.411192893982 110.586176315943 110.383739074071 111.59943540891 111.916840076447 110.235432783763 118.903130292892 135.378042856852 150.006026029587 161.179413398107 172.552903493245 189.001202583313 196.903049945831 210.383832454681 212.658007939657 212.376733620962 200.374623139699 189.467787742615 178.817848364512 173.397203286489 178.811192512512 172.847270965576 152.589460213979 136.517663796743 107.713043689728 103.561619917552 102.647095918655 145.058184862137 155.068904161453 173.488120237986 186.044275760651 187.418222427368 185.146749019623 183.326005935669 175.463616847992 156.790276368459 182.306905587514 195.624232292175
161.141683657964 158.38556488355 140.922645727793 143.466601769129 141.928960879644 104.575236638387 109.624683856964 107.927183310191 105.766167243322 107.09344347318 112.313022216161 115.332285563151 116.725891828537 119.575877984365 125.249306360881 132.299880186717 145.10390162468 157.315949598948 166.79726044337 171.62557442983 174.483398596446 190.657416979472 201.287229855855 202.670176823934 200.888613859812 191.900412241618 178.33669980367 168.048779169718 166.769067446391 147.755444049835 128.926604986191 84.3970378239949 57.6159457365672 36.7718487977982 42.2742664813995 65.7025674978892 94.2551990350087 117.350071668625 148.12512199084 161.607215801875 172.760307788849 177.704373995463 147.911449273427 122.536450624466 156.460781892141 191.698491573334
197.303672631582 189.638098080953 160.129328568776 150.123467048009 147.978564103444 141.03627204895 129.661629597346 110.825399557749 101.766288280487 103.496710459391 114.416321118673 121.306538581848 128.05762887001 136.882970730464 134.93667046229 135.29043396314 144.476781288783 156.436731417974 163.6896332105 154.183119535446 156.693438688914 160.402635733287 172.811388969421 181.805411974589 184.33940410614 183.579822381337 169.993301232656 151.740630467733 144.293288389842 106.338183085124 76.3075451056163 64.0862236420314 32.6881955067317 4.94169040272633 0.960137772684296 10.9748815496763 39.7573262453079 69.0811574459076 83.6419264475505 93.786100546519 103.162070115407 99.1730491320292 107.635706663132 136.768291393916 149.281919002533 178.988357385
193.571885426839 191.112379233042 175.912876923879 154.061049222946 138.783991336823 141.150852044423 130.53160905838 122.075537840525 112.5734547774 108.896722396215 112.743417421977 114.331901073456 126.866042613983 135.968208312988 135.843962430954 136.479437351227 142.757713794708 154.707243045171 162.247608105342 153.854956229528 153.480529785156 148.616423209508 158.500254154205 164.862314860026 165.213267008464 165.579378604889 155.001024405162 139.796366294225 124.077032009761 78.6259571711222 66.017617781957 63.7284169594447 41.4287994305293 5.01835532486439 1.93081656470895 12.1697050829728 28.0195573965708 39.1247868537903 51.3956546783447 55.188109477361 47.7283547321955 50.5315959453583 75.372392932574 165.663133064906 169.985115528107 180.663605531057
180.185437202454 185.736020406087 184.799214204152 159.806807835897 139.356156190236 141.519089539846 143.952339887619 151.772717634837 149.430930614471 136.514882246653 127.206792434057 136.059979597727 135.836044947306 146.03133002917 146.21243874232 139.639486869176 141.452252864838 152.513126532237 160.843352476756 165.560911099116 168.244560559591 162.234246730804 158.265054225922 156.175245841344 154.484570026398 154.627323150635 142.49195655187 134.653389453888 110.953092575073 94.9564675490061 95.5052177111308 106.120427449544 100.31670331955 40.4361536105474 17.9820458094279 28.691199918588 29.5085261265437 40.1202564438184 43.8279211521149 36.1717989047368 34.8512729008993 40.3089448809624 87.5481168429057 168.422937393188 188.17013502121 192.655404408773
179.792443911235 185.174981753031 186.776876449585 167.290170987447 156.548609336217 161.649803320567 171.046098073324 178.589522838593 186.179200808207 175.681074460348 151.787340641022 157.406777143478 155.08912007014 163.320461908976 159.137348333995 148.457229137421 145.90910077095 156.83509906133 164.439141750336 176.24843120575 180.332064628601 176.989197731018 166.19669397672 157.130827506383 157.216648260752 157.000958919525 147.001266479492 140.642404556274 128.747224807739 131.239900986354 148.152718941371 173.755466938019 182.708044846853 169.09921169281 97.8988607724508 48.8194078207016 46.3253209988276 47.9497412840525 49.2028295993805 39.6006579200427 58.4369351466497 91.9274687767029 134.795586268107 165.44646024704 186.60573164622 185.17545859019
182.670334974925 180.3271373113 181.786735852559 171.289185682933 187.882522741954 187.920292218526 194.509625434875 194.294651349386 197.916348775228 187.448898951213 166.316111882528 161.412845055262 161.236186822255 163.920740286509 165.901313225428 159.344067176183 154.207448164622 163.063704967499 174.997826417287 181.609849135081 180.36154905955 170.001029968262 166.117618481318 165.445725123088 165.843516588211 163.906236489614 157.780776421229 157.221694787343 161.942382653554 173.224985599518 190.796315670013 203.226327896118 211.247603098551 223.225871721903 197.265942891439 100.25018453598 63.2575899362564 53.9647142092387 47.3539729913076 41.1322911580404 81.4274400472641 165.861626466115 160.176773866018 143.50821574529 153.72355779012 145.379563172658
177.342017491659 166.972279548645 173.734784126282 176.73929532369 210.795303185781 201.033512751261 193.457265694936 178.436497847239 169.885516166687 168.007095654806 158.172130584717 154.027620951335 159.080564975739 162.782321373622 167.419612407684 170.08372147878 165.03980755806 161.920835574468 173.021157582601 174.879054228465 171.555380026499 164.530495802561 164.043088754018 169.854501883189 170.763373374939 166.715482870738 167.560994625092 164.945145448049 170.998315016429 188.983062903086 208.747982978821 222.22896416982 228.055616219838 229.166011015574 231.136083602905 173.374652862549 69.2449808120728 40.7357215881348 25.8206700285276 36.7628484964371 97.6383686065674 154.886265595754 144.583145777384 103.530575831731 104.026108980179 104.332198699315
177.17852195104 160.563419262568 167.499820391337 185.92236439387 210.835556189219 199.085652828217 175.785561402639 149.004091819127 136.473069588343 128.655314445496 131.315777699153 130.062758922577 150.203784306844 165.422866741816 171.118398507436 176.997701327006 173.95422856013 159.192134936651 163.656900326411 165.980398654938 166.052261988322 166.493634382884 167.91828473409 173.859775066376 175.816595554352 171.271761258443 174.475312232971 170.248866081238 170.063078403473 195.613841215769 219.346165657043 234.736482302348 233.420828978221 231.899539629618 242.982904116313 236.259778340658 161.001493533452 71.3848272959391 51.5093306700389 57.9443077246348 89.7779961427053 102.226674556732 107.491791248322 79.07501856486 73.7956911325455 80.0153811772664
173.613309860229 181.031843026479 209.90260442098 253.669460614522 241.637686888377 204.361995061239 164.175321658452 127.887268861135 115.44402440389 120.282630125682 116.230557362239 115.846286217372 134.955724080404 163.096934556961 174.745678901672 183.912734190623 181.658049424489 168.601592381795 168.33907365799 169.917086760203 166.545629501343 172.898610432943 176.497975985209 177.030285199483 181.662678718567 184.46280558904 182.970643043518 181.330442428589 184.053281943003 205.221474170685 228.73862584432 239.760061105092 235.799173514048 242.279052734375 253.491202990214 258.098542690277 245.351632436117 204.769253730774 120.974491039912 79.922745625178 70.6148644288381 70.7307557264964 87.01025446256 74.3648509184519 69.9688841899236 88.6261363824209
194.076081116994 230.484783649445 273.103515307109 294.443130493164 294.019858042399 244.539201259613 192.721426486969 150.457253058751 137.965738773346 145.50652106603 137.008666992188 121.987064679464 134.089489777883 162.937611341476 179.501334826152 187.472820281982 185.110807418823 181.597808996836 174.428482850393 173.864185810089 175.092041492462 179.466803868612 182.326634724935 181.874732176463 185.166319211324 196.359594662984 196.384231249491 200.570146242777 202.890197436015 215.266605218252 232.272565364838 241.79337422053 244.413097699483 252.376834551493 258.902947107951 255.013962586721 252.062737941742 257.6717933019 203.018605709076 119.289249181747 77.1143833796183 72.10373878479 75.196161866188 80.1227490107218 94.2936142285665 122.046768665314
252.003828684489 282.998204231262 297.814726829529 296.11873626709 307.34129746755 296.165525913239 262.098213036855 221.011519432068 189.303596814473 184.128105640411 176.786144574483 156.811187664668 144.390712181727 160.112639268239 183.588047822316 189.126034577688 182.918826738993 187.098979949951 174.312134583791 171.225170294444 178.679744402568 179.103712240855 181.412617365519 181.215286254883 185.383598009745 200.759768486023 207.247833410899 212.804992993673 214.680234591166 219.150920708974 233.776172002157 245.201706886292 244.430800278982 242.568333943685 245.69437901179 234.019954999288 235.795120398204 234.178980191549 197.248697280884 142.782002687454 101.551294326782 90.0847613811493 81.0931821664174 82.5474411249161 94.1243271032969 124.790777762731
284.247358640035 299.486736456553 298.290928204854 289.182126522064 296.906272570292 304.764489332835 294.14443174998 259.219169616699 224.662303924561 207.262694835663 209.706644217173 195.044000943502 169.98165845871 169.207036495209 178.830881913503 182.26949373881 177.431682745616 178.753554821014 172.704895337423 174.293259779612 171.098649501801 174.437542756399 173.66635799408 173.658013343811 181.860129038493 194.568713506063 208.237608273824 212.163964907328 215.174973011017 222.862203915914 235.967814922333 238.317569096883 224.810620148977 215.017358462016 218.220750490824 199.01309410731 190.227627754211 178.678949673971 152.053376038869 124.521672725677 131.039718786875 119.148304065069 100.294729073842 85.3539705276489 88.710755109787 96.3761508464813
295.261343320211 298.687517642975 301.229953765869 293.881773948669 293.071488539378 298.203309377034 303.893844286601 286.861419677734 248.476942380269 220.367948214213 215.55769443512 215.96630414327 197.749217351278 182.530264059703 176.762779553731 180.705746014913 173.953890800476 167.926748593648 169.398744901021 173.229853312174 169.365505377452 167.763531208038 169.457157452901 172.221640745799 176.947216192881 185.037434101105 197.252988815308 197.70093758901 205.84507783254 222.321112950643 231.133580207825 224.176625410716 211.690306663513 208.163519700368 200.425148010254 182.437976201375 186.189194520315 183.827837308248 169.337968031565 149.573087692261 151.393224795659 157.496899366379 136.555006106695 116.558303435644 104.941258827845 85.0678483645121
301.375826199849 302.348713080088 304.360707600911 302.935222784678 296.346624692281 295.446236928304 300.531109174093 295.959671338399 260.884940624237 230.597237745921 219.238559405009 212.799747784932 206.680059432983 189.356287320455 177.900354067485 182.184418042501 176.713267962138 167.027950286865 172.170738379161 174.850881099701 172.058443228404 169.207672278086 173.089842001597 177.529950936635 175.142168998718 182.695468266805 187.251289685567 188.288112481435 196.161349614461 214.687685171763 224.404374758402 218.310554822286 214.149415493011 215.13444185257 196.334898471832 189.059456189473 194.891095161438 200.903654098511 201.598107814789 183.146119117737 142.754216988881 144.110937913259 134.873648484548 114.950825770696 95.5276290575663 74.5401879151662
291.007995605469 292.607406775157 294.939557711283 292.756120363871 289.901852607727 287.035822868347 294.205149014791 298.249344031016 268.789927164714 235.701183478038 208.492497603099 201.012869675954 203.796704610189 186.465481917063 177.380919456482 185.002446174622 188.941955566406 174.800872802734 177.136639753977 181.991140047709 180.758933226267 174.688239892324 176.637470722198 180.228173732758 177.357017993927 179.257810115814 186.036109924316 193.713009357452 197.421232859294 211.223065853119 220.516741275787 220.289210478465 215.517540772756 216.680268446604 197.440147399902 199.796974658966 202.638645966848 209.196746349335 210.070808728536 187.121788660685 120.085835456848 94.6128567059835 80.7074308395386 73.2948134342829 65.9614106019338 60.8962724606196
275.784810384115 283.260226249695 288.767139116923 287.26726770401 285.389105478923 287.367781003316 292.86257425944 297.024627526601 276.706337928772 235.025684038798 210.73458592097 198.795080184937 193.788150946299 186.129510402679 174.134413401286 179.742395877838 193.071405092875 184.42310889562 180.054684480031 182.908654212952 184.860984484355 179.511785507202 177.925149599711 179.828445116679 180.910706520081 181.553661823273 184.757590293884 195.568799972534 199.106653531392 203.836103280385 215.93451499939 221.854050954183 219.069103399913 198.002457618713 191.214084625244 209.009309609731 216.504673163096 219.032088915507 212.751090526581 198.112150033315 113.524069388707 61.0544383525848 40.6260564923286 29.0795117616653 28.4882485866547 40.9791146715482
246.821999549866 255.170941352844 262.623270352681 266.807874043783 272.733151912689 282.902181148529 290.652692317963 294.162551561991 282.926400502523 248.958706855774 225.235998630524 206.609447797139 191.498637199402 188.542405764262 180.692394574483 173.932512601217 188.132305939992 187.399744987488 180.947502454122 180.165727933248 180.599510669708 178.492546081543 174.253821372986 177.163561185201 180.430968602498 184.518575668335 185.520271460215 191.035211086273 197.500089804331 198.495189348857 207.030872503916 220.348099867503 215.518077214559 186.857044696808 196.737627188365 224.673469861348 229.818304379781 224.278509616852 215.094109376272 213.513513406118 174.398183822632 86.1179927984874 43.4939960638682 31.1405087510745 32.9967613021533 32.8514029582342
212.174654006958 219.059069951375 218.760212262472 228.976746400197 242.820461591085 257.86038239797 269.292096296946 277.560174465179 272.707422574361 252.676367759705 225.088238716125 204.337517420451 190.191686153412 187.155683835348 183.872739473979 176.33314927419 182.785352071126 182.999591032664 176.00021759669 175.219813982646 178.468902905782 182.955980300903 180.722037951152 175.390442212423 175.800999005636 179.662009080251 185.603181521098 190.328995386759 195.088267326355 195.95609108607 198.349833488464 210.331360499064 196.867048740387 194.180806477865 222.107092539469 237.85928885142 234.574357668559 226.420879364014 222.604711850484 231.421987215678 242.35608180364 202.297568321228 114.621271689733 66.7984882990519 46.549250682195 32.0598731438319
