input/barkrak2/radiation/dir08424.grid
NCOLS 85 
NROWS 70 
XLLCORNER 665100 
YLLCORNER 4664600 
CELLSIZE 20 
NODATA_value -9999 
[rows 0 to 19 of 70, columns 0 to 45 of 85]
227.851351102193007 242.603898048401 256.722589333852 274.23369884491 282.082120577494 281.70108795166 272.898554801941 267.538448174794 269.669095675151 270.146012306213 270.239253838857 272.277931372325 271.836638450623 272.471308708191 274.620493253072 267.274022102356 256.962299346924 245.798726876577 239.694635073344 229.474663734436 223.426699638367 235.74028412501 261.818766593933 267.982323964437 271.074414253235 279.524743556976 276.953438917796 264.737804730733 248.764157295227 245.907604694366 242.126027743022 260.569632053375 300.661504268646 298.807462056478 298.510034879049 283.095479011536 289.687037467957 303.402582804362 297.6260582606 299.85386133194 284.500161806742 285.764753818512 296.867311000824 298.733671506246 290.723999341329 293.145875136058
206.69557650884 223.026116689046 238.070925076803 256.339728832245 268.486599127452 272.096693515778 268.087863922119 267.995874087016 277.279476324717 275.82327524821 271.875739097595 272.071897983551 272.898137569427 274.053851763407 273.851493994395 266.440292199453 261.855085690816 253.940363725026 248.66642554601 236.024260520935 237.925628821055 254.780272642771 274.01606241862 275.92670917511 280.892411867778 285.033762454987 278.698801994324 267.328461011251 253.581881523132 247.586886088053 248.435000578562 273.939887682597 300.865133603414 299.090802669525 298.021376132965 284.209132194519 291.565795739492 301.109830538432 297.46808608373 300.912002722422 293.547511100769 286.534249782562 288.809994856517 290.479183197021 288.223703702291 294.0434217453
169.246812661489 181.54639005661 194.399376710256 207.538684209188 221.497039000193 231.870512167613 241.127451260885 254.942079385122 266.351819038391 265.941023826599 263.786276181539 268.829782803853 278.149982293447 282.219092051188 279.498418172201 284.538010756175 286.284446716309 278.487801551819 263.059973716736 252.680997053782 258.706092834473 268.106619517008 275.124549865723 277.224103609721 283.194184303284 281.849185625712 274.351874987284 266.475995381673 257.601380348206 254.467646280924 261.224846045176 287.439664204915 297.946731249491 299.429635206858 297.745605309804 290.881892045339 294.520099957784 296.096543471018 298.404574394226 297.9816198349 292.763392130534 281.764765580495 273.140947024028 275.340437889099 285.215477148692 292.259116967519
149.839162826538 150.464435418447 158.875435590744 166.276474793752 173.596441745758 178.765118122101 186.833500862122 203.562756379445 224.418103694916 241.800566514333 254.428585370382 269.437630971273 281.30034605662 285.637478033702 286.873817443848 291.512906551361 289.872805277507 280.797282854716 266.90536737442 260.956406593323 259.894927342733 258.706490198771 269.146323204041 273.008465766907 274.804333845774 275.946458180745 272.429525852203 268.451333045959 265.754719575246 266.110777854919 267.101168632507 292.241096496582 296.58704996109 297.773460547129 296.214520931244 297.597090403239 298.178950945536 298.177778720856 297.645250956217 291.832248369853 281.306684017181 271.402100721995 267.06451177597 280.569175879161 296.890159447988 291.043162345886
172.556936740875 154.396504163742 141.252120335897 132.217109203339 135.64270734787 152.653187513351 174.178699652354 185.648798942566 196.56765460968 204.693078994751 227.388322353363 251.252055168152 266.120076179504 273.588021596273 279.097139835358 282.312353452047 277.154326438904 267.098168532054 262.931565443675 261.079331239065 256.032387415568 254.501024881999 265.402495861053 268.941442171733 271.871467431386 277.190089225769 274.758338928223 270.637313524882 268.159806728363 266.215801239014 271.185994148254 297.257463137309 298.028429349263 297.692974408468 293.570518493652 294.607261816661 297.070602575938 297.044535477956 289.031545321147 284.041305383046 280.141929785411 275.469680627187 277.565956115723 286.901156107585 291.518370310466 277.741432189941
217.549006144206 187.691807746887 158.902744452159 134.693523248037 125.850309928258 137.673010428747 163.567761580149 182.073394457499 186.760862668355 186.332444349925 197.27353254954 212.156633536021 222.767313321431 229.963024457296 238.661726315816 247.168779373169 249.065260092417 251.144647598267 258.334358533223 263.845423857371 263.968904813131 266.979018847148 269.105235735575 268.362641334534 272.225538889567 277.589321136475 276.429335276286 273.198862870534 271.120965480804 270.335952440898 283.951322237651 299.144307772319 297.450661659241 298.362215360006 292.783002058665 290.487806002299 293.37481657664 290.559550126394 281.994700431824 283.501505851746 282.266736030579 278.160413106283 279.662251472473 280.524452527364 274.442573388418 251.726746559143
240.940729777018 215.152084827423 193.261623382568 170.908490816752 149.01539683342 136.013090610504 143.316219250361 173.872550328573 188.754856586456 197.405616442362 194.242219130198 188.843170801798 184.395710627238 180.130879084269 181.990802288055 198.578317960103 212.179700533549 232.736229896545 252.240975697835 264.816800753276 269.606590270996 271.627147992452 271.509448687236 269.243200620015 271.68603738149 274.236957232157 276.002208391825 275.350153446198 272.604842980703 277.225116888682 289.658427238464 297.350307305654 296.717802683512 293.104330698649 290.575246016185 284.439663092295 284.871677557627 279.925664265951 277.754048506419 275.988320509593 270.468652248383 267.548978328705 272.572557131449 276.651660601298 266.020834445953 255.638102690379
252.481063206991 240.998645623525 227.97437508901 210.782488187154 186.057070891062 154.197851816813 131.580064694087 131.705860296885 167.451838652293 194.653709729513 203.327894210815 199.285209178925 189.505259195964 179.228603839874 164.966215689977 168.632904688517 182.26287762324 200.125296910604 225.526432196299 246.442953745524 258.988499641418 266.648570696513 273.310085137685 270.365337530772 268.837134043376 268.442432085673 269.364138444265 270.111242930094 269.507726033529 278.247356414795 287.643055121104 291.435976823171 288.148442904154 284.181495507558 278.98508310318 275.88297923406 277.997612953186 272.592544555664 265.839378039042 254.264493783315 255.025684833527 264.51563835144 279.575943946838 287.641247113546 278.245806694031 275.196015834808
244.282205899556 244.612256685893 239.645858605703 230.487724145254 215.522587299347 190.988997618357 158.648490905762 128.16928823789 142.669330040614 166.695614655813 188.314139842987 199.486831823985 201.721866925557 198.743681112925 185.206254323324 176.59850915273 173.797090848287 178.715189297994 194.087644418081 212.917069594065 229.673107465108 244.892954826355 255.57154417038 253.288447856903 255.064646402995 255.505839983622 255.81016143163 257.226427396138 259.11557674408 268.477082252502 274.868686993917 274.92622534434 272.19146490097 272.441228230794 271.484057108561 272.506455580393 272.313177585602 268.229802449544 261.024614175161 256.013870239258 269.884785016378 282.867391904195 290.557066599528 291.306932767232 278.738180796305 273.108740647634
211.464464664459 222.178061803182 227.737943331401 227.750261624654 224.427243073781 219.282666842143 200.754682223002 180.277685324351 146.915217240651 137.071152528127 151.61124865214 178.738057613373 202.291488647461 213.864843050639 214.791158835093 204.960445562998 188.782890637716 183.039387067159 182.152469952901 184.993167718252 194.732169310252 203.919212023417 214.87287680308 223.743756612142 233.351349830627 236.228187878927 237.320880095164 238.517959912618 241.025944550832 248.098691304525 249.523997306824 250.462790330251 257.030189037323 261.51708761851 264.943579832713 265.4168009758 264.02622461319 266.67328675588 260.862231254578 266.367534796397 285.022834936778 291.854580243429 293.285568555196 290.55658976237 277.619580427806 272.444208463033
152.112325032552 167.700886726379 183.192372322083 195.092817147573 205.789506435394 214.381178220113 215.569019317627 208.856066068014 178.739587465922 150.694578886032 135.822186867396 144.125441710154 173.482318719228 201.643288135529 217.687904834747 206.97408914566 198.333005110423 190.183341503143 181.302805741628 175.499320030212 175.271928310394 176.232477029165 181.049068768819 195.826371510824 210.116744041443 218.940059343974 220.692733923594 221.241354942322 227.740089098612 233.250796794891 236.050566037496 240.292191505432 249.356826146444 254.325151443481 253.743787606557 254.369616508484 258.862674236298 263.756096363068 264.733672142029 277.774592240651 288.670321305593 292.414247989655 291.041811307271 288.367331027985 281.121253967285 281.496564547221
101.961304744085 113.031735022863 122.664630413055 136.375188827515 154.880523681641 172.779659430186 192.779302597046 199.707229932149 200.399378935496 185.109734535217 156.791071097056 134.857257207235 137.751211722692 162.587304910024 192.286173502604 196.900963783264 203.309297561646 199.199954668681 188.158790270487 176.546355088552 169.656833012899 166.941781838735 167.178471883138 176.861504713694 186.843593915304 193.916420141856 197.372913360596 202.146351337433 209.300716718038 214.513063430786 219.607810179392 225.147922833761 231.522599856059 235.099156697591 235.925932725271 238.412539164225 249.322930971781 260.513405005137 265.842298666636 277.782499790192 283.227284749349 285.77729066213 282.285730044047 278.668681780497 275.962233543396 274.830937385559
75.5964120229085 71.2959468364716 74.7642616430918 74.1841644048691 94.1074291865031 114.421357711156 141.450544198354 164.89365696907 196.398377418518 202.295939127604 189.505596955617 163.076510032018 132.599383592606 130.210638046265 155.221571524938 184.786339600881 202.250023682912 205.033739407857 199.432194232941 189.033349355062 179.456849892934 179.023802280426 178.054749965668 178.921898206075 180.102288722992 179.999073346456 184.472560882568 194.071412086487 198.185801506042 199.288288752238 204.88562186559 210.595687230428 211.963772773743 213.980635007223 216.917634010315 222.59932756424 234.84202226003 247.953216234843 251.464903354645 260.947227478027 266.37723048528 268.578310807546 266.813278198242 268.544455369314 264.645238717397 265.239854653676
77.1354287862778 52.6448388894399 34.9966337283452 26.495486497879 18.5460311671098 24.6018916368484 41.3383369644483 75.0719408194224 107.025931278865 148.713886737823 187.513550122579 199.970444043477 177.546223004659 149.062971274058 146.050631999969 173.611223697662 192.457516988118 207.645535469055 214.956561724345 210.15061934789 197.358429431915 194.027324517568 190.340677897135 189.853290716807 189.811090628306 187.957068284353 190.660834312439 200.026353200277 200.277209281921 193.134188652039 198.254386583964 203.962703545888 205.412904421488 205.703675746918 209.496696790059 217.236280441284 223.50146373113 229.921042919159 233.420451482137 236.060639222463 241.825898488363 248.078147570292 255.032380421956 261.344273885091 256.688972314199 261.840184529622
83.3340287208557 52.3973007996877 24.3023162086805 12.9272652169069 7.06075256069501 7.53979633251826 24.7902646660805 49.2699096600215 68.3594693740209 103.599647680918 145.223428805669 173.758864402771 193.072418371836 188.348968823751 166.210353374481 163.086305061976 169.615387916565 186.801075935364 210.77972650528 220.704933007558 218.080321947734 210.952321688334 207.932710647583 203.577756881714 200.433055559794 198.827087879181 200.014253457387 202.597498893738 198.745608329773 193.091770013173 196.002284685771 200.779815514882 200.719277064006 200.477639834086 204.883595307668 208.312710126241 209.8748087883 209.041615327199 213.539640108744 214.574416478475 220.944424470266 229.351540406545 234.775344530741 239.96502161026 241.752326488495 246.272842089335
77.491690715154 46.9697366158167 23.0567504962285 6.74074205259482 2.61298815409342 21.9526141881943 39.8223648468653 52.674263715744 67.4476474523544 86.4124496777852 117.634097735087 154.820760091146 174.781004587809 184.169948101044 178.859929243724 156.517078479131 149.09890294075 155.290504296621 174.893895785014 204.404532909393 221.094270547231 218.531866868337 221.683204174042 214.43764368693 207.473794619242 208.325346310933 210.378845532735 205.861270427704 201.377292474111 203.291356563568 202.775080998739 202.086687088013 198.301355044047 196.319897969564 197.287778059642 196.574191252391 193.363686402639 188.97275129954 192.697922388713 194.553176561991 199.479321638743 205.899218718211 209.405839443207 211.142937342326 224.220852057139 230.562825997671
59.2233637968699 50.8587261041005 29.2480289936066 2.2998492543896 5.54478913545609 26.2132212519646 43.4865802526474 58.7633003791173 73.1940964857737 82.8839639822642 100.162218014399 132.015774647395 159.630884726842 172.879338264465 177.866816520691 178.096691767375 177.441497643789 168.516139189402 159.992774327596 172.487298647563 195.341289043427 211.706538995107 222.45983282725 218.227605024974 213.583767414093 216.814160346985 220.842639605204 216.564893722534 214.103897412618 219.034373760223 216.459651788076 204.255481561025 197.510401407878 192.167778809865 187.048713366191 185.904224713643 180.812021096547 178.651809692383 179.758151372274 183.723270893097 185.627063115438 188.966532548269 192.451337973277 194.757024447123 213.769972324371 223.984678586324
54.2805691560109 58.4072818358739 45.2336023251216 8.89729335904121 9.87838705380758 31.8925927082698 51.3432373603185 70.5032596985499 85.6644809246063 89.3077452977498 101.085364818573 111.394762992859 137.291481097539 156.260589758555 174.380282560984 183.735907077789 189.177314440409 185.349007447561 169.252097606659 155.572593212128 169.761141141256 192.803839842478 204.259117444356 213.414311408997 216.956456502279 224.129716555277 230.397363503774 230.216284592946 228.894770145416 230.479160944621 223.606864611308 210.982441902161 201.213598251343 192.415912946065 184.957444667816 181.845208009084 178.754190603892 178.589800993601 178.264578183492 180.70121606191 183.300793170929 184.476733207703 184.890429178874 188.895225524902 201.192478338877 216.192603111267
61.9187454382579 68.7941561142604 68.0727660655975 32.3008497556051 24.5003948609034 49.7875909010569 65.7853136459986 84.0723514556885 98.5613465309143 107.869317134221 115.432550509771 119.395355383555 126.952489217122 136.857668558757 153.313557306925 171.702265739441 180.899739265442 189.030388991038 190.962592760722 175.079941749573 157.859086990356 170.222461223602 181.293745835622 191.741247971853 205.532848834991 218.905528386434 223.284502824148 235.723416010539 232.320606708527 231.073955694834 223.580002784729 216.686844825745 206.053296724955 195.315261681875 189.743459224701 184.403916200002 182.334840297699 178.846498330434 178.281346956889 181.253512700399 185.589551925659 187.636991341909 186.420142650604 189.042667547862 191.201726595561 205.812454223633
66.923975944519 69.668044646581 80.1068643728892 68.5217479864756 53.6312162876129 67.1141296625137 70.2239125967026 83.1800997257233 97.6476967334747 109.434942404429 117.527782917023 113.318671782811 112.03145980835 120.14240026474 135.551591714223 154.355823993683 166.512111822764 172.908822695414 181.204338868459 184.088031450907 179.059664408366 162.541339794795 166.36461019516 176.277617613475 187.446395556132 199.113806088765 201.646407445272 204.498628775279 198.671181996663 209.815601507823 206.208268801371 215.608517328898 206.581870714823 198.359767595927 193.294962247213 187.613526980082 183.247109254201 173.349340756734 171.083013216654 180.388669172923 186.813493569692 189.341862996419 192.391991615295 190.499802430471 187.422394752502 197.675426801046
