input/barkrak2/radiation/dir03224.grid
NCOLS 85 
NROWS 70 
XLLCORNER 665100 
YLLCORNER 4664600 
CELLSIZE 20 
NODATA_value -9999 
[rows 46 to 68 of 70, columns 0 to 49 of 85]
77.2550602753957 78.9697021245956 81.7985832691193 83.8388204574585 83.6981733640035 83.2610229651133 85.3608946005503 87.0749652385712 83.6605727672577 82.0361524820328 80.6999057531357 80.1986157894135 76.7749845981598 73.9600012699763 73.6869076887767 77.1570901075999 74.9876797199249 69.3214585383733 74.5004713535309 73.3467092116674 71.1497366428375 70.9609488646189 70.5243597428004 68.1660672028859 74.7640033562978 68.4557457764943 70.3723430633545 72.164128224055 71.2597519159317 70.3333119551341 68.5197611649831 66.3748135169347 65.3378516435623 65.3153955936432 67.1625286340714 68.0738935867945 70.3478803237279 76.1093695958455 78.93372575442 76.2061427036921 75.5040148893992 70.5070892969767 75.7642835378647 81.6744863986969 72.6928214232127 41.5836498141289 8.50317254662514 0 0 0
71.0906585057576 73.3313014109929 79.4021387894948 81.2053680419922 84.8256250222524 86.4816009998322 84.1288367907206 84.064652522405 83.904246489207 86.160937945048 83.3597381909688 79.4304062922796 78.182190656662 78.6985804637273 76.7178535461426 76.0120650132497 75.2015660206477 66.8402661879857 70.9390391906102 72.720393538475 70.16654809316 69.7845468918483 73.9335616429647 67.9481973250707 69.9327091375987 69.6286509434382 64.8382753133774 69.2792187134425 71.2585697571437 70.0795898834864 69.896936416626 70.0637102127075 65.1204933722814 67.8690373897552 79.388881723086 83.1660528977712 78.4289836883545 72.9529360930125 76.1455694834391 87.8857870896657 79.8166990280151 71.9511757294337 79.4786860545476 84.630956252416 78.9804458618164 58.5434635480245 26.060385008653 1.08001319070657 0 0
63.8483862082163 66.9035911560059 72.537769873937 76.5556494394938 83.354930082957 87.0103240013123 83.6516519387563 81.5751552581787 85.7215623060862 87.8312091032664 85.5936408042908 81.2695423762004 80.1088263591131 80.7305673758189 78.6462475856145 73.8352239131927 73.2451031605403 67.7063862482707 71.4301814635595 75.2000510692596 74.3098159631093 74.283371369044 76.3397912184397 73.31116994222 70.9215303262075 72.5572605927785 68.8415269056956 73.2051928838094 78.9980192979177 80.5490960677465 84.4457745552063 83.8518540064494 76.456293463707 76.8286685148875 86.4834189414978 94.0129955609639 92.4123028914134 81.7172278960546 78.5101254781087 84.3816002209981 77.588031689326 70.7288831472397 68.7371244033178 68.7301456928253 66.4786845445633 64.6061102549235 55.4356227318446 10.2015336354574 0 0
62.6394550005595 60.3116701046626 64.6921843290329 73.2205013434092 79.2721013228099 82.7766954898834 85.6075584888458 88.1374180316925 89.0985528628031 85.8158469200134 87.729275226593 87.4894261360168 83.8162302970886 81.5297464529673 78.9061635732651 75.0157733758291 73.3584463596344 71.4768568674723 74.6310551961263 79.9935261408488 81.6895266373952 80.8263222376506 77.992041905721 79.413836201032 74.7489680846532 77.0139545202255 79.1077762842178 81.7320495843887 88.1282687187195 94.6418642997742 101.580053567886 101.154446601868 90.7999177773793 87.7239604791005 84.5174690087636 95.1679448286692 99.2630620797475 92.1675364176432 82.1388016144435 73.3420203129451 68.9735511938731 70.505236585935 68.5502191384633 63.9333426952362 60.2440237998962 63.4183983008067 60.5344971021016 18.3234512805939 0.200554883728425 0
63.0466441313426 66.5181279182434 70.1669305562973 77.013889948527 77.54847407341 77.8930683930715 86.1146648724874 91.5467043717702 91.2718176841736 90.6044443448385 90.141495068868 90.2737180391947 86.3331357638041 81.7911873261134 81.0325443744659 84.9875708421071 77.3414274056752 76.6990830500921 79.1771113872528 84.2755834261576 85.3709975878398 84.0376317501068 81.4889272054036 80.5844366550446 75.5245387554169 81.8371127049128 86.1781140168508 87.7922475337982 94.1640337308248 100.117365519206 109.202643235524 111.900955438614 102.015902598699 88.7914896011353 80.4757823546727 73.6792186896006 90.6884471575419 96.0980753103892 86.328536272049 69.9674189090729 64.5500868558884 70.7646707693736 74.819952249527 70.9912081559499 65.4546121756236 62.783494591713 48.6518442630768 23.5099320610364 0.992988236248493 0
63.7310196955999 75.1410027345022 77.4769286314646 79.0824641784032 77.1930068731308 76.5396058559418 84.319402774175 90.0146961212158 89.9292429288228 94.9232876300812 92.339297135671 91.3738509019216 88.7095729509989 84.3168199062347 83.9959979057312 89.5588994026184 82.7581882476807 80.6621213754018 77.4694532155991 79.7112137079239 81.1937252680461 80.9493213891983 79.6884546677272 77.554057041804 75.7396221160889 77.3966064055761 82.260861992836 83.7739109992981 87.8257354100545 94.1299001375834 101.408153772354 110.456903775533 104.567329088847 82.5723707675934 34.9730501572291 34.3067596356074 55.3543170293172 79.0149122476578 93.4204459190369 89.8604194323222 86.4341855049133 78.9814889431 66.776250799497 64.6707812945048 71.5314398209254 65.4921382665634 37.917618950208 30.2046611905098 5.87646166483561 0
67.4812893072764 65.6009564797084 64.6320879459381 66.9499784708023 74.216698606809 79.900731643041 80.5422365665436 86.7756307125092 86.6066813468933 91.4523402849833 91.7373796304067 93.5491919517517 93.0581788221995 87.9209041595459 85.5966607729594 84.8188797632853 86.0906342665354 79.4510195652644 73.3443647623062 71.571206053098 71.3347991307576 73.511466383934 75.9813686211904 71.7616975307465 73.0297863483429 71.6437896092733 73.5821723937988 74.1437027851741 75.9076923131943 79.7895888487498 81.913615266482 92.0520424842834 90.4337167739868 66.8019304672877 29.5366073648135 19.7558030486107 20.854264497757 31.9596081972122 63.2264663775762 86.2828195095062 92.2300616900126 81.8931957085927 63.49778175354 59.3114793300629 58.6907714605331 55.241733789444 37.0788698395093 51.5099863211314 33.4009205301603 7.18097512920698
70.3114519516627 60.1882040500641 57.8956256310145 63.1258686383565 75.0070710976918 83.9719971021016 83.4841430187225 84.6761663754781 87.5373880068461 87.8007709980011 90.1632606983185 92.8380091985067 94.5068498452504 92.7549501260122 87.961216767629 85.2985084056854 87.1769686539968 80.7344516118367 75.4327227671941 76.19875172774 75.339064002037 73.2749005158742 71.8637059132258 68.8037574291229 69.1812932491302 69.0311739842097 69.285790125529 70.1550791660945 70.3752984603246 67.8618897994359 59.0654114882151 63.003530104955 65.757691860199 42.0787632465363 31.5460513035456 20.8839227755864 10.0727962950865 7.89233110845089 19.1705288986365 50.356517235438 72.1809764703115 72.2972850004832 62.6929799715678 49.8138666152954 46.0306604703267 38.338636358579 35.5119829376539 59.5338642597198 69.0428962310155 47.4992295106252
70.4805552959442 64.8419310649236 62.6848439375559 67.8959290186564 77.3401806751887 85.6239795684814 88.7873371442159 84.7690900166829 89.4396106402079 87.8974596659342 91.5909906228383 93.4389531612396 94.8595603307088 96.3190098603566 90.9598072369893 90.6394422054291 90.2640620867411 84.6526225407918 79.8457314570745 82.0429821809133 81.2757561604182 77.3723522822062 74.4546900192897 74.8304774363836 71.0176775852839 70.6614951292674 69.2171951135 68.9391444126765 65.7784839471181 60.6747617324193 50.9559611479441 53.1254510084788 59.6544990936915 61.4104519287745 59.5307499170303 47.8000442186991 24.0234931310018 11.5233187874158 8.82873311638832 15.3509266674519 34.8091969887416 40.1112561424573 35.1129099726677 27.6236111919085 27.2531757752101 33.9893624186516 46.4123835166295 51.9601702690125 64.4939541816711 69.9150562286377
73.8695561885834 72.3901589711507 68.6119496822357 67.2074457009633 73.1970717509588 84.5572352409363 86.633304754893 84.6883455912272 86.5250825881958 92.0747915903727 98.4713435173035 99.0268190701803 97.1079766750336 97.6871848106384 95.0457751750946 93.9798255761464 94.9512918790181 91.4885103702545 86.6865714391073 82.782045006752 79.8624108235041 79.0181954701741 79.8446486393611 82.3309967915217 77.1506478389104 75.241153438886 68.4015452861786 61.3711376984914 55.0194084644318 54.0327529112498 53.720494111379 58.495506644249 64.4662628571192 76.6231218973796 80.9302081664403 79.3340355157852 67.5253371397654 46.6113289197286 35.8176430066427 14.7990671296914 21.5841382741928 34.0981036424637 42.8340782721837 32.0896481474241 31.9431126117706 47.4072992801666 69.5247401793798 63.6966327826182 58.4721465905507 65.3187731901805
76.5883028507233 75.9857396284739 74.7923453648885 70.996771256129 72.0674296220144 81.5908114115397 84.5765868822734 84.6414566040039 84.4889183839162 93.9169923464457 102.145781119665 101.379722356796 96.4945157368978 99.0444322427114 100.252230962118 94.0086046854655 95.7714120546977 92.0659104983012 88.6990427970886 85.7771436373393 84.8118762175242 84.034264087677 80.7805458704631 80.6497484445572 76.2501955032349 70.8781083424886 53.3407827218374 33.5889259974162 29.0665552020073 36.6874535878499 50.8392155170441 55.1822284857432 62.5316202640533 70.5587367216746 81.0469686985016 93.017985423406 97.0429480075836 77.8320382038752 76.1313686768214 46.2585687637329 23.7456535299619 42.5997724135717 58.8865876197815 59.1599394877752 58.5905164480209 73.1697380542755 100.898047288259 88.5110100110372 65.205047527949 51.0685543219248
75.3543525934219 73.4155972798665 77.2431790828705 78.2342255115509 75.4737754662832 78.1452506780624 84.6526225407918 85.3463709354401 85.5626066525777 93.4883753458659 100.941260655721 99.26837682724 94.709853331248 98.0765223503113 101.572583119075 91.8052693208059 93.5865739981333 91.5817519028981 89.1065895557404 89.2854332923889 91.4395848910014 91.1322037378947 85.6911540031433 78.7325153748194 76.1347462733587 74.2239008347193 56.0568769772848 36.2337976694107 35.2147072553635 44.9319779872894 60.2090259393056 60.8278463284175 72.8708902994792 82.6562245686849 93.5138563315074 89.063952366511 83.1290384133657 40.0552675127983 40.4736598332723 41.1060601472855 48.7509270509084 61.1072132984797 69.0894772609075 39.0878443916639 32.0176780223846 37.4252671996752 78.2728890577952 73.1349488099416 59.2672030131022 49.1367280483246
63.6351803938548 71.469654639562 75.233871738116 77.976847688357 78.0024826526642 74.5524267355601 84.5179657141368 88.6719922224681 89.2743269602458 94.2487120628357 97.1535245577494 96.8630115191142 95.770796140035 93.8553015391032 95.6343412399292 91.8671687444051 88.1831844647725 91.6910767555237 93.7185684839884 95.0110952059428 96.0850516955058 91.6667679945628 90.123305718104 82.4373960494995 81.8174183368683 81.1010847489039 76.2878805398941 69.4110542535782 69.565162062645 71.0362046957016 72.8614578644435 70.7972049713135 86.3938430945079 94.9097772439321 93.4678514798482 67.4139757951101 48.7532317638397 23.8662213087082 13.0135876437028 23.935745159785 43.6846514542898 64.3602907657623 73.2865035533905 59.3813558419546 46.4848478635152 48.6131310462952 63.9347732067108 68.5926129420598 65.9405042727788 58.8398973147074
53.3729692300161 68.67316365242 73.1698572635651 76.0709593693415 79.0852556626002 75.1855919758479 79.6916484832764 88.0548655986786 99.1474092006683 100.561002890269 96.1702267328898 93.5277144114176 95.5074528853099 94.4875876108805 94.5866703987122 91.9669965902964 88.4946783383687 90.5352930227915 88.7839396794637 86.49476369222 88.4731312592824 87.5345865885417 85.54474512736 83.1798811753591 85.0752989451091 88.6621574560801 99.8806754748027 99.000761906306 83.4762056668599 85.413912932078 72.4332630634308 69.358413418134 80.7750771443049 72.2556114196777 35.5384101470312 26.6837428013484 25.389996667703 17.7796060840289 5.39776807030042 2.73575944205125 2.60305932412545 24.4250992933909 68.0782894293467 87.6376430193583 95.7496265570323 88.6141459147135 86.1286918322245 88.3631507555644 86.9235793749491 75.2044121424357
54.9718737602234 65.7093127568563 73.3565489451091 75.949748357137 77.6293575763702 77.9251803954442 72.1707890431086 82.4647843837738 104.416767756144 103.304227193197 94.1523810227712 90.5360380808512 93.5466984907786 97.0918436845144 96.2872306505839 92.5275186697642 91.206689675649 88.7639820575714 81.9057375192642 74.4437674681346 74.4014183680217 78.4389277299245 78.9923171202342 81.533541282018 83.0588986476262 88.4533723195394 107.730825742086 115.977883338928 95.2563583850861 82.3124249776204 66.670482357343 57.1232289075851 61.6121143102646 58.1474751234055 33.1195518374443 21.2553118666013 22.5371395548185 30.6563228368759 22.2888737916946 8.93003617723783 1.89125444740057 9.72982744375865 35.9843025604884 69.83482837677 74.1154104471207 82.6424459616343 78.4667034943898 81.4750840266546 76.8134196599324 69.9013620615005
67.4916009108226 70.7800090312958 73.3132759730021 69.8017030954361 63.2343739271164 60.5416893959045 68.814938267072 74.5949993530909 85.0098331769307 80.9487750132879 78.5382439692815 84.7188035647074 91.477503379186 93.8236216704051 89.768389860789 91.5059049924215 91.7246043682098 85.1816137631734 77.1286984284719 71.4452415704727 70.9553460280101 71.9970613718033 74.813778201739 79.254890481631 79.2913983265559 83.087811867396 96.3224867979686 104.690919319789 90.7774964968363 79.7246595223745 65.4309491316478 52.5128990411758 47.9752818743388 61.7914100488027 57.0851067701975 31.774548192819 31.9647168119748 67.2223716974258 71.6334482034047 47.1697002649307 20.6644274294376 12.3207432528337 23.8409688075383 33.3075473705928 31.7058066527049 38.8815005620321 46.4206238587697 54.9732893705368 56.4212153355281 62.0539089043935
79.6806166569392 76.2714147567749 72.3243008057276 64.7875120242437 54.1359583536784 47.3659435908 59.2884073654811 58.038185040156 47.8643675645192 48.7259328365326 59.7892105579376 72.0397531986237 79.2138477166494 83.7461352348328 87.310125430425 98.1275041898092 100.695749123891 91.3976232210795 82.1403761704763 78.4083108107249 75.1358419656754 74.5038191477458 77.6652991771698 75.3908306360245 74.4443734486898 78.9804756641388 85.030992825826 91.9298529624939 82.4912240107854 62.0089868704478 65.0069216887156 59.5546315113703 53.6254743734996 71.2915162245433 77.2102028131485 64.3541514873505 54.4297794500987 47.1648772557577 51.5974164009094 54.3046543995539 39.5614231626193 26.9843389590581 23.4276503324509 23.9781190951665 16.9333095351855 18.2913814981778 28.4026265144348 31.1222523450851 42.7569796641668 63.2545004288355
82.8786542018255 75.7879118124644 70.6050246953964 66.4446900288264 58.8129858175913 52.2470523913701 47.5008388360341 42.4824655056 24.1983085870743 31.5887257456779 54.17400598526 66.5725618600845 66.7059570550919 75.0110695759455 89.7619922955831 106.942147016525 112.527678410212 104.74560658137 95.5932438373566 91.2422935167948 85.0341816743215 82.3108901580175 82.2748194138209 78.2535870869954 76.9562174876531 75.3916800022125 75.0399827957153 75.1390556494395 72.5446939468384 53.9473195870717 57.7352593342463 53.2868107159932 48.0873336394628 74.5745400587718 94.6921904881795 98.0368653933207 71.4847395817439 29.2686472336451 24.847353498141 31.9969827930133 41.0078689455986 38.6994332075119 38.7620404362679 35.486693183581 23.4474862615267 18.5845320423444 24.5475073655446 39.8911585410436 48.8085101048152 79.836035768191
85.6363972028096 79.9467960993449 78.5392423470815 79.7488192717234 76.2366155783335 69.3262120087941 63.725878794988 64.4987970590591 62.906006971995 68.2572772105535 77.439084649086 84.2038194338481 84.7742557525635 79.0123542149862 90.006818373998 107.44779308637 118.231564760208 118.413299322128 110.411743323008 99.900225798289 93.2715137799581 88.0356629689534 85.7095718383789 84.5524072647095 80.2304049332937 70.7987695932388 65.7852689425151 66.7222092549006 65.1907523473104 61.4870389302572 41.836271683375 41.8153951565425 35.8669434984525 61.7759575446447 102.834264437358 112.464805444082 78.3943434556325 42.9819822311401 17.7721244593461 17.9490024844805 22.0353628198306 24.60844318072 37.9839092493057 49.8076130946477 51.4913747708003 37.5494956970215 37.2932602961858 55.5040488640467 85.7559144496918 135.490755240122
86.5388810634613 83.5803151130676 83.8207503159841 85.2217276891073 84.6986373265584 80.7138830423355 80.1818519830704 89.002142349879 106.576144695282 101.932257413864 92.656284570694 94.9162840843201 100.561678409576 86.9009395440419 88.1353418032328 97.6975162823995 107.085824012756 114.5960688591 114.870766798655 107.633570830027 101.558158795039 94.0029124418894 89.2647206783295 87.4782999356588 78.3294339974721 63.867042462031 57.707150777181 56.5545360247294 57.2682122389475 50.6320198376973 26.0402858257294 23.4928478797277 17.5362353523572 17.6126894851526 99.973072608312 113.764117161433 93.2596027851105 81.3173552354177 46.9309687614441 12.3179877797763 4.564360405008 1.3652490451932 20.3473630050818 54.9922436475754 62.9678616921107 52.3082117239634 50.9066184361776 78.2531996568044 141.438623269399 188.488264878591
85.7059756914775 81.9411774476369 75.7368952035904 70.4627335071564 70.9294080734253 73.3854472637177 73.016420006752 86.2380762894948 98.0789462725321 92.6260948181152 82.1463962395986 82.2213590145111 94.4061875343323 89.1562004884084 85.1191480954488 85.4434768358866 85.5360627174377 92.4299160639445 103.181640307109 107.940981785456 103.456199169159 96.6192086537679 89.7312959035238 81.3911855220795 76.093778014183 65.8219953378042 50.7592459519704 45.5682575702667 51.9214570522308 46.9276507695516 25.8892054359118 19.0932353337606 10.1842215905587 2.091101060311 45.0938989718755 103.753060102463 110.244929790497 122.819711764654 104.483177264531 50.1955548922221 11.1768866578738 1.78981774176161 10.8154155313969 48.1381366650263 69.4671322902044 91.9941564400991 115.652700265249 170.415918032328 212.842424710592 222.588618596395
88.1158709526062 85.8436624209086 79.4071902831395 71.9625055789948 70.2677468458811 73.2156187295914 64.3115291992823 62.2259279092153 64.3193622430166 61.1706723769506 53.1102965275447 50.5417833725611 57.2802722454071 74.4309673706691 81.5725177526474 76.4718602101008 65.8942560354869 60.2550407250722 72.0570385456085 95.6525802612305 96.9824592272441 90.7863577206929 83.7675631046295 79.1316032409668 72.216605146726 65.8139884471893 53.8325707117716 37.1096059679985 43.3980027834574 56.983083486557 43.672983845075 24.66964473327 17.5655682881673 1.11658483122786 0 83.4291776021322 124.16535615921 139.089087645213 125.865300496419 95.5246488253276 59.8663985729218 24.4300911823908 21.382749080658 43.8203910986582 81.5593550602595 150.399764378866 193.37914387385 225.240151087443 233.616193135579 232.919096946716
89.9865726629893 89.8947815100352 87.0679318904877 83.1729571024577 81.0916026433309 80.1444749037425 63.0178451538086 46.7642694711685 47.3982095718384 50.0078250964483 47.0245728890101 43.9793765544891 45.5332497755686 69.9479728937149 84.8706761995951 74.9703794717789 53.6796400944392 39.4482339421908 43.5796578725179 63.3189231157303 73.4843512376149 76.8382847309113 77.7172942956289 72.1237560113271 60.735618074735 57.0034931103388 45.5141315857569 17.7205465734005 34.4565858443578 60.7097993294398 70.277268687884 63.2586578528086 41.6198323170344 5.72657212615013 0.3056328666086 59.7905814647675 118.767788012822 126.308153072993 105.788131554921 102.881779273351 110.148052374522 95.8482921123505 71.8575964371363 88.8917148113251 146.343072255452 193.494915962219 217.009743054708 227.888166904449 229.433238506317 227.326472600301
