input/barkrak2/radiation/dir04024.grid
NCOLS 85 
NROWS 70 
XLLCORNER 665100 
YLLCORNER 4664600 
CELLSIZE 20 
NODATA_value -9999 
[rows 0 to 21 of 70, columns 0 to 49 of 85]
112.702667713164999 127.932449181875 144.962360461553 164.274275302887 175.263524055481 178.012490272522 177.127242088318 174.565354983012 172.767420609792 176.208297411601 176.801979541779 177.23689476649 174.211998780568 175.021608670553 175.668994585673 161.97877128919 148.403902848562 135.989854733149 134.877661863963 131.846805413564 131.488899389903 154.741207758586 178.049683570862 182.949483394623 186.286071936289 198.199351628621 196.670770645142 186.252216498057 176.532924175262 176.920175552368 172.292709350586 195.456882317861 239.204227924347 236.743867397308 233.422040939331 222.23961353302 226.751685142517 237.188220024109 234.288573265076 235.512355963389 226.501822471619 233.856558799744 240.828335285187 234.077195326487 222.195506095886 228.465517361959 230.908274650574 195.696175098419 135.218997796377 130.682438611984
91.2667512893677 107.179582118988 122.856666644414 140.484710534414 156.260669231415 165.203541517258 170.845528443654 176.819682121277 182.536780834198 180.578748385111 180.796960989634 176.151394844055 174.069364865621 175.720036029816 175.740599632263 163.759817679723 154.089609781901 144.714176654816 141.090889771779 136.29471262296 147.941380739212 173.900882403056 193.042496840159 193.844636281331 197.159866491954 202.921350797017 198.722640673319 188.556015491486 180.816928545634 178.984344005585 179.771463076274 209.487199783325 241.80527528127 237.848381201426 233.450969060262 224.498768647512 230.713844299316 240.270475546519 233.702540397644 233.582635720571 229.157547156016 230.889519055684 226.602574189504 217.662453651428 212.610006332397 225.904226303101 223.625401655833 182.908137639364 142.165710528692 154.12845214208
57.6305290063222 67.273403207461 77.2256851196289 89.3038113911947 104.01913523674 116.354127724965 131.323933601379 151.067207256953 165.494869152705 168.80069176356 172.588725884755 175.867974758148 178.766926129659 180.491050084432 185.614546140035 189.733187357585 186.732769012451 175.20668109258 158.41136376063 150.553733110428 162.414530913035 180.602113405863 192.183375358582 194.975336392721 197.880029678345 197.335580984751 193.975210189819 187.951425711314 184.117615222931 187.832593917847 198.305626710256 221.8390305837 237.3459537824 239.312370618184 232.883512973785 229.987581570943 237.688263257345 242.76594320933 238.447447617849 230.829258759816 224.71829255422 215.089499950409 201.462030410767 195.335467656453 201.998134454091 219.055851300557 210.611164569855 175.415555636088 163.532733917236 182.811657587687
42.1130359172821 42.9678708314896 48.504759867986 51.3820697863897 56.9196989138921 66.7659044265747 77.9279619455338 96.1118241151174 116.283237934113 134.96587673823 152.892241875331 169.675012429555 177.831649780273 181.168516476949 185.180207093557 191.440204779307 188.54812781016 182.379821936289 167.227625846863 159.509072701136 160.476426283518 161.671956380208 173.728426297506 183.704237143199 185.210426648458 186.749974886576 188.458224137624 188.055396080017 189.208328723907 194.439709186554 201.355298360189 223.948697249095 230.333725611369 230.120360851288 226.767718791962 227.299471696218 235.049943129222 238.013764222463 231.024583180745 218.344748020172 210.904935995738 199.139396349589 195.841828982035 207.911233107249 219.532648722331 214.431802431742 195.419192314148 171.943624814351 173.613389333089 186.959544817607
53.5729130109151 40.9242634971937 31.7657391230265 25.7442543903987 25.6090511878331 39.847806096077 58.1279446681341 73.5479990641276 87.0067874590556 95.0469573338826 118.549962838491 141.778071721395 156.391044457754 164.043188095093 171.232501665751 176.16601785024 172.311186790466 167.37445195516 161.847621202469 158.925433953603 156.765719254812 154.605547587077 164.553354183833 174.207409222921 178.713778654734 184.843083222707 186.714132626851 187.746485074361 190.163989861806 190.558016300201 197.309553623199 219.323535760244 218.462904294332 221.018095811208 222.68291314443 223.294595877329 220.690310001373 218.088348706563 209.588408470154 202.034374078115 202.098409334819 201.656619707743 208.527723948161 219.897290070852 221.742550532023 196.9074010849 166.727562745412 159.739524126053 167.532384395599 186.26073996226
79.4816960891088 63.8104975223541 43.2276080052058 24.6852387984594 19.1055610775948 25.6744399666786 43.002779285113 62.4072551727295 70.5553144216537 69.5857206980387 81.9660723209381 99.0865031878154 108.968466520309 115.573843320211 124.423921108246 134.83864068985 140.839368104935 149.963001410166 157.454351584117 160.707076390584 162.736574808757 167.328735192617 164.723952611287 167.627294858297 173.889438311259 179.837246735891 183.757444222768 187.653223673503 191.482881704966 193.842868010203 205.796182155609 216.673851013184 210.796058177948 212.153633435567 213.262875874837 212.737679481506 212.119738260905 207.238515218099 199.429551760356 199.705044428507 199.131230513255 201.469719409943 205.009043216705 208.770036697388 200.473189353943 161.189297835032 137.880434592565 147.509356339773 167.658766110738 206.521650155385
96.6899494330088 79.9523442983627 64.2349322636922 50.1234531402588 32.6084817449252 24.8149782419205 28.1928653518359 46.5243756771088 61.3142549991608 71.2039470672607 73.4271506468455 68.507860104243 64.1240626573563 60.9273761510849 61.2413634856542 73.2458432515462 87.0418647925059 110.451479752858 135.302037000656 146.026293436686 160.020560026169 168.499886989594 168.383002281189 165.994693835576 171.018024285634 172.951877117157 177.77540286382 183.261195818583 187.426567077637 194.464763005575 206.066489219666 210.219899813334 201.260526974996 197.1089442571 197.658081849416 198.122918605804 198.138515154521 193.259716033936 189.529637495677 185.238699118296 179.911494255066 179.823676745097 188.822388648987 200.462977091471 193.654874960581 183.958391348521 194.236477216085 203.044056892395 215.500831604004 228.559176127116
95.0547655423482 97.1559385458628 86.9939823945363 73.3234186967214 54.451068242391 32.9942107200623 19.3175636231899 18.1997120380402 34.391442934672 56.4148277044296 67.2305126984914 67.3225621382395 59.0485731760661 52.5944332281748 44.236958026886 45.6565121809641 54.2457203070323 67.6198403040568 88.8873338699341 109.056313832601 125.376721223195 137.723704179128 152.117828528086 147.787113984426 153.640846411387 158.269276221593 160.640031099319 165.535608927409 170.771956443787 183.947761853536 194.193820158641 196.690201759338 187.621454397837 182.147840658824 178.392072518667 178.578575452169 184.543172518412 182.812293370565 178.68173122406 162.644843260447 159.702410300573 169.00364557902 185.909469922384 198.855698108673 201.950569947561 210.199952125549 219.624102115631 221.78969780604 229.216913382212 230.865856011709
89.2114440600077 83.633412917455 79.4586092233658 79.1630347569783 73.4098901351293 57.6211760441462 34.149761001269 15.8768047889074 23.5836456219355 33.8333373268445 43.9355671405792 54.2767991622289 58.1881552934647 60.9088838100433 53.9762079715729 49.4333952665329 48.4299163023631 51.8409063418706 64.406747619311 78.734149535497 91.5175179640452 105.877796808879 122.677147388458 123.773197333018 127.325882514318 131.345838308334 134.749044974645 143.517047166824 148.379375537237 160.630176464717 167.321642239889 169.078230857849 166.186541318893 164.764910936356 167.606016000112 169.924636681875 172.201951344808 176.05322599411 175.309360027313 168.189366658529 174.015065034231 184.291183948517 196.50669892629 199.583252271016 196.150382359823 193.938374519348 200.575927893321 213.851114114126 223.347187042236 219.260056813558
69.9161936839422 67.2029803196589 62.9312793413798 61.1757139364878 66.5981868902842 64.7378464539846 55.2628139654795 42.1991149584452 24.1744890809059 19.3975667158763 25.0981921950976 38.0096385876338 52.3135264714559 64.5465552806854 64.5181834697723 62.9031111796697 56.0603539148966 55.1896890004476 55.1706105470657 58.7059011061986 65.1409526666005 74.3702948093414 84.6054355303446 95.7029362519582 103.053569793701 107.962141434352 109.835227330526 114.973604679108 123.52728843689 133.685330549876 136.156479517619 138.486802577972 145.266324281693 149.094293514887 154.348184665044 158.546398083369 158.052464326223 166.280031204224 171.66676123937 180.043578147888 190.006415049235 194.851199785868 196.743567784627 195.636391639709 193.200627962748 193.42299302419 203.412175178528 210.667769114176 216.73172712326 216.432452201843
34.7881466150284 33.2970023155212 37.327175339063 35.9714229901632 36.412425339222 41.3806041081746 48.9025662342707 44.5909798145294 33.7433964014053 24.7909401853879 20.8280757069588 25.0954528649648 40.141058464845 56.3504298528036 65.6964878241221 62.8199378649394 61.1192683378855 57.1925441424052 54.5239945252736 52.0377457141876 52.3269474506378 55.0233374039332 59.7813179095586 71.1351335048676 84.1616888840993 91.2890235582988 93.6148762702942 98.4986325105031 105.595678091049 113.885422547658 120.565195878347 126.079817612966 135.447025299072 139.09567395846 141.502887010574 144.272059202194 150.0190893809 156.910121440887 167.236228783925 185.176193714142 192.717611789703 193.229953447978 192.377189795176 190.830588340759 190.602242946625 194.363753000895 203.472892443339 206.451872984568 205.658535162608 211.126148700714
11.9318664073944 9.83190846939882 8.85802507400513 5.68700643877188 3.52614435056845 3.66097595542669 13.3870715896289 24.4556243220965 31.0244187712669 31.0454045732816 24.7588803370794 19.2805665234725 23.4294061859449 34.7206344207128 50.7917751868566 56.2017063299815 64.1065686941147 62.5084439913432 58.5790574550629 52.4465839068095 48.2090413570404 48.817366361618 49.9854981899261 57.9459170500437 66.6608313719432 72.9218870401382 75.0454018513362 79.714114467303 87.554673353831 94.0831303596497 99.3181268374125 107.909282048543 116.129060586294 119.204640388489 121.279488007228 125.681509574254 137.361764907837 148.348907629649 156.787713368734 174.831489721934 182.23512172699 181.66704972585 178.352336088816 175.360778967539 176.719526449839 177.217046419779 182.305932044983 189.216653505961 195.187588532766 201.502482096354
4.20263968408108 2.16642549882332 0.677877959484855 0 0 0 0.105598543693001 12.3074129223824 30.3475509087245 36.5154097477595 36.2653657793999 30.035138130188 20.8824401100477 21.0411821802457 32.1445266405741 49.7556825478872 63.38765223821 66.1216974258423 65.7842655976613 61.7137203613917 55.6507855653763 56.6214174032211 58.4500730037689 59.2896689971288 61.7601573467255 62.6803239186605 65.9760783116023 72.8680590788523 73.6687580744426 78.9168973763784 86.6468449433645 91.507891813914 93.4802889823914 96.5222219626109 103.82338364919 109.778642654419 120.22007505099 132.420341173808 137.791981299718 148.847500483195 157.425771156947 159.12785132726 159.185727437337 160.9694759051 161.443551381429 163.597345352173 163.83687655131 167.494972546895 172.514855861664 177.749196688334
4.97766522069772 0 0 0 0 0 0 0.475415688318511 4.91647763798634 23.362231751283 41.4503291249275 47.0593223969142 41.9001281261444 32.1767429510752 30.3637211521467 45.082891980807 56.8601191043854 69.2779471476873 76.2532403071721 76.3054440418879 67.7838871876399 68.2091017564138 66.803827881813 67.489966750145 68.6986744403839 69.2897737026215 70.6370919942856 74.9790668487549 77.4220724900564 70.6976801156998 73.1679598490397 83.0909262100856 85.6774151325226 86.3618055979411 91.9789473215739 102.729737758636 107.772618532181 114.142964283625 120.132585366567 121.909668048223 128.671129544576 134.962687889735 142.598529656728 151.016602913539 150.367846091588 157.931377490362 156.883239746094 151.844471693039 150.169432163239 152.272641658783
12.9331660767396 0.576518670034905 0 0 0 0 0 0 0.766248675063252 14.8121652503808 34.4425166646639 50.5858858426412 59.4149480263392 54.8937221368154 44.6360409259796 42.994370063146 48.4182337919871 58.8223437468211 73.0823030074437 82.8118721644084 82.6019595066706 80.6100865205129 79.7099024057388 76.4378607273102 77.4909506241481 77.3604065179825 78.0011514822642 77.5122543176015 76.255609591802 72.4236170450846 68.9064761002858 69.6422110001246 75.7164557774862 79.03853058815 84.8519305388133 87.8353615601857 89.7746781508128 93.6477382977804 100.243479013443 102.189868688583 107.871065537135 115.703642368317 120.099286238352 127.427140871684 132.4050227801 138.894687096278 148.049255212148 154.639065265656 148.112138112386 141.751656929652
13.5068682332834 2.0419394907852 0 0 0 0 0 0.0237762433243915 1.45838673536976 9.2840064316988 26.1326059699059 51.3426959514618 69.219837586085 76.7204215129216 63.8179431358973 48.3607798814774 42.2703524430593 44.2511141300201 56.8323582410812 77.0376225312551 88.6352161566416 88.2980227470398 90.2820428212484 86.3283673922221 83.008994658788 84.0917428334554 84.3491653601329 82.9401314258575 79.7411998112996 75.5031208197276 68.2273705800374 68.5789436101913 62.4933987855911 57.7435394128164 63.6161665121714 72.2975432872772 73.802391688029 70.721705754598 79.6265850464503 84.2144985993703 87.1243476867676 92.6050444444021 95.9973136583964 98.7084209918976 113.231956958771 119.308163722356 132.476309935252 143.034040927887 143.428107102712 139.28829630216
10.3530995547771 3.61661395678918 0.0105607929678323 0 0 0 0 0.691215740516782 2.60851873705784 5.20064185063044 17.1372989813487 36.1515010396639 57.8701098759969 69.3794588247935 73.7262815237045 69.3075756231944 63.7778441111247 54.0707558393478 48.7852195898692 56.6925605138143 76.7738570769628 91.4906561374664 94.9253439903259 94.4380561510722 89.8391604423523 90.3162658214569 94.9984987576803 89.5401835441589 85.6113036473592 88.6182685693105 80.1958342393239 66.800927122434 56.07603987058 52.5616506735484 49.2807924747467 46.568363904953 49.9864270289739 54.8075387875239 59.3986262877782 67.7528282006582 75.094406803449 77.9938697814941 80.1321814457576 80.7773818572362 98.4078745047251 111.303418874741 119.027505318324 122.098247210185 130.55823246638 135.305821895599
7.57690829535325 4.79218456894159 0.534236741562684 0 0 0 0.145918670265625 2.87728446225325 8.43986744681994 12.2862160205841 16.6369614501794 28.0117765069008 46.4339156945546 64.1775031884511 75.4054685433706 84.9555730819702 85.074375073115 76.2308339277903 61.9598080714544 50.7356276114782 59.5193753639857 81.1882019042969 89.4586046536763 95.3438381354014 96.1066285769145 101.032227277756 99.8343328634898 103.297770023346 97.2657799720764 90.8918678760529 79.7700186570485 74.0638822317123 60.3764454523722 47.9911863803864 38.154681523641 40.4620120922724 39.9927571415901 36.110890408357 44.3777491648992 51.057497660319 53.9543976386388 57.1781496206919 61.2033853928248 65.96373518308 76.616977651914 87.8852407137553 95.9072411060333 98.6355741818746 104.233612616857 114.215870698293
8.3149845401446 10.0969759126504 8.88803973793983 0 0 0.684728380292654 3.07829367617766 5.98269887268543 15.1809069017569 23.2205068071683 29.8168783386548 32.3095868031184 42.4753725528717 54.5516858498255 64.8267865180969 78.1986316045125 82.6447308063507 85.0288271903992 83.1164518992106 70.9358056386312 56.366095940272 66.3405507802963 77.3899704217911 88.3203546206156 97.979724407196 106.320361296336 106.435805559158 103.650192419688 95.1545834541321 96.0721075534821 85.3654046853383 72.964866956075 64.7995173931122 48.0549832185109 39.7636617223422 29.6618491411209 26.3556043306987 22.2712755203247 24.9229967594147 28.5654192169507 40.3146619598071 44.0123975276947 47.668993473053 57.2381863991419 61.2093359231949 73.0649878581365 80.1923125982285 81.23712738355 86.4758292833964 95.6993301709493
8.99620354175568 7.75318282345931 9.54944578309854 3.47464221219222 0 3.95035060743491 4.49780561029911 6.5301110347112 7.9341164479653 25.5824128786723 31.02112809817 30.4797192414602 32.1783026059469 39.7519717613856 48.7971703211466 62.7492517232895 70.7019070784251 78.7722667058309 84.2528144518534 84.18936530749 77.6651700337728 66.4752622445424 70.4016387462616 78.9572099844615 90.7524526119232 101.810932159424 105.887770652771 108.387023210526 98.0893870194753 89.9656713008881 86.2107177575429 73.6252069473267 59.2266172170639 42.6663209994634 34.0356901288033 23.5865265130997 14.8953907191753 10.8117659886678 14.6853725115458 16.2435198823611 26.1203149954478 31.1337461074193 35.8048404256503 41.6868329048157 46.9003965457281 59.9313527345657 65.0584399700165 68.0574725071589 76.3626247644424 83.5223098595937
12.9656878610452 6.93227909505367 3.66432809581359 7.009440412124 4.05205910404523 5.24536023537318 4.5617613941431 7.06264252463977 8.66318556169669 20.2999338507652 24.1240511337916 24.6690660715103 24.7426852583885 28.5674979289373 34.0805997451146 46.217292547226 56.1414162317912 65.2258942524592 74.7069666783015 87.1221423149109 94.6657359600067 85.0986341635386 84.2094620068868 86.0177973906199 90.1381174723307 93.1393007437388 95.2560802300771 90.9325480461121 93.4084554513295 87.3368382453918 74.0316013495127 55.3987224896749 44.9818670749664 31.0262491305669 23.4293912847837 11.605607966582 5.76641907294591 1.7871872211496 4.8511087273558 8.34859721362591 19.9608964224656 23.1461574633916 28.4903571009636 29.4539084037145 36.2849111358325 41.5594975153605 50.3904620806376 60.102641582489 67.2602951526642 71.5855062007904
31.4589415987333 20.6786232690016 10.0962966680527 15.4791561265786 13.4826737145583 4.24522161483765 6.98258044819037 9.28813529511293 14.2980354527632 20.5817657212416 21.3828831911087 21.480567753315 22.118238111337 21.1140016714732 26.1081208785375 37.3334288597107 50.2001543839773 59.8249584436417 68.4928099314372 81.1277329921722 89.4055863221486 101.588735977809 108.686506748199 106.356879075368 100.546509027481 93.1423505147298 88.9125764369965 82.6191206773122 81.6481908162435 69.3029314279556 60.8723511298498 40.2104904254278 25.5359833439191 12.0136129359404 0.177475507371128 0.24255671693633 0.265878004332383 0.27274334570393 0.247371732257307 0.258156137230496 1.25679598810772 7.33892184992631 10.9521485865116 19.3862654268742 27.5545964638392 34.9312499165535 38.6768182118734 44.9822644392649 52.611048022906 56.9590826829275
