input/barkrak2/radiation/dir01024.grid
NCOLS 85 
NROWS 70 
XLLCORNER 665100 
YLLCORNER 4664600 
CELLSIZE 20 
NODATA_value -9999 
[rows 0 to 22 of 70, columns 0 to 51 of 85]
47.859797875086500 63.2541477680206 77.0164330800374 92.355877161026 97.6344148317973 97.8714724381765 103.234151999156 109.804113705953 124.118546644847 127.280404170354 128.058662017186 124.241371949514 119.853506485621 120.549499988556 120.608856280645 106.12553358078 94.2935943603516 85.3968759377797 83.8012595971425 85.209180911382 92.4439032872518 109.54953233401 125.659088293711 128.203789393107 129.731923341751 137.637674808502 136.443316936493 133.113910754522 128.927230834961 130.5264433225 130.048811435699 149.799803892771 179.440458615621 174.265821774801 173.437039057414 167.51503944397 171.34561141332 176.584541797638 173.467179139455 173.066973686218 171.872516473134 183.133641878764 187.31427192688 179.025729497274 172.75607585907 179.316957791646 185.677667458852 140.192886193593 96.9873070716858 93.1230088075002 114.136318365733 154.539903004964
32.8917255004247 44.3343669176102 52.396019299825 61.7978175481161 72.4894901116689 78.1725098689397 85.6148699919383 95.3559180100759 107.184231281281 110.87625225385 131.891429424286 127.25975116094 122.165600458781 122.228463490804 120.68243821462 108.543356259664 100.746363401413 91.3480818271637 88.9415939648946 87.5096122423808 99.4088451067607 122.236609458923 137.622733910879 137.228409449259 137.945890426636 142.258375883102 139.57479596138 133.245368798574 129.370619853338 135.387818018595 136.583377917608 158.106486002604 178.787430127462 174.428343772888 172.000189622243 168.168067932129 173.542598883311 177.502036094666 169.746478398641 170.424560705821 169.502973556519 172.851026058197 172.432780265808 163.345475991567 158.050298690796 173.722465833028 177.690804004669 132.276793320974 104.332625865936 113.958249489466 141.59901936849 175.205528736115
13.1323163708051 16.4217961331209 24.6098985274633 29.0227284034093 37.8723343213399 43.5597101847331 52.2625943024953 66.1423703034719 77.6017258564631 83.4212104479472 91.5123522281647 102.134873469671 115.476002295812 125.310818354289 132.433086633682 132.577319939931 128.847857316335 116.81925257047 101.906498273214 96.9366431236267 109.043926000595 123.617539803187 133.62995783488 137.712796529134 139.458199342092 138.79269361496 137.292752663294 132.236103216807 130.763908227285 137.432038784027 151.736050844193 168.13462972641 178.617437680562 175.740202267965 169.190764427185 171.003739039103 178.002615769704 180.20619948705 171.767989794413 167.825957139333 164.483358462652 158.162375291189 148.082753022512 141.856213410695 146.862377723058 161.415368318558 157.754470904668 126.032133897146 121.476699908574 141.137073437373 165.097773075104 184.682230154673
4.97800018638372 5.61641777555148 8.15173797309399 9.47071984410286 9.85744781792164 15.0342310468356 21.0566421349843 31.2865128119787 46.3067690531413 56.0672730207443 71.1309413115184 82.0609082778295 88.0307753880819 94.8605636755625 99.2233951886495 105.161050955455 105.723877747854 99.1656184196472 89.8676415284475 85.6668949127197 89.7425313790639 94.8127309481303 107.736935218175 117.596725622813 121.979504823685 125.277489423752 127.344310283661 130.450745423635 133.827189604441 139.097879330317 146.528025468191 169.892946879069 172.028839588165 172.008315722148 169.384996096293 169.483244419098 171.653151512146 172.252694765727 165.727078914642 156.184256076813 152.068555355072 144.989252090454 144.860953092575 152.551392714183 157.470355431239 151.862353086472 143.377919991811 123.47936630249 130.269457896551 143.920342127482 163.437237342199 181.070864200592
12.3990513384342 6.99140504002571 2.87850511570772 0 0 3.83900882055362 13.8458448151747 19.6127419670423 27.3961126804352 30.5312077204386 41.3362036148707 54.8559327920278 63.2635802030563 72.5616365671158 78.3243676026662 79.7638098398844 80.3074737389882 81.8188041448593 79.4216692447662 79.1445076465607 80.3123066822688 80.8354318141937 90.1328921318054 98.8483528296153 106.178303559621 114.333768685659 121.390948692958 124.609957138697 130.680084228516 132.524649302165 138.228048880895 151.951362689336 149.199992418289 152.578721443812 159.465918938319 165.618767340978 162.186622619629 159.510801235835 151.21994415919 143.34108432134 142.992039521535 143.885533014933 151.833117008209 160.268843173981 160.200615723928 138.580024242401 115.194002787272 113.593379656474 124.335706233978 141.984174648921 168.946067492167 181.815187136332
35.7464080055555 19.7054172555606 8.06530440847079 1.06047481919328 0.207482158051183 2.15331930667162 7.03363244732221 14.7746826211611 17.9301438232263 19.4488987326622 24.055078625679 30.7095920046171 35.0910425186157 40.0171081225077 45.993909239769 52.1680663029353 57.7966074148814 65.8015310764313 72.7658172448476 80.3788602352142 85.417111714681 88.7716015179952 89.510440826416 93.2319760322571 101.542254288991 107.859700918198 110.876381397247 118.031064669291 126.447757085164 132.164527972539 141.433735688527 145.883003870646 139.669954776764 138.73224457105 142.330865065257 143.352001905441 145.902136961619 150.862028201421 143.395135800044 143.672833840052 143.096079428991 142.721037069956 144.924799601237 149.411042531331 143.916149934133 116.866260766983 93.3965941270192 102.500398953756 121.616880098979 155.51299850146 179.881413777669 186.281979084015
53.1195898850759 35.6515645980835 22.6232757170995 12.3139855762323 4.1054201622804 1.7247349023819 2.76835324863593 7.62198120355606 15.2125582098961 19.228366514047 19.4385573267937 17.7577758828799 18.7072021265825 18.773939460516 21.1937477191289 30.1673461993535 39.101575811704 52.8093228737513 64.9398068586985 77.8250296910604 86.8385632832845 92.614620923996 91.7849938074748 93.1785901387533 97.5609421730042 98.9494522412618 104.327539602915 110.519627730052 117.957323789597 125.356644392014 137.189577023188 140.584727128347 132.123311360677 126.205941041311 126.071870326996 128.876606623332 129.972447951635 126.851797103882 127.41223971049 130.01823425293 125.734428564707 126.417110363642 132.72695740064 141.272644201914 139.412373304367 135.101874669393 140.21963874499 145.031164089839 155.108402172724 169.449945290883 173.942685127258 171.325047810872
63.7459307909012 50.4742761452993 35.6192390124003 26.3962323466937 16.3744849463304 4.86562804629405 2.25184562926491 0 7.29953497648239 16.0193219780922 20.3370824456215 20.5013776818911 18.9475814501445 17.3321962356567 14.8581489920616 17.4417495727539 23.8661617040634 33.5900261998177 48.1304824352264 62.0844612518946 75.0408271948497 83.3462278048197 91.8554266293844 90.8537109692891 93.6227937539418 93.9605832099915 96.843034029007 97.6405342419942 103.16855708758 115.848968426387 126.996159553528 127.303421497345 119.669636090597 113.847076892853 112.554123004278 112.193763256073 117.955386638641 115.363746881485 114.310522874196 103.721956411997 108.392496903737 116.133282581965 129.891326030095 141.317943731944 145.409762859344 152.705460786819 159.158498048782 160.154789686203 164.337952931722 163.033564885457 159.209271272024 156.701674064
60.6180131435394 50.2344568570455 41.2445018688838 30.1383386055628 20.7971868415674 14.589620133241 5.97262630860011 1.08376494608819 5.50624852379163 10.8267851173878 16.2756579617659 20.2726585169633 23.3251998821894 24.2261116703351 22.584542632103 20.945760111014 21.1415439844131 24.8390783866247 31.8239207069079 42.5027310848236 52.4481137593587 65.6327108542124 75.9202539920807 77.1097193161647 82.0213705301285 80.7260821262995 84.0016007423401 86.1156185468038 86.9124829769135 94.740092754364 101.859231789907 105.972468852997 103.96279891332 103.559007247289 106.208523114522 106.956511735916 108.645896116893 110.233088334401 112.829754749934 107.984940210978 109.403967857361 121.919393539429 135.32222310702 138.372679551442 137.612760066986 137.466688950857 141.009539365768 150.913298130035 158.057024081548 153.575360774994 145.635267098745 147.372265656789
40.8325518170993 37.5290066003799 32.5879529118538 24.0636443098386 20.162803431352 12.6512249310811 12.5862533847491 9.52999790509542 6.0409481326739 3.59718780964613 6.63199710349242 14.8634202778339 25.2437243858973 31.8926125764847 35.4764784375826 33.937061826388 28.7649184465408 26.4098048210144 26.1166940132777 28.6558419466019 33.5560888051987 40.6623631715775 47.9205201069514 56.3322106997172 65.8932874600093 68.7176684538523 70.2088822921117 71.8851188818614 71.2870905796687 76.5429238478343 74.7321198383967 76.5481392542521 88.0649487177531 91.0510122776031 94.3180620670319 99.7052788734436 98.4344681104024 101.572026809057 108.850876490275 115.346332391103 119.31174993515 121.108492215474 122.312446435293 122.580746809642 136.114279429118 138.46418261528 144.378532965978 148.950239022573 151.337405045827 150.14394124349 149.016380310059 146.484901507696
6.7801047116518 5.54169962803523 2.25177484874924 0 0 0 2.7985746661822 9.55980891982714 8.81514449914297 6.61555677652359 3.35980765521526 2.20621873935064 14.1651630401611 28.7958234548569 35.2150400479635 33.8042229413986 34.4552074869474 29.473622639974 25.6472453474998 23.633137345314 24.4979138175646 25.7680341601372 30.2096654971441 39.2241477966309 49.2334266503652 57.1583559115728 57.890256245931 59.7856889168421 63.0408078432083 62.9421224196752 65.8955276012421 65.2438352505366 64.5823975404104 66.9600466887156 85.1334134737651 88.773508866628 91.2334223588308 97.6934830347697 105.168958504995 119.22283967336 120.081524054209 119.029372930527 115.148345629374 115.062137444814 114.133556683858 123.117417097092 146.646598974864 144.26463842392 143.556257088979 147.493779659271 151.776134967804 147.149930397669
0 0 0 0 0 0 0 2.62194933990637 11.9103367129962 10.5160810053349 6.55378960072994 3.22481741507848 4.99249591181676 13.1366153558095 24.3047848343849 28.2787730296453 33.3544760942459 33.7764869133631 28.7724286317825 24.6485496560733 21.4138776063919 21.0947692394257 22.1049090226491 27.7333681782087 34.4526320695877 40.9081702431043 44.1036522388458 45.5162823200226 50.7875382900238 52.5554567575455 53.2357742389043 55.9132546186447 55.4597328106562 52.4727503458659 49.7995515664419 59.5863958199819 82.2787781556447 88.1658295790354 96.9489614168803 108.896493911743 111.004749933879 109.680712223053 104.33425505956 100.409865379333 102.781901756922 103.620121876399 106.397320826848 113.22937409083 129.463642835617 136.496096849442 139.24233118693 137.884567181269
0 0 0 0 0 0 0 0 6.02857954800129 14.4220255315304 13.8835099836191 9.83858418961366 3.03061710049709 2.05818144604564 11.240432659785 24.2008616526922 33.8965530196826 37.9203682144483 34.3131547172864 30.9507325291634 27.0161877075831 27.7290071050326 28.8033237059911 29.3831750750542 31.3255762060483 33.2352767388026 36.8078748385111 41.3893659909566 42.21178094546 43.6435689528783 45.333077510198 44.6764677762985 40.5404642224312 41.9267962376277 41.2040700515111 39.2377922932307 40.3029248118401 53.9407134056091 72.5993166367213 85.4990283648173 94.1131810347239 93.2278037071228 90.8211469650269 91.9395784536998 93.7819381554921 95.6594149271647 91.3234750429789 92.5029814243317 93.3211247126261 97.675363222758 117.258449395498 124.598105748494
0 0 0 0 0 0 0 0 0 6.07160540918509 16.1414481699467 19.6944909791152 16.6227867205938 10.1063816497723 9.65149576465289 20.342127730449 28.9842238028844 37.7922455469767 43.6791330575943 43.4244970480601 37.4693324168523 36.6605718930562 35.3921527663867 35.8208864927292 37.553941210111 37.1504897872607 39.3296231826146 44.980322321256 44.9578016996384 38.6079202095667 41.3461998105049 41.188379128774 37.6818577448527 34.0124020973841 32.7655822038651 35.6254304448764 31.684418519338 29.6426862478256 33.8260059555372 39.4213249286016 43.1445340315501 61.3697568575541 68.52920850118 72.8386640548706 74.1241226593653 85.4163765907288 85.3874087333679 79.7489086786906 75.9816020727158 78.4068802992503 81.6166947285334 87.5818232695262
1.20365076387922 0 0 0 0 0 0 0 0 0.0608360666471223 15.0457508862019 28.332178791364 34.8686228195826 29.577558239301 20.0249254703522 18.6814330518246 21.6893677910169 30.5003349979719 40.6425123413404 48.329085111618 49.3830988804499 46.6049611568451 44.844518105189 43.7764724095662 43.6881383260091 44.3900972604752 44.4104820489883 46.4116632938385 46.500156323115 39.6014203627904 36.3705605268478 39.2907311518987 35.3970850507418 30.2349726359049 28.5349488258362 25.7609933614731 21.0091720024745 16.3671324650447 16.5099898974101 17.2395184636116 22.4881768226624 24.0283260742823 31.8547462423642 35.4518368840218 42.7685429652532 52.6252239942551 62.1748864650726 70.946604013443 68.4060156345367 62.8538181384405 67.7179247140884 72.8114346663157
1.84932987516125 0 0 0 0 0 0 0 0 0.0371001733583398 4.4462497656544 24.399774769942 42.6043222347895 44.7314878304799 34.5895563562711 21.1151714126269 17.5152147809664 19.4254778325558 28.7133902311325 44.8030382394791 54.6014408270518 54.1167010863622 56.6077083349228 51.8160909414291 49.0715354681015 50.6716718276342 51.3572494188944 48.1027017037074 46.7605839172999 46.2432702382406 39.3771330515544 34.7124189138412 30.0614188114802 27.2927011052767 23.1917773683866 20.8216470976671 15.1340253651142 11.4305491248767 10.2941778798898 6.61038731535276 5.53232741852601 8.93586253126462 13.3254552880923 20.5803414185842 28.8642396529516 36.2763553857803 43.7428802251816 52.0489464203517 53.8955430189768 57.1817954381307 58.8111827770869 65.7695084810257
1.07420313482483 0 0 0 0 0 0 0 0 0.111408745093892 0.296565510022144 16.1407925188541 31.892403960228 42.8988734881083 46.1248060067495 40.1247814297676 35.3804628054301 27.9418304562569 23.1546983122826 28.3750171462695 45.6152607997259 56.7421118418376 61.7864827315013 58.6928228537242 54.7420879205068 55.7872106631597 58.9368293682734 55.5164317289988 53.6782840887705 54.5809765656789 47.5324292977651 36.9503820935885 29.0920188029607 21.8497738242149 16.3553754488627 12.4883130192757 9.33976347247759 6.73148036003113 4.71060878286759 3.43452425052722 1.88563050081333 0.736390861372153 5.25317961970965 8.81785030166308 17.5523000458876 28.5037234425545 33.1985503435135 39.3874396880468 45.5919553836187 49.142728249232 52.6413917541504 58.5934867461522
0.420970725826919 0 0 0 0 0 0 0 0.418337294831872 0.431509106419981 1.6583688557148 10.2817776302497 23.046168188254 37.8708640734355 47.3461300134659 53.0773649613063 53.3004999160767 45.2219694852829 33.3634937802951 24.6676032741865 31.5474942326546 49.8091379801432 57.0380836725235 59.6260180075963 62.2524271408717 63.5062009096146 65.8655862013499 67.1856800715129 62.1155401070913 56.6510061422984 49.4159758090973 43.0298099915187 30.8553030093511 21.9447761774063 15.6190867225329 12.1608252326647 7.8456016878287 4.7179302200675 2.49221222475171 0.674255968381961 0.0451669281270976 0 0 2.97495846947034 6.13416979710261 16.6385670502981 22.1295828620593 22.5249330202738 28.4899994730949 32.3159272472064 37.2564867138863 45.1105932394663
0.479411993486186 0.560496739732722 0.130710842010255 0 0 0 0 0.742631964385509 1.25170165362457 7.62881400684516 12.6548210779826 13.2986791431904 19.457312921683 25.5880678693453 34.039835135142 50.871287782987 54.3461292982101 54.3127954006195 51.0651022195816 40.2824406822523 28.5894547899564 37.8288552165031 45.4002320766449 54.5168916384379 63.4087224801381 68.7461147705714 70.0173278649648 69.3976332743963 68.6107774575551 61.573455731074 50.1216351985931 38.6015052596728 32.4846108754476 19.7586715221405 14.4072572390238 11.1374172071616 5.04252128303051 1.57462681333224 0.174090382643044 0 0 0 0 0 2.09105263153712 5.2852692703406 5.82313848038514 13.0316242575645 18.1047742565473 22.9810401797295 30.247134466966 33.4161048134168
0.435228614757458 0.104477988012756 0.328433040219049 0 0 0 0.106066339261209 0.998601627846559 1.99259025976062 2.19525195037325 9.63498465716839 12.5737922887007 12.6667420069377 15.4688035448392 22.9673534631729 35.0358237822851 42.7778959274292 47.5822587807973 51.8615295489629 52.7892609437307 45.5900977055232 36.7750202616056 39.2163122693698 46.3333427906036 56.8661590417226 64.4828379154205 69.1924194494883 71.3859548171361 62.725360194842 54.0377994378408 50.8119364579519 39.0297050277392 26.2096573909124 18.1598390142123 9.6854834506909 4.70102019608021 1.18053409581383 0.0257386952095355 0 0 0 0 0 0 0 0 1.21823116205633 3.76909784972668 7.05394893884659 12.377808491389 14.3732652068138 16.5440551936626
1.64888861278693 0.044514022495908 0 0 0 0.116896291729063 0.0777041859691963 1.20794959366322 1.88478299727043 1.87812776615222 2.07814713940024 5.89772375921408 6.90649077296257 7.91389867663383 11.8672028183937 22.6178194085757 33.1357568502426 37.4784270922343 45.2103167772293 55.2018582820892 60.0370864073435 52.7450144290924 51.5157679716746 53.5466621319453 55.222362279892 56.90831442674 59.9713722864787 63.8171235720317 60.0877503554026 50.087958574295 39.3259649475416 29.8030227422714 18.5919205347697 10.1835249612729 3.06709793706735 0 0 0 0 0 0 0 0 0 0 0 0 0 1.28592007483045 3.86632047593594 5.11289791514476 4.45513737698396
9.52019107838472 4.18604475756486 0 0 0 0 0.654649687930942 2.79150096078714 2.54615768790245 2.78582858542601 1.92484042296807 1.10047721924881 4.035293435057 0.148252428819736 6.69605905810992 15.445664525032 24.1276373465856 31.7565947771072 38.5770152012507 49.7746566931407 56.6462427377701 67.0383522907893 71.3568280140559 70.1744258403778 64.9122993151347 56.7614585161209 51.4220098654429 53.6968211332957 56.0722102721532 43.6860422293345 27.9314915339152 16.1615187923114 9.73090219000975 1.07358442619443 0 0 0 0 0 0 0 0 0 0 0 0 0 0 0 0 0 0
35.0177039702733 29.0061781803767 10.3888381272554 3.73798174162706 1.357094074289 0.356444468100866 3.4672562032938 3.91137941430012 3.1938919176658 2.48063526426752 1.96946505457163 8.25731021662553 8.07024786869685 7.01699964702129 8.10249336063862 12.0138041675091 20.4610526561737 28.1104569633802 33.4324091672897 35.472904642423 38.905456662178 51.3893614212672 61.6775254408518 67.1689659357071 66.7390177647273 60.2438151836395 52.8562068939209 46.4284867048264 39.1467859347661 31.927431623141 14.9787738919258 4.67538336912791 0 0 0 0 0 0 0 0 0 0 0 0 0 0 0 0 0 0 0 0
