input/barkrak2/radiation/dir09624.grid
NCOLS 85 
NROWS 70 
XLLCORNER 665100 
YLLCORNER 4664600 
CELLSIZE 20 
NODATA_value -9999 
[rows 20 to 39 of 70, columns 0 to 45 of 85]
100.080609321594 87.6154402891795 95.2844421068827 120.92203895251 116.422514120738 99.0871886412303 91.533899307251 102.720707654953 115.461717049281 127.176215251287 138.230135043462 138.344764709473 132.3188940684 136.344701051712 145.989596843719 164.620747168859 176.615695158641 187.705338001251 202.173272768656 219.798525174459 224.960406621297 217.495739459991 214.511255423228 219.018816947937 223.391930262248 223.10996055603 220.172206560771 219.024936358134 218.108057975769 229.118704795837 223.710020383199 228.115717569987 211.120287577311 200.641592343648 195.766925811768 201.91224416097 201.343059539795 203.362325827281 208.020786444346 212.333659331004 213.889598846436 213.555494944255 217.179278532664 210.177501042684 215.103387832642 220.698813597361
131.429801384608 120.372116565704 117.980440457662 146.414885918299 143.667648235957 101.169288158417 100.918879111608 111.79659763972 120.700160662333 127.130667368571 132.983883221944 127.329568068186 129.237651824951 128.20757428805 135.598530371984 152.393082777659 167.007684707642 178.061962127686 191.449999809265 207.30592807134 216.859380404154 229.626615842183 231.283267339071 230.773071448008 222.710410753886 211.417655150096 200.452129046122 198.723991711934 198.553482691447 190.748969713847 180.994013945262 152.143855889638 138.643155495326 141.839285691579 146.157821019491 167.953987916311 176.79637670517 194.661239782969 207.450886567434 208.778818448385 205.731232961019 204.685012499491 197.185099124908 178.071280320485 203.611075878143 215.313732624054
178.661465644836 177.230775356293 162.687162558238 167.013923327128 166.077186663946 126.11652414004 126.08128786087 122.559418280919 120.255450407664 123.76989920934 128.686596949895 130.241066217422 137.294908364614 137.751946846644 140.832523504893 149.358590443929 162.353336811066 176.610986391703 183.860222498576 188.614209493001 191.105683644613 208.438138167063 218.655784924825 221.928795178731 220.083336035411 212.872306505839 195.449550946554 190.909107526143 183.322131633759 180.577953656514 145.601113637288 109.139859676361 70.1967726151149 61.5044335524241 73.9378680785497 97.2309311230977 136.09923919042 165.248453617096 184.526562690735 193.410436312358 198.084314664205 199.516654014587 170.72061697642 145.113497972488 179.199596246084 212.632457415263
213.415265083313 206.719676653544 180.824995040894 173.496882120768 171.587944030762 163.384517033895 147.047648827235 125.578701496124 114.222466945648 117.994238932927 130.812108516693 136.267105738322 144.718299309413 155.322025219599 152.22309033076 154.050797224045 163.332303365072 175.212840239207 182.493607203166 171.671787897746 172.555565834045 177.588740984599 189.570864041646 199.892620245616 204.060574372609 201.146463553111 184.825638930003 177.778820196788 162.403474251429 124.989459911982 91.6872123877207 76.6309400399526 43.882891535759 10.4273135463397 8.69905451933543 26.2464905778567 62.9338522752126 97.3296463489532 114.328404267629 134.034474690755 140.003651380539 132.462918758392 131.000886360804 159.344772497813 170.177737871806 201.274871826172
208.957990010579 207.057495911916 194.889565308889 177.022417386373 162.574162085851 162.867357333501 148.824423551559 139.506767193476 127.157191435496 123.253713051478 129.237433274587 135.466625293096 144.00053024292 152.963101863861 153.128405412038 153.815527757009 161.681175231934 172.230184078217 179.801603158315 171.729445457458 172.488331794739 168.972174326579 177.027424176534 183.498779932658 183.74248345693 183.963775634766 168.705344200134 164.234826962153 142.254143953323 96.6810782750448 79.4250965118408 77.451412876447 53.2706926266352 10.7424731055895 5.55273766318957 21.4339618881543 43.3915356794993 60.8284870783488 75.9398639202118 84.0183397134145 81.8956295649211 79.1184107462565 103.558878103892 187.483827273051 189.385692278544 202.644467353821
196.349084377289 201.729873816172 202.589213848114 181.274930636088 163.182288408279 162.940184275309 162.310570478439 168.070316314697 164.671500523885 151.730954647064 142.988870541255 152.573565642039 155.73051571846 166.438947121302 166.702369848887 160.337746143341 162.152926127116 174.636205037435 179.229279359182 184.665938218435 187.445878982544 183.31104516983 177.468617757161 173.787593841553 173.262159029643 173.446218172709 165.247410535812 150.374154249827 129.121323426565 113.108694553375 109.712938467662 121.341615915298 116.507887840271 56.3415586948395 29.0907248854637 40.7158533732096 45.3929205735525 54.2469471693039 65.5238181352615 63.084214925766 58.6040069659551 62.5576873620351 109.227985143661 186.804016431173 205.666442712148 213.148474693298
196.244736512502 201.226075490316 203.751941521962 187.537054220835 180.085698763529 181.054492791494 188.245316346486 193.41520468394 199.912667274475 192.131777604421 172.034720579783 178.679486115774 177.261094252268 185.552616914113 182.714660962423 172.117074330648 168.498794237773 179.003159205119 184.904356797536 199.859122435252 202.842752138774 195.839246114095 185.293356577555 176.270544528961 175.027092297872 173.317730426788 165.835112333298 154.38257654508 144.099255402883 147.879550854365 163.660287857056 189.450085163116 197.948316733042 187.345008055369 121.75523241361 63.6751850446065 59.9900484085083 62.5067849953969 65.1262899239858 61.8287920951843 78.3569316069285 115.572233994802 151.975015799204 186.635792255402 205.131987730662 210.810244083405
199.077824751536 196.636100610097 198.488414287567 190.619985262553 210.416992505391 205.458104610443 209.685365358988 207.239270210266 210.67621310552 209.801157315572 189.715405305227 183.195551236471 185.65966685613 186.058402061462 186.007916927338 181.462148825328 175.047854582469 183.951258659363 195.506850878398 202.07534233729 199.650386969248 189.155757427216 185.310184955597 184.534072875977 183.254142602285 181.604564189911 176.286598046621 175.559798876444 175.777951876322 188.049674034119 205.392758051554 218.303143978119 225.14283657074 237.52756913503 217.941125233968 122.162292400996 79.355388879776 68.7374373277028 64.0333046515783 59.0867797533671 108.133792877197 187.917172908783 175.723095734914 173.312445481618 184.330185254415 183.778981367747
200.005749861399 187.985956668854 190.522929032644 196.313281853994 232.076446215312 218.285202980042 207.519551118215 200.077990690867 198.639988899231 194.315751393636 183.064619700114 175.421555836995 178.828120231628 183.540284633636 187.508424123128 190.435349941254 185.888767242432 181.879897912343 191.992421944936 195.528646310171 192.273954550425 184.071024258931 184.965014457703 188.99408976237 189.654986063639 183.883508046468 185.372869173686 181.487083435059 184.722383817037 201.823274294535 222.479979197184 236.30694548289 241.255740324656 241.951982180277 246.614972750346 195.702910423279 92.1898782253265 56.2177052100499 46.5307235717773 53.8010944922765 122.874438762665 179.257810115814 166.094779968262 132.333298524221 133.611232042313 130.363712708155
190.748532613118 180.0723473231 184.557795524597 205.851197242737 231.622815132141 216.050227483114 192.801018555959 173.638204733531 157.188793023427 156.011978785197 156.309684117635 158.045291900635 170.527656873067 184.23600991567 189.593354860942 195.701241493225 193.520983060201 179.312884807587 181.798577308655 184.055646260579 182.753205299377 183.183471361796 184.769451618195 190.475861231486 193.557898203532 188.451329867045 193.21080048879 187.36990292867 188.722193241119 208.857595920563 232.136845588684 247.974038124084 246.212522188822 244.315425554911 255.251546700796 252.059737841288 183.835943539937 93.0404861768087 68.4063186248143 76.1312395334244 109.191715717316 129.650255044301 141.613453626633 106.938888629278 99.6717810630798 105.017751455307
190.701266129812 196.361819903056 225.780049959819 270.429074764252 259.918034076691 222.816208998362 184.531609217326 153.828750054042 138.345291217168 144.75483695666 141.772588094076 134.597321351369 163.067360719045 184.626003106435 195.058365662893 201.215406258901 198.992908000946 185.118357340495 185.150901476542 189.569195111593 186.260163784027 191.049853960673 193.461934725444 195.061067740122 198.156297206879 200.602034727732 200.715879599253 196.990291277568 197.374224662781 217.723151048025 241.21485153834 252.830862998962 248.637715975444 254.137059052785 264.17330900828 268.315593401591 260.833263397217 226.340254147848 144.931614398956 101.560006539027 91.168890396754 94.5039987564087 112.388243277868 103.614956140518 96.2954858938853 114.135404427846
209.00704463323 244.486888249715 284.496525923411 303.517063458761 308.341602484385 266.53524239858 217.145502567291 175.37780602773 162.880212068558 173.583467801412 160.777270793915 145.183930794398 158.670604228973 180.805246035258 198.155283927917 204.797625541687 202.991664409637 198.307613531748 191.648046175639 191.132624944051 191.363632678986 195.670227209727 198.41992855072 197.886765003204 202.176888783773 211.376587549845 211.381634076436 216.905693213145 216.841061909993 228.680888811747 244.697729746501 253.961523373922 257.03227519989 264.26907380422 271.123190720876 265.107055505117 263.552188873291 273.606876532237 225.991070270538 145.262052615484 100.253303845723 97.3562598228455 102.679590384165 104.319920142492 124.512910842896 145.147482554118
263.532757759094 292.169153690338 304.010649522146 301.420489947001 314.698954423269 310.520072778066 281.772255897522 243.746876716614 216.00474913915 209.30270353953 200.599312782288 177.392999331156 162.715305884679 177.929878234863 200.595120588938 208.277980486552 203.995009263357 205.584784348806 194.239437580109 192.602078119914 198.702335357666 200.655281543732 200.433293978373 200.087229410807 202.7361591657 216.033697128296 223.412136236827 229.367653528849 228.46124569575 232.025901476542 246.947924296061 257.061958312988 257.077952226003 255.735675493876 258.185148239136 247.500598430634 249.778310457865 250.624756018321 219.593942165375 167.720437049866 131.875018278758 119.025816520055 109.191298484802 105.669409036636 118.098070224126 145.824958880742
291.255215803782 302.816132704417 299.591640631358 291.922827561696 298.478980859121 310.466329256694 307.634989420573 279.922604560852 249.43204720815 229.279518127441 229.576826095581 214.810113112132 188.533902168274 189.469734827677 200.689931710561 204.67754205068 200.736284255981 203.425884246826 195.575416088104 196.478307247162 197.004119555155 198.842883110046 197.716852029165 197.173813978831 204.40944035848 214.215954144796 225.993990898132 227.356712023417 230.145970980326 236.201028029124 249.749779701233 251.220961411794 238.7322584788 230.2086353302 233.610471089681 214.256246884664 213.255842526754 202.031135559082 171.200394630432 148.596256971359 160.802861054738 149.950126806895 130.94891111056 109.255413214366 106.51824871699 127.299060424169
299.719174702962 301.961461702983 304.912348588308 295.95947265625 294.169147809346 301.525712013245 311.224579811096 301.293055216471 266.05498790741 242.387453715007 237.186193466187 231.30597670873 222.01814254125 206.80558681488 202.632923920949 204.805811246236 199.731846650441 196.953634421031 196.851193904877 201.73438390096 197.179992993673 196.310738722483 197.343031565348 197.688519954681 202.54240433375 209.418495496114 220.067322254181 218.0095911026 222.520609696706 237.78643210729 244.720657666524 238.223354021708 225.603739420573 223.147292931875 215.933382511139 198.222478230794 201.655427614848 199.574371178945 187.562266985575 174.252470334371 181.895991166433 189.414044221242 163.627922534943 140.938411156336 123.164902130763 112.296382586161
308.196763197581 308.395485083262 311.697582403819 309.116005897522 302.023371060689 301.78423722585 309.409817059835 309.451838334401 278.614044189453 249.27012125651 237.241645654043 234.267691771189 239.09733692805 218.942046165466 206.634600957235 209.572692712148 204.239805539449 195.955653985341 201.627155145009 202.855626742045 200.687746206919 195.85257768631 200.917879740397 203.672528266907 201.766471068064 207.250118255615 211.459736029307 210.172732671102 217.172304789225 234.324435393016 239.2165462176 232.918302218119 227.91314125061 229.120930035909 211.380004882812 204.492807388306 210.308293501536 215.686321258545 217.862327893575 206.16881052653 171.880841255188 165.668437878291 150.917748610179 139.184812704722 121.764014164607 103.654613097509
304.534018039703 305.649022261302 308.666825294495 307.571411132812 300.410628318787 296.972374121348 304.099023342133 310.128211975098 285.676598548889 250.846187273661 233.501235644023 231.238265832265 235.605041186015 217.23085641861 205.751220385234 212.11971839269 214.097142219543 202.784796555837 203.120311101278 207.859098911285 207.102795441945 201.772848765055 201.804439226786 206.965446472168 202.45615641276 202.095230420431 209.442734718323 215.12899796168 219.613552093506 232.516566912333 239.069163799286 236.323555310567 229.825695355733 229.986488819122 211.853702863057 214.595794677734 218.011498451233 223.716020584106 224.885066350301 207.372307777405 144.099473953247 113.746374845505 100.994765758514 90.9957190354665 92.3366645971934 88.9005859692891
294.403274854024 299.869020779928 305.703202883403 303.489208221436 299.888730049133 300.062239170074 305.60028553009 310.726126035055 296.376287937164 261.643330256144 243.148863315582 229.202389717102 220.276931921641 210.914174715678 200.112561384837 206.533710161845 216.767191886902 210.788687070211 205.3209344546 208.412746588389 210.301061471303 201.367636521657 197.752277056376 201.295852661133 202.353715896606 201.313177744548 205.85842927297 214.78807926178 220.778266588847 225.188950697581 235.500494639079 238.351941108704 233.529369036357 214.701632658641 205.423712730408 223.16441933314 231.211980183919 232.668081919352 226.338783899943 215.263704458872 138.42585682869 80.9051046768824 62.0693465073903 53.0900160471598 54.5878062645594 62.9301766554515
268.661598364512 278.667648633321 284.377992153168 286.997576554616 290.541609128316 299.489617347717 306.030213832855 309.487919012706 302.890658378601 277.346928914388 251.840472221375 233.87215534846 214.877823988597 215.692043304443 202.731649080912 199.543217817942 209.967732429504 209.248741467794 202.897171179454 202.051877975464 202.315012613932 200.230121612549 196.12463315328 197.219451268514 202.176610628764 206.040183703105 205.145160357157 211.942176024119 216.576953728994 217.400113741557 226.632078488668 237.715125083923 229.282041390737 205.152630805969 211.050450801849 238.648215929667 243.725140889486 237.195173899333 227.623740832011 226.869702339172 195.126970609029 110.782672961553 62.0770454406738 49.3212590614955 51.2715280056 49.3050913016001
234.554330507914 242.04154809316 241.818269093831 250.452478726705 263.369580109914 278.36549282074 287.582337856293 293.150544166565 292.203783988953 270.365615685781 245.552937189738 225.989858309428 212.250034014384 210.925141970317 206.012149651845 198.531250158946 204.820295174917 204.918344815572 198.180596033732 197.347104549408 200.481514135996 204.859793186188 202.61005560557 197.298367818197 197.687427202861 201.315879821777 206.942697366079 209.768335024516 215.771655241648 215.008536974589 217.107276121775 227.737426757812 220.498919487 207.755267620087 236.065824826558 253.155589103699 247.890035311381 240.121205647786 234.840909639994 241.765379905701 256.170948346456 225.20254055659 140.914460023244 92.6055014133453 65.6106372674306 50.2374619245529
