input/barkrak2/radiation/dir01924.grid
NCOLS 85 
NROWS 70 
XLLCORNER 665100 
YLLCORNER 4664600 
CELLSIZE 20 
NODATA_value -9999 
[rows 23 to 45 of 70, columns 0 to 51 of 85]
71.8707342942556 61.3258630037308 29.610109825929 12.3475616176923 7.75297482808431 13.1387735406558 14.5055564741294 5.27259334921837 3.78032152851423 3.43918986618519 3.51519013444583 12.3993878563245 14.9183434744676 18.5510441660881 16.5872052311897 17.450787127018 22.9007850090663 31.3727309306463 36.3460133473078 29.8370147744815 28.8867975274722 33.2881361246109 44.2220270633698 53.912694255511 60.9102547168732 60.9179784854253 54.2610585689545 47.5474049647649 30.2476311723391 12.6777365803719 8.73357368012269 2.69883684813976 0 0 0 0 0 0 0 0 0 0 0 0 0 0 0 0 0 0 0 0
71.6026922067006 67.5278007984161 45.7255393266678 17.1747530500094 0.291539394917587 10.042496646444 5.98360225558281 10.9790824353695 4.86847758293152 4.91099494198958 3.49404973288377 8.36702498296897 12.6891111334165 16.5802091360092 17.1509782473246 16.3503761092822 20.1576389372349 29.1694303353628 35.2816184361776 29.0074720978737 27.6558424035708 24.7067858775457 32.1512371301651 39.527416229248 43.7266031901042 45.3689396381378 42.0031646887461 38.38200122118 18.323494742314 7.90685539444288 4.16962988674641 2.79715936630964 0 0 0 0 0 0 0 0 0 0 0 0 0 0 0 0 0 0 0 0
58.9070071776708 63.1679942210515 56.0056418180466 26.568648715814 2.9674768447876 12.9376227657 19.7978553672632 27.4956921736399 28.0043582121531 22.3973542451859 17.8406114379565 19.5187367498875 18.7154933810234 23.8204772273699 22.7585931619008 18.4559089442094 19.8746596773465 28.588113685449 35.2652942140897 37.5839943687121 37.8608629107475 33.9452748497327 31.0852155089378 31.5491706132889 34.1602116823196 36.2134426832199 32.6053599516551 33.2176461815834 19.6619406342506 15.5941148598989 12.7328708767891 15.9493150810401 10.7283170024554 0 0 0 0 0 0 0 0 0 0 0 0 0 0 0 0 0 0 0
57.5898736715317 62.550480167071 60.2087428172429 35.603920618693 12.8332128127416 24.7433483600616 37.1201237042745 46.8885749578476 54.2483826478322 47.4999646345774 31.707522769769 35.3431651989619 31.1420112848282 32.9718912641207 33.7109019358953 24.5840549468994 22.6666827996572 30.1915531357129 36.9520982106527 46.6931958993276 48.8625665505727 45.8038747310638 38.8846844434738 33.2871675491333 33.9022800326347 35.8337635795275 31.8875635663668 39.1946037610372 37.0502000053724 35.6768021980921 39.9131253361702 56.1956514914831 64.1381243864695 43.8754359881083 0 0 0 0 0 0 0 0 0 0 0 0 0 0 0 0 0 0
58.9385479688644 57.9695403575897 58.025320370992 41.4414157470067 36.8591497341792 44.1404481728872 58.9797745148341 62.7204477787018 65.8390323321025 53.1171013911565 42.2266821066538 37.3146285613378 35.7248385747274 35.5428134401639 38.4491235017776 32.9250072439512 28.6648670832316 33.7263345718384 46.2989459435145 50.9061068296432 47.9692121346792 40.0996555884679 38.164496421814 39.4335711995761 39.7142643729846 39.823147157828 37.9345466693242 47.9258199532827 64.4440452257792 68.8722133636475 72.6226568222046 79.2061736186345 89.417576789856 95.0351158777873 51.0522375504176 0 0 0 0 0 0 0 0 0 0 0 0 0 0 0 0 0
61.8890623251597 51.7152597506841 52.2096653779348 44.0560877323151 55.8996299902598 58.2694957653681 61.5348070859909 59.6077392498652 53.3116261164347 43.1064466635386 36.4599873622259 31.9633136192958 34.1297338406245 37.2536778450012 39.4999509056409 41.9968465963999 35.905048251152 33.4492524464925 42.9823050896327 44.9335326751073 42.4395004908244 36.4185372988383 36.1274406313896 41.8495138486226 44.6464618047078 41.4533292253812 42.1452472607295 48.1132666269938 70.8062003056208 83.8100612163544 90.8286174138387 94.7396357854207 101.849347352982 105.085263649623 94.8335528373718 26.0329445203145 0 0 0 0 0 0 0 0 0 0 0 0 0 0 0 0
63.0639890829722 46.9670295715332 47.0439742008845 48.7768898407618 57.5891584157944 57.822917898496 48.5291182994843 36.5694016218185 11.4424688120683 11.2649450699488 21.4593981703122 25.1167565584183 29.2364185055097 38.7547289331754 42.2196437915166 45.3602224588394 42.7221755186717 30.8649142583211 33.4236348668734 36.9807034730911 35.9376023213069 36.1935943365097 36.1475398143133 41.6203464070956 46.8194534381231 44.3313320477804 46.3763773441315 48.301766316096 64.5545224348704 86.1184199651082 99.2037256558736 106.172859668732 106.458187103271 107.362965742747 114.63792125384 95.070610443751 20.6645888586839 0 0 0 0 0 0 0 0 0 0 0 0 0 0 0
62.1532400449117 62.6473973194758 81.1742395162582 109.777530034383 87.4980688095093 63.0062967538834 40.647712846597 11.1899202068647 7.94944477578004 16.7976679901282 7.67607862750689 5.81276789307594 29.3075268467267 39.0108103553454 44.0762986739477 50.2756933371226 47.1804390350978 35.3985552986463 34.7838327288628 38.1810342272123 35.5199227730433 38.9911060531934 40.6437193353971 42.8255101044973 48.5061705112457 52.3943156003952 51.2355715036392 53.670605023702 66.2577499945958 89.6919369697571 105.477780103683 109.854469696681 107.764363288879 114.916225274404 123.857398827871 126.794139544169 99.5026826858521 42.756716410319 1.24189862981439 0 0 0 0 0 0 0 0 0 0 0 0 0
73.4300315380096 104.390184084574 150.265296300252 171.149134635925 150.535106658936 101.458807786306 57.7583461999893 32.0635065436363 26.7459079623222 30.7408248384794 24.6936455368996 20.0538374483585 29.0909856557846 38.4696796536446 49.4790772596995 51.9269158442815 49.2004305124283 43.2083706061045 37.780687212944 38.8674661517143 39.1700863838196 42.0185327529907 44.2467580238978 44.9180354674657 49.457440773646 60.2431197961171 60.2609813213348 66.2941932678223 75.388640165329 91.4350152015686 104.1592558225 110.881984233856 113.987574974696 120.831420024236 125.97781419754 126.691152652105 119.582980871201 99.3895828723907 39.5045752326647 0.34593662712723 0 0 0 0 0 0 0 0 0 0 0 0
129.861960808436 165.133774280548 190.986673037211 192.459344863892 190.248926480611 163.522819677989 122.411767641703 87.1244768301646 68.1985070308049 58.1014106671015 52.7507613102595 43.4256394704183 32.9035048683484 35.7622653245926 46.0041463375092 54.14812763532 47.9078541199366 48.8439152638117 38.5946283737818 36.8801429867744 40.9211566050847 42.2113686800003 42.7813033262889 43.7172005573908 47.9259938001633 60.4463070631027 65.9162998199463 73.8731324672699 82.5543403625488 90.535968542099 100.467542807261 108.823875586192 112.33381430308 109.389086564382 113.392869631449 105.721294879913 107.134401798248 94.7326322396596 51.735798517863 1.96412671357393 0 0 0 0 0 0 0 0 0 0 0 0
182.736456394196 200.859745343526 205.007414023081 202.778140703837 205.543716748556 201.836069424947 179.270068804423 138.968626658122 102.564672629038 80.5752128362656 81.2139014403025 71.5316385030746 50.5941460529963 42.4975256125132 45.92464864254 49.3652323881785 43.2996203502019 43.8074171543121 37.4791274468104 38.7633840243022 37.4365573128064 39.4721354047457 38.8281097014745 39.2379214366277 45.4919238885244 55.3260544935862 65.0340020656586 68.8385665416718 78.65010201931 89.3810292085012 99.3674695491791 102.489332358042 93.9962267875671 84.9751432736715 86.8572990099589 74.3019580841064 75.1831928888957 61.1179769039154 26.4755437771479 0.773523778965076 3.42295877635479 1.59354306136568 0 0 0 0 0 0 0 0 0 0
197.712500890096 206.530372301737 204.601804415385 207.031150658925 206.914941469828 204.161763191223 195.996284484863 165.348132451375 119.131187597911 92.361052831014 94.7733720143636 88.7665251890818 73.6004610856374 53.499033053716 46.3201453288396 47.6049979527791 41.4936418334643 37.8596310814222 37.6197745402654 40.4228642582893 36.5278248985608 36.4628906051318 37.6209666331609 38.8901506861051 42.8972840309143 49.6032734711965 58.6505830287933 59.5818857351939 68.3200110991796 85.0854516029358 93.0043955643972 90.6347731749217 86.1380199591319 79.7886997461319 73.3729501565297 61.8705451488495 65.6602879365285 62.9858771959941 44.1488077243169 12.0240400234858 11.2010464072227 0 0 0 0 0 0 0 0 0 0 0
190.615475177765 195.204317569733 190.925220648448 193.098107973735 192.152102788289 186.055680116018 180.703719456991 164.474248886108 127.054433027903 105.123221874237 100.313673416773 93.577653169632 84.3236843744914 60.0083967049917 48.9980429410934 51.1885186036428 44.4521109263102 36.5745897094409 40.1471729079882 41.2668113907178 40.3200462460518 36.9910051425298 39.9176230033239 44.4605449835459 42.5716588894526 47.3683426777522 51.7549117406209 52.5275568167369 59.2092325290044 76.3705025116603 85.9871705373128 85.0253403186798 87.9557331403096 88.8082186381022 72.7998514970144 67.7788406610489 71.5869267781575 78.014612197876 72.7389653523763 35.3828916947047 0.857109824816386 0 0 0 0 0 0 0 0 0 0 0
164.336542288462 168.207128842672 170.74199517568 167.992810408274 166.537781556447 165.463318427404 169.243156909943 166.708807150523 140.187740325928 113.109399875005 100.950449705124 86.7064595222473 76.9865363836288 57.3030213514964 45.935849348704 50.8369704087575 52.4364610513051 41.8677031993866 44.0335025389989 46.9513386487961 46.6834207375844 42.5453186035156 43.4370487928391 45.8406358957291 44.8139210542043 45.0861304998398 50.8469045162201 56.1862339576085 59.9058568477631 71.3006804386775 83.5515757401784 86.9490206241608 88.7527863184611 91.793030500412 76.5129079421361 76.8091976642609 76.8999805053075 84.8626891771952 84.3672156333923 46.4044312636058 0 0 0 0 0 0 0 0 0 0 0 0
140.565524498622 150.443156560262 161.293218533198 158.434440692266 157.492369413376 164.23112154007 174.317101637522 176.513075828552 160.172512133916 127.907067537308 104.4728855292 78.7109136581421 62.2215817372004 50.6001164515813 42.1280761559804 45.7183172305425 56.7737519741058 49.143522977829 46.3973184426626 49.3225504954656 49.8318423827489 46.0702230532964 44.2417313655218 45.9320247173309 47.2438087066015 46.7408796151479 49.6837198734283 58.0487002929052 60.7996235291163 65.2608126401901 76.7360279957453 87.9611770311991 89.4721150398254 84.2291414737701 73.0722745259603 84.2180152734121 87.8975689411163 91.105838616689 91.7904575665792 66.6076838970184 0 0 0 0 0 0 0 0 0 0 0 0
103.858570257823 115.390241146088 123.790800571442 128.846357266108 136.751701434453 153.697470823924 168.774942557017 176.834583282471 173.573752244314 143.861631552378 109.691252311071 76.8948793411255 57.812437415123 54.8772712548574 47.3951995372772 41.6501040259997 51.7217417558034 52.4353981018066 46.7734535535177 46.6450105110804 47.9186922311783 45.3076958656311 42.4090623855591 43.6089187860489 46.9031085570653 50.5867451429367 50.2698322137197 55.3193191687266 60.091644525528 60.4965587457021 68.7423646450043 83.1957906484604 88.0668560663859 74.701651930809 75.9612570206324 92.0253793398539 97.6234078407288 95.3050752480825 95.657487710317 91.7895237604777 37.6011530558268 0 0 0 0 0 0 0 0 0 0 0
69.2237615585327 75.7931768894196 75.4426817099253 85.4976872603099 101.040740807851 118.871718645096 134.35485959053 147.571275631587 148.725767930349 126.250098148982 90.6872848669688 66.4277772108714 53.5224626461665 51.8332819143931 48.3329196770986 43.3682054281235 48.4640697638194 48.7890342871348 42.5593008597692 42.7896877129873 45.8489060401917 48.8520711660385 47.8960374991099 44.6429351965586 44.0322160720825 46.4244186878204 51.6901810963949 55.4340084393819 59.2409521341324 59.1495335102081 60.864269733429 72.8026727835337 80.928827325503 77.4466743071874 94.8164264361064 101.3196905454 100.239376227061 95.5739518006643 99.5897551377614 112.914611895879 102.917363246282 44.6192920207977 0.0755658450846871 0 0 0 0 0 0 0 0 0
58.3080550034841 60.4015539089839 60.1697564125061 62.3316367467244 71.0642486810684 77.0575056473414 81.2174578507741 86.6275032361348 87.4364872773488 72.5173701842626 56.8656424681346 52.9771695534388 51.6867985328039 48.9090979099274 47.4080244700114 48.4831035137177 47.2015639146169 46.5773542722066 42.3854142427444 42.339081565539 46.4778393507004 51.5720496575038 52.7437676986059 49.4715323050817 46.7452605565389 45.3687310218811 53.2969534397125 56.3009629646937 60.3119830290476 60.0636502106984 60.2456629276276 65.9083724021912 74.829841653506 83.7190747261047 101.5718181928 101.267099380493 93.1928555170695 84.6554537614187 87.2709155082703 102.831900119781 114.014953374863 104.768017927806 55.6831210851669 4.35101240873337 0 0 0 0 0 0 0 0
66.5064007043839 64.0270511309306 64.2675807078679 63.8329784075419 60.5282882849375 58.5398375988007 57.1026553710302 58.4911207358042 63.3191416660945 55.303027232488 48.1741726398468 49.8979240655899 53.0573825041453 53.7338753541311 52.4715532859166 50.6164183219274 45.4689661661784 52.4972875912984 53.7572006384532 49.8989125092824 52.1119932333628 52.6445110638936 51.0810315608978 53.0381997426351 55.1919589440028 50.9068568547567 54.9555321534475 57.5011819601059 59.5879455407461 62.1500015258789 62.7469271421432 65.4037892818451 72.8399753570557 88.9474153518677 95.6707298755646 90.215543905894 80.0369431575139 70.5843915541967 68.6061481634776 78.8519084453583 104.519695043564 109.481910864512 86.1506462097168 34.1541841626167 0 0 0 0 0 0 0 0
70.8294957876205 68.0994441111882 71.0288137197495 69.5828596750895 62.7693235874176 59.6446990966797 57.3826829592387 54.6489655971527 54.7722826401393 51.7258693774541 50.0321090221405 50.1470615466436 54.2102704445521 57.7211678028107 57.9798519611359 54.8536429802577 51.8845270077387 57.2583029667536 59.6626996994019 53.9462467034658 51.6344308853149 50.0518431266149 46.1852202812831 48.1104751427968 53.0581176280975 50.4068533579508 47.6202766100566 52.2199670473735 56.119292974472 58.948223789533 61.1266195774078 60.9868218501409 70.169265071551 88.4758234024048 94.7095155715942 80.9321304162343 70.6813236077626 67.3134724299113 67.4019108215968 74.3541171153386 81.1670521895091 83.9787522951762 72.4168320496877 41.9715742270152 0 0 0 0 0 0 0 0
55.3269783655802 57.9944550991058 66.6524370511373 64.0693207581838 66.6362543900808 68.9739485581716 68.0384635925293 63.9840066432953 53.7616113821665 52.3226161797841 55.7612081368764 52.3576190074285 52.931010723114 57.0719341437022 58.0574721097946 55.4728706677755 57.5317243734996 59.559553861618 59.2254251241684 54.6162078777949 50.1404901345571 47.2107827663422 45.1198021570841 45.2081908782323 47.860786318779 52.0084649324417 46.9373464584351 49.4361321131388 53.5073479016622 54.85766629378 53.4177869558334 52.7422328790029 62.2460941473643 76.1866668860118 81.4946989218394 72.3800112803777 68.7603652477264 71.5805192788442 73.6179848512014 75.1007894674937 70.5117930968602 68.5922006766001 64.926008383433 40.8262858788172 3.49023627738158 0 0 0 0 0 0 0
53.7822395563126 59.5982571442922 62.5338653723399 63.3481641610463 65.1155908902486 67.6920264959335 67.9643452167511 64.1399919986725 59.8734964927038 55.9257318576177 57.5103759765625 55.2411576112111 52.3416101932526 51.3140757878621 50.6238490343094 51.3942142327627 48.6528774102529 55.5203507343928 57.1298350890478 55.0874720017115 50.9994824727376 48.9188134670258 48.4968523184458 49.6527453263601 47.2977161407471 56.059663494428 58.9657574892044 55.6356459856033 55.3602228562037 53.7872811158498 49.5926092068354 47.34039803346 53.8768917322159 57.545930147171 63.5061860084534 66.8057054281235 70.9043244520823 77.0750939846039 78.4290929635366 72.0220804214478 70.3017165263494 65.2889708677928 62.4070465564728 45.3020880619685 16.3234571615855 0 0 0 0 0 0 0
59.9964012702306 64.6712233622869 61.8468970060349 65.2680993080139 63.808798789978 63.8939738273621 65.5935307343801 64.2121732234955 65.4468288024267 61.3093227148056 60.4167530934016 59.7942968209585 54.9327830473582 50.8865416049957 49.9681929747264 53.4644623597463 49.3053744236628 53.2841732104619 57.0944646994273 56.4230531454086 53.5931090513865 52.2875885168711 51.7346461613973 53.8400113582611 54.5358260472616 55.3557773431142 60.9093457460403 59.0525170167287 56.4664254585902 54.9142261346181 50.9124894936879 47.642394900322 51.4321575562159 49.9412069718043 50.6838063398997 54.2293836673101 60.6379409631093 69.9907541275024 68.9002672831217 58.2976837952932 62.344878911972 57.9438259204229 57.5964748859406 54.9732198317846 37.7036879460017 8.50688417752584 0 0 0 0 0 0
