input/barkrak2/radiation/dir02224.grid
NCOLS 85 
NROWS 70 
XLLCORNER 665100 
YLLCORNER 4664600 
CELLSIZE 20 
NODATA_value -9999 
[rows 46 to 68 of 70, columns 0 to 51 of 85]
63.2814466953278 64.8288428783417 67.6717261473338 69.687674442927 69.4022476673126 69.2531814177831 71.1159954468409 72.8605737288793 69.3276723225911 68.2171583175659 67.1173582474391 66.2037531534831 62.4685982863108 59.793363014857 59.5711966355642 62.890832622846 61.5239987770716 56.3424279292425 61.1803630987803 60.7345600922902 57.957669099172 58.5286418596903 58.298314611117 56.3314259052277 63.8221204280853 57.5770835081736 59.1502885023753 59.9898993968964 59.9344273408254 59.1075966755549 57.4369132518768 53.5072187582652 53.895910580953 53.4903258085251 56.1229735612869 56.9020211696625 58.5666497548421 63.0003164211909 64.9956166744232 61.9239906469981 63.043087720871 58.1825872262319 63.5909636815389 69.5740928252538 60.9010954697927 31.8787222107251 4.06611524522305 0 0 0 0 0
57.1741213401159 59.556245803833 65.2574400107066 66.9872214396795 70.593516031901 72.1113036076228 70.1453785101573 69.8451350132624 69.8016633590062 72.1964339415232 69.1397438446681 65.8820122480392 64.2804553111394 64.2809420824051 62.4074637889862 61.169296503067 60.3314886490504 53.2552947600683 57.8687091668447 60.0490917762121 57.0055494705836 58.0532054106394 60.7139815886815 55.2086979150772 58.1194857756297 57.6445360978444 53.7166992823283 57.1107069651286 58.4400395552317 58.0642869075139 58.7465018033981 57.6005776723226 53.144449989001 57.0062100887299 66.0108725229899 71.2740421295166 66.0668114821116 60.1314306259155 63.0129675070445 71.1972713470459 66.3916170597076 59.8631550868352 66.3329213857651 72.4009821812312 64.6992872158686 47.8659669558207 16.5165091554324 0 0 0 0 0
50.1363575458527 53.3453623453776 58.6059838533401 62.4651710192362 68.9689964056015 72.5267330805461 69.3222930034002 67.449818054835 71.5277592341105 73.7083107233047 71.6258684794108 67.6184644301732 66.5933390458425 67.3397481441498 64.8296376069387 59.1598451137543 58.5560252269109 54.0181150039037 57.4484467506409 61.07131143411 60.9075973431269 60.9820584456126 63.7807150681814 61.1273447672526 58.0347875754038 60.3845814863841 57.5493474801381 61.62495414416 65.6667202711105 68.8649515310923 72.8192031383514 71.4995463689168 62.9026542107264 65.8540825049082 72.2488015890121 80.6788305441539 79.169566432635 68.9529577891032 65.0034099817276 69.3562527497609 64.5263493061066 57.8561623891195 55.7819753885269 56.4586718877157 54.8360844453176 54.0220787127813 44.5085267225901 5.48961758613586 0 0 0 0
49.0103562672933 46.9468633333842 51.1931777000427 59.3119611342748 65.0998850663503 68.3906773726145 71.0775206486384 73.8404095172882 74.8037894566854 71.657011906306 73.5742350419362 73.4815845886866 70.1421002546946 67.4765507380168 66.2066539128621 61.4046305418015 59.9111020565033 57.5308203697205 60.5776458978653 64.8060987393061 66.3343022267024 67.17882057031 64.5632098118464 66.0259425640106 61.6089850664139 65.5120710531871 66.6179458300273 70.0997114181519 76.2345939874649 81.6245973110199 88.3775353431702 89.392880598704 78.2722781101863 73.0043649673462 72.4704911311467 80.5085649092992 83.2201341787974 78.7281443675359 69.2269653081894 61.1597001552582 55.9333513180415 57.8649540742238 56.4114699761073 52.8580000003179 49.1292575995127 52.4115065733592 45.2339102824529 12.3582171897093 0 0 0 0
49.3630816539129 52.8110067049662 56.4315219720205 62.7916256586711 63.2953594128291 63.7319733699163 71.7713832855225 76.8932600816091 76.9455035527547 76.5304068724314 76.2914667526881 76.0509073734283 72.3979373772939 68.1682974100113 68.2232876618703 71.4935958385468 64.3054693937302 64.0914688507716 64.7889177004496 69.5266872644424 70.5749889214834 68.4470335642497 65.0477210680644 66.1123593648275 62.3463739951452 68.3040916919708 73.4861294428508 76.1816104253133 82.1812053521474 88.3391499519348 94.3055351575216 96.9424148400625 90.3771122296651 76.5013148387273 67.5701449314753 61.2807422876358 70.2485740184784 83.8015675544739 74.4047462940216 58.215210835139 51.9574582576752 58.7903658548991 62.0621939500173 59.592733780543 53.989976644516 51.7641256252925 29.3300996224086 16.8018775681655 0 0 0 0
50.1149445772171 61.0545774300893 63.3203585942586 64.7483915090561 62.9353870948156 62.2832675774892 70.1165745655696 75.5459566911062 75.3771861394246 80.6272675593694 78.1959940989812 77.0585536956787 75.0042498111725 70.4664885997772 70.4348385334015 75.9278833866119 69.4519430398941 67.0143266518911 65.0398035844167 66.1802589893341 66.6877180337906 64.7689004739126 65.2635494867961 61.4075362682343 59.6996446450551 63.1500979264577 69.800466299057 72.3423014084498 76.158548394839 82.5267384449641 89.8238619168599 95.5706834793091 92.6254292329152 69.5811112721761 26.405597726504 25.8888155221939 33.5294728477796 63.5400762160619 77.2967090209325 75.3132353226344 68.9094364643097 65.3865039348602 54.845521847407 49.0732888380686 60.0833892822266 49.9080369869868 29.1693384448687 22.5163425008456 2.2365798552831 0 0 0
53.6043693621953 52.051916718483 51.2017905712128 53.3860226472219 59.8986844221751 65.4489348332087 66.2749956051509 72.1274614334106 72.1158434947332 76.9003729025523 77.4790147940318 79.286386569341 78.6740283171336 73.9098787307739 72.5194911162059 70.621261994044 72.5107342004776 66.5948589642843 60.913493235906 59.125617146492 58.8754862546921 60.3367537260056 61.8248631556829 56.1957508325577 58.15223356088 55.9846262137095 56.7310551802317 61.9934797286987 64.5948052406311 68.2977686325709 70.735106865565 79.2623062928518 77.8175493081411 55.4008732239405 21.929124991099 13.6467628180981 14.5080164074898 23.8487670818965 53.0958076318105 68.1811173756917 77.4242083231608 65.0542130072912 52.2078275680542 43.9373950163523 48.6829231182734 36.0370998581251 28.5226255655289 41.488324602445 24.4867602984111 2.45998955021302 0 0
56.2359889348348 46.7574298381805 44.6831583976746 49.7052719195684 60.6601536273956 69.5035457611084 68.9490487178167 70.1796760161718 72.7929373582204 73.3177115519841 75.6304959456126 78.2835334539413 80.1044454177221 78.4041980902354 74.0772883097331 71.0697869459788 74.1065591573715 67.5909022490184 62.7426356077194 62.7101610104243 62.7353092034658 60.905988017718 58.8282446066538 55.9946397940318 56.408221522967 54.5078366994858 52.7595529953639 54.557462533315 55.4797351360321 56.603416800499 48.0393121639887 51.6469528277715 54.3086330095927 29.8018455505371 23.7039575974147 14.616164068381 5.47536586721738 4.12342138588428 12.6166480282942 34.8403056462606 60.0908597310384 57.1123460928599 45.4043745994568 40.6379178166389 28.4501860539118 29.5490846037865 27.1665255228678 48.5657801230749 56.8498422702154 36.5936110417048 8.6096990853548 0
56.4910769462585 51.0741422573725 49.1076757510503 54.2627622683843 63.2890611886978 70.8310355742772 74.0252882242203 70.1995988686879 74.5636224746704 73.0670988559723 76.9084145625432 78.780268629392 80.1207472880681 81.7871391773224 77.2296090920766 76.5808572371801 76.3699611028035 71.3001241286596 67.7203088998795 68.2232230901718 68.2847102483114 63.8752182324727 61.2344642480214 61.7037812868754 58.2442432641983 58.9063415924708 55.6198755900065 52.5113840897878 47.9700267314911 46.7095871766408 39.4738068183263 41.8430765469869 48.830176393191 50.8604496717453 48.9875674247742 37.9236191511154 16.4844716588656 5.70640650888284 4.39222405354182 9.97210914889971 26.351531346639 30.9819430112839 26.7282128334045 20.3401247660319 20.0520555178324 25.8921931187312 28.6779006322225 41.2670373916626 52.56720383962 57.4462711811066 38.1747682889303 6.83778276046117
59.6715112527212 58.2327346007029 54.6975483496984 53.5482317209244 59.3884885311127 69.967379172643 72.070042292277 70.0312306483587 71.8924204508464 76.9858360290527 83.2575062910716 84.0632617473602 82.3735495408376 82.9074680805206 80.6271483500798 80.296665430069 80.6565831104914 77.7078370253245 72.5669066111247 69.5822238922119 67.5513744354248 66.2076572577159 67.2901372114817 68.7927305698395 65.0665660699209 61.1717800299327 54.8895100752513 48.4660863876343 41.4438719550769 39.4537299871445 41.0266468922297 46.7443913221359 53.1830042600632 65.0541633367538 70.0602928797404 67.7892218033473 56.3187599182129 37.2755602002144 26.9684121012688 9.41300267974536 15.1848954459031 25.9013747175535 30.499204993248 21.4800387620926 23.8364115357399 37.8686139980952 58.0657174189885 51.8459677696228 46.6985801855723 53.0149986346563 44.3001240491867 12.1523564060529
62.2072865565618 61.6381466388702 60.5326940615972 57.0170780022939 58.2684377829234 67.3588613669078 69.6822007497152 69.8678990205129 69.9134916067123 79.1593541701635 87.0727002620697 86.0071778297424 81.3384205102921 84.1189026832581 85.5259696642558 79.6638429164886 81.450213988622 79.3648262818654 74.9895721673965 72.3055998484294 70.7570016384125 71.9225406646729 69.2134698232015 67.1405146519343 64.1094297170639 59.9658538897832 41.1003232002258 16.8306368092696 15.3236277401447 25.3022462129593 37.6655136545499 43.6988274256388 51.3141651948293 58.7457716464996 70.1503505309423 81.9157212972641 74.3348846832911 66.6365027427673 50.4075388113658 30.3582822283109 17.0006987949212 26.0651061932246 48.4444300333659 48.4242935975393 47.4789788325628 61.2967312335968 85.906704266866 75.3308832645416 53.1599670648575 40.129562218984 31.2169392903646 13.6400399108728
61.1230880022049 59.2069029808044 62.8818770249685 63.8823807239532 61.3680928945541 63.9797548453013 69.6733146905899 70.6937164068222 71.0251877705256 78.8718064626058 85.8644843101501 84.0975443522135 79.5913835366567 82.8833431005478 86.3106747468313 76.9983430703481 79.1309376557668 77.4651120106379 75.9337196747462 76.9062687953313 77.0640671253204 76.8620719512304 71.783314148585 66.1612302064896 63.9100124438604 62.4644060929616 44.4366882244746 25.6880248586337 25.3464505076408 33.0070704221725 43.2568589846293 48.3683149019877 60.8973403771718 70.1636970043182 81.186388929685 77.3305892944336 71.7027982076009 30.7126839955648 31.2134052316348 31.8403442700704 38.866842786471 47.7565179268519 57.6863537232081 30.0350611408552 23.9607840776443 28.5386691490809 65.4350022474925 61.1764887968699 48.0096936225891 38.5926688710848 32.4554493029912 25.0123192866643
49.9519854784012 57.42380519708 60.839702685674 63.5976245005926 63.7453695138296 60.4939162731171 69.7218825419744 73.6470073461533 74.4705895582835 79.5830587546031 82.1362882852554 81.6753953695297 80.7065665721893 78.9490789175034 80.5357992649078 76.9883940617243 73.9067246516546 77.4809370438258 79.61073021094 80.3549140691757 82.9338083664576 78.9208660523097 75.9097884098689 69.6690082550049 68.2056099176407 67.5859153270721 64.1292532285054 56.071013212204 53.7247161070506 58.5935413837433 56.8688213825226 55.6264171997706 73.3251472314199 83.2923799753189 67.4508015314738 57.0359925429026 36.1988594134649 17.2547561426957 8.10058725376924 17.1777581175168 17.478559166193 50.4357318083445 59.1361174980799 48.9238599936167 36.5463768442472 38.1340309977531 52.4135877688726 56.9032231966654 54.2079706986745 47.4593291680018 41.0177583495776 40.5180131395658
40.4167249798775 54.8797845840454 58.8693519433339 61.8041753768921 64.801812171936 60.9564085801442 65.1224553585052 73.0389505624771 83.9278995990753 85.1685603459676 80.7066063086192 78.2447655995687 80.2170187234879 79.5538028081258 79.7469913959503 77.2508482138316 73.4990338484446 75.9031275908152 74.9054253101349 72.7022190888723 74.1230646769206 73.2626666625341 72.9050387938817 71.155587832133 71.2829579909642 76.3437102238337 83.6625695228577 87.3373647530874 71.9544490178426 67.5007253885269 56.5396497646968 52.6289095481237 67.850003639857 60.4997475941976 27.037687599659 19.6661750475566 18.7127316991488 12.2643485665321 2.46215984225273 0.368886549646656 0 17.5544085601966 54.0885627269745 75.7398704687754 81.0294151306152 75.1807292302449 74.3184338013331 74.5056718587875 73.9573091268539 62.7977401018143 51.808421810468 63.4891341129939
42.1331624190013 52.1342903375626 59.2771470546722 61.7854793866475 63.356543580691 63.6237064997355 58.0701331297557 67.6770210266113 88.1147782007853 86.8443548679352 78.4441332022349 75.4137337207794 78.4046500921249 81.9500386714935 80.8929999669393 77.6632378498713 76.6215473413467 74.131041765213 66.8402910232544 60.6354971726735 61.1479580402374 65.0745530923208 65.2221143245697 69.3623622258504 71.2910592556 76.5205770730972 92.8375522295634 97.52157330513 84.4929218292236 70.578987399737 55.688331524531 45.8778242270152 47.1049100160599 47.7368533611298 25.1847157875697 15.228437880675 16.3300149142742 23.0417897303899 15.251645197471 4.09503467381001 0.00760160825545123 5.48978770772616 27.3592124382655 59.1545651356379 63.1381720304489 59.5589876174927 59.1324269771576 68.6813294887543 64.5517408847809 58.0113381147385 59.1287513573964 95.1443314552307
53.697814544042 56.8554649750392 59.2789153258006 55.8869192997615 49.9834269285202 47.3625808954239 55.0873378912608 60.5725447336833 70.5054849386215 66.649317741394 64.0866607427597 68.7588850657145 76.7032454411189 78.8473188877106 74.7983853022258 76.7546594142914 76.9758770863215 71.2207456429799 63.2214844226837 57.3733001947403 57.0041735967 58.032696445783 62.3304148515066 65.5766228834788 64.9183342854182 70.3186293443044 84.0975145498912 90.0232891241709 78.572819630305 63.0092720190684 54.4267594814301 39.3544510006905 36.6333251198133 51.2099663416545 47.2843448321025 24.1130044062932 24.1242398818334 56.0648739337921 53.4676611423492 37.7617403864861 10.7766104241212 7.28981817762057 17.037292321523 25.0709106524785 23.6842955152194 25.5986501773198 30.9994245568911 38.4411364793777 45.6773241360982 50.6182213624318 73.6607809861501 128.998359044393
65.3542627890905 62.069445848465 58.2485397656759 51.1044363180796 41.207214196523 34.9781637390455 44.6307013432185 44.9329316616058 35.4823147257169 34.5432410637538 45.4131066799164 58.418204387029 64.9130741755168 68.9675013224284 72.1760342518489 82.8280548254649 85.4949553807576 76.5933593114217 67.8526858488719 64.4582311312358 61.2877309322357 60.3311161200205 62.7417862415314 61.9294792413712 62.8850708405177 65.6023522218068 73.3362287282944 75.7576475540797 71.410005291303 50.3409256537755 54.6099146207174 44.7516143321991 39.6773889660835 60.0192546844482 66.3111011187236 54.0070682764053 44.1020329793294 33.4820076823235 42.2748227914174 43.7219838301341 30.3438305854797 16.1636049548785 16.6760161519051 17.2120307882627 11.2552319963773 12.4737744530042 20.9035724401474 23.2354005177816 24.4384879867236 51.2812932332357 100.389411052068 144.803047180176
68.2185639937719 61.5566472212474 56.6833217938741 52.7816812197367 45.5629924933116 39.3971130251884 34.952720006307 30.6045611699422 13.9848763744036 22.1058229605357 38.3674750725428 52.9073178768158 52.8028905391693 60.7920289039612 74.7516949971517 90.9911394119263 96.571942170461 89.347650607427 80.6964635848999 76.4402647813161 71.0286597410838 69.2535887161891 66.988875468572 63.8855745395025 60.9959860642751 63.9486561218897 63.5092655817668 63.1529092788696 59.2103699843089 43.4018820524216 41.1922459801038 42.7674601475398 38.833682735761 62.8483444452286 83.0041070779165 86.2453977266947 60.2030207713445 21.6743722558022 17.8874135017395 23.9184995492299 30.4455831646919 21.8148604035378 25.2734174331029 21.9905922810237 16.259445498387 10.6397556761901 17.6256261765957 30.6264484922091 38.2175991932551 65.9417460362117 132.814000050227 163.878460725149
70.8822806676229 65.4271344343821 64.0359272559484 65.2200728654861 61.8450790643692 55.3356111049652 50.0922650098801 50.6636401017507 49.2618183294932 54.7580073277156 63.1806353727976 69.4015969832738 69.7313547134399 64.5530521869659 75.2210716406504 91.7108654975891 102.358857790629 102.538019418716 94.9627757072449 84.8587552706401 78.7232965230942 73.0842600266139 72.6713488499324 71.5119043986003 62.9215637842814 57.8654954830805 54.3637126684189 54.8375050226847 51.6841560602188 50.8080472548803 33.3106219768524 31.1946968237559 21.1243331432343 45.3139146169027 90.4993017514547 100.52145520846 67.3089921474457 28.4287383159002 11.9380491475264 12.0440224806468 15.4676859577497 12.9307992756367 24.7873365879059 39.837325612704 40.9440125028292 28.0985608696938 28.0817026893298 44.4015761216482 71.9664891560872 118.824621041616 151.517470677694 164.180407921473
71.7288106679916 68.9186652501424 69.1313842932383 70.4229821761449 70.0485010941823 66.1405871311824 65.7981683810552 73.817769686381 90.895672639211 86.4900847276052 77.4881988763809 78.7064631779989 85.0046575069427 72.0368375380834 73.2381641864777 82.045038541158 91.6985074679057 98.7825194994609 99.1340080897013 92.0925835768382 86.0552986462911 79.8756827910741 74.8312224944433 72.5565254688263 66.4156277974447 52.4100164572398 46.3509658972422 44.8458294073741 45.3937004009883 33.6767981449763 18.9275878171126 16.79660876592 11.7176547646523 11.8950655062993 87.0265364646912 101.925551891327 82.0083369811376 69.7239637374878 36.9239052136739 7.33341773351033 1.65362035234769 0 14.2205655574799 44.4339613119761 51.4481117328008 41.4476667841276 40.0899524490039 64.9304240942001 124.927580356598 170.709987481435 162.728786468506 149.547159671783
70.866122841835 67.3705438772837 61.5545908610026 56.6463669141134 57.0359528064728 59.1699381669362 59.0496361255646 71.6531127691269 82.720215121905 77.8379986683528 67.6247676213582 67.5121545791626 78.7217617034912 74.2595195770264 70.4222520192464 69.1086699565252 70.1614717642466 77.3247232039769 87.7578854560852 92.3716425895691 87.9311760266622 81.8177610635757 74.7129519780477 69.1541284322739 59.3570868174235 54.2054971059163 39.0837838252385 34.2473834753036 40.7810856898626 36.9939655065536 18.8781283795834 13.1225561102231 5.53532813986142 0 4.95040913422902 91.8880999088287 98.6790458361308 110.347251097361 91.7809208234151 40.2526011069616 6.31855552395185 0.109579181298614 6.35056135555108 33.79754225413 57.4258764584859 78.471432129542 100.688884655635 153.285473585129 195.034921169281 205.150604248047 188.973347345988 155.062039693197
73.1923580169678 71.0408687591553 64.8977855841319 57.7750702699025 56.2104632457097 59.0546727180481 50.8267730474472 48.7707853317261 48.7203846375147 46.8755712111791 40.0233864784241 37.2872427105904 42.8389509518941 60.0679765144984 67.3117786645889 62.8767261902491 51.8876314163208 46.8891163667043 58.2722077767054 80.5557717879613 81.889882683754 75.9327113628387 69.3089465300242 63.8017505407333 57.9597453276316 53.962916135788 43.0208096901576 20.8956350882848 33.1608057022095 46.3468581438065 30.1276221871376 17.7999176084995 8.68003194530805 0 0 71.7189162969589 112.097223599752 126.924693584442 113.432804743449 83.4341843922933 48.8870193560918 16.2616260349751 13.6281425754229 33.4818164507548 68.0084774891535 134.144067764282 176.334540049235 207.672894001007 216.443181037903 215.732753276825 205.741683642069 175.824602444967
74.9632219473521 74.8522380987803 72.1793671449025 68.4625854094823 66.5013094743093 65.6567563613256 49.5050052801768 34.4253256917 34.9633569518725 37.3313079277674 34.4859808683395 31.6055317719777 32.9727058609327 55.9916198253632 70.3505973021189 61.0848317543666 39.029394586881 27.5974224011103 31.3662439584732 49.9126613140106 59.5552424589793 62.6471986373266 63.4731352329254 57.6331516106923 49.3921289841334 45.2385544776917 34.641886750857 11.8245556950569 25.2550269166629 49.8120486736298 59.0459803740183 51.9487708806992 31.0654441515605 0.185017648618668 0 48.7492680549622 105.988244215647 114.006221294403 94.0195818742116 91.0149216651917 97.0137615998586 81.875483194987 58.7109873692195 74.6457576751709 129.551897446314 175.839086373647 199.407279491425 210.45043071111 212.145686149597 209.870457649231 204.78759209315 181.552231311798
