input/barkrak2/radiation/dir01124.grid
NCOLS 85 
NROWS 70 
XLLCORNER 665100 
YLLCORNER 4664600 
CELLSIZE 20 
NODATA_value -9999 
[rows 0 to 22 of 70, columns 0 to 51 of 85]
49.763083457946799 65.8506751060486 74.2143938938777 93.1951800982157 98.4888672828674 98.7312098344167 106.795569260915 116.159876187642 125.101228555044 128.271083037059 129.050036271413 125.225206216176 120.825201272964 121.52311205864 121.581097443899 107.042968273163 95.1613386472066 86.2343907356262 84.6392810344696 85.28932929039 93.3036506175995 111.168086528778 126.635770003001 129.194229841232 132.339765628179 140.547007322311 139.313936233521 135.499507188797 129.877756039302 131.468633810679 130.972315867742 150.778988997142 182.500700155894 175.265987714132 174.489835898081 168.561716874441 172.394315401713 177.628695964813 174.467802047729 174.112439155579 174.459298451742 184.170504411062 189.806302388509 182.780802249908 173.831025759379 180.393099784851 186.763127644857 141.213317712148 97.8459815184275 93.9392745494843 115.029642979304 155.558298031489
32.529890537262 44.8750803867976 52.9538045326869 60.2128803730011 73.8355219364166 81.237514813741 88.8591408729553 98.8309582074483 108.071535825729 113.498091697693 132.890850305557 128.250271081924 123.143891493479 123.206476370494 121.655682722727 109.476546446482 101.645837227503 92.2103822231293 89.8005962371826 89.2674326896667 101.234674453735 124.430765708288 138.629963000615 138.239204883575 138.958245515823 143.278261025747 140.589505434036 134.239544471105 133.834173281988 136.330207188924 137.526462475459 159.123718738556 182.0903023084 175.437092781067 173.051953315735 169.215321540833 174.58963394165 178.532461325328 173.417111237844 171.466151873271 170.554439226786 173.89452457428 173.482656478882 164.402147134145 161.066869894663 174.797693888346 178.772409756978 133.266389369965 105.198492606481 114.831745624542 142.563472191493 176.284988721212
13.4829618036747 16.6966045896212 24.9597306052844 29.9903079867363 38.2811625798543 43.9851433038712 53.5735686620077 69.0806855758031 80.8491557836533 84.1979781786601 97.7931718031565 105.824371178945 119.212925434113 133.461773395538 133.435904979706 133.578777313232 127.709786097209 117.769499619802 104.294131199519 97.8326400121053 109.982907772064 124.597599109014 136.318316062291 138.723343610764 140.473465124766 139.807095130285 138.301293055216 133.227010567983 133.183697859446 140.947918097178 152.719020843506 169.175128142039 179.632186889648 176.756421724955 172.448356946309 172.051469484965 179.039597511292 181.217928727468 172.772824764252 168.869475523631 165.532112121582 159.20157233874 149.10085995992 142.87394285202 147.901316483816 162.472307682037 159.696151812871 126.994798580805 122.389654318492 142.074247201284 166.119257609049 185.76717376709
5.20519260317087 5.81589403251807 7.8329723328352 10.1613141596317 10.032186905543 15.2856074273586 21.3874975840251 32.0575386285782 46.8741556008657 56.7154387633006 71.8374351660411 82.7993055184682 93.542883793513 97.6335604985555 99.9540686607361 111.141959826152 110.506276289622 99.845826625824 92.7836795647939 90.5077258745829 90.3439521789551 97.5876450538635 108.901311953863 118.295888106028 125.831852356593 127.926011880239 130.882084369659 131.983687480291 134.818156560262 140.092353026072 147.52655227979 170.934617519379 175.765713055929 173.031171162923 170.423269271851 170.520067214966 172.680199146271 173.274417718252 166.765153408051 157.227595647176 153.104245662689 146.001686652501 145.862559477488 153.582036495209 158.515562613805 152.897497018178 144.401649634043 124.431550502777 131.603578726451 144.887189070384 164.472232262293 182.156284650167
12.727798273166 7.25655257701874 3.38464137166739 0 0 4.35312030216058 14.112817744414 19.9349497755369 27.8000359733899 32.2304616371791 41.8533086776733 54.1316618522008 63.8280461231867 73.136513431867 78.866312901179 82.3069512844086 80.7454685370127 82.2437703609467 79.8360506693522 79.6325455109278 80.7556311289469 83.2518041133881 90.642899274826 101.359138886134 108.64653189977 116.670072078705 123.889625072479 126.783678929011 132.506569226583 133.407245079676 139.19601837794 152.973572413127 150.152951478958 153.548657894135 165.574630101522 166.668832302094 163.223961989085 160.548816124598 152.256300052007 144.366602102915 144.015888373057 144.905219475428 152.861068646113 161.309242248535 161.245693763097 139.598478873571 116.146951913834 114.522059758504 125.357309977214 143.531183401744 170.771797498067 182.898322741191
36.2771426637967 20.1144441962242 8.35948313275973 1.2053483321021 0.267508847173303 2.2900045538942 7.59178772568703 15.5254031221072 18.5954533517361 21.1655249198278 25.5502909421921 31.1343347032865 36.0019927223523 40.338342388471 47.5172450145086 52.4653643369675 58.1043362617493 68.4383014837901 75.523520509402 80.757608016332 85.8323375384013 89.232991139094 90.0163054466248 95.6754585107168 102.092693249385 108.441571394602 113.46098780632 120.560983816783 126.929680506388 130.992035071055 142.231325308482 146.727244059245 140.506048997243 139.57600792249 143.208682537079 144.264727830887 146.861284971237 151.839127143224 144.389649232229 144.688745339712 144.133269786835 143.741627534231 147.664994001389 150.44226249059 144.933750232061 117.815752824148 94.271977742513 103.934774796168 122.572124004364 156.55110279719 180.94931046168 187.360088030497
53.7775208552678 36.1914783716202 23.0568647384644 12.6567383607229 4.32852065811555 2.0646375293533 3.07380625357231 7.7434362222751 15.9555561840534 19.4654601315657 19.8252225915591 18.5875035822392 18.6417326331139 19.0228385229905 21.4645887414614 30.4684340953827 39.4251793622971 54.2138864596685 66.6718482971191 78.2165428002675 87.2473220030467 93.0489699045817 92.2580162684123 93.6965644359589 96.2392886479696 99.5081265767415 104.904403289159 111.107915639877 118.581791718801 129.855970541636 137.927005688349 141.371587912242 130.096366008123 127.915581067403 126.875847578049 129.707316557566 130.837957064311 127.748092015584 128.34487358729 132.624566555023 126.694103082021 127.395172913869 133.72736175855 142.289857069651 140.408933162689 136.071264743805 141.22149348259 146.053264538447 156.150291363398 170.501252015432 174.989799658457 173.839390277863
64.4822965065638 51.1279801527659 36.1611917614937 26.8554737170537 15.865545719862 5.30582231779893 2.36370631804069 0 7.43704537550608 16.1889207859834 19.9103554089864 20.6975316007932 19.5921597381433 19.3633697926998 15.7730765640736 17.7340010801951 25.0592629114787 35.0764940182368 48.487996061643 64.3292864163717 75.4556804895401 85.504690806071 94.5785244305929 91.3417935371399 94.1508809725444 94.5164660612742 97.4200069904327 98.2191065947215 105.717420578003 116.512676080068 127.712359031041 130.661110083262 121.482044458389 114.612797896067 113.339801629384 113.000124692917 118.802348772685 118.989576896032 117.20875898997 106.310804684957 109.303365151087 117.087453603745 130.888988574346 142.338166634242 146.431505680084 153.724481662114 160.184542338053 161.185075839361 165.372322003047 164.066692193349 160.245954990387 157.739986975988
61.3382955392202 50.8935550848643 41.8397088845571 30.6416675448418 21.2040220697721 15.6598041454951 6.19851735730966 1.2076598747323 5.66324964165688 11.0106691718102 16.466478506724 20.4634467760722 23.5319311420123 24.4501382112503 22.8553662697474 21.2465673685074 21.4650159080823 25.1907929778099 32.1834633747737 42.8893665472666 52.8451452652613 66.0574783881505 76.3572206099828 79.0150016546249 82.5093736251195 84.48526263237 84.5589339733124 86.6840382417043 87.4878764152527 95.3556398550669 104.658782482147 106.664925813675 104.680637518565 102.272679408391 106.980949640274 107.754568258921 110.114395618439 111.62061492602 113.680968681971 108.857701222102 112.369805574417 131.484647591909 138.591974973679 139.381508032481 138.624479373296 138.472219308217 142.023026943207 149.853070576986 156.750063101451 154.60941195488 146.662334601084 148.40159813563
42.8343117237091 38.0945727229118 33.115583161513 24.516815940539 20.5757158497969 12.9618334273497 12.3158891995748 9.67528236409028 6.20352973540624 3.87499357263247 6.97270470360915 15.5817940831184 25.4755591352781 32.1383476257324 35.7580532630285 33.4910427530607 29.1051988800367 26.7579257488251 26.4700328310331 29.7883401314418 33.9324747522672 41.0611232121786 49.2404103279114 55.7413597901662 66.3624207178752 70.6432362397512 72.0193535089493 72.429488102595 73.3541250228882 77.1223853031794 75.3210087617238 77.1620124578476 88.7485941251119 91.7685230573018 96.9922045866648 101.206998030345 99.2074608802795 104.432165622711 109.695295492808 116.24139547348 120.251586039861 122.059961160024 123.263150453568 131.399561961492 137.121538321177 139.469593763351 145.398994286855 149.97320373853 152.363141377767 151.167869567871 152.407944202423 149.856706460317
7.01413551966349 5.66656018296878 3.84060945361853 0.79953414388001 1.38110791643461 0 2.82278998444478 9.64545893172423 9.73266859849294 6.79398886859417 3.98359044144551 3.21041978895664 15.1503272354603 29.0670096874237 35.4811549186707 36.1527279019356 34.8052581151327 30.1364983121554 25.9977901975314 24.6121163169543 24.8714536428452 26.1419663826625 30.1471327741941 40.2712176243464 49.6753851572673 58.5963577032089 58.3936870098114 60.3059033552806 63.5747859875361 63.4822795788447 66.4623230695724 65.8214191595713 65.1692599058151 67.5762196381887 85.8526031176249 89.5225703716278 92.5601124763489 98.4942813714345 106.013566255569 120.133370161057 121.019264062246 119.97323234876 119.00407075882 116.010010242462 117.816468079885 129.058589537938 147.667010625203 147.837022940318 144.570698340734 148.510744174322 152.797043323517 148.171265920003
0 0 0 0 0 0 0 2.21371029814084 12.0297074317932 11.0373372832934 6.72158474723498 3.42869386076927 5.21582054595153 13.3922348419825 24.5660419265429 28.553768992424 34.8932594060898 34.1169685125351 29.1188508272171 25.0174353520075 22.7273553609848 22.0560232798258 22.7892299493154 28.137132525444 34.8763465881348 41.9626335302989 44.5790191491445 45.9939688444138 51.2947390476863 53.073729077975 53.7749330202738 56.4821014801661 54.3639957904816 53.5752872625987 50.3486692905426 60.2060655752818 83.0302486817042 89.3319646517436 97.7734327316284 109.782795111338 111.919542153676 110.587219397227 105.241060256958 103.913158178329 103.702257076899 104.54527537028 109.990666309992 124.965091546377 135.998566945394 140.125701824824 140.249192714691 141.36670033137
0 0 0 0 0 0 0 0 6.91873828570048 14.5603679120541 14.0457997719447 10.0394915789366 3.26480902731419 2.53208385159572 11.3561637699604 24.4996100664139 34.2236086726189 38.274680574735 34.6592788894971 31.3234056035678 27.398260931174 28.1165863076846 28.752014040947 29.8041750987371 31.7541907231013 34.0931564569473 37.2883205612501 41.8804039557775 42.7014728387197 44.152170419693 45.8520154158274 45.1952616373698 41.0445605715116 42.4515505631765 41.7277812957764 39.7580737868945 42.4602081378301 54.5502205689748 77.6631434758504 88.8269146283468 94.9723521868388 94.0987467765808 91.683824857076 92.813511689504 92.3770864804586 94.2543347676595 92.1959082285563 90.7661616802216 94.1942731539408 98.5705653826396 123.258550961812 125.580966472626
0 0 0 0 0 0 0 0 0 6.1700480679671 16.293245057265 19.8826218644778 16.8621875345707 10.3823076933622 9.95838331679503 21.3302274545034 30.3063044945399 39.3864462773005 44.9275473753611 43.8234905401866 37.8810887535413 37.0794460177422 36.6009424130122 36.2708841760953 38.0114714304606 38.8845453659693 41.0563871264458 45.492485165596 45.4756120840708 39.1023879249891 41.8671518564224 41.7083253463109 38.1864060958227 34.4976062575976 33.5039297739665 36.1229851841927 32.1598574519157 30.1115761200587 37.7574314673742 39.9492854873339 45.7053283850352 62.2733434041341 69.2339986562729 73.5432207584381 78.3634732166926 89.8400843143463 87.4188939730326 81.5920929114024 76.7345279455185 79.1701873143514 82.3469310998917 94.4947600364685
1.34493410587311 0 0 0 0 0 0 0 0 0.068887680148085 15.231487651666 28.5455981890361 35.1194987694422 29.8719058434169 20.9848086039225 19.0069576104482 22.0326259732246 30.865674217542 41.3935830195745 50.1252512137095 51.0815431674322 47.039141257604 46.2881773710251 44.2459980646769 44.1603163878123 44.880544145902 44.9251731236776 47.8709191083908 47.0379640658697 40.1114871104558 36.870464682579 39.8167247573535 35.8905345201492 30.6944449742635 28.9834141731262 26.190496981144 20.0696525474389 16.704685986042 16.7785050968329 17.5823407868544 22.8574549158414 26.1612087488174 32.2471410036087 35.7989743351936 47.1696505943934 55.5471479892731 68.7152147293091 71.4634756247203 68.9411709705989 66.6673680146535 68.2982206344604 74.5044002930323
1.98588209847609 0 0 0 0 0 0 0 0 0.0552154864029338 4.54329202572505 27.2437855601311 42.8772270679474 45.0296998023987 34.9016512433688 21.4330752690633 17.8619486590226 19.3803980946541 29.0928607185682 45.2134062846502 55.0351838270823 54.5740872621536 56.0304969549179 52.3118078708649 50.4373808701833 51.1943399906158 51.9045740365982 48.6411551634471 48.1903006633123 46.7836807171504 39.8909697930018 35.1974616448084 30.5196518699328 27.7407417694728 23.7374777595202 21.2085917592049 15.4628778497378 11.7504447698593 10.5615096787612 7.69445858895779 5.71045279502869 9.12109141548475 13.6738705138365 20.8087402085463 29.0851145982742 36.5281576911608 45.9527721007665 52.3848881324132 56.1273644367854 57.5971454381943 59.2598815759023 66.2935177485148
1.16376540002724 0 0 0 0 0 0 0 0 0.130922271637246 0.306649327588578 16.3757316768169 32.1435754497846 44.1931088765462 46.425923705101 40.462518731753 35.7650319735209 28.3392692605654 23.5632533828417 28.7760371963183 46.0481345653534 57.2044203678767 62.2886518637339 59.1965516408285 55.2598436673482 56.3252866268158 59.5201750596364 56.091383099556 54.2422185341517 56.4586222171783 48.0947593847911 37.4592791001002 29.7672847906748 22.2434947888056 16.6964555780093 12.784268707037 9.62629541754723 6.94290672739347 4.8800961424907 3.5784300416708 1.98743895937999 2.62250751256943 6.39260498185952 8.90161904195944 19.234004120032 28.7133678793907 33.4404756625493 39.6647577484449 45.9082623322805 51.2616187334061 54.7290096680323 61.4340504010518
0.472148220675687 0 0 0 0 0 0 0 0.448782734262447 0.45197856767724 2.02049656460683 10.5246926347415 23.3307282129924 38.1796608368556 47.6576338211695 53.4204989671707 53.6896487077077 45.6215689579646 33.7766259908676 25.0877737998962 31.9932798544566 50.2926409244537 56.4578274885813 61.2826943397522 62.7889136473338 64.9947623411814 66.4638678232829 67.7992800871531 62.7104192972183 57.2311033805211 49.9896556138992 43.584664662679 31.5237765510877 22.345448533694 15.9579527874788 12.4535759290059 8.07695463299751 4.89099913587173 2.60733254253864 0.723534651721517 0.055094724909092 0 0 4.03638370335102 7.46273311475913 16.7661843200525 23.976668715477 24.3798568844795 28.7034586071968 37.6845598220825 42.8306708733241 49.2440561453501
0.537897266137103 0.715953841184576 0.157478187854091 0 0 0 0 0.784575395906965 1.28455444549521 7.80300671855609 12.9205497602622 13.5528929531574 19.7629829247793 25.8780121803284 38.5842248797417 51.2309521436691 55.8038304249446 54.7123998403549 51.4931778113047 39.8569578925769 29.0429393450419 37.5041166941325 45.8793540795644 55.0300031900406 65.1883830626806 69.3394988775253 70.6286132335663 70.00466187795 69.9780285358429 62.1927281220754 50.6949722766876 39.1156623760859 32.9723507165909 20.1398208737373 14.7336249550184 11.419535924991 5.80527757604917 1.66024500504136 0.19429752137512 0 0 0 0 0 3.18636745214462 5.33048684398333 11.7064664761225 14.6268432339032 22.7568770448367 24.7666537761688 30.4960360129674 33.6752409736315
0.497596842857699 0.187997434598704 0.356389093212783 0 0 0.00853292173511969 0.136188444836686 1.37299283718069 2.03761644661427 2.22996296361089 11.2008266150951 12.07318653663 13.1483897566795 15.7570168375969 23.2598235209783 35.3550190726916 43.1261161963145 47.9580263296763 52.7186592419942 53.2408555348714 46.0741172234217 37.2592533628146 39.7037118673325 46.8397041161855 56.2946647405624 65.0864789883296 71.3234891494115 72.0213800668716 63.3266518513362 54.6092887719472 51.3847420612971 39.5445674657822 26.8402397632599 18.5219583412011 9.94564903279146 4.87620321412881 1.2583762096862 0.0304443165077828 0 0 0 0 0 0 0 0 2.44988951211174 6.37457519769669 11.3472578426202 14.0212165812651 16.0526670515537 18.267996609211
1.7762576850752 0.0600037844075511 0 0 0 0.0741362794845675 0.0991837005130947 1.26184135054549 1.9300722827514 1.91281440978249 2.11250440527995 7.09213005999724 7.1832574903965 8.19596958657106 12.1435609956582 23.6719300349553 33.5099548101425 37.8598049283028 45.6405033667882 56.8601389726003 60.5352173248927 53.2547533512115 52.046149969101 54.1058878103892 56.4424941937129 57.4990014235179 60.5781972408295 64.4330481688182 60.6979032357534 50.6577293078105 39.8427496353785 30.2640348672867 18.9601443707943 10.4530031482379 3.29830807944139 0 0 0 0 0 0 0 0 0 0 0 0 0 2.59275361895561 3.90449849267801 6.4128947754701 7.48787509898345
9.79667032758395 4.39339069028695 0 0 0 0 0.716546239952246 2.30663114537795 2.59296099344889 2.83273247381051 1.95922159279386 1.12254125997424 4.21411233643691 0.15705480473116 7.22512354453405 16.1570807298024 25.2083788315455 32.1369394659996 39.0070031086604 50.2563267946243 57.1579237778982 68.6886807282766 71.9315459330877 70.7716842492421 64.9045407772064 57.362695535024 52.4591952562332 54.3020963668823 56.6705365975698 44.2184905211131 28.3761769533157 16.5007126828035 10.003633176287 1.1196182264636 0 0 0 0 0 0 0 0 0 0 0 0 0 0 0 0 0 0
35.5945751070976 29.5556386311849 10.7975887755553 4.24300568799178 1.62704739098748 0.512317793133358 3.54517996311188 3.98125344266494 3.25221382081509 2.52711105470856 2.00408479819695 8.51364433765411 8.36240127682686 7.32305956383546 8.14218694965045 12.5449014206727 20.8386232455571 27.9798780878385 33.8705331087112 36.4972874522209 39.3941327929497 51.920622587204 62.2338602940241 66.449244817098 67.3459619283676 60.8479777971903 54.5352349678675 46.9991862773895 43.3095395565033 32.3910887042681 15.3017813960711 4.87894968440135 0 0 0 0 0 0 0 0 0 0 0 0 0 0 0 0 0 0 0 0
