input/barkrak2/radiation/dir01224.grid
NCOLS 85 
NROWS 70 
XLLCORNER 665100 
YLLCORNER 4664600 
CELLSIZE 20 
NODATA_value -9999 
[rows 46 to 68 of 70, columns 0 to 51 of 85]
53.0178844928741 54.5445630947749 57.2366714477539 59.1917335987091 58.9814136425654 58.8170190652212 60.7673227787018 62.5497400760651 59.2654099067052 58.2835028568904 57.4131906032562 56.3050409158071 52.8073410193125 50.2531180779139 50.1618882020315 53.4219493468603 50.8815050125122 46.0630655288696 51.2722631295522 50.2080321311951 47.6306180159251 48.779288927714 48.5785901546478 47.519380847613 54.7062357266744 49.3982136249542 50.713116923968 51.5300333499908 50.2820114294688 50.6834089756012 48.6527780691783 45.6552356481552 44.9722607930501 45.5502818028132 47.1980720758438 48.6379365126292 50.1467734575272 54.9907435973485 55.4738243420919 52.6050428549449 51.6027907530467 49.3127008279165 54.4893046220144 59.3851705392202 50.6269236405691 25.0314151247342 1.48665066808462 0 0 0 0 0
47.1478750308355 49.4574805100759 54.8681169748306 56.5659950176875 59.9906841913859 61.6450607776642 59.6844454606374 59.4990899165471 59.5815082391103 62.1419648329417 59.3603551387787 55.9085309505463 54.4498711824417 54.545005162557 52.898774544398 51.7859359582265 51.0464062293371 44.4542666276296 48.1810917456945 49.5031277338664 46.7365135749181 47.1621801455816 50.8613586425781 46.4706321557363 49.2805788914363 49.3697573741277 45.4117705424627 48.6122866471609 50.078958272934 49.1612007220586 50.3780742486318 49.4562486807505 44.7922001282374 47.4433948596319 57.8236232201258 62.225212653478 56.6270351409912 51.6169965267181 53.5962333281835 61.0738297303518 55.2835017442703 50.8489261070887 56.321308016777 60.4205032189687 55.89426557223 40.05100329717 10.0325774401426 0 0 0 0 0
40.484552582105 43.576846520106 48.657014966011 52.0255267620087 58.4767460823059 61.8029534816742 58.9174926280975 57.1932941675186 61.243345340093 63.5142425696055 61.2967411677043 57.8470180432002 56.6173195838928 57.4190268913905 55.1100472609202 49.819141626358 49.8278041680654 44.4998890161514 47.880897919337 51.1570870876312 50.359716018041 50.3903925418854 52.2266725699107 50.4520734151204 48.3982612689336 51.948552330335 49.1026639938354 52.9231876134872 56.986873348554 59.3846142292023 62.4356915553411 62.9356304804484 54.6902120113373 55.2123834689458 63.9350861310959 70.1484431823095 68.7484741210938 59.1266453266144 55.3384323914846 60.3266606728236 52.7633925278982 48.8217721382777 47.4774042765299 47.4139948685964 46.6339488824209 45.863002538681 34.5904976129532 2.69618692497412 0 0 0 0
39.5103891690572 37.4905541539192 41.5814071893692 49.2410510778427 54.7312001387278 57.7528526385625 60.5169932047526 63.142071167628 64.4256820281347 61.4090214172999 63.3321106433868 63.0951126416524 60.0123157103856 57.9302459955215 56.3196837902069 51.8510043621063 50.5137095848719 48.4427958726883 51.4461745818456 54.6826869249344 56.1076800028483 56.1421066522598 53.6785125732422 54.9499491850535 50.0142027934392 53.7883838017782 57.9652140537898 61.280479033788 67.1486556529999 72.5946178038915 78.1161685784658 80.2478144566218 69.628303249677 63.665767510732 63.19293876489 70.9564040104548 74.8009284337362 70.3990558783213 60.2030257383982 51.058108607928 46.6350813706716 47.3354409138362 48.1011718511581 44.2460477352142 41.238084435463 44.3127006292343 29.763417939345 8.68865350882212 0 0 0 0
39.7183572252591 43.0095493793488 46.5016861756643 52.5039732456207 53.0034999052683 53.4185022115707 61.1015657583872 66.1374380191167 66.1436220010122 65.8584932486216 65.6820933024089 65.7574683427811 62.0728482802709 58.0989470084508 58.6124211549759 61.4389876524607 54.635614156723 53.9823224147161 55.4992059866587 59.9258641401927 60.9136422475179 58.9619328578313 55.8752566576004 55.9766391913096 50.6870249907176 56.138942639033 61.8028491735458 67.3081974188487 72.967583934466 79.2037397623062 85.1734479268392 87.7824326356252 81.2998861074448 68.1057671705882 50.8540421724319 52.8521090745926 62.7672622601191 69.9125279982885 61.7609322071075 47.993391752243 43.1220829486847 47.8899975617727 53.4266978502274 50.3548632065455 46.0762778917948 40.5124103029569 23.6663197477659 12.598047653834 0 0 0 0
40.466050306956 50.9037673473358 53.0632138252258 54.3068746725718 52.4595081806183 52.0658443371455 59.4339271386464 64.7169252236684 64.6951248248418 69.7184950113297 67.4522866805394 66.710243622462 64.7291988134384 60.2200080951055 60.352901617686 65.7097150882085 60.0143373012543 58.2305490970612 55.7083288828532 56.6671242316564 57.1673413117727 56.2044183413188 55.16583720843 53.3082534869512 50.8774966001511 52.2638857364655 55.356353521347 58.3976457516352 63.9156450827916 73.5665460427602 80.8003495136897 86.4384174346924 81.1747014522552 61.2402260303497 21.058810253938 20.6030768652757 27.357446650664 54.9879521131516 67.9775724808375 66.0999665657679 61.1405273278554 54.0493776400884 45.883446931839 42.2276854515076 46.6916809479396 42.1318709850311 23.5551397005717 17.6405844589074 0.632434889363746 0 0 0
43.8309411207835 42.3758228619893 41.6110903024673 43.6899562676748 49.6698419253031 55.0768971443176 55.9313297271729 61.5391284227371 61.4752074082692 66.1302208900452 66.6722555955251 68.4226900339127 68.1496759255727 64.0839189291 62.3089522123337 60.5410387118657 62.3709460099538 57.6178282499313 52.3546437422434 49.89954829216 49.6503611405691 51.2026498715083 52.7003010114034 47.4719305833181 48.5541919867198 47.3902771870295 48.1923719247182 48.3204623063405 51.4199535051982 54.3867846330007 62.2084438800812 70.362001657486 68.2143121957779 45.3369071086248 17.1341635286808 9.85631470878919 10.5999546746413 18.8016456862291 45.2393740415573 59.3251883983612 65.1994049549103 54.3266584475835 40.0928258895874 36.760059495767 41.1433925231298 27.0600567261378 23.0103582143784 34.3425919612249 18.4835232794285 0.407398212701082 0 0
46.3485419750214 37.2878660758336 35.3323668241501 40.1373455921809 50.5818426609039 58.8468511899312 58.4725985924403 59.5560471216838 62.2932414213816 62.4966522057851 64.8025075594584 67.3730075359344 69.2777534325918 67.7770376205444 64.1611317793528 61.7098609606425 63.8711154460907 57.8045547008514 53.3055861790975 53.8627654314041 53.9399931828181 51.6853133837382 49.8204231262207 47.1965372562408 46.902651588122 44.3113595247269 45.3779399394989 45.2663103739421 43.7116771936417 42.3490057388941 36.834771434466 43.2215432325999 46.0141102472941 24.102342625459 18.7197501460711 10.7085617880026 2.80143537869056 1.76621337110798 9.57228243350983 24.7311890125275 47.9144702355067 47.2300350666046 38.2193848490715 33.7961713473002 22.8663831949234 23.9002654949824 21.8006397287051 40.6789928674698 48.0313201745351 29.016301035881 3.72701076169809 0
46.4915831883748 41.3645754257838 39.5052085320155 44.4633861382802 53.1000097592672 60.2067857980728 63.3035202821096 59.41175421079 63.8782481352488 62.4910593032837 66.0377095143 67.8961376349131 69.1911081473033 71.1282094319661 66.2738233804703 66.1360323429108 66.8427248795827 61.8510941664378 58.0033759276072 58.5361570119858 58.5558861494064 54.4850478569667 52.7787208557129 52.6433835426966 50.3420134385427 48.3540296554565 46.2258408466975 42.4582113822301 40.319820245107 36.2810964385668 28.9863596359889 33.8399608929952 41.0269175966581 43.1914379199346 41.356568535169 30.9413249293963 11.5937118728956 2.91029922664165 1.89478524650137 6.70015998184681 21.0222254196803 25.1419395208359 21.3786189754804 15.7321294148763 15.4857610662778 20.684023698171 22.5668847560883 32.7019939819972 44.0002133448919 48.1859942277273 30.6210493048032 1.93254059801499
49.5025863250097 48.1166740258535 44.8259015878042 43.7772174676259 49.370934565862 59.4111979007721 61.1489315827688 59.1502785682678 61.1526469389598 66.2284841140111 72.3371803760529 73.0426410833995 71.1102386315664 71.9898045063019 69.8565393686295 69.5963849623998 70.0143078962962 67.9169197877248 63.8001312812169 60.3088041146596 57.7629854281743 56.6220581531525 57.8571856021881 60.3614896535873 56.8120976289113 53.3284892638524 47.3429610331853 38.141243159771 32.592681547006 31.0922389229139 30.6356598933538 37.5647942225138 45.0072288513184 56.1364144086838 61.2416366736094 59.6157610416412 45.4728056987127 30.4692536592484 19.9742342034976 6.1312975982825 11.1923739314079 20.662397146225 21.2123120824496 15.6638957560062 16.1365692814191 31.1011026302973 49.6895809968313 43.3445076147715 38.3475621541341 43.9761976401011 36.2913856903712 8.5342563688755
51.9814044237137 51.3929029305776 50.3201981385549 47.0515141884486 48.2894231875738 56.9385091463725 59.0203255414963 59.1384619474411 59.3795329332352 68.2193338871002 75.9485413630803 74.736421306928 70.5711841583252 72.9003598292669 74.2384741703669 68.5869455337524 71.0730304320653 68.3726966381073 64.2312616109848 62.711959083875 61.3786578178406 62.0644688606262 58.8306287924449 57.7930410703023 54.9821803967158 50.9931196769079 33.5748344659805 6.32720192273458 5.12253244717916 18.8779334227244 28.7023335695267 34.7985898454984 43.2231873273849 50.6357252597809 61.2733711798986 65.3245747089386 63.9847815036774 56.2172432740529 44.5190618435542 25.3687053918839 12.7825550734997 20.7884286840757 40.295772254467 40.6845758358637 34.0353722373644 52.1558473507563 75.6750504175822 65.5749291181564 44.5098529259364 32.4462751547496 17.6351629197598 9.72078864773115
50.8993367354075 49.0447580814362 52.5292853514353 53.5547137260437 51.2412538131078 53.8123995065689 58.8987022638321 59.8868429660797 60.3417505820592 68.0662939945857 74.60056245327 72.7805693944295 68.5374885797501 71.9511757294337 75.1886665821075 66.1041935284932 68.0682559808095 66.9181893269221 65.5487279097239 65.9890820582708 67.4477418263753 67.5184230009715 62.7925942341487 55.9524645407995 55.5294007062912 51.9630908966064 36.1534357070923 18.6334488292535 18.0594821770986 24.4340275724729 34.759188691775 38.0483120679855 52.1432061990102 61.7173810799917 72.583148876826 66.059817870458 62.5807096560796 24.8610426982244 25.3221442302068 25.9064088265101 32.1010475357374 40.3142720460892 47.8460689385732 24.2749527096748 18.8901498913765 22.9293828209241 51.577220360438 52.224929134051 39.9641841650009 31.1952481667201 24.7426703572273 18.6288058757782
40.303739408652 47.4040061235428 50.6840944290161 53.3463358879089 53.4867842992147 50.3986527522405 59.1700673103333 62.8933608531952 63.6589378118515 68.5220658779144 70.8344926436742 70.0578987598419 69.5162465174993 68.1382815043132 69.6825087070465 66.3008739550908 63.1562272707621 66.5146559476852 68.5585886240005 70.4554071029027 71.7150916655858 67.9940680662791 67.2555367151896 60.8089715242386 58.7547570466995 58.7332844734192 54.3553978204727 47.8263696034749 46.6221670309703 47.8960225979487 44.4753964742025 44.3407396475474 63.238133986791 73.5321293274562 53.6356965700785 48.9241381486257 29.7698800762494 13.0584078530471 5.11498594035705 12.3131697376569 11.4805276195208 42.8077777226766 48.3253846565882 41.3502852121989 29.5648574829102 30.8309967319171 44.1048542658488 48.3553856611252 45.7298805316289 39.3420904874802 33.3059777816137 32.4412807822227
31.3602338234584 45.0404236714045 48.8384415705999 51.6479313373566 54.5079112052917 50.8967836697896 54.8029740651449 62.0707372824351 72.1711814403534 73.7852156162262 69.3549861510595 67.0601427555084 69.2450106143951 68.6591615279516 68.7256753444672 66.4964020252228 63.1571511427561 65.4766162236532 63.6209398508072 61.9773169358571 63.3530964454015 63.7064178784688 62.3022864262263 62.0700269937515 63.2936010758082 67.0044173796972 74.3173658847809 78.2896826664607 64.4040703773499 58.7180256843567 48.2752919197083 44.2258715629578 51.4717400074005 51.8734355767568 21.6405540704727 15.192956974109 14.4129283726215 8.73724122842153 1.00449891760945 0 0 13.3096948266029 45.4212874174118 67.156046628952 72.3828474680583 66.7286614576976 64.2889340718587 64.2500271399816 64.3665492534637 53.7313322226206 43.2359278202057 53.4922033548355
33.1060066819191 42.3918316761653 49.2241531610489 51.5013535817464 53.1311829884847 53.4001638491948 48.1031239032745 57.2556753953298 76.7911573251088 75.5849132935206 67.5549904505412 63.8439506292343 67.1026557683945 70.5497264862061 69.9316114187241 66.6593809922536 65.8205300569534 63.6173486709595 57.4006338914235 50.5485832691193 51.0891775290171 54.4007072846095 55.9746921062469 58.2903474569321 60.8165363470713 67.4024522304535 83.2892556985219 88.542252779007 68.5365299383799 61.4822953939438 47.408789396286 35.7952862977982 38.6731500426928 40.2101005117098 20.0820689400037 11.3554981847604 12.3295063773791 17.8452456990878 10.6923704346021 1.62305341412624 0 3.01303000499805 21.8989451726278 47.1465090910594 50.1002023617427 51.2144019206365 48.827737569809 57.5382759173711 55.5498003959656 49.3701944748561 50.0082075595856 83.4162334601084
43.9814279476802 46.9030638535817 49.1106808185577 45.900637904803 40.5124177535375 37.2833336393038 44.7750091552734 50.0852763652802 59.5290611187617 55.6184550126394 52.414466937383 57.2565247615178 65.507377187411 67.6406373580297 63.866729537646 65.7390654087067 66.0599370797475 60.6536120176315 52.9803981383642 48.0793217817942 47.17089732488 48.1974879900614 51.8110593159994 55.9997657934825 56.3688576221466 60.6967955827713 74.7085412343343 81.0662607351939 69.0355400244395 54.3271551529566 46.8532939751943 32.3614031076431 25.9884049495061 43.5166309277217 40.1484246055285 19.1651160518328 19.1087424755096 42.5702532132467 44.5220867792765 30.9053113063176 7.316704839468 4.26119410743316 12.7975319822629 19.8727672298749 18.6425521969795 20.3273668885231 22.7937450011571 25.0551079710325 27.9409537712733 42.3910766839981 63.3480648199717 116.111983855565
55.0044029951096 51.8718858559926 48.1290221214294 41.4666657646497 32.162440319856 26.3651957114538 34.8971610267957 35.9335591395696 26.3965080181758 26.2386053800583 37.4426518877347 48.1766561667124 54.3814798196157 58.4417780240377 61.2666308879852 71.6774463653564 74.1547644138336 65.8082763353984 57.5977116823196 54.1689395904541 51.7479677995046 51.1698424816132 52.0994961261749 51.9341627756755 51.4097114404043 57.1238944927851 64.4300778706868 67.0335690180461 61.0155562559764 42.3247665166855 41.5398329496384 37.4271273612976 33.2958896954854 51.7297486464183 58.1480761369069 46.409010887146 36.7027521133423 22.9313472906748 34.0334177017212 34.1347927848498 24.1594587763151 10.7270913819472 12.4769819279512 12.961773822705 7.72880824903647 8.89869406819344 16.1921419203281 18.2524882256985 19.3023147682349 42.7169501781464 88.5362724463145 131.782988707225
57.7831417322159 51.3381560643514 46.7179069916407 43.028066555659 36.1937135457993 30.5248349905014 26.1428033312162 21.8241761128108 7.38447532057762 15.1442512869835 31.2365368008614 43.1669851144155 43.0509547392527 50.4927486181259 63.6896540721258 79.4874827067057 84.8563114802043 78.0070722103119 69.7054366270701 65.8754010995229 60.408075650533 59.1383179028829 58.3577205737432 53.1124969323476 51.1489262183507 51.4862388372421 54.2076627413432 54.1637390851974 49.7877299785614 35.7342089215914 34.1960117220879 35.6608778238297 29.9408808350563 53.881694873174 74.0870883067449 77.2156169017156 51.8958866596222 16.8907071153323 13.5483754177888 18.851591895024 19.283098479112 16.993327687184 18.105731656154 17.1845530470212 10.3837288916111 7.17227533459663 13.3031656344732 22.1175377567609 30.7908157507579 55.8931082487106 119.794070720673 150.86504817009
60.1967523495356 54.9757281939189 53.6929269631704 54.7477602958679 51.5405883391698 45.4097092151642 40.4897928237915 40.9417202075322 39.6622618039449 45.1760192712148 53.0085364977519 58.6269001166026 59.1539939244588 54.2125900586446 64.233809709549 80.1704426606496 90.4091000556946 90.6336406866709 83.2474082708359 73.602040608724 67.9520219564438 63.1834318240484 61.5117649237315 62.3857527971268 54.7787050406138 44.2445874214172 42.0801738897959 46.0120936234792 42.8749074538549 42.261262734731 26.1126706997554 19.9015413721402 16.4052185912927 31.1846608916918 81.0579210519791 91.2256141503652 59.004083275795 20.7191246251265 8.33114795386791 8.41658438245455 11.4149115979671 9.42546315491199 19.108838091294 29.0557667613029 33.4854274988174 19.7165310382843 16.7200639843941 36.523441473643 61.8900408347448 106.25833272934 138.519664605459 151.587267716726
60.9975755214691 58.3266715208689 58.4530333677928 59.8317136367162 59.2503448327382 55.6666702032089 55.4497589667638 63.0917847156525 79.2821943759918 75.2385457356771 66.6682422161102 67.2660122315089 73.3647843201955 61.3452742497126 62.4260356028875 70.5719888210297 79.2162915070852 86.5426361560822 87.4056120713552 80.5736283461253 74.9263912439346 68.5272465149562 65.017561117808 61.241606871287 56.8427344163259 44.557069738706 32.8293492396673 34.5736816525459 37.0209167400996 19.3992716570695 14.4846998155117 12.6169721285502 8.15807717541854 8.49553445974986 75.3383338451385 92.6884909470876 73.3842303355535 61.057319243749 29.8979183038076 4.296005393068 0.422615131052832 0 10.4549651344617 36.8786106506983 43.1701242923737 33.7825814882914 32.4798027674357 55.2684267361959 112.37241824468 156.754702329636 149.795323610306 137.400438388189
60.2096567551295 56.8401118119558 51.3316293557485 46.7188855012258 47.0690578222275 49.0226844946543 49.0747392177582 61.0813448826472 71.4062452316284 66.3052399953206 56.953435142835 56.2352687120438 67.8362548351288 63.0920728047689 59.2483381430308 58.7016344070435 59.4215641419093 66.4720187584559 76.5497932831446 80.7948807875315 76.550950606664 70.6814924875895 63.5362962881724 59.0989291667938 50.9179582198461 45.5695887406667 31.6777030626933 26.215486228466 32.963698108991 30.0088872512182 14.4607288142045 9.40371553103129 2.77571069697539 0 0.256185051208983 82.7469577391942 89.6608134110769 100.544800360998 82.0909440517426 33.1875160336494 3.49617190659046 0 3.73458551863829 20.0305916368961 48.6985991398493 68.4571663538615 89.4347826639811 139.95952407519 180.740038553874 190.967341264089 175.512711207072 142.851173877716
62.3787740866343 60.3253891070684 54.4556975364685 47.7082629998525 46.1850861708323 48.9399830500285 41.4695416887601 38.41199974219 40.0685146450996 36.8097350001335 30.0599088271459 27.5042081872622 31.1112478375435 50.0012089808782 56.9173842668533 51.8226325511932 41.1346803108851 36.7943321665128 48.3618080615997 69.0010686715444 70.7940955956777 65.0742948055267 58.5681001345317 54.8795163631439 47.8280285994212 43.1492527325948 35.5084290107091 15.1919076840083 23.0111728111903 38.7058605750402 20.6186299522718 13.4972011049589 5.51413123806318 0 0 62.0860159397125 102.553178866704 117.150823275248 103.622416655223 74.251467982928 40.985219180584 11.018888403972 6.981385871768 26.3372734189034 58.141753077507 121.625681718191 162.76283065478 193.367858727773 202.275633811951 201.566934585571 191.771546999613 162.854065497716
64.0751073757807 63.9819453159968 61.4228149255117 57.8881800174713 55.9858779112498 55.1974276701609 39.947417875131 25.9574602047602 26.3223201036453 28.589740395546 25.8542100588481 23.1687699755033 24.4003186623255 46.0585206747055 59.8182777563731 50.7636566956838 31.3787758350372 19.5755697786808 23.0278372764587 39.1956965128581 49.2333024740219 52.4452378352483 53.2006770372391 46.4652925729752 40.9971351424853 36.6050352652868 23.2516129811605 8.28138614694277 14.525664349397 41.9358809789022 50.7923811674118 43.7794774770737 23.8582914074262 0 0 40.8135652542114 96.0451563199361 104.278812805812 84.9225322405497 81.8816522757212 86.9799355665843 71.518470843633 49.2694030205409 64.2393132050832 116.755763689677 161.874314149221 185.176511605581 196.203807989756 197.961091995239 195.594847202301 190.577069918315 168.136437733968
