input/barkrak2/radiation/dir01324.grid
NCOLS 85 
NROWS 70 
XLLCORNER 665100 
YLLCORNER 4664600 
CELLSIZE 20 
NODATA_value -9999 
[rows 0 to 22 of 70, columns 0 to 51 of 85]
54.386114080746999 67.373385032018 77.7891228596369 94.9639081954956 102.944761514664 100.540339946747 114.267806212107 123.633950948715 127.178510030111 130.363911390305 131.144503752391 127.304246028264 122.879127661387 123.58084321022 121.944447358449 110.661337773005 96.9973305861155 88.010311126709 86.4178935686747 87.1005356311798 95.678706963857 113.095959027608 128.700613975525 131.285756826401 134.443203608195 142.686446507772 141.449391841888 139.959832032522 131.888846556346 133.46133629481 133.413890997569 153.617252906164 184.712707996368 177.353322505951 176.697492599487 170.765380064646 174.599945545197 179.814755916595 176.556766033173 178.518911202749 176.667988300323 186.347862084707 194.798986117045 188.404003779093 176.971713701884 183.614651362101 189.049859841665 143.362124760946 99.6774137020111 95.6826607386271 116.935600837072 157.725145419439
34.6510608990987 46.0184117158254 54.5893708864848 63.8158271710078 75.0405639410019 83.1522395213445 93.2980577150981 100.651959578196 112.871676683426 124.166677395503 135.000805060069 130.342880884806 125.211169322332 125.272810459137 123.710910479228 111.450254917145 103.548675775528 95.5581068992615 91.6221737861633 91.1131699879964 103.146354357402 126.467446486155 140.752762556076 140.368888775508 141.08861486117 145.421157280604 142.724136511485 137.905200322469 137.762437264125 138.326783974965 139.525393644969 161.269108454386 184.272011121114 177.542368570964 175.257166226705 171.417514483134 176.787654558818 180.685818195343 175.495505332947 173.646867275238 172.76124159495 177.965839703878 177.266796429952 166.630645593007 165.277063846588 180.172185103099 181.05681737264 135.358015696208 107.0423523585 116.694500048955 144.617160161336 179.029782613118
13.6388354003429 19.456572830677 26.781752705574 31.3581004738808 38.3443708221118 44.6942249933879 54.6726038058599 70.471778512001 86.1272712548574 85.841159025828 99.5587110519409 107.656399408976 131.320496400197 135.575910409292 135.54909825325 135.687410831451 131.902366876602 119.771858056386 106.226066748301 101.081937551498 110.538105169932 129.908889532089 138.519952694575 142.697672049204 144.577294588089 141.940693060557 138.550420602163 135.315209627151 133.789161841075 145.080139239629 154.793361822764 171.360850334167 181.748569011688 178.876717885335 174.645264943441 174.249688784281 181.209127108256 183.326681454976 177.547911802928 171.055018901825 167.734106381734 161.38889392217 152.533849080404 147.271980841955 151.427745819092 166.415770848592 164.373974005381 129.033118486404 124.668131271998 144.067843755086 168.284217516581 188.057164351145
6.10823805133502 6.69272368152936 8.8350505878528 10.7793249189854 12.9594666262468 17.2834123174349 24.8565152287483 34.2894271016121 48.0774939060211 60.0562592347463 73.3386774857839 84.3643844127655 98.0408688386281 101.531893014908 105.834305286407 117.797136306763 112.098852793376 105.656057596207 97.7943241596222 94.4039920965831 98.9848375320435 100.833227237066 112.639407316844 122.72247672081 131.23698035876 130.614817142487 134.815593560537 134.633094072342 136.905938386917 142.184873421987 153.020193179448 173.11825354894 177.860140800476 177.712559700012 172.595818837484 172.688603401184 174.824814001719 175.406495730082 168.937742710114 159.420152505239 155.284911394119 148.138503233592 147.978723049164 155.754745006561 162.719537814458 159.021139144897 147.70304163297 126.448978980382 133.60595703125 146.943231423696 166.665335496267 184.446672598521
13.4406561652819 7.31183029711246 4.15233088036378 0 0 5.41863217949867 15.1219243804614 21.5346465508143 29.2809158563614 33.188208937645 42.9490208625793 56.6076834996541 67.5208816925685 74.3635396162669 81.1921606461207 84.3483904997508 85.1442515850067 84.5109423001607 81.9459110498428 83.1561783949534 81.7114810148875 84.2653214931488 96.8441168467204 104.463626941045 113.489747047424 121.551523605982 123.479177554448 129.689633846283 135.142356157303 135.805547237396 143.312076727549 157.870421806971 155.192186435064 164.395908514659 170.178194840749 168.838918209076 165.397087732951 162.724862496058 154.436012109121 146.52755856514 146.174053351084 147.055248419444 155.026356379191 163.495272397995 163.440446058909 141.748716433843 118.167847394943 116.494079430898 127.338647842407 145.778467257818 173.006296157837 186.480561892192
37.4007572730382 21.6317300995191 9.89956160386403 1.68440661703547 0.423089174243311 2.65899548927943 8.3572951455911 16.9174894690514 20.4278330008189 23.0968172351519 27.1915545066198 32.5337027510007 38.9336670438449 41.8136318524679 47.2563505172729 53.1089256207148 58.7697426478068 69.1513319810231 77.6707331339518 83.9799543221792 89.0462100505829 91.8954114119212 93.0341780185699 98.568985859553 103.257636229197 111.558566490809 116.46036307017 125.666886568069 128.340591986974 133.967528740565 145.952274401983 152.822653452555 142.859568198522 142.062157392502 145.69499095281 148.831943670909 158.601840337118 154.173562924067 146.62371079127 146.864473819733 146.28588159879 147.582828998566 149.82674519221 152.61306365331 147.079646587372 119.829754034678 96.1383779843648 106.316149234772 124.60329135259 160.353074471156 186.614414056142 189.630270004272
55.1647245883942 37.3350580533346 22.9330162207286 12.6814233760039 5.14985186358293 2.34797550365329 3.86278765896956 9.76453348994255 16.9570818543434 21.0273787379265 20.4266582926114 21.3170498609543 20.1922679940859 20.4879219333331 22.532398502032 31.1196173230807 40.1248882214228 54.9694200356801 67.4344847599665 80.7129790385564 90.5343890190125 93.9740935961405 95.4421162605286 94.7952469189962 97.3607500394185 104.484150807063 107.976992925008 114.243487517039 121.710081895192 131.297806898753 141.94267988205 143.002986907959 132.687320311864 129.608362913132 129.478871822357 132.28307167689 133.314748605092 130.098909139633 138.082951307297 133.02340110143 128.851771354675 129.498104254405 135.835866133372 144.433756669362 142.511715491613 138.121128082275 143.336902062098 149.762501319249 160.143752892812 174.818972746531 179.389417171478 180.962522824605
66.0314212242762 52.5049765904744 39.0093848109245 27.8296048442523 16.6206955909729 5.96822177370389 2.84986415257057 0 8.39206886788209 16.5601472059886 20.3043681879838 21.1269507805506 20.7215125362078 19.9208818376064 16.387282560269 19.0608662863572 26.6481886307398 36.514937877655 49.2571890354156 65.1886910200119 76.3424386580785 88.7143810590108 95.5749253431956 96.3118672370911 95.2692826588949 95.6922968228658 96.734752257665 101.399938265483 108.722368876139 117.903898159663 129.279315471649 132.237762212753 123.107075691223 119.54261859258 114.98087644577 116.856356461843 120.566020409266 120.815614859263 119.517982006073 114.108949899673 112.579762935638 119.098722934723 132.99094637235 142.411688963572 148.580948511759 154.041667779287 162.337243556976 163.345654805501 167.537113030752 166.22731089592 162.416934967041 164.045731226603
62.8559639056524 52.2799789905548 43.0921614170074 31.7022750775019 22.0660517613093 17.1113312244415 6.69589638710022 1.6304791594545 6.0025608787934 11.4096750815709 16.8833111723264 20.8819434046745 23.9855945110321 26.2351060907046 24.4615500171979 23.1603259841601 22.1629763642947 25.4344418644905 32.956009109815 43.7182784080505 54.9293408791224 66.9651031494141 78.8346628348033 80.4740985234578 85.4053199291229 85.6293340524038 85.7391357421875 87.8857572873433 88.7009104092916 96.648911635081 106.058180332184 108.116587003072 106.125285228093 105.9224208196 106.521745522817 109.421829382579 111.84882124265 113.412241141001 115.454494953156 111.003418763479 121.933698654175 135.495295127233 140.724003314972 143.80027850469 142.748485008876 142.410705486933 145.97283800443 154.105792442958 161.255300045013 156.777918338776 148.820290962855 150.564610958099
42.6743775606155 39.2887542645136 34.2278008659681 25.4720076918602 21.4468960960706 14.975110689799 13.6661604046822 9.99351839224497 6.26980637510618 4.25930259128412 7.38999061286449 16.0442752142747 25.9815379977226 32.6740096012751 36.3689512014389 34.1586396098137 29.8391878604889 28.0814692378044 27.2295822699865 30.6117658813794 35.6854647397995 41.9172098239263 52.3333549499512 59.1558218002319 68.8998152812322 70.4915275176366 73.1703042984009 72.1862067778905 76.0082403818766 78.3449560403824 76.5602986017863 78.452651699384 91.9679204622905 93.2745138804118 98.5651612281799 102.844516436259 101.50667031606 106.70347015063 111.45489414533 120.581994454066 122.206568717957 124.040941397349 127.971430619558 141.287038723628 141.285707553228 141.584873199463 147.541264692942 152.114808559418 156.924913326899 155.556251605352 154.566665490468 152.012725671132
7.51911538342635 7.33131729066372 5.52840468784173 2.93794243286053 1.45268595467011 0 2.98367658009132 10.9577837089698 10.8351074159145 7.18120361367861 4.65069059282541 5.01509911070267 16.4376099904378 29.0329232811928 39.1971866289775 36.1185396711032 35.5607668558756 31.5254181623459 27.5223429004351 25.4173626502355 25.6741320093473 26.9472847382228 31.4569100737572 40.5288934707642 52.6400109132131 58.6855510870616 59.4665110111237 61.413715283076 64.7080540657043 64.6239866813024 67.6585336526235 67.0368919769923 72.4038581053416 73.0176071325938 87.3628258705139 91.0941064357758 96.1009462674459 98.664790391922 108.217974503835 122.025152047475 125.743707021077 121.936837832133 120.999763409297 117.989997069041 119.830866654714 141.290694475174 147.335449854533 147.40185936292 146.693756182988 150.637517372767 157.450834910075 152.698496977488
0 0 0 0 0 0 0 3.83825165530046 13.3815035223961 11.8510661025842 8.65404804547628 4.30022676785787 5.69840893149376 13.945821672678 26.2622386217117 30.3856283426285 35.5876013636589 34.8517969250679 30.788724621137 25.8109668890635 23.1511319677035 22.8605171044668 24.2099290092786 30.1324352622032 36.5939339001973 42.9564913113912 45.5972949663798 47.8860040505727 53.2565116882324 55.0326704978943 54.9145638942719 57.6821863651276 55.5588106314341 54.780234893163 52.049661676089 64.7957026958466 84.6074322859446 94.994197289149 99.8579760392507 111.627250909805 116.497377554576 112.596909205119 107.132335503896 105.827450752258 108.181287844976 109.014252821604 111.959189176559 134.912997484207 138.094405333201 142.234802246094 144.955297311147 143.483847379684
0 0 0 0 0 0 0 0 7.0888064801693 14.8654965062936 14.4019946455956 10.4769989848137 3.77176764110724 3.17747859905163 11.9430311024189 25.1471176743507 34.9300652742386 39.0389238794645 36.5456615885099 33.0209831396739 28.7277648846308 28.950904806455 30.1051214337349 30.7082459330559 32.6752588152885 34.6545030673345 37.8257781267166 42.9295152425766 43.7444597482681 45.8690623442332 46.4399556318919 46.8396594127019 42.1078155438105 43.5575644175212 42.8284953037898 40.848379333814 47.1773246924082 60.3851675987244 79.274520277977 92.6691691080729 96.878985563914 95.9221720695496 95.847874879837 94.6478545665741 94.2246317863464 96.1207449436188 94.027320543925 95.193882783254 98.7515548865 116.06087287267 128.089954455694 129.844307899475
0 0 0 0 0 0 0 0 0 6.38776458799839 16.6283970077833 20.2957553168138 18.2208083570004 11.341697225968 10.6193895141284 22.0398058493932 31.4116328954697 40.1597569386164 44.8405593633652 44.680267572403 39.4955674807231 37.9785348971685 36.9026536742846 37.2348626454671 39.7448614239693 40.4579117894173 41.5298864245415 47.2837587197622 46.5780148903529 40.1543726523717 42.9734687010447 42.8088108698527 39.2520949244499 35.5208590626717 33.0775578816732 35.8492061495781 31.502977013588 32.614529132843 38.8292744755745 41.0584857066472 57.2617401679357 67.7213271458944 72.7283010880152 78.6839177211126 81.9961776336034 90.8961494763692 89.2198781172435 84.1536323229472 79.9577881892522 81.5244764089584 85.1263006528219 106.043179829915
1.67582556605339 0 0 0 0 0 0 0 0 0.0864498142618686 16.0868503153324 29.0119498968124 35.6659740209579 30.5082326134046 22.3371312022209 20.2688400944074 22.7715646227201 31.6513230403264 43.0696904659271 50.9848048289617 51.0224401950836 49.1030911604563 48.1573094924291 45.2493925889333 46.0348228613536 46.6747283935547 46.0231105486552 49.302930633227 47.3401447137197 41.1962817112605 37.9307021697362 40.9306089083354 36.0236614942551 31.6644559303919 29.9279317259789 27.0936439434687 20.9617515405019 17.4143239855766 16.2546460827192 21.0881357391675 23.6398453513781 30.5815488100052 33.0830266078313 41.3221394022306 51.7891546090444 58.5433741410573 70.3501850366592 74.1466532150904 72.5218454996745 69.0592775742213 72.7113584677378 78.0752003192902
2.29117305328449 0 0 0 0 0 0 0 0 0.0453303752389426 4.75341640412807 27.7628973126411 43.4697916110357 44.6115533510844 35.5754221479098 22.6080144445101 18.6087066928546 20.1435411969821 29.9079343676567 46.0929125547409 57.0816298325857 55.552214384079 55.8878481388092 53.3693035443624 51.533172527949 52.3085792859395 54.0400445461273 48.7778037786484 50.206184387207 48.4754890203476 41.3605496287346 36.2224628527959 33.8857968648275 28.6876211563746 25.8329013983409 20.9479853510857 16.1580219864845 12.3564066986243 11.1270112295945 9.97760519385338 10.9978131949902 12.9191217323144 17.6292061805725 21.4972570538521 33.1453333298365 38.9061172803243 46.5971976518631 55.0809303919474 61.0304772853851 60.1206471522649 63.9239599307378 68.8198904196421
1.37306020284692 0 0 0 0 0 0 0 0 0.17265637870878 0.328298890963197 16.8515977760156 32.6877062519391 44.7870641946793 47.0792154471079 41.1924198269844 36.5911001960436 28.5117477178574 24.437852203846 30.2689721186956 46.0592011610667 58.1923127174377 62.0638529459635 60.2701207002004 57.3709557453791 57.4703266223272 60.7583820819855 57.3110679785411 55.4365118344625 57.7113131682078 49.2812693119049 38.533811767896 30.7409763336182 23.2320080200831 17.4179250995318 13.4108749528726 10.1733518143495 7.39376805722713 5.24159210423629 3.88680460552375 2.20856722444296 3.82855876038472 6.79889880120754 11.6434705754121 24.2656767368317 29.1613936424255 37.5382453203201 42.0757383108139 46.3306258122126 52.0298779010773 57.2421252727509 61.5750153859456
0.596592823664347 0 0 0 0 0 0 0 0.51371151736627 0.49572604863594 2.48810074602564 11.2994549175104 23.9415168762207 37.9059910774231 48.3319560686747 54.1612754265467 54.5256833235423 47.7419644594193 34.662293891112 25.7914712031682 32.9462712009748 51.3241191705068 59.7313493490219 62.3850127061208 63.8699183861415 66.2220617135366 69.1204716761907 69.0975437561671 63.9660805463791 59.0685506661733 49.6996889511744 43.3477312326431 32.5390224655469 23.3170166611671 15.6660005450249 13.1341939171155 8.56958515942097 5.2621445308129 2.86148581653833 1.36385423441728 0.205276048897455 0.000398023947430678 1.82993151247501 8.33574247856935 12.7441460887591 20.226813852787 22.6603796084722 26.5109787384669 32.591516772906 39.952889084816 45.2027221520742 51.7678558826447
0.677523591245214 0.850582960993052 0.226676561093579 0 0 0 0 0.873643749703964 1.35451477641861 7.50334809223811 13.6823169887066 14.4094675779343 20.4156500597795 26.5035604437192 39.273922642072 52.0064930121104 55.5562178293864 55.5708507696787 52.4099618196487 41.7050570249557 30.0121977925301 38.5015805562337 47.7766444285711 56.1238328615824 66.3915773232778 71.5156098206838 74.2863019307454 72.1386770407359 71.3259279727936 61.8353982766469 50.2521246671677 40.192981561025 33.9971333742142 22.170660396417 15.4239696760972 12.0495483279228 6.78547906378905 2.28570448234677 0.587235437706113 0.00635398707042138 0 0 0 3.12368044008811 4.36354987323284 10.90032979846 14.9405660728614 19.3906463682652 23.1728702783585 26.8976042668025 31.0211206475894 35.9379798173904
0.642693291107813 0.258409107724826 0.558515583785872 0 0 0.0287613802356645 0.200859542625646 1.13315422398349 1.56590063124895 2.30397749692202 12.6183020571868 12.6316671570142 13.8287457327048 16.377154737711 25.8758167425791 36.044550438722 43.8770304123561 50.2375413974126 55.0271372000376 55.4486215114594 47.1060474713643 39.1528457403183 41.3789947827657 48.6673017342885 57.4620068073273 66.3647204637527 72.670171658198 73.3607113361359 65.3034547964732 54.6138534943263 53.0747870604197 40.9982055425644 27.7774383624395 19.3974499901136 10.539598762989 5.24968219300111 1.42906171580156 0.0604339147685096 0 0 0 0 0 0 0 2.45945497105519 5.02712186425924 6.49818405508995 13.0091123282909 15.8082085351149 16.3489704330762 18.6044399936994
2.0602128158013 0.103215890703723 0 0 0 0.22639351664111 0.161730432106803 1.37567240744829 2.02590475479762 1.98649102821946 1.44413439556956 8.19776269296805 7.79156511028608 8.80196690559387 13.1854452192783 24.4068503379822 33.7172597646713 38.6813133955002 47.4220762650172 57.8888356685638 62.7815326054891 53.2834082841873 53.1755735476812 55.2938878536224 57.6706280310949 58.7508330742518 61.8619670470556 66.4089620113373 61.9822641213735 50.1581430435181 40.9238735834757 31.2295903762182 19.7340610126654 11.0241621732712 3.73167886088292 0 0 0 0 0 0 0 0 0 0 0 0 2.48459152256449 5.30067520836989 7.95360033710798 9.17864342530568 12.1017967661222
10.3953698029121 4.84861526638269 0 0 0 0 0.847623295461138 2.4257181212306 3.43555522461732 2.16470705345273 2.0324382930994 1.38166919350624 5.05999165276686 1.8272694821159 8.00483052929243 16.5606910983721 26.7239734530449 32.9558849334717 39.9283692240715 51.2841840585073 58.2471291224162 69.8741177717845 73.1488863627116 72.0352480808894 67.5595750411351 58.6374004681905 53.7194261948268 56.5808365742365 57.9332212607066 45.3377465407054 29.3091957767804 17.2165272136529 10.6341068943342 1.21900315086047 0 0 0 0 0 0 0 0 0 0 0 0 0 0 0 1.14264548756182 3.24727067102989 3.93438680718342
36.8390132983526 30.7427818576495 11.6875494519869 5.03948734452327 2.25234559426705 0.560654404883583 3.71077253172795 4.12898076077302 3.37540917098522 2.62555945664644 2.07775303473075 8.40961063901583 9.00478661060333 7.97932284573714 8.87683716913064 13.4933764735858 21.6502497593562 29.5321221152941 34.0835923949877 37.5153422355652 40.4359549283981 54.2544573545456 64.3212447563807 67.6791369915009 67.3654973506927 62.1290902296702 54.754967490832 48.2077449560165 51.816463470459 33.7126528223356 15.9848667681217 5.32169702152411 0 0 0 0 0 0 0 0 0 0 0 0 0 0 0 0 0 0 0 0
