input/barkrak2/radiation/dir01724.grid
NCOLS 85 
NROWS 70 
XLLCORNER 665100 
YLLCORNER 4664600 
CELLSIZE 20 
NODATA_value -9999 
[rows 23 to 45 of 70, columns 0 to 51 of 85]
69.8610693216324 59.3985418478648 28.06473026673 11.0925585031509 6.5516009926796 12.1641829609871 13.7224892775218 5.06312710543474 3.60587363441785 3.29136289656162 3.39162908494473 11.6728084782759 13.984315097332 17.5937116146088 15.5797575910886 16.2250647942225 21.8293145298958 29.6499480803808 34.4450424114863 28.6026100317637 28.2405639688174 31.9378326336543 42.8145031134287 52.4266809225082 58.3316038052241 59.3264599641164 52.694246172905 45.6980168819427 27.8594940900803 11.9790956377983 8.09401335815589 2.33540730550885 0 0 0 0 0 0 0 0 0 0 0 0 0 0 0 0 0 0 0 0
69.6251293023427 65.5803283055623 43.9641028642654 15.7553665339947 0 8.34755599498749 5.74432127177715 10.6121562421322 5.56457849840323 4.73092899968227 4.27642464637756 6.65492253998915 11.8621625006199 15.625674277544 15.9357028702895 15.2886149783929 19.1150108973185 28.5691072543462 33.435915907224 27.2891943653425 26.3182669878006 23.3832920591036 30.5998548865318 38.0978832642237 42.930394411087 43.4379279613495 41.0596455136935 36.9179919362068 17.1816274523735 7.29220608870188 3.7282221019268 2.44723182792465 0 0 0 0 0 0 0 0 0 0 0 0 0 0 0 0 0 0 0 0
57.0696045955022 61.2719704707464 54.1344483693441 25.0473966201146 2.09152574340502 11.5128681063652 18.8450453182062 26.5053038795789 27.0673185586929 21.5908562143644 17.0908992489179 18.6591347058614 17.7624362210433 22.7449436982473 21.7274278402328 17.3808398346106 18.2517866293589 27.3740837971369 33.9626992742221 35.7477987806002 35.3831847508748 32.5203463435173 29.6821941932042 29.9402077992757 32.7351192633311 34.745658437411 31.1457018057505 31.7584276199341 18.7996129194895 14.7454713781675 11.9543187320232 14.9949019153913 9.91905232270559 0 0 0 0 0 0 0 0 0 0 0 0 0 0 0 0 0 0 0
55.7537227869034 60.6594085693359 58.3081543445587 33.9640577634176 11.426734427611 23.507426182429 35.9089449048042 45.6811835368474 53.0295670032501 46.4409589767456 30.7275305191676 34.2223991950353 30.1130066315333 31.2849059700966 32.5559129317602 24.0581209460894 21.4643180370331 28.6231612165769 36.2843622763952 46.1145391066869 47.0246771971385 44.0569818019867 36.6522123416265 31.5396015842756 32.4294244249662 34.3447377284368 30.2128394444784 37.6977572838465 35.6795638799667 34.3116968870163 38.419134914875 54.4233818848928 62.2666676839193 42.1797186136246 0 0 0 0 0 0 0 0 0 0 0 0 0 0 0 0 0 0
57.0735037326813 56.1285267273585 56.1762799819311 39.7386228044828 35.0474988420804 42.7053074042002 57.582547267278 63.5945548613866 64.3002142508825 54.2735556761424 41.1966567238172 36.3782520095507 33.223624030749 33.8329796989759 37.2641608119011 31.7214727401733 27.3527254660924 32.1494986613592 44.8120832443237 49.3669410546621 46.4388231436412 38.5938162604968 36.4808763066928 37.6762747764587 38.1677101055781 38.6172582705816 36.1998751759529 46.2492009003957 62.656044960022 67.054957151413 70.6711312135061 77.1598716576894 87.3048504193624 93.2744940121969 49.2336501677831 0 0 0 0 0 0 0 0 0 0 0 0 0 0 0 0 0
60.0051283836365 49.9736865361532 50.4448513189952 42.2943284114202 53.9768089850744 55.2657544612885 60.1713409026464 58.3436489105225 52.2209505240122 42.1169052521388 35.4309926430384 32.3690995573997 31.8360477685928 36.0346088806788 38.3108779788017 40.6455844640732 34.5317994554838 31.8292280038198 41.2106265624364 43.4037695328395 41.6270891825358 34.8984152078629 34.6103757619858 40.2647803227107 42.5064414739609 39.8124133547147 40.4864301284154 46.3302532831828 68.9180841048559 81.8526645501455 88.2589221000671 93.2185153166453 99.6273954709371 102.03492641449 91.9077793757121 24.5594034592311 0 0 0 0 0 0 0 0 0 0 0 0 0 0 0 0
61.1986716588338 45.3069855769475 45.353705684344 46.9089845816294 55.7032525539398 56.3326279322306 47.2812155882517 35.5225478609403 10.2337549130122 8.34878658254941 20.5368896325429 22.9210431377093 29.498964548111 37.5025148193041 40.3028080860774 43.9668893814087 41.220930715402 29.4611429174741 31.8152258793513 35.2793062726657 34.4005152583122 34.5457394917806 34.5260029037794 40.0173515081406 45.1568166414897 42.6347951094309 44.6515132983526 46.7201769351959 62.6912464698156 84.1090977191925 97.0367689927419 101.958552996318 104.201346635818 105.111728111903 111.197104056676 91.8777386347453 19.2195177078247 0 0 0 0 0 0 0 0 0 0 0 0 0 0 0
60.3447258472443 60.7965737581253 79.0497561295827 107.298503319422 85.4174892107646 62.9684527715047 39.4191021720568 10.8711943030357 7.67318345606327 15.9782556196054 6.28277783592542 5.62525975207488 28.2095099488894 37.7547691265742 42.302946249644 48.7812161445618 45.6359932820002 33.8942557573318 33.204918106397 36.6070022185644 33.9497253298759 37.9655087987582 39.6947413682938 41.8543914953868 47.3418335119883 51.1350333690643 49.9249001344045 52.2013654311498 64.3475403388341 87.6135627428691 103.253503640493 106.334865093231 104.449967543284 111.399749914805 121.485739946365 124.401728312174 96.0223178068797 41.1433055996895 0.95193258797129 0 0 0 0 0 0 0 0 0 0 0 0 0
71.4479585488637 102.091451485952 147.988776365916 168.447275956472 147.949377695719 99.4220674037933 56.2143425146739 30.9560274084409 25.7798011104266 30.9869796037674 23.7032274405162 19.2343791325887 29.4798761606216 37.1883461872737 48.0084915955861 50.4260808229446 47.5758165121078 42.4842188755671 36.2240920464198 37.1590529878934 37.5367278854052 40.4003808895747 42.6294108231862 43.2350933551788 47.6315369208654 58.3663980166117 58.3781152963638 64.3385102351507 73.3686188856761 89.3007715543111 101.929148038228 108.599444230398 111.679593722026 119.952271382014 123.585850000381 124.317934115728 118.651737769445 97.1571405728658 38.9229928453763 0.165762437973171 0 0 0 0 0 0 0 0 0 0 0 0
127.407888571421 162.480403979619 188.296059767405 190.892159938812 187.562306722005 161.047965288162 120.320399602254 87.4486168225606 66.7382578055064 56.698610385259 51.3772666454315 42.2506034374237 31.842810412248 34.492497642835 44.3547964096069 52.4814079205195 46.248272061348 47.0952838659286 37.0146085818609 35.2793335914612 39.2197494705518 40.6095907092094 41.1940217018127 41.9871509075165 46.0965931415558 58.5270176331202 63.9702826738358 70.9283898274104 80.4621080557505 88.3939266204834 98.2451240221659 108.101765314738 110.03319422404 108.52246483167 111.06663942337 103.466331958771 106.027275323868 92.523584763209 49.9625106652578 1.57496550430854 0 0 0 0 0 0 0 0 0 0 0 0
180.092871189117 198.200523853302 202.394783496857 201.472381750743 202.980518341064 199.260493119558 176.86406771342 136.960446834564 100.828071435293 78.5697400569916 79.5320123434067 72.3280807336171 49.2603133122126 41.1779234806697 44.1228300333023 47.6783762375514 41.61253819863 42.0536498228709 35.7673888405164 37.1286993225416 35.849300523599 37.7819091081619 37.1151442329089 37.6183539628983 43.7949498494466 53.4650335709254 64.0090852975845 67.7834451198578 76.588104168574 87.2413118680318 97.1441765626272 98.8716284434001 91.8371478716532 82.0491860310237 84.7421685854594 72.3119179407756 73.1927951176961 59.2420548200607 23.6163561542829 0.442177173681557 2.89387255907059 0 0 0 0 0 0 0 0 0 0 0
195.053239663442 203.911185264587 201.9877632459 203.011830647786 204.385141531626 203.23783159256 193.413376808167 162.973980108897 119.296421607335 92.6916003227234 92.799961566925 87.3385270436605 71.869691212972 51.9074449936549 44.6141262849172 45.7397600015004 39.7724434733391 36.2616032361984 35.9030639131864 38.6930033564568 34.9321241180102 34.8990236719449 35.9252244234085 37.2609893480937 41.2336066365242 47.8271295626958 56.805690129598 57.7078113953272 66.3540015618006 82.9673061768214 90.8275743325551 88.4948670864105 84.0644737084707 77.7558386325836 71.388453245163 60.0119878848394 63.7683024009069 61.1149867375692 42.4474825461706 10.7518918812275 9.70970963438352 0 0 0 0 0 0 0 0 0 0 0
187.89670864741 192.499279975891 188.2244348526 190.402150154114 189.486960570017 184.508442878723 179.218292236328 161.870777606964 124.868323405584 103.266189495722 98.4364847342173 91.4080242315928 82.4428002039592 58.2516690095266 47.271341085434 49.2480347553889 42.6837652921677 34.9092235167821 38.4052072962125 39.6132419506709 38.0217557152112 35.4060381650925 38.3119831482569 42.1270430088043 41.5442734956741 46.2861955165863 49.976055820783 50.7262249787649 57.3384414116542 74.336846669515 83.8678181171417 82.9324473937352 85.8640968799591 85.7975979646047 71.276530623436 65.8643444379171 69.6284224589666 76.0041375954946 70.7364231348038 33.3300083875656 0.551809013510744 0 0 0 0 0 0 0 0 0 0 0
161.621948083242 165.487031141917 168.018619219462 165.273527304331 163.838416337967 162.784477074941 167.500913143158 164.049098889033 135.995407899221 111.241608858109 99.2102722326915 86.600402990977 76.3782014449437 55.4563800493876 44.1373437643051 49.0830441315969 50.5834718545278 39.5587608218193 42.3226853211721 45.1547304789225 44.9507186810176 40.8769398927689 41.7557209730148 44.0954814354579 42.4204568068186 43.3426598707835 49.0621676047643 54.987574617068 58.0365210771561 69.3211555480957 80.3753783305486 84.8362743854523 86.6487224896749 89.6828571955363 74.5404809713364 74.8161375522614 74.8844395081202 82.7879657347997 82.2887519995372 44.6778386831284 0 0 0 0 0 0 0 0 0 0 0 0
137.923657894135 146.948754787445 158.600836992264 155.745804309845 154.805481433868 161.539365847905 171.60830895106 175.159414609273 157.709141572316 125.881413618724 102.568060159683 76.8247991800308 60.3278030951818 48.7614323695501 40.9668361147245 44.550895690918 54.6650141477585 47.3294059435527 44.6162621180216 47.500933210055 48.0840901533763 44.3701446056366 42.4942175547282 44.153094291687 45.4893857240677 44.3353205919266 47.9062050580978 56.1870237191518 59.7220708926519 64.2597128947576 74.7084518273671 84.7064157327016 87.3576899369558 82.1940104166667 71.1514552434285 82.1624994277954 85.0195984045665 88.9737904071808 88.9756083488464 64.6599729855855 0 0 0 0 0 0 0 0 0 0 0 0
101.424445708593 112.889190514882 121.25097711881 126.269151767095 134.815712769826 151.018381118774 166.065613428752 175.445437431335 171.014428138733 141.638388236364 107.589652140935 74.8894860347112 55.8866560459137 52.9425442218781 45.5772131681442 39.8777375618617 49.9388774236043 50.5667130152384 45.0175454219182 44.9345608552297 45.3179876009623 43.5439844926198 40.7337496678034 42.5571550925573 45.189027984937 48.8314926624298 48.4892725944519 53.4912099440893 58.2168996334076 59.5099031925201 67.7833706140518 81.114540497462 85.9731336434682 72.7758705615997 74.0012178818385 89.8863077163696 95.4282184441884 93.1375126043956 92.6869809627533 88.9778633912404 35.9727467099826 0 0 0 0 0 0 0 0 0 0 0
67.0394897460938 73.5667298237483 73.2184151808421 83.2072993119558 98.6482799053192 116.373171408971 131.784737110138 143.742144107819 147.68656094869 123.874018589656 88.5198513666789 64.3945982058843 51.6071369250615 49.9607423941294 46.5174267689387 42.1042988697688 46.5802202622096 46.8913614749908 40.7876372337341 41.0010491808256 44.0283219019572 47.0371892054876 46.1310644944509 42.915532986323 42.3314521710078 45.2840576569239 49.8965283234914 52.8891086578369 58.1437746683756 57.2993705670039 59.9191983540853 71.7928409576416 78.0898332595825 74.9397526184718 91.5066202481588 99.1017719109853 96.6248611609141 93.4053957462311 97.4246760209401 109.388709068298 101.961900790532 42.990912993749 0.00147258257735909 0 0 0 0 0 0 0 0 0
56.2173227469126 58.2645833492279 58.0671628316244 60.0297898054123 68.9071814219157 74.8499135176341 78.4858763217926 84.3693216641744 85.2048993110657 69.7046220302582 54.9098551273346 50.9868562221527 49.7823854287465 47.4536120891571 46.0563153028488 46.6678241888682 45.4287429650625 44.762576619784 40.6314531962077 41.2228753169378 45.4617689053218 49.8099525769552 50.951878229777 47.6801246404648 45.6461161375046 43.6376134554545 52.2811810175578 54.4739266236623 56.8008422851562 58.203250169754 58.3911736806234 63.9980932076772 72.1509357293447 81.6842615604401 99.3558863798777 97.4685748418172 89.7929469744364 81.7046165466309 85.1746201515198 100.644260644913 111.733535925547 102.503309647242 55.1712960004807 3.74541773150365 0 0 0 0 0 0 0 0
64.3373827139537 61.8838767210642 62.1223052342733 61.7137799660365 58.2332164049149 56.4675331115723 55.0522257884343 56.1762899160385 61.3009432951609 53.2989799976349 46.243354678154 47.5776592890422 51.1576632658641 51.7717103163401 50.5588750044505 48.7723499536514 43.6284244060516 50.0348657369614 51.8812934557597 48.1060345967611 50.3312299648921 50.7992406686147 49.2500464121501 51.2142131725947 53.3505628506343 49.1155336300532 53.1369348367055 56.4812521139781 57.7263782421748 58.4673831860224 60.8700662851334 64.3986314535141 70.1318879922231 85.6865743796031 93.5002366701762 88.101069132487 78.03808649381 68.6691055695216 66.6823089122772 76.8290758132935 102.272510528564 107.190986474355 82.5834920008977 32.6731825868289 0 0 0 0 0 0 0 0
68.7206089496613 65.9091373284658 68.664272626241 67.3952748378118 60.6419593095779 57.426189382871 55.3260147571564 52.6460210482279 52.802766362826 49.497331182162 48.0866630872091 47.8096107641856 51.7693758010864 55.7747731606166 55.4791589577993 52.9048641522725 50.0045567750931 55.3119977315267 57.7407479286194 52.1129866441091 49.799253543218 47.5405057271322 44.9632654587428 46.2999045848846 51.2717415889104 49.3120451768239 45.8404819170634 50.4151582717896 55.0479590892792 57.1046620607376 57.436928153038 59.119313955307 68.22403271993 86.3666335741679 92.5480524698893 77.9365301132202 68.1972404321035 64.8664832115173 64.2869472503662 72.3658700784047 79.1092018286387 81.8966378768285 70.4361895720164 39.8988649249077 0 0 0 0 0 0 0 0
53.2536804676056 55.9331278006236 64.4530455271403 61.9234244028727 64.4657512505849 66.7986571788788 65.8916234970093 61.8794113397598 51.7625013987223 50.3248572349548 53.4254709879557 50.4135390122732 51.0490636030833 54.5224448045095 55.5744469165802 53.519199291865 54.9987256526947 57.5644721587499 57.9992632071177 53.477555513382 47.6254125436147 45.4246699810028 43.3453073104223 43.4756129980087 46.1193174123764 50.1830875873566 45.7774500052134 47.6616124312083 51.7057776451111 53.0596474806468 51.6494512557983 50.3332714239756 61.1545890569687 74.1857687632243 79.4623146454493 70.4772969086965 66.9025282065074 69.6647465229034 70.7027812798818 73.104590177536 68.5593038797379 66.6691462198893 62.4412049849828 39.1974374651909 2.95120477676392 0 0 0 0 0 0 0
51.705926656723 57.4825058380763 60.5083306630452 61.1994961897532 62.9637738068899 65.5177732308706 65.8013969659805 62.0192885398865 57.5597733259201 53.9129972457886 55.4813494284948 53.2698134581248 50.4499673843384 49.4424800078074 48.7739741802216 49.036314090093 46.8351592620214 53.6954154570897 55.1065504550934 53.1822045644124 49.1311152776082 47.1039116382599 46.6807285944621 47.8421698013941 45.5525318781535 54.1701664527257 57.0761859416962 54.5372913281123 53.5159260034561 51.9833465417226 47.8457907835642 45.6382781267166 52.093893289566 55.7427604993184 61.6595645745595 64.9600178003311 69.0173407395681 75.0975062449773 76.4170736074448 69.2224601904551 68.3614015579224 63.4050269921621 60.5694800615311 43.6339130004247 15.1395797729492 0 0 0 0 0 0 0
57.867224017779 62.5204096237818 59.6983631451925 63.0945116281509 61.6551886002223 61.7513557275136 63.4362796942393 62.0792955160141 63.3229513963064 58.9338839054108 58.3546807368596 57.7642023563385 53.4686495860418 48.9891817172368 48.0946451425552 51.5309025843938 47.4645445744197 50.6966511408488 55.1881889502207 53.8700719674428 51.7135510842005 50.9935269753138 49.9022454023361 51.2769718964895 52.7186890443166 53.513710697492 59.0025037527084 56.410014629364 54.6043813228607 53.0919283628464 49.1464187701543 45.9367980559667 49.1220057010651 48.225611448288 48.9829480648041 52.518034974734 59.3147575855255 68.0855413277944 67.0017252365748 56.5191407998403 60.4919294516246 56.1450868844986 55.4898579915365 53.2087981700897 36.1265788475672 7.11300037801266 0 0 0 0 0 0
