input/barkrak2/radiation/dir07424.grid
NCOLS 85 
NROWS 70 
XLLCORNER 665100 
YLLCORNER 4664600 
CELLSIZE 20 
NODATA_value -9999 
[rows 0 to 20 of 70, columns 0 to 45 of 85]
201.780200004578006 217.529654502869 233.911732832591 253.719131151835 263.115505377452 263.341069221497 256.031612555186 250.574310620626 251.835465431213 253.843724727631 253.073453903198 253.961086273193 252.425452073415 253.151615460714 255.058089892069 245.612422625224 233.922382195791 222.780128320058 217.686851819356 207.159479459127 203.948676586151 218.618055184682 245.395799477895 253.140648206075 255.229492982229 265.736838181814 264.517148335775 250.255783398946 234.585483868917 232.595165570577 228.469133377075 248.765746752421 292.164742946625 290.122350056966 286.080261071523 274.803737799327 279.173175493876 293.829242388407 290.228148301442 289.610902468363 277.444084485372 278.041044871012 289.796392122904 289.404650529226 278.306543827057 281.178990999858
179.520746072133 197.635074456533 213.583807150523 233.363310496012 247.026681900024 251.19948387146 250.294109185537 251.949906349182 260.391195615133 259.822328885396 255.903482437134 254.459718863169 253.469347953796 254.972159862518 254.806896050771 245.301047960917 239.547928174337 229.880332946777 225.274999936422 214.483280976613 218.381683031718 238.778789838155 259.301424026489 262.405713399251 266.057809193929 270.861367384593 266.116440296173 253.55980793635 239.513238271077 234.44926738739 235.282262166341 262.519756952922 292.938927809397 290.6893491745 286.000192165375 276.662230491638 281.873027483622 293.927152951558 288.558224836985 290.470004081726 281.815906365712 279.955128828685 278.360267480214 277.74441242218 274.985531965892 281.191786130269
141.219486792882 154.75794672966 167.899628480275 181.469321250916 195.99723815918 206.449349721273 217.793981234233 233.893712361654 247.253040472666 248.162150382996 248.350977897644 252.033034960429 260.402858257294 264.179348945618 262.975732485453 266.679386297862 267.083585262299 257.638017336528 241.323113441467 230.84412018458 238.837361335754 252.46540705363 260.993937651316 263.567467530568 268.700162569682 267.635603745778 261.857827504476 252.863526344299 243.865052858988 242.278516292572 250.492831071218 277.970790863037 291.389028231303 291.837473710378 286.626438299815 280.80956141154 287.375350793203 291.241864363352 290.42128721873 288.398146629333 281.234959761302 272.161900997162 260.844012101491 259.518583615621 269.309997558594 279.267569382985
122.711459795634 123.337358236313 131.747961044312 139.149526755015 146.400213241577 152.129352092743 160.493155320485 178.218881289164 200.209538141886 219.103912512461 233.775158723195 250.922481218974 263.228793938955 267.782151699066 270.457009474436 276.325384775798 274.031698703766 263.387580712636 247.035423914591 240.155736605326 239.395260810852 238.626420497894 250.810841719309 257.369975248973 258.01557302475 259.311993916829 258.834818998973 254.771033922831 252.51829624176 254.293342431386 257.011870543162 283.349732557933 289.757609367371 290.054758389791 287.303825219472 288.62851858139 290.141006310781 290.492693583171 288.223326206207 278.62024307251 270.693103472392 258.760809898376 254.132231076558 267.28614171346 283.284445603689 277.40490436554
145.622313022614 128.255446751912 114.100793997447 104.307353496552 106.511771678925 125.358154376348 147.743403911591 159.561375776927 170.500417550405 179.024577140808 203.231970469157 229.026059309642 245.241761207581 253.563900788625 260.100126266479 264.124532540639 258.878330389659 249.516785144806 243.479907512665 240.350147088369 235.559463500977 233.339687188466 244.569619496663 251.064380009969 254.014213879903 260.33620039622 259.624620278676 257.101913293203 255.000869433085 253.294269243876 259.656429290771 287.681460380554 288.03018728892 288.763999938965 283.565084139506 285.170336564382 286.297738552094 285.411238670349 275.139709313711 268.275042374929 266.149560610453 263.039390246073 266.648570696513 275.265336036682 279.423713684082 263.340016206106
191.7618115743 161.608268817266 132.159928480784 107.196072737376 98.3784794807434 110.185255606969 136.945505936941 155.855049689611 160.742441813151 159.875531991323 171.025216579437 186.525464057922 197.658479213715 205.234408378601 215.357780456543 224.775016307831 227.083325386047 231.67359828949 238.865335782369 244.4735566775 244.560420513153 247.014741102854 247.85836537679 248.940825462341 253.013054529826 258.932908376058 259.657740592957 259.98193025589 258.427182833354 258.280217647552 271.772583325704 288.452724615733 285.32079855601 285.780151685079 280.698557694753 278.733889261882 280.84272146225 277.278900146484 267.84340540568 268.809954325358 267.96700557073 265.211562315623 266.522824764252 269.600967566172 259.72984234492 233.682890733083
217.509468396505 190.05811214447 167.220652103424 144.279032945633 121.562709410985 108.554303646088 116.672853628794 147.424479325612 162.733217080434 171.671132246653 167.947729428609 162.466446558634 157.929023106893 153.469800949097 155.852188666662 173.00800482432 187.368094921112 209.261536598206 230.684240659078 244.581361611684 251.054028669993 253.883242607117 252.087632815043 249.172647794088 251.72354777654 254.262308279673 257.44217634201 259.120186169942 259.321729342143 264.146109422048 276.508589585622 283.805012702942 280.46311934789 277.056157588959 274.97524023056 270.934104919434 270.863691965739 266.190588474274 261.862913767497 258.482038974762 253.279666105906 251.537322998047 257.220546404521 263.328572114309 252.760688463847 241.77348613739
230.330189069112 217.952092488607 203.739543755849 185.483892758687 159.778515497843 126.783460378647 105.168660481771 103.402078151703 140.845427910487 168.316662311554 177.854359149933 173.388918240865 163.690030574799 152.158677577972 138.432681560516 142.168899377187 156.130234400431 174.247880776723 200.947006543477 223.391592502594 237.623552481333 247.656027475993 254.51401869456 250.679214795431 248.979210853577 248.11315536499 248.583932717641 250.326216220856 252.227981885274 261.073509852091 271.382053693136 275.035123030345 269.688765207926 264.863570531209 259.679357210795 257.729013760885 261.542956034342 257.843395074209 250.855664412181 235.830744107564 235.269129276276 245.343327522278 262.266218662262 271.829605102539 267.102777957916 265.472849210103
220.901747544607 221.094866593679 215.45539299647 206.34522040685 190.401077270508 164.522409439087 131.305674711863 101.442515850067 116.3290143013 139.53177134196 161.769837141037 173.756837844849 176.559368769328 173.42617114385 159.195442994436 150.30958255132 147.439191738764 152.469207843145 168.302396933238 187.189221382141 205.768307050069 222.426692644755 234.611610571543 232.407848040263 234.316766262054 233.831445376078 233.961045742035 235.902349154154 238.433698813121 248.650431632996 254.867672920227 255.1455895106 252.3539463679 251.609762509664 251.014033953349 252.512296040853 252.863526344299 251.84965133667 245.457152525584 238.943417867025 251.756588617961 265.240788459778 274.013717969259 275.502582391103 266.850113868713 260.67441701889
186.190962791443 197.347124417623 203.165292739868 203.155398368835 199.650645256042 194.411257902781 174.62291320165 153.25320760409 119.612673918406 109.679977099101 124.289621909459 151.986310879389 176.497975985209 189.192076524099 190.020720163981 179.609020551046 162.8244916598 156.904220581055 156.015872955322 159.092475970586 169.096271197001 178.702712059021 190.410256385803 200.041174888611 210.416853427887 213.331639766693 213.848114013672 215.401291847229 218.316396077474 225.751638412476 227.185348669688 228.234390417735 235.07038752238 238.796730836233 243.049343427022 244.467417399089 243.252992630005 247.277657190959 244.80664730072 251.265486081441 268.488347530365 276.124695936839 277.930994828542 275.195161501567 265.735268592834 260.264893372854
100.53018728892 125.115960836411 142.316818237305 168.510019779205 180.28869231542 189.102431138357 189.761201540629 181.350191434224 149.908939997355 123.338321844737 107.01252023379 116.734087467194 145.393560330073 175.772388776143 193.117141723633 181.470572948456 172.782003879547 164.257715145747 155.127286911011 148.56348435084 149.085223674774 149.083316326141 154.776761929194 170.474251111348 185.524463653564 194.835066795349 196.577707926432 196.926196416219 203.86403799057 209.59464708964 213.071584701538 216.953237851461 227.188229560852 230.738282203674 231.311142444611 232.549428939819 237.67481247584 243.116060892741 248.343030611674 262.218594551086 272.578875223796 275.702754656474 273.755609989166 271.159748236338 267.212132612864 268.651902675629
63.5122458140055 62.6471141974131 73.2407073179881 94.3440695603689 108.43093196551 129.469086726507 165.490329265594 172.544082005819 172.979315121969 156.96265300115 127.948532501856 106.164216995239 108.888288338979 133.343795935313 164.713243643443 170.614322026571 177.665670712789 173.19776614507 161.664674679438 149.691879749298 142.746339241664 140.594055255254 140.838195880254 150.721361239751 160.254100958506 167.835195859273 172.129611174266 177.087148030599 184.645195802053 190.096994241079 195.448120435079 201.171199480693 207.818408807119 211.653113365173 212.048967679342 214.970231056213 226.736307144165 238.854189713796 245.248277982076 259.014487266541 266.05353752772 267.185846964518 264.08847173055 259.087165196737 257.36661752065 256.622274716695
51.0168472925822 44.5857644081116 40.62719643116 32.1368277072906 41.6672925154368 61.0771228869756 86.4875912666321 110.026309887568 136.312375466029 144.982238610586 153.312553962072 129.289706548055 100.174407164256 96.4791774749756 121.512363354365 155.288616816203 174.816807111104 178.307096163432 172.894875208537 161.970108747482 152.772078911463 152.476966381073 151.939372221629 152.817587057749 153.775294621785 154.10461028417 158.671995004018 168.563346068064 172.849178314209 174.093107382456 179.904162883759 185.794631640116 187.136729558309 189.248104890188 192.548334598541 198.538064956665 211.457868417104 225.637555122375 229.592641194661 239.362676938375 246.679981549581 248.2035557429 246.331751346588 247.433165709178 244.992772738139 245.592554410299
52.9419680436452 32.0770541826884 15.9160209198793 9.85565781593323 3.61589652796586 1.88076558212439 7.9385315378507 44.8229859272639 78.307827313741 98.4358290831248 121.241639057795 138.875007629395 126.032471656799 108.649532000224 104.869683583577 130.791664123535 149.567236502965 168.071448802948 178.413728872935 179.197053114573 168.930768966675 166.856507460276 162.966668605804 163.037091493607 163.755844036738 162.259797255198 164.596050977707 174.647152423859 174.711644649506 167.580942312876 172.930975755056 178.829848766327 180.285433928172 180.574933687846 185.286084810893 192.790627479553 199.35397307078 206.168611844381 210.927049318949 212.986906369527 219.267904758453 226.075847943624 232.771356900533 240.040461222331 236.465354760488 242.102821667989
59.8806937535604 32.8440939386686 11.2176698942979 3.72504598150651 1.09666748903692 0 7.09450182815393 29.0947705507278 45.7829982042313 72.4172443151474 98.2863505681356 121.781557798386 138.744135697683 133.061567942301 117.730607589086 116.747597853343 120.875219504038 139.853765567144 163.463701804479 175.782779852549 176.889300346375 174.020012219747 174.629926681519 172.415892283122 171.058138211568 170.381983121236 173.468708992004 176.788985729218 173.057734966278 167.34512646993 169.969856739044 175.482034683228 175.39648214976 175.124764442444 179.70860004425 183.40657154719 185.034513473511 184.155821800232 189.743300278982 190.162698427836 196.857233842214 205.743670463562 211.657146612803 217.418193817139 219.811022281647 225.052018960317
53.728774189949 33.7474072972933 10.1078581064939 1.56604188183943 0 5.46163879334927 19.6235453089078 31.8997725844383 46.1432139078776 61.6239806016286 85.8996411164602 120.996336142222 140.625417232513 147.207468748093 141.041179498037 118.149171272914 110.826472441355 115.029573440552 130.587557951609 159.882654746374 175.644775231679 176.722526550293 183.485269546509 179.220716158549 172.886510690053 175.989905993144 178.636848926544 176.441351572673 173.972566922506 177.099903424581 176.828106244405 175.610284010569 172.891914844513 170.179426670074 171.195407708486 170.46324412028 167.873919010162 163.341552019119 167.208929856618 169.2822376887 174.353579680125 181.021749973297 184.690455595652 186.725199222565 200.782020886739 207.563738028208
45.3604161739349 37.4304453531901 17.1530718604724 0.00464937875221949 0.268577093568941 7.36633067329725 23.5419422388077 36.1277510722478 50.741304953893 58.8724066813787 73.4327385822932 102.700014909108 128.319025039673 139.796733856201 147.697259982427 144.075870513916 140.145967404048 128.396272659302 121.590356032054 129.200627406438 152.080903450648 168.403824170431 178.283413251241 179.072161515554 177.261630694071 181.794861952464 188.198884328206 184.205770492554 184.629122416178 190.725962320964 187.641759713491 175.506949424744 170.367936293284 165.739476680756 160.710016886393 159.558902184168 154.304206371307 152.738302946091 153.884708881378 157.459149758021 160.039554039637 163.471430540085 167.072415351868 169.598440329234 189.487854639689 200.317958990733
40.6830434997877 40.2661760648092 28.8770000139872 1.53847690671682 1.3322828647991 15.2612303694089 29.8716103037198 47.5861678520838 60.7017874717712 66.0777489344279 72.8676170110703 88.502566019694 113.425254821777 130.54034113884 144.959211349487 157.123456398646 160.487810770671 151.169459025065 133.67043932279 121.87252442042 133.021255334218 154.194305340449 165.451367696126 168.463627497355 172.20938205719 176.908254623413 187.476515769958 188.527166843414 197.594523429871 199.996630350749 194.085478782654 182.291169961294 172.917187213898 164.226979017258 157.804489135742 154.782742261887 152.237594127655 151.40903989474 151.806145906448 154.311895370483 156.89621369044 158.844997485479 159.271975358327 163.382271925608 176.244596640269 191.943923632304
45.3095734119415 51.1788626511892 49.7450530529022 16.5590817729632 10.0716911256313 30.587911605835 42.523056268692 58.3606312672297 74.028546611468 87.1722102165222 92.8440392017365 94.5350031057994 105.814635753632 114.867051442464 134.826878706614 149.393161137899 158.398737510045 160.521686077118 159.65814391772 145.430107911428 126.751273870468 138.641009728114 147.967100143433 160.996516545614 169.938484827677 173.414528369904 175.08723338445 178.74018351237 179.385940233866 188.648184140523 178.396264712016 187.991778055827 177.651206652323 167.121152083079 161.137501398722 155.891607205073 153.262585401535 150.317013263702 150.404214859009 154.205083847046 159.192025661469 161.320318778356 160.836011171341 163.549999396006 164.917180935542 181.040426095327
49.0225404500961 51.3228327035904 60.6082628170649 47.3830004533132 31.5337801973025 45.4248239596685 46.5820282697678 57.6243648926417 72.6044078667959 86.4204168319702 94.675620396932 90.8096234003703 92.9645498593648 98.6324350039164 115.412255128225 134.271303812663 143.839061260223 152.733693520228 159.505784511566 160.932670036952 152.545640865962 139.578640460968 140.862723191579 150.705516338348 159.034599860509 165.220787127813 173.195918401082 170.562545458476 165.571451187134 162.600964307785 158.468147118886 168.686072031657 158.518314361572 170.39434115092 164.671450853348 159.386585156123 153.875112533569 144.353657960892 141.884247461955 149.905204772949 156.851102908452 159.694910049438 165.426592032115 164.181709289551 160.038501024246 171.619097391764
56.9196442763011 45.4235970973969 49.1770207881927 64.2216900984446 56.6301594177882 50.327534476916 45.7766602436701 55.7227035363515 64.7148489952087 76.2528975804647 83.3239008982976 84.5268964767456 83.6580197016398 85.470974445343 95.1574742794037 114.646226167679 128.053327401479 136.623442173004 149.221360683441 163.302709658941 172.806322574615 158.722500006358 158.486068248749 159.336457649867 157.333056131999 154.484132925669 155.899703502655 158.60390663147 161.237935225169 149.408956368764 135.613967974981 129.709909359614 112.425704797109 109.815667072932 105.272203683853 118.747452894847 141.333818435669 142.711400985718 146.309951941172 150.073577960332 151.890218257904 153.039534886678 156.088322401047 148.394723733266 154.023389021556 161.219547192256
