input/barkrak2/radiation/dir04524.grid
NCOLS 85 
NROWS 70 
XLLCORNER 665100 
YLLCORNER 4664600 
CELLSIZE 20 
NODATA_value -9999 
[rows 22 to 43 of 70, columns 0 to 48 of 85]
73.7528254588445 67.1893507242203 43.7474946180979 37.8590747714043 33.0766513943672 15.8575028181076 23.1002867221832 17.9856643080711 12.4152066806952 15.2107911805312 25.9133925040563 27.5358234842618 31.9455961386363 31.3836385806402 33.7053587039312 39.600670337677 51.1457175016403 62.3025496800741 70.6063906351725 72.3553349574407 76.868678132693 92.8883254528046 105.343699455261 110.598762830098 110.75159907341 106.265197197596 97.099244594574 90.1710291703542 81.9153636693954 64.5997822284698 46.5247879425685 21.6268748044968 4.98956379791101 0.252321071457118 0 0 0.142857412962864 0.162061197139944 0 0 0 1.38185949375232 12.651634713014 13.6750328044097 30.8939019838969 51.2447158495585 57.723194360733 62.0541075865428 67.1098083257675
109.257429838181 98.1125632921855 62.1900459130605 44.1022763649623 38.0378291010857 37.5624895095825 34.2236484090487 24.8085757096608 12.5280991196632 12.0629171530406 28.8053130110105 31.4584001898766 36.1066460609436 41.1876241366068 40.2424186468124 41.046217083931 50.1929720242818 59.2425614595413 66.734567284584 59.2404752969742 58.2999835411708 63.4455283482869 76.9687493642171 89.0238483746846 97.1031486988068 96.4493155479431 91.218243042628 74.129452308019 64.4964029391607 29.783733189106 23.4606489539146 13.238454858462 0.279914898176988 0 0 0 0 0 0 0 0 0 0 19.4142659505208 23.7263987461726 31.2437017758687 41.408896446228 49.7663368781408 62.1969004472097
108.50848754247 104.309817155202 80.8559407790502 49.2369433244069 30.2990277608236 36.481961607933 34.8671525716782 31.4492930968602 24.7723236680031 22.7952226996422 26.5269776185354 28.9819091558456 32.6280146837234 38.4064838290215 40.5062586069107 40.2081484595935 47.02261586984 57.8834315141042 64.7067924340566 57.9649160305659 57.1858336528142 53.6557137966156 62.3955428600311 72.4105040232341 77.054167787234 79.3814112742742 76.3616015513738 66.1149173974991 50.5087226629257 22.1236124634743 16.157920161883 13.6657531062762 1.92341301590204 0 0 0 0 0 0 0 0 0 0 30.3530568877856 26.8285796046257 27.1296501159668 36.0000804066658 38.786344230175 44.2799031734467
94.1868424415588 99.256157875061 92.2867655754089 58.8160107533137 30.8769221107165 37.7514312664668 42.9754108190536 50.8792847394943 50.2703090508779 42.1139498551687 34.7727785507838 38.9069442947706 40.0267168879509 48.6273765563965 48.1259475151698 43.1702534357707 46.1893181006114 56.3599765300751 65.3158922990163 67.7607953548431 68.1482156117757 64.9833083152771 61.2867772579193 62.0113958915075 65.4019713401794 68.0218040943146 64.5296474297841 63.4597589572271 39.3906906247139 34.0780938665072 30.5294369657834 37.225770453612 30.2638337016106 0.0450649386039004 0 0 0 0 0 0 0 0 1.89390437056621 32.4274152517319 30.5674200256666 34.2005019386609 34.0463643272718 37.5275860230128 39.2809957265854
92.903991540273 98.5755523045858 96.6783165931702 69.3595161040624 45.9126929442088 53.0552963415782 64.3458515405655 73.6449857552846 80.8520217736562 73.7576087315877 54.8672129710515 56.4528008302053 53.8908690214157 58.8526527086894 61.4749491214752 50.1605768998464 49.4008809328079 59.3645324309667 67.1336005131404 79.2723596096039 81.9245825211207 78.4782568613688 70.2121009429296 64.8208955923716 65.0826146205266 68.426916996638 63.4270211060842 69.0708458423615 63.9469772577286 62.8024290005366 69.7241127490997 90.3151035308838 99.479873975118 77.8747548659642 2.36773661648234 0 0 0 0 0 0 1.18358790253599 18.0101133882999 24.3802318970362 24.0253259738286 23.7645581364632 27.6686797539393 25.682012240092 26.8131171663602
94.794233640035 93.364546696345 93.7270522117615 76.0754495859146 74.5245615641276 76.0006755590439 85.6318970521291 89.7856156031291 92.5127665201823 86.883415778478 67.4253950516383 60.0820581118266 59.0129395325979 60.3406578302383 66.2012000878652 61.6490691900253 55.9340963761012 63.3636017640432 76.682835817337 83.5461219151815 81.5586348374685 72.2780227661133 70.8440790573756 71.9631761312485 72.1637308597565 73.3992358048757 70.9319412708282 80.3589175144831 97.1443653106689 102.41824388504 108.874062697093 117.24458138148 128.061632315318 135.167439778646 90.0873939196269 7.82261292139689 0 0 0 0 0.247354910243303 31.3740894198418 24.934247136116 16.5403758486112 7.85323418676853 10.5887291332086 13.1939090788364 18.025815486908 19.1843882203102
97.7921783924103 85.7207973798116 86.6393744945526 79.7214756409327 95.18168369929 89.5227591196696 87.5457227230072 84.1529667377472 79.9652487039566 71.652760108312 61.2649172544479 53.9258768161138 57.3414961496989 59.9008103211721 67.4101909001668 71.0090150435766 65.4151191314061 61.6382906834284 74.2029448350271 76.4791717131933 75.2175251642863 68.0604378382365 68.7270959218343 75.0914812088013 78.1616618235906 74.91634786129 76.3805856307348 82.2662363449733 105.676114559174 119.267692168554 129.347056150436 136.021246512731 143.004576365153 145.446886618932 137.689510981242 60.2542757987976 0 0 0 0 3.01627876857916 19.7620789210002 13.6410519480705 3.80483083426952 2.2359990204374 1.73730977500478 4.61263954639435 10.3851029028495 15.6793221831322
98.3769198258718 79.6285569667816 80.5069456497828 86.1307879288991 95.1419472694397 88.3584916591644 73.7471183141073 58.6931804815928 47.222763299942 40.8717120687167 40.3285870949427 43.1371331214905 52.1923899650574 60.3994876146317 70.5706775188446 74.7475326061249 72.0653037230174 59.1671864191691 63.4893824656804 67.5701002279917 66.8428987264633 67.9551263650258 68.88713936011 75.5833784739176 81.5583368142446 78.6117712656657 82.1765015522639 83.9147567749023 99.7642477353414 123.37667743365 139.766693115234 148.160189390182 148.188253243764 149.617930253347 158.37033589681 138.5504702727 53.0862311522166 0.0359346740879118 0 0 0 0 9.78871372838815 1.00771500729024 0 0 2.40270265688499 6.35165845354398 12.7003553013007
96.2582429250081 97.7686842282613 120.668311913808 154.576887687047 127.116620540619 94.432125488917 63.9927834272385 40.2243187030156 30.943696697553 34.2211003104846 31.4187258481979 31.4147224028905 50.7367153962453 59.0215176343918 73.3104050159454 80.6169211864471 78.630656003952 65.0822470585505 64.9375071128209 69.226731856664 66.8566326300303 71.6853688160578 73.4346608320872 77.1988332271576 83.8087101777395 89.4023776054382 88.2211128870646 91.0033086935679 103.137224912643 129.077712694804 148.533682028453 154.597739378611 150.73682864507 158.565998077393 168.813546498617 172.293563683828 145.202269156774 81.016277273496 15.1600390672684 1.43027771264315 0 0 0 0.65018058133622 0.120726559543982 0 0 0 0
110.259751478831 145.589003960292 194.48177019755 215.671340624491 194.274882475535 137.429535388947 88.6159141858419 55.766021211942 47.8110214074453 51.7906198898951 44.7416802247365 36.583070953687 48.8585929075877 57.2879016399384 76.4735043048859 83.2868665456772 80.7921091715495 74.1972277561824 67.9225772619247 70.9967911243439 70.4231808582942 74.4315534830093 77.0588467518489 78.1344473361969 84.7775141398112 98.1909036636353 99.105974038442 105.842113494873 115.476628144582 132.944176594416 149.174392223358 157.491286595662 159.60701306661 166.076789299647 172.051171461741 171.784341335297 165.905763705572 146.326512098312 75.5389432112376 14.4643063346545 0.356818665750325 0 0 1.28920911811292 1.20137034294506 0 0 0 0
172.3845799764 208.45228433609 232.317884763082 234.211087226868 232.850035031637 206.056555112203 160.431037346522 119.416763385137 94.1057403882345 79.5735120773315 78.4422705570857 62.6210470994314 49.3189096450806 56.3546021779378 79.0805568297704 84.6022367477417 79.7952314217885 80.04097143809 69.5013701915741 68.0147508780162 72.399839758873 73.4835962454478 75.9333123763402 76.9675473372142 83.0212930838267 98.6225406328837 106.011350949605 115.06916085879 124.590853850047 132.688939571381 146.056195100149 158.016969760259 159.766356150309 156.542142232259 158.324688673019 150.124708811442 151.557425657908 138.166159391403 90.7898247241974 34.8557954033216 6.96780160069466 4.63179064293702 2.03998619690537 1.12574407830834 0 0 0 0 0
222.444693247477 237.585624059041 241.255243619283 240.15728632609 242.455283800761 238.894482453664 213.944832483927 171.522219975789 129.122287034988 107.236603895823 107.181370258331 95.7879821459452 70.7101821899414 65.8014913400014 75.66004494826 80.2818636099498 74.8724639415741 75.1444001992543 69.2150443792343 70.9014634291331 68.4906095266342 69.3288743495941 69.5665826400121 71.5850343306859 79.5309791962306 90.7178521156311 105.080485343933 110.421280066172 119.699557622274 132.41704305013 144.409070412318 147.77210354805 138.06430498759 127.082149187724 129.820883274078 112.813850243886 113.450934489568 97.6546506086985 59.9530984958013 24.9735067288081 21.1929629246394 15.8526276548704 6.52544572949409 1.31957543392976 0 0 0 0 0
235.073804855347 241.255561510722 238.633195559184 240.498383839925 241.136193275452 240.682780742645 231.268703937531 200.50060749054 149.747182925542 120.110750198364 118.721455335617 115.878800551097 98.2885758082072 79.8848867416382 75.9829928477605 79.9118181069692 73.2294966777166 68.3203836282094 69.0172115961711 72.9648172855377 67.7012304464976 66.1454399426778 69.4612512985865 70.8735783894857 76.2032369772593 83.8568409283956 95.4366823037465 98.4850525856018 108.817895253499 127.025912205378 137.335032224655 134.683350721995 127.410064140956 120.633920033773 112.830191850662 97.375214099884 101.677040259043 98.7021724383036 78.1841377417247 41.4603402217229 34.3049094080925 32.8942239284515 17.4323680500189 0 0 0 0 0 0
229.615330696106 233.185231685638 228.462735811869 230.501035849253 231.10830783844 225.576003392537 221.037109692891 203.262825806936 159.079213937124 131.23228152593 123.560726642609 120.154072841008 112.394273281097 89.522381623586 79.976295431455 84.9872628847758 76.9552886486053 68.3142095804214 72.7044741312663 74.0182648102442 71.3387032349904 67.0741399129232 71.8365361293157 76.2314001719157 75.6464103857676 81.2008231878281 86.5005453427633 88.4119868278503 98.431517680486 118.592232465744 128.211915493011 127.195904652278 129.102925459544 130.768597126007 111.460298299789 104.317923386892 109.22509431839 116.521745920181 111.461083094279 69.9243644873301 27.7767851948738 15.716848274072 0 0 0 0 0 0 0
208.552638689677 210.946877797445 212.98344930013 208.86751015981 209.071099758148 206.891159216563 211.081087589264 206.982870896657 171.235998471578 138.703058163325 124.638676643372 114.046702782313 107.478052377701 89.9288455645243 77.9270231723785 84.8148067792257 87.6521468162537 74.05985891819 76.3659576574961 80.5560996135076 79.6324412027995 74.511393904686 74.7456053892771 78.3790051937103 77.365239461263 77.7769486109416 84.7510198752085 92.5942162672679 97.7636377016703 114.198674758275 126.763463020325 129.707902669907 130.332450071971 134.206642707189 114.898979663849 115.555455287298 115.956783294678 124.829938014348 124.605049689611 83.6710433165232 15.8178533116976 0 0 0 0 0 0 0 0
185.336768627167 195.072114467621 205.014030138652 202.393134435018 200.604836146037 206.948558489482 214.633782704671 216.654479503632 193.002343177795 152.943263451258 129.090974728266 108.978847662608 95.4642693201701 84.1883222262065 74.1404592990875 79.8948456843694 91.8302536010742 83.5692683855693 79.8359960317612 82.9704999923706 83.2500457763672 78.6894559860229 75.7347842057546 78.998938202858 80.2267640829086 80.7094275951385 84.1984848181407 93.7870542208354 97.6661642392476 102.622836828232 118.001461029053 131.235778331757 131.927172342936 124.005715052287 110.429704189301 124.840428431829 129.235396782557 133.572359879812 132.113754749298 105.357815821966 11.630542576313 0 0 0 0 0 0 0 0
147.403498490651 159.266044696172 167.661786079407 173.206289609273 182.060619195302 196.899195512136 209.370871384939 217.105627059937 207.613488038381 172.00513680776 139.001240332921 110.744376977285 92.564602692922 89.0305638313293 80.9758106867472 74.3640810251236 86.2739483515422 87.3858332633972 80.270379781723 79.9789329369863 81.8058401346207 78.4949163595835 74.990376830101 76.336607336998 79.7254393498103 83.8221112887065 83.655059337616 90.5758738517761 95.8638191223145 97.0845023790995 107.800950606664 127.437055110931 129.786332448324 111.671954393387 114.119897286097 136.901617050171 140.013804038366 138.708651065826 136.766056219737 132.113258043925 72.6840595404307 1.54612523814042 0 0 0 0 0 0 0
110.549728075663 117.955098549525 117.005219062169 127.499004205068 144.675711790721 162.192900975545 177.703479925791 188.867290814718 189.436634381612 163.082698980967 127.795229355494 102.397878964742 89.4503394762675 87.1404707431793 82.8906993071238 76.3987054427465 81.0228039820989 82.8680843114853 75.301339228948 74.5709737141927 79.4385174910228 82.5816243886948 81.008901198705 76.4271716276805 75.5178531010946 80.4851601521174 86.3702793916066 89.7481143474579 96.0204799969991 94.4653550783793 97.3483522733053 112.187763055166 121.651460727056 114.899267752965 137.470195690791 148.346404234568 146.043032407761 138.618012269338 143.228183190028 155.942012866338 149.575789769491 81.7502488692601 12.2370297710101 0.138583670680722 0 0 0 0 0
99.0066727002462 101.059307654699 100.902378559113 102.638791004817 111.852506796519 118.686765432358 122.174302736918 128.458042939504 127.527813116709 109.979858001073 94.4658319155375 89.684138695399 87.7739191055298 85.0404103597005 82.7426761388779 82.4564943710963 81.2695175409317 80.9031873941422 75.1615464687347 73.8739321629206 79.6830157438914 85.2225720882416 86.6248210271199 82.1898281574249 78.6086022853851 78.0661900838216 87.9055062929789 91.434121131897 95.0637360413869 95.5143372217814 96.8212385972341 104.274690151215 112.898091475169 124.70954656601 148.356139659882 146.653115749359 137.356539567312 126.854509115219 130.043864250183 148.581405480703 160.476605097453 155.60911099116 95.2737033367157 22.4328512946765 0.527397962287068 0 0 0 0
107.782145341237 105.38453857104 105.208029349645 104.670097430547 100.575427214305 98.7517436345418 96.7225233713786 97.6020296414693 102.131187915802 93.7406619389852 85.2519273757935 87.1261954307556 90.2240872383118 89.8341635862986 87.6097480456034 85.9585702419281 80.447793006897 87.786058584849 87.9036088784536 82.4439028898875 84.6102635065715 85.4024688402812 85.2595965067546 86.0285063584646 88.2676939169566 83.171159029007 88.5790586471558 92.7146871884664 95.1103568077087 96.7931747436523 98.280409971873 103.73525818189 110.267142454783 132.099171479543 142.06600189209 134.564052025477 119.944095611572 109.874526659648 106.833159923553 119.754721721013 151.733636856079 158.57736269633 132.54244128863 67.341556151708 10.2255661040545 0 0 0 0
113.09007803599 109.77170864741 112.838347752889 110.942522684733 103.873034318288 99.9803145726522 97.3913768927256 93.7095781167348 93.419204155604 89.7697607676188 88.0572497844696 86.980660756429 90.6399488449097 94.0893689791362 94.1585004329681 90.3939008712769 86.6988698641459 93.2727555433909 95.4141914844513 88.2298747698466 85.4738851388295 83.4981302420298 79.9121061960856 81.672931710879 86.1697494983673 82.7399988969167 79.6608030796051 85.9215060869853 91.160386800766 94.1283504168193 95.4155027866364 96.4808762073517 108.547647794088 130.778759717941 140.618830919266 121.456911166509 107.797602812449 104.885905981064 105.794449647268 115.191141764323 126.564721266429 128.051340579987 113.189925750097 76.7994821071625 18.497671931982 0 0 0 0
96.4228411515554 99.1194148858388 108.082473278046 105.47931989034 107.957621415456 110.59907078743 109.113574028015 104.481319586436 92.8222139676412 91.0150210062663 93.9942002296448 90.2128318945567 90.4282033443451 94.1999554634094 94.3727989991506 91.0328427950541 91.9267733891805 95.0076580047607 95.1033532619476 89.3620053927104 83.4909776846568 80.737958351771 78.1985421975454 77.5172015031179 80.318957567215 84.1069122155507 80.1851352055867 81.7524989446004 87.1457656224569 89.4399185975393 88.7002050876617 87.0764553546906 98.6535946528117 115.725298722585 122.225284576416 111.031711101532 105.701466401418 110.754201809565 115.016480286916 116.148958603541 111.917724212011 110.415369272232 102.517495552699 75.1379231611888 28.9975553750992 0 0 0 0
