input/barkrak2/radiation/dir03224.grid
NCOLS 85 
NROWS 70 
XLLCORNER 665100 
YLLCORNER 4664600 
CELLSIZE 20 
NODATA_value -9999 
[rows 0 to 22 of 70, columns 0 to 49 of 85]
98.834246397018404 112.200438976288 128.648459911346 149.247268835704 160.166243712107 160.975009202957 160.418301820755 158.200323581696 156.268338362376 159.642269213994 160.348892211914 156.519730885824 151.952425638835 152.700821558634 152.81484524409 138.900935649872 123.960802952449 114.163666963577 113.943556944529 115.481754144033 119.250506162643 140.870908896128 162.631054719289 166.972597440084 170.359353224436 182.016948858897 180.506825447083 170.329491297404 162.278791268667 163.521260023117 159.387906392415 181.54247601827 222.299814224243 221.679945786794 219.03129418691 208.194434642792 212.824285030365 224.393824736277 221.312284469604 221.136450767517 212.585051854452 220.704436302185 226.072728633881 217.330853144328 205.93257745107 213.222781817118 219.221591949463 178.870618343353 122.921705245972 118.505418300629
68.6627874771754 84.3441585699717 102.91333993276 120.318949222565 138.913502295812 148.076564073563 154.264320929845 160.474836826324 165.871381759644 165.523191293081 164.344360431035 159.604022900263 154.39960360527 152.804632981618 152.890314658483 139.817317326864 131.218632062276 122.496128082275 119.741062323252 117.543280124664 132.087926069895 158.257186412811 177.226821581523 177.69189675649 180.918137232463 186.528404553731 182.55756298701 173.082371552785 166.256924470266 165.068993965785 166.109879811605 192.690173784892 218.126217524211 214.184880256653 211.374640464783 206.260681152344 216.90845489502 226.426204045614 222.749590873718 219.211975733439 214.902897675832 217.148244380951 212.613542874654 202.132781346639 196.822106838226 209.168394406637 210.024257500966 158.344477415085 130.111485719681 141.096532344818
36.3632490237554 44.6272591749827 52.7845621109009 61.9742920001348 72.544535001119 86.2161914507548 99.0403592586517 127.99530227979 148.977120717367 152.313520510991 156.313121318817 159.464756647746 161.919971307119 163.472553094228 165.299336115519 165.550996859868 161.562661329905 148.730456829071 134.196738402049 128.535320361455 140.199979146322 158.975044886271 174.675901730855 178.789476553599 181.464572747548 180.863161881765 177.916804949443 173.495650291443 169.539312521617 172.875205675761 183.051188786825 202.426850795746 213.404436906179 213.231186072032 208.860596021016 209.326088428497 216.524501641591 219.611326853434 214.360336462657 214.581489562988 210.277915000916 201.497097810109 187.639594078064 180.561562379201 186.64554754893 202.748795350393 195.670048395793 157.743295033773 150.253484646479 169.599294662476
22.718146443367 22.8172863523165 26.6223798195521 30.8131625254949 35.2432876825333 40.573591987292 54.2628218730291 69.9319740136464 90.8590654532115 114.368677139282 136.767864227295 153.079877297084 162.746608257294 166.111866633097 170.163810253143 174.236218134562 171.336670716604 161.694308121999 144.847770531972 137.702643871307 137.480358282725 140.590061744054 151.459157466888 164.302587509155 168.844819068909 168.938120206197 170.926908651988 172.341922918955 173.892378807068 179.39551671346 186.684250831604 204.759359359741 209.597190221151 209.722876548767 206.90530538559 207.184493541718 209.407349427541 212.371786435445 205.900510152181 196.886797746023 191.11176331838 182.800432046254 181.910932064056 194.107174873352 204.509993394216 199.178795019786 180.462876955668 157.96293814977 160.086452960968 173.332671324412
31.6269099712372 25.8991991480192 17.5099248687426 12.9976632694403 12.2927675644557 23.39106798172 37.2911095619202 47.1422771612803 59.2527687549591 64.0024840831757 88.6000990867615 114.441812038422 127.958416938782 144.460121790568 151.495188474655 159.033675988515 157.254119714101 152.398029963175 143.891990184784 138.189713160197 134.281605482101 132.418970266978 140.594929456711 149.933685859044 156.180779139201 166.711946328481 170.291264851888 171.706000963847 173.4432776769 175.270736217499 181.850632031759 202.96440521876 202.192107836405 204.687436421712 204.56866423289 203.258792559306 200.172205766042 197.51387834549 186.649441719055 179.792026678721 180.623432000478 181.943853696187 189.520796140035 205.652256806691 207.217415173848 181.70819679896 149.029572804769 139.849185943604 153.827448685964 172.419448693593
60.2171818415324 46.4708656072617 28.3512423435847 13.6926360428333 9.1017900655667 14.9300682048003 28.6605109771093 42.0803179343541 47.0850815375646 45.3001856803894 54.9536446730296 65.7671292622884 72.8792498509089 76.8301784992218 83.8329493999481 92.5381580988566 99.2349982261658 111.393352349599 127.626081307729 138.254086176554 137.493590513865 142.995258172353 140.062868595123 140.618244806925 148.83957306544 153.919806083043 161.834428707759 171.285569667816 175.613522529602 178.204933802287 189.692874749502 200.118879477183 194.115817546844 192.856013774872 194.5614417394 196.393569310506 193.623661994934 188.719113667806 180.062234401703 180.298586686452 179.711242516836 180.340826511383 184.04632806778 188.656508922577 182.429889837901 143.109619617462 123.597323894501 133.314241965612 153.353313604991 191.900273164113
70.3774044911067 59.6679697434107 46.4424242575963 31.6413988669713 20.8121538162231 13.1655919055144 16.5823337932428 32.5247993071874 41.8134977420171 47.4441349506378 46.3648984829585 44.1585431496302 41.3462519645691 41.0520484050115 42.2608504692713 49.2652157942454 59.5917503039042 76.1704544226329 94.7619477907817 111.748188734055 122.089684009552 128.405183553696 129.18695807457 127.941111723582 136.214911937714 139.312505722046 145.067503054937 151.717841625214 162.343233823776 176.328480243683 188.961068789164 192.956487337748 183.961908022563 179.753402868907 178.357501824697 179.494639237722 181.519567966461 176.680445671082 171.584188938141 165.966331958771 161.069015661875 161.363412936529 168.239295482635 178.596238295237 175.719936688741 168.999493122101 180.066744486491 188.456972440084 200.784703095754 214.05698855718
85.1839383443197 73.1207132339478 64.3876393636068 54.6169976393382 40.689488252004 19.8668763041496 11.2112934390704 5.98763674497604 21.7142477631569 38.3762965599696 47.8489796320597 45.8202014366786 41.2486046552658 36.4409734805425 30.6013772885005 31.6691572467486 40.6854897737503 51.9803414742152 70.0908104578654 86.5489840507507 101.341227690379 112.461775541306 125.120460987091 123.477270205816 126.35400891304 126.706878344218 129.849712053935 132.902652025223 140.564252932866 152.147481838862 168.65748167038 176.405946413676 167.680859565735 161.633680264155 158.155202865601 159.192264080048 167.281587918599 166.091521581014 162.589609622955 145.953228076299 142.870167891184 150.497178236643 166.141748428345 178.572873274485 181.831320126851 189.737856388092 198.642591635386 202.575246493022 215.326547622681 216.62563085556
79.4876267512639 71.9106694062551 61.077743768692 57.0893188317617 52.2354145844777 38.0798826615016 21.9009096423785 8.4389162560304 15.2051672339439 20.95943937699 27.8791363040606 40.3268287579219 43.5817937056224 45.2461540699005 40.0822559992472 35.9376271565755 36.5460912386576 40.2345980207125 51.6526897748311 63.6176119248072 76.8010218938192 92.2109087308248 103.987415631612 107.317924499512 109.216849009196 111.609021822611 113.565663496653 117.763419946035 122.627337773641 132.009208202362 137.917816638947 138.664275407791 142.56164431572 145.975589752197 148.522754510244 151.677558819453 154.046138127645 157.130638758341 157.708217700322 152.306020259857 157.54359960556 167.289217313131 175.322890281677 178.490002950033 174.56191778183 175.135513146718 180.326640605927 191.411435604095 199.656883875529 198.212822278341
60.7658624649048 58.599000175794 52.6451120773951 43.9748466014862 43.4492478768031 50.2127061287562 37.9599978526433 26.8796409169833 15.2225469549497 11.9640355308851 16.2909353772799 27.1681050459544 39.2458488543828 48.0975806713104 56.4245879650116 50.4331837097804 44.3880756696065 43.8131640354792 43.8183099031448 47.0187465349833 53.8702259461085 62.4283899863561 71.0327525933584 82.5496663649877 90.8672710259755 92.8724805514018 91.5826459725698 95.0230260690053 103.902538617452 110.614319642385 112.783819437027 113.303124904633 118.736763795217 121.303429206212 131.236602862676 140.931924184163 141.396413246791 147.466500600179 152.957886457443 163.414160410563 172.843277454376 177.436788876851 179.463545481364 178.457061449687 174.922664960225 174.443999926249 181.656976540883 187.298615773519 193.762580553691 193.365772565206
26.6053328911463 25.2450034022331 24.5657612880071 29.4614682594935 23.007112244765 23.5807771484057 25.4281510909398 27.0319481690725 21.3748663663864 16.1020333568255 13.1589795152346 16.3162065049012 29.1808694601059 43.9560015996297 56.0906132062276 50.9337931871414 49.3843555450439 47.7982411781947 43.2392458120982 41.8160061041514 42.8432176510493 44.3222175041834 48.1152733167013 61.3928337891897 73.5143025716146 79.562654097875 80.6107372045517 80.310861269633 86.7034494876862 96.0682332515717 98.5230008761088 102.230866750081 110.053201516469 112.047413984934 114.804367224375 118.000616629918 130.94174861908 138.573835293452 149.00533358256 168.391724427541 175.541996955872 175.885260105133 172.574778397878 173.587481180827 171.624998251597 177.6149670283 184.600273768107 185.119450092316 184.352278709412 188.148121039073
3.46314472456773 3.99238057434559 4.65789002676805 1.91389660661419 0.00703151211685811 0.506540217126409 2.68954411149025 17.9871792594592 21.4162593086561 25.5975698431333 18.0372620622317 13.7263312935829 16.6858732700348 28.0217478672663 43.6517000198364 45.0258652369181 52.1323879559835 52.9118676980337 48.9350060621897 42.2852834065755 38.9591405789057 38.5263363520304 39.5583113034566 46.9815234343211 55.7784686485926 61.7779393990835 63.0878309408824 68.5885449250539 71.3955263296763 73.1332699457804 82.7856759230296 90.0679628054301 92.2469298044841 96.1821575959523 97.7388223012288 101.19965672493 111.209173997243 124.995330969493 138.1829281648 155.685802300771 162.715514500936 162.381966908773 158.786326646805 156.363646189372 157.812227805456 160.370190938314 165.317585070928 169.756015141805 175.71214834849 177.52742767334
0.685852719470859 0.0711793642646323 0 0 0 0 0 3.93960252404213 19.5534452795982 26.3756091396014 25.8897319436073 22.1798618634542 13.3100276192029 13.0803262193998 24.5456546545029 39.0954613685608 51.4250298341115 56.3852488994598 55.00195423762 49.8208850622177 45.9427734216054 46.8109796444575 46.809862057368 48.2441584269206 51.0831326246262 53.4463822841644 55.4513434569041 61.0627035299937 62.8738502661387 63.5556081930796 64.0185574690501 70.0258960326513 76.914260784785 77.8205146392186 82.6894044876099 87.7441763877869 94.2321320374807 105.893482764562 110.990126927694 120.837152004242 139.125963052114 141.176958878835 140.781342983246 142.409513394038 143.273115158081 145.379563172658 144.987473885218 150.382022062937 153.036971886953 158.236106236776
1.1788426587979 0 0 0 0 0 0 0 1.26622912163536 19.0412029623985 28.7071913480759 35.1824884613355 30.3336009383202 22.6383482416471 22.7531914909681 35.480963687102 46.2638884782791 57.7293733755747 63.1862829128901 63.2401059071223 57.5263400872548 56.6184967756271 56.3296576340993 56.0894906520844 58.0663730700811 58.2693765560786 60.5013817548752 65.2988652388255 64.2646501461665 56.901882092158 60.2779239416122 59.8930319150289 58.565025528272 64.3021762371063 72.784091035525 80.7429552078247 84.2605829238892 88.1790618101756 93.9134260018667 96.986323595047 101.038416226705 110.376338164012 126.475661993027 132.681667804718 132.445474465688 139.724671840668 138.519873221715 133.24362039566 131.502509117126 135.548243920008
8.25647202630838 0.000487664541045281 0 0 0 0 0 0 0 9.33269162972768 28.1752422451973 44.5051491260529 54.6885232130686 48.0970491965612 36.0964884360631 33.6251705884933 36.779947578907 48.0378170808156 60.2272947629293 70.3843732674917 71.7722723881404 68.2750393946965 68.7035421530406 65.5107001463572 65.2889559666316 66.8394962946574 65.723662575086 65.2033686637878 66.3408736387889 59.3878825505575 55.7025621334712 59.3745907147725 54.5115172863007 49.7183203697205 52.9685914516449 61.1133476098379 68.0874288082123 66.977913180987 78.2919228076935 78.7462244431178 83.6192071437836 89.6347065766652 92.7476982275645 101.337641477585 115.380038817724 122.974614302317 131.633698940277 133.945435285568 129.445383946101 123.512317736944
8.66402313113213 0.252023339271545 0 0 0 0 0 0 0.243011590403815 1.30423173929254 17.6089766124884 37.9921471079191 53.2257755597432 67.5805310408274 54.3157011270523 37.4197090665499 32.1502536535263 35.35545617342 45.314813653628 64.9812320868174 77.5669515132904 75.5291233460108 77.699676156044 73.6741771300634 71.7048744360606 74.6616224447886 74.0377207597097 69.19826567173 66.3243184487025 67.1722988287608 59.2658470074336 55.1198373238246 49.4584689537684 47.6450671752294 42.3075209061305 40.151946246624 38.7906109293302 37.0555967092514 44.8752045631409 52.2570510705312 56.3832372426987 59.5366011063258 66.9751564661662 69.6109384298325 83.2854757706324 99.5632310708364 110.470990339915 122.004280487696 125.111599763234 120.541195074717
6.12371539076169 1.01891811937094 0 0 0 0 0 0 1.04764165977637 1.44953125466903 6.52126595377922 27.9580404361089 47.8492279847463 62.3381535212199 66.2397046883901 57.776023944219 51.6442159811656 43.7190880378087 38.6671349406242 46.074186762174 64.709410071373 77.3264815409978 83.4336082140605 81.3513497511546 77.1842946608861 78.6951879660289 83.0658972263336 79.1409015655518 76.9956509272258 73.8383779923121 70.6767936547597 58.0356319745382 48.1751908858617 40.4266640543938 33.0123429497083 27.5191788872083 27.0493080218633 25.7831638058027 28.4187644720078 29.6040599544843 37.8868778546651 40.6462227304777 42.8351958592733 46.2494393189748 57.2790205478668 68.8664615154266 78.6953618129094 93.9444800217946 105.845759312312 110.834618409475
4.08316558847825 1.68481500198444 0.00476190659052615 0 0 0 0 1.1962428689003 2.23911724363764 6.9590670367082 10.9975834687551 20.4504256447156 37.0413859685262 55.4648737112681 67.7455812692642 70.197527607282 69.2368100086848 62.6378754774729 49.9692211548487 41.2784765164057 50.3364056348801 70.200244585673 79.6078195174535 83.7215085824331 87.0226720968882 88.9238814512889 89.438537756602 86.2210790316264 89.5867049694061 83.9009483655294 71.4722077051799 58.8777114947637 52.1680613358816 39.2381548881531 32.0796718200048 25.6396681070328 19.071942816178 15.7632417976856 18.4729372461637 23.6949647466342 25.929793715477 25.4427070418994 26.6161883870761 32.4031412601471 38.9476666847865 53.8623481988907 60.2949907382329 62.7427150805791 71.8701829512914 89.0519618988037
4.52663997809092 5.28125899533431 4.30613694091638 0 0 0 1.22542780203124 3.49987639735142 9.02224890887737 17.6608897745609 21.2537969152133 24.21785145998 32.4737677971522 40.6762013832728 52.5444746017456 64.7997806469599 72.2333987553914 74.3511219819387 71.0150947173436 59.2593053976695 46.4450865983963 56.990792353948 66.4235303799311 75.7229576508204 87.5084201494853 94.0187772115072 97.4974036216736 96.452256043752 88.4294013182322 77.4703274170558 75.8432298898697 64.2269899447759 49.4777460892995 34.9346001942952 29.142327606678 20.2771052718163 14.0553812185923 8.00228926042716 7.967426131169 13.5395204027494 16.7054931322734 19.0548772613208 25.6620446840922 29.4195885459582 30.2063698569934 40.5435214440028 44.8884069919586 48.2727686564128 52.9540479183197 61.743105451266
4.83898166567087 3.79585071156422 5.5387703080972 0.463551453625162 0 1.85378361493349 2.35698123772939 3.94323685516914 4.92816511541605 16.0601114233335 22.7637340625127 22.1923142671585 23.4336232145627 28.4383744001389 39.2604917287827 52.2992511590322 62.6172125339508 67.2046840190887 72.2842315832774 73.2325166463852 66.7075316111247 57.8441719214121 59.5997869968414 68.9003467559814 80.1200966040293 89.5478228727977 91.754416624705 90.3692444165548 89.8125469684601 80.4550101359685 67.738284667333 57.8248351812363 47.6477444171906 34.823735555013 28.5005246599515 17.8804397583008 10.4835430781047 4.77420104046663 1.58452910060684 3.34863271564245 6.2119501332442 13.3698657155037 22.751991947492 25.7072746753693 27.5565137465795 32.7822019656499 34.7920929392179 40.3221199909846 44.977068901062 51.1538734038671
8.13648787637552 2.97596926490466 1.01545786795517 2.32037280996641 0.567057053558528 2.79723418255647 2.35153688117862 4.38618970414003 5.5821022639672 10.4978618522485 16.9350169599056 17.0738821228345 17.2334611415863 19.6417371431987 26.2815703948339 36.8633915980657 47.4555889765422 55.8520356814067 63.1575932105382 75.9967813889186 83.0900172392527 75.0259806712468 72.8373030821482 76.8735955158869 79.2297124862671 81.9797664880753 85.6474836667379 83.7027927239736 78.026294708252 77.7314007282257 63.3909354607264 48.4715153773626 32.224511106809 25.5351414283117 10.0157676885525 4.67353127896786 0.616343575529754 0 0.00697632397835453 0.00516029952753646 1.22633203864098 3.50631835560004 11.7045069734255 17.1749914685885 22.8416919708252 27.2747799754143 29.8272694150607 34.4105362892151 37.1610845128695 39.6706586082776
23.5877856612206 13.9480692644914 4.49795338014762 7.40470737218857 6.4975805580616 1.95647248377403 3.69419467945894 6.14675569037596 6.77866426606973 10.5247038106124 15.6929468115171 15.3429781397184 15.1829508443673 13.5733038187027 19.1321695844332 27.7992834647497 39.3477802475294 49.2639690637589 57.131772240003 68.7851210435231 79.4246991475423 92.6474134127299 96.383273601532 95.8086450894674 89.4547502199809 81.0843954483668 76.9263903299967 72.561780611674 74.8263200124105 59.8002771536509 48.6963341633479 28.5687694946925 20.0294082363447 7.58285944660505 0 0 0.00546177155532253 0.00512403554845757 0 0 0 0 0 8.26212639609973 14.8654455939929 20.3026471038659 24.5840201775233 27.2592479983966 30.4257596532504 30.1313251256943
54.8926492532094 48.3244955539703 26.2711892525355 19.4283264378707 15.5601538717747 6.25993932286898 13.4439940253894 8.83093848824501 6.65718813737233 5.66090022524198 15.5945432682832 16.3072869181633 18.2244715591272 18.6512594421705 19.8514498770237 24.1386368870735 35.3180641929309 45.3517337640127 50.5113999048869 52.886833747228 58.0288867155711 72.2428013881048 83.9244922002157 91.8424328168233 90.4283324877421 85.6907566388448 75.5715668201447 74.3748893340429 68.0466790994008 47.002300620079 26.8940006693204 13.032641261816 0.472993900378545 0 0 0 0 0 0 0 0 0 0 0 9.72688073913256 18.2067826390266 22.801732023557 22.9477658867836 24.7032443682353 28.6180078983307
