input/barkrak2/radiation/dir04524.grid
NCOLS 85 
NROWS 70 
XLLCORNER 665100 
YLLCORNER 4664600 
CELLSIZE 20 
NODATA_value -9999 
[rows 0 to 21 of 70, columns 0 to 48 of 85]
122.681568066278999 138.171215852102 155.42804201444 176.712373892466 187.793930371602 190.38983186086 190.485795338949 189.404904842377 187.977095444997 191.629191239675 191.891928513845 188.797036806742 184.723178545634 185.53219238917 186.236659685771 172.610024611155 158.940653006236 147.739380598068 146.410177151362 142.435342073441 144.257783889771 163.873831431071 188.520729541779 194.745580355326 198.74095916748 210.339546203613 208.7588707606 196.952839692434 185.275872548421 185.356060663859 180.725912253062 203.826069831848 248.214801152547 244.347512722015 242.933293183645 230.738838513692 235.065182050069 247.925202051798 245.207826296488 244.940718015035 236.124475797017 243.606984615326 250.532110532125 243.574321269989 231.825530529022 238.457878430684 240.534484386444 208.968599637349 143.840372562408
100.742787122726 117.374807596207 132.945477962494 151.144166787465 166.787425676982 175.776362419128 181.283831596375 187.054872512817 195.812980333964 196.994125843048 195.968270301819 191.506087779999 187.120238939921 187.521278858185 187.520782152812 174.360712369283 166.088471810023 156.568149725596 152.727494637171 147.134403387705 158.010989427567 183.472275733948 202.896455923716 203.896820545197 207.212090492249 215.577304363251 210.955162843068 200.308700402578 189.981957276662 187.456091245015 188.214739163717 217.953165372213 249.407291412354 246.882796287537 242.897470792135 232.854346434275 239.607214927673 249.324440956116 242.303868134816 243.059496084849 238.455951213837 239.76202805837 236.449440320333 227.957924207052 223.144968350728 235.573530197144 233.380973339081 194.116632143656 151.996086041133
66.0518656174342 75.8060067892075 87.2007409731547 99.4001229604085 114.3426100413 128.711889187495 142.610847949982 161.470075448354 175.929188728333 179.183065891266 186.371644337972 191.025714079539 196.605245272319 199.183682600657 200.337409973145 201.693177223206 197.278499603271 185.829877853394 169.004718462626 160.996009906133 172.788480917613 190.788110097249 203.336497147878 206.189076105754 209.33077732722 208.845913410187 205.058435599009 199.877917766571 194.181362787882 196.697314580282 207.744638125102 234.397073586782 251.760005950928 248.233675956726 242.208898067474 239.082435766856 246.358275413513 251.307646433512 245.583395163218 240.334153175354 234.19729868571 224.474509557088 210.79558134079 205.093622207642 212.969024976095 230.172197024027 220.509012540181 184.762219587962 172.303378582001
49.8560567696889 50.5900929371516 56.3198626041412 61.8796696265539 68.544124563535 78.1148920456568 87.7539316813151 105.712731679281 126.287639141083 145.239353179932 163.254976272583 181.471089522044 193.73615582784 201.00349187851 205.072303613027 212.120095888774 208.976527055105 197.591960430145 178.927739461263 171.119471391042 171.959757804871 172.993103663127 185.28139591217 195.218245188395 196.660121281942 197.018504142761 198.575337727865 197.883367538452 199.579616387685 205.309311548869 211.850166320801 235.751708348592 243.149260679881 246.511022249858 242.132385571798 243.03807814916 246.034185091654 246.948897838593 240.49578110377 228.139499823252 219.771822293599 208.066701889038 204.915742079417 217.34873453776 230.705320835114 224.669774373372 205.377797285716 181.07549349467 182.511289914449
68.8241322835286 54.3954074382782 43.7150895595551 35.4981074730555 36.8992686271667 51.7674883206685 74.0054845809937 86.3861938317617 96.4303314685822 104.655067125956 128.607432047526 153.55239311854 168.611089388529 176.473875840505 185.636917750041 194.222887357076 191.380004088084 184.757749239604 177.248358726501 171.79016272227 167.168319225311 164.988696575165 175.068120161692 184.640785058339 190.23076693217 196.542263031006 198.218782742818 198.850671450297 199.847479661306 200.901826222738 208.716730276744 234.696785608927 232.836902141571 234.878182411194 233.870883782705 234.178165594737 236.866851647695 234.282255172729 223.402162392934 213.232398033142 212.027112642924 210.716883341471 217.282176017761 228.323698043823 230.253239472707 206.350127855937 176.341116428375 169.636785984039 176.594535509745
101.91410779953 84.8710735638936 59.1419885555903 37.9158730308215 30.8468813697497 39.4872575998306 60.5159302552541 82.3370218276978 88.0618095397949 86.5506529808044 94.6670969327291 108.770181735357 118.863761425018 125.597566366196 136.033197244008 146.632164716721 153.808703025182 164.767295122147 173.696716626485 177.802642186483 178.413311640422 179.056684176127 176.768660545349 179.539322853088 185.712059338888 191.801607608795 195.531944433848 199.122647444407 201.302448908488 204.54998811086 216.986298561096 230.892995993296 223.061442375183 226.483205954234 226.808726787567 225.948095321655 223.728636900584 218.941211700439 211.466352144877 215.008437633514 214.450001716614 212.38785982132 214.686393737793 218.444069226583 210.042834281921 174.986739953359 147.534102201462 157.075117031733 177.192886670431
110.173265139262 99.6962984402974 82.1215709050496 63.8413081566493 44.6307907501856 34.4911764065425 38.9992271860441 61.7905507485072 79.9318253993988 96.3533520698547 93.2511389255524 88.2082978884379 84.4975511233012 80.0068279107412 81.6239267587662 97.3829825719198 111.18358373642 133.838524421056 157.769938309987 174.239595731099 182.494839032491 186.917225519816 182.002584139506 178.035914897919 181.544045607249 183.504621187846 188.273270924886 193.610906600952 198.840975761414 205.822428067525 217.760940392812 222.379724184672 211.446205774943 207.459171613057 207.972963651021 209.932665030162 211.375594139099 206.337749958038 201.029181480408 197.599470615387 193.506121635437 193.737725416819 201.815923055013 210.208455721537 202.814777692159 192.73054599762 203.234195709229 212.090333302816 224.302669366201
114.124774932861 111.051023006439 106.166005134583 89.9872779846191 69.7567959626516 45.1052685578664 29.8232783873876 26.877298951149 48.3611524105072 77.8798013925552 89.0457133452098 84.1801166534424 75.5611658096313 71.6230571269989 59.9717001120249 59.0761204560598 70.9330141544342 88.064581155777 110.961576302846 132.907231648763 146.22046550115 167.788724104563 183.803041776021 180.23548523585 178.560058275859 175.022105375926 176.646848519643 180.438856283824 186.412215232849 196.402589480082 206.645309925079 209.162791570028 200.364788373311 194.636146227519 188.932597637177 189.06843662262 196.437935034434 195.737282435099 190.966248512268 174.254735310872 170.778095722198 179.387052853902 201.93882783254 215.681989987691 215.955257415771 219.241182009379 227.648516496023 229.825675487518 237.037857373556
98.2723236083984 94.7113633155823 98.8954404989878 98.0316400527954 88.9242688814799 69.9838151534398 45.1945165793101 24.9587198098501 33.2625135779381 43.8246627648671 57.5890143712362 69.3225065867106 73.9600161711375 75.4050513108571 67.2385295232137 61.2097531557083 59.1669579346975 63.4873857100805 75.6558477878571 91.3016895453135 104.570498069127 124.663492043813 140.597214301427 146.474619706472 151.143729686737 151.334891716639 154.361248016357 158.148447672526 162.782669067383 175.703684488932 182.380696137746 183.95334482193 180.266737937927 178.664406140645 180.500527222951 182.850738366445 184.338470300039 186.401605606079 185.291409492493 179.788549741109 187.983989715576 199.674904346466 208.75471830368 213.232378164927 212.175230185191 209.065655867259 212.101995944977 223.375896612803 232.676148414612
76.1195321877797 75.3041356801987 71.8795557816823 77.9718309640884 80.320398012797 80.6152671575546 65.8125579357147 51.1517425378164 30.6756645441055 25.2809251348178 30.1461343963941 44.6478128433228 63.1961623827616 71.8876123428345 76.0567585627238 73.2588618993759 65.7660017410914 64.8327618837357 64.1699482997258 68.8902239004771 75.6398687760035 82.7645162741343 95.0684547424316 106.575707594554 123.290061950684 128.219296534856 131.80669148763 135.139167308807 140.99195599556 148.864060640335 150.620172421137 152.664363384247 159.738490978877 164.083421230316 168.414254983266 171.810448169708 171.694537003835 177.416602770487 182.260612646739 191.287199656169 203.888138135274 211.520473162333 213.616907596588 211.910287539164 206.263442834218 205.228865146637 219.60574388504 229.072332382202 229.802032311757
40.0117437044779 39.8421362042427 42.6403333743413 45.9572325150172 53.3123463392258 64.1008913516998 64.7443234920502 58.7391257286072 42.8237766027451 30.0794392824173 25.2113665143649 29.7917276620865 45.720378557841 61.9327525297801 74.5573441187541 71.035623550415 68.9785083134969 67.2133465607961 62.0840936899185 60.6038222710292 60.9241177638372 62.6882016658783 67.6352679729462 80.8659394582113 92.88689494133 107.624957958857 112.190951903661 114.459137121836 122.135043144226 129.716018835704 134.056121110916 138.396044572194 148.070891698202 152.700533469518 154.168923695882 157.731433709462 164.605885744095 170.14608780543 180.126190185547 198.028246561686 205.502808094025 206.275184949239 205.198506514231 203.503449757894 204.525192578634 209.621588389079 217.224319775899 218.418459097544 226.068417231242
16.7752640942733 14.2939115564028 13.860646635294 15.602291872104 9.12428771456083 13.9921046793461 25.9979913632075 31.7635014653206 41.0477171341578 40.4849648475647 32.6845323046049 26.6626526912053 30.4505079984665 41.6902999083201 56.1290134986242 61.6637766361237 70.0166920820872 71.2596823771795 66.2882675727208 61.097115278244 56.5901050964991 56.2159915765127 57.4769675731659 65.8073176940282 74.8606820901235 80.3518444299698 87.0117247104645 96.2335566679637 104.793121417363 110.676785310109 116.490453481674 122.048070033391 126.026034355164 130.541384220123 133.445600668589 137.83589998881 149.032801389694 161.836832761765 169.617434342702 187.095781167348 195.171316464742 194.73389784495 189.108808835348 186.1332654953 187.287847201029 189.368526140849 196.469823519389 205.664078394572 209.685206413269
10.4034710675478 4.27153365065654 1.78063691904147 0.00626688840081139 0.0343374510218079 0.121932573771725 0.950038665905595 18.0027149617672 35.5537484089533 43.2623773813248 42.2653605540593 40.1754900813103 26.9862761100133 25.9620919823647 37.8029296795527 55.3047607342402 69.3790415922801 75.0399976968765 73.7572014331818 68.2369967301687 64.1546150048574 64.3453896045685 66.3285851478577 68.0271536111832 69.7819540898005 70.7149356603622 75.9003559748332 83.2572132349014 93.3859348297119 96.399466196696 101.560175418854 106.218119462331 107.570946216583 110.199471314748 114.22469218572 119.557480017344 130.926420291265 144.30163304011 149.733811616898 161.665678024292 169.730802377065 172.016660372416 171.89355691274 173.291047414144 173.777918020884 175.573190053304 176.235238711039 182.186742623647 187.373499075572
10.2470181882381 0.222079339437187 0 0 0 0 0 1.37082083771626 17.1710749467214 32.806858420372 47.7411051591237 53.7861039241155 47.1129169066747 36.7032835880915 35.7015977303187 52.0534416039785 63.8237645228704 76.5977402528127 84.614763657252 83.0080608526866 76.9537140925725 76.419934630394 74.9981701374054 74.7857342163722 76.9779533147812 77.6103585958481 79.0325303872426 85.7552289962769 86.6486330827077 85.9487454096476 95.1396723588308 99.9594330787659 101.557354132334 101.377020279566 106.023569901784 113.565822442373 118.370989958445 125.50229827563 131.577511628469 133.427043755849 140.367984771729 146.85395359993 154.725124438604 162.891765435537 162.348727385203 169.955531756083 169.072031974792 164.208233356476 160.670439402262
16.9358924031258 2.23723628247778 0 0 0 0 0 0 1.55578677852948 19.8295240600904 42.002613345782 64.2479956150055 73.7311293681463 62.2352709372838 51.3799736897151 49.873024225235 54.5359402894974 65.1128441095352 81.3598732153575 92.6727255185445 92.4783448378245 89.2461240291595 88.3524219195048 86.1479640007019 84.7809215386709 85.9594146410624 85.504819949468 84.7677191098531 86.0129396120707 79.2977015177409 83.8692684968313 94.3125685056051 97.3010659217834 96.5113043785095 100.531329711278 104.704072078069 105.906595786413 104.314873615901 111.042271057765 112.563282251358 118.925561507543 126.706928014755 131.730765104294 138.814985752106 144.034961859385 150.614599386851 159.995714823405 165.155351161957 160.557766755422
17.4569723506769 4.31940611451864 6.07325656176913e-15 0 0 0 0 0.719180873905619 2.61122826486826 13.569758584102 30.4798732201258 56.4774374167124 74.6680001417796 80.2293072144191 71.0039536158244 53.1189690033595 49.241969982783 50.3213902314504 64.5021945238113 86.8022243181864 98.8408029079437 97.1686840057373 99.2538233598073 93.7327146530151 91.7966365814209 92.9170648256938 93.2204027970632 89.1649425029755 85.8179827531179 86.9048734505971 79.7033210595449 76.3198037942251 88.2148543993632 87.5574747721354 94.2006409168243 92.6276544729869 90.3983811537425 86.7016712824504 91.3032392660777 93.4115946292877 97.2099900245667 103.207508722941 106.711546579997 110.637446244558 125.390390555064 130.67697485288 144.392391045888 155.273169279099 155.661930640539
13.8715617358685 6.39613345265388 0.176912794510523 0 0 0 0 1.84168123329679 4.85550301770369 12.0634163419406 21.4395920435588 44.6686993042628 69.6015258630117 81.1563432216644 81.808273990949 79.3034334977468 71.7054307460785 61.5948140621185 56.1055839061737 64.4085705280304 85.2522949377696 100.462953249613 105.451722939809 101.88494126002 98.828931649526 99.3445714314779 101.501494646072 94.2575136820475 96.3383813699086 94.7356720765432 84.1156144936879 77.6485453049342 71.3189293940862 66.8129374583562 66.7254527409871 77.6664664347966 76.2302329142888 78.2845020294189 79.0754556655884 83.1109931071599 84.9572718143463 86.8569016456604 90.4873311519623 93.3388570944468 112.237979968389 122.43930498759 130.721747875214 136.441012223562 143.455326557159
10.6025661031405 7.93341857691606 1.87067563335101 0 0 0 0.955380809803804 4.92106936872005 13.2899408539136 16.2634688119094 21.0653444131215 33.4694062670072 51.9158244132996 70.6495195627213 83.6122234662374 91.1478002866109 93.7657157580058 82.8712532917659 69.8815286159515 59.2650671799978 67.3772195974986 91.2697116533915 98.3927051226298 104.455302158992 106.614351272583 108.940651019414 111.339807510376 111.02768778801 104.657272497813 97.8266298770905 94.5583780606588 80.5421421925227 66.2155399719874 55.5296887954076 57.4812243382136 57.2730998198191 58.7673683961233 65.3626620769501 70.0368583202362 74.0930537382762 80.4985066254934 80.0958176453908 81.0487965742747 82.6198259989421 93.7191943327586 109.407256046931 117.710342009862 115.397363901138 121.408094962438
11.5752220153809 14.3833582599958 12.4124400317669 0 0 1.81593528638283 4.72939355919759 7.9100759079059 20.4820707440376 27.620996038119 36.1952582995097 37.4239683151245 48.1713513533274 57.7424565951029 70.6022332111994 86.565633614858 92.6251411437988 93.7180022398631 91.8131470680237 77.9648075501124 64.1274948914846 75.7359812657038 84.5982631047567 97.2627997398376 108.705868323644 112.638761599859 114.031533400218 110.968271891276 112.473467985789 103.212614854177 88.9572997887929 78.2483816146851 70.0488090515137 55.0082623958588 43.8989897569021 39.4209822018941 44.7236200173696 43.0928021669388 56.0833166042964 57.9175700743993 65.2787238359451 68.9061085383097 69.5641686518987 73.3720461527507 75.2378155787786 89.3048346042633 94.3139294783274 96.951832373937 101.738890012105
12.5087661047777 11.6137738029162 13.6134947339694 6.91384760042032 0.397848741461833 5.77837477127711 7.05705210566521 9.52594665189584 11.3183471063773 28.7142346302668 36.4965796470642 35.2790554364522 38.7273381153742 44.4328387578328 54.463118314743 70.5047845840454 80.8138449986776 87.223877509435 92.9333070913951 92.9333964983622 85.0010712941488 74.9621639649073 77.694962422053 87.7052346865336 98.50279490153 108.287235101064 116.058697303136 112.606853246689 103.964855273565 93.2672123114268 95.0876573721568 79.8236628373464 63.2790525754293 54.720883568128 39.5769476890564 30.2981312076251 29.0274173021317 23.1374303499858 26.7715950806936 37.2996653119723 45.6254382928213 54.2808969815572 64.4266704718272 67.5789018472036 67.7834649880727 75.2069056034088 78.7159204483032 80.3201347589493 90.5748109022776
16.8627463281155 10.1776452114185 6.59148395061493 11.8163997928301 7.60039562980334 7.27180329461892 6.45292550325394 9.15526660780112 10.9098702669144 24.7405394911766 29.0416032075882 29.9091810981433 30.0101066629092 33.3733086784681 39.479856689771 53.20938428243 63.6149644851685 73.1690029303233 83.0908864736557 95.9948102633158 103.815327088038 93.9720968405406 93.0712918440501 96.472163995107 98.10870885849 100.66020488739 100.787291924159 98.0133712291718 103.252033392588 93.0769940217336 79.2411317427953 70.1195647319158 49.2793718973796 36.3137771685918 26.692862311999 18.9678731064002 9.63155552744865 10.7451652487119 14.6008183558782 22.3767881592115 30.32336384058 43.3475871880849 49.2232094208399 50.1953115065893 59.0481261412303 64.1981462637583 67.5838539997737 75.1627137263616 79.6771347522736
37.3572831352552 25.9360621372859 14.8809452851613 22.185226281484 19.2900920907656 6.16165747245153 9.17730542520682 12.8546493748824 19.3456647296747 24.9728485941887 26.0454565286636 26.5117337306341 27.4024456739426 25.973046819369 31.9587911168734 43.92209649086 54.9203505118688 66.1698480447133 75.295885403951 88.381548722585 98.5461473464966 110.959609349569 116.752485434214 114.453136920929 109.930137793223 99.7548202673594 95.649778842926 88.8329148292542 87.2277518113454 74.3319590886434 65.8172716697057 44.4686760505041 30.2449365456899 16.0121781130632 1.03062406803171 0.568331102840602 0.784395650650064 0.750786159187555 4.58461698144674 11.6120986640453 14.2141742010911 28.6415567000707 31.7818075418472 28.5660078128179 46.9980140527089 56.7555874586105 65.516655643781 71.0815588633219 71.7394898335139
