input/barkrak2/radiation/dir01524.grid
NCOLS 85 
NROWS 70 
XLLCORNER 665100 
YLLCORNER 4664600 
CELLSIZE 20 
NODATA_value -9999 
[rows 0 to 22 of 70, columns 0 to 51 of 85]
57.237481077512101 69.0082063277562 79.5259873072306 96.8490342299144 104.88094886144 113.700330257416 113.572021325429 131.38551513354 129.400372505188 132.600386937459 133.383015791575 129.527072111766 125.075985987981 125.781446695328 125.829786062241 111.055115858714 98.9641447861989 89.9181564648946 90.9092823664347 89.0562434991201 98.1328090031942 115.171362956365 130.909413099289 133.519887924194 136.68829202652 144.962886969248 150.394330422084 143.267552057902 134.041806062063 136.531402667363 135.908941427867 155.831197897593 187.052130699158 179.5481244723 179.033199946086 173.10897509257 178.488532702128 186.467210451762 181.290765603383 182.978570461273 180.463969707489 190.888583660126 200.624108314514 189.655900001526 178.533593813578 185.090204079946 191.482563813527 145.649095376333 101.658284664154 97.5714027881622 118.997116883596 160.059750080109
35.835400223732 48.7028807401657 57.725856701533 68.0871953566869 79.5135498046875 87.2128407160441 95.2065785725911 108.029981454213 117.816130320231 138.155460357666 137.253572543462 132.579306761424 127.421498298645 125.818252563477 125.906546910604 113.563179969788 105.586697657903 97.5355903307597 93.5790737469991 92.1860833962758 105.204880237579 129.80650862058 143.014331658681 142.636964718501 143.353909254074 147.695481777191 144.993086655935 141.549716393153 140.759805838267 140.467425187429 141.669571399689 164.745360612869 186.573306719462 179.756104946136 177.590012550354 173.755923906962 179.116328557332 182.953576246897 177.679399649302 175.949553648631 177.034159501394 182.080864906311 179.616808891296 171.356896559397 167.681197325389 182.610710461934 183.494846026103 137.594560782115 109.032392501831 118.707885344823 146.832197904587 181.487202644348
14.4421743849913 21.9295968612035 27.6107415556908 32.7947040398916 41.4937809109688 47.4378267923991 58.456947406133 72.2113202015559 89.3739660580953 90.2516146500905 102.86957025528 116.91959698995 136.314660310745 135.96044977506 137.800296147664 137.931644916534 134.104043245316 121.905495723089 108.294417460759 104.366024335225 114.102045694987 128.871828317642 142.646074295044 144.97043689092 144.877304633458 144.208004077276 142.684439818064 139.191011587779 137.432793776194 147.261281808217 157.005836566289 173.678557078044 183.971623579661 181.105514367421 176.967660586039 176.576972007751 183.497687180837 185.540556907654 179.763972759247 173.364122708639 170.067886511485 163.714438676834 154.832124710083 150.582045316696 153.784771760305 171.363532543182 167.952279249827 131.217529376348 127.00895468394 146.215409040451 170.605043570201 191.479067007701
7.12604510287444 8.16366448998451 9.93259064853191 12.7505548298359 14.0257862706979 19.2816878358523 25.1703535517057 35.3130747874578 48.7320373455683 65.6190514564514 77.2305876016617 88.7811183929443 102.2842725118 108.511984348297 112.732191880544 119.586139917374 120.793362458547 114.528963963191 105.440765619278 101.850827534993 104.029973347982 110.181073347727 119.001716375351 133.216331402461 134.39154624939 133.674800395966 135.551194349925 136.863042910894 139.129449923833 146.132290363312 159.663945436478 175.427794456482 180.058161417643 179.970820744832 177.186052004496 177.339216073354 179.600079854329 180.230100949605 171.23156785965 161.747028430303 159.28727388382 151.75132950147 150.239576896032 159.526884555817 166.992604732513 163.214604059855 150.027513504028 128.612846136093 136.065741380056 149.157156546911 169.016281763713 186.88835700353
14.2133186260859 8.50859098136425 4.63858246803284 0 0 6.22078590095043 16.2036890784899 23.667943974336 30.2793135245641 35.6136038899422 47.4480340878169 66.3784643014272 73.1690029303233 79.1764159997304 84.0756893157959 85.6006940205892 89.0809496243795 85.6817762056987 85.3329797585805 84.8508775234222 84.8830838998159 87.5073075294495 98.4448691209157 109.432448943456 119.974742333094 125.028789043427 128.158926963806 133.810102939606 135.215143362681 137.820372978846 143.686264753342 168.060620625814 169.483681519826 172.034084796906 174.816111723582 173.443098862966 167.692363262177 165.025492509206 156.750122706095 148.829122384389 150.128106276194 150.889684756597 157.331337531408 165.81450899442 165.767858425776 145.567913850149 120.338181654612 118.615180253983 129.632105429967 148.008008797963 175.397515296936 187.609950701396
38.6066983143489 23.8199084997177 10.0828669965267 2.47772457078099 0.65657162728409 3.365283831954 8.89432926972707 18.9692303538322 23.1448858976364 23.5558897256851 28.8529967268308 34.2686573664347 39.8778319358826 44.9438244104385 49.4063943624496 57.3860059181849 63.9109561840693 71.2189823389053 77.0886987447739 84.9036077658335 90.0511145591736 95.1793789863586 96.0372885068258 98.0310638745626 106.495400269826 114.873329798381 119.946509599686 127.14825073878 133.400569359461 137.002021074295 148.668269316355 152.256041765213 144.711017608643 147.550682226817 150.99369486173 159.013330936432 161.105692386627 156.581103801727 148.954153060913 149.162183205287 148.582726716995 149.881064891815 152.128358681997 154.922028382619 149.367362260818 121.992806593577 98.1565316518148 108.782519896825 127.320607503255 163.698097070058 189.022938410441 192.043801148733
54.7239283720652 37.0792423685392 23.9048053820928 13.4627719720205 5.72187515596549 2.68521470328172 4.36287187039852 11.1570246517658 17.5217762589455 21.6545984148979 23.9061440030734 22.1863115827243 21.2668403983116 21.1664165059725 23.6618195970853 31.8354318539302 40.8935745557149 56.8273464838664 71.8266715606054 83.9809676011403 89.747945467631 97.4123775959015 96.5674022833506 97.975750764211 102.442721525828 103.849510351817 109.324922164281 117.623309294383 125.12880563736 134.478708108266 145.04540959994 145.879447460175 134.451975425084 132.27770725886 133.889893690745 134.16463136673 135.27183731397 140.920827786128 140.550136566162 135.371287663778 131.036947170893 131.716440121333 139.672180016836 146.717846393585 144.755144913991 140.31383395195 146.902511517207 152.066200971603 164.201309283574 177.163342634837 183.424909909566 185.017188390096
67.6800906658173 53.9731731017431 40.2609258890152 27.4692128101985 17.4455642700195 6.49805242816607 3.14064510166645 0 8.75162084897359 16.9738431771596 20.7433377703031 21.6054817040761 23.4980533520381 21.4873601992925 17.0643590390682 19.7842555741469 27.436559398969 37.3468324542046 51.1549015839895 67.5140917301178 81.0185770193736 89.7253056367238 96.6460903485616 95.6112841765086 96.4672168095907 98.7592736879985 99.7742613156637 104.487756888072 112.033714850744 121.422270933787 130.854457616806 131.317516167959 124.814728895823 121.303468942642 117.629011472066 119.465986887614 122.415552536647 122.730692227681 123.479386170705 118.704259395599 114.680151144663 121.309657891591 135.226786136627 146.765530109406 150.865346193314 158.141434192657 164.616962273916 167.666594187419 172.122001647949 170.992314815521 167.079369227091 168.310145537059
64.4744535287221 53.755725423495 44.4260537624359 32.8342095017433 22.9926655689875 17.4922409156958 7.76153119901816 1.95106258615851 6.79473827282588 11.8501981099447 16.8317854404449 21.3493704795837 25.2844740947088 28.1358684102694 26.1801804105441 24.2440948883692 24.4181230664253 26.7785092194875 35.2811490496 45.867457985878 57.412991921107 71.1774130662282 81.8929374217987 83.4955076376597 86.5688224633535 86.8579745292664 87.0034098625183 89.1704062620799 89.9933973948161 99.534660577774 108.948409557343 115.11093378067 110.969523588816 107.571989297867 110.30458410581 111.178318659465 113.674034674962 115.293969710668 117.917488018672 114.791144927343 127.518167098363 135.760247707367 142.962028582891 146.051625410716 145.020008087158 144.669910271962 148.249487082163 156.399299701055 165.816942850749 161.301136016846 151.110281546911 152.860035498937
44.0191775560379 40.5663177371025 35.415306687355 26.4920343955358 22.378442188104 18.6975921193759 16.112274179856 10.4382944603761 6.63792652388414 4.6831239014864 7.85195517043273 16.5574451287587 26.5434607863426 33.2679053147634 37.0426724354426 36.9854966799418 30.6437363227208 28.9202705025673 28.0589510997136 31.509131193161 38.1332983573278 43.9941187699636 52.4479101101557 60.1887404918671 70.0267950693766 72.9259252548218 73.100874821345 73.4096765518188 78.5990705092748 79.1634817918142 80.8851023515065 88.0161126454671 92.6866630713145 97.6356565952301 100.28463602066 104.574114084244 105.238527059555 108.561376730601 115.886221329371 122.622569402059 127.034624417623 134.374270836512 146.573573350906 145.91509103775 143.545806407928 143.833935260773 149.812440077464 156.864215930303 159.205406904221 157.836546500524 156.850496927897 156.586776177088
8.07486847043037 8.79103566209475 6.70708840092023 4.17199327299992 2.46344056601326 0.58142615792652 3.67704685777426 11.1944576104482 11.2006639440854 7.60888618727525 5.14682941138744 5.94303322335084 17.0137248933315 29.668224354585 39.8986786603928 36.8553598721822 36.3892838358879 32.3671450217565 28.375784556071 26.942456761996 26.5503202875455 28.578852613767 32.8408951560656 42.1652793884277 53.7234644095103 59.8119695981344 61.7052714029948 62.6092702150345 65.7399197419484 69.9527760346731 69.9738959471385 67.4952814976374 72.6515998442968 88.3036355177561 90.7247265179952 94.5410430431366 97.8470245997111 100.475668907166 110.140562057495 124.002635478973 124.998609224955 123.991966247559 123.079597949982 122.918943564097 132.077117760976 145.783285299937 152.063876390457 152.225832144419 151.495347420375 155.457049608231 157.18412399292 152.572492758433
0 0 0 0 0 0 0 5.38032439847787 13.7018784880638 14.1058017810186 9.1346384336551 5.06701817115148 7.00590511163076 15.4705122113228 28.0623932679494 32.3596373200417 37.6785472035408 36.8411988019943 31.635860602061 27.3837372660637 24.0316937367121 23.742638528347 25.1476392149925 31.1287889877955 38.1912464896838 44.9434320131938 47.6182599862417 49.9041626850764 54.460753997167 55.0393213828405 56.1336825291316 58.9629759391149 56.8282306194305 56.05681737264 58.3667010068893 79.1306744019191 86.2792034943898 94.7959025700887 101.732899745305 113.894710938136 118.507454792658 114.617149035136 111.897806326548 110.442042350769 110.247959693273 111.08805735906 128.678232431412 139.546602964401 142.85346865654 144.462565581004 147.19166358312 148.14438422521
0 0 0 0 0 0 0 0 10.1502798497677 14.6417791644732 14.800202101469 12.9054362575213 4.65096347033978 3.9027805129687 12.5898992021879 25.8608212073644 35.7054794828097 39.8763418197632 38.1082817912102 33.9282477895419 29.8634941379229 30.6322127580643 31.0759072502454 32.2125107049942 33.6806327104568 36.1505871017774 38.9319658279419 44.0667519966761 47.5028653939565 47.0722665389379 47.6384957631429 46.7111965020498 46.5327153603236 44.7369515895844 43.9980924129486 43.3544864257177 52.373061577479 78.5267899433772 87.3566269874573 94.5355494817098 98.6605187257131 97.8470146656036 97.8021025657654 96.6005325317383 98.5175470511119 100.441674391429 98.4269877274831 99.7397303581238 116.022060314814 126.083234945933 127.935568491618 129.836231470108
0 0 0 0 0 0 0 0 0 6.63330964744091 18.2301625609398 22.0124994715055 18.8230909407139 12.0204078654448 11.0680175324281 22.8167846798897 32.2290485103925 41.0063117742538 45.7065403461456 45.614222685496 40.4767269889514 38.9583508173625 38.5846743981043 38.9544839660327 40.0594820578893 41.0313059886297 42.6983684301376 48.5012084245682 47.7678924798965 43.9206659793854 44.1640913486481 43.9883867899577 39.0678768356641 35.2473333477974 38.509726524353 36.9632989168167 32.5255766510963 38.6375263333321 44.0623462200165 44.2049900690714 64.6237184604009 73.1672743956248 80.2717208862305 86.2026611963908 89.3072485923767 92.833270629247 91.1332766215007 86.0002934932709 84.1184059778849 86.1991544564565 100.395113229752 112.530926863352
2.07297115897139 0 0 0 0 0 0 0 0 0.105976854683831 16.5442898869514 29.5304084817568 36.2712939580282 32.4239656329155 23.1293787558873 21.6289709011714 23.7325131893158 32.5094610452652 44.3487862745921 51.9214371840159 53.0162403980891 50.1489539941152 49.2346187432607 47.229140996933 47.932689388593 47.8296826283137 47.2109814484914 50.3448247909546 48.5584835211436 42.3657993475596 41.1861141522725 42.1254138151805 37.1464490890503 32.9638198018074 30.9344480435054 26.6255289316177 21.8039403359095 18.2690918445587 19.5791187385718 24.9170685807864 30.8558469017347 31.5092901388804 39.5805835723877 46.5323626995087 55.1057954629262 65.535306930542 72.1075783173243 77.1929124991099 72.7508316437403 70.3101009130478 75.0202437241872 80.4375161727269
2.65426747500896 0 0 0 0 0 0 0 0 0.0668865880773713 8.13371812303861 28.3344437678655 44.1235800584157 46.387900908788 37.6514345407486 23.6230244239171 19.4261806706587 21.5074270963669 31.5897117058436 47.049472729365 56.9693893194199 56.6130777200063 58.0820987621943 54.5131812493006 53.5344084103902 54.4222295284271 54.3258835872014 50.6580173969269 52.1386563777924 48.6792276302973 42.5597329934438 37.6673887173335 36.2150594592094 30.9143215417862 26.7966836690903 21.8128214279811 16.9024467468262 13.0080506205559 11.782206594944 12.6043483614922 15.2737647294998 17.6201102634271 19.6634295086066 26.5020107229551 32.3469390471776 37.9633828997612 49.088458220164 59.6138089895248 63.1482054789861 64.1582707564036 67.7386273940404 73.6984809239705
1.62090640515089 0 0 0 0 0 0 0 0 0.10214348246033 0.351928096885482 17.4061929186185 33.2867552836736 45.4439322153727 47.7994034687678 41.9938464959463 37.4920641382535 29.4179891546567 25.3884792327881 31.8630288044612 49.1258203983307 60.6024911006292 63.2989952961604 62.6084754864375 58.5806469122569 58.7051808834076 63.2438709338506 58.6216102043788 55.482804775238 59.0517868598302 50.5480468273163 40.0006324052811 31.7819515864054 24.1464028755824 19.3967049320539 15.1064718763034 10.7641257345676 7.91044036547343 5.66874258220196 4.23799051592747 5.20572749276956 7.45916490753492 11.7086668809255 16.9954063991706 24.6748601396879 32.9779883225759 38.0693475405375 42.5549993912379 48.892597357432 54.6389917532603 58.1745207309723 62.5837494929632
0.749794145425161 0.0219439243664965 0 0 0 0 0 0 0.584048529465993 0.543228777435919 3.18647796909014 11.8850233654181 24.6072212855021 39.5802582303683 49.0734577178955 56.8393170833588 55.4370780785879 48.7113147974014 36.4315385619799 26.7748683691025 33.9802155892054 52.439883351326 60.9108904997508 63.575287659963 66.2793070077896 67.5401985645294 71.3479667901993 71.3095664978027 66.0780966281891 60.4110658168793 50.9578088919322 44.5680965979894 33.6219991246859 24.2463822166125 16.4882813890775 13.8180740177631 9.1352096448342 5.66704943776131 3.54139258464177 1.54353228087227 0.26007442890356 1.90784952913721 5.85540756583214 8.63754066328208 11.7744418481986 22.2570051749547 31.5923814972242 32.0571934183439 36.5236600240072 42.2906974951426 47.6370801528295 56.7762553691864
0.849951912338535 1.01119202251236 0.391080044209957 0 0 0 0 0.969637650996447 1.43013304720322 8.22951893011729 13.4341381490231 15.0161236524582 21.1227883895238 27.1893516182899 40.8974960446358 52.8555611769358 56.4574599266052 58.1064174572627 54.74025507768 41.8377220630646 31.0636584957441 40.241797765096 48.9213367303213 57.3059221108754 66.4286563793818 72.903444369634 75.7297178109487 73.5476513703664 72.7622658014297 63.8146549463272 51.9975821177165 41.7179862658183 35.328653951486 24.3078619241714 16.1636893947919 12.7067106465499 7.26629669467608 2.52508403112491 0.676132660980026 0.0121955223827778 0 0 1.93379571040471 5.39090918997924 6.75418041646481 15.4357651869456 18.2845257222652 19.7682653864225 25.1415247718493 28.9699882268906 33.1940402587255 36.5559508403142
0.828097729633252 0.348291592672467 0.843648177882036 0 0 0.0723783935730656 0.292424772245189 1.23124461000164 1.64332597826918 1.57579934845368 13.0898493031661 13.2317555447419 14.5653001964092 17.0552295943101 26.6387462615967 38.0635336041451 45.6007421016693 51.1563022931417 56.0329258441925 56.5340916315714 49.056942264239 39.4096175829569 42.5392886002859 50.597275296847 60.7145726680756 67.7349865436554 72.5665738185247 74.7881978750229 66.6971504688263 66.3784046967824 54.3963412443797 42.1845118204753 28.7688324848811 20.2350815137227 11.1453458666801 5.67356683313847 1.6204291023314 0.0839785401088496 0 0 0 0 0 1.07557699084282 3.182178363204 6.32779051860174 7.69103194276492 11.9859414796034 17.6006928086281 17.6585291822751 21.4718381563822 22.3290249705315
2.39873708536228 0.202684313990176 0 0 0 0.217168087450167 0.241190486121923 1.49755893896023 2.12869622434179 2.06585663060347 2.54456543674072 9.42854086558024 8.46763824423154 9.89031419157982 14.7638916969299 25.2115925153097 34.5830917358398 39.5801663398743 47.5664635499318 59.0023249387741 63.9628221591314 56.4780881007512 54.3947517871857 56.5726409355799 57.7566126982371 60.7027560472488 63.2367978493373 67.1306699514389 63.3490433295568 51.3990422089895 42.0658340056737 35.2778832117716 20.5564498901367 11.6376951336861 4.37300248692433 0 0 0 0 0 0 0 0 0 0 1.13278852465252 3.54091078042984 5.09833730757236 9.46258815626303 10.7871989409129 10.6330340107282 12.3588393131892
11.0569770137469 5.36022583643595 0 0 0 0.0149702755152248 0.988458360855778 2.55314803992709 2.79776938259602 2.24510487169027 2.11154840265711 2.77299402902524 6.45166138807933 2.69440437356631 8.80844270189603 17.3866723974546 27.103121081988 33.851683139801 41.7308111985525 52.3964762687683 59.422180056572 69.6914345026016 75.5583594242732 73.388084769249 68.9556896686554 60.00617146492 55.073544383049 56.9690614938736 59.8595092693965 45.5160786708196 30.2984664837519 18.1557461619377 11.2882032990456 1.55914869780342 0 0 0 0 0 0 0 0 0 0 0 0 0 0 2.45898962020874 4.65886977811654 3.33767694731553 5.39121528466543
38.2051790754 32.0486848553022 12.6915276050568 5.95622820158799 3.00686123470465 0.712722850342592 3.88930179178715 4.28722457339366 3.50723726054033 2.73126798371474 2.15727680673202 8.99291162689527 9.19951808949312 8.80029673377673 9.67590200404326 14.5360541840394 22.536722322305 31.1922580003738 35.0832020243009 38.6184652646383 42.5023386875788 55.4920136928558 66.5054420630137 69.9510276317596 70.0146605571111 64.1836623350779 56.1416844526927 49.5039323965708 53.1646609306335 34.7955077886581 16.7164169251919 5.87338457504908 0 0 0 0 0 0 0 0 0 0 0 0 0 0 0 0 0 0 0 0
