input/barkrak2/radiation/dir06724.grid
NCOLS 85 
NROWS 70 
XLLCORNER 665100 
YLLCORNER 4664600 
CELLSIZE 20 
NODATA_value -9999 
[rows 42 to 62 of 70, columns 0 to 46 of 85]
160.611341396968 157.871693372726 159.684896469116 158.295551935832 150.716811418533 147.187521060308 144.072741270065 139.121343692144 139.314045508703 135.614633560181 133.769571781158 131.558944781621 136.212209860484 139.374832312266 139.312346776327 135.093400875727 132.392237583796 137.582361698151 139.263759056727 132.705499728521 129.550377527873 127.85130739212 125.608772039413 127.132554848989 131.710737943649 129.440953334173 125.955681006114 132.677376270294 138.150086005529 142.732242743174 143.950968980789 145.498991012573 155.30456105868 179.162323474884 182.358622550964 163.357496261597 148.361663023631 145.90581258138 149.002313613892 160.064995288849 169.363657633464 169.687926769257 155.111094315847 120.094805955887 54.2433311541875 8.50071695943674 0
144.097377856572 146.855543057124 154.920548200607 152.637640635173 155.707995096842 157.134314378103 155.769298473994 149.559020996094 138.411362965902 136.139611403147 139.697998762131 133.915642897288 134.721308946609 138.209710518519 139.597098032633 135.717153549194 135.95445950826 139.247198899587 139.102637767792 132.492283980052 127.879063288371 125.241110722224 122.362424929937 122.600297133128 125.418365001678 129.412253697713 125.317434469859 128.111253182093 133.811930815379 137.629210948944 136.472940444946 134.004006783168 147.014488776525 164.767156044642 167.145788669586 151.180962721507 145.800193150838 153.919537862142 159.500300884247 160.068929195404 154.751936594645 151.886860529582 144.972532987595 116.851925849915 67.327340443929 11.5797966718674 0
142.602026462555 147.419432799021 151.044448216756 151.591757933299 153.528451919556 155.347168445587 155.700077613195 151.934415102005 145.633429288864 140.66677292188 141.449848810832 137.266476949056 133.750339349111 131.664017836253 130.756129821142 131.435294946035 126.499354839325 133.295605580012 136.302580436071 132.858335971832 127.839396397273 127.465734879176 126.089632511139 125.762561957041 124.301423629125 133.598883946737 136.626938978831 133.679409821828 135.137379169464 135.43579975764 130.625754594803 127.828399340312 134.637544552485 139.999528725942 144.415636857351 144.20552055041 149.21490351359 160.820106665293 166.817625363668 155.821432669957 153.987457354863 147.005418936412 141.298453013102 120.385547478994 83.5294524828593 37.9252359271049 0
148.536731799444 153.726389010747 150.274038314819 154.398282368978 152.125040690104 152.280300855637 154.160469770432 151.717791954676 151.65713429451 146.570414304733 144.202470779419 143.43066016833 137.322823206584 131.716728210449 131.207952896754 134.327232837677 126.609404881795 131.025403738022 136.137425899506 133.882125218709 130.470663309097 129.694143931071 127.670784791311 129.71822420756 130.263417959213 129.720330238342 136.889358361562 137.169897556305 136.684228976568 135.549326737722 132.235050201416 128.245532512665 132.584691047668 129.021505514781 127.615749835968 128.334830204646 137.546588977178 152.750998735428 154.23591931661 139.87938563029 143.41543118159 136.859834194183 134.089549382528 131.341556708018 112.698962291082 72.7342367172241 28.4377783536911
148.780554533005 150.949557622274 153.442124525706 156.134267648061 155.297994613647 153.956353664398 156.110495328903 157.157818476359 153.460085391998 150.418102741241 149.080326159795 146.976172924042 143.362820148468 139.036993185679 137.217015028 140.267193317413 137.783815463384 130.804727474848 137.108822663625 135.515530904134 132.01234738032 132.437864939372 132.357468207677 128.13538312912 136.149108409882 129.456202189128 130.770415067673 133.361121018728 134.991457064947 134.87579425176 134.711762269338 130.976984898249 131.850222746531 129.297872384389 129.521946112315 128.590375185013 132.192293802897 141.587466001511 143.557737270991 140.237073103587 140.549838542938 133.035759131114 137.891074021657 145.825306574504 137.524048487345 102.603912353516 57.43208527565
142.301023006439 145.043234030406 150.64279238383 153.190910816193 157.352308432261 157.862643400828 155.643353859584 154.963781436284 153.95180384318 155.851781368256 151.302357514699 146.428455909093 145.121763149897 143.899867932002 141.512791315715 139.788120985031 137.787878513336 128.327925999959 135.160664717356 136.765023072561 132.770051558812 132.723013559977 134.898523489634 126.523584127426 130.179176727931 130.139042933782 125.115782022476 129.47545448939 132.611254851023 133.783797423045 135.014454523722 135.163893302282 130.496342976888 134.338011344274 144.9334025383 147.210071484248 142.520487308502 137.857248385747 141.786197821299 153.118987878164 144.902577002843 135.293612877528 143.077234427134 149.297734101613 142.621467510859 121.326277653376 79.4875870148341
135.012576977412 138.628900051117 144.361734390259 148.857722679774 155.064443747203 159.246265888214 155.323286851247 153.327445189158 155.955235163371 158.190300067266 155.407428741455 149.939318497976 148.167639970779 147.937327623367 143.959999084473 137.896676858266 137.848079204559 130.215873320897 134.178588787715 138.580719629923 137.130399545034 135.901719331741 137.188772360484 134.28137699763 129.777818918228 135.39046049118 131.269772847493 134.86256202062 139.693478743235 145.118415355682 148.558169603348 150.328030188878 141.746660073598 145.204484462738 154.474178949992 160.241822401683 158.489962418874 148.30740292867 145.658572514852 152.227501074473 142.01029141744 133.587777614594 130.957951148351 130.095640818278 128.045598665873 126.990854740143 116.183052460353
134.50558980306 131.880988677343 136.563122272491 145.903637011846 151.418079932531 155.572682619095 158.01868836085 159.565399090449 160.35407781601 155.724147955577 157.13365872701 157.161772251129 152.087132136027 148.235460122426 146.808435519536 141.470164060593 138.749202092489 135.493119557699 138.736426830292 143.970916668574 145.20663022995 144.272029399872 140.536149342855 140.605032444 133.93834233284 140.051553646723 140.794853369395 143.12465985616 150.113523006439 156.281232833862 164.814313252767 169.055422147115 158.707429965337 153.82307767868 153.374195098877 162.66722480456 165.728618701299 161.309540271759 152.20300356547 139.930248260498 130.598843097687 132.489750782649 130.798985560735 125.018576780955 120.968540509542 125.795433918635 120.257625977198
136.054883400599 138.383467992147 141.706526279449 148.452917734782 149.888783693314 150.192548831304 158.975104490916 163.500944773356 163.490960995356 161.804835001628 160.484234491984 160.76855858167 155.775090058645 150.154014428457 149.219403664271 151.908695697784 144.386072953542 141.453921794891 142.58352915446 148.737480243047 149.635851383209 146.712193886439 144.843439261119 141.949236392975 136.769642432531 143.557945887248 147.616227467855 148.744662602743 152.00071533521 160.833090543747 170.348783334096 178.562482198079 170.664052168528 157.671829064687 147.199134031932 150.447865327199 160.452465216319 167.890508969625 155.454099178314 133.282581965129 124.983310699463 134.857445955276 138.483951489131 133.07245572408 126.996636390686 123.409390449524 105.594356854757
136.194328467051 147.182285785675 149.790078401566 151.882867018382 150.683144728343 149.108856916428 156.304101149241 162.690450747808 161.601781845093 166.780591011047 163.684020439784 163.262019554774 159.760653972626 153.56766184171 151.523719231288 159.700155258179 151.879131793976 145.964622497559 143.321891625722 146.625220775604 147.284299135208 145.578642686208 144.024133682251 140.078485012054 135.736008485158 138.016353050868 143.066932757696 144.265492757161 146.927704413732 152.376701434453 163.525104522705 177.108665307363 172.721266746521 148.013015588125 113.956471284231 106.767545143763 128.384451071421 152.338633934657 162.052681048711 160.057961940765 154.037137826284 143.004049857457 127.114673455556 124.644458293915 134.094585975011 124.829550584157 100.854208072027
139.762183030446 137.473553419113 137.480020523071 140.700866778692 148.504654566447 152.987976868947 153.48278482755 159.730136394501 158.733467260996 163.781960805257 163.803368806839 165.028909842173 163.89407714208 158.687055110931 154.484887917837 153.379122416178 154.707878828049 146.772493918737 140.950222810109 139.71863190333 139.272511005402 141.025245189667 141.994446516037 135.887145996094 135.801364978155 132.884502410889 134.708056847254 136.07727487882 134.460190931956 134.79208946228 141.347120205561 157.985349496206 154.89794810613 126.323401927948 89.3869797388713 69.5266177256902 76.7961045106252 107.381969690323 144.910573959351 159.826536973317 163.343777259191 145.57800690333 120.573778947194 116.60040418307 127.85792350769 114.754070838292 96.37783964475
144.176383813222 133.187313874563 130.373726288478 135.856250921885 149.015078941981 157.749176025391 157.040357589722 158.168454964956 160.181681315104 160.469909509023 162.648737430573 164.839774370193 167.300085226695 164.531757434209 157.936493555705 155.10967373848 157.197852929433 147.833406925201 142.703264951706 143.840660651525 143.373012542725 140.449444452922 138.696293036143 134.712596734365 134.492854277293 132.976313432058 131.089359521866 131.77298506101 128.793140252431 123.238305250804 115.960299968719 124.266763528188 125.785162051519 106.084664662679 89.8750027020772 70.7097053527832 51.2881129980087 57.6498359441757 81.3684711853663 119.007170200348 143.699864546458 133.316020170848 120.384573936462 114.562034606934 108.076085646947 100.93480348587 93.8046077887217
146.082957585653 139.109949270884 135.700255632401 140.331367651621 150.52138765653 159.711947043737 162.351528803507 158.798535664876 162.946323553721 160.351783037186 164.652059475581 165.940413872401 168.070276578267 168.971180915833 161.956280469894 161.181509494781 161.221524079641 153.813024361928 148.752709229787 150.361478328705 150.438199440638 145.856996377309 143.225610256195 142.903457085292 137.600898742676 136.977563301722 135.070989529292 130.580325921377 128.029763698578 119.517505168915 108.51588845253 114.024211963018 117.370496193568 116.494526465734 115.275462468465 103.337158759435 74.4819343090057 57.1467181046804 51.6345302263896 66.7749146620433 103.300054868062 108.718643585841 97.3095794518789 68.609024087588 67.9947237173716 89.9274349212646 98.6757377783457
149.720460176468 147.757232189178 142.536848783493 139.269351959229 146.728495756785 159.131983915965 161.836604277293 159.428069988887 160.557001829147 165.961553653081 171.945869922638 172.23725716273 170.077085494995 171.021540959676 166.895767052968 165.824731190999 166.045963764191 163.154939810435 157.300839821498 154.152731100718 151.842494805654 149.075001478195 150.455743074417 152.687013149261 147.967795530955 143.891940514247 137.350608905156 126.578807830811 119.251549243927 113.503217697144 112.949997186661 119.715760151545 123.40921163559 135.036816199621 143.042325973511 140.164613723755 128.170390923818 109.072983264923 93.8783486684163 62.3765736818314 72.6592689752579 93.5127735137939 93.4322079022725 80.6686232487361 81.5334071715673 100.324680407842 128.658423821131
152.999798456828 152.145365873973 150.149365266164 144.116143385569 143.816997607549 156.11873070399 159.620314836502 160.053749879201 158.728738625844 167.001287142436 176.364004611969 175.413250923157 171.129326025645 172.997017701467 172.853430112203 165.908575057983 168.099045753479 163.931399583817 158.985535303752 156.772484381994 155.459066232046 155.785083770752 152.860105037689 151.310781637828 148.728529612223 142.165929079056 120.558967192968 96.2193310260773 92.2571321328481 99.4896789391835 110.156873861949 116.223067045212 122.124443451564 128.45645348231 142.933398485184 158.040702342987 151.086539030075 146.263062953949 150.203913450241 107.070823510488 77.7026315530141 96.2528983751933 114.085217316945 116.51215950648 117.911616961161 133.5063179334 161.459108193715
151.848336060842 149.433751900991 152.667025725047 151.798705259959 147.858301798503 151.742458343506 160.236974557241 160.910129547119 159.976740678151 167.393585046132 175.445278485616 174.608647823334 169.097701708476 172.330935796102 175.104339917501 164.618859688441 165.890405575434 164.69269990921 162.132402261098 163.004020849864 164.098958174388 162.798593441645 157.720665136973 150.901764631271 148.693611224492 146.2621986866 123.657385508219 99.4996130466461 98.0248947938283 110.074917475382 121.39289577802 122.201144695282 133.839150269826 143.683721621831 162.043919165929 159.964740276337 156.041671832403 105.55312037468 86.2613022327423 110.495348771413 107.949554920197 123.669375975927 128.145237763723 110.519270102183 98.5388358434041 112.940520048141 139.49915766716
139.654129743576 148.044804732005 150.231411059697 152.476340532303 150.618394215902 147.827406724294 159.919202327728 164.750069379807 163.200835386912 165.939599275589 170.217792193095 172.059734662374 170.384307702382 167.850971221924 169.048647085826 165.584057569504 161.403785149256 164.113789796829 165.333727995555 167.202432950338 168.906013170878 164.917687575022 163.05152575175 156.530539194743 154.251545667648 154.9920241038 147.649337848028 139.89715774854 141.548921664556 144.560158252716 139.756679534912 132.005721330643 148.073643445969 161.850273609161 149.341692527135 142.491231362025 107.392559448878 62.8251483043035 47.2723146279653 71.4763651291529 111.549039681753 135.467082262039 130.08040189743 114.509433507919 103.062450885773 108.021328846614 124.821672836939
128.801206747691 145.107765992483 148.936003446579 150.670955578486 153.668463230133 148.729880650838 154.538094997406 164.608538150787 173.778752485911 172.923405965169 170.079429944356 168.989857037862 170.21103700002 168.53928565979 167.985836664836 165.083726247152 159.87491607666 160.626123348872 158.613969882329 156.195133924484 158.292988936106 158.973187208176 156.888643900553 157.331178585688 157.807876666387 163.57296705246 174.629727999369 178.508718808492 163.703044255575 159.869194030762 147.10463086764 134.931772947311 142.658660809199 133.390426635742 101.383626461029 66.6023244460424 64.0022257963816 53.3681958913803 37.8099282582601 37.7104555567106 53.0643115441004 96.9147483507792 127.64506538709 149.045040210088 163.440922896067 158.729026714961 152.285118897756
130.496084690094 141.522854566574 149.379253387451 150.918910900752 152.577380339305 152.774234612783 146.879961093267 158.306628465652 178.923189640045 177.616000175476 170.528789361318 167.100767294566 169.384479522705 171.644230683645 170.311709245046 166.543742020925 163.716822862625 159.886181354523 152.458409468333 143.578320741653 143.502662579219 147.370129823685 146.908223628998 150.398621956507 150.558898846308 161.016543706258 181.77984158198 193.838536739349 175.232787926992 166.297008593877 137.575964132945 122.432808081309 122.471590836843 113.426446914673 87.5324507554372 58.112695813179 64.0657941500346 76.7173518737157 69.765696922938 52.2766957680384 39.0725384155909 59.7606350978216 105.689595143 139.104336500168 154.53306833903 149.754653374354 142.377883195877
143.230020999908 146.278242270152 149.284412463506 144.960105419159 138.386944929759 135.432461897532 144.777456919352 148.817876974742 159.401367108027 158.76512726148 157.524168491364 162.782559792201 168.593764305115 169.14955774943 164.814253648122 166.374683380127 165.175328652064 157.886882623037 149.202932914098 142.469197511673 140.016615390778 139.995843172073 143.651088078817 145.822783311208 144.155929485957 149.267832438151 164.716343084971 172.18291759491 161.697407563527 147.171676158905 133.658627669017 114.728609720866 105.799029270808 116.969843705495 108.065247535706 82.6576948165894 87.6665810743968 127.395570278168 134.78676478068 111.947506666183 72.6304948329926 59.2998266220093 80.1710585753123 99.8049676418304 98.6770689487457 106.268107891083 111.317574977875
157.16944138209 153.194616238276 149.482697248459 141.353497902552 129.497696955999 120.102266470591 134.127636750539 132.964084545771 120.021909475327 121.88865741094 138.643046220144 151.183664798737 156.037112077077 160.264412562052 163.33802541097 173.978606859843 175.948659578959 166.081935167313 155.488669872284 150.530387957891 145.346383253733 143.351713816325 145.307461420695 142.949501673381 141.520152489344 147.63601620992 150.312840938568 151.174495617549 147.252291440964 128.769636154175 131.032258272171 122.290293375651 113.064964612325 128.389209508896 129.844774802526 116.830140352249 110.578000545502 114.411582549413 121.338039636612 119.528075059255 100.867440303167 81.3770592212677 80.073023835818 76.5310525894165 53.6681363979975 74.2746690909068 89.1130169232686
