input/barkrak2/radiation/dir08224.grid
NCOLS 85 
NROWS 70 
XLLCORNER 665100 
YLLCORNER 4664600 
CELLSIZE 20 
NODATA_value -9999 
[rows 40 to 59 of 70, columns 0 to 45 of 85]
185.888747374217 187.484780947367 187.335749467214 189.219037691752 197.592238585154 204.09095287323 207.891126473745 212.067405382792 211.083710193634 194.931884606679 178.927183151245 175.380110740662 172.813514868418 169.884701569875 166.653394699097 167.016645272573 165.949682394663 165.410856405894 159.984330336253 157.773017883301 164.045989513397 169.724146525065 171.1785197258 167.943636576335 163.590480883916 161.326309045156 173.540234565735 176.961859067281 181.910653909047 182.045876979828 181.704481442769 188.962558905284 188.916941483816 196.772297223409 223.801851272583 223.736008008321 210.89114745458 201.125105222066 205.870568752289 217.704176902771 233.116805553436 247.186462084452 204.809188842773 118.891368309657 62.2687041759491 37.7198706070582
194.266060988108 191.189527511597 191.446840763092 190.412481625875 185.900648434957 184.408525625865 182.640612125397 182.592133680979 187.358955542246 177.546799182892 170.163989067078 170.433362325033 174.35880502065 173.213601112366 171.578208605448 167.833745479584 163.932243982951 171.44638299942 172.168950239817 165.179381767909 169.002811113993 169.881621996562 168.501575787862 172.10453748703 172.666986783346 166.76660378774 174.246569474538 178.385059038798 180.470367272695 183.574219544729 184.886574745178 188.794016838074 189.147671063741 206.219752629598 217.730820178986 208.051164944967 187.972942988078 183.237830797831 182.668010393778 195.882300535838 232.319017251333 246.815065542857 228.066146373749 169.902344544729 97.720334927241 60.4325930277506
199.249347050985 195.539772510529 198.215385278066 196.878015995026 189.383546511332 185.951888561249 182.892998059591 177.763322989146 177.907725175222 174.171427885691 172.332346439362 169.803241888682 174.403190612793 177.341024080912 177.236497402191 172.891557216644 170.222878456116 175.137579441071 178.473512331645 169.882357120514 166.576812664668 166.821599006653 162.881880998611 164.186894893646 170.46203215917 166.361073652903 162.733445564906 171.003540356954 176.234622796377 180.77419201533 181.786239147186 182.307104269663 189.760367075602 210.806210835775 215.086877346039 189.912716547648 175.682902336121 177.409529685974 182.026227315267 194.080372651418 203.831871350606 209.018031756083 194.934626420339 164.657970269521 107.725928227107 53.0467629432678
183.245122432709 184.9032441775 193.615078926086 191.409428914388 194.380640983582 195.615112781525 194.280544916789 188.033819198608 177.099347114563 174.68520005544 178.160846233368 173.699955145518 172.838071982066 177.82199382782 177.540818850199 173.500219980876 175.290981928507 176.744202772776 178.337017695109 171.554386615753 165.092289447784 164.206157128016 161.146293083827 159.60023800532 164.106955130895 167.999784151713 162.118117014567 166.477600733439 171.991248925527 174.086471398671 174.141128857931 172.066887219747 182.927668094635 199.478050072988 193.71098279953 178.183257579803 173.080086708069 184.268514315287 192.976276079814 195.185879866282 189.293682575226 186.149378617605 173.953791459401 154.461890459061 107.122470935186 48.6469467480977
180.960218111674 186.469038327535 188.847005367279 190.398295720418 191.102027893066 193.885982036591 194.227238496145 189.347267150879 184.248884518941 179.303447405497 179.867446422577 177.039563655853 171.844621499379 169.641375541687 170.290450255076 169.281264146169 165.821015834808 172.497630119324 173.741896947225 171.96927467982 166.804611682892 166.45614306132 164.92881377538 164.438307285309 161.110877990723 172.243376572927 175.158063570658 172.024230162303 173.339307308197 171.86313867569 168.000419934591 165.736893812815 170.814017454783 174.296160538991 173.097332318624 171.869317690531 176.402807235718 191.540360450745 198.164582252502 189.718465010325 187.219738960266 175.835967063904 170.201738675435 150.738795598348 119.910011688868 74.1728047529856
186.579247315725 190.377910931905 188.123524188995 192.168633143107 189.770539601644 189.914107322693 191.735148429871 189.128160476685 190.123816331228 183.688938617706 182.567636171977 180.146813392639 175.485372543335 171.391944090525 169.286568959554 172.161777814229 165.892233451207 168.386201063792 173.562169075012 173.012594381968 169.474085172017 168.570876121521 168.235222498576 168.439646561941 168.83639494578 170.208136240641 177.285234133402 175.496598084768 173.167745272319 173.271715641022 168.153127034505 166.191230217616 167.751510938009 164.118419090907 157.380104064941 157.290160655975 165.958742300669 184.797803560893 182.305912176768 172.480722268422 176.467676957448 166.278143723806 163.242707649867 163.334310054779 148.594299952189 109.319051106771
185.805678367615 187.995533148448 190.211474895477 192.924877007802 193.063954512278 191.510955492655 193.586448828379 195.64684232076 190.76406955719 188.883384068807 186.011632283529 185.242176055908 180.10272582372 175.604005654653 175.134638945262 177.95467376709 175.358176231384 168.134033679962 174.490571022034 174.664855003357 171.031673749288 171.337306499481 171.248535315196 166.7853196462 174.744804700216 167.926073074341 169.13119951884 173.288484414419 172.987063725789 172.43504524231 171.723604202271 168.96931330363 166.854977607727 164.494295914968 159.076929092407 157.640963792801 163.862357536952 174.341936906179 175.873736540476 172.505696614583 173.652370770772 165.308972199758 168.755014737447 177.459478378296 171.560843785604 133.552233378092
179.596861203512 182.239333788554 188.628077507019 190.098881721497 194.166819254557 195.48241297404 192.097723484039 192.519704500834 191.288352012634 192.92414188385 188.175479571025 184.746483961741 181.894799073537 182.019035021464 177.745938301086 177.672664324443 175.466120243073 165.731797615687 170.904199282328 174.312214056651 170.185188452403 169.973035653432 173.798819382985 165.131827195485 168.748577435811 168.629745642344 163.380801677704 167.577823003133 172.122836112976 171.255389849345 173.237045605977 171.850502490997 166.289468606313 169.205228487651 177.913347880046 174.965421358744 174.180368582408 171.149432659149 174.067219098409 185.390750567118 177.452564239502 167.057673136393 171.974500020345 177.644073963165 171.621640523275 151.686112085978
172.695140043894 174.995958805084 181.585431098938 184.984842936198 191.828310489655 195.921043554942 191.954890886943 190.009951591492 191.977381706238 193.972706794739 191.079020500183 186.927338441213 183.429737885793 184.501469135284 180.261313915253 174.151380856832 174.096981684367 166.01707537969 169.814825057983 176.112790902456 174.522956212362 173.038919766744 174.098988374074 171.067893505096 168.344477812449 172.167321046193 167.921821276347 171.366413434347 179.442385832469 182.744443416595 187.350869178772 188.546081384023 177.701711654663 180.962125460307 188.34924697876 190.688649813334 189.085900783539 181.534806887309 179.257571697235 184.612035751343 170.898159344991 163.123180468877 160.688956578573 159.689138333003 157.70822763443 156.74172838529
171.357134977976 167.547782262166 173.030912876129 181.080261866252 187.302013238271 191.564361254374 193.662842114766 195.888797442118 195.024987061818 191.635111967723 192.734956741333 192.673981189728 187.233726183573 184.836109479268 181.74546957016 176.304837067922 175.010760625203 169.489363829295 172.40438858668 177.81662940979 180.752476056417 179.509818553925 175.568838914235 175.130267937978 172.554155190786 176.78705851237 177.372773488363 179.52686548233 186.31899356842 196.104268232981 202.04371213913 205.304046471914 195.992489655813 191.499729951223 188.231686751048 189.274986584981 194.930573304494 193.655471007029 184.653341770172 169.021487236023 159.989615281423 161.907732486725 160.3850821654 154.829690853755 151.115943988164 155.785977840424
172.520359357198 173.816800117493 176.613926887512 182.928442955017 184.79061126709 185.039778550466 193.447609742483 197.168747584025 197.149415810903 194.836417833964 194.598416487376 193.371375401815 189.670999844869 183.785577615102 184.153338273366 186.399022738139 177.188098430634 175.046881039937 173.686742782593 182.199080785116 182.942628860474 179.853498935699 177.963455518087 176.484982172648 169.252475102743 178.067247072856 181.832075119019 182.709733645121 190.186818440755 198.733528455098 207.648018995921 210.449894269307 205.745339393616 191.732903321584 182.036956151327 179.285963376363 190.326889355977 197.760105133057 183.653732140859 162.390728791555 154.702206452688 165.861636400223 167.622764905294 162.262459595998 156.749308109283 153.317898511887
170.990626017253 180.604020754496 183.11862150828 186.727186044057 185.030460357666 184.229175249736 190.434654553731 196.719149748484 195.208489894867 199.87944761912 196.673115094503 196.37135664622 192.490379015605 185.828268527985 184.559226036072 190.974652767181 183.167815208435 175.33795038859 174.633324146271 178.426921367645 179.228583971659 177.282472451528 175.071954727173 170.883576075236 168.161908785502 170.117020606995 174.968441327413 175.927778085073 178.353488445282 185.625116030375 193.919976552327 207.035005092621 199.00119304657 178.701122601827 145.26163538297 137.524763743083 157.828619082769 182.064016660055 189.806977907817 188.171029090881 183.725118637085 174.526572227478 158.105790615082 154.187540213267 163.338164488475 154.259781042735
172.706087430318 171.543717384338 170.688569545746 175.396223862966 182.29341506958 186.864376068115 185.62372525533 192.916790644328 191.437244415283 195.971528689067 195.79686721166 198.021650314331 196.510970592499 191.265046596527 185.899635155996 185.075958569845 187.76528040568 176.948746045431 171.120365460714 170.596063137054 170.172532399495 171.286543210348 171.641826629639 165.378491083781 166.425387064616 163.406193256378 165.044834216436 166.168789068858 166.206181049347 165.928840637207 172.528227170308 187.429149945577 182.734072208405 155.730247497559 118.924001852671 98.6946920553843 107.721815506617 138.159215450287 173.541009426117 187.786718209585 189.468463261922 173.604389031728 151.910970608393 148.793081442515 157.575716574987 143.497198820114
179.341971874237 168.699065844218 164.5334760348 170.657992362976 182.336489359538 191.604733467102 189.427157243093 191.776990890503 193.131426970164 191.691756248474 195.084035396576 196.679313977559 199.314634005229 195.8087682724 189.912577470144 187.18562523524 188.742180665334 178.439497947693 173.20704460144 176.540652910868 175.811648368835 172.481040159861 170.642693837484 166.347394386927 165.613363186518 164.00812069575 161.496957143148 162.006477514903 160.711507002513 156.94464246432 147.830545902252 155.018885930379 155.234863360723 134.631335735321 118.225346008937 99.5189547538757 79.9881120522817 88.1269375483195 112.533976634343 149.21843012174 172.156453132629 161.672989527384 150.977234045664 146.28733197848 138.231694698334 128.549555937449
181.745370229085 174.118121465047 169.911841551463 174.648304780324 184.255639712016 193.589051564535 195.813337961833 192.855854829152 196.189224720001 193.126340707143 197.281102339427 198.049108187358 200.385431448619 200.598259766897 192.68407424291 191.581765810649 193.19228331248 184.888323148092 179.326216379801 181.049625078837 181.195199489594 176.535189151764 173.638085524241 172.528545061747 168.565670649211 167.804678281148 165.746986865997 163.056910037994 156.994601090749 152.07494298617 140.847414731979 145.431329806646 147.04230427742 144.479175408681 143.929183483124 133.403360843658 105.712453524272 87.9535476366679 81.7324171463649 97.3405241966248 133.514672517776 137.347747882207 125.889201958974 111.228803793589 108.707368373871 116.843521595001
186.411579449972 183.092792828878 176.86669031779 172.214388847351 179.688235123952 191.745897134145 195.305128892263 192.757487297058 194.331328074137 197.780867417653 202.767888704936 204.322576522827 202.153662840525 201.59125328064 197.952091693878 196.407000223796 196.521560351054 191.126227378845 186.667720476786 183.9466492335 181.886951128642 180.03253142039 180.638114611308 182.113309701284 177.317519982656 172.752737998962 168.663958708445 158.024738232295 149.300148089727 147.898693879445 145.666778087616 149.838338295619 153.325001398722 162.725468476613 170.148511727651 170.898238817851 163.777609666189 144.822070995967 125.047852595647 92.4939115842183 101.821700731913 121.525625387828 120.970378319422 108.751187721888 110.355993111928 128.757397333781
189.922114213308 187.938352425893 185.159206390381 177.532474199931 177.384773890177 190.201918284098 194.459696610769 193.984309832255 192.777236302694 199.35264190038 208.549718062083 207.952121893565 203.0402024587 205.508768558502 204.014480113983 197.064697742462 200.639605522156 195.755521456401 190.548459688822 188.567082087199 187.115708986918 186.561206976573 183.050711949666 181.396106878916 178.873678048452 172.285278638204 152.176986138026 129.393339157104 125.200430552165 131.813913583755 142.887592315674 146.504243214925 151.785473028819 157.591213782628 171.688596407572 183.396557966868 188.304662704468 190.193434556325 186.73312664032 137.718359629313 107.28512207667 125.006854534149 142.474939425786 146.111647288005 148.128966490428 162.542680899302
189.769367376963 186.316291491191 188.526670138041 186.179518699646 181.55837059021 185.570518175761 195.287346839905 195.940891901652 194.102803866069 198.530554771423 208.024223645528 208.07675520579 202.527085940043 205.071071783702 206.968009471893 196.781198183695 197.507580121358 196.130255858103 192.90292263031 193.588455518087 194.173653920492 193.666656812032 188.591996828715 181.825339794159 179.194033145905 178.071200847626 157.792935768763 133.54347149531 130.582988262177 140.667597452799 154.541671276093 153.446753819784 162.941058476766 173.302253087362 188.751856486003 199.284533659617 181.832869847616 148.301968971888 131.909141937892 138.95454009374 138.264278570811 153.687000274658 156.962027152379 140.323082605998 129.33008869489 143.500834703445
178.640723228455 185.377935568492 186.996022860209 188.583215077718 185.659865538279 183.400352795919 195.846835772196 201.069931189219 198.074181874593 200.566252072652 205.303132534027 207.164247830709 206.220030784607 202.118257681529 203.001240889231 198.54865471522 195.337096850077 197.086930274963 197.454551855723 199.016213417053 200.319945812225 196.280221144358 194.365958372752 185.977578163147 185.104747613271 187.194228172302 181.370695432027 173.265397548676 173.035661379496 173.015117645264 172.6100842158 164.271086454391 176.620523134867 188.775519529978 179.244180520376 168.323854605357 149.14142092069 92.8947329521179 73.6159781614939 106.365144252777 142.300069332123 164.457986752192 157.69229332606 142.778654893239 134.184648593267 141.071975231171
167.414387067159 183.242698510488 185.552100340525 187.096834182739 188.504457473755 184.550086657206 191.639343897502 201.115290323893 209.501922130585 207.389712333679 205.646713574727 206.334869066874 207.193712393443 204.194804032644 204.563021659851 201.675156752268 196.205099423726 196.159025033315 195.45590877533 193.079670270284 195.05512714386 194.27756468455 191.846529642741 190.607945124308 192.214667797089 196.718414624532 206.128617127736 207.774579524994 193.361381689707 189.874688784281 178.972919782003 167.941788832347 171.716868877411 162.503192822138 130.96159696579 89.7529621918996 86.4196916421254 75.1013457775116 58.6533397436142 68.4258391459783 89.1740421454112 127.752006053925 155.736794074376 177.095452944438 197.033186753591 194.677511850993
