input/barkrak2/radiation/dir06024.grid
NCOLS 85 
NROWS 70 
XLLCORNER 665100 
YLLCORNER 4664600 
CELLSIZE 20 
NODATA_value -9999 
[rows 0 to 20 of 70, columns 0 to 47 of 85]
162.370383739471009 178.594887256622 196.139772733053 217.643062273661 228.431542714437 230.02944389979 227.463245391846 222.644766171773 221.987148125966 225.537498792013 225.845714410146 224.100629488627 221.753716468811 223.312775293986 224.897662798564 213.271101315816 200.296322504679 188.39697043101 185.780147711436 175.795276959737 175.218363602956 192.409416039785 219.559570153554 227.102438608805 229.91818189621 241.973996162415 240.905404090881 225.46241680781 211.657881736755 210.775057474772 206.305464108785 228.458980719248 274.575273195903 272.373418013255 271.826366583506 257.304072380066 261.233766873678 275.896072387695 271.817107995351 273.386379082998 261.492788791656 265.783270200094 273.99867773056 270.366887251536 259.706517060598 262.465556462606 267.563660939534 239.830851554871
139.456649621328 157.594998677572 173.766811688741 194.504499435425 208.526492118835 215.990781784058 219.238797823588 223.928014437358 231.166481971741 232.202728589376 228.907505671183 225.342472394307 222.359458605448 223.029752572378 224.58020846049 213.552077611287 206.607758998871 197.019537289937 192.153811454773 182.456692059835 189.211289087931 213.374396165212 235.680818557739 238.266746203105 241.91023906072 248.314619064331 242.96627442042 229.649901390076 216.609676678975 212.79505888621 213.600178559621 243.011275927226 275.944610436757 274.505297342936 270.370960235596 259.680410226186 265.317519505819 276.513357957204 270.705540974935 271.805067857107 266.083677609762 265.516936779022 262.187818686167 256.308913230896 252.654691537221 260.686993598938 257.671097914378 223.46039613088
101.714740196864 112.980753183365 127.269466718038 141.206473112106 155.037273963292 168.055355548859 181.453029314677 200.560986995697 215.075691541036 217.726409435272 220.349510510763 224.778811136882 230.999072392782 234.213570753733 234.597603480021 236.802597840627 235.472659269969 224.481423695882 207.912504673004 198.621253172557 209.162751833598 226.16720199585 237.060407797496 240.114788214366 244.347850481669 244.181533654531 238.371829191844 229.321221510569 221.255580584208 221.658885478973 231.447736422221 259.130835533142 274.625360965729 273.742516835531 269.204080104828 265.136281649272 271.488626797994 276.58474445343 273.270189762115 269.321223100026 262.714902559916 252.437869707743 238.594810167948 234.767417112986 244.308272997538 258.401393890381 245.977918306986 213.262915611267
83.2665761311849 83.2903236150742 91.1944806575775 97.8150963783264 105.777263641357 114.209552605947 123.735149701436 142.044335603714 164.233922958374 184.046785036723 201.616962750753 219.229022661845 232.192814350128 236.594875653585 240.176280339559 246.878345807393 244.024554888407 232.69393046697 214.52142794927 206.890066464742 208.488623301188 209.069391091665 221.858382225037 231.557309627533 232.575456301371 233.702301979065 233.915468056997 230.724513530731 229.650179545085 233.313242594401 238.068481286367 264.054576555888 270.768523216248 270.575960477193 267.133831977844 268.162031968435 271.752715110779 270.991543928782 268.18851629893 257.312178611755 249.17193253835 236.12238963445 231.712023417155 245.547493298848 260.599354902903 255.905568599701 234.820246696472 209.271649519602
106.003433465958 88.491419951121 75.9216248989105 66.0422543684642 67.0073926448822 84.5064719518026 110.140164693197 122.10073073705 133.165687322617 141.880929470062 167.009075482686 192.643543084462 208.805839220683 217.179119586945 224.435309569041 230.623324712118 227.079470952352 219.311515490214 212.746818860372 208.197156588236 203.288992245992 200.99417368571 212.722281614939 222.897966702779 226.351797580719 233.319242795308 234.389225641886 232.782542705536 231.805980205536 230.797986189524 238.263964653015 266.578276952108 268.429795900981 267.644186814626 265.174190203349 264.326314131419 263.593633969625 261.739174524943 252.230624357859 243.614693482717 242.140511671702 239.69821135203 245.443979899089 255.672415097555 257.645646731059 235.551238059998 207.269787788391 199.006776014964
151.05543533961 121.657470862071 93.2752788066864 69.9103176593781 61.2523357073466 70.4494615395864 95.7281589508057 118.275125821431 123.616397380829 122.509857018789 132.989486058553 147.63738711675 158.674081166585 166.110942761103 176.884293556213 187.434295813243 192.12685028712 200.145999590556 208.059926827749 212.800045808156 213.377674420675 215.483705202738 214.674214522044 216.708719730377 222.112973531087 230.219086011251 233.378966649373 235.077261924744 235.044658184052 236.034452915192 251.130998134613 267.963449160258 263.230323791504 263.087670008341 261.071622371674 259.250561396281 257.194797197978 253.073871135712 243.124047915141 243.471185366313 243.777851263682 241.281787554423 243.175864219666 246.741811434428 236.005584398905 205.897132555644 178.775429725647 187.696218490601
178.864578406016 151.305248339971 128.439515829086 105.527132749557 83.6420357227325 70.170392592748 75.8096873760223 106.465498606364 124.809712171555 133.502831061681 129.505077997843 124.526520570119 120.266745487849 115.595559279124 117.641091346741 134.742716948191 149.291465679804 173.566440741221 196.091890335083 210.458358128866 218.211452166239 223.075985908508 219.391783078512 215.751608212789 218.955516815186 221.258024374644 225.484728813171 231.394231319427 234.000603357951 240.99725484848 254.786968231201 262.578407923381 256.575326124827 250.463585058848 248.93057346344 246.75327539444 246.228118737539 241.229077180227 235.962152481079 231.27289613088 225.516974925995 224.315444628398 231.160740057627 239.16228612264 229.956289132436 219.09620364507 231.154004732768 241.598586241404
195.143143335978 181.424101193746 166.027088960012 147.090703248978 120.952556530635 88.5379513104757 66.9788916905721 64.2400681972504 97.6288914680481 129.305481910706 139.149884382884 135.706216096878 126.368562380473 115.139454603195 100.629995266596 104.083816210429 118.119676907857 136.120935281118 162.842750549316 185.577690601349 201.283176740011 214.638272921244 221.436738967896 216.619292894999 214.900930722555 214.382946491241 215.860505898794 218.7553246816 222.212672233582 233.824809392293 246.433138847351 250.307579835256 242.842853069305 236.956755320231 231.370687484741 229.860564072927 234.951615333557 231.529255708059 224.861939748128 207.370658715566 205.45615752538 215.224405129751 233.275512854258 244.599541028341 243.285795052846 245.073795318604 253.339409828186 256.527264912923
163.116027911504 168.22878519694 172.515034675598 170.050024986267 153.704822063446 126.371562480927 93.0862128734589 63.8146897157033 76.5256484349569 97.6653297742208 123.169293006261 136.000315348307 139.500399430593 136.835287014643 121.597876151403 111.64731780688 108.930945396423 113.155047098796 128.0697286129 147.270540396372 166.526854038239 184.907853603363 198.804199695587 197.443723678589 199.261128902435 198.588728904724 199.00780916214 201.702316602071 205.074409643809 215.469181537628 221.593499183655 223.133544127146 220.709065596263 220.822294553121 221.523801485697 224.238316218058 224.956671396891 224.828481674194 219.747185707092 212.204237778982 223.311523596446 237.065116564433 245.643238226573 247.997681299845 241.459806760152 236.650168895721 239.685654640198 249.942342440287
106.892218192418 124.181608359019 135.885188976924 151.961853106817 148.140509923299 157.257318496704 136.296639839808 113.541742165883 81.3294500112534 70.6632534662883 83.8744839032491 113.895565271378 138.06610306104 151.3725121816 152.097880840302 140.826245148977 124.375234047572 117.3428495725 115.934987862905 119.455367326736 129.772454500198 139.672259489695 152.624001105626 163.147668043772 173.78443479538 176.054914792379 177.275319894155 179.437537988027 183.607697486877 190.893848737081 192.179580529531 193.32230091095 199.800491333008 204.040507475535 207.915643850962 212.554574012756 213.187833627065 218.118151028951 218.281428019206 226.32763783137 243.022402127584 249.890069166819 252.098838488261 249.403119087219 240.832924842834 236.796975135803 247.560501098633 256.9420337677
61.0796312491099 68.3819552262624 73.4911113977432 96.510907014211 107.219268878301 117.5330777963 132.42581486702 127.418061097463 99.9126533667247 76.2983014186223 60.6866379578908 65.0504380464554 88.0929430325826 116.690129041672 139.602134625117 132.449279228846 125.558823347092 118.534624576569 109.570542971293 105.8396200339 107.0217192173 109.488884607951 114.762643973033 131.161699692408 147.314339876175 157.648752133052 158.884704113007 159.941971302032 167.742967605591 173.227886358897 176.684419314067 180.293718973796 189.887205759684 194.059570630391 195.292353630066 197.61993487676 204.089204470317 209.976494312286 219.426989555359 237.20916112264 248.047769069672 251.021206378937 250.146428743998 245.765407880147 242.424527804057 244.560599327087 252.421220143636 254.665195941925
34.0735788146655 32.0642267664274 33.9599375923475 36.5054756402969 49.6720820665359 65.1634335517883 81.3789367675781 88.7396335601807 92.7668213844299 90.1430547237396 68.5986578464508 53.8820177316666 57.5361599524816 75.1017183065414 96.1936314900716 106.632252534231 116.820295651754 113.518337408702 109.528928995132 100.507507721583 96.8228181203206 94.3991442521413 96.5267419815063 106.673359870911 117.10199713707 126.434107621511 131.615380446116 138.709922631582 146.530359983444 152.053087949753 157.910883426666 162.748465935389 168.538173039754 172.469317913055 175.450563430786 178.975661595662 189.980526765188 202.10063457489 209.668020407359 229.155480861664 239.532232284546 240.377386411031 236.53773466746 232.211311658223 230.916996796926 230.380733807882 236.876447995504 243.730227152507
26.6652454932531 19.5296083887418 15.6714928646882 11.1239217221737 4.7690412029624 4.26688604056835 25.8268689115842 45.4834898312887 66.6641891002655 85.1042171319326 81.2758207321167 66.7357842127482 51.3639350732168 52.8856813907623 66.9460048278173 90.3443892796834 108.567029237747 114.900340636571 109.507819016774 105.15966018041 98.3142256736755 101.869602998098 104.792217413584 106.689075628916 108.844459056854 111.251930395762 117.395410935084 127.429058154424 132.369707028071 133.868316809336 139.846702416738 145.158956448237 146.600008010864 148.563176393509 154.443323612213 160.564045111338 172.71101474762 187.299152215322 191.968381404877 203.631639480591 211.782018343608 212.084253629049 215.023299058278 217.600703239441 215.700070063273 216.783404350281 220.265448093414 226.171215375264
27.7691508332888 9.92534247537454 3.0542096743981 0.243296187060575 0 0 0.492257764562964 19.1895167032878 39.2806281646093 61.1640612284342 74.0042229493459 79.3029367923737 76.1217971642812 65.9668296575546 64.9503866831462 83.138053615888 97.3322192827861 112.897346417109 122.225781281789 119.239509105682 111.006180445353 110.266784826914 111.469984054565 112.873842318853 116.766860087713 116.405347983042 121.279716491699 131.117045879364 132.925848166148 126.679033041 132.304131984711 138.259728749593 139.176477988561 138.780971368154 143.802533547084 152.780085802078 158.595224221547 165.603111187617 171.168764432271 174.777507781982 181.332627932231 188.445409138997 196.313560009003 204.477727413177 201.043983300527 211.942076683044 213.229020436605 210.260252157847
36.5455349286397 14.3213346600533 0.997028546407819 0 0 0 0 6.47049024701118 20.9617962439855 41.9053932030996 71.1138397455215 93.6900079250336 99.446972211202 96.9333350658417 82.8780035177867 81.3411970933278 85.4204297065735 97.6698299249013 114.727824926376 126.937458912532 126.610696315765 123.062978188197 122.094651063283 118.15137664477 118.478894233704 122.285445531209 126.600752274195 131.347507238388 130.003074804942 126.138597726822 127.747436364492 134.233981370926 133.570641279221 133.036653200785 137.436360120773 141.801645358404 141.459892193476 141.321470340093 148.9304403464 150.686502456665 157.340894142787 165.862063566844 172.642509142558 179.497679074605 183.549185593923 189.689795176188 203.05460691452 211.809933185577
32.0800517996152 17.5947311023871 1.43456862618526 0 0 0 3.83421344061693 8.74135022362073 21.1893369754155 32.4289376537005 60.5219701925913 91.3993219534556 105.432987213135 112.66827583313 105.294406414032 84.4279328982035 77.8613487879435 81.5491825342178 97.3151326179504 119.305988152822 131.593465805054 131.067583958308 132.753213246663 126.740594704946 121.721158425013 122.340987126033 125.634570916494 125.994751850764 132.729907830556 135.02957423528 133.261779944102 134.154081344604 130.173484484355 128.351827462514 129.885445038478 127.742787202199 125.779459873835 121.319065491358 126.395841439565 128.861665725708 133.868167797724 140.173782904943 143.899997075399 147.612710793813 162.737876176834 169.700125853221 185.458183288574 197.070916493734
27.8748149673144 20.9023654460907 3.80331464111805 0 0 0.106906120587761 5.3400161365668 15.6426007548968 24.128831923008 29.9038738012314 44.0381318330765 72.064886490504 94.4238007068634 107.121656338374 110.217501719793 109.460711479187 103.672494490941 95.7152247428894 88.4214341640472 96.4974661668142 119.426071643829 132.667074600855 137.492875258128 136.971026659012 129.159619410833 128.200540939967 128.508269786835 127.933889627457 136.09504699707 141.912003358205 145.81569035848 134.205053249995 128.522803386052 124.626964330673 119.762718677521 117.947638034821 113.228579362233 111.648519833883 113.550374905268 116.743435462316 118.992348512014 122.374842564265 127.015968163808 130.134085814158 150.396962960561 161.324977874756 171.312093734741 179.225186506907
23.791973789533 23.3653684457143 12.8065533936024 0 0 3.47057543694973 10.4401931166649 23.1857324639956 30.8087095618248 36.0277816653252 42.1121120452881 57.5031141440074 77.6920219262441 93.1204358736674 108.807742595673 122.77626991272 124.849259853363 115.626513957977 103.737374146779 90.9743905067444 100.327412287394 123.665670553843 131.391574939092 135.798593362172 137.320468823115 138.12126715978 138.462116320928 136.514365673065 133.510718743006 137.263963619868 140.732705593109 128.142307202021 128.897259632746 124.390095472336 117.404460906982 114.495019117991 111.592411994934 110.956788063049 111.082414786021 113.536179065704 115.859349568685 117.61200428009 118.514428536097 121.598700682322 135.048309961955 150.937110185623 160.397658745448 162.435084581375
25.1988967259725 28.5468647877375 28.2354007164637 2.86438595503569 0.710998817036549 12.221855421861 17.2758003075918 30.7188878456752 39.8170500993729 52.6586224635442 59.4512075185776 61.6609553496043 70.8176145950953 78.7996749083201 96.3737765947978 113.843470811844 123.165100812912 126.019438107808 122.215807437897 110.772470633189 95.679501692454 107.02782869339 118.909895420074 127.137631177902 136.164724826813 143.648087978363 141.327093044917 144.518405199051 135.137349367142 134.10081466039 122.089803218842 118.649303913116 118.5162961483 103.430867195129 103.320151567459 116.733948389689 114.938894907633 111.192713181178 110.519289970398 113.8636469841 117.75130033493 119.961649179459 118.812342484792 120.001206795375 120.979020992915 136.488934357961 143.172740936279 145.046343406041
26.3539974888166 27.4614170193672 31.4034347732862 23.541380961736 10.7269212603569 20.3555251161257 21.5281446774801 21.7437123258909 38.872241973877 52.7322987715403 60.9282205502192 58.2207540671031 59.0338905652364 65.2799308300018 82.4622958898544 98.8448659578959 110.321938991547 117.418060700099 121.508002281189 123.499224583308 117.395649353663 104.858408371607 107.7987353007 117.303758859634 128.88115644455 135.727117458979 137.195507685343 144.001662731171 136.855860551198 128.141115109126 114.479998747508 112.269133329391 99.192202091217 87.6574516296387 96.907784541448 90.9397006034851 94.9447949727376 88.9822741349538 101.912011702855 110.329747200012 115.155657132467 118.061850468318 123.46738576889 120.29966711998 114.931881427765 126.954634984334 130.045572916667 130.639582872391
31.46131336689 23.6357798178991 20.9115569790204 34.3179752429326 27.9566794633865 27.0163317521413 20.5099458495776 22.5814754764239 34.4880297780037 43.3001766602198 50.1581231753031 50.6630440553029 49.8105982939402 53.264190753301 63.482070962588 77.8235197067261 89.2309745152791 100.079516569773 111.2908522288 127.21116344134 134.244501590729 123.849888642629 123.211890459061 127.046912908554 130.587885777156 126.714487870534 126.345137755076 133.232523997625 126.028637091319 112.087408701579 111.359258492788 91.9735133647919 73.7319886684418 59.711163242658 49.087181687355 56.3134799400965 63.2742941379547 69.8714256286621 73.2560257116954 88.1298184394836 92.9967264334361 96.3957409063975 100.006639957428 99.0916788578033 105.492422978083 112.18731602033 115.414341290792 121.730883916219
