input/barkrak2/radiation/dir06324.grid
NCOLS 85 
NROWS 70 
XLLCORNER 665100 
YLLCORNER 4664600 
CELLSIZE 20 
NODATA_value -9999 
[rows 21 to 41 of 70, columns 0 to 46 of 85]
64.6483848492305 51.7561733722687 40.9668957193693 56.4458419879278 52.4046172698339 30.9947803616524 35.1466784874598 45.5160140991211 50.6491462389628 49.532617131869 50.4276901483536 51.2944261233012 51.2115905682246 52.5360604127248 58.9835991462072 74.3374973535538 89.5486275355021 99.864661693573 109.202206134796 123.653391997019 134.892960389455 148.309866587321 154.612223307292 154.329458872477 144.37140027682 133.55541229248 119.708637396495 123.128732045492 127.653062343597 112.89256811142 91.705600420634 76.448584596316 54.4736484686534 40.2155468861262 25.4240408539772 23.6446311076482 30.7012970248858 47.6031005382538 72.8870332241058 77.8863976399104 81.0630867878596 87.8383815288544 88.2151027520498 76.1946737766266 98.6892481644948 110.219240188599 117.549081643422
106.903612613678 100.406259298325 78.3879359563192 75.0327259302139 71.2879747152328 44.5253153642019 52.5007744630178 52.7746429045995 44.987291097641 44.931302467982 49.8775641123454 52.4427990118662 54.9467007319132 59.8767300446828 61.8092318375905 69.4371312856674 81.7106713851293 94.3485995133718 101.631671190262 106.687178214391 112.335552771886 127.988318602244 142.632722854614 146.416376034419 144.737084706624 137.484103441238 120.595276355743 114.390254020691 105.195184548696 104.728480180105 67.4377977848053 38.6042793591817 22.1148654818535 3.77924460917711 1.98363419622183 3.24309182663759 12.0029027263323 26.7164707183838 35.1896807551384 44.5413092772166 50.2513249715169 70.3125894069672 55.8630327383677 46.946793794632 75.3323386112849 101.872901121775 110.458215077718
141.89608891805 131.146629651388 98.5998511314392 81.8330198526382 77.2136598825455 74.4017213582993 69.8767751455307 56.3527594010035 40.5733262499174 40.8354451258977 52.8652171293894 55.2306920289993 61.2447609504064 70.6942081451416 68.8205659389496 71.3684658209483 80.0562600294749 92.6210085550944 98.8487203915914 91.1135176817576 90.8734997113546 96.8846678733826 110.482017199198 122.9381163915 131.042212247849 128.856668869654 115.885883569717 112.586597601573 89.0047252178192 46.785647670428 40.1041631897291 28.3845340212186 4.82213807602723 0 0 0 0.965218913430969 5.99460241695245 9.39119234681129 7.55181536078453 12.9759299258391 11.3590011994044 22.496039668719 57.1012000242869 72.4713653326035 92.1092629432678 100.713849067688
141.116996606191 137.209544579188 117.436985174815 86.8067741394043 68.1631565093994 74.7151921192805 69.1182365020116 63.8914853334427 50.3858923912048 43.3862507343292 49.1981903711955 54.0054241816203 57.8136543432871 69.2343562841415 68.4616019328435 69.8157300551732 77.5686899820964 90.4053052266439 97.9803502559662 90.9910102685293 88.8397395610809 87.2568488121033 96.8514084815979 106.918791929881 111.261109511058 112.787634134293 107.747713724772 99.2559393246969 78.1439294417699 38.3695811033249 32.0476566751798 29.7313059369723 12.4573285380999 0 0 0 0.195416583058735 1.39372997606794 3.15637824436029 4.548371459047 0.433034845627844 1.45330838859081 12.2683756053448 83.647350470225 81.5195639928182 92.476745446523 101.224482059479
127.413163582484 132.375121116638 127.237935860952 96.3885188102722 69.025327761968 74.6865024169286 79.6981503566106 84.0873022874196 77.8539727131526 67.5058762232463 59.1749499241511 65.2989695469538 65.9244159857432 76.5363126993179 80.58962225914 74.2630263169606 78.1802733739217 89.941680431366 96.4422424634298 101.928353309631 102.20060745875 98.8982220490773 95.2510237693787 96.5599815050761 98.8786816596985 101.586600144704 97.1259574095408 92.2830005486806 71.2676147619883 52.0907938480377 53.7819713354111 62.0219608147939 54.7259449958801 7.13641320665677 0 1.4937714052697 1.83653365820646 2.42872132609288 2.5910665281117 1.92863664900263 0 0.811057941367229 23.3467295765877 85.3776335716248 100.224037965139 101.779530445735 99.569300810496
126.217246055603 131.729463736216 129.885335763296 106.315354506175 86.0074957211812 93.0258135000865 103.302548329035 105.617086092631 109.40279563268 98.9228586355845 79.9091657002767 83.8022728761037 84.7455561161041 90.7990237077077 93.9434468746185 83.2674254973729 82.2378893693288 92.8555031617482 101.350257794062 115.044077237447 115.86739619573 114.916463692983 105.198631683985 99.0329384803772 98.805437485377 102.460245291392 96.776823202769 98.12264641126 87.7899726231893 88.4595016638438 99.8152097066243 123.163670301437 132.368862628937 112.843165795008 29.9831554293633 8.24421644210815 6.77111620704333 6.40232240160306 4.81015040228764 0.112008788467695 3.94906910757224 23.3761121829351 61.5119735399882 85.6436888376872 89.281698067983 85.3232741355896 86.1743887265523
128.074407577515 126.699070135752 127.096444368362 112.26479212443 116.975396871567 117.474883794785 124.933381875356 118.337730566661 120.599577824275 116.625567277273 94.6064591407776 87.5524878501892 91.5020108222961 94.9371854464213 97.5446005662282 95.9329009056091 90.2770161628723 97.5803236166636 111.394653717677 119.174818197886 116.668274005254 108.292996883392 105.372548103333 106.951097647349 107.762306928635 108.03081591924 106.095204750697 111.341665188471 123.965034882228 132.343312104543 141.21808608373 152.691841125488 159.372627735138 173.750102519989 132.908284664154 34.8812391360601 14.6516300737858 8.91335494816303 4.95174371947845 0.352652044966817 17.6550050576528 79.973116517067 82.4419359366099 73.9266872406006 70.71353495121 67.4458593130112 68.713774283727
130.961964527766 118.966380755107 120.066662629445 116.728583971659 137.53146926562 125.291953484217 116.961091756821 112.659672896067 105.620076258977 97.6954499880473 86.9607826073964 81.2151283025742 84.0737819671631 94.3989952405294 98.8700191179911 104.954312245051 100.046336650848 96.1165428161621 108.336955308914 112.525482972463 109.20508702596 103.265166282654 102.856318155924 110.683073600133 113.821228345235 109.812398751577 112.365712722143 113.406985998154 135.605951150258 148.923556009928 163.426448901494 173.415700594584 181.212842464447 183.357437451681 178.316235542297 102.62605547905 14.0391464034716 3.38601414114237 0.639252170609931 0 32.9542011022568 72.5078880786896 68.086768190066 44.8932747046153 45.2284614245097 42.5963699817657 48.7155715624491
131.314267714818 112.313985824585 113.846649726232 124.423285325368 135.949393113454 123.628069957097 103.331416845322 87.0584448178609 72.4526345729828 66.1750932534536 65.2539730072021 69.9439992507299 78.8367340962092 92.4489100774129 103.261500597 109.638094902039 107.528418302536 93.4352378050486 98.5803206761678 102.43821144104 101.952125628789 103.410094976425 103.994866212209 111.947953701019 117.633849382401 114.905516306559 118.548144896825 114.899496237437 131.312479575475 153.949201107025 174.851616223653 186.942299207052 187.251269817352 186.964531739553 197.940667470296 182.354350884755 93.1419730186462 14.2825084427992 8.53720990320047 10.651650528113 28.8442745804787 43.4843897819519 50.4472504059474 27.5596951444944 23.262731730938 27.5837332010269 45.2484538157781
128.381927808126 131.156722704569 157.075067361196 195.760349432627 168.331106503805 130.326330661774 94.953586657842 66.6649043560028 55.5777798096339 58.3578844865163 54.3412069479624 54.0991276502609 75.5198299884796 92.5938884417216 108.986834685008 116.694748401642 114.435841639837 100.332508484523 100.615789492925 105.283965667089 101.910809675852 106.667220592499 110.047082106272 114.06335234642 120.39319674174 125.654429197311 125.460565090179 126.89991792043 135.515073935191 159.804264704386 184.228320916494 191.874861717224 188.774307568868 196.725189685822 210.138460000356 216.416557629903 191.487332185109 131.115317344666 51.492174466451 22.9685828089714 17.8889992336432 19.9778005480766 32.9218208789825 25.7004946470261 21.0682029525439 33.5418507456779 55.0007869799932
144.438852866491 181.485533714294 230.502903461456 252.48642762502 233.535885810852 176.799476146698 121.85063958168 83.7231278419495 73.433334628741 80.1287988821665 71.0195849339167 59.5043698946635 73.401282231013 90.1988446712494 110.811144113541 118.680397669474 117.741624514262 110.340813795726 103.789250055949 107.223788897196 106.734812259674 109.886666138967 114.24054702123 114.942024151484 121.653338273366 136.38104001681 137.490222851435 143.698771794637 151.472151279449 168.65732272466 185.856819152832 194.716016451518 197.062393029531 206.34122689565 211.907863616943 209.930102030436 208.044469356537 199.632445971171 129.219710826874 49.0753948688507 20.8440075318019 22.121824324131 24.4142860174179 27.0583728949229 36.9613418976466 51.8894195556641 63.019722700119
207.397242387136 243.28609307607 264.826575915019 265.574018160502 266.607264677684 241.844693819682 196.086307366689 152.172942956289 123.943110307058 114.352931578954 108.916978041331 92.2377308209737 75.9641081094742 88.6673430601756 115.325311819712 120.889643828074 116.606692473094 117.047031720479 106.15748167038 105.947077274323 109.664400418599 110.893507798513 113.484621047974 114.44436510404 120.940695206324 137.570410966873 145.549853642782 153.706471125285 162.049164374669 169.233441352844 183.176378409068 195.299903551737 196.544369061788 193.606515725454 197.082241376241 179.494420687358 180.757602055868 173.086861769358 134.068856636683 74.0102926890055 38.6232187350591 35.055880745252 28.5308559735616 29.5536741614342 36.4877929290136 47.1920967102051 35.7174078623454
254.375696182251 267.972469329834 270.407875378927 267.894685268402 270.15209197998 268.898864587148 245.740870634715 203.310072422028 160.36801536878 139.33194677035 141.997098922729 125.400642553965 99.679817756017 97.1234440803528 109.752992788951 116.770565509796 111.586848894755 112.803469101588 106.160302956899 107.968429724375 105.586260557175 108.567963043849 108.185033003489 108.760178089142 117.540160814921 129.556834697723 143.738845984141 149.271994829178 158.572932084401 170.694589614868 183.447460333506 186.569352944692 169.406731923421 163.55503598849 161.206911007563 145.368367433548 145.94699939092 131.001651287079 93.0176973342896 58.9895943800608 61.9429846604665 56.5884311993917 43.4763828913371 31.6138217846553 30.970111489296 12.2700855135918 11.6506492098173
264.360070228577 268.39554309845 268.349428971608 268.419702847799 267.955521742503 268.99919907252 262.850562731425 234.201947848002 183.565199375153 152.868330478668 149.707208077113 146.699984868368 130.934655666351 113.858342170715 111.373394727707 115.878482659658 110.387076934179 105.894098679225 106.377422809601 110.663900772731 104.998012383779 103.864302237829 107.220341761907 108.455051978429 114.390105009079 122.628380854925 135.075857241948 135.731091101964 146.062115828196 165.141075849533 176.602900028229 166.354209184647 159.221549828847 156.893283128738 145.386805136999 130.558292071025 134.715398152669 131.903866926829 113.148113091787 81.5789401531219 82.5808743635813 88.9752308527629 71.9254265228907 51.5486498673757 26.855543255806 3.5573560744524 0
261.692802111308 262.568672498067 260.565380255381 262.029786904653 261.807243029277 258.713046709696 256.393790245056 238.551239172618 195.118725299835 164.075980583827 154.277741909027 152.288774649302 147.468755642573 125.434945027033 115.531414747238 121.423900127411 115.302960077922 105.362802743912 110.021442174911 110.909710327784 109.326501687368 106.107860803604 110.048751036326 114.437689383825 113.869845867157 119.809011618296 126.514047384262 126.961936553319 135.557462771734 156.012713909149 167.495508988698 164.230634768804 161.439736684163 162.422239780426 144.006550312042 137.246370315552 141.979555288951 148.813247680664 144.199500481288 115.425000588099 74.4205713272095 73.3584960301717 62.2256497542063 25.2856065829595 5.49327582120895 0 0
242.613673210144 245.652238527934 247.358997662862 245.171368122101 243.596116701762 242.186745007833 246.458729108175 242.85360177358 204.453269640605 170.893311500549 152.546803156535 147.918701171875 144.471327463786 125.470995903015 115.546544392904 123.112330834071 125.633279482524 111.313919226329 113.670150438945 116.773039102554 117.01833208402 111.307044823964 113.015641768773 116.884847482045 114.329814910889 116.086522738139 123.390893141429 131.620635588964 135.855942964554 150.712062915166 164.122263590495 167.043586572011 162.730356057485 166.00556174914 147.207359472911 147.8471159935 148.367643356323 156.575262546539 156.460632880529 124.743560949961 53.9239843686422 37.8799562652906 22.5207209587097 3.42618736128012 0.863404013216496 0 0
222.111761569977 230.835835138957 240.548551082611 236.795127391815 236.458937327067 241.688470045725 249.472220738729 251.240730285645 226.060688495636 182.635426521301 159.494747718175 142.86266764005 131.376852591832 120.529939730962 111.732463041941 117.410272359848 130.772123734156 120.471100012461 116.087237993876 119.221061468124 120.949486891429 115.875005722046 114.109973112742 116.263459126155 118.914008140564 118.040223916372 121.688077847163 133.0872575442 137.079934279124 143.653015295664 158.008476098379 167.867382367452 165.25920232137 156.594942013423 142.663657665253 159.541547298431 164.866000413895 164.668877919515 163.059175014496 138.303329547246 45.6112573544184 11.5144227941831 4.42569609731436 0 0 0 0
186.089078585307 195.987145105998 205.011506875356 210.597991943359 218.951066335042 231.871247291565 243.673344453176 249.725103378296 240.384181340535 202.558318773905 171.995600064596 145.022690296173 130.082209904989 126.544306675593 117.879122495651 111.109058062236 125.13130903244 124.565422534943 116.572082042694 117.606113354365 118.174970149994 114.491452773412 112.035582462947 113.36820324262 118.368734916051 122.70000576973 122.332155704498 129.705846309662 135.223050912221 137.841194868088 147.595822811127 164.667656024297 162.929107745488 143.875181674957 148.40375383695 172.533651192983 177.035768826803 173.342347145081 166.978398958842 163.097033898036 111.715366442998 25.3406340877215 5.08743866036336 1.49861164391041 0 0 0
148.943801720937 155.345737934113 155.020475387573 166.140099366506 181.868155797323 199.417889118195 213.649153709412 222.96671072642 221.46741549174 197.600662708282 164.230932792028 139.397402604421 126.353691021601 123.598655064901 120.252599318822 113.116184870402 119.539837042491 119.874844948451 111.51130994161 112.536152203878 115.969647963842 118.872304757436 118.491361538569 113.421648740768 113.768835862478 117.790301640828 124.017943938573 127.492914597193 134.168088436127 133.697847525279 138.0395591259 152.698695659637 154.309729735057 147.008051474889 173.95031452179 185.658891995748 181.70311053594 174.193700154622 175.71496963501 188.701788584391 189.370592435201 132.007280985514 47.4160214265188 15.6671827038129 0 0 0
136.837800343831 139.54750696818 138.514538606008 140.461524327596 149.311602115631 156.083742777507 158.803999423981 164.780487616857 164.091428120931 145.794898271561 130.859225988388 125.895857810974 124.81885155042 120.608280102412 119.023511807124 118.083149194717 118.527700503667 118.021428585052 112.795541683833 111.114591360092 115.686972935994 121.420582135518 124.553054571152 119.731078545252 117.154896259308 115.118811527888 125.616212685903 129.299173752467 133.024195830027 134.828348954519 136.151492595673 143.334358930588 147.772709528605 159.438908100128 185.378392537435 180.909176667531 170.34653822581 159.745037555695 162.72642215093 177.661140759786 194.657981395721 191.605428854624 136.902203162511 53.9407432079315 10.7149307926496 1.07424566522241 0
145.474990208944 143.397172292074 142.740547657013 141.71157280604 138.300816218058 135.719279448191 133.944302797318 134.167720874151 139.158775409063 129.399845997492 121.85067931811 122.420092423757 125.056773424149 125.517119963964 123.998790979385 120.623062054316 115.098456541697 124.089707930883 123.465339342753 116.931875546773 120.674580335617 121.583511432012 120.293170213699 123.828987280528 124.563644329707 118.934770425161 126.281519730886 130.665103594462 133.083293835322 136.266817649206 137.77427872022 142.9117222627 146.529326836268 168.344080448151 179.436047871908 168.818712234497 154.09728884697 143.245279788971 140.887926022212 153.961767752965 186.394592126211 193.891962369283 165.251394112905 101.294368505478 31.1223492026329 8.24282566706339 0
