input/barkrak2/radiation/dir00224.grid
NCOLS 85 
NROWS 70 
XLLCORNER 665100 
YLLCORNER 4664600 
CELLSIZE 20 
NODATA_value -9999 
[rows 46 to 68 of 70, columns 0 to 51 of 85]
46.6953565677007 48.242395122846 50.7527490456899 52.7041703462601 52.5129586458206 52.3869593938192 54.2462021112442 56.0794274012248 52.9642353455226 51.8936465183894 51.0918498039246 50.4097640514374 47.0852752526601 44.2822376887004 44.2315290371577 47.4465191364288 45.6312447786331 41.1111190915108 45.3902582327525 43.6924199263255 41.918675104777 42.4328943093618 42.2304521004359 41.1913047234217 49.5322495698929 44.2508608102798 45.4037636518478 46.1862981319427 45.0923889875412 44.4541722536087 43.4957444667816 40.7026211420695 40.086363752683 39.9182240168254 41.9378777345022 43.4051255385081 44.0080861250559 48.6508160829544 50.4689613978068 47.6805021365484 46.7320183912913 43.0577943722407 48.5125283400218 52.8802374998728 45.6331521272659 20.9443519512812 0.385610464339455 0 0 0 0 0
41.0729050636292 43.3074980974197 48.5168993473053 50.0289549430211 53.5084853569667 55.0308078527451 53.2514154911041 53.0248383680979 53.1960030396779 55.8254023392995 53.2193332910538 49.6619095404943 48.5835025707881 48.7788766622543 47.3426878452301 45.8224515120188 45.1424221197764 39.4069403409958 42.5390104452769 43.7177568674088 41.0551552971204 41.4829601844152 44.3791349728902 39.475088318189 42.1957025925318 43.5310701529185 40.2130410075188 43.2650446891785 44.804722070694 43.9360439777374 44.6903606255849 44.3053593238195 39.8949707547824 42.5474445025126 51.9806245962779 54.9366225798925 50.8950849374135 46.0843940575918 48.6500561237335 55.9474627176921 48.6806432406108 43.2138989369074 51.1497010787328 55.2119563023249 50.7277945677439 35.3836094339689 8.04726158579191 0 0 0 0 0
34.6900969743729 37.7179831266403 42.6507045825322 45.7044939200083 51.936482389768 55.2130589882533 52.430068453153 50.8082360029221 54.6945482492447 56.9162418444951 55.252859989802 51.722377538681 50.353263815244 51.5201240777969 49.3781020243963 44.3706512451172 43.9334412415822 39.4296000401179 42.1597460905711 45.1707641283671 45.0893541177114 44.5778022209803 46.3881989320119 43.1276063124339 42.0046150684357 44.701357682546 43.183575073878 47.4354823430379 51.4811476071676 53.8447499275208 56.9583723942439 57.4489782253901 49.4615783294042 50.1688073078791 57.7366550763448 63.7428263823191 62.4100019534429 53.1972249348958 50.3685176372528 53.2946586608887 47.9567696650823 42.4570143222809 42.5332734982173 42.525182167689 41.6884124279022 40.9344509243965 30.0150488813718 1.29739218391478 0 0 0 0
33.7230116128922 31.8198626240094 35.762183368206 43.0973221858343 48.3822027842204 51.3806442419688 53.8923094669978 56.5565874179204 57.9175005356471 54.8727462689082 56.7444016536077 57.0559004942576 53.9444833993912 51.6172548135122 50.0898907581965 46.2166120608648 45.0119376182556 43.214072783788 45.6618666648865 48.6327707767487 50.7305413484573 50.093819697698 48.5364000002543 49.0531225999196 44.3456421295802 47.1073091030121 49.3512948354085 54.8386077086131 60.6467525164286 66.7803585529327 72.2897450129191 72.1809317668279 64.0459110339483 58.4484040737152 57.9577287038167 58.1684013207754 69.3004131317139 60.3823165098826 52.1145562330882 45.5233554045359 41.9796655575434 42.6629781723022 43.1280235449473 39.4383942087491 36.442498366038 37.1266752481461 22.9573349157969 6.73700931171576 0 0 0 0
33.9306940635045 37.0877186457316 40.4753411809603 46.2521016597748 46.6260015964508 47.042061885198 54.5254101355871 59.3378245830536 59.4196021556854 59.1723173856735 59.1906160116196 59.0921739737193 56.0764123996099 52.051454782486 52.2855371236801 55.0190756718318 48.9545265833537 48.6546903848648 50.190140803655 53.6596973737081 54.6615074078242 52.769993742307 49.8979240655899 50.0331073999405 45.8084245522817 50.1925001541773 53.5152405500412 57.6074669758479 63.2337778806686 73.2894589503606 79.2160530885061 80.4867595434189 73.1597244739532 62.677060564359 45.1977849006653 48.3690003554026 56.500365336736 64.7597114245097 56.7874560753504 43.3657467365265 38.565623263518 41.8106118837992 47.0372935136159 41.9603586196899 37.9312162597974 36.2234190106392 20.8536138137182 10.3868128110965 0 0 0 0
34.6846655011177 44.7359681129456 46.8134383360545 47.9906449715296 46.0431228081385 45.6900844971339 52.9883205890656 58.0826302369436 57.9596410195033 62.8873606522878 60.5979263782501 60.1439078648885 57.8412512938182 54.0566742420197 54.3610751628876 59.6334437529246 53.6643614371618 52.0640860001246 50.3566165765127 51.3254006703695 51.6827404499054 50.1420646905899 49.9667823314667 46.648383140564 44.3218052387238 47.4143127600352 50.4970749219259 52.2879560788473 55.1517903804779 61.6729855537415 74.9381532271703 80.4647902647654 74.2061386505763 55.8871577183406 18.4801196058591 18.010102212429 24.4174773494403 50.4216849803925 57.2214076916377 61.0147019227346 52.7545760075251 46.3380416234334 38.4585335850716 37.262961268425 41.4100140333176 37.2276579340299 20.73801557223 15.1387055714925 0.134197946560259 0 0 0
37.9824588696162 36.5731318791707 35.7690999905268 37.9354904095332 43.4990525245667 48.5924730698268 49.5903640985489 54.9421757459641 54.8166980346044 59.4169100125631 59.7205658753713 61.5166376034419 61.5717520316442 57.1834295988083 56.208481391271 54.8437088727951 56.3572893540064 50.8547127246857 46.4484542608261 44.527143239975 43.797974785169 45.9455947081248 46.8167165915171 42.5409177939097 43.7780469655991 41.0406142473221 41.7602509260178 43.0372655391693 43.9807871977488 45.8936989307404 51.5067329009374 64.6267582972844 61.3212982813517 34.9198629458745 14.6975579361121 7.83959031105042 8.57093247274558 16.3377150893211 41.1506444215775 54.6932915846507 57.3030610879262 49.6420313914617 35.9416554371516 32.7276065945625 35.2197935183843 24.0780984361966 20.2170473833879 29.9671639998754 14.9854595462481 0 0 0
40.2665883302689 31.6333423058192 29.7586272160212 34.4148601094882 44.5230752229691 52.1887044111888 51.9582629203796 53.1656295061111 55.4971694946289 56.043008963267 58.1236034631729 60.6191158294678 62.326580286026 61.2347473700841 57.5640052556992 55.2299916744232 57.7533543109894 52.0656406879425 47.8130578994751 47.8107233842214 47.9022959868113 45.8127458890279 44.6627785762151 42.187621196111 42.1060224374135 39.716012775898 39.1367947061857 39.0178486704826 39.2902021606763 37.1388271450996 30.9636766711871 37.1770610411962 39.6454681952794 21.2855190038681 16.1810616652171 8.63234885036945 1.55341050898035 0.601025608678659 7.63239525258541 21.9133694966634 43.6995178461075 39.9102568626404 34.307524561882 27.9654065767924 20.1124921441078 21.0656623045603 19.0677009522915 35.8242516716321 42.5881495078405 24.4991232951482 1.48310310517748 0
40.446475148201 35.5005140105883 33.7549050649007 38.5486483573914 46.8294074138006 53.6126345396042 56.3598821560542 52.8798550367355 57.1177303791046 55.8696041504542 59.4288011391958 61.1154536406199 62.3707274595896 64.2516613006592 59.9294006824493 59.7898960113525 59.8269800345103 55.8888365825017 52.3328284422557 52.8897444407145 52.3363798856735 48.4369446833928 46.8493600686391 47.5098391373952 45.3527967135111 43.5892442862193 41.6239847739538 38.1051898002625 34.4314103325208 31.4236904184024 24.2656668027242 28.9036830266317 36.2154046694438 38.4206424156825 36.6310949126879 26.7102941870689 8.8435597717762 1.49322565024098 0.831013390173515 4.90639017273982 18.4509952863057 22.2593074043592 18.6839538315932 13.3409177263578 13.1008103489876 18.0101357400417 19.7971562544505 22.7560251951218 38.7416208783785 42.251318693161 26.1557499567668 0.191920572736611
43.3240632216136 41.9795413812002 38.8465176026026 37.9063139359156 43.1751509507497 52.911584575971 54.3176531791687 52.7623246113459 54.5994440714518 59.4445715347926 65.388689438502 66.0797009865443 64.4066433111827 65.0830765565236 63.0642722050349 62.8303786118825 63.4933362404505 61.2660745779673 56.8045079708099 54.4436673323313 52.0163973172506 50.4948298136393 51.7113854487737 54.1796237230301 49.0928689638774 48.3542581399282 39.283183713754 33.7958534558614 28.4369637568792 25.7767240206401 26.2153521180153 31.92538022995 39.9458805720011 50.8644133806229 55.9722632169724 54.3655802806218 39.8903886477152 26.6082609693209 16.0401028891404 4.35109126071135 9.07889008522034 18.002496411403 18.5183485349019 13.2682546973228 12.8433965146542 26.9752442836761 44.4570084412893 38.1228402256966 33.2830200592677 38.7527495622635 25.3257900476456 6.71384731928508
45.7195738951365 45.1322346925735 44.1164970397949 41.0409445563952 42.2680824995041 50.4715243975321 52.4640679359436 52.5861283143361 52.8554121653239 61.4259988069534 68.718820810318 67.842110991478 63.6734714110692 66.0115927457809 67.609762152036 61.8552317221959 64.2389506101608 62.0631674925486 58.1956654787064 55.7360748449961 55.4613967736562 56.3411066929499 54.1817843914032 51.6759405533473 49.8154610395432 44.4927165905635 28.5846218466759 4.85310393075148 3.82129320253929 13.3406283954779 24.6832321087519 29.7977427641551 38.2265523076057 45.4833557208379 55.9940834840139 58.9931706587474 57.5875143210093 51.7019927501678 38.9625703295072 21.5172320604324 10.5787503222624 18.126388390859 34.8876963059107 35.9080781539281 30.2824527025223 46.7358181873957 69.7304805119832 59.4306041797002 39.1938413182894 27.8220524390539 13.4472524126371 7.77884696920713
44.6849713722865 42.8739388783773 46.2899456421534 47.284851471583 45.1184014479319 47.4953552087148 52.3907691240311 53.1155864397685 53.7879765033722 61.300257841746 67.5804068644841 65.784752368927 61.7717752854029 65.044437845548 68.4244632720947 59.8280727863312 61.0239009062449 60.255025823911 58.5244596004486 59.8718822002411 60.840517282486 61.582605044047 57.0931186278661 50.661434729894 50.2119114001592 46.6984212398529 30.943584938844 14.556773006916 14.0284709632397 20.7034548123678 28.7484675645828 33.6036756634712 46.6870963573456 56.293378273646 66.993847489357 61.2407873074214 57.8567683696747 22.0905790726344 22.4473377068837 22.9854832092921 24.7436066468557 36.1581717928251 40.1463781793912 21.4410076538722 16.3519668082396 20.1874238749345 36.577895283699 46.8996067841848 33.9625328779221 23.5422899325689 17.206904788812 12.2943023840586
34.4954282045364 41.3085420926412 44.5544769366582 47.1524248520533 47.2081402937571 44.2766596873601 52.6554882526398 55.9971382220586 56.9030344486237 61.678280433019 63.7336124976476 62.8020465373993 62.6676032940547 61.4517976840337 62.9790276288986 59.4801108042399 56.732972462972 59.8698606093725 61.8780354658763 63.1890545288722 65.5294209718704 62.0271265506744 59.39020216465 55.1778177420298 53.3568014701208 53.1235287586848 48.4376649061839 42.633111278216 42.1182264884313 43.5487727324168 40.1796450217565 39.6308749914169 55.752952893575 67.7979936202367 49.2924700180689 44.687807559967 26.6701926787694 10.8140086134275 3.55450622737408 8.15450834731261 8.68864667912324 30.2988042434057 43.9163347085317 36.651703218619 25.3528356552124 26.4067401488622 39.0631208817164 43.1232502063115 40.4917076230049 34.3884552518527 28.6458383003871 27.5983288884163
26.0061298807462 39.0719100832939 42.7122016747793 45.4281270503998 48.2639173666636 44.721598426501 48.3276148637136 55.4157892862956 65.4441068569819 66.8548494577408 62.2553080320358 60.2450321118037 62.3504668474197 61.8171046177546 61.8917594353358 59.8380118608475 56.3641339540482 59.1325561205546 57.9888522624969 55.0848394632339 57.3386500279109 56.7401945590973 56.4981599648794 55.1180044809977 56.9320867458979 61.0368351141612 68.3018068472544 67.9151117801666 59.5238755146662 54.0625005960464 43.7671144803365 36.76554809014 46.2041546901067 45.0773338476817 18.9545676112175 12.8333965937297 12.091106424729 6.73140771687031 0.386392736497025 0 0 11.7930832008521 39.3294965227445 58.9658965667089 66.7706976334254 60.3772153457006 58.7705075740814 58.6520234743754 58.3205074071884 48.0879346529643 37.9866088430087 47.3579267660777
27.7933230002721 36.4755143721898 43.0970738331477 45.3300376733144 46.6796259085337 47.0192233721415 41.7930036783218 50.5713770786921 69.3751027186712 68.3259417613347 60.1884325345357 57.5493971506755 59.6897204717 63.8623734315236 62.827800710996 60.0501447916031 59.2309733231862 57.0367475350698 51.0463118553162 44.7551906108856 44.7173565626144 48.2297241687775 48.9180733760198 53.3400078614553 54.5966774225235 61.5766992171605 77.1044393380483 81.2357515096664 63.613419731458 51.396777232488 42.7852968374888 31.0980677604675 32.2325304150581 35.5545729398727 17.4583656092485 9.20483097434044 10.120735814174 14.7768283883731 8.14649338523547 0.618336605839431 0 1.84305245056748 19.1960496207078 42.9431796073914 45.8409786224365 45.4281071821849 44.4113314151764 45.3758339087168 49.9210009972254 44.0001785755157 44.3824628988902 76.0691861311595
38.1726175546646 40.8901696403821 42.8768048683802 40.0217622518539 34.8251610994339 31.0743426283201 38.3565177520116 43.8567896684011 52.760715285937 48.9265273014704 45.0373341639837 50.8049825827281 59.0447783470154 60.5528602997462 57.1246246496836 58.7508380413055 59.453750650088 54.1176944971085 46.8770861625671 42.0361707607905 41.7665044466654 42.3145989576975 45.8511312802633 48.6962745587031 50.9511480728785 55.1381558179855 66.2248879671097 75.2446254094442 63.8621002435684 49.5926340421041 37.9325747489929 27.9272869229317 17.3986181616783 38.7270400921504 35.7017268737157 16.5857213238875 16.5302629272143 38.3417954047521 40.2698790033658 26.5768071015676 5.5053656299909 2.61979860564073 10.5968030790488 17.2762734194597 16.120009124279 17.7260041236877 20.0499792893728 22.1875508626302 21.6448033849398 37.3354703187943 56.9366912047068 107.887009779612
48.7306664387385 45.5794235070546 42.1059677998225 35.704605281353 26.8303578098615 21.4358990391095 29.6057860056559 30.5319875478745 21.9103544950485 19.5638736089071 31.9501683115959 41.2615289290746 47.8093127409617 51.7027825117111 54.3692757685979 64.4753475983938 67.3053562641144 59.180090824763 51.1469741662343 48.0321695407232 45.611838499705 45.4389899969101 46.6462920109431 44.7842925786972 46.2949673334757 50.3159662087758 58.7511708339055 61.439370115598 55.7871758937836 37.7500851949056 36.512553691864 32.6903040210406 28.8609340786934 46.5220312277476 52.9505958159765 41.6340778271357 32.1607540051142 20.2044807374477 22.4708716074626 30.4012174407641 19.0005178252856 8.69589733580748 10.298232237498 10.7245966792107 5.79162624975045 6.94140419363976 13.7862972915173 15.7242914040883 16.7327895760536 37.4775603413582 81.0726781686147 123.38983019193
51.2970636288325 45.1503793398539 40.7006070017815 37.1671641866366 30.6187470753988 25.3091181317965 21.6620117425919 16.832468410333 3.29851762702068 11.0055121282736 26.5740404526393 37.3089263836543 37.0253399014473 44.1390921672185 57.0185035467148 72.2775558630625 77.7133951584498 70.8510229984919 62.8983726104101 59.1780245304108 54.2229066292445 52.4197121461233 52.5116523106893 47.7807720502218 43.7917858362198 46.5150872866313 43.1327074766159 47.3414262135824 44.6519454320272 31.2132860223452 30.3589950005213 31.7291518052419 22.7334424853325 43.5109237829844 68.336953719457 71.3739941517512 46.6817617416382 14.4537178178628 11.3125716646512 16.3330112894376 16.7614482343197 14.5929629604022 15.5972031255563 14.7015564143658 8.30011566480001 5.32037888964017 11.0605905453364 15.5415001014868 26.3315911094348 49.6970315774282 111.462195714315 142.357299725215
53.6606510480245 48.5942959785461 47.3516881465912 48.3571439981461 45.2705323696136 39.4267489512761 34.7367847959201 35.1096913218498 33.916120727857 39.4406442840894 46.854555606842 52.0906547705332 52.3772736390432 47.8461086750031 57.6106657584508 72.7230956157048 82.6595226923625 82.7406098445257 76.0358721017838 66.7320738236109 60.9943419694901 56.9462378819784 54.6223123868307 56.6004912058512 49.6179113785426 39.6994426846504 36.1565823356311 36.7095271746318 37.8529578447342 37.4315306544304 17.6324310402075 17.3502266407013 14.0606351196766 21.9497755169868 74.9527513980865 85.1231614748637 53.7120302518209 18.0558686455091 6.38416036963463 6.48552800218264 9.32055339217186 7.21685774624348 15.8250952760379 20.2263357738654 28.9528494079908 13.1099137167136 13.5423665245374 31.7329888542493 55.6108256181081 98.2628663380941 130.103210608164 143.274545669556
54.4251104195913 51.7817089955012 51.9461284081141 53.3249626557032 52.7373900016149 49.2825160423915 49.0523129701614 56.4482112725576 72.1094608306885 68.2856341203054 59.7739120324453 60.8940025170644 66.3138528664907 54.7655423482259 55.6910137335459 63.8142923514048 71.7023313045502 79.1130363941193 79.931249221166 73.3893563350042 67.9238090912501 61.4772339661916 58.8170190652212 55.6317567825317 48.8097767035166 39.6226371328036 28.1358559926351 28.9527873198191 31.9527015089989 16.917385160923 12.2113972902298 10.4395126303037 6.27308214704196 4.65387602647146 68.8847849766413 86.6000354290009 67.8117275238037 55.5553833643595 25.6576786438624 2.7253037939469 0.0899317868364354 0 8.42358047763507 32.2571968038877 38.0674203236898 29.1492814819018 27.8950482606888 49.2895195881526 104.32047645251 147.610406080882 141.344517469406 129.510353008906
53.6209046840668 50.4176070292791 45.1424121856689 40.767510732015 41.0197501381238 42.8770035505295 42.9820716381073 54.3897897005081 63.756008942922 59.0829998254776 50.0681946674983 49.8807728290558 60.9991848468781 56.4277867476145 52.9361416896184 51.4653027057648 52.6927759250005 59.5611234505971 69.3877389033635 73.6064016819 69.4926083087921 63.6347482601802 57.3824147383372 52.3814807335536 45.6007122993469 38.4979248046875 27.4649585286776 17.2683000564575 28.2568087180456 23.4231278300285 12.162280579408 7.398738215367 1.45405468841394 0 0.0787416938692331 76.7942021290461 83.7209820747375 94.106247027715 75.8299430211385 28.8691868384679 2.1243115576605 0 2.31231128176053 17.4514787892501 43.2926019032796 62.1424714724223 82.2596003611882 131.264140208562 171.215772628784 181.446373462677 166.54634475708 134.887297948202
55.7252466678619 53.7344167629878 48.0918089548747 41.5878693262736 40.1159872611364 42.7871644496918 35.7403432329496 33.4053883949916 35.0625962018967 31.9808100660642 25.1134956876437 22.9515060782433 26.4102319876353 43.8185632228851 50.599346558253 45.2447235584259 34.2141836881638 30.5504451195399 42.1642065048218 61.8360588947932 63.5522156953812 58.3995829025904 51.7122646172841 48.9698151747386 42.4965421358744 36.8330279986064 30.8240801095963 9.67517681419849 13.6565367380778 34.0150594711304 17.9791487753391 11.2610658009847 3.84814261148373 0 0 56.1591486136119 96.242348353068 110.598544279734 97.12948401769 68.3350414037704 36.1192499597867 8.10639808575312 5.20941987633705 22.0930700500806 52.0181606213252 113.515645265579 153.748691082001 183.737417062124 192.671497662862 191.970070203145 182.375013828278 154.286166032155
57.3806265989939 57.3170185089111 54.8237214485804 51.3910949230194 49.5600054661433 48.8342394431432 34.2420786619186 21.0265964269638 21.2364767988523 23.2875620325406 20.8136774599552 18.2971519728502 19.4299245874087 40.0556400418282 53.378035624822 43.9772307872772 26.64997925361 14.958751698335 18.1248846153418 32.3560982942581 42.8382953008016 46.249195933342 46.799381573995 39.9155020713806 35.7632090648015 31.35696798563 12.3453016082446 6.48089374105136 9.79934756954511 37.0767066876094 45.6199000279109 38.7374882896741 19.6238085627556 0 0 35.8110790451368 89.5390013853709 97.8303154309591 78.9728164672852 75.9372462828954 80.4954916238785 64.9935106436412 43.4761345386505 57.7662587165833 108.540713787079 152.659446001053 175.638914108276 186.598241329193 188.381473223368 185.973763465881 181.039452552795 159.250577290853
