input/barkrak2/radiation/dir02024.grid
NCOLS 85 
NROWS 70 
XLLCORNER 665100 
YLLCORNER 4664600 
CELLSIZE 20 
NODATA_value -9999 
[rows 23 to 45 of 70, columns 0 to 51 of 85]
72.927604118983 62.3413175344467 30.4294675588608 13.0169317126274 8.41373081008593 13.657013575236 14.913318057855 5.38177477816741 3.87107705076536 3.51613077024619 3.57967677215735 12.789415816466 14.6684174736341 19.0535125633081 17.1161231895288 17.4749493598938 23.4639942646027 32.6363171140353 36.990595360597 30.9264982740084 29.5544664065043 33.995695412159 45.4145073890686 54.6886424223582 61.7145250240962 61.7478390534719 55.0788591305415 48.3337889115016 30.8506389458974 13.0442666510741 9.07224727173646 2.89310328662395 0 0 0 0 0 0 0 0 0 0 0 0 0 0 0 0 0 0 2.80556206901868 0
72.6425548394521 68.5523649056752 46.6561814149221 17.9317692915599 1.58345606178045 10.9821433822314 6.89699066181978 12.0221860706806 5.88579600056012 5.00464284171661 4.51036853094896 9.34113437930743 13.1284271677335 17.081081867218 17.2071183721224 16.9077875713507 20.7053559521834 29.7901853919029 35.9371950229009 29.1920055945714 28.3581415812174 25.4015177488327 32.8675558169683 40.2765398224195 45.6428279479345 46.1616019407908 42.7888135115306 39.1505211591721 18.7494183580081 8.2328903178374 4.40384292354186 2.99478322267532 0 0 0 0 0 0 0 0 0 0 0 0 0 0 0 0 0 0 0 0
59.8778227965037 64.1662528117498 56.992381811142 27.3846437533696 3.46533892055353 13.4670895834764 20.3071261445681 28.0091216166814 28.4927139679591 22.8137522935867 18.2284638285637 19.9648514389992 19.2121466000875 24.3836889664332 23.6874868472417 19.0198744336764 20.0914380451043 29.2252351840337 35.9494611620903 38.909800350666 38.6054664850235 34.6916913986206 31.8209826946259 32.2951003909111 34.9094271659851 36.9847292701403 33.3735893170039 33.9853838086128 20.1097627480825 16.044399390618 13.1480830411116 16.4581959446271 11.1694907148679 0 0 0 0 0 0 0 0 0 0 0 0 0 0 0 0 0 0 0
58.5576444864273 63.5463098684947 61.2102101246516 36.4791477719943 13.5909890135129 25.394136706988 37.7579852938652 47.5115825732549 54.8754086097082 48.3251810073853 32.2134420275688 34.3520790338516 31.677449742953 34.8068028688431 34.3162740270297 25.8563160896301 23.2970416545868 31.1822344859441 38.1368547677994 47.4440356095632 49.665222565333 47.6330717404683 39.6691088875135 34.0492079655329 34.6769094467163 36.8735442558924 32.6784700155258 39.9797906478246 37.7677356203397 36.3985573252042 40.7075484593709 57.129313548406 65.1234487692515 44.7715272506078 0 0 0 0 0 0 0 0 0 0 0 0 0 0 0 0 0 0
59.922123948733 58.9397599299749 58.9996625979741 42.3418035109838 37.8208284576734 44.9449270963669 57.8381319840749 63.3823821942011 67.8699811299642 55.7825267314911 43.1744754314423 38.2504810889562 37.0454639196396 36.1150229970614 38.2172192136447 34.0751732389132 29.3518081307411 34.6943065524101 47.0769355694453 51.7108142375946 48.7691859404246 40.8885205785433 38.957953453064 40.2430246273677 40.5262658993403 40.6378755966822 38.7700522939364 48.8040248552958 65.3838217258453 69.8266724745433 73.6483484506607 80.2797377109528 90.5234217643738 96.179852883021 52.0099699497223 0 0 0 0 0 0 0 0 0 0 0 0 0 0 0 0 0
62.8813008467356 52.6337474584579 53.1405210494995 44.9874649445216 56.9086174170176 59.0473562479019 62.2377246618271 60.2576285600662 53.8742691278458 43.6191509167353 37.3130589723587 32.7520022789637 34.6553176641464 38.9807174603144 40.123517314593 42.7046616872152 36.6230681538582 33.211775124073 43.7541007995605 45.734648903211 43.2468851407369 36.7157210906347 37.0676964521408 42.6810085773468 45.5029308795929 42.3153738180796 43.0167317390442 48.9059487978617 71.7976987361908 84.5987995465596 91.9245878855387 95.8769222100576 103.008329868317 106.253484884898 95.9969262282054 26.5005379915237 0 0 0 0 0 0 0 0 0 0 0 0 0 0 0 0
64.0459557374318 47.8432476520538 47.9413717985153 49.7636099656423 58.5767577091853 58.5963030656179 49.1737971703211 37.1216734250387 12.6059527198474 12.9407718777657 21.9387412071228 25.6313507755597 31.0139680902163 39.4085173805555 42.2690312067668 46.9759553670883 43.2727187871933 31.6069150964419 34.3818192680677 37.7922728657722 36.7451111475627 37.0112061500549 36.9630455970764 42.4616436163584 47.6908683776855 45.2223867177963 47.2825268904368 49.4303206602732 65.5345817406972 87.1693094571431 100.334127744039 107.355842987696 107.63410727183 108.53577653567 115.846534570058 96.2341328461965 21.4608460664749 0 0 0 0 0 0 0 0 0 0 0 0 0 0 0
63.1048977375031 63.621461391449 82.2903017203013 111.076265573502 88.5826945304871 63.8373196125031 41.2847722570101 11.3565350572268 7.1381622304519 17.2323025763035 8.74106213450432 5.91072564323743 29.8785318930944 39.6659697095553 44.7589904069901 50.1116414864858 48.2645332813263 36.1864492297173 35.5577816565832 39.0076364080111 36.3454620043437 39.8280148704847 41.4848079284032 43.7602400779724 49.5191663503647 53.8883457581202 52.1758794784546 54.9992620944977 67.2617057959239 90.7780130704244 106.635570526123 111.043989658356 108.946998914083 116.118748982747 125.088105599085 128.034770488739 100.678334633509 44.4189608097076 1.4088215927283 0 0 0 0 0 0 0 0 0 0 0 0 0
74.471910794576 105.594287316004 151.623626550039 172.550638516744 150.474101305008 102.520396312078 58.5599392652512 32.6466312011083 27.2557536760966 31.3055291771889 25.2082968751589 21.7226271828016 29.620332022508 39.1374950607618 50.2480218807856 52.7120729287465 50.050546725591 44.0503259499868 37.8329902887344 39.7165939211845 40.0285969177882 42.8674519062042 45.3122357527415 45.8016445239385 50.3759682178497 61.2253000338872 61.9321962197622 67.3206100861232 76.4473428328832 92.5496121247609 105.319688717524 113.473773002625 115.186462799708 122.055768966675 127.217392126719 127.920975287755 122.070133686066 100.551426410675 40.3099854787191 0.462881250617405 0 0 0 0 0 0 0 0 0 0 0 0
131.14391764005 166.512280702591 192.376871903737 193.830847740173 190.129816532135 164.800067742666 123.492181301117 88.0041619141897 68.9556499322255 58.8268389304479 53.4618198871613 44.0339148044586 33.463458220164 36.4235043525696 47.3383814096451 54.1278918584188 48.9525298277537 49.7344583272934 39.4238829612732 37.7700477838516 41.7768011490504 43.1521485249201 43.6134437719981 44.595609108607 48.84106417497 61.4250948031743 66.9271945953369 74.9325255552928 83.6486617724101 91.6547278563182 101.624766985575 111.588428417842 113.528380791346 112.015207608541 114.601929982503 106.894979874293 109.481493631999 95.8852966626485 52.6682635148366 2.18112797786792 0 0 0 0 0 0 0 0 0 0 0 0
184.105376402537 201.054811477661 206.351319948832 204.097986221313 206.860860188802 201.286196708679 180.505971113841 140.001793702443 103.462398052216 81.4082523187001 82.0505122343699 72.2313821315765 49.5061824719111 43.1839774052302 47.0250844955444 50.2492189407349 44.1851268212001 44.6537633736928 38.3144865433375 39.0307183067004 38.3212690552076 40.3036673863729 39.6569818258286 40.0892645120621 45.7300196091334 55.526077747345 66.035916407903 69.868341088295 79.7293186187744 90.4979606469472 100.525150696437 103.656858205795 96.2006052335103 86.0687891642253 88.8303319613139 75.3457794586817 76.2270788351695 62.2322410345078 28.0227462450663 0.96821365877986 3.71402222663164 1.65706795329849 0 0 0 0 0 0 0 0 0 0
199.0846991539 206.52316013972 205.946187178294 208.354492982229 208.213945229848 205.472429593404 197.324295838674 166.569948196411 120.152612527212 93.2693282763163 95.9204832712809 89.5028313000997 74.5171954234441 54.328386982282 47.1859474976858 47.8937178850174 41.7760064204534 38.6987005670865 38.4763280550639 41.2882566452026 37.3933265606562 37.28420039018 38.4556179245313 39.7991215189298 43.7713364760081 50.5228191614151 59.6447139978409 60.5645328760147 69.351131717364 85.2091014385223 94.1393772761027 91.7509992917379 87.2212449709574 80.8522949616114 74.4134336709976 62.8488063812256 66.6551639636358 63.9703671137492 45.0478494167328 12.7022167046865 11.6178616881371 0 0 0 0 0 0 0 0 0 0 0
192.020853360494 195.404708385468 192.319750785828 194.489657878876 193.52779785792 188.565452893575 182.097355524699 165.821343660355 128.185073534648 106.081028779348 101.333379745483 94.9367086092631 85.2772096792857 60.9245697657267 49.9331404765447 52.1219621102015 45.3893393278122 37.4290545781453 41.0127689441045 42.2179649273554 41.1917517582575 37.823590139548 41.3952420155207 44.7372049093246 43.4479763110479 48.2666989167531 52.7134935061137 53.4793039162954 60.1921081542969 78.3758064111074 87.0939294497172 86.1185391743978 89.0478988488515 89.9042089780172 74.2700894673665 68.9240793387095 72.6150423288345 79.0683329105377 73.7900634606679 36.2251400947571 0.962259791170557 0 0 0 0 0 0 0 0 0 0 0
165.746341149012 169.618924458822 172.154366970062 169.403672218323 167.938868204753 166.854421297709 170.639634132385 168.086270491282 139.447033405304 116.352498531342 101.846148570379 87.8900289535522 77.9625326395035 58.2699775695801 46.8431959549586 51.7572263876597 54.014136393865 42.780468861262 44.9319829543432 47.8675017754237 47.6143459479014 43.4433420499166 43.5981154441833 47.4568555752436 45.714408159256 45.981561144193 51.8081188201904 57.1550826231639 60.8871678511302 72.336882352829 84.6483707427979 88.0519648392995 88.8933142026265 92.893252770106 77.4656683206558 78.2814919948578 77.9565274715424 85.9481692314148 85.4548116525014 47.3143408695857 0 0 0 0 0 0 0 0 0 0 0 0
141.942421595256 151.837031046549 163.708557685216 160.7812444369 159.645239512126 165.629039208094 175.720930099487 177.90287733078 159.499565760295 128.950675328573 105.45672972997 79.6915988127391 63.2284830013911 51.5689998865128 43.0405835310618 46.7761556307475 57.1077316999435 50.0974009434382 47.3112910985947 50.238236784935 50.7484326759974 47.0100045204163 45.1286484797796 46.8282699584961 47.4323232968648 47.6496716340383 50.6145805120468 59.0303391218185 61.7821117242177 66.2620762983958 77.7959277232488 89.0702108542124 91.6206041971842 85.2923492590586 74.0788628657659 85.9943429629008 89.0040198961894 92.2189156214396 92.8941468397776 67.6307926575343 0 0 0 0 0 0 0 0 0 0 0 0
105.133672555288 116.69796705246 125.1167456309 130.191475152969 138.802905877431 155.090789000193 170.180201530457 178.226351737976 174.894154071808 145.007828871409 110.780616601308 77.9441595077515 59.510995944341 55.8839837710063 48.3507563670476 42.5623506307602 52.8279840946198 53.4052004416784 47.6957261562347 48.3430474996567 48.8297591606776 46.2158024311066 43.2892441749573 44.4861849149068 47.8485723336538 51.5446960926056 51.2021829684575 56.2832454840342 61.0756427049637 61.4694654941559 69.7589069604874 84.2821002006531 89.1593098640442 75.7104059060415 76.9875347614288 93.1404232978821 98.7674991289775 96.435546875 96.7650612195333 92.8935408592224 38.7024159232775 0 0 0 0 0 0 0 0 0 0 0
70.1685200134913 76.9643237193425 76.6128997008006 86.7003202438354 102.832684914271 120.176494121552 135.693440834681 148.929099241892 151.57092610995 127.482672532399 91.8783744176229 66.8534189462662 54.570272564888 52.8171757857005 49.3577470382055 44.2943622668584 49.3992070357005 49.742599328359 43.471227089564 43.6653345823288 46.7448135217031 49.7761021057765 48.8166709740957 45.551652709643 44.926126797994 47.3077048858007 52.6289194822311 56.4031104246775 60.2185030778249 60.1203540960948 61.8346830209096 73.8396495580673 81.9878876209259 78.4672896067301 95.9340135256449 102.472126483917 102.658758560816 96.7041651407878 100.717216730118 114.07595872879 104.089160760244 46.3839222987493 0.151668442413211 0 0 0 0 0 0 0 0 0
59.4114065170288 61.3836894432704 61.2769474585851 63.4375065565109 72.1972286701202 78.2176007827123 82.3894888162613 87.8081520398458 88.605523109436 73.609471321106 57.9436719417572 53.9924601713816 52.6883602142334 49.8906274636587 48.3666310707728 49.4366437196732 48.1327027082443 47.5321610768636 43.3127880096436 43.2307223478953 47.3744372526805 52.4957378705343 53.72620622317 50.4133502642314 47.6627250512441 46.273613969485 54.2369931936264 57.2632253170013 61.3013356924057 61.0396564006805 61.2183113892873 67.8146779537201 75.1433372497559 84.7815672556559 102.723151445389 102.417985598246 94.3062504132589 86.711843808492 89.326689640681 103.969424962997 115.198741356532 105.944265921911 56.5868814786275 4.68010207017263 0 0 0 0 0 0 0 0
67.649632692337 65.1570657889048 65.2367770671844 64.9496813615163 61.6327424844106 59.6313824256261 58.171679576238 59.5434457063675 64.4613256057103 56.745707988739 49.4841982920965 50.8944392204285 54.5652210712433 54.7490268945694 53.4700602293015 51.6162564357122 46.4118222395579 53.4759809573491 54.7433843215307 50.8485237757365 53.0454814434052 53.5892099142075 52.0302355289459 53.9961755275726 56.1682333548864 51.8472095330556 55.9072842200597 58.4676712751389 60.5645577112834 63.1424734989802 63.7304782867432 66.4008359114329 73.1113751729329 90.0431275367737 96.7992742856344 91.3167993227641 81.0811668634415 72.2306569417318 69.6151504913966 79.9099902311961 105.687369902929 110.670218865077 87.2490008672078 34.9347194035848 0 0 0 0 0 0 0 0
71.9938675562541 69.2539463440577 72.0199843247731 70.5240269502004 63.8911426067352 60.7524166504542 58.4675421317418 55.7049214839935 55.8085590600967 52.7461667855581 51.0490834712982 51.1506249507268 55.221160252889 58.7433775266012 59.0377102295558 55.8625807364782 52.8908322254817 58.2577089468638 60.6715281804403 54.917186498642 52.5665680567423 50.3090769052505 47.1080740292867 49.024631579717 53.9944469928741 51.3527244329453 48.5351979732513 53.1641890605291 57.0771396160126 59.9151651064555 62.1088296175003 61.9667122761408 71.1877991755803 89.5745555559794 95.8337088425954 81.9846292336782 71.6712375481923 68.2956079641978 68.4068749348323 76.2665967146556 82.2415103514989 85.0652654965719 72.6150025924047 42.8419609864553 0 0 0 0 0 0 0 0
56.4219802618027 59.1424107551575 67.7890777587891 65.2007559935252 67.7803605794907 70.1196889082591 69.4421927134196 65.0925735632579 54.8158089319865 53.3522466818492 56.8441152572632 53.3745189507802 54.4995566209157 58.082972963651 59.1370264689128 56.4839591582616 58.5424850384394 59.8707298437754 60.2301955223083 55.5898646513621 51.087627808253 48.1496304273605 46.0539360841115 46.1604843537013 48.7748930851618 52.9792507489522 47.859787940979 50.3692179918289 54.4569591681162 55.8016498883565 54.3465067942937 53.6765406529109 63.2237394650777 77.2318591674169 82.554946343104 73.3756124973297 69.7335650523504 72.5830793380737 74.6485143899918 76.1448790629705 71.5342362721761 69.5993353923162 65.3791725635529 41.686604420344 3.78111315270265 0 0 0 0 0 0 0
54.883802930514 60.7142647107442 63.6531412601471 64.482460419337 66.2498374780019 68.8375929991404 69.1035836935043 65.2574151754379 60.9687318404516 56.9926549990972 58.5642109314601 56.2739719947179 53.8564324378967 52.2974630196889 51.6860286394755 52.457183599472 49.6077388525009 56.4772089322408 58.1309447685877 56.0762733221054 51.959161957105 49.8729099829992 49.4488179683685 50.5867054065069 48.2144057750702 57.0277919371923 59.9543849627177 56.5987626711527 55.5636684099833 54.7389487425486 50.5117624998093 48.236424724261 54.8143237829208 58.4926307201385 64.474418759346 67.7730540434519 71.8921422958374 78.108270963033 79.4794658819834 73.9821344614029 72.1652656793594 66.2767340739568 63.3717477321625 46.1827864249547 16.9593120614688 0 0 0 0 0 0 0
61.1202915509542 65.8443669478099 62.9741797844569 66.3170913855235 64.9446745713552 65.0237003962199 66.730668147405 65.3363615274429 66.5654440720876 62.0867013931274 61.1026187737783 60.3865087032318 56.4530144135157 51.9158293803533 50.9831607341766 55.0127774477005 50.8729517459869 54.2447467645009 58.0950280030568 57.4323087930679 54.58069841067 53.2819579044978 52.7027249336243 54.0341685215632 55.4895500342051 56.3167780637741 61.9063675403595 60.0451231002808 57.4386219183604 55.8760116497676 51.8417408068975 48.5401699940364 52.3557762304942 50.8440484603246 51.5792071819305 55.129865805308 62.046080827713 70.9874878327052 69.8929478724798 60.5640908082326 63.3171697457631 58.8891208171844 58.5301617781321 55.9021333853404 38.5374228159587 9.30329971015453 0 0 0 0 0 0
