input/barkrak2/radiation/dir00424.grid
NCOLS 85 
NROWS 70 
XLLCORNER 665100 
YLLCORNER 4664600 
CELLSIZE 20 
NODATA_value -9999 
[rows 46 to 68 of 70, columns 0 to 51 of 85]
47.6378947496414 49.1849333047867 51.7030755678813 53.6849796772003 53.484578927358 53.3787359793981 55.2306473255157 57.0801695187887 53.9412349462509 52.8623710076014 52.0530343055725 51.362802584966 48.02339275678 45.1919734477997 45.1361685991287 48.3575065930684 46.5404093265533 41.9738938411077 46.2677776813507 44.580489397049 42.8122133016586 43.3365553617477 43.1037445863088 42.0545985301336 50.4413197437922 45.1396604379018 46.3283856709798 47.0851461092631 45.9980467955271 45.3337927659353 44.3652818600337 41.5435632069906 40.9130255381266 40.3327991565069 42.7482773860296 44.2094455162684 44.8386172453562 49.5428641637166 51.3753791650136 48.5629638036092 47.6144254207611 44.2904084920883 48.9276796579361 53.8020133972168 45.9603766600291 21.5694457292557 0.513879349455237 0 0 0 0 0
41.9822881619136 44.2029585440954 49.4308322668076 51.0643869638443 54.4788589080175 56.0524016618729 54.2442202568054 53.9985597133636 54.1744182507197 56.8218032519023 53.9367397626241 50.6129215161006 49.5208750168482 49.716591835022 48.273116350174 46.7706422011058 46.0467934608459 39.7270992398262 43.392206231753 44.5866237084071 41.9429143269857 42.3762897650401 45.2677508195241 40.3273055950801 43.0394311745962 45.0521508852641 41.096235315005 44.1442678372065 45.7088847955068 44.811025261879 45.5673933029175 44.7166264057159 40.7181183497111 42.8892026344935 52.8971254825592 55.8723012606303 51.7966449260712 46.9506084918976 49.5431125164032 56.9177518288294 49.5902548233668 45.2635834614436 51.4672895272573 56.1575243870417 51.054651538531 36.1369972427686 8.40912635127703 0 0 0 0 0
35.5556756258011 38.5866289337476 43.532540400823 46.5882966915766 52.8837690750758 56.2597860892614 53.3943970998128 51.7877290646235 55.6939542293549 58.1079572439194 56.2403897444407 52.4610380331675 51.3086418310801 52.491620182991 50.3282298644384 45.2741881211599 44.8367396990458 39.7690609097481 43.5889661312103 46.0745692253113 45.4480896393458 45.4924404621124 47.291100025177 44.8207209507624 42.8657283385595 45.6147839625676 44.6763932704926 48.3479450146357 52.4399975935618 54.2046427726746 57.940681775411 58.4324498971303 49.7847944498062 51.0922869046529 57.8137189149857 64.7684186697006 63.4229729572932 54.1355311870575 51.2865483760834 54.2544176181157 48.8503873348236 43.2921797037125 42.9995507001877 43.3395802974701 42.2356228033702 41.4970194300016 31.2140410145124 1.48115400224924 0 0 0 0
34.5790262023608 32.666360338529 36.695584654808 43.9795305331548 49.3800342082977 52.3230135440826 54.8418660958608 57.5451701879501 58.9161962270737 55.8548370997111 57.7556888262431 57.832270860672 54.9292018016179 52.5777290264765 51.0397950808207 47.1373150746028 45.9290345509847 43.5602913300196 46.5433597564697 49.5719412962596 51.7005125681559 51.7982145150503 49.4565069675446 49.9733736117681 45.2270607153575 48.846756418546 51.1212199926376 56.6391547520955 61.6763730843862 67.83626973629 73.3945866425832 73.2890913883845 65.0830914576848 58.3961606025696 57.97012646993 59.2011710007985 69.2508618036906 61.4158014456431 53.0708680550257 46.3996082544327 42.7991300821304 43.4936781724294 43.6219125986099 40.2184054255486 37.1936236818632 37.9075556993484 23.627370595932 7.06535701950391 0 0 0 0
34.7928727666537 37.9812866449356 41.3968910773595 47.1623291571935 47.535369793574 48.0352838834127 55.4851541916529 60.3205263614655 60.4683260122935 60.177410642306 60.2303644021352 60.1176371177038 56.8349907795588 53.0098776022593 52.8918554385503 56.0197085142136 49.9039838711421 49.5870014031728 51.1123438676198 54.6037455399831 55.661881963412 53.7564903497696 50.825501481692 51.8447061379751 46.7026134332021 51.1496563752492 55.5140227079391 57.4807624022166 66.2086953719457 74.3932823340098 79.1397988796234 81.6612144311269 73.0663041273753 62.677264213562 46.1104015509287 49.3126610914866 57.5205783049266 65.835028886795 57.7804495890935 44.2043443520864 38.8883352279663 44.0598428249359 47.9069501161575 42.7958369255066 38.722184797128 36.9917626182238 21.4698339502017 10.7865942021211 0 0 0 0
35.5476538340251 45.701672633489 47.8045990069707 49.036572376887 46.920175353686 46.7122842868169 53.9389898379644 59.1017703215281 58.9388161897659 63.9040370782216 61.6731146971385 61.1956765254339 58.8284234205882 55.0270030895869 55.3360730409622 60.6197814146678 54.6265542507172 53.0191560586294 50.650343298912 52.2499233484268 52.6617467403412 51.109438141187 50.9266008933385 47.551284233729 45.2032188574473 48.3180830876032 51.4563421408335 53.232138355573 57.2831084330877 64.0270709991455 76.0578066110611 81.6322068373362 74.1689105828603 56.8431913852692 19.0655688444773 18.5797040661176 25.1223494609197 51.3822287321091 58.2594573497772 62.0405972003937 56.0320168733597 47.2434461116791 39.2576456069946 38.0437845985095 42.2485967477163 38.011722266674 21.3445375363032 15.63536003232 0.18350457927833 0 0 0
38.8567373156548 37.4409084518751 36.6831620534261 38.7731070319811 44.5346931616465 49.5884517828623 50.5330214897792 55.8992773294449 55.8652629454931 60.407151778539 60.7071171204249 62.7201646566391 62.6580913861593 58.2248121500015 57.1954349676768 55.8085838953654 57.335302233696 51.8027991056442 46.7572063207626 45.4631497462591 44.7110732396444 46.874945362409 47.7250913778941 43.4171656767527 44.657975435257 41.0855934023857 43.4979995091756 43.9063012599945 44.856255253156 48.379843433698 52.4506419897079 65.667728583018 62.3063743114471 34.7440491120021 15.1880892614524 8.18424485623837 8.93827962378661 16.8771867950757 40.7283430298169 55.7167132695516 58.3428839842478 50.5652825037638 36.7092962066332 33.4615508715312 36.8085379401843 24.7599532206853 20.8069905638695 30.627595881621 15.5031892160575 0 0 0
41.1660149693489 32.4744135141373 30.5835554997126 35.2607816457748 45.4065253337224 53.1064520279566 53.0106723308563 54.1192839543025 56.447297334671 57.0105363925298 59.0933610995611 61.5972975889842 63.4514987468719 62.5208367904027 58.5915545622508 56.2495688597361 58.7406704823176 53.0258516470591 48.7325936555862 48.7324545780818 48.8480726877848 46.7197000980377 45.5587009588877 43.0641422669093 42.9708808660507 40.5740986267726 39.988915125529 38.9557604988416 39.2586588859558 38.5754555463791 31.7266508936882 37.8844936688741 41.652704278628 21.9102005163829 16.6967287659645 8.99228329459826 1.72138772904873 0.668989649663369 7.84362169603507 22.5645924607913 43.2913700739543 39.6539097030958 34.2117547988892 28.9615914225578 20.7198883096377 21.6773798068364 19.6352327863375 36.5584840377172 43.4115827083588 25.1742924253146 1.71163228030006 0
41.3516362508138 36.3737146059672 34.6098020672798 39.4166161616643 47.8365123271942 54.530789454778 57.4706693490346 53.9486507574717 58.2275688648224 56.824266910553 60.408612092336 62.09996342659 63.489685455958 65.2596652507782 60.9810998042425 60.8447392781576 60.8240763346354 56.8704605102539 53.2924731572469 53.8449833790461 53.320974111557 49.9739050865173 47.7594683567683 48.4230269988378 46.2490270535151 44.4828967253367 42.5003270308177 38.9306396245956 34.4263464212418 31.5984835227331 24.9559034903844 29.4596205155055 36.9440267483393 39.1451443235079 37.3469268282255 27.347058057785 9.2473216354847 1.68325550233324 0.96777935201923 5.33105495075385 18.9981224636237 22.9032138983409 19.2522779107094 13.7986727058887 13.55105265975 18.5538294414679 20.3851386904716 24.7685785094897 39.5354901750882 43.3367788791656 26.8640095988909 0.341084436513484
44.248620669047 42.8952674070994 39.7333974639575 38.7837613622347 44.1605001688004 53.9982666571935 55.2293707927068 53.6901404460271 55.5033385753632 60.5606933434804 66.5347476800283 67.0881519714991 65.4014050960541 65.8731212218602 64.1425400972366 63.9076133569082 64.586728811264 62.2754295667013 58.3164989948273 55.4400483767192 52.5228480497996 51.46557589372 52.6883850495021 55.1379521687826 50.0110685825348 49.2665370305379 40.137713154157 34.5832506815592 29.1721324125926 25.9651243686676 27.0507136980693 32.6662907997767 40.7133176922798 51.5068074067434 56.3634137312571 54.7417302926381 40.7076999545097 27.2791857520739 16.5597051382065 4.6261524160703 9.45019908249378 18.5534283518791 19.0770030021667 13.7213692069054 13.2915675640106 27.5973901152611 45.2529440323512 38.9099841316541 34.0442334612211 39.5641177892685 27.7303755283356 7.05567623178164
46.6588735580444 46.0621019204458 45.0423657894135 41.9397999842962 43.1711822748184 51.5205065409342 53.3693134784698 53.6783635616302 53.7956853707631 62.4088446299235 69.9109236399333 68.8396394252777 64.6630525588989 67.1609491109848 68.3314402898153 62.8578712542852 64.9994214375814 63.1321320931117 59.2316091060638 56.7664404710134 56.4280599355698 57.355523109436 54.4456839561462 52.6516735553741 49.9584178129832 45.4014639059703 29.6631480256716 5.13622909784317 4.01988190909227 14.1156141956647 24.9907597899437 30.5148859818776 38.9824857314428 46.1886674165726 56.9073557853699 60.0216835737228 58.6325824260712 52.7013838291168 39.882592856884 22.1273725231489 10.9831790129344 18.6840631067753 35.6144035855929 36.6315767168999 30.2428379654884 47.5721855958303 70.7427014907201 60.3674550851186 39.9952878554662 28.5159746805827 13.928510248661 8.1408383945624
45.6171383460363 43.7928934892019 47.2188840309779 48.215722044309 46.0350215435028 48.3866383632024 53.5079141457876 54.2414287726084 54.7399272521337 62.29600807031 68.5814867417018 67.0005629460017 62.7370029687881 66.0373469193776 69.5784737666448 60.6941481431325 62.0168745517731 61.3160381714503 60.0095887978872 60.9338730573654 61.2739721934001 62.5845938920975 58.1172257661819 51.597331960996 51.1413266261419 47.5994745890299 31.7120452721914 15.1538290083408 14.6308764815331 21.355872352918 29.4736971457799 34.3615810076396 47.5165148576101 56.7579766114553 67.1244362990061 62.3398075501124 58.9213917652766 22.7536906798681 23.1023381153742 23.6437966426214 26.1987646420797 36.9326124588648 41.1529416839282 22.0737904310226 16.8833906451861 20.8015019694964 38.1451596816381 47.7336049079895 35.7729146877925 24.9352157115936 18.2707744340102 13.1663978099823
35.3616724411647 42.2645707925161 45.4626431067785 48.0712900559107 48.1406599283218 45.17895479997 53.561141093572 56.9097350041072 57.9748749732971 62.6611659924189 64.6929740905762 64.0182743469874 63.8188074032466 62.4281167984009 63.8282597064972 60.4527841011683 57.7947994073232 60.861070950826 62.8807097673416 64.1924838225047 66.6390508413315 63.0307743946711 61.1101736625036 56.1453153689702 54.3152143557866 54.0785292784373 49.3470678726832 43.5051421324412 42.9842521746953 43.3299740155538 41.0256311297417 40.4556517799695 55.9283196926117 68.8280959924062 48.6290554205577 44.233908255895 27.4073332548141 11.2097896635532 3.77480747799079 8.51117571194967 9.01248181859652 31.1692530910174 44.760396083196 37.3644381761551 25.9853477279345 27.0689129829407 39.780522386233 43.9245402812958 41.2846058607101 35.1358726620674 29.3452441692352 28.3213679989179
26.8019810318947 39.9281432231267 43.594295779864 46.3462173938751 49.1975943247477 45.6417202949524 49.380878607432 56.3171356916428 66.4220700661341 67.8435564041138 63.1755441427231 61.1489514509837 63.2962087790171 62.9492501417796 63.0280425151189 60.7174982627233 57.3257009188334 60.1889491081238 58.6045483748118 56.1176637808482 58.3075185616811 57.7120135227839 57.4756364027659 55.4167032241821 57.9299330711365 62.0479087034861 69.3636486927668 68.9963499704997 60.5355699857076 55.0373047590256 44.6475098530451 37.5688746571541 45.4586744308472 47.2638607025146 19.5340613524119 13.2702874640624 12.5004388391972 7.02563176552455 0.535583744446437 0 0 12.0231186350187 39.1472851236661 61.5741014480591 66.8892463048299 61.3861580689748 59.1189612944921 59.5958183209101 59.2420548200607 48.945297797521 38.7789482871691 48.2817391554515
28.5868222514788 37.413644293944 44.0337161223094 46.2520221869151 47.5961416959763 48.0225185553233 42.7921215693156 51.6804208358129 70.3182220458984 69.2596832911174 61.5034848451614 58.4210008382797 60.9586735566457 64.8318827152252 64.0125373999278 61.0192666451136 60.2079828580221 58.0085019270579 52.0493636528651 45.6644743680954 45.6181069215139 49.5340128739675 49.8681664466858 53.7136246760686 55.5682877699534 62.5997881094615 78.232154250145 82.4148952960968 64.6691968043645 52.3584634065628 43.6481237411499 31.832829117775 34.0663641691208 36.260982354482 17.9888928929965 9.55121405422688 10.4852753380934 15.2339475850264 8.51711134115855 0.741875109573205 0 1.97361037135124 19.7849050164223 42.5655394792557 45.2997138102849 47.6863086223602 45.2991724014282 46.2722629308701 50.7758359114329 44.8143978913625 45.2335923910141 77.1828393141429
39.0390232205391 41.7811771233877 43.7815984090169 40.9026096264521 35.7001076141993 32.0362100998561 39.3913264075915 44.683446486791 53.6135584115982 50.1554707686106 45.7278986771901 51.5598307053248 59.9531183640162 61.9936386744181 58.0534686644872 59.9205195903778 60.4292452335358 55.0720343987147 47.7993985017141 42.9394493500392 42.4251506725947 43.2444761196772 46.7585424582163 49.6222277482351 51.8908451000849 56.1154236396154 67.2820508480072 76.3715753952662 64.9172216653824 49.4412581125895 42.3279305299123 28.6149481932322 19.0022028982639 39.4547308484713 36.3783488670985 17.0918231209119 17.0471929013729 39.1416400671005 41.1121398210526 27.2465025385221 5.8133527636528 2.85451486706734 11.0056574145953 17.8257251779238 16.6476083298524 18.2899460196495 20.6599061687787 22.8397995233536 22.2860525051753 38.0998725692431 57.9079737265905 109.1401775678
49.676517645518 46.5032358964284 43.0161952972412 36.567322909832 27.6216665903727 22.1621294816335 30.5420408646266 31.3713550567627 22.5445851683617 20.4774836699168 33.0037027597427 42.4613753954569 48.6694077650706 52.5883287191391 55.7933946450551 65.4323597749074 68.3114627997081 60.1622511943181 52.0981252193451 48.9751050869624 46.5413828690847 46.3612725337346 47.0549861590068 46.3218539953232 47.1931795279185 51.2548784414927 59.7540438175201 62.4619623025258 56.7687799533208 38.5576138893763 38.1201108296712 33.4335913260778 29.5489256580671 47.3160892724991 53.7479519844055 42.3598090807597 32.8458547592163 20.8205220599969 24.9725580215454 30.3184688091278 20.0844729940097 9.07181079188983 10.701900968949 11.1301938692729 6.09219260513783 7.14689927796523 14.2620938519637 16.2385317186515 17.2726847231388 38.2678185900052 82.2070588668187 124.672671159108
52.2619684537252 46.0769732793172 41.5946990251541 38.0455851554871 31.4502542217573 26.0810554027557 22.296999891599 17.4433353046576 3.85201474030813 11.6037130355835 27.1926919619242 38.1272385517756 37.8541102011999 45.1653599739075 57.9576790332794 73.5224584738414 78.759362300237 72.0258007446925 63.9183620611827 60.1896444956462 55.2085141340891 53.389052549998 53.4775803486506 48.7080762783686 44.6727772553762 47.4286029736201 44.8579241832097 48.2548475265503 45.5285211404165 31.6829333702723 31.0818875829379 32.4621026714643 23.5535055398941 45.4447418451309 69.2233542601268 72.271982828776 47.4762072165807 14.9408144255479 11.7370299994946 16.8668702244759 17.3080526292324 15.0934383273125 16.1096366743247 15.1867295304934 8.65768206616243 5.62205413977305 11.4797726273537 16.3821851213773 27.0008196433385 50.6306042273839 112.733066082001 143.661151329676
54.6414107084274 49.5459983746211 48.2953588167826 49.2983013391495 46.2102393309275 40.3156752387683 35.5929459134738 35.9597528974215 34.7715417544047 40.3006325165431 47.7769821882248 52.9761612415314 53.2717605431875 48.7618744373322 58.662270506223 73.7489362557729 83.7057133515676 84.0630133946737 77.1169414122899 67.7834898233414 62.2214476267497 57.9462150732676 55.6003898382187 57.591587305069 50.5533268054326 40.5470207333565 37.610337138176 38.7236426273982 38.6637846628825 37.9212548335393 18.9184844493866 17.9066161314646 14.5492677887281 22.6048529148102 75.8903821309408 86.0710442066193 54.5210887988408 18.6100229620934 6.70027857025464 6.80844113230705 9.70700072745482 7.56595407923063 16.7913275460402 21.4586680134137 29.633695880572 14.0027329325676 14.0184139211973 32.454326748848 56.5614898999532 99.481334288915 131.389270226161 144.513746102651
55.4127196470896 52.7534981568654 52.9041588306427 54.1580418745677 53.7819067637126 50.2405514319738 50.0483165184657 57.3783566554387 73.3049561580022 69.2854076623917 60.699999332428 61.7768267790476 67.6622241735458 55.7093570629756 56.6685597101847 64.9512062470118 73.0125904083252 80.4645319779714 81.1468114455541 74.4794607162476 68.9886510372162 62.5034620364507 59.8270197709401 56.613822778066 50.4211088021596 40.4767592748006 28.2677287856738 29.6876778205236 32.7124471465747 17.4702778458595 12.6528230806192 10.8405922849973 6.59017140666644 5.32879556218783 69.6635742982229 87.5404477119446 68.6718225479126 56.3977261384328 26.2946610649427 2.94263164202372 0.115842810676744 0 8.59816248218218 32.9557160536448 38.8375247518222 29.845987757047 28.5833453138669 50.1941690842311 105.552206436793 149.017512798309 142.642398675283 130.713830391566
54.6063135067622 51.3807932535807 46.0688422123591 41.6541894276937 41.8948580821355 43.793722987175 43.8589155673981 55.2944044272105 65.0263279676437 59.9622130393982 50.905704498291 51.0777781407038 61.8646144866943 57.3507746060689 53.8927366336187 52.8927693764369 53.812712430954 60.4961613814036 70.6116259098053 74.6990342934926 70.5654720465342 64.675509929657 58.3836783965429 53.7253618240356 46.509176492691 39.3392443656921 28.1869396567345 17.833190659682 28.9608761668205 24.7923706968625 12.5950562457244 7.73041571180026 1.63080636411905 0 0.078049177924792 77.7155558268229 84.6452414989471 95.1058169205983 76.7952601114909 29.5196349422137 2.31190444901586 0 2.44899016494552 18.011129150788 44.1111822923025 63.1044159332911 83.3570659160614 132.602671782176 172.690550486247 182.923515637716 167.931993802389 136.10444466273
56.7229986190796 54.7186483939489 49.0457316239675 42.502040664355 41.0225143035253 43.7036057313283 36.5830312172572 34.1011807322502 35.739096502463 32.6326042413712 25.7225309809049 23.5433702667554 27.1508619189262 44.8870311180751 51.5994677941004 46.2127725283305 35.5265662074089 31.3984975218773 43.22150349617 62.7485016981761 64.6465867757797 59.4089875618617 52.6775121688843 49.9200075864792 43.3817207813263 37.6500487327576 31.5818265080452 10.1247318089008 14.1416378319263 34.7249259551366 18.5342729091644 11.6787739098072 4.11915717025598 0 0 56.8924148877462 97.2257753213247 111.674696207047 98.1331467628479 69.2467987537384 36.8555039167404 8.52739935119947 5.515040208896 22.7267866333326 52.9444018999735 114.762167135874 155.145327250163 185.234427452087 194.166998068492 193.464080492655 183.833241462708 155.605097611745
58.3883027235667 58.3179891109467 55.8248460292816 52.3637483517329 50.5216767390569 49.790233373642 35.0924283266068 21.7528268694878 21.8905235330264 24.0909482041995 21.5550313393275 19.0104718009631 20.1561910410722 40.9495159983635 54.3286552031835 44.8563943306605 27.4113391836484 15.6249068677425 18.8441500067711 33.425231774648 43.8445458809535 47.1723626057307 47.8346248467763 40.7786518335342 36.5959679087003 32.1423163016637 12.8063323597113 6.81060366332531 10.439728697141 37.813571592172 46.407421429952 39.5010386904081 20.2532932162285 0 0 36.413386464119 90.5402402083079 98.8303124904633 79.8954963684082 76.849843064944 81.4946244160334 65.9862856070201 44.3491439024607 58.7464769681295 109.797696272532 154.082616170247 177.119712034861 188.091317812602 189.871033032735 187.469263871511 182.519197463989 160.621116558711
