input/barkrak2/radiation/dir04924.grid
NCOLS 85 
NROWS 70 
XLLCORNER 665100 
YLLCORNER 4664600 
CELLSIZE 20 
NODATA_value -9999 
[rows 21 to 41 of 70, columns 0 to 48 of 85]
42.6240464051565 30.7501181960106 19.4775238633156 28.4225766857465 24.7897654771805 8.4925206998984 11.922595401605 20.6528144578139 25.8691534399986 29.1609540581703 30.6714922189713 31.2641362349192 32.2440738479296 30.6163057684898 36.8057216207186 49.1145054499308 61.5905870993932 73.3306705951691 81.56917989254 96.3455637296041 106.801549593608 117.881466945012 125.439057747523 123.082121213277 117.107967535655 108.520110448201 99.5703836282094 93.9505398273468 93.0199523766835 94.0128862857819 70.9709624449412 49.5486160119375 33.392700056235 19.2680594821771 6.64951528112094 2.0204094859461 1.37179826075832 6.39562991758188 19.2587114870548 23.901179432869 34.0982526540756 40.9766162435214 39.5360464851061 37.6100093126297 57.0586025714874 66.2884811560313 72.8524525960286 79.9121459325155 80.5779943863551
80.5306682984034 74.0623225768407 50.4436194896698 45.1805790265401 39.9697497487068 20.1705570022265 27.2686680157979 27.710976699988 15.9379666050275 25.6478289763133 30.3602168957392 32.3084269960721 36.9849279522896 36.7988894383113 39.3117517232895 46.2473084529241 55.5261919895808 68.0456459522247 75.6154755751292 78.6978900432587 84.8814249038696 100.960304339727 111.988743146261 117.643068234126 119.257688522339 113.474160432816 101.206163565318 95.5905715624491 86.6980453332265 68.6403661966324 50.4102011521657 24.5795622467995 7.82523428400358 0.680539446572463 0.0082528295024531 0.125445406107853 0.475114133829872 0.505595972451071 4.37638070434332 2.55859643220901 8.23443320890268 15.5878650645415 26.0126739740372 18.6112299561501 38.7380967537562 64.6971414486567 69.0108637015025 73.3484029769897 75.7603794336319
116.103847821554 105.006535847982 69.5939362049103 51.45097275575 45.0784017642339 43.6251511176427 39.2689233024915 28.9088586966197 15.9218187133471 24.2435708642006 33.3058486382167 36.4097828666369 41.2871986627579 47.893558939298 45.5195407072703 47.0767617225647 54.8393130302429 67.2788520654043 73.9833513895671 66.2343253691991 64.5982623100281 69.9462592601776 82.8616619110107 95.947265625 102.688769499461 104.5949558417 95.6816673278809 87.8717005252838 69.4694519042969 32.8135664264361 26.3871625065804 15.9580409526825 0.626401354869207 0 0 0 0 0 0 0 0 0 0 27.9320999979973 40.4621561368307 55.8611998955409 65.5273844798406 69.491649667422 72.3156283299128
115.421076615651 111.267030239105 87.6937607924144 56.7483603954315 37.1665035684903 42.9529199997584 40.1520133018494 36.1300185322762 30.405471722285 26.614598929882 30.7578990856806 33.695213496685 37.7363363901774 43.4487164020538 46.5130607287089 46.2185243765513 53.4231861432393 63.8605604569117 71.8860477209091 64.0812466541926 62.4801168839137 60.4660858710607 69.5123374462128 79.1559318701426 83.7325950463613 86.1848791440328 81.318919857343 71.3724394639333 57.4620564778646 25.6850371758143 19.0945205589135 16.6031370560328 3.69651274134715 0 0 0 0 0 0 0 0 0 0.0056167282309616 47.0589101314545 51.4326592286428 51.2275000413259 57.8016688426336 62.4110549688339 68.6615804831187
101.235349973043 106.292645136515 99.205603202184 66.7883157730103 37.9383638501167 43.8968986272812 48.6738532781601 56.5226177374522 55.6784868240356 44.9377050002416 39.4251023729642 44.0771927436193 45.3397134939829 52.1580477555593 55.2313327789307 48.8010942935944 52.5562663873037 63.1873110930125 71.5193599462509 75.0876913468043 76.758066813151 71.7806965112686 68.3652063210805 69.1839853922526 72.671244541804 75.3617783387502 69.8537528514862 69.3290084600449 42.6353315512339 37.569060921669 36.3682061433792 42.059396704038 34.9241495132446 0.465545725698272 0 0 0 0 0 0 0 0 7.13502739866575 58.3825657765071 46.212375164032 44.6001589298248 50.902913014094 62.396710117658 67.0673847198486
99.969615538915 105.619708697001 103.654066721598 77.0388841629028 53.4895360469818 59.7159415483475 70.5508639415105 79.7520875930786 86.9124631086985 76.9819666941961 58.1299314896266 62.1282507975896 59.533566236496 67.6280905803045 66.3133561611176 57.9889466365178 54.9790064493815 66.3151443004608 74.4165430466334 86.9655311107635 89.6738171577454 86.1095090707143 77.0822515090307 71.5058793624242 72.3554790019989 75.1002728939056 69.5014546314875 75.8698681990306 69.0246522426605 68.444237112999 75.8902132511139 97.1610347429911 106.45917057991 84.9631031354268 6.65307914217313 0.85274875164032 0.267998742250105 0 0 0 0 4.13494588186343 36.4757627248764 30.0507595141729 38.4310409426689 35.0730096300443 36.9531065225601 41.39627267917 38.3215472102165
101.839522520701 100.437978903453 100.799391667048 83.3704670270284 82.679495215416 83.1835269927979 92.0363863309224 95.9254205226898 98.6242691675822 90.2386506398519 70.8773632844289 65.8374776442846 66.7987962563833 67.5565898418427 70.8850224812825 67.8036461273829 63.1584227085114 70.4271892706553 84.8944187164307 90.5516843001048 87.8151953220367 79.7684689362844 77.2030850251516 79.4822623332341 79.6566307544708 80.2292823791504 77.6872883240382 87.4114036560059 103.060613075892 108.837197224299 115.816434224447 124.01537100474 134.636590878169 141.536056995392 100.835233926773 14.0160297354062 1.58680540819963 0 0 0 2.59774581839641 47.3803480466207 40.8812363942464 19.4025213519732 22.8365610043208 20.9458495179812 22.2091327110926 25.5086595813433 27.8997048735619
104.843805233637 92.6280419031779 93.6375657717387 87.1969560782115 103.577425082525 96.7722038427989 93.8409368197123 90.1973346869151 83.339919646581 75.3175963958104 64.9216622114182 59.5855911572774 63.0599707365036 65.5667434136073 74.6285667022069 75.9666214386622 72.049339612325 68.6146964629491 80.2670617898305 84.1038823127747 80.9391836325328 74.9823004007339 74.6160745620728 82.7096700668335 85.2257212003072 81.825852394104 83.9240352312724 89.1123414039612 112.099011739095 125.8691350619 135.872095823288 143.855492273966 149.183382590612 151.569098234177 148.31468462944 70.8708763122559 0 0 0 0 11.0758642355601 28.0258903900782 19.7928821047147 8.77062852183978 7.42218208809694 7.753969480594 11.6746500134468 16.3473077118397 24.3982623020808
105.37647207578 86.3175094127655 87.3871843020121 93.9028263092041 103.400905927022 95.5100059509277 79.9069503943125 64.3318196137746 50.5809585253398 44.4284975528717 45.6077655156453 50.4567970832189 57.7977697054545 66.096822420756 75.7278352975845 82.2604199250539 79.4541587432225 65.9126142660777 70.2338516712189 74.9652137358983 74.8210450013479 75.382391611735 75.2372046311696 82.7985604604085 88.738888502121 86.2260460853577 89.4925097624461 90.307076772054 106.554965178172 129.968742529551 147.817472616831 156.209568182627 154.2074183623 157.451073328654 166.453331708908 150.612384080887 62.1562004089355 1.56350759789348 0.678251575057705 0.602027905794481 1.3179451537629 0 12.1619924902916 2.71294203897317 1.70259270817041 3.9288674791654 9.0723472336928 16.467643280824 21.9938804705938
102.978765964508 104.715883731842 128.326912720998 163.331906000773 135.650823513667 101.738105217616 70.1175034046173 45.3060468037923 35.5820258458455 39.1864726940791 36.1180379986763 36.0958303014437 54.3833374977112 66.4856284856796 78.5216391086578 87.4464114507039 85.697333017985 72.0470448335012 71.8515614668528 76.6867895921071 74.5619833469391 78.8979430993398 80.7072420914968 84.5384895801544 91.1241968472799 96.8937277793884 95.7715113957723 97.3809560139974 110.110819339752 135.593384504318 156.313528617223 161.683797836304 158.746937910716 166.612486044566 177.030444145203 181.948641935984 157.442380984624 96.6007113456726 26.6057302554448 5.64752581218878 1.15774059668183 0 0.721647093693415 2.40842423712214 1.34323288997014 2.74483331789573 7.16460309922695 12.1464356780052 15.2581731478373
117.168019215266 153.285135825475 202.569166819255 223.978797594706 203.198393185933 145.67240079244 93.6773022015889 59.7350895404816 51.2795547644297 57.5277308622996 48.3913520971934 41.4126440882683 54.3557604153951 64.8077627023061 85.8519574006398 91.0845994949341 88.5400076707204 81.3636779785156 76.3260821501414 78.1650145848592 79.0835469961166 81.7939341068268 84.7293138504028 86.7705245812734 92.328538497289 105.987250804901 107.166737318039 112.963785727819 122.130066156387 139.36040798823 156.190693378448 165.615181128184 167.787969112396 174.414992332458 180.510401725769 179.971575737 174.160917599996 156.762550274531 89.9287660916646 21.7697372039159 3.73406397799651 0 0 3.17460329582294 4.53082627306382 3.30681136498849 0 0 0
180.04580338796 216.438810030619 240.115920702616 241.796135902405 239.243229230245 212.189396222432 166.026622056961 124.110192060471 100.814978281657 86.3932172457377 82.7020704746246 68.3607012033463 56.9545229276021 62.0460857947667 86.0553085803986 91.7746623357137 87.1073206265767 87.7577265103658 76.9723902146022 76.5639146169027 79.9628247817357 82.4340879917145 83.4359029928843 85.6126050154368 90.6577706336975 106.588621934255 113.000243902206 122.243980566661 130.99526365598 139.883895715078 153.196463982264 165.042112270991 165.351609388987 164.821942647298 163.92249862353 156.08153740565 157.484898964564 144.230922063192 96.9295303026835 41.7972306410472 12.0017019410928 7.51049878696601 3.37322739263376 2.36261729151011 1.50590778018037 0 0 0 0
230.025887489319 245.07063627243 248.568137486776 247.144897778829 249.481717745463 246.416012446086 221.763948599497 176.068981488546 136.364569266637 114.475975433985 114.3532594045 102.519075075785 77.057162920634 72.4719117085139 82.8195263942083 87.508370478948 81.2421242396037 82.7610492706299 77.8185824553172 78.4814109404882 76.0286549727122 78.4285217523575 78.4052362044652 78.9522429307302 87.1380567550659 99.7559825579325 112.062066793442 117.565989494324 126.915464798609 139.592885971069 151.526788870494 154.85210220019 145.157287518183 133.611440658569 136.261969804764 119.670977195104 120.323052008947 104.702661434809 66.7218267917633 31.1692704757055 27.0515109101931 19.467405974865 9.88604314625263 3.02086894710859 0.558164475175242 0 0 0 0
241.089701652527 246.678630510966 246.08838558197 247.595012187958 248.020013173421 247.870922088623 239.095469315847 208.605448404948 157.571176687876 127.565880616506 125.871400038401 119.860231876373 102.882464726766 85.0770970185598 83.3164850870768 86.1439804236094 79.5131027698517 75.6501058737437 76.5906473000844 80.6081593036652 75.105349222819 75.0822474559148 77.1951526403427 78.3865749835968 83.8517944018046 91.6638970375061 103.49240899086 104.517002900441 115.218659241994 134.238183498383 144.509712855021 141.831477483114 134.462803602219 127.779672543208 119.645158449809 104.426721731822 108.730832735697 105.767409006755 85.2456589539846 48.1921484073003 38.3682449658712 38.4748578071594 19.7659966846307 4.88661384830872 0 0 0 0 0
236.076831817627 239.400307337443 234.701812267303 236.676096916199 237.307906150818 233.516196409861 227.685471375783 209.797481695811 167.341470718384 135.816941658656 130.686819553375 124.505539735158 119.799127181371 97.1784790356954 87.5281691551208 91.4740761121114 84.7380558649699 74.9104122320811 79.6009699503581 80.4709295431773 78.9025872945786 74.6428469816844 79.6321779489517 83.8780701160431 83.2803547382355 88.9456669489543 95.431129137675 96.2163507938385 104.743897914886 125.791132450104 136.488258838654 135.203252236048 136.800269285838 137.823929389318 118.357141812642 111.342469851176 116.167863210042 123.357514540354 118.2927886645 77.4354785680771 32.6470086971919 17.1897585193316 0 0 0 0 0 0 0
215.99813302358 218.222657839457 218.534032503764 216.006179650625 216.327627499898 214.097837607066 218.171318372091 213.797211647034 176.883657773336 143.111358086268 128.769755363464 118.930081526438 115.62571922938 96.3967641194661 84.409773349762 92.0819143454234 94.5620636145274 80.5885891119639 84.120124578476 87.1548056602478 86.0986014207204 80.8218469222387 82.3725163936615 86.0779086748759 83.7843318780263 85.4373375574748 92.5342937310537 100.517908732096 105.776727199554 120.275110006332 133.974601825078 136.823574701945 138.111770153046 141.855935255686 121.913055578868 122.395624717077 122.767150402069 131.495654582977 131.272455056508 90.7584528128306 19.120196501414 0 0 0 0 0 0 0 0
193.217794100444 201.53280099233 212.35994497935 209.836661815643 208.090662956238 213.000436623891 221.579412619273 223.319848378499 198.776125907898 157.585680484772 136.74783706665 112.413426240285 102.008799711863 90.9132858117421 82.0390085379283 86.7341955502828 98.7589557965596 89.0825092792511 86.4142378171285 89.5288089911143 89.7553563117981 86.4371657371521 83.3885868390401 85.4906141757965 86.7058336734772 86.0086878140767 90.8460319042206 101.767520109812 106.893618901571 113.273084163666 127.64099240303 139.42943016688 139.867415030797 131.931722164154 117.370267709096 131.994863351186 135.765810807546 140.026648839315 138.627350330353 112.197607755661 15.7311968505383 0 0 0 0 0 0 0 0
155.502766370773 167.273104190826 175.547917683919 181.14846944809 188.878873984019 204.450885454814 216.451903184255 223.791261514028 213.47431341807 176.960090796153 147.225886583328 117.13828643163 99.4508465131124 95.9466596444448 87.7349078655243 81.3126564025879 93.3694243431091 94.2205488681793 86.8616203467051 86.5021745363871 87.1156255404155 85.0345591704051 81.4299086729686 82.7763378620148 86.1575603485107 90.297927459081 91.4319952329 97.2910821437836 103.87267669042 106.388628482819 118.488729000092 134.739190340042 137.588789065679 118.830641110738 121.676613887151 144.007444381714 148.295323053996 145.029038190842 143.141686916351 138.636489709218 79.6753962834676 3.22182476520538 0 0 0 0 0 0 0
118.637462457021 125.405271848043 125.052918990453 135.498156150182 152.701437473297 170.015295346578 183.782239754995 196.112910906474 194.023291269938 169.732054074605 134.820173184077 110.810776551565 96.6061155001322 94.1788454850515 89.8059109846751 83.2273711760839 89.3339812755585 89.6866718928019 83.0736011266708 82.6596021652222 86.2867832183838 89.1816516717275 87.4987840652466 82.8324059645335 81.8619827429454 85.7523083686829 93.003918727239 96.413125594457 102.819989124934 102.438390254974 107.867827018102 123.713145653407 128.671407699585 121.963411569595 146.196415026983 156.66522582372 154.18940782547 145.732561747233 149.433533350627 162.56990035375 155.502657095591 89.5242194334666 16.4476409554482 1.01023004390299 0 0 0 0 0
106.579532225927 109.116812547048 108.420312404633 110.57835817337 119.768589735031 126.625160376231 129.983405272166 135.121872027715 135.033190250397 117.253790299098 100.793262322744 96.9976782798767 94.9760377407074 92.1961863835653 89.7391537825267 89.27254875501 88.2915655771891 87.7974331378937 82.9341908295949 81.6888908545176 86.1848890781403 91.7481581370036 93.2028591632843 88.7380043665568 86.317112048467 84.5097204049428 94.4659113883972 99.3957320849101 103.072126706441 103.511293729146 103.513489166896 113.456298907598 121.764848629634 131.600936253866 155.241171518962 156.234790881475 145.299007495244 134.74573691686 137.11537917455 154.62472041448 167.243619759878 161.04253133138 103.351066509883 28.4261927008629 1.53313421954711 0 0 0 0
115.89977145195 113.015512625376 113.280018170675 111.999173959096 108.486344416936 106.076190869013 104.517688353856 105.276127656301 110.620448986689 101.221352815628 92.6424860954285 93.5954451560974 97.5267291069031 97.0272223154704 94.6255326271057 91.707706451416 86.2969756126404 94.7981278101603 94.7029292583466 88.959147532781 92.5259490807851 93.330572048823 91.9427275657654 93.9411322275798 94.8321521282196 89.6140138308207 95.0806140899658 99.3405977884928 101.77997748057 104.828963677088 106.334348519643 110.538979371389 119.531830151876 139.238595962524 150.353878736496 141.465077797572 128.663331270218 117.234706878662 114.512860774994 127.646903196971 160.067190726598 167.591691017151 141.146341959635 74.6377209822337 13.9479115605354 0 0 0 0
