input/barkrak2/radiation/dir01524.grid
NCOLS 85 
NROWS 70 
XLLCORNER 665100 
YLLCORNER 4664600 
CELLSIZE 20 
NODATA_value -9999 
[rows 46 to 68 of 70, columns 0 to 51 of 85]
55.6784967581431 57.231992483139 59.9337468544642 61.9231065114339 61.721016963323 61.5320404370626 63.3810013532639 65.1187549034754 61.9586606820424 60.6978634993235 59.7163190444311 58.8865180810293 55.7545820871989 52.7504881223043 52.6119818290075 55.3299933671951 53.9665818214417 49.0790506203969 53.6216348409653 52.6127368211746 50.6082276503245 51.1462986469269 51.6009827454885 49.8212625583013 57.0632020632426 51.7604500055313 53.1208515167236 53.2981554667155 52.6372492313385 52.5087416172028 50.95441142718 47.8810568650564 47.1617480119069 47.7409511804581 49.3684609731038 50.8006513118744 52.3545692364375 57.2992463906606 59.2466592788696 56.2301576137543 55.3232729434967 51.5298545360565 56.7823946475983 62.2763633728027 52.8785685698191 26.7934997876485 2.10438699771961 0 0 0 0 0
49.7256269057592 52.0034432411194 57.4617087841034 59.2878709236781 62.7517998218536 64.4118140141169 62.4005695184072 62.1366053819656 62.1425012747447 64.860999584198 62.0227009057999 58.5149824619293 57.0018887519836 57.0783913135529 55.3864389657974 54.2674114306768 53.4841815630595 46.7358032862345 50.5887369314829 52.0052264134089 49.08753434817 50.1304020484289 53.958053390185 48.7627883752187 51.6529033581416 51.7437507708867 47.7471301952998 50.4800428946813 52.448978026708 51.4939377705256 52.7218282222748 51.1912554502487 46.9784637292226 49.6489504973094 60.1873099803925 64.6214187145233 60.1717084646225 54.4715821743011 55.8735976616542 63.4890695412954 57.5967679421107 53.0944317579269 58.6514820655187 62.8143598635991 58.219184478124 42.0885235071182 11.0141995052497 0 0 0 0 0
42.9965158303579 46.1512506008148 51.2895534435908 54.6367466449738 61.172346274058 64.7183656692505 61.6260419289271 59.9075456460317 63.808133204778 65.9900059302648 64.2766654491425 60.4965587457021 59.2254499594371 60.0213756163915 57.1315437555313 52.776167790095 52.2787421941757 47.4153061707815 50.1739084720612 53.5828371842702 52.7655184268951 52.7492314577103 55.4091235001882 53.6215354998906 51.4791955550512 54.3693800767263 51.4748990535736 55.3760727246602 59.4716966152191 61.1768464247386 66.5200452009837 65.4498885075251 56.3592712084452 57.5586507717768 66.4133181174596 73.7017144759496 71.2582965691884 61.5032613277435 57.6561391353607 62.7299646536509 56.6737353801727 52.0849923292796 49.6544688940048 49.5710819959641 48.7802426020304 47.9963719844818 36.4683816830317 3.37895099073648 0 0 0 0
41.9604281584422 39.8923009634018 44.0991669893265 51.9079814354579 57.4345489343007 60.514638821284 63.321108619372 65.9380008776983 67.1809116999308 63.9480402072271 65.8435374498367 65.8150464296341 63.0420297384262 60.5461796124776 58.4436704715093 54.3372333049774 52.9735684394836 50.8186817169189 53.8890262444814 57.856688896815 58.5868954658508 58.5722277561824 56.0778727134069 57.335043946902 54.1074027617772 58.5972964763641 60.451219479243 63.8359983762105 68.9751406510671 74.2818514506022 80.856591463089 83.0154021581014 72.2265144189199 66.1548525094986 65.6637698411942 74.6096471945445 77.3979524771373 72.9506562153498 62.6048694054286 53.2790621121724 48.7550844748815 51.0945320129395 50.2797067165375 46.3407138983409 43.2927906513214 46.428253253301 34.9405730764071 9.61598629752795 0 0 0 0
42.1958565711975 45.5476542313894 49.0209062894185 55.1694184541702 55.6079397598902 56.0415883858999 63.8028681278229 68.9648687839508 68.9708938201268 68.6290015776952 68.4590886036555 68.2615737120311 64.7755861282349 60.7320169607798 60.8414759238561 64.0651186307271 57.1733166774114 56.426078081131 57.9097668329875 62.468891342481 63.4694298108419 60.6024116277695 58.3029588063558 58.3795408407847 53.9182722568512 59.532751639684 66.2908454736074 69.9315766493479 75.6828685601552 81.9643835226695 86.648682753245 89.2273088296254 84.0650200843811 70.6695864597956 51.7499595880508 55.1111002763112 63.6980533599854 72.4681913852692 64.174880584081 50.8560041586558 45.1718221108119 50.0495384136836 55.7014793157578 52.5538424650828 48.2215931018194 42.4947241942088 25.1629973451297 13.6755729715029 0 0 0 0
42.9311593373617 53.5345822572708 55.7314356168111 56.8436235189438 55.0808211167653 54.7394851843516 62.1021141608556 67.5581792990367 67.4479901790619 72.5787729024887 70.2410638332367 69.4790681203206 67.2132869561513 62.9171083370844 62.5020662943522 68.8870052496592 62.6457532246908 60.0147694349289 58.1201612949371 59.268186489741 59.679185350736 57.9154193401337 57.5641592343648 55.7018617788951 53.2063543796539 54.5864154895147 58.8202873865763 63.0736649036407 69.8741972446442 76.2633333603541 83.5693379243215 89.2828404903412 85.0500464439392 63.6817415555318 22.4699651201566 21.9942132631938 29.0047029654185 57.2829494873683 70.4846233129501 68.5743888219198 63.5438114404678 56.33478363355 49.0807245175044 43.5137152671814 47.8880008061727 44.197420279185 25.0373631715775 18.9098877211412 0.957184936851263 0 0 0
46.3153868913651 44.8461721340815 44.0982580184937 46.2452272574107 52.3503025372823 57.8010280927022 58.5816005865733 64.1492207845052 64.2553220192591 68.9536233743032 69.4460471471151 71.3393439849218 71.0533310969671 66.5218333403269 64.9887770414352 63.1427019834518 65.5234058698018 59.5162014166514 54.8202296098073 52.3367126782735 51.4824291070302 53.6125997702281 55.0885498523712 49.7686018546422 52.5984515746435 48.7783054510752 49.4877199331919 51.5663474798203 54.6196003754934 60.0007077058156 64.7282948096593 72.9944805304209 70.7564651966095 49.3263353904088 18.382598956426 10.8181474109491 11.5971577664216 20.1261614759763 47.3425388336182 61.7164075374603 67.6756799221039 56.5912425518036 45.6932187080383 38.6470084389051 43.1366264820099 28.6805828412374 24.46332325538 36.1889749765396 20.0028245647748 0.805559180056055 0 0
48.9060481389364 39.7079189618429 37.7229129274686 42.6346709330877 53.261399269104 61.4952991406123 61.2290600935618 62.3359729846319 64.916600783666 65.1863763729731 67.6275392373403 70.2244341373444 72.1495300531387 70.8176990350087 66.8890774250031 64.0284915765126 66.5703862905502 59.770996371905 56.3486516475677 56.3393334547679 55.810883641243 54.1092256704966 52.1745582421621 49.5092819134394 48.3273863792419 47.3780284325282 47.5913286209106 47.4396745363871 46.3038633267085 46.3914374510447 40.8706267674764 45.3019638856252 48.1689274311066 25.6109560529391 20.0218632817268 11.7032043635845 3.42336917916934 2.35493900254369 10.2066112061342 26.2799908717473 54.015393058459 49.3332743644714 40.1220967372259 35.5984891454379 24.3407363692919 25.3926565249761 23.2110768556595 42.7203079064687 50.315926472346 30.9549545248349 5.12278235207001 0
49.0561028321584 43.8672602176666 41.9781307379405 46.9397008419037 55.6591848532359 62.774250904719 66.0238415002823 62.2088660796483 66.7159656683604 65.3064499298732 68.7245776255925 70.758581161499 72.1741020679474 74.01509086291 69.0449774265289 69.2322552204132 69.212277730306 64.4986977179845 60.5479180812836 61.0920091470083 61.1189951499303 57.5910111268361 55.2146087090174 55.0321092208227 51.8076866865158 50.6201833486557 48.4339892864227 47.3381032546361 42.4116750558217 38.3972674608231 31.3901503880819 35.9168847401937 43.0472791194916 45.1875627040863 43.3395405610402 32.7338104446729 12.8161832690239 3.59418181081613 2.45813435564438 7.36427245040735 22.4799091617266 26.6901726524035 22.7848465243975 16.9251138965289 16.6664645075798 22.0492084821065 24.0143984556198 35.6610491871834 46.2135622898738 50.7430285215378 32.5761785109838 2.89793374637763
52.1229008833567 50.7260859012604 47.3723908265432 46.2788144747416 52.0448982715607 62.0860556761424 63.9791190624237 61.9651873906453 63.9684547980626 68.9550737539927 75.2792755762736 75.6278336048126 74.0124483903249 74.8892078797023 72.6907948652903 72.4146515130997 72.7689166863759 70.6635862588882 65.8555577198664 62.3429516951243 59.748649597168 59.1469804445902 60.3278577327728 62.8691017627716 59.2602441708247 55.6885898113251 48.6921966075897 40.1960611343384 35.780668258667 33.1631526350975 33.2945411403974 40.3994123140971 47.1278925736745 58.3844631910324 63.5771105686824 61.9522233804067 50.583412249883 32.2437460223834 22.5425387422244 6.94959424436092 12.210654715697 22.0367933313052 22.6033478975296 16.8505435188611 18.2010494172573 32.8456709782282 51.8728196620941 45.545573035876 40.5025954047839 46.45008345445 38.401260972023 9.45529341697693
54.6312133471171 54.0312478939692 52.9542962710063 49.6467600266139 50.8441627025604 59.683750073115 61.8324776490529 61.9534055391947 62.1628264586131 71.0949202378591 78.7655115127563 77.7178754409154 73.3439127604167 75.698455174764 77.1265824635824 71.3921785354614 73.9264786243439 71.0899978876114 67.428320646286 65.3895338376363 64.0187164147695 63.927819331487 61.3307853539785 60.2440387010574 57.3991537094116 53.3586144447327 35.2237870295843 7.07684146861235 5.67103860278924 20.532451570034 30.8011372884115 37.0572457710902 45.3220903873444 52.811453739802 63.6247744162877 67.7892665068309 66.4609720309575 58.5612704356511 46.6446578502655 26.925024886926 13.8652250170708 22.1736753980319 42.2278145949046 42.6899294058482 35.8490695556005 54.4139742851257 78.4435669581095 68.1261718273163 46.749879916509 34.421443939209 21.7532341678937 10.6944814324379
53.5288552443186 51.6578257083893 55.2106549342473 56.189293662707 53.9063463608424 56.5036584933599 61.7145200570424 62.7128531535467 63.0321204662323 70.8366384108861 77.3927122354507 75.7787078619003 71.4526971181234 74.9264707167943 78.1287501255671 69.1969394683838 70.8830058574677 70.0761725505193 68.2830562194188 68.7662909428279 70.1710929473241 70.2102681001027 65.3983553250631 58.420792222023 57.9513212045034 54.3763190507889 38.3459577957789 20.4186675449212 19.5415690541267 27.7646705508232 36.9827623168627 40.0638058781624 54.4202476739883 64.1017953554789 75.1602749029795 68.589394291242 65.0486201047897 26.4181792736053 26.885894437631 27.4819309512774 33.8676621516546 42.2786970933278 49.9636183182398 25.7998257875443 20.2169977128506 24.4117950399717 58.9076081911723 54.4856290022532 42.0487920443217 33.0909490585327 27.2974918286006 20.2422713239988
42.7907059590022 49.9276618162791 53.3388406038284 56.0507873694102 56.1197946468989 52.957683801651 61.7624223232269 65.5494232972463 66.3888355096181 71.3629225889842 73.7212647994359 73.1097310781479 72.6853609085083 71.0237522919973 72.4357068538666 69.0358976523082 65.8332109451294 69.6712185939153 71.3256100813548 73.2463051875432 74.5029201110204 71.3872214158376 69.2743311325709 62.5802973906199 61.2605561812719 61.2285435199738 57.1758896112442 50.1479208469391 48.8034933805466 48.8351881504059 48.6816763877869 46.4985966682434 66.1949763695399 76.131875316302 55.9379557768504 51.1020173629125 31.4899136622747 14.1338830192884 5.83211767176787 14.0294544398785 13.1230180462201 44.8410411675771 50.4232347011566 43.3194289604823 31.3538039724032 32.7137758334478 46.3146964708964 50.5556414524714 47.9326546192169 41.4422477285067 35.2835208177567 34.5112830400467
33.6604043841362 47.5007295608521 51.3688077529271 54.2809714873632 57.1784675121307 53.5092999537786 57.3596855004629 64.6697829167048 75.5300025145213 76.8941938877106 72.4969953298569 70.0230896472931 71.9410826762517 71.5698252121608 71.7635403076808 69.3579812844594 65.9455806016922 68.2263125975927 66.8307940165202 64.7214849789937 66.5584554274877 65.7976220051448 64.2904539903005 64.6403233210246 65.078208843867 69.6567793687185 77.0371854305267 81.0389419396718 66.8489833672841 61.0680679480235 50.4668106635412 46.4094529549281 57.9373091459274 54.143821199735 23.0617250005404 16.348040352265 15.5188577870528 9.62192192673683 1.40417972579598 0 0 14.7686377167702 47.467847665151 69.5776542027791 74.9777009089788 69.2616552114487 67.4043397108714 66.7090564966202 66.8780108292897 56.0942093531291 45.4540948073069 56.084210673968
35.3774552543958 44.9054539203644 51.8360137939453 54.194837808609 55.7748973369598 56.0719221830368 50.6234616041183 60.0320398807526 79.5097251733144 78.8276741902034 70.5369561910629 67.1633780002594 70.1714853445689 73.525349299113 72.673295934995 69.559504588445 68.6575671037038 66.3783798615138 59.8198572794596 53.0845473210017 53.9258817831675 56.9083988666534 58.0446521441142 60.8023901780446 64.1694664955139 70.0420389572779 86.1301918824514 89.8429354031881 71.0443258285522 65.2449627717336 49.5962798595428 37.7105996012688 40.629044175148 42.1613752841949 21.418367822965 12.3393858472506 13.3497988184293 19.1709324717522 11.820562183857 2.16861891870697 0 3.73481214046478 23.3376771211624 49.2828190326691 52.3225168387095 53.4462829430898 50.9978334108988 61.4190051952998 57.899534702301 51.6182829936345 52.3732304573059 86.4814221858978
46.5668141841888 49.4516640901566 51.798348625501 48.3907709519068 43.0738081534704 39.8572037617365 47.4938650925954 52.9060661792755 62.2550199429194 58.3762625853221 55.8745016654333 60.761958360672 68.4690475463867 70.5732653538386 66.7466968297958 68.639079729716 69.060097138087 63.2485449314117 55.7123968998591 50.4448115825653 49.59770043691 50.9949028491974 53.8034290075302 58.5013727347056 58.8278671105703 63.2343192895254 77.4513383706411 83.8388601938884 71.590597430865 56.6372672716777 49.0392943223317 34.1868922114372 30.3146143754323 45.5196052789688 42.0062045256297 20.4570516943932 20.41898543636 45.4237212737401 47.6484596729279 32.1617474158605 8.18827996651332 5.00881082067887 13.8865597546101 21.2359428405762 19.9612118303776 21.712638437748 24.2705494165421 26.6146237651507 32.7353104948997 44.5166975259781 66.029300292333 119.509528080622
57.651142279307 54.5011560122172 50.6848096847534 43.9155797163645 34.4545642534892 28.5000056028366 36.7592101295789 38.0913615226746 28.7169267733892 28.0161748329798 39.4873693585396 50.8641302585602 57.1289658546448 61.0297520955404 64.1356259584427 74.4370073080063 77.1531015634537 68.6757961908976 60.2079778909683 56.9525261720022 54.3212393919627 53.2689889272054 55.1292349894842 54.362416267395 55.2790661652883 59.5944027105967 67.0225620269775 68.6433017253876 63.4840627511342 44.4287310043971 43.5597002506256 38.6156092087428 34.5806752641996 53.8959801197052 60.2924078702927 48.3943770329157 38.6191954215368 24.4136452674866 37.1250261863073 38.4243528048197 25.7605190078417 11.737530430158 13.5546053449313 14.0522743264834 8.61299348374208 9.53809916973114 17.4150839447975 19.5527051885923 20.6473295887311 44.9357728163401 91.6421016057332 135.231633981069
60.492937763532 53.9652208487193 49.2508262395859 45.5308357874552 38.6443063616753 32.810444633166 28.4466991821925 24.0211760004361 9.13293162981669 16.9317026933034 33.0806995431582 45.5244878927867 45.6076314051946 53.1686842441559 66.3491785526276 82.3011000951131 87.9972179730733 80.8727741241455 72.6035038630168 68.6924755573273 63.0892217159271 62.1462762355804 60.4220082362493 54.8135538895925 55.1017224788666 53.8232227166494 57.295228044192 56.6502958536148 52.0962576071421 37.7281233668327 36.0359003146489 37.5305141011874 33.8080649574598 56.118980050087 76.4415810505549 79.6068807442983 54.0662507216136 18.1349155803521 14.6661972006162 20.1784372329712 20.6288918852806 18.25084288915 19.399669021368 18.4336006641388 11.5532279014587 8.04294211169084 14.414998392264 25.0841503341993 32.7012613415718 58.5003644227982 123.230427503586 154.33340271314
62.9536708196004 57.6644837856293 56.3673079013824 57.4194590250651 54.2012353738149 47.9663411776225 42.953943212827 43.388639887174 42.1256572008133 47.6285517215729 55.6103785832723 61.1790120601654 61.9756877422333 56.9088459014893 67.2086079915365 83.0034166574478 93.3156212170919 93.6010877291362 86.3191882769267 76.4919370412827 70.7665781180064 65.501943230629 64.6672447522481 64.9921596050262 57.1880489587784 46.4122196038564 45.5830345551173 48.3905424674352 45.0722475846609 44.3858802318573 28.7000114719073 21.266204615434 17.6349319517612 38.2333075006803 83.5573573907216 93.6966041723887 61.1866613229116 22.0992416143417 9.2396525045236 9.33221292992433 12.4522956709067 10.3308806816737 20.9779938062032 33.5736225048701 35.4080647230148 23.290033141772 20.2119375268618 38.5517800847689 64.5173142353694 109.565198421478 141.971667607625 154.917577902476
63.7683073679606 61.0696872075399 61.1452410618464 62.5052402416865 62.0257357756297 58.3779066801071 58.0824712912242 65.9533093372981 82.342321674029 78.2373646895091 69.6044365564982 70.2575544516246 76.4529407024384 64.0122691790263 65.4817471901576 73.8374392191569 82.6092312733332 89.3464982509613 90.5256668726603 83.6303035418193 77.8398017088572 71.6338256994883 67.7320708831151 63.8007670640945 59.9787731965383 46.1443364620209 34.7619404395421 38.2629781961441 39.1714175542196 20.7460597157478 15.633179495732 13.6896694699923 9.05619189143181 9.03584435582161 78.8360337416331 95.1510369777679 75.669343272845 63.3319616317749 31.7074085275332 5.04310863713423 0.705566722899675 0 11.0068097710609 38.8295377294222 45.3186929225922 35.7593894004822 34.4389751553535 57.7835440635681 115.687002738317 160.475591818492 153.243958950043 140.6296590964
62.9763007164001 59.5456858476003 53.9341519276301 49.2813885211945 49.561267097791 51.6413599252701 51.6624748706818 63.891460498174 74.3908087412516 69.4552958011627 59.4036678473155 59.4284286101659 70.8426237106323 65.7249788443248 62.1804694334666 61.3254606723785 62.492440144221 69.2753394444783 79.5298914114634 83.7844510873159 79.4881284236908 73.5335846741994 66.2292192379634 62.1150732040405 53.3210784196854 47.9303449392319 33.6058586835861 28.4357989827792 34.9707653125127 31.8055227398872 15.6005248427391 10.3443500896295 3.43765442570051 0 0.297039184564104 85.1698915163676 92.0611123243968 103.16060980161 84.6526722113291 35.0140382846197 4.16055352737506 0 4.19742427766323 21.4057589570681 50.9651203950246 71.0804462432861 92.3958818117778 143.503665924072 184.578935305277 194.789707660675 179.129600524902 146.101663510005
65.1813298463821 63.0922814210256 57.1502894163132 50.3097673257192 48.767477273941 51.5385121107101 43.8799808422724 41.1044086019198 42.0263359944026 38.6938105026881 32.6125770807266 30.2001883586248 34.2296610275904 52.7076870203018 59.5955898364385 54.7998050848643 43.8491006692251 39.3786678711573 51.0588139295578 71.9383805990219 73.6775100231171 67.8740441799164 61.4537845055262 57.0690631866455 50.2027074495951 46.6649184624354 37.5754510362943 17.1122848987579 26.2440542380015 40.680393576622 21.995854874452 14.6045486132304 6.30457326769829 0 0 65.2535210053126 105.100780725479 119.872540235519 106.248080730438 76.6756435235341 43.0302321910858 12.3167025546233 8.40233638882637 28.1608998775482 60.707742969195 124.94366367658 166.399935881297 197.226623694102 206.109881401062 205.399771531423 195.540467898051 166.325787703196
66.9179260730743 66.8459832668304 64.2522027095159 60.63611805439 58.6975266536077 57.8861385583878 42.3839340607325 28.1015411019325 28.5664598147074 30.8150872588158 28.0434663097064 25.3032793601354 26.5736430883408 48.606996734937 62.496413787206 53.5992433627447 33.472940325737 21.6033756732941 25.143896540006 41.9356375932693 51.9939810037613 55.108239253362 55.8514843384425 49.2806533972422 43.2832886775335 38.8529698053996 27.3804366588593 9.18088977535566 18.1866822143396 43.9773152271907 52.9474566380183 45.8953082561493 25.6937841574351 0 0 42.6079084475835 98.6894170443217 106.887559096018 87.3381992181142 84.3044916788737 89.6335045496623 74.2313216129939 51.7092992862066 66.95356965065 120.134760936101 165.607551733653 189.007043838501 200.050274531047 201.793789863586 199.448227882385 194.406390190125 171.732445557912
