input/barkrak2/radiation/dir09124.grid
NCOLS 85 
NROWS 70 
XLLCORNER 665100 
YLLCORNER 4664600 
CELLSIZE 20 
NODATA_value -9999 
[rows 20 to 39 of 70, columns 0 to 45 of 85]
89.736928542455 77.2428214550018 83.8660001754761 106.99208577474 101.01972023646 87.5320732593536 80.742821097374 91.9151306152344 106.895844141642 118.983646233877 125.218937794367 120.561828215917 119.821031888326 123.664349317551 134.323835372925 152.806182702382 164.867500464121 173.507253328959 187.5239610672 203.237970670064 212.674975395203 200.664063294729 196.580648422241 202.47886578242 202.801903088888 203.088243802389 199.133694171906 208.437085151672 203.072428703308 197.468797365824 200.688401858012 197.314103444417 197.984496752421 186.44251426061 182.515263557434 188.812136650085 188.190559546153 190.199653307597 194.90526119868 199.414988358816 201.004087924957 201.582729816437 204.464077949524 197.273373603821 203.551550706228 208.179950714111
119.883954524994 108.86957248052 104.642699162165 131.495952606201 128.497173388799 88.829775651296 91.4040009180705 103.102952241898 112.327516078949 118.964314460754 116.542637348175 118.03604165713 116.566717624664 115.34055074056 125.57977437973 140.588899453481 155.141333738963 166.235824426015 178.974330425262 195.45324643453 203.533132870992 216.730316480001 220.857322216034 220.065534114838 210.254430770874 197.691202163696 185.798406600952 180.482645829519 190.451900164286 175.546367963155 169.764320055644 142.696092526118 125.217656294505 112.707207600276 131.730725367864 154.088119665782 163.474559783936 181.252360343933 194.318115711212 195.676445960999 192.637463410695 191.566526889801 183.625996112823 164.538015921911 190.620621045431 202.655176321665
167.757888635 165.478944778442 149.062762657801 152.252465486526 150.903602441152 112.41007844607 114.429146051407 111.864527066549 111.770610014598 113.216072320938 118.498076995214 121.807873249054 123.130093018214 127.603759368261 130.561182896296 139.067669709524 152.264088392258 164.604167143504 173.847575982412 176.771779855092 182.952920595805 197.065929571788 207.717974980672 210.958242416382 207.190930843353 200.166722138723 181.782643000285 172.23197221756 172.395467758179 156.24992052714 134.760409593582 90.2288158734639 61.9104454914729 46.6826458772024 50.0833888848623 73.6029793818792 104.509135087331 138.365745544434 163.017779588699 175.986766815186 182.81763792038 185.300350189209 156.404832998912 131.127228339513 164.726068576177 199.893752733866
203.440189361572 196.063935756683 167.905847231547 158.863802750905 156.502485275269 149.239778518677 136.600146691004 116.973340511322 105.668644110362 109.554906686147 120.541592439016 125.555952390035 134.815901517868 145.112136999766 141.834576924642 143.545836210251 151.286780834198 163.121670484543 170.42076587677 161.050448815028 162.219077348709 165.720591942469 177.871624628703 188.359161218007 192.710518836975 189.912378787994 176.032900810242 157.419780890147 148.811767498652 112.577180067698 82.266757885615 68.4734433889389 36.7650141318639 6.80512438217799 2.72613298147917 15.1591238876184 47.183300058047 75.9440114100774 91.7886296908061 108.907173077265 117.911885182063 112.790107727051 118.17412575086 145.417640606562 158.006886641184 188.679337501526
199.475884437561 197.209735711416 183.07771285375 162.661870320638 147.807101408641 148.655752340953 137.7794444561 126.606563727061 118.653297424316 114.876687526703 118.819564580917 120.502889156342 133.806010087331 141.258259614309 144.12334561348 143.516778945923 151.143650213877 161.538630723953 167.692224184672 160.764078299204 161.928335825602 156.945089499156 165.637443463008 171.626965204875 173.61181974411 170.61984539032 161.372760931651 145.913730065028 130.70739308993 84.6179922421773 70.5532232920329 67.9610272248586 45.5775111913681 6.84360973536968 3.01729732503494 15.8397145569324 33.7847545742989 49.1290390491486 60.0855499505997 62.054509917895 62.4547054370244 59.7372353076935 87.3305201530457 175.004402796427 177.532911300659 189.087510108948
186.33238474528 191.795289516449 191.539565722148 167.868832747142 148.369600375493 149.784674247106 149.638464053472 158.405204614004 155.742009480794 143.245120843252 133.229782183965 142.939647038778 147.139529387156 154.730319976807 156.268944342931 148.365636666616 151.36397878329 162.48740752538 167.61714220047 171.143194039663 173.696458339691 169.47736342748 165.520926316579 161.725074052811 161.260495583216 161.608556906382 153.562307357788 141.059925158819 117.539505163829 102.178792158763 100.830713907878 111.819436152776 106.364627679189 46.1502969264984 22.0488558212916 32.5016900897026 37.4828030665716 45.7574476798375 49.1797029972076 47.9850073655446 43.5890158017476 48.1003671884537 95.618466536204 175.568997859955 196.120540301005 199.592451254527
186.058878898621 191.254655520121 193.209707736969 174.91090297699 165.156920750936 168.530404567719 177.971561749776 184.749960899353 191.989362239838 184.167663256327 160.723686218262 169.143795967102 164.298375447591 170.154611269633 169.183890024821 157.049814860026 153.059273958206 163.872609535853 171.307345231374 184.776206811269 187.342345714569 184.076507886251 174.641291300456 165.582627058029 164.095342159271 162.587195634842 155.184457699458 145.084093014399 132.998724778493 138.211458921432 154.035409291585 179.708977540334 188.509424527486 175.992131233215 106.938232978185 54.5441210269928 51.6569713751475 53.6878208319346 56.0842901468277 45.7625140746435 67.0315126578013 100.1917719841 141.849309206009 174.76216952006 193.295737107595 199.11527633667
188.814500967662 186.471660931905 188.146015008291 178.580721219381 196.462253729502 194.049994150798 200.770099957784 199.818253517151 203.530053297679 201.176603635152 180.727918942769 168.91223192215 167.951544125875 170.679152011871 172.54759867986 169.369419415792 162.502606709798 170.199970404307 183.501819769541 190.098265806834 187.422295411428 177.146911621094 173.190951347351 172.393361727397 172.7334856987 169.583559036255 165.993243455887 161.978423595428 167.764703432719 178.812682628632 196.389476458232 208.992163340251 216.583748658498 228.710989157359 205.080469449361 108.626077572505 69.5177018642426 59.7927371660868 54.2382647593816 47.8915522495906 90.922087430954 174.902141094208 166.762332121531 152.439574400584 169.312218825022 165.069103240967
190.052350362142 177.821497122447 180.100957552592 184.12713209788 218.992968400319 207.947631676992 199.331164360046 192.637840906779 183.585604031881 182.543396949768 165.966620047887 160.608212153117 165.82045952479 171.607295672099 175.961593786875 178.401112556458 172.167638937632 169.183015823364 180.072287718455 181.869109471639 178.586602210999 171.703318754832 171.212434768677 176.86132589976 179.160912831624 172.537644704183 173.366030057271 172.092815240224 174.621085325877 194.250265757243 214.012145996094 227.646013100942 233.150899410248 234.110911687215 237.075130144755 181.963185469309 78.1805763641993 46.1123387018839 29.4167747100194 43.7881251176198 106.059124072393 164.754609266917 154.071539640427 117.549568414688 115.741471449534 117.617189884186
182.380159695943 169.905662536621 173.95297686259 193.446576595306 218.892693519592 205.915490786235 184.04875199 161.964734395345 147.268186012904 134.857336680094 138.926366964976 140.344808499018 156.866649786631 170.177340507507 176.086207230886 183.870454629262 181.105971336365 167.46719678243 170.931120713552 173.173824946086 171.854873498281 172.275106112162 172.563374042511 178.323169549306 181.507011254629 177.997946739197 181.207537651062 176.417231559753 174.113869667053 199.673771858215 224.39040740331 239.86295859019 238.37145169576 236.708343029022 247.754355271657 242.31485525767 169.600347677867 79.5228232940038 58.7298423051834 65.8606787522634 98.2321401437124 111.473977565765 121.455450852712 84.8197440306346 78.9793878793716 91.3183291753133
181.689421335856 186.869402726491 215.965926647186 260.093013445536 248.842080434163 212.747852007548 174.91869131724 142.378280560176 123.729010423024 126.490573088328 125.221679608027 121.94217244784 141.053994496663 171.174546082815 181.523342927297 189.258793989817 187.062819798787 174.187739690145 172.997017701467 177.18102534612 173.851946989695 179.912467797597 182.355423768361 184.057195981344 187.544306119283 190.275907516479 188.815136750539 187.100529670715 189.16396299998 209.52578385671 233.727733294169 245.096643765767 240.811785062154 246.877710024516 257.744272549947 262.224614620209 251.292884349823 213.043332099915 131.759852170944 88.5462959607442 78.8579235474269 80.3572336832682 95.2412784099579 82.1405152479808 76.6130387783051 97.2161889076233
199.771026770274 235.878805319468 277.658462524414 298.053105672201 300.561845302582 257.06148147583 205.258131027222 163.528978824615 144.459774096807 154.793520768483 143.848210573196 133.620043595632 140.527089436849 169.826785723368 187.969168027242 195.977906386058 193.582653999329 188.290317853292 180.370549360911 179.923991362254 181.537508964539 187.014718850454 188.903192679087 188.23782602946 191.178421179454 202.143788337708 203.467965126038 206.999858220418 208.18551381429 219.920118649801 236.596127351125 246.515393257141 249.306897322337 257.15579589208 263.508756955465 258.883992830912 256.536682446798 263.795097668966 212.716062863668 130.196313063304 85.7639809449514 84.0250551700592 83.2447061936061 88.0643725395203 103.941241900126 127.678235371908
256.608545780182 286.627233028412 299.883087476095 297.921121120453 311.054984728495 302.854180335999 271.111845970154 227.040906747182 198.072055975596 190.608978271484 188.732544581095 166.031062602997 150.924205780029 167.133986949921 190.184732278188 197.621385256449 191.746652126312 194.524268309275 183.264931042989 181.056141853333 186.267852783203 188.349843025208 188.999950885773 188.704291979472 193.899989128113 207.762281099955 212.997317314148 219.279587268829 221.110741297404 224.065283934275 239.066878954569 249.547859032949 249.491810798645 247.855981190999 250.168224175771 239.413559436798 240.762253602346 240.465541680654 205.528120199839 152.602831522624 114.74480231603 100.825488567352 86.9103074073792 88.330864906311 100.464959939321 136.5640660127
287.285486857096 301.43129825592 299.007693926493 289.768159389496 297.963678836823 307.275891304016 298.945049444834 268.423497676849 235.310951868693 218.704740206401 218.646089235942 201.06428861618 176.620443662008 176.391502221425 189.026276270548 193.673193454742 186.477541923523 190.427442391713 183.851261933645 183.401187260946 184.296011924744 185.473223527273 184.443751970927 183.314104874929 190.729379653931 203.085164229075 215.305288632711 218.012710412343 219.753265380859 229.163984457652 241.503119468689 243.070761362712 230.333348115285 220.935662587484 224.26974773407 204.709887504578 203.888912995656 192.139446735382 159.215668837229 133.496363957723 143.524994452794 128.549804290136 106.659183899562 93.622883160909 92.642605304718 112.190186977386
297.321538130442 300.007780392965 303.529779116313 295.126597086589 294.134716192881 299.919545650482 307.212034861247 292.876124382019 256.471594174703 229.119221369425 221.253593762716 218.431750933329 210.038006305695 194.619417190552 188.865045706431 190.905968348185 185.335596402486 182.181278864543 181.461453437805 186.351279417674 179.953138033549 178.98416519165 181.882262229919 182.970623175303 187.805493672689 197.138071060181 206.899801890055 207.016448179881 212.496240933736 228.427708148956 237.089614073435 229.408621788025 217.01850493749 213.827828566233 206.17421468099 188.434739907583 192.07223256429 189.811726411184 176.218469937642 158.57736269633 159.54261024793 164.725432793299 146.1387972037 125.96528728803 111.369868119558 100.558737913768
303.632100423177 304.226040840149 306.479235490163 304.862221082052 298.897584279378 298.182169596354 303.913533687592 300.644814968109 266.674717267354 236.416359742483 224.526206652323 224.429647127787 224.330504735311 198.958237965902 191.908935705821 192.714154720306 188.88254960378 178.721706072489 183.077454566956 184.106767177582 180.300970872243 177.070577939351 180.906633536021 185.306906700134 184.618830680847 190.39511680603 196.611066659292 198.222597440084 204.004903634389 224.083344141642 229.973534742991 224.217613538106 219.591001669566 220.558643341064 202.001949151357 194.947401682536 200.767477353414 206.546664237976 207.795659701029 191.4342045784 150.576690832774 150.937189658483 138.898322979609 126.681288083394 111.18092139562 82.4629167715708
297.02087243398 299.059589703878 301.953415075938 301.178832848867 294.227441151937 290.655175844828 298.121571540833 302.809874216716 274.272958437602 241.176605224609 223.47503900528 213.531772295634 215.798715750376 195.967694123586 187.498688697815 193.367739518483 198.133885860443 182.660738627116 184.98295545578 189.836184183757 188.30398718516 182.263274987539 184.260884920756 188.047349452972 185.441732406616 187.056422233582 193.682789802551 199.658989906311 204.807678858439 218.358079592387 228.917837142944 227.041125297546 221.129894256592 221.867680549622 202.956795692444 205.449938774109 208.540360132853 214.813947677612 215.813060601552 194.769700368245 128.295421600342 101.453800996145 88.719387849172 81.1036328474681 75.4674275716146 76.9346306721369
282.696406046549 289.590398470561 295.014500617981 293.542663256327 291.10453526179 293.494760990143 299.225270748138 303.510983784993 290.260096391042 246.564865112305 226.731975873311 208.969553311666 201.876203219096 192.132572333018 183.509131272634 188.881635665894 200.337926546733 192.290902137756 187.694549560547 192.648569742839 192.746659119924 187.607864538829 185.869256655375 187.897384166718 188.776612281799 189.290225505829 192.533353964488 201.815545558929 206.644912560781 211.238245169322 222.849706808726 228.939056396484 224.771440029144 202.542841434479 196.642796198527 214.429020881653 222.178816795349 224.530259768168 218.066275119781 204.66411113739 123.182197411855 69.0178573131561 48.8986968994141 35.5570962031682 37.2921749949455 49.6094326178233
253.959238529205 263.335665067037 270.49042781194 274.22567208608 278.645733992259 288.145979245504 295.246243476868 298.364639282227 289.661407470703 257.287621498108 234.596272309621 213.966886202494 201.022585233053 198.499063650767 190.444111824036 183.694958686829 196.051597595215 197.249035040538 188.980539639791 188.239951928457 190.454403559367 186.504165331523 182.234168052673 185.115933418274 188.350856304169 192.434092362722 193.372329076131 198.740243911743 205.079019069672 206.029295921326 215.681632359823 226.859132448832 220.609843730927 194.029788176219 202.216108640035 230.061729749044 235.267837842306 229.428092638652 219.954629739126 218.652963638306 182.203888893127 94.6650803089142 49.5173335075378 38.5998760660489 37.4670947591464 37.1966635187467
221.208016077677 226.840853691101 226.54656569163 236.560543378194 250.041127204895 266.000628471375 275.591492652893 283.384521802266 280.638496081034 259.143014748891 232.605318228404 212.309797604879 198.285579681396 196.940978368123 192.00074672699 184.479594230652 190.876881281535 191.06262922287 184.083839257558 183.305223782857 186.501542727152 190.956234931946 188.718358675639 183.387180169423 183.797279993693 187.5901222229 193.424344062805 198.071579138438 202.703773975372 203.550895055135 205.834607283274 217.236657937368 211.520671844482 199.386755625407 227.685948212941 244.001825650533 239.792784055074 231.731573740641 227.335234483083 235.467175642649 247.683505217234 211.056768894196 124.577234188716 78.2966067393621 53.620715936025 36.4757627248764
