input/barkrak2/radiation/dir06124.grid
NCOLS 85 
NROWS 70 
XLLCORNER 665100 
YLLCORNER 4664600 
CELLSIZE 20 
NODATA_value -9999 
[rows 21 to 41 of 70, columns 0 to 46 of 85]
61.1801147460938 48.375258843104 37.3923654357592 51.9949048757553 48.5277076562246 27.7808184425036 31.9208254416784 40.2860790491104 41.2443404396375 43.8468803962072 48.3597566684087 47.7353831132253 49.589882294337 48.1592963139216 56.1825235684713 70.419654250145 85.5901837348938 95.8019693692525 106.285601854324 120.762715737025 130.217880010605 143.558998902639 149.715850750605 149.417748053869 141.386717557907 131.009757518768 117.670466502508 116.990089416504 126.404821872711 110.371927420298 89.4328951835632 74.1073191165924 45.7956492900848 36.5198850631714 18.4493487079938 18.9566512902578 24.9974479277929 36.824956536293 67.2256648540497 72.1147308746974 73.7196505069733 82.1919937928518 77.6303857564926 70.1591819524765 91.4799670378367 104.409118493398 110.084742307663
103.10173034668 96.7648724714915 73.9956299463908 70.4359312852224 66.7363951603572 41.5064444144567 50.2621630827586 47.159880399704 39.558803041776 41.3188139597575 47.8365967671076 50.5588899056117 53.409218788147 56.0455173254013 58.367778857549 65.4472609361013 78.8785070180893 90.2357598145803 98.6921489238739 100.8154352506 107.685744762421 123.185157775879 137.798627217611 143.438200155894 141.739318768183 134.662657976151 119.676729043325 111.600776513418 102.711856365204 102.073858181636 65.2609417835871 35.9519173701604 19.5498764514923 3.3764261752367 1.72533420845866 2.55946069955826 10.2159467836221 20.7333204646905 30.0693536798159 36.5647599101067 48.2639521360397 57.7757855256399 48.2098559538523 41.9616500536601 70.2119121948878 95.031479994456 101.83909535408
138.742317756017 127.907852331797 94.1226283709208 77.0502338806788 72.2183088461558 70.7980543375015 65.5613243579865 46.9812204440435 37.1987173954646 37.4199698368708 48.963338136673 53.3820589383443 58.0508410930634 67.7030086517334 66.1370406548182 66.3946121931076 76.0550002257029 87.0288809140523 94.4552620251973 86.8133107821147 86.8322054545085 92.2672251860301 107.376714547475 119.59453423818 127.878030141195 127.249618371328 113.420357306798 109.838445981344 86.2993200620015 43.7412758668264 37.6341938972473 26.3917148113251 3.76984570175409 0 0 0 0.389997071276108 5.40576440592607 9.43551336725553 7.1306141714255 12.2548304498196 0 21.7382435997327 51.0473996400833 67.6028033097585 86.4456792672475 94.911923011144
137.84318168958 133.891185124715 113.032877445221 82.0666054884593 63.2606546084086 68.9497540394465 63.379317522049 54.2055368423462 44.7200735410055 39.9118661880493 45.4408973455429 50.1349171002706 54.4664512077967 65.1628275712331 64.8584266503652 66.4547632137934 73.745201031367 84.9183996518453 93.5795307159424 85.5686863263448 85.6805841128031 82.028865814209 92.8482015927633 101.245105266571 107.935537894567 109.403441349665 103.317479292552 95.8313941955566 75.2527167399724 36.0187689463298 29.2500580350558 27.6235689719518 10.9119514624278 0 0 0 0.00254112698409396 0.994930587088068 1.51825758318106 3.95509817947944 0.373980884129802 0 10.1477392017841 79.1608343521754 80.290546019872 89.8553729057312 96.9304243723551
123.857438564301 128.933300574621 122.15456366539 91.804713010788 64.1095638275146 68.8781589269638 69.552555680275 77.4732828140259 73.4614233175914 63.345675667127 55.1629364490509 61.3640050093333 62.4737987915675 74.8784840106964 76.3133267561595 69.2663093407949 73.088934024175 85.5121115843455 94.6371257305145 97.5038210550944 99.9183555444082 94.119389851888 92.6778018474579 91.9873913129171 95.4565405845642 98.1074074904124 93.5776233673096 88.2650117079417 67.1590715646744 49.3315011262894 51.1624018351237 58.8231931130091 51.5839159488678 5.6369211524725 0 1.09827565029263 1.06997586165865 1.71718917166193 0 0 0 0.128534942632541 21.4209705591202 79.654797911644 96.8741774559021 93.7770406405131 93.4555729230245
122.673918803533 128.277043501536 126.539687315623 101.822912693024 79.7066539525986 85.1207276185354 92.8664406140645 101.422667503357 105.345149834951 97.8148976961772 75.7622569799423 79.9599488576253 80.7911405960719 89.4371072451274 89.5650287469228 80.3347577651342 77.0990053812663 88.2798433303833 98.1918076674144 110.328098138173 112.715115149816 109.135915835698 101.866155862808 94.4889187812805 96.2566733360291 98.8673766454061 93.1126475334167 95.0857102870941 85.0424369176229 85.5205357074738 96.2469677130381 119.447956482569 128.802319367727 108.603109916051 25.8871838450432 6.53956457972527 5.86584334572156 4.90484697123369 1.55619004120429 0 3.55857238173485 20.3028358519077 57.2600563367208 79.1677385568619 86.6485039393107 83.4813813368479 82.9577346642812
124.615589777629 123.15978606542 123.604675134023 107.860505580902 110.473960638046 108.724157015483 117.558926343918 114.334613084793 116.726050774256 111.472308635712 90.3125703334808 83.7636192639669 87.496687968572 92.3299690087636 93.2314991950989 91.8567975362142 84.9703152974447 92.8352077802022 108.251949151357 114.320814609528 113.409568866094 103.436539570491 100.64356525739 102.32342282931 104.196548461914 103.60844930013 101.447472969691 108.369241158168 122.27941552798 129.007279872894 137.764662504196 146.396736303965 156.529684861501 169.664363066355 128.00591190656 31.1211893955867 9.78651270270348 7.11748128135999 3.61538026481867 0.0579784973524511 16.2169635295868 76.5930563211441 77.5810976823171 67.6223834355672 70.3251212835312 63.5709265867869 62.6699278752009
127.494186162949 115.239560604095 116.404215494792 112.233062585195 131.192117929459 122.361401716868 112.913509209951 108.541737000148 104.552666346232 93.8085118929545 83.0903699000676 77.441265185674 80.7542403539022 91.7902886867523 94.5400297641754 100.371946891149 95.2211121718089 90.7542208830516 103.49977016449 107.733835776647 106.728613376617 98.5114773114522 98.7894634405772 106.775293747584 110.213855902354 106.117308139801 107.068737347921 110.563725233078 132.545292377472 145.960758129756 159.610062837601 169.335862000783 176.294465859731 179.4646581014 173.999746640523 97.5956122080485 12.1411917110284 2.67984407643477 0.32480505372708 0 29.8430994153023 69.3210065364838 64.3385251363118 41.3685515522957 42.6967144012451 40.9602473179499 47.2414592901866
127.758572498957 108.418057362239 110.083758831024 119.79803442955 130.476037661235 120.798567930857 99.0933378537496 82.6322734355927 70.4929927984874 64.2068237066269 63.3749266465505 66.0437246163686 75.3855556249619 91.0913248856862 98.7642407417297 104.982038338979 102.648218472799 88.5870854059855 93.7733848889669 97.7331598599752 98.4886288642883 98.6303389072418 98.5511243343353 106.401711702347 113.975216945012 110.30117670695 114.690532286962 112.069388230642 128.061910470327 150.796274344126 170.86919148763 181.606968243917 182.860573132833 183.128694693247 194.05730565389 177.944163481394 88.3034269014994 11.5960004429022 6.77463536461194 8.65180790424347 25.6132259964943 39.966511229674 46.8101898829142 24.5133092006048 20.6479902068774 25.8051007986069 42.7846809228261
124.672790368398 127.229660749435 152.842869361242 190.880914529165 162.754793961843 125.062803427378 90.1949306329091 62.4685784180959 51.613579193751 56.2472293774287 52.3721426725388 52.1968801816305 71.8842645486196 91.1912719408671 103.073865175247 110.764573017756 109.491169452667 95.3903794288635 95.1860944430033 100.480377674103 98.4024306138356 103.146304686864 105.05880912145 109.127461910248 116.686185201009 121.736983458201 121.560533841451 122.976342837016 132.351497809092 156.980415185293 180.595676104228 187.37804889679 183.915734291077 193.054457505544 206.536173820496 212.762395540873 186.894675095876 125.759065151215 47.2729901472727 20.0310585399469 15.3248781959216 13.9727244774501 31.2340731422106 21.4874098698298 18.3247849345207 27.140607436498 49.0173250436783
140.455702940623 177.405059337616 226.706385612488 248.218894004822 230.006198088328 171.264628569285 119.018097718557 79.1081488132477 69.0854638814926 76.0233948628108 66.6011422872543 57.7149291833242 71.9529688358307 84.7333570321401 108.971903721492 113.834291696548 112.760066986084 107.008308172226 100.362221399943 101.718793312709 103.156318267186 106.365064779917 109.160840511322 111.307640870412 116.795043150584 130.841374397278 132.59877761205 138.490090767543 144.689341386159 164.799789587657 181.449055671692 190.189123153687 192.487597465515 200.653731822968 209.714670976003 207.597096761068 204.310218493144 194.639563560486 122.688472270966 45.7062423229218 18.8270968695482 19.4149737556775 23.0115503072739 25.3333499034246 32.8581233819326 43.5755699872971 60.7883681853612
203.500052293142 239.273428916931 260.861059029897 261.790414651235 262.259682019552 236.767252286275 190.658549467723 149.75693821907 118.890623251597 109.295864899953 103.862504164378 87.5283976395925 74.583038687706 79.647421836853 109.527478615443 115.940243005753 111.590494712194 111.933181683222 102.609852949778 100.523869196574 105.644543965658 107.313464085261 108.352204163869 110.719343026479 115.918685992559 132.502108812332 139.176944891612 148.610860109329 157.350728909175 164.697269598643 179.410099983215 190.475602944692 191.818435986837 188.846707344055 192.266384760539 177.418033281962 178.703546524048 166.458000739415 129.58495815595 69.5793479681015 34.6734200914701 31.6728875041008 27.0992641647657 26.4764353632927 31.9076875845591 20.7627055545648 19.4402237733205
250.647942225138 265.592773755391 266.643802324931 264.482021331787 266.642133394877 264.795263608297 243.718405564626 198.18369547526 158.340692520142 137.005666891734 136.676202217738 123.452395200729 97.5072681903839 94.4249033927917 107.069879770279 111.822088559469 106.597552696864 107.703457276026 102.483729521434 102.960159381231 101.9386947155 103.425333897273 103.097299734751 104.982952276866 112.442245086034 125.692427158356 138.481328884761 144.078095753988 152.788639068604 165.96508026123 178.565045197805 181.733230749766 166.992167631785 159.055550893148 158.611675103505 142.209072907766 142.756203810374 127.578318119049 89.3570780754089 54.5345147450765 58.5520565509796 52.4462958176931 39.8436859250069 30.056228240331 10.2894473820925 10.3116470078627 7.41486623883247
261.90173625946 266.359090805054 264.375388622284 264.793753623962 264.503916104635 265.265067418416 260.712961355845 229.114174842834 181.190212567647 150.541732708613 147.700279951096 144.725114107132 125.523785750071 110.875109831492 107.627014319102 110.233644644419 105.32953341802 100.825140873591 102.623760700226 105.554312467575 99.866509437561 100.268930196762 103.411287069321 104.635367790858 109.198908011119 117.300033569336 129.730413357417 131.712049245834 141.091903050741 160.193413496017 171.673357486725 163.920690615972 156.398952007294 150.173823038737 142.296423514684 126.997798681259 131.221810976664 128.358662128448 108.91459385554 76.7715076605479 77.664906779925 84.0989351272583 67.4719661474228 42.898620168368 12.3374710480372 1.07981862189869 0
257.376432418823 259.994188944499 257.912596066793 259.433309237162 257.677714029948 254.546006520589 251.810491085052 235.536595185598 189.582308133443 158.677895863851 149.026215076447 146.907567977905 141.683975855509 122.004052003225 112.088660399119 116.861869891485 110.152661800385 100.056032339732 106.018364429474 106.96479678154 104.016949733098 100.904524326324 104.836344718933 110.668003559113 108.643045028051 115.922927856445 121.324519316355 121.884405612946 130.538721879323 152.04315384229 162.521342436473 160.34722328186 158.692896366119 159.697115421295 140.769829352697 133.825858434041 138.694862524668 145.662705103556 141.110102335612 110.400309165319 71.4329332113266 71.9224115212758 42.6453401645025 9.61306070288022 3.89936783661445 0 0
239.122827847799 242.250402768453 242.441137631734 240.189890066783 240.195314089457 238.775451978048 243.146042029063 237.661679585775 201.788743336995 165.546516577403 150.592029094696 142.430702845256 138.99227976799 121.61656220754 110.060354073842 119.27451690038 120.637585719426 106.055517991384 109.830021858215 112.948517004649 111.70901854833 107.55917429924 107.723365227381 113.043953975042 110.518058141073 110.854059457779 119.428277015686 127.594461043676 131.867627302806 146.746714909871 159.029453992844 162.243584791819 160.046597321828 163.358261187871 143.991341193517 144.681533177694 145.279328028361 153.651396433512 153.555850187937 120.058178901672 49.6163566907247 32.3501949508985 6.59866506854693 0 0.811904358367125 0 0
216.910243034363 225.699305534363 235.480030377706 233.271698156993 232.856730620066 236.979146798452 244.777301947276 246.310830116272 223.472019036611 180.509686470032 157.160232464472 137.312144041061 125.683049360911 116.742819547653 106.431225935618 113.464494546254 125.321934620539 115.097900231679 112.251112858454 115.416983763377 117.123703161875 112.093230088552 108.807682991028 112.416654825211 113.621771335602 112.778564294179 117.775489886602 127.841452757518 133.124907811483 138.374755779902 152.832478284836 164.045552412669 162.693321704865 153.636515140533 139.295468727748 155.718902746836 160.972307125727 162.020266056061 160.269637902578 135.195046663284 41.108563542366 7.07065189878146 0.26157166576013 0 0 0 0
180.674354235331 191.884954770406 199.573814868927 205.281933148702 213.783462842306 228.241900602976 240.390280882517 246.747016906738 235.193610191345 196.844935417175 169.23729578654 141.559759775798 124.631951252619 122.556388378143 112.499018510183 107.165853182475 119.740883509318 119.162559509277 112.729688485463 112.242688735326 114.323774973551 110.669394334157 106.763104597727 108.101010322571 113.063822189967 117.376784483592 118.433425823847 124.456465244293 131.281832853953 132.563650608063 142.323066790899 160.805404186249 160.247216622035 140.529235204061 144.554138183594 168.763379255931 173.298001289368 169.594685236613 164.292921622594 160.299748182297 107.080707947413 21.2796156605085 2.55917261044184 0.0273097903118469 0 0 0
143.569846947988 150.962511698405 150.63214302063 160.697748263677 177.663902441661 193.917949994405 208.157340685527 219.494859377543 215.909878412882 191.835880279541 158.557752768199 135.380794604619 120.946188767751 119.57194407781 114.88531033198 109.173585971196 114.16498819987 114.522089560827 107.618262370427 107.230643431346 112.102101246516 115.038335323334 113.144169251124 109.613200028737 108.49725206693 112.522383530935 118.735770384471 123.608231544495 128.88291478157 129.816869894663 132.765740156174 147.600829601288 151.360700527827 143.742670615514 169.514119625092 183.295369148254 178.082525730133 170.494019985199 172.164042790731 185.387412707011 182.548562685649 118.04011464119 39.6041398247083 7.97855916122595 0 0 0
132.364223400752 134.228259325027 134.070605039597 135.089665651321 144.97904976209 151.77912513415 154.607027769089 160.641014575958 158.469547828039 141.818553209305 125.425388415654 120.513637860616 119.442562262217 116.549789905548 113.663683334986 112.702538569768 113.175839185715 112.71932721138 107.504596312841 105.803281068802 111.897965272268 117.65268445015 119.15510892868 114.410807689031 111.854026714961 109.850913286209 121.785879135132 125.442564487457 129.164079825083 130.947093168894 130.873511234919 139.409085114797 144.695738951365 155.698537826538 181.807359059652 178.913235664368 167.880356311798 156.970530748367 160.034477710724 175.36739508311 190.12184937795 187.970678011576 129.593799511592 46.9702730576197 7.95331535240014 0.516209984198213 0
141.034821669261 138.917734225591 138.313959042231 137.336115042369 132.929960886637 131.341646114985 128.578354914983 129.906962315241 133.692532777786 125.242590904236 116.518596808116 118.288973967234 120.992829402288 121.464788913727 118.589142958323 115.221401055654 109.778175751368 118.717531363169 118.048926194509 111.538579066594 115.247686704 116.171598434448 116.480509440104 118.458012739817 120.790243148804 115.205198526382 120.893985033035 126.826792955399 129.23476099968 132.404188315074 133.95282626152 137.74440685908 143.523792425791 162.85107533137 175.817926724752 166.337728500366 151.063760121663 139.960745970408 137.647211551666 150.873879591624 182.850480079651 188.572506109873 163.348972797394 99.0802745024363 28.7152131398519 5.80584319929282 0
