input/barkrak2/radiation/dir04824.grid
NCOLS 85 
NROWS 70 
XLLCORNER 665100 
YLLCORNER 4664600 
CELLSIZE 20 
NODATA_value -9999 
[rows 44 to 65 of 70, columns 0 to 48 of 85]
100.671033064524 106.475631395976 109.959810972214 110.6110115846 112.6449406147 114.981244007746 115.434050559998 110.933631658554 105.379889408747 100.923081239065 102.272709210714 99.0156233310699 94.997634490331 93.1554536024729 93.3573444684346 93.1258002916972 90.1615719000499 96.7857738335927 98.6233055591583 95.7569082578023 91.0218159357707 88.9209012190501 87.9459182421366 88.3379280567169 85.4803721110026 94.4221218427022 96.0057079792023 94.6745773156484 93.2505627473195 93.629111846288 88.4729623794556 87.3479644457499 93.1445558865865 98.8609890143077 105.706711610158 109.034428993861 113.748629887899 123.103201389313 127.486119667689 119.23760175705 117.262075344721 109.983464082082 105.458945035934 83.9223861694336 48.23832710584 8.0608744174242 0 0 0
107.606152693431 112.413267294566 109.533488750458 113.020280996958 111.130793889364 111.326962709427 112.700591484706 111.33207877477 112.168411413829 107.388973236084 105.86279630661 104.568819204966 99.164625008901 93.8621461391449 92.4137632052104 96.9841281572978 90.5754367510478 93.7289694945018 98.5181828339895 96.6438849767049 93.4181014696757 93.7692721684774 92.5212899843852 92.1800931294759 93.1684076786041 92.8589006265004 98.0241497357686 97.9012151559194 95.9884921709696 93.9244528611501 91.1478698253632 86.7550571759542 91.2761191527049 89.6973709265391 90.0521079699198 93.0081903934479 101.918449004491 115.647534529368 117.230504751205 102.41757829984 106.139212846756 99.7278193632762 98.201185464859 95.1713522275289 76.0436356067657 38.2227251927058 2.31965227673451 0 0
107.163846492767 109.141260385513 111.903925736745 114.333907763163 113.818963368734 113.599866628647 115.323960781097 116.919120152791 113.305201133092 111.242274443309 110.281030337016 108.902762333552 104.454795519511 100.62962770462 99.7153123219808 103.20371389389 100.007931391398 93.7817692756653 99.596381187439 98.1096724669139 94.8728124300639 96.5542793273926 95.5738027890523 92.4251973628998 100.538204113642 93.7534968058268 93.5107668240865 95.7669119040171 97.0104138056437 95.8108107248942 93.6167041460673 91.3538138071696 90.8059577147166 90.3766949971517 92.2102332115173 92.8002794583638 96.2218244870504 104.350795348485 105.9563656648 103.434721628825 102.084855238597 96.3623424371084 101.350824038188 110.152135292689 101.274599631627 66.142812371254 25.8032580216726 0 0
100.901047388713 103.33044330279 109.726121028264 111.367921034495 115.395327409108 116.664578517278 114.489763975143 114.011834065119 113.617151975632 116.259306669235 112.508048613866 108.153730630875 106.869439284007 106.454809506734 103.722880283992 102.28564341863 100.874731938044 92.3768877983093 97.2825586795807 98.745197057724 95.0714846452077 95.3039129575094 99.425882101059 92.3692981402079 94.5614775021871 94.1275258858999 89.1383290290833 91.9835865497589 96.1643358071645 95.7987109820048 96.1539347966512 94.2899584770203 90.5433396498362 94.0088530381521 105.269402265549 109.537969032923 106.285989284515 100.678890943527 104.46768005689 115.310311317444 106.61726196607 97.7262953917186 105.542023976644 113.791833321253 106.678992509842 84.7590665022532 45.6835925579071 10.335644086202 0
93.0542747179667 96.3475306828817 102.641930182775 106.719046831131 113.813767830531 117.459942897161 113.78945906957 111.844857533773 115.582187970479 118.155201276143 115.686198075612 110.921601454417 108.783096075058 109.177490075429 106.885612010956 101.097762584686 100.102762381236 93.6207075913747 97.6923604806264 101.652731498082 100.4918217659 100.018620491028 101.84841354688 98.0731646219889 95.5615838368734 98.6390312512716 93.4255222479502 95.71506579717 103.258649508158 108.105927705765 112.056066592534 111.169705788294 102.029671271642 104.310045639674 113.233625888824 120.380977789561 120.163261890411 111.530900001526 107.107450564702 113.657812277476 104.962189992269 95.7962175210317 93.7184393405914 93.693862358729 91.9840137163798 90.9084479014079 79.2572200298309 27.1807859341304 5.89536254604657
91.8511052926381 89.1912380854289 93.4759080410004 103.253702322642 109.094729026159 112.899909416835 116.024812062581 118.854870398839 119.659215211868 115.602572758993 118.08697382609 117.650906244914 113.523423671722 110.271086295446 107.970217863719 103.00342241923 100.939730803172 97.4308947722117 102.124551932017 106.798221667608 108.346650997798 108.039180437724 103.503197431564 105.859299500783 99.5955367883046 103.329698244731 102.906465530396 105.408648649851 112.177590529124 118.606001138687 130.468547344208 131.270209948222 118.374774853388 116.480608781179 113.893995682398 121.869613726934 125.854710737864 122.445364793142 113.583256800969 101.67407989502 94.5809086163839 95.3238507111867 93.9969221750895 88.8335804144541 84.8804513613383 89.4784331321716 84.6957564353943 32.0781593521436 7.2504331668218
92.5811032454173 95.7966049512227 99.4860132535299 106.370409329732 107.334574063619 107.686181863149 116.4663930734 122.108479340871 122.110038995743 121.226628621419 120.571911334991 120.048979918162 116.402765115102 111.417333285014 111.149450143178 114.458580811818 106.107135613759 104.868630568186 106.434166431427 111.953477064768 113.025645414988 110.454261302948 107.409586509069 107.134570678075 101.81983311971 108.52438211441 111.440638701121 111.260503530502 116.555094718933 125.451892614365 133.054037888845 135.563343763351 131.8712135156 117.56886045138 102.871606747309 107.574919859568 118.207991123199 124.337693055471 118.520428737005 96.5972046057383 88.9496703942617 97.4525809288025 100.084205468496 96.7673063278198 90.9073750178019 87.4887108802795 72.5632607936859 45.6455200910568 9.41092955569426
93.1490957736969 104.434529940287 107.204258441925 109.281202157338 107.127378384272 106.377124786377 114.237457513809 120.45606970787 119.835714499156 125.294804573059 123.068283001582 121.92581097285 119.625737269719 114.258587360382 113.576034704844 120.370984077454 112.882018089294 110.350430011749 106.892456610998 109.448214371999 109.887093305588 108.541886011759 106.570621331533 103.058169285456 100.916564464569 103.569676478704 108.681817849477 108.597218990326 109.739770491918 119.209229946136 128.328124682109 136.018991470337 129.769206047058 109.06308889389 76.1423011620839 51.2525637944539 79.2128344376882 108.523041009903 120.99301815033 122.664988040924 116.313020388285 108.019510904948 91.1876956621806 87.5888268152873 95.0226287047068 89.5767013231913 69.2114432652791 56.7148675521215 16.8128684163094
96.9695448875427 94.6164826552073 93.487153450648 96.406747897466 104.581465323766 109.644671281179 110.335737466812 116.647829612096 116.041839122772 121.25951051712 121.449053287506 123.733182748159 123.700231313705 118.08047691981 116.117308537165 114.735196034114 116.554190715154 109.118829170863 103.566408157349 101.680854956309 101.239035526911 103.567183017731 103.961229324341 98.2946356137594 100.472509860992 97.7851649125417 98.4188814957937 98.5607703526815 97.5863635540009 101.7178495725 107.860714197159 118.684351444244 114.451656738917 90.8063848813375 57.2960178057353 33.6903010805448 35.055473446846 58.4218402703603 101.962208747864 119.577139616013 124.746253093084 107.962518930435 87.072233359019 81.8416923284531 89.2768899599711 81.4230044682821 65.8107449611028 73.2674996058146 54.2229960362116
100.726872682571 89.687168598175 86.4727695782979 92.3045575618744 105.029364426931 114.205986261368 113.595366477966 114.77721730868 117.234607537587 117.062628269196 119.998633861542 122.550934553146 124.166905879974 122.667650381724 117.094059785207 115.165919065475 118.562360604604 110.704292853673 105.914870897929 105.698963006337 105.559438467026 103.25288772583 102.707664171855 98.2176562150319 98.6253420511882 96.0543155670166 96.1854656537374 95.7282582918803 93.4322873751322 89.8572603861491 83.120197057724 88.0097150802612 89.5729164282481 73.5122114419937 58.7224662303925 35.0504517555237 21.8580638368924 19.5385552942753 35.1670309901237 81.9345812002818 107.096254825592 97.913255294164 87.0885948340098 80.8661530415217 64.5698805650075 64.2594794432322 63.2420480251312 83.1004083156586 94.9803094069163
100.882271925608 94.8902666568756 91.6844805081685 96.9415307044983 107.076396544774 116.083900133769 118.968019882838 115.063458681107 119.668791691462 117.51201748848 121.768285830816 123.396853605906 124.708473682404 125.980238119761 119.695464769999 119.167705376943 120.271265506744 114.936252435048 110.610236724218 110.995878775915 112.051546573639 107.756247123082 105.51792383194 104.845523834229 101.7953256766 101.349870363871 98.4172224998474 94.474603732427 91.398686170578 83.5535923639933 74.4776576757431 77.8656254212062 82.8303595383962 83.7013026078542 81.9665342569351 69.5847123861313 42.4689501523972 26.9891868034999 20.3215107321739 29.7656208276749 52.0364592472712 75.8902231852214 52.0906448364258 43.2019780079524 42.7276988824209 50.5726685126623 67.0013278722763 75.4945774873098 90.1496311028798
104.6308974425 103.0013859272 98.3592967192332 96.3231921195984 102.361381053925 114.884197711945 117.651720841726 115.303377310435 116.942544778188 122.031499942144 128.358493248622 128.82736325264 127.428481976191 127.666264772415 124.255031347275 122.579634189606 123.826920986176 120.332588752111 114.950786034266 110.688438018163 109.52298839887 109.557012716929 111.548235019048 114.334175984065 109.90850130717 106.468399365743 98.7147291501363 90.5476907889048 82.2052657604218 77.290008465449 77.4953911701838 83.7853153546651 88.4422560532888 100.170652071635 107.469886541367 107.337425152461 89.5741979281108 71.7163483301799 58.0684840679169 32.6366970936457 35.9541649619738 62.35371530056 62.6460413138072 50.5415598551432 50.7250974575678 68.2663122812907 93.5891668001811 89.2338554064433 84.0176045894623
107.58184393247 106.952697038651 105.284084876378 100.726505120595 101.209988196691 111.493587493896 115.637252728144 115.648001432419 114.970554908117 124.15486574173 133.304496606191 132.213781277339 126.545955737432 128.624558448792 129.931390285492 123.229265213013 125.530501206716 121.016134818395 116.419454415639 113.15260330836 113.074541091919 112.642894188563 110.101491212845 108.709901571274 107.571959495544 103.754252195358 76.0716746250788 56.5484861532847 51.8235564231873 61.1113657553991 74.7339874505997 80.2227258682251 86.5005850791931 94.0088232358297 104.991555213928 116.490681966146 119.831661383311 99.3839005629222 99.5443264643351 70.9974368413289 46.6590225696564 64.2425864934921 81.1069905757904 82.1328709522883 82.235390941302 97.8662073612213 126.992344856262 114.995251099269 91.0294155279795
106.178959210714 104.304393132528 108.219126860301 108.594079812368 105.05798459053 107.782940069834 115.902225176493 116.713712612788 116.112252076467 123.694866895676 131.509164969126 130.189776420593 125.345091025035 128.476321697235 131.715397040049 120.674053827922 122.169812520345 120.184848705928 117.940644423167 118.89186501503 119.016577800115 118.022948503494 111.886888742447 106.760998566945 103.57333223025 102.794508139292 83.6205383141835 60.9810451666514 61.1561685800552 71.4869499206543 83.6555560429891 86.2291554609935 98.008652528127 109.169791142146 117.408593495687 127.346406380335 108.682771523794 58.0747822920481 58.5237443447113 69.1987027724584 73.4238624572754 88.1422360738118 93.4064487616221 76.4771550893784 48.5918869574865 77.3350099722544 103.653172651927 98.2138514518738 83.6082895596822
93.5761034488678 102.386881907781 105.884850025177 108.596076567968 107.981552680333 104.181994994481 115.681231021881 120.346665382385 120.020767052968 124.954442183177 128.405789534251 128.367880980174 127.164304256439 124.59268172582 126.011699438095 121.882458527883 118.111689885457 120.552857716878 122.186332941055 123.107502857844 123.739242553711 121.134012937546 118.210603793462 109.470725059509 107.431054115295 110.233267148336 105.180432399114 98.8573431968689 102.557669083277 106.141904989878 101.387629906336 96.3158408800761 112.545112768809 121.759335199992 117.624213298162 87.6208543777466 77.1705458561579 38.5170926650365 25.3563771645228 38.7977883219719 61.9207074244817 99.1499225298564 95.9584216276805 81.592783331871 68.5523450374603 71.8364467223485 88.4833534558614 93.3062732219696 90.994934240977
82.6512277126312 98.9791353543599 103.742301464081 106.45999511083 109.534243742625 105.073938767115 110.065102577209 119.875421126684 130.584925413132 131.699770689011 127.742846806844 125.662783781687 127.221842606862 126.107573509216 125.50429503123 122.734765211741 117.640286684036 119.424859682719 117.90943145752 115.503956874212 116.673588752747 115.201681852341 113.568842411041 111.621727546056 112.226217985153 117.293963829676 126.963118712107 131.034036477407 116.081535816193 116.261313358943 105.832527081172 96.4487989743551 106.865306695302 97.5719491640727 52.6312291622162 41.847770412763 40.0392934679985 30.9013972679774 16.8517592052619 12.2192390263081 14.7016731401285 52.0310352245967 93.3147966861725 111.114541689555 128.634333610535 123.29426407814 116.625527540843 114.608804384867 113.347411155701
84.4000478585561 95.4873363176982 103.755881388982 106.499294439952 107.955435911814 108.614027500153 102.706412474314 113.631476958593 135.960896809896 134.734372297923 126.267999410629 122.48553832372 125.107785065969 128.403643767039 127.253959576289 123.863637447357 121.6721534729 118.72398853302 110.760033130646 102.544416983922 102.85022854805 106.050451596578 107.115497191747 108.957091967265 109.899898370107 116.953462362289 134.523024161657 141.998608907064 127.163300911585 116.209248701731 100.480198860168 86.4481429258982 86.217870314916 80.3634474674861 58.1644425789515 35.0373188654582 36.5544681747754 48.1711328029633 39.5805363853773 23.2783704996109 12.5716874996821 22.4497963984807 71.2991257508596 103.596438964208 114.671488602956 113.935530185699 106.409231821696 107.237686713537 102.410634358724
97.9515115420024 101.129959026972 103.927632172902 100.200821955999 93.5470461845398 89.7297859191895 98.4939436117808 104.945292075475 115.347156922023 112.959265708923 111.152033011119 117.218633492788 124.010304609934 125.30384461085 120.953480402629 122.983008623123 122.555394967397 115.786025921504 107.152322928111 100.939949353536 99.017600218455 99.687119325002 102.722456057866 106.916576623917 106.360216935476 108.778526385625 122.400174538294 132.073670625687 122.20561504364 103.557089964549 94.8670208454132 78.3873399098714 70.5527067184448 84.1309030850728 77.7558634678523 51.6555110613505 57.4698150157928 90.2267694473267 94.88711754481 72.8042771418889 39.23133512338 29.345045487086 48.1300354003906 58.8304698467255 56.7669371763865 70.8025942246119 76.0037650664647 81.1650057633718 79.6689341465632
111.054251591365 107.006271680196 103.014479080836 95.3135093053182 83.4742983182271 75.8280356725057 88.9928638935089 87.5790516535441 75.6794760624568 76.5829881032308 89.4285937150319 103.224416573842 109.814703464508 115.119953950246 118.339419364929 129.532227913539 132.0807437102 122.725745042165 112.670550743739 108.469863732656 104.611297448476 104.330589373906 105.235199133555 102.735410133998 102.207163969676 104.157159725825 111.764480670293 115.048428376516 109.794765710831 89.6916190783183 89.5017186800639 84.6842726071676 77.1996825933456 94.7089493274689 99.2683370908101 85.8624577522278 76.7719050248464 77.4351755777995 83.6442510286967 81.8751255671183 63.2364501555761 47.3823398351669 47.8324939807256 38.8885885477066 30.3683131933212 34.4157740473747 56.1989148457845 60.4084432125092 65.6002759933472
114.342222611109 106.762915849686 101.386855045954 96.9273845354716 88.7772043546041 81.2851190567017 75.509379307429 69.3116734425227 49.4735538959503 59.9254667758942 83.2394460837046 96.2552030881246 97.3458091417948 106.032888094584 121.144771575928 138.916522264481 144.761383533478 136.329015096029 126.773327589035 121.809870004654 115.835607051849 112.639417250951 111.661026875178 107.03178246816 105.290710926056 104.200075070063 101.307968298594 98.5672275225321 99.4423826535543 78.471710284551 80.8447301387787 83.5231443246206 77.9132843017578 98.9353358745575 117.728183666865 121.154854695002 94.9243903160095 55.8727333943049 39.9604290723801 60.4327470064163 62.3285869757334 57.703306277593 60.6201191743215 54.7255824009577 40.9648170073827 36.4847183227539 49.2212325334549 60.8418087164561 72.3968595266342
117.298702398936 111.221979061762 109.765231609344 111.081759134928 107.338567574819 99.8451511065165 93.6220983664195 94.907820224762 92.9715534051259 97.8649258613586 107.980767885844 116.120129823685 116.384575764338 110.23739973704 121.772011121114 140.259077151616 151.048928499222 150.893270969391 142.443041006724 130.608777205149 123.605042695999 117.628475030263 116.996506849925 116.665820280711 109.791338443756 98.1261829535166 92.6374793052673 90.3651714324951 90.2892351150513 86.1329436302185 71.2303022543589 70.3584998846054 62.3703102270762 86.125244696935 127.044220765432 135.224123795827 100.887556870778 63.2414321104685 31.3757658004761 31.6105236609777 36.5823855002721 48.0849097172419 64.6293063958486 71.5922017892202 74.6856828530629 59.2990020910899 58.4302047888438 79.7807375590007 114.679008722305
118.249823649724 115.109960238139 115.403145551682 117.300907770793 116.633057594299 111.966371536255 110.975017150243 120.631337165833 139.104872941971 133.73072942098 124.280393123627 126.911789178848 134.275883436203 118.807971477509 119.682053724925 129.340757926305 140.380253394445 147.067964076996 146.910478671392 139.410177866618 132.882346709569 124.127000570297 118.423451979955 115.937103827794 108.70028535525 97.9144473870595 83.9669207731883 80.3306351105372 82.321176926295 74.3712584177653 41.3128013412158 38.2256160179774 31.0106351971626 50.5266537268957 125.562369823456 136.217544476191 115.299979845683 104.905347029368 69.1132048765818 24.7306103507678 16.0585790872574 12.2487967212995 37.0783855517705 77.8925518194834 87.6864890257518 76.2617588043213 74.887623389562 106.481532255809 174.112439155579
