input/barkrak2/radiation/dir06424.grid
NCOLS 85 
NROWS 70 
XLLCORNER 665100 
YLLCORNER 4664600 
CELLSIZE 20 
NODATA_value -9999 
[rows 42 to 62 of 70, columns 0 to 46 of 85]
153.800070285797 150.143404801687 152.966837088267 150.565356016159 143.963674704234 140.428404013316 136.370261510213 132.614503304164 131.63290421168 129.127601782481 126.134465138117 123.956928650538 128.58635187149 131.754477818807 131.693780422211 127.51700480779 123.319973548253 130.014330148697 131.709227959315 125.202516714732 122.089564800262 120.410571495692 116.690625747045 119.719326496124 124.281903107961 120.407789945602 118.603567282359 125.31703710556 132.250676552455 135.349531968435 138.0994617939 138.308892647425 148.440062999725 172.442615032196 177.090287208557 157.849341630936 142.77325073878 140.190124511719 143.04381608963 152.210901180903 162.395219008128 164.098183314006 149.313310782115 113.110482692719 49.1001605987549 6.52815711994966 0
137.159883975983 139.95435833931 148.182998100917 145.845383405685 148.903469244639 150.451262791952 148.043394088745 143.05125673612 130.735099315643 129.6632985274 132.034738858541 127.658128738403 127.106010913849 132.081886132558 131.975789864858 128.137141466141 128.399829069773 131.671766440074 131.545623143514 125.003784894943 120.41895588239 117.82032251358 114.991893370946 115.225523710251 118.042091528575 122.027029593786 117.97422170639 120.77385187149 126.466681559881 130.277067422867 129.19694185257 128.016829490662 139.962057272593 156.524072090785 161.620636781057 145.639469226201 140.229493379593 146.738876899083 153.636187314987 153.205056985219 147.871971130371 146.064231793086 139.094809691111 110.80198486646 61.099057396253 7.50089064240456 0
135.635038216909 140.625347693761 144.240667422613 144.809037446976 146.767238775889 148.674726486206 149.044146140416 144.221911827723 139.048467079798 132.979998985926 135.043094555537 131.009916464488 126.141289869944 125.516762336095 124.625066916148 123.878578344981 119.005809227626 125.779271125793 128.759404023488 127.006272474925 122.009923060735 120.026956001918 118.684440851212 118.383626143138 115.284899870555 126.173754533132 129.198888937632 126.302987337112 127.778768539429 128.11995546023 123.443573713303 121.813545624415 128.670573234558 133.106023073196 138.594071070353 138.570785522461 143.647462129593 154.440780480703 159.01854634285 150.05882581075 148.191531499227 141.147166490555 135.449409484863 114.353994528453 77.5308211644491 32.0359269777934 0
141.681909561157 146.893759568532 143.45516761144 147.560596466064 146.215071280797 145.50393819809 146.433055400848 145.029922326406 145.10981241862 140.054285526276 137.811919053396 135.75138648351 131.083389123281 125.507871309916 124.996284643809 128.221422433853 120.706349611282 123.509526252747 128.595411777496 128.007600704829 124.60857629776 123.821794986725 121.929575999578 122.304797172546 122.868835926056 122.349639733632 129.474520683289 129.773318767548 127.794981002808 126.848916212718 123.891949653625 121.175010999044 124.578972657522 123.059233029683 121.663272380829 122.527182102203 131.801674763362 147.044003009796 148.487756649653 133.979618549347 137.523551781972 130.934109290441 128.223240375519 125.413089990616 106.626679499944 66.128487388293 23.0455944935481
141.880691051483 144.027044375738 146.573195854823 148.378243048986 148.447851339976 147.204955418905 149.372786283493 151.518364747365 146.813293298086 143.915037314097 142.631471157074 140.635470549266 135.682870944341 132.759392261505 131.095468997955 134.237180153529 130.202114582062 123.295446236928 129.562079906464 129.615356524785 126.141985257467 126.584827899933 124.900043010712 120.742251475652 128.709534804026 122.084846099218 123.409231503805 127.641578515371 127.666970094045 127.62580315272 126.307825247447 123.890578746796 123.952974875768 123.327871163686 123.600025971731 122.764299313227 126.326938470205 135.728389024734 137.734224398931 134.354720513026 134.632249673208 127.093851566315 132.038722435633 140.013158321381 131.561110417048 96.5338150660197 51.321417093277
136.129399140676 138.115247090658 144.65206861496 146.276811758677 150.432288646698 151.064693927765 148.844381173452 148.196617762248 147.279004255931 149.30001894633 144.861410061518 141.307671864827 138.747344414393 137.649218241374 135.357836882273 133.677264054616 131.774723529816 122.447311878204 127.603441476822 129.21467423439 125.266422828039 125.241150458654 127.422283093135 119.147598743439 124.614298343658 124.483486016591 119.423617919286 123.735129833221 126.852701107661 126.557399829229 127.872010072072 126.808057228724 122.605711221695 127.553919951121 139.108389616013 141.546785831451 136.748810609182 131.961514552434 135.919193426768 147.354384263357 139.041612545649 129.362940788269 137.222319841385 143.519212802251 136.749694744746 115.289707978566 73.4091103076935
128.009041150411 131.645729144414 138.215700785319 141.875773668289 149.00286992391 152.359326680501 148.464500904083 146.469533443451 149.28059776624 151.575982570648 148.833990097046 143.459031979243 140.453686316808 141.633848349253 137.767523527145 131.730933984121 131.684949000676 124.227702617645 128.226707379023 132.567058006922 131.161908308665 130.064328511556 131.454656521479 126.816729704539 124.214311440786 127.951304117839 123.8907178243 127.480208873749 133.993357419968 137.781649827957 142.879883448283 144.601931174596 133.46403837204 136.920481920242 147.698064645131 154.749234517415 152.956614891688 142.515609661738 139.799137910207 146.447598934174 136.161168416341 127.653578917185 124.998390674591 124.164571364721 122.109989325205 121.043264865875 110.124816497167
127.435386180878 124.822636445363 129.56632177035 138.88289531072 144.480645656586 148.587465286255 151.09513203303 153.67250641187 153.642783562342 150.136282046636 151.677946249644 150.626927614212 145.684639612834 143.228391806285 140.485982100169 135.192096233368 132.578283548355 127.902050813039 131.147136290868 136.362264553706 137.609829505285 136.699100335439 134.746789932251 134.993294874827 130.177140235901 134.315073490143 133.332441250483 135.663082202276 142.637759447098 148.818473021189 159.38001871109 161.758681138357 151.555567979813 148.255238930384 147.758940855662 156.282365322113 160.3644490242 155.819495519002 146.422644456228 134.052097797394 124.702801307042 125.782450040181 124.866515398026 119.067748387655 114.972144365311 119.808773199717 114.297449588776
128.837754329046 132.052093744278 134.748299916585 142.38832394282 142.902980248133 143.953214089076 152.034809192022 156.690547863642 156.682223081589 155.116905768712 153.896858294805 154.163181781769 149.257004261017 144.936343034108 144.188503424327 147.079706192017 138.154397408168 135.516275962194 136.725684007009 142.795741558075 143.726110458374 140.853404998779 137.267887592316 136.330763498942 131.104002396266 137.905975182851 140.105694532394 143.254945675532 146.616677443186 153.317451477051 165.08674621582 173.21922381719 163.542906443278 152.127454678218 138.997395833333 142.147193352381 154.958297808965 162.48764594396 149.039616187414 127.42758790652 119.049429893494 128.929615020752 130.891462167104 127.203494310379 121.048708756765 117.447088162104 99.9959111213684
129.057010014852 141.026844580968 142.833630243937 145.66895365715 143.574605385462 142.798403898875 150.290946165721 155.81676363945 155.721326669057 160.061339537303 156.996885935465 155.498693386714 153.135885794957 147.052079439163 145.215968290965 151.965568463008 145.548949639002 140.00795284907 137.419064839681 140.601456165314 141.223063071569 139.574388662974 138.169636329015 134.289006392161 131.852169831594 132.446805636088 137.53013809522 138.78388206164 139.449973901113 144.891520341237 158.267478148142 171.740253766378 165.773391723633 142.343312501907 107.603381077449 99.7438629468282 120.249897241592 144.565771023432 156.696816285451 153.8145840168 148.343245188395 137.346665064494 121.375401814779 118.744075298309 128.211875756582 118.949095408122 95.4865912596385
132.686217625936 130.443910757701 130.378554264704 133.568952480952 141.309678554535 145.945072174072 146.487176418304 152.775983015696 152.703742186228 156.969388326009 157.024562358856 159.33362642924 158.33643078804 152.093917131424 148.120323816935 146.9679971536 148.37858080864 139.09782965978 133.31151008606 132.089197635651 131.665110588074 133.428196112315 134.411871433258 129.949639240901 130.063364903132 127.174993356069 129.029820362727 128.646085659663 127.078314622243 129.456063111623 135.965327421824 149.025738239288 148.284008105596 120.300531387329 83.8327507177989 64.2038186391195 71.0620482762655 100.64959526062 133.967876434326 154.477914174398 157.915751139323 139.872372150421 115.0763630867 111.036558945974 121.912986040115 109.159916639328 91.1939938863118
137.536237637202 126.507620016734 123.167822758357 128.718892733256 141.867796579997 150.687744220098 149.997532367706 151.153773069382 153.260916471481 153.582433859507 155.802518129349 159.026175737381 160.509983698527 157.86208709081 151.455769936244 148.622085650762 152.068058649699 143.079231182734 137.994448343913 139.007786909739 137.219955523809 134.39538081487 132.663627465566 128.759960333506 128.652324279149 125.509788592656 125.406901041667 127.816081047058 125.009228785833 117.794305086136 110.391815503438 118.4168557326 119.590898354848 100.581000248591 84.5122933387756 65.4364426930745 39.733424782753 52.2045791149139 75.2369960149129 113.10796936353 138.076196114222 127.598345279694 114.922424157461 109.00158683459 102.251311143239 95.608522494634 88.5870456695557
138.637890418371 131.764223178228 128.466079632441 133.251368999481 144.256770610809 152.658810218175 156.129231055578 151.724368333817 156.740556160609 154.298881689707 157.767474651337 159.134387969971 161.229024330775 162.233938773473 155.376215775808 154.657224814097 155.918409427007 148.874123891195 144.006331761678 145.557194948196 145.593345165253 141.044358412425 137.090384960175 136.914362510045 133.431355158488 131.190439065297 129.319995641708 126.568744579951 120.678067207336 112.350513537725 102.758854627609 108.026405175527 111.62942647934 111.01758480072 109.694669644038 97.5800454616547 68.7815994024277 51.5759835640589 46.3467488686244 49.1779098908106 97.5131193796794 103.179603815079 91.854989528656 64.6719336509705 64.0589247147242 84.7919682661692 93.2768781979879
142.259418964386 140.346527099609 135.262648264567 132.194568713506 139.624943335851 152.042726675669 154.606372117996 152.250150839488 153.501719236374 158.978124459585 165.083825588226 166.303823391596 164.156327644984 164.20637567838 160.248776276906 159.256060918172 159.49672460556 155.390918254852 149.555077155431 146.422147750854 144.135584433874 142.816970745722 144.335140784582 146.697203318278 142.01021194458 138.040194908778 129.853427410126 120.672076940536 113.277653853099 108.772724866867 105.972210566203 113.729556401571 117.661893367767 129.434019327164 136.529386043549 134.802162647247 122.577587763468 103.39813431104 87.4618490537008 56.9822291533152 67.3058281342189 88.1862044334412 88.177224000295 75.4229625066121 76.1571824550629 94.8720574378967 122.830887635549
145.495017369588 144.258479277293 142.250587542852 136.248886585236 136.84223095576 148.247768481572 152.338961760203 152.2436439991 151.634007692337 160.142848889033 169.512172540029 168.505529562632 164.134641488393 166.111389795939 166.172216335932 159.248928229014 162.549634774526 158.673971891403 153.850317001343 151.554057995478 149.048229058584 149.5348016421 146.72859509786 143.650849660238 141.095141569773 134.604662656784 114.289581775665 89.9829864501953 85.3855609893799 93.4127569198608 105.287810166677 110.221763451894 116.212536891301 122.131725152334 137.51827677091 152.770966291428 146.159201860428 141.257067521413 141.877810160319 101.059675216675 72.236031293869 90.7752315203349 108.559350172679 110.735932985942 111.914346615473 127.663979927699 155.90363740921
144.604762395223 141.941388448079 144.771575927734 144.666800896327 140.024582544963 144.678334395091 152.234633763631 153.649389743805 152.125100294749 158.572008212407 166.668275992076 166.788319746653 161.302457253138 164.543598890305 168.301264444987 157.807618379593 159.161488215129 156.906286875407 154.353936513265 155.240436395009 156.348466873169 156.50486946106 151.445806026459 144.643177588781 143.915941317876 139.859567085902 117.106874783834 92.5521651903788 91.9262071450551 101.731806993484 115.450243155162 116.215527057648 127.982834974925 138.19212714831 149.850189685822 155.134151379267 151.099781195323 100.930114587148 82.2704086701075 104.8943400383 102.117230494817 117.885500192642 122.363994518916 104.761093854904 92.6694472630819 106.899956862132 133.663753668467
131.985982259115 140.489478905996 143.405228853226 145.256539185842 144.338587919871 140.714883804321 152.753055095673 156.971216201782 156.163116296132 159.212489922841 163.355986277262 164.335678021113 163.391530513763 160.011579593023 161.252866188685 156.85181816419 153.607626756032 156.325340270996 157.556980848312 159.367422262828 161.157310009003 157.179534435272 156.67520960172 148.829797903697 147.993703683217 147.477050622304 141.70910914739 133.490880330404 134.025116761525 138.78067334493 135.240395863851 126.076291004817 142.26229985555 149.377425511678 144.317915042241 122.228880723317 101.264804601669 58.9521129926046 43.5555676619212 66.1722123622894 105.479528506597 129.625141620636 124.672720829646 108.990063269933 97.1485873063405 101.915876070658 118.815352519353
121.118088563283 137.560606002808 141.474505265554 143.400251865387 146.455923716227 141.574919223785 147.319654623667 156.719972689947 166.76131884257 166.189223527908 163.111080725988 161.846190690994 163.733194271723 161.56284014384 161.054193973541 158.192614714305 153.103401263555 154.084702332815 152.168989181519 148.444940646489 150.557597478231 149.932672580083 149.259030818939 148.24973543485 150.208552678426 157.133122285207 167.309979597727 173.875947793325 158.074011405309 154.168705145518 140.980581442515 126.185655593872 136.775523424149 127.534021933873 95.8778262138367 62.7128084500631 60.1670692364375 49.6107240517934 34.2164511481921 33.0682098865509 36.0018561283747 91.037929058075 122.166156768799 143.573760986328 157.802581787109 152.940372625987 146.479705969493
122.887879610062 133.991112311681 141.895085573196 143.603344758352 145.288089911143 145.524919033051 140.11084040006 151.023685932159 172.028164068858 171.478947003682 164.029618104299 160.349239905675 162.255654732386 164.632767438889 163.309435049693 159.545371929804 156.881173451742 153.195669253667 145.768990119298 136.975308259328 135.79723238945 139.672656853994 140.576680501302 142.740627129873 144.631673892339 151.889085769653 171.175897121429 182.682057221731 167.610247929891 157.189001639684 131.717214981715 116.445322831472 116.489499807358 107.874761025111 82.5095276037852 54.3269018332163 59.5997820297877 71.7470000187556 64.38148021698 46.8570987383525 33.872976899147 54.2992601792018 99.8550057411194 133.721729119619 148.780405521393 143.912494182587 136.519114176432
135.934799909592 139.117618401845 142.108470201492 137.954523166021 130.973835786184 128.371059894562 137.32706507047 141.627758741379 153.137266635895 151.521573464076 149.823923905691 154.964824517568 161.132156848907 162.619352340698 158.250868320465 159.90024805069 158.247997363408 151.023278633753 141.42648379008 134.717802206675 133.398532867432 133.519430955251 137.256274620692 139.675825834274 138.228674729665 141.706228256226 157.143006722132 166.662474473317 152.002145846685 141.506542762121 127.713670333227 108.696470657984 99.7797548770905 111.486196517944 103.012442588806 77.8167098760605 82.4751953283946 120.092272758484 127.440909544627 104.752967755 66.6466156641642 53.8037319978078 74.5297521352768 94.1900412241618 92.7613377571106 100.189745426178 105.31344016393
149.503926436106 145.558516184489 141.779979070028 133.662323156993 121.797204017639 112.610538800557 126.274923483531 125.556250413259 112.809717655182 114.574134349823 131.069918473562 143.607556819916 148.504813512166 152.874012788137 155.993511279424 166.694084803263 168.910443782806 159.012615680695 149.182875951131 143.640647331874 139.6863758564 137.992034355799 137.611329555511 135.299781958262 133.934944868088 136.711567640305 144.554823637009 147.497196992238 141.701698303223 121.815343697866 125.074803829193 116.296251614889 107.055137554804 122.818768024445 124.884098768234 111.717273791631 104.869167009989 107.870578765869 113.919258117676 109.756052494049 94.7623054186503 75.351024667422 74.3924627701441 71.158359448115 49.8610039552053 68.6997969945272 83.389550447464
