input/barkrak2/radiation/dir01724.grid
NCOLS 85 
NROWS 70 
XLLCORNER 665100 
YLLCORNER 4664600 
CELLSIZE 20 
NODATA_value -9999 
[rows 0 to 22 of 70, columns 0 to 51 of 85]
58.849419156710297 72.5089559952418 81.3727925221125 98.8454818725586 118.171294530233 117.704252401988 128.683000802994 135.172684987386 131.760398546855 134.9738240242 135.758906602859 131.887217362722 127.409756183624 128.118733565013 128.159701824188 113.25803399086 101.057449976603 91.9543902079264 90.3750061988831 92.030922571818 99.7908413410187 116.66876077652 133.255690336227 135.889738798141 139.06799753507 152.648548285166 154.302805662155 145.670036474864 135.267525911331 140.401601791382 138.146847486496 158.181875944138 189.507722854614 184.401492277781 181.486467520396 175.582607587179 180.965602397919 188.919425010681 186.065455277761 187.483867009481 182.946085929871 197.063863277435 203.142940998077 193.438072999318 181.993742783864 188.622236251831 194.050113360087 148.066471020381 103.419135014216 99.4917750358582 121.209005514781 162.553916374842
38.2308686772982 50.3207296133041 59.5799386501312 71.6495364904404 83.4536949793498 91.590940952301 99.9808212121328 115.982860326767 128.97119919459 140.548179546992 139.642079671224 134.952922662099 129.768580198288 128.146529197693 128.236363331477 115.810016791026 107.755035161972 99.6434092521667 97.0768332481384 94.3049490451813 108.28157265981 130.966981252035 145.407011111577 145.035713911057 147.6724644502 152.186652024587 149.32319521904 147.982915242513 143.087049325307 142.744799455007 143.951783577601 167.168358961741 188.982884089152 184.64473883311 180.039862791697 176.220496495565 183.348953723907 187.745869159698 179.957787195841 180.682281653086 181.352555751801 186.231891314189 183.584968249003 175.863941510518 172.816634178162 185.193161169688 186.076025168101 138.601144154867 110.756228367488 120.866646369298 149.201263984044 184.100608030955
16.7441045244535 23.1696218252182 29.0316219131152 35.6466645995776 43.2096868753433 49.3800193071365 62.5119209289551 81.1902781327565 93.9488013585408 101.775427659353 107.763876517614 132.047951221466 138.700673977534 138.329396645228 140.182306369146 140.304138263067 136.429677406947 126.158157984416 110.494206349055 105.326503515244 116.370936234792 134.502281745275 145.042230685552 147.372643152873 147.271533807119 146.601021289825 145.072509845098 141.554564237595 143.599957227707 150.483469168345 159.348090489705 177.84716685613 188.854734102885 186.008175214132 179.405232270559 179.023007551829 185.894151528676 187.847773234049 182.076275348663 178.073406219482 174.492478370667 167.809009552002 159.580409526825 153.050790230433 157.181123892466 175.352454185486 171.791195869446 132.432838280996 129.409531752268 148.509601751963 173.072536786397 194.072524706523
7.34435208141804 8.73384500543276 12.0549239218235 13.7308699389299 15.9294108549754 20.6185219188531 26.0840579867363 37.4139870206515 50.1321852207184 67.288413643837 79.00037864844 101.542850335439 109.621862570445 113.403270641963 117.638210455577 132.119754950205 128.287374973297 125.152170658112 109.519104162852 110.510289669037 109.390397866567 113.850901524226 128.57249379158 137.832373380661 137.655953566233 137.439966201782 137.91494568189 139.22256231308 141.481081644694 151.677548885345 162.036995093028 177.852789560954 182.348450024923 182.330588499705 179.600894451141 179.748018582662 181.973417599996 182.585895061493 176.019390424093 166.172365347544 161.748061577479 154.173662265142 152.637183666229 163.354655106862 171.328485012054 165.700515111287 152.498106161753 130.916814009349 138.589650392532 151.521583398183 171.515723069509 189.470907052358
15.055812895298 9.20936092734337 6.02869192759196 0 0 7.61548243463039 19.2713774740696 24.5651875933011 33.0788865685463 38.0156114697456 53.6818404992421 69.657102227211 78.0768543481827 80.480545759201 87.4905784924825 96.0789223512014 93.1613842646281 89.650680621465 89.8042023181915 88.7501438458761 90.7725294431051 92.7550594011943 103.544453779856 114.495297273 121.730804443359 129.811068375905 134.474068880081 136.750916639964 138.067136208216 142.538338899612 147.981911897659 175.355434417725 174.597084522247 176.998674869537 177.218914031982 175.856371720632 172.454555829366 169.746736685435 161.162773768107 152.98726161321 152.572631835938 153.324554363887 159.767289956411 168.257713317871 168.218334515889 148.014098405838 121.51163816452 120.030969381332 132.463524738948 150.220076243083 177.935719490051 190.175116062164
39.8941164215406 25.6237983703613 11.3000745574633 3.44302939871947 1.0882158142825 3.94331850111485 10.4048090676467 22.0209583640099 24.5367139577866 24.6566856900851 29.8606529831886 36.2380792697271 41.7821307977041 46.4383860429128 53.2298386096954 61.1580461263657 66.1118378241857 72.0810890197754 81.906924645106 85.8969291051229 91.1287566026052 96.3731408119202 97.3301927248637 103.036105632782 107.869515816371 120.119402805964 125.112841526667 130.492260058721 135.045905907949 140.090465545654 151.424070199331 157.757540543874 147.666106621424 150.12659629186 161.494861046473 166.349540154139 163.665771484375 158.939629793167 151.389251152674 153.401434421539 152.815928061803 152.312308549881 154.561777909597 159.106065829595 153.302729129791 123.253226280212 99.7211337089539 111.333082119624 130.02688686053 168.482502301534 191.56672557195 194.589515527089
56.2659601370494 38.3609582980474 26.1923248569171 16.1615001658599 6.53301427761714 3.3828200151523 5.10772162427505 13.3322104811668 18.1368564565976 24.3436247110367 25.5050808191299 23.3990997076035 21.6561009486516 21.8825886646907 24.918203552564 35.227045416832 41.7299022277196 57.742973168691 71.4217325051626 85.0149889787038 95.0239996115367 100.349138180415 99.966029326121 99.2777744928996 103.784412145615 110.984782377879 112.610419591268 122.933725516001 126.667718092601 136.141250530879 144.293149312337 147.708604733149 140.095661083857 134.184151887894 134.093185265859 136.940558751424 144.923388957977 147.497942050298 142.812460660934 139.357328414917 134.996473789215 135.561913251877 142.070899407069 149.134318033854 148.507217566172 143.669178088506 149.303654829661 155.985812346141 168.316781520844 179.627458254496 189.319670200348 191.218078136444
69.4250663121541 55.5302947759628 41.5919174750646 29.3654228250186 19.8564454913139 7.08966702222824 3.24419264992078 0 9.14790357152621 17.4533824125926 21.2267686923345 26.0071307420731 24.6288701891899 22.1937596797943 18.5213213165601 20.5723382532597 28.2943646113078 38.9390513300896 53.7344217300415 68.5381491978963 80.512930949529 90.8068815867106 100.128124157588 98.7323224544525 99.7466643651326 102.006673812866 101.185659567515 105.932543675105 111.597915490468 126.821339130402 134.068151315053 136.984556913376 126.59752368927 120.72624762853 119.503190120061 121.404200792313 125.124553839366 124.725808699926 134.389559427897 120.87070941925 116.901477177938 123.610238234202 137.613505125046 149.171561002731 153.276473283768 160.539627075195 167.013903458913 168.035705884298 174.528837203979 173.393269379934 174.002210299174 170.771956443787
66.1908686161041 57.4500064055125 45.8394984404246 34.0363656481107 26.4312426249186 18.359603981177 8.40747356414795 2.30224182208379 7.22875818610191 12.3320048054059 17.3218920826912 21.8652610977491 25.8556306362152 30.1569079359372 28.0154968301455 25.0823969642321 25.7468993465106 27.6795377333959 36.5166217088699 47.9077448447545 61.2302919228872 72.293629248937 83.0341478188833 86.1919422944387 87.8107051054637 88.1673196951548 91.6379590829213 92.1510060628255 94.8497851689657 107.149382432302 110.565324624379 114.762286345164 112.721979618073 110.331902901332 113.043963909149 113.852878411611 115.582436323166 119.37693754832 121.901790301005 124.685456355413 131.377438704173 140.139798323313 145.311623811722 148.44161272049 147.417197624842 148.811767498652 150.654892126719 158.814718325933 165.94543059667 161.486754814784 153.523902098338 157.337794701258
45.4563597838084 41.9260313113531 36.6769383351008 27.5761460264524 23.3699232339859 21.8295082449913 17.6455304026604 12.0663717389107 7.52696022391319 5.14649506658316 8.65923551221689 17.1209735174974 27.1606395641963 33.9191108942032 37.77809937795 37.0177154739698 31.5178682406743 29.8303713401159 31.0534611344337 32.4793507655462 38.3907755215963 45.8752363920212 54.4406125942866 61.3016287485758 71.2362279494603 75.6865988175074 75.7951984802882 76.0961522658666 78.4751872221629 80.5739065011342 82.3522806167603 92.8138196468353 97.9403853416443 99.3933478991191 102.883338928223 106.389304002126 107.115556796392 110.504885514577 117.910087108612 124.748597542445 129.2438407739 149.510522683462 148.904820283254 148.297041654587 145.929783582687 146.208733320236 154.350469509761 159.253935019175 161.599665880203 160.233835379283 159.250309069951 159.001251061757
8.6831438044707 9.92117946346601 8.76106632252534 6.47812088330587 3.99989789972703 0.624051239962379 3.12101778884729 13.8901211321354 11.1542294422785 8.07697201768557 5.53810472289721 6.93345007797082 18.487108250459 30.3630903363228 40.66385080417 38.4131918350855 37.28965173165 33.2804694771767 29.300145804882 27.9242644707362 29.2914162079493 30.0428941845894 34.7422212362289 44.9472367763519 54.8916310071945 63.2978727420171 65.217783053716 65.0643209616343 67.0631428559621 71.34148478508 71.3759958744049 70.7001537084579 76.0266234477361 90.7752513885498 94.2696432272593 96.3143110275269 99.6810098489126 104.427874088287 112.148423989614 126.52513384819 130.183855692546 126.126716534297 125.249445438385 127.755125363668 144.158790508906 148.158927758535 154.436479012171 154.591421286265 153.86309226354 160.332282384237 162.086427211761 157.359917958577
0 0 0 0 0 0 0 5.5387324343125 14.0574897329013 14.5549302299817 9.66227240860462 5.57947034637133 7.66525976359844 16.5440055231253 28.8132677475611 33.8902026414871 39.8887197176615 37.7504179875056 33.517432709535 28.8556069135666 25.4258339603742 25.0323687990506 26.4931420485179 32.6728572448095 39.3190234899521 46.1494624614716 48.1149107217789 52.0028620958328 55.7501961787542 56.3215712706248 60.2061500151952 60.3213012218475 58.1689725319544 57.4015478293101 67.1099921067556 81.4051628112793 89.8130138715108 96.6604848702749 101.530611515045 115.974962711334 117.880284786224 116.721759239833 114.030222098033 109.994868437449 114.960193634033 118.118484814962 135.870267947515 139.457205931346 142.638822396596 146.800597508748 149.53808983167 152.864744265874
0 0 0 0 0 0 0 0 12.5386404494445 16.8025729556878 18.4710696339607 13.237826526165 5.50267721215884 4.7813073421518 13.2965470353762 26.6400376955668 36.5487063924472 40.7856230934461 38.3149335781733 34.9109495679537 31.4160237709681 32.6008051633835 32.8648015856743 34.00685886542 36.027396718661 37.3138238986333 40.8557529250781 46.0531016190847 49.5328853527705 48.360471924146 48.9167372385661 47.9725996653239 47.8289475043615 44.939195116361 45.6715673208237 47.3802040020625 68.7796821196874 82.4877421061198 89.2231166362762 96.4946448802948 100.641032059987 102.215866247813 99.8582641283671 101.047684748967 100.611428419749 102.556437253952 100.50031542778 111.338476339976 123.435993989309 128.359784682592 132.595439751943 134.371916453044
0 0 0 0 0 0 0 0 0 8.44486430287361 18.6755719284217 22.5512385368347 21.7157155275345 12.7579060693582 11.8321056167285 23.6604536573092 33.1160699327787 41.9247051080068 47.5777983665466 46.6236720482508 41.5373643239339 40.0175054868062 39.7020330031713 40.1070043444633 41.8533633152644 42.8213824828466 44.6151544650396 48.9272872606913 48.7869928280512 44.9320723613103 44.9019571145376 44.4788833459218 40.2509719133377 36.3770251472791 39.7079264124235 37.8187497456869 35.0789626439412 39.8296962181727 47.3129202922185 63.0914320548375 70.1380570729574 80.9510002533595 86.1731171607971 92.5282935301463 91.3188656171163 97.2141722838084 95.5177545547485 90.302586555481 88.4018540382385 92.4876729647319 107.068677743276 114.760746558507
2.54234252497554 0 0 0 0 0 0 0 0 0.26845190829287 17.0459809402625 30.1001518964767 36.0007956624031 33.2176412145297 23.9879563450813 22.517517209053 25.8561571439107 34.3981782595317 45.3304251035055 54.4154544671377 55.4512838522593 51.2757897377014 51.4569530884425 49.3310044209162 49.2707490921021 50.6805231173833 50.083448489507 51.7004976669947 49.864187836647 43.6181922753652 43.4957245985667 43.399045864741 38.3409410715103 34.0960348645846 32.2541619340579 27.6084765791893 22.6951465010643 19.0914397438367 23.3487462004026 28.9113397399584 35.0376119216283 41.1201318105062 45.9139396746953 51.7639418443044 59.6351971228917 68.879634141922 75.3605465094249 79.2315900325775 79.0048042933146 72.7979739507039 78.7053356568019 97.5251992543538
3.07317140201728 0 0 0 0 0 0 0 0 0.176743720658123 11.2905701001485 30.351330836614 44.8372016350428 47.9137301445007 41.170763472716 25.2349476019541 20.3138031065464 22.4410146474838 33.3793163299561 49.333651860555 58.0522169669469 57.7544420957565 60.5274637540182 56.766872604688 54.8759798208872 55.7352900505066 55.6716620922089 52.9222935438156 53.5156081120173 50.0133037567139 43.8375174999237 38.867195447286 37.7037574847539 30.9894209106763 27.8210788965225 22.7323224147161 17.7884797255198 13.7047345439593 12.446107963721 13.2656743129094 18.5187657674154 19.1414877772331 26.8313586711884 27.2078042229017 33.0539668599764 44.1489368677139 55.6741952896118 64.234122633934 67.606195807457 66.8676942586899 70.1920886834462 76.2544174989064
1.91455924262603 0 0 0 0 0 0 0 0 0.378996056194107 0.749147574727734 18.0055300394694 33.9396720131238 45.0859765211741 48.5849728186925 42.0041481653849 38.4666249155998 30.396394431591 26.4141708612442 32.2724829117457 49.292395512263 61.792403459549 67.0740703741709 63.8921360174815 60.9092662731806 62.055508295695 64.6874407927195 60.0202083587646 57.9041987657547 61.116486787796 52.3689687252045 40.9025872747103 33.1426983078321 25.1197268565496 22.4901214241982 16.9921219348907 11.3983117043972 9.28090326488018 6.90355524420738 5.3753691414992 6.54039097328981 8.89334455132484 13.353519141674 17.4566631515821 26.7643878857295 33.7001730998357 40.5000249544779 45.0885395208995 51.8520524104436 55.5461247762044 59.1543614864349 66.1229193210602
0.940498119841019 0.0501119939144701 0 0 0 0 0 0.00239085223559717 0.841649093975623 0.869866227731109 4.87245433032513 11.804452786843 25.3269697229067 39.3962388237317 49.8804797728856 57.7568709850311 56.4218461513519 48.7752656141917 37.5047326087952 28.2820239663124 35.0937843322754 53.6378075679143 61.0446333885193 64.8508171240489 67.64055788517 70.2377955118815 74.1946796576182 72.8329519430796 67.5471474726995 61.829537153244 58.7557057539622 47.3177134990692 34.7705607612928 25.2354145050049 17.2986723482609 14.5499544839064 9.72069427371025 6.1223991215229 3.87663332124551 2.06457295765479 1.68617255985737 4.96672745794058 7.07298268874486 11.1525617539883 16.1785197754701 29.0402323007584 32.1230242649714 35.9631503621737 38.8641804456711 43.0652250846227 50.6907155116399 57.732214530309
1.06369440133373 1.3440380183359 0.596546567976475 0 0 0 0 1.27386736373107 1.97451033939918 9.00267685453097 14.9845518171787 15.6641180316607 21.8835522731145 29.2775705456734 40.8543596665064 53.7763486305873 57.4319163958232 59.1547886530558 55.8500289916992 43.8177684942881 32.196119427681 41.4363741874695 51.0472555955251 59.6210857232412 67.7898029486338 74.3794590234756 77.2623072067897 75.0383387009303 74.2830832799276 65.3005093336105 53.3654640118281 44.6313520272573 36.5178113182386 25.4295294483503 16.9516280293465 13.4110550085704 7.7796516319116 3.24040154616038 0.776333579172691 0.191282228721927 0 0 5.13444095849991 10.0963823497295 11.6425814727942 15.7684956987699 18.6594029267629 23.1888741254807 27.1898110707601 31.1151668429375 33.8267087936401 38.9516899983088
1.05582053462664 0.576760425853233 1.26414947832624 0 0 0.134394756363084 0.403396707649032 1.58903654664755 2.24826857447624 3.26122716069221 15.9873552620411 13.8727910816669 14.6920109788577 18.9629370967547 27.4668112397194 40.1912132898966 45.5916672945023 53.6613911390305 57.1178545554479 58.9712808529536 50.2880016962687 40.6101544698079 43.7876830498377 51.9211987654368 60.927947362264 69.1940089066823 75.6385624408722 76.2997716665268 66.4489169915517 66.2058095137278 55.7875633239746 43.4309591849645 29.8116455475489 21.1215193072955 11.7912652591864 6.12058366338412 1.83290957162778 0.13067249286299 0 0 0 0 0 3.35274760921796 4.37347156306108 9.04904492199421 11.8648707866669 16.3599252700806 22.3830615480741 27.3559441169103 26.4298593004545 28.8683573404948
2.78859864920378 0.301440712064505 0 0 0 0.324386016776164 0.208764317600677 1.45237784211834 2.71686476965745 2.81938817352057 5.36949063340823 10.0616775453091 9.21507303913434 10.6639477113883 15.1713502903779 26.0853916406631 36.1609384417534 40.5550450086594 48.6495594183604 60.1982275644938 65.2272601922353 57.6184938351313 56.543638308843 57.9395939906438 61.0989481210709 62.1706744035085 65.3404543797175 69.3742334842682 64.7945255041122 52.7054170767466 43.7454382578532 36.7683495084445 21.6341614723206 12.3789397378763 4.85455151647329 0 0 0 0 0 0 0 0 0 2.09713773801923 2.31571417922775 6.07835687696934 9.08456866939863 12.4347346524398 13.7554071843624 14.908891171217 14.11355783542
11.7835476994514 5.93087387581666 0.016194465085088 0.0391995927202515 0.0548312721851592 0.059501204911309 1.2151327294608 3.11649776995182 3.55230706433455 3.05255378286044 2.14161304756999 4.93791544189056 7.56493272880713 3.96066127965848 9.70403725902239 18.2819105684757 28.5577848553658 36.7288663983345 43.7802324692408 53.5910576581955 60.6805384159088 73.6662795146306 78.0608008305232 74.8266279697418 69.0255463123322 61.4661276340485 57.0111970106761 60.0213358799616 61.3369047641754 46.7941512664159 31.3415353496869 19.0063193440437 11.9965746998787 2.01274547725916 0 0 0 0 0 0 0 0 0 0 0 0 0 3.71113978326321 3.77421639859676 7.15737727781137 9.03461004296939 9.71360504627228
39.6935592095057 33.474937081337 13.804979622364 6.99987697104613 3.89938863615195 0.960965796063344 3.91683261841536 5.07683710505565 4.26973743985097 3.48024380703767 3.71773603061835 9.63172813256582 9.95780217150847 9.63007286190987 10.5390623211861 15.243207414945 23.497333129247 32.2305907805761 37.6591632763545 39.8051093022029 43.391153216362 56.8157931168874 67.9370015859604 71.3998377323151 72.3843028148015 65.6911234060923 57.6219856739044 49.6567438046137 53.4581243991852 35.9409302473068 17.4951752026876 6.43428601324558 0 0 0 0 0 0 0 0 0 0 0 0 0 0 0 0 0 2.39673877755801 4.66982430468003 0
