input/barkrak2/radiation/dir08124.grid
NCOLS 85 
NROWS 70 
XLLCORNER 665100 
YLLCORNER 4664600 
CELLSIZE 20 
NODATA_value -9999 
[rows 40 to 59 of 70, columns 0 to 45 of 85]
182.462116082509 185.147404670715 184.99767780304 185.736954212189 195.353786150614 201.89106464386 204.317470391591 209.99272664388 209.077616532644 191.095372041066 176.74462000529 171.694457530975 170.614699522654 166.151394446691 164.494653542837 163.168847560883 163.810114065806 163.24586669604 156.19287888209 155.706614255905 160.145789384842 167.69794623057 169.142742951711 165.856381257375 161.530782779058 159.275531768799 171.492417653402 174.912492434184 178.318202495575 180.003503958384 179.681698481242 185.704946517944 186.992685000102 194.964647293091 222.179969151815 222.105960051219 209.181229273478 199.289659659068 203.533828258514 216.062188148499 231.54616355896 245.232661565145 201.561351617177 116.582165161769 59.1500848531723 35.1324081420898
190.818468729655 188.873807589213 189.132332801819 186.89109881719 183.615287144979 182.099680105845 179.094115893046 180.345952510834 185.167908668518 175.345480442047 167.908390363057 168.225010236104 172.169347604116 171.061396598816 169.446448485057 165.743619203568 161.777863899867 169.316331545512 168.299297491709 163.165758053462 165.033956368764 165.951470534007 166.445225477219 168.286283810933 168.78600915273 164.755264918009 170.407195885976 176.351090272268 178.440431753794 179.941614468892 182.891130447388 185.480614503225 187.188069025675 204.460501670837 216.075797875722 206.351081530253 186.278680960337 181.292851765951 180.667817592621 192.934552828471 228.545626004537 245.074172814687 225.118041038513 166.645814975103 91.6410088539124 58.917115132014
196.941673755646 193.237503369649 195.94003756841 193.418820699056 187.072475751241 183.629333972931 179.365436236064 175.513883431753 175.674001375834 171.920756498973 170.081754525503 167.620460192362 172.239065170288 175.218045711517 175.124406814575 170.789023240407 166.385571161906 173.081318537394 174.556771914164 167.88653532664 164.591679970423 162.954807281494 160.797437032064 162.146170934041 166.601896286011 164.339731136958 160.70227821668 167.311171690623 172.58228858312 177.128851413727 179.774800936381 179.010192553202 187.774697939555 207.978904247284 213.438411553701 188.219288984934 173.921446005503 175.446887811025 180.010517438253 192.122161388397 201.939860979716 206.308265527089 192.830920219421 162.220935026805 104.489137729009 50.1074989636739
179.884274800618 182.554125785828 191.32000207901 187.980751196543 190.983215967814 193.346321582794 190.743605295817 185.810705025991 174.835920333862 172.439773877462 175.941208998362 169.95229323705 170.691927274068 174.011627833048 175.424575805664 171.402931213379 171.399374802907 174.704591433207 174.4411389033 169.531206289927 163.060953219732 160.407801469167 159.045457839966 157.556374867757 160.264442364375 165.95866282781 160.072505474091 162.738939126333 168.292005856832 172.061006228129 172.078192234039 168.789545694987 179.794112841288 196.455697218577 192.020237445831 176.446934541066 171.319127082825 182.057420412699 191.024820009867 193.234324455261 187.319397926331 183.249612649282 172.071854273478 151.911069949468 104.278286298116 45.0637886921565
177.537739276886 182.981709639231 186.544716358185 186.953186988831 188.822130362193 191.616515318553 190.717836221059 187.088410059611 181.98698759079 175.652921199799 177.661379178365 173.291007677714 169.703165690104 167.50826438268 168.13188791275 167.161583900452 161.954303582509 170.447707176208 171.696046988169 168.064117431641 164.752940336863 162.670195102692 161.114454269409 162.427246570587 159.103135267893 170.241852601369 173.178931077321 170.029878616333 169.627944628398 168.242514133453 165.892253319422 161.33114695549 168.738385041555 172.262628873189 171.236236890157 170.0798869133 174.651543299357 189.709464708964 196.318805217743 187.794049580892 185.298482577006 173.966526985168 168.322046597799 148.737033208211 117.337097724279 71.6667324304581
184.251348177592 188.099205493927 185.8136455218 189.862211545308 187.479019165039 187.625467777252 188.241759936015 186.871270338694 187.89134422938 181.483467419942 180.374562740326 177.999238173167 173.331697781881 167.632679144541 167.127867539724 170.051038265228 161.993205547333 166.345099608103 171.520272890727 169.119318326314 167.417069276174 166.508098443349 164.365549882253 166.44498705864 166.888038317362 166.23533765475 173.37171236674 171.692073345184 171.149035294851 169.714550177256 166.065712769826 161.767939726512 165.661543607712 162.032395601273 155.426661173503 155.394713083903 164.110292991002 182.894746462504 180.496950944265 170.482913653056 174.480716387431 164.357920487722 161.338746547699 158.959289391836 145.559261242549 106.947282950083
183.489561080933 185.676137606303 187.918384869893 190.626740455627 190.755248069763 189.235766728719 191.321869691213 192.135095596313 188.52690855662 185.247222582499 183.837552865346 181.500832239787 177.951773007711 173.469344774882 173.025131225586 175.887644290924 173.313220342 166.115313768387 172.46154944102 170.78552643458 168.975472450256 169.289151827494 167.347987492879 164.823691050212 172.833859920502 165.96973935763 167.162001132965 169.526735941569 170.95943291982 170.394957065582 168.354392051697 165.669739246368 164.757013320923 161.72073284785 157.140145699183 155.739019314448 159.471770127614 172.343830267588 173.389156659444 170.517086982727 171.647310256958 160.689373811086 166.797916094462 175.516128540039 167.18586285909 131.490608056386
177.248815695445 179.903288682302 185.122887293498 187.788089116414 191.864172617594 192.000448703766 189.83652194341 189.026633898417 189.042786757151 189.276019732157 186.010003089905 181.02631966273 179.738839467367 179.877877235413 175.663729508718 173.812667528788 173.399209976196 163.690785566966 168.865899244944 172.23991950353 168.11740398407 167.926331361135 169.874767462413 163.177380959193 166.804512341817 166.65122906367 161.374936501185 165.566176176071 168.45840215683 169.202923774719 169.880231221517 169.791718324025 163.214176893234 166.330128908157 171.761771043142 173.172314961751 171.932737032572 168.162624041239 172.088881333669 183.483461538951 171.917219956716 165.059864521027 170.096854368846 175.811092058818 169.736325740814 149.684856335322
169.177929560343 172.652085622152 179.246465365092 182.665646076202 188.326001167297 192.450980345408 189.670383930206 186.51274840037 189.763764540354 191.787362098694 188.902199268341 184.743642807007 181.294580300649 180.694937705994 178.171058495839 172.055999437968 172.002494335175 163.96951675415 167.790949344635 172.248780727386 172.471702098846 171.034276485443 172.137121359507 167.043666044871 166.39984647433 170.185446739197 165.925472974777 169.390519460042 175.707300504049 180.756171544393 185.397028923035 185.111363728841 174.476484457652 177.766442298889 185.480852921804 188.342789808909 187.273800373077 179.023702939351 176.528175671895 178.689579168955 169.020215670268 161.191592613856 158.741136391958 157.750318447749 155.762612819672 154.788891474406
167.826215426127 165.188014507294 169.471204280853 178.767800331116 183.758139610291 188.085675239563 191.387951374054 192.357023557027 192.836403846741 187.981784343719 190.566202004751 188.971022764842 185.113072395325 182.708402474721 179.641981919607 174.20494556427 172.915498415629 165.518631537755 170.420328776042 175.815681616465 176.82288090388 177.544792493184 173.622886339823 173.252284526825 168.542941411336 172.847549120585 173.419773578644 177.626768747965 184.439639250437 192.256232102712 200.258056322734 203.506171703339 194.104731082916 189.611891905467 187.559763590495 187.577168146769 193.226516246796 191.844880580902 182.736754417419 167.127251625061 158.065607150396 159.983505805333 158.447394768397 152.870734532674 149.12944038709 153.815031051636
169.047435124715 171.4795033137 174.316763877869 180.667459964752 182.501018047333 182.754178841909 191.196322441101 194.977859656016 194.959123929342 192.68810749054 192.456960678101 191.251913706462 187.544186909993 181.676268577576 180.327296257019 184.344053268433 175.141632556915 171.022216478984 171.780010064443 178.195854028066 181.002259254456 177.925089995066 173.93547296524 172.392169634501 167.372584342957 174.027462800344 177.752057711283 180.901428063711 186.123291651408 194.675246874491 205.944995085398 208.790500958761 200.687011082967 189.916034539541 180.11462688446 177.482624848684 187.896927197774 195.223470528921 181.894242763519 160.489112138748 152.749677499135 163.887957731883 165.723780790965 160.354902346929 154.79631225268 151.350577672323
168.640335400899 178.348084290822 180.871228377024 183.126211166382 182.725012302399 181.923588116964 188.204904397329 194.502492745717 193.020045757294 197.73123661677 194.529493649801 192.691683769226 190.361102422078 183.725674947103 182.501753171285 188.946266969045 181.130925814311 173.428336779277 170.54808139801 176.465173562368 177.253246307373 175.324459870656 173.166712125142 168.993274370829 166.286677122116 168.276925881704 173.15407594045 174.137870470683 174.188733100891 181.424597899119 194.746752580007 205.383777618408 197.335382302602 176.859100659688 143.24829975764 135.498682657878 155.898710091909 178.92070611318 188.131868839264 186.447143554688 181.894103686015 172.653257846832 156.159241994222 152.247140804927 161.427785952886 152.327567338943
170.417328675588 169.238030910492 169.676085313161 173.058231671651 181.132515271505 184.588730335236 184.772253036499 190.690596898397 190.625886122386 193.809151649475 193.646828333537 195.879022280375 194.393356641134 189.14528687795 183.856666088104 183.012207349141 185.707032680511 174.984276294708 169.147312641144 168.575942516327 168.150365352631 169.31027173996 169.709106286367 163.450717926025 164.544055859248 161.528348922729 163.183371225993 164.328227440516 164.38756386439 164.170662562052 170.770684878031 185.64114967982 180.942396322886 153.816272815069 116.897602876027 96.6409941514333 105.613102515539 136.114776134491 171.68390750885 186.107993125916 187.804996967316 171.790560086568 149.971226851145 146.809448798498 155.626078446706 141.571074724197
176.977813243866 166.302184263865 162.171105543772 168.306787808736 180.040935675303 189.335326353709 187.191367149353 189.523418744405 190.919458866119 190.991044044495 192.905863126119 194.539388020833 197.167992591858 193.70178381602 186.065137386322 185.097336769104 186.692615350087 176.446199417114 171.215871969859 172.631700833639 171.886503696442 170.491695404053 168.657124042511 164.38219944636 161.592106024424 160.000721613566 159.624874591827 160.148352384567 156.676024198532 155.086149772008 145.933916171392 153.06689341863 153.302063544591 132.707854111989 116.280525922775 97.4976321061452 77.9206107060115 86.0061049461365 110.428402821223 147.239079078039 170.348525047302 159.824321667353 149.054338534673 144.300440947215 136.220951875051 126.690228780111
179.322600364685 172.77983824412 167.551378409068 172.330021858215 181.98573589325 191.322724024455 193.575958410899 190.57708978653 193.963050842285 190.92470407486 195.09345293045 195.894201596578 198.221385478973 198.475976785024 190.605858961741 191.243787606557 191.11696879069 182.868182659149 177.336096763611 179.052869478861 179.193774859111 174.534757932027 171.653469403585 170.598149299622 166.65913661321 165.907621383667 163.858830928802 161.158780256907 155.095607042313 150.118331114451 138.859669367472 142.328401406606 145.096719264984 142.607053120931 142.020165920258 131.388078133265 103.513022263845 85.8392119407654 79.6115299065908 95.2151417732239 131.490121285121 135.423759619395 123.935242493947 109.248667955399 106.766005357107 115.004708369573
183.962186177572 180.688937505086 174.508035182953 169.925232728322 177.400887012482 189.484000205994 193.015893300374 190.476377805074 192.070265611013 195.58709859848 202.117025852203 202.176709969838 200.005968411764 200.967530409495 195.860207080841 194.342096646627 194.463729858398 189.128518104553 184.665421644847 181.916316350301 179.840505123138 178.01574865977 178.67640654246 180.206139882406 175.41116476059 170.876383781433 164.693226416906 156.056533257167 147.317349910736 145.854582389196 143.648624420166 147.851089636485 151.392122109731 160.925547281901 168.397227923075 169.098774592082 160.683711369832 142.120679219564 122.96270330747 90.3638203938802 99.782665570577 119.622310002645 119.1033522288 106.813102960587 108.355700969696 126.826783021291
187.462250391642 186.430712540944 182.774682839712 176.501135031382 175.115287303925 187.876065572103 192.109783490499 192.804972330729 190.497159957886 198.629160722097 206.403394540151 205.783943335215 202.168762683868 203.339338302612 201.923827330271 194.965640703837 198.53146870931 193.693121274312 188.499490420024 186.499794324239 185.056547323863 184.563438097636 181.090712547302 179.44194873174 176.912824312846 170.319894949595 150.08689959844 127.226531505585 123.042007287343 129.713704188665 140.859524408976 144.502530495326 149.834265311559 155.727763970693 169.920206069946 181.782066822052 186.665872732798 188.42891852061 184.963425000509 135.68326830864 105.228225390116 123.042702674866 140.567590792974 144.153734048208 146.13472421964 160.646359125773
187.268932660421 183.854162693024 186.130324999491 183.871030807495 179.289619127909 183.30846230189 192.958990732829 193.610072135925 191.819528738658 196.374734242757 205.847044785817 205.853283405304 200.298428535461 202.886819839478 204.838931560516 194.621284802755 195.381681124369 192.375679810842 189.076801141103 191.52041276296 192.137360572815 191.669285297394 186.589459578196 177.910407384237 177.208562692006 175.992627938588 155.576179424922 131.301750739415 128.471821546555 138.638198375702 152.517795562744 151.438921689987 161.040465037028 171.503225962321 187.0463291804 197.683274745941 180.323342482249 146.539638439814 130.166441202164 137.046068906784 136.231005191803 151.740580797195 155.076156059901 138.334562381109 127.263108889262 141.477694114049
176.052272319794 183.660686016083 184.577584266663 186.213294665019 183.361689249674 181.072354316711 193.45353047053 198.709984620412 195.800920327504 198.392232259115 203.097542126973 205.944498380025 203.941027323405 199.890275796254 200.796206792196 197.662750879923 193.125784397125 194.945116837819 195.373018582662 196.95770740509 198.290705680847 194.250623385111 192.33783086141 185.802936553955 183.100124200185 185.096879800161 178.151905536652 169.764379660288 171.087145805359 171.167552471161 170.653343200684 162.282973527908 174.772222836812 187.054514884949 177.643358707428 166.660169760386 147.408773501714 91.3286109765371 70.1812406380971 104.326029618581 140.261809031169 162.566761175791 155.894835789998 140.891263882319 132.055501143138 138.827641805013
164.820730686188 180.721958478292 183.105627695719 184.703191121419 187.322497367859 182.198087374369 188.189188639323 198.743939399719 206.028600533803 205.216407775879 203.350762526194 203.018585840861 204.878369967143 201.931734879812 202.296694119771 199.404577414195 193.966229756673 194.007257620494 191.717028617859 189.354598522186 191.353638966878 190.566599369049 189.747552076975 188.536763191223 190.169711907705 196.024258931478 204.099257787069 207.763870557149 191.590249538422 188.067773977915 176.974912484487 165.875295797984 169.827163219452 160.60134768486 128.962218761444 88.3556008338928 85.0365360577901 73.7065076828003 57.2613626718521 66.4817541837692 87.0439410209656 125.682314236959 153.903434673945 175.289670626322 195.144732793172 192.703743775686
