input/barkrak2/radiation/dir09824.grid
NCOLS 85 
NROWS 70 
XLLCORNER 665100 
YLLCORNER 4664600 
CELLSIZE 20 
NODATA_value -9999 
[rows 40 to 59 of 70, columns 0 to 45 of 85]
230.200091997782 232.563356558482 231.481552124023 232.329487800598 242.250700791677 247.108638286591 249.445339043935 253.184457619985 252.343197663625 235.868652661641 222.671826680501 219.290872414907 216.75705909729 213.986992835999 210.794727007548 209.319472312927 208.224217096965 209.254443645477 202.34219233195 201.826552549998 205.937345822652 211.214264233907 214.421490828196 209.450264771779 205.083568890889 202.713290850321 214.371562004089 217.273990313212 220.059752464294 219.902157783508 220.909297466278 224.978884061178 220.3462322553 224.988142649333 252.960483233134 253.735621770223 240.630626678467 232.759555180868 235.561966896057 241.530021031698 255.361378192902 275.996049245199 248.109002908071 169.429898262024 106.517612934113 76.0468890269597
237.063487370809 235.104600588481 234.298785527547 233.519593874613 229.222575823466 227.75004307429 226.202448209127 226.135989030202 230.657656987508 221.364438533783 214.33170636495 214.499910672506 218.233446280162 217.040300369263 215.498149394989 211.787501970927 208.050529162089 215.065002441406 215.805888175964 208.942929903666 208.442588647207 211.358467737834 209.968606630961 211.528619130452 213.755885759989 207.934439182281 213.131109873454 218.665917714437 220.229268074036 221.371789773305 222.314417362213 225.034256776174 221.490263938904 235.690355300903 248.821238676707 238.83177836736 221.725324789683 214.110553264618 215.914706389109 227.404534816742 259.452939033508 273.708403110504 261.806130409241 215.197920799255 146.457453568776 103.15344731013
240.435441335042 238.001783688863 239.393750826518 239.337662855784 232.202649116516 227.919280529022 226.406971613566 221.653004487356 220.316608746847 218.11189254125 214.920580387115 213.935256004333 218.303461869558 220.962007840474 219.082415103912 216.624637444814 212.280869483948 216.718912124634 219.850262006124 211.367567380269 208.046654860179 208.517173926036 204.599519570669 205.646971861521 209.694584210714 207.557102044423 203.88130346934 209.917028745015 216.264228026072 218.798756599426 219.444473584493 217.785914738973 223.475654919942 240.978280703227 246.488769849141 223.988175392151 207.061370213827 207.814335823059 215.952177842458 229.830781618754 239.850878715515 241.424262523651 228.563884894053 205.868939558665 155.791918436686 95.9799190362294
225.664575894674 227.108657360077 235.19774278005 233.127415180206 234.671612580617 236.862639586131 235.700706640879 229.797462622325 219.590703646342 218.614419301351 220.410803953807 214.460551738739 215.083003044128 218.014101187388 219.386994838715 215.37584066391 217.013418674469 218.208134174347 217.789689699809 213.084578514099 206.773380438487 204.207022984823 202.943126360575 201.221565405528 203.631301720937 209.134916464488 203.287720680237 205.611268679301 212.378064791361 214.071532090505 212.202449639638 208.376089731852 217.526316642761 231.617232163747 230.770369370778 209.416270256042 203.519940376282 214.248776435852 226.509173711141 229.591051737467 225.951552391052 222.433745861053 213.580787181854 191.429932912191 151.974459489187 98.7936357657115
223.625123500824 227.550109227498 230.838159720103 232.220689455668 232.744812965393 235.303858915965 235.634684562683 230.981230735779 226.282099882762 220.141192277273 222.009619077047 219.307164351145 214.121758937836 211.886803309123 212.573488553365 211.396416028341 208.021283149719 214.175502459208 215.254525343577 213.560283184052 208.485126495361 206.39975865682 206.57742023468 205.851276715597 202.479640642802 213.185091813405 215.767920017242 212.574402491252 211.89022064209 211.85169617335 206.239362557729 202.442566553752 208.691040674845 210.759063561757 209.860920906067 203.336934248606 207.620223363241 222.348908583323 230.762283007304 223.387678464254 222.409665584564 215.31609694163 205.925385157267 188.494980335236 160.02294421196 119.803508122762
227.63458887736 232.268671194712 230.168700218201 233.872671922048 231.508294741313 231.651027997335 233.33211739858 230.790336926778 231.740593910217 225.601712862651 224.53906138738 222.053408622742 217.640956242879 212.093571821849 211.618522802989 214.140295982361 208.023230234782 210.127870241801 215.07587035497 212.595582008362 211.069067319234 210.060397783915 209.722956021627 209.681789080302 209.827363491058 209.013938903809 217.784365018209 215.832750002543 213.272293408712 213.006138801575 207.419157028198 202.885667483012 205.831865469615 200.998346010844 189.276814460754 184.946040312449 198.276281356812 216.36817852656 220.111807187398 206.989268461863 210.957149664561 203.284323215485 197.26566473643 196.421066919963 186.780532201131 150.536884864171
226.876735687256 228.94275188446 232.113083203634 233.336269855499 233.479042847951 233.143329620361 233.73681306839 235.62886317571 232.329467932383 229.097028573354 227.748552958171 225.337862968445 222.024202346802 217.602550983429 217.088103294373 219.556013743083 214.966893196106 209.861954053243 215.932428836823 216.176311175028 212.565064430237 212.697227795919 212.583859761556 207.997878392537 215.410828590393 208.839058876038 211.85298760732 213.703135649363 213.054756323496 213.506877422333 210.64035097758 206.551750500997 204.706788063049 199.950257937113 195.287028948466 190.199434757233 195.626556873322 207.074284553528 207.997361818949 205.993453661601 207.603832085927 198.667168617249 201.076110204061 210.069060325623 208.133419354757 176.011840502421
221.134146054586 223.590513070424 229.541381200155 230.741878350576 234.493215878805 235.68598429362 232.354164123535 232.776423295339 232.801934083303 232.807298501333 229.764719804128 224.933822949727 223.731239636739 222.058196862539 219.497561454773 217.589477698008 215.209662914276 207.629323005676 212.52163251241 213.948746522268 211.778004964193 211.394687493642 214.997013409932 206.374267737071 209.736287593842 209.549446900686 204.327166080475 209.89849170049 212.201257546743 210.760990778605 211.994409561157 210.303505261739 202.961027622223 204.741378625234 211.14973227183 207.878867785136 205.290039380391 203.813135623932 206.936101118724 217.611292997996 210.482716560364 200.374245643616 206.223944822947 211.228668689728 207.302788893382 188.629190127055
214.85835313797 216.761032740275 222.989598910014 225.994447867076 232.323348522186 236.096938451131 232.262094815572 230.471432209015 233.47004254659 233.753601710002 232.480724652608 227.012574672699 225.142121315002 224.330067634583 221.924146016439 216.014901796977 215.961674849192 207.935611406962 211.429476737976 215.645869572957 215.90252717336 214.261253674825 215.052207310994 209.835310777028 209.351499875387 212.939341862996 208.688497543335 211.758315563202 219.200968742371 221.720099449158 226.947863896688 225.9548107783 214.794059594472 216.411133607229 220.288753509521 219.400604565938 218.123356501261 213.102161884308 211.828430493673 216.182589530945 205.631852149963 197.800437609355 195.5513159434 193.533261617025 190.821270147959 189.369897047679
213.581442832947 209.718823432922 214.935859044393 222.306271394094 228.111902872721 232.105215390523 233.832736810048 235.850195089976 234.75056886673 231.619874636332 234.01266336441 232.324858506521 228.695114453634 224.679787953695 221.522967020671 218.08667977651 214.938282966614 211.185952027639 213.779071966807 218.939205010732 219.697753588359 220.349629720052 216.421027978261 215.676108996073 211.164057254791 215.214967727661 217.691004276276 219.533304373423 225.65229733785 234.475135803223 241.01189772288 240.908563137054 231.60723845164 227.744221687317 223.03694486618 221.888065338135 222.628076871236 223.29968214035 217.142502466838 204.231401284536 193.733970324198 195.700724919637 194.427371025085 188.028573989868 184.877991676331 184.509436289469
214.780767758687 215.621610482534 218.098203341166 225.348015626272 225.73443253835 227.197567621867 233.597278594971 238.243381182353 236.736536026001 235.942244529724 234.063982963562 234.424769878387 229.262272516886 225.317815939585 223.814487457275 227.548937002818 218.682746092478 216.33235613505 216.874341169993 222.980797290802 223.548094431559 220.467944939931 218.663334846497 216.978212197622 212.097565333048 218.296070893606 221.652607123057 222.280561923981 229.28508122762 236.870189507802 244.372089703878 247.022449970245 239.713569482168 230.159163475037 217.247446378072 213.372429211934 218.607266743978 225.468993186951 216.032067934672 195.27280330658 188.189148902893 198.994517326355 201.588193575541 194.62639093399 189.404189586639 182.157476743062
213.074068228404 221.684396266937 224.031945069631 226.150810718536 226.016779740651 225.265840689341 230.718274911245 236.5483045578 236.453374226888 239.132185777028 236.016392707825 235.769271850586 231.933077176412 227.231959501902 225.908637046814 231.785655021667 224.347790082296 216.260095437368 215.652585029602 219.407816727956 220.111211140951 218.094726403554 215.719819068909 213.80082766215 211.049258708954 212.786614894867 217.294216156006 218.066990375519 220.222989718119 226.903001467387 236.490309238434 244.030177593231 232.535819212596 212.278445561727 174.751242001851 167.655964692434 191.677927970886 211.626251538595 218.801220258077 216.72381957372 214.734037717183 209.52053864797 186.408559481303 184.269567330678 195.36683956782 182.645817597707
214.367707570394 211.781680583954 212.465107440948 217.139740784963 223.48161538442 227.64774163564 226.171612739563 233.036736647288 231.43595457077 235.543409983317 235.224942366282 237.275083859762 235.656877358754 230.742732683818 225.153386592865 224.415282408396 226.948658625285 215.929210186005 210.272034009298 212.081869443258 211.559335390727 212.39827076594 212.507446606954 206.326504548391 209.380189577738 204.033970832825 207.762062549591 208.699981371562 208.589295546214 208.040674527486 211.732268333435 224.318623542786 210.173885027568 183.684706687927 150.196760892868 131.160507599513 143.393655618032 174.517373243968 206.683814525604 217.433571815491 218.104302883148 199.430664380391 180.475831031799 181.492884953817 185.977458953857 172.30369647344
219.824035962423 209.836363792419 205.475290616353 211.30645275116 222.049196561178 230.7049036026 228.316744168599 230.682571729024 231.60183429718 231.557766596476 233.139077822367 236.01496219635 236.840605735779 234.962145487467 227.313081423442 226.639250914256 227.834165096283 217.568735281626 214.592019716899 215.945144494375 215.04541238149 211.580018202464 209.687610467275 205.317576726278 204.280138015747 204.857250054677 202.040155728658 202.370504538218 200.948039690653 197.126090526581 187.762637933095 191.431244214376 183.422267436981 163.958499828974 148.7877368927 131.77631298701 113.230884075165 123.872190713882 147.583514451981 182.086129983266 197.974026203156 188.576360543569 179.379383722941 175.703942775726 168.323636054993 157.723009586334
221.345543861389 215.061644713084 209.188441435496 213.320831457774 223.744432131449 231.073121229808 234.471281369527 230.447371800741 234.681049982707 231.525182723999 235.369483629862 235.78941822052 236.365477244059 237.892289956411 231.881936391195 230.661273002625 230.367958545685 223.994334538778 216.204245885213 217.882513999939 220.12190024058 215.548356374105 212.577859560649 211.125095685323 207.05904563268 206.176559130351 204.029182593028 199.018220106761 192.890604337056 190.310955047607 180.514673391978 180.615862210592 175.813059012095 172.419170538584 172.658960024516 165.937920411428 141.480525334676 125.527650117874 114.532719055812 129.985918601354 163.927555084229 166.642407576243 156.174709399541 142.723878224691 139.902611573537 145.793229341507
226.150552431742 222.460806369781 215.957005818685 210.629026095072 217.762847741445 229.069153467814 232.858220736186 230.367660522461 231.688817342122 234.268804391225 240.161021550496 240.004122257233 239.617228507996 238.812267780304 235.16054948171 235.32913128535 233.408729235331 229.73761955897 223.381837209066 218.880454699198 217.005173365275 214.840531349182 214.792927106222 215.589463710785 210.868080457052 208.460807800293 200.286825497945 192.404548327128 185.853838920593 182.908713817596 181.994219621023 185.987492402395 181.62743250529 188.8507604599 198.071996370951 202.098309993744 197.103798389435 181.139687697093 162.310898303986 127.391189336777 134.237418572108 151.583462953568 150.531262159348 139.81024424235 142.058899005254 158.756703138351
228.501121203105 226.055343945821 222.844302654266 214.344322681427 213.622709115346 224.660555521647 230.997582276662 230.370322863261 228.819628556569 233.706434567769 240.486741065979 240.255733331045 237.513502438863 237.870395183563 237.151145935059 230.481505393982 232.087810834249 226.539969444275 221.198976039886 221.707145373027 220.154503981272 218.768378098806 214.802801609039 213.084061940511 210.679650306702 204.226652781169 186.05641523997 164.498825867971 160.183986028035 167.509456475576 177.566428979238 182.658493518829 180.380543073018 187.273442745209 198.773920536041 212.297936280568 224.390546480815 226.890961329142 221.443792184194 168.023784955343 139.567116896311 155.498792727788 171.141584714254 177.557905515035 182.163596153259 194.977263609568
227.765123049418 223.731517791748 224.824488162994 222.788830598195 215.927183628082 219.961285591125 230.538884798686 231.087227662404 226.711571216583 230.773429075877 238.453904787699 241.274237632751 235.895415147146 235.819160938263 238.653481006622 229.127903779348 229.291955629985 227.793176968892 224.027554194132 224.498391151428 224.560598532359 223.432799180349 218.519330024719 212.021370728811 211.32218837738 211.353401343028 193.03951660792 169.503549734751 166.691919167837 173.817316691081 185.312807559967 186.910271644592 192.537268002828 201.050659020742 215.11842807134 220.681647459666 218.864023685455 186.924954255422 173.14738035202 168.759802977244 170.740683873494 184.759656588236 184.618453184764 170.072356859843 160.452504952749 173.494239648183
217.193166414897 223.289926846822 222.151279449463 221.092859903971 218.558192253113 215.250154336294 229.641079902649 233.672857284546 230.462272961934 229.055682818095 234.62853829066 239.644944667816 237.092673778534 233.688553174337 234.154303868612 231.611688931783 226.660192012787 227.098226547241 226.342221101125 227.481027444204 228.24498017629 224.2551445961 222.346981366475 215.996185938517 215.116024017334 218.651453653971 213.915944099426 207.111636797587 202.322642008464 205.793023109436 204.168140888214 197.502871354421 205.631295839945 212.410132090251 211.869498093923 192.928453286489 179.314414660136 128.463417291641 105.369458595912 139.269938071569 177.602827548981 191.789448261261 184.097091356913 172.145505746206 167.815486590068 176.643272240957
204.794307549795 218.999763329824 219.692766666412 220.103581746419 220.205942789714 216.725071271261 222.895661989848 234.03920729955 239.806811014811 235.547761122386 235.719343026479 238.596638043722 238.828142484029 236.41433318456 235.106070836385 232.34091202418 228.029847145081 226.341446240743 223.46289952596 221.346894900004 223.199268182119 222.169915835063 221.170981725057 219.433585802714 220.556378364563 227.710604667664 236.167510350545 237.515012423197 222.21314907074 219.230671723684 210.855583349864 197.639664014181 205.748875935872 189.958930015564 161.154965559642 132.806291182836 110.94257235527 107.769946257273 91.260423262914 101.068556308746 125.20960966746 158.921539783478 182.737747828166 204.225341478984 227.873206138611 228.329539299011
