input/barkrak2/radiation/dir03524.grid
NCOLS 85 
NROWS 70 
XLLCORNER 665100 
YLLCORNER 4664600 
CELLSIZE 20 
NODATA_value -9999 
[rows 0 to 21 of 70, columns 0 to 49 of 85]
103.361070156097000 118.261794249217 134.982347488403 154.05410528183 164.974023898443 167.729059855143 166.974246501923 164.571791887283 162.696619828542 166.118621826172 166.77192846934 163.019438584646 158.487419287364 159.246971209844 159.427146116892 148.769408464432 135.371148586273 126.139958699544 125.052720308304 122.354487578074 123.995025952657 145.787000656128 168.499787648519 173.110286394755 176.493088404338 187.042693297068 185.548027356466 175.354540348053 167.491535345713 168.654461701711 164.114852746328 186.978061993917 231.171329816182 228.132128715515 225.172797838847 213.183124860128 217.748761177063 229.19640938441 225.593765576681 225.992222627004 217.471122741699 225.300232569377 230.730970700582 223.483979701996 211.916168530782 219.093283017476 224.144260088603 183.856129646301 127.639472484589 123.063445091248
82.4959576129913 97.869614760081 111.782312393188 130.251328150431 146.149317423503 154.685993989309 159.210711717606 165.40985306104 172.431707382202 170.421401659648 169.260919094086 164.545635382334 159.32888785998 159.420172373454 159.498423337936 146.326671044032 137.672315041224 130.31530380249 128.694037596385 125.962972640991 138.644248247147 163.969278335571 182.206273078918 182.701349258423 187.264223893483 192.988216876984 188.879569371541 179.035762945811 171.116967995962 170.177678267161 171.374917030334 198.308209578196 226.045926411947 224.333465099335 220.674792925517 215.38390715917 221.72204653422 231.033205986023 227.005183696747 224.015355110168 219.802816708883 221.899886926015 217.477858066559 207.26732412974 202.049235502879 215.311149756114 216.162025928497 169.003367424011 134.760161240896 145.843585332235
42.944461107254 54.0101230144501 62.4835838874181 72.7056165536245 86.2548549969991 97.4650681018829 121.004164218903 141.116400559743 155.410607655843 158.74120593071 162.654290596644 165.882527828217 168.574492136637 170.23225625356 172.000805536906 170.345584551493 166.255017121633 155.517945686976 140.682458877563 136.016557614009 151.452044645945 169.538497924805 181.026836236318 185.123483339945 187.923868497213 187.344094117483 184.184908866882 178.451140721639 175.101300080617 178.249716758728 188.499132792155 211.427092552185 224.593341350555 222.110271453857 217.228929201762 215.574185053507 225.550532341003 233.936250209808 229.255358378092 222.692926724752 216.328779856364 206.532378991445 192.730824152629 185.823639233907 191.98485215505 209.099431832631 201.706369717916 164.924999078115 155.097941557566 174.44509267807
27.0756483078003 28.8632661104202 33.2936594883601 37.99869120121 42.5377984841665 48.1515576442083 60.7196937004725 79.9972365299861 106.925785541534 125.24272998174 142.96950896581 159.565339485804 169.487436612447 170.881370703379 174.914081891378 181.214531262716 178.290943304698 166.487296422323 151.355028152466 144.096771876017 145.3597843647 149.489055077235 163.669288158417 173.678596814473 175.220708052317 175.37518342336 177.278260389964 178.420166174571 179.812848567963 185.246268908183 192.416409651438 211.168964703878 216.231683890025 213.955839474996 213.459471861521 215.860843658447 218.272705872854 218.940019607544 212.563276290894 201.793074607849 198.962092399597 189.981361230214 187.21342086792 199.203471342723 210.8353972435 204.32182153066 185.704330603282 163.116832574209 165.02724091212 178.327997525533
39.094236989816 31.4823935429255 21.2451467911402 15.9017592668533 15.4839108387629 27.9001047213872 45.9501991669337 56.625892718633 68.650429447492 77.3326009511948 97.1564054489136 131.885717312495 146.256387233734 153.815746307373 160.954505205154 165.872683127721 162.066807349523 157.27769335111 150.320370992025 144.604821999868 140.598754088084 138.69113723437 147.110491991043 161.341458559036 167.348285516103 173.247218132019 175.275901953379 177.949945131938 179.536799589793 180.141647656759 187.890569368998 209.649443626404 208.993474642436 208.991547425588 208.998322486877 207.74378379186 204.730371634165 204.271177450816 196.806331475576 189.059058825175 188.264648119609 189.635316530863 199.269811312358 210.599859555562 212.214410305023 187.017798423767 155.611465374629 147.57909377416 158.825000127157 177.471995353699
66.1456237236659 49.7586379448573 31.864029665788 16.1501703162988 12.1295042335987 18.3515176177025 32.575989762942 45.4420099655787 55.2157610654831 56.1014165480932 63.5018696387609 74.3436912695567 84.9375327428182 89.1209840774536 96.7926681041718 107.871800661087 111.333648363749 126.021911700567 145.301719506582 149.027605851491 149.610628684362 149.535516897837 146.002193291982 149.25883213679 160.710016886393 168.026725451152 173.644065856934 177.702307701111 180.506765842438 183.037539323171 196.112732092539 206.956287225087 201.04976495107 199.797113736471 201.324025789897 203.000406424204 200.320521990458 193.4894323349 184.969325860341 186.82461977005 187.759578227997 187.994559605916 190.32476345698 196.670015652974 191.068192323049 147.951106230418 128.814389308294 138.452072938283 158.559858798981 197.042902310689
74.9552895625432 69.4413334131241 55.7930767536163 37.3431891202927 23.4954829017321 16.3153770069281 20.6637481848399 35.520409544309 49.0383605162303 54.0782362222672 55.1591912905375 52.5775849819183 50.357182820638 47.088493903478 47.42398361365 58.4418376286825 69.5323298374812 86.2794816493988 105.423440535863 121.838549772898 132.893294095993 141.583651304245 139.565656582514 138.975242773692 143.625636895498 146.786053975423 157.637089490891 168.049295743306 174.001971880595 184.619625409444 196.182946364085 197.854896386464 188.645482063293 184.597810109456 185.418506463369 186.253170172373 186.347862084707 181.567470232646 178.070902824402 172.452131907145 167.448818683624 168.843905131022 177.102069060008 186.145106951396 182.067712148031 175.374507904053 185.15141805013 193.608403205872 205.884575843811 220.391035079956
88.7959102789561 77.9520273208618 70.2432543039322 60.1893961429596 43.750320871671 24.7023825844129 13.4007781744003 11.9349770247936 28.06456387043 46.2734202543894 53.5988062620163 50.6660441557566 46.3373760382334 42.664498090744 33.9300831158956 35.5721861124039 45.0827231009801 56.1046600341797 75.9503444035848 93.114713827769 108.407139778137 120.353798071543 130.413393179576 133.186717828115 133.561551570892 133.693138758341 135.042806466421 143.372267484665 154.296984275182 169.971227645874 181.151827176412 184.535225232442 176.353017489115 168.682118256887 165.620277325312 165.982107321421 174.258589744568 172.627508640289 168.846885363261 151.980717976888 147.910465796789 155.531068642934 172.741134961446 187.061210473379 189.805845419566 195.830007394155 208.31819375356 212.749501069387 220.040520032247 221.379260222117
83.037147919337 75.2464234828949 66.3048575321833 66.8337891499202 60.7748130957286 43.6733414729436 26.657909154892 11.7856189608574 18.3991653223832 27.3467227816582 34.6779748797417 44.8720008134842 49.6528794368108 50.1180837551753 42.6182448863983 40.0965685645739 40.7103250424067 43.85606944561 55.6180377801259 69.0270662307739 81.3313623269399 95.0149794419606 109.086056550344 112.459192673365 115.9721215566 118.368566036224 120.342930157979 124.576101700465 129.412094751994 139.098276694616 151.185403267543 156.807233889898 154.275079568227 152.900954087575 153.696934382121 158.514599005381 159.171372652054 163.754681746165 164.008994897207 157.481054464976 163.951933383942 174.021104971568 180.083016554515 183.237830797831 181.216557820638 182.923972606659 186.628838380178 197.822471459707 210.526704788208 209.614475568136
64.0719830989838 61.7182354132334 55.5253624916077 48.7829297780991 48.5737025737762 56.456337372462 42.8767005602519 31.1564554770788 16.9780092934767 13.8178989291191 17.8648668030898 29.570738474528 48.9272971947988 58.0176214377085 58.8520715634028 55.3470849990845 48.972561955452 46.3399688402812 47.2344756126404 51.6547014315923 57.8190137942632 65.2545789877574 76.5675554672877 85.554301738739 96.996674935023 97.6927578449249 99.410871664683 104.338884353638 108.771701653798 115.559905767441 117.71218975385 121.442904074987 129.686176776886 137.349714835485 143.440912167231 147.695243358612 148.082236448924 153.406510750453 160.16748547554 169.820845127106 179.673075675964 184.572418530782 186.488052209218 183.175365130107 179.72594499588 180.831690629323 190.174142519633 198.640048503876 200.441718101501 199.804226557414
30.0389230251312 28.9216538270315 27.6467874646187 31.5932979186376 26.6973674297333 32.3184008399645 33.77798696359 32.5807978709539 23.201160132885 17.622218777736 14.7994682192802 18.0866395433744 31.7850435773532 46.0185656944911 58.2866470019023 54.0579160054525 54.1408509016037 51.6297320524851 47.7000425259272 45.2854931354523 45.5700606107712 47.092412908872 52.6823351780574 64.3871376911799 76.5960315863291 85.3098829587301 85.1652026176453 84.7980678081512 94.0897663434346 100.8553703626 104.787508646647 108.580221732457 114.801784356435 120.508700609207 127.552221218745 133.043716351191 139.292140801748 145.307918389638 155.728995800018 173.381129900614 182.127833366394 183.017611503601 179.469207922618 178.332984447479 178.339699904124 182.343661785126 189.168870449066 192.025522391001 191.256443659465 197.20063606898
6.81460400422414 7.38814162711302 6.6865049302578 2.78513040393591 0.0686213849500443 1.158082857728 7.27993125716845 19.7892511884371 27.3568679889043 27.2301683823268 20.0966435174147 15.5504755675793 18.6610519886017 30.1709920167923 45.9227959314982 47.9176243146261 57.0156772931417 56.9314459959666 51.5989810228348 45.6922302643458 42.5528983275096 42.196532090505 43.2754158973694 51.5009611845016 59.9290033181508 65.2421116828918 67.2883441050847 70.6724474827449 74.4871546824773 80.4215768973033 90.6052390734355 93.6758418877919 98.3381668726603 101.502845684687 103.10693581899 110.525866349538 126.160780588786 136.702517668406 144.997864961624 162.708699703217 169.239024321238 169.1059867541 165.843059619268 163.046330213547 164.635360240936 165.089080731074 170.059641202291 176.728188991547 180.31636873881 184.528589248657
1.63346296176314 0.735642466073235 0.0279286129322524 0 0 0 0.00820921377453487 6.38148499031862 22.202489276727 27.7195821205775 32.4148337046305 26.4835481842359 16.2249033649762 16.6664992769559 27.5761584440867 43.3590759833654 56.2939296166102 60.5170826117198 59.9682827790578 53.3325374126434 48.7326979637146 49.6529539426168 50.3386557102203 52.8227289517721 55.133655667305 56.6107928752899 58.5437069336573 64.1490171353022 67.0765489339828 66.6326979796092 71.1990495522817 81.8076531092326 82.4850896994273 83.4260682264964 87.7053538958232 92.9552416006724 102.114985386531 115.523437658946 126.318991184235 137.679835160573 145.428121089935 147.60634303093 147.18034863472 148.922860622406 149.90954597791 153.53462100029 151.689082384109 155.044982830683 159.975945949554 165.19437233607
2.37344702084859 0 0 0 0 0 0 0 1.49436015635729 20.3744793931643 30.8223813772202 35.9495828549067 35.9715571006139 25.3180637955666 25.0204727053642 38.8461351394653 50.8981148401896 61.883678038915 70.264865954717 68.5567855834961 60.3539993365606 60.7234140237172 59.3455880880356 59.9673340717951 61.9297524293264 62.4618430932363 63.8559261957804 69.4548537333806 68.3255096276601 63.051904241244 64.0916426976522 62.8126760323842 68.7724898258845 76.7347166935603 81.6491742928823 85.8663320541382 87.9493057727814 94.1291948159536 99.5326638221741 106.521507104238 119.043787320455 123.975118001302 132.988760868708 140.959282716115 138.960808515549 146.170854568481 146.89647157987 141.753574212392 138.120383024216 142.14621980985
9.87230924268564 0.0152332310487206 0 0 0 0 0 0 0.0414103997172788 11.7299606402715 30.583788951238 47.306219736735 54.6898047129313 51.3692895571391 39.2758846282959 36.8457362055779 40.9418468674024 51.8288364013036 65.4865851004918 75.9943574666977 76.2334416309993 72.6556082566579 73.0727016925812 69.6238776048024 70.5003341039022 71.2344795465469 68.9517259597778 71.902538339297 69.5335368315379 62.4552816152573 61.329851547877 60.9251856803894 57.942142089208 56.6486120223999 68.6379770437876 73.1190989414851 77.0207246144613 77.3947934309642 81.9971660772959 84.0036273002625 90.5726253986359 100.102990865707 110.86959640185 116.229116916656 121.454934279124 127.591480811437 136.31945848465 140.609204769135 136.058698097865 131.788820028305
10.3349816054106 0.721391135205825 0 0 0 0 0 0 0.528622108201186 1.93194020539522 22.2387611865997 44.3097899357478 66.3950343926748 71.1993227402369 56.6676656405131 39.806142449379 35.2335423231125 37.9326070348422 49.8893409967422 69.2261159420013 82.1421146392822 80.078532298406 83.4710399309794 78.1040837367376 75.9112586577733 77.996571858724 78.3965190251668 73.3755926291148 73.8766193389893 71.2353934844335 62.9180272420247 57.9560895760854 56.7957957585653 48.805038134257 46.3802566130956 46.5963184833527 50.2252280712128 57.113250096639 61.337873339653 66.0029202699661 70.3358352184296 75.103372335434 80.9259563684464 88.4633759657542 102.446526288986 109.968423843384 122.696101665497 131.102234125137 131.606241067251 127.614478270213
7.51996226608753 1.80731931080421 0 0 0 0 0 0.0512603243502478 1.65539467707276 2.14438590531548 11.1813818415006 30.7497332493464 51.0322153568268 65.6556834777196 69.6510324875514 61.9456022977829 56.5535426139832 48.2121010621389 42.1968201796214 49.7105817000071 68.9753144979477 83.1556419531504 87.7908269564311 87.2067213058472 81.5117607514064 83.1904808680217 88.9735420544942 82.506204644839 80.2610168854396 76.9532223542531 73.8390038410823 60.9697451194127 51.3526499271393 43.2699819405874 35.2133711179098 38.4799167513847 34.8932867248853 31.4418822526932 37.9704385995865 46.8087395032247 47.1136470635732 48.7864663203557 52.331417798996 55.2351375420888 73.6072361469269 91.9259389241536 100.479493538539 105.378260215123 113.629957040151 117.787847916285
5.21068026622136 2.66302532205979 0.0462838312766204 0 0 0 0 1.8739141523838 3.10129734377066 8.92221120496591 12.4329465130965 23.1852705279986 40.2192920446396 58.8905215263367 70.0245400269826 74.7259209553401 75.0189522902171 66.8572982152303 54.754912853241 44.7241564591726 52.3788432280223 74.4332174460093 82.4141254027684 86.8646502494812 90.3262893358866 95.0386822223663 92.7586356798808 89.4418358802795 91.9166604677836 86.1959159374237 73.6513038476308 60.9838465849558 54.9207429091136 43.1854873895645 34.2830270528793 27.7998621265093 22.7747410535812 22.7552726864815 23.8893056909243 25.9177535772324 33.493605752786 34.9450260400772 38.8797397414843 41.658028960228 50.5490104357402 64.4487043221792 80.2187422911326 87.8857175509135 93.0570562680562 98.733792702357
5.75800985097885 6.86792967220147 5.77559570471446 0 0 0.111311353975907 1.67494888106982 3.92132283498844 9.89623243610064 19.243764380614 23.9941676457723 27.2284472982089 36.4962965250015 49.1137802600861 59.4821820656459 70.4585562149684 76.0273039340973 76.9649048646291 75.0685234864553 62.130868434906 50.0436325867971 60.9370768070221 71.7394351959229 81.3836654027303 92.1735862890879 98.670502503713 102.146943410238 99.827508131663 91.6535258293152 88.4760916233063 78.9756675561269 67.1147108078003 52.0493239164352 43.7556505203247 31.1806922157605 24.9326278765996 19.1288826366266 15.1293116311232 16.1753445863724 17.4178580443064 22.1984833478928 24.7423499822617 28.4885366757711 32.2971964875857 37.3557085792224 45.5729315678279 53.4344712893168 55.118183294932 70.8828220764796 81.5810511509577
6.18822562197844 4.89828983942668 6.67123744885127 1.22112493651609 0 2.35752807930112 2.81121426572402 5.09629212319851 6.26841311653455 20.6111495693525 25.619221230348 25.1749008893967 27.6195655266444 34.5811992883682 43.6179935932159 55.6727200746536 63.2646381855011 70.9726909796397 76.2190669775009 77.3434937000275 69.7327852249146 60.1350466410319 62.7258469661077 72.1237013737361 83.4598342577616 92.9826994736989 95.0947205225627 98.6162622769674 92.3785169919332 84.5341980457306 70.6061025460561 68.5540040334066 54.0130833784739 37.0072200894356 30.5161252617836 19.4002253313859 11.6205178201199 5.54812140762806 4.48793172836304 8.80000119407972 16.2898513178031 19.8773704469204 23.9092210928599 29.8704877495766 30.3097615639369 37.3205492893855 39.4188289841016 45.1526343822479 51.8035540978114 61.9012316068014
9.80080477893353 4.21691685914993 1.67859454328815 3.29878802100817 1.25002775651713 3.37276142090559 2.85760002831618 4.85288258641958 6.00947936375936 15.1397089163462 19.5626119772593 19.9688598513603 19.7651709119479 23.6665681004524 29.2037005225817 41.0566255450249 52.1564284960429 59.4469159841537 68.4951295455297 80.4314364989599 87.6200000445048 78.191543618838 78.4038851658503 80.1957348982493 81.6894620656967 85.4598085085551 89.1530712445577 87.0199501514435 81.0874303181966 81.7570835351944 68.9542194207509 51.0178705056508 39.2055387298266 27.5243570407232 13.3984399338563 9.44204318026702 2.87277313570182 0.45148244438072 0.0673163449391723 4.78704863538345 1.33715601017078 10.1728402078152 17.9018701116244 23.2967436313629 26.7558743556341 30.0175075729688 35.6146494547526 40.4504413406054 43.322150905927 45.7495699326197
26.3110548257828 16.2374985714753 6.32553113003572 10.0958235561848 8.73008742928505 2.53061577677727 4.82008295754592 7.59436438481013 8.3583543697993 13.1858661770821 17.2741276522477 17.0976022879283 17.2923033436139 16.4155686895053 21.3866730531057 31.4853837092717 43.6408966779709 52.7744243542353 60.9940936168035 73.0818609396617 82.5379143158595 95.9103504816691 102.769533793132 100.413451592127 92.8893287976583 84.5662752787272 80.4587999979655 75.8826335271199 78.0079066753387 62.5615616639455 51.2533287207286 36.151389280955 22.1467167139053 9.48206211129824 0 0.0342130006174557 0.0549363079092776 0.0537594702715675 0.0354641742887907 0.0375728826232565 0 0 8.92302083472411 10.549404968818 16.9357160727183 22.7201456824938 27.2309506932894 31.5293123324712 36.2662151455879 35.7037459810575
