input/barkrak2/radiation/dir05024.grid
NCOLS 85 
NROWS 70 
XLLCORNER 665100 
YLLCORNER 4664600 
CELLSIZE 20 
NODATA_value -9999 
[rows 42 to 62 of 70, columns 0 to 48 of 85]
123.47541252772 120.065987110138 122.507899999619 121.104707320531 113.528847694397 110.032608111699 106.665541728338 103.374501069387 102.924605210622 99.2481509844462 97.4964499473572 96.1612264315287 99.7394720713298 103.126466274261 103.160202503204 99.2743770281474 95.4349239667257 100.758413473765 104.090313116709 96.5938866138458 93.7352081139882 91.8754637241364 88.2730980714162 89.9272163709005 94.4110552469889 90.8562143643697 87.7305070559184 95.4648653666178 100.806792577108 102.403302987417 105.102717876434 106.102585792542 119.103978077571 144.424776236216 150.805095831553 131.608923276265 116.954465707143 114.023476839066 115.576167901357 124.922116597493 135.91080904007 139.046271642049 123.439600070318 86.6531729698181 25.6337374448776 0 0 0 0
106.490542491277 109.423259894053 118.316769599915 115.741471449534 118.172039588292 120.180249214172 119.129916032155 113.618910312653 101.743906736374 100.603630145391 103.462706009547 99.5220541954041 99.5627741018931 103.293379147847 103.393644094467 99.9100009600321 101.918439070384 103.780210018158 103.818496068319 97.8456338246663 91.8615261713664 89.1855359077454 87.7285202344259 85.6805245081584 89.7897680600484 92.3231939474742 87.1386229991913 91.1741157372793 95.359077056249 99.0058879057566 98.2042749722799 97.4949995676676 108.226766188939 126.726239919662 135.023295879364 119.533220926921 114.405572414398 120.388845602671 125.422338644663 126.769870519638 120.29492855072 120.031515757243 112.76317636172 84.1144323348999 36.4520152409871 0 0 0 0
104.872723420461 110.624571641286 114.130159219106 114.773134390513 116.806815067927 119.110922018687 119.558125734329 115.014205376307 109.378079573313 104.056855042775 106.166005134583 102.81636317571 98.6947417259216 97.8703300158183 97.064197063446 96.7756112416585 92.6181475321452 99.3223488330841 102.206875880559 99.2842018604279 94.514270623525 92.4307703971863 91.4075076580048 91.7078852653503 88.8185600439707 97.7957944075267 100.819965203603 98.0412065982819 97.9373455047607 97.0238049825033 92.9282704989115 90.7359222571055 98.5238353411357 102.268298467 110.998451709747 112.482289473216 117.574155330658 127.350886662801 131.036212046941 122.839013735453 120.869686206182 114.285449186961 109.089314937592 87.4830683072408 51.5313645203908 10.4656703770161 0 0 0
111.828615268071 116.610437631607 113.282958666484 117.221077283223 115.295688311259 115.489701430003 116.827060778936 115.451673666636 116.223414738973 110.642155011495 108.949462572734 108.440806468328 102.957626183828 97.6118445396423 96.1125294367472 100.696663061778 94.1500266393026 97.4363783995311 102.112094561259 100.190738836924 96.9399015108744 96.1655775705973 94.7547356287638 95.5630242824554 96.4967409769694 96.1606502532959 102.880716323853 101.306041081746 100.672562917074 98.5303223133087 94.5722063382467 91.1064247290293 94.6726004282634 93.8605864842733 93.815823396047 96.5677897135417 105.581909418106 119.138340155284 120.780924956004 106.815348068873 109.698275725047 103.26674580574 101.767251888911 98.7544457117717 79.8187504212062 41.1701003710429 4.02347898731629 0 0
111.368169387182 113.365511099497 116.115430990855 118.571221828461 118.02938580513 117.288370927175 119.487762451172 121.046096086502 117.414822181066 115.271429220835 113.443672657013 112.839857737223 108.330557743708 104.449063539505 103.450616200765 106.909453868866 103.614072004954 97.296804189682 103.175530831019 102.908531824748 99.6240774790446 100.132008393606 99.0719894568125 95.8049893379211 103.922506173452 95.7018534342448 96.8705614407857 99.1807083288829 100.484311580658 100.397984186808 98.1026689211528 94.761073589325 94.2099193731944 93.7687158584595 95.5998003482819 96.672534942627 99.7117360432943 108.366052309672 110.005895296733 106.973876555761 106.85525337855 99.8911261558533 105.302433172862 113.788177569707 104.949603478114 69.5644915103912 28.5083452860514 0.394796215308209 0
105.131487051646 107.529014348984 113.955507675807 115.597595771154 119.646708170573 120.864480733871 118.679891029994 118.18320552508 117.74069070816 120.337833960851 116.513311862946 112.926910320918 110.813081264496 110.334098339081 107.496162255605 106.028616428375 104.560295740763 95.9494908650716 100.89518626531 102.377156416575 98.6638764540354 98.8683501879374 102.975408236186 94.3640271822612 97.9362428188324 97.5452661514282 92.5468802452087 95.3867832819621 99.6427337328593 99.296232064565 100.641200939814 98.7666249275208 93.952347834905 97.4096953868866 109.5223625501 114.524453878403 110.280712445577 104.174802700679 107.971360286077 119.670311609904 110.095888376236 101.667374372482 109.045247236888 117.429991563161 110.329260428747 88.3801182111104 48.7285455067952 11.8783016999563 0
97.2371598084768 100.913474957148 107.234527667363 110.958615938822 117.64919757843 121.706167856852 118.426402409871 116.04971686999 119.717687368393 121.554523706436 119.772384564082 114.938179651896 112.714399894079 114.008516073227 110.738237698873 104.907085498174 103.861014048258 97.2564617792765 101.329743862152 105.342467625936 104.149967432022 103.607187668482 105.393310387929 102.930704752604 98.9859700202942 100.810607274373 96.8610346317291 100.455939769745 106.74657424291 111.67123913765 115.580568710963 115.942806005478 105.471442143122 107.721696297328 116.633206605911 124.771157900492 126.310169696808 114.439725875854 110.587279001872 116.967499256134 108.460495869319 99.2129147052765 97.5544253985087 96.8656241893768 95.518946647644 94.4436391194661 82.5939178466797 29.8105950156848 7.97006363670031
96.0216224193573 93.5052831967672 98.5094507535299 107.457995414734 113.739301760991 117.532670497894 120.280961195628 122.601290543874 123.833189407984 119.720121224721 122.220645348231 121.728122234344 117.515007654826 114.20480410258 111.850023269653 107.776661713918 105.718483527501 102.234989404678 105.786661307017 110.532035430272 112.048198779424 111.683189868927 107.040693362554 109.362800916036 103.043456872304 108.195076386134 107.793658971786 108.824769655863 115.631341934204 123.706489801407 134.009470542272 134.781777858734 124.626855055491 118.512312571208 117.292006810506 125.193933645884 129.140476385752 129.622797171275 117.063899834951 105.733086665471 97.7206428845723 98.7279713153839 97.0385869344075 91.9992824395498 88.3718033631643 93.0262704690297 88.1321728229523 34.0613126754761 8.78617167472839
96.8235731124878 99.9735792477926 103.642523288727 110.53533355395 111.542582511902 112.298885981242 121.140698591868 126.341770092646 125.786999861399 125.397235155106 124.689976374308 124.862382809321 120.465884606044 115.414887666702 115.094125270844 118.365605672201 109.931161006292 108.537296454112 110.06756623586 115.644703308741 117.982705434163 115.3937180837 110.996196667353 110.648075739543 105.329225460688 112.061003843943 114.906380573908 114.643802245458 119.956622521083 130.709668000539 138.409634431203 146.309673786163 135.323524475098 120.952308177948 106.093694766363 112.055430809657 121.450960636139 130.379488070806 122.915228207906 99.9858677387238 92.1425918738047 100.380976994832 103.469262520472 99.8387734095256 94.4426953792572 90.9778575102488 75.7258186737696 48.4353601932526 10.9838359057903
97.3552664120992 108.992139498393 111.046572526296 113.503187894821 111.349900563558 110.597550868988 118.423322836558 124.673853317897 124.586522579193 130.103051662445 127.247194449107 126.068810621897 123.045106728872 118.310252825419 117.521544297536 124.330798784892 116.790195306142 112.868964672089 110.553324222565 113.179465134939 113.643904527028 112.259805202484 111.49055759112 107.947866121928 104.411572217941 108.489334583282 112.16061313947 112.004319826762 113.086332877477 122.611264387767 133.627712726593 141.285528739293 134.747505187988 112.459480762482 79.320102930069 54.7798424959183 93.0000841617584 114.171008268992 128.752926985423 126.028805971146 118.939687808355 111.539632081985 94.5473114649455 90.8104280630748 100.294480721156 93.0041670799255 72.231521209081 59.6560090780258 18.5360684990883
100.732167561849 98.9993115266164 97.6675152778625 101.147840420405 108.838349580765 113.853832085927 114.525636037191 120.843986670176 120.776017506917 125.41252374649 126.241703828176 128.533701101939 127.848287423452 122.89172410965 120.104759931564 118.736942609151 120.523164669673 112.895717223485 107.302337884903 105.469912290573 105.025788148244 107.308745384216 107.604205608368 101.881086826324 104.012340307236 101.29592816035 101.87162955602 101.946175098419 102.44815548261 105.057209730148 112.828731536865 123.588651418686 118.908216555913 94.1564838091532 60.2878282467524 35.6923888127009 37.0637898643812 60.9601885080338 105.195810397466 126.290460427602 128.078321615855 111.320634682973 90.3870662053426 85.0535035133362 94.1866636276245 84.6378207206726 68.7338759501775 76.4418145020803 57.3868254820506
104.770948489507 93.9188003540039 90.8549229303996 96.1979031562805 109.499355157216 118.45193306605 117.82231926918 119.02192234993 121.417740980784 121.193408966064 124.157051245372 126.685520013173 128.985047340393 127.503295739492 121.971567471822 119.994153579076 122.575908899307 114.576121171316 108.681619167328 110.510408878326 110.376665989558 108.070890108744 105.360289414724 101.856261491776 102.208435535431 100.826958815257 99.6733506520589 99.1518398125966 96.7820286750793 93.1867659091949 86.5191221237183 92.8119818369548 93.2177305221558 76.6388823588689 61.6350173950195 37.0771239201228 23.6580943067869 21.6720898946126 37.9994039734205 85.4719579219818 110.439827044805 101.220736900965 90.3839866320292 84.1786464055379 67.1936124563217 72.5169877211253 66.1327391862869 86.5037540594737 98.6595749855042
105.414102474848 99.2003877957662 96.0953334967295 101.130356391271 111.713399489721 120.32151222229 123.223553101222 119.38472588857 123.881677786509 121.684730052948 125.311265389125 127.559681733449 128.852158784866 130.077660083771 124.582688013713 124.064236879349 125.152409076691 118.841032187144 114.435881376266 115.887403488159 115.903973579407 111.570705970128 108.191788196564 109.709640343984 106.643219788869 104.919095834096 101.907541354497 99.2279648780823 93.6704576015472 86.9593322277069 77.9226919015249 81.6661914189657 86.1783822377523 86.8891874949137 85.1968725522359 72.7858543395996 45.3417251507441 29.5637200276057 22.0796118179957 31.6962972283363 54.2949537436167 79.042245944341 54.3539524078369 45.3585137923559 44.8790788650513 52.8112302223841 70.0081437826157 78.9431730906169 93.8199559847514
109.076340993245 107.380350430806 102.616806825002 100.062410036723 106.830994288127 119.31241552035 121.928989887238 119.655470053355 121.213595072428 126.243929068247 132.54302740097 133.671869834264 131.614188353221 131.081382433573 128.299832344055 127.508570750554 127.81967719396 124.211490154266 118.747403224309 116.674939791361 115.342726310094 114.406317472458 116.45632982254 118.030518293381 113.565733035405 110.053191582362 103.507419427236 93.0522978305817 84.791233142217 81.5278043349584 80.9696217377981 87.3864193757375 91.9012824694316 103.441486756007 110.750297705332 110.254486401876 92.7407840887706 74.7934977213542 61.1039698123932 35.2394978205363 45.1945960521698 65.2887721856435 65.569798151652 53.3304115136464 53.5696099201838 71.3221728801727 97.0142483711243 92.8998688856761 87.6698394616445
111.931204795837 111.377199490865 109.631756941477 105.02768556277 105.460166931152 116.143941879272 119.585961103439 120.004485050837 119.245201349258 128.343154986699 136.895626783371 135.827114184697 130.717257658641 133.543541034063 134.005784988403 127.283493677775 128.649900356928 124.906897544861 120.252271493276 118.055750926336 116.897384325663 118.806759516398 116.357187430064 114.956080913544 113.682180643082 107.439706722895 79.3903917074203 59.8292052745819 57.0583790540695 64.4915103912354 78.1966745853424 83.8118692239126 89.958260456721 97.5664655367533 110.675285259883 119.649112224579 123.066345850627 102.282951275508 102.463861306508 74.4922161102295 49.482653538386 67.2689427932103 84.3037664890289 85.4240655899048 85.6636961301168 101.383060216904 130.578021208445 118.682205677032 94.7062472502391
110.76956987381 108.744571606318 112.445006767909 113.004744052887 109.330077966054 112.722337245941 120.222498973211 121.17467323939 120.376924673716 127.870549758275 135.686814785004 135.02170642217 129.684527715047 132.644633452098 135.069290796916 124.72536166509 126.215000947316 124.159584442774 121.830662091573 121.660560369492 122.819910446803 123.046656449636 118.181963761648 109.044084946314 109.776029984156 108.437786499659 87.7340932687124 64.6334042151769 64.6233210961024 75.7244278987249 87.1149698893229 89.8426572481791 101.595342159271 113.444785277049 120.630532503128 130.548119544983 111.634433269501 73.6138572295507 60.8529796202978 75.1277605692546 76.945553223292 91.474711894989 96.6506997744242 79.7365655501684 50.8147925138474 80.7322015364965 107.231885194778 101.784298817317 87.1399442354838
97.9112684726715 107.064604759216 110.406786203384 113.020688295364 112.357825040817 108.739733695984 120.638867219289 124.705463647842 124.709228674571 129.17963663737 132.661600907644 132.796068986257 130.988309780757 128.852585951487 130.256821711858 126.04233622551 121.507217486699 124.550809462865 125.033934911092 126.977483431498 128.776441017787 124.946773052216 120.651493469874 113.065759340922 112.362205982208 112.903485695521 109.608074029287 104.043314854304 106.128841638565 109.643638134003 104.919970035553 99.9563733736674 116.199493408203 125.133097171783 120.889912048976 90.3607507546743 79.8516124486923 40.5994653701782 27.2420272231102 40.8883765339851 72.5486030181249 102.194299300512 99.1074641545614 84.7895741462708 71.8072503805161 75.2693812052409 92.0245448748271 96.852699915568 94.6080386638641
86.9265596071879 103.450934092204 108.124991257985 110.777278741201 113.854149977366 109.466582536697 114.764928817749 124.355097611745 135.306864976883 135.963837305705 132.101615269979 130.087514718374 131.624539693197 129.969010750453 129.770825306574 126.963118712107 122.441699107488 124.30198987325 121.864974498749 118.466595808665 120.569934447606 119.035273790359 116.127183039983 116.554568211238 115.824123223623 120.991865793864 131.844282150269 136.219451824824 123.235076665878 121.407926082611 109.426726897558 100.08892416954 110.529919465383 101.130028565725 54.8924704392751 43.9696411291758 42.1194831530253 32.8586449225744 19.2316236595313 14.1304085652033 16.5406403442224 55.5437157551448 96.4781145254771 114.314844210943 132.278035084407 126.995215813319 120.293428500493 118.248204390208 117.01766649882
89.0281796455383 99.7844636440277 108.309934536616 110.871136188507 112.446804841359 112.99475034078 107.132375240326 118.391424417496 140.469133853912 139.288286368052 131.212651729584 127.106159925461 129.668255647024 132.775485515594 132.013887166977 128.185133139292 125.860065221786 122.099449237188 114.806413650513 107.260564963023 106.765598058701 110.834578673045 109.935979048411 112.630645434062 113.453239202499 120.572000741959 138.13903927803 145.454784234365 130.539874235789 119.620720545451 105.983992417653 90.0638898213704 89.7817015647888 83.5501253604889 60.944805542628 37.0469838380814 38.584145406882 50.8047689994176 42.2877768675486 25.714931388696 14.6295018494129 25.5963727831841 74.4569996992747 106.856842835744 118.084381024043 117.609520753225 110.047698020935 110.863039890925 106.050113836924
102.349738279978 105.494797229767 108.335683743159 104.643632968267 97.8422264258067 93.8607851664225 102.739493052165 109.311799208323 120.195478200912 117.980311314265 115.897387266159 121.838937203089 128.50155433019 129.7307908535 125.659296909968 127.508779366811 127.266506354014 120.494067668915 111.324737469355 104.467689990997 102.960109710693 103.560507297516 106.525927782059 110.657999912898 109.982748826345 112.323979536692 125.951409339905 135.54976383845 125.580509503682 106.827914714813 97.4769790967305 81.9770743449529 73.8852123419444 87.3271524906158 80.711434284846 57.085191210111 60.3049745162328 93.9964850743612 98.119060198466 75.9447415669759 42.1920915444692 31.9308762749036 51.0558038949966 65.4878864685694 59.3281686306 74.1430521011353 79.3581306934357 84.5494866371155 83.0361694097519
115.531742572784 111.622075239817 107.673803965251 99.774698416392 88.1131887435913 80.0446917613347 93.4130748112996 92.0761922995249 79.5250435670217 80.4510613282522 95.0741271177928 108.303755521774 114.829997221629 119.223405917486 122.806906700134 134.295572837194 136.865675449371 127.024432023366 116.929779450099 112.654119729996 109.305401643117 108.327329158783 109.094013770421 106.444617112478 105.808516343435 110.434621572495 115.285893281301 118.521839380264 113.202740748723 92.1356081962585 94.5020417372386 88.5873138904572 80.6273768345515 98.0143050352732 102.323770523071 88.9102915922801 80.0104786952337 81.0625155766805 86.833655834198 85.060973962148 66.7645434538523 50.4584113756816 50.7672131061554 40.9903724988302 32.3441326618195 37.3382618029912 59.2447717984517 63.4793440500895 68.8344786564509
