input/barkrak2/radiation/dir06824.grid
NCOLS 85 
NROWS 70 
XLLCORNER 665100 
YLLCORNER 4664600 
CELLSIZE 20 
NODATA_value -9999 
[rows 21 to 41 of 70, columns 0 to 46 of 85]
73.7272650003433 60.7180992762248 50.5745857954025 68.1807498137156 63.9525751272837 38.1829862793287 41.6831473509471 52.0779291788737 59.4146351019541 64.7252152363459 67.4915214379628 67.6567057768504 67.5527552763621 65.1453634103139 74.8062282800674 87.6458684603373 103.114565213521 114.931623140971 126.667519410451 141.074577967326 151.114881038666 163.165599107742 171.64945602417 165.502965450287 157.431622346242 143.132547537486 131.156782309214 130.437940359116 136.117160320282 119.104613860448 98.8256633281708 83.634356657664 63.8343195120494 45.7848459482193 33.9962889750799 43.0799971024195 54.6005964279175 71.2575018405914 84.6070945262909 95.2714085578918 100.835462411245 108.548750480016 104.397277037303 94.2388971646627 116.733223199844 130.733559528987 137.164403994878
116.894543170929 112.332324186961 89.873880147934 87.3432060082753 84.0166707833608 54.5209348201752 61.7352028687795 61.5803599357605 59.5293392737707 59.5896641413371 67.0452266931534 69.1451529661814 69.6043322483699 71.493998169899 73.6310184001923 80.2583396434784 94.2125817139943 107.232580582301 117.901633183161 120.55308620135 128.029306729635 144.496778647105 155.712187290192 159.400194883347 157.616436481476 145.027587811152 133.986214796702 125.561773777008 113.665213187536 112.910399834315 74.4710365931193 44.3539321422577 28.3500179648399 9.35106786588828 4.12147957831621 10.2347085873286 23.8945757349332 40.9599939982096 56.9154669841131 66.2969797849655 78.665296236674 89.6795690059662 68.3588286240896 59.1665854056676 88.45454454422 122.170488039653 128.560652335485
151.495456695557 140.970836083094 110.192815462748 94.082236289978 89.7066990534465 86.1171980698903 78.3532708883286 65.4997676610947 54.5258820056915 57.0823351542155 68.5362269481023 68.5855845610301 70.5534120400747 82.6329787572225 81.0665041208267 82.3398530483246 91.35569135348 104.331235090892 110.665082931519 102.863152821859 104.200373093287 108.999123175939 126.090715328852 137.147317330043 142.099430163701 138.18171620369 128.903458515803 120.253403981527 100.434263547262 52.567462126414 44.674351811409 34.0072909990946 8.63539986312389 0 0 0 2.84540249655644 13.1716604034106 23.1473669409752 23.6316248774529 20.020492374897 19.1154604156812 37.1828998128573 71.7838108539581 84.0788086255391 105.215787887573 118.866215149562
150.629629691442 146.855036417643 128.723402818044 98.8234877586365 80.8914254109065 85.3684147198995 79.3709655602773 73.6917952696482 63.3155008157094 60.1962407430013 62.4050597349803 63.3158882459005 67.0747210582097 78.0509859323502 80.6574821472168 80.7324548562368 87.8164172172546 100.839058558146 108.460823694865 101.525455713272 99.7365812460582 97.6876417795817 107.207437356313 118.110845486323 122.143705685933 122.456838687261 113.469203313192 107.29651649793 87.0285630226135 42.896494269371 36.9225591421127 35.5046441157659 16.9346531232198 0.0014535333624129 0 0 1.85281255592902 3.89607064425945 7.71883502602577 6.06313471992811 10.3804587076108 4.05947181085746 20.2169145147006 95.4089264074961 99.9530255794525 108.812242746353 114.907622337341
137.160698572795 142.079641421636 139.647831519445 108.280162016551 81.8032721678416 86.4832798639933 90.7133122285207 101.21151804924 97.9697505633036 87.1466199556987 70.9060976902644 74.9603112538656 79.2065362135569 89.6666546662648 88.1800055503845 84.6159259478251 87.2310996055603 99.1500715414683 108.30745100975 112.661242485046 114.480704069138 111.161311467489 107.400039831797 106.413225332896 109.627544879913 113.473574320475 106.334815422694 100.498676300049 76.5095154444377 63.7956211964289 61.2260401248932 70.024977127711 62.9957268635432 11.7121040821075 0.349080034842094 3.6998459448417 4.40996574858824 5.09628063688676 5.69122719268004 4.64568939059973 0 2.54585469762484 34.7745766242345 95.4438845316569 117.538829644521 117.916762828827 117.146948973338
136.013170083364 141.448279221853 139.720598856608 117.907454570134 99.0214546521505 105.182747046153 116.999179124832 124.229470888774 131.599466005961 115.228523810705 89.851309855779 93.9392546812693 94.4831967353821 103.792369365692 104.12656267484 93.8227077325185 90.7727380593618 102.226068576177 112.252324819565 124.721795320511 128.551632165909 124.898463487625 116.689046223958 108.954836924871 109.634151061376 113.238334655762 105.279187361399 106.26224676768 94.726820786794 96.9397028287252 108.777443567912 132.867356141408 141.942054033279 123.703936735789 40.6464586655299 12.2052195171515 10.4623126486937 9.91450622677803 9.29763292272886 3.72054427862167 6.54157251119614 32.6820959647497 71.5269247690837 95.5896774927775 109.410534302394 105.643431345622 101.91955169042
137.881894906362 136.498659849167 136.928538481394 123.58757853508 130.29940923055 131.768375635147 141.841391722361 140.698989232381 134.157915910085 127.4354159832 105.108638604482 95.0176417827606 102.258543173472 104.324837525686 110.955019791921 106.802413860957 99.7560123602549 107.949276765188 122.744152943293 129.002064466476 128.4425954024 118.358830610911 116.812924544017 118.032972017924 118.94295612971 118.929843107859 115.190178155899 118.252833684285 132.949471473694 140.506744384766 151.917080084483 162.98629840215 173.267404238383 183.984875679016 145.371069510778 44.6717441082001 20.6725634634495 12.8455584247907 7.48660291234652 6.48482764760653 24.581715464592 93.325674533844 93.2958622773488 83.5057695706685 82.2698026895523 77.5239765644073 85.424929857254
140.685300032298 128.820478916168 129.954298337301 128.271132707596 153.107593456904 146.308342615763 138.720373312632 128.893325726191 115.986665089925 108.160157998403 97.2200135389964 88.7295206387838 97.9043046633403 103.79092892011 112.349778413773 117.233018080393 109.672248363495 105.824043353399 120.840817689896 123.530000448227 121.694485346476 113.394558429718 115.206996599833 121.843834718068 125.148475170135 121.006230513255 122.727870941162 122.113446394602 142.148892084757 156.743258237839 172.71614074707 183.539092540741 191.055794556936 193.01172097524 189.17049964269 114.862501621246 20.1870438953241 5.80030493438244 2.20686849206686 1.92678812891245 40.6538198391596 87.9721442858378 80.314780275027 55.618092417717 54.9187958240509 55.2205344041189 58.4984173377355
140.914301077525 122.177332639694 123.795966307322 136.309782663981 153.035293022792 144.738515218099 118.992805480957 94.4837629795074 82.3781788349152 75.9854316711426 74.977586666743 77.3131996393204 86.4329238732656 102.946430444717 113.754858573278 122.066855430603 118.168026208878 103.778252998988 110.155095656713 113.379637400309 112.077762683233 113.646517197291 115.78228076299 122.392336527507 129.029115041097 125.30646721522 129.077931245168 127.042343219121 139.919420083364 161.997099717458 184.496959050496 197.249452273051 197.140534718831 196.496923764547 207.561592260996 193.424880504608 105.40450612704 21.8638728062312 13.449997951587 16.9804431498051 38.3015399177869 52.253857254982 61.5554948647817 35.0915864109993 31.3788900772731 37.7609183390935 56.9814741611481
137.794276078542 141.121337811152 167.768239974976 208.253343900045 187.858621279399 151.617497205734 105.933845043182 76.4768024285634 62.8218402465185 67.9423560698827 63.6924157540003 63.3897334337234 82.985058426857 103.166480859121 118.26092004776 126.922746499379 124.403456846873 110.944847265879 111.745635668437 115.528464317322 114.294469356537 118.552694718043 122.081935405731 124.639928340912 131.7391594251 137.027690807978 136.87597711881 137.936403354009 144.547412792842 172.142863273621 194.614509741465 203.093548615774 198.649187882741 207.509199778239 219.951371351878 225.850284099579 202.767729759216 144.361684719721 62.1187537908554 30.6982547044754 24.6334796150525 27.9430349667867 42.6638871431351 31.7585468292236 28.1238506237666 41.1640529831251 70.3462213277817
154.479006926219 191.701630751292 240.274866422017 261.610964934031 247.258961200714 189.450403054555 133.920619885127 94.4647789001465 80.9861818949382 87.8201921780904 79.0065228939056 68.9006646474202 83.2121272881826 100.805898507436 122.045228878657 131.397207578023 127.915660540263 121.187706788381 115.713318188985 117.683549722036 119.302014509837 122.562130292257 127.004116773605 127.61844197909 133.037437995275 147.125462690989 148.328046003977 154.591937859853 162.38397359848 178.972125053406 195.679684480031 205.307225386302 208.530724048615 216.031312942505 221.565822760264 218.067487080892 218.116958936056 211.691717306773 141.390830278397 61.0607614119848 29.4137050708135 28.9177099863688 32.9695294300715 34.6533581614494 44.9500282605489 66.2014136711756 79.0441930294037
217.004577318827 252.225120862325 272.538602352142 272.885739803314 274.651904900869 250.791649023692 205.520629882812 164.033571879069 132.120947043101 122.916708389918 117.623527844747 99.9592840671539 85.8291387557983 101.27513607343 125.177204608917 131.978452205658 126.151959101359 128.083248933156 118.182688951492 115.985959768295 121.909995873769 123.253166675568 125.861962636312 126.680592695872 133.123328288396 148.538480202357 156.597723563512 165.085256099701 172.894020875295 179.558237393697 193.459411462148 205.390493075053 207.519332567851 204.71312602361 204.785923163096 188.077767690023 196.9233751297 186.520556608836 145.993888378143 86.6458217302958 48.869381348292 43.3742552995682 37.5858023762703 37.0750476916631 46.7536350091298 62.6453558603923 76.7370760440826
262.074808279673 274.821976820628 276.7427166303 273.832539717356 276.005109151204 275.472362836202 255.782723426819 210.904975732168 171.830614407857 151.210447152456 150.718152523041 136.744767427444 110.88561018308 108.929574489594 121.724665164948 127.041200796763 122.760822375615 123.398820559184 118.228326241175 119.241635004679 118.252515792847 119.73895629247 120.86683511734 121.359368165334 128.918468952179 142.351100842158 156.612773736318 160.490065813065 169.474879900614 181.306958198547 193.967779477437 196.943322817485 178.334812323252 173.432807127635 170.462608337402 154.890904823939 155.41739265124 140.827526648839 103.080858786901 70.772518714269 74.4661589463552 66.5620764096578 50.0439703464508 39.3012762069702 40.1589795947075 50.4199465115865 57.0929249127706
272.64932791392 274.668335914612 274.834473927816 274.31450287501 273.481170336405 275.005658467611 272.164225578308 242.381274700165 195.250312487284 164.851695299149 161.256869633993 154.851337273916 140.010277430216 123.837331930796 123.125503460566 126.461962858836 121.682862440745 117.071479558945 118.634770313899 121.640940507253 115.928133328756 116.330732901891 119.676013787587 120.913753906886 125.352601210276 135.1225177447 146.317780017853 148.225118716558 158.173928658168 176.054894924164 186.274965604146 182.174901167552 168.315092722575 166.853527228038 154.957592487335 140.254179636637 144.332458575567 141.596366961797 123.998423417409 93.6819314956665 94.5919950803121 100.386530160904 82.2036564350128 64.0274484952291 50.0750690698624 38.4464338421822 11.5801381568114
269.743124643962 271.914700667063 268.668135007222 269.906719525655 269.363204638163 266.624132792155 265.07697502772 250.31578540802 204.647382100423 172.790626684825 162.317544221878 160.876701275508 157.096594572067 137.783070405324 128.36080789566 132.2074731191 126.381327708562 116.223235925039 122.329990069071 123.542547225952 120.48468987147 117.344478766123 122.823357582092 127.238889535268 125.181366999944 131.103167931239 137.961486975352 138.334880272547 146.888792514801 168.301999568939 178.398728370667 175.577084223429 170.487920443217 171.451608339945 153.487235307693 146.832565466563 151.535381873449 158.19584329923 158.963660399119 127.747545639674 85.8004490534465 83.2668642203013 70.1809078454971 54.7848244508108 46.1328824361165 8.96244247754415 0
252.442836761475 255.263825257619 256.920119126638 254.902164141337 254.378159840902 251.540680726369 255.816539128621 252.497474352519 216.644863287608 179.267625013987 164.091269175212 157.215853532155 154.205530881882 136.642873287201 126.902828613917 134.68470176061 137.270083030065 122.583389282227 126.483867565791 129.63455915451 129.899720350901 124.119818210602 124.221324920654 129.711161057154 127.106030782064 127.384841442108 136.054933071136 143.022080262502 148.43624830246 163.295646508535 176.280895868937 178.525865077972 176.842967669169 174.823562304179 156.501243511836 157.229721546173 161.763250827789 165.803988774618 165.749420722326 136.780132850011 64.7606899340947 46.5534130732218 28.202327589194 23.3634312947591 13.5262124240398 2.79286596924067 0
233.03743203481 241.389850775401 248.956561088562 246.963342030843 246.530969937642 251.288692156474 258.612672487895 260.316828886668 235.016564528147 190.726399421692 171.604772408803 152.61631210645 142.604728539785 131.968547900518 122.93075521787 128.709763288498 142.124513785044 131.935199101766 129.063278436661 132.22665588061 132.310887177785 128.799269596736 125.4034837087 129.113545020421 130.279362201691 129.357238610586 134.419679641724 144.500235716502 149.7855981191 155.005931854248 170.405169328054 180.603384971619 174.291352430979 165.612349907557 151.935944954554 169.953922430674 175.195515155792 179.039239883423 171.98101679484 153.762976328532 57.2851002216339 14.7281984488169 9.51327880223592 7.22492175797621 1.2519722028325 0 0
197.968582312266 208.970805009206 216.419200102488 221.865693728129 229.902962843577 243.582010269165 253.27338774999 258.785347143809 249.028166135152 211.105724175771 180.731197198232 156.054596106211 141.525189081828 138.193786144257 129.433969656626 122.601608435313 136.789272228877 136.126836140951 127.943565448125 129.003465175629 129.548192024231 127.376874287923 123.330096403758 126.178512970606 129.706710577011 134.038786093394 135.097553332647 141.104936599731 147.961010535558 149.203191200892 160.242140293121 176.738142967224 171.963353951772 153.028508027395 158.247103293737 182.763695716858 188.18054596583 184.212684631348 175.627946853638 176.638344923655 123.663286368052 34.8591680328051 9.92501402894656 7.02293093005816 6.7895216246446 0 0
161.189317703247 168.566942214966 167.174895604452 178.212761878967 194.985051949819 212.377289930979 224.687357743581 235.478500525157 231.557269891103 208.116074403127 175.548613071442 152.697930733363 138.128817081451 136.737048625946 131.921102603277 124.622106552124 131.102790435155 131.43269220988 124.408225218455 123.920698960622 127.346783876419 130.211015542348 129.825045665105 124.670455853144 125.046372413635 129.09863392512 136.82688275973 140.272349119186 146.938532590866 146.456688642502 150.747537612915 163.798759380976 163.548092047373 156.074871619542 183.8338971138 197.088996569316 192.909200986226 184.345920880636 185.960074265798 199.042797088623 203.59613498052 147.104163964589 60.4302237431208 27.401494483153 15.2585270504157 0 0
149.111459652583 151.834438244502 150.735268990199 152.656137943268 162.559141715368 168.150722980499 172.1218029658 178.119877974192 175.836622714996 159.167180458705 142.717887957891 139.050483703613 136.632343133291 133.699178695679 130.681455135345 131.152113278707 130.123158295949 129.632174968719 124.301224946976 122.432857751846 126.972893873851 132.702728112539 135.94592610995 131.080130736033 128.474275271098 126.369843880335 136.920243501663 142.153054475784 145.822952191035 147.59839574496 148.876398801804 155.702163775762 157.223065694173 169.732530911764 196.666280428569 195.281346638997 179.192562898 168.968160947164 171.876231829325 185.998717943827 204.072654247284 213.417689005534 165.444741646449 77.1645953257879 29.0390402078629 4.82895039021969 0
157.71895647049 155.670990546544 154.948691527049 153.88298034668 150.491853555044 147.862702608109 146.062086025874 147.394388914108 151.116500298182 142.615586519241 133.758207162221 135.540038347244 138.197710116704 138.66909344991 135.659962892532 133.726169665655 128.076960643133 135.70844133695 136.554936567942 129.92458542188 131.924817959468 134.611904621124 133.239010969798 135.193139314651 135.835429032644 131.815056006114 137.554387251536 141.97106162707 145.908623933792 147.562921047211 150.599430004756 154.082834720612 156.085352102915 177.610814571381 192.141989866892 177.750031153361 163.257042566935 152.742515007655 152.567366758982 165.128449598948 196.601668993632 202.366948127747 183.19841225942 118.058174848557 46.3367601235708 12.9953622817993 0
