input/barkrak2/radiation/dir06524.grid
NCOLS 85 
NROWS 70 
XLLCORNER 665100 
YLLCORNER 4664600 
CELLSIZE 20 
NODATA_value -9999 
[rows 21 to 41 of 70, columns 0 to 46 of 85]
68.2149032751719 55.2552789449692 44.6912745634715 61.0543191432953 57.0296744505564 33.3775530258814 37.1442760030429 47.3764737447103 54.4708073139191 59.4531993071238 58.2226912180583 55.2215874195099 54.9677709738413 56.2954694032669 65.7058358192444 79.6403487523397 92.438002427419 103.986402352651 114.980419476827 131.730178991954 141.308526198069 156.851321458817 163.374394178391 159.251868724823 148.980538050334 136.589099963506 126.758396625519 126.065214474996 131.988575061162 115.394641955694 93.9644078413645 80.0414582093557 56.6006402174632 42.1700527270635 28.8820192217827 28.3053020636241 37.4302913745244 61.4868402481079 77.87291208903 82.8181604544322 84.2082997163137 95.6690808137258 93.791127204895 80.7211399078369 104.66401775678 118.244926134745 125.288337469101
110.878686110179 104.39395904541 82.8999827305476 79.8898239930471 76.7556925614675 48.6019849777222 56.4466218153636 56.6143741210302 54.6385645866394 52.5790452957153 53.867369890213 56.4086586236954 58.7792495886485 63.8132741053899 65.8370504776637 74.545830488205 87.2177282969157 100.158939758937 107.577800750732 111.297925313314 118.394692738851 134.371856848399 145.616422096888 151.207973559697 149.53538775444 140.516807635625 123.452723026276 117.16890335083 107.664654652278 108.878443638484 71.1296300093333 41.4492636919022 24.8326485355695 6.16054485241572 2.83780600875616 4.90868153671424 19.572801887989 30.5410673220952 39.0707775950432 56.5764158964157 66.9351518154144 79.5724491278331 58.2366138696671 51.8252402544022 79.6574751536051 107.917209466298 118.163645267487
145.735204219818 135.06868481636 103.171100219091 86.5745544433594 81.9797913233439 80.3403357664744 72.5299666325251 58.4338009357452 49.8056610425313 50.279309352239 54.8213223616282 59.2725227276484 63.5026494661967 75.4372825225194 71.9477037588755 75.5736033121745 84.280123313268 95.6074595451355 103.256513675054 96.7224935690562 95.4378644625346 101.583003997803 115.241607030233 129.118571678797 137.226074934006 131.964365641276 122.896214326223 115.66040913264 91.7109549045563 48.5495130221049 41.9262697299322 31.0517698526382 6.17088129123052 0 0 0 1.80613047753771 8.90064612030983 10.0565850734711 17.0742198824883 18.557312587897 14.9381036559741 28.2827615737915 61.9644075632095 76.9927004973094 97.7886319160461 106.737146774928
144.921541213989 141.064325968424 121.901919444402 91.4564530054728 73.2211420933406 78.4685760736465 71.8790541092555 68.1237280368805 58.284267783165 49.0863273541133 53.0666162570318 56.0809125502904 60.0318213303884 73.4055191278458 74.4632184505463 74.0298678477605 81.8858941396077 93.4406320254008 100.958287715912 94.1735108693441 93.4229989846547 89.7978643576304 101.62016749382 110.235512256622 115.816523631414 115.002284447352 108.616799116135 102.471768856049 81.0478776693344 40.173535545667 33.9864566922188 31.8011020620664 14.2128467559814 0 0 0 0.682538064817587 2.09806533530354 4.1207733253638 5.14939582596223 0.970474599550168 2.11204712589582 14.5542745788892 89.0463789304097 90.8027589321136 100.112656752268 105.582475662231
131.302952766418 136.250555515289 132.999042669932 101.074655850728 74.0860154231389 78.4458220005035 84.3698382377625 93.1068360805511 89.7890329360962 71.7542717854182 63.2894486188889 67.2804216543833 68.0764267841975 80.8346023162206 83.4294358889262 78.6396364370982 81.1831305424372 93.0080016454061 102.190315723419 106.422464052836 106.953283150991 102.834562460581 100.779324769974 99.9609629313151 103.330552577972 105.98353544871 99.8845497767131 95.5651104450226 72.4479655424754 55.1770329475403 56.4442276954651 65.1875386635462 57.9614440600077 8.8231253127257 0 2.33570657049616 2.80688392619292 3.48533255358537 4.07311754922072 3.11234903832277 0 1.70039354513089 28.8336525360743 87.2529149055481 109.022557735443 108.091632525126 107.697059710821
130.12554248174 135.610202948252 133.810977141062 110.891232887904 90.9156600634257 98.0836351712545 110.444992780685 118.301202853521 114.148557186127 103.583693504333 84.3867659568787 85.6909851233165 89.3728931744893 97.7549453576406 96.767395734787 87.7359608809153 84.594984849294 95.9348877271016 105.947643518448 119.820634524028 120.832145214081 118.164708216985 110.046068827311 102.501610914866 104.314476251602 106.067220369975 99.8173554738363 101.377755403519 92.0685231685638 91.398298740387 103.385517994563 127.069016297658 136.192619800568 117.14185277621 33.9876140157382 9.45801908771197 8.31563708682855 7.86321982741356 6.34170944492022 2.14561199148496 4.90584379682938 26.5769685308139 65.8874611059825 90.1955266793569 100.193599859873 98.0018973350525 96.5876777966817
131.988167762756 130.609005689621 131.0193836689 116.738110780716 122.370312611262 124.625752369563 135.416716337204 126.164376735687 122.151792049408 121.557543675105 99.3401805559794 92.1390155951182 93.829741080602 99.5634992917379 104.878614346186 100.542664527893 93.3556755383809 100.649277369181 116.227398316065 122.403452793757 121.686677138011 111.660361289978 110.175301631292 111.419906218847 112.400005261103 111.681083838145 109.874566396077 114.711364110311 126.923809448878 134.819686412811 144.907613595327 156.866709391276 165.351251761119 177.852312723796 137.877325216929 38.8362656037013 17.1221196651459 9.7586444268624 5.72506959239642 0.704509438946843 19.9538692831993 84.3563973903656 87.6686771710714 78.2863150040309 74.8139768838882 71.1004982391993 73.358287413915
134.844064712524 122.893780469894 124.007811148961 121.292283137639 146.058509747187 137.207845846812 121.763586997986 114.298969507217 110.349307457606 102.402577797572 91.5451645851135 83.1886430581411 86.1750741799672 99.0206400553385 104.775865872701 109.605719645818 103.137632211049 99.2247462272644 113.246222337087 115.85212747256 114.995549122492 106.734981139501 107.678910096486 115.129967530568 118.527432282766 113.518575827281 116.187959909439 116.896102825801 138.816197713216 152.095586061478 167.138755321503 177.458186944326 185.123940308889 187.235891819 182.663400967916 107.249051332474 16.0905023415883 4.60951620091995 1.29488483071327 0.440500599021713 36.1030449469884 76.7487784226735 72.3658949136734 50.7998665173848 48.7030645211538 45.6098467111588 54.0828704833984
135.148078203201 116.241564353307 117.808868487676 129.132151603699 142.589122056961 128.885289033254 108.060489098231 88.9405012130737 76.8622557322184 70.4809178908666 69.5329209168752 74.2810567220052 83.2440853118896 97.0122516155243 107.579708099365 115.636756022771 110.675156116486 96.6230630874634 103.471259276072 106.722285350164 106.771886348724 107.659757137299 108.933418989182 115.575015544891 123.269865910212 118.717640638351 122.412323951721 118.466705083847 134.780466556549 157.089173793793 178.881168365479 190.811514854431 191.095312436422 190.782050291697 201.80070400238 186.783611774445 97.8960792223613 17.2502820690473 10.5066808561484 12.8541241089503 32.2600851456324 45.5975929896037 54.3729662895203 29.2542427778244 26.1930599808693 31.1568826436996 52.3481915394465
132.14040795962 135.122239589691 161.343842744827 200.627903143565 173.9355524381 135.631163914998 99.7944970925649 68.733349442482 57.6054205497106 62.5456273555756 58.4255158901215 58.183878660202 79.9110879500707 97.2045063972473 111.9717558225 120.403269926707 118.547489245733 104.123214880625 105.601330598195 108.798305193583 106.774568557739 111.662298440933 115.110586086909 117.720534404119 125.191549460093 131.214201450348 129.362523555756 131.456345319748 139.152785142263 166.555345058441 188.386758168538 196.303943792979 192.553321520487 201.36437813441 214.109659194946 220.257838567098 196.052710215251 136.549741029739 55.8788478374481 26.1339396238327 20.6533273061117 22.7631255984306 36.3386273384094 27.5089715917905 23.0342795451482 35.7095872362455 63.7617359558741
148.434191942215 185.579419136047 234.512309233348 255.872189998627 238.762100537618 182.332654794057 127.135554949443 88.4321530659993 77.8684914112091 82.2076698144277 73.2565075159073 63.6800080537796 77.7867337067922 94.83868877093 115.638126929601 122.99723426501 121.109386285146 114.277432362239 108.825306097666 110.835403203964 111.735910177231 115.006585915883 119.392424821854 119.997968276342 127.254952987035 140.224754810333 141.941289107005 148.093968629837 155.961493651072 172.973195711772 189.518292744954 198.270559310913 201.559007167816 210.819363594055 216.566363970439 213.226735591888 212.119857470194 203.908920288086 133.591830730438 54.5098682244619 24.8571336269379 24.9997079372406 27.386799454689 30.2779053648313 40.3824572761854 53.7920047839483 69.0375963846842
211.265941460927 246.712684631348 267.532567183177 268.146832784017 269.271492958069 244.552910327911 198.787709077199 157.501856486003 129.029154777527 116.625050703684 111.26247048378 94.1674411296844 80.3879797458649 94.9711799621582 118.472834428151 125.173678000768 120.088080565135 120.469202597936 110.635181268056 109.081397453944 114.341209332148 116.110980510712 118.692467610041 119.568208853404 126.021494468053 141.445775826772 149.465431769689 157.617032527924 166.174868742625 173.11563094457 186.921854813894 198.872288068136 201.195458571116 198.299209276835 199.477771917979 182.953615983327 184.19094880422 180.684367815653 138.584474722544 79.2378087838491 42.7670180797577 37.0267629623413 31.6753437121709 32.8047623236974 42.1237200498581 55.1978051662445 65.5352622270584
257.952074209849 271.606067816416 273.986657460531 269.843836625417 273.467222849528 270.790894826253 250.375787417094 205.150624116262 165.612985690435 144.68052983284 144.248276948929 130.570590496063 104.694912830989 102.280040582021 114.891717831294 120.221684376399 115.145216385523 116.359819968541 111.20393872261 112.132569154104 111.053903897603 112.519204616547 113.355020682017 113.863199949265 121.388425429662 134.765098492304 147.63405919075 153.254061937332 162.661214669546 174.614210923513 187.230547269185 190.296689669291 172.99618323644 167.513410250346 164.920936028163 149.178961912791 149.737308422724 134.924113750458 97.0145364602407 63.5957568883896 66.5486355622609 60.8806808789571 47.2534745931625 34.9415888388952 34.2511385679245 33.7868606050809 17.9374379416307
268.044114112854 272.000988324483 270.2756524086 270.202279090881 269.618153572083 270.78115940094 267.122705777486 239.192545413971 188.903212547302 158.278008302053 154.990623394648 151.987234751383 136.346767346064 119.249314069748 116.603602965673 119.495689868927 114.092648029327 109.576463699341 111.494024594625 114.456901947657 110.218405723572 109.093954165777 111.047327518463 113.653828700383 118.264406919479 127.941946188609 138.954003651937 140.93279838562 151.055653889974 170.079926649729 179.374436537425 175.567547480265 162.870724995931 160.880744457245 149.216413497925 134.429375330607 138.557563225428 135.774234930674 117.436756690343 86.2311720848083 85.9967867533366 93.964676062266 76.4774630467097 55.4006149371465 39.2687271038691 11.3463215529919 1.22162373736501
264.381170272827 266.739169756571 264.992396036784 264.522095521291 264.307856559753 261.41083240509 259.301424026489 243.762036164602 197.814623514811 166.294862826665 156.148622433345 154.421379168828 150.18637975057 130.647838115692 121.22850616773 125.127305587133 118.735780318578 108.992834885915 115.283568700155 116.199553012848 114.653527736664 109.926511843999 113.898674647013 119.837900002797 117.746859788895 125.145604213079 130.566636721293 132.104635238647 139.668226242065 162.211894989014 172.457734743754 168.933788935343 165.07218281428 166.047831376394 147.799968719482 141.077727079391 145.801405111949 152.570436398188 148.063470919927 120.128939549128 79.2502462863922 80.1194359858831 62.8963559865952 38.4595269958178 13.9399518569311 2.06810825814803 0
247.388621171316 248.982985814412 250.588854153951 248.463312784831 248.227993647257 246.617654959361 251.057267189026 247.95001745224 209.928572177887 172.947525978088 157.843510309855 150.42503674825 147.603303194046 129.028668006261 119.308412075043 127.390126387278 129.865984121958 115.191519260406 119.040866692861 122.174014647802 122.485011816025 116.693198680878 116.851806640625 122.259318828583 119.682321945826 121.406902869542 128.657956918081 136.848002672195 141.092538833618 155.977040529251 170.297980308533 172.642985979716 166.365206241608 169.549942016602 150.928944349289 151.603917280833 152.16276049614 160.276065270106 160.184939702352 129.508813222249 58.3971291780472 41.5647973616918 25.0081866979599 11.5130953490734 1.87395901108782 0 0
225.982367992401 234.526773293813 243.966301282247 241.840342680613 240.001877148946 245.077252388 252.589146296183 254.160741964976 231.346527735392 187.896410624186 164.975166320801 145.759403705597 134.949286778768 125.896424055099 115.524550278982 121.374358733495 134.737432003021 124.426454305649 121.533850828807 124.69294667244 124.795893828074 121.307810147603 117.960294087728 121.642867724101 122.826437155406 123.387555281321 126.999119917552 138.393402099609 142.38828420639 148.972858985265 161.960939566294 172.791341940562 168.887416521708 160.212804873784 146.374404430389 163.799345493317 168.755034605662 168.308655420939 166.642695665359 142.218559980392 50.2568731705348 12.4010952810446 6.87253102660179 0.749177144219478 0 0 0
190.366089344025 201.454699039459 210.425714651744 214.592476685842 222.857713699341 236.884554227193 248.552282651265 252.617140611013 242.835581302643 204.747219880422 177.197337150574 150.795718034108 134.027530749639 132.049739360809 121.852536996206 116.508990526199 129.179179668427 128.539522488912 122.023443380992 121.488918860753 123.617688814799 119.892607132594 115.902612606684 117.226084073385 122.25396434466 126.582096020381 127.664277950923 133.691151936849 140.548229217529 143.170575300852 152.900795141856 169.731179873149 166.556964317958 147.539834181468 152.415772279104 177.113076051076 180.755972862244 177.862306435903 170.456926027934 166.684587796529 116.433650255203 29.1088049610456 7.22084753215313 3.90092531840006 0 0 0
153.419782718023 160.808513561885 160.479545593262 170.488754908244 187.358220418294 204.902331034342 217.384854952494 228.405714035034 226.965705553691 200.797379016876 167.947987715403 144.984672466914 130.465726057688 129.080315430959 124.31213259697 118.535190820694 123.525083065033 123.872031768163 116.89563592275 116.440206766129 121.385236581167 124.309460322062 122.345685958862 117.25585659345 117.628753185272 121.680279572805 129.376341899236 132.842888434728 139.51168457667 139.047841231028 141.962587833405 156.64670864741 158.013204733531 150.640308856964 178.332885106405 190.513968467712 186.434725920359 178.812781969706 179.988821347555 193.498969078064 196.422060330709 137.547751267751 51.9281625747681 21.1424455046654 3.45609523355961 0 0
141.340335210164 144.071052471797 142.98548301061 144.891768693924 154.794186353683 160.399625698725 164.368500312169 170.377790927887 168.106595675151 151.430656512578 135.015219449997 131.36018315951 128.973732391993 126.054624716441 123.079061508179 123.554279406865 122.547407944997 122.083216905594 116.787781318029 114.969571431478 121.135373910268 126.912166674932 128.422846396764 125.136683384577 121.028562386831 118.966768185298 129.464864730835 134.695529937744 139.83275492986 140.185296535492 140.067766110102 148.496369520823 151.556193828583 163.173933823903 188.921014467875 184.356093406677 173.904120922089 163.445283969243 166.399339834849 181.022604306539 197.998205820719 196.964085102081 151.867767175039 66.5365606546402 13.8648922244708 2.25468895708521 0
150.919298330943 147.901435693105 148.164302110672 146.109759807587 142.725755771001 140.123764673869 138.317932685216 139.642288287481 143.371184666952 134.891301393509 126.090625921885 127.863427003225 130.531380573908 131.000777085622 128.031879663467 126.112520694733 120.512276887894 128.12074025472 128.965189059575 122.415860493978 126.187751690547 127.080202102661 125.733743111293 127.697209517161 130.043635765711 124.363958835602 130.085567633311 136.091500520706 138.473590215047 141.659528017044 143.178989489873 146.83790008227 150.353769461314 171.163400014242 184.333622455597 172.409037748973 157.769680023193 147.044688463211 144.752641518911 158.585041761398 191.345492998759 199.152787526449 174.252728621165 107.948005199432 35.9710802634557 9.32635242740313 0
