input/barkrak2/radiation/dir05724.grid
NCOLS 85 
NROWS 70 
XLLCORNER 665100 
YLLCORNER 4664600 
CELLSIZE 20 
NODATA_value -9999 
[rows 42 to 62 of 70, columns 0 to 47 of 85]
138.099610805511 134.548376003901 137.471834818522 135.240842898687 128.442366917928 124.161700407664 121.208012104034 116.704295078913 116.983552773794 113.297671079636 110.473215579987 109.760781129201 113.178769747416 116.437782843908 115.024526913961 112.369984388351 109.697918097178 114.986250797908 116.819471120834 108.891526858012 105.895896752675 104.239523410797 100.645800431569 102.115601301193 108.111530542374 104.386995236079 101.156721512477 107.815146446228 114.663283030192 119.132230679194 121.861785650253 123.520930608114 134.877254565557 157.13906288147 164.60707783699 145.637015501658 130.03205259641 127.242306868235 128.798107306163 139.720012744268 149.05454715093 152.133891979853 136.727670828501 98.7157622973124 36.2230216463407 1.34951947256923 0 0
121.81415160497 124.134629964828 133.418420950572 130.228807528814 132.512946923574 135.045786698659 132.954110701879 128.063907225927 115.930328766505 114.817231893539 117.459148168564 112.13696996371 113.05824915568 116.691847642263 116.676529248555 112.994660933812 114.922563234965 116.664916276932 116.612563530604 110.323200623194 105.716039737066 103.057454029719 100.32860438029 99.2250243822734 102.024445931117 105.955491463343 100.581953922908 103.35244735082 110.413094361623 112.732976675034 113.223085800807 113.299856583277 126.30820274353 143.293698628743 147.689819335938 132.657776276271 127.448966105779 134.023765722911 139.283816019694 140.760481357574 135.24341583252 133.316417535146 126.049220561981 97.3721245924632 48.1199075778325 1.59965952237447 0 0
119.696756203969 125.739465157191 128.606657187144 129.914244016012 131.212343772252 134.097973505656 133.704453706741 129.000961780548 123.916278282801 118.221422036489 119.246512651443 116.632501284281 112.140893936157 111.407031615575 110.556463400523 110.05049943924 105.537166198095 112.482090791066 115.245362122854 112.08654443423 107.20282793045 105.20084698995 103.999475638072 103.945473829905 100.954095522563 110.009531180064 113.008926312129 110.228488842646 111.690511306127 110.733290513357 106.50701324145 105.240285396576 114.081601301829 120.257119337718 124.579777320226 125.271787246068 130.951593319575 142.024656136831 146.781335274378 137.4498407046 135.526259740194 128.185123205185 122.252017259598 100.665907065074 63.9108419418335 20.4769050081571 0 0
126.618733008703 131.182392438253 128.476401170095 131.836414337158 130.44418891271 129.923244317373 131.81600968043 129.642874002457 130.937884251277 125.064998865128 123.106718063354 121.351877848307 116.742581129074 111.264884471893 109.57936445872 112.91711529096 105.771770079931 110.229820013046 115.108797947566 113.046258687973 109.725217024485 108.958502610524 108.726441860199 109.393209218979 110.207766294479 109.79629556338 116.730799277623 113.61892024676 113.217194875081 112.302899360657 109.326422214508 104.566117127736 109.153846899668 109.383970499039 108.022063970566 109.195470809937 118.464171886444 134.304304917653 135.790963967641 119.881351788839 123.288214206696 117.635389169057 114.82709646225 111.919363339742 93.0587251981099 53.0760635932287 12.2135778268178 0
126.694222291311 128.137449423472 131.439805030823 133.366187413534 132.692158222198 132.403542598089 133.854518334071 136.010299126307 131.505270799001 129.891216754913 127.773573001226 126.022964715958 122.400889794032 118.327150742213 117.01097091039 120.33486366272 116.676429907481 110.052684942881 116.139858961105 114.601542552312 111.227750778198 113.112548987071 111.753364404043 108.052104711533 116.134683291117 109.393984079361 110.614707072576 111.542761325836 113.070984681447 113.05429538091 111.815392971039 109.421024719874 107.630203167597 107.744097709656 110.014935334524 109.36309893926 112.667729457219 122.599860032399 124.650557835897 121.160993973414 120.404581228892 112.720251083374 118.740578492482 126.941392819087 118.302841981252 82.5098107258479 39.1900266210238 5.17724299182494
120.60268719991 122.85781900088 129.363715648651 130.997270345688 134.515464305878 136.113534371058 133.196105559667 132.621278365453 132.712175448736 134.183009465535 130.008369684219 126.435319582621 124.072154362996 124.405165513357 121.176729599635 119.601895411809 117.922286192576 108.93514752388 114.001631736755 115.550001462301 111.709187428157 111.805737018585 114.319284756978 106.532394886017 110.150843858719 109.929839769999 104.930937290192 109.15752251943 112.252732117971 113.200853268305 113.360275824865 112.407644589742 107.355972131093 110.730091730754 123.644918203354 128.42071056366 123.063961664836 117.785056432088 122.784554958344 133.256077766418 124.917328357697 115.35707116127 122.89160490036 130.567014217377 123.558262983958 101.580301920573 60.3808015584946 22.6240605115891
112.574309110641 116.261710723241 122.165540854136 126.427332560221 133.011182149251 137.13139295578 133.328477541606 130.707522233327 134.72193479538 136.310815811157 133.673032124837 128.52876385053 126.971006393433 127.096354961395 123.492062091827 117.547104756037 117.507298787435 110.47155658404 114.527682463328 118.711133797963 117.412567138672 116.605838139852 118.213017781576 113.95921309789 111.384232838949 113.307456175486 109.320213397344 112.912635008494 119.344701369603 124.537328879038 129.699061314265 128.575305143992 119.131823380788 122.578581174215 130.130469799042 140.564332405726 139.450470606486 128.51482629776 125.26128689448 133.657664060593 122.233808040619 113.707552353541 110.247125228246 110.634207725525 108.517875274022 107.418815294902 95.9171752134959 40.0756994883219
111.815879742304 109.248926242193 114.148219426473 122.809747854869 129.163285096486 132.539769013723 135.754774014155 137.852609157562 138.960629701614 134.653757015864 136.345684528351 135.539263486862 131.973882516225 128.46111257871 125.913629929225 120.745360851288 118.378778298696 114.231765270233 117.61740843455 122.618138790131 125.426997741063 124.843339125315 121.36639157931 120.302577813466 115.505993366241 119.510442018509 120.376169681549 121.129294236501 128.036280473073 137.939870357513 146.630634864171 148.986528317134 137.172887722651 132.3335369428 130.903244018555 139.578580856323 146.283735831579 142.143507798513 132.107764482498 120.239267746607 111.026694377263 112.798710664113 111.05606953303 104.384809732437 101.276298364003 106.149524450302 100.779831409454 52.2558192412058
112.775087356567 115.801950295766 119.446098804474 126.37060880661 127.461075782776 127.781331539154 136.064579089483 141.685614983241 140.970289707184 140.501042207082 139.593899250031 138.903776804606 135.183443625768 129.910469055176 129.387438297272 132.493674755096 123.79198273023 121.806144714355 123.193383216858 129.025419553121 130.034257968267 127.288450797399 123.939961194992 121.614346901576 118.013282616933 124.807337919871 127.361317475637 128.658205270767 134.049336115519 143.053342898687 154.66187397639 156.909207503001 150.896449883779 136.275003353755 124.927083651225 123.785744110743 138.01513115565 149.000326792399 135.386943817139 113.45170934995 105.466663837433 112.788359324137 117.181122303009 112.155596415202 107.423375050227 103.811681270599 87.4170462290446 59.0790758530299
113.260308901469 124.887486298879 127.505481243134 129.460682471593 127.287765343984 126.533875862757 134.923279285431 140.633712212245 139.877051115036 144.523064295451 142.371972401937 141.061812639236 137.840112050374 132.996579011281 131.801138321559 138.624727725983 130.932509899139 126.232633988063 123.778442541758 126.67848666509 127.215872208277 125.700583060582 124.628663063049 119.368096192678 117.046058177948 119.557480017344 124.683539072673 126.049816608429 126.999785502752 134.768585364024 143.836994965871 153.487920761108 150.112768014272 128.185540437698 93.5262540976207 85.8573317527771 106.903990109762 130.223383506139 142.623901367188 140.305469433467 133.058965206146 124.251832564672 106.763740380605 104.91011540095 113.189359505971 105.584154526393 83.4450523058573 70.7216262817383
116.530507802963 114.399174849192 114.178895950317 117.750813563665 124.851832787196 130.325019359589 130.425085624059 136.770596106847 136.696736017863 141.245901584625 142.122248808543 143.684675296148 142.849942048391 136.871606111526 133.413235346476 132.167875766754 134.876648585002 126.556942860285 120.841830968857 119.224816560745 118.776053190231 120.871186256409 122.181922197342 114.882379770279 116.821159919103 114.011188348134 114.361683527629 115.830759207408 114.578733841578 117.09076166153 125.219901402791 136.192669471105 133.356650670369 106.989810864131 71.5220769246419 52.6210268338521 52.8038342793783 85.0668052832286 121.409873167674 140.26552438736 144.908328851064 124.873538812002 102.466603120168 98.3064572016398 106.409460306168 96.5205629666646 79.5505344867706 88.178018728892
120.462516943614 109.486987193425 106.322069962819 112.452606360118 124.9680519104 134.464283784231 133.822252353032 135.020305713018 137.964596350988 137.713094552358 140.013188123703 143.236537774404 144.817719856898 143.289198478063 137.501696745555 134.648988644282 137.088239192963 128.590146700541 123.616923888524 123.319526513418 123.034964005152 120.440930128098 120.044767856598 115.058074394862 115.194817384084 113.752683003743 113.789071639379 113.095074892044 110.509673754374 105.263362328211 98.9108880360921 105.010698239009 105.923841396968 88.1859362125397 72.5843906402588 53.9363473653793 31.1533113320669 32.2124188145002 62.186598777771 99.4349817434947 124.238858620326 113.987267017365 102.391183376312 96.291850010554 89.1105631987254 83.6601356665293 76.9367764393489 99.0987718105316
121.382435162862 114.668399095535 111.5336616834 116.49281779925 127.386182546616 135.795116424561 139.230151971181 134.860813617706 139.903128147125 138.237635294596 141.881922880809 144.146571556727 145.421961943309 146.646102269491 140.162964661916 139.569421609243 140.718042850494 134.119858344396 129.51789299647 131.007224321365 131.019065777461 125.375241041183 122.945715983709 123.088012139002 118.36310227712 117.835501829783 116.054286559423 111.839056015015 107.525795698166 100.592831770579 90.5543565750122 94.7896341482798 98.5075732072194 98.6085037390391 97.0673759778341 84.7005148728689 56.3641885916392 39.7168124715487 35.1583684484164 39.9316996335983 84.5751166343689 90.702623128891 79.657052954038 54.5895347992579 54.0423293908437 63.3097738027573 81.2112887700399 91.8098290761312
125.238239765167 123.43833843867 118.226697047551 115.460256735484 122.788925965627 135.124385356903 137.099285920461 134.737680355708 136.679748694102 141.475915908813 148.448785146077 148.838599522909 146.725942691167 147.659411032995 144.864191611608 144.046892722448 144.329865773519 140.644490718842 135.057002305984 131.82669878006 129.49417034785 128.373672564824 130.181978146235 132.815182209015 126.764595508575 124.506324529648 116.452038288116 107.118388017019 98.5597570737203 94.2563911279043 93.6936438083649 100.566168626149 104.576756556829 115.71012934049 123.157769441605 122.363706429799 109.711329142253 86.966077486674 72.317361831665 45.3642010688782 55.6138604879379 76.2833108504613 76.4213254054387 63.8395150502523 64.3048584461212 82.6494544744492 109.562108914057 106.297036012014
128.366986910502 127.334415912628 125.544210275014 120.073040326436 120.210587978363 132.136503855387 135.329027970632 135.765045881271 134.748955567678 143.515874942144 152.022540569305 151.05535586675 146.676063537598 148.680905501048 148.773610591888 141.888171434402 145.177026589712 142.459889252981 137.75231440862 135.444621245066 134.238908688227 135.070959726969 132.537792126338 129.718899726868 128.508379062017 122.078418731689 99.1037587324778 75.8878539005915 71.6150850057602 79.0321677923203 90.8950765927633 96.9703396161397 102.69437233607 109.620968500773 123.89463186264 140.428086121877 134.572714567184 129.529972871145 128.372003634771 87.4364276727041 60.2497557799021 78.5447756449382 96.0561633110046 97.6838866869609 98.3356138070424 114.231675863266 143.4339483579 131.9946149985
127.30277578036 125.058909257253 128.481984138489 128.799895445506 124.767402807872 128.497143586477 135.761121908824 136.630326509476 135.950167973836 142.981032530467 151.0023077329 150.013148784637 145.269175370534 147.942860921224 149.904032548269 140.388915936152 141.793459653854 139.586905638377 137.096216281255 138.009707132975 140.376538038254 139.289677143097 134.371836980184 128.964801629384 128.26802333196 124.183853467305 102.55765914917 78.4448534250259 78.7752370039622 89.359571536382 100.822895765305 103.053778409958 114.665468533834 125.454912583033 132.108569145203 141.870766878128 139.453381299973 85.0387712319692 71.240504582723 85.5233470598857 89.0630483627319 104.00003194809 109.187672535578 91.8077826499939 79.6168396870295 93.3357377847036 120.329121748606 114.874313275019
114.666044712067 123.446335395177 126.49342417717 128.716200590134 128.039906422297 124.429136514664 136.190513769786 140.785455703735 139.953792095184 143.649339675903 147.494236628215 147.987842559814 146.526465813319 143.381516138713 145.511229832967 141.19095603625 137.156377236048 139.009853204091 140.292346477509 142.197708288829 143.943597873052 138.660848140717 136.860738197962 130.46270608902 129.693408807119 130.773216485977 126.010676225026 117.98753341039 120.481123526891 123.86566400528 120.272129774094 113.201399644216 129.40106789271 137.179563442866 132.538825273514 102.294464906057 91.1362667878469 49.3322114149729 34.8814055323601 49.8181780179342 91.515709956487 114.501794179281 112.204780181249 96.5262254079183 83.9596788088481 88.0776445070903 105.075319608053 109.855552514394
103.776435057322 120.568037033081 124.453405539195 127.124567826589 129.923323790232 125.644902388255 131.20832045873 140.504459540049 150.545140107473 150.565018256505 147.119621435801 145.862738291423 147.399504979452 145.466387271881 145.104348659515 142.2927180926 136.665483315786 137.912650903066 136.137753725052 133.719474077225 134.670943021774 134.114076693853 130.914668242137 128.515094518661 131.837199131648 135.647157828013 149.860680103302 156.955977280935 143.109778563182 139.184236526489 125.843703746796 113.33112915357 123.805145422618 114.191879828771 64.830407500267 52.9222587744395 50.7303178310394 40.7642001907031 26.1684382955233 22.43938545386 25.1093755165736 77.9907157023748 109.179317951202 130.065739154816 145.338584979375 140.302548805873 133.524845043818 131.387621164322
105.696886777878 116.734594106674 125.026802221934 127.184212207794 128.923753897349 129.292319218318 123.281300067902 134.328504403432 156.655053297679 155.461927254995 147.248566150665 143.35094889005 145.68837483724 148.491094509761 147.149880727132 143.408159414927 141.124039888382 137.768884499868 129.468421141307 121.81423107783 120.991448561351 123.878260453542 124.851127465566 127.31675306956 129.41054503123 135.12259721756 155.969351530075 159.822732210159 142.546117305756 135.489284992218 119.18181180954 103.282153606415 102.925409873327 95.3362584114075 71.2839663028717 45.2448228995005 46.8778411547343 60.771182179451 52.6649802923203 35.4062641660372 23.1987511118253 42.591522137324 86.7361823717753 118.599514166514 130.334873994191 130.880683660507 123.236914475759 123.998622099559
118.624945481618 121.908088525136 124.692936738332 120.913048585256 113.665560881297 110.353330771128 119.599938392639 125.171373287837 136.182804902395 134.83934601148 132.755438486735 138.042877117793 144.925226767858 145.995060602824 141.525268554688 143.331229686737 142.243285973867 135.199973980586 126.489639282227 119.995405276616 118.222802877426 118.650734424591 121.464600165685 122.830847899119 123.073707024256 126.674214998881 142.059465249379 147.90819088618 141.639997561773 129.760235548019 111.735006173452 95.1556166013082 86.3075256347656 99.0634262561798 91.5490984916687 67.0111576716105 70.9162553151449 106.936633586884 114.567677179972 89.5813902219137 53.6969949801763 42.0608619848887 62.1581276257833 81.4530352751414 69.9293514092763 86.6394639015198 91.8558835983276 97.0656474431356
132.038513819377 128.164460261663 124.284615119298 116.31166934967 104.43913936615 95.6539412339528 108.957082033157 108.380049467087 95.6813196341197 96.4581867059072 112.807720899582 126.547972361247 131.204922993978 135.62403122584 139.162838459015 150.262246529261 152.636826038361 142.726232608159 132.916708787282 127.822111050288 123.352944850922 121.90713485082 123.089492321014 121.181388696035 121.649066607157 123.377670844396 129.601736863454 130.98352154096 130.384087562561 106.495529413223 109.800477822622 102.751662333806 93.377689520518 110.105951627096 113.415668408076 100.033104419708 92.0119186242421 93.835969765981 99.2461542288462 96.674382686615 78.8682848215103 62.2003922859828 61.9428058465322 49.9384651581446 40.5978709459305 46.0731933514277 70.7374115784963 75.0363121430079
