input/barkrak2/radiation/dir02924.grid
NCOLS 85 
NROWS 70 
XLLCORNER 665100 
YLLCORNER 4664600 
CELLSIZE 20 
NODATA_value -9999 
[rows 22 to 43 of 70, columns 0 to 50 of 85]
51.277885834376 44.7609772284826 23.151732981205 16.2313555677732 12.5330326457818 4.59683003524939 10.9141791860263 7.26475566625595 6.25221431255341 5.30453709264596 14.1475970546405 14.6946907043457 16.2360854446888 16.5320696930091 17.723864565293 22.0383480191231 30.8366467555364 40.9952153762182 46.9243327776591 50.1729547977448 54.0178517500559 68.3694829543432 79.3078740437825 85.6171647707621 85.7573548952738 79.636404911677 72.2348988056183 68.6452885468801 64.9852802356084 44.6394582589467 25.0492642323176 11.3149272898833 0.229338610855242 0 0 0 0 0 0 0 0 0 0 0 6.05984032154083 12.3837230106195 16.3236608107885 17.8313789268335 19.5657648146152 20.8910827835401 21.3857740163803
83.9709540208181 73.0368793010712 39.3700127800306 21.4231808980306 16.1241814494133 20.1012517015139 20.3494305411975 8.30668645600478 5.44369469086329 5.03902323544025 15.6439443429311 16.9203716019789 19.8648671309153 26.3343205054601 22.9536145925522 22.7623383204142 30.4738506674767 39.8668696482976 45.2896455923716 37.817212442557 37.2580488522848 41.6669994592667 53.6759495735168 63.3628368377686 70.7987248897552 70.9583461284637 66.2076125542323 55.2122493584951 36.9849329193433 17.8964398801327 13.1133993466695 5.34713640809059 0 0 0 0 0 0 0 0 0 0 0 3.29035706818104 5.25834349294504 7.91655791302522 10.4102430244287 10.7813589274883 17.0289700229963 20.1610090831916 18.5571747521559
83.4703147411346 79.2914380629857 56.6119054953257 26.3897304733594 9.96171124279499 19.4531915088495 19.2256197333336 17.6149532198906 12.6554220914841 5.72956229249636 5.17854156593482 16.3145177066326 17.0440003275871 23.6065710584323 22.6707806189855 22.27932959795 27.7571057279905 36.8623286485672 43.5145845015844 37.1343692143758 35.9414294362068 32.7658553918203 40.8596992492676 48.4822293122609 53.7623862425486 55.6660741567612 52.1145363648733 47.1339921156565 24.559294184049 12.0790203412374 7.29158706963062 5.42571643988291 0.00120205110457997 0 0 0 0 0 0 0 0 0 0 7.89909375210603 5.67445593575637 2.52993125468493 4.07288782298565 5.60452913244565 8.66894423961639 10.5417830248674 9.01261158287525
70.0592845678329 74.6304988861084 67.4327065547307 36.2840170661608 9.91472229361534 19.3924605846405 26.7444252967834 33.2948639988899 33.4029048681259 27.0333265264829 22.2202390432358 24.6192614237467 24.518628915151 30.0421193242073 29.965619246165 25.65831442674 27.1870891253153 36.4939644932747 43.7449316183726 45.7657823959986 46.6988682746887 42.5766309102376 39.6005511283875 40.3698359926542 43.180912733078 45.4536775747935 41.7933364709218 42.5591121117274 25.9660830100377 21.3370422522227 17.9918830593427 22.0985909303029 16.1507117251555 0 0 0 0 0 0 0 0 0 0 5.539545789361 0 0 0 1.50922515119116 2.88193176190058 2.51609381909172 2.20550255229076
68.7246074279149 73.981910943985 71.7484851678212 45.8966493606567 22.2480421264966 33.2542806863785 45.818105340004 55.7157695293427 61.0463221867879 54.4942518075307 37.3433083295822 40.0587444504102 37.5961611668269 42.7448054154714 39.7584562500318 32.2638601064682 30.4733216762543 38.8697932163874 46.0862616697947 57.5072467327118 57.8590879837672 54.7220359245936 47.1674501895905 42.6512559254964 43.1249737739563 45.1795657475789 41.2758067250252 48.6252903938293 45.4589625199636 44.0676758686701 49.1306881109873 66.9779777526855 75.4167487223943 54.3341735998789 0 0 0 0 0 0 0 0 5.70499959091345 0 0 0 0 0 0 1.12697792549928 1.10359202759961
70.2515840530396 69.1355168819427 69.2776292562485 52.024374405543 48.0529169241587 54.2350560426712 66.7993227640788 72.0647672812144 72.6225773493449 66.9685751199722 47.7679272492727 43.4995392958323 42.5412108500799 41.127880414327 43.5230433940887 41.0884966452916 36.4150752623876 43.069193760554 54.523507754008 60.505931576093 57.3947727680206 50.2868145704269 47.9961931705475 48.9775637785594 49.3209064006805 49.9876439571381 47.7547099192937 58.2796583573023 75.0683943430583 79.7278483708699 84.3115548292796 91.6312833627065 102.483421564102 109.611093997955 63.6556247870127 0.246319318345437 0 0 0 0 0 3.98809183388948 5.83429386218389 0 0 0 0 0 0 0 0
73.2711007197698 62.3626212279002 62.9864732424418 54.9908429384232 68.2371705770493 66.8285191059113 69.1019197305043 66.5905674298604 60.1233641306559 49.0299214919408 44.0398703018824 39.1318847735723 38.4600485364596 43.7493125597636 49.2913126945496 49.231285850207 44.5544421672821 40.9365842739741 52.4992744127909 54.8446079095205 51.9274572531382 45.7629511753718 45.4524507125219 51.5906264384588 54.3490499258041 51.5455255905787 52.4404793977737 58.8363309701284 82.1598768234253 95.6050157546997 103.575676679611 108.204921086629 116.980691750844 120.197743177414 109.475463628769 36.2481474876404 0 0 0 0 0.028247814043425 1.1113085784018 0 0 0 0 0 0 0 0 0
74.3113060792287 57.1385522683462 57.4416667222977 60.2895965178808 68.8983847697576 66.0322705904643 55.6183358033498 42.6219552755356 32.1113715569178 25.9804353117943 25.629664460818 29.5352836449941 34.8013912638028 44.1635350386302 49.2264777421951 55.6195179621379 50.4064857959747 39.4289617737134 42.8483436505 45.4520086447398 45.3897217909495 45.7029591004054 45.6025451421738 52.1928717692693 57.6807608207067 54.6827067931493 56.8271378676097 59.2882136503855 75.8269478877385 98.8566378752391 113.258173068364 119.329084952672 121.391425530116 122.862259546916 130.137691895167 110.874642928441 30.3479780753454 0 0 0 0 0 0 0 0 0 0 0 0 0 0
73.0417718489965 73.8345881303151 93.9178665479024 124.086091915766 99.6173024177551 72.1831470727921 46.1051265398661 24.9746292829514 9.39117185771465 20.6472476323446 18.7028174599012 9.26814476648966 34.3399296204249 45.7695921262105 54.8397252957026 57.9792559146881 56.2284588813782 44.4706926743189 43.956533074379 47.2742219765981 45.1096793015798 48.6724028984706 50.3385563691457 52.8540064891179 59.7812881072362 63.9130572477976 62.0458324750265 65.1144435008367 77.9662678639094 103.416164716085 121.324161688487 124.243199825287 121.92224462827 129.384696483612 140.124400456746 143.458187580109 116.197556257248 55.5358529090881 4.80004244794448 0 0 0 0 0 0 0 0 0 0 0 0
85.3073398272196 117.968489726384 165.285537640254 185.449481010437 163.683623075485 111.20996872584 64.9897207816442 38.6231193939845 32.4351911743482 37.0456700523694 29.2198980847994 24.8645469546318 34.9853237469991 44.0902262926102 56.9386879603068 63.7916475534439 59.1165721416473 52.8336018323898 46.4522242546082 48.7331449985504 48.3288864294688 52.0715415477753 54.4208735227585 55.2012224992116 60.167262951533 71.5963443120321 72.3435978094737 77.9564281304677 87.3623092969259 104.728599389394 121.523082256317 129.333198070526 130.003978808721 135.83043217659 142.964760462443 143.124043941498 135.914991299311 118.492354949315 52.0780185858409 3.19123640656471 0 0 0 0 0 0 0 0 0 0 0
144.178022940954 179.659287134806 204.775989055634 205.914318561554 203.534066677094 177.256246407827 134.118924538294 96.6507395108541 74.1566270589828 63.723827401797 60.296227534612 48.1061140696208 37.40011403958 42.8309738636017 57.3080430428187 63.389187057813 57.3052614927292 59.0250790119171 48.5158065954844 46.8922605117162 50.0743240118027 52.224134405454 53.0423025290171 53.9464106162389 58.4826370080312 71.7247029145559 78.4075657526652 85.8273804187775 95.7467059294383 103.055169185003 115.809082984924 128.025114536285 129.948000113169 125.428915023804 128.167331218719 121.090263128281 123.52376182874 109.806398550669 61.5614702304204 15.1759547491868 0.333882363823553 0.616812768081824 0 0 0 0 0 0 0 0 0
196.862936019897 214.266737302144 217.694322268168 215.332210063934 217.854142189026 213.836034138997 189.921339352926 147.292564312617 112.188736597697 87.7485374609629 90.3886755307515 78.4621089696884 55.9571981430054 48.186406493187 55.6369125843048 59.6927603085836 53.4937431414922 53.8416157166163 47.5855072339376 48.2415060202281 47.1774737040202 48.4283069769541 48.0840702851613 48.6071954170863 55.912916858991 66.3549800713857 77.4739881356557 81.4901888370514 90.8075173695882 102.93905933698 113.575090964635 116.819560527802 109.745919704437 98.8769133885701 101.059059302012 86.5558683872223 87.7170165379842 72.798545161883 38.1720314423243 5.3764587889115 8.21434333920479 6.18741599222024 0 0 0 0 0 0 0 0 0
211.285928885142 219.393233458201 217.183411121368 219.482719898224 218.976895014445 217.999656995138 208.018799622854 175.945957501729 130.147516727448 102.196941773097 102.431625127792 94.1052635510762 80.9188435475032 61.2820237874985 55.2480320135752 57.6901187499364 51.1808395385742 47.0057229200999 47.0606486002604 50.7060488065084 46.2796588738759 45.3471690416336 47.5190579891205 48.9829927682877 52.2424181302389 60.1846526066462 69.7660048802694 70.8087136348089 80.7958940664927 97.502201795578 105.645040671031 104.228754838308 101.120789845785 93.8235521316528 86.1925184726715 73.151429494222 77.2130340337753 74.3636588255564 54.6272744735082 20.7076842586199 18.9674273133278 18.186387916406 0 0 0 0 0 0 0 0 0
204.594969749451 208.924472332001 205.916941165924 206.578473250071 205.585420131683 200.894693533579 195.778727531433 177.282313505809 137.159208456675 113.049695889155 110.007584095001 102.829833825429 92.8633312384288 70.3379064798355 59.421569108963 61.8297457695007 54.4654627641042 45.8277612924576 50.3607839345932 51.5857934951782 49.6213883161545 45.9367781877518 49.889067808787 54.0373027324677 52.6978373527527 57.771568497022 62.547912200292 63.3973330259323 70.4147269328435 89.3947283426921 98.3732640743256 98.2853869597117 101.068745056788 103.55477531751 85.6955647468567 79.4443289438884 83.5863749186198 90.3538266817729 85.010419289271 46.8015372753143 15.6324381629626 0 0 0 0 0 0 0 0 0 0
180.677076180776 183.650096257528 186.152338981628 182.243049144745 181.870977083842 179.86806233724 184.478243192037 180.084109306335 148.79517753919 120.907266934713 110.591073830922 97.6124107837677 88.1389975547791 67.2612587610881 55.6852072477341 61.9308451811473 63.6789252360662 51.6380568345388 53.7335177262624 56.7390422026316 57.1723878383636 52.706907192866 52.8388569752375 57.0481866598129 54.3252776066462 54.6504060427348 60.9332074721654 67.2129889329274 71.9401141007741 82.9845815896988 95.8403448263804 100.378264983495 101.027468840281 106.049547592799 89.4885659217834 89.5112156867981 89.3352627754211 97.6776878039042 97.2326000531514 56.2760780255 1.50368005658189 0 0 0 0 0 0 0 0 0 0
156.574567159017 165.827145179113 177.716235319773 174.805343151093 172.852873802185 178.638577461243 188.462297121684 191.556771596273 171.765645345052 136.648605267207 112.836321194967 87.915043036143 72.4080403645833 61.7117385069529 52.6325007279714 56.4076701800028 67.5139327843984 59.2987438042959 56.1162779728572 59.0522189935048 60.4640791813532 56.4802438020706 53.7000944217046 56.3883533080419 57.7690849701563 57.2047233581543 60.3652993837992 68.3201253414154 72.9119628667831 77.6547690232595 89.8207128047943 100.344439347585 102.891941865285 96.9416399796804 85.8173867066701 98.3247756958008 100.310345490774 104.451298713684 105.247189601262 78.720952073733 0 0 0 0 0 0 0 0 0 0 0
118.239601453145 130.711893240611 139.376183350881 144.551297028859 152.615894873937 169.046640396118 182.934443155924 191.903352737427 187.750518321991 156.158973773321 119.58392461141 88.6802872021993 69.3695147832235 65.730760494868 57.6362162828445 52.2782057523727 62.8643333911896 63.5975201924642 57.4129223823547 57.136873404185 57.8637768824895 54.9852003653844 51.8427987893422 53.8934121529261 57.3951502641042 61.2212121486664 60.9594732522964 66.2957926591237 71.2802509466807 72.5635836521785 81.3456376393636 96.6029067834218 101.295570532481 86.0896706581116 89.385320742925 107.774784167608 111.490418513616 108.921299378077 108.820885419846 105.331470568975 48.362543185552 0 0 0 0 0 0 0 0 0 0
82.4315398931503 89.1799330711365 88.8216594854991 99.6288259824117 116.369078556697 134.288817644119 150.243520736694 162.490705649058 164.72856203715 139.803936084112 103.599150975545 77.9464393854141 64.5702083905538 62.620942791303 59.4911823670069 54.114431142807 58.7109426657359 59.8835299412409 53.1683365503947 52.3781478404999 56.4103672901789 59.5698207616806 58.4729810555776 54.2884866396586 54.3859899044037 57.63045946757 62.4392877022425 65.6030227740606 70.3576703866323 70.1793183883031 71.8580484390259 85.5868856112162 93.6440428098043 88.9424085617065 107.228606939316 120.123982429504 116.982916990916 109.292725721995 114.174375931422 126.941909392675 118.540545304616 56.4712136983871 1.93256915857395 0 0 0 0 0 0 0 0
71.0454930861791 73.2559462388356 72.9414771000544 75.1329014698664 84.5198333263397 91.2069380283356 95.1146483421326 100.727637608846 101.504931847254 85.0347777207692 69.3698426087697 64.8123522599538 63.3475730816523 60.3052924076716 58.5428128639857 58.806300163269 58.1848671038946 57.6900045077006 53.0679573615392 52.6792903741201 56.9426516691844 62.2936983903249 63.5930399099986 59.4615836938222 57.2979499896367 55.7811409235001 64.9867157141368 68.1795428196589 70.6108162800471 71.1453755696615 71.2806930144628 78.2456248998642 86.5018963813782 96.5301791826884 114.259441693624 115.572800238927 109.1514925162 98.7230439980825 100.535571575165 117.880682150523 131.217141946157 121.328860521317 67.2902961572011 8.54700182874998 0 0 0 0 0 0 0
79.3960889180501 77.0358542601268 77.2867202758789 76.6673386096954 73.2482373714447 71.3940858840942 69.8156257470449 71.2178150812785 76.2239942948024 67.7343457937241 60.2550754944483 61.5626076857249 65.2925620476405 65.4808183511098 63.9746387799581 61.823437611262 56.454082330068 63.2748554150263 65.0619318087896 60.7034862041473 62.9097024599711 63.5413378477097 61.1408849557241 64.0223622322083 65.3124749660492 60.7373118400574 66.7921702067057 69.4598058859507 71.6595649719238 72.373295823733 73.8783379395803 77.7246157328288 84.4856897989909 102.330098549525 109.750171502431 103.796591361364 93.4995114803314 83.832045396169 80.6400279204051 91.5885070959727 118.99600426356 126.287251710892 101.417481899261 43.1466400623322 1.23456143774092 0 0 0 0 0 0
84.1974715391795 81.3755989074707 84.1385026772817 82.507203022639 75.688973069191 72.4221070607503 70.1745599508286 67.2174841165543 67.6840295394262 64.0459408362706 62.2352262338003 61.7745816707611 65.9957279761632 69.5933649937312 69.8515176773071 66.498210032781 63.2861703634262 68.7823841969172 71.1912959814072 64.9762153625488 62.4211877584457 60.1854224999746 56.8759342034658 58.7518662214279 63.0804697672526 60.2680444717407 57.356725136439 63.0343854427338 67.9487635691961 69.9284722407659 71.2188879648844 72.116956114769 81.6627343495687 102.095862229665 108.711262543996 93.7098860740662 82.4555854002635 79.9559205770493 79.4019798437754 87.0314141114553 95.5413778622945 98.5247194766998 85.7883989810944 52.0128160715103 4.00105553368727 0 0 0 0 0 0
68.107803662618 70.8149423201879 79.8208614190419 77.0965317885081 79.5713116725286 82.1204831202825 80.9930562973022 76.7088085412979 66.2935475508372 64.6953880786896 68.3624198039373 64.6341492732366 65.1820947726568 68.8433001438777 69.999227921168 67.1376138925552 68.4498647848765 70.425088206927 71.6194460789363 66.6602949301402 60.2688093980153 57.4150284131368 55.9180676937103 55.041640996933 57.6725204785665 62.2242589791616 56.7265202601751 59.3097060918808 63.4127606948217 66.5584156910578 64.9317999680837 63.4233007828395 74.2457012335459 87.8989497820536 94.5600569248199 84.3288799126943 80.3572038809458 85.4734977086385 87.9707634449005 87.8415902455648 83.7944746017456 82.4576318264008 76.2387216091156 51.0703672965368 7.43772462010384 0 0 0 0 0 0
