input/barkrak2/radiation/dir07524.grid
NCOLS 85 
NROWS 70 
XLLCORNER 665100 
YLLCORNER 4664600 
CELLSIZE 20 
NODATA_value -9999 
[rows 21 to 41 of 70, columns 0 to 45 of 85]
87.3045225938161 74.3662118911743 65.5421415964762 85.835854212443 81.8290213743846 52.6245137055715 55.8617313702901 67.1254793802897 73.0567922194799 79.1910886764526 81.9008102019628 81.6160688797633 82.0575058460236 81.1339517434438 90.569535891215 105.001628398895 119.521160920461 131.601423025131 142.715901136398 157.313803831736 167.444487412771 181.184649467468 186.067283153534 181.829114754995 169.747094313304 152.966876824697 147.208422422409 142.008910576502 148.918410142263 130.871872107188 124.872982501984 96.6697533925374 76.2420396010081 56.4036518335342 58.6969008048375 66.6121741135915 82.5331111749013 103.636105855306 120.771378278732 133.985896905263 135.632832845052 141.943007707596 136.926432450612 118.159184853236 142.659872770309 155.172298351924
131.056865056356 128.161877393723 107.03440507253 105.908880631129 103.666394948959 70.2199637889862 76.1017004648844 75.2075413862864 70.8289047082265 73.5790977875392 81.5000037352244 83.2208643356959 90.0190472602844 90.0150736172994 93.627393245697 101.636558771133 114.678998788198 126.316845417023 135.294198989868 139.811247587204 144.407480955124 160.958657662074 172.07670211792 175.681213537852 170.182128747304 163.188060124715 145.810842514038 139.178355534871 144.256750742594 123.81507953008 88.8895789782206 54.6774566173553 37.4746397137642 17.3553166290124 8.94565073152383 19.834724565347 45.1983461777369 71.4135865370433 82.7538669109344 94.0856536229451 106.752743323644 114.799509445826 103.685259819031 83.0303331216176 108.481655518214 144.77531115214
168.807824452718 160.965462525686 127.233455578486 112.705161174138 108.959247668584 105.104863643646 95.9915518760681 77.5517125924428 65.5352820952733 68.394477168719 83.1389824549357 86.8484973907471 96.0699121157328 104.977657397588 102.755377689997 103.064397970835 112.030456463496 122.223158677419 130.448381106059 122.553050518036 122.004052003225 127.252062161764 142.594496409098 153.589387734731 155.061771472295 154.43949898084 141.140252351761 132.270514965057 111.941119035085 69.4441646337509 54.9557606379191 43.3935920397441 16.4343006908894 0.154411730666955 0 0 9.66040169199308 28.2207255562146 40.3412977854411 36.9737669825554 53.6605914433797 48.6906468868256 56.6121836503347 92.348317305247 105.177770058314 134.705225626628
163.840820391973 160.291463136673 145.077248414358 116.590440273285 100.079824527105 103.033751249313 94.3912367026011 86.6381227970123 77.151616414388 73.6879805723826 81.1623185873032 85.8536859353383 87.989221016566 101.303150256475 101.10471645991 101.513177156448 108.745137850444 121.856331825256 129.420677820841 120.921154816945 120.003163814545 116.717477639516 126.490563154221 134.575555721919 139.590640862783 135.962744553884 129.224727551142 118.464608987172 100.198606650035 51.6204337279002 45.4019804795583 44.2312757174174 24.578387538592 0.398315877343218 0 0.388103576066593 5.39440475404263 14.6423342327277 17.6654681563377 20.1026598612467 21.3874330123266 17.7407835920652 37.3923058311144 118.238468964895 120.041857163111 133.351375659307
150.817632675171 155.637870232264 155.444035927455 125.641991694768 100.960204998652 103.134055932363 105.53984840711 111.974755922953 110.617568095525 99.5285113652547 92.9792126019796 98.8927682240804 103.861153125763 111.20010415713 113.751818736394 107.385605573654 110.066950321198 122.224152088165 127.574940522512 132.054309050242 135.909746090571 131.72768553098 127.715607484182 124.187211195628 125.439296166102 125.122129917145 117.660403251648 111.960182587306 88.1083607673645 72.8369951248169 72.0883111159007 82.2761555512746 75.4474103450775 20.0218719740709 2.63816428681215 7.89111790557702 8.95824407537778 10.6867974003156 16.3994592924913 11.8688816825549 8.23576624194781 9.78191693623861 50.6333808104197 114.565442005793 140.9104069074 139.184931914012
149.750580390294 155.032287041346 158.461759487788 134.848614533742 117.666413386663 121.954172849655 131.93212946256 136.539240678151 143.350303173065 139.25713300705 117.530743281047 119.260191917419 122.383465369542 127.038528521856 127.819140752157 116.951088110606 114.290138085683 123.463451862335 132.549613714218 147.303481896718 149.866878986359 147.657205661138 136.667758226395 127.696583668391 126.544257005056 129.001259803772 118.925591309865 117.571840683619 106.398701667786 107.558409372965 122.0483481884 146.526952584585 155.305494864782 139.436860879262 59.0223371982574 23.6413429180781 21.144670744737 20.325197527806 14.5274984339873 7.04643689095974 17.9804787039757 51.0641187429428 91.9637680053711 112.648924191793 130.311896403631 129.188199838003
151.623328526815 150.238176186879 150.713543097178 140.05700747172 149.22293027242 148.247609535853 156.126578648885 157.065103451411 158.934245506922 154.457628726959 133.846392234166 128.673672676086 120.917777220408 125.03856420517 128.347257773081 122.941722472509 116.405824820201 126.737107833227 140.793929497401 147.631297508876 145.738333463669 136.97737455368 133.66307814916 135.959843794505 137.330035368601 135.595897833506 130.018522342046 131.340364615122 143.158137798309 151.384969552358 165.099302927653 177.410165468852 187.003115812937 198.195576667786 163.47998380661 62.4409218629201 33.4709137678146 23.7551207343737 15.123808135589 13.316431393226 38.7699355681737 114.454686641693 112.559000651042 97.1099734306335 100.086470444997 102.664430936178
154.28148706754 142.695297797521 143.87125770251 145.026683807373 171.667257944743 162.035048007965 155.925085147222 146.432022253672 142.538656791051 133.940984805425 126.389175653458 108.111063639323 114.374279975891 120.235204696655 131.368925174077 134.996066490809 127.579987049103 123.017281293869 136.186569929123 140.540778636932 137.155830860138 131.358921527863 130.91250260671 137.408951918284 140.532414118449 136.575748523076 138.260145982107 134.114295244217 154.200573762258 168.124953905741 185.791969299316 197.483360767365 204.573074976603 206.268469492594 204.304754734039 133.559842904409 31.9355328877767 10.2225330968698 5.92088078459104 12.2133245070775 56.3240249951681 108.350892861684 94.3065881729126 68.6353991429011 66.4397130409877 68.1658039490382
154.324611028035 136.112451553345 137.848059336344 153.502722581228 171.247522036235 160.236438115438 139.907419681549 120.261778434118 107.284466425578 99.7110903263092 96.2913235028585 93.9890742301941 105.6174437205 116.446246703466 129.509230454763 138.262848059336 133.446246385574 121.129681666692 126.501391331355 131.352245807648 130.011181036631 131.667872269948 132.511953512828 139.138430356979 145.662595828374 141.532927751541 145.44955889384 144.11406715711 151.530663172404 172.845204671224 197.124441464742 210.780143737793 210.459272066752 209.529479344686 220.661799112956 208.863735198975 124.497175216675 36.4466831088066 23.3815088868141 26.9266615311305 49.5344797770182 65.3438866138458 72.7164496978124 49.0492035945257 42.1557575464249 49.9380230903625
150.945772727331 155.257205168406 182.816406091054 224.611163139343 203.649322191874 167.197366555532 132.107446591059 98.414808511734 86.0278606414795 93.334972858429 77.8853644927343 75.036366780599 96.8961616357168 113.76362045606 134.170432885488 143.253535032272 140.84326227506 128.56454650561 128.195504347483 133.618454138438 130.169838666916 134.511232376099 138.958056767782 141.498108704885 148.67443839709 153.600851694743 152.814517418543 154.071430365245 156.746596097946 184.613704681396 207.560380299886 216.823319594065 212.65051762263 220.327198505402 233.02294810613 238.038023312887 218.275348345439 165.487746397654 80.1206131776174 43.5145298639933 36.1519729097684 37.7451926469803 55.6013882160187 45.2658633391062 40.1464775204659 55.7625889778137
168.605109055837 205.808520317078 252.759099006653 275.767207145691 266.268869241079 213.902374108632 158.755173285802 117.893755435944 108.873724937439 112.160831689835 94.67946489652 80.4734130700429 94.6387052536011 119.526912768682 138.07479540507 146.058320999146 143.513858318329 137.044250965118 132.374753554662 134.450852870941 135.520666837692 138.889769713084 143.439114093781 143.940508365631 151.178568601608 163.895686467489 165.070662895838 170.420149962107 177.366594473521 193.289577960968 210.638880729675 219.545145829519 222.068647543589 230.412125587463 236.333231131236 233.480413754781 230.783541997274 227.84960269928 161.884605884552 77.1399438381195 41.0107423861822 40.2104804913203 44.5880045493444 50.2273738384247 58.5362215836843 78.3623854319255
230.038046836853 264.675815900167 282.798250516256 282.489975293477 291.345854600271 271.930595239003 232.442637284597 189.54473733902 160.389761130015 139.828016360601 134.694973627726 112.776935100555 97.2179571787516 116.136531035105 141.483356555303 146.353592475255 142.864406108856 144.19083793958 135.045498609543 132.814894119898 138.335565725962 139.736811319987 142.428239186605 143.148183822632 148.205737272898 164.785325527191 173.534194628398 181.328197320302 188.034176826477 194.015065828959 208.90486240387 222.59928782781 223.111152648926 218.935509522756 218.124389648438 206.929842631022 207.97073841095 206.186334292094 162.846803665161 104.657053947449 65.171425541242 56.7173113425573 49.6254314978917 51.3274272282918 61.1999531586965 79.7240187724431
272.15709288915 285.022616386414 286.521057287852 281.428714593252 285.963892936707 288.084546724955 273.633062839508 226.570308208466 185.059070587158 165.432453155518 164.779901504517 150.06160736084 124.653319517771 124.071488777796 138.058930635452 143.76695950826 138.908644517263 140.28525352478 134.559740622838 135.755121707916 134.957055250804 136.463940143585 137.662549813588 138.093690077464 145.68438132604 159.150063991547 171.977202097575 177.371521790822 185.42355298996 196.520725886027 209.072550137838 211.793899536133 190.477172533671 188.372075557709 183.151006698608 168.08807849884 168.533404668172 154.576599597931 121.108502149582 88.5644753774007 90.918759504954 82.0596863826116 65.6807820002238 53.8414667050044 53.0099173386892 65.371498465538
281.829794247945 284.482419490814 283.616582552592 282.054424285889 280.620833237966 282.982667287191 282.083829243978 257.384479045868 209.273318449656 179.044127464294 174.624959627787 171.622276306152 157.811403274536 141.735812028249 139.114618301392 142.541786034902 137.580891450246 133.65160425504 135.253290335337 138.80600531896 134.624113639196 133.450855811437 136.915504932404 138.129154841105 142.52100388209 152.380883693695 163.199136654536 164.994984865189 173.699100812276 191.911319891612 201.840658982595 197.140634059906 180.775682131449 181.930879751841 168.226102987925 153.813044230143 157.745232184728 155.141115188599 139.713446299235 112.169941266378 111.037065585454 117.639342943827 98.2343753178914 79.7963291406631 62.7596974372864 53.9187888304392
280.746340751648 282.386839389801 279.993653297424 280.826985836029 279.583990573883 277.326067288717 277.127464612325 264.204223950704 219.329635302226 186.684767405192 175.378640492757 174.710432688395 171.832799911499 154.320081075033 145.306001106898 149.340103069941 143.156498670578 133.0393354098 139.243811368942 140.594611565272 139.198084672292 134.28121805191 139.878690242767 144.416997830073 142.176568508148 149.760593970617 155.103156963984 155.326465765635 163.69687517484 184.714516003927 194.245318571726 189.994772275289 187.642534573873 188.641528288523 166.631698608398 161.462356646856 166.350235541662 171.161572138468 174.106736977895 146.436115105947 103.182464838028 99.9938448270162 90.2950465679169 69.7631140549978 54.6877135833104 41.8757895628611
266.255259513855 268.730898698171 270.422498385112 268.689692020416 267.592489719391 265.37032922109 268.864631652832 266.417662302653 230.968674023946 192.549526691437 177.388608455658 171.781122684479 170.004765192668 153.733779986699 143.445124228795 151.537418365479 154.375692208608 139.9733821551 143.954465786616 147.08556731542 147.339085737864 141.455252965291 143.264214197795 147.099922100703 144.368906815847 146.169404188792 153.281897306442 160.121490557988 165.467550357183 180.104772249858 191.251715024312 192.944864432017 189.289808273315 186.826606591543 169.345239798228 174.430727958679 176.576097806295 182.74466196696 178.52246761322 154.215782880783 81.6366175810496 59.9652628103892 50.0998894373576 31.9884568452835 30.2016859253248 30.8013906081518
248.672127723694 256.436785062154 263.299584388733 261.482357978821 260.718981424967 264.662245909373 271.359344323476 273.218035697937 248.514393965403 207.566301027934 182.252109050751 168.330152829488 159.766485293706 149.035642544428 140.35044113795 145.985176165899 159.464458624522 149.3927637736 146.471758683523 149.6369043986 151.397486527761 146.184047063192 142.700831095378 146.514445543289 147.618075211843 146.636307239532 151.715864737829 161.680032809575 166.8994029363 172.006845474243 185.675938924154 195.088227589925 186.617811520894 177.978515625 164.779722690582 184.062540531158 191.169321537018 194.502472877502 184.161802132924 169.519205888112 74.6925175189972 30.8660566806793 13.3963438371817 11.7185637354851 12.1800154447556 12.8721930086613
215.306639671326 224.582453568776 233.029305934906 238.126794497172 245.555460453033 256.874084472656 266.89620812734 271.69414361318 261.805733044942 225.001990795135 196.198205153147 173.020402590434 159.153719743093 157.486726840337 147.097369035085 140.19896586736 154.507378737132 153.755406538645 147.125671307246 146.485169728597 146.986166636149 144.822865724564 140.668233235677 143.568933010101 147.052337725957 151.350100835164 152.406056722005 158.316552639008 165.118674437205 167.717258135478 177.097539107005 192.654252052307 184.309303760529 165.686289469401 172.098318735758 197.371363639832 202.769041061401 199.566781520844 187.375903129578 190.033555030823 141.095221042633 49.6234595775604 18.4328518807888 12.8639290730158 12.114322433869 11.4967500170072
179.300983746847 185.470124085744 185.155113538106 196.011503537496 211.082180341085 227.705558141073 240.826388200124 248.913009961446 246.575911839803 221.469084421794 192.897717158 168.87112458547 155.978600184123 153.042058149974 149.6834953626 142.235259215037 148.761510848999 149.060070514679 141.984005769094 141.387283802032 144.784897565842 149.308522542318 147.207816441854 143.629362185796 142.344286044439 146.378656228383 152.596314748128 157.510250806808 164.128412803014 163.581192493439 167.792816956838 180.182933807373 176.258663336436 170.691808064779 197.140653928121 211.678763230642 207.343379656474 199.683308601379 199.795484542847 212.148626645406 217.764496803284 166.142563025157 77.9382288455963 39.7862394650777 24.197943508625 10.3979595005512
167.339404424032 169.039607048035 168.886105219523 170.798301696777 179.414172967275 186.068614323934 189.97722864151 194.364527861277 193.463742733002 175.225456555684 160.646229982376 155.60390551885 154.517461856206 150.092571973801 148.437976837158 147.196819384893 147.806962331136 147.289256254832 141.886760791143 139.845897754033 144.342760245005 151.888976494471 153.376042842865 148.437758286794 145.809223254522 143.617341915766 154.180149237315 159.415513277054 164.481619993846 164.720396200816 165.95662633578 172.308166821798 170.295119285583 183.236400286357 209.967255592346 208.614230155945 191.208124160767 187.393029530843 190.487027168274 203.468004862467 221.767544746399 232.52801100413 184.676984945933 97.9473789532979 45.6139842669169 26.279295484225
175.876518090566 172.809640566508 173.070172468821 172.015110651652 167.494813601176 165.974318981171 164.181311925252 164.223035176595 169.100264708201 159.229099750519 151.736636956533 152.112642923991 156.080851952235 155.025511980057 153.415540854136 149.774660666784 145.764172077179 153.377056121826 154.169768095016 147.335817416509 149.267017841339 152.053415775299 150.668998559316 152.570535739263 154.937664667765 149.090190728505 154.81024980545 160.841604073842 163.07587424914 164.654602607091 167.66498486201 170.74982325236 173.995951811473 192.92672475179 204.618175824483 189.902663230896 175.853768984477 165.91755549113 168.109655380249 180.108567078908 212.688386440277 226.826906204224 209.41831668218 149.734636147817 76.4032850662867 41.4096191525459
