input/barkrak2/radiation/dir07924.grid
NCOLS 85 
NROWS 70 
XLLCORNER 665100 
YLLCORNER 4664600 
CELLSIZE 20 
NODATA_value -9999 
[rows 0 to 19 of 70, columns 0 to 45 of 85]
214.999020099640006 230.297088623047 245.1411485672 263.845324516296 272.503693898519 272.530913352966 264.444947242737 258.641600608826 261.077284812927 261.69099410375 261.989971001943 263.588805993398 262.657860914866 263.342340787252 265.433371067047 257.139186064402 246.176759401957 234.519044558207 228.434125582377 218.538820743561 213.932514190674 227.458437283834 253.935297330221 261.03675365448 262.84388701121 272.277295589447 271.230498949687 257.951041062673 241.995692253113 239.566485087077 235.604365666707 255.021095275879 296.240528424581 294.894218444824 293.411950270335 279.446661472321 284.701307614644 299.04826482137 293.464084466298 295.254647731781 281.472305456797 282.333850860596 293.390472730001 295.446077982585 284.394860267639 287.567873795827
193.227330843608 209.947148958842 225.4705230395 244.544506072998 257.580836613973 262.006262938182 259.190062681834 259.825905164083 269.260287284851 267.815907796224 263.415773709615 263.741970062256 263.940850893656 265.059630076091 264.867504437764 256.450613339742 251.36665503184 242.989003658295 237.559099992116 225.105504194895 228.445808092753 247.166593869527 267.019748687744 269.254684448242 273.843288421631 278.327186902364 272.476236025492 260.9041929245 246.874630451202 241.344889005025 242.178002993266 268.402854601542 297.346174716949 295.322795708974 291.841149330139 280.937472979228 287.408073743184 297.387063503265 293.439745903015 296.114504337311 288.593769073486 283.180276552836 283.998906612396 284.748276074727 281.996031602224 288.016100724538
155.249277750651 167.673905690511 180.701057116191 194.080829620361 208.439807097117 218.674639860789 229.452649752299 244.513849417369 256.976882616679 256.524046262105 256.536205609639 260.766983032227 269.690990447998 273.618340492249 271.588126818339 276.035050551097 277.094801266988 268.433888753255 252.822875976562 242.196997006734 249.061445395152 260.423044363658 267.869253953298 270.152350266774 276.320974032084 273.927748203278 268.587708473206 260.125974814097 251.074473063151 248.714109261831 256.248811880747 283.124347527822 295.116742451986 296.075344085693 292.139093081156 286.26541296641 291.392544905345 294.678688049316 294.848501682281 294.129888216654 287.408550580343 277.458131313324 267.461935679118 267.779310544332 277.23890542984 285.483360290527
135.762184858322 136.383930842082 144.815256198247 152.259250481923 159.72172220548 165.202617645264 173.629959424337 190.905292828878 212.354242801666 230.540990829468 244.212985038757 260.362903277079 272.09746837616 277.138868967692 278.691510359446 284.739335378011 282.744506994883 272.182563940684 257.478475570679 251.032849152883 249.751925468445 248.793880144755 260.297437508901 264.908691247304 266.566435496012 267.974595228831 266.116261482239 262.076139450073 259.587943553925 260.648667812347 262.50171661377 288.22539250056 293.616553147634 294.356564680735 292.192896207174 293.5471534729 294.600645701091 294.777671496073 293.875257174174 285.620371500651 276.498834292094 265.546957651774 261.048714319865 274.307191371918 290.481468041738 283.877591292063
158.593396345774 141.355335712433 127.156923214595 118.091523647308 121.590534845988 138.812671105067 161.042799552282 172.336876392365 183.432479699453 191.789845625559 215.330402056376 240.175624688466 255.667646725973 263.527015844981 269.557515780131 273.194372653961 268.052736918132 258.37649901708 253.567337989807 251.054008801778 246.074974536896 244.238654772441 255.332986513774 260.004878044128 263.454655806224 269.107460975647 266.908645629883 264.343619346619 262.040774027507 260.206580162048 265.884558359782 292.899390061696 294.219811757406 293.661952018738 289.493282636007 290.317058563232 292.103966077169 291.640480359395 282.471239566803 276.286383469899 272.791067759196 269.736488660177 272.589564323425 281.485557556152 285.874168078105 270.546277364095
204.352815945943 174.752831459045 145.579079786936 120.577692985535 111.722340186437 123.555471499761 150.315463542938 169.06197865804 173.540671666463 172.975142796834 183.978935082754 199.193298816681 210.070868333181 217.449446519216 227.229714393616 235.616167386373 238.140761852264 241.334319114685 248.780290285746 254.623611768087 254.37992811203 257.359902064006 258.830885092417 258.958160877228 263.004163901011 268.665273984273 267.749885718028 267.075002193451 265.24418592453 264.771362145742 278.090755144755 293.701549371084 292.611221472422 293.088972568512 287.666896979014 285.459518432617 287.886301676432 284.311930338542 274.179100990295 276.527285575867 275.129318237305 271.78156375885 272.851427396138 275.558729966482 267.448902130127 243.003904819489
229.445576667786 202.767431735992 180.357098579407 157.664775848389 135.613809029261 121.867338816325 130.014350016912 160.727292299271 175.855040550232 184.666256109873 180.945754051208 175.534129142761 171.051959196726 166.657547156016 169.018983840942 185.924967130025 199.531356493632 221.04545434316 241.544783115387 254.757225513458 260.648190975189 263.083934783936 261.837601661682 259.215811888377 262.077927589417 263.97971312205 267.352859179179 267.252643903096 266.445418198903 270.496428012848 283.588250478109 292.132099469503 289.065897464752 286.056995391846 283.601760864258 277.66090631485 278.247634569804 272.710164388021 270.162483056386 267.831385135651 261.382758617401 259.709417819977 264.771521091461 270.11118332545 259.839495023092 249.027530352275
241.849919160207 229.703028996785 216.050604979197 198.286950588226 173.018892606099 140.847871700923 118.357559045156 118.307660023371 154.215713342031 181.844154993693 190.731962521871 186.265428860982 176.713148752848 165.816128253937 151.763697465261 155.471821626027 169.295092423757 187.070767084757 213.161130746206 234.855671723684 248.317062854767 257.461627324422 263.979732990265 260.553002357483 258.948663870494 258.270124594371 259.334206581116 260.5948249499 260.93069712321 270.091315110524 279.976149400075 283.704698085785 279.351552327474 274.934828281403 269.733746846517 267.444451649984 270.119448502858 265.335281689962 258.810261885325 245.19952138265 245.432317256927 255.232413609823 271.262268225352 280.459403991699 273.161192735036 270.803729693095
233.33340883255 233.635286490122 228.357036908468 218.772033850352 203.268051147461 178.049008051554 145.252754290899 114.795863628387 129.5092801253 153.533826271693 175.380905469259 186.87903881073 189.485112826029 186.222314834595 172.306497891744 163.539598385493 160.698384046555 165.682057539622 180.606782436371 199.806690216064 217.919687430064 233.899811903636 245.364387830098 243.11888217926 244.965255260468 244.698107242584 244.843721389771 246.576348940531 248.838345209757 259.177605311076 264.504949251811 265.422205130259 262.965202331543 261.592368284861 262.299279371897 262.891252835592 263.521234194438 260.392546653748 253.688752651215 247.807383537292 261.289715766907 274.752775828044 283.141036828359 283.356070518494 273.289581139882 267.363488674164
199.252068996429 210.294365882874 216.043849786123 216.048876444499 212.601542472839 207.158346970876 188.016672929128 167.182167371114 133.682747681936 123.704572518667 138.239572445552 165.646930535634 189.698974291484 201.696674029032 202.573577562968 192.428668340047 175.914426644643 170.069893201192 169.179638226827 172.145108381907 182.037015755971 191.455900669098 202.814141909281 212.088207403819 222.103079160055 225.003262360891 225.547353426615 226.968685785929 229.712804158529 236.929953098297 238.341788450877 239.34018611908 245.978554089864 250.473777453105 254.33345635732 255.294263362885 253.991226355235 257.55774974823 253.347675005595 258.941372235616 277.208765347799 284.930288791656 286.593159039815 283.742010593414 272.167404492696 266.822934150696
128.777960936228 153.632114330928 169.219712416331 182.436684767405 193.407495816549 202.217082182566 203.323682149251 196.309228738149 165.574312210083 137.36754655838 122.443338235219 130.726277828217 160.309821367264 189.020375410716 205.969552199046 194.563488165538 185.689965883891 177.33359336853 168.309191862742 162.43389248848 162.262658278147 163.241525491079 168.1809425354 183.282613754272 197.984834512075 207.071046034495 208.820899327596 209.082543849945 215.811789035797 221.40888373057 224.782824516296 228.576421737671 238.521456718445 241.904000441233 242.386281490326 243.413666884104 248.241106669108 253.398756186167 257.230858008067 270.622948805491 281.096776326497 284.529248873393 282.863040765127 280.223906040192 274.961272875468 275.091866652171
77.3353477319082 87.0101551214854 97.8931784629822 115.502168734868 140.03187417984 159.593979517619 179.918964703878 186.99183066686 187.670747439067 172.046462694804 143.356164296468 121.433198451996 124.387323856354 149.308701356252 179.453790187836 184.056480725606 190.808653831482 186.55385573705 175.270915031433 163.474241892497 156.491567691167 153.839528560638 154.080629348755 163.881778717041 174.063185850779 181.336283683777 184.887607892354 189.762731393178 197.134613990784 202.477514743805 207.711160182953 213.352521260579 219.874898592631 222.782135009766 223.856369654338 226.614058017731 237.942636013031 249.553879102071 255.475481351217 267.980615297953 274.504144986471 275.731146335602 272.97035853068 269.287367661794 267.082750797272 266.78212483724
64.7755712270737 56.5576652685801 49.5416720708211 57.8848123550415 65.8218661944071 83.3847026030223 112.346361080805 149.512479702632 183.552384376526 189.61489200592 176.541169484456 149.699399868647 119.164377450943 116.779873768489 141.843239466349 171.796441078186 189.620316028595 192.543228467306 186.793367067973 176.160057385763 166.425039370855 166.006644566854 165.471732616425 165.963759024938 167.205591996511 167.152285575867 171.680808067322 181.444684664408 185.653487841288 186.829745769501 192.545195420583 198.355952898661 199.711700280507 201.780041058858 204.908490180969 210.756500562032 223.362644513448 237.039526303609 239.864965279897 249.979615211487 256.82932138443 258.247017860413 257.355670134227 257.41175810496 254.792789618174 255.794882774353
61.1176341772079 43.8872178395589 26.0477960109711 15.8836046854655 10.5286488930384 9.05137943724791 29.234471420447 63.0449553330739 91.6595260302226 120.525618394216 153.823534647624 165.534436702728 155.409395694733 131.737232208252 130.747536818186 155.575146277746 175.853888193766 193.122148513794 202.726801236471 197.760701179504 184.652348359426 181.2677582105 177.507956822713 177.001078923543 177.070915699005 175.223787625631 177.925248940786 187.474171320597 187.789956728617 180.482884248098 185.727794965108 191.542387008667 192.996819814046 193.287134170532 197.888672351837 205.187380313873 211.612939834595 218.245049317678 221.971948941549 224.743048350016 230.781038602193 237.326482931773 243.676523367564 250.511050224304 246.860484282176 251.982192198435
73.0540454387665 40.2976125478745 18.0763204892476 7.47942614058654 3.63179513563712 0.895102663586537 15.4751352965832 38.567860921224 56.8293233712514 88.161031405131 123.894204696019 144.916951656342 162.475695212682 159.784615039825 143.738667170207 141.156375408173 145.193686087926 165.382037560145 182.285745938619 199.630816777547 201.440890630086 198.604563872019 195.488890012105 191.003104050954 187.852442264557 186.309456825256 187.433362007141 190.077443917592 186.289429664612 180.466055870056 183.334787686666 188.26953570048 188.195765018463 187.93785572052 192.441980044047 196.765224138896 197.610199451447 196.753084659576 202.206154664358 202.539463837941 209.085325400035 217.750132083893 224.402228991191 228.923539320628 231.024583180745 235.920230547587
63.2577935854594 40.5841221412023 16.7310709754626 3.70127645631631 0.441611395217478 14.1196039815744 29.2515208323797 42.9300119479497 56.3505838314692 72.7516313393911 98.5496838887533 134.661694367727 157.651921113332 166.70020421346 160.487860441208 139.786461989085 134.023010730743 136.8148624897 158.834169308345 184.091051419576 197.928706804911 196.300804615021 202.653050422668 198.380510012309 192.611495653788 195.41589419047 197.481731573741 193.439563115438 189.006964365641 190.882603327433 190.237283706665 189.532577991486 185.729881127675 183.689932028453 184.677938620249 183.948795000712 180.741389592489 176.271259784698 180.076499780019 182.650407155355 187.05411752065 193.611284097036 197.206735610962 199.099938074748 212.700545787811 219.277143478394
52.6183992624283 44.3531175454458 23.1628442804019 0.485728494822979 1.9711049584051 13.6271143953005 33.0705891052882 47.6488669713338 60.3021879990896 68.3097292979558 82.9415867726008 113.233417272568 139.325459798177 151.648918787638 158.792157967885 158.876200517019 153.87366215388 144.808580478032 136.644254128138 146.815061569214 171.882927417755 192.850112915039 201.686163743337 202.732642491659 195.859789848328 199.135680993398 205.461859703064 202.493906021118 201.356848080953 207.0285876592 204.28321758906 191.778441270192 184.877494970957 179.464439551036 174.254993597666 173.092981179555 167.909820874532 165.789316097895 166.918794314067 170.949061711629 173.590441544851 176.335056622823 179.885427157084 183.024783929189 201.800664265951 212.346533934275
47.7191855510076 47.3228643337886 36.5411763389905 4.20514183739821 5.46306123336156 23.2101380825043 41.5843079487483 58.7607224782308 70.5222388108571 77.280471722285 83.8490823904673 103.486349185308 124.777207771937 144.445955753326 159.086912870407 171.310941378276 174.587587515513 165.07543126742 148.825168609619 138.203809658686 147.148370742798 170.423090457916 182.347317536672 188.224991162618 199.293692906698 207.029541333516 215.013265609741 215.232809384664 214.069187641144 216.439445813497 211.07025941213 198.472162087758 188.625037670135 179.677943388621 172.143260637919 168.980836868286 165.826300779978 165.648221969604 165.396988391876 167.869766553243 170.499742031097 171.7675725619 172.189215819041 176.253358523051 188.860317071279 204.243163267771
53.4887164831161 59.8725974559784 58.7602605422338 23.9413355787595 17.1150242288907 40.9149179855982 55.7356129089991 70.0697253147761 84.1945906480153 97.0646142959595 104.716946681341 106.30323489507 119.683076937993 123.514264822006 142.257660627365 160.631656646729 166.909794012705 171.968738238017 169.92465655009 159.005910158157 139.628271261851 151.832322279612 161.735008160273 173.277199268341 187.449177106222 192.377209663391 195.252100626628 202.086746692657 203.047315279643 217.41110086441 209.590137004852 203.320185343424 192.855338255564 182.252128918966 176.511168479919 171.134034792582 169.457077980042 165.906399488449 165.33750295639 168.424487113953 172.81981309255 174.901703993479 173.739115397135 176.410297552745 178.602000077566 193.576574325562
57.8332990407944 60.356006026268 70.2473819255829 57.70576496919 43.5673048098882 57.282418012619 58.7545732657115 69.1719353199005 82.975556453069 98.5850791136424 106.645216544469 104.516605536143 106.202820936839 108.833849430084 123.453120390574 145.669360955556 155.246019363403 161.635607481003 171.084423859914 170.347054799398 165.937503178914 151.031335194906 152.563114960988 162.359078725179 174.052814642588 179.630279541016 183.343211809794 183.04173151652 181.542416413625 179.037849108378 187.750558058421 183.311502138774 193.467477957408 185.015261173248 180.195848147074 174.358944098155 169.913311799367 160.340527693431 158.037394285202 166.825413703918 174.06165599823 176.631093025208 179.734110832214 177.890380223592 174.771169821421 185.279250144958
