input/barkrak2/radiation/dir01024.grid
NCOLS 85 
NROWS 70 
XLLCORNER 665100 
YLLCORNER 4664600 
CELLSIZE 20 
NODATA_value -9999 
[rows 46 to 68 of 70, columns 0 to 51 of 85]
51.400567094485 52.9784858226776 55.6175808111827 57.5753400723139 57.3715964953105 57.2055826584498 59.1442286968231 60.9169403711955 57.66561627388 56.6953818003337 55.8472921450933 55.1225692033768 51.3079712788264 48.3774145444234 48.6899067958196 51.9655694564184 50.085445245107 44.7098314762115 49.7753471136093 48.7110863129298 46.2351938088735 47.3455289999644 47.7890322605769 45.4030086596807 53.214892745018 47.9961136976878 49.2918392022451 50.0798920790354 49.4630833466848 48.756663997968 47.7436433235804 44.3264146645864 43.6652054389318 43.4728761514028 45.9034343560537 47.3483900229136 48.4695881605148 53.6047319571177 54.086372256279 51.2471149365107 50.2488017082214 47.9883849620819 53.118035197258 57.3210120201111 49.2777228355408 23.992898563544 1.15988814892868 0 0 0 0 0
45.6242859363556 47.8722850481669 53.2132883866628 54.9777845541636 58.384249607722 60.0162744522095 58.0627620220184 57.8872859477997 57.972917954127 60.5265299479167 57.7721993128459 54.3619493643443 52.9077798128128 53.0327210823695 51.4134565989176 50.3398229678472 49.5977302392324 43.0641919374466 46.8202531337738 47.499010960261 45.3473975261052 45.7782546679179 49.4259943564733 44.3707853555679 47.9291180769602 47.9641010363897 44.0350870291392 47.1815566221873 49.1808702548345 47.7695614099503 48.9791929721832 48.0801612138748 43.4876084327698 46.1239963769913 55.7246208190918 60.7838481664658 55.236428976059 49.6214032173157 52.2262156009674 59.613953034083 53.8901388645172 48.3972678581874 54.9217114845912 59.7547441720963 54.4982651869456 39.0929828087489 9.45580129822095 0 0 0 0 0
39.0282620986303 42.1217381954193 47.1794058879217 50.3568748633067 56.8297952413559 60.1975421110789 57.3077946901321 55.6018551190694 59.612179795901 61.8757555882136 59.9497059981028 56.2689354022344 55.0675094127655 55.8772832155228 53.5959005355835 48.8382826248805 48.376202583313 43.6832507451375 46.4272995789846 49.6390511592229 48.9408373832703 48.9626228809357 50.7893562316895 48.2241213321686 46.999787290891 50.5179216464361 47.6708759864171 51.4473021030426 56.1007062594096 57.8879714012146 60.9240035216014 61.4232122898102 53.2723863919576 53.8005779186885 61.5170101324717 69.6181704600652 67.2285705804825 56.8381895621618 53.9417912562688 56.7847241957982 51.4066070318222 47.5088010231654 46.1770991484324 46.5029229720434 45.3539788722992 44.5914914210637 33.9687218268712 2.30795610696077 0 0 0 0
38.0640476942062 36.0680470863978 40.1684567332268 47.7454463640849 53.1757374604543 56.1836808919907 58.8456094264984 61.5127980709076 62.7840558687846 59.789647658666 61.7045760154724 61.7680996656418 58.4310591220856 56.370551387469 54.7752281030019 50.7700641949972 49.0510761737823 47.0204253991445 50.0496327877045 53.8900047540665 55.355633298556 54.6610504388809 52.2299110889435 52.5561273097992 49.5090981324514 52.3696690797806 56.4554234345754 59.7357799609502 65.5739804108938 70.9709326426188 76.4573514461517 77.4554709593455 68.0588732163111 62.1602833271027 61.6994599501292 70.4802274703979 73.2231239477793 67.7203088998795 56.653176744779 49.7206499179204 45.3635354836782 46.0512340068817 46.8001166979472 43.267697095871 40.0172273317973 40.2895882725716 26.7203624049823 8.14748679598173 0 0 0 0
38.2613812883695 41.5310735503832 45.0067222118378 50.9724169969559 51.3971547285716 51.8077413241068 59.4103634357452 64.4293626149495 64.4932985305786 64.1831656297048 64.0391409397125 64.1132046778997 60.7455968856812 56.5252602100372 56.6714952389399 59.8534494638443 53.1323303778966 53.2002796729406 53.9985001087189 58.4197143713633 59.4059328238169 56.6439727942149 54.4071098168691 54.5220921436946 49.3075946966807 54.7117094198863 59.2430730660756 63.6193305253983 71.3439534107844 77.5261223316193 83.4553837776184 86.0431094964345 79.6236991882324 66.5547202030818 49.5049605766932 51.4788577953974 61.2834095954895 68.353682756424 60.2955718835195 46.7066864172618 41.89599553744 46.5925832589467 52.0632614692052 49.4501938422521 44.7990347941717 39.9381046493848 22.7638656894366 11.9625578324 0 0 0 0
39.0112002690633 49.3131875991821 51.5393912792206 52.6292075713476 50.6333063046137 50.4554410775503 57.8311085700989 63.0988031625748 63.0053381125132 67.9903974135717 65.7620429992676 65.0300929943721 63.0189031362534 58.6390594641368 58.769037326177 64.0538036823273 58.4604839483897 56.0200164715449 54.2581677436829 55.9195876121521 55.6866228580475 54.739440480868 53.7040730317434 51.03600025177 49.4704097509384 50.8789469798406 53.9541741212209 56.9302886724472 61.2240781386693 71.9508727391561 79.1128476460775 84.7114225228627 78.3381958802541 59.7708423932393 20.2083749075731 19.7664697964986 26.3570298751195 53.5917083422343 66.4507498343786 64.5948151747386 59.684544801712 52.6699423789978 44.6114192406336 41.0217518607775 45.4174627860387 40.2354324857394 22.6620584726334 16.8834353486697 0.472204371665915 0 0 0
42.3672050237656 40.9234041968981 40.1195039351781 42.2800878683726 48.2035378615061 53.5180568695068 54.3041974306107 59.8330646753311 59.8614712556203 64.4912471373876 64.8063321908315 66.7770554622014 66.5124754110972 62.4190072218577 60.7027361790339 59.3240757783254 60.7994894186656 55.4872900247574 50.9146898984909 48.4756827354431 48.2181161642075 49.7784117857615 50.4950433969498 46.0906128088633 47.2027609745661 46.0388859113057 46.8333065509796 47.9464481274287 47.9617615540822 52.9693961143494 58.5270623366038 68.776398897171 66.6860739390055 38.9609684546789 16.3892519970735 9.29325011869272 10.0136498610179 18.0065768460433 43.9612666765849 57.8638265530268 65.1551435391108 52.9550015926361 38.9192774891853 35.629041492939 39.9437348047892 26.0782266656558 22.1359506249428 33.2503815491994 17.5933303932349 0.225052198705574 0 0
44.7669724623362 35.8638092875481 33.9233800768852 38.7130826711655 49.0972399711609 56.9717039664586 56.8870355685552 57.9750587542852 60.6073389450709 60.9542280435562 63.0742907524109 65.7495756944021 67.5206283728282 66.3492381572723 62.5228633483251 60.128445426623 62.7014835675557 56.2737087408702 51.8056799968084 52.3567199707031 51.8819789091746 50.2493679523468 48.395499587059 45.8075900872548 45.5641249815623 43.8369860251745 43.2063192129135 43.9493159453074 42.4224038918813 40.3837909301122 35.5871667464574 41.8900748093923 44.735461473465 23.1915588180224 17.9409806927045 10.1249478757381 2.4621436993281 1.37106965606411 8.7266235301892 23.7941443920135 46.6056664784749 45.9591249624888 37.0723456144333 32.7136814594269 21.9778120517731 23.0006277561188 20.9535285830498 39.4694084922473 46.676109234492 27.8811678290367 2.9256052027146 0
44.9764629205068 39.8890723784765 38.0562817056974 42.9936399062475 51.5793263912201 58.4142804145813 61.5776280562083 57.8421155611674 62.2705618540446 60.8904212713242 64.423660437266 66.067174077034 67.5577869017919 69.1283941268921 64.9789273738861 64.4754469394684 65.2147432168325 60.2795481681824 56.4728925625483 57.021697362264 57.0459316174189 53.6096294720968 51.3114680846532 51.2199153502782 48.9487747351329 47.8678494691849 44.9109127124151 41.1872987945875 39.0716542800268 35.0581457217534 27.8368145227432 32.6445549726486 39.8291399081548 42.0063237349192 40.1805887619654 29.882734020551 10.8897263805072 2.52119482805332 1.59470659370224 6.30744360387325 20.2249822517236 24.2062509059906 20.5338969826698 15.0233531991641 14.7849631806215 19.8657338817914 21.6961329181989 29.6728760004044 42.6888217528661 46.8237896760305 29.4639741381009 1.29722679654757
47.9539930820465 46.5757101774216 43.3274606863658 42.3009892304738 47.8866398334503 57.8664392232895 59.3978265921275 57.5963258743286 59.4205359617869 64.5859887202581 70.5063243707021 71.2363471587499 69.4645543893178 70.2145497004191 68.2063500086467 68.2946145534515 68.3078467845917 66.2582317988078 62.2156063715617 58.7617456912994 56.2487244606018 55.135041475296 57.0958604415258 57.9485843578974 55.3297152121862 52.8199970722198 46.003724137942 36.9055594007174 31.4396594961484 29.7438825170199 29.952975610892 36.2693592905998 43.7487065792084 54.7922700643539 59.836819767952 58.2112371921539 44.2057847976685 29.8838863770167 18.1512373189131 5.65863276521365 10.5940215289593 19.8380028208097 20.3773801525434 14.9593291183313 14.6950967609882 30.0701359907786 48.3916848897934 42.0410831769307 37.0770941178004 42.6515489816666 35.0443770488103 7.99355531732241
50.4140903552373 49.8134593168894 48.7584968407949 45.5397715171178 46.7789024114609 55.4056068261464 57.2699109713236 57.5844546159109 57.6821118593216 66.5819197893143 74.2814540863037 73.0748474597931 68.7678257624308 71.1164325475693 72.5606133540471 67.2843058904012 69.4229851166407 67.1500464280446 63.1719926993052 61.0918700695038 59.828594326973 60.5296492576599 58.1545531749725 55.4491579532623 53.51755519708 48.8298336664836 32.3296363155047 5.83940061430136 4.79459824661414 17.342172563076 27.6514068245888 32.9751123984655 41.978786389033 49.3391801913579 59.8586350679398 63.8234317302704 64.0147030353546 54.7871689001719 43.2179669539134 24.4358231623967 12.1433349947135 19.9570655822754 39.1436740756035 39.4956668217977 32.9456329345703 50.8238921562831 74.1049945354462 64.0546133120855 43.1830734014511 31.2874739368757 15.3507192929586 9.14825312793255
49.3435710668564 47.4878499905268 50.9771754344304 51.9677400588989 49.7044821580251 52.298237880071 57.3719441890717 58.3284993966421 58.648814757665 66.3376301527023 72.7547407150269 71.1521605650584 66.9169823328654 70.1570759216944 73.7715264161428 64.7664020458857 66.4373089869817 64.90092476209 63.9501512050629 64.4039909044902 65.7911350329717 66.5967961152395 61.2597266832987 55.2403330802917 54.04199163119 50.5488018194834 34.8679572343826 17.5937538345655 17.0452619592349 23.3998174468676 33.5865343610446 36.8500699599584 50.789475440979 60.2856427431107 71.0234542687734 64.5089795192083 61.0704074303309 23.9172205328941 24.3761862317721 24.9532187978427 30.0422857205073 39.1334146261215 45.1238453388214 23.3542770147324 18.0956025918325 22.0353528857231 48.7704575061798 50.8775413036346 38.7306362390518 30.0767173369726 22.9878723621368 16.5722630918026
38.8433064023654 45.9072838226954 49.1638779640198 51.8121620019277 51.9234836101532 48.8373388846715 57.4211229880651 61.0596835613251 61.9461834430695 66.8733914693197 69.0112809340159 68.4722363948822 67.9084161917369 66.6403820117315 67.9055551687876 64.5811309417089 61.4861349264781 64.8320615291595 66.8743054072062 68.8328991333644 70.7027266422908 66.344012816747 65.6708578268687 59.254730741183 57.2699159383774 57.2336415449778 52.4987876415253 46.4414407809575 45.30997077624 46.5901444355647 43.2064036528269 42.9714371760686 61.0448569059372 71.9618399937948 52.2277454535166 47.5980589787165 28.7236546476682 12.4242641031742 4.70448130120834 11.0997011264165 10.9382073084513 38.5972335934639 47.0576584339142 40.1820341746012 28.509388367335 29.720534880956 42.8390006224314 47.0472574234009 44.4241811831792 38.1058007478714 32.1383898456891 31.2206298112869
30.0083011388779 43.5809393723806 47.246053814888 50.0831802686056 52.954763174057 49.3640154600143 53.1350672245026 60.237318277359 70.5485492944717 71.9665189584096 67.5397415955861 65.5120511849721 67.3741598924001 67.0258849859238 67.0987367630005 64.7359391053518 61.5573575099309 63.8144910335541 62.5017980734507 60.4233543078105 61.7101391156515 62.072346607844 60.7605824867884 60.5263461669286 61.7451469103495 65.4072711865107 72.6801951726278 75.4876832167308 62.9200836022695 57.2918355464935 46.9538420438766 42.9496268431346 49.0380674600601 50.5241105953852 20.7856930792332 14.5080511768659 13.7591970463594 8.22422094643116 0.891245746364196 0 0 12.9381616910299 42.2063072522481 65.6993091106415 70.8128710587819 65.1988387107849 62.8004719813665 62.7736300230026 62.8702094157537 52.3288249969482 41.9266323248545 51.956574122111
31.7682400345802 40.866419672966 47.7127134799957 49.9322960774104 51.5516499678294 51.8258064985275 46.5206454197566 55.7380716005961 74.8531272013982 73.6209948857625 65.9121374289195 62.3654921849569 65.2665048837662 68.9396311839422 68.1057771046956 65.0537113348643 64.0843510627747 62.0189805825551 55.8505654335022 49.0259031454722 49.2069323857625 52.8656939665476 54.45363620917 57.4405292669932 58.4767411152522 65.8156971136729 81.5735111633937 86.8034064769745 67.0091062784195 55.9302518765132 46.9359656174978 34.6493721008301 37.5023235877355 39.0526006619136 19.2815698683262 10.7793137431145 11.7302462458611 17.0683699349562 10.036600753665 1.33153206358353 0 2.75709200650454 21.0331380367279 45.8482752243678 48.7453142801921 49.8596429824829 47.5138276815414 48.5058228174845 54.1527320941289 48.0353385210037 48.6077864964803 81.5924803415934
42.5255447626114 45.4036891460419 47.5267469882965 44.4282641013463 39.0918602546056 35.6568371256193 43.1464612483978 48.2324659824371 57.6630135377248 53.8150171438853 50.5386491616567 55.9093008438746 63.9746139446894 66.0448124011358 62.0665848255157 64.1358494758606 64.4493103027344 58.9713553587596 51.3973981142044 46.5584496657054 45.9687213102976 46.3618338108063 50.3506908814112 53.8780242204666 54.8686037460963 59.1754714647929 73.0580886205037 79.385628302892 67.4843142429988 52.9309809207916 45.5442617336909 31.2730794151624 24.5572775602341 42.327215274175 39.0450482567151 18.3929242193699 18.3252257605394 41.3586820165316 43.2664006948471 29.8410654067993 6.80919115742048 3.83345192919175 12.1541917324066 19.0552038451036 17.8531681497892 19.4952425857385 21.9035396973292 24.1122295459112 25.1572032769521 41.1313648025195 61.7546786864599 114.080309867859
53.4382363160451 50.2474904060364 46.628882487615 40.0204534331957 30.8180699745814 25.1116678118706 33.5056458910306 34.4537571072578 25.3153095642726 24.4372586409251 36.2326254447301 46.4232514301936 52.6256213585536 56.6892127195994 59.7212960322698 69.5536434650421 72.4962949752808 64.1856044530869 55.9550523757935 52.5997678438822 50.4328856865565 49.6696382761002 50.6274700164795 51.0650624831518 49.9661763509115 55.6401709715525 62.873770793279 65.4698510964711 59.5273673534393 41.066142419974 41.1623194813728 36.274179816246 32.2076926628749 50.4403561353683 56.8673610687256 45.2270209789276 35.5687687794367 22.0369249582291 30.5799345175425 33.0394804477692 23.2104733586311 10.1322047412395 11.8407731254896 12.3181852201621 7.21605122089386 8.09758342802525 15.4641295472781 17.4755578239759 18.4964699049791 41.4070412516594 86.6873065630595 129.71431016922
56.181862950325 49.7897366682688 45.1947003602982 41.5642857551575 34.7887873649597 29.2055482665698 25.0611528754234 20.6879551211993 6.33535285790761 14.0903654197852 30.1485036810239 41.767363746961 41.4644156893094 48.9928325017293 61.9170268376668 77.8047889471054 83.1428915262222 76.2929519017537 68.0272181828817 64.2150392134984 58.813750743866 57.5636923313141 56.8155199289322 51.6556153694789 48.9140351613363 50.0873575607936 52.0974497000376 52.6814758777618 48.4077036380768 34.5499664545059 33.0925409992536 34.5393816630046 28.9159417152405 48.6650963624318 72.6762115955353 75.7799943288167 50.6043235460917 16.1489173769951 12.8865564862887 18.0565714836121 18.4754754106204 16.2420012056828 17.3324582477411 16.4404238263766 9.80141448477904 6.66665596266588 12.6456978420417 20.0362677375476 29.6731069684029 54.3469389279683 117.737750212351 148.778756459554
58.5631430149078 53.3806383609772 52.095353603363 53.1083842118581 49.9678502480189 43.9060032367706 39.0386308232943 39.4399911165237 38.2126569747925 43.7299509843191 51.4649699131648 57.1096887191137 57.3198149601618 52.603950103124 62.6221547524134 78.2886246840159 88.3718132972717 88.6404414971669 81.4822018146515 71.9699859619141 66.2752985954285 61.5686674912771 59.9418580532074 60.8256757259369 53.3331334590912 42.9442475239436 40.7836561401685 44.6005960305532 41.5681526064873 40.996178984642 23.3612358570099 19.0817092855771 15.6708968182405 25.8450011412303 79.5578261216481 89.737594127655 57.7000478903453 19.8911403616269 7.80234858393669 7.88271054625511 10.8035939435164 8.88731765250365 18.3453199764093 26.4851401249568 32.3500980933507 17.7031631271044 15.233168999354 35.3260487318039 60.3288114070892 104.28257783254 136.450509230296 149.503886699677
59.3543102343877 56.656688451767 56.7598889271418 58.1622024377187 57.6707820097605 54.0703684091568 53.8255671660105 61.5085363388062 77.574888865153 73.5605011383692 64.8912539084752 65.7740632692973 71.8096892038981 59.7575058539708 60.813640554746 68.9767350753148 77.2323360045751 84.8590036233266 85.5703552563985 78.7957360347112 73.1910566488902 66.8625036875407 63.3978247642517 59.7065935532252 55.3377171357473 43.2115395863851 31.0417165358861 33.360148469607 35.7506821552912 18.589669217666 13.80297417442 11.9836342831453 7.63451432188352 7.64683944483598 73.9444593588511 91.2040670712789 72.0168848832448 59.6997539202372 28.8322617610296 3.87733895331621 0.328217206212382 0 10.1250093430281 35.726269086202 41.8973217407862 32.6222305496534 31.3291400671005 53.7781417369843 110.388278961182 154.514630635579 147.720813751221 135.462502638499
58.5716068744659 55.2303294340769 49.7757792472839 45.2446242173513 45.4993347326914 47.4809904893239 47.5306808948517 59.3559443950653 69.5194701353709 64.3121004104614 54.8837333917618 54.7873725493749 66.3412710030874 61.2971931695938 57.6937993367513 56.7033191521963 57.9388638337453 64.6633058786392 74.7620761394501 79.0135463078817 74.8014946778615 68.98333132267 61.9299113750458 57.5313369433085 49.4828323523204 43.8449482123057 30.5309742689133 19.981453816096 31.7796816428502 28.9491564035416 13.7851672867934 8.85445189972719 2.41146438444654 0 0.235783964550743 81.2911589940389 88.2142186164856 98.973294099172 80.5550913016001 32.1079939603806 3.12742218375206 0 3.19702954341968 19.2047481735547 47.353540857633 66.8940146764119 87.6649816830953 137.828449408213 178.419172763824 188.65180015564 173.325737317403 140.897373358409
60.7180446386337 58.6516708135605 52.8630713621775 46.1718291044235 44.6594605843226 47.3648409048716 39.9536490440369 37.2275114059448 38.9072448015213 35.6919765472412 28.7758931517601 26.4762490987778 30.1551868518194 48.5548079013824 55.3775280714035 49.7085948785146 39.2505849401156 35.2048873901367 46.8845466772715 67.0806070168813 68.8958565394084 63.4158800045649 56.7505856355031 53.3496042092641 46.4134713013967 40.8232758442561 34.2819541692734 13.8570492466291 20.6708150605361 37.5373363494873 19.7919731338819 12.8420814871788 5.05694498618444 0 0 60.7866148153941 101.018736759822 115.49769838651 102.038045724233 72.7991759777069 39.7732133666674 10.2666902045409 6.4801350235939 25.2696300546328 56.6179653008779 119.634409745534 160.565902789434 191.028793652852 199.947039286296 199.239790439606 189.487258593241 160.758525133133
62.4042054017385 62.3254428307215 59.7812781731288 56.2681009372075 54.3732494115829 53.6075780789057 38.5112563769023 24.7028941909472 25.0128681461016 27.2474909822146 24.5722383260727 21.9258616367976 23.1327960888545 44.547771414121 58.1792096296946 48.8295654455821 30.1259110371272 18.3795417348544 21.7715253432592 37.6514668265978 47.8103409210841 50.9030719598134 51.5778909126917 44.6274975935618 39.6375531951586 35.2883487939835 20.834503074487 7.75437615811825 12.4344577391942 40.7274092237155 49.510399500529 42.5246010224024 22.7873995900154 0 0 39.3184671799342 94.4537818431854 102.70361105601 83.4696491559346 80.4255952437719 85.3888789812724 69.9022064606349 47.8236029545466 62.6268933216731 114.732166131337 159.622967243195 182.857175668081 193.871239821116 195.635815461477 193.258364995321 188.257495562236 165.965586900711
