input/barkrak2/radiation/dir08624.grid
NCOLS 85 
NROWS 70 
XLLCORNER 665100 
YLLCORNER 4664600 
CELLSIZE 20 
NODATA_value -9999 
[rows 0 to 19 of 70, columns 0 to 45 of 85]
232.357243696848997 246.871948242188 261.475702126821 278.451800346375 285.938938458761 285.348256429036 276.595850785573 270.622134208679 273.115475972493 273.829619089762 273.661573727926 275.775551795959 275.633931159973 276.248772939046 278.497417767843 270.95756928126 260.862767696381 249.919931093852 244.84129746755 234.225829442342 227.210760116577 238.993505636851 264.878670374552 270.885626475016 273.93114566803 282.716751098633 279.437760512034 267.457326253255 251.366674900055 248.33349386851 244.630455970764 262.655059496562 301.763733228048 301.009913285573 299.784938494364 284.739593664805 291.259825229645 305.477897326152 300.044894218445 302.394330501556 285.919884840647 286.66353225708 296.998182932536 299.09082253774 293.661375840505 294.837315877279
211.368680000305 228.513280550639 243.334035078684 261.229932308197 272.069295247396 275.583485762278 271.944562594096 270.959754784902 280.208150545756 278.638521830241 274.734020233154 275.234162807465 276.576519012451 277.783612410227 277.566810448964 270.166277885437 265.70188999176 257.985234260559 253.513594468435 240.192711353302 241.671601931254 257.755100727081 276.820500691732 278.469562530518 283.415039380391 287.951111793518 281.051635742188 269.921620686849 256.167193253835 249.984542528788 250.831464926402 275.869727134705 301.727672417959 301.153620084127 299.36412970225 285.731355349223 293.206175168355 303.009549776713 298.372467358907 301.154096921285 295.011043548584 288.72803846995 290.276527404785 292.002320289612 291.336536407471 295.869469642639
174.124042193095 187.430302302043 200.198650360107 213.210542996724 226.031939188639 236.37068271637 245.873351891836 258.804698785146 269.824783007304 269.185026486715 267.391681671143 271.837751070658 281.183918317159 285.16964117686 282.883326212565 287.395318349202 289.167980353038 281.763752301534 267.506241798401 257.028798262278 262.746135393779 271.078109741211 278.2195409139 279.673298199971 285.653432210286 284.273723761241 276.78261200587 269.019822279612 260.096033414205 256.641447544098 263.087431589762 289.001941680908 298.408925533295 300.075689951579 299.036383628845 292.189061641693 295.341769854228 297.558029492696 299.046297868093 300.386627515157 295.163412888845 283.657173315684 275.462726751963 278.168201446533 287.988921006521 295.581539471944
154.802540938059 156.484683354696 164.873043696086 172.223289807638 178.644279638926 184.433956940969 192.295491695404 208.747704823812 229.325155417124 246.335665384928 258.219838142395 272.99161752065 284.277816613515 288.441816965739 290.091137091319 294.501105944316 292.994300524394 284.180124600728 270.806570847829 265.068888664246 263.629058996836 262.372374534607 272.769868373871 275.880614916484 277.696390946706 279.315412044525 275.866826375326 271.048903465271 268.199702103933 268.245100975037 268.884857495626 293.517649173737 298.267324765523 299.469570318858 297.978202501933 298.701961835225 299.014767011007 298.907339572906 300.015012423197 294.60871219635 284.363051255544 273.778597513835 269.437034924825 283.045331637065 299.781163533529 294.610540072123
177.386899789174 160.409023364385 147.286385297775 138.254135847092 140.970468521118 157.980968554815 179.827968279521 191.169619560242 202.001889546712 210.010886192322 232.297718524933 255.720476309458 270.329594612122 277.63827641805 282.91924794515 285.947382450104 280.231515566508 270.793914794922 266.494572162628 265.056550502777 260.177115599314 258.573333422343 269.414325555166 272.810359795888 275.040626525879 280.592183272044 277.521987756093 273.247142632802 270.626803239187 268.595735232035 273.328026135763 298.503299554189 298.782547314962 299.70649878184 294.668614864349 296.499947706858 299.332519372304 298.693776130676 291.977981726329 286.140223344167 283.378799756368 277.879238128662 279.663344224294 289.21647866567 293.325463930766 280.503153800964
222.161014874776 193.467915058136 164.820382992427 140.685240427653 131.861835718155 142.898261547089 169.404705365499 187.644998232524 192.230820655823 191.878855228424 202.799240748088 217.521468798319 228.008409341176 234.467168649038 243.646780649821 251.877824465434 253.128468990326 255.275368690491 261.925796667735 267.602662245433 267.4467364947 270.779550075531 272.680322329203 272.408962249756 275.553007920583 280.709048112233 279.316743214925 276.55553817749 273.533721764882 272.586087385813 285.856982072194 300.275385379791 300.055086612701 299.856821695964 294.299344221751 292.033672332764 295.159459114075 293.3243115743 284.417033195496 286.415696144104 284.717043240865 280.579507350922 282.001078128815 282.691756884257 276.84756120046 255.076348781586
245.951990286509 220.515827337901 198.869824409485 176.721056302389 154.970506827037 141.195674737295 149.314035971959 179.636637369792 194.28296883901 202.888945738475 199.763635794322 194.364329179128 189.931452274323 185.277024904887 187.625825405121 204.047381877899 217.380503813426 237.476309140523 256.530344486237 268.834312756856 273.38171005249 275.184313456217 275.363922119141 273.261348406474 275.100767612457 277.581632137299 279.663284619649 278.851727644602 275.201439857483 279.553214708964 291.530768076579 298.874855041504 298.650483290354 296.408752600352 293.662965297699 286.699016888936 287.65610853831 283.100227514903 280.92881043752 278.987050056458 273.587584495544 270.586391290029 275.386611620585 279.139081637065 268.455664316813 258.175035317739
256.911853949229 245.74069182078 233.052730560303 216.157118479411 191.742062568665 160.150418678919 137.621134519577 137.657562891642 173.215270042419 200.201193491618 208.725372950236 204.267561435699 195.30200958252 184.40181016922 170.713464419047 174.378951390584 187.873502572378 205.528616905212 230.601847171783 251.166085402171 263.28710714976 270.502686500549 277.00811624527 274.283289909363 272.785226504008 272.528390089671 273.383299509684 273.494025071462 273.151119550069 281.41184647878 290.632843971252 294.485847155253 291.677912076314 287.063161532084 282.0752064387 278.957684834798 281.350036462148 275.38267771403 268.706540266673 257.93202718099 258.734703063965 268.281936645508 283.076763153076 290.147046248118 280.412832895915 276.998519897461
248.792827129364 249.151209990184 244.346499443054 235.066175460815 220.665494600932 196.526169776917 163.901646931966 134.182641903559 148.692786693573 172.581156094869 193.356454372406 204.480230808258 206.937531630198 204.001526037852 190.738658110301 182.335615158081 179.543515046438 184.427320957184 199.729720751444 217.597961425781 234.862367312113 249.637881914775 259.898205598195 257.5297554334 259.290377298991 259.430905183156 260.254502296448 261.516014734904 263.227025667826 272.439281145732 278.138518333435 278.178791205088 276.206612586975 275.849918524424 275.438904762268 276.344875494639 275.555392106374 271.886607011159 263.95179828008 259.360373020172 273.159444332123 285.763164361318 293.045083681742 293.674369653066 281.104564666748 275.471170743306
216.490884621938 227.074821790059 232.358435789744 232.372621695201 229.109744230906 224.052309989929 205.738206704458 185.307820638021 152.929385503133 143.06844274203 156.837483247121 183.881302674611 207.240303357442 219.013472398122 220.029751459757 210.420608520508 194.379289944967 188.733061154683 187.137285868327 190.74277083079 200.35191377004 209.312558174133 219.98272339503 228.617032368978 238.042632738749 240.957299868266 242.121696472168 243.205984433492 245.600024859111 252.618809541066 254.05482451121 254.965980847677 261.520425478617 266.023278236389 268.564422925313 269.472857316335 268.033544222514 270.061393578847 263.885895411174 269.343018531799 287.59374221166 295.054276784261 296.430210272471 293.615619341532 279.955923557281 274.738351504008
158.321758111318 173.892716566722 188.558479150136 200.307627518972 210.753778616587 219.22641992569 220.395982265472 213.74124288559 183.870275815328 156.645486752192 141.820222139359 149.349242448807 178.627928098043 206.596553325653 222.860217094421 212.266008059184 203.750689824422 195.791105429331 186.311622460683 180.527806282043 181.027551492055 181.852042675018 186.523675918579 200.789312521617 215.203245480855 223.594705263774 225.713014602661 226.206580797831 232.248465220133 238.0757133166 240.877310434977 244.562268257141 254.143138726552 258.255084355672 258.390963077545 258.811374505361 263.152023156484 267.932534217834 267.889221509298 280.722081661224 290.936470031738 294.563452402751 294.337173302968 291.612724463145 284.319519996643 284.288843472799
112.032910188039 118.432382742564 128.101716438929 141.932388146718 160.488506158193 178.075035413106 197.881897290548 204.733073711395 205.406387646993 190.248390038808 162.088046471278 140.834758679072 142.918189366659 167.745669682821 197.342971960704 201.938529809316 208.631654580434 204.64942852656 193.165957927704 181.619604428609 174.817363421122 172.568043073018 172.794063886007 182.451128959656 191.889226436615 198.906381924947 202.327390511831 207.04327027003 214.477916558584 219.650129477183 224.700887997945 230.270266532898 236.679414908091 240.193466345469 240.232050418854 243.237276871999 253.336071968079 264.220515886943 269.35875415802 280.712882677714 286.726673444112 288.369178771973 286.066790421804 282.452424367269 278.866191705068 278.257012367249
83.9722454547882 80.9684197107951 80.2993476390839 90.6431376934052 100.675006707509 119.95588739713 147.240400314331 170.605560143789 201.427539189657 207.286020119985 194.630662600199 168.339411417643 138.581732908885 135.446021954219 160.48663854599 189.908643563588 207.195778687795 210.386395454407 204.868137836456 194.041530291239 184.555470943451 184.163331985474 183.644235134125 184.519410133362 185.592552026113 185.130914052327 189.558625221252 199.054678281148 203.125615914663 204.617877801259 210.180620352427 215.900441010793 217.346628506978 218.623558680216 222.176134586334 227.799395720164 240.000685056051 252.891818682353 256.242314974467 264.578104019165 271.530946095784 271.942098935445 271.056612332662 271.902402242025 267.999112606049 268.570363521576
81.1685075362523 56.0830930868785 38.6719430486361 30.5544709165891 28.8009916742643 31.3426082332929 47.1466432015101 81.7935715119044 120.467374722163 167.95814037323 197.670380274455 205.00902334849 182.70734945933 155.062059561412 152.054051558177 178.68580420812 197.460611661275 212.526440620422 220.202187697093 215.49524863561 202.29701201121 199.019134044647 195.372502009074 194.882750511169 195.255080858866 193.344930807749 195.664922396342 204.924046993256 205.192605654399 198.131601015727 203.660527865092 209.357380867004 210.169355074565 210.450867811839 214.886029561361 222.585082054138 228.89377673467 235.201497872671 238.575319449107 241.120020548503 246.747334798177 252.888917922974 259.706616401672 264.899889628092 260.987877845764 265.785654385885
92.1328564484914 56.0362835725149 29.6059598525365 16.0616872211297 9.19674523174763 11.7660289009412 28.1432047486305 52.0320584376653 72.4785178899765 109.794865051905 152.314722537994 191.454231739044 203.254024187724 198.024491469065 176.385919253031 169.491211573283 177.516559759776 195.739487806956 215.605537096659 225.845019022624 223.285694917043 216.243704160055 212.766269842784 208.450158437093 205.38067817688 204.137583573659 205.461621284485 207.451164722443 203.689376513163 198.096811771393 200.939377148946 206.238090991974 206.20459318161 205.281416575114 209.638635317485 213.804284731547 215.42630592982 213.650564352671 218.928118546804 219.903767108917 225.394904613495 233.651181062063 239.95045820872 244.906485080719 246.414681275686 250.723322232564
81.811452905337 55.7755380868912 26.4532417058945 8.60995923479398 4.39341800908248 25.2430488665899 42.8634782632192 56.5888384977976 70.0058539708455 92.2786394755046 120.335717995962 160.802235205968 184.105734030406 190.286080042521 188.172936439514 163.383136192958 158.564964930216 162.465989589691 184.685269991557 211.446026961009 230.292201042175 226.081689198812 226.849397023519 219.186981519063 212.336977322896 213.182310263316 215.185244878133 211.20548248291 206.549604733785 208.17506313324 207.622607549032 206.944584846497 203.79243294398 201.164603233337 202.128688494364 201.426088809967 198.99175564448 193.83164246877 197.56015141805 200.063467025757 205.003658930461 210.541645685832 214.013576507568 216.47447347641 228.605349858602 234.831849733988
68.7767267227173 58.0077469348907 32.0796718200048 3.33616758386294 7.02430121600628 29.8134336868922 47.3770300547282 61.6776247819265 77.1827201048533 87.3749852180481 105.467955271403 137.74698972702 166.863123575846 176.784118016561 184.157331784566 186.360081036886 184.156517187754 174.92663860321 167.711039384206 177.997390429179 201.610167821248 220.266024271647 227.110068003337 226.508955160777 220.715721448263 221.54692808787 225.497364997864 221.301337083181 219.174603621165 224.154273668925 221.133828163147 209.105590979258 202.440857887268 197.726527849833 192.631999651591 190.886716047923 185.82687775294 184.325893719991 184.745272000631 188.6860926946 191.253860791524 193.796038627625 197.260657946269 200.313488642375 218.299210071564 228.362838427226
61.687911550204 61.9352459907532 48.7131029367447 11.4120443662008 11.6442553699017 35.4647189378738 54.518868525823 74.7885157664617 88.2089237372081 97.0097482204437 103.548546632131 123.514662186305 143.014589945475 163.004179795583 178.878307342529 192.688961823781 199.026544888814 191.912213961283 178.522487481435 166.337778170904 177.942633628845 205.182433128357 213.67210149765 219.290196895599 222.312569618225 231.087545553843 237.297455469767 235.931913057963 234.043717384338 235.473036766052 228.667656580607 215.769410133362 206.120451291402 197.405596574148 190.505027770996 187.406500180562 183.803180853526 183.618386586507 183.91207853953 185.679078102112 188.236355781555 190.135657787323 189.765652020772 193.688829739889 206.751505533854 220.660388469696
65.5496617158254 72.6186682780584 72.071964542071 36.1100484927495 27.2506425778071 52.4918884038925 68.8409904638926 86.8771175543467 102.750221888224 115.485171477 122.34232823054 121.051530043284 131.737609704336 143.699775139491 160.860190788905 174.549003442129 188.436269760132 197.431981563568 196.086247762044 182.526032129923 166.030118862788 177.382747332255 187.215765317281 196.906685829163 216.376860936483 227.297484874725 237.153708934784 242.612500985463 238.558034102122 237.182895342509 229.235013326009 221.658925215403 210.912883281708 200.297633806864 194.774389266968 189.482271671295 187.941590944926 183.873891830444 183.330635229746 186.890800793966 190.490563710531 192.531843980153 192.057649294535 193.796078364054 195.944309234619 211.40068769455
70.8270569642385 73.6541052659353 84.2835704485575 73.1796423594157 58.4902067979177 70.0429926315943 73.0612277984619 87.8424644470215 102.108061313629 113.457183043162 122.264156738917 117.099732160568 116.781135400136 122.742036978404 140.019953250885 160.075853268305 169.550995031993 179.855565230052 188.112477461497 191.751917203267 184.116005897522 168.778618176778 172.434171040853 183.561146259308 195.131262143453 204.619189103444 207.384983698527 208.76681804657 208.069225152334 215.267697970072 228.670378526052 221.573313077291 211.899975935618 203.599830468496 198.30197095871 192.672848701477 188.329915205638 178.997139135996 176.184157530467 185.387988885244 192.505458990733 194.207787513733 197.232127189636 196.219682693481 192.16775894165 203.372736771901
