input/barkrak2/radiation/dir02824.grid
NCOLS 85 
NROWS 70 
XLLCORNER 665100 
YLLCORNER 4664600 
CELLSIZE 20 
NODATA_value -9999 
[rows 22 to 43 of 70, columns 0 to 50 of 85]
50.1326620578766 43.6375687519709 22.1860458453496 15.2672616144021 11.5952243407567 4.21403845151265 9.18168947100639 7.11472518742085 6.12162736554941 5.18989159415166 12.741819024086 14.1851057608922 15.5998344222705 16.378503292799 17.0451601346334 21.3681980967522 30.7924350102743 40.2260472377141 47.0339904228846 49.3024488290151 52.3974498112996 66.0016040007273 78.3313612143199 83.4953188896179 83.2948684692383 77.7542839447657 70.5420325199763 64.5311872164408 63.9958033959071 43.8731710116068 24.0588933229446 10.838778068622 0.171117950230837 0 0 0 0 0 0 0 0 0 0 0 5.89744870861371 10.96078256766 13.4026197095712 14.834888279438 17.918107410272 19.2740634083748 19.9172993501027
82.6117197672526 71.7142820358276 38.2356991370519 20.34792304039 15.1136939724286 19.3403226633867 19.7806023061275 8.13480342427889 5.31557264427344 4.92709719886382 15.200766424338 16.4070042471091 19.2060793439547 25.6180291374524 22.262434164683 22.0893149574598 29.7157143553098 39.0570685267448 43.660228451093 36.9734714428584 36.3790392875671 40.7613168160121 52.1780947844187 62.3871038357417 69.7904924551646 69.9217170476913 65.146138270696 54.2642374833425 36.2440273165703 17.3906447986762 12.6289092004299 4.98627219349146 0 0 0 0 0 0 0 0 0 0 0 2.81896690527598 5.11657198270162 4.57499331484238 7.64682764808337 9.27306711673737 12.5994371871154 18.3961888154348 16.9169840713342
82.1415732304255 77.9697398344676 55.364653468132 25.3099178274473 9.06022886435191 18.6935104429722 18.6327993869781 17.1325628956159 11.6027345259984 6.67140384515127 5.0812295327584 14.8165362576644 17.3253752291203 22.8961234291395 21.9803055127462 22.2367122769356 27.0023470123609 36.0550880432129 42.662650346756 36.2587769826253 35.0331986943881 31.869408984979 39.6628777186076 48.4000047047933 52.7736892302831 53.8953840732574 51.0897139708201 46.1535702149073 23.9961768190066 11.6083783408006 6.87224107484023 5.08537050336599 0.000538100304462811 0 0 0 0 0 0 0 0 0 0 7.7330656349659 3.13814729452133 0 1.33429312457641 4.15424071252346 5.69384420911471 8.93564832707246 8.8804451127847
68.8032557566961 73.336531718572 66.1397079626719 35.1534535487493 9.01498397191366 18.6308100819588 26.0655308763186 34.1541965802511 32.8129107753436 26.521106561025 21.7335174481074 24.0441312392553 23.8596002260844 29.3182482322057 29.2418971657753 24.6768568952878 26.1585861444473 36.4475399255753 42.1785612901052 44.8538511991501 45.7475384076436 41.6260759035746 38.6582886179288 39.4032324353854 42.2055671612422 44.4518178701401 40.7876720031103 41.5240774552027 25.3813316424688 20.7141761978467 17.399492363135 21.3713695605596 15.4953189194202 0 0 0 0 0 0 0 0 0 0 1.42754334956408 0 0 0 0 2.83946904043357 2.47290885696808 2.16266311084231
67.4624343713125 72.6899156967799 70.4432725906372 44.7044471899668 21.1220135291417 31.4814647038778 45.0042635202408 52.9596855243047 60.3253692388535 53.8118183612823 36.7289905746778 39.3663917978605 36.8663395444552 40.75059791406 39.018340408802 31.4632480343183 28.8165956735611 38.0033006270727 45.1713701089223 56.5154502789179 56.8674703439077 53.7381668885549 46.182855963707 41.6460707783699 42.1161105235418 44.603834549586 40.2368431289991 47.59614666303 44.5326169331869 43.108214934667 48.0829427639643 65.7621671756109 74.1504828135173 53.1397958596547 0 0 0 0 0 0 0 0 5.53603408237298 0 0 0 0 0 0 1.10569992102683 1.08213870165249
68.9694235722224 67.8699016571045 68.0069128672282 50.8099645376205 46.7760463555654 53.2452116409938 65.9624884525935 68.9320713281631 71.9103813171387 65.8928255240123 47.109509507815 42.7855352560679 43.3502495288849 40.4403085509936 42.7798579136531 40.2529189984004 35.5555216471354 42.1466529369354 53.0236115058263 58.9418013890584 56.3868135213852 49.2637703816096 46.9758957624435 47.6035575071971 48.2730120420456 48.9183018604914 46.6686586538951 57.1433206399282 73.8981018463771 78.5159965356191 83.0045292774836 90.2687907218933 101.093639930089 108.172327280045 62.3719990253448 0.0950920608981202 0 0 0 0 0 3.90538014471531 5.74130813280741 0 0 0 0 0 0 0 0
71.9908326864243 61.1577332019806 61.7646376291911 53.7392050027847 66.1785552899043 65.5705730120341 68.2982305685679 63.5379503170649 61.5411003430684 48.3988424142202 43.3010160923004 38.4086817502975 37.8430038690567 42.9834425449371 46.5868264436722 48.3653644720713 43.8357045253118 40.0235901276271 51.5038122733434 53.4126808245977 50.8977224429448 44.7352230548859 44.4255967934926 50.5238821109136 53.2472083965937 50.4309882720312 51.1593371629715 57.6348354419072 80.8988561232885 94.3203568458557 102.211395899455 106.794774532318 114.781141281128 117.362022399902 108.015994230906 35.5338404575984 0 0 0 0 0.0101421786287877 1.0905679470549 0 0 0 0 0 0 0 0 0
73.0478515227636 55.9826592604319 56.2550226847331 58.9702824751536 67.6293273766835 65.1283363501231 54.8479010661443 41.9678340355555 31.4977963765462 25.3720904390017 25.040956834952 28.9084489146868 34.1935803492864 43.397972981135 48.379788796107 54.6515186627706 49.4508743286133 37.4636848767598 41.875422000885 44.4394052028656 44.3475345770518 44.6481108665466 44.5510447025299 50.3278970718384 56.5509299437205 53.5348902146022 55.6632975737254 58.0327808856964 74.5639950037003 97.5386500358582 111.863791942596 117.889672517776 119.062304496765 120.568623145421 127.563198407491 109.407673279444 29.2616287867228 0 0 0 0 0 0 0 0 0 0 0 0 0 0
71.8197325865428 72.5750426451365 92.4927790959676 122.802793979645 98.2833604017894 71.1844116449356 45.3439801931381 22.2830797235171 9.21288939813773 20.1001899937789 19.3360708653927 6.66509879132112 35.0936849912008 44.9854532877604 53.909237186114 57.025134563446 56.3084532817205 43.4567083915075 42.9521103700002 46.2138950824738 44.0424978733063 47.5971301396688 49.2614607016246 51.7464925845464 58.6070468028386 62.6098016897837 60.8321179946264 63.8668437798818 76.424648364385 101.119677225749 119.903723398844 122.802704572678 119.450678428014 127.93430685997 138.650119304657 140.396306912104 115.764131148656 54.3912549813588 4.43759902069966 0 0 0 0 0 0 0 0 0 0 0 0
83.9788814385732 116.461545228958 163.652797540029 184.808373451233 162.119229634603 109.971354405085 65.7477875550588 37.8951877355576 31.8022196491559 36.3432218631109 28.5739128788312 24.3312592307727 34.3309516708056 43.3139105637868 57.1603327989578 62.2375508149465 57.7094753583272 51.7686406771342 45.4137722651164 47.638734181722 47.2402075926463 49.9582091967265 53.3157090346018 54.0587653716405 58.9798639218012 70.3322887420654 71.0675319035848 76.6550699869792 86.0318342844645 102.532138427099 120.089461406072 127.881705760956 128.55609258016 134.370615084966 141.48818453153 141.663124163946 133.034149805705 117.02956755956 50.9878347317378 2.83206875125567 0 0 0 0 0 0 0 0 0 0 0
142.60737101237 178.033630053202 203.197518984477 205.638388792674 201.973160107931 175.803462664286 132.870703935623 95.6311325232188 73.3017424742381 62.9152705272039 57.5592915217082 47.4112629890442 38.4291137258212 42.0438746611277 56.3566833734512 62.3045017321905 56.2047014633814 56.82006975015 47.4270681540171 45.7823624213537 48.9839762449265 51.0112841924032 51.9410570462545 52.808533112208 57.2554369767507 70.4447577397029 76.1234859625499 84.5015545686086 93.4974551200867 101.677378018697 113.183716932933 126.571466525396 128.496219714483 123.988578716914 125.274300575256 118.52044860522 122.079640626907 108.369847138723 60.3814323743184 14.2536635200183 0.282881781458855 0.526605057530105 0 0 0 0 0 0 0 0 0
195.284724235535 212.735136349996 216.217279434204 215.325474739075 216.41472975413 212.39572763443 188.581208388011 146.168788274129 111.173927783966 86.7769122123718 89.4079307715098 77.6780943075816 55.1860531171163 47.3958750565847 54.4256319602331 58.5677772760391 52.3609668016434 52.7502546707789 46.2980618079503 47.1279372771581 45.2703237533569 47.3680049180984 46.8549678723017 47.5120296080907 53.9842893679937 65.1003817717234 76.1927664279938 80.1872164011002 89.4612471262614 101.555436849594 110.80472668012 114.003320535024 108.344177405039 97.5022812684377 99.6735493342082 85.2295656998952 86.4450732866923 71.5002765258153 37.1039509773254 3.71401042987903 7.7041145414114 5.8898814022541 0 0 0 0 0 0 0 0 0
209.743698438009 217.911203702291 215.709249178569 218.036810557048 217.565933863322 216.562926769257 206.564048926036 174.601674079895 128.97989153862 101.143807172775 101.455787817637 92.2714173793793 79.927588502566 60.2685908476512 54.1611611843109 56.5138161182404 50.0234266122182 46.6890633106232 46.6193854808807 49.4727691014608 45.1888789733251 44.2955940961838 46.4288194974264 47.7964878082275 51.9367208083471 58.1259032090505 68.5268143812815 69.5536037286123 78.7093937397003 96.1325665314992 104.259630044301 102.851788202922 98.5106726487478 92.4702088038127 84.8619242509206 71.8846172094345 75.924406449 73.0827748775482 53.4322758515676 19.8390322426955 18.3353101213773 5.91095971564452 0 0 0 0 0 0 0 0 0
202.997187773387 207.350194454193 204.331636428833 205.012659231822 204.034050305684 199.32089249293 194.174389044444 175.741632779439 135.869284470876 114.373942216237 106.416900952657 101.662248373032 93.7233169873555 69.1954841216405 58.2659393548965 60.4831725358963 53.2574852307638 44.7310556968053 49.2334763209025 50.4467139641444 48.5085050264994 44.8717524607976 48.7927148739497 52.9014070828756 51.5624384085337 56.6128194332123 61.3384048144023 62.1761977672577 69.1604465246201 88.0557398001353 97.0097581545512 96.9257652759552 99.7158090273539 102.181096871694 84.3792160352071 78.1533420085907 82.2745313247045 89.1070167223613 83.6694637934367 45.6444720427195 14.1665302217007 0 0 0 0 0 0 0 0 0 0
179.000000158946 182.898839314779 184.49854850769 180.59911330541 180.220603942871 178.234358628591 182.843148708344 178.497910499573 147.46218919754 122.360706329346 109.57266887029 96.5324441591899 86.9377354780833 66.0523573557536 54.4119377930959 60.7370436191559 62.4240537484487 50.4650970300039 52.5870968898137 55.5742681026459 56.0009479522705 51.5386313199997 51.7149070898692 55.8078785737356 53.1781663497289 53.507869442304 59.731920560201 65.9779608249664 70.6774890422821 82.7641487121582 94.4860577583313 97.9224443435669 99.6781090895335 104.689955711365 88.1707767645518 88.1837109724681 87.5239372253418 96.3190893332164 96.2389906247457 55.1100919644038 0 0 0 0 0 0 0 0 0 0 0
154.897431532542 164.987136920293 176.054815451304 173.139015833537 171.191612879435 176.996350288391 186.836123466492 189.954479535421 170.333584149679 135.487536589305 111.719389756521 86.7392420768738 72.2755342721939 60.4624450206757 51.4503171046575 55.2451014518738 66.2543525298436 58.085431655248 55.8062493801117 58.8061362504959 59.2880348364512 55.2686750888824 52.5716592868169 55.1232000192006 56.5625528494517 56.0308198134104 59.1647078593572 67.0879036188126 70.7120001316071 76.3798008362452 88.4915987650553 98.9839831988017 101.532757282257 95.6212480862935 84.5235486825307 96.9688693682353 98.9411473274231 103.073994318644 103.460758924484 77.4069130420685 0 0 0 0 0 0 0 0 0 0 0
116.646856069565 128.435134887695 137.741247812907 142.897576093674 150.958359241486 167.383988698324 181.299169858297 190.298040707906 184.220711390177 152.501920859019 118.320643901825 86.0448877016703 68.0757363637288 64.4095540046692 57.1579883495967 51.0905931393305 61.6544783115387 62.3499800761541 56.223933895429 55.9802452723185 56.6008985042572 53.8290242354075 50.7196386655172 52.75659263134 57.0186922947566 60.0385367870331 59.7587625185649 65.0663077831268 70.0307190418243 70.3006039063136 80.0587882598241 95.2542026837667 99.9462902545929 84.8263601462046 86.8327816327413 106.384923060735 110.088169574738 106.519679228465 107.461114724477 103.956798712413 47.0893085002899 0 0 0 0 0 0 0 0 0 0
80.9451192617416 87.6789887746175 87.3212913672129 98.0917910734812 114.780485630035 132.67594575882 147.563566764196 160.878052314123 163.17226489385 138.3382777373 102.136154969533 76.6000101963679 63.2831255594889 61.3638112942378 58.2537700732549 53.5572866598765 58.246190349261 58.6487303177516 51.9825319449107 52.0230183998744 55.2506496508916 58.2947234312693 57.2880506515503 53.1298816204071 53.2286216815313 56.4709057410558 61.2333069245021 64.3825481335322 69.1159864266713 68.9482937256495 70.6340471903483 84.2809776465098 91.5057261784871 87.6697599887848 105.871756871541 117.225507895152 114.312986532847 107.907325029373 111.805270115534 125.553150971731 115.87189634641 55.3385764360428 1.44990859553218 0 0 0 0 0 0 0 0
69.6047395467758 71.6136991977692 71.4986821015676 73.6962656180064 83.0495357513428 89.7021889686584 93.6147967974345 99.2268522580465 100.025753180186 83.648939927419 68.027138710022 63.4931226571401 62.0469202597936 59.0300460656484 57.2990030050278 58.3178748687108 56.9758961598078 56.4473072687785 51.8505424261093 51.454226175944 55.7874788840612 61.1107895771662 62.3891651630402 58.2642207543055 56.1108489831289 55.3816656271617 63.7675821781158 66.9396420319875 69.3703393141429 69.9092398087184 70.0505425532659 76.9733289877574 85.2079391479492 95.213105281194 112.882256507874 112.575521071752 107.77082045873 97.3679224650065 99.1815129915873 116.498907407125 128.330320119858 119.896769523621 66.1398470401764 8.03328740100066 0 0 0 0 0 0 0
78.1719038883845 75.568030277888 75.581560532252 75.2212752898534 71.8124061822891 69.9602862199147 68.3753987153371 69.8377589384715 74.8452842235565 66.8677985668182 58.8783919811249 60.5967740217845 63.9824072519938 64.1664564609528 62.6847396294276 60.5733245611191 55.7441661755244 62.0239724715551 63.794270157814 59.4955583413442 61.7154240608215 62.3315920432409 59.9369059006373 61.9094719489416 64.0911608934402 59.5476726690928 64.5962158838908 68.2172775268555 70.4044649998347 71.1345771948497 72.6401507854462 76.4568746089935 83.193451166153 100.982517004013 108.381569385529 102.448890606562 91.3599928220113 82.5450966755549 79.3551206588745 90.2621845404307 117.588023344676 123.016128937403 100.047886371613 42.1303063631058 1.02613602454464 0 0 0 0 0 0
82.6928317546844 79.8791100581487 82.6455454031626 81.0310592254003 74.2306609948476 70.7622269789378 68.4770196676254 65.8299227555593 66.3112054268519 62.7007136742274 61.2641672293345 60.967355966568 64.6863430738449 68.8887337843577 68.5268739859263 65.196896592776 62.0095233122508 67.5010979175568 69.9043174584707 63.7300113836924 61.2276842196782 58.9903146028519 55.6809455156326 57.5730701287588 61.8953158458074 59.0704381465912 56.1926464239756 60.9480639298757 66.7116890350978 69.7001516819 69.9932277202606 70.8750188350677 80.3877413272858 100.748439629873 107.345859209696 91.4142330487569 81.2056958675385 78.6897887786229 78.1199783086777 85.7229431470235 94.1918194293976 97.1656938393911 82.8260580698649 50.8770495653152 3.44775337725878 0 0 0 0 0 0
66.6613380114238 69.3773676951726 78.1196355819702 75.6264527638753 78.0988285938899 80.6414534648259 79.5370042324066 75.2766380707423 64.9062742789586 63.2691731055578 66.943551103274 63.3004953463872 64.3747945626577 68.1815296411514 68.61146291097 65.8346364895503 67.1678135792414 69.8599268992742 70.3188727299372 65.396840373675 59.8880449930827 56.2145908673604 54.7039409478505 54.6054393053055 56.5096388260523 60.9926134347916 56.3409775495529 58.1234147151311 62.2173647085826 65.3390139341354 63.7309054533641 62.2246911128362 72.9963531096776 86.607684691747 93.2488739490509 83.0790052811305 79.1278382142385 83.147535721461 85.8186185359955 86.5298509597778 82.4883282184601 80.411305030187 74.9756246805191 49.9260673920313 6.9878784318765 0 0 0 0 0 0
