input/barkrak2/radiation/dir01824.grid
NCOLS 85 
NROWS 70 
XLLCORNER 665100 
YLLCORNER 4664600 
CELLSIZE 20 
NODATA_value -9999 
[rows 46 to 68 of 70, columns 0 to 51 of 85]
58.6983660856883 60.2307915687561 63.0149940649668 65.0095740954081 64.8232599099477 64.604714512825 66.4628148078918 68.4030205011368 65.0017956892649 63.6949489514033 62.6637935638428 62.2300654649734 58.1748286883036 55.103932817777 54.8345098892848 58.67899954319 56.6987693309784 51.7167548338572 56.3671886920929 55.959885319074 53.2690038283666 54.4459919134776 54.2775293191274 52.4274011452993 58.8570137818654 53.6538908878962 55.1473349332809 55.9784869352976 55.9257715940475 55.1442702611287 53.5433193047841 50.3852069377899 49.625222881635 49.8038431008657 51.8118441104889 53.2358984152476 54.4436375300089 59.8798195521037 61.1353615919749 58.7942947944005 58.4809482097626 54.022158185641 58.9342614014943 65.5507942040761 57.0158809423447 28.8045605023702 2.85578177620967 0 0 0 0 0
52.6565363009771 55.0385713577271 60.6488237778346 62.3688101768494 65.842812259992 67.5378888845444 65.484752257665 65.2063637971878 65.3670728206635 67.9274400075277 65.0264173746109 61.4553540945053 59.9088271458944 59.9562426408132 58.1902712583542 56.995744506518 56.2126338481903 49.3429948886236 53.2879531383514 54.7112325827281 52.3307224114736 53.3804794152578 56.6525459289551 51.3397107521693 54.1877200206121 53.697129090627 49.8080750306447 53.1199177106222 55.1098734140396 54.6463926633199 55.3586483001709 53.7532021601995 49.4394203027089 53.2119075457255 62.8272841374079 67.2935793797175 62.1892213821411 57.0040047168732 59.8948299884796 66.1694556474686 61.8027597665787 55.1157295703888 61.2549831469854 66.2973423798879 60.8177036046982 44.3894366423289 12.557132790486 0 0 0 0 0
45.8234896262487 48.9675650993983 54.1325658559799 57.7407379945119 64.2829885085424 67.7974472443263 64.732680718104 62.958945830663 66.8806880712509 69.0712829430898 67.3464437325795 63.4849021832148 61.7317060629527 62.4332129955292 60.5160693327586 55.5340498685837 55.0227264563243 49.409677584966 52.8496404488881 56.2795003255208 55.4781009753545 56.1679850021998 58.8875313599904 56.2752882639567 54.1080931822459 56.3674469788869 53.5577734311422 57.5199723243713 62.2532814741135 63.9447073141734 68.5947040716807 68.2542324066162 58.9814235766729 60.1757516463598 68.1948512792587 76.51753226916 72.9647229115168 63.2453958193461 60.2373331785202 65.3982609510422 59.2239002386729 54.1311701138814 52.1020938952764 52.4110247691472 51.1969923973083 50.0595917304357 39.2039020856222 4.19075135141611 0 0 0 0
44.7525878747304 42.6654517650604 46.8268891175588 54.7966460386912 60.4148159424464 63.7077391147614 66.4142072200775 69.1144069035848 70.3398784001668 67.0086294412613 68.9294338226318 69.2097991704941 66.0538822412491 63.0634129047394 61.3341629505157 57.1595827738444 55.7379424571991 53.5001407066981 56.6241890192032 59.883251786232 62.1444036563238 62.1719857056936 58.7475895881653 60.9931449095408 57.6065282026927 60.5764339367549 62.4730139970779 65.876175959905 71.8912382920583 77.2362947463989 82.6591104269028 84.9054455757141 75.1110861698786 68.9152479171753 67.2863970200221 76.3394832611084 79.0326297283173 74.5969315369924 65.2715067068736 57.3968589305878 52.3141821225484 53.1468987464905 52.729070186615 49.0073164304098 45.6158270438512 48.8137702147166 42.0209219058355 10.6888525187969 0 0 0 0
45.0255125761032 48.408235112826 51.9486367702484 58.1580946842829 58.6368441581726 59.0884983539581 67.0374383529027 72.101632754008 72.1077273289363 71.7861652374268 71.5703169504801 71.3731050491333 67.8191184997559 63.6994043986003 63.7907385826111 67.0379400253296 59.4429622093836 59.9262962738673 60.6753081083298 65.3118441502253 66.3231511910756 63.3808722098668 60.9995673100154 61.0460340976715 56.5221210320791 63.2262080907822 69.240465760231 71.878323952357 77.7398745218913 83.8475823402405 89.7461771965027 92.3528472582499 85.9054923057556 72.3367830117543 62.6280804475149 57.6040844122569 66.3523773352305 75.2758979797363 66.8416023254395 53.266445795695 47.4734803040822 54.3623963991801 58.2489122947057 55.4660658041636 50.3684629996618 44.71621910731 26.8326948086421 14.9078716834386 0 0 0 0
45.7409570614497 56.6050112247467 58.6509853601456 59.9184483289719 58.1578214963277 57.7053775389989 65.3071502844493 70.832555492719 70.6187884012858 75.512965520223 73.4212249517441 72.6371457179387 70.3215847412745 65.5369212230047 65.9681310256322 71.9623863697052 65.0524199008942 62.8178169329961 60.0671470165253 62.0027283827464 62.4898423751195 61.4747852087021 60.2721969286601 57.4578394492467 54.8391987880071 58.2067022720973 62.5795473655065 67.0487880706787 71.8462566534678 79.2555014292399 85.3384137153625 92.4175679683685 88.1102283795675 66.4035429557164 24.0457455317179 23.5512107610703 30.8275868495305 59.8131120204926 73.243647813797 71.3012466828028 66.2044535080592 58.8758687178294 51.2026796738307 45.7410266002019 50.221174955368 46.4362452427546 26.6921867926915 20.3432713945707 1.40375612924496 0 0 0
49.2799679438273 47.6349343856176 46.9292253255844 48.9655435085297 55.1785876353582 60.8839392662048 61.6514384746552 67.4030135075251 67.393292983373 72.1320559581121 72.4465350310008 74.5365222295125 74.1813331842422 69.6564912796021 67.4945364395777 66.1416202783585 68.0289814869563 62.3469154040019 56.8845669428507 55.0228854020437 54.1546990474065 56.2873333692551 56.9549202919006 52.3343533277512 54.320901632309 51.2814472119013 51.9756476084391 54.1429817676544 57.5183431307475 64.1223887602488 67.5474007924398 75.9222755829493 73.5925038655599 51.7475108305613 19.7922252118587 11.9271849592527 12.7417370676994 21.6120804349581 49.6653616428375 64.3393297990163 73.3631551265717 62.2532218694687 48.6643711725871 40.7624964912732 45.3611115614573 30.4784774780273 26.0876342654228 38.2866015036901 21.759403248628 1.3764340740939 0 0
51.8142282962799 42.5153871377309 40.4646148284276 45.4811801513036 56.2948882579803 64.5879805088043 64.3444359302521 65.4733826716741 68.0660158395767 68.5913314421972 70.8065927028656 73.5066334406535 75.0430176655452 73.9978651205699 69.9376364549001 67.0480628808339 69.0710544586182 63.2567952076594 58.5543711980184 59.1581116120021 58.5819085439046 56.0882240533829 54.8383494218191 51.3119399547577 51.7360121011734 50.7308493057887 50.0677128632863 49.8853077491124 50.734003384908 49.226572116216 44.2487647136052 47.8257139523824 50.6074031194051 27.2917076945305 21.4880804220835 12.8471814095974 4.19186304012934 3.06822887311379 11.4739264051119 28.001477320989 56.4669221639633 51.6697069009145 42.2423233588537 37.6154308517774 25.9865894913673 27.057908475399 24.7914219895999 45.0343539317449 52.9093494017919 33.1764196356138 6.44201847414176 0
51.9728759924571 46.7207332452138 44.7972416877747 49.8744497696559 58.7129443883896 65.9551272789637 69.2296177148819 65.3651356697083 69.9122895797094 68.2229896386464 71.9223320484161 73.863019545873 75.3044039011002 76.8867830435435 72.1570948759715 72.354793548584 72.2606480121613 66.8850888808568 62.7335061629613 64.6033436059952 63.9905631542206 59.7164581219355 57.1876764297485 56.8214356899261 54.3870329856873 53.1525512536367 51.880752046903 48.8750785589218 45.354500412941 41.162205239137 35.120169321696 38.2629881302516 45.3385164340337 47.4453816811244 45.5448925495148 34.7860207160314 14.2397694289684 4.40683960914612 3.17258667200804 8.42630180219809 24.0905632575353 28.4128735462825 24.3603736162186 18.278393894434 18.0071952442328 23.5823169350624 25.6334741910299 37.8794545928637 48.7346053123474 53.4243732690811 34.7971990704536 4.59610732893149
55.1251272360484 53.6911189556122 50.2739250659943 49.130712946256 54.909403125445 65.2557661135991 66.9921537240346 64.948504169782 67.1435743570328 72.1803406874339 78.3726672331492 78.9189636707306 77.4994144837062 78.0470073223114 75.8714526891708 75.5750487248103 76.3345857461293 73.7143655618032 68.8265711069107 65.2247418959935 63.2256964842478 61.9761645793915 63.9423926671346 64.6755596001943 61.0419313112895 58.3212623993556 51.1775314807892 42.4961745738983 38.0314439535141 35.7768212755521 36.5479663014412 42.9926862319311 49.529900153478 60.6202781200409 65.5693312486013 63.9262894789378 52.6313732067744 34.2469016710917 24.291622141997 7.90672563016415 13.3799264828364 23.5791802406311 24.2198382814725 18.1975029408932 21.3335280617078 34.8301852742831 54.3381522099177 48.0419645706813 42.9530044396718 49.0686694780985 40.8000499010086 10.5144406358401
57.6398422320684 57.0540676514308 55.9615393479665 52.5653113921483 53.7532567977905 62.7043147881826 65.0034199158351 64.9367719888687 65.3068373600642 74.3288894494375 82.1141799290975 81.2401125828425 76.4700472354889 78.9785236120224 80.7374467452367 74.9219357967377 76.7166614532471 74.1916646560033 70.4596439997355 67.8110271692276 66.3748184839884 66.8080399433772 65.0027096271515 63.0142092704773 60.0785811742147 56.0060441493988 37.5623454650243 7.99845034877459 6.55169474581877 22.3539074261983 33.0323725938797 40.0607461730639 47.6998190085093 55.0756007432938 66.2463009357452 70.5017745494843 70.3135182460149 61.1378053824107 47.0571021238963 27.7816901604335 15.1020052532355 23.7273474534353 45.0778355201085 44.9619740247726 37.8778899709384 57.5039585431417 81.8930864334106 70.9980179866155 49.2898176113764 36.6780112187068 26.474950214227 11.8120573461056
56.5144966046015 54.6511958042781 58.2631627718608 59.2422982056936 56.8651705980301 59.4119479258855 64.887469013532 65.7035658756892 66.1927709976832 74.0563770135244 80.7420561710993 79.1375388701757 74.7261593739192 78.1348794698715 81.419974565506 72.2790012756983 74.0418136119843 72.8095273176829 70.8225319782893 72.3135868708293 73.1704930464427 73.2155094544093 67.4966822067897 61.1792107423147 59.8582029342651 57.7277193466822 40.6929502884547 22.4919741352399 21.7566241820653 29.8456797997157 39.7927090525627 43.837105234464 56.9969316323598 66.2120630343755 76.9951442877452 73.255514105161 67.7513678868612 28.1454175710678 28.6240900556246 29.2328422268232 35.8594382802645 44.4739063580831 52.1246393521627 27.49848117431 21.7090571920077 26.0654042164485 61.5178843339284 57.2784245014191 44.4153596957525 35.2651526530584 29.3278470635414 22.1057385206223
45.62675456206 52.9150366783142 56.2646488348643 59.0051164229711 59.1219117244085 55.9255182743073 64.9877289930979 68.815400203069 69.6630477905273 74.6898253758748 77.0396490891774 76.1531839768092 75.7956902186076 74.1184453169505 75.6941636403402 71.980079015096 69.0021812915802 72.3251601060231 74.9445060888926 76.3664394617081 77.612042427063 74.3808348973592 72.2690671682358 65.4281179110209 63.1521592537562 64.0680342912674 60.2922141551971 52.1832754214605 51.2383381525675 51.2001017729441 52.6003936926524 49.1029620170593 69.0411329269409 79.0173709392548 58.4622422854106 53.5017649332682 33.3896229664485 15.363992502292 6.70185560981433 15.2714240054289 14.9525677164396 47.0946133136749 55.352638165156 45.5486079057058 33.4050705035528 34.8597690463066 48.7406353155772 53.0403355757395 50.4280775785446 43.8302954037984 37.5538989901543 36.8812878926595
36.2918823957443 50.4296869039536 54.3586810429891 57.2821398576101 60.255691409111 56.4511517683665 60.5071038007736 68.1567341089249 78.8101454575856 80.2508890628815 75.8139143387477 73.0569660663605 75.2880026896795 74.9502827723821 74.8929331700007 72.445551554362 68.8337584336599 70.8210567633311 70.3303118546804 67.6747411489487 70.088118314743 68.7961975733439 68.4574991464615 67.5669610500336 67.9515103499095 71.9532569249471 80.067237218221 84.0866367022196 69.5502460002899 63.6655936638514 52.9069006443024 48.8276978333791 61.0395123561223 56.708166996638 24.6517409880956 17.6611269513766 16.7801640927792 10.6518591443698 1.69817063336571 0.0394884918932803 0 16.3714736700058 49.7423410415649 71.7400858799617 76.8085320790609 71.0466802120209 70.1802273591359 69.456269343694 69.7055558363597 58.7646067142487 47.978013753891 59.021050731341
38.1360178192457 47.795444726944 54.7700424989065 57.2465509176254 58.7915430466334 59.0032736460368 53.5959502061208 62.9494190216064 83.0988188584646 81.8641434113185 73.4456231196721 70.5640862385432 73.4952290852865 76.8620868523916 75.9870111942291 72.8182941675186 71.7423260211945 69.7894742091497 62.7635518709818 55.9150725603104 56.4357837041219 60.6860121091207 60.9160363674164 63.6301537354787 67.0202573140462 72.1600602070491 88.2118741671244 92.9555892944336 73.8044480482737 67.9704596598943 52.0393749078115 42.4572577079137 43.1656837463379 44.3709144989649 22.9201515515645 13.4729171792666 14.5215081671874 20.6942285100619 13.1539379556974 2.87318912645181 0 4.28150780498981 24.9464760224024 51.6418914000193 54.7676980495453 55.9134284655253 53.4034470717112 64.0764534473419 60.5517129103343 54.1601330041885 55.0604710976283 89.9399121602376
49.3932465712229 52.3537298043569 54.732417066892 51.5283097823461 45.8129743734996 42.6578521728516 50.4995286464691 55.9565226236979 65.2791857719421 61.4657451709112 59.5306406418482 64.0390167633692 71.416512131691 73.950265844663 69.7668890158335 71.7048496007919 72.1625636021296 66.2633081277211 58.7100237607956 53.3226827780406 52.4011353651683 54.1919718186061 57.0761859416962 61.3339394330978 60.8080625534058 65.2442475159963 79.5951187610626 86.904505888621 74.4123458862305 59.2024425665537 50.7919937372208 36.2455720702807 33.2476198673248 47.784686088562 44.1069851318995 21.912507712841 21.894430120786 52.410567800204 49.9872267246246 34.1518968343735 9.19921572009722 5.88949955999851 15.129841864109 22.7661430835724 21.4446311195691 23.2649644215902 25.9188264608383 30.1498050491015 37.0363866289457 46.9392190376917 69.0707862377167 123.315244913101
60.6541931629181 57.4746231238047 53.8009603818258 46.8313346306483 37.076843281587 31.011904279391 40.1444882154465 40.8614526192347 31.3124234477679 30.0380637248357 41.8761173884074 53.888147075971 60.008650024732 64.210444688797 67.3721333344777 77.7955601612727 80.3074985742569 71.9028164943059 63.290665547053 59.9529246489207 57.2280436754227 56.0859392086665 58.4923177957535 57.1040213108063 59.4387153784434 61.5122814973195 69.0590043862661 71.50432964166 66.2314097086589 46.7914044857025 50.9528170029322 41.5104180574417 36.6127341985703 56.3385784626007 62.7003411451975 50.6329437096914 40.7954454421997 26.0662535826365 39.1893784205119 40.5431911349297 27.578150232633 12.8956126670043 14.7857504586379 15.2984137336413 9.64259480436643 10.7676113645236 18.7993782262007 21.0182070732117 22.1588909626007 47.4541087945302 95.1384405295054 139.07993833224
63.5643303394318 56.9495956103007 52.1663328011831 48.344150185585 41.3809269666672 35.4046374559402 31.0253625114759 26.5595465898514 10.993101944526 18.9749002456665 35.1786861817042 48.5902577638626 48.4013259410858 56.0567826032639 69.6722418069839 85.7523481051127 91.3890798886617 84.2873354752858 75.7956206798553 71.7008511225383 66.4371301730474 64.7635956605275 63.3132209380468 58.2820077737172 57.8113943338394 57.3430160681407 59.3946476777395 58.979610602061 54.6893874804179 39.5879795153936 38.0979254841805 39.6253019571304 35.8131180206935 59.0186069409053 79.0778944889704 82.2750478982925 56.5139750639598 19.5409618318081 15.9392754236857 21.6695840160052 23.5559344291687 19.6686945855618 20.8579947551092 19.8460519313812 13.4468240042528 9.05554307003816 15.6828773518403 27.735710144043 34.8798384269079 61.4515841007233 127.076506614685 158.188740412394
66.0775005817413 60.7306261857351 59.4257762034734 60.5399310588837 57.2278549273809 50.8822500705719 45.7722097635269 46.2580621242523 44.9422647555669 50.4728555679321 58.5622141758601 64.623494942983 64.9623870849609 59.8745793104172 70.2911466360092 86.6760512193044 96.9073375066121 97.1793532371521 89.7618532180786 79.9096177021662 73.9420652389526 68.5303856929143 68.151464064916 67.1834945678711 58.9461773633957 51.5417853991191 49.3274430433909 50.8040537436803 47.5543638070424 46.3559577862422 30.5380101005236 24.2233177026113 19.0224188069503 41.2862151861191 86.3470633824666 96.4455405871073 63.6365562677383 23.6477379997571 10.2935868004958 10.3925336152315 13.6399629215399 11.3592036068439 22.4971522887548 36.6691276431084 37.5963449478149 25.1818423469861 23.7825786074003 40.8713693420092 67.4840708573659 113.274017969767 145.816534757614 158.678978681564
66.9084141651789 64.2056514819463 64.4165525833766 65.6264772017797 65.1247799396515 61.4580164353053 61.155507961909 68.9947754144669 85.599273443222 81.4666996399562 72.6632376511892 73.7230529387792 79.4357558091481 67.1872446934382 68.5723920663198 77.2626797358195 85.6970051924388 93.0938323338826 93.9219892024994 87.001621723175 81.1210622390111 74.7978587945302 70.2872176965078 66.6675170262655 62.1803353230158 48.6468772093455 37.7677927414576 40.9932384888331 41.6353419423103 22.2543179988861 16.9375402232011 14.9151235818863 10.0965661307176 10.2579245964686 81.5994441509247 97.884476184845 78.2177696625392 65.8880919218063 33.7706531087557 5.92686670521895 0.985088991001248 0 12.3957035442193 41.053240497907 47.7546602487564 38.0103339751562 36.6713081796964 60.6288860241572 119.395663340886 164.607544740041 157.072365283966 144.228478272756
66.113089521726 62.6250952482224 56.9082796573639 52.2354195515315 52.582323551178 54.6237925688426 54.6091298262278 66.9019321600596 77.7583122253418 72.9497919480006 62.6667439937592 62.8850807746251 73.7144301335017 69.2576815684636 65.2185032765071 64.1683687766393 65.3366098801295 72.5303639968236 82.7630261580149 87.2324903806051 82.9329490661621 76.7474720875422 69.2586998144786 64.6932721138 55.3464988867442 50.2151350180308 35.7854415973028 30.7172015309334 37.2593676050504 33.8534439603488 16.8969991306464 11.4318206906319 4.24353840450446 0 0.350439222529531 87.8701905409495 94.7262644767761 106.06195529302 87.5151554743449 37.0911086599032 4.9745524302125 0.00168764533251912 5.07888135810693 24.6660858392715 53.5294165213903 74.0332206090291 95.7162479559581 147.446503241857 188.818355401357 198.999762535095 183.1227739652 149.720927079519
68.3582077423732 66.2630299727122 60.2093090613683 53.2695253690084 51.704411705335 54.5364767313004 46.628658970197 44.0670748551687 44.2401915788651 41.3424496849378 35.4388430714607 33.0023219188054 37.6481761535009 55.5110524098078 62.5306963920593 58.1924517949422 46.9636619091034 42.4180924892426 53.8187325000763 75.5019883314769 76.9228438536326 71.0346599419912 64.4959112008413 59.9533418814341 52.333801984787 49.9468942483266 39.9167810877164 18.6039867500464 29.9642408887545 42.9301112890244 23.5403428475062 15.866747746865 7.22808204591274 0 0 67.8397715091705 107.929766178131 122.53138422966 109.126041332881 79.3873171011607 45.3490118185679 13.8470580180486 10.6894560158253 30.2561819553375 63.6077920595805 128.644605477651 170.422434806824 201.473514238993 210.319340229034 209.608455499013 199.688315391541 170.169552167257
70.1175133387248 70.0465540091197 67.3975944519043 63.7396325667699 61.8049601713816 61.0118259986242 45.2406505743662 30.5697669585546 31.1071450511614 33.394788702329 30.5817152063052 27.7717113494873 29.0821194648743 51.5330235163371 65.5931929747264 56.4774125814438 35.4489684104919 23.9507481455803 27.6194860537847 45.2989687522252 54.9000402291616 58.1231613953908 58.8350196679433 52.7764211098353 45.5123037099838 41.3736055294673 31.2523767352104 10.2175604552031 21.6300636529922 46.296219031016 55.3791026274363 48.2965360085169 27.8018936514854 0 0 45.1285739739736 101.630429426829 109.733551740646 90.0270938873291 87.004284063975 92.5979018211365 77.285240093867 54.4913709163666 70.0192550818125 123.914817969004 169.744531313578 193.229675292969 204.280833403269 206.006824970245 203.687091668447 198.62441221873 175.710141658783
