input/barkrak2/radiation/dir01224.grid
NCOLS 85 
NROWS 70 
XLLCORNER 665100 
YLLCORNER 4664600 
CELLSIZE 20 
NODATA_value -9999 
[rows 0 to 22 of 70, columns 0 to 51 of 85]
53.682873646418301 66.5978689988454 76.9630571206411 94.0646926561991 99.3730823198954 99.6210376421611 110.540439685186 117.135971784592 126.121421655019 129.299173752467 130.078852176666 126.246392726898 121.833930412928 122.533768415451 120.906382799149 107.995212078094 96.0627496242523 87.105651696523 85.5116148789724 86.1767033735911 94.2008992036184 112.113296985626 127.649813890457 130.221784114838 133.373389641444 141.599148511887 140.363961458206 137.752930323283 130.865176518758 132.447113593419 131.933371225993 151.795973380407 183.590153853099 176.295598347982 175.577024618785 169.645448525747 173.479437828064 178.705811500549 175.498108069102 175.191303094228 175.545831521352 185.242295265198 192.112763722738 185.516496499379 174.947381019592 181.509713331858 187.887609004974 142.269978920619 98.7427731355031 94.7925647099813 115.96288283666 156.620293855667
33.0583676695824 45.4365313053131 55.2439242601395 62.8192126750946 76.7742693424225 81.9628487030665 89.703897635142 99.7257431348165 111.904174089432 118.52702498436 133.927563826243 129.278202851613 124.159276485443 124.221503734589 122.665385405223 110.445737838745 102.580100297928 93.1065678596497 90.6942486763 90.1719033718109 102.171917756399 125.430723031362 139.673550923665 139.286309480667 140.006095170975 144.332806269328 141.639530658722 135.270019372304 134.83581940333 137.310077746709 138.50728670756 160.178263982137 180.896043777466 176.475564638774 174.138009548187 170.298794905345 175.671716531118 179.594159126282 174.442450205485 172.540624936422 171.640952428182 174.972414970398 174.568931261698 165.497541427612 163.006673256556 177.411576112111 179.894864559174 134.293685356776 106.101850668589 115.743974844615 143.569757541021 177.407701810201
13.8485791782538 19.1231034696102 25.3246426582336 30.367337167263 37.9013965527217 44.2235420147578 54.1135023037593 69.7654237349828 80.2015364170074 85.0047667821248 98.660002152125 106.724093357722 122.993767261505 134.501059850057 134.474813938141 134.61571931839 128.720760345459 118.753910064697 105.242768923442 100.107957919439 110.958745082219 127.270450194677 137.359440326691 139.769474665324 143.487483263016 140.856722990672 139.345586299896 135.893553495407 134.19383764267 141.95121328036 153.738389412562 170.25085290273 180.676380793254 177.802324295044 171.312471230825 173.133830229441 180.108825365702 182.258486747742 173.806567986806 169.946153958639 166.616042455037 160.277416308721 151.439080635707 145.095686117808 150.306175152461 163.566609223684 160.78903277715 127.99530227979 123.680035273234 143.051405747732 167.181690533956 186.892529328664
5.84128685295582 6.46518729627132 8.60859577854474 9.87391049663226 10.7744323710601 15.5496622125308 22.757592300574 33.8062966863314 47.4645247062047 57.3836714029312 72.5734531879425 83.5672616958618 95.3134099642436 98.4053909778595 100.713352362315 116.944839557012 111.288249492645 104.870875676473 94.7852333386739 93.2034651438395 94.2727029323578 98.3121196428935 111.278176307678 119.441588719686 130.830705165863 129.65260942777 132.968167463938 133.567790190379 135.844677686691 141.121606032054 150.209645430247 172.010083993276 176.799317200979 174.084047476451 171.493967374166 171.588917573293 173.73780409495 174.326062202454 167.835772037506 158.306568861008 154.176652431488 147.051731745402 146.902104218801 154.650151729584 159.596234560013 157.902926206589 145.465006430944 125.421633323034 132.585237423579 145.895063877106 165.548543135325 183.28191836675
13.0763947963715 7.02693437536557 3.58195168276628 0 0 4.51254844665527 14.3933159609636 20.2728286385536 28.4326722224553 32.69924223423 42.3891941706339 54.7093500693639 66.8914963801702 73.7372487783432 80.5718253056208 82.8407357136409 81.2080005804698 83.2479248444239 81.2158981959025 82.2963962952296 81.2221864859263 83.7477644284566 94.7385827700297 101.927012205124 111.032923062642 118.963489929835 122.760583957036 128.892461458842 134.24277305603 134.832491477331 140.191584825516 156.79798523585 151.151279608409 163.299063841502 169.050455093384 167.738378047943 164.294799168905 161.620805660884 153.32900484403 145.429035027822 145.076860984166 147.493938604991 153.925786415736 162.385036547979 162.325968345006 140.655010938644 117.138465245565 115.489075581233 126.3281305631 144.547412792842 171.868960062663 184.020558993022
36.8286222219467 21.1773763100306 8.67277011275291 1.36699853464961 0.335663906298578 2.4342581940194 7.50117873152097 16.6235491633415 20.0680792331696 21.545335650444 26.6868844628334 32.9394713044167 36.8940830230713 41.220394273599 47.8312273820241 52.7785867452621 58.4287941455841 68.7860945860545 77.2826274236043 81.1549127101898 88.5721743106842 89.7144079208374 90.5429720878601 96.2333977222443 102.664689222972 109.045068422953 115.947475035985 121.214121580124 127.624710400899 131.711234649022 144.138942162196 151.310920715332 141.958733399709 141.147077083588 144.107083479563 147.871653238932 155.298332373301 153.110712766647 145.543783903122 145.737677812576 145.192325115204 144.798626502355 148.727913697561 151.509920756022 145.988543828328 118.803819020589 95.1860249042511 104.87699508667 123.567779858907 159.234017133713 185.464342435201 188.47660223643
54.4593085845312 36.7526561021805 23.0347340305646 13.0168870091438 4.56282403320074 2.20043584704399 3.73044454803069 8.41436286767324 16.1922660966714 20.3276239335537 20.1183818280697 20.9261005123456 18.932414551576 19.2861718436082 22.223191956679 30.7858909169833 39.7663389643033 53.5153796275457 67.0442084471385 80.2782624959946 90.0682806968689 93.5022830963135 94.9083069960276 94.2356089750926 96.7898964881897 100.087960561117 105.502506097158 113.586803277334 121.116022268931 130.566577116648 138.68456085523 142.178028821945 131.832500298818 128.7515660127 128.599226474762 130.559951066971 131.726046403249 128.668447335561 135.289321343104 133.63120953242 127.8056204319 128.407378991445 136.330604553223 143.343816200892 141.442318757375 137.077907721202 142.260819673538 148.663888374964 159.026245276133 171.586732069651 176.070014635722 176.898598670959
65.2442276477814 51.8049498399099 38.4138425191244 27.3332570989927 16.2344699104627 5.53253665566444 2.4817173058788 0 8.22608731687069 16.3692074517409 20.1017161210378 20.906075835228 19.8199252287547 19.6346715092659 15.790951748689 18.7235996127129 26.2803062796593 35.4390939076742 48.8636245330175 64.7496233383815 75.8896768093109 85.9436094760895 95.0671235720317 93.9057370026906 94.6998794873555 95.0938761234283 98.0188647905986 98.8186597824097 106.338361899058 117.197910944621 128.520786762238 131.439139445623 122.283796469371 117.77009566625 114.149024089177 113.82998029391 119.672914346059 119.890908400218 118.566254774729 110.226770242055 110.357890526454 118.076334396998 130.104800065358 141.325920820236 145.575652519862 154.778530200322 161.244491736094 162.249008814494 166.439026594162 165.131648381551 161.315470933914 160.91646750768
62.0843718449275 51.5754620234172 42.455663283666 31.1630045374235 21.6269666949908 16.7307133475939 6.43886501590411 1.4816167143484 5.82868605852127 11.2049703796705 16.669038683176 20.6665558119615 23.7520808974902 25.969609618187 23.1417963902156 21.5634182095528 21.8055124084155 25.5606820185979 32.5608650843302 43.2946185270945 53.2607932885488 66.5017018715541 76.8137872219086 79.9682935078939 84.8541855812073 85.0464701652527 85.1382811864217 87.2742732365926 88.0842010180155 95.992108186086 105.347772439321 107.379873593648 105.362017949422 105.130602916082 107.77759552002 110.660940408707 110.969801743825 112.504680951436 114.556213219961 110.04493633906 117.093940575918 132.507969935735 139.650722344716 142.719984054565 139.6710673968 141.331692536672 143.072128295898 153.007586797078 160.156855980555 155.677288770676 149.808585643768 149.466037750244
42.0369605223338 38.6811743179957 33.6622248093287 24.9862670898438 21.0037529468536 13.2852035264174 12.5679038465023 9.82985521356265 6.09847841163476 4.0622145558397 7.17576468984286 15.806682407856 25.7215177019437 32.3988422751427 36.0555772980054 33.8166678945223 29.4633184870084 27.6890968283017 26.8410270412763 30.1907459894816 35.2574909726779 41.4794633785884 49.6711333592733 58.6700836817423 68.3681716521581 69.9392408132553 72.5835015376409 71.605771780014 75.4050662120183 77.7232150236766 75.9305556615194 77.7970453103383 91.2288427352905 94.3517486254374 97.7669258912404 102.013846238454 100.654979546865 105.269958575567 110.563695430756 119.296471277873 121.216982603073 123.037914435069 124.239832162857 140.215665102005 140.20503560702 140.510052442551 146.453539530436 151.028345028559 153.421302636464 154.462864001592 153.471132119497 150.918354590734
7.26039459307988 6.49278797209263 3.91211484869321 1.02684429536263 1.41640131672223 0 3.56238801032305 10.84948827823 10.6663331389427 6.98253760735194 4.41974556694428 4.57446121921142 16.1701055864493 28.7378802895546 37.320872147878 36.4864518245061 35.1738184690475 30.5036902427673 26.3659879565239 25.0055243571599 25.2635578314463 26.5350714325905 31.0208996136983 40.7135561108589 50.1384784777959 59.1126680374146 58.9192062616348 60.8486831188202 64.1306589047114 64.0430301427841 67.050114274025 66.4192388455073 71.7461506525676 70.2308962742488 86.5959326426188 90.2963280677795 93.3657983938853 97.7938870588938 106.882681449254 121.067901452382 124.750554561615 120.942870775859 119.970907767614 116.986364126205 118.807931741079 137.49756415685 148.719916741053 148.888637622197 148.156613111496 152.11746096611 156.363248825073 149.225234985352
0 0 0 0 0 0 0 3.03613860160112 13.2346004247665 11.6862393915653 8.43141476313273 4.05074935406446 5.45112229883671 13.6619781454404 25.9568492571513 28.8449972867966 35.2317541837692 34.4754507144292 29.4831022620201 25.4049350817998 22.7390875418981 22.4485372503599 23.1940597295761 29.0144135554632 35.3209724028905 41.8430020411809 45.0769712527593 46.4930981397629 51.8239090840022 54.4527769088745 54.3346305688222 57.0718695720037 54.9518664677938 54.1685968637466 51.4442523320516 62.604159116745 83.8066935539246 92.1172499656677 98.6228982607524 110.693424940109 115.525553623835 111.621816953023 106.174200773239 104.856292406718 107.194364070892 108.02083214124 110.960294802984 133.851657311122 137.030939261119 141.164908806483 143.881112337112 142.40962266922
0 0 0 0 0 0 0 0 7.00102622310321 14.165027687947 14.2186358571053 10.2522981663545 3.51185165345669 2.84490423897902 11.642087250948 24.8150527477264 34.5681508382161 38.6475721995036 36.1485481262207 31.7149634162585 28.2986362775167 28.523916999499 29.6504944562912 30.24589518706 32.2041263182958 34.1591636339823 37.3065198461215 42.3938383658727 43.2124336560567 45.3000168005625 45.8713124195735 45.7338988780975 41.5670995910962 42.9952392975489 42.269359032313 39.9319206674894 43.0050243933996 53.3824861049652 76.248566309611 89.6875659624736 95.857709646225 94.997227191925 92.573622862498 93.7165518601735 93.2863156000773 95.1727330684662 93.0973788102468 94.269335269928 97.8132983048757 107.056568066279 124.266902605693 128.790279229482
0 0 0 0 0 0 0 0 0 6.27543156345685 16.4555683732033 20.0830536584059 17.1154240767161 10.6725407143434 10.2810213963191 21.6765552759171 31.0293560226758 39.763867855072 45.3223486741384 44.2421386639277 38.3128399650256 37.5188142061234 37.0650763312976 36.7422550916672 38.4909386436144 39.3872112035751 40.9801676869392 46.7094083627065 46.0157642761866 39.6179283658663 42.4096484978994 42.2485570112864 38.709911207358 35.0005030632019 34.0018669764201 36.6370926300685 32.6504781842232 32.106692592303 38.2853001356125 40.4951721429825 48.3866930007935 66.9799248377482 69.9956516424815 72.0463742812475 81.1586479345957 90.7186269760132 88.3050660292308 83.2708577315013 80.8824996153514 79.959695537885 84.2852393786113 102.195928494136
1.50456869353851 0 0 0 0 0 0 0 0 0.0774245854699984 16.3825564086437 28.7722125649452 35.3853156169256 30.8958888053894 21.9661220908165 19.3487505118052 22.3933855692546 31.2493766347567 41.7852997779846 50.5452851454417 50.5571812391281 48.6111243565877 47.6503620545069 44.7370310624441 44.6545581022898 45.3935166200002 45.4627821842829 48.7133165200551 47.5992014010747 40.6431828935941 37.3905847469966 40.3634260098139 35.4897702733676 31.1710139115651 29.4478113452593 26.6347800691922 20.55956919988 17.0538003245989 17.2230700651805 17.9372429847717 23.2414280374845 30.142717063427 34.3569715817769 38.8342092434565 49.2153118054072 58.0182472864787 69.7543869415919 73.565348982811 69.578339656194 67.2276566425959 71.0704972346624 77.3844619592031
2.13251666476329 0 0 0 0 0 0 0 0 0.0352593148515249 4.64568131913741 27.4967377384504 43.1657731533051 45.3446209430695 35.2303137381872 22.2481538852056 18.22646210591 19.7530960043271 29.4910768667857 45.6434239943822 56.5992991129557 55.0526728232702 56.5393914779027 52.8296281894048 50.9738425413767 51.7400552829107 53.4370243549347 49.2024769385656 49.6167689561844 47.3463237285614 40.4249901572863 35.7008824745814 30.9950610001882 28.2057722409566 25.3742436567942 20.4332694411278 15.8042386174202 12.047686924537 10.8391493558884 7.93005029360453 9.98120382428169 11.9625714917978 17.3718929290771 21.2378650903702 31.0925642649333 36.7930655678113 46.2687909603119 52.7330140272776 58.766633272171 59.6549510955811 61.2110197544098 66.8334066867828
1.26215978525579 0 0 0 0 0 0 0 0 0.151336833368987 0.317226881937434 16.6221832235654 32.4087142944336 44.4821417331696 46.7441181341807 40.8184478680293 36.1686224738757 28.7557890017827 23.9910011490186 29.8160364230474 46.5016861756643 57.6879034439723 62.813013792038 59.7224185864131 56.7998141050339 56.8864345550537 60.1274768511454 56.6897044579188 54.8284103473028 57.0738116900126 48.6778070529302 37.9871651530266 30.2456170320511 22.6520150899887 17.0506710807482 13.0918088058631 9.89434930185477 7.16365997989972 5.0570856158932 3.73472676922878 2.09504396965106 1.78903310249249 6.53419395287832 12.5777100523313 22.5072428584099 28.9326359828313 37.2474392255147 41.7586465676626 46.2364455064138 51.6395668188731 55.1413844029109 59.4762663046519
0.529441361625989 0 0 0 0 0 0 0 0.48057280946523 0.473383620070914 2.03021786486109 10.7780980567137 23.6292059222857 38.5051419337591 47.9863037665685 53.7818769613902 54.0981193383535 46.0409273703893 34.2096015810966 25.9381905198097 32.4595893422763 50.7977108160655 58.0916901429494 61.8226925532023 63.2761816183726 65.5968884627024 68.4665689865748 68.4366921583811 63.3274018764496 57.8314065933228 49.0978807210922 44.159322977066 32.0228065053622 22.7610766887665 15.314768999815 12.8104711572329 8.31827955941359 5.07237824300925 2.73237532625596 1.07509316876531 0.182246672920883 0 2.78878925989072 5.13318522522847 11.3203724225362 18.48162834843 24.1650491952896 26.2965684135755 30.6108569105466 36.2992758552233 43.1647300720215 49.6133069197337
0.601987432067593 0.780993684505423 0.188948508972923 0 0 0 0 0.828244956210256 1.31882618491848 7.32670600215594 13.1966844201088 13.817356278499 20.0824576119582 26.1832103133202 38.9205614725749 51.6094168027242 56.2146256367365 55.1318277915319 51.9415537516276 41.2100354830424 29.5172209541003 37.9923308889071 47.2373863061269 55.565744638443 65.7783846060435 69.9561834335327 73.5991795857747 71.4660982290904 70.6406732400258 61.1845552921295 51.287497083346 39.6462803085645 33.4766258796056 20.5346321066221 15.0725630422433 11.7388827105363 6.00255032380422 1.75081162403027 0.216118176467717 0 0 0 0 2.0769809683164 3.22067302962144 8.16083078583082 11.8224049607913 17.7257458368937 22.9607249299685 26.6605392098427 30.7540868719419 33.53600949049
0.566967879422009 0.219382539701959 0.518605423470338 0 0 0.0184538039320614 0.167477604312201 1.0866248048842 1.52924082552393 2.26620739946763 11.9125967224439 12.3471890886625 13.481513907512 16.0598158836365 24.4045903285344 35.6913059949875 43.4925456841787 49.8071213563283 54.5545965433121 54.937685529391 46.5795050064723 38.6156191428502 40.2134507894516 47.3685016234716 56.8670332431793 65.7138874133428 71.98499639829 72.6797829071681 63.9488051335017 55.1993101835251 52.4413039286931 40.4286707441012 27.3018951217333 18.9975798130035 10.2154562870661 5.05909665177266 1.34117792670925 0.0357318737466509 0 0 0 0 0 0 0 0 3.72257363051176 6.43496091167132 12.887928634882 14.1468408207099 16.198123494784 18.4332989156246
1.91324250772595 0.0790852209320292 0 0 0 0.103635150784006 0.129876852345963 1.31774911036094 1.97711493819952 1.94893777370453 2.14839198937019 7.33527975777785 7.4782483279705 8.49199791749318 12.4343546728293 24.0306208531062 33.3123976985613 38.2608100771904 46.942080060641 57.3637386163076 61.0549797614416 52.7379959821701 52.5995095570882 54.6883891026179 57.0448438326518 58.1132769584656 61.208521326383 65.7251924276352 61.329573392868 49.5633234580358 40.3755108515422 30.7396699984868 19.3409286439419 10.7332393527031 3.41297624011834 0 0 0 0 0 0 0 0 0 0 0 0 1.23309926129878 3.92799700299899 5.25401408473651 7.76084636648496 10.4385589559873
10.088295986255 4.61412873119116 0 0 0 0 0.780868266398708 2.36512689540784 2.64153567453225 2.88154060641925 1.99508961911003 1.1456161737442 4.43466442326705 1.22227193787694 7.65145197510719 16.5352486073971 25.5869925022125 32.5367376208305 39.4574999809265 50.7595837116241 57.6916436354319 69.2700843016307 72.5290477275848 71.3921089967092 66.8965578079224 57.9881221055984 53.0774146318436 55.9170742829641 57.2910010814667 44.7691728671392 28.835507730643 16.8524359663328 10.3275446842114 1.16808301148315 0 0 0 0 0 0 0 0 0 0 0 0 0 0 0 1.1288085176299 2.12339730933309 0
36.2016285459201 30.1344369848569 11.2300192316373 4.62771517535051 1.92515536521872 0.589346202711264 3.62635465959708 4.05379260579745 3.31272433201472 2.57542232672373 2.04018317162991 8.13681383927663 8.6769958337148 7.64383686085542 8.50144649545352 13.0916597942511 21.2350438038508 28.3823062976201 34.3294590711594 36.9955947001775 39.9043609698614 52.4740219116211 63.7020021677017 67.0526723066966 67.9773886998494 61.4765187104543 55.1773806413015 47.5923617680868 51.1761556069056 32.8709085782369 15.6371916333834 5.09435373047988 0 0 0 0 0 0 0 0 0 0 0 0 0 0 0 0 0 0 0 0
