input/barkrak2/radiation/dir09124.grid
NCOLS 85 
NROWS 70 
XLLCORNER 665100 
YLLCORNER 4664600 
CELLSIZE 20 
NODATA_value -9999 
[rows 40 to 59 of 70, columns 0 to 45 of 85]
208.837707837423 211.402058601379 211.261431376139 213.120500246684 221.100668112437 227.320492267609 230.966905752818 234.870354334513 233.881791432699 216.600060462952 202.955424785614 197.975893815358 196.924070517222 192.436118920644 190.787573655446 189.283152421316 190.007249514262 189.397792021434 184.053838253021 181.721230347951 185.964326063792 191.417098045349 194.769362608592 189.799348513285 187.219838301341 184.884508450826 195.046524206797 199.998557567596 203.072249889374 203.044712543488 204.153001308441 209.101339181264 207.021752993266 212.917268276215 239.601790904999 239.626049995422 228.867888450623 220.34219900767 223.346670468648 231.650253136953 246.233264605204 263.955434163411 229.055126508077 145.411411921183 82.7839871247609 56.9730699062347
216.865698496501 214.986840883891 215.237498283386 213.011423746745 209.863483905792 208.397765954336 205.40197690328 206.606189409892 211.220304171244 201.6228834788 194.430271784465 194.601754347483 198.433796564738 197.220345338186 195.601443449656 191.81102514267 188.035527865092 195.318659146627 196.001907189687 188.9701684316 190.673371156057 191.555937131246 192.148009936015 193.839887777964 194.190382957458 190.253535906474 195.680260658264 199.658433596293 203.22306950887 204.533298810323 207.32839902242 209.035813808441 207.464993000031 223.405639330546 236.490269502004 227.222422758738 209.778845310211 201.107958952586 202.139059702555 214.367806911469 248.40126434962 262.669086456299 247.610092163086 194.391131401062 122.441758712133 81.5319319566091
221.65580590566 219.147682189941 221.747934818268 219.253520170848 213.144918282827 209.848880767822 205.667614936829 201.925873756409 202.064077059428 198.341409365336 196.551044782003 193.974395593007 198.464910189311 201.238254706065 201.126416524251 196.799417336782 194.192906220754 198.891619841258 200.177172819773 193.583349386851 190.254410107931 188.682973384857 186.623851458232 187.811096509298 192.062517007192 189.856191476186 186.172425746918 192.49169031779 199.106633663177 201.83914899826 204.322059949239 202.836672465007 208.761096000671 227.96767950058 234.046836694082 202.85960038503 189.767380555471 194.832146167755 201.047976811727 215.306063493093 226.475437482198 227.090696493785 214.402318000793 187.500993410746 133.96218419075 75.316995382309
206.329782803853 208.919088045756 217.346290747325 214.038451512655 216.898163159688 219.176948070526 216.613094011943 211.877445379893 201.282580693563 198.846697807312 202.232797940572 196.238080660502 196.916937828064 200.033525625865 201.430241266886 197.393258412679 199.119905630747 200.44885079066 200.095852216085 195.275664329529 188.85725736618 186.23157342275 184.914668401082 183.288156986237 185.842156410217 191.458900769552 185.557822386424 188.044667243958 195.042630036672 196.932077407837 195.229570070902 192.989389101664 202.936192353566 217.07554658254 217.729568481445 191.985805829366 191.388805707296 201.587398846944 211.347460746765 213.806728521983 209.915002187093 208.011190096537 199.49213663737 175.065815448761 131.184448798498 76.8657426039378
204.101800918579 209.361851215363 212.785283724467 214.23731247584 214.862167835236 217.536628246307 217.877388000488 213.103453318278 208.206633726756 201.953748861949 203.893860181173 199.492414792379 195.939163366954 193.708181381226 194.368561108907 193.276484807332 187.988559405009 196.295917034149 197.453002134959 195.7146525383 190.567870934804 188.466747601827 188.645819822947 188.053329785665 184.681038061778 195.63885529836 198.393066724141 195.197463035583 196.372409661611 194.68359152476 189.199248949687 186.830858389537 192.407568295797 195.130050182343 193.416476249695 186.283866564433 195.420066515605 209.148605664571 217.050353686015 209.116776784261 206.978917121887 199.498693148295 186.904847621918 173.445840676626 142.300188541412 99.3597308794657
210.685869057973 214.279135068258 212.085068225861 214.75483973821 213.571945826213 213.717480500539 214.211026827494 212.900519371033 213.888585567474 207.603732744853 206.517120202382 204.069415728251 199.522892634074 193.877995014191 193.387150764465 196.099201838175 187.977512677511 192.195494969686 197.275062402089 194.815675417582 193.200627962748 192.227005958557 189.97714916865 191.989401976267 192.268967628479 193.630735079447 198.452969392141 198.56603940328 196.079770723979 195.948878924052 190.516114234924 187.283754348755 189.43335612615 185.09437640508 173.175772031148 172.930558522542 185.242454210917 202.977935473124 206.209739049276 192.461252212524 196.216682593028 188.783685366313 178.730328877767 182.270089785258 170.06927728653 131.370415290197
208.669722080231 210.810720920563 214.110056559245 215.474009513855 215.626994768778 215.26974439621 215.97417195638 217.950324217478 214.50008948644 211.23464902242 209.85472202301 207.465966542562 204.031825065613 199.560403823853 199.076374371847 201.731145381927 197.17546304067 191.955864429474 198.17441701889 196.465313434601 194.732189178467 194.943209489187 192.884524663289 190.326491991679 198.04714123408 191.303312778473 192.392766475677 196.377098560333 195.871869723002 195.006589094798 193.91409556071 189.850529034932 187.349299589793 184.360086917877 180.86040019989 173.302253087362 181.928416093191 193.327009677887 194.497843583425 191.655953725179 193.485101064046 184.569974740346 187.580903371175 195.489843686422 192.135632038116 159.806460142136
202.700197696686 205.248475074768 211.429456869761 212.763786315918 216.68408314387 217.923104763031 214.527646700541 214.970310529073 213.635345300039 215.104242165883 211.949706077576 207.027792930603 205.781896909078 204.174677530924 201.600710550944 199.706713358561 197.372833887736 189.62307771047 194.663504759471 196.166892846425 193.90857219696 193.607230981191 195.343852043152 188.684264818827 192.181090513865 192.002813021342 186.72110637029 190.68455696106 195.003191630046 193.79448890686 195.348143577576 193.789184093475 186.730941136678 189.105967680613 196.96036974589 195.080955823263 191.871762275696 189.853966236115 193.720142046611 202.704628308614 195.272306601206 185.796558856964 192.018230756124 196.529428164164 191.729485988617 168.052395184835
196.124653021495 198.189357916514 204.621235529582 207.818488279978 214.408159255981 218.352774779002 214.434484640757 212.562362353007 214.232643445333 216.095805168152 214.754541714986 209.169904390971 207.264959812164 206.543723742167 202.222585678101 198.041995366414 196.130394935608 187.923868497213 193.57430934906 197.916110356649 196.252226829529 196.599702040354 197.534402211507 192.345241705577 189.626395702362 195.475419362386 191.192468007406 194.455107053121 202.209293842316 205.089231332143 209.221204121908 210.048298041026 198.928991953532 201.955238978068 205.906788508097 206.573744614919 205.675899982452 199.153304100037 198.036809762319 202.016174793243 191.523253917694 183.263977368673 176.443537076314 175.502200921377 175.990998744965 176.126062870026
194.809556007385 190.92986981074 196.296453475952 205.315073331197 210.021535555522 214.177886644999 216.071685155233 218.17409992218 218.630015850067 213.864048322042 216.352204481761 214.69908952713 210.952977339427 206.892748673757 203.731755415599 200.157880783081 197.035074234009 191.246310869853 196.062922477722 201.350629329681 202.223360538483 202.910582224528 198.963761329651 198.38414589564 193.755865097046 197.939117749532 200.480580329895 202.48818397522 208.951493104299 216.257333755493 223.532021045685 225.982924302419 216.565688451131 213.821629683177 208.308200041453 209.906935691833 210.794587930044 210.550407568614 203.789015611013 184.121131896973 179.270327091217 181.4892689387 179.484566052755 170.955896377563 170.759240786235 171.920657157898
196.021298567454 197.018186251322 199.62614774704 207.105795542399 207.55930741628 209.061880906423 215.819636980693 220.680872599284 219.195544719696 218.377073605855 216.522912184397 216.889341672262 211.62203947703 207.532087961833 206.090231736501 209.9689245224 200.908978780111 196.530878543854 199.348668257395 205.58774471283 206.242422262828 203.147013982137 201.295077800751 199.717203776042 194.705963134766 201.154152552287 204.733908176422 205.494542916616 212.747772534688 220.834076404572 229.034582773844 232.664585113525 223.993420600891 213.817218939463 202.277441819509 200.473527113597 206.148664156596 213.195403416952 202.824791272481 177.886188030243 174.610515435537 183.736403783162 186.692039171855 177.840530872345 176.158726215363 169.576128323873
194.333573182424 204.894344011943 205.822686354319 209.482669830322 207.83785978953 207.058310508728 214.291910330454 218.909998734792 218.80970398585 221.72745068868 220.144013563792 218.281388282776 216.044386227926 209.515651067098 208.233217398326 214.389542738597 206.746419270833 201.004485289256 198.122322559357 201.905310153961 202.646493911743 200.657983620962 198.368906974792 196.37805223465 193.641622861226 195.533911387126 200.250784556071 201.143225034078 203.465282917023 210.513373215993 218.294560909271 229.514122009277 220.2121814092 192.853013674418 161.743531624476 154.491364955902 177.147626876831 198.58060280482 206.710656483968 203.689634799957 202.742218971252 195.073107878367 174.02058839798 170.278906822205 178.893764813741 170.334140459696
195.782721042633 194.709420204163 193.826119105021 198.575894037882 206.494768460592 209.547241528829 209.645807743073 215.245048205058 215.185324350993 217.975457509359 219.303806622823 219.857116540273 219.913522402445 213.159283002218 209.52049891154 208.691954612732 209.437012672424 198.380510012309 194.768865903219 194.286545117696 193.801283836365 196.809907754262 195.027927557627 188.775936762492 189.692318439484 186.634262402852 190.414746602376 191.465973854065 191.448012987773 193.475286165873 195.076445738475 206.840614477793 196.536640326182 171.518385410309 136.673351128896 117.01433857282 125.787039597829 158.942043781281 193.443755308787 200.819094975789 205.731829007467 188.158353169759 168.087104956309 165.294120709101 173.563142617544 159.942040840785
202.618499596914 190.978864828746 188.027103741964 192.60573387146 205.235560735067 212.751944859823 211.92475159963 212.800701459249 215.415279070536 213.830908139547 217.162450154622 218.546907107035 219.491918881734 217.548966407776 209.786613782247 207.137068112691 210.363924503326 199.979662895203 194.775700569153 196.234901746114 195.361296335856 191.845218340556 189.974625905355 185.557703177134 184.537728627523 182.89323647817 182.384828726451 182.789941628774 181.417246659597 175.345301628113 168.50745677948 176.617383956909 171.110590298971 151.366213957469 135.510226090749 117.684145768483 98.5656380653381 106.432725985845 130.462924639384 165.621548891068 186.732530593872 176.945428053538 167.107264200846 162.915706634521 155.288438002268 145.056962966919
204.042991002401 196.339150269826 191.947340965271 196.355919043223 205.535193284353 213.181475798289 216.698845227559 212.558666865031 215.396444002787 213.790476322174 216.132561365763 218.32674741745 219.00608142217 220.609426498413 212.5204205513 211.293439070384 211.042006810506 204.409718513489 198.69069258372 200.424293677012 200.577934583028 195.934176445007 192.938884099325 191.470225652059 187.361677487691 186.523020267487 184.398134549459 181.76007270813 175.673921902974 171.063840389252 161.646713813146 165.586392084757 163.335502147675 160.461048285166 160.17093261083 150.561918814977 125.550866127014 106.084048748016 100.108206272125 115.695655345917 150.744458039602 154.074380795161 143.095682064692 128.979583581289 126.177847385406 133.123377958934
207.704742749532 203.986088434855 197.378893693288 192.120512326558 199.459731578827 211.139261722565 214.996337890625 212.471922238668 213.865240414937 216.687063376109 222.854256629944 222.759366035461 220.616181691488 221.569399038951 215.930879116058 214.148799578349 216.155250867208 210.429787635803 203.890264034271 201.43457253774 199.52913125356 199.524203936259 199.751933415731 200.840532779694 196.065068244934 191.302160422007 185.38498878479 177.182793617249 168.500204881032 167.41669178009 164.924879868825 169.833540916443 169.299562772115 177.587111790975 184.409995873769 188.347240289052 182.546734809875 164.71670071284 142.520248889923 110.98841826121 120.114207267761 138.487736384074 137.61380314827 126.134693622589 128.229022026062 145.811220010122
210.151573022207 208.975036938985 204.45716381073 197.584807872772 195.342044035594 208.318154017131 213.032444318136 213.953057924906 210.912624994914 218.02282333374 225.20915667216 226.574679215749 221.868554751078 222.460567951202 221.952557563782 215.112408002218 216.860810915629 211.429874102275 208.174069722493 206.367611885071 204.84737555186 203.739066918691 199.903070926666 198.202967643738 195.751627286275 191.422482331594 172.151625156403 148.375411828359 145.512839158376 151.678065458934 162.210126717885 167.696575323741 167.90235042572 173.049330711365 186.000049114227 202.902376651764 209.916869799296 211.363037427266 200.320879618327 154.797414938609 125.550200541814 142.331659793854 158.865660429001 164.000322421392 167.336781819661 181.032220522563
210.484166940053 206.54555161794 207.963267962138 206.181049346924 199.545939763387 203.65297794342 214.114348093669 214.693486690521 212.260782718658 215.240120887756 224.942207336426 225.666602452596 221.725662549337 222.173492113749 225.239276885986 215.383728345235 215.796629587809 212.432444095612 210.803965727488 211.370825767517 211.664279301961 210.806687672933 205.802738666534 199.161012967428 198.447545369466 197.81494140625 178.317546844482 153.182129065196 150.657991568247 158.347398042679 172.098855177561 173.471589883169 178.335150082906 187.718947728475 201.861123243968 211.183110872904 199.116309483846 174.373964468638 160.535832246145 155.532340208689 156.578560670217 169.831375281016 172.672390937805 157.221426566442 146.917104721069 160.412232081095
199.42049185435 205.941557884216 206.673741340637 206.181327501933 203.940252463023 202.155649662018 214.710036913554 220.243096351624 216.126163800557 215.64390261968 222.713808218638 225.371321042379 224.452237288157 219.703594843547 220.339099566142 217.560231685638 212.720592816671 213.66814772288 213.342587153117 214.65794245402 215.640942255656 211.605985959371 209.687987963359 203.229268391927 202.348927656809 205.262144406637 200.035373369853 191.632091999054 187.554319699605 191.307743390401 189.467509587606 182.927091916402 193.635225296021 201.946834723155 192.821800708771 182.529091835022 164.072881142298 115.117897590001 92.0456449190776 124.547759691874 162.258207798004 179.867704709371 172.806243101756 159.146646658579 153.081784645716 161.061147848765
189.115305741628 202.935377756755 205.547332763672 205.01168568929 207.180162270864 203.473210334778 209.582984447479 220.486442248027 225.878357887268 224.15691614151 223.415732383728 225.329220294952 225.843727588654 222.201963265737 222.614705562592 219.782650470734 213.903983434041 214.690426985423 212.095856666565 209.851562976837 211.760481198629 210.839708646139 209.917445977529 208.431502183278 209.79098478953 214.56257502238 223.48286708196 225.794196128845 208.445131778717 205.295205116272 196.171959241231 184.473355611165 186.454633871714 177.940507729848 148.134817679723 103.687306245168 99.9717513720195 88.5569850603739 78.2073189814885 86.4277184009552 107.536822557449 145.349105199178 171.166181564331 192.671477794647 214.393774668376 213.326156139374
