input/barkrak2/radiation/dir07324.grid
NCOLS 85 
NROWS 70 
XLLCORNER 665100 
YLLCORNER 4664600 
CELLSIZE 20 
NODATA_value -9999 
[rows 21 to 41 of 70, columns 0 to 45 of 85]
83.3316097656886 70.3456650177638 61.0939562320709 80.6996723016103 76.4454702536265 47.3044514656067 51.8604964017868 61.0030442476273 68.7421013911565 74.6440192063649 77.3493548234304 77.134316166242 79.1571835676829 77.9020488262177 83.8043888409932 100.508252779643 116.143633921941 127.18532482783 138.075729211171 152.519732713699 164.226104815801 176.35444800059 181.117157141368 178.830325603485 166.743695735931 152.195195357005 139.771382013957 139.149159193039 144.567936658859 126.828958590825 122.230758269628 90.961347023646 73.7727334101995 53.3716728289922 54.922749598821 63.0265275637309 78.1886428594589 97.3320106665293 113.54265610377 123.123506704966 125.271201133728 131.650984287262 126.768797636032 111.276497443517 136.938860019048 148.749162753423
127.003928025564 123.577217260997 102.020382881165 100.549548864365 97.5103278954824 65.4104202985764 71.6308106978734 68.7966644763947 66.6031887133916 69.1683193047841 76.9456326961517 78.7038703759511 86.2010717391968 85.5176150798798 88.985949754715 95.8215097586314 108.560144901276 121.783236662547 130.526642004649 133.375217517217 139.390567938487 155.899713436762 167.122562726339 170.66890001297 167.157133420308 156.178047259649 142.862846453985 136.300673087438 141.308575868607 119.518846273422 81.5583616495132 51.4799505472183 34.6432452400525 14.2463383575281 6.80895211795966 17.1084801355998 32.7245742082596 66.3858205080032 77.5584876537323 88.735153277715 95.7757433255513 106.715301672618 92.4562712510427 75.8744478225708 101.727465788523 139.675478140513
165.272980928421 156.533300876617 122.280895709991 107.34881957372 103.708247343699 98.5251168409983 89.2731149991353 73.1540371974309 63.4920547405879 66.2976304690043 78.5572528839111 82.2682678699493 90.5242462952932 100.298374891281 96.9505508740743 98.3177324136098 107.235848903656 118.804444869359 125.73363383611 117.760419845581 117.049952348073 122.196356455485 137.800991535187 148.601949214935 151.861588160197 151.233861843745 136.618266503016 127.819965283076 109.065930048625 67.2257045904795 51.6052742799123 40.3460065523783 14.0061440567176 0.0216472496200974 0 0 5.53259315590064 23.5070437192917 32.085378964742 35.3644837935766 42.0070836941401 43.5272653897603 49.9724050362905 86.6250097751617 99.835216999054 126.240104436874
160.091817378998 156.47366642952 140.35431543986 111.479123433431 93.9682424068451 97.7365672588348 89.4346038500468 81.9959491491318 72.7853079636892 69.4089631239573 76.614777247111 81.2606960535049 83.4941267967224 96.6156125068665 97.7567036946615 98.1309016545614 105.303198099136 117.095192273458 124.697824319204 115.895052750905 116.388271252314 113.13541730245 122.936010360718 131.018827358882 133.294572432836 132.523288329442 122.909565766652 115.295191605886 95.196803410848 49.6796170870463 43.2976981004079 41.899914542834 22.2576260566711 0.181580234008531 0 0.0792313852192213 4.43341179440419 11.8571755786737 13.3237826327483 15.0179726382097 12.7921290695667 14.8061253130436 31.5661032994588 112.619946400325 114.846030871073 125.455051660538
146.928012371063 151.780823866526 150.899281104406 120.646397272746 94.9944853782654 97.7947513262431 100.439856449763 107.157518466314 108.350952466329 97.4171956380208 90.7688836256663 94.1637059052785 99.3024408817291 104.705760876338 107.483158508937 101.041475931803 102.233519156774 114.684492349625 122.825344403585 128.384371598562 132.260342439016 128.120442231496 124.074717362722 121.745347976685 121.736903985341 120.187193155289 115.261177221934 108.701795339584 85.2445960044861 70.2388832966487 69.1091616948446 78.7724653879801 71.7991342147191 17.4562012155851 1.64781340087454 6.24676297108332 7.93871593972047 9.60656131307284 10.7575121025244 6.74701295793056 3.06262355297804 6.28842227160931 46.3411062955856 107.040544350942 131.742378075918 134.18901960055
145.836532115936 151.167233784993 154.05664841334 129.939526319504 111.996293067932 116.471668084462 126.688679059347 134.315143028895 141.390850146612 134.284446636836 110.85706949234 114.387929439545 110.207537810008 116.848230361938 118.195414543152 105.925212303797 102.839241425196 116.338044404984 126.324792702993 137.850364049276 142.200837532679 138.822426398595 130.057464043299 123.90943368276 123.033632834752 125.132461388906 115.246703227361 114.361981550852 103.539963563283 104.535480340322 118.372986714045 142.608801523844 151.505361000697 134.893178939819 53.7069489558538 19.7622353831927 17.4197927117348 17.5110138952732 13.1690377990405 6.48304882148902 15.0468821326892 45.2841917673747 84.5774511496226 104.596813519796 125.25333960851 120.212654272715
147.709478934606 146.32385969162 146.786193052928 135.292083024979 144.04433965683 142.716825008392 150.955488284429 154.904733101527 154.659241437912 150.175710519155 128.699123859406 112.542927265167 113.359371821086 116.641938686371 121.877541144689 118.035346269608 111.315349737803 119.692087173462 135.680725177129 142.065584659576 140.496750672658 130.31142950058 128.590404987335 128.550092379252 130.427191654841 130.109528700511 123.773137728373 128.061423699061 140.298267205556 148.351351420085 161.378542582194 173.272391160329 183.098097642263 194.165925184886 158.170143763224 57.5429449478785 28.8728127876918 17.4145561953386 13.0612440407276 11.3521615664164 35.8072966337204 108.796983957291 104.463527599971 95.5285429954529 90.2334054311116 92.2947227954865
150.412340958913 138.73561223348 139.900048573812 140.178869167964 166.846632957458 156.610757112503 153.573721647263 141.679128011068 137.697001298269 131.660838921865 109.419246514638 100.848972797394 110.456317663193 111.110657453537 124.915649493535 128.287891546885 122.345894575119 117.752740780512 132.798492908478 134.210407733917 133.595486481984 125.235974788666 125.761955976486 133.694628874461 135.612905025482 131.142954031626 132.915695508321 129.314144452413 151.225785414378 164.158960183462 181.748231252035 193.550944328308 200.764298439026 202.533304691315 199.997981389364 127.534200747808 27.3393789927165 8.54944375654062 4.55552184333404 4.61317412555218 53.253839413325 97.8726148605347 89.8191332817078 64.3785297870636 62.4993344148 64.9895519018173
150.510023037593 132.130076487859 133.832633495331 148.541609446208 166.664143403371 157.006502151489 134.86714164416 115.471422672272 104.902803897858 88.019589583079 84.6714576085408 86.7810746033986 95.5298840999603 110.129336516062 124.851008256276 131.816079219182 128.201504548391 115.830620129903 120.427211125692 125.216434399287 124.858677387238 126.480708519618 126.462002595266 134.436319271723 140.685856342316 136.744678020477 139.752676089605 137.802223364512 146.933495998383 169.83950138092 193.592190742493 207.047899564107 206.715663274129 205.846210320791 216.967066129049 204.470594724019 118.710378805796 30.8339198430379 18.535889685154 22.7017278472583 45.5998629331589 61.1291776100794 70.6712504227956 43.3505475521088 38.6585121353467 47.5614021221797
147.204577922821 151.205490032832 178.515454133352 219.962517420451 199.578205744425 161.80149714152 127.006500959396 93.6881303787231 81.2749167283376 77.7311970790227 73.3890682458878 70.6075578927994 92.2279755274455 110.418776671092 129.173696041107 138.142963250478 135.559658209483 122.538149356842 122.910151878993 128.416528304418 124.969621499379 130.788922309875 133.586456378301 136.20737195015 143.641422192256 148.710072040558 146.959096193314 149.420718352 153.324981530507 180.450697739919 204.155385494232 212.715744972229 208.696365356445 216.785947481791 229.264696439107 234.630068143209 213.888128598531 157.989452282588 73.6103057861328 39.4726047913233 32.4725459019343 35.6503054499626 51.5053818623225 41.4636060595512 36.6341198484103 53.0852129062017
164.576669534047 201.817870140076 249.282638231913 272.63621489207 262.791852156321 208.554108937581 155.518551667531 115.070124467214 98.4179774920146 97.6638297239939 89.7515912850698 75.9847064812978 89.9832844734192 113.539695739746 132.975101470947 142.722129821777 138.245046138763 133.561352888743 127.007186412811 129.824578762054 130.197058121363 133.459508419037 137.994815905889 138.601462046305 145.18345395724 159.95462735494 160.001297791799 166.391670703888 173.088351885478 188.98594379425 206.757485866547 216.086049874624 218.641440073649 226.301610469818 233.163416385651 229.852636655172 227.228363355001 223.009248574575 155.078123013178 73.0407238006592 37.0222975810369 36.5823159615199 40.8386861284574 44.5697804292043 54.5874089002609 76.9950300455093
226.385235786438 261.062820752462 280.570983886719 280.418713887533 288.117349147797 269.359151522319 229.599038759867 184.118807315826 143.461147944132 134.535173575083 129.352460304896 107.777873675028 92.5371646881104 110.927730798721 136.161456505458 144.097805023193 137.547622124354 140.631546576818 128.981510798136 128.964722156525 132.909754912059 134.244551261266 136.957327524821 138.346195220947 144.896060228348 159.570554892222 167.659739653269 177.397549152374 183.432618776957 189.695417881012 204.456051190694 217.372099558512 218.926548957825 214.528838793437 214.752078056335 204.624732335409 205.691377321879 202.173372109731 158.18323691686 99.6473332246145 60.1650873819987 52.4936517079671 45.75082163016 47.3285218079885 57.1053028106689 75.3861119349798
269.754409790039 282.153328259786 283.748030662537 280.070741971334 282.357752323151 283.192197481791 265.107889970144 221.801082293193 183.191498120626 163.15171122551 162.60372598966 144.823849201202 119.398852189382 118.562320868174 132.628013690313 140.167901913325 133.547991514206 135.938306649526 129.226982593536 131.243576606115 129.007508357366 130.521972974141 131.734957297643 132.203161716461 141.211370627085 153.255273898443 168.013950188955 172.065873940786 180.574377377828 191.837052504222 204.359173774719 207.159181435903 187.061687310537 183.193325996399 179.569760958354 164.346297581991 164.815723896027 150.662610928218 116.440365711848 83.3314756552378 85.4480763276418 77.1962255239487 61.3840421040853 49.789364139239 49.0324397881826 61.2321148316065
278.893987337748 281.689206759135 282.268146673838 280.878166357676 279.581824938456 281.804303328196 278.52322657903 252.838969230652 204.038818677266 173.650979995728 169.373095035553 166.353354851405 152.277499437332 136.36393348376 133.663475513458 137.907485167185 132.175167401632 129.782100518545 130.346635977427 134.82853770256 129.053403933843 129.478087027868 131.374190251033 132.594406604767 138.49925994873 146.843244632085 159.462819496791 159.685035546621 169.408738613129 186.969955762227 196.947415669759 192.551533381144 177.259643872579 176.727751890818 164.463440577189 149.954398473104 153.932442267736 151.287535826365 135.182092587153 106.71787460645 107.240150372187 112.262815237045 93.2153463363647 75.0462512175242 58.6901555458705 50.0870992739995
277.149617671967 278.90408039093 277.910033861796 278.817812601725 277.576764424642 273.892025152842 274.633844693502 259.407659371694 216.812471548716 184.609830379486 173.663020133972 172.704259554545 169.621348381042 148.654321829478 139.202803373337 144.719660282135 137.668818235397 129.071215788523 133.718520402908 136.23242576917 133.330216010412 128.66019209226 134.265075127284 138.587872187297 138.139029343923 144.164641698202 150.92796087265 151.085168123245 159.43498412768 179.550449053446 189.289311567942 186.114271481832 179.375290870667 185.598909854889 162.904312213262 156.389286120733 161.040415366491 167.489906152089 169.776380062103 141.397853692373 99.7458497683207 95.2545404434204 85.6740574042002 65.6431366999944 54.1866719722748 38.5506004095078
263.133406639099 264.421045780182 266.012986501058 264.188011487325 263.438026110331 261.431336402893 265.968084335327 263.652324676514 225.717802842458 187.420308589935 172.140379746755 166.399051745733 164.406001567841 148.745665947596 138.247201840083 148.054490486781 149.192462364833 135.900527238846 138.256361087163 143.006215492884 141.609907150269 135.723352432251 137.483278910319 141.402542591095 140.289843082428 140.526394049327 149.079481760661 155.91091910998 161.26290957133 174.743513266246 187.318444252014 189.093192418416 186.293661594391 183.449288209279 165.708045164744 170.402785142263 172.420541445414 174.903392791748 174.912810325623 149.180968602498 76.4550864696503 55.7523270448049 35.6817916035652 29.1674087444941 27.4351984262466 28.1290163596471
243.721306324005 251.631240049998 260.209500789642 258.291820685069 256.223976612091 260.449886322021 267.239252726237 268.861452738444 246.325413386027 202.174524466197 180.319527784983 162.683705488841 154.050568739573 145.08589108785 134.451866149902 141.891370217005 153.812189896901 145.151883363724 140.721033016841 145.589828491211 145.683586597443 140.426059563955 138.679047425588 140.805860360463 143.513699372609 142.533163229624 147.528221209844 157.518178224564 162.736654281616 167.927165826162 180.415530999502 190.257370471954 183.145383993785 174.488067626953 161.139190196991 179.92639541626 186.44126256307 188.497583071391 180.730084578196 165.007223685582 69.940780599912 28.5549610853195 12.5222442050775 10.8554524679979 11.4327011009057 5.31638662020365
209.851702054342 220.549126466115 227.698961893717 232.969403266907 240.627606709798 253.545701503754 264.015992482503 267.313122749329 257.145424683889 219.642003377279 193.624337514242 169.497768084208 153.37332089742 151.694675286611 141.29039645195 135.992020368576 148.73335758845 149.591386318207 141.331175963084 142.398039499919 142.90992418925 139.072199662526 134.943981965383 137.85574833552 142.965426047643 147.282173236211 146.778126557668 154.161820809046 159.584234158198 162.195493777593 173.030515511831 187.636832396189 180.829564730326 162.101030349731 168.102780977885 193.662861982981 198.297460873922 194.221754868825 184.073646863302 186.241070429484 136.047095060349 45.6377466519674 15.635047107935 11.4798347155253 10.3127527981997 7.36501129964987
173.64505926768 180.947343508402 179.502427577972 190.398017565409 206.873595714569 223.789036273956 235.521594683329 245.714624722799 241.320649782817 218.453367551168 187.004069487254 164.672474066416 150.182137886683 148.789803187052 143.892953793208 138.03497950236 142.96434322993 144.854784011841 136.230101188024 137.259751558304 140.680968761444 143.543640772502 141.445895036062 137.902160485586 136.633604764938 142.284820477168 148.503412803014 153.380850950877 158.566981554031 159.48611497879 162.286063035329 176.166196664174 172.66591389974 166.941583156586 193.582614262899 207.07094669342 202.846050262451 196.028570334117 195.86306810379 208.915154139201 213.75439564387 160.542587439219 72.6093749205271 35.8681008219719 21.2668602665265 8.71501738826434
161.655724048615 164.380600055059 164.225975672404 165.097216765086 174.923062324524 180.377046267192 184.267203013102 190.154671669006 187.671919663747 171.120544274648 154.841154813766 151.242941617966 148.737957080205 145.792106787364 142.648170391719 143.048504988352 142.025500535965 143.006900946299 136.137306690216 135.767648617427 140.326847632726 146.084278821945 147.59823679924 144.356270631154 140.08836944898 139.560361703237 150.159696737925 153.766661882401 158.900419871012 159.155319134394 160.428494215012 167.027453581492 166.591753562291 179.514825344086 206.545889377594 205.214083194733 187.830249468486 182.908614476522 186.718980471293 200.146019458771 217.48298406601 228.501399358114 179.052571455638 93.6514536539714 41.4382567008336 20.9037736058235
171.248475710551 168.184320131938 168.446679910024 166.292478640874 162.939518690109 161.376933256785 158.451775709788 159.750064214071 163.305938243866 154.852896928787 145.980467398961 147.737721602122 150.294194618861 150.751928488413 147.604386011759 145.63062787056 139.995117982229 149.148881435394 148.360063632329 141.516079505285 145.33535639445 146.244575579961 144.911001125971 146.818766991297 149.166395266851 145.096858342489 150.841295719147 155.169427394867 159.013857444127 160.646756490072 163.657317558924 166.716615358988 170.020620028178 189.246118068695 202.263394991557 186.483601729075 172.293961048126 162.180582682292 163.619548082352 176.803886890411 209.263443946838 218.436559041341 203.286667664846 143.151253461838 68.5571531454722 34.7866341471672
