input/barkrak2/radiation/dir00824.grid
NCOLS 85 
NROWS 70 
XLLCORNER 665100 
YLLCORNER 4664600 
CELLSIZE 20 
NODATA_value -9999 
[rows 23 to 45 of 70, columns 0 to 51 of 85]
62.5768055518468 52.457794547081 22.6824333270391 6.77577281991641 1.29194790497422 8.80955842634042 5.81510861714681 4.46647312492132 3.14808947344621 2.89203909536203 3.01722375055154 6.52793049812317 10.7100307941437 13.9765714605649 12.0070738097032 12.2556562225024 17.7281436820825 25.5614717801412 29.5600021878878 24.2390731970469 23.3225574096044 26.6536598404249 37.5992183883985 46.4260876178741 52.0894130071004 52.3981849352519 47.3734984795252 40.7564789056778 22.1916163961093 9.6782607336839 5.83006006975969 1.28217313128213 0 0 0 0 0 0 0 0 0 0 0 0 0 0 0 0 0 0 0 0
62.4545166889826 58.529739578565 37.6992300152779 10.9395484129588 0 3.38762408743302 4.94651558498542 5.04500325769186 4.18354322512945 3.46101323763529 3.82380342731873 2.05556893100341 8.40335401395957 12.5774592161179 11.7112162212531 11.4008262753487 15.5330325166384 23.922768731912 29.5127679904302 22.8351180752118 21.2658246358236 18.5463664432367 24.9786029259364 33.232793211937 37.1802523732185 38.0010356505712 35.2640201648076 31.607374548912 14.9417445063591 5.16633999844392 2.33979740490516 1.37593131512403 0 0 0 0 0 0 0 0 0 0 0 0 0 0 0 0 0 0 0 0
50.4545718431473 54.4264962275823 47.4160263935725 19.7545116146406 0.0149042777290257 8.54315546651681 15.383447209994 23.9824205636978 23.5290651520093 19.7819036742051 15.3730747600396 16.5126832822959 15.1623363296191 17.9650411009789 17.9517529904842 13.8603126009305 14.751024544239 22.910254697005 28.8390393058459 30.9545348087947 31.0251414775848 27.9342383146286 25.1713146766027 24.8590186238289 27.3499538501104 29.2238046725591 25.7318417231242 26.2266049782435 16.027836749951 12.022224565347 9.38072676459948 11.7241814732552 7.19865287343661 0 0 0 0 0 0 0 0 0 0 0 0 0 0 0 0 0 0 0
49.1699079672496 53.8389583428701 51.4717102050781 28.1910349925359 6.78873496750991 19.7269481917222 32.5954308112462 42.725329597791 50.1588682333628 44.0990130106608 28.4270892540614 28.9500504732132 26.2144058942795 28.528851767381 28.5524030526479 19.1714006165663 16.9260402520498 23.1948619087537 31.8913012742996 41.4606009920438 42.0768409967422 39.3911128242811 31.7789490024249 26.4357179403305 26.7788171768188 28.787059088548 24.909570813179 32.1750715374947 30.6936477621396 29.4524356722832 33.0848892529806 48.0343153079351 55.5095970630646 36.1573100090027 0 0 0 0 0 0 0 0 0 0 0 0 0 0 0 0 0 0
50.3802597522736 49.5190769433975 49.518957734108 33.7046980857849 28.7371451656024 38.3797536293666 52.2061338027318 58.4406356016795 59.5134447018305 52.3729821046193 37.1983051300049 32.7637766798337 29.2284612854322 30.8398455381393 32.3169082403183 27.9255012671153 23.1758654117584 26.3756836454074 39.4665400187174 43.8426733016968 41.4111961921056 33.5234527786573 31.4672067761421 31.9781055053075 32.3925291498502 32.7631160616875 30.4534708460172 40.1076798637708 56.1592181523641 60.4348580042521 63.5061115026474 69.4215049346288 79.0997594594955 84.0675036112467 42.6600078741709 0 0 0 0 0 0 0 0 0 0 0 0 0 0 0 0 0
53.2289296388626 43.7199225028356 44.1119223833084 36.0365559657415 47.536904613177 52.3410091797511 54.9141466617584 55.3437372048696 49.7970581054688 39.8894473910332 32.8640788793564 27.7639925479889 27.9266809423765 32.1235259373983 33.3222299814224 36.3853499293327 30.16181041797 26.1511082450549 35.0775669018428 38.2327089707057 36.1716796954473 29.7753860553106 29.4964139660199 34.7390646735827 36.9262620806694 33.7157994508743 34.4517876704534 39.9468491474787 62.0349148909251 74.3967841068904 79.9590100844701 83.7525725364685 91.3161635398865 93.6700304349263 82.8644533952077 18.9971787234147 0 0 0 0 0 0 0 0 0 0 0 0 0 0 0 0
54.4690390427907 39.3636872371038 39.3113618095716 40.2797410885493 48.8418887058894 52.0047098398209 44.0809528032939 32.9478457570076 9.35121004780134 6.53598271310329 5.7463018844525 19.2431136965752 26.8343339363734 33.5053130984306 34.0265830357869 38.6697103579839 35.5509718259176 24.3970304727554 26.5963127215703 29.6183948715528 29.1890303293864 29.3714304765065 29.4085592031479 34.5474407076836 39.4159555435181 36.4068398873011 38.3792047699293 40.2279223004977 55.9374392032623 76.6711384057999 88.1489316622416 92.4374461174011 94.7568913300832 95.7078635692596 101.281861464183 82.6304455598195 14.1090042889118 0 0 0 0 0 0 0 0 0 0 0 0 0 0 0
53.8011292616526 54.1027734676997 71.3217357794444 98.3719130357106 78.7607332070668 56.8545460700989 34.8053028186162 9.81088976065318 5.99763790766398 13.8095580041409 5.5913304289182 5.03221806138754 25.2658724784851 33.8346436619759 36.3888218998909 44.0420856078466 40.5477633078893 29.1877339283625 28.2359421253204 31.1962688962619 28.6413182814916 32.0281758904457 33.723254998525 35.6512715419134 40.8843606710434 44.4692422946294 42.9579516251882 45.2836255232493 57.3997547229131 79.8914680878321 94.8673586050669 97.7265934149424 94.8356588681539 102.675706148148 110.993723074595 113.700052102407 86.3717397054036 35.2598751584689 0.194647640455514 0 0 0 0 0 0 0 0 0 0 0 0 0
64.2553319533666 93.6504701773326 138.212442398071 158.97461771965 138.125310341517 93.1767125924428 51.7503569523493 27.9661864042282 23.2984920342763 26.8715719381968 20.0545949240526 18.3482890327771 25.5589013298353 32.2500318288803 41.3276503483454 46.06693983078 42.0385797818502 36.4811370770136 30.4800222317378 31.5682192643483 31.5620675683022 34.4009920954704 36.5385338664055 37.5226189692815 41.6538268327713 51.9609600305557 52.054559191068 57.1789840857188 65.9389793872833 81.3503762086232 93.5051143169403 99.9236504236857 101.490090290705 106.336096922557 114.416241645813 113.610366980235 108.277459939321 87.2200628121694 32.3780998587608 0 0 0 0 0 0 0 0 0 0 0 0 0
118.314703305562 152.917404969533 178.910573323568 180.606305599213 177.173137664795 153.200437625249 115.858127673467 80.7753105958303 61.0526154438655 52.9293020566305 47.6671208937963 39.3737902243932 29.1489437222481 30.7728399833043 39.026769498984 45.1873789230982 40.1361187299093 40.8630445599556 31.6839764515559 29.7882109880447 33.8529894749324 35.2838486433029 35.8019794027011 35.705029964447 40.2658532063166 52.2804856300354 57.6229194800059 64.3729468186696 72.7067391077677 80.4144293069839 91.0270114739736 99.3745525677999 99.7519493103027 96.9663063685099 99.3212461471558 94.9591596921285 96.3337322076162 83.2105726003647 43.5106108585993 0.544779080276688 0 0 0 0 0 0 0 0 0 0 0 0
170.573433240255 187.898198763529 193.492452303569 192.544976870219 194.305976231893 189.144432544708 169.408182303111 131.239175796509 96.1384872595469 72.5933313369751 73.9289224147797 66.5499269962311 44.1571523745855 36.1097181836764 36.5181416273117 41.1978090802828 36.0093315442403 36.7593839764595 30.4124603668849 31.0675005118052 30.5904174844424 31.9909875591596 31.3398589690526 31.5417622526487 37.5368942817052 47.3693460226059 56.8674504756927 60.4847421248754 68.9610739549001 79.2501072088877 88.7634853521983 91.769685347875 83.7324758370717 74.3115494648616 75.9827693303426 65.0186836719513 65.8959895372391 52.4535278479258 14.0027143061161 0 1.11372225607435 0 0 0 0 0 0 0 0 0 0 0
184.779425462087 193.693478902181 193.147579828898 195.661743481954 195.832312107086 193.156182765961 185.024301211039 155.695458253225 113.425076007843 87.6833101113637 83.3504994710286 81.0229778289795 67.2208964824677 47.1013287703196 39.1058996319771 39.328304429849 33.5820391774178 30.3579171498617 30.00524888436 32.7090471982956 29.6649088462194 29.6418691674868 30.5939863125483 31.2626709540685 35.1389000813166 41.4259880781174 50.6547341744105 51.4299521843592 59.1373095909754 74.179396033287 81.4919223388036 80.4803917805354 76.3452301422755 70.2284475167592 63.5934720436732 53.1594256560008 56.9021999835968 54.3437451124191 36.4141191045443 6.39933906495571 7.65280487636725 0 0 0 0 0 0 0 0 0 0 0
176.411032676697 180.930197238922 177.798370520274 179.985503355662 180.302282174428 174.22221104304 168.829917907715 151.875634988149 118.216464916865 98.0572998523712 92.3854211966197 83.8876366615295 76.905146241188 52.8758466243744 41.6654472549756 42.7025804917018 36.7575685183207 29.4976681470871 32.8747456272443 34.0124294161797 32.6309526960055 30.1185821493467 32.8588336706161 36.5315154194832 35.4011058807373 39.3731072545052 43.420265118281 44.6424235900243 51.0352253913879 67.6575352748235 74.9363352855047 75.1330455144246 77.1972984075546 77.9895534118017 63.1852199633916 58.6415926615397 62.1767789125443 68.2047108809153 63.0522221326828 26.8460710843404 0 0 0 0 0 0 0 0 0 0 0 0
151.350021362305 155.17125527064 157.660116751989 153.946667909622 153.602659702301 153.296182552973 157.220731178919 155.161639054616 128.999720017115 106.047888596853 94.2532916863759 77.8267085552216 69.1920767227809 48.6941337585449 37.8446901837985 42.363981405894 44.2642321189245 33.9135974645615 36.0391810536385 38.7632250785828 38.6100163062414 35.4104389746984 36.1633772651354 38.5080526272456 36.8833020329475 37.1596664190292 42.019655307134 48.2178827126821 51.8429776032766 62.8726830085119 73.629563053449 75.9274959564209 77.8827021519343 81.7674398422241 66.7637338240941 66.4654523134232 67.0271863540014 74.5250384012858 73.9987542231878 38.4510507186254 0 0 0 0 0 0 0 0 0 0 0 0
128.635575373967 137.69539197286 149.33846394221 145.571738481522 144.667973121007 151.35000149409 161.280920108159 164.790789286296 148.179233074188 117.978056271871 95.214714606603 69.7430769602458 54.1624228159587 42.6413714885712 34.6690764029821 38.0516921480497 47.730694214503 40.7344102859497 38.2921646038691 41.7459905147552 42.2302484512329 38.7577737371127 36.9186600049337 38.4188368916512 39.7319545348485 38.7038737535477 41.4728174606959 48.7255652745565 52.7797738711039 57.1423123280207 68.147341410319 77.8866608937581 79.4348965088526 74.6177732944489 63.6224001646042 72.9677528142929 75.4981189966202 80.1499287287394 80.36241432031 57.1720997492472 0 0 0 0 0 0 0 0 0 0 0 0
92.8465227286021 104.133903980255 112.425704797109 116.674731175105 125.028789043427 140.121857325236 154.732882976532 163.814673821131 161.090215047201 132.980624834696 99.5827217896779 67.4561013778051 48.8944252332052 45.9882120291392 39.0273580948512 33.6271723111471 43.1931763887405 43.7579303979874 39.2014980316162 39.1977081696192 39.6893694996834 37.1917759378751 35.1277639468511 36.8051802118619 39.4890705744425 43.0151373147964 42.0373777548472 46.818420290947 50.6219764550527 52.6154140631358 60.5269620815913 74.4131157795588 78.1420767307281 65.6798183917999 66.1945690711339 80.7185818751653 83.6769541104635 84.0349098046621 84.7533245881398 81.1304648717244 29.9714331825574 0 0 0 0 0 0 0 0 0 0 0
59.1690838336945 65.6919876734416 65.3473536173503 75.159897406896 90.3120736281077 107.750982046127 122.140179077784 133.912622928619 136.515031258265 113.44434817632 79.3993771076202 55.7930618524551 44.2193746566772 43.1055873632431 39.856826265653 35.6588363647461 40.0848140319188 40.2908772230148 34.5288117726644 34.9075198173523 37.783570587635 40.4942681392034 40.3839473923047 37.1769393483798 36.6715341806412 39.0351663033167 43.9897974332174 46.258012453715 50.5568037430445 49.7316221396128 53.0291100343068 64.3802980581919 71.3796466588974 68.2910680770874 84.5999717712402 89.1099770863851 86.8715842564901 81.7265013853709 88.1931781768799 99.538932243983 90.8333162466685 36.2358838319778 0 0 0 0 0 0 0 0 0 0
48.7809826930364 50.6565272808075 50.604909658432 52.6369959115982 61.2564533948898 67.1426206827164 70.8422164122264 76.6372531652451 76.9941955804825 62.0947976907094 47.3556965589523 43.6912526686986 42.4452970425288 40.2778511246045 39.3622244397799 40.0508766372999 38.8576711217562 38.4824201464653 34.7396284341812 34.9814842144648 38.4469280640284 43.8936253388723 45.0139989455541 41.7047242323558 39.7655020157496 37.9497334361076 46.3179995616277 48.4693000713984 50.8097956577937 51.3750016689301 51.5765895446142 57.7619175116221 65.5537496010462 74.0923235813777 90.9321705500285 89.0960494677226 81.7747265100479 73.0174233516057 75.2987464269002 92.3579831918081 101.494252681732 92.1754638353984 46.4022060235341 1.41972349956632 0 0 0 0 0 0 0 0
56.6176970799764 54.25164103508 54.4169247150421 54.0854632854462 50.9127179781596 49.1518477598826 47.9300667842229 49.1369962692261 53.8514753182729 46.5822120507558 39.3846953908602 40.8012196421623 43.8001056512197 44.3780720233917 43.2230134805044 42.055477698644 37.1153031786283 43.7672088543574 45.0707823038101 41.582815349102 43.7548259894053 44.1775222619375 42.681227127711 45.1562801996867 47.2777088483175 43.2381083567937 47.2273925940196 49.6595501899719 51.6370634237925 52.5101075569789 53.0459384123484 57.3087433973948 63.6023779710134 78.9570411046346 86.7160161336263 78.8519283135732 69.7067429622014 60.9330137570699 57.8226546446482 68.5523053010305 92.2018885612488 96.6145992279053 74.7249027093251 26.0631690422694 0 0 0 0 0 0 0 0
60.728003581365 58.0351650714874 60.8535706996918 59.5110207796097 53.0057301123937 50.0220358371735 47.9486684004466 45.4551080862681 45.6722478071849 42.7298198143641 41.1585494875908 41.011318564415 44.4381137688955 48.1168379386266 47.8617399930954 44.9646612008413 42.7016218503316 48.3325024445852 50.7186154524485 46.1001098155975 43.9729044834773 41.6584064563115 38.0341087778409 40.5188078681628 45.2330062786738 42.734240492185 40.0643746058146 44.45414741834 48.3050296703974 51.1090010404587 51.5627165635427 51.5458683172862 61.7923984924952 78.4205993016561 82.8790664672852 70.449819167455 61.2519681453705 58.0095748106639 56.6780020793279 63.1933361291885 70.3243265549342 72.966401775678 61.5258713563283 33.1907123327255 0 0 0 0 0 0 0 0
45.8380331595739 48.386404911677 56.6739290952682 54.2731632788976 56.6640943288803 58.9563697576523 58.3432018756866 54.2903592189153 44.5903340975443 43.2876894871394 46.5852717558543 43.4546967347463 44.141560792923 47.5766807794571 47.9265550772349 45.9853212038676 47.387753923734 49.2389698823293 50.1482586065928 45.9947685400645 41.7304386695226 38.899136086305 36.9300196568171 37.1440922220548 40.2486175298691 43.5384809970856 39.3329982956251 41.7566498120626 45.7462221384048 47.1885701020559 45.8731353282928 43.9349710941315 53.5252243280411 66.7219012975693 72.9252894719442 63.4302894274394 60.0523551305135 62.5713715950648 62.4756067991257 62.8235936164856 60.5474611123403 59.5671633879344 55.0677378972371 33.2223276297251 1.2373785333087 0 0 0 0 0 0 0
44.3257590134939 49.9039789040883 52.8121838967005 53.492416938146 55.3090324004491 57.6925575733185 58.0043693383535 54.5277694861094 50.3313690423965 46.6686983903249 48.2532382011414 46.1893379688263 43.9940541982651 42.5859043995539 41.955644885699 41.7943199475606 39.706086119016 45.607050259908 46.9258278608322 45.7427054643631 42.4934476613998 40.4909575978915 40.6109218796094 41.3703868786494 39.7502109408379 48.0622301499049 50.1540899276733 47.0884342988332 47.4233975013097 45.9946393966675 42.001078526179 39.9305298924446 45.0615833202998 49.7336784998576 54.8699547847112 58.1670602162679 61.3782902558645 66.7904863754908 67.7829285462697 61.0931317011515 60.2788825829824 55.8150112628937 53.3751100301743 37.6067807277044 10.076383749644 0 0 0 0 0 0 0
50.2515584230423 54.735521475474 52.0387937625249 55.2955021460851 53.9304365714391 54.1233519713084 55.6816260019938 54.4087439775467 55.8581252892812 51.7355104287465 50.9663869937261 50.4586746295293 46.3823179403941 42.1084264914195 41.2978654106458 44.6957846482595 40.2927349011103 43.4505442778269 46.8901395797729 45.7612723112106 43.7872807184855 43.6590214570363 43.2379146416982 45.281062523524 46.7964857816696 47.5293298562368 52.7301728725433 50.2385795116425 47.8407839934031 47.0066517591476 43.2118425766627 40.223037203153 42.8103903929392 42.4014528592428 42.8246259689331 46.3141004244486 52.3353318373362 61.0196938117345 58.9532405138016 49.2954651514689 50.9276340405146 49.1619159777959 49.0666578213374 46.3556398948034 30.2473579843839 4.04957961291075 0 0 0 0 0 0
