input/barkrak2/radiation/dir07324.grid
NCOLS 85 
NROWS 70 
XLLCORNER 665100 
YLLCORNER 4664600 
CELLSIZE 20 
NODATA_value -9999 
[rows 0 to 20 of 70, columns 0 to 45 of 85]
199.487447738647006 215.320626894633 231.807152430216 251.828134059906 260.40780544281 260.820964972178 254.285136858622 248.796582221985 249.719520409902 252.079625924428 251.322368780772 251.739939053853 250.504910945892 251.24047199885 253.160059452057 243.604958057404 231.836219628652 219.671467940013 215.499917666117 204.9800157547 201.925178368886 216.803550720215 243.64705880483 251.404960950216 253.551264603933 264.209806919098 262.962420781453 248.615920543671 233.050366242727 231.143852074941 226.986984411875 247.445702552795 290.59644540151 289.399246374766 285.127997398376 273.635903994242 278.068701426188 292.893250783284 287.730097770691 288.435677687327 276.378830273946 277.244408925374 288.976351420085 287.314057350159 277.005831400553 280.018011728923
177.188813686371 195.374846458435 211.40585343043 231.316884358724 244.07962958018 249.28625424703 248.455723126729 250.212450822194 258.705496788025 258.15623998642 254.222432772319 252.665082613627 251.597225666046 252.563158671061 252.413312594096 242.618978023529 236.616253852844 227.753440539042 223.082979520162 212.237854798635 216.342012087504 237.054069836934 257.759551207225 260.83912452062 264.529665311178 269.444902737935 264.634092648824 251.974642276764 237.979849179586 233.008642991384 233.841280142466 261.266271273295 292.133450508118 289.971550305684 285.003880659739 275.548458099365 280.879398187002 292.004227638245 287.872195243835 289.514819780986 280.766129493713 279.020031293233 277.303059895833 275.802493095398 273.506224155426 279.970169067383
138.860414425532 152.39347020785 165.553679068883 179.151296615601 192.69996881485 204.158584276835 215.534885724386 231.813073158264 245.328366756439 246.314148108164 246.57412370046 250.300407409668 258.672654628754 262.485643227895 260.639786720276 265.025695164998 265.425781408946 255.817035833995 239.275972048442 228.688100973765 236.835559209188 250.711361567179 259.436885515849 262.054800987244 267.196933428446 266.140500704447 260.334352652232 251.303354899089 242.359737555186 240.924874941508 249.26902850469 276.893039544423 290.771762530009 291.136006514231 285.649041334788 279.822607835134 286.596198876699 289.464354515076 289.72981373469 287.37332423528 279.159824053446 270.880222320557 259.37815507253 257.860521475474 267.653505007426 277.941107749939
119.401117165883 120.947817961375 129.349688688914 136.730511983236 143.885185321172 149.205257495244 157.972892125448 175.727804501851 197.82700141271 216.853936513265 231.726765632629 249.053200085958 261.523544788361 266.1518851916 268.897215525309 274.917701880137 271.632572015127 261.043429374695 244.588772455851 237.648546695709 237.36576239268 236.628234386444 248.928745587667 255.668481190999 256.341377894084 257.631957530975 257.198770840963 253.181080023448 251.006484031677 252.927819887797 255.809525648753 281.887431939443 289.153138796488 289.308865865072 285.562872886658 287.720362345378 289.355119069417 289.755503336589 287.214080492655 277.316610018412 269.304712613424 257.272144158681 252.654353777568 265.875577926636 281.949003537496 276.028792063395
143.249561389287 124.939640363057 111.707290013631 101.877967516581 104.024589061737 122.770885626475 144.840429226557 156.708717346191 167.999724547068 176.548798878988 200.867533683777 226.857542991638 243.244349956512 251.676440238953 258.314609527588 261.562605698903 257.121940453847 247.686306635539 241.532921791077 238.332033157349 233.490427335103 231.247206528982 242.587784926097 249.217251936595 252.219339211782 258.629262447357 257.970849672953 255.501210689545 253.473579883575 251.812438170115 258.277316888173 286.709050337474 287.30175892512 287.921229998271 282.677133878072 284.205953280131 285.229742527008 284.259756406148 273.778915405273 266.72242085139 264.602939287821 261.526068051656 265.279213587443 274.077475070953 277.36500898997 260.953605175018
189.412275950114 158.425509929657 129.035542408625 104.677826166153 95.8738625049591 107.673058907191 134.400188922882 152.977526187897 157.936364412308 157.346884409587 168.546001116435 184.101859728495 195.28873761495 202.910423278809 212.446490923564 222.006519635518 224.922378857931 229.617695013682 236.898839473724 242.530484994253 242.639720439911 245.080908139547 245.911081631978 247.014145056407 251.16354227066 257.170518239339 257.972856362661 258.381962776184 256.919225056966 256.851236025492 270.526051521301 286.300937334696 284.4224969546 284.713367621104 279.625197251638 277.647395928701 279.643813769023 275.078256924947 266.349871953328 267.305572827657 266.460736592611 263.70108127594 265.059351921082 268.191556135813 258.267243703206 231.820225715637
214.584310849508 187.100211779277 164.217948913574 141.217609246572 119.043260812759 106.070061524709 114.172478516897 144.38134431839 159.846991300583 168.753067652384 165.450274944305 159.942289193471 155.387848615646 150.925844907761 153.321454922358 170.073668162028 184.573690096537 206.954081853231 228.558719158173 242.608745892843 248.646716276805 252.078473567963 250.211199124654 247.247358163198 249.838928381602 252.407550811768 254.969517389933 257.42769241333 257.722516854604 262.689451376597 275.282442569733 282.737374305725 279.22252813975 275.664329528809 272.551755110423 269.511421521505 268.795390923818 264.668544133504 260.244170824687 256.761451562246 251.484334468842 249.755422274272 255.548457304637 261.78898413976 251.255095005035 240.260402361552
227.197686831156 215.293228626251 200.930078824361 182.567516962687 156.752189000448 124.277204275131 102.728803952535 100.385298331579 137.858390808105 165.828178326289 174.97177918752 170.889476935069 161.15469733874 149.627576271693 135.872602462769 139.619876941045 153.189520041148 171.776413917542 198.594450950623 221.194664637248 235.5610926946 245.243648687998 252.685189247131 248.780250549316 247.056603431702 245.465219020844 246.676087379456 248.457749684652 250.42712688446 259.428520997365 269.928495089213 273.649752140045 268.143614133199 263.210495313009 257.934351762136 255.97616036733 259.887337684631 256.167829036713 249.143262704213 233.874201774597 233.240723609924 243.093291918437 260.514438152313 270.317018032074 265.698393185933 264.247357845306
218.68888537089 218.88260046641 213.199138641357 203.621506690979 186.766107877096 161.591321229935 128.747334082921 98.3277956644694 113.072057565053 136.319984992345 159.262677033742 170.966068903605 174.056490262349 170.911153157552 156.653185685476 147.786408662796 144.907693068186 149.436891078949 165.209740400314 184.81320142746 203.463971614838 220.218857129415 232.519884904226 230.302214622498 232.22808043162 231.186985969543 231.879671414693 233.843743801117 236.411372820536 246.748248736064 253.048002719879 253.332396348317 250.491698582967 248.851418495178 249.163766702016 250.688413778941 251.056551933289 250.080287456512 243.659257888794 237.117091814677 249.54875310262 263.560771942139 271.44988377889 274.050911267598 265.349268913269 259.18851296107
183.467249075572 194.970011711121 200.822651386261 200.418869654338 197.285294532776 190.807461738586 170.625368754069 149.316012859344 115.485479434331 106.531093517939 120.008687178294 149.022440115611 173.129121462504 186.430414517721 187.589506308238 176.619589328766 160.311162471771 153.85694305102 152.903288602829 156.636506319046 166.642795006434 176.246722539266 187.988758087158 197.67020146052 208.114862442017 210.673530896505 211.591442426046 213.15457423528 216.093341509501 223.589499791463 225.034852822622 226.0928551356 232.995291550954 236.796696980794 241.091310977936 242.530822753906 241.305470466614 245.396792888641 243.040899435679 249.462008476257 266.162316004435 273.527999718984 275.312483310699 272.740085919698 263.700703779856 258.812586466471
94.6187376976013 122.724821170171 139.305571715037 165.832966566086 177.568813165029 186.357537905375 186.902523040771 178.954243659973 147.454579671224 119.467387596766 104.577402273814 112.351367870967 142.292280991872 172.362943490346 189.736743768056 178.52391799291 169.909556706746 161.250015099843 152.039666970571 146.085123221079 146.584004163742 146.033654610316 151.879598697027 167.727768421173 183.074255784353 192.155003547668 193.8449939092 194.556534290314 201.53534412384 207.304199536641 210.805237293243 214.716553688049 225.043058395386 228.661517302195 229.227701822917 230.473597844442 235.654612382253 241.15918080012 245.990673700968 260.066032409668 270.132164160411 273.018141587575 272.413690884908 269.742707411448 265.765070915222 266.570885976156
61.8050595124563 61.0674321651459 70.7629024982452 84.9242806434631 106.061001618703 126.482824484507 163.01433245341 170.092701911926 170.538028081258 154.488821824392 125.449279944102 103.030472993851 105.686654647191 130.905210971832 162.262996037801 167.864044507345 174.729426701864 169.547259807587 158.570637305578 145.85879445076 139.747490485509 137.683729330699 138.267437616984 147.832582394282 157.485673824946 165.151566267014 169.159571329753 174.370110034943 182.213048140208 187.691569328308 193.071126937866 198.833783467611 205.536882082621 208.642681439718 209.805448849996 212.740918000539 224.60416952769 236.84561252594 242.496152718862 257.342259089152 264.515280723572 265.661597251892 262.492100397746 257.432500521342 255.70809841156 254.966855049133
49.4698385397593 43.1638062000275 39.2911632855733 31.0489038626353 31.7590460181236 53.6917150020599 77.3635158936183 105.436980724335 132.328619559606 139.821082353592 148.764818906784 124.031662940979 95.2323575814565 94.1815872987111 116.651505231857 149.752030769984 170.13951142629 175.297756989797 169.837613900503 158.329566319784 149.124910434087 149.094124635061 148.564835389455 149.903883536657 150.99369486173 151.172955830892 155.920485655467 165.776153405507 170.070628325144 171.620070934296 177.455445130666 183.37881565094 184.741417566935 186.22765938441 190.189083417257 196.211099624634 209.229985872904 223.516603310903 226.614197095235 237.389326095581 244.794885317485 246.338248252869 244.47246392568 245.588382085164 243.132630983988 243.755141894023
51.3292700052261 30.1330188910166 14.4687083860238 9.10966408749421 3.17512142161528 0.557733156407873 7.25781545042992 42.6812320947647 76.5099128087362 96.0968136787415 119.501789410909 134.775271018346 120.685239632924 103.798011938731 102.429419755936 125.331024328868 141.760269800822 161.429117123286 173.834462960561 174.209078152974 164.178798596064 162.924528121948 160.085419813792 158.817052841187 160.811503728231 159.49543317159 162.100444237391 171.770830949148 172.240833441416 164.79687889417 170.460919539134 176.387747128805 177.860220273336 178.153653939565 182.313323020935 190.447350343068 197.073777516683 203.91833782196 207.881152629852 210.778951644897 217.101693153381 223.966558774312 230.756560961405 238.100409507751 234.488944212596 240.211685498556
58.3379218975703 30.7542632023493 10.2636367082596 3.18973418325186 0.780998884389798 0 5.81288213531176 27.0944237709045 43.5557862122854 70.857897400856 96.8742370605469 119.55659588178 137.278894583384 130.389660596848 116.012861331304 114.970684051514 118.220945199331 134.319543838501 157.39976366361 170.381367206573 173.247138659159 169.680714607239 169.933299223582 167.912085851034 166.99610153834 168.051779270172 170.12095451355 171.98113600413 170.300761858622 164.558311303457 167.498389879862 173.032800356547 172.951738039652 172.082761923472 176.668544610341 181.032339731852 182.690064112345 181.794762611389 186.70125802358 187.818586826324 194.549679756165 203.493416309357 209.478656450907 215.26038646698 217.665076255798 222.958286603292
49.0362097819646 32.5224151213964 9.24169893066088 1.23360527989765 0 4.50077963372072 17.8996659815311 30.4687072833379 42.6747053861618 60.1873944203059 84.4818949699402 118.396520614624 139.284501473109 144.722998142242 139.43870862325 116.428881883621 109.060118595759 111.927489439646 128.850370645523 155.235260725021 169.312516848246 172.41758108139 180.652280648549 174.990276495616 169.424136479696 172.864218552907 175.688207149506 172.677636146545 171.022077401479 173.258284727732 172.27037747701 173.191388448079 169.756690661112 167.752822240194 168.768763542175 168.032646179199 165.44630130132 160.894423723221 164.197583993276 166.853070259094 171.952843666077 178.649187088013 181.601246198018 184.380710124969 198.497037092845 205.32214641571
44.0784196058909 36.1781592170397 16.0377882421017 0.000130551522185366 0.199280679225922 6.38014699021975 22.2289810578028 34.7415332992872 48.0612764755885 56.1270068089167 70.5569684505463 101.294457912445 126.944084962209 138.472974300385 146.268387635549 139.01408513387 136.515349149704 126.654674609502 117.209961016973 127.468923727671 148.466060558955 166.030675172806 175.797720750173 174.519161383311 172.364970048269 178.641438484192 186.124682426453 182.982365290324 181.497752666473 187.988817691803 184.607048829397 173.225343227386 166.009873151779 161.337504784266 157.437433799108 156.560550133387 151.225984096527 149.698863426844 150.900920232137 154.995709657669 157.594760258993 161.037703355153 164.642463127772 167.202134927114 187.154312928518 198.038081328074
39.4158288836479 39.0012264251709 27.6700481772423 1.20537565089762 1.07479506793122 14.5312969883283 28.6660095055898 44.9303686618805 59.3032091856003 63.1814648707708 69.8500474294027 87.1621668338776 110.487192869186 129.112501939138 143.575052420298 152.732948462168 156.337628761927 147.300819555918 131.971418857574 120.125303665797 129.932165145874 152.589211861293 163.838227589925 166.870892047882 170.574128627777 172.943532466888 178.862849871318 184.521794319153 194.83749071757 197.147687276204 191.15287065506 180.086115996043 170.227547486623 160.897731781006 153.696199258169 150.613288084666 148.033827543259 148.906926314036 149.327566226323 151.280512412389 154.447317123413 155.748814344406 156.208117802938 160.221497217814 173.884153366089 189.63627020518
42.8809821605682 49.5129724343618 48.0263580878576 15.2471189697584 8.77855904400349 28.4358412027359 40.0060092409452 57.0486237605413 69.1472142934799 82.0822219053904 91.5620625019073 93.2581822077433 102.715224027634 114.362061023712 133.320689201355 147.94201652209 154.152154922485 159.001727898916 156.738708416621 140.579044818878 125.021725893021 136.940846840541 144.889493783315 157.521138588587 168.391903241475 171.940982341766 173.638800779978 175.702969233195 174.10405476888 183.553437391917 173.619786898295 184.940377871195 174.704591433207 164.405206839244 158.160587151845 152.65213449796 150.776624679565 147.126257419586 146.024207274119 150.400271018346 155.193378527959 158.222148815791 157.749841610591 159.425924221675 161.659061908722 178.718368212382
47.3358531792959 46.533261736234 58.7548265854518 45.4219182332357 29.985544582208 42.8832819064458 45.4487750927607 56.4542412757874 67.4744844436646 83.0851644277573 93.4088528156281 89.5273586114248 89.9241665999095 97.5594619909922 113.840123017629 131.632496913274 144.838869571686 151.170462369919 157.907823721568 157.09466735522 150.868604580561 137.856225172679 137.582908074061 147.469818592072 157.464871803919 162.125011285146 170.184413592021 169.199069341024 164.198338985443 159.75766380628 153.340439001719 161.724726359049 155.337462822596 167.024254798889 161.268870035807 156.163036823273 151.296377182007 141.847987969716 139.499326546987 147.582660118739 154.545962810516 156.3933690389 159.493237733841 157.776643832525 157.703081766764 169.311245282491
55.1554461320241 43.7582234541575 47.3564714193344 61.9344711303711 53.8694858551025 47.6794838905334 43.1854476531347 52.8565496206284 61.5983655055364 75.0249872605006 82.0647726456324 81.327885389328 82.2031398614248 82.7431132396062 95.0958629449209 111.143430074056 126.402268807093 134.974141915639 144.218971331914 161.707142988841 171.196560064952 157.068987687429 156.80260459582 157.702306906382 155.770520369212 152.997603019079 156.820396582286 154.903749624888 158.134301503499 148.095031579336 134.372363487879 128.383189439774 107.534994681676 97.0416963100433 102.876126766205 116.678337256114 138.683587312698 140.097727378209 141.936838626862 147.785643736521 149.59650238355 149.761577447255 153.777629137039 146.0808912913 150.55309732755 156.55329823494
