input/barkrak2/radiation/dir04924.grid
NCOLS 85 
NROWS 70 
XLLCORNER 665100 
YLLCORNER 4664600 
CELLSIZE 20 
NODATA_value -9999 
[rows 42 to 62 of 70, columns 0 to 48 of 85]
121.356536944707 117.964963118235 121.016720930735 119.032065073649 111.46800716718 107.978572448095 104.65798775355 101.399481296539 100.982924302419 98.0733335018158 95.5664118131002 94.2849516868591 97.8816449642181 102.379659811656 101.324260234833 97.462276617686 93.6514735221863 98.9927252133687 100.94827413559 93.4537450472514 92.0506020387014 90.1655554771423 86.5650077660878 88.2421433925629 92.7305817604065 89.2004370689392 86.0829850037893 92.4951831499736 99.0849137306213 100.718905528386 103.401362895966 104.373395442963 116.433997948964 141.325235366821 149.0478515625 129.109382629395 114.913284778595 112.238566080729 113.333503405253 123.113254706065 134.067585070928 137.208124001821 121.587067842484 84.8772724469503 24.3236968914668 0 0 0 0
104.381620883942 107.315838336945 116.227755943934 113.645484050115 116.087108850479 118.120729923248 117.087225119273 111.618975798289 99.7864703337352 98.6435115337372 101.528942584991 97.6201097170512 97.6974864800771 101.438303788503 101.55376791954 99.241425593694 100.11633237203 101.99248790741 102.042824029922 96.1160560448964 90.1531577110291 87.4596734841665 84.8614573478699 84.012766679128 86.8081748485565 91.9537742932637 85.4840377966563 89.4899566968282 93.6845441659292 97.3075330257416 96.5022345383962 93.6643878618876 106.497645378113 123.850911855698 132.219264904658 117.806235949198 112.685362497965 118.61726641655 123.599201440811 124.942193428675 118.483265240987 118.182271718979 110.919773578644 82.2959492603938 34.9272961417834 0 0 0 0
102.760185798009 108.539342880249 112.034430106481 112.681637207667 114.715625842412 117.036283016205 117.486377557119 112.96405394872 107.369085152944 102.100531260173 104.209810495377 100.906670093536 96.8372027079264 94.9812134106954 95.2013929684957 94.9416259924571 90.8345182736715 97.5630482037862 100.40749112765 97.5126624107361 92.7596588929494 90.6670490900676 89.6680951118469 90.0148550669352 87.1412456035614 96.1014628410339 97.6588626702626 96.3504115740458 96.2360103925069 95.3186551729838 90.1389916737874 89.0333950519562 95.8358446756999 100.557128588359 107.410768667857 110.751281181971 115.846127271652 124.83419974645 129.255731900533 121.031691630681 119.059046109517 111.774424711863 107.265690962474 85.6838425000509 49.8680224021276 9.23184057076772 0 0 0
109.706262747447 114.50140674909 111.629505952199 115.110218524933 113.202879826228 113.397985696793 114.753822485606 113.381803035736 114.186316728592 108.647207419078 107.826560735703 106.495608886083 101.05178753535 95.7274238268534 94.2537585894267 97.7725088596344 91.1868611971537 95.6652164459229 100.311577320099 98.4074473381042 95.1705972353617 94.3960249423981 93.022753794988 93.8638250033061 94.8252578576406 94.5025285085042 101.187487443288 99.5962719122569 97.6875921090444 96.8091587225596 92.8516983985901 88.4170730908712 92.9661393165588 92.1393831570943 91.7882720629374 94.8372781276703 103.626787662506 117.386480172475 118.999123573303 104.163398345311 107.91094104449 101.488918066025 99.9753475189209 96.9536503156026 78.0060390631358 39.7508218884468 3.14051037033399 0 0
109.254995981852 111.242403586706 113.999078671137 116.441984971364 115.91374874115 115.198353926341 117.39589770635 118.973046541214 115.350206693014 113.247334957123 112.270692984263 110.862185557683 106.383442878723 102.530082066854 101.574063301086 105.04819949468 101.802965005239 95.5301821231842 101.377954085668 99.8846491177877 97.8232423464457 98.3347594738007 97.314864397049 94.1073695818583 102.223436037699 94.0285921096802 95.183144013087 97.4661707878113 98.7395048141479 98.6443857351939 96.3698526223501 93.0492182572683 92.4996137619019 92.0642813046773 93.8966572284698 94.6251352628072 97.9581872622172 106.092800696691 108.251045147578 105.196267366409 103.815952936808 98.118007183075 103.113959232966 111.962179342906 103.103140989939 67.8425232569377 27.138481537501 0.110770323468993 0
103.004366159439 105.418354272842 111.829837163289 113.471964995066 117.510457833608 118.754436572393 116.57460530599 116.08741680781 115.66902200381 118.289242188136 114.501466353734 110.919187466304 108.831862608592 108.385403951009 105.600754419963 104.14844751358 102.708995342255 94.1536724567413 99.0803937117259 100.552638371785 96.8590676784515 97.0776776472728 101.192722717921 94.0662821133931 96.2413748105367 95.8286325136821 90.8343692620595 93.6771829922994 97.8955229123433 97.5392361481984 97.8758633136749 97.0435837904612 92.2394295533498 95.7011977831523 106.95614417394 111.069728930791 108.506103356679 102.418800195058 106.2118212382 117.887526750565 108.349323272705 99.4485815366109 107.286065816879 115.603297948837 108.495712280273 86.5796208381653 47.1892754236857 11.0978993276755 0
95.133384068807 98.4116792678833 104.72892721494 108.827501535416 115.526884794235 119.572748740514 115.886191527049 113.93670241038 117.640207211177 119.507968425751 117.719888687134 112.92044321696 110.739549001058 112.037221590678 108.80305369695 102.993230024974 101.972877979279 95.4298079013824 99.5024641354879 103.486438592275 102.312465508779 101.804802815119 103.613197803497 101.176500320435 97.2661674022675 100.383033355077 95.1353112856547 97.4025130271912 104.995320240657 108.664681514104 113.811671733856 112.89636294047 103.743235270182 106.008976697922 114.927500486374 123.095621665319 121.377478043238 113.293747107188 108.84020725886 115.391830603282 106.703698635101 97.4964698155721 95.4356789588928 95.4553087552388 93.742161989212 92.6666458447774 80.9160570303599 28.4730245669683 6.94516363243262
93.923807144165 91.4169947306315 95.7138339678446 105.344394842784 111.611773570379 115.385552247365 118.142386277517 120.489686727524 121.736625830332 117.651760578156 120.144327481588 119.680335124334 115.510165691376 112.228939930598 109.901209672292 104.91015513738 103.801389535268 100.38564602534 103.947460651398 108.64586631457 110.189427932103 109.853625297546 106.595526138941 107.604036728541 101.312170426051 105.076571305593 106.043249368668 107.110132773717 113.898317019145 120.316723982493 132.234195868174 133.02144408226 120.07866303126 118.203550577164 115.587244431178 123.527189095815 127.493600050608 126.087615887324 115.317086378733 103.99400194486 96.3200330734253 97.0177551110585 95.7092841466268 90.5352632204692 86.6163372993469 91.2427306175232 86.4037076632182 33.0615291992823 8.13342755039533
94.6894685427348 97.873051961263 101.552714904149 108.442058165868 109.427601099014 109.775523344676 118.571043014526 124.215344587962 124.216586351395 123.302539189657 122.621844212214 122.789482275645 118.425110975901 113.406827052434 113.112797339757 116.403639316559 108.010361591975 106.695185105006 108.242690563202 113.792280356089 114.864617586136 112.273554007212 109.195530414581 108.884374300639 103.567053874334 110.285709301631 113.167236248652 112.946331501007 118.250499169032 127.155125141144 134.748935699463 139.179974794388 133.593211571376 119.255383809408 104.476809501648 109.185069799423 119.825055201848 128.722061713537 121.170888344447 98.2835690180461 90.6646450360616 99.1736650466919 101.769268512726 98.473846912384 92.6655928293864 89.2237623532613 74.1342157125473 47.0266689856847 10.187833259503
95.2385564645131 106.663733720779 108.958562215169 111.384083827337 109.227806329727 108.476241429647 116.320153077443 122.555255889893 121.913741032283 127.36905614535 125.148514906565 123.988121747971 120.992451906204 116.275091965993 115.540047486623 122.342705726624 114.827483892441 111.010491847992 108.715365330378 111.306170622508 111.758967240651 110.392868518829 108.356734116872 104.818314313889 102.656573057175 105.297227700551 110.41459441185 110.294530789057 111.407309770584 120.905180772146 130.026280879974 139.558970928192 133.035928010941 110.754917065303 77.72230108579 52.3624320824941 80.613041917483 112.537701924642 124.930630127589 124.341915051142 118.035862843196 109.772225220998 92.859148979187 89.1916453838348 97.3918934663137 91.2813941637675 70.7048724095027 58.1752856572469 17.6652309795221
98.6432135105133 96.9189802805583 95.6265330314636 99.0560054779053 106.698284546534 111.738483111064 112.420131762822 118.736098210017 118.665973345439 123.326679070791 123.511264721553 126.431047916412 125.765234231949 120.82627415657 118.102292219798 116.727103789647 118.530054887136 110.999306042989 105.426083008448 103.566348552704 103.123277425766 105.429381132126 105.77471057574 100.079596042633 102.23463177681 99.5326538880666 100.137750307719 100.2463499705 100.761204957962 103.380968173345 109.552045663198 121.823916832606 117.188612620036 92.473030090332 58.7751766045888 34.6832349896431 36.0518222053846 59.6837103366852 103.572825590769 122.426003217697 126.40780210495 109.635094801585 88.7210170427958 83.4390421708425 91.5095110734304 83.0216159423192 67.2632306814194 74.8451699813207 55.7936131954193
102.874159812927 91.7900900046031 88.5980228583018 94.133863846461 107.365071773529 116.311093171438 115.698556105296 116.907358169556 119.316667318344 119.116465250651 122.068812449773 124.610890944799 126.215557257334 124.702612559001 119.957019885381 117.156982421875 120.560357968012 112.631559371948 107.819795608521 107.595215241114 107.440640528997 106.178651253382 104.572514692942 100.028336048126 99.1659859816233 99.0362068017324 97.9215105374654 97.4324345588684 95.099667708079 91.514269510905 84.8107536633809 89.7377630074819 91.5105839570363 75.0663379828135 60.1689567168554 36.0557387272517 22.7491805950801 20.8873152732849 37.0051190257072 83.52925380071 108.761489391327 99.5595753192902 88.7277126312256 82.5131088495255 65.874661008517 69.2671934763591 64.6769007047017 84.7925146420797 96.8103110790253
103.03055246671 97.0323284467061 93.9803719520569 99.0612010161082 109.602749347687 118.193070093791 121.099978685379 116.711308558782 121.766070524851 119.588931401571 123.230248689651 124.78119134903 126.771519581477 128.020296494166 121.679623921712 122.055272261302 123.128334681193 116.880635420481 112.514714399974 113.956838846207 113.970895608266 109.656234582265 107.39407936732 106.661061445872 104.816148678462 103.126506010691 100.154648224513 97.4802275498708 91.9472972551982 85.2475464344025 76.190064350764 79.6219805876414 84.4950675964355 85.2794249852498 83.5728645324707 71.1753070354462 43.8895026842753 28.2573054234187 21.1917335788409 30.7226826747258 53.1593163808187 77.4571349223455 53.2157917817434 44.2728151877721 43.7958737214406 51.685243844986 68.4954027334849 77.2083749373754 91.9747352600098
106.950610876083 105.177799860636 100.47588745753 98.0011026064555 104.47500149409 117.199083169301 119.780838489532 117.426325877508 119.083881378174 124.119381109873 130.449553330739 130.894482135773 129.508316516876 129.750738541285 126.26654903094 125.50354997317 125.816980997721 122.265160083771 116.841564575831 113.676816225052 112.43204275767 111.456374327342 114.54913020134 116.175164779027 111.729482809703 108.253250519435 100.468357404073 92.3244853814443 83.0493768056234 80.5128713448842 79.2224953571955 85.5756004651387 90.1665488878886 101.799070835114 109.103898207347 109.025686979294 91.1502540111542 73.2461114724477 59.5759799083074 33.9201639095942 39.8100813229879 63.8117293516795 64.0984922647476 51.9206027189891 52.1313846111298 69.7848002115885 95.2930748462677 91.0567243893941 85.833211739858
109.714210033417 109.151850144068 107.650607824326 102.887252966563 103.253394365311 113.71244986852 117.449899514516 117.832481861115 117.082546154658 126.240233580271 134.755313396454 133.724242448807 128.623634576797 130.770782629649 131.96137547493 125.236729780833 126.650542020798 122.954120238622 118.328332901001 116.129686435064 114.97962474823 114.483495553335 113.225678602854 113.100469112396 109.38106973966 105.588535467784 77.7218987544378 58.1777741511663 54.6680589516958 63.284566005071 76.4551262060801 82.0067326227824 88.2199505964915 96.0610906283061 106.574336687724 118.065843979518 121.444990237554 100.829690694809 101.000159978867 72.5490550200144 48.0601539214452 65.7392491896947 82.6965967814128 83.7693611780802 83.9330951372782 99.6149778366089 128.779083490372 116.831024487813 92.857837677002
108.367125193278 106.510768334071 110.240519046783 110.828181107839 107.22358028094 110.242257515589 118.052363395691 118.8658674558 118.234684069951 125.774045785268 133.590559164683 132.282465696335 127.560238043467 130.552838246028 133.015046517054 122.691710789998 124.193539222081 122.172047694524 119.877984126409 120.823641618093 120.907078186671 119.868497053782 116.318196058273 108.563244342804 106.669197479884 104.623764753342 85.8127474784851 62.7946406602859 62.8782610098521 73.9890038967133 85.3760441144307 88.0258282025655 99.7898976008097 111.702919006348 119.015316168467 128.944317499797 110.155642032623 66.4338519175847 59.6827169259389 73.7428019444148 74.9942759672801 89.7998809814453 95.083624124527 78.0896494785945 49.6965597073237 79.0234903494517 105.434060096741 99.9831557273865 85.3576262791951
95.7277715206146 104.824999968211 108.200252056122 110.838850339254 110.10334889094 106.621692577998 118.399441242218 122.516135374705 122.151027123133 127.058366934458 130.525410175323 130.501608053843 129.292915264765 126.153250535329 128.151367108027 123.953958352407 120.153417189916 122.543791929881 123.086790243785 125.031967957815 126.848479111989 123.03505341212 118.798077106476 112.586677074432 109.192530314128 111.052811145782 107.060680786769 102.117329835892 104.335476954778 107.885777950287 103.146036465963 98.1269776821136 114.364584287008 123.441298802694 119.252463181814 88.9866352081299 78.5055309534073 39.5504087209702 26.2902031342189 39.8353139559428 63.2063498099645 100.857317447662 97.5261727968852 83.1824292739232 70.1604435841243 73.5421280066172 90.2386407057444 95.0693388779958 92.7916765213013
84.7641428311666 101.268798112869 105.926513671875 108.658691247304 111.705273389816 107.206404209137 112.602372964223 122.153172890345 133.120328187943 133.823603391647 129.882872104645 127.894937992096 129.370907942454 127.825001875559 127.613425254822 124.839842319489 120.350350936254 121.419062217077 119.882692893346 117.477238178253 118.613988161087 117.106248935064 114.26368355751 114.68913157781 114.018380641937 117.924173672994 129.966815312703 132.820357879003 121.543159087499 117.952624956767 107.621888319651 98.2597668965658 108.689328034719 99.3420978387197 53.755521774292 42.9011881351471 41.0717378060023 31.8714827299118 18.3445351819197 13.4277753531933 15.9077942371368 54.3342431386312 94.8893030484517 112.70946264267 130.450040102005 125.137865543365 118.452002604802 116.420934597651 115.174680948257
86.8775447209676 97.6456999778748 105.986217657725 108.68908961614 110.110620657603 110.819240411123 104.953080415726 116.184095541636 138.298958539963 137.155960003535 128.732661406199 124.939123789469 127.485613028208 130.624741315842 129.377951224645 125.995576381683 123.757392168045 120.769202709198 112.779120604197 104.519327481588 104.796191056569 108.870625495911 108.034739891688 110.786288976669 111.669778823853 117.354611555735 136.326183875402 143.723597129186 128.847489754359 117.909540732702 104.155719280243 88.2459779580434 87.9897475242615 81.9480170806249 59.5453977584839 36.0340227683385 37.5613172849019 49.4753420352936 40.9169246753057 24.4742085536321 13.5791127880414 24.7131139039993 72.8685557842255 105.220288038254 116.371919711431 115.764756997426 108.22003086408 109.0420683225 104.221522808075
100.137044986089 103.325853745143 106.131136417389 102.339923381805 95.7246323426564 91.7876760164897 100.640118122101 107.045948505402 117.409269014994 115.46661456426 113.771498203278 119.808256626129 126.158048709234 127.430419127146 123.364915450414 125.251491864522 124.665955702464 117.865900198619 109.235544999441 102.42627064387 100.977212190628 101.611942052841 103.623072306315 108.780314524968 108.163932959239 110.544453064601 124.170114596685 133.807480335236 123.888452847799 105.186522006989 96.5807735919952 80.1713565985362 72.2029854853948 85.7153038183848 79.2257487773895 55.7445089022318 58.8688751061757 91.830591360728 96.4960853258769 74.3654171625773 40.7428393761317 30.6193952759107 49.5772659778595 60.1128141085307 58.0397248268127 72.4623302618663 77.6709218819936 82.8399161497752 81.341211994489
113.279511531194 109.382152557373 105.444490909576 97.5492099920909 85.7008099555969 77.934796611468 91.3696487744649 89.5958542823792 77.5916278362274 78.5173028707504 92.2556320826213 106.108983357747 112.526456514994 117.075651884079 120.472033818563 131.794989109039 134.618173042933 124.865839878718 114.800870418549 110.556115706762 107.254356145859 106.317261854808 107.156366109848 104.582329591115 104.00128364563 105.891346931458 113.518665234248 116.779188315074 111.492604017258 91.3812021414439 91.1114116509755 86.3805413246155 78.8974612951279 96.3537494341532 100.789944330851 87.3788893222809 78.3747186263402 79.0254821379979 85.2307677268982 83.4596951802572 65.211147069931 48.8974799712499 49.2888242006302 39.9316201607386 31.347652276357 36.3090882698695 57.7112038930257 61.9325339794159 67.2068695227305
