input/barkrak2/radiation/dir00924.grid
NCOLS 85 
NROWS 70 
XLLCORNER 665100 
YLLCORNER 4664600 
CELLSIZE 20 
NODATA_value -9999 
[rows 0 to 22 of 70, columns 0 to 51 of 85]
47.267109155654900 60.9448850154877 71.9492336114248 89.1868670781453 96.810390551885 97.0423519611359 102.377672990163 106.293112039566 123.174081246058 126.327763001124 127.105494340261 123.29559524854 118.919551372528 119.613567988078 118.00746122996 105.243523915609 93.4599538644155 83.1697930892309 82.9978783925374 84.3919118245443 91.621994972229 108.680546283722 124.720474084218 127.251178026199 128.775735696157 136.661688486735 135.469734668732 130.855947732925 128.014306227366 129.6213666598 128.586679697037 148.859262466431 178.424060344696 173.296252886454 172.419706980387 166.50660832723 170.334418614705 175.574660301208 169.914404551188 172.055880228678 169.227500756582 182.133078575134 186.294595400492 177.990317344666 172.582765420278 179.222683111827 184.632500012716 139.209508895874 96.1671272913615 92.3441648483276 113.283435503642 153.566141923269
30.5654083689054 43.5694605112076 51.8596172332764 61.2580875555674 71.3142802317937 77.5007804234823 82.3780546585719 94.5341189702352 106.329997380575 110.00527938207 123.62469236056 124.759018421173 121.2251385053 121.288001537323 119.746307531993 107.646564642588 99.8822053273519 90.5201435089111 88.1175299485524 86.6838097572327 99.4734565416972 121.31338318189 136.652598778407 136.254678169886 136.969695488612 141.274114449819 138.596296310425 132.288267215093 128.443976243337 134.483714898427 135.034561157227 157.127509514491 177.782277266184 173.450370629629 170.983731746674 167.158126831055 172.531763712565 176.503896713257 168.786485989889 169.416964054108 168.487588564555 171.842873096466 169.753015041351 162.328402201335 157.036334276199 171.298841635386 176.650881767273 131.325672070185 103.504687547684 113.12398314476 140.677074591319 174.170553684235
12.2017388542493 15.7151396075884 23.2783953348796 27.4597009023031 36.0756317774455 42.2559628883998 51.7830351988475 65.1506284872691 74.4335800409317 82.6748758554459 88.0473852157593 101.314743359884 109.251896540324 119.117518266042 128.883292277654 131.612181663513 127.898991107941 115.903894106547 101.048976182938 94.4637854894002 105.381627877553 121.09578649203 132.663955291112 134.824573993683 140.430510044098 137.814233700434 136.320769786835 131.281753381093 129.827300707499 135.22548476855 149.663031101227 167.130510012309 177.633225917816 172.14306195577 168.180902798971 167.99259185791 176.999191443125 179.224848747253 170.793076356252 166.816790898641 163.470725218455 157.160709301631 147.103389104207 140.878359476725 144.459009170532 160.396893819173 156.743268171946 125.108043352763 120.17501393954 140.240718921026 164.11828994751 183.63885084788
4.76047210395336 5.42588159441948 7.42548455794652 9.28315830727418 9.14541259407997 14.1124203801155 20.2456253270308 30.3566108147303 42.6414310932159 55.456538995107 65.8486982186635 79.0424197912216 87.3266557852427 94.1525201002757 98.5217988491058 104.460100332896 105.06417353948 94.6718951066335 83.322008450826 85.0694676240285 87.254007657369 91.6433135668437 105.412065982819 114.911377429962 119.860053062439 123.489250739415 128.360430399577 129.578729470571 132.872551679611 138.139069080353 143.737107515335 166.79592927297 171.058555444082 171.016812324524 168.380300203959 168.479601542155 170.657972494761 171.262264251709 164.722631374995 155.177483956019 151.070535182953 144.01517311732 143.898010253906 151.559144258499 156.461695830027 150.863776604335 141.179223855337 122.565766175588 129.365772008896 142.995337645213 162.444621324539 180.026829242706
12.0836496353149 6.73962384462357 2.71742139011621 0 0 3.70786090691884 13.4113679329554 19.3062722682953 24.8769869407018 29.9599841237068 40.8511410156886 54.3233056863149 62.7245803674062 72.0128466685613 77.8082460165024 79.286386569341 81.7584196726481 79.8115183909734 78.9795567591985 78.7534564733505 79.886183142662 80.4028511047363 89.6445910135905 100.083609422048 105.639020601908 113.733390967051 120.741486549377 120.560199022293 128.768394390742 131.66806101799 137.289226055145 150.977611541748 148.271779219309 148.467441399892 152.870337168376 164.621531963348 161.175648371379 158.499846855799 150.212188561757 142.35324660937 142.006059487661 142.90377497673 150.842934846878 159.264942010244 159.191846847534 137.600243091583 114.280124505361 112.703601519267 123.418788115184 140.572925408681 168.702483177185 180.772423744202
35.2364927530289 19.3148292601109 8.008881782492 0.925057722876469 0.111394348399093 2.02418025583029 6.88724095622698 14.5468885699908 17.6568068563938 18.1919559836388 23.7243423859278 30.2752554416656 34.7605024774869 39.7193158666293 45.719121893247 51.8868962923686 57.5058211882909 64.1794701417287 72.453444202741 80.0189822912216 85.0217441717784 89.9876256783803 89.0258153279622 92.7384793758392 99.1684198379517 107.300082842509 110.308746496836 115.627696116765 123.968551556269 129.61874405543 139.495482047399 144.259343544642 138.853927453359 137.909471988678 141.474992036819 141.911566257477 139.552404483159 143.220921357473 142.432510852814 142.691453297933 142.115404208501 141.737987597783 143.938759962718 148.417174816132 142.936487992605 115.955690542857 92.5601919492086 101.638158162435 120.096862316132 152.454713980357 177.308122316996 185.243407885234
52.4857342243195 35.1329694191615 22.2083727518717 11.5958626071612 3.89891304075718 1.62184378132224 2.37090637286504 7.83938293655713 15.0135482350985 19.0043784677982 18.4113308787346 17.550961424907 17.5466872751713 18.5395081837972 20.9380139907201 29.8827240864436 38.7956301371256 52.4834642807643 64.609299103419 77.4521678686142 84.7126841545105 92.1996732552846 91.332346200943 92.6821827888489 95.20090619723 98.4124541282654 103.772471348445 109.953065713247 115.545958280563 124.725123246511 135.032117366791 138.675371805827 131.351331869761 125.443279743195 125.29049317042 128.068963686625 129.130671421687 125.980744759242 122.415095567703 128.906587759654 124.807715415955 125.474532445272 131.763994693756 138.584484656652 138.453503449758 134.170452753703 139.256020387014 144.047051668167 154.103696346283 163.968026638031 172.930022080739 170.308967431386
65.1333083709081 49.844021598498 35.0972165664037 26.5556002656619 16.0271550218264 4.49842773377895 1.80712388828397 0 7.17065980037053 15.8604408303897 20.1623973747094 20.3176364302635 19.1767687598864 17.1139438947042 13.9740717907747 16.5085618694623 23.5763068000476 33.9429527521133 47.7913121382395 61.718761920929 72.5737015406291 82.9508155584335 91.4264023303986 90.3860131899516 91.2131369113922 91.6689435640971 96.2884823481242 97.0834791660309 102.596302827199 113.617400328318 122.525294621785 125.312089920044 118.941813707352 113.104780515035 111.792822678884 113.558908303579 116.467247406642 116.745462020238 115.503748257955 102.885405222575 107.514967521032 115.214924017588 128.923634688059 138.280689716339 142.520288626353 149.904996156693 158.16726287206 159.159322579702 163.337151209513 162.033319473267 158.20657213529 155.698676904043
59.9237730105718 49.5984256267548 40.670171380043 29.6530897418658 20.4064212739468 14.276451120774 5.32812066376209 0.966892577707767 5.35768456757069 10.6533356010914 16.0966018835704 20.0942357381185 23.1319218873978 24.0161493420601 21.3569973905881 20.6610262393951 20.8351537585258 24.0235899885495 31.4823687076569 42.1348512172699 52.0699322223663 65.2277072270711 75.5032698313395 76.6844749450684 81.5547307332357 80.2358686923981 81.9466809431712 85.5694611867269 88.1695151329041 92.0587480068207 99.0386207898458 105.303247769674 103.268881638845 102.838774522146 105.461090803146 105.453213055929 107.871900002162 109.432935714722 112.003703912099 107.139239708583 108.518143494924 116.467714309692 134.359627962112 139.677445093791 138.616611560186 138.307491938273 140.032370885213 149.919132391612 157.057662804921 152.576148509979 144.643942515055 146.378775437673
40.2656868100166 36.9845827420553 30.3760220607122 23.6268118023872 19.7649958233039 12.3532898724079 9.71788850923379 9.30050822595755 5.88736372689406 3.43712947020928 6.45817381640275 14.3337932725747 25.0260805090268 31.6617364684741 35.2109869321187 33.6376825968424 27.517835299174 26.0794709126155 25.7810925443967 28.3037647604942 33.1982026497523 40.2833347519239 47.5366413593292 55.9265265862147 64.2914076646169 68.2439903418223 68.4060156345367 70.07963458697 70.76396048069 75.9853223959605 74.1644004980723 75.9558777014415 85.6029192606608 90.3580188751221 94.8160688082377 97.0243414243062 97.686380147934 102.830717960993 109.999338785807 116.598268349965 118.398795525233 120.184868574142 121.389130751292 118.84014805158 132.614473501841 135.602583487829 143.393099308014 147.960523764292 150.345007578532 149.154076973597 148.024698098501 145.495623350143
6.55806188782056 4.36471216380596 1.27879281838735 0 0 0 2.03048794840773 9.48033233483632 8.69376957416534 5.21590063969294 3.19277619322141 0 13.9605688552062 27.3072471221288 34.9644298354785 34.2161903778712 32.9843809207281 29.1480645537376 25.3144353628159 22.7620005607605 24.1430029273033 25.4133616884549 28.6111757159233 38.8303721944491 48.8127817710241 56.6937377055486 57.4091821908951 59.2883825302124 62.529057264328 63.8962288697561 65.3501749038696 64.6869540214539 66.0038143396378 68.4415598710378 80.6029140949249 87.4334077040354 92.324564854304 96.9183444976807 104.349772135417 118.337551752726 119.169453779856 118.057399988174 114.242643117905 114.143858353297 115.923325220744 119.66210603714 143.209566672643 143.282602230708 142.574528853099 146.509200334549 148.208061854045 146.162062883377
0 0 0 0 0 0 0 2.59289921571811 11.7993081609408 10.7617241640886 6.39611730972926 3.03227268159389 4.78113846232494 12.8951283792655 24.0587443113327 28.0200839042664 33.0646385749181 33.4541002909342 28.4439076979955 24.2983450492223 21.0706839958827 20.7532818118731 21.1829841136932 27.3498942454656 34.0499555071195 40.4739504059156 43.6510394016902 45.8886673053106 51.2511680523554 52.0587960879008 52.7174969514211 52.398219704628 54.9011329809825 51.9366165002187 49.2680072784424 57.2753747304281 81.5529425938924 89.4094506899516 94.0597256024679 108.035604159037 110.115836064021 108.799775441488 103.454848130544 99.5341638724009 101.891865332921 102.725684642792 105.495800574621 109.621226787567 128.509481747945 138.143062591553 140.846838553747 139.378647009532
0 0 0 0 0 0 0 0 5.12760784476995 14.2931913336118 13.7317813932896 9.64957351485888 2.80924824376901 1.61424123992523 10.9777599573135 23.9188671112061 33.5870931545893 37.5847816467285 34.6509541074435 30.5970360835393 26.6533916195234 27.3612613479296 28.4109637141228 28.9829994241397 30.9183622399966 32.3733265201251 35.8858704566956 40.9209380547206 41.7435864607493 43.1569615999858 44.8355178038279 44.1777606805166 40.0550564130147 39.9965594212214 40.6985481580098 38.7345353762309 36.6656904419263 51.2929310401281 61.1611306667328 82.3683440685272 91.0397966702779 92.3374891281128 92.2741591930389 91.0956164201101 92.9256578286489 92.5084054470062 90.4805660247803 91.6623671849569 92.4758811791738 96.8084931373596 108.62597823143 123.649150133133
0 0 0 0 0 0 0 0 0 5.33271208405495 16.4251203338305 19.5187007387479 16.3972501953443 9.84477686385314 9.36036619047324 19.3775134781996 28.6744808157285 37.4660044908524 43.329397837321 43.0453519026438 36.8631606300672 36.2623085578283 34.3682418266932 35.3924036026001 37.1185094118118 36.714660624663 38.2365783055623 44.4913407166799 43.8263118267059 38.1347388029099 40.8469885587692 40.6889592607816 37.1964847048124 33.54512155056 32.3158750931422 30.5886194109917 31.2244594097137 29.0595317880313 30.0652657945951 35.2461735407511 40.6606992085775 56.5104881922404 63.6565784613291 70.0480689605077 71.4263518651326 84.644893805186 83.1989844640096 75.4648198684057 74.6549218893051 76.1385907729467 78.0095557371775 86.8207812309265
1.07245496474206 0 0 0 0 0 0 0 0 0.0532666939155509 14.871238420407 28.1320388118426 34.6328020095825 29.9904843171438 19.0864081184069 18.3722277482351 21.3636681437492 30.1534682512283 40.2954295277596 47.9637732108434 48.986961444219 46.1916327476501 44.4245239098867 43.3286428451538 43.2382076978683 43.9223696788152 43.918917576472 44.3825821081797 45.3779945770899 39.1131713986397 35.891056060791 38.4610344966253 34.9227711558342 29.7927483916283 28.1026189525922 25.3464827934901 20.6416770815849 16.0412962237994 16.1712591846784 13.0744799971581 19.0310850739479 23.6789459983508 33.1819181640943 35.087709625562 40.3587371110916 52.2304475307465 61.7507100105286 67.1809514363607 65.1921729246775 62.3614887396495 66.1289989948273 72.2145736217499
1.72249988342325 0 0 0 0 0 0 0 0 0.0199075730051845 3.88679870714744 23.7456187605858 42.3471828301748 44.4501340389252 34.2941557367643 21.2707370519638 16.7210338016351 19.0807916224003 28.3527647455533 44.4125135739644 55.2762597799301 53.6807477474213 55.0218224525452 51.3427158196767 47.740230957667 49.3665238221486 50.1433312892914 47.5873202085495 45.1655785242716 45.7253307104111 38.883700966835 35.4331011573474 29.6205307046572 25.7198562224706 22.8032792607943 20.4490522543589 14.8177569111188 10.2926610658566 9.1586522758007 6.41226395964622 3.55558749288321 9.91332034269969 13.1470076739788 20.3651910026868 26.9111295541128 34.3940903743108 43.4683660666148 49.7575054566065 53.5499701897303 55.1405052344004 58.377464612325 61.9064370791117
0.991691136732697 0 0 0 0 0 0 0 0 0.0927921986052146 0.286974633733432 15.9174191455046 31.6553016503652 43.6633328596751 46.759953101476 39.8053601384163 35.0150316953659 27.563601732254 22.3800192276637 28.6312450965246 45.203243692716 56.3012758890788 58.9153965314229 58.211495478948 55.2246222893397 55.2724699179331 58.3777527014414 56.0543735822042 53.1369298696518 51.2244502703349 46.9911197821299 36.4607224861781 28.6610722541809 21.4709639549255 16.0275027155876 12.2039914131165 9.09821813305219 6.52933369080226 4.54859000941118 3.29741338888804 1.78834314768513 0.684828031808138 3.13299211362998 7.71249520281951 14.4145451486111 28.3038169145584 32.9667975505193 37.1861134966215 43.4639652570089 48.8095929225286 52.2757669289907 58.9211781819661
0.374573670948545 0 0 0 0 0 0 0 0.389232261416813 0.411973102018237 1.55804709841808 10.0493915379047 22.7756053209305 37.578875819842 47.0519512891769 52.7526636918386 53.9980679750443 44.8423276344935 32.970334092776 23.6849064628283 31.122346719106 48.4005709489187 56.5659701824188 59.1491361459096 61.7393602927526 62.969500819842 65.2909129858017 67.8978860378265 62.9502187172572 56.0915370782216 46.9892720381419 42.1962638696035 30.404935280482 21.5592036644618 15.2935658891996 11.8797471125921 7.62419092158477 4.55307525893052 2.38302753617366 0.62854215502739 0.0366957732088243 0 0 1.94864487275481 4.83968605597814 14.9832889437675 20.3009943167369 22.360955675443 28.2855977614721 30.331626534462 36.9984557231267 43.0384576320648
0.426212636133035 0.515461239653329 0.106085654503355 0 0 0 0 0.702411246796449 1.2202689734598 7.14938094218572 12.3995629449685 13.0547856291135 18.893301486969 24.3508021036784 34.5967685182889 47.2466895977656 52.3651540279388 53.9332379897436 50.6574908892314 39.8502101500829 28.1568715969721 35.9763254721959 44.9433873097102 54.0266583363215 62.873308857282 68.1764384110769 70.918877919515 68.8129663467407 68.0164595444997 60.3931397199631 49.567848443985 38.1041516860326 32.013679544131 19.3913380304972 13.0695775151253 10.1012103259563 4.87535695234935 0.807385270794233 0.155456955932702 0 0 0 0 0 0 5.24238124489784 5.77816118796666 11.5074142813683 16.4587609469891 19.7535355885824 24.9309341112773 25.8621647953987
0.382643581057588 0.0838928972370923 0.302366194470475 0 0 0 0.08342801205193 0.957107326636712 1.9494229927659 2.1620811894536 8.92338280876478 12.310275187095 11.9745321571827 15.195212016503 22.6905941963196 34.7338368495305 42.4480338891347 47.22594221433 51.4756888151169 51.1400600274404 45.1276501019796 35.8021184802055 38.7514233589172 45.8496510982513 56.3322106997172 63.1603499253591 69.3506101767222 70.7739889621735 62.1453374624252 53.485244512558 50.2581795056661 38.5311916470528 25.7937808831533 17.8101522227128 9.43505639831225 4.53354325145483 1.10750148693721 0.0215767019350703 0 0 0 0 0 0 0 0 1.20741524733603 3.73690916846196 6.99549354612827 10.7297413051128 14.2531221111616 14.8269186417262
1.53313266734282 0.0178632847867751 0 0 0 0.08951534012643 0.0588850283141558 1.15607290839156 1.84125235925118 2.50025807569424 2.04532624532779 4.38146386295557 6.23302968839804 7.64579263826211 11.6053049763044 22.766853372256 32.7811911702156 37.1168007453283 43.7155216932297 54.7575205564499 59.5608651638031 52.2581587235133 51.0086168845495 52.3524582386017 54.6828458706538 56.3414990901947 60.7204635938009 64.4880433877309 58.8992536067963 49.5372315247854 38.8255392511686 29.3569316466649 18.2364657521248 9.9248718470335 2.97098948309819 0 0 0 0 0 0 0 0 0 0 0 0 0 0 2.55185614029566 5.06204770257076 4.41412565608819
9.25856021543344 3.99173361559709 0 0 0 0 0.595170616482695 2.72659491747618 3.19768177966277 2.74083856493235 1.89195154234767 1.07942583660285 3.14289859185616 0.139941820331539 6.40913657844067 14.7539600729942 23.7988109389941 31.3958128293355 38.9152889450391 48.3674903710683 56.1568836371104 66.5200402339299 70.8052416642507 69.6007112661998 64.339096347491 55.6492904822032 51.9636869430542 53.1167387962341 55.4964045683543 43.1721707185109 27.5017494956652 15.8350132405758 9.47089679539204 0.843325396999717 0 0 0 0 0 0 0 0 0 0 0 0 0 0 0 0 0 0
34.4708810249964 28.4858817855517 10.0034574667613 3.27405519783497 1.1166005084912 0.369012821465731 3.39258865763744 3.84418573230505 3.13777104020119 2.43600457906723 2.61517427861691 7.43862551947435 7.79287082453569 6.72566890716553 7.47795961797237 11.6867298881213 20.1023841897647 27.739405632019 33.0151816209157 35.0304245948792 38.4385039409002 52.0476301511129 61.1444214979808 65.3129518032074 66.1569287379583 59.6643835306168 52.924503882726 45.5154826243718 38.2634326815605 31.4801956216494 14.5126158992449 4.48353899021943 0 0 0 0 0 0 0 0 0 0 0 0 0 0 0 0 0 0 0 0
