input/barkrak2/radiation/dir09624.grid
NCOLS 85 
NROWS 70 
XLLCORNER 665100 
YLLCORNER 4664600 
CELLSIZE 20 
NODATA_value -9999 
[rows 0 to 19 of 70, columns 0 to 45 of 85]
255.824844042460001 268.961906433105 281.770865122477 295.817375183105 301.42605304718 299.794097741445 291.580895582835 285.549441973368 288.124998410543 288.843214511871 288.220047950745 291.305740674337 292.263388633728 292.444547017415 294.670681158702 289.788027604421 280.169288317362 269.245843092601 264.226237932841 254.659553368886 245.078603426615 254.051963488261 278.792103131612 285.399238268534 286.660293738047 293.576141198476 292.201995849609 278.235236803691 262.931843598684 259.073535601298 255.797386169434 271.303713321686 306.364218393962 304.420987764994 307.23774433136 291.250129540761 297.859728336334 310.330748558044 302.29256550471 306.865890820821 291.285932064056 291.013300418854 301.063060760498 308.121263980865 303.755919138591 302.500148614248
236.178398132324 252.103964487712 265.61172803243 281.472404797872 291.433433691661 292.874296506246 287.975907325745 285.419583320618 293.525695800781 293.274025122325 288.543820381165 290.136973063151 292.431732018789 293.647229671478 293.42778523763 288.678050041199 285.373946030935 277.866105238597 273.191074530284 261.634310086568 258.334716161092 270.818491776784 288.550178209941 291.801551977793 294.885734717051 297.719160715739 292.842229207357 279.922544956207 267.256995042165 260.513822237651 261.350830396016 284.029801686605 305.698812007904 305.606166521708 306.498726209005 293.736358483632 298.524419466654 306.358714898427 301.782131195068 307.986795902252 302.834351857503 294.671912988027 297.670563062032 302.688797314962 302.286565303802 303.233404954274
200.478196144104 213.34699789683 225.551545619965 237.84065246582 250.861545403798 259.362002213796 267.42023229599 277.914583683014 286.073942979177 285.584767659505 282.230317592621 286.274313926697 295.431613922119 299.316346645355 296.594838301341 301.169455051422 303.754448890686 298.407773176829 286.611974239349 276.479502518972 280.561010042826 286.345700422923 290.498832861582 292.121688524882 297.117173671722 296.863456567128 288.899898529053 278.881013393402 270.478367805481 265.818198521932 270.220716794332 294.777075449626 301.827053229014 303.710301717122 304.57611878713 299.315333366394 298.519253730774 299.425661563873 301.79891983668 306.418359279633 303.08719476064 292.41943359375 286.103347937266 291.35137796402 301.099340120951 304.157674312592
182.934999465942 183.483242988586 191.683570543925 198.907653490702 206.187824408213 211.522579193115 218.258738517761 233.469525973002 252.336978912354 267.049670219421 276.610593001048 288.753310839335 298.522730668386 302.059769630432 302.764097849528 305.576066176097 304.872671763102 298.253019650777 288.043876489003 283.169945081075 281.743109226227 280.304431915283 288.451194763184 290.714859962463 291.582047939301 293.200651804606 289.270440737406 281.757831573486 277.698397636414 276.301383972168 275.164127349854 298.649628957113 300.963560740153 302.295486132304 302.451491355896 303.854842980703 303.137262662252 301.691790421804 305.86963891983 304.437537988027 295.169989267985 282.570958137512 278.62145503362 293.097933133443 306.41641219457 302.220304807027
204.793572425842 188.437143961589 174.561460812887 165.949026743571 169.564147790273 186.12809975942 207.047820091248 217.721263567607 227.485696474711 234.921892484029 255.146900812785 275.862475236257 288.503686587016 294.600228468577 298.596640427907 300.658265749613 295.299053192139 286.442160606384 283.342878023783 283.026258150737 278.723080952962 277.360558509827 286.822319030762 288.925846417745 290.022333463033 294.715623060862 291.781147321065 285.464286804199 280.74586391449 277.766585350037 282.981514930725 304.327487945557 303.425470987956 304.690519968669 300.548275311788 301.544706026713 305.69064617157 306.014637152354 302.598277727763 298.499524593353 295.831739902496 289.842983086904 290.581425031026 296.889265378316 300.598899523417 294.74151134491
247.382442156474 220.457116762797 192.988753318787 169.492880503337 159.948716561 171.532511711121 197.272956371307 214.441259702047 218.6199426651 218.477527300517 228.343983491262 242.07615852356 251.742541790009 258.250017960866 266.355792681376 273.275097211202 273.077607154846 273.544569810232 279.162367184957 284.212549527486 284.228920936584 287.688851356506 290.976484616597 289.58527247111 291.466931502024 295.263866583506 293.88956228892 289.53355550766 283.236980438232 281.566460927327 294.364293416341 306.050399939219 305.491010348002 307.672917842865 302.51814921697 299.917499224345 303.490916887919 303.240140279134 296.286543210347 298.012773195903 297.336955865224 293.201764424642 292.757411797841 294.566829999288 286.417047182719 270.743727684021
268.776635328929 245.6001440684 225.431183973948 204.429904619853 183.444658915202 170.788506666819 177.800854047139 207.085251808167 220.752994219462 228.934407234192 226.021786530813 220.821380615234 216.123461723328 212.182760238647 214.48947985967 229.931712150574 242.00028181076 259.726504484812 276.191751162211 286.733369032542 289.539972941081 290.391604105632 291.836539904277 290.471017360687 291.675309340159 293.949484825134 294.615228970846 293.019553025564 288.839141527812 290.74227809906 300.000568230947 306.574602921804 308.96117289861 308.095872402191 304.525852203369 298.584421475728 298.458139101664 295.249263445536 293.951630592346 293.683270613352 289.223770300547 285.998125871023 289.397756258647 291.945099830627 277.990917364756 268.98314555486
277.274290720622 267.781535784404 256.784598032633 241.477131843567 218.728601932526 188.480019569397 166.277060906092 166.395952304204 200.875639915466 226.50134563446 234.330157438914 230.355064074198 221.506714820862 211.254795392354 198.336283365885 201.892654101054 214.682996273041 231.194913387299 254.271229108175 272.666573524475 282.212416330973 287.204384803772 292.775372664134 291.069130102793 289.821942647298 290.024399757385 290.600339571635 289.894223213196 288.453221321106 294.758280118306 302.172978719076 305.665910243988 305.08295694987 301.721533139547 297.33286301295 294.388393561045 295.008401075999 289.827227592468 282.147626082102 274.49643611908 276.667853196462 285.230576992035 297.703941663106 302.253882090251 288.621683915456 284.352242946625
269.864559173584 270.311991373698 266.318579514821 258.460660775503 245.1517979304 223.037242889404 192.653298377991 163.891017436981 177.053113778432 200.397769610087 220.58226664861 230.29234011968 232.232133547465 229.545394579569 217.268029848735 209.582964579264 206.901371479034 211.564203103383 226.164281368256 243.629813194275 258.528172969818 271.184166272481 279.395163059235 276.844243208567 278.452018896739 279.255747795105 280.176838239034 280.803898970286 281.7369500796 289.784749348958 294.84498500824 294.673383235931 293.498039245605 292.889634768168 292.092680931091 292.536457379659 291.778405507406 286.921620368958 275.900940100352 274.317304293315 288.5635693868 299.97193813324 305.6401014328 305.493553479513 292.323708534241 286.354601383209
240.752498308818 250.487824281057 255.494872728984 255.531370639801 252.572556336721 248.484273751577 232.142190138499 213.457485040029 181.30890528361 171.725273132324 185.78577041626 211.472312609355 233.159442742666 243.717551231384 245.076835155487 236.031095186869 220.935523509979 215.688387552897 214.97497955958 218.443671862284 226.629058519999 234.716773033142 244.135657946269 251.634279886882 260.009507338206 262.923538684845 264.278451601664 264.927049477895 266.801615556081 273.265798886617 274.665613969167 275.431593259176 281.009078025818 285.120606422424 287.517031033834 287.028352419535 285.569469134013 287.057995796204 276.198347409566 282.104651133219 299.850046634674 306.469857692719 307.320654392242 304.794371128082 290.01130660375 284.604966640472
187.433520952861 201.738774776459 214.85435962677 225.763996442159 235.585908095042 243.541359901428 245.140870412191 239.648620287577 211.838185787201 185.823082923889 170.519272486369 178.58233054479 206.671675046285 232.641061147054 247.557004292806 237.744549910227 229.528745015462 222.32319911321 214.134196440379 208.683391412099 208.993792533875 209.311485290527 212.959845860799 226.569434007009 239.481091499329 247.513115406036 249.355415503184 249.651233355204 255.407512187958 260.524690151215 263.476431369781 266.562620798747 275.477190812429 279.258370399475 279.020527998606 278.717458248138 282.23979473114 286.293228467305 283.844590187073 292.762756347656 302.694042523702 306.632161140442 305.800120035807 303.490857283274 296.080489953359 294.616798559825
144.072582324346 149.629960457484 158.407429854075 171.444614728292 188.240826129913 205.398619174957 224.368572235107 230.839590231578 231.654445330302 217.596888542175 190.822501977285 169.573545455933 172.417501608531 196.413079897563 223.964869976044 227.687140305837 234.331528345744 230.479458967845 220.387836297353 209.550122419993 202.845950921377 200.25231440862 200.434227784475 209.315876166026 218.472599983215 224.745154380798 227.859675884247 232.326587041219 239.335497220357 244.20032898585 248.926440874736 253.932654857635 260.108530521393 263.261338075002 263.537287712097 265.333453814189 274.856766064962 283.921043078105 287.742018699646 295.812646547953 300.686140855153 302.7263879776 301.232179005941 298.018038272858 293.233434359233 292.326867580414
129.937926928202 124.710261821747 121.537844340007 122.242867946625 131.537179152171 149.545719226201 175.726612408956 198.357880115509 228.158672650655 233.37455590566 221.525947252909 196.869790554047 167.373836040497 165.036469697952 189.188182353973 217.038035392761 232.833802700043 235.738058884939 230.65992196401 221.176187197367 212.116042772929 211.454113324483 210.955421129862 211.842894554138 212.111592292786 211.698691050212 216.029226779938 225.133180618286 228.927393754323 230.362772941589 235.642949740092 241.249004999797 242.325027783712 244.186639785767 247.103492418925 252.320826053619 263.944208621979 274.633725484212 277.301847934723 284.927328427633 289.759119351705 290.720105171204 289.13688659668 289.730270703634 284.730235735575 285.162011782328
108.869194984436 91.9834673404694 76.5633583068848 68.1846688191096 63.1292561690013 68.3846324682236 89.1788999239604 126.699934403102 171.207825342814 211.759289105733 231.374045213064 230.910936991374 210.064888000488 183.458805084229 180.536071459452 206.198930740356 223.94206126531 237.820823987325 244.852463404338 240.621447563171 228.883981704712 225.633084774017 222.176611423492 221.252083778381 221.336801846822 219.337026278178 222.187916437785 230.996112028758 230.879088242849 224.264880021413 229.741295178731 235.244870185852 236.274937788645 236.600597699483 240.546743075053 247.859160105387 254.121124744415 258.920033772786 262.493391831716 264.565388361613 269.421637058258 274.149477481842 280.086716016134 284.917136033376 280.321220556895 283.097863197327
112.415005763372 77.9676189025243 49.948717157046 38.8038878639539 36.3976483543714 41.7712976535161 53.73847981294 80.3121080001195 106.679419676463 154.802848895391 210.039655367533 245.617707570394 252.86869208018 232.667883237203 206.073005994161 201.452871163686 206.193804740906 222.415963808695 240.821778774261 249.94303782781 247.692147890727 241.200566291809 238.52280775706 234.086811542511 230.886578559875 229.534089565277 231.187423070272 233.558177947998 229.120810826619 224.076330661774 226.84645652771 231.875618298848 231.91225528717 231.791337331136 235.876381397247 239.88809188207 240.764121214549 239.894509315491 244.412283102671 244.434972604116 250.309745470683 258.031328519185 263.835608959198 267.66312122345 267.917116483053 271.12877368927
102.456271648407 75.2193927764893 43.9154456059138 20.0459025800228 32.3447237412135 56.3531170288722 65.2659833431244 78.837459286054 95.1003730297089 120.879868666331 155.620117982229 196.208616097768 226.868828137716 249.228954315186 237.472176551819 208.795686562856 196.584761142731 199.330051740011 217.389146486918 243.490258852641 254.698157310486 249.692320823669 250.47904253006 243.94683043162 237.344165643056 238.061487674713 240.277787049611 236.434896787008 231.444855531057 233.617027600606 233.223994572957 232.583920160929 229.611754417419 227.948307991028 228.088696797689 227.420806884766 225.207487742106 221.024374167124 224.299808343252 225.881238778432 230.664094289144 236.681302388509 239.033877849579 241.067449251811 252.282440662384 257.932146390279
87.6425007979075 76.2879053751628 49.7137059768041 13.3111389974753 19.5494368672371 50.5539874235789 66.2425855795542 83.413432041804 100.621183713277 111.159871021907 132.964501778285 168.864369392395 196.801523367564 211.856305599213 222.842474778493 225.277900695801 222.617487112681 210.404356320699 202.93911298116 214.282751083374 240.248143672943 253.511806329091 257.181306680044 252.485036849976 245.038648446401 245.92246611913 249.209443728129 245.751877625783 242.943962415059 247.749865055084 245.764414469401 234.471797943115 228.224595387777 223.942240079244 218.428373336792 217.33029683431 212.573925654093 211.168567339579 212.071220080058 215.106109778086 217.664122581482 220.844666163127 223.257581392924 226.135432720184 243.447840213776 252.607762813568
79.8899084329605 80.5220454931259 67.5153980652491 26.9856601953506 25.5137756466866 53.3392330010732 75.2350191275279 94.3783124287923 111.292461554209 119.652857383092 128.260473410288 149.972011645635 176.446636517843 191.758712132772 207.678099473317 228.6097407341 233.209888140361 226.872841517131 213.735103607178 199.694991111755 213.108142217 241.729160149892 250.907838344574 252.502242724101 253.045698006948 256.62883122762 260.308186213175 259.181578954061 256.67542219162 258.106509844462 251.878341039022 240.226785341899 231.471498807271 222.882866859436 216.368734836578 213.42275540034 210.578521092733 210.497379302979 210.717876752218 212.30145295461 214.82773621877 216.657519340515 216.168065865835 220.04497051239 232.321619987488 245.108326276143
84.631085395813 92.5928254922231 92.7325586477915 57.8620930512746 46.3597774505615 72.5651731093725 88.7151956558228 106.554528077443 120.289703210195 140.263815720876 150.677422682444 152.923425038656 168.617784976959 176.916241645813 192.794799804688 213.079988956451 223.151703675588 229.114413261414 231.176833311717 220.48823038737 203.843712806702 217.159549395243 228.58202457428 241.802175839742 255.25951385498 263.214846452077 266.266365845998 267.819126447042 262.474000453949 259.910504023234 252.12283929189 245.026667912801 235.16434431076 225.471993287404 220.35547097524 215.373734633128 213.98530403773 209.984501202901 209.45417881012 212.857762972514 217.030902703603 218.939026196798 217.642068862915 219.13222471873 221.179962158203 235.754032929738
91.2241339683533 94.2903757095337 105.02694050471 97.8369216124217 83.1048885981242 89.8301402727763 92.7168925603231 107.639799515406 121.600617965062 136.678437391917 151.639332373937 148.752421140671 152.219156424204 155.617813269297 169.203758239746 188.307801882426 204.231142997742 213.086167971293 223.081012566884 227.294822533925 223.372677961985 210.294584433238 213.334123293559 225.465436776479 236.629565556844 249.988436698914 258.333206176758 266.764541467031 260.318795839945 258.878449598948 252.807835737864 244.704902172089 235.778272151947 228.145480155945 223.602334658305 218.351403872172 214.316725730896 205.451130867004 202.622413635254 211.452424526215 218.237618605296 219.694296518962 222.562909126282 221.60538037618 217.56899356842 228.201528390249
