input/barkrak2/radiation/dir04524.grid
NCOLS 85 
NROWS 70 
XLLCORNER 665100 
YLLCORNER 4664600 
CELLSIZE 20 
NODATA_value -9999 
[rows 44 to 65 of 70, columns 0 to 48 of 85]
94.5535898208618 100.810587406158 103.872040907542 104.911853869756 106.565227111181 108.943283557892 109.403232733409 104.970395565033 100.1216173172 95.171441634496 96.5852836767832 94.2832430203756 90.5149281024933 88.7194176514943 87.9461367925008 87.7957344055176 83.8861068089803 90.1873807112376 92.2234455744426 89.4129276275635 85.917462905248 83.7958256403605 82.8906546036402 83.4115346272786 80.6034952402115 88.1618658701579 92.5047993659973 89.7441605726878 88.3652567863464 87.5097910563151 83.5800468921661 81.5190225839615 89.1560812791189 93.8703020413717 100.686281919479 103.538602590561 108.730584383011 117.984861135483 122.250884771347 111.492852369944 110.41792233785 104.300071795781 99.6126433213552 78.5329987605413 43.5570726792018 4.9202482526501 0 0 0
101.449112097422 106.284230947495 103.385746479034 106.885612010956 105.427791674932 105.247994263967 107.122759024302 105.31344016393 106.239179770152 100.868652264277 100.094944238663 98.9079475402832 94.458798567454 89.2072319984436 87.8793299198151 91.5595690409342 85.3553811709086 88.4288350741069 93.2757655779521 91.4545655250549 88.269054889679 88.5474483172099 86.2663785616557 87.229589621226 88.293582201004 88.0222419897715 94.5617953936259 94.1526492436727 90.9905831019084 90.0891621907552 85.1930677890778 81.8765809138616 85.4287544886271 84.7589572270711 85.1044952869415 87.8869195779165 97.0493952433268 109.846711158752 110.519667466482 97.2827176253001 98.9996790885925 94.5918063322703 92.7785634994507 89.4922514756521 70.9305604298909 33.7214320898056 0.394105018737415 0 0
101.032644510269 102.613190809886 105.755796035131 108.1463098526 107.669730981191 107.464204231898 109.237591425578 111.379245917002 107.297559579213 105.350474516551 103.712459405263 103.143900632858 98.7887680530548 95.0486262639364 95.17902135849 98.7875461578369 95.840722322464 89.6535714467366 95.4811374346415 93.9980248610179 90.7973448435466 91.3217763106028 90.455154577891 87.4784290790558 95.5730477968852 87.4922474225362 88.5915656884511 91.943770647049 91.9256905714671 90.7728870709737 89.608093102773 85.4317943255107 85.0017070770264 84.7584009170532 86.8273278077443 87.6367588837941 90.8114810784658 98.7140536308289 100.884556770325 98.2540249824524 96.3221689065297 90.6077325344086 96.1849788824717 103.638052940369 94.1937267780304 60.8885685602824 19.8405844469865 0 0
94.45454676946 96.8562463919322 103.193620840708 105.195393164953 109.186629454295 110.525598128637 108.367661635081 107.91677236557 108.06080698967 110.290815432866 106.647988160451 102.378189563751 101.104239622752 100.78098376592 98.2023179531097 96.8103110790253 96.4918533960978 88.2051587104797 92.8282737731934 93.4324463208516 89.8201962312063 90.0919834772746 93.0346151192983 86.0947469870249 90.9268260002136 89.1251961390177 83.011140426 88.1195565064748 92.108815908432 90.6832416852315 91.0918315251668 89.339554309845 84.7682058811188 88.2538755734762 100.298454364141 104.482372601827 99.5075503985087 95.563421646754 98.8144179185231 109.473009904226 101.515889167786 91.6457672913869 100.484470526377 107.897937297821 98.9688734213511 79.6479384104411 41.3434654474258 8.15977280338605 0
86.6822302341461 90.1324947675069 95.9390898545583 100.2297103405 107.258369525274 111.255238453547 107.634683450063 105.706224838893 109.534750382106 111.514747142792 109.707872072856 105.047841866811 103.782852490743 104.340712229411 101.248582204183 95.5303609371185 94.6089029312134 88.3107384045919 92.1780467033386 96.2542096773783 95.1396226882935 94.7653651237488 96.654216448466 93.0313169956207 90.5472139517466 92.3020641009013 88.3995393911998 91.9764737288157 98.1443425019582 101.751218239466 106.877336899439 106.074551741282 95.9680477778117 98.1935063997905 107.098917166392 115.496456623077 113.803893327713 105.622480312983 102.003117402395 108.541558186213 99.8369256655375 90.3042058149974 87.8510375817617 87.9297157128652 86.6639415423075 85.3228668371836 73.3583867549896 22.4584216872851 4.20191045850515
85.7910315195719 83.2030127445857 87.5858465830485 96.7817008495331 102.976620197296 106.357276439667 109.466811021169 112.25152015686 113.55185508728 109.580218791962 112.038393815358 111.68231566747 107.681026061376 104.514936606089 103.110492229462 98.2247988382975 96.3247021039327 93.1708216667175 96.5798099835714 100.283056497574 101.803004741669 102.695713440577 98.3169873555501 100.717564423879 95.8327651023865 98.185400168101 97.8657305240631 100.391606489817 108.524193366369 113.546093304952 120.388686656952 126.079738140106 113.335182269414 108.682711919149 107.644180456797 114.492396513621 120.993415514628 115.193068981171 108.467549085617 96.6561734676361 89.1871651013692 89.9328688780467 88.2662336031596 83.4270119667053 79.8290421565374 83.5595627625783 79.5949151118596 29.2295987407366 5.20570669323206
86.4201088746389 89.7212227185567 93.4338271617889 100.294997294744 100.813587506612 101.551542679469 109.877367814382 115.460832913717 114.943623542786 114.563484986623 114.541620016098 114.691406488419 110.455582539241 105.569501717885 105.376581350962 108.734140793482 101.388623317083 100.593686103821 102.272172768911 107.629001140594 107.60572552681 105.094105005264 102.14818517367 101.976881424586 96.6759820779165 101.990749438604 106.344292561213 107.845187187195 113.155166308085 120.404620965322 128.020624319712 130.579769611359 126.763145128886 112.579554319382 98.133385181427 102.81765460968 113.417526086171 119.540313879649 111.628274122874 91.6408101717631 83.9168826738993 92.3951665560405 93.7897165616353 89.5384748776754 83.968311548233 82.0895979801814 68.0151681105296 35.3189433614413 7.19670889278253
87.0389938354492 98.4153052171071 100.692689418793 103.131661812464 100.963552792867 100.224455197652 108.12125603358 113.813161849976 113.726447025935 118.586848179499 115.768700838089 115.256110827128 112.973471482595 108.330627282461 107.798208793004 114.563584327698 107.158223787944 103.743135929108 101.527859767278 103.973587354024 104.387750228246 103.093365828196 102.517853180567 97.8758136431376 97.0425208409627 98.4797974427541 102.136651674906 103.587875763575 106.408447027206 115.849773089091 123.29164147377 130.970994631449 123.183737198512 104.071448246638 71.5158482392629 48.0024913946787 75.091744462649 102.56165266037 114.936719338099 117.701421181361 110.39133866628 101.560185352961 84.7973525524139 82.8827520211538 90.1930630207062 84.4193200270335 64.845805366834 52.4920622507731 14.3689091006915
90.868999560674 88.6786878108978 87.6741906007131 90.4524425665538 98.3808139959971 103.502492109934 104.219386974971 110.505084196726 109.961668650309 114.579409360886 115.39489030838 117.044518391291 117.014159758886 111.427366733551 109.456996122996 108.107874790827 110.739399989446 103.584617376328 98.0983177820842 96.1413979530334 94.8049326737722 97.0968306064606 99.7119049231211 93.0468340714772 95.2873826026917 92.6452080408732 93.3600564797719 94.934602578481 94.1598216692607 98.2679029305776 102.86957025528 113.566984732946 109.461436669032 85.355410973231 53.0063807964325 30.8120225866636 32.1634486317635 54.7287613153458 96.1052079995473 113.532890876134 119.823038578033 103.030393520991 81.4156532287598 77.1589825550715 84.5331450303396 76.7394155263901 58.0703914165497 68.6959673961004 49.7015217940013
94.2551990350087 83.4647615750631 80.5499007304509 86.1089030901591 98.899781703949 108.373741308848 107.408891121546 108.636418978373 111.109842856725 111.019343137741 113.902469476064 116.501331329346 118.135492006938 115.972578525543 110.424260298411 108.532021443049 111.892759799957 104.099730650584 99.3753969669342 100.124061107635 100.945204496384 97.8125929832458 96.2528685728709 91.8382704257965 93.3816929658254 90.9130374590556 89.8685455322266 90.7151997089386 89.8086826006571 86.2070818742116 79.0774673223495 82.9417159159978 84.6669475237529 69.0040588378906 54.5200109481812 32.134344180425 19.294049590826 16.6764780879021 31.5041889746984 65.3861910104752 102.186461289724 93.0706262588501 82.2809437910716 64.8371577262878 60.7451895872752 60.4791939258575 59.0529491504033 78.1639516353607 89.6447896957397
94.421645005544 88.6341532071431 85.8808358510335 90.7860497633616 101.037194331487 109.860728184382 113.188137610753 108.851770559947 113.479346036911 111.40239238739 115.089843670527 117.299636205037 118.627776702245 119.970947504044 113.852977752686 113.370676835378 113.576084375381 107.293973366419 102.947403987249 104.395896196365 105.461279551188 101.225088040034 100.000580151876 99.502166112264 96.5415636698405 94.9257810910543 93.3052996794383 90.6560619672139 85.22762854894 79.4956137736638 70.0305799643199 72.7301140626272 77.9898464679718 79.0743033091227 77.2962421178818 64.9770001570384 38.3893524607023 23.3945921063423 17.8192481398582 26.9967193404833 48.7486173709234 71.3202307621638 48.7971802552541 40.0822808345159 39.6168306469917 47.3191638787588 62.6484155654907 70.5139487981796 84.8028461138407
98.1867114702861 96.6382026672363 92.1682814757029 90.2298092842102 96.4430769284566 108.799636363983 111.32554213206 109.0480585893 110.75547337532 116.35418732961 122.789005438487 122.728745142619 120.672543843587 120.954781770706 118.322153886159 117.623269557953 117.094705502192 113.613476355871 108.290145794551 105.175574620565 102.964520454407 101.962824662526 103.799959023794 107.692956924438 103.335827589035 101.21101140976 94.7013894716899 84.3893786271413 76.2780209382375 72.9905118544896 73.0051894982656 78.7261327107747 83.4592282772064 95.0227777163188 102.649827798208 101.476629575094 84.9396089712779 67.2391553719838 50.5878329277039 28.9709518353144 33.0069959163666 58.1054786841075 58.4561924139659 46.5565025806427 46.6605772574743 63.8686567544937 88.606208562851 83.8946302731832 78.7987013657888
100.914051135381 100.440005461375 99.1056263446808 94.5193270842234 95.2469607194265 105.457504590352 109.261174996694 109.307666619619 108.76343647639 118.009557326635 126.508057117462 125.26598572731 120.8136677742 123.177717129389 123.138745625814 116.497298081716 118.806898593903 115.297416845957 110.790421565374 107.588350772858 106.466104586919 107.229252656301 103.514671325684 100.816955169042 99.789947271347 96.2180594603221 72.1520483493805 52.2582630316416 47.1551418304443 55.3308576345444 70.2191889286041 75.111652414004 81.4984391132991 89.1989270846049 99.3824601173401 111.820449431737 115.047534306844 95.0977702935537 95.2304005622864 61.7081622282664 42.6270266373952 59.8873297373454 76.4800707499186 77.3391872644424 77.2782415151596 92.7695731321971 121.946662664413 109.845101833344 85.7141017913818
99.5797912279765 97.859779993693 101.684550444285 102.326273918152 98.9874005317688 101.789315541585 109.4944079717 110.388408104579 109.859963258107 118.081559737523 125.812510649363 124.410808086395 118.749966224035 121.717890103658 125.602016846339 115.366786718369 116.246581077576 114.384333292643 111.254831155141 112.206349770228 113.43918244044 112.590889135997 106.585522492727 98.9768306414286 99.6665358543396 95.4484343528748 76.1274993419647 55.6986232598623 56.1347901821136 66.5453573067983 79.3952792882919 81.1643699804942 92.8077002366384 104.167610406876 111.221005519231 122.595777114232 100.478291511536 54.7287166118622 55.1190326611201 65.3472145398458 68.3743556340535 83.2793563604355 88.4821216265361 71.7659145593643 45.3630983829498 72.4373161792755 98.4189709027608 93.0247406164805 78.4876892964045
87.1903498967489 95.9787666797638 99.4029343128204 102.180659770966 101.842443148295 97.9531606038411 109.156459569931 113.889992237091 113.726566235224 118.766764799754 122.103303670883 122.077018022537 120.891024669011 118.427902460098 119.879702727 115.228126446406 111.476888259252 114.687621593475 116.413454214732 117.42314696312 118.15819144249 113.220314184825 111.53186360995 104.193578163783 102.239042520523 102.805117766062 98.3663400014241 92.6903486251831 94.9137012163798 99.6646185715993 97.2341994444529 91.4156238238017 107.48149951299 116.780380407969 111.455182234446 83.5792422294617 73.2374687989553 35.5149706204732 22.6655354102453 35.7819125056267 58.1537783145905 94.1304961840312 91.3427869478862 76.9750525554021 63.8572871685028 66.9037650028865 83.3582580089569 88.1776611010234 85.7704778512319
76.1980712413788 92.4570560455322 97.2451368967692 100.206067164739 103.196918964386 99.1465151309967 103.819896777471 113.495906194051 124.217391014099 124.960293372472 121.063798666 118.917087713877 120.812525351842 119.413157304128 119.230985641479 116.503169139226 112.200995286306 113.537698984146 112.113803625107 108.8647544384 110.949913660685 109.580496946971 108.054935932159 105.038156112035 105.63404361407 111.862589915593 121.516724427541 124.189416567485 109.361509482066 109.574675559998 101.491063833237 91.5630062421163 101.801147063573 92.3756162325541 49.3383457263311 38.7813324729602 37.0372285445531 28.0964399377505 14.4519321620464 9.72655229270458 12.2071132063866 42.6026036341985 88.683287302653 106.399347384771 121.477981408437 115.783035755157 111.46005988121 109.353979428609 108.109583457311
78.1396925449371 89.1054570674896 97.482830286026 100.107510884603 101.596474647522 102.205087741216 96.3088770707448 107.327510913213 129.457275072734 128.725151220957 119.533429543177 115.938434998194 118.821243445079 122.146477301915 120.808343092601 117.195596297582 115.509063005447 112.688561280568 104.848583539327 97.4270304044088 96.3770151138306 99.5422800381978 101.500461498896 103.562891483307 104.680915673574 111.633022626241 127.66769528389 138.739218314489 118.321001529694 107.887595891953 92.8268531958262 81.3835859298706 81.0654958089193 75.7216513156891 54.1822165250778 32.1478048960368 33.6328869064649 44.3852841854095 35.7491970062256 19.9022094408671 9.22570501764615 20.1097801327705 66.7114108800888 98.8078316052755 106.581807136536 104.743460814158 100.707660118739 101.931770642598 97.1285204092662
91.5910005569458 94.7382549444834 97.4979599316915 93.9530730247498 86.7642760276794 83.7795237700144 92.1127696832021 98.8013943036397 109.640975793203 106.570303440094 104.443520307541 110.922416051229 117.686569690704 118.723849455516 114.459455013275 116.45312110583 116.693437099457 109.649946292241 101.0715564092 94.9626266956329 93.8844283421834 94.7443048159281 97.1616407235463 99.2825229962667 99.8474856217702 104.831437269847 115.670502185822 128.637850284576 117.220213015874 98.7480680147807 88.3055726687113 73.2185592254003 65.7573739687602 79.4971485932668 73.4650293986003 44.5402860641479 53.3915609121323 85.5143666267395 90.1514689127604 67.6627159118652 35.1641625165939 25.1990829904874 43.9656724532445 55.0799667835236 53.0469467242559 56.803951660792 71.1462001005809 76.2688467899958 74.7780501842499
104.565610488256 100.64552227656 96.6700514157613 88.7209375699361 77.0085801680883 69.8034365971883 82.5520356496175 81.2058548132579 69.3037609259288 70.3055759270986 82.9950173695882 97.0772703488668 103.210985660553 108.498911062876 112.214068571726 123.240212599436 125.804593165716 116.00265900294 106.463064750036 102.401624123255 98.7122257550557 97.8325009346008 99.5921989281972 98.3022650082906 96.9381332397461 100.346297025681 103.736301263173 111.376941204071 104.782660802205 84.7312013308207 83.8845769564311 78.1398216883342 72.2398509581884 89.8764729499817 94.7836637496948 81.4264913400014 72.0817943414052 72.7782795826594 78.9891580740611 77.2279351949692 54.4809450705846 43.0103093385696 43.6505675315857 35.8569075663885 27.5359724958738 30.7117054859797 42.733242114385 55.9847454229991 60.9655231237411
107.810209194819 100.313703219096 94.8326090971629 90.4917518297831 82.2471231222153 75.1028954982758 69.038192431132 63.8085653384527 43.8731064399083 54.466704527537 77.213317155838 89.680294195811 90.8570885658264 99.5095769564311 114.699323972066 132.111330827077 138.410538434982 130.00351190567 120.077073574066 115.176399548848 109.209636847178 107.469807068507 105.915059645971 99.4895398616791 99.8499194780986 98.9158749580383 96.1465239524841 94.5491790771484 94.879408677419 73.6875931421916 75.4544039567312 77.2519608338674 72.8889554738998 93.9160784085592 113.111913204193 116.526087125142 90.0892615318298 42.081152399381 36.9241883357366 53.7802179654439 58.3847463130951 53.6449799935023 56.1847041050593 50.5957156419754 37.0965202649434 32.5679654876391 45.0216134389242 56.3545475403468 67.3831204573313
110.724925994873 104.688137769699 103.238085905711 104.53999042511 100.822548071543 93.4165716171265 87.2763693332672 88.5211129983266 86.6152743498484 91.6129151980082 101.650973161062 109.451353549957 109.814653793971 103.813568751017 115.386416514715 133.354872465134 144.71114675204 144.122074047724 135.952214399974 124.697377284368 116.929113864899 110.966891050339 109.51973994573 110.978901386261 104.307860136032 92.888335386912 87.4066750208537 86.1408909161886 85.481067498525 81.2686532735825 66.6493276755015 56.0823778311412 53.6789099375407 81.0309002796809 122.199773788452 130.736708641052 96.3012178738912 58.9458843072255 28.5352046291033 28.777226805687 33.6366022626559 44.5189625024796 60.0971579551697 66.9963459173838 69.7809209426244 54.6051561832428 53.872009118398 74.660802880923 108.685115973155
111.666262149811 108.549972375234 108.843743801117 110.720068216324 109.928508599599 105.431854724884 104.437003533045 113.918403784434 132.337391376495 127.139170964559 117.657820383708 120.523035526276 127.189735571543 112.29877670606 113.317181666692 123.121052980423 133.816291888555 140.409131844838 140.459984540939 132.766554752986 126.159926255544 118.684768676758 112.616737683614 107.035974661509 103.184054295222 89.9869998296102 78.7342637777328 75.8906056483587 77.392632762591 69.3327983220418 38.2626776893934 35.2396443486214 28.2181352376938 45.2036460240682 120.552281538645 131.810555855433 110.887785752614 100.086003541946 64.4057889779409 22.0596864819527 13.6155138413111 10.628009835879 33.1735114256541 73.0822583039602 82.5106153885524 71.1847444375356 69.8009431362152 100.611706574758 167.537709077199
