input/barkrak2/radiation/dir05024.grid
NCOLS 85 
NROWS 70 
XLLCORNER 665100 
YLLCORNER 4664600 
CELLSIZE 20 
NODATA_value -9999 
[rows 0 to 20 of 70, columns 0 to 48 of 85]
138.374269008635991 154.500434796015 172.173202037811 194.190462430318 205.498774846395 205.999175707499 203.546186288198 200.626532236735 199.419995148977 203.075687090556 203.174392382304 200.421790281932 196.607073148092 197.418888409932 198.292116324107 184.975703557332 171.329994996389 158.645500739415 157.33128786087 153.459370136261 154.946058988571 173.264523347219 199.382205804189 205.990652243296 210.230569044749 223.186771074931 221.512357393901 206.701099872589 194.101174672445 193.897207578023 189.293106396993 212.203741073608 256.919781366984 254.844943682353 252.22369035085 240.198393662771 244.967500368754 258.204579353333 255.663692951202 255.397280057271 245.335698127747 251.519401868184 258.881489435832 252.882421016693 241.380254427592 246.408005555471 249.942680199941 219.369928042094 151.824921369553
113.475024700165 130.996733903885 146.72980705897 168.904503186544 184.748371442159 192.728559176127 196.932673454285 201.910297075907 208.700060844421 208.640356858571 206.203679243724 202.928483486176 198.932925860087 199.421306451162 199.398676554362 186.48624420166 177.050987879435 167.523225148519 163.674493630727 157.842665910721 168.128450711568 193.920969963074 214.522580305735 216.018398602804 220.425128936768 228.551467259725 223.992943763733 210.98667383194 198.998471101125 195.974469184875 196.745753288269 226.580361525218 258.017301559448 255.575974782308 250.876486301422 241.810441017151 248.244524002075 258.03397099177 252.953370412191 252.287824948629 248.461544513702 249.180714289347 245.876053969065 237.510740756989 233.014861742655 245.128353436788 241.827686627706 203.947106997172 162.9578769207
76.3578414916992 86.3824884096781 99.255363146464 112.571984529495 128.266205390294 142.957945664724 156.791110833486 177.631596724192 192.686835924784 195.699175198873 198.511302471161 202.254354953766 207.080483436584 209.716637929281 210.749904314677 212.203085422516 209.687530994415 198.295553525289 181.23851219813 172.766864299774 184.360067049662 202.099184195201 213.349421819051 217.239677906036 220.607360204061 221.33195400238 216.872731844584 209.772566954295 203.730463981628 205.296635627747 215.870996316274 242.385486761729 258.408387502034 256.774425506592 251.282294591268 247.931679089864 254.663348197937 259.400963783264 254.220724105835 249.605695406596 243.504166603088 234.377940495809 220.625599225362 215.402722358704 223.897000153859 241.073608398438 229.571382204692 194.266776243846 181.276619434357
59.3862781922022 59.9107046922048 65.907895565033 71.7280209064484 79.618642727534 88.5704060395559 99.99880194664 118.50768327713 140.216479698817 159.959375858307 178.153832753499 195.962727069855 207.419792811076 211.519281069438 215.465545654297 222.312569618225 219.281395276388 208.110868930817 189.681172370911 181.930541992188 182.705998420715 183.645188808441 195.870161056519 205.587764581045 208.057105541229 209.631105264028 210.82858244578 210.112075010935 210.33763885498 216.177483399709 222.371955712636 248.043576876322 257.635076840719 255.079011122386 250.94085931778 251.891652743022 254.681468009949 255.512475967407 248.275995254517 236.810485521952 229.405681292216 217.45240688324 214.003960291545 227.209448814392 241.633931795756 234.887401262919 215.441087881724 190.431813398997 191.582401593526
79.243928194046 64.175675312678 52.0898997783661 43.9605563879013 44.8022584120433 60.920109351476 85.0005745887756 97.5897709528605 108.808994293213 117.984155813853 142.829895019531 169.138789176941 185.376842816671 193.887750307719 201.457063357035 206.510444482168 203.416744867961 196.373581886292 188.865900039673 183.609922726949 178.883155186971 176.658749580383 187.066435813904 196.48140668869 200.708786646525 206.991970539093 209.659139315287 210.71312824885 211.166461308797 211.625536282857 219.348152478536 249.928037325541 252.463241418203 252.916574478149 250.257968902588 247.810045878092 246.173322200775 243.790666262309 233.244160811106 223.274032274882 222.001214822133 220.392028490702 226.635317007701 237.527628739675 240.690072377523 216.654380162557 186.644772688548 179.315984249115 185.890078544617
123.512327671051 95.774511496226 68.4402783711751 46.9418565432231 39.3263498942057 47.5712915261587 69.9746509393056 93.2598114013672 99.2310643196106 98.5141694545746 108.278572559357 124.069104592005 133.933971325556 141.161382198334 151.903738578161 162.620623906453 167.923549811045 176.275769869486 184.255719184875 188.439885775248 190.092364947001 190.927843252818 189.003427823385 191.604653994242 197.61578241984 202.411770820618 207.273602485657 210.485617319743 213.163435459137 215.847313404083 229.082862536112 242.261350154877 237.373093763987 238.154451052348 239.350239435832 240.938544273376 240.355908870697 235.40872335434 224.557419617971 224.901576836904 224.37991698583 222.170790036519 224.36132033666 228.08583577474 219.635446866353 185.513854026794 157.640834649404 167.046904563904 187.005976835887
139.682769775391 124.906996885935 102.127691109975 80.276146531105 59.5178306102753 47.00767993927 52.310436964035 79.6010196208954 99.329928557078 106.471568346024 103.308687607447 100.378781557083 96.9685614109039 92.3821727434794 93.627671400706 110.088547070821 125.941216945648 149.451494216919 171.961406866709 186.28599246343 194.465478261312 198.769549528758 194.143851598104 190.235773722331 193.68835290273 195.747415224711 200.405399004618 205.458561579386 208.980600039164 215.726633866628 230.694949626923 236.228307088216 228.27668984731 223.899602890015 223.596453666687 222.964982191722 223.816533883413 219.748556613922 216.073234875997 210.736076037089 204.785466194153 203.919331232707 211.287319660187 219.375511010488 211.743136246999 201.579411824544 212.613224983215 222.264985243479 234.83270406723
137.832423051198 131.884177525838 124.715308348338 113.899300495783 94.9600736300151 63.1738851467768 44.094055891037 39.7106260061264 71.2309579054515 102.908025185267 112.59330312411 109.730650981267 101.73757870992 91.5267964204152 77.9365301132202 80.6284099817276 93.5083627700806 111.48323615392 139.21249906222 160.654415686925 176.615595817566 189.619362354279 196.15360101064 190.997024377187 189.329663912455 188.744743665059 188.939054807027 192.554612954458 196.938931941986 206.788738568624 218.629876772563 219.402313232422 212.824006875356 207.106431325277 204.319258530935 203.893542289734 209.596772988637 207.19301700592 202.018062273661 186.619321505229 183.973828951518 193.7468846639 212.408900260925 225.817243258158 225.505471229553 228.153566519419 236.37592792511 238.64491780599 245.878497759501
110.411743323008 121.26096089681 118.912150462468 114.149192969004 107.575714588165 88.3536338806152 60.7865353425344 36.4071925481161 45.3008164962133 60.808057586352 83.2113921642303 93.0330157279968 98.4591841697693 104.715446631114 94.8830743630727 84.3813916047414 80.0135384003321 83.0083191394806 96.8338847160339 108.994007110596 130.435963471731 146.282702684402 164.787232875824 167.168021202087 173.717935880025 172.985514005025 173.227111498515 176.258603731791 179.985423882802 190.030415852865 195.821404457092 196.543316046397 192.743182182312 191.349109013875 192.810297012329 195.064882437388 197.799384593964 199.306766192118 197.940031687419 190.515279769897 200.959304968516 216.314752896627 226.724902788798 228.156010309855 222.096880276998 218.586723009745 221.670349438985 231.844902038574 240.602056185404
82.6093256473541 81.4503133296967 87.3558223247528 95.9128638108571 105.024784803391 98.5615849494934 83.5055609544118 67.6284631093343 42.8461531798045 34.3779399991035 39.867011209329 59.7871591647466 77.6682396729787 93.9021507898967 97.2790718078613 91.291348139445 83.1367721160253 79.4439713160197 80.1135450601578 83.2421779632568 89.6566808223724 100.988725821177 114.178995291392 125.309924284617 140.351553757985 144.053568442663 145.44603228569 148.477216561635 153.804222742716 164.047608772914 164.168069760005 165.823856989543 172.049164772034 176.00820461909 181.534806887309 184.84636147817 184.27586555481 190.958261489868 195.423165957133 203.372498353322 217.29318300883 225.254654884338 223.803003629049 228.233297665914 221.718450387319 218.438545862834 229.174693425496 238.688309987386 239.146888256073
46.9152629375458 45.8794484535853 52.4385869503021 55.5233458677928 63.7230972448985 75.5297193924586 78.6242087682088 73.1014261643092 57.1128378311793 40.6201084454854 32.6879471540451 37.9243344068527 53.6403010288874 73.1605291366577 88.3413751920064 84.268977244695 82.9470405975978 81.5588931242625 75.8360326290131 73.004275560379 74.2035955190659 73.708176612854 78.120082616806 96.6734190781911 112.053205569585 121.774017810822 125.992755095164 129.443238178889 138.222724199295 144.354631503423 148.509611686071 152.009983857473 161.75964474678 166.271338860194 167.745351791382 171.025395393372 176.049987475077 183.039287726084 191.146810849508 211.264173189799 219.612419605255 222.91092077891 221.876362959544 217.805643876394 216.344217459361 223.553538322449 234.482705593109 236.52321100235 235.682825247447
22.3703235387802 18.4817748765151 19.0739793082078 20.8196577926477 23.3855918049812 28.7898158033689 41.3040121396383 49.7413575649261 50.3587424755096 46.2315877278646 38.2329871257146 31.6127041975657 36.0520879427592 49.1407215595245 66.5288666884104 71.5658118327459 82.3114415009816 83.3159039417903 77.1665026744207 71.1489369471868 68.1854486465454 66.2110100189845 67.5304432710012 74.9828517436981 87.0302220185598 97.259392340978 103.057603041331 108.599791924159 116.731315851212 123.846381902695 129.722396532694 135.308692852656 140.757938226064 144.623974959056 146.759212017059 151.014546553294 162.543882926305 175.114492575328 181.355357170105 200.829048951467 208.056271076202 207.758863766988 206.015547116598 202.572782834371 202.910542488098 202.972292900085 208.599209785461 220.456341902415 228.523453076681
15.1297921935717 9.31059320767721 5.69072427848975 2.61973806967338 0.343146617524326 0.512959125141303 6.72201563914617 23.2434421777725 42.6916579405467 55.4505834976832 53.303986787796 44.685443242391 32.4488257368406 31.4101750651995 44.6894864241282 63.028226296107 77.7450650930405 83.669513463974 83.4266940752665 79.2006502548854 74.2313762505849 74.9133030573527 75.7532914479574 76.7383178075155 78.7884145975113 82.0072243611018 90.0321801503499 99.5885531107585 104.520092407862 106.947064399719 112.358510494232 118.201524019241 119.579921166102 122.225850820541 126.628051201502 132.934222618739 143.53354771932 157.281696796417 162.663439909617 174.119889736176 182.80416727066 184.961378574371 184.385736783346 186.050494511922 187.564790248871 189.260522524516 192.074457804362 196.767429510752 200.078686078389
15.679620206356 2.50327043856184 0 0 0 0 0 2.91318198045095 23.3265707890193 38.785383105278 52.5748878717422 63.2720142602921 55.210883418719 43.4952477614085 42.499432961146 58.3940148353577 72.0210472742717 85.2943062782288 94.7848955790202 93.1585431098938 85.8357548713684 86.3297482331594 84.8561724026998 84.7110152244568 86.2381060918172 85.6460531552633 88.8379116853078 99.6211965878804 105.721960465113 100.236713886261 105.796158313751 111.70889933904 113.334645827611 112.466057141622 117.924243211746 125.68207581838 130.721896886826 137.41660118103 143.533706665039 145.998338858287 152.500261863073 159.627060095469 167.174339294434 175.794283548991 174.858689308167 182.129263877869 183.143178621928 180.139501889547 178.842584292094
21.017000079155 5.19484716157119 0 0 0 0 0 0.653983559459448 8.17456468939781 27.3092612624168 54.016962647438 78.0127048492432 79.7465940316518 70.2450573444366 58.9982072512309 57.4639538923899 61.1529995997747 74.5252221822739 90.2808705965678 99.9168455600739 101.794481277466 99.7063517570496 97.6388553778331 95.4178373018901 95.3817168871562 94.0920213858287 93.4716562430064 98.3917117118835 98.9947915077209 97.9382296403249 102.8118232886 108.443597952525 107.975999514262 107.457647720973 112.256477276484 115.963637828827 117.314517498016 116.861591736476 122.479995091756 123.988062143326 130.568712949753 138.604740301768 145.361423492432 150.952309370041 156.045297781626 162.651638189952 172.306656837463 179.614424705505 175.100286801656
21.6905698180199 7.72162713110447 0.0734291097614914 0 0 0 0 2.1501526546975 4.47032103935878 20.1010505358378 40.672575434049 65.2537246545156 85.7090850671132 86.364338795344 79.4387012720108 60.8544647693634 55.8539231618245 58.9684198300044 72.8692511717478 94.2021409670512 108.330438534419 106.639266014099 108.821163574855 104.479064544042 99.7344156106313 102.37134496371 99.768857161204 97.0429579416911 99.1279085477193 101.468682289124 98.9818672339122 103.781888882319 105.866769949595 103.49702835083 105.090260505676 103.487511475881 101.25192006429 97.4024434884389 102.090090513229 104.811251163483 109.309365351995 114.175250132879 118.087430795034 121.746857961019 137.013296286265 143.542021512985 156.786759694417 167.906820774078 168.179273605347
17.9734453558922 10.2893430739641 0.595608609728515 0 0 0 0.237228484669079 3.53184621781111 11.464562267065 16.5495524803797 26.9443939129512 50.4649430513382 75.697382291158 87.1442159016927 91.7348265647888 86.0182146231333 78.678106268247 71.013202269872 64.131498336792 72.8124678134918 94.3674047787984 110.01909772555 115.159501632055 111.509134372075 108.425905307134 108.970781167348 107.953061660131 106.927186250687 104.234784841537 104.472140471141 106.522550185521 94.0063297748566 91.3712084293365 94.7538415590922 95.1818227767944 94.2959487438202 89.8215075333913 88.6661410331726 90.2292132377625 93.617171049118 95.3510006268819 98.5971589883168 102.149456739426 105.326722065608 123.545239369075 134.200950463613 142.81702041626 150.44754743576 155.869116385778
14.3365773061911 12.2128228346507 4.26220055669546 0 0 0.00962538069870789 2.4783651654919 7.31759145855904 17.6505570610364 21.1719200015068 25.9394571185112 40.871058901151 63.7274384498596 78.2067775726318 93.7643746534983 102.738996346792 100.780189037323 93.1716064612071 78.4860203663508 67.5070186456044 75.9175370136897 100.638608137767 107.915669679642 112.33710249265 116.378158330917 117.180079221725 117.61263012886 117.704421281815 111.012905836105 112.432559331258 100.730737050374 92.9011702537537 89.4459982713064 79.3592284123103 75.0228861967723 81.1588615179062 83.6030046145121 87.1800382932027 88.1555080413818 90.5078053474426 92.5895869731903 94.2356586456299 94.0157771110535 96.8346397082011 109.680990378062 124.953011671702 131.974716981252 134.042928616206 137.871980667114
15.541451672713 18.5109612842401 16.424352924029 0.00385795798744463 0 3.55174827078978 7.06244135896365 15.0185053547223 25.3415927290916 35.8357578516006 41.7649547259013 45.379305879275 56.399663289388 65.1751259962718 81.0990979274114 93.1116938591003 101.812849442164 102.986772855123 102.535963058472 86.8896047274272 73.8132248322169 84.6402446428935 94.997505346934 106.811662515004 117.01359351476 122.567266225815 122.552454471588 127.671897411346 120.350390672684 110.642075538635 94.6506460507711 92.4593210220337 80.3509404261907 66.9851799805959 69.8850005865097 71.2877810001373 68.8404788573583 70.7430442174276 72.761058807373 79.6576092640559 82.6238691806793 86.6642991701762 90.1664396127065 90.8839205900828 92.2542810440063 106.709371010462 111.047049363454 114.048769076665 116.693248351415
16.5342167019844 16.3573635121187 18.3761417865753 10.9759482244651 2.14740168303251 9.08780905107657 9.79286121825377 12.7465489010016 26.071401933829 36.1513569951057 43.6434348424276 43.2628840208054 44.8502798875173 50.4826009273529 62.1472299098969 78.911413749059 90.9156302611033 96.2864061196645 102.214435736338 103.681862354279 95.6724186738332 83.8331083456675 86.6914490858714 97.0271627108256 108.108818531036 116.745462020238 120.768119891485 123.111019531886 113.590667645137 113.803068796794 101.076662540436 87.5647862752279 75.5717108647029 60.1230363051097 56.1751623948415 48.9577849706014 48.0258564154307 44.2673563957214 53.0806581179301 60.7054531574249 66.6804413000743 70.5761909484863 77.1371275186539 82.5199435154597 81.169659892718 92.3794607321421 92.4813151359558 97.1891681353251 105.640103419622
21.1002429326375 14.0893508990606 10.3285728643338 17.7906254927317 12.2390935818354 10.1097486913204 9.07639289895693 12.2605040669441 22.7551062901815 29.7307074069977 35.3196114301682 35.9940081834793 35.9016507863998 39.2025783658028 46.4189747969309 62.307745218277 73.4731753667196 81.7818542321523 92.1163658301036 105.19344607989 111.776431401571 103.444288174311 101.187646389008 104.775230089823 109.359323978424 109.250058730443 107.309659322103 117.555012305578 111.522197723389 98.904937505722 84.5186412334442 77.5227298339208 59.5936477184296 40.2826468149821 31.6877886652946 24.7827197114627 23.5360786318779 23.0517039696376 35.0884074966113 40.7845055063566 46.3824917872747 53.9984107017517 63.4084443251292 66.4567997058233 71.4401553074519 78.1974494457245 81.6895266373952 88.2287621498108 92.9547548294067
