input/barkrak2/radiation/dir07524.grid
NCOLS 85 
NROWS 70 
XLLCORNER 665100 
YLLCORNER 4664600 
CELLSIZE 20 
NODATA_value -9999 
[rows 0 to 20 of 70, columns 0 to 45 of 85]
204.064488410949991 219.727238019307 236.001590887705 255.590637524923 264.845252037048 265.069981416066 257.757623990377 252.332806587219 253.673315048218 255.587836106618 254.804611206055 256.102840105693 254.327634970347 255.488177140554 257.506410280863 248.444100220998 235.993623733521 224.96102253596 219.862361749013 209.328949451447 205.961247285207 220.417996247609 247.125963370005 254.856566588084 256.887018680573 267.240305741628 266.048689683278 251.875400543213 236.101567745209 234.026869138082 229.932546615601 250.063061714172 293.047746022542 290.809750556946 288.415273030599 275.943756103516 280.248383680979 294.731080532074 290.94531138738 290.503660837809 278.480211893717 278.806428114573 291.252513726552 290.485799312592 279.579897721608 282.311081886292
182.845691839854 199.886898199717 215.750376383464 235.394199689229 248.972038427989 253.832161426544 252.113540967306 253.66739432017 262.437383333842 261.4666223526 257.563432057699 256.534238656362 255.819857120514 256.836672623952 256.672779719035 247.315069039663 241.605420907338 232.890506585439 228.172302246094 216.71853462855 220.415790875753 240.494430065155 260.820786158244 263.949493567149 268.02275578181 272.252400716146 267.574727535248 255.123714605967 241.026898225149 235.870043436686 236.703217029572 263.748129208883 293.709178765615 292.782107988993 286.964694658915 277.747273445129 283.369163672129 294.690330823263 289.545059204102 292.662342389425 283.838272094727 280.859311421712 279.387950897217 279.092570145925 276.439825693766 282.385230064392
144.611169894536 157.120207945506 170.244872570038 183.775186538696 198.307553927104 209.511399269104 220.042506853739 235.959966977437 249.160309632619 249.991854031881 250.10891755422 253.745992978414 262.111842632294 265.850861867269 264.61136341095 269.017954667409 269.735435644786 260.412653287252 243.354280789693 233.348985513051 240.823487440745 254.199723402659 262.52822081248 265.056808789571 270.179073015849 269.10658677419 263.358235359192 254.40243879954 245.349864164988 243.610560894012 251.69293085734 279.203832149506 291.969577471415 292.502621809642 287.572065989176 281.765937805176 288.120845953623 291.768133640289 291.076223055522 290.425360202789 282.350957393646 273.417194684346 262.286682923635 261.155486106873 271.61306142807 280.566652615865
125.108579794566 126.662035783132 134.14873679479 141.568919022878 148.970146973928 154.888600111008 163.400918245316 180.912693341573 202.585220336914 221.343318621318 235.809048016866 252.77316570282 264.912009239197 269.389053185781 271.992305914561 277.706344922384 275.485098361969 265.06511370341 248.982747395833 242.194851239522 241.409242153168 240.608811378479 252.674758434296 259.050408999125 259.668628374736 260.970751444499 260.449290275574 256.3396692276 254.008452097575 255.635738372803 258.18924109141 284.302294254303 291.653315226237 290.765762329102 288.191954294841 289.503733317057 290.892322858175 291.194756825765 289.200782775879 279.896676540375 272.05616235733 260.226925214132 255.588213602702 268.672108650208 284.591992696126 278.754115104675
147.992789745331 130.66565990448 117.388953765233 107.333491245906 109.837869803111 127.949754397074 150.319844484329 162.119676669439 173.379460970561 181.497097015381 205.588976542155 231.181641419729 247.222224871318 255.432109038035 261.86470190684 265.814344088237 260.613719622294 251.328607400258 245.702584584554 242.761015892029 237.61385679245 235.724091529846 247.069319089254 252.892514069875 256.165405114492 262.021819750468 261.256694793701 258.681098620097 256.506303946177 254.75416580836 261.011679967244 288.621544837952 290.256718794505 289.573033650716 285.421093304952 286.103188991547 287.334720293681 286.532660325368 276.473999023438 269.803782304128 267.672816912333 264.529585838318 267.993251482646 276.42548084259 280.610183874766 264.988680680593
194.104671478271 164.083302021027 134.702304999034 110.315918922424 100.891133149465 112.704108158747 139.494150876999 158.41935078303 163.30549120903 162.784039974213 173.502326011658 188.944379488627 200.021286805471 207.5501481692 217.617670694987 226.970632870992 229.231556256612 233.715335528056 240.816036860148 246.733844280243 246.463934580485 248.931189378103 249.788026014964 250.849763552348 254.843533039093 260.67453622818 261.321226755778 261.559923489888 259.912470976512 259.686092535655 272.992293039958 289.32644923528 287.823637326558 288.036465644836 282.777567704519 280.672351519267 282.762944698334 278.570652008057 269.312798976898 270.29021581014 269.449194272359 266.698718070984 267.962237199148 270.985503991445 261.169195175171 235.52946249644
219.782153765361 192.497491836548 169.741829236348 146.834989388784 124.704460302989 111.733704805374 119.17906999588 149.966210126877 165.277908245722 174.181203047434 170.899311701457 165.367027123769 160.470565160116 156.014790137609 158.383548259735 175.495743751526 189.813534418742 211.875637372335 232.796351114909 246.537129084269 252.904613812764 255.66836198171 253.945251305898 251.07995669047 253.589451313019 256.097634633382 259.214480717977 260.791460673014 260.898927847544 265.578766663869 278.4024477005 286.049683888753 283.080955346425 279.633522033691 276.387731234233 272.331615289052 272.27121591568 267.688850561778 263.459543387095 260.707676410675 255.055646101634 253.300150235494 258.871754010518 264.845351378123 254.244764645894 243.266463279724
232.883711655935 220.246990521749 206.125994523366 187.954386075338 162.315368652344 129.957616329193 108.381986618042 106.641411781311 143.414596716563 171.303153038025 180.347919464111 176.22454961141 166.504939397176 155.184666315715 140.995979309082 144.720524549484 158.668378988902 177.145063877106 203.782876332601 225.576519966125 239.670932292938 249.555150667826 256.323138872782 252.559781074524 250.883857409159 250.038425127665 251.195649305979 252.765536308289 254.009505112966 263.256827990214 273.662785689036 277.460992336273 272.348125775655 266.493995984395 262.213130791982 260.083238283793 263.176639874776 259.497880935669 252.548495928446 237.77182896932 237.282792727152 247.301598389943 263.996958732605 274.035493532817 268.482406934102 266.672551631927
223.103165626526 224.135994911194 218.594034512838 209.027071793874 193.145394325256 167.437513669332 134.348630905151 104.572991530101 118.76920859019 142.739643653234 164.761433998744 176.525096098582 179.240345954895 176.120976607005 161.737948656082 152.833888928095 149.972359339396 154.99414006869 170.770982901255 190.295934677124 208.064119021098 224.622865517934 236.6890112559 234.49969291687 236.391166845957 235.923270384471 236.655334631602 238.489111264547 240.440646807353 250.534574190776 256.667673587799 256.938954194387 254.197239875793 253.466665744781 253.648002942403 255.076825618744 255.325237909953 254.057804743449 247.1697529157 240.762750307719 253.5773118337 266.898512840271 276.47872765859 276.928464571635 268.327017625173 262.137293815613
188.621958096822 199.717581272125 206.13553126653 205.773870150248 202.614486217499 197.129309177399 177.121102809906 156.422585248947 122.877220312754 112.841705481211 127.361098925273 154.940893252691 179.33464050293 191.630899906158 192.848285039266 182.062347730001 165.337344010671 159.416059652964 158.510307470957 162.245800097783 171.547571818034 181.155343850454 192.826529343923 202.405254046122 212.709883848826 215.605835119883 216.592967510223 218.061168988546 220.528523127238 227.901180585225 229.323089122772 230.362931887309 237.13078101476 241.708695888519 244.990567366282 246.386885643005 245.183726151784 249.140679836273 246.553997198741 252.888321876526 269.990921020508 277.48304605484 279.231011867523 276.56360467275 267.195423444112 261.694073677063
107.592761516571 129.024962584178 151.282052199046 170.97016175588 182.91429678599 191.520810127258 192.586660385132 185.503363609314 154.278566439947 126.502881447474 111.575434605281 119.836946328481 149.043579896291 178.259015083313 195.530911286672 184.318661689758 175.282994906108 166.76127910614 157.632013161977 151.70947710673 152.158627907435 151.573210954666 157.302568356196 172.981758912404 187.970479329427 197.231908639272 198.963900407155 199.628472328186 206.541736920675 211.875995000203 215.327938397725 219.179272651672 229.320545991262 233.720680077871 233.380357424418 234.610994656881 239.679535230001 245.05623181661 250.159839789073 263.731678326925 273.943861325582 277.011652787526 276.46267414093 273.72799317042 269.470850626628 269.991934299469
65.243328611056 64.9334341287613 77.7968962987264 96.5270400047302 111.117432514826 138.766715923945 168.416301409403 175.482193628947 176.446715990702 159.883628288905 131.027559439341 110.544284184774 112.105319897334 137.880583604177 168.175280094147 173.725962638855 180.507302284241 176.133215427399 164.678990840912 152.760247389475 145.740985870361 143.165747324626 143.412053585052 153.268843889236 162.737945715586 170.305867989858 174.635807673136 179.572920004527 187.396268049876 192.86036491394 197.818617026011 203.501025835673 210.09087562561 213.901897271474 214.282472928365 217.188974221547 228.855609893799 240.846852461497 247.163673241933 261.537273724874 267.568051815033 268.685936927795 265.661776065826 261.833469072978 259.86917813619 259.036024411519
52.5811364253362 49.9938825766246 42.7931596835454 34.0363383293152 44.0374712149302 64.1062557697296 91.2473897139231 112.186203400294 141.447603702545 165.670663118362 155.686487754186 133.257855971654 105.426321427027 102.23580400149 128.144482771556 159.9161028862 178.361713886261 182.234704494476 175.929407278697 165.580481290817 155.753870805105 155.018011728923 154.48260307312 155.356297890345 156.304895877838 156.669457753499 161.221206188202 171.077311038971 175.34867922465 176.899552345276 182.34928448995 188.20575873057 189.526975154877 191.628336906433 195.481956005096 200.857520103455 213.675717512767 227.745334307353 231.67751232783 241.319974263509 248.547037442525 250.05042552948 249.151587486267 250.225683053335 246.835033098857 247.411946455638
54.5630256334941 33.4637612104416 17.3907540738583 11.4899128675461 4.32557053864002 3.68189501265685 16.875314215819 46.8538155158361 81.005796790123 104.484607776006 132.651964823405 142.830560604731 132.313112417857 112.749099731445 109.852194786072 135.734001795451 154.030342896779 176.990826924642 186.920523643494 184.265653292338 172.662695248922 170.352240403493 166.566163301468 166.0149594148 166.617423295975 164.796491463979 167.470415433248 177.128334840139 177.513182163239 170.100231965383 175.806045532227 181.268473466237 182.706713676453 182.992140452067 187.69363562266 195.82466284434 201.626102129618 208.409567674001 213.159143924713 215.184251467387 221.42239411672 228.171944618225 235.753575960795 241.964022318522 238.426148891449 243.976970513662
61.4306628704071 34.215047955513 12.6404911279678 4.50872133175532 1.50095314408342 0 8.47095251083374 30.4992645978928 47.2692648569743 74.570228656133 99.6959209442139 129.028459390004 143.969823916753 136.984745661418 123.284041881561 119.741876920064 126.906663179398 141.71239733696 169.156014919281 178.374846776327 182.562470436096 178.131063779195 179.863731066386 177.706738313039 175.648113091787 175.451397895813 176.542242368062 179.73780632019 175.753235816956 170.111457506816 172.90457089742 178.436458110809 177.838226159414 177.561004956563 182.128171126048 186.501979827881 187.373439470927 186.51157617569 192.10159778595 193.168958028158 199.157357215881 207.984824975332 214.786529541016 219.564358393351 221.945067246755 227.132717768351
56.5559566020966 34.9824354052544 11.4846949776014 1.9719156747063 0 6.45033953090509 21.4761321743329 34.2406630516052 47.6137300332387 64.2311871051788 88.5609785715739 122.402022282283 141.959408919017 151.584684848785 142.637153466543 120.94650665919 115.119308233261 119.397898515066 135.646323362986 163.44275077184 182.188868522644 181.076029936473 186.98924779892 181.270400683085 176.737705866496 178.94979317983 184.888203938802 181.23863140742 177.890261014303 180.660704771678 179.336309432983 178.629914919535 175.346573193868 173.253496487935 174.257059892019 173.519333203634 170.977830886841 165.787110726039 169.662257035573 172.281940778097 176.750679810842 183.389683564504 187.047322591146 189.720511436462 203.058938185374 209.795931975047
46.6508169968923 38.6923899253209 18.3058654268583 0.0260487819711367 0.33886501720796 7.92806409299374 25.5523373683294 38.5763198137283 53.4335225820541 60.2825134992599 74.8284558455149 104.101200898488 129.687945048014 148.402740557988 152.120987574259 148.160298665365 141.849060853322 130.132476488749 123.36144844691 132.358471552531 157.531440258026 170.978963375092 180.973092714945 184.687316417694 183.942476908366 186.042626698812 191.11434618632 187.331000963847 187.67915169398 194.831391175588 192.855993906657 180.580139160156 173.935929934184 168.992479642232 163.734038670858 162.5657081604 156.786938508352 155.221829811732 156.37880563736 160.451918840408 163.093487421672 165.903429190318 169.500172138214 172.676841417948 191.815276940664 202.589710553487
41.9594446818034 41.5403371055921 30.0947427749634 1.9465748531123 1.62288453429937 16.7608434955279 32.0986260970434 50.2996444702148 63.6006295681 69.0031697352727 75.9124904870987 93.8334961732229 114.86894885699 131.962259610494 146.336237589518 158.547113339106 161.999652783076 155.016660690308 137.110332647959 124.879678090413 134.758104880651 161.183098951975 167.054454485575 171.932915846507 173.83348941803 180.573880672455 190.613865852356 200.694998105367 201.808949311574 203.911145528158 196.964681148529 185.114085674286 175.789753595988 167.651693026225 161.049942175547 157.995402812958 154.725978771845 154.489656289419 154.835045337677 157.331208388011 159.966021776199 161.285956700643 161.719977855682 165.796627600988 178.600947062174 194.244821866353
46.8954344590505 52.8713166713715 51.4999230702718 17.9306988914808 10.9453350305557 31.6367944081624 45.0825343529383 61.3087763388952 75.4003276427587 88.5379215081533 96.2131718794505 97.8858570257823 108.868887027105 117.565900087357 136.327316363653 153.712570667267 159.87370411555 163.244992494583 161.26224398613 147.136956453323 131.271670262019 141.8610115846 151.456971963247 162.624816099803 171.473880608877 176.56284570694 178.084154923757 181.213974952698 186.364670594533 192.336102326711 196.01974884669 190.9525791804 180.396854877472 169.44162050883 163.767288128535 158.748090267181 158.359845479329 154.723982016246 153.650313615799 157.881627480189 161.626636981964 163.755814234416 163.276086250941 165.945053100586 167.283236980438 183.357298374176
50.7332036892573 53.0827144781748 62.491367260615 49.3793388207754 33.8306824366252 46.6147313515345 49.259752035141 60.5863531430562 73.9022344350815 89.7752245267232 95.9364771842957 94.1217044989268 94.3866074085236 100.14874736468 116.980234781901 135.82189877828 149.010896682739 155.399878819784 161.095271507899 162.562747796377 155.881325403849 142.715394496918 142.583131790161 152.383615573247 162.283182144165 168.901761372884 172.233521938324 173.521717389425 168.566425641378 166.148076454798 161.915997664134 172.344783941905 160.47935684522 173.165142536163 167.411208152771 161.756783723831 156.926393508911 146.815240383148 145.061095555623 153.930137554804 161.118060350418 165.449986855189 167.816460132599 166.54559969902 163.363883892695 174.949030081431
58.707316716512 47.111377120018 51.0260065396627 66.5405293305715 58.6735705534617 53.0024121205012 48.4029452006022 56.8274954954783 67.8629080454509 77.4760643641154 86.6522590319316 85.8443180720011 85.1100881894429 87.0029330253601 98.3234047889709 117.389063040415 129.699508349101 139.294723669688 150.879124800364 166.324297587077 172.807554403941 162.250806887945 160.160591204961 160.961121320724 160.40841738383 159.650882085164 158.74038139979 161.660373210907 162.633577982585 150.711317857107 136.844635009766 132.378478844961 117.046574751536 115.060687065125 114.548673232396 121.655960877736 144.206841786702 145.848492781321 148.733725150426 153.478384017944 154.239177703857 155.381699403127 159.384936094284 152.526825666428 157.477517922719 165.726562341054
