input/barkrak2/radiation/dir09924.grid
NCOLS 85 
NROWS 70 
XLLCORNER 665100 
YLLCORNER 4664600 
CELLSIZE 20 
NODATA_value -9999 
[rows 20 to 39 of 70, columns 0 to 45 of 85]
106.202483177185 94.1930115222931 102.285037438075 129.330297311147 125.1313885053 105.874458948771 97.5774029890696 108.668655157089 121.134221553802 132.453074057897 145.520716905594 144.997815291087 147.104203701019 145.659764607747 156.657755374908 172.600587209066 189.177890618642 200.798412164052 212.538480758667 230.230768521627 237.47980594635 228.699644406637 227.685451507568 233.392536640167 229.466954867045 233.038465181986 232.18446969986 228.663484255473 236.989140510559 239.939252535502 247.583667437236 235.684593518575 219.704786936442 208.231012026469 203.442096710205 209.808707237244 209.295312563578 211.364090442657 215.272267659505 220.37414709727 221.890926361084 221.500039100647 225.044926007589 218.189815680186 223.068654537201 228.56197754542
137.93538014094 127.321104208628 126.104573408763 155.364145835241 152.681003014247 109.77437098821 109.115819136302 119.764784971873 126.340985298157 132.495939731598 138.70045542717 140.241016944249 138.304044802984 133.247037728628 143.837034702301 158.924867709478 173.255761464437 188.89053662618 199.931383132935 215.651392936707 224.97946023941 235.557436943054 240.875720977783 237.857381502787 228.316644827525 215.771079063416 208.417971928914 203.052560488383 205.548842748006 207.163612047831 193.757096926371 159.285018841426 145.617663860321 150.060147047043 154.603054126104 175.971825917562 185.121019681295 202.898383140564 214.655816555023 215.963800748189 213.829000790914 211.915493011475 205.292105674744 186.461170514425 210.531969865163 223.279436429342
185.083866119385 184.137145678202 170.859396457672 175.822238127391 175.05677541097 134.229679902395 132.759779691696 128.306160370509 125.984609127045 129.295041163762 136.022617419561 139.863888422648 141.98096593221 144.429792960485 149.062852064768 157.720694939295 169.405341148376 181.643048922221 190.731128056844 193.472603956858 201.171596844991 214.555660883586 224.904100100199 229.763785998027 226.019362608592 218.673765659332 206.020474433899 196.381827195485 189.695656299591 188.501636187236 155.507345994314 116.077194611231 80.5612901846568 70.5739557743073 87.593138217926 116.974502801895 153.986553351084 176.99670791626 197.120587031047 201.719800631205 205.501874287923 207.608660062154 179.349144299825 153.028458356857 187.56111462911 219.345152378082
219.178239504496 213.046590487162 188.508550326029 182.301104068756 180.513342221578 171.656092007955 155.770510435104 134.536822636922 120.065629482269 123.68522087733 135.998616615931 141.6956782341 152.596741914749 162.045160929362 158.860345681508 160.712063312531 168.551544348399 180.36812543869 187.61416276296 180.183450380961 179.557700951894 184.01183684667 197.942753632863 208.188633124034 210.331916809082 207.201917966207 196.788688500722 186.405519644419 166.846474011739 131.044963995616 104.280432065328 81.7407468954722 48.412541548411 13.4969527522723 12.8847137093544 39.7744377454122 76.3141214847565 109.797279040019 132.714410622915 150.154113769531 152.225206295649 142.141580581665 138.78870010376 167.100310325623 176.097611586253 209.606309731801
214.370508988698 212.712208429972 201.861103375753 185.59875090917 172.074834505717 171.191016832987 157.667050758998 146.116783221563 132.810086011887 126.570383707682 134.603232145309 144.506712754567 149.589747190475 159.806271394094 161.492218573888 160.811762015025 168.63226890564 180.764158566793 188.346862792969 178.539355595907 179.606000582377 174.315134684245 182.177484035492 188.518881797791 192.086696624756 188.792188962301 180.92409769694 170.531431833903 148.674935102463 102.75478164355 84.5938523610433 84.153950214386 59.2422386010488 13.7809577087561 7.96483953793844 25.8316720525424 47.5899825493495 66.8756465117137 84.517906109492 100.397805372874 95.6278642018636 88.811457157135 112.019866704941 195.666372776031 197.709441184998 211.550335089366
202.214260896047 207.569181919098 209.034820397695 189.260204633077 172.574400901794 171.274264653524 169.566333293915 174.622098604838 170.872151851654 157.762338717779 152.414908011754 159.283131361008 162.67067193985 173.3425060908 173.605660597483 167.424281438192 170.563936233521 181.562383969625 187.792261441549 191.389520963033 194.438874721527 189.71065680186 185.837725798289 182.223578294118 180.216272672017 181.750535964966 171.940704186757 154.705713192622 133.535146713257 118.644207715988 115.034401416779 127.035369475683 122.644662857056 62.8243883450826 33.1544826428095 44.2172189553579 49.5909154415131 59.5252811908722 76.5234778324763 72.7214415868123 67.1339680751165 70.8869844675064 118.738075097402 194.252153237661 212.26574977239 218.100090821584
202.240745226542 207.08954334259 209.959248701731 195.028821627299 188.927292823792 189.025104045868 195.024927457174 199.35929775238 205.470522244771 197.803894678752 178.235014279683 182.845652103424 184.858659903208 190.370261669159 189.628024895986 179.160952568054 173.89851808548 187.734882036845 193.099876244863 206.565101941427 209.366242090861 206.140100955963 195.454557736715 184.738159179688 182.081937789917 181.622902552287 174.019952615102 164.931217829386 150.173485279083 153.749803702037 169.328371683757 195.143580436707 203.456123669942 194.052457809448 130.222300688426 69.9603706598282 65.831666191419 68.1864569584529 78.1381229559581 71.4247773090998 85.8144362767537 124.977022409439 159.060219923655 189.547558625539 212.991336981455 217.630783716838
205.421010653178 202.44958003362 204.462965329488 197.742819786072 218.825876712799 212.785522143046 215.680380662282 212.450087070465 215.936740239461 215.331554412842 195.862313111623 190.068185329437 190.991481145223 192.727665106455 195.948878924052 189.856767654419 185.248255729675 191.010197003682 203.962743282318 208.798448244731 208.029627799988 196.183184782664 192.271769046783 191.36381149292 191.648741563161 188.171843687693 183.376630147298 182.420293490092 181.230703989665 194.183548291524 210.595488548279 223.682324091593 230.072557926178 242.591679096222 225.525677204132 129.649798075358 86.0635042190552 74.5367457469304 69.355179866155 74.1912126541138 119.727383057276 196.933666865031 182.208021481832 176.358381907145 188.975791136424 192.636708418528
205.93136548996 194.032251834869 196.641345818837 203.520397345225 240.029156208038 223.345279693604 213.098665078481 205.318470795949 204.169551531474 200.400014718374 190.980513890584 182.61859814326 187.874635060628 193.751235802968 194.022377332052 198.941111564636 194.212913513184 190.148770809174 202.212611834208 202.385465304057 199.186007181803 192.559202512105 190.470218658447 195.869922637939 197.998960812887 191.186090310415 190.878788630168 189.196467399597 188.048481941223 206.630369027456 227.114697297414 241.273522377014 245.873808860779 246.429145336151 252.103527386983 204.15461063385 100.437074899673 62.302569548289 51.1037409305573 59.9387486775716 133.218079805374 185.349424680074 169.850985209147 143.34562420845 144.260833660762 148.880024751027
202.528794606527 186.061024665833 190.801084041595 213.170091311137 239.438116550446 220.959683259328 198.753635088603 179.607033729553 162.808398405711 162.847816944122 165.159384409587 167.110721270243 180.536230405172 192.448774973551 196.187754472097 202.369054158529 200.495461622874 187.629421552022 188.915948073069 192.581137021383 191.305994987488 193.2146747907 193.552951018016 197.463552157084 200.189789136251 196.661194165548 199.764927228292 192.691922187805 193.117201328278 213.798006375631 236.655632654826 252.514163653056 250.670433044434 248.632073402405 259.310046831767 257.68107175827 192.343592643738 100.778003533681 74.9923934539159 81.6374073425929 116.304814815521 136.599540710449 148.307194312414 113.600810368856 108.125905195872 113.923400640488
195.944348971049 201.901078224182 231.478730837504 276.382227738698 266.743024190267 227.682948112488 190.97101688385 158.302227656047 141.72700047493 155.234555403392 150.70038040479 144.775549570719 169.568220774333 191.329598426819 201.695164044698 209.571937719981 207.732955614726 195.363303025564 192.380785942078 195.194701353709 191.932241121928 196.612238883972 198.953986167908 200.573007265727 203.643659750621 208.691855271657 207.265535990397 204.722046852112 203.970531622569 222.953697045644 245.646834373474 257.173140843709 253.056168556213 258.126477400462 267.487525939941 271.812558174133 266.319771607717 234.389106432597 152.037650346756 107.814560333888 98.3808139959971 101.31624341011 117.683291435242 109.403471151988 102.908899386724 123.519430557887
214.373469352722 249.404629071554 288.403570652008 306.476632754008 312.891701857249 272.505084673564 222.189346949259 182.044665018717 169.325908025106 180.153965950012 169.847190380096 151.597917079926 165.485759576162 189.927399158478 206.545333067576 211.547513802846 208.253264427185 203.644593556722 196.068008740743 196.82768980662 198.592861493429 204.034348328908 206.747055053711 206.219136714935 207.621932029724 217.778742313385 219.255646069845 222.144623597463 221.885502338409 232.937196890513 249.336878458659 258.385976155599 260.968903700511 268.336037794749 275.138258934021 268.127342065175 267.483115196228 279.242734114329 234.088122844696 153.064568837484 108.10062289238 104.017496109009 108.294208844503 111.55691742897 129.316945870717 156.201153993607
267.51967271169 295.173903306325 305.431326230367 302.569011847178 316.444238026937 314.003527164459 285.4296763738 249.292472998301 221.665501594543 215.509156386058 209.513962268829 186.387062072754 172.004342079163 184.864203135173 207.465291023254 213.556965192159 211.123108863831 213.878452777863 201.603094736735 198.537786801656 203.532954057058 205.491383870443 205.119530359904 204.739570617676 209.647377332052 222.771406173706 228.707989056905 233.096619447072 234.616279602051 236.351033051809 251.053631305695 262.041608492533 261.662522951762 260.471343994141 263.105114301046 252.370079358419 254.051625728607 256.51337703069 227.032641569773 176.543235778809 140.807648499807 126.132796208064 116.634627183278 115.861823161443 134.43120320638 163.753112157186
292.916456858317 303.753733634949 299.599051475525 291.850606600444 298.292537530263 311.086654663086 309.840480486552 285.333037376404 256.354888280233 241.919636726379 240.371108055115 223.322848478953 194.996178150177 196.54393196106 208.900153636932 211.71110868454 207.695305347443 209.178825219472 200.517376263936 203.935523827871 203.021168708801 204.798221588135 203.747451305389 203.273018201192 209.452927112579 218.826552232107 231.432696183523 233.765363693237 233.906070391337 242.264231046041 253.969609737396 255.33539056778 243.508458137512 235.71248849233 239.2391761144 219.569702943166 218.830664952596 208.189725875854 178.445041179657 157.490412394206 169.576625029246 159.277598063151 137.696087360382 123.36078286171 120.676974455516 133.773694435755
300.965150197347 302.49035358429 305.588026841482 296.361347039541 293.897251288096 301.67955160141 313.578486442566 308.566053708394 277.123192946116 252.573490142822 242.459972699483 238.97397518158 228.330771128337 214.434822400411 209.864815076192 211.966772874196 208.185911178589 204.517642656962 204.414407412211 208.718617757161 205.541908740997 204.058428605398 204.291542371114 205.273310343424 210.080802440643 217.490295569102 226.383725802104 223.873655001322 228.998939196269 242.765466372172 250.010470549266 242.889006932577 230.403999487559 228.618323802948 221.794188022614 203.93705368042 207.239111264547 205.266575018565 194.257458051046 182.997405529022 191.529075304667 198.6931959788 175.99622408549 153.031448523204 129.774073759715 121.853043635686
310.122489929199 310.009360313416 313.784003257751 310.386617978414 303.778231143951 303.73744169871 312.133689721425 314.361353715261 283.855537573497 254.65057293574 242.56964524587 242.53515402476 245.434562365214 226.03178024292 215.631445248922 219.220578670502 213.968733946482 205.155571301778 210.643490155538 210.518638292948 209.988156954447 205.748895804087 207.629084587097 213.343640168508 210.991680622101 215.779999891917 219.341556231181 217.854698499044 223.450601100922 239.099681377411 245.389302571615 238.327960173289 232.851684093475 233.92782608668 216.907719771067 210.046807924906 215.862154960632 220.984021822611 223.699569702148 214.522302150726 181.510229905446 182.557861010234 162.960737943649 145.839234193166 130.945424238841 109.864970048269
308.532555898031 309.404651323954 312.650402386983 311.34694814682 304.044524828593 299.998243649801 307.355244954427 314.758837223053 292.399823665619 258.460462093353 244.420568148295 239.970803260803 241.555293401082 227.014581362406 214.064757029215 220.74693441391 221.974571545919 209.915359814962 214.466333389282 217.594067255656 216.96541706721 211.643079916636 211.27994855245 214.270710945129 211.794753869375 211.675504843394 218.094348907471 222.968439261119 228.025654951731 239.189346631368 244.894742965698 241.251269976298 234.965920448303 234.500964482625 216.990073521932 219.893495241801 223.421176274618 228.909850120544 229.957322279612 214.815537134806 155.589451392492 127.203365166982 111.964960892995 99.9868810176849 100.495457649231 97.2858270009359
299.996097882589 305.037657419841 310.422519842784 308.415194352468 303.93240849177 303.555210431417 308.870037396749 314.5765264829 303.98819843928 269.005080064138 249.187608559926 237.880984942118 228.596985340118 219.911714394887 211.034337679545 215.616405010223 227.156817913055 220.459342002869 216.806451479594 218.216756979624 219.466964403788 212.546785672506 210.971057415009 212.756435076396 215.347011884054 213.983496030172 214.941024780273 224.864343802134 227.819701035817 233.529806137085 242.054522037506 244.080861409505 238.22009563446 223.656892776489 210.504134496053 228.198746840159 236.334403355916 237.43615547816 230.885028839111 221.346080303192 150.542438030243 91.2114282449086 67.7175372838974 58.6747576793035 63.7038697799047 70.2463885148366
276.028116544088 284.129818280538 290.319482485453 292.623082796733 296.221991380056 304.24843231837 310.149312019348 312.636156876882 308.008829752604 281.915664672852 262.89157072703 242.992838223775 225.83544254303 226.354499657949 216.062943140666 210.956732432048 221.271336078644 221.893767515818 214.191397031148 213.618497053782 215.560396512349 211.835324764252 205.986658732096 206.852893034617 211.53857310613 213.732560475667 212.893962860107 220.901687939962 223.932921886444 227.645178635915 234.902739524841 244.692742824554 234.46532090505 210.080603758494 216.156601905823 243.550817171733 248.541831970215 242.239276568095 231.967469056447 231.568217277527 202.787379423777 121.839493513107 69.0366973479589 56.532084941864 56.5784722566605 56.3697417577108
245.024979114532 251.396755377452 251.084049542745 260.4767481486 273.925503094991 286.712209383647 295.756081740061 303.798158963521 302.479386329651 280.815800031026 260.262012481689 236.949920654297 223.359227180481 222.010652224223 217.108209927877 209.90510781606 214.526414871216 212.928891181946 207.994103431702 205.38588364919 208.417216936747 212.740858395894 210.409780343374 205.197850863139 203.681906064351 209.154665470123 214.562555154165 217.329065004985 223.185221354167 222.396890322367 224.366784095764 234.319965044657 225.862880547841 212.567965189616 240.660985310872 257.890999317169 252.584020296733 244.939744472504 239.099621772766 245.285828908285 261.025051275889 233.110109965007 151.063809792201 100.192974011103 75.4026571909587 53.6592155694962
