input/barkrak2/radiation/dir08824.grid
NCOLS 85 
NROWS 70 
XLLCORNER 665100 
YLLCORNER 4664600 
CELLSIZE 20 
NODATA_value -9999 
[rows 40 to 59 of 70, columns 0 to 45 of 85]
200.761377811432 203.372915585836 203.229069709778 203.881522019704 213.229159514109 219.556033611298 223.262190818787 227.267543474833 226.280192534129 208.738684654236 194.874167442322 189.866006374359 188.803374767303 184.306522210439 182.648122310638 181.181152661641 181.892335414886 181.304971377055 175.923625628153 173.629144827525 177.934149901072 185.429135958354 186.822970708211 181.845327218374 179.245452086131 176.930089791616 187.213182449341 192.253867785136 195.445418357849 197.056214014689 196.622848510742 201.953152815501 200.543443361918 207.491119702657 234.088023503621 234.078069527944 222.244679927826 214.669207731883 217.731118202209 227.109392484029 241.986393928528 258.490244547526 219.497005144755 135.415613651276 77.1838277578354 49.6427218119303
208.899974822998 207.005182902018 207.258502642314 205.00506957372 201.816121737162 200.338582197825 198.624769846598 198.535561561584 203.210850556691 193.52267185847 186.251600583394 186.456958452861 190.327922503153 189.135829607646 187.508920828501 183.727820714315 179.901262124379 187.276164690653 187.97500928243 180.946151415507 182.697316010793 185.583551724752 184.177319208781 185.916940371195 188.237408796946 182.334323724111 187.842726707458 193.679412206014 195.584158102671 198.598126570384 199.806968371073 201.830744743347 201.147317886353 217.05702940623 229.639490445455 220.761100451152 204.282144705454 195.06698846817 195.790350437164 208.533108234406 242.931286493937 257.145901521047 241.29064877828 186.13588809967 113.952984412511 76.5384982029597
213.781495889028 211.238225301107 213.869074980418 212.568481763204 205.172101656596 201.823671658834 198.867976665497 193.796336650848 193.937142690023 190.202494462331 188.392440478007 185.82804997762 190.364122390747 193.198800086975 193.089564641317 188.748339811961 186.115761597951 190.897464752197 194.181362787882 185.598731040955 182.271480560303 182.573199272156 178.609728813171 179.839889208476 186.057488123576 181.933283805847 178.261498610179 186.383048693339 191.417892773946 195.869565010071 196.761786937714 195.536732673645 202.131370703379 221.971154212952 228.257477283478 198.201139767965 184.86350774765 188.931047916412 194.221695264181 207.68795410792 220.159888267517 220.857242743174 207.535008589427 179.610431194305 125.973999500275 67.91124244531
199.250638484955 200.851718584696 209.391355514526 207.216262817383 208.97901058197 211.283385753632 210.014005502065 203.87464761734 193.144679069519 190.711597601573 194.134612878164 188.114543755849 188.808043797811 191.986978054047 193.39394569397 189.348498980204 191.100557645162 192.474782466888 192.145804564158 187.286416689555 180.840750535329 179.989735285441 176.888088385264 175.286551316579 179.763654867808 183.551172415415 177.645266056061 181.943535804749 187.283396720886 189.248641331991 189.152638117472 185.555318991343 195.870637893677 211.623231569926 208.76141389211 187.165856361389 185.975094636281 195.626477400462 204.992075761159 207.324246565501 202.57705450058 200.879732767741 193.069895108541 168.257415294647 123.184790213903 66.9130384922028
195.960601170858 201.276202996572 204.751471678416 205.071210861206 206.892867883046 209.609707196554 208.663483460744 205.132404963175 200.157841046651 195.315559705098 195.814331372579 193.025588989258 187.823295593262 185.59730052948 186.254501342773 185.188949108124 179.904282093048 188.282032807668 189.470668633779 187.717398007711 182.554602622986 180.464208126068 180.643995602926 180.086215337118 176.722625891368 185.803453127543 190.576831499736 187.396367390951 188.622136910756 187.004288037618 181.609869003296 178.135832150777 185.155073801676 189.090927441915 182.534575462341 181.284070014954 189.944446086884 203.842361768087 211.699863274892 203.487277030945 202.18966404597 192.972381909688 179.941097895304 166.854500770569 134.859959284465 90.2179578940074
201.36429866155 206.260820229848 204.042017459869 206.782738367716 205.586234728495 205.731272697449 206.255873044332 204.923510551453 205.916186173757 199.5689868927 198.468685150146 196.02624575297 191.432396570841 185.759305953979 185.263693332672 188.036541144053 179.903626441956 184.179246425629 189.291854699453 188.755174477895 185.2046251297 184.252937634786 183.920602003733 184.052228927612 184.373279412587 183.651308218638 192.680378754934 190.807561079661 188.371459643046 188.322226206462 182.988941669464 178.577085336049 182.143727938334 178.044935067495 167.63178507487 167.566180229187 179.461578528086 196.38713200887 199.195206165314 185.421347618103 189.623991648356 176.190833250682 173.354546229045 176.049113273621 162.860820690791 124.135037263234
201.842506726583 202.740589777629 206.092238426208 208.725849787394 207.67080783844 207.301576932271 209.330956141154 210.046112537384 206.538558006287 203.246931234996 201.848864555359 199.461817741394 195.986251036326 191.497524579366 191.018203894297 193.734506766001 191.146393616994 183.923105398814 190.203110376994 190.393408139547 186.747948328654 186.991671721141 186.901370684306 182.389954725901 190.208156903585 183.424472808838 184.555808703105 188.607652982076 188.172618548075 188.915054003398 186.45433584849 182.411770025889 181.153774261475 177.457908789317 169.2822376887 167.918721834819 175.812681516012 186.473727226257 187.825242678324 185.265143712362 186.857104301453 177.629888057709 180.60302734375 188.640753428141 184.871892134349 152.945866187414
195.755978425344 197.101811567942 203.367133935293 205.968141555786 208.742499351501 209.991216659546 206.565837065379 207.024296124776 207.042733828227 207.170248031616 203.971207141876 199.014882246653 197.753707567851 196.163137753805 193.577249844869 191.690067450205 189.37083085378 181.565841039022 186.659693717957 188.19667895635 185.914715131124 185.643474260966 187.434315681458 178.60225836436 184.285382429759 184.126456578573 178.845326105754 182.897667090098 187.303721904755 186.212261517843 186.603248119354 186.418096224467 179.521282513936 182.158370812734 189.998348553975 184.261600176493 186.118185520172 183.457414309184 186.82332833608 198.064744472504 189.601461092631 179.304579893748 186.409374078115 191.151122252146 184.467395146688 162.345747152964
187.840978304545 189.95734055837 196.465233961741 200.980285803477 206.418573856354 210.429648558299 206.482529640198 204.57923412323 207.739233970642 208.175698916117 206.814587116241 201.181729634603 199.257552623749 198.562761147817 194.231510162354 189.999123414358 188.104470570882 181.858082612356 185.568769772848 189.961810906728 190.202454725901 188.667416572571 189.647595087687 184.465110301971 183.885951836904 187.628209590912 183.349609375 186.682184537252 194.563965002696 195.924599965413 201.906184355418 202.864289283752 191.819886366526 194.934884707133 200.401405493418 201.512217521667 200.024704138438 192.89086262385 191.521445910136 196.530302365621 185.844818751017 177.450299263 170.925537745158 170.009613037109 168.140848477681 167.235255241394
186.510543028514 183.911840120951 188.042183717092 197.166860103607 201.963226000468 206.188321113586 209.39713716507 210.266729195913 210.72115500768 205.910642941793 208.435277144114 206.786115964254 202.992022037506 198.912878831228 197.542866071065 192.131459712982 189.01530901591 185.275872548421 188.096582889557 193.436642487844 196.338017781576 195.045828819275 191.093901793162 190.563082695007 185.907145341237 192.196706930796 192.713260650635 194.77633635203 201.368153095245 208.855470021566 216.383755207062 219.124615192413 209.724287192027 205.441574255625 202.809890111287 204.836070537567 205.963134765625 204.010605812073 196.590960025787 178.789893786112 170.255402723948 175.702253977458 172.003825505575 165.388872226079 163.848827282588 166.318943103155
187.735696633657 190.087993939718 192.826668421427 198.981006940206 200.809935728709 200.992564360301 209.216038386027 214.193304379781 212.790211041768 212.011555830638 210.258324940999 210.607270399729 205.386896928151 199.555595715841 199.914415677389 202.058017253876 194.798211256663 190.726757049561 191.436270872752 197.732528050741 198.419173558553 197.411994139353 193.451762199402 191.906174023946 186.862786610921 193.396011988322 197.048127651215 200.147211551666 202.90211836497 213.463842868805 219.666242599487 225.991288820902 218.983193238576 208.44429731369 194.345752398173 194.357256094615 200.45671860377 207.540810108185 195.278286933899 172.51588900884 168.076157569885 178.014397621155 177.525361378988 172.451376914978 167.237818241119 163.979480663935
186.034659544627 196.72828912735 199.195603529612 201.387921969096 201.041022936503 198.957244555155 206.288754940033 211.005051930745 210.902472337087 213.894486427307 212.284286816915 210.420469443003 208.148916562398 201.562941074371 200.283825397491 206.540326277415 198.826809724172 190.90457757314 190.225899219513 194.013158480326 194.775223731995 192.797680695852 190.532386302948 186.326603094737 183.570583661397 185.445408026377 190.200845400492 193.454921245575 195.833484331767 203.004439671834 213.427106539408 220.734635988871 215.360800425212 187.706927458445 155.982226133347 148.671388626099 168.143113454183 192.665596803029 201.156576474508 198.82470369339 194.218595822652 184.005300203959 168.500045935313 164.767821629842 173.498471577962 164.848506450653
188.996831576029 186.432401339213 186.991095542908 190.341949462891 198.359767595927 201.476693153381 201.578378677368 207.282423973083 207.221229871114 210.082471370697 211.430152257284 212.020377318064 212.077140808105 205.253620942434 199.664870897929 200.762768586477 201.548417409261 190.465946992238 184.672872225444 184.311072031657 183.872401714325 184.806148211161 184.992372989655 180.885851383209 179.580509662628 176.536778608958 178.092340628306 179.119030634562 181.410749753316 183.424671490987 187.499006589254 201.669255892436 191.557129224141 166.092842817307 130.725045998891 110.834588607152 119.631359974543 152.669270833333 183.04322163264 196.200251579285 197.76463508606 183.087170124054 162.572065989176 159.635623296102 168.031771977743 154.447505871455
194.379309813182 182.641526063283 179.667035738627 184.318880240122 197.083910306295 204.726854960124 203.889648119609 204.80219523112 207.454005877177 205.878059069316 209.254801273346 210.689127445221 211.67786916097 209.704915682475 201.886792977651 199.222922325134 202.48818397522 192.054073015849 186.828414599101 188.305099805196 187.455058097839 183.94943078359 182.091136773427 179.830312728882 176.697134971619 175.069709618886 174.590349197388 175.027290980021 173.678596814473 167.648037274679 162.853797276815 170.748372872671 165.625383456548 145.786662896474 129.664947589238 111.525078614553 92.280238866806 100.184977054596 124.32990471522 159.976830085119 181.675791740417 171.736637751261 161.641895771027 157.24042057991 149.519075949987 139.50980703036
195.816655953725 189.310590426127 183.632175127665 188.10244401296 197.403967380524 205.168525377909 208.733876546224 204.556206862132 209.040323893229 205.835660298665 209.897458553314 210.466543833415 212.851881980896 212.81240383784 204.650104045868 205.352405707041 205.138087272644 196.520686149597 190.790136655172 194.643457730611 194.783091545105 190.128703912099 187.17348575592 185.868302981059 181.82118733724 181.009431680044 176.616231600444 173.989395300547 170.122981071472 163.376698891322 154.053509235382 158.399711052577 157.78973698616 155.135214328766 154.729922612508 144.765277703603 118.712405363719 99.8551944891612 93.8427646954854 109.460592269897 144.919554392497 148.500998814901 137.32256491979 122.947762409846 120.2405889829 127.617100874583
199.527144432068 197.047591209412 189.126213391622 185.503204663595 192.90425380071 204.725344975789 208.481550216675 205.941557884216 207.397361596425 210.434873898824 216.721256573995 216.672658920288 214.517454306285 215.474545955658 209.9902232488 208.285848299662 210.233986377716 204.67621088028 198.190212249756 195.640901724497 193.680306275686 191.65047009786 191.923638184865 193.06743144989 188.275774319967 185.867190361023 179.828921953837 171.422123908997 162.669310967127 158.016840616862 158.976902564367 163.921813170115 163.809349139531 172.531346480052 179.522792498271 183.072924613953 176.562269528707 157.790323098501 136.48380835851 104.725937048594 113.938371340434 132.762332757314 132.000466187795 120.228360096614 122.162371873856 140.090048313141
203.141331672668 201.994061470032 197.670876979828 190.925478935242 188.893099625905 201.889355977376 206.492443879445 207.336207230886 204.465587933858 211.853424708048 219.215174516042 220.430135726929 215.647836526235 216.384708881378 216.033518314362 209.147413571676 210.958381493886 207.619806130727 202.342808246613 200.474262237549 198.974986871084 198.052644729614 194.322029749552 192.63482093811 190.155923366547 185.712854067485 166.000336408615 142.010788122813 136.425673961639 145.436634620031 156.223356723785 159.34815009435 162.351449330648 167.784472306569 181.064407030741 198.145071665446 205.072184403737 206.164618333181 195.418496926626 148.950576782227 119.411170482635 136.522879203161 153.408348560333 157.056232293447 161.281764507294 175.350328286489
203.345894813538 200.618028640747 201.15077495575 199.549436569214 193.1032538414 198.813855648041 207.472562789917 209.431231021881 205.81042766571 210.957090059916 218.879957993825 219.432473182678 215.379854043325 216.051975886027 217.493812243144 209.231396516164 209.750533103943 206.490715344747 202.941874663035 203.53905359904 203.868448734283 203.037877877553 198.000530401866 191.31733973821 190.62332312266 190.057814121246 170.650144418081 146.60249153773 144.378423690796 152.433256308238 164.447327454885 167.509516080221 172.969142595927 182.692805926005 197.162330150604 206.831574440002 194.830278555552 161.805073420207 154.936850070953 150.012155373891 150.450865427653 164.300173521042 167.336563269297 151.526103417079 140.950391689936 154.617806275686
192.926943302155 198.821783065796 199.790954589844 200.970768928528 197.429637114207 195.48898935318 208.103497823079 213.544428348541 209.716995557149 211.414774258931 216.490228970846 220.291833082835 218.042433261871 214.968860149384 215.711037317912 211.272378762563 206.489046414693 209.427773952484 209.431191285451 210.850675900777 211.97505791982 207.944611708323 206.024030844371 199.541588624318 198.644459247589 199.275851249695 193.843166033427 185.527761777242 182.060261567434 185.963849226634 183.870017528534 177.138070265452 185.841461022695 197.20051685969 188.358426094055 177.841325600942 159.119069576263 109.396209319433 86.423933506012 118.41756105423 155.521412690481 174.534320831299 167.744676272074 153.703272342682 146.699011325836 154.309461514155
181.630154450734 196.895758310954 198.574721813202 199.680149555206 202.012558778127 196.787257989248 204.21443382899 213.770925998688 219.629804293315 218.143542607625 217.137654622396 218.716224034627 219.32993332545 215.837001800537 216.240366299947 213.386197884878 207.590579986572 206.788659095764 206.056555112203 203.77242565155 205.710788567861 204.829096794128 202.085057894389 200.612783432007 202.021777629852 208.663980166117 217.764059702555 220.488727092743 203.472594420115 202.593704064687 188.719809055328 178.610682487488 181.143701076508 172.569712003072 142.380873362223 99.4875431060791 95.8100159962972 84.3103528022766 67.6917086044947 80.1772773265839 101.264407237371 139.369487762451 165.988842646281 187.530954678853 207.850019137065 205.052415529887
