input/barkrak2/radiation/dir05824.grid
NCOLS 85 
NROWS 70 
XLLCORNER 665100 
YLLCORNER 4664600 
CELLSIZE 20 
NODATA_value -9999 
[rows 42 to 62 of 70, columns 0 to 47 of 85]
140.316933393478 136.749615271886 139.661024014155 137.405693531036 130.630522966385 127.098600069682 123.343894879023 118.780205647151 119.047671556473 115.363210439682 112.505714098612 111.75936460495 115.150193373362 119.72310145696 118.355095386505 114.289194345474 111.618131399155 116.877337296804 118.678947289785 110.690514246623 107.676208019257 106.052647034327 103.884081045787 105.418582757314 109.91495847702 106.167942285538 102.933635314306 111.071606477102 116.504331429799 120.980223019918 123.724083105723 125.436286131541 136.80092493693 160.163372755051 164.977759122849 147.490561008453 131.887406110764 129.133601983388 130.727767944336 141.640643278758 150.955379009247 154.023965199788 138.660569985708 100.592593352 37.7473831176758 1.63280498236418 0 0
124.071170886358 126.361151536306 135.63197851181 132.430811723073 134.69785451889 137.221544981003 135.085920492808 130.179464817047 118.014961481094 116.906940937042 119.51337258021 114.132463932037 115.038265784581 118.654350439707 118.621279795965 114.911725123723 116.825739542643 118.548452854156 118.482212225596 112.148851156235 107.555488745372 104.921837647756 102.181226015091 101.028213898341 103.81958882014 107.757717370987 102.368166049321 105.138341585795 112.235983212789 116.005420684814 115.072458982468 115.215162436167 128.240029017131 145.176827907562 150.519321362178 134.486575921377 129.29505109787 135.905295610428 141.199698050817 142.679423093796 137.176781892776 135.251730680466 127.990772326787 99.3311007817586 49.8469074567159 2.22301265845696 0 0
121.937135855357 127.960691849391 130.810379981995 132.136603196462 133.406529823939 136.293232440948 135.870665311813 131.14865620931 126.049389441808 120.300938685735 122.394144535065 118.659396966298 114.114125569661 113.394757111867 112.538059552511 111.999034881592 107.43436217308 114.359378814697 117.148160934448 113.960395256678 109.063496192296 107.075810432434 105.848044157028 105.739384889603 104.257166385651 111.795286337535 114.788591861725 112.010190884272 113.512615362803 112.561702728271 108.345220486323 107.103685537974 116.884777943293 122.200985749563 126.463214556376 127.102126677831 132.801721493403 143.895844618479 148.675888776779 139.372080564499 137.456466754278 130.123754342397 124.178200960159 102.620522181193 65.7612085342407 22.0250536998113 0 0
128.858705361684 133.397946755091 130.707879861196 134.053885936737 132.667303085327 132.120311260223 134.013255437215 131.813496351242 132.15571641922 127.179364363352 125.181386868159 123.384128014247 118.764499823252 113.270660241445 111.55778169632 116.16642276446 109.064330657323 112.10369070371 117.02220638593 114.928066730499 111.598879098892 110.834141572316 110.588739315669 111.216137806575 111.996918916702 111.570507287979 118.534525235494 116.995384295781 115.051925182343 112.768242756526 110.052436590195 106.403132279714 111.014038324356 111.914088328679 109.94158188502 111.054182052612 120.334565639496 136.203418175379 137.705723444621 122.735281785329 125.190029541651 119.57989136378 116.747975349426 113.855957984924 95.01846631368 54.8282414674759 13.6438223222891 0
128.947556018829 130.37567337354 133.01150004069 135.603924592336 134.9143187205 134.619921445847 136.045028765996 138.200521469116 133.666088183721 132.032374540965 129.871467749278 128.086547056834 123.299539089203 120.362281799316 118.99808049202 122.298787037532 118.587056795756 111.921350161235 118.036051591237 116.493066151937 114.53985174497 115.013847748439 113.609572251638 109.844187895457 117.91522304217 111.186703046163 112.422088781993 114.862332741419 114.912380774816 114.906787872314 113.674491643906 111.287693182627 109.470417102178 109.602133433024 112.114061911901 111.227363348007 114.54783876737 124.530404806137 126.572479804357 123.096704483032 123.439063628515 115.027606487274 120.662569999695 128.86248032252 120.260665814082 84.0501884619395 40.834995607535 6.2118706603845
122.883508602778 125.114540259043 130.988856156667 133.259117603302 136.760363976161 138.347973426183 135.404010613759 134.818951288859 134.905974070231 136.319319407145 133.156428734461 128.534466028214 126.143306493759 125.281949838003 123.179197311401 121.589094400406 119.878202676773 110.839893420537 115.921278794607 117.478926976522 113.621413707733 113.701323668162 116.170853376389 109.949926535288 113.592714071274 111.741920312246 106.747051080068 110.993583997091 114.098419745763 115.085701147715 115.22255341212 114.254097143809 110.16458272934 112.562268972397 126.174747943878 130.280594031016 124.930967887243 119.680364926656 124.717821677526 135.13453801473 126.812507708867 117.259661356608 126.0025203228 132.482687632243 125.493456919988 103.53747010231 62.1475925048192 24.0540181597074
114.840269088745 118.526468674342 124.422490596771 128.703415393829 135.265459616979 139.392693837484 135.576903820038 132.929583390554 136.070360740026 138.468364874522 135.815034310023 130.636831124624 129.058063030243 129.150301218033 125.508536895116 120.771209398905 119.507372379303 112.410326798757 116.460909446081 120.66771586736 119.353910287221 118.507117033005 120.085537433624 115.777194499969 113.197088241577 115.134298801422 112.621247768402 114.733864863714 121.182829141617 126.41300757726 131.568769613902 130.411863327026 120.971997578939 124.420404434204 131.922463575999 143.645415703456 141.270269950231 130.39489587148 127.996683120728 135.579138994217 123.586028814316 115.192224582036 112.109939257304 112.569709618886 110.451757907867 109.348744153976 97.786804040273 41.6364992658297
114.099909861883 110.998700062434 116.414308547974 125.070065259933 131.430129210154 134.80144739151 138.024677832921 140.086064736048 141.173779964447 136.840045452118 138.512293497721 137.672295173009 132.998049259186 130.547056595484 127.971708774567 122.783720493317 120.382209618886 116.16059144338 119.529177745183 125.962068637212 127.380152543386 126.763264338175 123.259514570236 123.838285605113 118.96151304245 121.359487374624 122.210790713628 122.920374075572 131.594022115072 139.768044153849 148.45085144043 150.811006625493 138.989289601644 134.130259354909 132.692913214366 141.326030095418 149.574677149455 143.954197565715 133.988877137502 122.775415579478 112.663865089417 114.373783270518 112.651069959005 106.789916753769 103.199462095896 108.096530040105 102.667222420375 53.8956870635351
115.100969870885 118.082642555237 121.707995732625 128.625412782033 129.740059375763 130.057404438655 138.317555189133 143.930613994598 143.190751473109 142.709414164225 141.771902640661 141.061832507451 137.335747480392 132.03231493632 131.478389104207 134.556909402212 125.820368528366 123.744477828344 125.107944011688 130.969256162643 131.974200407664 129.209736982981 125.827183326085 125.157415866852 119.865119457245 126.663645108541 129.170715808868 130.446404218674 135.838170846303 144.833246866862 156.463652849197 158.676087856293 152.70471572876 138.0715072155 126.72683596611 125.48706928889 140.945374965668 150.794883569082 137.195328871409 115.329047044118 107.376515865326 115.908881028493 119.634052117666 113.959232966105 109.358340501785 105.727851390839 89.1664226849874 60.7014944156011
115.56472380956 127.158502737681 129.120171070099 131.748378276825 130.087246497472 128.821839888891 136.56351963679 142.895956834157 142.114986975988 146.72178030014 143.730779488881 143.252561489741 140.002518892288 135.14569401741 133.888006210327 140.709052483241 132.999062538147 128.182748953501 125.708719094594 128.648360570272 129.19740875562 127.663175264994 126.545310020447 121.232757965724 118.890931208928 123.049775759379 126.505504051844 127.857128779093 128.768980503082 136.526077985764 145.578920841217 159.080644448598 151.898403962453 130.028704802195 95.3359007835388 87.5657200813293 108.685533205668 133.665194114049 144.380907217662 142.090896765391 137.503166993459 126.105924447378 110.056807597478 106.965641180674 115.689476331075 107.454051574071 85.1154029369354 72.3849932352702
118.797838687897 117.237587769826 116.452038288116 120.059877634048 127.164890368779 132.623751958211 132.687926292419 139.65712984403 138.955066601435 143.468171358109 144.35879389445 145.897924900055 145.040690898895 139.023641745249 135.493646065394 135.346045096715 136.972844600677 128.552148739497 122.822960217794 121.240417162577 120.791375637054 122.856040795644 124.135752518972 116.78538719813 118.693043788274 115.870863199234 116.186489661535 117.643813292185 118.069469928741 118.843138217926 127.021253108978 138.018657763799 135.181446870168 108.818123737971 73.2207546631495 54.1989207267761 54.145892461141 87.7845386664073 123.189568519592 142.016679048538 146.719296773275 128.764887650808 104.242036739985 100.096086661021 108.753224213918 98.2871651649475 81.1605205138524 89.9392366409302
122.778356075287 111.791948477427 108.590722084045 114.732931057612 127.243270476659 136.745393276215 136.101643244425 137.296537558238 140.237679084142 139.954855044683 142.243723074595 145.468731721242 147.037367026011 144.624729951223 138.597508271535 136.791924635569 139.207492272059 129.371305306753 124.37430024147 126.550624767939 126.285334428151 123.72429172198 122.03445037206 116.991778214773 117.095232009888 114.16944861412 115.666329860687 114.935656388601 112.311253945033 107.031921545664 100.733498732249 106.897383928299 107.761909564336 89.9138947327932 74.2257535457611 55.5055240790049 32.2197526693344 33.2534536719322 64.4462505976359 101.285556952159 126.063088575999 116.306444009145 104.155759016673 98.0774462223053 90.9940401713053 85.323303937912 78.55191330115 100.973973671595
123.741964499156 116.990665594737 113.818844159444 118.736485640208 129.652053117752 138.053794701894 141.532371441523 137.143989404043 142.173399527868 140.502691268921 144.128342469533 146.393756071726 147.657603025436 148.852586746216 142.315487066905 142.712851365407 142.868965864182 136.207004388173 131.566554307938 133.064836263657 131.863504648209 127.394060293833 124.943802754084 123.612175385157 120.260337988536 119.723280270894 117.928892374039 113.684554894765 109.380304813385 102.446297804515 92.4210548400879 96.7299739519755 100.330700476964 100.344220797221 98.8231996695201 86.4862402280172 58.0607652664185 41.3076604406039 36.6491874059041 41.0516311724981 86.3671501477559 92.44438012441 81.3473959763845 55.8033188184102 55.2545785903931 74.9386002620061 82.8880071640015 93.7354763348897
127.626279989878 125.469197829564 120.531578858693 117.700715859731 124.377836783727 137.385467688243 139.359454313914 137.596507867177 138.942589362462 143.701493740082 150.669862826665 151.051968336105 149.74308013916 150.671164194743 147.042453289032 146.200845638911 146.477997303009 142.733703056971 137.109676996867 133.890926837921 132.676869630814 131.596475839615 132.184912761052 134.782503048579 128.689070542653 126.421898603439 118.34529042244 109.027485052745 100.451290607452 96.1347818374634 95.5721437931061 102.510571479797 106.346130371094 117.452601591746 124.890943368276 124.127050240835 111.526270707448 88.6544287204742 74.0858415762583 46.9324688116709 57.2141259908676 77.928900718689 78.052227695783 65.4343813657761 65.9323930740356 84.352046251297 111.422042051951 108.270823955536
130.77054421107 129.710872968038 127.8910835584 122.345228989919 123.120327790578 134.405791759491 137.603630622228 137.544184923172 137.019137541453 145.728766918182 154.218256473541 153.266747792562 148.916065692902 150.88481704394 151.934524377187 145.053337017695 148.314585288366 145.640432834625 139.850795269012 137.552201747894 136.333336432775 137.118677298228 134.547104438146 133.078267176946 130.505015452703 124.057720104853 101.085027058919 77.8543849786123 73.5347817341487 80.9279680252075 92.7718778451284 98.9144047101339 104.593892892202 111.386815706889 125.641753276189 142.18815167745 136.229087909063 131.202757358551 130.049685637156 89.4895593325297 61.8926882743835 80.2405526240667 97.7955957253774 99.4982520739238 100.226412216822 116.125533978144 145.296951135 133.93579920133
129.728039105733 127.472857634226 130.846679210663 130.617082118988 127.028087774913 130.775431791941 138.054341077805 138.935059309006 138.228863477707 145.187775293986 153.209547201792 152.319143215815 146.830131610235 149.294088284175 153.030663728714 142.576664686203 143.941422303518 141.698549191157 139.173805713654 140.080710252126 142.449587583542 142.709175745646 137.708455324173 130.981932083766 130.283613999685 126.237839460373 104.67533270518 80.4808437824249 80.7307014862696 91.2585854530334 102.707793315252 105.00106215477 116.583605607351 127.260496218999 133.763045072556 143.492251634598 141.12056295077 86.4643057187398 72.5071579217911 87.053636709849 90.8807118733724 105.803857247035 111.003418763479 93.602995077769 81.4211666584015 95.2197511990865 122.247219085693 116.805960734685
117.108235756556 125.873774290085 128.868679205577 131.042420864105 130.334109067917 126.719464858373 138.954927523931 143.20307970047 142.236371835073 145.852426687876 149.719099203746 150.375813245773 148.770779371262 146.370540062586 147.728363672892 143.394599358241 138.409276803335 141.117115815481 142.355501651764 144.252081712087 145.975718895594 142.04478263855 138.848572969437 132.43368268013 133.028427759806 134.738812843959 128.136704365412 120.855311552684 122.395902872086 125.733236471812 122.192998727163 115.145673354467 131.326963504155 138.919323682785 134.219775597254 103.733519713084 92.5696889559428 50.5163868268331 35.9892249107361 51.0063370068868 93.6104655265808 116.302073001862 113.965660333633 98.263144493103 85.7912302017212 89.9946590264638 107.017606496811 111.77991827329
106.19197289149 122.989455858866 127.093295256297 129.485577344894 132.251570622126 127.49570608139 133.577426274618 142.851829528809 152.88652976354 152.788559595744 149.37154452006 148.162633180618 149.693012237549 147.720684607824 147.399048010508 143.783231576284 139.706452687581 140.025168657303 138.219257195791 135.800898075104 136.725604534149 136.161228020986 132.894684871038 133.334825436274 133.777876694997 137.609958648682 151.899705330531 158.949901660283 144.958019256592 141.048858563105 127.81689564387 115.274806817373 125.746508439382 116.109192371368 66.0757223765055 54.1192491849264 51.9075443347295 41.8970932563146 27.2222732504209 23.3734672268232 25.959812104702 79.7904878854752 110.907296339671 131.82470202446 147.230962912242 142.236103614171 135.452667872111 133.303344249725
108.230084180832 119.128485520681 127.44152545929 129.555493593216 130.942940711975 131.650745868683 125.643233458201 136.701852083206 158.946136633555 157.720039288203 149.538308382034 145.859450101852 148.001849651337 150.769015153249 149.478008349737 146.245857079824 143.34977666537 139.948636293411 131.614565849304 122.98975388209 123.080313205719 127.060910065969 126.884619394938 129.280080397924 129.754434029261 137.039293845495 157.901078462601 165.730973084768 148.543069760005 139.068047205607 121.11367781957 105.230381091436 104.867647091548 97.0882674058278 72.8377898534139 46.3958233594894 48.0358550945918 62.2769991556803 54.2651911576589 36.9362110892932 24.5956207315127 44.1742390394211 88.5160565376282 120.308220386505 132.112244764964 132.816553115845 125.166565179825 125.919630130132
120.908468961716 124.319940805435 127.279222011566 123.299072186152 116.51345094045 112.67896493276 121.942142645518 127.912302811941 138.452529907227 137.154122193654 135.075757900874 140.362580617269 147.263159354528 148.451864719391 143.899043401082 145.152548948924 144.49339111646 137.443701426188 128.715455532074 122.197916110357 120.360354582469 120.747049649556 123.512893915176 124.781012535095 123.443424701691 131.570557753245 142.262170712153 149.686634540558 143.427660067876 131.649702787399 114.461749792099 97.1047580242157 88.1742735703786 100.800812244415 93.1512316068013 68.5068269570668 72.5100586811702 109.150171279907 116.386234760284 92.467059691747 55.45774102211 43.6428189277649 63.8544857501984 83.233967423439 71.3479022185008 88.5156889756521 93.7178631623586 98.9283919334412
134.486198425293 130.682508150736 126.731971899668 118.758698304494 106.852948665619 97.9812443256378 110.957503318787 110.697706540426 98.2236663500468 99.2652277151744 115.13481537501 128.921488920848 133.852342764537 137.941340605418 141.493270794551 152.5705854098 155.454079310099 145.043482383092 134.648402531942 130.05260626475 125.512997309367 124.013562997182 126.276940107346 123.175124327342 123.60801299413 125.265349944433 129.795332749685 132.79128074646 132.241149743398 108.333170413971 111.659755309423 104.69776391983 95.292588075002 111.894806226095 115.031997362773 101.672599713008 93.7952399253845 95.992773771286 100.975155830383 99.1866886615753 80.6266317764918 63.9995684226354 63.6475632588069 51.1332154273987 41.7438348134359 55.6443830331167 72.4845627943675 76.7846008141835
