input/barkrak2/radiation/dir04624.grid
NCOLS 85 
NROWS 70 
XLLCORNER 665100 
YLLCORNER 4664600 
CELLSIZE 20 
NODATA_value -9999 
[rows 0 to 21 of 70, columns 0 to 48 of 85]
125.831335783005002 141.469101111094 157.246003548304 178.493142127991 189.540346463521 195.58584690094 194.892525672913 191.274344921112 189.859588940938 193.494439125061 194.722692171733 191.755175590515 187.780261039734 188.596208890279 189.401666323344 175.90993642807 160.800913969676 149.623920520147 148.339251677195 144.428908824921 146.497537692388 165.734529495239 190.937876701355 196.626583735148 200.609683990479 212.152361869812 210.583249727885 199.395676453908 187.033136685689 187.060296535492 182.431280612946 205.505430698395 249.766568342845 247.501134872437 244.650463263194 232.426265875498 237.364331881205 249.488353729248 246.572156747182 246.51179711024 237.769881884257 245.10383605957 252.052128314972 245.267669359843 234.187364578247 240.199625492096 242.135683695475 210.779666900635 145.602275927862
103.747526804606 119.095424811045 134.67675447464 154.736697673798 168.516357739766 177.578250567118 183.107554912567 191.369334856669 200.194636980693 200.086454550425 197.802384694417 193.372408548991 189.006765683492 189.403514067332 189.404527346293 176.270524660746 167.979061603546 158.466319243113 154.657522837321 149.122556050618 159.957587718964 185.309986273448 204.672714074453 206.79763952891 211.276610692342 217.329442501068 213.720401128133 202.126383781433 191.884855429331 189.156949520111 189.918319384257 219.643274943034 250.885585943858 248.447378476461 244.5201476415 235.249479611715 241.197288036346 250.791589419047 243.585705757141 244.63681379954 240.090807278951 242.207646369934 238.774836063385 229.759653409322 225.005944569906 238.125026226044 235.088249047597 195.956826210022 154.772728681564
68.6723291873932 77.7280827363332 90.0351901849111 100.984652837118 116.017858187358 130.505005518595 144.64341600736 164.606750011444 179.183721542358 184.934000174204 189.222792784373 193.8649614652 198.445518811544 201.00466410319 202.155749003092 203.496654828389 200.820028781891 187.644898891449 170.898536841075 162.939816713333 174.714008967082 193.651735782623 205.121318499247 207.955797513326 211.083809534709 211.8927637736 207.876165707906 201.672434806824 195.933361848195 198.440670967102 209.393441677094 236.016015211741 253.132502237956 249.633153279622 243.797779083252 240.679065386454 247.815211613973 252.631783485413 246.951043605804 241.925934950511 235.863745212555 226.200620333354 212.940275669098 207.306603590647 214.89942073822 231.972813606262 223.107616106669 186.609427134196 174.086093902588
52.2147715091705 51.9879957040151 58.6797843376795 63.6823525031408 70.0584004322688 79.8006703456243 90.6598269939423 107.567330201467 128.164092699687 147.120078404744 166.326810916265 186.065475145976 198.680361111959 202.777405579885 206.821342309316 213.799933592478 210.688193639119 199.402054150899 180.827498435974 173.042198022207 173.885464668274 174.918552239736 187.162697315216 197.047849496206 198.47971200943 198.840022087097 200.380345185598 200.599948565165 202.062964439392 207.653979460398 214.097817738851 240.931689739227 250.683824221293 249.49049949646 244.916637738546 245.897471904755 247.486313184102 248.371263345083 242.079297701518 229.887803395589 222.317337989807 210.256139437358 206.695159276327 219.125390052795 232.471843560537 226.459642251333 207.266350587209 182.93430407842 184.315979480743
71.5037832657496 55.9026896953583 45.1725473006566 37.5867361823718 38.6121223370234 53.2666246096293 76.2961407502492 88.1738762060801 98.2397695382436 106.486509243647 130.480140447617 155.412544806798 171.963651974996 181.763867537181 190.927068392436 197.670678297679 193.19893916448 187.745571136475 180.175463358561 174.783269564311 170.080244541168 167.865594228109 178.175369898478 187.731782595317 192.088941733042 198.367138703664 200.030585130056 200.63982407252 201.600730419159 203.385750452677 211.232662200928 236.199180285136 236.567596594493 238.366325696309 238.525191942851 238.808174928029 239.832480748494 237.260460853577 225.170214970907 215.07853269577 213.873604933421 212.536990642548 219.0327445666 229.996085166931 231.941719849904 208.253979682922 178.675015767415 171.533624331156 178.437431653341
112.906078497569 87.5591635704041 60.8007957537969 39.9320001403491 32.7221925059954 41.1078259348869 62.6929700374603 84.7378373146057 89.8638069629669 88.3339047431946 97.3720053831736 111.656496922175 121.890306472778 127.397020657857 137.849986553192 149.806241194407 159.061511357625 167.595664660136 175.598323345184 179.691195487976 180.300255616506 180.9388200442 178.63670984904 181.41253789266 187.568525473277 193.62606604894 197.339495023092 200.899799664815 203.039526939392 206.260601679484 220.018148422241 234.502732753754 226.994713147481 228.003303209941 228.365739186605 229.133705298106 226.997554302216 223.438640435537 216.495593388875 216.831028461456 216.279566287994 214.212576548258 216.488718986511 220.224738121033 211.856643358866 177.371382713318 149.521162112554 159.04367963473 179.137905438741
113.015979528427 106.498728195826 85.3835046291351 68.2378212610881 49.9425629774729 36.6873939832052 40.9032454093297 66.0926997661591 90.3832912445068 98.1509685516357 95.040371020635 90.7483299573262 86.2624843915304 81.7514806985855 83.3647946516673 99.1686383883158 113.994538784027 138.910899559657 162.03448176384 177.401622136434 185.673614343007 190.073211987813 185.269236564636 179.888347784678 183.388710021973 185.335437456767 191.585342089335 196.828166643778 200.617750485738 207.539796829224 219.36559677124 223.884622255961 215.367178122203 211.255888144175 211.561381816864 213.20652961731 213.090141614278 209.407448768616 204.032977422078 200.551092624664 196.381509304047 196.141421794891 203.70626449585 212.043722470601 204.60037390391 194.496313730876 205.046872297923 214.469651381175 226.966937383016
116.782794396083 112.612267335256 107.795059680939 95.5455501874288 75.271671017011 48.8275587558746 32.7245146036148 28.4167677164078 52.2973239421844 81.186518073082 90.6667113304138 88.3521437644958 82.2262465953827 78.8579285144806 64.8459891478221 65.1807288328807 75.1739492019017 94.9701468149821 116.776327292124 138.712724049886 163.890302181244 175.305604934692 187.312881151835 182.083229223887 180.41600783666 178.371747334798 179.991205533346 183.706223964691 188.247481981913 198.18103313446 208.338936169942 210.816562175751 202.074289321899 196.389675140381 192.403833071391 192.40136941274 199.676215648651 197.544833024343 193.752527236938 176.169017950694 173.919240633647 185.171067714691 203.849275906881 217.499971389771 217.717210451762 220.900813738505 229.235470294952 231.413463751475 238.573988278707
99.6041198571523 96.0438847541809 104.923655589422 99.5594362417857 91.3203954696655 77.4430533250173 48.9441851774851 26.7384300629298 35.7743302981059 45.8510220050812 62.354455391566 72.290634115537 79.4613262017568 81.1426937580109 72.4484374125798 64.6518369515737 61.8327707052231 66.384956240654 78.068862358729 95.468133687973 108.724325895309 129.885067542394 146.916468938192 151.921371618907 155.060082674026 154.566864172618 155.974169572194 161.051799853643 166.878362496694 178.898751735687 186.753571033478 187.302470207214 182.062784830729 180.756568908691 182.312627633413 184.675355752309 186.199466387431 188.218812147776 188.09707959493 182.337939739227 189.860105514526 201.484382152557 211.926559607188 216.584006945292 214.869360129038 210.855682690938 213.885347048442 225.082993507385 234.283089637756
77.3969640334447 76.51686668396 74.018269777298 83.3036750555038 84.4442149003347 82.0268640915553 69.0337916215261 59.689074754715 33.0339297652245 26.3347278038661 32.1527967850367 47.2121189037959 66.3266479969025 74.0077644586563 81.0631364583969 77.3295561472575 68.4960683186849 67.3926919698715 67.8446541229884 70.2257057030996 79.5119057099025 86.6337716579437 98.0524818102519 112.678974866867 125.665297110875 131.346305211385 134.761383136113 136.690010627111 143.818875153859 151.594857374827 154.51051791509 155.628422896067 162.117660045624 165.805657704671 171.710968017578 175.454477469126 174.861152966817 180.781424045563 185.189207394918 193.054258823395 207.255303859711 213.186800479889 215.253790219625 213.589946428935 207.993944485982 208.899517854055 221.329013506571 230.726420879364 231.428861618042
42.2535339991252 40.7600253820419 43.5640315214793 46.914945046107 55.0450583299001 65.3438617785772 65.9858733415604 59.9078933397929 43.8870489597321 31.4390858014425 26.0972082614899 30.6867907444636 46.7275828123093 63.0014439423879 76.7147541046143 73.2181370258331 71.8574672937393 69.8375304539998 64.479723572731 61.8049999078115 63.032791018486 65.8677419026693 69.6061352888743 82.1371873219808 97.7321167786916 111.711899439494 116.009950637817 118.232528368632 125.981072584788 132.318556308746 136.734823385874 141.025086243947 150.572558244069 155.082603295644 155.829568703969 160.143236319224 166.352649529775 171.874761581421 181.855042775472 199.720561504364 207.182586193085 207.877079645793 209.057966868083 207.219024499257 207.905292510986 211.292048295339 220.278521378835 224.840899308523 227.72220770518
17.7415187160174 15.3604497512182 14.419582982858 16.1307975649834 11.7970332503319 15.8023623128732 29.7597895065943 32.4748108784358 42.6754951477051 41.3437138001124 33.5859805345535 28.0831009149551 31.4049273729324 42.6535755395889 57.9107751448949 62.6521209875743 72.9719152053197 72.371115287145 67.4365361531575 61.1263612906138 58.5598250230153 59.1649959484736 60.4179898897807 67.8843756516774 75.2538591623306 82.3884258667628 92.0306841532389 99.092314640681 106.332788864772 112.242847681046 118.082453807195 123.667021592458 129.828115304311 133.48247607549 135.909080505371 139.508148034414 152.057150999705 165.121207634608 171.282966931661 189.360499382019 196.77738348643 196.329394976298 192.902684211731 189.793368180593 190.865854422251 192.763408025106 199.931820233663 207.347234090169 211.324115594228
11.307122806708 4.97658643871546 1.98940513655543 0.528629869222641 0.0626340430850784 0.161221580735097 1.57482891033093 18.5734505454699 35.432942211628 44.0368702014287 48.3810802300771 41.1318267385165 28.4349247813225 26.9098455707232 38.7846305966377 56.312695145607 70.434957742691 76.1452664931615 75.8824994166692 69.4107115268707 65.3790285189946 67.5808837016423 67.6032950480779 69.328119357427 70.2605396509171 73.1812963883082 77.2550801436106 88.0467593669891 95.6268509229024 97.9718168576558 103.954176108042 109.668672084808 110.210011402766 111.828575531642 116.943577925364 122.351775566737 134.00411605835 148.232380549113 152.981549501419 163.328031698863 171.956757704417 173.683762550354 173.601706822713 174.995621045431 175.529897212982 177.506009737651 179.777503013611 183.964212735494 191.112240155538
11.0768477121989 0.52469118963927 0 0 0 0 0 1.55781876916687 20.0479924678802 33.5105409224828 48.5317806402842 54.6646217505137 50.3122756878535 37.6661295692126 36.6876249512037 53.9966921011607 66.483865181605 77.7045736710231 85.7442816098531 84.1712256272634 78.1771639982859 78.6429146925608 76.2753883997599 77.0551363627116 79.5199871063232 78.940878311793 80.3676197926203 87.0923201243083 91.1662876605988 92.0829971631368 97.5008408228556 103.284517923991 103.16131512324 104.01862859726 109.388967355092 116.366982460022 120.592912038167 127.147893110911 133.256802956263 137.090226014455 143.534928560257 150.614053010941 156.416147947311 164.99400138855 164.077381292979 171.700755755107 170.982499917348 165.969183047613 164.396494626999
17.7171590427558 2.83540040254593 0 0 0 0 0 0 2.38029938191175 22.0715378721555 47.7478504180908 68.4799998998642 75.8432398239772 63.1982982158661 53.6093215147654 50.9214401245117 55.6355814139048 67.2685305277507 82.4990918238958 91.8735464413961 93.6853587627411 90.4896159966787 89.6255572636922 87.4509215354919 87.4344209829966 87.2904757658641 86.8404805660248 86.0565702120463 87.3312453428904 83.2089185714722 89.477002620697 99.1941591103872 98.9045004049937 99.1023977597554 103.809366623561 106.33252064387 107.549548149109 105.939636627833 112.706482410431 114.232430855433 120.620588461558 128.396292527517 134.973128636678 142.021765311559 145.778834819794 153.78467241923 163.354158401489 166.893740495046 162.292182445526
18.266739944617 4.78173730274041 2.67041665817184e-05 0 0 0 0 0.92386407777667 2.80177841583888 15.3230242431164 32.1595221757889 58.5960199435552 76.9112209479014 81.1557769775391 73.9060938358307 55.4362883170446 50.3630538781484 52.2969911495844 65.6554698944092 86.2806042035421 100.040137767792 98.4015961488088 100.515673557917 96.5188244978587 93.1231677532196 94.2465364933014 94.5542852083842 90.4787878195445 87.0887835820516 88.2026553153992 83.345095316569 83.5737983385722 93.3108727137248 95.2175160249074 95.8264172077179 95.7305133342743 93.0253465970357 88.6972546577454 92.9555495580037 96.0260033607483 98.8669494787852 104.890833298365 108.401199181875 112.368216117223 127.143462498983 133.761058251063 147.820313771566 159.001062313716 157.410840193431
14.6532729268074 6.91732640067736 0.228169335362812 0 0 0 0 2.35524773597717 7.08990481992563 12.7157556513945 22.1638778845469 46.8302468458811 70.5079734325409 82.0663074652354 86.4557027816772 80.3829977909724 72.8309551874797 63.8652890920639 58.1493824720383 65.5870586633682 86.4475568135579 101.691752672195 106.703539689382 104.839662710826 100.149542093277 100.670576095581 102.829933166504 97.1271296342214 98.8871256510417 97.1181889375051 85.2822264035543 78.8435439268748 75.8158514897029 73.090801636378 75.4023889700572 80.003301302592 82.202951113383 79.9135466416677 81.8030734856923 85.5806867281596 86.6168141365051 89.4986093044281 93.1743880112966 95.0143436590831 113.972832759221 124.185144901276 132.355441649755 139.92910583814 146.930793921153
11.2873464822769 8.50791359941165 2.17383137593667 0 0 0 1.16112929147979 5.1568653434515 13.936893393596 16.9185722867648 22.8596478700638 34.8781496286392 52.7877807617188 72.9268093903859 84.5588246981303 92.1418070793152 92.6604767640432 85.2814714113871 71.0608263810476 61.3325883944829 68.579579393069 92.5180415312449 100.990245739619 105.737954378128 107.924232880274 111.744433641434 114.042272170385 112.353503704071 105.920493602753 107.235093911489 95.7854390144348 81.7032903432846 66.5595829486847 64.0606780846914 59.553066889445 63.8965864976247 67.8161134322484 69.9951499700546 75.3911038239797 82.7745993932088 83.6766560872396 84.1406285762787 84.0523342291514 85.4369203249613 97.7766315142314 112.520684798559 120.756586392721 119.430363178253 125.543385744095
12.3134975632032 15.1705841223399 13.1765380501747 0 0 2.04313018669685 4.98039089143276 8.92257876694202 21.1626837650935 28.6205410957336 36.9703844189644 38.7935390075048 49.0807791550954 59.9139233430227 73.6250181992849 87.5737468401591 93.6825772126516 94.8106745878855 92.9746826489766 80.4991324742635 65.3508206208547 76.9904057184855 87.255855401357 98.5589424769084 110.017448663712 115.428229173024 115.317900975545 112.186859051387 113.752921422323 104.430943727493 90.0910397370656 87.7485374609629 71.1150815089544 55.975596110026 47.4761625130971 46.8824754158656 50.9327997763952 57.5180351734161 58.1490496794383 63.339501619339 69.8715597391129 71.8328058719635 73.8362868626912 76.6059557596842 76.5150388081868 90.674102306366 98.4767079353333 98.9858905474345 103.686014811198
13.2753911117713 12.8240436315536 14.2586218814055 7.58641523619493 0.705369282513857 6.7279152572155 7.32961669564247 9.78392486770948 12.2441773613294 30.8278327186902 38.7245466311773 36.0637654860814 39.6683464447657 45.4028397798538 55.4361045360565 73.3968118826548 81.8679084380468 88.3245964845022 94.083567460378 95.4907536506653 86.2267017364502 77.2435516119003 78.9760897556941 89.0104373296102 102.630952994029 109.606117010117 117.393394311269 113.850335280101 105.152904987335 97.9043841362 95.1433380444845 79.8822393019994 64.2299552758535 55.6516150633494 40.3531044721603 33.7871437271436 30.8235436677933 31.5054282546043 31.8131521344185 39.7892395655314 55.3700576225917 59.2917054891586 65.6001220146815 68.7504460414251 68.9643522103627 77.8330266475677 79.8984865347544 84.3584140141805 93.2537317276001
17.6727846264839 10.9210833907127 7.11755392452081 13.1485586365064 8.37396457791328 7.57480040192604 6.72311956683795 9.40566882491112 11.7941175897916 25.3986641764641 30.3580015897751 30.7482009132703 30.9352651238441 34.329558412234 40.4465273022652 55.558313926061 66.2856300671895 74.2869526147842 84.259957075119 98.708838224411 105.049659808477 95.2454308668772 94.3730175495148 97.7964003880819 101.018617550532 102.005223433177 102.081388235092 99.2281039555867 104.500601689021 94.2378242810567 80.2932182947795 73.236624399821 50.1534640789032 37.0974391698837 27.3658782243729 19.5009013017019 11.0455056031545 14.4008050362269 17.1625278890133 26.540810863177 40.530892709891 45.2115039030711 50.1020054022471 51.1247515678406 58.828741312027 66.6973193486532 71.4233815670013 76.2944618860881 82.2771241267522
38.6304929852486 27.0940214395523 15.9654219945272 23.6334179838498 20.4970302681128 7.05870861808459 9.47902972499529 13.1308175623417 20.2030936876933 25.6198346614838 26.9079233209292 27.3414527376493 29.3548330664635 26.9158507386843 32.9380581776301 44.9662854274114 59.5244218905767 68.7503317991893 77.9003947973251 89.5796020825704 99.7875928878784 114.021797974904 118.021120627721 117.62856443723 111.270884672801 101.105262835821 97.0280766487122 90.1020169258118 88.3594950040181 89.2272094885508 67.8324202696482 45.3396787246068 31.0208251078924 16.5749092896779 1.79575042178233 0.731588962177436 0.860070033619801 2.72360319892565 8.50720020631949 11.8933978180091 16.7313478887081 33.2588702440262 35.0892220934232 32.0616215467453 47.8990574677785 58.9821835358938 66.5720750888189 70.6949134667714 74.1454263528188
