input/barkrak2/radiation/dir02124.grid
NCOLS 85 
NROWS 70 
XLLCORNER 665100 
YLLCORNER 4664600 
CELLSIZE 20 
NODATA_value -9999 
[rows 23 to 45 of 70, columns 0 to 51 of 85]
74.0186870098114 63.3909602959951 31.2820499142011 13.7144674857457 9.11035637060801 14.2017665008704 15.3405119975408 5.49387062589328 3.96414815137784 3.59505632271369 4.22433701654275 13.1924288968245 15.1699657241503 19.9726956586043 17.6616584261258 18.0364213883877 24.0453158815702 33.2739452521006 37.6552939414978 31.6114028294881 30.2427435914675 34.7245459755262 46.1878925561905 55.4860879977544 62.5406205654144 62.5998824834824 56.9009532531103 49.141784509023 31.4700951178869 13.422151406606 9.4234012067318 3.09799673656623 0 0 0 0 0 0 0 0 0 0 0 0.181967159733176 0 0 0 0 0 5.63906754056613 5.58868298927943 0
73.716014623642 69.6103870868683 47.6199785868327 18.7291403611501 2.80004615585009 11.9833412269751 7.5273048132658 13.1406411528587 5.05913390467564 4.17132427295049 4.59266267716885 9.51051836212476 13.5814175009727 17.5975263118744 17.7822473148505 17.4827054142952 21.2704688310623 31.0647636651993 36.6134295860926 29.8688759406408 29.0825093785922 26.1722678939501 33.605694770813 41.0481890042623 46.4548915624619 46.9779471556346 43.5982296864192 40.304275850455 19.186149040858 8.57130996882915 4.66222253938516 3.20426840335131 0 0 0 0 0 0 0 0 0 0 0 0 0 0 0 0 0 0 0 0
60.881386200587 65.1976515849431 58.0129226048787 28.2336076100667 4.00467837850253 14.0208626786868 20.8300352096558 28.5354579488436 28.9913788437843 23.2386166850726 18.6247403422991 20.4215968648593 19.7340374191602 24.1535107294718 24.6326724688212 19.7677885492643 20.8991517623266 29.8821528752645 36.6552273432414 39.6660690506299 39.372389515241 35.46042740345 32.5793077548345 32.4779897928238 35.6828048825264 37.7806623776754 33.8591287533442 34.428005417188 20.856315890948 16.5122672915459 13.5808313886325 16.9884189963341 11.6305326422056 0 0 0 0 0 0 0 0 0 0 0 0 0 0 0 0 0 0 0
59.5582226912181 64.5752847194672 62.2454682985942 37.3869389295578 14.3909205993017 26.0693182547887 38.411021232605 48.1469035148621 55.5135856072108 49.1044819355011 32.7371383706729 34.9294741948446 32.56955742836 35.392793516318 34.9399447441101 25.8119280139605 23.9466254909833 32.1860462427139 38.8692691922188 49.1260240475337 50.490473707517 47.4161803722382 40.4773677388827 34.8357235391935 35.4767243067423 38.0430693427722 33.4958881139755 40.7887622714043 38.6059433221817 37.1463944514593 41.5304576357206 58.0991953611374 66.1412080128988 45.6996460755666 0 0 0 0 0 0 0 0 0 0 0 0 0 0 0 0 0 0
60.9389841556549 59.9428315957387 60.0069165229797 43.2785749435425 38.8159627715747 45.7397451003393 58.5662970940272 66.2813832362493 66.7801449696223 56.3068290551504 42.5508220990499 39.4491627812386 37.6492142677307 36.7034152150154 38.843460381031 35.2408289909363 30.0590420762698 35.6706529855728 47.8775898615519 52.5384495655696 49.9117970466614 41.7009890079498 40.4778967301051 41.0778125127157 41.3637359937032 42.1185940504074 39.6324743827184 49.7081180413564 66.3534253835678 70.8111921946208 74.7068325678508 81.3862979412079 91.6615625222524 97.9650219281514 52.9997448126475 0 0 0 0 0 0 0 0 0 0 0 0 0 0 0 0 0
63.9066944519679 53.5838305950165 54.1034440199534 45.960674683253 57.954137523969 58.2685470581055 62.9540632168452 60.9187434116999 54.4478992621104 44.14335389932 38.3388996124268 33.6791127920151 33.8441729545593 39.6510312954585 40.7661075393359 43.4335470199585 37.5505437453588 34.0494066476822 44.8582321405411 46.5595225493113 44.0785437822342 37.5365763902664 37.2463713089625 43.5381879409154 46.3857352733612 43.2046800851822 43.9158131678899 49.8571743567785 72.8204548358917 85.8898361523946 93.4535463651021 97.7211097876231 105.000019073486 107.452929019928 97.1932212511698 27.3127034306526 0 0 0 0 0 0 0 0 0 0 0 0 0 0 0 0
65.060372153918 48.7500876188278 48.8703747590383 50.785372654597 59.6021562814713 59.3879222869873 49.8317380746206 37.68523534139 14.9670764803886 14.8637369275093 21.2729722261429 26.159755885601 31.5459767977397 40.0803759694099 42.9652631282806 46.8406081199646 44.0664937098821 32.3708901802699 35.1382419466972 38.6294523874919 37.7295091748238 37.8549446662267 37.8046755989393 43.4598624706268 49.3375658988953 46.1414257685343 48.2588708400726 50.3984987735748 66.546509663264 88.6188149452209 101.494918266932 108.570118745168 108.840703964233 109.739075104396 117.085665464401 97.4299112955729 22.3422820369403 0 0 0 0 0 0 0 0 0 0 0 0 0 0 0
64.0878180662791 64.6275778611501 83.4416647752126 112.135857343674 89.6959602832794 64.6885633468628 40.4267758131027 11.5278785427411 7.27017223834991 17.6840747396151 10.0732464343309 6.01143265763919 30.4766744375229 40.3388390938441 46.1479475100835 50.9020785490672 49.1094887256622 37.0065495371819 36.3553116718928 39.8602932691574 37.1976643800735 40.6913633147875 42.3522392908732 44.6514785289764 50.4543582598368 54.8643867174784 53.155372540156 55.9967954953512 68.2978381713231 91.8945769468943 108.866314093272 112.263371547063 110.160241524378 117.351045211156 126.347531874975 129.303683837255 101.885139942169 45.3086793422699 1.58741589014729 0 0 0 0 0 0 0 0 0 0 0 0 0
75.5471885204315 106.8341533343 153.016646703084 173.984169960022 151.834279298782 103.606581687927 59.3874951203664 33.243715763092 27.7773315707843 31.8834160765012 24.529866874218 22.1740355094274 30.1614527901014 38.5799556970596 51.0389705499013 54.0855626265208 50.9253839651744 44.9171712001165 38.7448544303576 40.5928020675977 40.3321335713069 43.8322822252909 46.2055454651515 46.7129399379094 51.3226091861725 62.2842659552892 62.9711399475733 68.3789749940236 77.5379637877146 93.6951239903768 107.706636190414 114.694784084956 117.804557085037 123.308678468068 128.484706083934 129.178375005722 123.325208822886 101.742734511693 41.1413262287776 0.598446077977618 0 0 0 0 0 0 0 0 0 0 0 0
132.461378971736 167.92376836141 193.795164426168 195.229113101959 191.533585389455 166.102190812429 124.594569206238 88.9012416203817 67.659005522728 59.5676898956299 54.1885296503703 44.6544984976451 34.0379004677137 37.1019517381986 48.0648477872213 55.3455650806427 49.0193665027618 50.6514211495717 40.3953716158867 38.7288977702459 42.6592429478963 44.0275718768438 44.6386635303497 45.5017934242884 49.7850229342779 62.4320854743322 67.9672807455063 76.0231117407481 84.7745537757874 92.8045709927877 102.811733881632 112.809062004089 116.258362929026 113.239030043284 115.840593973796 109.2622478803 110.694070657094 97.0692733923594 53.6310076713562 2.41158079976837 0 0 0 0 0 0 0 0 0 0 0 0
185.503820578257 202.443997065226 207.718014717102 205.440143744151 208.199401696523 202.619194984436 181.761642297109 141.05353752772 104.379256566366 82.3898961146673 82.9337686300278 72.9443480571111 50.1926044623057 42.4899707237879 47.8263199329376 51.1598140001297 45.1531608899434 45.5255806446075 39.1764764984449 39.9877429008484 39.1898502906164 40.4233460625013 39.8511439561844 40.3911943236987 46.713908513387 56.4984083175659 67.066748936971 70.9248532851537 80.8400561412175 92.6422079404195 101.712644100189 104.853928089142 97.3630547523499 88.6829296747843 89.9737079938253 76.4215936263402 77.6393562555313 63.2583051919937 29.6543488899867 1.18204182945192 4.02952513347069 1.72218742469947 0 0 0 0 0 0 0 0 0 0
200.48314332962 207.885225613912 207.313100496928 209.69945192337 209.533174832662 206.803858280182 196.719765663147 167.813162008921 121.193379163742 94.1975712776184 94.409575064977 90.2531345685323 75.3842890262604 55.1894009113312 48.0770121018092 48.8313585519791 42.6972111066182 39.6710236867269 39.3605753779411 42.1811590592066 38.2662812868754 38.1314357121786 39.3169795473417 40.6911720832189 44.7262227535248 51.4710148175557 60.6472194194794 61.5871995687485 70.4138775666555 86.3383412361145 95.3046480814616 92.8973058859507 88.334709405899 82.6466381549835 75.9740918874741 63.8593584299088 67.6822016636531 64.98717268308 45.979047815005 13.4109693268935 12.0500102639198 0 0 0 0 0 0 0 0 0 0 0
193.454921245575 196.820159753164 193.741500377655 195.90812921524 194.930175940196 189.97593720754 183.519959449768 165.525416533152 129.339555899302 107.057293256124 102.216978867849 95.7862734794617 86.2525006135305 63.1393094857534 51.7459213733673 53.0841747919718 46.3543782631556 38.3109400669734 41.9058899084727 43.1231657663981 41.4002289374669 38.7514556447665 41.6304518779119 45.6500848134359 44.3526059389114 49.1928954919179 53.6829183499018 54.4593582550685 61.2063358227412 79.4807374477386 88.2314145565033 87.242196003596 90.1702145735423 91.0302897294362 75.7052252689997 69.8231359322866 73.6752450466156 80.1538129647573 74.8738298813502 36.5899726748466 1.07191417676707 0 0 0 0 0 0 0 0 0 0 0
167.189558347066 171.909292538961 173.598726590474 170.846899350484 170.196056365967 168.278177579244 172.067681948344 169.493734836578 140.647232532501 115.050315856934 102.757881085078 88.795671860377 78.963374098142 58.3174924055735 47.778531908989 52.9399116834005 55.0309171279271 43.7231361865997 45.9319005409876 48.8124489784241 48.5581159591675 44.3531771500905 44.49529449145 48.3913520971934 46.6442952553431 46.9054530064265 52.1355917056402 58.152029911677 61.8992249170939 73.4035025040309 85.7759217421214 89.1852180163066 90.9797251224518 94.0227011839549 79.076091448466 79.3625364700953 79.0449529886246 87.0651006698608 87.1414840221405 48.2551753520966 0 0 0 0 0 0 0 0 0 0 0 0
143.355508645376 153.26601266861 165.148228406906 162.219971418381 161.082774400711 167.059938112895 177.15589205424 179.321726163228 160.78116496404 127.712776263555 106.460412343343 80.6971540053685 64.2557293176651 52.5707900524139 43.9821978410085 47.7107912302017 58.1190784772237 51.0918895403544 48.2538789510727 51.18195215861 51.7588257789612 47.9369362195333 46.0434357325236 47.7525343497594 49.1038113832474 48.6030876636505 51.5753229459127 60.040424267451 62.7950330575307 67.2934154669444 78.8859923680623 90.209424495697 92.7602648735046 86.38529976209 75.5317062139511 87.7312223116557 90.1417831579844 93.3626294136047 94.0286219120026 68.6863263448079 0 0 0 0 0 0 0 0 0 0 0 0
106.446743011475 118.042836586634 126.478930314382 131.573110818863 140.205591917038 156.518598397573 171.617368857066 179.647366205851 176.239927609762 146.175404389699 111.894547939301 79.0224969387054 59.8666866620382 56.9228778282801 49.3421206871668 43.5040295124054 53.8039803504944 54.4057587782542 48.6725270748138 49.2904782295227 49.7690786918004 47.1528520186742 44.2552665869395 45.3909734884898 48.7835307916005 52.5008141994476 52.1643211444219 57.2756876548131 62.0904515186946 63.3873989184697 70.8053608735402 85.3981673717499 90.2814865112305 76.7491410175959 78.044056892395 95.4071283340454 99.941740433375 97.5962976614634 97.9023575782776 94.0283437569936 39.6048948168755 0 0 0 0 0 0 0 0 0 0 0
71.5636909008026 78.1736622254054 77.821359038353 87.9407425721486 104.131668806076 121.517221132914 137.06644376119 150.319576263428 152.927498022715 128.744592269262 93.0476387341817 67.9409603277842 55.0953298807144 53.8989802201589 50.3508498271306 45.7946310440699 50.3636201222738 50.7266322771708 44.4126824537913 44.5683648188909 47.668586174647 50.7289568583171 49.766739209493 46.4900235335032 45.8838492631912 48.2180764277776 53.6024868488312 57.4012100696564 61.2266659736633 61.1213197310766 63.7874056895574 74.9066025018692 83.0770879983902 79.5177469650904 97.0807075500488 105.216920375824 103.842616081238 97.8641112645467 101.873695850372 115.265021721522 105.290710926056 47.2815533479055 0.19260614256685 0 0 0 0 0 0 0 0 0
60.5532079935074 62.5199874242147 62.4220073223114 64.5798693100611 73.3658969402313 79.8151095708211 83.5982958475749 89.6474321683248 90.5691981315613 74.7343798478444 59.4791521628698 55.0407518943151 53.7224014600118 50.9041845798492 49.9153782924016 50.4678090413411 49.2114275693893 48.5181858142217 44.2707637945811 44.1505958636602 48.3807921409607 53.4473806619644 55.4970999558767 51.3854920864105 48.6182272434235 47.2078969081243 55.2107294400533 58.2537700732549 62.3215834299723 62.045822540919 62.2208416461945 68.8565025726954 76.2014885743459 85.873415072759 103.902488946915 103.596876064936 95.4485138257345 87.8317952156067 90.4578566551208 105.135103066762 116.410036881765 107.148826122284 58.7891787290573 5.02983729044596 0 0 0 0 0 0 0 0
68.8317616780599 66.3257737954458 66.3988689581553 66.1042332649231 62.5429302453995 60.7602844635646 59.2763324578603 60.7258379459381 65.5627697706223 57.8122437000275 50.5325496196747 51.9235034783681 55.6153853734334 55.7971000671387 54.5008381207784 52.6224076747894 47.8878567616145 54.4856240351995 55.7613124450048 51.8241822719574 54.0670851866404 54.5629213253657 53.0094802379608 54.9843261639277 57.1682353814443 52.0169834295909 56.8885703881582 59.4623386859894 61.5714142719905 64.1654878854752 64.7437175114949 67.4276898304621 74.1653591394424 91.167946656545 99.482665459315 92.446635166804 82.1544975042343 73.2704003651937 70.6550925970078 80.9985647598902 106.883307298024 113.647262255351 88.376392920812 35.7418780525525 0 0 0 0 0 0 0 0
73.1974591811498 70.4476286967595 73.216254512469 71.7070649067561 65.0514463583628 61.7508590221405 59.5899174610774 56.7968934774399 57.289332151413 53.8711547851562 52.4281760056814 52.1871596574783 56.2643706798553 60.3835235039393 60.1050555706024 56.9037944078445 53.9158980051676 59.2881292104721 61.7117633422216 55.9131503105164 53.5270224014918 51.2652496496836 48.0606158574422 49.9672094980876 54.9590637286504 52.3227751255035 49.4789332151413 54.138258099556 58.065210779508 59.9725792805354 62.188575665156 62.9769663016001 72.2364187240601 92.0289556185405 96.9859957695007 83.0662548542023 72.6906359195709 69.3076153596242 69.4427986939748 77.3457785447439 83.3456814289093 86.1814022064209 73.6737499634425 43.742373585701 0.0806797761470079 0 0 0 0 0 0 0
57.5970162947973 60.2835764487584 68.9629862705867 66.3709739844004 68.8145409027735 71.3038295507431 70.3366200129191 66.2383486827215 55.9075623750687 54.4159909089406 57.9263915618261 54.4248173634211 55.5394937594732 59.6709152062734 60.1998468240102 58.0831666787465 58.9312960704168 60.8984579642614 61.2973024447759 57.358980178833 52.0644684632619 48.5191742579142 47.0189799865087 47.106608748436 49.7175057729085 53.9727906386058 48.8153348366419 51.3366858164469 55.4350217183431 56.7753265301386 55.3046315908432 54.6411822239558 64.2312864462535 79.4356763362885 84.7954750061035 74.400116999944 70.7358022530874 74.3567297856013 75.708732008934 77.2190988063812 72.5869337717692 71.449135740598 66.3972645998001 42.5774107376734 4.08661334464947 0 0 0 0 0 0 0
56.0250083605448 61.8686924378077 64.8360153039296 65.6552066405614 67.4227476119995 69.8263794183731 70.0246344010035 66.4126227299372 61.8315835793813 57.7394068241119 59.6524874369303 57.3406666517258 54.3979555368423 53.3868571122487 53.1828353802363 53.4718086322149 51.2200544277827 57.4631839990616 59.1632028420766 57.0962776740392 52.9491901397705 50.8576929569244 50.4320909579595 51.5499909718831 49.1960247357686 58.0253899097443 60.973584651947 57.5968225797017 56.5511186917623 54.9634595712026 51.4612148205439 49.7315327326457 55.7821094989777 59.4690591096878 66.1353369553884 68.769559264183 72.9089478651683 79.1704555352529 80.5587520202001 75.0442246596019 73.219840725263 67.2945727904638 64.3666485945384 47.0943699280421 17.6213383674622 0 0 0 0 0 0 0
62.2835506995519 67.0209626356761 64.1398926575979 67.4955447514852 66.1196907361348 66.1921054124832 67.7270392576853 66.2766595681508 67.7215903997421 63.2105767726898 62.2056076924006 61.474397778511 57.537317276001 52.9525279998779 52.0066122213999 56.0446580251058 51.8857489029566 55.2347948153814 59.7736736138662 58.473880092303 54.9630324045817 54.2922168970108 54.3805609146754 55.0120969613393 56.4801891644796 57.3172370592753 62.9338721434275 61.0684156417847 58.4483047326406 56.8659156560898 52.8015196323395 49.4677325089773 53.3097187678019 51.7767369747162 53.1153778235118 56.059921781222 63.0158682664235 72.8726287682851 70.9140052398046 61.543603738149 64.3196006615957 59.864749511083 59.4940930604935 56.8618873755137 39.4012257456779 10.1743936538696 0 0 0 0 0 0
