input/barkrak2/radiation/dir07024.grid
NCOLS 85 
NROWS 70 
XLLCORNER 665100 
YLLCORNER 4664600 
CELLSIZE 20 
NODATA_value -9999 
[rows 40 to 59 of 70, columns 0 to 46 of 85]
154.67577179273 156.448066234589 156.292309363683 158.247133096059 167.027513186137 173.770666122437 177.770177523295 182.342012723287 181.581199169159 163.260092337926 148.396223783493 143.358965714773 142.272392908732 137.941648562749 136.32133603096 135.244955619176 134.240408738454 135.215014219284 128.399074077606 128.042548894882 132.609893878301 138.368388017019 141.593555609385 136.665026346842 132.439762353897 130.311717589696 142.506142457326 146.153370539347 151.321917772293 151.609718799591 152.907242377599 160.928646723429 160.98564863205 173.495829105377 200.182139873505 200.011432170868 182.677368323008 172.622243563334 175.496439139048 194.365461667379 209.351817766825 219.138205051422 171.154797077179 84.9084754784902 34.9288036425908 9.51926099757353 1.45335992177327
163.306335608164 160.258005062739 160.52034497261 159.498343865077 155.003815889359 153.445531924566 151.667972405752 151.822626590729 156.801164150238 146.943787733714 139.366686344147 139.856706062953 143.848558266958 142.893075942993 141.332546869914 137.8187139829 132.214178641637 141.340365012487 140.584836403529 135.600427786509 137.613356113434 138.528823852539 138.860066731771 140.814065933228 141.480108102163 135.704676310221 143.176694711049 147.543718417486 151.424537102381 153.083274761836 156.109035015106 159.381409486135 163.374642531077 182.959119478861 195.76370716095 181.271910667419 166.891614596049 156.530191500982 157.088379065196 169.714987277985 201.477309068044 209.437390168508 188.593208789825 131.537020206451 55.8461050192515 19.9502967298031 0.027958177573358
168.443779150645 164.738714694977 167.513608932495 166.127900282542 158.527195453644 155.002931753794 151.906043291092 146.939386924108 147.132654984792 143.401434024175 141.552736361822 139.310280481974 143.977930148443 147.126694520315 147.062162558238 142.808169126511 138.521174589793 145.281126101812 146.943032741547 140.345205863317 137.152930100759 135.438680648804 133.183936278025 134.693086147308 139.275312423706 135.298808415731 131.820738315582 140.168060859044 147.121965885162 150.218615929286 151.408086220423 152.774552504222 163.119047880173 185.842076937358 193.15771261851 168.824970722198 153.935372829437 151.614983876546 155.61114748319 166.907290617625 176.333626111348 175.230463345846 164.158374071121 129.176487525304 64.6215130885442 13.7783748408159 0
151.940604050954 153.790503740311 162.760635217031 160.47062476476 162.530213594437 164.949595928192 163.601110378901 157.385617494583 146.227965752284 143.929183483124 147.496958573659 141.67465766271 142.478495836258 145.955264568329 147.349148988724 143.433998028437 143.642475207647 146.949390570323 146.785179773966 141.888697942098 135.486384232839 132.81512260437 131.411482890447 130.131522814433 132.94380903244 136.936823527018 132.80913233757 135.589222113291 141.282588243484 145.097384850184 143.86331041654 141.23926560084 154.138227303823 171.760638554891 172.624925772349 156.701664129893 151.359419027964 160.102844238281 166.242520014445 166.952013969421 161.668330430984 157.697468996048 150.850802659988 122.950236002604 73.1864273548126 16.9182941317558 0
149.611045916875 155.293305714925 157.87199139595 159.430642922719 160.308519999186 163.170595963796 162.367920080821 158.647904793421 153.453906377157 147.206485271454 149.253050486247 145.036538441976 141.502956549327 139.388849337896 138.457189003626 139.138032992681 134.14587577184 142.67044266065 143.97797981898 142.205129067103 137.108753124873 135.05349556605 135.227710008621 135.033716758092 131.819556156794 141.153603792191 144.175827503204 142.891307671865 142.618397871653 141.411284605662 137.9341284434 135.01779238383 142.805685599645 147.87957072258 150.236368179321 149.833311637243 154.765506585439 168.401221434275 173.543413480123 161.563952763875 161.838928858439 152.860462665558 147.152761618296 126.460065444311 90.0549292564392 43.8413669665655 0.000785175643613911
155.420621236165 160.58004895846 157.118270794551 161.256442467372 159.964104493459 159.077773491542 160.947899023692 158.424327770869 159.48086977005 153.105705976486 152.010579903921 149.788618087769 145.092596610387 139.447003602982 137.449373801549 142.042239507039 134.249925613403 136.896709601084 143.811782201131 141.524295012156 139.743775129318 138.901313145955 136.939346790314 139.061351617177 139.683773120244 139.141112565994 146.300266186396 146.368324756622 144.160270690918 142.945259809494 139.515509208043 135.441889365514 138.668884833654 135.010898113251 133.597612380981 134.16584332784 143.298655748367 158.440768718719 159.965892632802 145.788143078486 149.31058883667 142.800043026606 139.972577492396 137.293040752411 118.826627731323 78.7406663099925 34.4776958227158
155.71066737175 156.876295804977 160.334000984828 163.055052359899 162.167996168137 160.725613435109 162.862439950307 164.98472293218 160.121311744054 158.247739076614 155.542115370433 153.328895568848 149.72988764445 145.335545142492 144.961138566335 147.997031609217 143.749763568242 136.665980021159 144.785434007645 143.167714277903 139.626234769821 140.03179470698 139.950434366862 135.668734709422 143.709401289622 136.962890625 138.263126214345 142.507632573446 142.435808976491 143.666485945384 141.97572072347 139.368245999018 137.954254945119 136.797269185384 135.469247897466 134.440004825592 138.077119986216 147.451589504878 149.382094542185 147.802690664927 146.475921074549 138.998508453369 143.753955761592 151.634564002355 143.501649300257 108.74421397845 63.660462697347
149.284313122431 152.007947365443 157.515744368235 160.130312045415 163.303772608439 164.674758911133 162.45953241984 161.747992038727 161.782473325729 162.411053975423 157.753010590871 154.240449269613 151.512086391449 150.16367038091 147.680620352427 145.912806193034 143.814384937286 134.230633576711 141.173779964447 142.801582813263 138.772298892339 140.342444181442 142.504553000132 134.042660395304 135.752896467845 135.806977748871 132.564147313436 136.914392312368 140.021115541458 141.127824783325 143.540352582932 143.574217955271 137.520313262939 141.213019688924 150.756885608037 152.862916390101 148.292680581411 143.764913082123 147.658169269562 158.867806196213 150.763541460037 141.241331895192 148.934890826543 155.067106088003 148.497263590495 127.404550711314 85.6605370839437
142.069816589355 145.659814278285 151.331077019374 155.873556931814 161.964654922485 166.148900985718 162.202179431915 159.163494904836 162.641714016596 163.503617048264 161.989669005076 156.432578961054 154.596090316772 154.250085353851 150.163412094116 145.647823810577 144.029746452967 136.227071285248 140.146732330322 144.60700750351 144.793301820755 143.535266319911 144.804765780767 139.944056669871 135.350624720256 141.175717115402 137.071321407954 140.630463759104 147.160718838374 150.916785001755 155.925005674362 159.132540225983 148.859957853953 153.470089038213 161.276449759801 165.698101123174 163.991113503774 154.091616471608 152.364671230316 157.993525266647 147.863527139028 139.541705449422 136.942098538081 136.051634947459 134.009420871735 132.968634366989 122.291415929794
141.632924477259 138.097623984019 143.611162900925 152.025282382965 158.383876085281 161.639312903086 164.961129426956 166.364163160324 167.072455088298 162.371178468068 164.976090192795 163.7016137441 158.496886491776 154.56501642863 153.142472108205 147.765934467316 144.937733809153 139.796495437622 142.89116859436 150.008489688238 151.182115077972 150.135805209478 146.327396233877 146.212120850881 141.491810480754 145.789017279943 146.476745605469 148.735125859578 155.713260173798 163.804481426875 172.279139359792 174.51532681783 165.89034597079 162.634561459223 161.667048931122 168.142775694529 171.043654282888 167.749067147573 157.969504594803 145.816594362259 136.517922083537 138.418753941854 136.755406856537 131.0027440389 127.005835374196 131.815443436305 126.25852227211
143.333812554677 145.474165678024 148.706644773483 155.387272437414 156.906872987747 157.200495402018 164.938002824783 170.318067073822 169.18538014094 168.49692662557 167.073766390483 166.058937708537 162.299285332362 156.601051489512 157.035320997238 159.70649321874 150.629500548045 147.396902243296 148.441155751546 154.674748579661 155.5388768514 152.566572030385 148.782670497894 147.561361392339 144.363323847453 149.202764034271 153.167506059011 154.213527838389 159.568885962168 168.396850426992 175.548692544301 183.834691842397 176.051656405131 164.822290341059 154.148757457733 157.032201687495 165.910164515177 173.242330551147 161.865015824636 139.155119657516 130.949934323629 140.802969535192 144.375503063202 138.95986477534 132.974803447723 129.407862822215 111.286779244741
143.389274676641 154.178808132807 156.776567300161 158.895711104075 157.826681931814 156.166136264801 163.191765546799 169.574320316315 168.40269168218 173.498133818309 170.372605323792 168.752868970235 165.092676877975 160.092453161875 157.83566236496 164.505501588186 156.665056943893 150.060037771861 147.332300742467 152.649750312169 153.347472349803 149.817327658335 149.877786636353 145.870526631673 143.323183059692 145.594169696172 150.652865568797 149.732540051142 152.340064446131 157.616327206294 168.7304576238 182.409226894379 178.160488605499 153.670211633046 119.881004095078 112.692723671595 134.307910998662 157.955060402552 167.364239692688 165.488580862681 159.711569547653 148.656398057938 134.392788012822 130.576978127162 139.9946808815 130.74121872584 106.32203022639
145.946602026621 144.554823637009 143.728236357371 147.885352373123 154.959738254547 160.060991843541 159.513552983602 166.701674461365 165.624807278315 170.600394407908 170.586923758189 171.721458435059 171.73691590627 165.28508067131 160.8513991038 159.795969724655 161.038190126419 151.140292485555 147.043973207474 145.944565534592 145.501315593719 147.136529286702 146.224657694499 140.073905388514 141.546150048574 138.604114452998 140.39276043574 139.7398908933 139.950752258301 142.257750034332 146.714548269908 163.607776165009 160.585979620616 132.130106290181 95.0833360354106 75.0413239002228 82.721620798111 113.502601782481 150.722632805506 166.060795386632 168.728907903035 151.277383168538 127.624213695526 124.735087156296 133.831689755122 120.414505402247 101.671904325485
151.447474956512 140.491644541423 136.845807234446 143.051604429881 155.336459477743 164.830187956492 163.149545590083 165.20964105924 167.117635409037 166.285753250122 169.503887494405 171.600977579753 172.956526279449 169.938405354818 164.418598016103 161.603262027105 163.595090309779 154.028713703156 150.483479102453 151.612122853597 151.123225688934 148.169736067454 146.390418211619 140.681266784668 140.345732371012 138.810187578201 138.633946577708 137.432873249054 136.255363623301 130.608518918355 121.559739112854 130.146543184916 131.702959537506 111.680934826533 95.3613619009654 76.1710703372955 56.5872093041738 63.3449902137121 87.4110062917074 124.947011470795 149.907529354095 139.046460390091 125.869820515315 122.211376825968 114.00642991066 106.343607107798 99.1229712963104
153.005013863246 146.518995364507 142.997900644938 147.460728883743 157.57754445076 166.827956835429 169.387578964233 165.917654832204 169.936676820119 167.261004447937 171.544015407562 172.749121983846 173.817455768585 174.510260423025 168.535828590393 167.704522609711 167.710065841675 160.112798213959 154.944042364756 156.578282515208 156.667947769165 152.060002088547 149.371226628621 147.124896446864 145.244757334391 144.59890127182 140.8305366834 138.09992869695 132.143080234528 125.301092863083 114.322404066722 120.072801907857 123.149236043294 122.025787830353 120.941817760468 109.221408764521 80.3968906402588 62.9851669073105 57.1972082058589 72.5328822930654 109.208325544993 114.336639642715 102.871050437291 74.0778942902883 85.9355429808299 95.1663156350454 104.170809189479
157.237152258555 155.222753683726 149.091750383377 146.395822366079 152.943829695384 166.231046120326 168.223679065704 165.77007373174 167.622367540995 171.959519386292 178.803145885468 179.053028424581 177.933871746063 177.832941214244 173.537810643514 172.387063503265 172.588189442952 168.112476666768 162.081529696782 159.062017997106 156.834940115611 155.339459578196 156.57580892245 158.668438593547 152.095268170039 149.743338425954 143.259823322296 132.512350877126 123.832841714223 121.972451607386 118.866086006165 125.743826230367 129.185070594152 140.645523866018 148.561427990595 147.107124328613 133.77849260966 114.795843760173 100.038180748622 68.0164645115535 78.1959295272827 98.968247572581 98.7885892391205 86.0599478085836 87.0631535847982 105.874021848043 134.50962305069
160.558332999547 159.676373004913 156.913012266159 151.320775349935 150.833427906036 163.221091032028 166.93643728892 167.345305283864 165.840645631154 173.857569694519 183.207710584005 182.304501533508 177.186528841654 178.834855556488 179.522534211477 172.565003236135 174.713492393494 170.399347941081 165.391147136688 164.607316255569 163.276374340057 163.58757019043 158.987979094187 157.414515813192 154.837002356847 148.252705732981 126.876453558604 103.400766849518 98.530908425649 105.639805396398 116.084267695745 122.27205435435 128.072679042816 134.023745854696 148.334850867589 163.267980019251 167.861143747965 151.229908068975 160.539309183757 113.166759411494 83.3434065183004 101.842731237411 119.695285956065 122.385909159978 123.954435189565 139.365653196971 166.979610919952
159.853994846344 157.460560401281 160.06867090861 159.791976213455 154.906163613001 159.701188405355 167.53218571345 168.19433371226 167.113145192464 173.219819863637 182.356178760529 181.647777557373 176.968932151794 179.254651069641 181.888560454051 171.434819698334 172.619064648946 170.139412085215 167.360107103984 168.186505635579 169.134080410004 169.08065478007 163.990477720896 157.16427564621 154.869685570399 152.681271235148 130.977710088094 106.044411659241 104.198714097341 114.865630865097 127.371937036514 128.224849700928 139.71209526062 149.16318655014 167.536616325378 164.727588494619 160.926798979441 110.187749067942 92.4023588498433 116.092870632807 113.888084888458 129.482865333557 133.949359258016 116.375555594762 104.546636343002 119.035462538401 145.342379808426
147.697895765305 155.663758516312 158.259838819504 159.732321898142 158.582707246145 154.975036780039 167.915085951487 172.085205713908 171.143174171448 173.834999402364 179.104447364807 179.18586730957 179.032901922862 175.73889096578 176.927208900452 172.528107961019 168.266475200653 170.801122983297 173.197547594706 175.046801567078 176.730632781982 172.739406426748 169.41907008489 162.880102793376 160.508811473846 161.507954200109 154.22977010409 147.40131298701 147.508442401886 150.335689385732 148.67173631986 140.036980311076 153.878182172775 167.3836906751 154.322971900304 147.767623265584 111.840466658274 67.9542124271393 51.8130461374919 82.7050308386485 117.675969998042 141.322960456212 135.494450728099 120.094954967499 109.11018649737 114.190489053726 130.86348772049
136.202762524287 152.721514304479 155.850887298584 157.982726891836 160.093049208323 155.923366546631 161.756455898285 171.194911003113 180.816650390625 179.632842540741 177.044272422791 176.795144875844 178.032040596008 175.516247749329 175.857424736023 172.960678736369 167.76700814565 169.764637947083 166.477123896281 165.37281870842 167.439083258311 166.802624861399 164.753595987956 165.195991595586 165.636648734411 171.176850795746 181.060930093129 184.524635473887 169.295390446981 165.540993213654 154.500752687454 141.114771366119 148.545742034912 139.26421602567 106.944362322489 71.8319962422053 68.9420203367869 57.9354564348857 41.9679532448451 42.0840283234914 59.8777681589127 102.935244639715 133.136620124181 154.496967792511 171.61367336909 167.558908462524 158.078084389369
