input/barkrak2/radiation/dir02524.grid
NCOLS 85 
NROWS 70 
XLLCORNER 665100 
YLLCORNER 4664600 
CELLSIZE 20 
NODATA_value -9999 
[rows 46 to 68 of 70, columns 0 to 50 of 85]
67.1312113602956 68.6998466650645 71.5541690587997 73.607474565506 73.3010520537694 73.1453746557236 75.0067879756292 76.7481078704198 73.4395583470662 71.9948460658391 70.8373387654622 69.8592116435369 66.5825754404068 63.3490731318792 63.0415678024292 67.0951704184214 64.9852901697159 60.434952378273 65.3728246688843 64.2001330852509 61.3692800203959 61.9108180205027 61.6484632094701 59.5587988694509 67.0929501454035 60.8415951331457 62.4839911858241 64.0717645486196 63.2718801498413 61.7017646630605 60.0222001473109 56.609645485878 57.0246229569117 56.5674255291621 58.9368144671122 59.9595904350281 61.6729706525803 67.6242808500926 68.1873659292857 66.9211695591609 66.2811398506165 61.3304873307546 66.8240239222844 72.3274250825246 64.1347269217173 34.4804724057515 5.14102478822072 0 0 0 0
60.9468519687653 63.2725010315577 69.039265314738 70.9060976902644 74.5314260323842 76.0370592276255 74.0400155385335 73.7242698669434 73.653777440389 76.0204493999481 73.3306705951691 69.5870170990626 67.9045766592026 67.8661366303762 65.9155497948329 64.6656701962153 64.4875864187876 57.9130599896113 61.9919945796331 63.5233670473099 61.0140462716421 60.8305335044861 64.0964806079865 58.4244032700857 61.4189356565475 60.931459069252 56.9818963607152 59.7668886184692 62.4360541502635 61.3546917835871 62.0144953330358 60.8028570810954 56.2357356150945 59.5821142196655 69.2410071690877 74.5610296726227 69.2755530277888 63.2477502028147 66.178967555364 74.4983653227488 70.4343467950821 63.0398492018382 69.6064482132594 75.7763236761093 68.3768192927043 50.7763276497523 20.0898026426633 0 0 0 0
53.8538644711177 57.1280419826508 62.4995132287343 66.3198481003443 72.9073137044907 76.4899402856827 73.2462008794149 71.4643398920695 75.4073560237885 77.5765975316366 75.4515876372655 71.7660337686539 69.7865585486094 70.4338649908702 67.7893658479055 63.2541278998057 62.6512666543325 57.343915104866 60.839240749677 65.2256309986115 64.3648356199265 65.1408235232035 67.2388474146525 63.5477056105932 61.2645844618479 63.7269814809163 60.8783662319183 65.0287419557571 69.084773461024 72.3362465699514 76.3123681147893 74.9137798945109 66.1536306142807 69.1541830698649 75.5851169427236 85.1035714149475 82.5625757376353 71.3295787572861 68.2092756032944 73.6854722102483 68.3292547861735 61.4697535832723 59.3134661515554 59.5457851886749 57.8722308079402 56.6486865282059 47.6382374763489 6.63660652935505 0 0 0
52.7210533618927 50.486962000529 54.8825860023499 63.1421307722727 68.9104894797007 72.328860561053 75.0965674718221 77.6359736919403 79.0055592854818 75.5291084448497 77.4503151575724 77.3205906152725 73.8887389500936 71.1577087640762 69.2941844463348 64.9279008309046 63.3962899446487 60.875877737999 63.9884720245997 68.2910184065501 70.6480840841929 71.5218484401703 68.8625822464625 70.4077482223511 65.8638825019201 68.0668453375499 70.0577348470688 73.6008783181508 78.839103380839 84.0659936269124 93.3107336362203 93.0674473444621 81.7519277334213 76.3647804657618 75.8130004008611 83.9205682277679 86.6368214289347 82.1083138386409 72.4818706512451 64.2749269803365 59.4196220239004 61.4089022080104 59.9060505628586 55.8804968992869 52.072619398435 55.4177314043045 48.7905244032542 13.7972099085649 0 0 0
53.0425012111664 56.541363398234 60.1748029390971 66.7033195495605 67.0803387959798 67.476694782575 75.6813685099284 80.9450844923655 80.721249183019 80.1939964294434 80.2050133546193 79.9392312765121 76.2159923712413 71.3920841614405 71.904127796491 75.2032299836477 67.8763886292775 66.7042881250381 68.143829703331 73.0533500512441 74.1017907857895 71.9232857227325 70.3884859879812 71.5356369813283 66.602756579717 72.7212429046631 76.9957005977631 79.7357062498728 85.8348806699117 92.0225183169047 98.0277955532074 103.652675946554 94.0327445665995 79.9186627070109 69.776972134908 65.7705118258794 73.4241902828217 87.2424344221751 77.7200361092885 61.2596968809764 54.8958082993825 62.4445378780365 65.8097366491954 62.7177208662033 57.0133527119954 54.7685523827871 34.7343757748604 18.4165562192599 0.0560899594953905 0 0
53.7561674912771 64.8699303468068 67.182332277298 68.6102559169133 66.813533504804 66.1493639151255 74.0000158548355 79.5679489771525 79.3631225824356 84.3263765176137 81.8702479203542 80.9848556915919 78.8836727539698 74.2591619491577 73.5533535480499 79.6169688304265 73.7301359574 70.4976965983709 68.4011479218801 69.6666787068049 70.1477378606796 69.0817534923553 68.6572889486949 65.6941036383311 64.9156471093496 67.4953063329061 73.2413530349731 75.8335043986638 79.7212521235148 86.1319899559021 93.4942265351613 99.2935697237651 95.1099793116252 72.896271944046 28.3697471022606 27.8390273451805 42.3770099878311 66.5885458389918 80.6014289458593 82.4647446473439 75.6827344497045 68.5989161332448 58.2546442747116 56.6340585549672 63.2230639457703 52.7078559001287 31.2299331029256 24.3457506100337 3.07027250528336 0 0
57.4067135651906 55.6867072979609 54.7041296958923 57.1101208527883 63.8157278299332 69.3566799163818 70.0926532347997 76.2450943390528 76.0251531998316 80.8893541495005 81.1950365702311 83.0298115809758 82.6217333475749 78.1481961409251 76.3023843367894 74.2908169825872 76.2418806552887 69.3050523598989 65.1277005672455 62.5615020593007 62.2996240854263 63.7135952711105 64.2252067724864 60.3155394395192 62.3637040456136 59.1450780630112 62.9005581140518 66.3278996944427 67.9954985777537 71.7538992563884 74.1617580254873 82.8094085057576 81.3060502211253 58.4540019432704 23.7280651926994 15.1244513690472 16.0194784402847 25.7193967700005 55.909996231397 74.7290949026744 80.7355393966039 68.1675175825755 55.3566565116247 46.5808461109797 51.4358331759771 43.1600759426753 30.5508673191071 44.1960046688716 26.8450081348419 3.55279073119164 0
60.0829720497131 50.3491312265396 48.2152203718821 53.3787608146667 64.5260512828827 73.3845631281535 72.9006677865982 74.1431613763173 76.9332945346832 77.2821654876073 79.6117385228475 82.4807484944661 83.9370489120483 82.3470999797185 77.8873215119044 75.8372942606608 77.9177745183309 70.4769442478816 66.1880870660146 66.1571423212687 66.938782731692 64.3005967140198 62.1511389811834 59.2422336339951 59.6343030532201 56.6684454679489 57.8487267096837 58.6688766876856 62.5230173269908 59.9162081877391 51.2165526549021 54.5356174310048 57.4207603931427 31.885360678037 25.5639975269636 16.1326266825199 6.61961982647578 4.78667020797729 14.2199819286664 42.2919144233068 63.0650818347931 61.7781182130178 48.0224291483561 43.151910106341 33.0692976713181 31.6200902064641 29.1496713956197 51.5350252389908 60.1535936196645 39.5003358523051 10.5669262508551
60.2466364701589 54.8064808050791 52.7588129043579 57.8927298386892 67.0033544301987 74.7864892085393 77.9329240322113 73.952704668045 78.714186946551 77.2299369176229 81.0286353031794 82.7062527338664 84.1571986675262 85.7254962126414 80.7023346424103 80.4456323385239 80.7497352361679 75.6314446528753 71.2840060393016 71.7938741048177 71.8570401271184 67.3372497161229 65.4403666655223 65.014436841011 62.4448160330454 61.1257056395213 58.7230424086253 55.5322716633479 54.5119643211365 52.4884313344955 42.6327586174011 44.8935081561406 51.7628987630208 53.7236034870148 51.7614036798477 40.5736044049263 18.4481081863244 6.85357178250949 5.48900539676348 11.3878274957339 28.3761247992516 33.1113884846369 28.7053783734639 22.0837195714315 21.7830836772919 27.8254101673762 35.6415857871374 44.1456784804662 55.787593126297 60.8260333538055 41.6937271753947
63.4985615809759 62.0566308498383 58.4809084733327 57.1566224098206 63.1921341021856 73.7339903910955 75.9581824143728 74.0371942520142 75.898011525472 81.0298124949137 87.2155030568441 88.1861050923665 86.335817972819 86.9779189427694 84.5924317836761 84.2315157254537 84.0667188167572 81.5049310525258 76.9609709580739 73.2117394606272 71.1549272139867 69.7291145722071 70.7497050364812 72.2016394138336 68.3880796035131 64.3745412429174 60.0241422653198 51.4974097410838 44.3037798007329 43.5349444548289 45.2841420968374 49.9117275079091 56.2463204065959 68.2285328706106 72.6094643274943 70.9794461727142 59.3895067771276 39.8146063089371 29.2376155654589 10.724451392889 16.729778299729 27.8436864415805 36.270335316658 25.5417029062907 25.984987616539 40.439784526825 61.1938734849294 55.0518234570821 49.8665670553843 56.3378185033798 47.6468751827876
66.1299178997676 65.5109584331512 64.3803179264069 60.7711523771286 62.0182553927104 71.1052268743515 73.9719172318776 73.9352156718572 74.0065475304921 83.2118690013885 91.2334322929382 89.9888674418132 85.4321122169495 88.2288217544556 89.5865758260091 83.5663477579753 85.8741005261739 82.6734850804011 78.0928234259288 75.3069470326106 75.091153383255 75.5294412374496 72.7057953675588 70.5626954634984 67.4548844496409 62.30328977108 43.4790352980296 23.9984194437663 19.9403762817383 27.5175521771113 41.3608600695928 46.7811723550161 54.3578763802846 61.8036637703578 72.6774036884308 84.2568874359131 77.6125291983287 69.7648028532664 64.1339868307114 37.9955619573593 18.6177256206671 28.0193363626798 51.2797484795252 51.3350913921992 50.5898545185725 64.4936760266622 90.5627210934957 78.9424180984497 56.4192235469818 43.0663128693899 33.888836701711
64.9539132912954 63.0244712034861 66.7843669652939 67.7392482757568 65.2426729599635 67.9527421792348 73.8880236943563 74.5426565408707 74.9311546484629 82.9091370105743 90.0197625160217 88.2824659347534 83.6867690086365 86.9726439317067 90.3967022895813 81.2924206256866 82.6384524504344 81.3472817341487 79.752912123998 80.1077783107758 80.7653516530991 80.5313835541407 76.2428939342499 68.7105109294256 68.2188123464584 65.9101903438568 47.5820551315943 28.4770727157593 27.9992818832397 35.0276778141657 47.7038274208705 52.11507777373 64.1590456167857 73.4294752279917 84.6204161643982 80.6330442428589 74.9115298191706 32.8340927759806 33.3574290076892 33.9987551172574 41.3848832249641 53.5546640555064 60.9779904286067 32.1403071284294 25.8484557271004 30.5945699413617 69.1779057184855 64.4353578488032 51.0564893484116 41.4197767774264 35.1242696245511
53.6470115184784 61.1366977294286 64.7106319665909 67.6145950953166 67.5676514705022 64.2228672901789 73.7494627634684 77.7511696020762 78.597495953242 83.5596124331156 86.0938529173533 85.6116414070129 84.8554770151774 83.1522941589355 84.6025943756104 80.9819002946218 77.8243392705917 81.38607442379 82.8963369131088 84.8738153775533 86.8048469225566 82.6956033706665 79.5669704675674 72.255402803421 71.6733684142431 71.7876901229223 67.6141331593196 59.3118369579315 59.0443114439646 61.6419017314911 59.9762896696726 58.5112075010935 76.8946806589762 85.8610471089681 70.5791066090266 59.9273095528285 38.5084475080172 18.8667153318723 9.35160244504611 18.8010260462761 19.0535907944043 56.8690598011017 63.4695887565613 51.761120557785 39.2067680756251 40.9595022598902 55.3471446037292 60.0832253694534 57.3899000883102 50.5333244800568 43.9639290173848
43.8610414663951 58.4952831268311 62.5886420408885 65.6624337037404 68.6848163604736 64.8358662923177 68.8465734322866 77.1442949771881 88.0726675192515 89.5269910494487 84.7427248954773 82.4692944685618 84.4000975290934 83.662619193395 83.8274161020915 81.1779747406642 77.4085819721222 79.7680616378784 78.7216822306315 76.4933824539185 77.8365284204483 77.6325066884359 76.6144345204035 74.741005897522 74.7953404982885 80.000231663386 89.9875462055206 90.9949441750844 75.1664092143377 69.0267086029053 63.0128383636475 55.6964576244354 71.3722159465154 63.7143204609553 29.0271416306496 21.3653246561686 20.3554593026638 13.6616316934427 3.26723884791136 0.967820718263586 0 19.499642153581 57.8266779581706 79.0359973907471 84.4894448916117 79.6773980061213 77.0238786935806 77.9950867096583 77.5094578663508 66.1697238683701 55.0454457600911
45.5203155676524 55.8298726876577 63.126673301061 65.6313200791677 67.1929121017456 67.5045102834702 61.7618759473165 71.6641247272491 92.4319922924042 91.6714469591777 83.0534597237905 79.5602798461914 82.2873413562775 85.9012802441915 85.0334862867991 81.7475467920303 80.5280903975169 78.0190378427505 71.4055448770523 64.2579793930054 65.1327172915141 68.1884288787842 68.7831540902456 72.9624927043915 74.8141209284465 80.1187455654144 96.6324905554454 102.919300397237 86.3527655601501 73.8414277633031 58.7114741404851 48.7371583779653 52.6677966117859 50.5630572636922 27.0815243323644 16.735166311264 17.8774868448575 25.0662739078204 17.081165065368 5.25414757430553 0.236353681733211 6.65499828755856 29.3699155251185 62.1182173490524 66.1965509255727 62.5501374403636 69.8435306549072 72.0283687114716 67.8915977478027 61.247984568278 62.5477234522502
57.4720253547033 60.6132845083872 63.0341768264771 59.7043683131536 53.4719278415044 50.9458879629771 58.6775640646617 64.3035918474197 74.6162633101145 70.7988838354747 68.1603054205577 72.7021843194962 80.877477924029 82.7546616395314 78.9556801319122 80.7336568832397 81.0258537530899 75.0730186700821 67.0173863569895 61.0016882419586 60.89253226916 61.9521091381709 65.9449398517609 68.3172245820363 70.0580577055613 73.8366047541301 87.8079036871592 96.5170363585154 81.9766024748484 66.1442577838898 57.4473043282827 44.5862313111623 40.3881669044495 54.0858159462611 49.9458014965057 25.9606341520945 25.9958729147911 59.1156582037608 56.3424030939738 40.320244928201 12.1398121118546 8.51835993429025 18.6608470976353 26.9994636376699 25.5626166860263 27.5480126341184 37.501481672128 43.5161093870799 48.5799610614777 53.7083297967911 77.5006612141927
69.1969394683838 65.9123212099075 62.1181527773539 54.8595984776815 44.6399748325348 38.2621039946874 48.6073096593221 48.6686478058497 38.7723992268244 38.2947127024333 48.3775486548742 62.256654103597 68.6348428328832 72.9973812898 76.2579143047333 86.9551698366801 89.6420578161875 80.6587040424347 71.8919436136882 68.2648122310638 64.940556883812 64.8591816425323 66.2726561228434 66.752369205157 66.2826746702194 68.9895649751027 76.8734316031138 80.3730984528859 74.821338057518 53.2975246508916 57.0273300011953 47.4510888258616 43.0228561162949 63.0932152271271 69.3093240261078 56.8317075570424 46.8931545813878 40.6371752421061 44.8349912961324 46.3679432868958 33.1571847200394 18.424779176712 18.2860729595025 18.8421346247196 12.6532986760139 13.505765547355 22.6793910066287 25.0984082619349 26.3482630252838 54.5205374558767 104.755967855453
72.2393443187078 65.3761476278305 60.3809456030528 56.4602265755335 49.1027235984802 42.7938848733902 38.4428749481837 33.8984727859497 16.6343053181966 24.7551376620928 42.9549912611643 56.525578101476 56.6922128200531 64.6985570589701 78.6523272593816 95.2886243661245 100.941081841787 93.4142867724101 84.8067998886108 80.4202010234197 75.2088377873103 72.4867979685466 70.5649604399999 68.1036214033763 65.2192781368891 67.3694064219793 66.9295688470205 66.6306018829346 63.6518746614456 46.2693572044373 44.6719874938329 45.382688442866 41.3578500350316 66.0464614629745 86.2417717774709 89.5165503025055 63.281590739886 23.4718720118205 19.5417329668999 25.8027265469233 34.8073045412699 23.6191799243291 30.7627419630686 25.0605394442876 18.1287328402201 12.0119427641233 19.277294476827 33.0992763241132 41.0578524072965 69.7059780359268 137.550483147303
74.8683760563533 69.3625509738922 67.9692725340525 69.1628356774648 65.7338748375575 59.105654557546 53.7547320127487 54.3499638636907 52.9267489910126 58.3819101254145 66.9697920481364 73.4306325515111 73.9778379599253 68.548376361529 79.2409578959147 96.2179799874624 106.79018497467 106.963733832041 99.1028249263763 88.9862974484762 82.384983698527 77.3667593797048 76.4370858669281 75.1015891631444 66.2148942550023 61.1589103937149 57.6777855555216 58.2153747479121 55.9575955073039 53.4259229898453 35.6314455469449 35.6032997369766 24.1966173052788 53.0342559019725 93.9208467801412 103.85807355245 70.3575511773427 34.4047546386719 13.3590176701546 13.4688727557659 17.027772963047 14.2654205362002 26.7052873969078 42.5277252991994 43.7825570503871 30.6085720658302 30.5217653512955 47.3921100298564 75.7270554701487 123.421847820282 156.197011470795
75.7346451282501 72.8972206513087 73.0429093043009 74.4581371545792 73.9513734976451 70.0862656037013 69.6302105983098 77.6862800121307 95.15580534935 90.7146831353505 81.5698951482773 83.3315302928289 89.3016556898753 76.0474056005478 77.3946146170298 86.263378461202 96.2447027365367 102.979848782221 103.524525960286 96.3967442512512 90.3843442598979 83.8685532410939 77.97904809316 77.6712894439697 69.145068526268 54.7111382087072 49.5726019144058 48.0923553307851 48.5906153917313 41.6281968355179 20.6129377086957 18.3991690476735 13.1168936689695 12.7641235788663 90.5969440937042 105.233361323675 85.130383570989 72.9112227757772 39.6131078402201 8.56981550653776 2.37752528240283 0 15.1195327440898 47.2793181737264 54.5727560917536 44.3701048692067 42.9937541484833 68.5552060604095 129.493782917658 175.693909327189 167.352040608724
74.9177932739258 71.2867180506388 65.3316328922908 60.3817005952199 60.6802105903625 62.9986474911372 62.8484388192495 75.6873935461044 86.6540173689524 81.9398661454519 71.8386173248291 71.722889939944 82.9227864742279 78.3329159021378 74.2825269699097 72.9981958866119 74.3549515803655 81.3028514385223 92.0520226160685 96.608430147171 92.2307074069977 85.6135288874308 78.9770136276881 72.3350346088409 62.6950909694036 57.5441221396128 42.5003071626027 37.2722347577413 43.7662154436111 39.6613006790479 20.5582616229852 14.5789397259553 6.67787219087283 0.243035183909039 12.632317841053 95.1895415782928 101.913352807363 113.850484291712 95.3002174695333 42.9379443327586 7.51664799948533 0.366207871896525 7.14516018827756 40.5844698349635 60.6969396273295 82.1796754995982 104.81666525205 158.069024483363 200.072646141052 210.114598274231 193.709313869476
77.2412518660228 75.0402460495631 68.8129166762034 61.6266429424286 60.0041449069977 62.8655552864075 54.5069575309753 52.3990790049235 52.9972910881042 50.6889919439952 43.536975979805 41.0192360480626 46.8315978844961 63.9803061882655 71.1644738912582 66.472202539444 55.7754337787628 50.5687892436981 62.1413985888163 84.8023692766825 85.9927038351695 79.9432694911957 73.1794685125351 67.3887729644775 62.3416155576706 57.3275834321976 45.960396528244 29.4572114944458 35.8921537796656 49.2196480433146 35.9098762273788 19.4428289930026 9.94326795140902 0 0 74.9403486649195 115.494906902313 130.480398734411 116.947402556737 86.7780745029449 51.8594682216644 18.3805587391059 15.6245107452075 36.2330327431361 71.6940710941951 138.665894667308 181.13899230957 212.671955426534 221.362233161926 220.653613408407 210.620721181234
79.0569285551707 78.965296347936 76.253741979599 72.4731038014094 70.4363882541656 69.5526897907257 53.1119803587596 37.696972489357 38.2949064175288 40.7481541236242 37.8134523828824 34.8891814549764 36.3116537531217 59.7263127565384 74.2206325133642 64.7517343362172 42.0193473498027 30.7220270236333 34.6536561846733 53.3188631137212 63.4405563275019 66.5112137794495 67.3172573248545 61.5304857492447 52.6411781708399 48.4954913457235 37.5340854128202 13.2054636875788 27.86868562301 52.7631193399429 62.1077318986257 55.0137062867483 33.8698178529739 1.21081635976831 0 51.4151056607564 109.562436739604 117.489655812581 97.2993572552999 94.3134427070618 100.655059019725 85.7015351454417 62.2709095478058 78.5315334796906 134.203195571899 180.803577105204 204.401214917501 215.419769287109 217.085639635722 214.852372805277 209.762235482534
