input/barkrak2/radiation/dir03024.grid
NCOLS 85 
NROWS 70 
XLLCORNER 665100 
YLLCORNER 4664600 
CELLSIZE 20 
NODATA_value -9999 
[rows 0 to 21 of 70, columns 0 to 50 of 85]
94.732364018758105 109.246800343196 125.58917204539 146.129578351974 155.077745517095 157.832523187002 157.222171624502 154.991100231806 153.057833512624 156.436224778493 157.141387462616 153.313557306925 148.761540651321 149.509688218435 147.917330265045 134.057839711507 121.016840140025 111.239810784658 109.552522500356 109.919955333074 116.207947333654 137.453933556875 159.362177054087 163.677424192429 167.077263196309 177.424331506093 175.941824913025 166.214485963186 159.153034289678 160.131633281708 156.274735927582 178.431232770284 215.095659097036 212.945242722829 211.154540379842 204.291939735413 208.87037118276 219.831089178721 218.357225259145 217.969040075938 209.374109903971 217.664460341136 222.985923290253 212.830781936646 201.681872208913 209.042847156525 215.976436932882 175.620158513387 119.893958171209 115.582873423894 138.855556646983
63.5341852903366 80.0538063049316 93.7098562717438 108.348627885183 127.734084924062 144.739846388499 151.062359412511 157.271087169647 162.682741880417 160.62060991923 159.587403138479 154.847621917725 149.578541517258 149.644911289215 149.727582931519 136.703789234161 128.187785545985 117.874294519424 115.252395470937 113.426436980565 126.703421274821 153.363883495331 172.78254032135 173.112332820892 176.263133684794 181.732098261515 177.914977073669 169.845859209696 162.52792874972 162.001371383667 162.649869918823 187.71771589915 215.185900529226 209.038555622101 208.274245262146 202.183206876119 209.154884020487 223.365863164266 217.96707312266 216.038584709167 211.678405602773 214.014172554016 209.415237108866 198.777476946513 193.414608637492 205.843607584635 206.707974274953 155.226518710454 127.119511365891 138.041834036509 167.82820224762
33.4119126200676 42.7599400281906 48.0210433403651 55.5433034896851 63.7458860874176 79.7805537780126 96.5239802996318 121.063282092412 145.795365174611 149.126271406809 153.127332528432 156.283040841421 158.755958080292 160.332143306732 162.145435810089 162.423799435298 156.300912300746 145.694702863693 131.135722001394 125.42845805486 135.591745376587 154.319663842519 165.064553419749 174.131492773692 178.246736526489 177.639762560527 174.692392349243 169.265866279602 165.610392888387 169.813970724742 180.010040601095 199.364085992177 210.679749647776 208.007375399272 203.839719295502 204.612692197164 213.593741257985 216.865658760071 209.187845389048 204.695363839467 202.600737412771 197.463790575663 183.895885944366 177.151183287303 182.36513932546 199.399054050446 192.290465037028 152.655810117722 147.131731112798 166.460782289505 193.171799182892
18.7855487068494 21.047830581665 24.9155685305595 28.2478829224904 32.5420747200648 37.2307971119881 46.7919607957204 61.97656194369 81.9954872131348 101.792474587758 133.595446745555 149.896482626597 157.676666975021 160.921523968379 164.941708246867 171.21555407842 168.292085329692 158.571511507034 140.048881371816 133.026093244553 134.361873070399 135.998427867889 146.639426549276 156.02386991183 162.671029567719 165.690978368123 167.689979076385 167.948762575785 170.709470907847 176.276504993439 183.62828095754 201.763232549032 206.914365291595 206.902205944061 203.949511051178 202.030142148336 204.176505406698 204.737683137258 200.746456782023 190.343658129374 186.55264377594 178.314586480459 178.655962149302 190.198262532552 201.175669829051 195.816238721212 177.06298828125 154.528637727102 156.897435585658 170.088867346446 191.745499769847
29.9467916289965 22.6985365152359 16.0492683450381 11.0565709571044 9.21459371844927 21.1749350031217 35.1656600832939 44.8467830816905 52.5361845890681 61.5676939487457 80.745925505956 100.381394227346 120.938062667847 127.909958362579 134.843985239665 143.219927946726 147.014031807582 147.607147693634 140.754004319509 135.072569052378 131.166348854701 129.305710395177 137.48754064242 145.020037889481 151.398261388143 156.538188457489 162.39054997762 167.147179444631 170.258065064748 170.990844567617 177.424371242523 200.009922186534 196.725328763326 199.358959992727 199.436843395233 198.132077852885 194.954613844554 192.300319671631 183.496753374736 174.984335899353 175.952315330505 177.509824434916 185.435096422831 197.417596975962 202.862461407979 178.264399369558 144.013265768687 136.744389931361 150.608350833257 169.046004613241 198.069036006927
58.1362197796504 41.4376457532247 25.7261718312899 11.7334326108297 7.62864326437314 12.5236424307028 26.2010296185811 37.4540090560913 44.8244611422221 43.2583192984263 49.0093181530635 61.1950953801473 69.1907157500585 75.1733630895615 78.736424446106 84.9475661913554 91.2593106428782 102.920154730479 113.599797089895 122.682710488637 128.988295793533 136.817375818888 130.228479703267 132.071395715078 142.85018046697 148.622830708822 154.124021530151 159.514407316844 171.070297559102 173.710266749064 186.590691407522 197.253783543905 188.581426938375 189.926425615946 191.563685735067 191.310962041219 188.485324382782 183.626472949982 175.210356712341 175.436933835348 174.849987030029 174.125333627065 179.4393658638 184.050897757212 177.286505699158 139.98023668925 120.206365982691 130.032400290171 150.005708138148 188.551545143127 211.851080258687
68.2647228240967 55.4846227169037 41.9768293698629 28.9565250277519 16.7707602183024 11.0172865291437 13.7315963705381 28.8589472572009 39.584736029307 45.3472485144933 44.3578461805979 40.6122282147408 38.2101411620776 36.8156110246976 38.0085955063502 47.4492410818736 54.7305643558502 71.0777839024862 88.0765517552694 102.798203627268 113.471746444702 124.106407165527 127.108484506607 123.922556638718 130.520304044088 135.451952616374 141.211559375127 145.793914794922 151.531269152959 166.39502843221 182.955324649811 187.282204627991 178.085287412008 173.964401086171 175.110876560211 176.034450531006 176.524599393209 171.792169411977 166.785478591919 162.731329600016 157.822002967199 158.118883768717 165.012230475744 172.492345174154 171.554664770762 164.986193180084 174.850861231486 185.106376806895 197.451790173848 210.872133572896 215.685546398163
82.8473816315333 67.6202674706777 58.9372267325719 50.8305281400681 36.3812992970149 17.1669063468774 9.09220303098361 1.00548348079125 18.0473426977793 33.5938806335131 45.1501359542211 43.1846181551615 38.2158209880193 34.3755955497424 28.4861326217651 30.266505976518 38.0071798960368 49.6030499537786 66.6204988956451 82.7171405156453 97.2872078418732 110.763231913249 120.879332224528 119.329830010732 122.274766365687 122.71378437678 123.971303304036 128.914127747218 136.59530878067 146.683981021245 158.025135596593 165.864209334056 161.895165840785 158.160110314687 154.609362284342 155.686994393667 161.532451709112 161.154796679815 157.887637615204 142.731239398321 138.575027386347 145.975033442179 161.25766436259 173.507610956828 177.006661891937 185.208757718404 194.039106369019 197.135587533315 207.358717918396 211.958587169647 207.217534383138
77.1968364715576 69.757213195165 59.1063896814982 50.8743822574615 50.2451211214066 36.2833142280579 18.8955167929331 7.06581398844719 13.6115923523903 20.0195151070754 26.8794099489848 32.6850240429242 40.4963046312332 43.8701907793681 38.0543222030004 34.5164140065511 34.0504969159762 38.6824483672778 47.8945374488831 61.9175831476847 75.0589519739151 86.9117081165314 102.176209290822 103.284964958827 107.290774583817 104.289869467417 106.226702531179 115.591814120611 118.706971406937 128.190368413925 134.169002374013 136.30215326945 131.961603959401 135.651250680288 143.119037151337 146.32773399353 148.790180683136 152.035812536875 152.936697006226 147.84500002861 152.846117814382 164.091954628626 172.195315361023 173.224250475566 171.421011288961 170.408189296722 174.101253350576 186.602095762889 196.605761845907 192.171613375346 186.469455560048
58.6535433928172 54.6263754367828 50.7957190275192 42.3121651013692 41.7423099279404 44.3140069643656 33.7239628036817 23.4941368301709 13.8199602564176 11.0523390273253 15.3000727295876 26.0799676179886 38.0697697401047 46.8423664569855 51.3879507780075 48.9988625049591 41.6199117898941 41.1283895373344 41.2011394898097 45.3473130861918 53.2812774181366 58.3596626917521 69.2294438680013 78.9563755194346 87.1620774269104 89.2108678817749 89.6072586377462 93.0003623167674 100.238730510076 106.947054465612 107.519934574763 109.746515750885 115.237961212794 118.876208861669 121.731817722321 130.150407552719 136.208424965541 143.891314665476 150.172998507818 158.516963322957 167.567114035288 172.130664189657 173.964818318685 173.174182573954 169.928232828776 171.324928601583 178.570469220479 184.296647707621 186.411241690318 188.479642073313 190.322419007619
24.2138331135114 23.012305299441 22.9607845346133 24.8183757066727 21.8616674343745 17.4384117126465 23.5446492830912 25.8305917183558 20.3858911991119 14.7269157071908 12.1252487103144 14.8704312741756 27.9524574677149 42.6489760478338 53.7244081497192 49.5283504327138 47.8834062814713 45.407310128212 41.6234980026881 39.2906392614047 40.2579233050346 41.03834182024 46.3540951410929 58.2566261291504 69.2046235005061 77.5960385799408 77.3902585109075 78.337882955869 81.7521810531616 89.3717110157013 96.2918698787689 99.935124317805 107.688268025716 109.659135341644 111.44017179807 113.67803812027 119.348506132762 128.480851650238 146.19110027949 163.021226723989 169.984817504883 170.568645000458 166.932582855225 165.973842144012 168.466846148173 172.53835995992 181.599338849386 182.132124900818 181.353171666463 182.821830113729 184.537053108215
2.70961473385493 3.44094044218461 3.05945705622435 1.35221922149261 0.00242947786925167 0.00378075674234424 2.54703763251503 17.3475220799446 20.6864699721336 20.2981966237227 17.0086100697517 12.5771599511305 14.6106891334057 24.0870515505473 38.7402723232905 43.6467826366425 50.6370117266973 51.3093868891398 45.3608532746633 39.6983822186788 37.2482265035311 36.7952734231949 38.1631503502528 45.1287726561228 53.1950990358988 59.086670478185 62.0367626349131 63.4719828764598 69.5526351531347 70.1230118672053 74.4420289993286 86.8462522824605 89.9465481440226 92.1897490819295 94.5575435956319 98.7966656684875 106.872697671254 116.390486558278 123.421609401703 150.846590598424 159.897744655609 159.145245949427 155.891080697378 151.008029778798 152.795374393463 155.398309230804 160.141597191493 166.725198427836 170.292357603709 174.554745356242 177.059531211853
0.22972128742064 0 0 0 0 0 0 2.66691576689482 17.5241654117902 24.8274952173233 24.9496574203173 20.1383257905642 11.8819959461689 11.8485974768798 22.8024770816167 37.6925120751063 49.9156812826792 53.9099474747976 53.3431073029836 48.1188893318176 43.2358284791311 43.4536735216777 44.997384150823 46.3840862115224 48.5592236121496 49.4820177555084 53.2453407843908 59.0898394584656 60.9156886736552 61.5822523832321 62.0961387952169 62.5328620274862 70.2021767695745 76.8454968929291 80.351064602534 83.8981469472249 91.8411910533905 101.423482100169 105.900446573893 116.066853205363 123.45282236735 133.80953669548 135.913928349813 139.225025971731 140.2681072553 142.312417427699 141.913125912348 145.185023546219 150.026381015778 152.88715561231 157.084494829178
0.526601526265343 0 0 0 0 0 0 0 0.879334130634864 17.7702034513156 27.794674038887 34.0835253397624 30.2378386259079 21.3199406862259 21.3184580206871 33.3444873491923 43.4616853793462 54.5822978019714 61.566228667895 61.5203330914179 54.5285840829213 53.985724846522 52.6461849610011 53.2078891992569 54.3701400359472 55.6002755959829 56.0481399297714 63.271552324295 62.3008112112681 56.1259686946869 58.3403259515762 58.0140948295593 55.4015537103017 53.04916203022 68.9230461915334 78.403910001119 79.8613329728444 85.8035286267598 91.4451877276103 92.7114188671112 96.5773363908132 103.987187147141 109.923402468363 123.484879732132 127.737472454707 136.688609917959 135.473191738129 130.248377720515 128.535687923431 128.639469544093 134.068330128988
7.2705273826917 0 0 0 0 0 0 0 0 5.54901299377282 27.1535068750381 43.3766146500905 53.3758898576101 46.6518551111221 34.6124370892843 31.4288213849068 35.2604265014331 45.5663005510966 60.0825647513072 68.6706056197484 69.957176844279 65.4140412807465 65.7738745212555 62.5504354635874 63.2984687884649 63.9566878477732 62.7730886141459 62.3389383157094 63.3809814850489 57.4229111274083 53.1993309656779 52.631621559461 52.6910374561946 47.9901929696401 47.2822189331055 47.7973918120066 57.2895755370458 64.5170907179515 70.7899034023285 74.8733431100845 79.364483555158 83.6128493150075 88.308850924174 94.9712892373403 100.373407204946 118.465860684713 126.864721377691 130.969454844793 124.458154042562 118.697772423426 120.078514019648
7.64597331484159 0.126903527416289 0 0 0 0 0 0 0.0401851405816463 0.862046998615066 16.6959042350451 35.8269860347112 50.8123139540354 57.8603446483612 51.269993185997 35.2161402503649 29.8654263218244 31.6237807273865 43.6866780122121 63.2432649532954 74.0886280934016 72.5466907024384 75.7680733998616 71.70004149278 67.5377200047175 70.6575214862823 71.9120800495148 67.1452979246775 64.3442571163177 65.1381760835648 58.7354749441147 53.2948871453603 47.7270136276881 39.6602004766464 40.7250275214513 38.5861669977506 33.5051367680232 31.7558993895849 35.9971274932226 47.1401661634445 50.2817730108897 55.9448103109996 57.8399201234182 61.4168147246043 74.4671920935313 84.3141674995422 101.943145195643 114.873627821604 118.038455645243 116.039445002874 115.932246049245
5.31156361103058 0.771797494962811 0 0 0 0 0 0 0.862466248994072 1.2962903516988 1.75954680889845 25.8643378814061 46.6572393973668 61.032364765803 63.6628518501917 53.5771598418554 48.7740337848663 42.0878181854884 36.3509505987167 44.3565398454666 62.9356453816096 75.4968325297038 81.4990599950155 78.1586716572444 75.1553277174632 76.6111314296722 75.8077949285507 77.2279401620229 73.9164600769679 71.8259662389755 62.0620946089427 56.1457475026449 46.9111949205399 38.8575121760368 31.6004777948062 26.2525727351507 21.1721658706665 20.1232073207696 19.0945938229561 26.0164961218834 28.568908572197 35.7263733943303 38.1538470586141 40.414127210776 51.8626223007838 61.6913686196009 70.6581523021062 74.7538010279338 94.731738169988 107.269823551178 112.164040406545
3.43602647384008 1.35880615562201 0.00151752404538759 0 0 0 0 0.976639178891977 2.04603249828021 6.15378531316916 9.39891425271829 18.4341296553612 35.7818678021431 49.3995845317841 62.9475961128871 67.4494653940201 67.6995019117991 60.9994033972422 48.2851018508275 39.5331059892972 47.7288067340851 69.4825897614161 77.627311150233 80.5223484834035 82.374095916748 85.3891670703888 88.8271828492482 84.1379463672638 83.1515143314997 80.9129178524017 68.7732150157293 56.4596156279246 47.2407341003418 37.6935328046481 30.4305404424667 24.4198193152746 18.0343290170034 13.8351867596308 15.3630847732226 17.9445010920366 20.9016328056653 23.7523391842842 24.2344190677007 27.4264191587766 34.8479698101679 44.2100614309311 51.7526566982269 56.1287651459376 61.5215400854746 70.5224573612213 93.942513068517
3.82289538780848 4.33634811391433 3.61833814531565 0 0 0 0.727363318825761 2.69944717486699 8.46486290295919 15.2500023444494 20.3032034138838 23.1016824642817 28.8744419813156 39.3470128377279 51.1893580357234 63.3685737848282 69.3542311588923 71.4039007822673 69.2660510540009 56.3837786515554 43.9545015494029 54.0886769692103 64.4590159257253 76.0807345310847 85.4042669137319 90.3157194455465 94.7286486625671 94.2625403404236 86.3356391588847 75.5207041899363 73.8106866677602 60.5332752068838 47.8115975856781 33.5256109635035 25.0093018015226 19.3538802365462 12.1314823627472 7.38726432124774 6.4259972423315 9.28369785348574 14.5207196474075 17.2085426747799 20.6498863796393 27.1529282132785 27.9317026336988 36.3816544413567 40.4916057984034 43.854167064031 48.4215617179871 55.0385763247808 62.4816765387853
4.06643748283386 2.9505646477143 4.52588933209578 0.126128075256323 0 1.53453756744663 2.0684446208179 3.67727130651474 4.68818005174398 14.7872405747573 21.7745378613472 21.04851603508 20.9090411663055 27.130514383316 37.852997581164 50.8485734462738 59.9373330672582 65.5735234419505 70.5581208070119 71.3986804087957 64.7695064544678 55.1272432009379 56.7501087983449 65.7694091399511 76.9544740517934 86.2904985745748 89.5918011665344 88.2940292358398 87.6828233400981 79.3152252833049 65.869261821111 54.1172027587891 46.0150788227717 33.4118157625198 27.2040069103241 16.9069009522597 9.76341838637988 3.27038764953613 0.83193959047397 3.0769578491648 5.99897156159083 8.87648140390714 16.4649238189061 23.62476537625 26.6701951622963 30.4231594006221 32.381405433019 36.2897639473279 42.129506667455 46.6193755467733 48.9435742298762
7.12801081438859 2.41449320067962 0.566457786286871 1.61965812246005 0.221357874882718 2.43309962873658 2.03032698482275 3.4617946172754 4.46177708605925 7.12379130224387 15.9785548845927 15.9142638246218 15.1244675119718 18.3252530793349 24.8647381862005 35.4254568616549 45.924370487531 52.8381864229838 61.7049634456635 72.7942238251368 79.6790222326915 72.996402780215 71.7964420715968 74.7401167949041 76.2076079845428 78.9680778980255 82.6193640629451 80.6476920843124 76.0382016499837 64.3140474955241 61.5723431110382 46.317865451177 30.5381938815117 24.0995138883591 9.3422569334507 2.85337803264459 0.400960445404053 0 0.00257942216800681 0.00172328979412365 0 3.382566695412 10.0037337591251 12.8904518981775 18.2445322473844 19.661055256923 23.3481749892235 29.1482557853063 33.3342403173447 34.3782703081767 33.8936001062393
21.9190667072932 12.5565032164256 3.46676943202813 5.85691134134928 5.20624810208877 1.59460958093405 3.36122171332439 5.84097082416217 6.50297229488691 6.72741358478864 13.7149766087532 14.2574273049831 13.8954520225525 12.2085226078828 17.2138946751754 26.3777027527491 36.8231733640035 46.4624315500259 55.3511828184128 66.9240156809489 73.3325332403183 86.0157410303752 92.5399661064148 93.6428507169088 87.2391959031423 77.4825662374496 73.3963251113892 71.7014074325562 71.9887266556422 57.3089222113291 47.0396230618159 27.3013263940811 18.8658895591895 5.57117909193039 0 0 0.00192931111087091 0.00169219568609454 0 0 0 0 0 7.76871852576733 15.3777661422888 19.6381335457166 23.8247315088908 23.6188520987829 26.7105276385943 27.9479796687762 26.0938306649526
