input/barkrak2/radiation/dir08224.grid
NCOLS 85 
NROWS 70 
XLLCORNER 665100 
YLLCORNER 4664600 
CELLSIZE 20 
NODATA_value -9999 
[rows 0 to 19 of 70, columns 0 to 45 of 85]
222.702880700429006 237.6788854599 252.910494804382 270.910541216532 279.070337613424 278.698166211446 269.954323768616 264.052391052246 266.461233297984 267.19057559967 267.249584197998 269.039312998454 268.463452657064 269.119143486023 271.295448144277 263.690173625946 253.182272116343 240.866820017497 235.770404338837 225.50634543101 219.777524471283 232.576310634613 258.818566799164 265.133460362752 267.867147922516 277.068356672923 274.492045243581 262.057701746623 246.196885903676 243.505199750264 239.652633666992 258.477985858917 298.923273881276 297.957380612691 295.687715212504 281.412879625956 287.785907586416 302.163382371267 296.755035718282 298.617084821065 283.026496569316 284.078061580658 295.873641967773 297.170539697011 288.724839687347 290.466825167338
201.264321804047 218.796173731486 232.969045639038 251.56440337499 264.10843928655 268.109122912089 264.944513638814 264.543414115906 274.19646581014 272.326370080312 268.553992112478 268.758356571198 269.597431023916 270.7626024882 270.557403564453 262.816369533539 257.346510887146 249.242782592773 244.657476743062 231.515526771545 234.303077061971 251.86558564504 271.468381086985 273.408989111582 278.385639190674 282.763739426931 275.530616442362 264.765401681264 251.030464967092 245.220859845479 246.058503786723 271.850109100342 299.062053362529 298.266410827637 295.462548732758 282.640337944031 290.171086788177 300.178269545237 296.671549479167 299.598157405853 291.165928045909 285.310467084249 286.570767561595 288.328846295675 285.880923271179 291.109621524811
163.573155800501 176.98880036672 188.850581645966 202.082931995392 216.251830259959 226.915975411733 236.971378326416 250.87426106135 262.720783551534 262.232879797618 260.845979054769 265.552838643392 274.872561295827 278.850138187408 276.719053586324 281.195282936096 282.601714134216 274.466256300608 259.389599164327 248.771528402964 255.169332027435 264.543036619822 272.59620030721 274.13543065389 280.331194400787 278.691093126933 271.93937699 263.958553473155 255.130410194397 252.295891443888 259.340226650238 285.884181658427 297.354062398275 298.664669195811 295.461694399516 288.607021172841 293.043196201324 295.634051163991 297.632813453674 296.569287776947 291.066865126292 279.851277669271 270.828366279602 272.550781567891 281.697789827983 290.21155834198
144.13113395373 145.768215258916 153.178075949351 160.598913828532 168.013870716095 173.89843861262 181.96443716685 198.615173498789 219.704111417135 237.671891848246 250.450472036997 266.172707080841 277.929107348124 282.283743222555 284.282267093658 289.245506127675 287.45291630427 277.904570102692 263.429482777913 257.278581460317 255.940536657969 254.851162433624 265.881101290385 269.49687798818 271.602729956309 273.113091786702 269.791662693024 265.884399414062 263.328870137533 263.973077138265 265.289266904195 290.5366619428 296.01377248764 296.914617220561 294.995089371999 296.405037244161 296.269357204437 296.290993690491 296.264747778575 289.805789788564 279.183487097422 269.03893550237 264.705141385396 278.303464253743 294.806599617004 288.891514142354
166.890660921733 149.734129508336 135.539342959722 126.526772975922 130.05143404007 146.689871946971 169.250229994456 180.399974187215 191.386818885803 199.613491694132 222.66674041748 246.90846602122 261.990308761597 269.591053326925 275.30308564504 278.687596321106 273.56485525767 263.967196146647 259.327212969462 257.185419400533 252.349972724915 250.700056552887 261.848827203115 265.779932339986 268.477956453959 274.30381377538 271.342158317566 268.059094746908 265.713473161062 263.850331306458 269.040862719218 295.933405558268 295.762379964193 296.631495157878 291.537563006083 293.29240322113 295.544823010763 295.345366001129 286.88116868337 281.010369459788 277.645270029704 273.076216379801 275.461792945862 285.10570526123 289.675752321879 274.062156677246
212.24711338679 182.990113894145 153.291334708532 129.037062327067 120.182603597641 132.011671861013 158.034195502599 176.779866218567 181.560814380646 181.057214736938 192.000508308411 207.016487916311 217.729091644287 224.989771842957 234.515289465586 242.598672707876 244.794984658559 247.550368309021 254.640857378642 260.149995485942 260.23131608963 263.239920139313 265.046735604604 264.999190966288 268.63686243693 274.099628130595 273.005266984304 270.634114742279 268.724977970123 268.090526262919 281.69580300649 296.900490919749 296.229898929596 295.711477597555 290.315528710683 288.150727748871 290.930012861888 288.500686486562 278.889139493306 281.046549479167 279.118339220683 274.992843468984 277.330815792084 278.355757395426 272.053341070811 248.465696970622
236.769398053487 210.585951805115 187.91268269221 165.388454993566 143.379161755244 130.324145158132 138.464818398158 168.397784233093 183.494071165721 192.174792289734 188.978850841522 183.589319388072 179.134627183278 174.806773662567 176.634033521016 193.359136581421 207.200984160105 228.166937828064 248.064716657003 260.871390501658 266.36803150177 268.527666727702 268.223722775777 265.848239262899 267.924249172211 270.457843939463 272.901475429535 272.519548734029 270.038982232412 274.304827054342 287.290354569753 294.798950354258 293.568670749664 290.860116481781 288.238366444906 281.375845273336 282.568713029226 277.479549249013 275.050759315491 272.610386212667 266.896943251292 263.991634051005 269.276301066081 273.480316003164 263.604005177816 253.128071626027
248.526175816854 236.787895361582 223.54644536972 205.636044343313 180.643041928609 148.556848367055 126.788606246312 126.732607682546 161.988079547882 189.363320668538 198.17187388738 194.161156813304 184.697210788727 173.941950003306 160.046021143595 163.185387849808 176.930546760559 194.968899091085 220.645268758138 241.861244042714 254.788120587667 263.305107752482 269.647558530172 266.501426696777 264.948646227519 264.423370361328 265.406747659047 266.387720902761 266.441682974497 275.07617076238 284.607529640198 288.329919179281 285.540858904521 280.470470587413 275.323708852132 272.865017255147 275.217791398366 269.141932328542 263.023018836975 250.872115294139 251.211524009705 261.046409606934 276.598711808523 284.538209438324 276.077171166738 273.365755875905
240.157961845398 240.48771460851 235.411624113719 226.087192694346 210.596601168315 185.715953509013 153.107861677806 123.263835906982 137.933969497681 161.067306995392 182.978550593058 194.429099559784 197.012225786845 194.00163491567 180.372873942057 171.780506769816 168.341358502706 173.286477724711 188.703159491221 207.677125930786 225.434243679047 240.291217962901 251.348833243052 249.152719974518 251.338442166646 251.262247562408 251.474380493164 253.527641296387 255.4998199145 265.129526456197 271.067023277283 271.177490552266 268.930594126383 268.455386161804 268.211325009664 269.294102986654 268.646359443665 265.25624593099 258.152862389882 252.890249093374 266.462802886963 279.389341672262 287.193516890208 288.119852542877 276.385207970937 270.758787790934
206.793169180552 217.654347419739 223.299304644267 223.309834798177 219.932576020559 214.70961968104 195.55135567983 174.745440483093 142.124950885773 132.170071204503 146.653443574905 173.376858234406 197.18736410141 209.305028120677 210.257112979889 200.34795999527 184.015313784281 177.622218926748 176.680564880371 180.333495140076 190.102199713389 199.309011300405 209.977249304454 219.061215718587 228.82600625356 231.660922368368 232.68202940623 233.985543251038 236.598233381907 243.70805422465 245.119988918304 246.083339055379 252.647976080577 257.108012835185 260.726590951284 261.430939038595 260.090331236521 262.885848681132 257.901549339294 263.637542724609 281.955281893412 289.625326792399 291.177014509837 288.30873966217 275.294303894043 270.15761534373
147.128393252691 162.743012110392 177.595754464467 190.228581428528 201.041917006175 209.740082422892 210.944712162018 203.71421178182 173.28401406606 145.80562710762 130.912264188131 139.174242814382 168.033162752787 196.513553460439 213.185866673787 202.33686765035 193.611800670624 185.437043507894 175.844152768453 169.987320899963 170.49769560496 171.384334564209 176.19526386261 190.782109896342 205.252428849538 214.161078135173 215.873797734578 216.474990049998 223.065296808879 228.597203890483 231.910824775696 235.670487085978 245.494286219279 249.729037284851 249.21460946401 250.037312507629 254.665891329447 260.281205177307 261.652688185374 275.218745072683 285.647491614024 289.204875628154 288.863023122152 285.076081752777 278.804580370585 279.347101847331
86.6183439890544 97.3379413286845 116.932968298594 130.685597658157 149.166534344355 167.741537094116 187.910298506419 194.588541984558 195.240179697673 179.780920346578 151.272932688395 129.903028408686 132.856637239456 157.030711571376 187.082171440125 191.878875096639 198.627551396688 194.498022397359 183.386603991191 171.096245447795 164.231012264887 162.013292312622 162.246306737264 172.00243473053 181.666811307271 188.872516155243 192.378342151642 197.177290916443 204.756697018941 210.036158561707 215.201059977214 220.219532648722 226.547002792358 230.177223682404 231.132368246714 233.746608098348 244.810402393341 256.140569845835 261.722902456919 274.224082628886 280.663927396138 282.188475131989 279.594322045644 274.895409742991 272.441804409027 271.982769171397
71.8811452388763 63.1615420182546 67.9884999990463 68.3580636978149 76.045682032903 102.615038553874 136.297096808751 159.852643807729 191.596428553263 197.162965933482 184.264461199443 157.576858997345 127.638479073842 125.2561211586 149.710943301519 179.507354895274 197.103142738342 200.379967689514 194.726626078288 184.259692827861 174.603899319967 173.733194669088 173.206627368927 174.084464708964 175.23847023646 175.114631652832 179.628650347392 188.97012869517 193.122585614522 194.635609785716 200.295845667521 206.085741519928 206.805328528086 208.837270736694 212.539692719777 218.301256497701 230.773746967316 243.151366710663 246.811946233114 256.551643212636 263.092279434204 264.439443747203 263.543407122294 263.578474521637 260.745028654734 261.538863182068
73.4707762797673 48.853928844134 32.5359751780828 21.0545013348262 15.4315506418546 20.6737617651622 35.9332114458084 71.0112005472183 103.261450926463 135.184605916341 172.668774922689 187.498132387797 172.09933201472 144.231130679448 141.195803880692 168.783028920492 187.124530474345 202.541391054789 210.418979326884 205.564419428507 192.644913991292 189.265390237172 185.09578704834 184.584081172943 185.032884279887 183.145403862 185.890833536784 195.350666840871 195.226808389028 188.027322292328 193.604330221812 199.382543563843 200.869599978129 200.482288996379 205.040792624156 212.890108426412 219.297289848328 224.825163682302 229.369799296061 232.039014498393 237.053632736206 243.398547172546 250.467538833618 256.998340288798 253.197391827901 257.955133914948
79.9793104330699 49.0882595380147 22.1396759152412 11.3130509853363 5.79392785827319 4.43981153269609 21.1985831459363 45.3556676705678 63.0497187376022 99.8902916908264 139.537463585536 167.762319246928 182.167530059814 177.435159683228 157.514115174611 156.197706858317 159.621636072795 178.445319334666 201.73438390096 214.805742104848 213.580071926117 206.360916296641 203.310906887054 198.379238446554 195.336063702901 194.121797879537 195.355733235677 197.961926460266 194.026112556458 188.02269299825 190.793216228485 196.176826953888 196.124732494354 195.893029371897 199.646969636281 203.880846500397 205.506304899851 203.749080499013 209.193567434947 210.222820440928 216.682473818461 224.330544471741 230.810701847076 236.05751991272 237.227539221446 241.940538088481
71.8132555484772 44.5262889067332 20.8502983053525 5.38616068661213 1.71563262119889 18.7621290485064 34.6161176760991 49.5491524537404 64.29689625899 83.0632696549098 112.671822309494 145.546784003576 171.351631482442 180.582682291667 170.149366060893 148.933698733648 144.612679878871 150.404353936513 167.444944381714 196.064551671346 209.428191184998 211.800297101339 214.723408222198 209.89062388738 202.447930971781 203.331549962362 205.278674761454 201.249400774638 196.684241294861 198.626001675924 197.575430075328 196.88481092453 193.675716718038 191.699624061584 192.670305569967 191.281278928121 188.786884148916 184.346079826355 187.417984008789 189.979910850525 194.975097974141 200.651963551839 204.203248023987 206.784208615621 219.401319821676 225.820342699687
56.6934396823247 48.3663280804952 26.9176537791888 1.4012831573685 4.08436140666405 17.801063756148 39.5145763953527 55.6149582068125 70.1246956984202 78.4517923990885 90.4150406519572 125.779489676158 152.48163541158 169.66458161672 173.213601112366 168.296456336975 172.080218791962 163.136800130208 155.035674571991 162.20619281133 189.703643321991 206.048607826233 213.537335395813 211.205045382182 206.691722075144 210.105458895365 215.493520100911 211.592376232147 209.567705790202 214.570581912994 211.984276771545 199.124296506246 192.329327265422 187.4906818072 182.321310043335 181.160171826681 175.454715887705 173.927585283915 175.015648206075 178.42306693395 180.999755859375 184.369643529256 187.148094177246 190.252204736074 209.439953168233 219.034731388092
51.7661372820536 55.2568087975184 42.1721488237381 6.79439678788185 7.83722040553888 26.7439211408297 48.2085098822912 67.4445927143097 81.079363822937 86.3407154877981 89.9129509925842 106.744110584259 130.823999643326 145.920773347219 164.346983035405 176.111578941345 181.724786758423 178.121268749237 162.130177021027 150.897820790609 159.254610538483 182.659308115641 196.93378607432 204.735616842906 208.115478356679 218.669613202413 224.012732505798 224.582592646281 223.451733589172 226.136287053426 219.151377677917 206.402758757273 196.135799090068 187.208453814189 180.191159248352 177.050630251567 173.952003320058 173.209230105082 173.519372940063 175.96701780955 177.931666374207 179.85208829244 180.252949396769 183.484852313995 196.775178114573 211.919864018758
58.6651017268499 65.3452773888906 64.4686470429103 28.9938698212306 21.2748870253563 47.1163739760717 61.4201923211416 79.4898172219594 92.1000639597575 103.169312079748 112.819532553355 114.596843719482 122.389823198318 134.085526069005 150.61354637146 167.909741401672 175.346394379934 180.429776509603 180.686096350352 167.339563369751 151.16877357165 165.039400259654 173.106153806051 186.250448226929 197.857201099396 204.273323218028 214.034219582876 221.387008825938 228.482405344645 226.356784502665 218.945483366648 211.653033892314 201.346119244893 190.222720305125 184.559524059296 179.169793923696 177.561402320862 174.064954121908 172.929008801778 176.53093735377 180.925170580546 182.281275590261 181.802749633789 184.518337249756 185.761650403341 201.483448346456
63.4047190348307 66.0653760035833 76.2865543365479 64.2963498830795 49.9659180641174 62.8310640652974 67.4037635326385 78.6078770955404 92.9544965426127 106.795420249303 112.751583258311 108.582069476446 109.298417965571 117.258687814077 132.640421390533 151.504625876745 163.673688968023 170.076489448547 175.805687904358 179.716010888418 170.972009499868 157.908250888189 160.884956518809 172.325889269511 181.995987892151 188.680171966553 194.824635982513 195.527891318003 191.542704900106 195.282220840454 202.282031377157 211.240927378337 201.635996500651 193.30092271169 188.128292560577 182.435174783071 177.980840206146 168.50467522939 166.236579418182 174.982249736786 182.183861732483 184.70831712087 187.041223049164 185.987671216329 181.927740573883 193.299988905589
