input/barkrak2/radiation/dir03524.grid
NCOLS 85 
NROWS 70 
XLLCORNER 665100 
YLLCORNER 4664600 
CELLSIZE 20 
NODATA_value -9999 
[rows 44 to 65 of 70, columns 0 to 49 of 85]
75.9120484193166 81.739733616511 85.0551029046376 86.010863383611 87.7177019913991 90.4709796110789 90.944101413091 87.0805680751801 82.1221023797989 77.6483714580536 79.7011603911718 77.1019160747528 73.758785923322 71.8750456968943 71.2060232957204 71.2924301624298 67.9621398448944 74.210395415624 77.1117607752482 74.7229407231013 70.2033191919327 68.1004375219345 67.4646993478139 68.2852814594905 64.7190908590953 74.2943038543065 77.2726138432821 73.5134979089101 74.3594964345296 72.4897384643555 68.6267614364624 65.9149835507075 72.3641067743301 76.966792345047 83.1663509209951 86.2257679303487 91.3709898789724 101.344843705495 103.154381116231 93.8144127527873 92.7711129188538 86.7893000443776 82.8670014937719 63.3588284254074 30.3063640991847 0 0 0 0 0
82.3073933521907 87.3285333315531 84.2190186182658 87.933619817098 86.237092812856 86.4334503809611 88.2471402486165 86.9378348191579 88.0946815013885 83.5982461770376 82.4665725231171 81.5885961055756 76.6776551802953 72.2725788752238 71.1675087610881 74.8220533132553 69.4336990515391 72.6149876912435 77.0552804072698 76.4439503351847 72.4577655394872 72.5841621557872 71.7519621054332 71.978102127711 73.3002324899038 73.1397718191147 80.4266631603241 77.5501032670339 74.6517032384872 74.7046768665314 70.8494037389755 66.9939418633779 69.7090327739716 68.5162792603175 68.952535589536 72.3915994167328 80.0387312968572 91.9768810272217 93.907097975413 80.7157456874847 82.8133523464203 78.0855119228363 77.0220458507538 74.1353929042816 54.588238398234 21.3882550597191 0 0 0 0
82.1801672379176 83.7235152721405 86.7868860562642 89.0703399976095 88.6798699696859 88.1919264793396 90.3123120466868 92.0048753420512 88.5472595691681 87.3181521892548 86.5346789360046 85.5021675427755 81.4566214879354 77.9655526081721 77.484076221784 81.7371904850006 79.414223631223 73.6248890558879 78.9469331502914 77.7643620967865 74.74717994531 75.2937148014704 74.7544517119725 72.251170873642 80.1603893438975 72.5027720133464 74.5118955771128 76.3669262329737 75.4127105077108 74.444239338239 74.1548538208008 70.4100281000137 70.0066785017649 69.2721605300903 71.0932711760203 72.3145256439845 74.3064333995183 80.8775027592977 84.8112603028615 80.8664411306381 80.255260070165 74.9115000168483 80.2142918109894 86.1932237943013 76.7671515544256 45.5961177746455 10.1606460909049 0 0 0
75.9886751572291 78.1204998493195 84.4338436921438 86.2093468507131 90.0601347287496 91.4760331312815 89.0562037626902 89.012881120046 88.8059337933858 91.5192564328512 88.6853734652201 84.7004055976868 83.4702650705973 83.4027826786041 81.2601894140244 79.8730353514353 78.9282470941544 71.8610187371572 76.1645883321762 77.8994709253311 74.5521535476049 74.9638477961222 78.2614399989446 71.0217952728271 74.1154998540878 73.7695296605428 68.9275413751602 73.4961976607641 74.5889494816462 73.4141518672307 73.9708443482717 74.9317010243734 69.7589019934336 72.5492388010025 83.478440841039 87.2212648391724 83.1380387147268 76.9358376661936 80.9252510468165 92.141330242157 84.6441388130188 76.4647970596949 83.0532709757487 88.811457157135 82.5658390919368 62.7676844596863 29.0945743521055 2.22289282828569 0 0
68.6741371949514 71.7436224222183 77.4783541758855 81.5699795881907 88.2262190183004 91.8066700299581 88.6368155479431 86.4968399206797 90.2188817660014 92.7181939284007 90.4303292433421 86.5630110104879 85.4142308235168 86.0926111539205 83.965539932251 78.4275382757187 77.777107556661 72.0545748869578 75.6850739320119 79.7090927759806 78.7286659081777 78.634113073349 81.6339502731959 77.5097360213598 75.1351416110992 76.7567704121272 72.9912668466568 77.4444242318471 82.3707083861033 84.8250985145569 88.7183248996735 88.0645712216695 80.6153118610382 81.9291919469833 90.6584759553273 98.1744329134623 96.5643525123596 85.8019689718882 82.569032907486 91.238538424174 82.2995603084564 74.7577498356501 72.4104096492132 72.4671681722005 71.3366270065308 68.9251522223155 58.8778555393219 11.9441437224547 0.112928624730557 0
67.4094210068385 65.0729835033417 69.3878481785456 78.2010058561961 84.2026472091675 87.6828134059906 90.4108087221781 93.1487878163656 94.0492252508799 90.2629097302755 92.6295618216197 92.3321346441905 88.5454813639323 86.2411061922709 84.2182437578837 80.2257210016251 78.5841147104899 76.6396274169286 79.936424891154 84.5696628093719 85.3090584278107 85.2352480093638 83.3364129066467 83.6729904015859 78.970342874527 82.3191901048024 82.2919110457103 86.0229134559631 93.6606228351593 99.0537603696187 106.024305025736 105.533798535665 96.2008635203044 91.9268329938253 88.6007150014241 98.1473823388418 102.226763963699 97.5627203782399 86.1703157424927 78.8871546586355 73.2875019311905 74.518084526062 73.2230842113495 67.3821866512299 63.7071430683136 67.2474056482315 64.6966199080149 20.3805690010389 0.688117928802967 0.00467639862714956
67.9150174061457 71.3981539011002 75.0279724597931 81.6788673400879 82.5070043404897 82.9196671644847 91.4091467857361 96.6416498025258 96.2970058123271 95.5635110537211 95.5601135889689 94.6300824483236 91.153214375178 86.510439713796 86.3833725452423 89.6579027175903 82.6296557982763 82.9619963963826 84.4779213269552 89.7365609804789 90.8525188763936 88.5374446709951 85.8993828296661 84.867517153422 80.8232327302297 86.1481030782064 90.5061860879262 92.103918393453 98.593274752299 104.517002900441 113.70645960172 116.391181945801 106.356163819631 91.4685527483622 83.4065775076548 87.9892706871033 94.7395861148834 100.205421447754 91.5745894114176 73.8241771856944 68.4778441985448 75.830747683843 78.8589020570119 74.3933022022247 68.8910235961278 66.2642965714137 51.8836478392283 25.7497777541478 1.80015945807099 0
68.534384171168 79.7427793343862 82.3087841272354 84.3075315157572 82.2647015253703 81.5001825491587 89.3835326035817 95.3867236773173 94.9950218200684 99.9791820844014 97.3236362139384 96.3121553262075 94.111571709315 88.5002911090851 87.9231492678324 95.1383511225383 88.1423652172089 84.0287407239278 82.8544944524765 85.1524472236633 86.5933497746785 85.434744755427 86.0605339209239 81.9005171457926 80.0127734740575 81.607922911644 86.5133901437124 88.0253811677297 92.1512643496196 98.4643995761871 105.766713619232 116.510530312856 108.964582284292 86.7058932781219 43.7076191107432 36.8654876947403 58.6358358462652 88.0571206410726 97.4851151307424 93.8700238863627 93.3424135049184 84.6558709939321 70.7098742326101 68.1684911251068 74.9196757872899 69.3776855866114 40.5879293878873 32.6574717958768 7.48401135206223 0
72.4812348683675 70.3772008419037 69.4169700145721 71.9607969125112 79.0796180566152 84.8872562249501 85.5472187201182 91.6531185309092 91.6492342948914 96.5067346890767 96.7842042446136 98.5440711180369 98.014622926712 92.7576820055644 90.2881622314453 88.9405210812887 90.7724499702454 83.8814079761505 78.5362472136815 76.8022388219833 76.5521774689357 79.6841482321421 81.2917947769165 76.0411322116852 79.3376912673314 75.8621543645859 76.7220109701157 78.2919178406398 80.0961901744207 84.0395092964172 86.0874354839325 96.3897109031677 94.7320063908895 70.7235187292099 31.9515118996302 21.8496173620224 22.9774191975594 36.4753156900406 71.4855988820394 90.1801387468974 97.6720551649729 87.2391263643901 67.3520664374034 63.1376554568609 62.1349066495895 58.5865378379822 39.7147412101428 55.0693919261297 36.6802687446276 9.24126307169596
75.2139091491699 65.0292833646138 62.6252392927806 67.9498265186946 80.1503757635752 89.104433854421 88.5485212008158 89.9839599927266 92.3796494801839 92.4981335798899 95.2180027961731 97.8893240292867 99.5624363422394 97.7152784665426 92.7377740542094 90.0908907254537 92.6168660322825 85.2715075016022 79.7739972670873 79.788605372111 80.607995390892 78.5133143266042 76.1207044124603 74.86891746521 75.3458042939504 74.1856793562571 74.4247585535049 74.2557595173518 74.5064318180084 71.9999770323436 63.0885064601898 67.0686662197113 69.7831610838572 54.2037636041641 34.0201134483019 23.0182806650798 11.820413172245 9.10038563112418 20.8785211046537 53.5419384638468 79.7049055496852 77.9941976070404 67.6642258961995 52.9936651388804 49.1292575995127 41.0172020395597 38.1070176760356 63.4027421474457 73.3467986186345 51.4439642429352
75.5215187867482 69.7198063135147 67.4255192279816 72.6160109043121 82.3452224334081 90.7914241154989 93.8356121381124 89.7678633530935 94.755361477534 92.9430822531382 96.8069732189178 98.131795724233 99.9208589394887 101.413796345393 95.8374639352163 94.7959224383036 95.0459043184916 89.2557303110759 85.2408607800802 85.6710374355316 85.7480466365814 80.8195422093074 79.701433579127 79.0462096532186 76.2361039717992 76.9777595996857 76.565757393837 74.0547031164169 69.8964595794678 64.8183325926463 55.0449589888255 57.1136524279912 63.4697824716568 65.1016235351562 63.2371505101522 51.3459344704946 26.8654227256775 13.7528603275617 10.5214131375154 17.5746480623881 37.5569735964139 42.8458998600642 37.7044677734375 29.9898833036423 29.6072413523992 36.5347191691399 49.7633963823318 55.7855715354284 68.7197198470434 74.3177632490794
78.943744301796 77.4022887150447 73.6128389835358 72.0016161600749 78.1272500753403 89.4352595011393 91.7822619279226 89.8178219795227 91.7439560095469 96.914271513621 103.683729966482 104.23951347669 102.343648672104 102.315346399943 99.9754269917806 99.516749382019 99.8680790265401 96.21928135554 90.3707345326741 86.4156186580658 85.2028131484985 83.4344824155172 85.2488875389099 86.6001645723979 82.5234254201253 79.3418486913045 74.647530913353 66.2469963232676 60.9704107046127 58.1358075141907 57.8597486019135 62.643696864446 68.4309105078379 80.3801119327545 84.8472317059835 84.0602517127991 71.4032550652822 49.884041150411 38.8786395390828 18.4685712059339 23.7498804926872 36.7480764786402 46.0509906212489 35.0155557195346 34.9236478408178 50.8054395516713 73.541392882665 67.8958793481191 62.6738568147024 69.6876148382823
81.6070884466171 81.057811776797 79.839696486791 75.9146710236867 76.9458363453547 86.662232875824 89.6338621775309 89.8085633913676 89.5860890547435 99.0292032559713 107.728004455566 106.469601392746 101.676275332769 104.091038306554 105.356127023697 98.4138647715251 100.694477558136 97.6278086503347 93.4218466281891 90.4480814933777 88.5769228140513 88.4682734807332 87.3306790987651 83.8002959887187 81.5835396448771 76.0636478662491 57.9399565855662 37.4599943558375 32.6480641961098 40.362445016702 54.9500584602356 59.2887401580811 66.4843966563543 74.5437393585841 84.9868754545848 98.2756117979686 99.9574462572734 81.5839767456055 79.8440525929133 49.4983543952306 25.9841034809748 47.0436066389084 62.545508146286 62.9472583532333 62.4773452679316 77.2834122180939 105.442841847738 93.085785706838 69.4725513458252 55.0017654895782
80.4561227560043 78.4995406866074 82.3397487401962 83.2927326361338 80.4171413183212 83.1728378931681 89.8226002852122 90.5566811561584 90.6762878100077 98.5902448495229 106.008996566137 104.522168636322 99.9111135800679 103.288620710373 106.759299834569 96.859484910965 98.0538328488668 96.4478254318237 93.8456455866496 95.5852369467417 96.1653292179108 95.7304040590922 90.1616911093394 81.9614330927531 81.4444373051326 78.5084068775177 60.8299672603607 40.0220702091853 39.9943937857946 51.6601403554281 64.3959542115529 65.0793413321177 77.0557224750519 86.729109287262 97.662885983785 92.9461816946665 86.9253079096476 42.7688658237457 43.2224671045939 44.8573082685471 53.1939615805944 66.6602154572805 72.6075023412704 41.8041249116262 34.524992108345 40.0936851898829 82.5219452381134 77.3130655288696 63.2503628730774 52.9213001330694
68.4727331002553 76.5079508225123 80.2362660566966 83.1077794233958 83.021213610967 79.4024070103963 89.7913674513499 93.9393242200216 94.4381753603617 99.2678801218669 102.19794511795 101.916760206223 101.214428742727 99.3006030718486 100.832631190618 96.9446996847789 93.6090648174286 97.1660017967224 98.567525545756 99.8101830482483 100.822498401006 97.2619156042735 94.7088698546092 87.8765483697255 85.0817461808522 85.5014522870382 80.6458691755931 75.0219424565633 73.5010057687759 74.8670349518458 78.0690511067708 75.2165168523788 90.9217000007629 99.1397301355998 96.4635113875071 70.9106127421061 61.0874344905218 26.0971337556839 14.8799866437912 26.1809676885605 46.7282583316167 67.895586291949 76.8108119567235 63.0453675985336 50.0547041495641 52.3657401402791 67.9905712604523 72.6927618185679 70.0815816720327 62.8753155469894
57.9723119735718 73.4794636567434 78.1036714712779 81.1133682727814 84.2215319474538 80.177053809166 84.5961570739746 93.2767887910207 104.573975006739 105.759223302205 101.206282774607 98.8249182701111 100.673864285151 99.6705691019694 99.7281869252523 97.4668860435486 93.5209095478058 95.435361067454 94.2778786023458 91.8966432412465 93.3078328768412 91.4327800273895 90.120534102122 89.6095931529999 89.4792079925537 94.1043297449748 104.535082976023 103.368699550629 96.0845649242401 89.4743104775747 76.3871967792511 75.3743946552277 85.2768222490946 76.3352861007055 38.1388192375501 28.9984246095022 27.6407127579053 19.7879609962304 6.99046005805333 3.64980691423019 4.74360398948193 27.294081946214 74.1777171691259 90.9341971079509 100.017925103505 99.3562241395314 92.87229180336 92.8174058596293 91.4192001024882 79.5496851205826
59.7569445768992 70.6608295440674 78.4098605314891 81.0237030188243 82.5691769520442 83.0154269933701 77.129324277242 87.9626174767812 109.549820423126 108.345409234365 99.9824603398641 95.9055821100871 98.5612074534098 102.382004261017 101.145108540853 97.6918637752533 96.2615211804708 93.7129954497019 86.7905418078105 79.1595280170441 79.6211312214534 83.0641438563665 83.5837423801422 86.0063433647156 87.3923500378927 94.0214097499847 112.37962047259 120.547443628311 99.3931492169698 86.2756669521332 74.8145431280136 61.8455708026886 65.6634817520777 61.8199209372203 35.6223235527674 23.3703106641769 24.6920386950175 33.4329729278882 24.9468808372815 10.9675650795301 3.1221912552913 11.643352607886 38.6103267470996 73.4567393859227 77.8128057718277 86.7620309193929 84.0345323085785 85.7983628908793 81.0819963614146 74.0734090407689
72.3188320795695 75.7878720760345 78.3262799183528 74.6663709481557 68.0714845657349 65.3895288705826 73.495810230573 79.4399877389272 90.3774499893188 86.2529575824738 84.2259327570597 89.9827579657237 97.1790353457133 99.1094708442688 94.968318939209 97.0291296641032 96.8452095985413 90.5782183011373 81.986943880717 76.5298853317897 75.6581127643585 76.0885079701741 80.7263553142548 83.7525924046834 83.6946070194244 86.3645871480306 100.814998149872 109.141498804092 98.315417766571 82.4775447448095 69.2290067672729 56.1637183030446 51.630030075709 65.4951532681783 60.5196058750153 34.2260549465815 39.6235187848409 70.7034965356191 75.5755255619685 54.4472585121791 23.3864635229111 14.1549880305926 26.0867352286975 35.8552684386571 34.2040384809176 45.3897267580032 55.7412604490916 61.6522679726283 60.2263162533442 66.1081423362096
84.8717192808787 81.3851654529572 77.2769550482432 69.7493652502696 58.7214132150014 51.923543214798 64.3100440502167 62.854861219724 52.0361363887787 53.4759958585103 64.5365566015244 77.0085652669271 84.1441253821055 88.9985859394073 92.3526585102081 103.444377581278 106.200953324636 96.5434511502584 87.1250927448273 83.2755317290624 80.3257077932358 79.6974996725718 81.6482702891032 79.8324843247731 81.561932961146 85.3665471076965 89.3531541029612 96.404234568278 86.636483669281 64.8790548245112 68.8097178936005 63.3155653874079 57.553693652153 75.2069701751073 80.9542487064997 67.9511080185572 58.1030895312627 54.9383908510208 54.8156996568044 57.7044735352198 42.669822772344 29.8156787951787 25.6594469149907 26.2339065472285 18.9552269876003 20.0591819981734 30.803216000398 33.609742919604 47.3410983880361 67.500298221906
87.9798730214437 80.7633250951767 75.4297276337941 71.4436272780101 63.674141963323 56.8552513917287 51.7731408278147 46.9461580117544 28.1024500727654 36.3045011957486 59.5918794473012 71.1667835712433 71.8276103337606 80.092653632164 94.9902733167012 112.12690671285 117.980102698008 109.940230846405 101.057082414627 96.2711671988169 89.8796319961548 87.6605014006297 86.9251588980357 84.2946171760559 81.3703536987305 79.6166012684504 79.2779525121053 79.4793466726939 76.7871538798014 57.0094734430313 61.4683528741201 56.6496551036835 53.1164109706879 78.6456912755966 98.6648499965668 102.028419574102 75.410395860672 31.6870386401812 27.122308810552 34.4976857304573 43.9977794885635 41.7549212773641 42.2156651814779 38.5612174868584 26.1521091063817 21.6623072822889 26.8246357639631 43.2453403870265 52.6234954595566 84.7261448701223
90.8915797869364 85.1084589958191 83.6102267106374 84.8871270815531 81.3378791014353 74.3108342091243 68.5853560765584 69.441427787145 67.7915513515472 73.1107691923777 82.516998052597 89.7278587023417 89.8365378379822 84.2754940191905 95.4732795556386 113.074958324432 123.970021804174 123.661468426387 115.93880256017 105.076213677724 98.6943542957306 92.9098129272461 89.5973344643911 90.9597376982371 83.5977991422017 75.9423027435939 69.9514051278432 70.9936618804932 69.5364375909169 65.3495043516159 44.8221812645594 44.8079605897268 38.7176424264908 65.7855321963628 107.010255257289 116.457680861155 82.215999563535 46.2660789489746 19.8132234315077 19.9907099207242 24.2124150196711 27.933490773042 43.0439561605453 53.3577054738998 55.2642146746318 41.0005698601405 40.6528438131014 59.4552904367447 90.5678470929464 141.191383202871
91.8022195498149 88.8026754061381 88.9090696970622 90.3728703657786 89.9851024150848 85.8632326126099 85.1721465587616 94.1025217374166 112.025300661723 107.193688551585 97.8561242421468 99.9038418134054 106.158604224523 92.1922326087952 93.4472382068634 102.866798639297 113.340040047963 120.216776927312 120.489001274109 112.992525100708 106.517612934113 98.9879171053569 94.7272479534149 92.129647731781 81.6776057084401 72.2560385862986 61.8137766917547 60.7265631357829 61.5218778451284 54.4645140568415 28.3414646983147 25.7128154238065 19.5449950794379 19.1025361418724 104.393859704336 117.714067300161 97.0670580863953 85.3085319201152 50.5193769931793 14.1690497597059 6.12389234205087 3.10594526429971 21.9835589329402 58.7487419446309 67.033439874649 56.2002907196681 54.794321457545 82.9259256521861 147.050092617671 194.390734036764
