input/barkrak2/radiation/dir07224.grid
NCOLS 85 
NROWS 70 
XLLCORNER 665100 
YLLCORNER 4664600 
CELLSIZE 20 
NODATA_value -9999 
[rows 21 to 41 of 70, columns 0 to 45 of 85]
81.375648578008 68.3726867039998 58.9233140150706 78.0581633249919 74.1593738396962 45.8613981803258 49.1491258144379 59.9506348371506 67.6903426647186 73.4634151061376 76.1057535807292 75.8457481861115 76.2007236480713 75.1577864090602 83.332563440005 97.7097054322561 113.459457953771 124.462137619654 134.508391221364 150.902936855952 159.061928590139 174.807131290436 179.607371489207 175.495247046153 165.225764115651 150.682946046193 138.321449359258 137.706120808919 143.214166164398 125.610133012136 119.378507137299 89.7543032964071 72.5332995255788 52.0452956358592 50.9778261184692 57.7633182207743 69.188063343366 88.5147253672282 109.811047712962 119.649807612101 122.067888577779 129.376073678335 123.270064592361 107.35414425532 133.192370335261 146.551469961802
124.977777401606 121.29944562912 99.5428760846456 97.908357779185 94.9459870656331 62.5181843837102 68.5220062732697 67.7531957626343 65.5941168467204 68.0400927861532 75.7175435622533 77.4326473474503 83.1110874811808 83.9110016822815 86.3848825295766 94.1661298274994 106.880942980448 118.969917297363 128.820409377416 131.688157717387 136.256108681361 154.28630510966 165.559530258179 169.123629728953 165.628671646118 154.668470223745 141.375621159871 134.849200646083 139.821211496989 118.210603793462 80.4290771484375 50.445611278216 33.5704957445463 13.6788189411163 6.32851695020994 16.2364852925142 30.6344131628672 64.7467821836472 75.0632186730703 85.1646562417348 92.2513604164124 104.947815338771 90.1410182317098 71.9237724939982 99.9801158905029 135.843088229497
160.059104363124 154.242098331451 119.830787181854 104.693830013275 100.228567918142 95.2537655830383 85.9200954437256 72.00026512146 60.4237665732702 65.2441134055455 77.3912817239761 81.0305823882421 83.5445523262024 98.6909369627635 95.3078269958496 96.6491301854451 104.311843713125 117.089092731476 124.009867509206 114.637553691864 115.297724803289 120.47133843104 134.498099486033 145.372529824575 150.24862686793 146.196126937866 135.088235139847 126.318246126175 106.144418319066 63.5733306407928 50.6260991096497 39.2831439773242 12.8593767682711 0.00334466191513153 0 0 5.08109883715709 22.0540687441826 32.0972974101702 31.7692682147026 34.1846818725268 39.6290694673856 48.4671692053477 83.0822288990021 98.2200105985006 122.828344504038
158.208181460698 154.556930065155 138.009011745453 108.956019083659 90.9434457619985 94.415028889974 87.6540839672089 80.7138383388519 71.7185040314992 68.4190690517426 73.2597261667252 77.9598454634349 82.1702380975087 93.5717026392619 94.7841703891754 95.0795610745748 102.271477381388 115.352163712184 124.072591463725 114.082882801692 114.57504828771 111.338744560877 121.151506900787 129.232337077459 131.535450617472 130.794584751129 121.285070975622 113.702764113744 95.277617375056 48.707569638888 41.2344088157018 40.7353962461154 21.0924372076988 0.108766156093528 0 0.0277432797399039 3.95610742270947 8.9486272384723 12.6514571408431 11.1954746146997 12.1700925131639 13.8121818502744 29.8351049423218 109.12291208903 112.846394379934 122.595250606537
144.977917273839 149.845788876216 148.631791273753 118.15615495046 92.3779904842377 94.5460697015126 98.8299449284871 105.919321378072 104.724864164988 96.3474313418071 87.2357487678528 90.6539857387543 92.3116306463877 99.7334420681 102.834284305573 96.3686009248098 96.5645313262939 110.092242558797 117.507427930832 124.269068241119 128.904640674591 123.071948687236 119.100560744603 117.415100336075 119.879851738612 119.750589132309 113.480389118195 107.06635316213 83.8176906108856 68.9353545506795 66.9132173061371 76.9130537907283 69.9984778960546 16.2155913809935 1.35687428216139 5.8110523968935 7.4315182864666 8.48518001536528 10.1286092152198 6.72785751521587 1.56319218998154 5.34890157481035 43.7971452871958 103.300164143244 130.510538816452 130.629440148671
143.874625364939 149.228304624557 151.492575804392 127.495805422465 109.379758437475 114.46225643158 125.172545512517 130.582173665365 140.388617912928 133.10048977534 109.815736611684 105.229725440343 106.491357088089 113.390227158864 113.493084907532 104.316612084707 101.218769947688 113.011012474696 121.805806954702 134.564777215322 138.870000839233 135.274936755498 126.749008893967 118.569751580556 120.162228743235 123.19220105807 114.180048306783 112.749318281809 102.100988229116 103.025535742442 115.958074728648 140.67883292834 149.598360061646 132.636666297913 51.318680246671 18.8487308720748 15.6783238053322 14.6597176790237 12.4924505750338 5.92575470606486 15.0631132225196 42.8692003091176 83.3370089530945 103.829234838486 121.329287687937 118.936230738958
145.747264226278 144.361754258474 144.817570845286 132.930407921473 140.950342019399 140.876432259878 149.644583463669 149.302750825882 148.878127336502 149.15207028389 121.82343006134 109.771470228831 110.460410515467 111.761669317881 120.348791281382 114.774574836095 107.875267664591 118.065764506658 132.262378931046 140.375117460887 135.863333940506 128.559569517771 125.346501668294 126.72350804011 127.45322783788 127.345949411392 122.748732566833 126.410911480586 137.028485536575 146.811266740163 159.507513046265 171.237647533417 181.132713953654 192.143638928731 155.642241239548 54.670974612236 27.8090685606003 16.8678487340609 10.2622887740533 10.3753178069989 34.235584239165 105.357070763906 100.456307331721 91.6736324628194 89.2082055409749 89.4646247227987
148.471564054489 136.752784252167 137.911299864451 137.77881860733 164.431035518646 154.969791571299 152.372817198435 140.748878320058 136.709531148275 122.127294540405 103.10031970342 97.1510211626689 106.748163700104 111.227045456568 121.637324492137 125.284562508265 118.772427241007 116.128832101822 128.24093302091 132.483422756195 130.259980758031 121.957163016001 123.924473921458 130.4998199145 133.738736311595 130.387425422668 130.964358647664 129.010021686554 149.717648824056 162.710954745611 179.975946744283 191.562155882517 198.842843373617 200.647910435994 197.845657666524 125.096460183462 26.0116085410118 8.11508980890115 4.14471390346686 4.090774183472 51.7500340938568 96.5867241223653 85.933913787206 63.4772280852 61.4001154899597 63.7177924315135
148.59609802564 130.137542883555 131.823440392812 146.069258451462 163.222759962082 153.273324171702 133.636206388474 114.384899536769 103.698035081228 82.3106467723846 81.185648838679 85.7583483060201 94.4556494553884 108.84694258372 121.55153354009 130.206227302551 126.574903726578 114.140331745148 118.695884943008 121.940851211548 123.019754886627 123.177717129389 124.607404073079 131.172468264898 137.67483830452 134.773125251134 138.63339026769 136.949827273687 146.627525488536 168.307582537333 191.796660423279 205.179472764333 204.825182755788 203.993916511536 215.110500653585 202.266216278076 115.908960501353 28.5097310940425 17.6335076491038 21.692102154096 44.3747987349828 59.9780182043711 67.3678815364838 42.355423172315 37.5527987877528 43.0849442879359
145.327538251877 149.188786745071 176.372786362966 217.624723911285 196.047405401866 160.192827383677 123.309463262558 92.4608111381531 77.8231720129649 76.5990167856216 70.0291693210602 69.5990224679311 91.1927421887716 109.157572189967 127.628336350123 135.15426715215 132.874131202698 118.960599104563 121.137837568919 125.09098649025 123.107026020686 128.143886725108 131.7125360171 134.316255648931 141.700426737467 146.746337413788 144.985536734263 146.501272916794 151.593873898188 179.371237754822 202.379067738851 210.946361223857 206.841905911764 214.756568272909 227.258781592051 232.900182406108 211.710413297017 154.648383458455 71.7961490154266 38.1123224894206 30.1069542765617 33.1650028626124 50.4646797974904 40.4022658864657 34.3351637323697 51.3407588005066
162.554244200389 199.806690216064 247.515896956126 270.754754543304 259.848018487294 206.858893235525 151.733100414276 111.421992381414 92.29376912117 96.5966979662577 88.5420540968577 75.0499318043391 89.0482763449351 112.201601266861 131.427973508835 141.042818625768 136.532733837763 129.930476347605 125.194807847341 126.503527164459 128.304610649745 131.60428404808 134.444763263067 136.691868305206 143.223573764165 156.847953796387 158.009876807531 164.3874446551 171.134730180105 187.11777528127 204.469005266825 214.334766070048 216.255009174347 223.756611347198 231.550594170888 228.28475634257 225.434343020121 220.880766709646 152.782569328944 69.9058771133423 35.6667091449102 35.6039876739184 39.9197017153104 43.5204952955246 53.5022964080175 73.8355219364166
224.536061286926 259.481370449066 279.413322607676 279.338300228119 285.938322544098 262.413422266642 221.185624599457 171.726663907369 142.437299092611 130.401879549026 125.237902005514 106.813897689184 91.6234453519185 109.049806992213 134.543846050898 142.364770174026 135.774195194244 136.976848045985 127.126822868983 125.610639651616 131.017625331879 132.378319899241 133.409976959229 135.838429133097 142.29408899943 158.282419045766 165.710101524989 173.683961232503 181.497494379679 187.949200471242 201.765875021617 214.628656705221 217.19358364741 212.781568368276 214.29040034612 202.877859274546 203.962842623393 200.150907039642 155.848920345306 96.7473685741425 58.2376668850581 51.310807466507 42.8961118062337 44.4233318169912 54.0923376878103 72.0747858285904
268.512825171153 281.244079271952 281.538685162862 279.34201558431 281.693498293559 282.481074333191 261.761446793874 217.597087224325 178.963899612427 158.893932898839 158.310522635778 143.884817759196 118.294497330983 117.142369349798 130.294779936473 137.377868096034 131.707121928533 132.367263237635 127.301434675852 127.836416165034 127.095460891724 128.625025351842 128.246049086253 130.22647301356 139.217694600423 151.275455951691 165.60493906339 170.059780279795 178.567190965017 189.903616905212 202.505966027578 205.342213312785 185.336569945017 181.255479653676 177.764534950256 162.465274333954 162.94652223587 148.699810107549 112.82350619634 80.790122350057 83.4953784942627 75.8572816848755 60.3767534097036 48.8086044788361 46.086976925532 55.7578951120377
277.935246626536 280.975381533305 281.54331445694 278.741300106049 277.58115530014 279.549161593119 277.731617291768 251.883149147034 202.953477700551 172.537446022034 168.441971143087 165.430327256521 151.055077711741 134.838074445724 131.938477357229 136.931240558624 130.275517702103 126.25906864802 128.358483314514 132.832556962967 127.080659071604 125.901758670807 127.877036730448 130.308032035828 136.480857928594 144.824028015137 155.985573927561 157.812039057414 167.336682478587 185.946027437846 195.047736167908 190.650343894958 175.487001736959 174.76479212443 162.572175264359 148.018966118495 152.018656333288 149.35439825058 132.921596368154 104.209532340368 103.629549344381 110.860198736191 92.0533339182536 73.9739984273911 55.5331458648046 44.101228316625
276.007453600566 277.870019276937 276.823739210765 276.081045468648 275.19569794337 272.742847601573 271.911978721619 258.06454817454 212.687393029531 183.546145757039 172.779361406962 168.329060077667 165.363073348999 147.003173828125 137.400756279627 141.273240248362 135.702550411224 125.548958778381 131.726642449697 133.009880781174 131.555100282033 126.684645811717 130.691935618718 136.780162652334 136.113425095876 142.132540543874 147.389829158783 148.956666390101 157.297343015671 177.523493766785 187.326769034068 184.160192807515 177.614986896515 183.73183409373 161.030640204748 154.485126336416 159.148265918096 165.642817815145 167.604088783264 138.464868068695 96.1378812789917 91.6477839152018 82.1395715077718 62.4880095322927 51.2428085009257 38.6591826876005
260.271112124125 262.899736563365 264.547963937124 262.685100237529 261.898259321849 259.886463483175 264.483392238617 262.232502301534 224.499622980754 186.483899752299 171.236991882324 165.192504723867 162.869532903035 146.930615107218 136.305063962936 144.556730985641 147.158225377401 132.284979025523 136.226971944173 139.223198095957 139.604151248932 133.732616901398 133.814414342244 139.374514420827 138.244767983754 138.466993967692 145.670175552368 153.799662987391 159.154941638311 172.705670197805 185.338159402212 186.286171277364 184.420069058736 181.743721167246 163.878232240677 168.358584245046 170.348584651947 173.09832572937 173.094689846039 146.678030490875 73.2227166493734 54.5677095651627 33.223882317543 27.0146081844966 26.9196132818858 20.0034355123838
241.866151491801 249.887784322103 258.630235989888 255.146463712056 254.572649796804 258.892893791199 265.842258930206 267.571965853373 242.441256841024 201.230883598328 179.225703080495 161.208887894948 151.873131593068 143.101910750071 132.459541161855 138.306200504303 152.009616295497 141.62411292394 138.758579889933 141.867140928904 143.667727708817 138.425479332606 134.998003641764 138.766258955002 139.90330696106 140.478312969208 144.038061300913 154.07258272171 160.648554563522 165.878901878993 179.6582142512 188.343365987142 181.393146514893 172.728657722473 159.308701753616 178.266664346059 184.057255585988 186.622977256775 178.998430569967 162.780870993932 66.9558346271515 26.3381401697795 12.0861207445463 9.56110035379728 10.0653829673926 0
207.719683647156 217.131416002909 225.750009218852 231.028834978739 238.749027252197 251.850406328837 260.955969492594 266.037623087565 256.094733874003 218.661963939667 189.392606417338 167.721013228099 151.205718517303 148.011793692907 139.226456483205 133.887191613515 146.63486679395 145.904570817947 139.291952053706 138.679802417755 140.868693590164 137.040505806605 132.927725712458 135.816752910614 139.317433039347 143.635163704554 144.718617200851 150.685369968414 157.526969909668 158.723324537277 169.661005338033 185.690840085348 179.074068864187 160.297612349192 166.163682937622 191.043357054392 196.453213691711 192.366321881612 182.404895623525 184.336026509603 133.533954620361 42.9355800151825 14.6860107779503 10.0330673158169 9.92755964398384 2.32006190344691
171.350677808126 177.572806676229 177.256365617116 188.197513421377 203.449209531148 220.32097975413 233.725508054098 244.084974129995 239.884297053019 216.918845971425 185.147841771444 162.59104013443 148.054093122482 146.658897399902 141.783793767293 134.383579095205 140.894492467244 141.212224960327 134.153336286545 133.591701587041 138.626555601756 141.513407230377 139.445881048838 135.876049598058 134.62362686793 138.678073883057 146.452873945236 149.858077367147 156.515777111053 155.98980585734 160.252223412196 174.147327740987 170.856436093648 165.012071530024 191.786030928294 205.328583717346 201.078693072001 193.428158760071 194.114645322164 207.136034965515 211.731632550557 158.129473527273 70.5042580763499 34.5433304707209 20.4430756469568 7.61341614027818
159.329831600189 162.047247091929 160.908401012421 162.815590699514 172.670324643453 178.179562091827 182.107130686442 186.541974544525 185.64909696579 167.338689168294 152.694443861643 147.670060396194 146.583378314972 142.188648382823 140.539407730103 139.340798060099 139.935553073883 139.442066351573 134.054124355316 132.063647111257 136.574427286784 144.095788399378 145.598461230596 142.312149206797 138.075768947601 135.920256376266 148.144533236822 151.744415362676 155.363818009694 157.130976517995 158.395032087962 164.998978376389 164.729277292887 177.640517552694 203.650255997976 203.492919603984 186.123510201772 176.247914632161 179.085652033488 197.736819585164 215.815623601278 226.134637991587 176.744699478149 90.2903576691945 40.0248616933823 20.0714903573195
167.897303899129 165.866802136103 166.130016247431 164.029836654663 160.657594601313 159.074544906616 156.191458304723 157.509386539459 161.140233278275 152.66098578771 143.77557237943 145.547926425934 148.146470387777 148.611515760422 145.514776309331 143.55527361234 137.89372642835 145.520051320394 146.318654219309 139.545470476151 141.500314076742 142.44344830513 142.89532105128 146.49232228597 147.180954615275 141.372342904409 147.105902433395 153.159985939662 155.453572670619 158.635586500168 160.090416669846 164.691478013992 167.341927687327 186.663269996643 199.342588583628 184.756894906362 170.500894387563 160.302400588989 161.59184773763 173.604865868886 204.914132754008 216.744124889374 200.683375199636 138.576636711756 65.5013074477514 26.8527865409851
