input/barkrak2/radiation/dir02424.grid
NCOLS 85 
NROWS 70 
XLLCORNER 665100 
YLLCORNER 4664600 
CELLSIZE 20 
NODATA_value -9999 
[rows 46 to 68 of 70, columns 0 to 50 of 85]
65.8091108004252 67.3873921235402 70.2227602402369 72.2640454769135 71.963295340538 71.8099574247996 73.6722846825918 75.4152437051137 71.8322098255157 70.6990162531535 69.5650031169256 68.6070621013641 65.3248230616252 62.1380110581716 61.8530958890915 65.8992032210032 64.4998500744502 58.568924665451 64.2038285732269 62.9897167285283 60.2085292339325 60.752809047699 60.5013519525528 58.4544191757838 64.9622231721878 59.7248325745265 61.3444099823634 62.9123648007711 62.1255536874135 61.2775335709254 58.9234630266825 55.546373128891 55.9519579013189 55.512398481369 57.875523964564 58.9115420977275 60.6086403131485 66.5212670962016 67.0958856741587 65.3742700815201 65.1725977659225 60.25164326032 65.7166242599487 71.1957762638728 63.0269547303518 33.5850367943446 4.7662490978837 0 0 0 0
59.6502323945363 61.9978855053584 67.7430133024852 69.5752849181493 73.1821606556575 74.6923287709554 72.704220811526 72.3939090967178 72.3325808842977 74.7091919183731 72.0359335343043 68.3193355798721 66.6632900635401 66.6384597619375 64.7142032782237 63.4118566910426 63.301016887029 56.0987641414007 60.8548621336619 62.3498111963272 59.8414043585459 59.6785247325897 62.9424800475438 57.3233415683111 60.3317568699519 59.797594944636 55.8645228544871 58.6427350838979 61.2922559181849 60.227245092392 60.8946979045868 59.7057789564133 55.1759501298269 58.5103581349055 68.1363890568415 73.4374026457469 68.1780179341634 62.1811399857203 65.0959511597951 73.370893796285 69.307158390681 61.9514882564545 68.486159046491 74.6220201253891 67.2680685917536 49.7776716947556 19.3557913104693 0 0 0 0
52.5235782066981 55.8150559663773 61.2380802631378 64.9493634700775 71.5181827545166 75.1382758220037 71.908821662267 70.1350470383962 74.0769555171331 76.2519935766856 74.1406132777532 70.0720449288686 69.0273145834605 69.7386960188548 66.573237379392 61.460942029953 61.4674339691798 56.1838994423548 59.7193539142609 64.0016794204712 63.1847679615021 63.9615754286448 66.05397661527 63.3259216944377 60.159961382548 62.5721613566081 59.7402056058248 63.8632923364639 67.9115305344264 71.1485246817271 75.1178115606308 73.7466563781102 65.0410354137421 68.0252561966578 74.4456698497136 82.9260448614756 81.4047555128733 70.220281680425 67.1131710211436 71.5009123086929 67.2234694163005 60.3980720043182 58.2526276508967 58.4875643253326 56.8313896656036 55.6214352448781 46.6402669747671 6.2372845908006 0 0 0
51.4766325553258 49.2715338865916 53.4993857145309 61.7312639951706 67.6045715808868 70.9923406442006 73.7334589163462 76.2886603673299 77.374721566836 74.2024878660838 76.1154194672902 76.0062287251155 72.6053416728973 69.8879808187485 68.056583404541 63.7211898962657 62.1908158063889 59.7309718529383 62.8612140814463 67.0694410800934 69.4236258665721 69.4783627986908 66.8175717194875 69.2397356033325 64.7149284680684 66.8926388025284 68.8837468624115 72.4069674809774 77.6229997475942 84.0028425057729 92.0429825782776 91.8142596880595 80.5640767018 75.2175003290176 74.6716509262721 82.7570607264837 85.4727228482564 80.9557288885117 71.3702142238617 63.2092008988063 58.3792726198832 60.3412687778473 58.8451772928238 54.8436641693115 51.062469681104 54.3867250283559 47.8549748659134 13.2993683218956 0 0 0
51.7689883708954 55.2298625310262 58.8561743497849 65.3989861408869 65.7824625571569 66.1754260460536 74.3416845798492 79.5795768499374 79.3344477812449 78.8412193457286 78.8645893335342 78.6076933145523 74.9084949493408 70.6162353356679 70.0903336207072 73.9195843537648 66.6518310705821 65.5292769273122 66.9973939657211 71.8573083480199 72.8761901458104 70.740153392156 69.214145342509 70.3614801168442 64.5355135202408 71.5227276086807 75.7993708054225 78.5249173641205 84.5876435438792 90.7661120096842 96.7594186464946 102.354774872462 92.7865703900655 78.7524481614431 68.6731040477753 63.264658053716 72.3424255847931 86.0702196756999 76.5886306762695 60.2173705895742 53.8885096708933 61.3673726717631 64.7169450918833 61.6470674673716 55.9767186641693 53.7376751502355 32.2137276331584 17.8595781326294 0.022298367791033 0 0
52.5038540363312 63.5923594236374 65.7685697078705 67.3209925492605 65.4191275437673 64.7628208001455 72.6691732803981 78.2156685988108 78.0113637447357 82.9677830139796 80.4924567540487 79.6469350655874 77.5550305843353 72.9629099369049 72.2929239273071 78.3561368783315 71.8497137228648 69.3015505870183 67.2525664170583 68.4993912776311 68.9646104971568 67.9060320059458 67.5011227528254 64.5413100719452 63.7831588586171 66.3599173227946 72.0673700173696 74.6431102355321 78.5076121489207 84.8980049292247 92.2430555025737 98.0255206425985 95.0600504875183 71.7631578445435 27.696597079436 27.1702309449514 38.7818937500318 65.5490358670553 79.4756412506104 77.4728755156199 74.559211730957 67.5005217393239 57.2035958369573 55.5990586678187 62.1475030978521 51.7491201559703 30.5238713820775 23.7168520689011 2.77180845538775 0 0
56.1465124289195 54.401566584905 53.5029321908951 55.8969875176748 62.3064935207367 68.0438429117203 68.7840382258097 74.8209009567897 74.6856679519017 79.5349280039469 80.0891468922297 81.6438098748525 81.245223681132 76.419194539388 75.0114917755127 73.0354686578115 74.9486138423284 68.1119511524836 63.1830245256424 61.4039897918701 60.4015390078227 62.5282973051071 63.101256887118 59.2026660839717 60.2762401103973 58.0679476261139 60.8160495758057 65.178523461024 66.8342759211858 70.5719937880834 72.9904721180598 81.5983513991038 80.1136245330175 57.4069072802862 23.1096198161443 14.6136358380318 15.4975665112336 25.0774969657262 54.9495319525401 73.6409425735474 79.607476790746 67.1042303244273 54.3319384256999 45.6750144561132 50.4936973253886 41.0458048184713 29.8556387424469 43.2652533054352 26.0309701164563 3.16130711386601 0
58.796152472496 49.1156578063965 47.0021019379298 52.1508057912191 63.2624626159668 72.0576047897339 71.5750306844711 72.8117128213247 75.5837510029475 75.8775621652603 78.2104084889094 80.8670371770859 82.8698873519897 81.012636423111 76.5895942846934 74.0656952063243 76.6079177459081 69.9610809485118 65.0093605120977 64.977616071701 64.9971961975098 63.1408294041952 60.9993636608124 58.1330756346385 58.5473080476125 55.5928448836009 55.7898779710134 56.5846711397171 60.4448566834132 58.7792495886485 50.1261005798976 53.4475694100062 56.3525011142095 31.1718533436457 24.9250531196594 15.6087465584278 6.22088337937991 4.55776943514744 13.8739111522834 40.1122445861498 62.049945195516 60.7598473628362 47.126645843188 42.2906378904978 30.5844148000081 30.9105838338534 28.4694557388624 50.5151997009913 59.0196301539739 38.4993230303129 9.88310389220715
58.9564790328344 53.5212010145187 51.490197579066 56.6472659508387 65.7300700743993 73.4692414601644 76.5943626562754 72.7484126885732 77.3674249649048 75.706958770752 79.4732471307119 81.3628037770589 82.6975405216217 84.7073594729106 79.3814261754354 79.1336049636205 78.8997560739517 74.3652482827504 70.064569513003 71.3242789109548 70.6162701050441 66.1571174860001 64.2774800459544 63.8818591833115 61.3359908262889 60.0295166174571 57.6624025901159 54.4999539852142 53.448831041654 50.1318275928497 41.5462056795756 43.8443521658579 50.7557193438212 52.7392625808716 50.7886906464895 39.6621177593867 17.769243568182 6.45422252515952 5.10643826176723 10.6796237329642 27.7265906333923 32.3824435472488 28.027189274629 21.4835753043493 21.1871042847633 27.1618912617366 33.2411552468936 43.1557695070902 54.6805759270986 59.665858745575 40.688748160998
62.1833900610606 60.7316295305888 57.1921070416768 55.9701869885127 61.7870638767878 72.4435895681381 74.6260384718577 72.7021396160126 74.562797943751 79.6858618656794 85.8617822329203 86.817463239034 84.9805772304535 85.6174429257711 83.2469562689463 82.8495671351751 83.2620610793432 80.2155335744222 74.9592284361521 72.6631730794907 69.9025889237722 68.5289700826009 69.5716689030329 71.0425078868866 67.2527551651001 63.2715672254562 58.9388261238734 50.4604677359263 43.3250566323598 42.5108422835668 44.1814561684926 48.8185385862986 55.1947951316833 67.1411355336507 71.5218683083852 69.8888599872589 58.3373258511225 38.942925632 28.4562309583028 10.2695406725009 16.1963092784087 27.1771401166916 34.4951301813126 24.2215991020203 25.2438212434451 39.5555297533671 60.120811065038 53.9507567882538 48.7777342398961 55.1965733369192 46.2947438160578
64.8045241832733 64.1909539699554 63.0470166603724 59.4790130853653 60.7119798660278 69.8213875293732 72.6400713125865 72.430357336998 72.5725988547007 81.8529427051544 89.8594160874685 88.6274377504985 84.0793251991272 86.737314860026 88.2229506969452 82.2312732537587 84.5288236935933 81.9343328475952 77.4793227513631 74.7269243001938 73.1340100367864 74.3009944756826 71.5156495571136 69.3977524836858 66.3173546393712 61.1984978119532 43.0538107951482 21.6662585735321 18.6210907995701 26.7502615849177 39.6959856152534 45.7213620344798 53.3127337694168 60.7558041810989 71.5833902359009 83.1017742554347 76.4960447947184 68.6988035837809 57.4883917967478 35.3569065531095 18.0600807070732 27.3488064606984 50.3040254116058 50.3354420264562 49.5733122030894 63.3977154890696 89.3242557843526 77.7050902446111 55.2999476591746 42.0561780532201 32.9663927356402
63.6379619439443 61.7136458555857 65.4058208068212 66.4161195357641 63.8546248277028 66.6666130224864 72.3396042982737 73.2236305872599 73.5924740632375 81.5510998169581 88.4954730669657 86.9187712669373 82.3312103748322 85.6160124142965 89.02840813001 79.9526770909627 81.3126663366954 80.0306250651677 78.4555673599243 78.8250118494034 79.5003275076548 79.2538324991862 75.0189522902171 67.5473858912786 67.0599043369293 64.7121767203013 46.5021779139837 27.4704347054164 27.0855203270912 34.7534567117691 45.9383229414622 51.007221142451 63.0403061707815 72.3128567139308 83.4490656852722 79.5098791519801 73.8196074962616 32.108503083388 32.623698314031 33.2601740956306 40.5207152167956 52.5778830051422 59.9302003781001 31.4193889498711 25.2002626657486 29.8902442057927 67.3890908559163 63.3176813522975 50.0096927086512 40.4423599441846 34.2052529255549
52.3473819096883 59.8538418610891 63.4145239988963 66.2662883599599 66.256915529569 62.9440893729528 72.4429686864217 76.4166812102 77.1613667408625 82.1983963251114 84.7395857175191 84.2647155125936 83.5022528966268 81.6749433676402 82.965224981308 79.6411732832591 76.504722237587 80.0162156422933 81.5903196732203 83.5669835408529 85.49897869428 81.4226716756821 78.288197517395 71.0739145676295 70.497140288353 69.8537180821101 66.4151559273402 58.2010944684347 55.6716720263163 60.5998436609904 58.9127192894618 57.1085065603256 75.6715933481852 84.6713980038961 69.5134550333023 58.9412947495778 37.7196222543716 18.3106735348701 8.91655000547568 18.2412564754486 18.5131505131721 54.736390709877 62.0392362276713 50.7833808660507 38.288506368796 39.9978210528692 54.2991459369659 58.9920282363892 56.293581922849 49.4750340779622 42.9481516281764
42.6727732022603 57.2546770175298 61.3161772489548 64.35826420784 67.372073729833 63.5360330343246 67.5700803597768 75.8173217376073 86.5766803423564 87.9270037015279 83.4107498327891 81.1457633972168 83.0571502447128 82.3111236095428 82.4715048074722 80.0609489281972 76.0132869084676 78.4594863653183 77.4284303188324 75.2128213644028 76.5666266282399 76.362003882726 75.3648579120636 73.4860102335612 73.6055076122284 78.7238428990046 87.889422972997 89.7471209367116 74.071079492569 67.9718901713689 60.8431100845337 54.6392252047857 70.1645116011302 62.6121411720912 28.3449913064639 20.7801486055056 19.7892524302006 13.1775662302971 2.79966462403536 0.856962520629168 0 19.1448194285234 56.8539947271347 77.9099315404892 83.3090792099635 78.505684932073 75.8641461531321 76.7659495274226 76.2908309698105 65.0132397810618 53.9308587710063
44.3552235762278 54.475262761116 61.7469698190689 64.3239070971807 65.8895671367645 66.0834709803263 60.5054547389348 70.1240301132202 90.9097294012706 90.3280079364777 81.3433974981308 77.8735081354777 80.9580584367116 84.5492482185364 83.6786727110545 80.2303006251653 79.1909396648407 76.6440778970718 69.7360336780548 63.0163848400116 63.8945003350576 66.9610251983007 66.9435560703278 71.7366387446721 73.6099481582642 78.8894494374593 95.3376094500224 101.639499266942 85.1759413878123 72.7281272411346 57.6769908269246 47.7563540140788 51.6382058461507 49.5925496021907 26.4303435881933 16.2144936621189 17.3431759079297 24.366520345211 16.4482742547989 4.84484372039636 0.128910236526281 6.37366871039073 28.6805927753448 61.1063937346141 65.1535540819168 61.5292936563492 68.7232663234075 70.8821713924408 66.7465527852376 60.1373761892319 61.3688131173452
56.0814787944158 59.3218455712001 61.7461204528809 58.2896769046783 52.2759705781937 49.6188302834829 57.419682542483 63.0475282669067 73.0798542499542 69.3304240703583 66.3268218437831 71.4840094248454 79.2025625705719 81.4170688390732 77.4170955022176 79.3878883123398 79.6784261862437 73.7535456816355 65.6680961449941 59.7694317499797 59.6779386202494 60.7545127471288 64.7253592809041 67.1310673157374 68.0314302444458 73.4887520472209 86.5403115749359 93.8663681348165 80.8159659306208 65.073291460673 56.4128855864207 43.6291346947352 38.3561725417773 53.0956983566284 49.0324546893438 25.3259167075157 25.3529697656631 58.0696711937586 55.3594926993052 39.4418512781461 11.6678675015767 8.09159750739733 18.1010439991951 26.3375689586004 24.9175578355789 26.8792932232221 35.5634937683741 42.6495969295502 47.5826313098272 52.6471386353175 76.1800905068715
67.8771038850148 64.6001150210698 60.7813944419225 53.6149839560191 43.4551388025284 37.1259202559789 47.2665230433146 47.4423666795095 37.5997573137283 36.8952676653862 47.3601917425791 61.0848466555277 67.3591991265615 71.6913789510727 74.9321232239405 85.5887830257416 88.2671972115835 79.3121804793676 70.4467793305715 66.9689973195394 63.6808176835378 63.1619195143382 65.0633871555328 64.8946166038513 65.1206572850545 67.83094505469 75.6637801726659 78.0657380819321 73.6554612716039 52.2843301296234 55.9950868288676 46.5259850025177 42.1211421489716 62.0376418034236 68.2829370101293 55.8618803819021 45.9296852350235 37.3118470112483 43.9584751923879 45.4613119363785 32.3416242996852 17.8349340955416 17.730824649334 18.2799597581228 12.1689004202684 13.1521672010422 22.0684955517451 24.4582841793696 25.6925995151202 53.4078478813171 103.259613116582
70.8900441726049 64.0658338864644 59.112494190534 55.1530619462331 47.8722800811132 41.620301703612 37.2787912686666 32.8506355484327 15.7130733132362 23.8438000281652 41.4220616221428 55.3216834863027 55.4342865943909 63.3798390626907 77.3161898056666 93.6316847801208 99.5364785194397 92.0240084330241 83.3335518836975 79.0325105190277 73.8795896371206 71.2128231922785 69.3443864583969 66.8922513723373 63.1725788116455 66.1902378002803 65.7582382361094 65.438836812973 62.9870394865672 45.2847729126612 43.7748928864797 44.4865922133128 40.4920106132825 64.9482011795044 85.1355989774068 88.3992413679759 62.2262458006541 22.8537941972415 18.9716791113218 25.1558100183805 34.0128193298976 22.9991227388382 28.8514445225398 23.2107688983281 17.4823626875877 11.5366155902545 18.7079844375451 32.2442352771759 40.0806913773219 68.4142510096232 135.931809743245
73.5008865594864 67.9967651764552 66.6333188613256 67.7874783674876 64.3981744845708 57.8089455763499 52.4905025959015 53.0887544155121 51.6624947388967 57.1384330590566 65.6710465749105 72.1257825692495 72.4627027908961 67.2300358613332 77.8937737147013 94.6258107821147 105.370163917542 105.294694503148 97.6655880610148 87.5599284966787 81.3424835602442 76.0554224252701 75.1481751600901 73.873112599055 65.0881032148997 60.0306292374929 56.5411349137624 57.0562382539113 54.643452167511 52.3881614208221 34.8349486788114 34.8066414395968 22.2849423686663 52.0125279823939 92.7521586418152 102.720518906911 69.3140427271525 31.9272999962171 12.8670980532964 12.975811958313 16.4894411961238 13.8054552177588 26.0468771060308 41.6026065746943 42.8064564863841 29.7435224056244 29.6808655063311 46.3602046171824 74.4375288486481 121.84930841128 154.601236184438
74.3600428104401 71.5375194946925 71.7017749945323 73.1287002563477 72.6136217514674 68.7302599350611 68.3155755201976 76.3599624236425 93.7280456225077 89.3084406852722 80.2344977855682 81.1537603537242 87.5271558761597 74.7148444255193 76.050544778506 84.9470496177673 94.5739944775899 101.586947838465 101.889729499817 94.8634843031565 88.9686544736226 82.5003683567047 76.6985019048055 75.6999502579371 67.9551512002945 54.4714728991191 48.4660615523656 46.9764073689779 47.4910040696462 38.4438882271449 20.0326020518939 17.846488704284 12.6326245566209 12.4667659401894 89.3741250038147 104.105095068614 84.064116080602 71.8199511369069 38.6878127853076 8.13987975319227 2.16996343806386 0 14.8120249311129 46.3016033172607 53.4996688365936 43.3651109536489 41.994978984197 67.31150050958 127.933373053869 173.996110757192 165.77739516894
73.543240626653 69.9434131383896 64.0363941589991 59.1295063495636 59.4304154316584 61.6842011610667 61.5599403778712 74.3601868549983 85.3068431218465 80.3752491871516 70.5679555733999 70.466622710228 81.6547175248464 76.9855479399363 72.9576200246811 71.760947505633 73.0929921070735 80.0011952718099 90.4140373071035 95.1579014460246 90.7974044481913 84.4838917255402 77.6436626911163 71.0727920134862 61.5516205628713 56.3987145821253 40.228729446729 36.230298380057 42.7326709032059 38.7435605128606 19.9795092145602 14.0751699606578 6.27993171413739 0.0845816199822972 11.0027479628722 94.0628151098887 100.810984770457 112.656603256861 94.0977533658345 42.0139481623968 7.09948067863782 0.260643195360899 6.87151588499546 38.545382519563 59.5743258794149 80.9083133935928 103.404611349106 156.437973181407 198.360482851664 208.429555098216 192.10026661555
75.8512020111084 73.6679633458455 67.4687623977661 60.3134433428446 58.6872597535451 61.5575164556503 53.2761712869008 51.0979890823364 51.457534233729 49.2553810278575 42.246883114179 39.7242903709412 45.2794084946314 62.4320805072784 69.7629700104396 65.2858515580495 54.6091397603353 49.2651909589767 60.6113026539485 83.444078763326 84.5998326937358 78.5703808069229 71.8516906102498 66.1517530679703 60.7028901576996 56.1728576819102 44.9510117371877 26.2296671668688 34.9477728207906 48.2327739397685 34.1302479306857 18.8765749335289 9.50515642762184 0 0 73.8375584284465 114.337931076686 129.272123177846 115.750283002853 85.6350064277649 50.8386095364889 17.6470279693604 14.9274605015914 35.2858031789462 70.4299062490463 137.122412522634 179.504692554474 210.975527763367 219.69481309255 218.985478083293 208.965162436167
77.6310215393702 77.5301456451416 74.7984796762466 71.1101045211156 69.0857172012329 68.2159264882406 51.8720895051956 36.5668684244156 37.1575877070427 39.5812268058459 36.6657450795174 33.7577511866887 35.1563493410746 58.44380458196 72.8945483764013 63.535620768865 40.9934371709824 29.6396389603615 33.546581864357 52.2309591372808 61.9820008675257 65.2043720086416 66.0041968027751 60.2921197811762 51.5265067418416 47.3759869734446 36.5384171406428 12.728093812863 26.6453151901563 51.7498304446538 61.0579748948415 53.9614011843999 32.9038326938947 0.783074802408616 0 50.505186120669 108.343243598938 116.303473711014 96.1804886658986 93.1873917579651 99.4110802809397 84.3868851661682 61.0458900531133 77.1991014480591 132.613897323608 179.113666216532 202.705204486847 213.733951250712 215.410351753235 213.162064552307 208.073516686757
