input/barkrak2/radiation/dir05724.grid
NCOLS 85 
NROWS 70 
XLLCORNER 665100 
YLLCORNER 4664600 
CELLSIZE 20 
NODATA_value -9999 
[rows 21 to 41 of 70, columns 0 to 47 of 85]
54.5582969983419 41.9827252626419 30.742421746254 43.5860554377238 38.463128109773 19.3022713065147 22.3226497570674 30.5179134011269 34.5431044697762 38.603221376737 40.8858731389046 41.9490536053975 42.4688359101613 42.2973533471425 48.3976155519485 61.6830537716548 76.3848225275676 87.3742699623108 96.2135593096415 111.808131138484 121.02676431338 134.125371774038 140.287031730016 138.006548086802 133.588969707489 119.531651337941 111.936529477437 103.746871153514 119.38284834226 103.965262571971 83.5952262083689 64.8383299509684 42.1740561723709 29.4475555419922 13.9408136407534 9.08336912592252 14.0478337804476 26.0886028409004 43.9869413773219 49.101581176122 59.703141450882 64.7616634766261 66.2523160378138 58.5526376962662 79.1964679956436 91.4541085561116 95.6651965777079 101.586937904358
95.2744881312052 88.9259378115336 65.592497587204 61.4626457293828 55.9734851121902 30.6650052467982 38.3541062474251 36.5720440944036 34.7855562965075 36.254420876503 40.4224470257759 43.0225630601247 47.5122729937235 48.4126955270767 52.039032181104 58.9541296164195 70.9592799345652 81.9558550914129 88.8043840726217 93.55229139328 98.9656746387482 115.579972664515 128.508398930232 133.995105822881 134.103834629059 126.917918523153 112.638890743256 104.8470834891 97.7198680241903 78.1989792982737 59.7900052865346 32.4264168739319 14.910231033961 2.06774038573106 0.850430844972531 1.1821238634487 5.82019612193108 13.0944189925989 21.2355156739553 19.1367268562317 23.028756181399 51.1397421360016 38.1403639912605 31.2440494696299 60.5843365192413 82.5591882069906 90.3564194838206 91.859112183253
131.054023901621 120.093444983164 85.4809979597728 67.9891804854075 61.397319038709 58.493047952652 52.2476683060328 39.899821082751 30.8484211564064 32.7076241374016 43.410783012708 47.438383102417 52.0479927460353 60.384601354599 58.7997784217199 59.8505884408951 69.3179468313853 80.1667372385661 87.3616735140483 79.6606640021006 80.3483575582504 84.752490123113 99.7127592563629 110.596527655919 120.150784651438 120.908200740814 107.454836368561 103.693236907323 79.790140191714 40.3667489687602 34.1649328668912 22.8586917122205 2.2495249286294 0 0 0 0 0 4.45673428475857 1.74300884827971 1.89628762503465 0 1.88074354082346 42.6499644915263 58.3042999108632 75.6833304961522 83.5858782132467 89.0989502271016
130.228022734324 126.192013422648 104.473501443863 73.1179465850194 52.9159853855769 57.8125615914663 51.9854078690211 46.5642859538396 39.6458630760511 35.187229514122 40.2281085650126 44.2886700232824 48.528383175532 57.1447312831879 59.245710571607 58.3633929491043 66.0239557425181 77.9185444116592 86.4293376604716 78.3918003241221 78.1968533992767 74.5257387558619 85.1868192354838 93.6091144879659 100.260108709335 101.717452208201 93.4379398822784 85.7089459896088 69.5292452971141 32.5897162159284 25.7204473018646 23.7239822745323 8.10977071523666 0 0 0 0 0.0100010735574566 0 0.524889289711913 0 0 3.50408721715212 66.4817790190379 69.6022659540176 74.3490854899089 82.2156270345052 87.1498187383016
116.127153237661 121.212472518285 114.305754502614 82.9681654771169 54.3163319428762 57.7900409698486 61.1109087864558 68.7305778264999 67.3062155644099 57.6835324366887 49.6484637260437 55.3578436374664 56.3925405343374 64.9216572443644 67.6831156015396 62.4717324972153 66.7499403158824 77.3656616608302 84.9909087022146 88.930865128835 91.322789589564 86.3844056924184 82.8431049982707 84.2681725819906 87.8271063168844 90.468426545461 84.6200585365295 82.929144303004 62.0278616746267 45.5816388130188 46.051949262619 52.9081970453262 45.5949902534485 3.19634533176819 0 0.196503708139062 0.1591953720587 0.172891266023119 0 0 0 0 15.961617231369 71.0859696070353 80.6610435247421 81.7046960194906 79.6474516391754 86.1299534638723
114.911049604416 120.548248291016 118.725697199504 93.1284228960673 70.4324543476105 74.4282255570094 85.4696730772654 92.1551982561747 98.9592671394348 91.5454824765523 69.7038173675537 73.7086931864421 70.8376318216324 79.6290735403697 82.5859953959783 71.8245009581248 69.866140683492 80.8674097061157 90.6637410322825 102.592627207438 104.789853096008 101.206998030345 92.5458073616028 86.7268840471904 86.7515901724498 89.4708236058553 84.9472979704539 88.5455409685771 80.7348489761353 79.6844412883123 89.0964269638062 111.786941687266 121.185670296351 100.367943445841 18.4152623017629 3.72394329557816 3.40065422157447 2.74790016313394 0.903432335083683 0 2.0819081303974 13.5727090140184 49.1684178511302 73.3816524346669 77.9460022846858 71.4833984772364 71.4461902777354 71.7140982548396
116.833766301473 115.392218033473 115.809182325999 99.3073383967082 100.494921207428 98.6062188943227 107.623517513275 107.954680919647 110.413481791814 104.997684558233 82.624355951945 77.4533450603485 78.6922772725423 78.9371579885483 87.7281626065572 82.1162859598796 77.5466759999593 85.252046585083 98.921944697698 106.426606575648 102.918287118276 94.7537422180176 92.731108268102 94.4227278232574 95.269372065862 95.7586169242859 93.0578807989756 100.473165512085 116.103976964951 121.917893489202 130.401700735092 138.82319132487 149.161656697591 161.533355712891 118.427952130636 24.915024638176 7.52335538466771 4.56057054301103 2.07079310591022 0 12.1758406360944 68.2091315587362 68.4843460718791 59.8426361878713 60.3613406419754 55.2597145239512 58.1469635168711 58.2223236560822
119.765430688858 107.467085123062 108.599692583084 103.501915931702 121.629198392232 112.074881792068 106.291870276133 102.226982514064 98.1337428092957 87.3190661271413 76.7211814721425 71.1612552404404 74.3824144204458 80.3101758162181 87.6506865024567 94.4844285647074 86.9286159674327 83.0902109543483 97.2868502140045 98.9409486452738 96.545139948527 90.5323525269826 90.1383558909098 97.9329446951548 100.314120451609 97.4595248699188 99.0846753120422 103.502929210663 125.078737735748 139.491379261017 151.95166071256 160.822570323944 163.524677356084 171.712517738342 165.408819913864 88.3419911066691 8.25660799940427 1.24374652902285 0 0 21.0540940364202 53.7208020687103 54.3784151474635 36.2883284687996 36.2410868207614 35.3316913048426 38.1821592648824 48.517773548762
120.12513478597 100.75123111407 102.259854475657 110.775331656138 121.114055315653 110.577414433161 92.4889246622721 76.3357579708099 62.0324711004893 55.9412737687429 55.1647295554479 59.9530637264252 69.1038270791372 82.23856985569 87.6053273677826 97.8686014811198 94.8341190814972 80.8000167210897 86.780975262324 89.8464222749074 89.2444550991058 90.576301018397 90.4748539129893 98.2484618822734 104.81462876002 101.515978574753 105.054378509521 104.192008574804 120.401243368785 143.854568401972 163.144926230113 172.64578739802 173.845986525218 175.431609153748 186.253468195597 169.095873832703 78.9960076411565 7.07421451807022 3.8672328616182 4.80867363512516 10.5344566206137 31.5966233611107 39.2765526970228 18.958568572998 10.3316040088733 13.9567131797473 31.3058197498322 48.2092797756195
117.23185578982 119.497219721476 144.467324018478 181.543250878652 153.519550959269 117.090046405792 82.8248957792918 56.4588059981664 45.9250410397848 50.2190142869949 46.6216256221135 44.5799430211385 65.698837240537 84.2315455277761 95.7283775011698 103.042582670848 100.746214389801 86.9997839132945 88.1618360678355 91.7690893014272 89.0764792760213 94.3818390369415 96.2950388590495 100.239475568136 106.678148110708 112.733195225398 111.753821372986 112.069984277089 124.904135862986 149.803777535756 172.098775704702 179.145932197571 175.05011955897 182.859400908152 197.3850329717 204.341133435567 178.018987178802 116.245607535044 40.422315398852 15.5479870736599 6.90491497516632 7.38226994872093 23.6417179306348 16.2191465497017 6.48182133833567 11.0115632414818 23.699310918649 36.7289781570435
132.606128851573 169.25060749054 218.742767969767 240.31521876653 221.12363576889 162.637015183767 111.061990261078 72.3776568969091 62.8831833600998 69.6267982323964 60.1362635691961 51.9967625538508 63.4917070468267 73.9059547583262 101.301530996958 106.983194748561 103.889177242915 97.6173480351766 92.1437740325928 93.5663282871246 94.8244035243988 97.9609191417694 100.727597872416 102.842022975286 108.381718397141 122.879475355148 123.922695716222 129.856844743093 136.983583370845 155.480523904165 173.328479131063 182.018359502157 184.282839298248 192.414661248525 198.878765106201 198.704083760579 196.280042330424 184.605320294698 113.269329071045 37.638875345389 13.6691977580388 14.5350719491641 13.5285096863906 14.2287276685238 13.0108905335267 14.2529532313347 23.744543393453 30.5419266223907
195.673028628031 231.598019599915 253.812372684479 255.031406879425 254.883547623952 228.746732076009 182.427604993184 139.203866322835 111.843287944794 102.091560761134 96.6066320737203 80.425684650739 66.0329461097717 73.2791175444921 101.664433876673 107.007483641307 102.699200312297 103.60711812973 93.835324048996 92.2218064467112 95.8160261313121 98.5004107157389 99.5185871918996 100.523958603541 106.936434904734 123.344083627065 130.012273788452 139.670898516973 147.880852222443 156.315326690674 169.987718264262 182.003776232402 183.481196562449 180.425028006236 183.755775292714 170.316835244497 171.64808511734 159.00723139445 115.718106428782 60.4854424794515 28.100644548734 25.4400720198949 21.4489350716273 8.79630322257678 9.32656352718671 9.15121535460154 6.18377576271693 4.29568098237117
243.725856145223 259.133418401082 260.425508022308 258.622984091441 260.789752006531 258.334418137868 236.704389254252 190.947333971659 151.015251874924 129.400819540024 129.139979680379 116.386592388153 90.4978414376577 86.8154068787893 98.5162754853566 103.633423646291 98.7445811430613 99.279115597407 92.4173891544342 94.4801767667135 93.381663163503 94.8517322540283 94.5361057917277 95.1816141605377 103.730936845144 115.556339422862 129.461010297139 135.018567244212 143.976738055547 156.455914179484 169.897735118866 171.937922636668 159.680098295212 148.424357175827 151.089777549108 134.566336870193 135.152022043864 119.770099719365 81.5212478240331 46.1081663767497 49.8706996440887 46.2290495634079 33.0196743210157 8.80537057916323 6.51324540376663 2.50267361601194 1.69177865609527 0
255.329350630442 260.227560997009 259.978850682576 258.875668048859 258.860170841217 259.244402249654 253.874321778615 221.555193265279 173.335909843445 142.821729183197 140.390535195669 137.442966302236 120.67503730456 102.695415417353 99.3252992630005 101.921816666921 96.8157649040222 93.6647156874339 94.0222541491191 97.0949828624725 92.6186343034108 91.5314555168152 93.4506754080455 95.8031217257182 100.342412789663 108.444760243098 120.698988437653 121.589452028275 132.216195265452 151.382386684418 161.759952704112 156.509081522624 149.015635251999 142.608135938644 134.61446762085 119.294802347819 123.560319344203 120.652596155802 100.635588169098 67.5644973913829 68.2306538025538 76.8989870945613 51.3928631941477 14.7529579699039 3.29706134895484 0 0 0
250.010987122854 252.857824166616 250.470658143361 252.160906791687 252.235293388367 248.748342196147 244.009256362915 227.099736531576 181.282222270966 154.110699892044 145.132720470428 139.394571383794 133.578489224116 113.33089073499 103.944639364878 108.215014139811 101.413428783417 92.6814079284668 97.2565015157064 98.1939335664113 95.2914555867513 92.1863913536072 96.0681239763896 101.783166329066 99.8287995656331 105.662961800893 112.355132897695 112.996210654577 121.642231941223 143.085221449534 153.693934281667 150.022745132446 151.332557201385 152.346740166346 133.166740338008 126.175383726756 131.044447422028 138.112783432007 133.365333080292 100.652823845545 62.3828967412313 48.2431550820669 12.048381070296 4.31047938764095 0 0 0 0
230.658272902171 232.476313908895 234.063506126404 231.703797976176 231.939514478048 230.704883734385 234.991570313772 231.201489766439 193.535685539246 158.077220122019 143.302788337072 134.48041677475 130.145579576492 112.908780574799 101.362377405167 109.164426724116 111.459930737813 97.2069601217906 100.920190413793 104.000002145767 102.815121412277 98.7171133359273 98.9016989866893 104.116131862005 101.659387350082 102.016597986221 110.480527083079 117.491821448008 122.874240080516 137.686143318812 150.120625893275 153.642892837524 152.675886948903 156.151374181112 136.516888936361 137.135605017344 137.655387322108 146.180202563604 146.03911836942 110.524197419484 38.202591240406 8.07765250404676 0 0 0 0 0 0
209.072093168894 216.754873593648 226.813673973083 224.538524945577 222.917755444845 228.668967882792 236.699759960175 238.184253374736 215.388933817546 172.921697298686 149.337073167165 128.833760817846 116.958836714427 107.958883047104 97.5237687428792 103.056927522024 116.164157787959 106.064061323802 103.271812200546 106.434335311254 108.109017213186 103.17991177241 99.9651749928792 103.494425614675 104.714810848236 103.914717833201 108.837882677714 118.839174509048 124.088913202286 129.331082105637 143.836925427119 155.357221762339 155.323843161265 146.325886249542 131.860196590424 146.597623825073 152.048875888189 154.634018739065 153.001685937246 127.368887265523 28.4923712412516 0.864720127234856 0 0 0 0 0 0
172.204792499542 183.649222056071 191.570103168488 197.253366311391 204.651931921641 219.456434249878 232.002218564351 236.640413602193 227.276881535848 189.159532388051 158.344169457754 130.448540051778 115.448256333669 113.338450590769 103.456199169159 96.8626737594604 109.23437277476 110.073367754618 103.740910689036 103.299369414647 103.892713785172 101.755172014236 97.9416171709696 99.2880860964457 104.171484708786 108.453184366226 109.48579510053 115.481019020081 120.962291955948 123.550146818161 133.304417133331 150.751560926437 152.889311313629 133.178522189458 136.56015197436 160.428712765376 163.8991634051 159.536600112915 157.212495803833 153.024226427078 96.3030060132345 10.878703246514 0.022093243993974 0 0 0 0 0
134.853492180506 142.269959052404 141.00922147433 152.161965767543 169.261356194814 185.943067073822 198.890606562297 210.476279258728 209.511717160543 182.963013648987 149.253606796265 126.031299432119 111.721307039261 110.362331072489 105.76789577802 98.8236467043559 103.709508975347 105.476905902227 97.3399678866069 98.3415246009827 101.73687338829 104.611853758494 104.239145914714 99.3348260720571 98.2590814431508 103.662927945455 109.820574522018 114.635099967321 119.893848896027 120.820641517639 123.786866664886 138.701597849528 143.890957037608 136.442561944326 161.39938433965 173.580447832743 169.695973396301 162.174065907796 164.292544126511 177.848835786184 173.90231291453 106.290896733602 26.7771308620771 4.21191100031137 0 0 0 0
123.535980780919 126.176655292511 125.295639038086 126.486887534459 136.394759019216 142.18274752299 146.262268225352 151.076445976893 150.564293066661 132.429828246435 117.366939783096 112.468858559926 110.213965177536 107.355793317159 104.561279217402 105.090359846751 104.115684827169 103.670457998912 97.2379644711812 96.9582994778951 101.4650563399 107.10209608078 110.165218512217 105.499267578125 101.545105377833 101.039697726568 111.337691545486 116.443604230881 120.166629552841 121.939440568288 121.904790401459 130.507260560989 137.095163265864 147.216419378916 172.082881132762 171.828846136729 160.629610220591 149.486094713211 152.591307957967 168.468475341797 182.119727134705 177.176872889201 118.77187093099 40.2631238102913 4.65491414070129 0.0511725423469519 0 0
132.253090540568 130.065778891246 129.563669363658 128.68454058965 125.211616357168 122.698028882345 120.102773110072 121.488561232885 125.501533349355 115.885217984517 108.332733313243 109.025587638219 112.967471281687 112.223426500956 109.442224105199 107.593317826589 102.10578640302 109.608153502146 109.028210242589 104.298730691274 106.351445118586 107.26124048233 106.03670279185 107.98520843188 110.241184631983 104.782044887543 110.373268524806 116.340438524882 118.796894947688 121.941377719243 124.939908583959 130.06587823232 135.112583637238 154.557436704636 167.282124360402 159.028470516205 143.65808169047 132.350047429403 129.915694395701 142.541964848836 174.302955468496 181.635836760203 155.899653832118 87.8310799598694 22.2675527135531 2.217888366431 0 0
