input/barkrak2/radiation/dir04724.grid
NCOLS 85 
NROWS 70 
XLLCORNER 665100 
YLLCORNER 4664600 
CELLSIZE 20 
NODATA_value -9999 
[rows 44 to 65 of 70, columns 0 to 48 of 85]
98.6062288284302 104.8603951931 107.907225688299 108.562231063843 110.595683256785 112.946768601735 113.40210835139 108.923862377803 104.035039742788 98.9838043848674 100.35569469134 97.1440970897675 93.1768119335175 92.3194289207458 91.5328860282898 91.329038143158 87.3210032780965 95.0495998064677 96.8553324540456 94.0179228782654 89.3016457557678 87.1931115786235 86.2417817115784 86.6779188315074 82.5694104035695 92.7585363388062 95.7838793595632 93.0143892765045 91.605414946874 91.9559299945831 86.8239303429921 85.680365562439 91.4881626764933 97.1805850664775 104.017357031504 106.956462065379 112.061341603597 121.384004751841 125.728130340576 116.604775190353 115.479598442713 108.525375525157 103.669742743174 82.1829487880071 46.6421147187551 6.94915403922399 0 0 0
105.529308319092 110.347062349319 107.460220654805 110.952228307724 109.496931234996 109.277685483297 110.668331384659 109.303444623947 110.170592864354 105.41100303332 103.919039169947 102.661341428757 97.2969233989716 92.0169055461884 91.5049910545349 95.1558152834574 88.8155400753021 92.0068422953288 96.7531899611155 94.8970516522725 91.6831294695536 92.0094549655914 90.797483921051 90.5126631259918 91.5270249048869 91.2304520606995 97.8436470031738 97.5109239419301 94.3054556846619 92.2596156597137 89.461346467336 85.1104855537415 89.6032849947612 88.0326628684998 88.3839726448059 91.1423166592916 100.226213534673 113.922148942947 114.652574062347 100.688298543294 103.785336017609 98.0549057324727 96.4454412460327 93.4081772963206 74.3162085612615 36.5566263596217 1.56142733370264 0 0
105.095793803533 107.063074906667 109.831035137177 112.247963746389 111.74605290095 111.531555652618 113.272964954376 114.88531033198 111.280759175618 109.257131814957 108.311076958974 106.962670882543 102.545529603958 98.7486640612284 97.8752275307973 102.43288675944 99.390705426534 93.244989713033 99.0053912003835 97.5083311398824 93.131681283315 94.791442155838 93.8496887683868 90.7590786616008 97.3691741625468 92.0851429303487 91.854194800059 95.3073998292287 95.2979028224945 94.1138962904612 91.9403433799744 89.6756052970886 89.1297062238057 88.7066622575124 90.5412137508392 91.1485254764557 94.503382841746 102.079451084137 104.249368111293 101.689875125885 100.369840860367 93.9551293849945 99.605123202006 108.358790477117 99.6529459953308 64.0851855278015 24.5133092006048 0 0
98.4977682431539 101.266324520111 107.645283142726 109.286526838938 113.302310307821 114.595790704091 112.426360448201 111.957559982936 112.096637487411 114.248931407928 110.534071922302 106.207797924678 104.926725228628 104.543308417002 101.863165696462 100.441147883733 99.0584492683411 90.6174381573995 95.5024858315786 96.9554583231608 93.3019518852234 93.5478409131368 97.6757407188416 90.6887749830882 92.8972661495209 92.4427310625712 86.2641334533691 91.4687116940816 95.5312152703603 94.0752724806468 94.4487154483795 92.6224986712138 88.8647834459941 92.3332770665487 103.596945603689 107.747912406921 104.202389717102 98.9558001359304 102.183878421783 113.572974999746 104.900419712067 96.0210065046946 103.919893503189 111.996372540792 104.977697134018 83.033894499143 44.2022482554118 9.59173465768496 0
91.000626484553 94.1054026285807 100.578804810842 104.634294907252 111.346453428268 115.368743737539 111.714651187261 109.775205453237 113.544642925262 116.124679644903 113.672326008479 108.942558368047 106.845716635386 107.26660490036 104.986806710561 99.2215474446615 98.2514719168345 91.8316344420115 95.9002375602722 99.8362104098002 98.6889402071635 98.2494155565898 100.099752346675 96.3758031527201 92.5167202949524 96.9114899635315 91.7324225107829 95.3184465567271 100.263774394989 106.345921754837 110.314548015594 109.456559022268 99.2719531059265 102.625548839569 110.382080078125 118.741502364477 118.490636348724 109.783122936885 105.389773845673 111.937522888184 103.236625591914 94.1129227479299 92.0189619064331 91.2541747093201 90.24511774381 89.1857047875722 77.6179482539495 25.3283604979515 5.31598987678687
89.8041526476542 86.8259469668071 91.4875467618306 100.802540779114 107.031603654226 110.816021760305 113.929400841395 116.764485836029 117.601960897446 113.573640584946 115.425089995066 115.640779336294 111.55566573143 108.332177003225 106.920848290126 101.985116799672 100.022961695989 95.6430733203888 99.1514523824056 104.966392119726 106.520444154739 106.240808963776 103.037983179092 104.129413763682 97.8944500287374 101.598352193832 101.210415363312 103.72120141983 111.944615840912 116.906781991323 127.121438582738 129.528919855754 116.682281096776 111.978352069855 110.925753911336 120.221873124441 124.224384625753 119.647453228633 111.863136291504 99.984606107076 92.8600430488586 93.6468740304311 92.3022329807281 86.6652031739553 83.1647962331772 87.7340038617452 82.8119764725367 31.1114713549614 6.64768492182096
90.4994706312815 93.7454501787821 97.4439680576324 104.321420192719 105.263938506444 105.60804605484 114.381372928619 119.529734055201 119.52950557073 119.170526663462 118.541260560354 118.035366137822 114.399751027425 109.447280565898 109.205007553101 113.4226222833 105.145871639252 104.207257429759 104.64134812355 110.129376252492 111.202259858449 108.650704224904 105.639119942983 105.399539073308 100.0883380572 106.777797142665 109.727372725805 109.587053457896 116.533438364665 123.758425315221 131.367097298304 133.894185225169 130.1582356294 115.893423557281 101.278762022654 105.976402759552 116.600493590037 122.729380925496 116.817474365234 94.9273705482483 87.2536400953929 95.7485934098562 98.4146893024445 95.0778226057688 87.7395669619242 85.7844452063243 71.0271100203196 41.790579756101 8.65330298741659
90.766837199529 102.403541405996 105.154007673264 107.207953929901 105.040848255157 103.91429066658 112.176120281219 117.865939935048 117.77784427007 122.595419486364 120.408773422241 119.882782300313 117.58894721667 112.261732419332 111.630459626516 118.416607379913 110.954691966375 107.343266407649 105.087329943975 107.606609662374 108.036319414775 106.707702080409 106.05717698733 101.313829421997 99.1923014322917 101.85710589091 105.479041735331 106.913109620412 109.728425741196 119.231561819712 126.639058192571 134.327709674835 128.093302249908 107.38464196523 74.5807389418284 50.15562971433 77.8254171212514 106.947263081868 119.392454624176 120.998620986938 114.603181680044 106.282323598862 87.9413783550262 86.0025386015574 93.3874050776164 87.8925124804179 67.7366554737091 55.2752067645391 15.9791894257069
94.90833679835 92.6133195559184 91.5048619111379 94.0811534722646 102.488964796066 107.962042093277 108.273535966873 114.580005407333 113.992025454839 119.211852550507 119.410912195841 121.688902378082 121.003746986389 116.0748898983 114.150752623876 112.762272357941 114.596505959829 107.255220413208 101.724197467168 98.8474686940511 99.3737677733103 101.722985506058 102.164645989736 96.5270102024078 98.726749420166 96.0542658964793 96.7158575852712 96.8902011712392 97.4296530087789 101.571530103683 106.182664632797 116.965303818385 112.774799267451 88.8869166374207 55.8444162209829 32.7138702074687 34.075029194355 57.1750154097875 100.364545981089 117.972016334534 123.094300429026 106.303632259369 84.519882996877 80.2620897690455 87.6782735188802 79.8425922791163 64.3900980552038 71.71830534935 52.6828865210215
98.3818173408508 87.6102248827616 84.736833969752 90.0375644365946 102.961838245392 112.121889988581 111.050188541412 112.708975871404 115.172763665517 115.028381347656 117.343723773956 120.514591534932 122.136722008387 120.65115571022 115.138431390127 113.193651040395 115.749011437098 108.795056740443 104.02841369311 104.749937852224 103.695213794708 101.420551538467 99.8404820760091 96.424808104833 96.8592365582784 94.3226317564646 94.4660802682241 94.0401355425517 93.1119024753571 89.4866983095805 82.41106569767 86.3004922866821 87.9187087217967 71.983128786087 57.2960327068965 34.0615188082059 20.9849675496419 18.811156352361 34.2352315783501 69.6619848410289 105.44474919637 96.2824523448944 85.4672193527222 74.8745501041412 63.2796237866084 62.9840542872747 61.8260105450948 81.4280211925507 93.2359496752421
98.7603068351746 92.7759607632955 89.6492699782054 94.5633451143901 105.039348204931 114.384601513545 117.321352163951 112.976988156637 117.590963840485 115.455170472463 119.702885548274 121.346334616343 122.66218662262 123.956014712652 117.729047934214 117.216696341832 117.412904898326 110.994795958201 106.56883319219 109.122773011525 110.153903563817 105.878581603368 103.659719228745 103.0453145504 100.026398897171 99.5896855990092 96.6960787773132 92.7846729755402 88.5513226191203 82.8359623750051 73.3933597803116 76.1310011148453 81.1881522337596 82.1406692266464 80.3849846124649 68.0178006490072 41.0713429252307 25.7532745599747 19.4691643118858 28.8253724575043 50.9267201026281 74.342002471288 50.9788195292155 42.146310210228 41.6748424371084 49.4737972815832 65.526415904363 73.8023519515991 88.3693099021912
102.40250825882 100.851992766062 96.5098142623901 94.3021376927694 100.366195042928 112.824598948161 115.188151597977 113.201369841894 114.858786265055 119.962493578593 126.303335030874 126.764337221781 124.719540278117 125.627815723419 122.250219186147 120.629827181498 120.925525824229 118.418643871943 111.940483252207 108.834485212962 107.644935448964 106.655975182851 109.696457783381 112.506995598475 108.103255430857 104.699234167735 96.9777405261993 86.7554148038228 80.4774363835653 76.3422399759293 76.3983329137166 82.2365035613378 86.7613355318705 98.174790541331 105.848968029022 105.145444472631 88.0131920178731 70.2048242092133 56.5820386012395 31.3783784707387 34.9549725651741 60.9151422977448 61.2293481826782 49.1920212904612 49.3486175934474 66.7732805013657 91.9031500816345 87.4319672584534 82.3572228352229
105.407337347666 104.780783255895 103.148430585861 98.6470977465312 99.2014706134796 109.823703765869 113.522787888845 113.52527141571 112.87925640742 122.07638223966 130.619804064433 130.077699820201 125.022560358047 126.595358053843 127.095172802607 120.401342709859 123.544613520304 119.084388017654 114.526728789012 111.26983165741 110.139141480128 110.82195242246 108.315120140711 106.9362560908 105.778823296229 100.846519072851 75.4035065571467 55.4477920134862 50.7139712572098 59.4876110553741 73.59812160333 78.6061386267344 84.8037203152974 92.388262351354 102.453052997589 114.924093087514 118.22705467542 97.9461272557576 98.0969071388245 69.4649716218313 45.2797065178553 62.7702126900355 79.5364230871201 80.5151462554932 80.5620650450389 96.1485703786214 125.476976235708 113.463779290517 89.3002053101857
104.018082221349 102.126389741898 105.908821026484 106.479813655217 103.013296922048 105.762968460719 113.773326079051 114.582628011703 114.369680484136 122.193823258082 129.443814357122 128.113190333048 123.267819484075 126.416226228078 129.62661186854 118.636916081111 120.186309019725 118.233859539032 116.011013587316 116.976131995519 117.14106798172 116.19688073794 110.104223092397 104.974706967672 101.839035749435 100.98264614741 81.4365694920222 59.1933528582255 59.4577540953954 69.8179403940837 82.7841262022654 84.6888224283854 96.2554415067037 107.487062613169 114.349901676178 125.75509150823 103.312273820241 56.9478223721186 57.3764393726985 67.9005682468414 71.8725919723511 86.5024228890737 91.7465686798096 74.8863120873769 47.5011120239894 75.6721198558807 101.889789104462 96.4647531509399 81.8796406189601
91.3036465644836 100.220551093419 103.740841150284 106.265286604563 105.913738409678 102.140496174494 113.563706477483 118.09782187144 117.910534143448 122.311721245448 126.231451829274 126.251717408498 125.05367398262 122.518420219421 123.372217019399 119.829048713048 116.088181734085 118.579099575679 120.245754718781 121.198117733002 121.865878502528 118.080765008926 116.363416115443 107.693334420522 105.681757132212 106.344521045685 102.666129668554 97.0150132973989 100.796192884445 104.412933190664 100.711911916733 94.9787894884745 111.067632834117 120.087921619415 114.6240234375 86.2638552983602 75.8471190929413 37.49980032444 24.4407703479131 37.7761051058769 60.6496731440226 97.4590579668681 94.4047073523204 80.032338698705 66.9652471939723 70.1634486516317 86.7541333039602 91.5768543879191 89.2261167367299
80.573558807373 96.8682169914246 101.514796415965 104.349633057912 107.280552387238 103.007783492406 107.970019181569 117.726266384125 128.40481599172 129.063804944356 125.621398289998 123.519202073415 124.98809893926 123.591333627701 123.413582642873 120.633184909821 115.618795156479 117.448339859645 115.963002045949 113.562981287638 114.749699831009 113.313088814418 111.714035272598 108.558317025503 111.746271451314 115.467300017675 125.133176644643 127.658536036809 114.460637172063 116.259733835856 105.029135942459 95.1262513796488 105.392823616664 95.8202083905538 51.5199154615402 40.809690952301 39.0224506457647 29.9486195047696 16.0296335816383 10.9215987225374 13.2727188368638 49.5539456605911 91.7550921440125 109.530627727509 125.66868464152 122.018883625666 115.060826142629 112.922916809718 111.708482106527
82.3356012503306 93.4189558029175 101.633767286936 104.382028182348 105.865369240443 106.323967377345 100.430836280187 111.507574717204 133.839289347331 132.656594117483 123.978197574615 120.22058169047 122.992396354675 126.659502585729 125.057260195414 121.403644482295 120.063781738281 116.697202126185 108.77404610316 100.602865219116 100.923955440521 104.153056939443 105.227082967758 107.142309347788 109.488646189372 115.165034929911 132.730503877004 142.195224761963 127.373705307643 114.520688851674 98.3918309211731 84.9105318387349 84.468533595403 78.7970225016276 56.8154205878576 34.0571155150731 35.5638389786085 46.8866527080536 38.2756839195887 22.1148679653804 11.607863008976 21.6532200574875 69.7493255138397 101.985851923625 112.983673810959 111.398686965307 104.615946610769 105.450540781021 100.625316301982
95.7959294319153 98.8942186037699 101.793020963669 98.0922977129618 91.2277499834696 87.7208411693573 96.4529017607371 103.072683016459 113.644689321518 110.621561606725 108.66579413414 115.097492933273 121.881753206253 123.195499181747 118.727535009384 120.865235726039 120.423098405202 113.72584104538 105.10974129041 98.9168286323547 97.7415243784587 97.7821151415507 100.850929816564 102.817595005035 104.570835828781 107.023725907008 120.642403761546 132.101396719615 120.532681544622 101.940333843231 93.1703348954519 76.6344368457794 68.9319769541423 82.5680245955785 76.3022502263387 46.6334919134776 56.0901661713918 88.6389513810476 93.2928423086802 71.26185297966 37.8518452246984 28.1032025814056 46.7169980208079 57.5638314088186 55.5101484060287 69.164365530014 74.3572314580282 79.5122087001801 78.0166238546371
108.857095241547 104.854245980581 100.867847601573 93.0429796377818 81.4156780640284 73.7910022338231 86.6143504778544 85.58522661527 73.7895667552948 74.715385834376 87.4973038832347 101.223826408386 107.745786507924 112.997472286224 116.226534048716 127.415965000788 129.970212777456 120.248258113861 110.917627811432 106.424828370412 102.623562018077 102.364261945089 103.335370620092 100.908478101095 100.433468818665 102.437794208527 110.02438267072 114.818652470907 108.109871546427 88.0195597807566 87.9079302151998 83.0071916182836 75.5228747924169 93.0805802345276 97.7595448493958 84.361602862676 75.188289086024 75.8633514245351 82.0745925108592 80.3077767292659 61.7452363173167 45.8907335996628 46.4070290327072 37.861501177152 29.4063463807106 33.4511796633402 54.7084311644236 58.9055021603902 64.0303989251455
112.135777870814 104.581346114477 99.226971467336 94.7920183340708 86.4437520503998 79.1858534018199 73.5886245965958 67.4869467814763 47.5899080435435 58.0786516269048 81.3354154427846 94.2397316296895 95.0480997562408 103.67339849472 119.00998155276 136.641760667165 142.628173033396 134.202798207601 124.62455034256 119.72842613856 113.780200481415 111.40043536822 109.726299842199 105.150332053502 103.458881378174 102.419147888819 99.5702842871348 97.9796846707662 98.4201530615489 76.8571694691976 79.2717685302099 81.8853129943212 76.2127339839935 97.2442130247752 116.178214550018 119.601190090179 93.2915409406026 48.2802490393321 38.9323383569717 56.2438021103541 60.9968950351079 56.3313116629918 59.1197460889816 53.3154507478078 39.645329117775 35.1491818825404 47.7977295716604 59.3134661515554 70.6977943579356
115.076283613841 109.013587236404 107.556839783986 108.869900306066 105.134963989258 97.6668496926626 91.5030737717946 92.7466849486033 90.8178190390269 95.6970552603404 105.858266353607 113.901913166046 114.214320977529 108.078271150589 119.340469439824 137.752771377563 148.921430110931 148.560583591461 140.194286902746 128.505657116572 121.550579865774 115.618079900742 114.209661881129 114.752312501272 107.945591211319 96.3618258635203 90.8742050329844 89.5661314328512 89.0058080355326 84.492693344752 69.6830600500107 68.7568038702011 60.7696672280629 84.3947033087413 125.418176253637 133.727888266246 99.3443727493286 61.78118288517 30.4114371538162 30.6488970915476 35.5841467777888 46.8782285849253 63.0968809127808 70.0302273035049 73.0169365803401 57.7102402846018 56.8856497605642 78.0487606922785 112.65899737676
116.024633248647 112.891336282094 113.18693558375 115.0770286719 114.410360654195 109.75573460261 108.82822672526 118.439962466558 136.728207270304 131.533900896708 122.128854195277 124.78040655454 132.074425617854 116.625716288884 117.533932129542 127.263247966766 138.252953688304 144.937415917714 144.759794076284 137.247224648794 130.342692136765 122.093021869659 116.46893620491 111.82509859403 106.842984755834 96.0444808006287 82.2011629740397 79.2943139870961 80.8859566847483 72.6588865121206 40.2804364760717 37.2140059868495 30.0627648830414 49.0624457597733 123.997241258621 134.754598140717 113.819062709808 103.283276160558 67.5145785013835 23.8219598929087 15.2247423926989 11.6942475239436 36.1670131484667 76.2683153152466 85.9338740507762 74.5429495970408 73.1664001941681 104.502330223719 171.90412680308
