input/barkrak2/radiation/dir09824.grid
NCOLS 85 
NROWS 70 
XLLCORNER 665100 
YLLCORNER 4664600 
CELLSIZE 20 
NODATA_value -9999 
[rows 0 to 19 of 70, columns 0 to 45 of 85]
260.896344979604009 272.793650627136 285.259286562602 298.698306083679 303.930163383484 302.25129922231 294.608334700267 288.461744785309 290.812492370605 291.859885056814 290.964762369792 294.069806734721 295.187671979268 295.315206050873 297.508339087168 292.020122210185 283.543686072032 274.070421854655 269.084930419922 258.377969264984 248.395880063375 256.78938627243 281.293928623199 288.370350996653 289.383828639984 295.420606931051 294.090370337168 280.293146769206 264.948944250743 260.932882626851 257.746497790019 272.990822792053 306.745211283366 305.815438429515 307.849625746409 292.221963405609 298.764665921529 310.767432053884 302.379707495372 307.354728380839 292.027533054352 291.235605875651 301.236271858215 308.949589729309 305.113633473714 303.512791792552
241.668959458669 256.185432275136 269.410133361816 284.849385420481 294.52383518219 295.808752377828 291.199564933777 288.275361061096 295.833110809326 295.527935028076 291.235188643138 292.74712006251 295.536557833354 296.804428100586 296.570042769114 292.439142862956 288.717150688171 281.395077705383 276.843229929606 265.409370263418 261.482715606689 273.179054260254 290.600101153056 293.770670890808 296.771049499512 299.337327480316 293.786525726318 281.847536563873 269.208312034607 262.32373714447 263.158122698466 285.329381624858 306.500116984049 305.653631687164 307.157317797343 294.610917568207 299.266437689463 306.467692057292 301.88508828481 308.53658914566 303.637345631917 295.96205552419 298.481901486715 304.177224636078 303.2013575236 304.364403088888
206.423064072927 219.140191872915 230.019231637319 242.135961850484 255.073269208272 264.198859532674 271.750966707865 281.309962272644 288.971682389577 288.308044274648 284.707129001617 288.733681042989 298.091510931651 301.663517951965 299.26852385203 303.864359855652 306.032220522563 301.114082336426 289.916674296061 280.035754044851 284.035563468933 288.780728975932 292.84546772639 293.98500919342 298.950413862864 298.694451649984 290.732701619466 280.758698781331 272.329171498617 267.370541890462 271.432360013326 295.593520005544 301.579693953196 304.671128590902 306.012749671936 299.959659576416 298.62642288208 299.045622348785 301.722725232442 308.041373888652 304.086109002431 293.664296468099 287.80464331309 293.60818862915 303.243100643158 305.533786614736
187.816580136617 189.535697301229 197.681446870168 203.679502010345 211.058259010315 216.497759024302 223.581890265147 238.42591047287 256.909370422363 270.882864793142 280.197819073995 291.667302449544 301.270286242167 304.758012294769 304.77374792099 307.211875915527 306.683897972107 300.613939762115 291.100700696309 286.786516507467 285.280803839366 283.483068148295 291.235983371735 293.035705884298 293.907920519511 295.865734418233 291.98960463206 284.448305765788 279.479245344798 277.771413326263 276.282032330831 299.229423205058 300.70956548055 303.159832954407 303.393999735514 304.869929949443 303.261121114095 301.693538824717 306.49471282959 305.811027685801 297.430356343587 284.271756807963 280.329346656799 294.749518235524 308.837453524272 303.69238058726
209.464033444723 193.309148152669 180.700103441874 172.126591205597 174.848437309265 191.351095835368 212.095856666565 222.657064596812 232.741355895996 240.019142627716 259.710371494293 279.850602149963 291.660944620768 297.463893890381 301.189621289571 303.058465321859 297.794123490651 289.119362831116 286.395271619161 286.274274190267 282.329281171163 280.815005302429 289.942701657613 291.640122731527 292.620082696279 297.084490458171 293.98367802302 287.466903527578 282.563050587972 279.481252034505 284.49805577596 305.466532707214 303.478499253591 304.97141679128 301.514903704325 302.089254061381 306.467890739441 306.966741879781 304.120639959971 300.458530584971 297.767539819082 291.653215885162 292.079091072083 297.993342081706 301.711757977804 296.92151149114
251.690109570821 225.225170453389 198.070168495178 174.733916918437 166.096736987432 176.688969135284 202.335357666016 219.413638114929 223.555525143941 223.398884137472 233.696818351746 247.19641606013 256.040354569753 262.401223182678 270.318567752838 277.03062693278 276.666522026062 277.137001355489 282.258947690328 287.427008152008 287.482480208079 290.705720583598 294.045388698578 293.033639589945 294.517417748769 298.234403133392 296.215335528056 292.15943813324 285.782714684804 283.847530682882 295.63029607137 306.478559970856 307.341535886129 309.439698855082 303.37651570638 300.80642302831 304.604113101959 304.650088151296 298.663020133972 299.87758398056 299.195130666097 295.037229855855 295.080403486888 296.138187249502 289.033691088359 273.550192515055
273.358146349589 250.107407569885 230.253497759501 209.465901056925 188.602089881897 175.963421662649 183.852076530457 212.070445219676 225.643356641134 233.700017134349 230.828205744425 225.71607430776 221.536695957184 217.68844127655 219.397346178691 234.641750653585 246.523280938466 263.826767603556 279.744267463684 289.858778317769 292.684276898702 293.288171291351 295.06782690684 293.891151746114 294.928193092346 297.206362088521 297.683596611023 295.824646949768 290.87221622467 292.912205060323 301.510691642761 308.234949906667 311.322649319967 309.722205003103 306.225339571635 300.238569577535 300.147950649261 297.126491864522 296.397745609283 296.123782793681 291.807393232981 288.504481315613 291.654904683431 293.854395548503 279.763003190358 270.882825056712
281.173805395762 272.07084496816 261.496543884277 246.075709660848 223.630388577779 193.579534689585 172.438005606333 172.44686683019 205.954273541768 231.289406617483 239.020605882009 235.121885935465 226.410567760468 216.724753379822 204.043865203857 206.926027933757 219.60194905599 235.90095837911 258.543352286021 276.449739933014 285.980443159739 290.447552998861 295.827269554138 294.374505678813 293.166855971018 293.042759100596 293.571889400482 292.723019917806 291.051904360453 297.029594580332 303.964813550313 307.297547658284 307.124972343445 304.823617140452 299.841284751892 296.912471453349 297.648390134176 292.064030965169 284.4264904658 277.568817138672 279.900034268697 288.285473982493 300.170640150706 304.133196671804 290.115932623545 285.499135653178
273.88725678126 274.364252885183 270.56896686554 262.96857992808 249.70151980718 227.938612302144 197.827617327372 169.143358866374 183.130939801534 205.320398012797 225.451648235321 235.065440336863 236.972272396088 234.333038330078 222.656031449636 215.22984902064 212.570389111837 216.482639312744 230.872432390849 248.06414047877 263.344605763753 275.445620218913 283.148646354675 280.514399210612 282.097121079763 283.097684383392 283.631424109141 284.186045328776 285.01292069753 292.734583218892 297.579348087311 297.388017177582 296.347200870514 296.387453873952 295.429607232412 295.293211936951 294.486045837402 289.426704247793 278.175294399261 277.018984158834 291.431387265523 302.820901075999 308.299859364827 307.225505510966 294.992009798686 288.68172566096
245.479007562002 255.027453104655 259.930491447449 259.972314039866 256.942093372345 252.966662247976 236.9105219841 218.348940213521 187.378883361816 177.818536758423 190.954486529032 216.471076011658 237.883309523265 248.253464698792 249.589721361796 241.25462770462 226.377646128337 221.260547637939 219.812492529551 223.23203086853 232.070465882619 239.871382713318 248.932003974915 256.132006645203 264.264563719432 266.910235087077 268.251061439514 268.860081831614 270.658334096273 276.946008205414 278.313954671224 279.052933057149 284.991959730784 289.102772871653 291.257580121358 290.088454882304 288.656075795492 289.932827154795 278.569539388021 284.359812736511 301.799992720286 308.080613613129 308.794975280762 306.422273317973 292.64889160792 286.899447441101
193.021496136983 207.172473271688 220.069746176402 230.765124162038 240.299622217814 248.108824094137 249.693592389425 244.292537371318 216.829657554626 190.978189309438 176.614960034688 184.582114219666 211.692531903585 237.372517585754 252.021114031474 242.396811644236 234.735429286957 227.771619955699 219.761391480764 213.585337003072 213.936328887939 214.318474133809 218.303322792053 231.654028097788 244.273245334625 251.877983411153 253.691097100576 253.974954287211 259.595354398092 264.596005280813 267.473121484121 270.927210648855 279.759526252747 283.501148223877 282.512227694194 282.169183095296 285.531361897786 289.409756660461 287.162045637767 294.957041740417 304.34513092041 308.163543542226 308.321634928385 305.969754854838 297.816177209218 296.152174472809
149.753759304682 155.285576979319 164.224207401276 177.176475524902 193.836092948914 210.837920506795 229.275365670522 235.647718111674 236.444592475891 222.571174303691 196.044305960337 175.651748975118 178.510049978892 201.482892036438 228.830317656199 232.509613037109 239.045639832815 235.716938972473 225.848158200582 215.197404225667 207.891384760539 205.375810464223 205.559968948364 214.803099632263 223.760326703389 229.841351509094 232.597708702087 236.992319424947 243.87800693512 248.651166756948 253.282427787781 258.694668610891 264.87922668457 267.947355906169 267.506500085195 269.244392712911 278.478463490804 287.860771020253 291.354616483053 298.688371976217 303.379058837891 304.737667242686 303.426424662272 300.397614638011 296.139597892761 295.054276784261
135.781586170197 130.295972029368 127.074698607127 127.832214037577 137.456814448039 155.510505040487 181.573172410329 204.023877779643 232.987682024638 238.140881061554 226.469099521637 202.039082845052 173.466523488363 171.149492263794 194.38236951828 221.99426094691 238.021194934845 240.84484577179 235.881884892782 226.612210273743 217.656095822652 216.444949309031 215.953906377157 216.827849547068 217.476546764374 216.972649097443 221.281707286835 230.293134848277 233.652671178182 235.066076119741 240.25813738505 245.761255423228 247.431774934133 249.2635846138 251.453101634979 256.562113761902 267.896850903829 279.084583123525 281.559189160665 288.124601046244 292.706926663717 293.612996737162 292.72464911143 293.255428473155 288.142621517181 288.28360637029
121.914446353912 97.2561538219452 81.903209288915 75.1038938760757 69.7570343812307 74.286883076032 95.8746870358785 135.289013385773 178.865631421407 216.832319895426 236.181298891703 235.728164513906 215.716958045959 189.500530560811 186.580936113993 211.968938509623 229.388991991679 242.929756641388 249.799410502116 245.697359244029 234.18140411377 230.929851531982 227.02556848526 226.645410060883 226.609210173289 224.55632686615 227.463841438293 236.165622870127 235.943694909414 229.064404964447 234.451353549957 239.860673745473 241.479138533274 241.818169752757 245.638211568197 252.180953820546 258.274416128794 263.830184936523 267.20130443573 268.45794916153 273.177822430929 278.453707695007 284.207503000895 288.738250732422 283.521374066671 286.059975624084
116.395543018977 82.0128917694092 55.6250015894572 44.7967052459717 42.2040025393168 47.8374560674032 60.1282318433126 86.9305729866028 116.359402736028 164.25946354866 223.214189211527 253.453771273295 257.711907227834 238.057514031728 211.918791135152 206.358035405477 211.974819501241 227.944612503052 245.938936869303 254.749496777852 252.581556638082 245.74863910675 243.116974830627 239.323119322459 236.029128233592 234.621306260427 236.418843269348 238.743364810944 233.843564987183 229.20682032903 232.138812541962 237.114787101746 237.181266148885 237.097462018331 241.116325060527 244.342108567556 246.062636375427 245.165606339773 249.479413032532 249.466816584269 255.252460638682 262.857913970947 268.553455670675 271.413067976634 271.605392297109 274.65832233429
106.521944204966 79.3063789606094 47.6945837338765 26.587391893069 38.2302130262057 62.425951162974 70.7959830760956 83.6459994316101 100.476602713267 131.33246699969 163.749913374583 205.764730771383 245.428760846456 262.074291706085 245.863894621531 213.733792304993 202.447891235352 205.182274182638 222.182591756185 247.96066681544 259.487271308899 254.522522290548 255.345145861308 248.956084251404 242.366592089335 243.043522040049 245.365977287292 241.027255853017 236.127356688182 238.268931706746 238.466143608093 237.832645575205 234.897951285044 232.597808043162 233.464479446411 232.801795005798 230.664769808451 226.51481628418 228.975971539815 231.203516324361 235.979417959849 241.921822230021 244.233926137288 246.115108331045 256.910979747772 262.428005536397
91.5321409702301 80.1011870304743 53.4016142288844 17.6465734839439 27.0748858650525 54.7981560230255 73.0505635341008 87.6933932304382 104.46626941363 117.064972718557 137.93667157491 173.68471622467 203.579783439636 227.276821931203 232.060313224792 237.605452537537 233.262221018473 219.603637854258 208.452781041463 220.010797182719 245.39577960968 258.272349834442 261.879106362661 257.24188486735 249.897142251333 250.808894634247 254.169841607412 250.174244244893 247.734228769938 252.574483553569 250.77877442042 239.629705746969 233.477632204692 228.6656498909 223.88623158137 222.786625226339 218.117654323578 216.742078463236 216.912031173706 220.570544401805 223.154683907827 225.502212842306 228.673299153646 231.506725152334 247.719605763753 256.691654523214
83.6664835611979 84.3832989533742 71.5117156505585 31.0791482528051 28.3146873116493 57.712400952975 78.4409840901693 99.0423659483592 116.867343584696 125.159978866577 135.654211044312 156.354854504267 183.234810829163 198.29801718394 220.288554827372 234.990378220876 239.555954933167 234.259208043416 219.781478246053 208.216528097788 219.894508520762 248.476028442383 255.214035511017 256.772955258687 257.306039333344 261.389056841532 265.070875485738 263.85094722112 261.274774869283 262.747824192047 256.620188554128 245.108922322591 236.111879348755 228.217879931132 221.796075503031 218.877236048381 216.110428174337 216.079394022624 215.568343798319 217.828392982483 220.370690027873 221.36249144872 221.686343352 225.599527359009 236.745794614156 250.199794769287
88.5839859644572 96.6927508513133 96.8357125918071 62.7100914716721 49.986998240153 77.1144330501556 93.387504418691 111.31818095843 128.348837296168 144.273390372594 155.747830867767 160.30952334404 171.854496002197 181.281685829163 196.660578250885 219.698230425517 229.564229647319 234.758814175924 238.746881484985 225.777924060822 209.175626436869 223.975658416748 234.335700670878 248.108923435211 260.96107562383 267.909149328868 270.941038926442 271.662513415019 266.45032564799 264.402031898499 256.353576978048 249.402721722921 240.077535311381 230.663994948069 225.678821404775 220.780968666077 218.797981739044 216.32726987203 215.024411678314 218.398531277974 222.577671209971 223.616719245911 223.162611325582 225.834389527639 226.776421070099 240.021467208862
95.3295628229777 98.3923375606537 110.530118147532 102.990478277206 88.7367029984792 94.5143798987071 97.4286397298177 110.456099112829 124.317626158396 143.485496441523 156.675050656001 154.875775178274 157.440602779388 163.210471471151 177.015980084737 197.022716204325 212.444663047791 218.345483144124 227.328419685364 234.253307183584 233.086844285329 219.221393267314 220.501581827799 230.563978354136 247.077345848083 261.379341284434 266.677061716716 270.948052406311 264.33668533961 262.935698032379 256.997545560201 249.053180217743 240.320444107056 233.185768127441 228.820065657298 223.680059115092 219.142854213715 210.371295611064 208.271682262421 217.070897420247 223.81579875946 225.226759910583 227.122624715169 226.123253504435 223.245183626811 232.551296552022
