input/barkrak2/radiation/dir06324.grid
NCOLS 85 
NROWS 70 
XLLCORNER 665100 
YLLCORNER 4664600 
CELLSIZE 20 
NODATA_value -9999 
[rows 42 to 62 of 70, columns 0 to 46 of 85]
151.536643505096 147.894044717153 150.733818610509 148.356785376867 141.722172498703 137.280881404877 134.178906679153 130.456288655599 129.516104857127 125.849713881811 124.01670217514 121.904015541077 126.53781970342 129.733482996623 128.17790110906 124.011109272639 121.352394421895 128.05520494779 129.786531130473 121.574610471725 118.473668893178 118.49519610405 114.766428867976 116.237670183182 122.381657361984 118.52765083313 115.160455306371 123.382429281871 130.290299654007 133.414804935455 134.671628475189 136.333703994751 146.493146816889 169.388930002848 175.320287545522 156.008164087931 140.911211570104 138.287574052811 141.061365604401 150.294303894043 159.222175677617 162.228326002757 147.380828857422 111.147662003835 47.4131206671397 4.8979123433431 0
134.860783815384 137.66606648763 145.945231119792 143.590579430262 145.761728286743 148.230423529943 146.943032741547 140.889465808868 128.594468037287 127.515941858292 129.92912530899 125.58235724767 125.076870123545 128.591120243073 129.960040251414 126.147538423538 126.456518967946 129.722684621811 129.611591498057 123.110751310984 116.877953211466 114.382972319921 113.058110078176 111.770927906036 114.556640386581 120.125591754913 114.562541246414 118.858536084493 124.548375606537 128.340691328049 127.253850301107 124.920348326365 137.997249762217 154.631406068802 159.772505362829 143.791675567627 138.374090194702 144.854327042898 151.68089667956 151.29162867864 145.937303702037 144.124746322632 137.139827013016 108.80035161972 59.2404901981354 6.51420218249162 0
133.326768875122 139.232575893402 141.982605059942 142.557680606842 144.522190093994 146.45791053772 146.832545598348 142.025659481684 136.862973372142 130.847454071045 132.916629314423 128.933529059092 125.515778859456 123.477558294932 122.591485579809 121.880541245143 117.058912913005 125.487248102824 126.812348763148 123.446037371953 118.493268887202 118.074357509613 116.759280363719 116.517921288808 113.430241743724 122.586061557134 127.330561478933 124.429206053416 124.325374762217 124.777932961782 121.47714694341 118.798355261485 125.670969486237 131.145348151525 136.657496293386 136.695096890132 141.791979471842 152.576635281245 157.136837641398 148.137549559275 146.26000324885 139.197746912638 133.505076169968 112.357318401337 75.5567848682404 30.3392857313156 0
139.408032099406 144.625425338745 141.192416350047 145.290553569794 143.090297778447 143.254359563192 145.14347910881 142.809172471364 142.934640248617 137.890766064326 135.689814885457 133.674035469691 129.012435674667 123.448709646861 121.596932411194 126.194924116135 118.748039007187 121.594508488973 128.229111433029 126.056253910065 122.662395238876 121.87268336614 120.023667812347 120.442668596903 121.044456958771 120.541046063105 127.641141414642 126.223375399907 125.895222028097 124.93755420049 121.941387653351 119.20835574468 122.620801130931 121.08192841212 119.689842065175 120.600759983063 129.892488320669 145.141889651616 146.571715672811 132.019191980362 135.564466317495 128.966311613719 126.275767882665 123.4463651975 104.619195063909 64.2475783824921 21.301527818044
139.592220385869 141.730576753616 144.293258587519 146.943330764771 146.173477172852 144.962946573893 147.134522596995 148.301631212234 144.605318705241 141.754547754923 140.48899213473 138.528714577357 133.60266884168 130.675584077835 129.062871138255 132.233381271362 128.252575794856 121.384352445602 129.236370325089 127.655257781347 124.192754427592 124.64107076327 123.004128535589 118.912478288015 126.901139815648 120.255529880524 121.565024058024 124.145179986954 125.7597108682 124.281734228134 124.380052089691 121.951669454575 121.988813082377 121.348063151042 121.635963519414 120.83175778389 124.380399783452 133.780618508657 135.797371466955 132.399847110113 132.6658030351 125.122090180715 130.094528198242 138.079355160395 129.580994447072 94.5302844047546 49.5389898618062
133.802970250448 136.581321557363 142.353743314743 144.732058048248 148.134728272756 148.80641301473 146.586447954178 145.949184894562 145.062496264776 147.1220155557 142.72074898084 137.937257687251 136.630237102509 135.572642087936 133.313030004501 131.647338469823 129.777133464813 120.495637257894 125.641087690989 127.243667840958 123.309393723806 123.30221136411 127.213696638743 119.109173615774 122.764805952708 122.604628403982 117.534637451172 120.291938384374 124.939819176992 123.253772656123 125.942577918371 124.894807736079 120.663593212763 125.58055917422 137.170523405075 139.660785595576 134.829183419546 130.003064870834 133.968750635783 145.433376232783 137.09216316541 127.394090096156 135.275463263194 141.595125198364 134.7975730896 113.291124502818 71.4932829141617
126.383423805237 129.333307345708 135.132769743601 139.56077893575 146.693368752797 150.071879227956 146.972974141439 144.193251927694 147.062798341115 149.376928806305 146.649171908697 141.306102275848 138.350437084834 139.538864294688 135.709742705027 129.68377272288 128.214210271835 122.240751981735 124.683300654093 130.569159984589 129.179199536641 128.124525149663 129.547963539759 124.965121348699 122.365375359853 126.060177882512 121.997813383738 125.594814618429 132.097085316976 134.303172429403 140.98792274793 142.693867286046 131.566335757573 135.025362173716 145.801117022832 152.914265791575 151.108980178833 139.878084262212 137.849827607473 144.5219318072 134.216547012329 125.684181849162 123.02162249883 122.197409470876 120.142062505086 119.071821371714 108.120898405711
125.741144021352 122.488051652908 127.250164747238 136.556128660838 142.179121573766 146.269241968791 148.796161015828 151.391138633092 151.41174197197 147.903978824615 149.468898773193 148.454010486603 143.55613787969 141.099800666173 138.385166724523 133.107354243596 130.529185136159 125.929752985636 129.197935263316 134.385238091151 135.651220877965 134.776383638382 131.106376647949 131.260126829147 128.29644481341 132.406731446584 131.469239791234 133.820245663325 138.899912436803 147.008130947749 157.56164987882 159.9380671978 149.706582228343 146.397272745768 143.171091874441 154.457867145538 158.569286266963 154.837340116501 143.647988637288 132.098734378815 122.130731741587 123.864909013112 122.898668050766 117.09588766098 112.986812988917 117.824961741765 112.324208021164
126.963595549266 129.695256551107 132.443169752757 140.071968237559 140.586187442144 141.614059607188 149.730096260707 154.426465431849 154.418677091599 152.892957131068 151.705880959829 151.966313521067 147.08998799324 141.579419374466 142.055322726568 144.980092843374 136.083741982778 133.541723092397 134.780029455821 140.817910432816 141.758342583974 138.903240362803 135.351260503133 134.460051854452 129.219671090444 136.023918787638 138.27778895696 139.438629150391 144.818892081579 151.565849781036 163.322339455287 171.425918738047 161.742071310679 150.275886058807 137.152224779129 140.325248241425 153.122713168462 160.679211219152 147.199292977651 125.484059254328 117.083132266998 125.32498439153 129.00256117185 125.255564848582 119.077126185099 115.472038586934 98.1534520785014
126.69579188029 138.691405455271 140.525996685028 143.327414989471 141.221920649211 140.444884697596 147.983849048615 153.532346089681 153.437455495199 157.825648784637 154.772599538167 154.323865969976 150.933057069778 144.886493682861 143.118331829707 149.877260128657 143.44401160876 138.026664654414 135.456909735998 138.597826162974 139.206935962041 137.57731517156 136.221667130788 132.363428672155 129.945576190948 132.402052481969 135.685632626216 136.956850687663 137.665857871374 143.156180779139 156.506677468618 169.939239819845 162.431349356969 140.454510847727 106.135110060374 97.9006191094716 117.714275916417 142.744829257329 154.905537764231 152.005702257156 146.445006132126 135.463714599609 119.471500317256 116.788774728775 126.259098450343 117.000232140223 93.7201380729675
130.343894163767 128.831217686335 128.028084834417 131.207644939423 138.92591993014 143.608907858531 144.166072209676 150.466412305832 150.393853584925 154.704471429189 155.668467283249 157.080888748169 156.107525030772 149.901628494263 146.003345648448 144.836326440175 147.563248872757 138.633966445923 132.844805717468 131.448805332184 129.631618658702 131.430327892303 132.449229558309 126.416345437368 128.15589706103 125.277658303579 127.14210152626 126.801550388336 125.280201435089 125.692129135132 134.171644846598 147.189249595006 146.401385466258 118.403981129328 82.0081929365794 62.4695966641108 69.1677232583364 98.6987054347992 132.163713375727 152.689556280772 156.100769837697 137.973288695017 113.253176212311 109.193235635757 119.942088921865 107.318719228109 89.4814928372701
135.120411713918 124.090532461802 120.787173509598 126.976748307546 139.498978853226 148.347109556198 147.662341594696 148.824503024419 150.961925586065 151.294151941935 153.527021408081 155.833264191945 158.251305421193 155.643145243327 150.484482447306 147.627641757329 149.912118911743 140.992293755213 135.921637217204 136.916160583496 136.560887098312 132.383684317271 130.659530560176 126.783152421316 126.711954673131 123.60554933548 123.518993457158 122.528394063314 123.142490784327 117.694040139516 108.546187480291 116.477529207865 117.660691340764 98.7670421600342 82.7528089284897 63.7260178724925 38.5566626985868 49.0912894407908 73.4028567870458 111.154874165853 136.204262574514 125.699500242869 113.11087012291 107.160091400146 100.342025359472 93.8637852668762 86.8799885114034
136.174619197845 129.33486700058 126.073062419891 130.908201138178 141.900599002838 150.286545356115 153.78342072169 149.374514818192 154.397865136464 151.982178290685 155.478854974111 157.754202683767 158.953487873077 159.991880257924 153.187056382497 152.486403783162 152.570754289627 146.750450134277 141.919980446498 143.462290366491 143.494625886281 138.957480589549 135.051627953847 134.923140207926 131.469190120697 129.266639550527 127.408544222514 124.655614296595 118.778884410858 111.859858036041 100.854655106862 106.042563915253 109.728306531906 109.213511149089 107.84637928009 95.6835647424062 66.9316152731578 49.777294198672 44.6435511112213 47.9575792948405 95.605194568634 101.358046134313 90.0640885035197 63.374603788058 62.7623498439789 83.1158806880315 91.5135939915975
139.789998531342 137.893696626027 132.267326116562 129.854738712311 137.271006902059 149.692823489507 152.246495087941 149.879952271779 151.162226994832 156.656583150228 162.796606620153 163.145254055659 161.864598592122 161.938299735387 158.036371072133 157.069444656372 157.316466172536 153.271625439326 147.47013648351 144.320805867513 142.026156187057 140.73650042216 142.298837502797 144.702613353729 140.027542908986 136.0930899779 129.491964975993 120.079924662908 111.299206813176 106.803397337596 104.058335224787 111.747572819392 115.756620963415 127.571890751521 134.740720192591 133.015831311544 120.720684528351 101.521184047063 85.5357646942139 55.2326738834381 65.5588308970134 86.428980032603 86.450586716334 73.7014611562093 74.3992229302724 93.0824478467305 120.897988478343
143.01061630249 141.80522163709 139.829734961192 133.904993534088 133.706857760747 145.925025145213 149.27222331365 149.823725223541 148.552417755127 157.862693071365 167.226990063985 166.212161382039 161.808907985687 163.820296525955 163.946916659673 157.032757997513 159.272909164429 156.490822633108 151.690036058426 149.384101231893 148.12445640564 147.454659144084 144.687910874685 143.172919750214 139.092028141022 134.069840113322 111.170550187429 87.9267851511637 83.3751261234283 91.4074977238973 103.316207726796 108.236104249954 114.254285891851 120.327333609263 135.714133580526 151.008745034536 144.508977731069 139.583001534144 140.174200137456 99.0899999936422 70.454811056455 88.9798998832703 106.729368368785 108.826180299123 109.929780165354 125.72459379832 154.048095146815
142.092575629552 139.462023973465 142.871697743734 142.300426959991 137.728800376256 142.342944939931 149.877200524012 150.68260828654 149.791161219279 156.328866879145 164.425293604533 164.484133323034 158.998966217041 161.349405845006 165.084938208262 154.586950937907 156.923154989878 154.704888661702 152.189701795578 153.085579474767 154.21865383784 154.408325751623 149.35710032781 142.561862866084 140.469332536062 137.733300526937 114.939977725347 90.9109612305959 90.7365878423055 99.7929473718007 113.481372594833 114.232967297236 126.038680473963 136.362820863724 144.825567801793 153.512189785639 149.443199237188 99.3947784105937 80.9466044108073 103.100260098775 100.209931532542 115.968326727549 120.461046695709 102.862536907196 90.7403727372487 104.905317227046 131.724615891775
129.608611265818 137.990613778432 140.476942062378 142.862190802892 141.26647512118 138.355890909831 150.31843384107 155.140101909637 153.828253348668 156.973948081334 161.088466644287 162.016709645589 160.243541002274 157.739450534185 158.965369065603 154.601365327835 150.364587704341 152.982185284297 154.123286406199 155.984987815221 157.670209805171 155.077675978343 154.551823933919 146.744678417842 145.911792914073 145.339836676915 139.507343371709 131.36554757754 132.074375947316 136.857052644094 133.254776398341 124.108612537384 140.32785097758 147.636145353317 142.63728260994 120.656023422877 99.8076299826304 57.6783865690231 42.3399358987808 64.7309869527817 103.473494450251 127.685169378916 122.875650723775 107.174654801687 95.2132046222687 99.8993416627248 116.825520992279
118.584781885147 135.35883029302 139.004051685333 140.9898797671 144.066572189331 139.204084873199 144.935558239619 154.849668343862 164.446224768957 163.948426644007 160.821855068207 159.508883953094 161.39621535937 159.258147080739 158.771942059199 155.90755144755 150.857001543045 151.906311511993 148.733665545781 146.325618028641 148.439784844716 147.828181584676 147.165278593699 144.824087619781 146.691501140594 152.785400549571 165.182242790858 171.826501687368 156.193047761917 154.050936301549 138.944576183955 124.218851327896 134.819398323695 125.589966773987 74.1765002409617 61.4318748315175 58.9050948619843 48.3790983756383 33.0451776583989 30.8957447608312 33.7910056114197 89.1114672025045 120.34676472346 141.749749581019 155.919343233109 151.009718577067 144.54585313797
120.379110177358 131.802042325338 139.416774113973 141.637613375982 142.871270577113 143.120477596919 137.168943881989 148.61927429835 169.736842314402 168.367882569631 161.668588717779 157.954295476278 159.8073442777 162.315050760905 160.998125871023 157.225926717122 154.61320678393 150.974829991659 143.546839555105 134.784678618113 134.810527165731 137.554695208867 137.173573176066 139.194329579671 144.249200820923 149.897575378418 169.219096501668 180.805603663127 165.729224681854 156.766762336095 129.770457744598 114.462077617645 114.508191744486 106.048295895259 80.8575848738353 53.0837873617808 58.1435660521189 70.1246956984202 62.6352926095327 45.1188186804454 32.224362095197 52.5286893049876 97.9396899541219 131.929298241933 146.863033374151 141.967634359996 134.571393330892
133.413334687551 136.617561181386 139.605065186818 135.481387376785 128.889232873917 125.454396009445 134.861469268799 139.805416266123 150.786737600962 149.021784464518 147.15321858724 152.569631735484 158.764580885569 159.631570180257 155.867944161097 157.525916894277 156.710048516591 148.738841215769 140.022973219554 132.48132665952 131.204098463058 131.371100743612 133.887658516566 136.165251334508 136.257121960322 139.762351910273 153.458565473557 164.813886086146 150.240530570348 139.619221289953 125.740468502045 106.7014336586 97.7920393149058 109.680930773417 101.347009340922 76.2249777714411 80.7724793752034 118.252813816071 125.585675239563 102.816184361776 64.7088984648387 52.0345369974772 72.6850827534993 92.3360884189606 90.8279120922089 98.2034802436829 103.338301181793
146.969318389893 143.030941486359 139.233082532883 131.28928343455 119.259784619013 110.143154859543 123.551994562149 123.107194900513 109.78423555692 111.085474491119 128.603378931681 141.156007846197 146.071016788483 150.452395280202 153.591424226761 164.343337217967 166.541973749797 156.669984261195 146.832803885142 142.151733239492 137.445549170176 135.806143283844 136.792202790578 133.264104525248 131.966213385264 134.793698787689 142.636269330978 145.620803038279 139.85139131546 117.652008930842 123.09855222702 114.311188459396 105.06800810496 120.969404776891 123.23256333669 110.022008419037 102.982103824615 105.947693188985 112.072328726451 107.976526021957 92.7481849988302 73.3965535958608 72.5461741288503 69.4036185741425 48.6128429571787 66.8835788965225 81.5180838108063
