input/barkrak2/radiation/dir02324.grid
NCOLS 85 
NROWS 70 
XLLCORNER 665100 
YLLCORNER 4664600 
CELLSIZE 20 
NODATA_value -9999 
[rows 0 to 22 of 70, columns 0 to 50 of 85]
70.310935378074603 84.3316515286763 100.356568892797 120.712498823802 141.917248566945 145.620137453079 145.130823055903 143.078565597534 141.107797622681 144.415269295375 145.163009564082 141.300102074941 135.167151689529 135.885020097097 135.892808437347 122.380952040354 109.774072964986 98.7924834092458 98.668227593104 99.1890132427216 107.004036506017 124.841541051865 142.405609289805 149.49232339859 154.072811206182 165.305912494659 163.844724496206 154.65513865153 146.620005369186 149.688690900803 145.935028791428 165.969590346018 199.444433053335 194.351593653361 193.64599386851 187.834223111471 193.213999271393 204.117059707642 200.31076669693 200.745224952698 197.845200697581 206.488966941833 211.342831452688 201.919794082642 190.537889798482 197.101096312205 203.806142012278 163.27315568924 110.608816146851 106.386303901672 128.693342208862
46.6456711292267 63.6112789312998 70.9391931692759 84.5337609450022 94.4632887840271 108.37909579277 119.434207677841 139.452040195465 150.547156731288 150.17702182134 147.547642389933 142.825861771901 137.563228607178 137.608786424001 137.693961461385 124.954700469971 114.990095297496 106.702953577042 104.162603616714 102.522591749827 115.730226039886 138.683160146077 153.292040030162 152.937124172846 160.982797543208 169.490138689677 165.80793261528 157.135059436162 151.571065187454 150.950620571772 152.101625998815 176.263610521952 199.001948038737 192.115922768911 190.149923165639 185.935616493225 194.682021935781 200.091004371643 195.115129152934 195.094505945841 192.915399869283 198.186695575714 197.785576184591 186.815182367961 181.350608666738 193.696896235148 194.571455319723 146.444767713547 117.940207322439 128.161023060481 157.160262266795
22.6456249753634 30.5991272131602 38.8169934352239 43.1313862403234 50.8595953385035 61.3648841778437 74.2082993189494 92.6488141218821 108.700672785441 119.929075241089 141.282498836517 144.341389338175 146.590282519658 148.084193468094 149.917632341385 148.113191127777 144.075016180674 133.692582448324 119.525541861852 114.05278245608 125.391354163488 142.341454823812 152.936776479085 155.274043480555 157.168765862783 156.502485275269 158.230463663737 157.641589641571 154.432038466136 158.152043819427 168.107072512309 187.492171923319 198.848207791646 193.517327308655 189.505974451701 188.943107922872 195.817291736603 197.844584782918 192.165553569794 188.218772411346 186.274131139119 180.334985256195 168.723444143931 164.719740549723 171.036303043365 188.252170880636 181.113918622335 140.148053566615 137.010097503662 156.198004881541 181.961258252462
11.3296036918958 12.4964689215024 17.2909200191498 18.2871893048286 22.6614077885946 26.5055497487386 32.87706275781 47.5859493017197 61.6008142630259 76.2045681476593 98.8708933194478 120.891710122426 135.601540406545 145.755211512248 152.594755093257 158.806582291921 155.901412169139 146.342863639196 128.217657407125 122.918287913005 124.199459950129 125.784864028295 136.348028977712 145.697375138601 145.48263947169 145.261526107788 147.582481304804 148.751527070999 158.020049333572 163.637081782023 171.131730079651 187.781095504761 192.411820093791 192.44239727656 189.668377240499 189.858694871267 192.096173763275 192.704796791077 186.196982860565 176.166276137034 171.474734942118 163.454671700796 163.747519254684 173.996726671855 185.543874899546 181.764086087545 162.806510925293 141.887982686361 146.523555119832 159.441570440928 180.340131123861
20.4152601460616 13.7397410968939 8.77505416671435 4.39032912254333 3.58083533744017 12.3783697684606 23.093526562055 30.3134272495906 40.7872398694356 46.1144695679347 61.5515609582265 79.0717452764511 95.5655475457509 102.620919545492 106.669505437215 112.043937047323 108.641425768534 111.881136894226 112.138897180557 111.018319924672 111.528108517329 113.638510306676 121.395220359166 127.327015002569 138.224065303802 143.722901741664 146.184146404266 147.00640241305 151.111950476964 158.138692378998 165.685067574183 185.507694880168 184.735814730326 187.186817328135 187.299271424611 185.944775740306 182.62247244517 179.9130042394 171.131650606791 162.732601165771 162.25611170133 162.856121857961 169.367591540019 181.611180305481 183.712402979533 160.32999753952 129.216482241948 127.603381872177 140.178819497426 158.375759919484 186.334093411764
42.5870567560196 30.4503937562307 16.5598305563132 5.96700112024943 3.11811578770479 6.6799974689881 16.4294491211573 25.4512578248978 32.1941922108332 31.7803919315338 39.1067614157995 46.2567806243896 53.37326725324 55.1204482714335 61.7186824480693 67.3964420954386 71.1844613154729 78.7600676218669 88.6275172233582 96.4515010515849 105.436931053797 109.302977720896 111.433446407318 117.058803637822 125.7251004378 132.320920626322 133.913934230804 140.918334325155 147.919436295827 152.353783448537 168.649554252625 182.420492172241 176.298975944519 177.375753720601 176.924626032511 176.840941111247 173.955142498016 169.174094994863 162.974546353022 163.190941015879 162.599821885427 161.985049645106 164.260894060135 167.153974374135 162.780940532684 130.938500165939 107.668419679006 119.198123613993 139.180054267248 176.847139994303 199.896772702535
61.4008009433746 44.4732209046682 32.7220012744268 20.7642950117588 9.89780947566032 5.66321300963561 7.88885789612929 20.0347304344177 27.0825376113256 31.1365872621536 30.3350115815798 28.4086465835571 29.8035467664401 26.5153671304385 29.2056749264399 39.5370597640673 48.7228880325953 60.9028538068136 78.4050623575846 90.9818311532338 100.493907928467 110.915770133336 108.291834592819 105.726192394892 116.104940573374 119.677732388179 123.473058144252 131.784786780675 137.26931810379 146.429826815923 156.740446885427 159.784396489461 147.968639930089 147.53598968188 153.977731863658 161.080340544383 161.770155032476 157.527069250743 152.711570262909 149.018347263336 144.420703252157 144.885430733363 151.556789875031 158.793022235235 156.383991241455 152.362088362376 160.720457633336 168.05366675059 182.627081871033 200.147946675618 203.626791636149
75.2017746369044 60.7089499632517 46.0456113020579 37.6112014055252 26.9550730784734 10.9612693389257 5.42537868022919 0.151680297373484 12.1844783425331 24.9130924542745 31.1346650123596 30.081902941068 27.5332580010096 25.1312851905823 21.579273045063 25.0443642338117 32.9003358880679 42.1382784843445 59.8863661289215 74.0831693013509 88.0602697531382 101.128101348877 108.440021673838 106.944362322489 108.12321305275 106.647551059723 109.72132285436 118.345886468887 124.075949192047 133.913020292918 141.189396381378 144.128302733103 134.770264228185 130.199650923411 128.887593746185 130.803853273392 147.237618764242 148.400117953618 145.584136247635 129.937738180161 125.85723400116 132.806579271952 149.044305086136 161.132097244263 164.874871571859 170.160889625549 176.810522874196 179.908851782481 188.81626923879 190.457224845886 184.126933415731
69.7315136591593 62.7342462539673 50.5352914333344 41.0330817103386 35.2906038363775 25.5012263854345 12.9367485642433 4.41993462542693 8.74306137363116 14.0214251975218 20.8321089545886 27.918316423893 31.5171455343564 33.2026481628418 31.3584258159002 30.050220588843 29.4631272554398 31.3956091801325 41.7728126049042 52.7956436077754 65.0092115004857 79.456756512324 89.0396634737651 92.3332571983337 95.605194568634 97.8452265262604 96.2813099225362 100.321263074875 108.419120311737 115.876535574595 121.696094671885 123.828987280528 119.669526815414 119.394282499949 119.050314029058 122.200906276703 124.849557876587 132.550736268361 140.981256961823 134.955594937007 139.141192038854 149.910946687063 155.348777770996 158.537805080414 157.273977994919 158.405145009359 160.348077615102 168.776432673136 178.305725256602 173.831502596537 169.578671455383
51.8915255864461 48.3240187168121 40.8920695384343 35.0143437584241 31.0758526126544 27.5147606929143 23.5380157828331 15.6544720133146 9.02851422627767 7.18251677850882 10.4652233421803 19.1087846954664 30.8086027701696 42.1523551146189 46.2521016597748 45.8396971225739 36.9968290130297 34.6194754044215 36.2105915943782 37.5268384814262 43.78675421079 50.7877121369044 59.6756984790166 67.8191334009171 79.3469250202179 82.9697151978811 81.7833493153254 83.5696657498678 84.5035115877787 90.2718702952067 98.9621778329213 99.4522372881571 104.640732208888 106.088787317276 110.829850037893 115.310291449229 114.077150821686 119.658241669337 127.131958802541 145.4216837883 155.388136704763 159.603009621302 159.087071816126 158.383766810099 155.785580476125 157.670309146245 164.311945438385 169.487178325653 171.772440274556 170.252124468486 171.706517537435
13.7465447187424 12.9273124039173 15.3037682175636 14.8476163546244 9.36335325241089 6.63545851906141 12.8003892799219 16.3648674885432 14.0006815393766 10.3229613353809 7.58698272208373 9.81596298515797 20.7994977633158 33.5247168938319 44.2504783471425 41.271818180879 41.1406507094701 38.9418130119642 35.6508220235507 33.3355814218521 33.5978815952937 34.3937004605929 39.3716941277186 49.9696334203084 60.2238128582636 69.9745416641235 69.8505391677221 69.5514927307765 74.1725365320842 75.5893290042877 78.862339258194 88.4713232517242 97.3317424456279 99.1418957710266 101.701766252518 103.013743956884 106.459339459737 111.334870258967 121.426890293757 136.335869630178 142.591526110967 155.746519565582 157.29429324468 153.629620869954 154.138962427775 158.148308595022 164.606759945552 167.332768440247 166.570236285528 170.513729254405 172.267814477285
0.659952561060588 0.857864428932468 0.225498360426476 0 0 0 1.069408065329 9.12615843117237 16.5859684348106 17.2401269276937 11.525385081768 7.65210141738256 9.96465670565764 19.8208031555017 32.7278499801954 37.3341962695122 44.4900294144948 42.9708311955134 39.237841963768 33.7089225649834 30.0213346878688 29.567318658034 30.8233847220739 37.2715319196383 44.1469798485438 51.297386487325 54.8363824685415 57.3231081167857 59.9885433912277 64.2234434684118 64.212366938591 64.0684515237808 68.5381094614665 83.9349230130513 84.6702456474304 87.110181649526 96.3603456815084 105.428636074066 110.043287277222 125.158607959747 130.435585975647 129.36125199 123.66000811259 131.956875324249 140.699118375778 141.314744949341 145.755549271901 151.981939872106 155.384093523026 162.135203679403 162.278036276499
0 0 0 0 0 0 0 0.564574147574604 13.7491797407468 21.6516231497129 21.5218092004458 15.687828262647 7.84392034014066 7.8674095372359 17.700020223856 33.8439295689265 43.0387705564499 46.1715906858444 45.6266005833944 40.7320658365885 36.3980382680893 37.1541902422905 37.9702125986417 39.2169306675593 40.7911414901415 42.1757896741231 45.0716664393743 51.96812748909 53.8649360338847 52.3951500654221 54.4567952553431 55.0598055124283 52.1424114704132 49.1115550200144 58.4258735179901 75.7378985484441 82.3516696691513 91.0241603851318 95.7476894060771 102.851172288259 109.769314527512 109.059303998947 108.942329883575 110.284815231959 109.890123208364 128.682682911555 127.985497315725 130.919456481934 133.206109205882 138.257284959157 142.525881528854
0 0 0 0 0 0 0 0 0 11.9768269360065 20.2701091766357 28.6733979980151 24.2616261045138 16.7700983583927 15.7095218698184 28.2231693466504 36.9309534629186 48.2195218404134 53.9544522762299 52.4418850739797 47.8641192118327 46.2316026290258 45.2095071474711 45.6752677758535 47.4816858768463 47.9058374961217 49.7896770636241 54.1195223728816 56.1753213405609 49.3253568808238 49.2218633492788 48.7117966016134 48.9925841490428 45.0164924065272 43.6749557654063 47.5712915261587 52.6414662599564 70.5372641483943 75.6478408972422 81.1564922332764 86.2569610277812 89.2998973528544 94.6918229262034 101.441929737727 100.231389204661 108.704378207525 113.310466210047 116.601377725601 114.95170990626 117.001156012217 118.611603975296
4.30033262819052 0 0 0 0 0 0 0 0 2.42907010639707 18.8113811115424 32.1072563529015 38.2533520460129 37.31386611859 26.9516855478287 25.5801975727081 29.0958980719248 38.485382994016 51.0875284671783 60.6428285439809 60.7158988714218 58.3469967047373 57.4156840642293 54.4423808654149 54.4041941563288 55.1155010859172 55.5138289928436 56.291605035464 54.2811999718348 51.4314870039622 47.2583770751953 46.86372478803 42.7471299966176 37.8725801904996 40.3805250922839 37.4555066227913 33.0504005153974 34.7388461232185 38.8185928265254 46.7686305443446 58.1735620896022 63.690572977066 66.3570066293081 72.2776502370834 82.5934708118439 89.64604139328 98.1382826964061 99.1320411364238 100.985546906789 105.024129152298 105.902175108592
4.74525056779385 0 0 0 0 0 0 0 0 0.341497322854896 13.227096448342 32.6250071326892 46.0921625296275 52.6030162970225 44.2874083916346 29.1184956828753 24.0411435564359 25.6643046935399 36.903460820516 55.3756505250931 67.2713220119476 64.2119099696477 67.1718269586563 63.2360378901164 61.2330337365468 62.163049976031 61.1088623603185 60.7777784268061 57.1741362412771 55.1702131827672 52.4431516726812 46.9562510649363 41.774183511734 34.6881548563639 31.4917216698329 25.8019020160039 21.50992055734 17.1152452627818 22.3358968893687 24.2074529329936 27.9511362314224 29.8987875382106 36.6582125425339 41.5266950925191 51.7935653527578 57.3166956504186 68.645586570104 78.0868629614512 79.4149339199066 81.9266786177953 97.5430409113566
3.11825362344583 0.156155399357279 0 0 0 0 0 0 0.172182122090211 0.409274400832752 0.927213889857133 22.5817710161209 42.8751806418101 51.6299506028493 55.2927951018016 49.6453791856766 42.9736375808716 34.5527529716492 30.4869661728541 36.598801612854 54.0866355101267 67.0187970002492 72.6577540238698 69.4410800933838 67.5244480371475 67.8241103887558 70.465882619222 64.2922868331273 67.2739346822103 64.5619084437688 56.9626291592916 45.4383045434952 40.9854178627332 32.5056239962578 27.0539696017901 22.0618819197019 15.7054178416729 12.2047178447247 11.9987005988757 14.2085589468479 15.9900262951851 18.1707007189592 23.0543563763301 24.5479171474775 33.8690554102262 41.1223123470942 48.4812806049983 53.4828801949819 62.5397562980652 70.2153046925863 75.4932016134262
1.77816612025102 0.33439261217912 0 0 0 0 0 0.195769573717068 0.865756766870618 1.36102580775817 6.65498338639736 14.8549365500609 27.7996932466825 42.0818974574407 54.6659181515376 59.663787484169 59.7934226195017 52.2849857807159 41.1809807022413 32.0087720950445 39.5965973536173 58.8504026333491 68.8562095165253 72.9849735895793 74.649840593338 77.4576514959335 80.7684560616811 76.4004637797673 71.6802179813385 72.4040120840073 64.1344885031382 50.6360332171122 38.9252702395121 28.7514726320903 21.22563123703 17.1449221670628 11.7877970139186 7.67816603183746 5.08699255685012 6.19876012206078 5.89229104419549 10.5783802767595 16.0838874677817 19.5348920921485 24.6377562483152 32.6670035719872 41.1629428466161 43.4767951567968 46.6085424025853 52.8366068998973 61.0219488541285
1.99525989592075 2.39648250862956 1.65626313537359 0 0 0 0.0764354966425647 1.71225393811862 2.34434458737572 10.9490888814131 16.2371347347895 18.9853807290395 24.4770124554634 34.2649072408676 46.8894193569819 55.7782749334971 62.6144707202911 63.2412980000178 61.0798945029577 49.6696084737778 36.6237039367358 45.5028166373571 55.3550024827321 66.2732472022374 77.4621466795603 83.3588441212972 83.3369592825572 87.7800683180491 78.5822470982869 70.1818466186523 57.8514536221822 56.17456138134 42.3428664604823 28.7626187006632 19.7417736053467 15.8783073226611 9.55171200136344 5.49122566978137 3.19592623660962 1.32796975473563 4.296883319815 6.68363831937313 8.96861280004183 15.8872207005819 18.9820950229963 25.9970749417941 29.5629948377609 32.6817731062571 38.5148723920186 42.8614219029744 47.5805898507436
2.0634097357591 1.35704036802053 2.49371149887641 0 0 0.469992790992061 0.877730005110304 2.03165023898085 2.62217409908772 2.7179525544246 18.2566121220589 16.9125596682231 17.3024460673332 23.6073459188143 32.4238240718842 47.6280003786087 51.8998056650162 57.1981817483902 62.3982201019923 61.9236727555593 55.3899506727854 46.0094312826792 48.8005876541138 56.4051568508148 67.7696764469147 76.4792213837306 83.2604716221492 80.5441041787465 72.073832154274 71.8607405821482 60.9860916932424 48.0250418186188 40.35717745622 24.2624928553899 19.2058583100637 11.7697082459927 4.86209926505884 0.485849101096392 0 0 0 2.21275833124916 9.82781561712424 12.3760029673576 14.4501812756062 19.5363188783328 21.2798317273458 23.3961741129557 28.5825083653132 32.3177302877108 34.6161921819051
4.36365511268377 0.897072643662492 0 0.109176461895307 0 0.833699169258277 0.59344704883794 2.36783875152469 3.17811996986469 3.20290712018808 12.8972666958968 12.4236891667048 11.3674451907476 14.4072497884432 19.9356004595757 29.1108464201291 38.7712667385737 45.2018529176712 53.6508212486903 66.9476489226023 70.8173662424088 62.0510776837667 61.0780964295069 64.6572510401408 65.9548938274384 67.7773008743922 74.7293879588445 72.9959507783254 70.4147517681122 59.5591366291046 55.0178984800975 40.6486913561821 24.881641070048 15.8348803718885 6.99609890580177 0.901396386325359 0 0 0 0 0 0 3.31365317106247 7.12432650228341 9.2737910648187 12.6652171214422 17.2042809426785 22.4061459302902 24.8618101080259 24.5018377900124 24.1471007466316
15.3998807072639 8.41103680431843 0.950313949336608 1.73735525459051 1.69079812864463 0.41830826861163 1.81149458512664 3.66197153925896 4.02395675579707 3.43817907075087 5.48486287395159 10.2170935521523 10.0408922880888 7.93862094481786 12.789323925972 21.3753605882327 31.8621372183164 39.2543425162633 46.7698822418849 59.8877171675364 67.2661860783895 78.3533155918121 81.7551861206691 80.736368894577 74.8259474833806 67.0825739701589 63.2423311471939 64.0765130519867 64.7444874048233 51.6002029180527 33.75011185805 21.8447993199031 14.557088414828 3.13839719941219 0 0 0 0 0 0 0 0 0 1.45996067052086 2.90013321985801 7.02804264922937 8.8715236634016 12.1107672651609 13.6337677637736 15.4452497760455 15.8585173388322
44.9125667413076 38.5291899243991 17.8798735141754 10.9625508387884 7.48275096217791 2.60184612125158 5.30156741539637 5.73517506321271 3.94683859000603 3.10933527847131 11.6162486374378 11.8902648488681 12.7279286583265 12.6529509822528 13.6635961631934 18.5323295493921 27.454748749733 36.6443395614624 42.3322816689809 44.5571194092433 48.275038599968 61.6548458735148 72.7331886688868 76.2444039185842 77.4539063374202 70.7393785317739 64.3932272990545 54.7438859939575 58.7863624095917 39.7258996963501 20.4582748313745 8.43078767259916 0 0 0 0 0 0 0 0 0 0 0 0 0.672936594734589 2.26932050039371 2.49169844513138 5.02913352102041 10.2661202351252 10.3410929441452 11.3227044542631
