input/barkrak2/radiation/dir00224.grid
NCOLS 85 
NROWS 70 
XLLCORNER 665100 
YLLCORNER 4664600 
CELLSIZE 20 
NODATA_value -9999 
[rows 0 to 22 of 70, columns 0 to 51 of 85]
45.137688517570503 55.5032193660736 65.8700317144394 79.1231940189997 84.2342178026835 88.6360009511312 93.7872926394145 95.8318014939626 101.983686288198 120.777825514476 121.555348237356 117.789387702942 113.484621047974 114.165167013804 114.221493403117 100.098450978597 88.6105497678121 78.5606851180394 78.3670743306478 78.9879808823268 86.9540870189667 102.899134159088 119.267771641413 121.695558230082 123.180071512858 130.909462769826 129.737248023351 123.832225799561 121.660868326823 125.339090824127 122.032036383947 143.424143393834 172.382493813833 167.461733023326 164.253612359365 159.063676993052 164.391070604324 169.553776582082 164.104968309402 166.031201680501 163.280487060547 171.17440700531 178.950031598409 169.255057970683 160.92790166537 171.879867712657 179.79230483373 135.257373253504 91.8294290701548 88.0298018455505 108.50664973259 147.989769776662
28.9295514424642 39.0117317438126 46.8495041131973 55.930107831955 65.0715877612432 72.4536031484604 76.8868525822957 87.0075821876526 90.3214812278748 98.3349780241648 100.381851196289 113.933920860291 114.17485276858 114.197373390198 115.88195959727 102.430999279022 94.8567589124044 85.7147673765818 83.3558142185211 81.9602161645889 94.5396820704142 115.954031546911 129.254907369614 128.667294979095 133.092959721883 135.447899500529 132.824917634328 125.043163696925 121.69607480367 125.703523556391 129.819174607595 151.419301827749 171.769360701243 167.563637097677 162.797977526983 159.508913755417 166.555941104889 170.519610246023 162.984291712443 163.404196500778 162.474950154622 165.866166353226 162.024994691213 151.765634616216 149.734437465668 161.728113889694 163.732320070267 127.061655124029 99.1548995176951 108.438750108083 135.471294323603 167.701085408529
9.98995204766591 12.936865290006 19.5260184506575 25.3529946009318 28.4090091784795 36.3058522343636 45.4479306936264 61.3866150379181 70.2604055404663 77.1867285172145 83.5710565249125 91.2509163220723 93.8225289185842 101.145803928375 100.480784972509 114.291737476985 114.028990268707 101.963857809703 87.0245297749837 81.2419901291529 90.9637014071147 108.600646257401 124.422331651052 126.874814430873 130.677342414856 132.038354873657 130.60317436854 125.682890415192 124.348034461339 128.304670254389 139.977196852366 161.203722159068 171.699066956838 168.820838133494 162.160476048787 161.997050046921 168.788651625315 170.693198839823 164.903908967972 160.79976161321 157.477408647537 151.275793711344 141.398211320241 133.962690830231 135.612626870473 150.759001572927 148.426165183385 120.785375436147 114.02839422226 135.186642408371 158.511241277059 177.589456240336
3.95790922145049 3.89209327598413 6.55008852481842 7.23900273442268 6.56370197733243 12.1197290718555 17.1496110657851 25.8244077364604 37.9990736643473 49.3708501259486 57.9068561395009 75.0693380832672 80.2227109670639 82.4990967909495 86.9896511236827 94.1734214623769 94.9216783046722 87.6817107200623 79.1146904230118 77.2529045740763 78.3315747976303 82.6899856328964 94.9813723564148 104.429930448532 111.004094282786 115.697085857391 117.124934991201 122.293680906296 126.670181751251 132.232586542765 138.041625420252 149.0744749705 150.491923093796 157.007614771525 162.374873956045 162.47288386027 164.674093325933 165.295233329137 156.313439210256 147.218515475591 145.209391911825 138.336400190989 137.083500623703 145.756244659424 150.499473015467 142.905692259471 132.794260978699 118.231117725372 123.135070006053 137.749910354614 156.754384438197 173.963963985443
10.9988575180372 4.60009711484114 1.37838472922643 0 0 2.45444274817904 10.6819905340672 16.4371902743975 20.4699312647184 23.8590836524963 38.7835626800855 46.5450684229533 57.6262126366297 61.6665482521057 68.7397470076879 72.8524128595988 77.5643587112427 75.0825156768163 73.0573336283366 72.3800758520762 73.637197415034 76.1368672053019 83.2127879063288 93.5891668001811 98.8231599330902 106.885542472204 110.37665605545 115.356882413228 120.369831720988 125.614782174428 131.051143010457 145.019322633743 142.189532518387 142.666677633921 144.15564139684 143.196294705073 147.759169340134 150.147616863251 144.310663143794 136.559943358103 136.229574680328 137.159963448842 143.406232198079 151.423116525014 153.223991394043 131.886055072149 110.046088695526 108.365952968597 117.915550867716 134.124785661697 162.869433561961 175.97109079361
32.251663506031 17.9590446253618 6.38211891055107 0.288496938689301 0 0.956789512808124 4.08900280793508 11.9261766473452 15.2933734158675 15.3761208057404 19.8319417734941 24.7048065066338 30.1625182231267 36.2441465258598 43.6743746201197 50.3849039475123 55.9612810611725 61.7175201574961 68.4600373109182 75.7828652858734 79.0811876455943 83.3693444728851 84.4520926475525 88.0900025367737 94.2951838175456 100.470662117004 105.253159999847 110.497136910756 116.803149382273 122.328102588654 133.913258711497 141.540875037511 132.670531670252 131.509234507879 135.042856136958 136.148691177368 131.081859270732 127.494543790817 124.025454123815 134.983360767365 136.319537957509 135.968108971914 138.144224882126 140.775938828786 137.208163738251 111.661960681279 88.3275171120961 96.74005707105 113.404979308446 146.656374136607 165.426393349965 171.760360399882
48.737903436025 32.1011940638224 19.3921352426211 9.04906106491884 2.35678255558014 1.2116238164405 1.19390788798531 6.59611572821935 11.8735060095787 15.3183477620284 16.3253719607989 15.3200676043828 15.6048362453779 15.6857284406821 18.3362786968549 26.200607419014 34.5156540473302 49.0456819534302 60.7727865378062 73.2207298278809 80.2998294432958 87.6164336999257 86.7283443609874 86.1353576183319 90.4713968435923 93.5918986797333 98.8358060518901 104.906499385834 112.181733051936 117.337246735891 126.9890666008 133.072157700857 123.056987921397 119.973947604497 122.292399406433 122.48694896698 123.505125443141 118.053565422694 114.643921454748 109.936575094859 112.372944752375 119.956145683924 126.134852568309 132.847100496292 131.403168042501 127.647151549657 133.643448352814 138.286093870799 146.313716967901 155.604104200999 159.805754820506 162.232587734858
60.8520557483037 46.1043318112691 33.5896884401639 20.8523919185003 11.2455412745476 3.72596457600594 0.993801048025489 0 5.61663384238879 14.5290767153104 18.1196505824725 18.7506477038066 17.1645643810431 15.4664802054564 12.1027218798796 14.767670383056 21.2148651480675 31.1495165030162 44.4862693548203 57.9361617565155 68.4712082147598 78.5652895768483 89.009424050649 85.7793192068736 90.2053316434224 88.723212480545 89.6631677945455 94.170351823171 97.6609388987223 106.318980455399 117.158283789953 117.368896802266 111.143469810486 107.82981912295 104.325344165166 106.114000082016 111.695895592372 111.805369456609 108.100434144338 96.0702498753866 91.9981102148692 101.992825667063 123.300979534785 132.4848930041 136.716653903325 142.195244630178 152.286022901535 153.244525194168 157.355099916458 156.0371418794 152.220010757446 147.571623325348
55.8137893676758 47.7660397688548 35.3989948829015 28.3999318877856 19.3094288309415 12.1855462590853 3.86968068778515 0.347620147901277 4.16971805195014 7.95896537601948 12.4665200710297 19.6480453014374 22.1585507194201 23.4026859203974 20.0798983375231 18.8324426611265 18.5498719414075 22.0286622643471 28.7499924500783 38.9953205982844 48.5798021157583 61.3223165273666 71.3107585906982 70.9859828154246 77.1989673376083 75.8727639913559 78.997145096461 81.0307413339615 83.5460623105367 87.2744917869568 91.8813745180766 95.9891080856323 98.2220967610677 95.7967440287272 98.3120103677114 98.9037454128265 102.651665608088 104.147334893545 106.684704621633 101.902395486832 103.173017501831 106.318145990372 111.173699299494 119.083315134048 130.871027708054 130.785644054413 132.391383250554 139.793346325556 151.096423467 146.631717681885 138.775487740835 140.50081372261
36.9609196980794 32.1984464923541 27.4226789673169 22.5834250450134 17.4019734064738 9.88907429079215 6.87355920672417 7.63214379549026 4.04938527693351 1.70189204315344 4.01026196777821 12.1131663521131 20.3768387436867 31.1519950628281 31.7789142330488 30.8640375733376 24.0564048290253 23.3094145854314 23.1095875302951 25.6704017519951 30.3806637724241 36.1645097533862 45.0813074906667 52.7092715104421 60.4142099618912 63.0436837673187 64.3249005079269 67.2185520331065 68.0733521779378 73.2660442590714 69.8379029830297 67.9182708263397 71.4522749185562 81.7758540312449 88.7177288532257 92.7119453748067 93.2096540927887 97.6855158805847 102.760851383209 109.038134415944 112.817813952764 111.785481373469 112.916926542918 113.240132729212 113.246818383535 127.488056818644 135.365565617879 139.529844125112 141.948560873667 140.953093767166 142.10440715154 139.596362908681
5.76598569750786 1.81668531149626 0.616390878955523 0 0 0 0.570228400950631 8.66430128614108 7.70188495516777 4.63280268013477 2.10384326055646 0 12.490164488554 23.7106531858444 32.9691171646118 30.212623377641 29.7317355871201 26.5191644430161 22.8186299403508 20.8460589249929 21.5265030662219 22.85452435414 25.9420151511828 35.7696413993835 45.4124212265015 50.9289304415385 54.6907881895701 54.4541776180267 59.8196089267731 59.9147081375122 59.7643951574961 60.623029867808 61.8578692277273 60.1362586021423 62.4961405992508 83.295409878095 86.1528515815735 90.3239448865255 99.1277396678925 112.787137428919 116.277029116948 112.547556559245 108.739296595256 108.608881632487 107.647756735484 111.272484064102 115.462998549143 136.921832958857 136.691828568776 140.598634878794 142.288943131765 137.825389703115
0 0 0 0 0 0 0 0.405439990572631 10.7192322611809 10.0915481646856 5.24801388382912 1.8832148052752 3.34766817589601 11.1037517587344 23.2170820236206 26.6700734694799 32.1290815869967 30.6735585133235 26.3704508543015 21.7975204189618 19.02174949646 18.8985628386339 19.2971291641394 25.2386008699735 31.8280557791392 36.7064873377482 40.4937540491422 43.2859162489573 46.5918878714244 50.2926806608836 50.3486643234889 48.7346351146698 50.6022026141485 49.9614775180817 47.4059482415517 44.8923408985138 55.3912023703257 82.6152712106705 89.2965793609619 100.397527217865 107.278247674306 103.443165620168 98.1481273969014 96.8226691087087 96.5651472409566 97.3759790261586 100.082735220591 101.283252239227 103.375385204951 112.50830690066 132.416963577271 131.083637475967
0 0 0 0 0 0 0 0 2.56818455333511 12.6078488926093 13.318399588267 8.13903224964937 1.59480484823386 0 8.77094455063343 20.6841950615247 30.3255493442218 34.1491351524989 32.8382526834806 28.6594157417615 24.484229584535 24.7098927696546 25.6760939955711 26.2220948934555 28.0780990918477 28.8522566358248 32.3479498426119 38.3521914482117 39.3262505531311 38.0451083183289 41.4629702766736 41.2694563468297 37.2001181046168 35.4539677500725 35.9642455975215 37.0719035466512 35.4741811752319 34.7416251897812 38.9593169093132 52.5170663992564 81.2532355388006 85.044930378596 87.2433384259542 86.0711336135864 85.6014490127563 87.4053438504537 83.0592066049576 84.0852459271749 84.7209393978119 88.8457099596659 93.1022763252258 102.646330992381
0 0 0 0 0 0 0 0 0 5.11589242766301 15.7109772165616 19.0579394499461 15.2079289158185 8.62628594040871 7.16170792778333 17.5989245374997 26.0885482033094 34.53761835893 41.0071089863777 39.8671080668767 33.8786095380783 32.4593236049016 32.0231442650159 31.7371636629105 34.0473304192225 34.1823945442835 35.6696595748266 42.465885480245 41.9244666894277 35.8199526866277 34.6887061993281 37.4535446365674 34.1012726227442 30.604121585687 29.642845193545 27.7558987339338 23.8576730092367 21.5899397929509 19.376128911972 19.0640849371751 28.4648388624191 37.3647337158521 44.467548529307 51.9627730051676 60.312752922376 70.1406796773275 70.2001104752223 67.9887781540553 64.8022393385569 65.0386214256287 70.1920588811239 76.4451175928116
0.478100807716449 0 0 0 0 0 0 0 0 0.00224152245209552 13.9650156100591 26.4128198226293 33.4107279777527 27.3920645316442 17.994308223327 16.6319546600183 19.0275137623151 28.0461808045705 38.4027287364006 46.8677580356598 46.8005786339442 42.8751707077026 42.9080625375112 40.8150355021159 40.7245755195618 40.6078696250916 40.5763586362203 41.1358525355657 41.9861972332001 36.7405290404956 33.8015009959539 32.3484813173612 32.1528986096382 27.028647561868 25.4146258036296 22.7981855471929 18.3775946497917 15.2039751410484 14.0816979110241 11.2364316980044 8.61977910002073 12.5229681531588 21.240696310997 29.087836543719 34.7925225893656 37.843036154906 53.4820059935252 58.8027934233348 58.7530980507533 55.6855152050654 57.4041604995728 61.325932542483
1.11132153930763 0 0 0 0 0 0 0 0 0 3.77675145864487 21.4732512831688 35.1160715023677 41.3033813238144 32.7016363541285 19.5919250448545 15.2686374882857 16.7777600387732 25.7005095481873 42.0564313729604 51.6760647296906 49.8865346113841 51.3962010542552 47.8059351444244 45.1391935348511 46.6397901376088 47.2565690676371 44.1127320130666 41.9402768214544 43.6834990978241 36.7924322684606 32.4107656876246 26.8612280488014 22.074098388354 18.3332189917564 15.0670160849889 11.9926755626996 7.97712989151478 6.8939042588075 5.16834761947393 3.28500630954901 1.91263466452559 3.21615859866142 9.40895391007265 19.1862657666206 27.9354006052017 36.2434536218643 43.8698828220367 49.7387647628784 49.2123117049535 49.2846171061198 54.9289882183075
0.597227248363197 0 0 0 0 0 0 0 0 0.0167940864533496 0.24005223531276 14.0561883648237 29.9175133307775 40.5681182940801 43.5583790143331 38.0919327338537 31.9129452109337 24.347556134065 20.435519516468 25.9226659933726 41.9202049573263 53.6703517039617 57.4800769488017 55.4911394913991 51.5481730302175 51.5786508719126 53.8741101821264 51.6702433427175 50.5660027265549 47.7281709512075 44.8024173577627 34.5523158709208 27.2315417726835 20.1691413919131 14.9701113502185 11.3628370066484 8.41439080735048 5.3627702097098 3.61161679029465 2.51889632393916 1.04290805757046 0.0361160443086798 8.10233916996121e-08 0 6.73765751222769 17.4972837169965 21.4093352357547 26.8588264783223 36.2273181478182 43.4266626834869 46.7944443225861 50.8883446455002
0.17243146430701 0 0 0 0 0 0 0 0.278693837268899 0.330268444182972 0.315800250973552 8.54428298771381 20.4901273051898 30.0542265176773 44.7831600904465 51.0105937719345 48.9804049332937 40.4278834660848 30.0447295109431 22.0267027616501 28.2806679606438 45.9430913130442 52.8815935055415 56.4044962326686 57.8714807828267 59.8911245663961 62.5793238480886 63.7831389904022 58.9576065540314 53.8154741128286 44.9848473072052 34.8904728889465 27.5904983282089 19.2199150721232 13.3629962801933 11.0255603988965 6.34161258737246 3.23171230653922 1.14467352007826 0.155853912777578 0.00642382656224072 0 0 0 0 4.24413538227479 8.13528895378113 13.2917029162248 20.5057921508948 27.4095882972081 29.922458032767 37.5750983754794
0.19587572508802 0.238650711253285 0.00827561598271132 0 0 0 0 0.570224714465439 1.09714657689134 5.91227784752846 9.5077125976483 12.4031379818916 16.8323752780755 22.6632033785184 31.8334400653839 43.3301528294881 48.3554104963938 48.9327212174734 47.2078969081243 36.7185026407242 25.6451020638148 34.2856496572495 41.6142071286837 50.3951211770376 59.1922402381897 64.0772134065628 66.7277822891871 66.9508477052053 58.3710471789042 56.9884876410166 45.9362914164861 36.3887473940849 27.7426739533742 18.266823142767 10.4186236858368 7.1307464192311 2.84362987925609 0.701213410745064 0.0592033611610532 0 0 0 0 0 0 0 0 1.37115626906355 7.17864061395327 14.292744298776 17.4866219361623 17.4333515266577
0.152999923254053 0.00239006188470133 0.0179364930469698 0 0 0 0.0317750479249905 0.834948383271694 1.3128916422526 2.01603615035613 3.5415959234039 9.29988734424114 10.2582306911548 13.6673264205456 21.6959193348885 33.8251714905103 41.4896210034688 43.9384480317434 49.3646115064621 48.8406171401342 42.7516351143519 33.5607379674911 35.5972051620483 43.9602037270864 52.5940507650375 60.4671686887741 65.8939232428869 68.0572340885798 59.6875846385956 49.7080584367116 46.9486216704051 37.0838989814123 24.6784960230192 16.8711046377818 7.95913239320119 3.57069168239832 0.715137924998999 0 0 0 0 0 0 0 0 0 0 0 1.33330561220646 2.94723951568206 4.60020949443181 4.80254832655191
0.972004607319832 0 0 0 0 0.00115454425516267 0 1.01823833150168 1.704559661448 1.71890575438738 1.25459829966227 0.549154123291373 3.83108171323935 6.06056116521358 10.0922416895628 20.3883883853753 28.1483083963394 33.7431877851486 41.2952775756518 51.1529346307119 55.7870715856552 48.6862013737361 47.6854741573334 49.8116811116536 51.5873233477275 52.5818020105362 56.8155646324158 60.4565838972727 56.4316660165787 45.8917717138926 37.1116598447164 26.5175054470698 17.1421592434247 9.16708322862784 1.71990351130565 0 0 0 0 0 0 0 0 0 0 0 0 0 0 0 0 0
8.08515710135301 2.96825636178255 0 0 0 0 0.433190415302912 2.04092885057131 2.35969154164195 2.57447067027291 1.15485846375426 0.983684556558728 1.08943732144932 0 4.03334014117718 12.626459201177 22.3954021930695 28.3165549238523 35.0121011336645 45.8629578351974 53.6044041315714 62.522033850352 67.6216433445613 65.4734969139099 60.350368420283 52.4136076370875 48.7218648195267 44.2301283280055 52.9572665691376 39.7866368293762 24.7779364387194 14.6809990207354 7.02088885009289 0.676703949769338 0 0 0 0 0 0 0 0 0 0 0 0 0 0 0 0 0 0
31.4769993225733 25.6498605012894 7.97230129440625 1.43283760795991 0.0536090907795976 0.0721523392712697 3.11678679039081 2.95882237454255 2.96480891605218 2.28306433806817 1.80189125239849 3.9898989101251 6.28189618388812 5.32437053819497 6.01404843231042 10.0338011980057 18.0892447630564 25.7039641340574 30.7364712158839 32.7661906679471 36.6267288724581 48.4677801529566 58.0863753954569 63.3674810330073 62.1066788832347 55.7877272367477 49.2355972528458 43.4957544008891 35.4710345466932 29.7285268704096 13.4806608160337 3.44469056775173 0 0 0 0 0 0 0 0 0 0 0 0 0 0 0 0 0 0 0 0
