input/barkrak2/radiation/dir04224.grid
NCOLS 85 
NROWS 70 
XLLCORNER 665100 
YLLCORNER 4664600 
CELLSIZE 20 
NODATA_value -9999 
[rows 44 to 65 of 70, columns 0 to 48 of 85]
88.680237531662 94.9311057726542 98.0081061522166 99.0037818749746 100.70389509201 103.529214859009 103.581448396047 99.2186367511749 94.4328904151917 89.631179968516 91.1017457644145 88.8633827368418 85.1660867532094 83.2744836807251 82.465519507726 82.3971728483836 79.6600878238678 86.2755874792735 88.2882376511892 85.6057504812876 79.9237191677094 77.8752416372299 78.0180295308431 78.6571502685547 75.9005397558212 84.703654050827 87.7189338207245 84.9755605061849 84.7967068354289 82.7798346678416 78.8606802622477 76.8198867638906 83.478311697642 88.1703694661458 94.3358341852824 97.667266925176 103.856941064199 112.997661034266 116.136213143667 107.349961996078 104.534775018692 98.642905553182 94.3129658699036 73.5586782296499 39.206529657046 2.4206832361718 0 0 0
95.2260394891103 100.000292062759 97.1540808677673 100.973586241404 99.5145738124847 99.3898113568624 101.251343886058 99.5101432005564 100.516090790431 95.8611766497294 94.5309996604919 93.4446056683858 88.2794161637624 83.8696559270223 82.6119830211004 86.3278607527415 80.3247541189194 83.2722584406535 88.2010459899902 86.4451924959819 83.2991351683934 82.5283775726954 81.4008861780167 82.4458102385203 83.5779011249542 83.3425422509511 89.7687574227651 89.253564675649 86.1580471197764 85.2438012758891 80.4326683282852 77.1749516328176 80.7042916615804 79.3173164129257 79.4742107391357 82.6950371265411 91.7477309703827 104.907552401225 105.548004309336 92.3193097114563 94.7809418042501 89.1674160957336 87.5738163789113 84.373265504837 66.0361995299657 29.6640271941821 0 0 0
94.8020319143931 96.7358946800232 99.4889040788015 101.870089769363 101.743042469025 101.550171772639 103.365242481232 105.051765839259 101.50071978569 100.217282772064 98.7895131111145 97.58260846138 93.3208266894023 89.6659890810649 88.9840026696523 92.4035708109538 90.6677146752675 84.5920940240224 90.3450946013133 88.8842145601908 85.7367515563965 86.2693587938945 85.5096479256948 81.4517090717952 90.7600919405619 82.7754586935043 83.8351547718048 85.9355429808299 87.011198202769 85.9048763910929 84.7367644309998 80.6931108236313 80.2689145008723 80.0419350465139 81.6470235586166 82.6557328303655 84.8841865857442 94.2660669485728 95.4338908195496 92.8125977516174 92.0660595099131 85.7375065485636 90.7514194647471 98.1966455777486 88.7177189191182 56.2768379847209 14.6764268477758 0 0
88.5940889517466 90.8843676249186 97.3076621691386 98.9510715007782 102.909743785858 104.20964161555 102.07133491834 102.038969596227 102.189679940542 104.524175326029 100.987354914347 97.4497099717458 95.5407619476318 95.3022837638855 92.86962946256 91.4024710655212 90.2738173802694 81.9710244735082 86.5913132826487 89.2542898654938 85.6957236925761 86.0367317994436 89.2036557197571 81.3479324181875 84.6474369366964 83.107183376948 79.3515046437581 83.2430124282837 85.1366718610128 85.7439041137695 86.2020254135132 85.4701300462087 80.0297111272812 83.5129022598267 94.6788291136424 98.2661644617717 93.3943688869476 89.5808041095734 93.3470626672109 105.12508948644 96.5744853019714 86.8627826372782 94.943513472875 101.121038198471 94.0091709295909 74.7414926687876 37.323700884978 6.04423756400744 0
80.9087604284286 84.1061274210612 90.0197327136993 94.0286119778951 100.97927848498 104.94472583135 101.370682319005 99.4588037331899 103.697250286738 106.301645437876 103.933304548264 99.3775129318237 97.4788069725037 98.7916986147563 95.802903175354 90.1592572530111 89.3076062202454 83.1260432799657 86.9729022185008 91.0451213518779 89.9691979090373 89.687168598175 91.6273494561513 88.1518324216207 85.6980085372925 87.4117414156596 83.5448404153188 87.1036251386007 93.1904911994934 95.6278045972188 101.848542690277 101.12456480662 91.1453167597453 93.4013624986013 102.287133534749 109.680116176605 108.022451400757 97.0723032951355 97.0574418703715 101.928850015004 94.8784947395325 85.5338474114736 83.0942293008168 83.037073413531 81.6691070795059 80.5193483829498 69.230447212855 16.923447450002 2.4086666914324
79.9870491027832 77.0399967829386 81.5846771001816 90.8934275309245 97.0864494641622 100.454350312551 103.526105483373 105.913897355398 107.173383235931 103.765348593394 105.670700470606 105.912993351618 102.034658193588 98.953644434611 96.8092580636342 92.7527944246928 90.9425616264343 87.9753629366557 91.3358529408773 96.0738956928253 97.6695617039998 96.3904559612274 94.4542785485585 94.4278240203857 89.6490712960561 93.202531337738 94.2348539829254 95.5224136511485 103.515128294627 110.095123449961 115.468353033066 119.473705689112 109.711358944575 102.452963590622 98.8246103127797 108.476837476095 113.85648449262 109.211315711339 100.881695747375 91.2286241849263 84.361066420873 85.1799050966899 83.51864417394 78.7231773138046 74.9976883331935 78.8343499104182 74.9280055363973 25.8468290170034 3.49087112893661
80.5237988630931 83.9410126209259 87.4656240145365 94.4483776887258 94.9579079945882 95.6475834051768 103.968958059947 109.072705109914 109.072118997574 108.158826828003 108.131150404612 107.659757137299 104.082485040029 99.9220013618469 99.7984210650126 103.194753328959 95.10604540507 94.2971110343933 95.8530604839325 102.307309707006 103.423158327738 99.898358186086 97.0490574836731 96.973975499471 91.6956961154938 97.0250467459361 101.390540599823 102.927515904109 108.197629451752 117.124229669571 123.082935810089 127.480069796244 118.741770585378 107.71381855011 93.5276846090953 98.1872280438741 108.73614748319 114.839017391205 104.151954253515 86.5197777748108 78.6445786555608 87.5135660171509 89.0963772932688 85.5015019575755 79.7897279262543 77.3935963710149 63.6729101339976 31.6382646560669 5.24570730825265
81.1892648537954 92.3983057339986 95.0595041116079 96.9047645727793 95.0410962104797 94.010333220164 102.223336696625 107.909858226776 107.824742794037 112.736244996389 109.968354304632 109.447667996089 106.580674648285 101.295083761215 101.422915856044 108.111242453257 101.622273524602 98.4892149766286 96.1379011472066 98.6775755882263 99.0613698959351 97.8195369243622 97.3502198855082 92.8567846616109 90.8355911572774 93.5467680295308 98.609189192454 98.7195273240407 101.543029149373 110.882997512817 118.360529343287 126.014242569606 119.87250049909 99.2232759793599 67.5049076477687 43.4331595897675 71.1038758357366 98.0406006177266 108.985076347987 111.04628443718 103.918860356013 95.9431827068329 80.7442416747411 78.7182152271271 86.130162080129 79.7423919041951 60.6910188992818 48.5018392403921 11.9332571824392
85.0211481253306 82.8585922718048 81.7514657974243 84.3333502610524 92.0435190200806 97.889522711436 98.3250339825948 104.576845963796 104.063759247462 109.290977319082 109.536975622177 111.228793859482 110.578954219818 105.033685763677 103.05651028951 101.74306233724 104.343275229136 97.2442924976349 91.761181751887 90.7952884833018 90.3619527816772 91.8753743171692 93.4628148873647 86.9163672129313 90.2708768844604 86.5299900372823 88.4654720624288 90.0553663571676 89.3842180569967 93.4384365876516 98.0197489261627 108.581682046254 104.6049396197 80.7350774606069 48.9691644906998 27.3987750212351 28.5802731911341 51.1856476465861 85.1617654164632 106.212645769119 115.010937054952 97.631315390269 77.2131035725276 72.9583750168483 80.4478327433268 72.2780873378118 46.4686552683512 64.3282234668732 45.4614857832591
88.0872011184692 77.6058584451675 74.9516189098358 80.1796515782674 92.7123824755351 102.052837610245 101.452857255936 102.680961290995 105.196952819824 105.187237262726 107.514868179957 110.645651817322 112.296511729558 110.235929489136 104.867180188497 102.159261703491 104.630688826243 96.7770318190257 92.1252369880676 93.860387802124 94.6814318497976 92.5551255544027 91.0264452298482 87.7574980258942 87.242712577184 84.8348339398702 86.1468613147736 85.8674546082814 83.7839742501577 81.430713335673 74.2374360561371 78.0640741189321 79.9424002567927 64.6924674510956 40.4175991813342 28.6617204546928 16.5775542457898 13.9233308533827 27.4836694200834 61.6509020328522 93.9441819985708 88.0967080593109 77.6540438334147 61.0990126927694 57.0672750473022 56.8455507357915 50.7032324870427 73.4542061885198 84.4502250353495
88.4424050649007 82.5882454713186 79.7972977161407 85.1176083087921 94.9381689230601 104.057451089223 107.148547967275 102.843066056569 107.527593771617 105.901688337326 109.695742527644 110.858619213104 112.188835938772 114.148964484533 108.18878809611 107.747991879781 107.143044471741 100.905547539393 97.6630846659342 98.055104414622 98.1256365776062 94.9669480323792 93.7613149483999 93.2532052199046 91.4591550827026 89.9402300516764 88.3615811665853 84.607591231664 80.3908258676529 74.6455490589142 65.1651471853256 67.6420430342356 73.353037238121 74.6301114559174 72.8159348169963 60.5942805608114 34.595953921477 20.1350711286068 15.141506989797 23.264450331529 44.2055513461431 58.9732627073924 44.3641046682994 36.1590534448624 35.7512980699539 43.0939892927806 58.5202823082606 65.7800634702047 79.6662469704946
92.0039216677348 90.5441244443258 86.3941212495168 84.4885011514028 90.5257562796275 102.51713792483 105.141093333562 102.989335854848 104.7576268514 109.914243221283 116.316288709641 117.314120133718 115.311523278554 115.709096193314 111.831476291021 111.152350902557 112.287054459254 108.158588409424 102.957755327225 98.8258123397827 96.6654419898987 95.6853330135345 97.4733928839366 100.04053513209 97.0142682393392 94.935397307078 88.569313287735 79.4349610805511 71.4261432488759 68.1354304154714 68.0925945440928 73.6429194609324 78.6679287751516 90.4221137364705 97.9702870051066 95.5790479977926 80.4610947767894 62.9439453283946 46.8445718288422 25.6037215391795 29.4668028752009 54.0907382965088 54.465780655543 42.814627289772 42.8498387336731 59.6726288398107 83.8289558887482 78.7811527649562 73.647086819013
94.8356489340464 94.310462474823 92.8328434626261 88.6339942614238 89.404692252477 99.3297795454661 103.078186511993 103.250602881114 102.761884530385 112.488647301992 120.985647042592 119.370381037394 114.339689413706 117.208977540334 118.079642454783 111.534118652344 113.085647424062 109.750141700109 104.35884197553 103.125671545664 101.118465264638 100.846072038015 97.1770485242208 97.1097747484843 92.2486484050751 87.7451300621033 67.4381256103516 47.6642400026321 42.6433185736338 50.5806903044383 65.3310716152191 70.0567016998927 76.7045517762502 84.5559140046438 94.8837399482727 107.251167297363 110.365281502406 90.9042656421661 91.0126566886902 57.8326284885406 31.8631380796432 55.7601948579152 72.0469156901042 72.7458000183105 72.552760442098 87.8546436627706 116.774459679921 104.564170042674 80.5228650569916
93.5217142105103 91.6505058606466 95.4097708066304 96.2470173835754 93.0798649787903 95.7649052143097 102.823505798976 104.054351647695 104.063908259074 111.433883508046 119.353344043096 118.270436922709 113.093266884486 116.367310285568 119.054059187571 108.926256497701 111.208101113637 108.749032020569 106.698602437973 106.750339269638 106.976250807444 108.442266782125 101.437747478485 93.977560599645 92.1991467475891 90.3852880001068 71.170116464297 50.5951295296351 51.345020532608 61.8104090293249 74.4777669509252 76.057622830073 87.806115547816 98.86567791303 106.616050004959 117.92841553688 96.291979153951 49.6505945920944 50.2130339543025 61.633308728536 63.7831787268321 78.5978883504868 83.550234635671 67.2788719336192 40.9971723953883 61.8191013733546 93.3918257554372 88.0395372708638 73.6242532730103
81.1401307582855 89.5192126433055 93.3255553245544 96.1850682894389 95.8444873491923 92.1693940957387 102.739711602529 107.333560784658 107.68735408783 112.211088339488 115.613241990407 115.884721279144 114.767412344615 112.424989541372 113.931834697723 109.863062699636 105.719963709513 108.997613191605 110.821058352788 112.838089466095 113.785594701767 109.049667914708 105.087538560232 99.0756154060364 97.203403711319 96.6372887293498 92.4693544705709 85.222601890564 87.5196158885956 93.4329628944397 92.1635627746582 86.2376193205516 102.249483267466 111.920475959778 106.794893741608 79.6358187993367 69.4256524244944 31.9641381502151 19.9305613835653 32.0769573251406 54.5335958401362 88.6812706788381 87.1821443239848 72.5399007399877 59.4221204519272 62.2273832559586 78.4607728322347 83.2508107026418 80.7658980290095
70.438211162885 86.5058402220408 91.163178284963 94.1015183925629 97.1184968948364 92.9528872172038 97.6660052935282 106.884151697159 117.939819892248 118.909110625585 114.831070105235 112.41747935613 114.619900782903 113.26719323794 113.232096036275 110.500435034434 106.295317411423 108.539531628291 106.515775124232 103.337148825328 104.539414246877 104.146073261897 102.69155104955 101.022809743881 100.573400656382 104.412972927094 115.125964085261 119.087556997935 104.717622200648 97.8054304917653 96.329798301061 86.3845745722453 96.5692599614461 87.4043603738149 44.809768597285 35.0478738546371 33.5428391893705 25.1549432675044 11.3665647804737 7.09135147432486 9.85876408716043 33.6754868427912 84.4839711983999 100.978165864944 116.383661826452 110.646883646647 105.684479077657 104.145805040995 102.860112984975
72.0891654491425 83.3087513844172 91.3008352120717 94.1023031870524 95.6566830476125 96.1208939552307 90.2065634727478 101.037204265594 123.310267925262 122.27800488472 113.418906927109 109.46649312973 112.142791350683 115.896840890249 114.674776792526 111.195812622706 109.551429748535 106.853504975637 99.7173190116882 91.8018122514089 91.6162033875783 94.1615303357442 94.3535168965658 98.3511010805766 99.6158619721731 106.461316347122 122.510155042013 133.633196353912 111.637453238169 104.733298222224 86.8515769640605 76.2729396422704 76.1414269606272 71.2984800338745 50.3914654254913 28.971441090107 30.381478369236 40.8350303769112 32.1899553140004 16.8540018300215 7.05990133186181 16.3643869260947 58.2031905651093 94.8693056901296 87.0340863863627 99.8629828294118 94.1643516222636 96.8374609947205 92.0400420824687
85.3339433670044 88.6436899503072 91.4620061715444 87.680200735728 80.758069952329 77.8256356716156 86.38596534729 92.7944878737132 103.307694196701 99.7079809506734 98.1084704399109 104.088683923086 111.208577950795 112.816413243612 107.994089523951 110.312263170878 110.288321971893 103.728274504344 95.2429374059041 88.8046224912008 88.2840951283773 89.2297128836314 91.8013056119283 94.1235323746999 93.5904979705811 99.7103254000346 110.634783903758 118.426491816839 112.347741921743 94.0743883450826 83.5648973782857 67.9345677296321 61.2180133660634 75.0414629777272 69.3565358718236 40.568138162295 49.5396951834361 80.4733137289683 85.5688651402791 63.3427004019419 30.6006173292796 19.1049873828888 35.5330755313238 51.4857570330302 40.6556998689969 53.1811068455378 66.5274014075597 71.6022551059723 70.1329608758291
98.369836807251 94.4671432177226 90.5064145723979 82.5145393610001 71.2183813254039 64.0731702248255 76.7627308766047 74.9894479910533 64.008355140686 65.0968601306279 76.2779613335927 90.7110671202342 97.3741908868154 102.296898762385 105.872571468353 116.897563139598 119.226187467575 109.683175881704 100.224435329437 96.542090177536 93.0287937323252 92.2671357790629 94.1486557324727 92.9898420969645 92.8926269213359 95.321128765742 98.8512734572093 106.333573659261 99.9102393786113 79.9493143955867 79.3766329685847 72.9661782582601 67.5355195999146 85.2399269739787 90.4359022776286 77.1663188934326 67.6167408625285 68.584069609642 70.0851132472356 72.7560222148895 50.7170160611471 37.2587790091833 39.7409995396932 32.1595991651217 24.3572369217873 26.7374664545059 37.0465591549873 40.0477846463521 56.5768281618754
101.567476987839 94.1084722677867 88.6713067690531 84.191103776296 76.1239926020304 69.2596187194188 63.7764235337575 58.1132123867671 38.6118292808533 49.0847478310267 71.4689393838247 84.0482413768768 84.5819115638733 93.1137899557749 108.603944381078 126.167267560959 131.83801372846 123.664935429891 113.999406496684 109.235237042109 102.858583132426 101.119259993235 100.350469350815 95.1632857322693 91.4286573727926 92.6915208498637 91.1519328753154 89.5486176013947 87.5822106997172 69.0926065047582 71.0284560918808 72.1893459558487 68.1179116169612 89.082658290863 108.609487613042 112.007041772207 85.450291633606 37.965918580691 33.0785562594732 50.2165506283442 54.6030302842458 49.6700604756673 51.9950936237971 46.6960569222768 33.4974279006322 28.9482374986013 41.091613471508 52.1147797505061 62.6327693462372
104.436626036962 98.4008212884267 96.9502528508504 98.293274641037 94.6069359779358 87.2987310091655 81.323504447937 82.2721719741821 80.5737177530925 85.7184727986654 95.5230593681335 103.16742459933 103.485137224197 97.5245535373688 108.956972757975 126.932640870412 137.738962968191 137.702961762746 129.319320122401 118.571937084198 111.061265071233 105.287263790766 103.135406970978 102.564295132955 98.9996393521627 87.8282984097799 79.6153297026952 81.1615288257599 80.3656180699666 76.5846321980159 62.5682373841604 52.5038490692774 46.1022605498632 76.157808303833 117.469966411591 126.325706640879 91.8787022431691 54.8614213864009 25.2499903241793 25.4206111033758 29.9419313669205 33.9382688204447 55.8154284954071 62.6192390918732 65.117155512174 50.1908014218012 49.5828290780385 69.7890669107437 102.944314479828
105.367034673691 102.278828620911 102.435360352198 104.053239027659 103.538076082865 99.1906424363454 98.4023809432983 107.669035593669 125.801781813304 120.81171075503 111.402223507563 114.128688971202 120.622018973033 105.685035387675 106.968839963277 116.530259450277 126.938690741857 134.198566277822 134.06440615654 126.707484324773 119.695872068405 112.774133682251 106.994499762853 102.872500816981 94.8447585105896 83.1201324860255 73.7069596846898 70.9583659966787 72.3345180352529 64.5525753498077 34.349965552489 31.5445338686307 24.8902017871539 40.7531062761943 115.503370761871 127.456764380137 106.580038865407 95.4469541708628 59.9383215109507 19.1737773517768 10.615856697162 7.75441651542981 29.0359581510226 68.4989194075267 77.5708506504695 66.3686096668243 64.9767816066742 94.9891209602356 161.137898763021
