input/barkrak2/radiation/dir00124.grid
NCOLS 85 
NROWS 70 
XLLCORNER 665100 
YLLCORNER 4664600 
CELLSIZE 20 
NODATA_value -9999 
[rows 46 to 68 of 70, columns 0 to 51 of 85]
46.2818294763565 47.7978885173798 50.3354370594025 52.2764623165131 52.0861744880676 51.9615759452184 53.8133680820465 55.6430717309316 52.5346795717875 51.4667232831319 50.6631185611089 50.2829849720001 46.9883779684703 43.8795586427053 43.8300669193268 46.9888647397359 45.2261666456858 40.7262519001961 44.9989338715871 43.8981801271439 41.5303309758504 42.0453250408173 41.8404092391332 40.8051411310832 49.125000834465 43.8544452190399 45.0059721867243 45.785849293073 45.198251803716 44.0618495146433 43.1108723084132 40.3284281492233 39.7185211380323 39.5571862657865 41.8547292550405 43.0480192104975 43.6371266841888 48.2503324747086 50.0617424647013 47.2846180200577 46.3358809550603 42.6853994528453 48.1256445248922 52.4665315945943 45.2469239632289 20.6699905296167 0.333898778383931 0 0 0 0 0
40.6746144096057 42.9146587848663 48.1157600879669 49.6203005313873 53.0426055192947 54.6037455399831 52.8242886066437 52.5801877180735 52.7502795060476 55.3884108861287 52.7889827887217 49.512580037117 48.1691459814707 48.3636359373728 46.9298561414083 45.9009061257044 44.7398374478022 39.0255774060885 42.1588470538457 43.3306445678075 40.6698187192281 41.0978843768438 43.9817657073339 39.0936806797981 41.7262613773346 43.1385437647502 39.8327161868413 42.8745200236638 44.4121261437734 43.5466716686885 44.2992200454076 43.9176857471466 39.5289311806361 42.1722481648127 51.5697002410889 54.5155902703603 50.4902948935827 45.696164170901 48.2490956783295 53.5525033871333 48.2703546682994 42.8341676791509 50.7457554340363 54.7868857781092 50.3255128860474 35.0497911373774 7.88622473676999 0 0 0 0 0
34.312625726064 37.2906674941381 42.1613355477651 45.317272345225 51.435798406601 54.7915200392405 52.0063489675522 50.3881673018138 54.2630354563395 56.4783265193303 54.8175126314163 51.2962440649668 49.9290724595388 51.0970552762349 48.9601840575536 44.3367063999176 43.5260732968648 39.0453388293584 41.7783508698146 45.3277329603831 44.691209991773 44.1816449165344 45.9839602311452 43.5402592023214 41.6185135642687 43.5904910167058 42.7946547667185 47.0296243826548 51.064521074295 53.4180800120036 56.5181970596313 57.0081969102224 49.0549653768539 49.7540136178335 57.2939415772756 63.2787297169367 61.9519650936127 52.7746925751368 48.2724606990814 52.8603742520014 47.5543340047201 42.0823991298676 42.1688059965769 42.1626816193263 41.3337672750155 40.5832876761754 29.6988959113757 1.22023831742505 0 0 0 0
33.3485255638758 31.4519678552945 35.4001373052597 42.599822084109 47.9763100544612 50.966868797938 53.475022315979 56.1215082804362 57.4775785207748 54.440031449 56.3074400027593 56.6154966751734 53.5132338603338 51.1809090773265 49.669216076533 45.8088219165802 44.6075101693471 42.8156207005183 45.2684511741002 48.8523989915848 50.3148486216863 49.6803671121597 48.1245617071787 48.6395011345545 43.9496636390686 46.7041830221812 48.9097982645035 53.5403142372767 60.1971298456192 66.3057267665863 71.7900594075521 71.6801087061564 63.578928510348 57.9942514499029 57.5097401936849 57.6973060766856 67.7035252253215 59.9122842152913 51.6812105973562 45.1284249623617 41.6127120455106 42.2906577587128 42.7642464637756 39.0922750035922 34.9526405334473 36.7767140269279 22.6509322722753 6.59216443697612 0 0 0 0
33.5551649332047 36.7054790258408 40.0865152478218 45.7679977019628 46.2268541256587 46.6405848662058 54.0312180916468 58.9049756526947 58.9809368054072 58.6964984734853 58.7504208087921 58.6488445599874 55.6162645419439 51.6277849674225 51.8444875876109 54.5882433652878 48.5388139883677 48.2389678557714 49.7780740261078 53.9193600416183 54.2337546745936 52.348405122757 49.4544605414073 49.6163268884023 45.4071164131165 49.777626991272 53.0542880296707 57.1638743082682 62.7716432015101 72.7919985850652 78.6947111288707 79.954132437706 72.6543515920639 62.2105697790782 44.782613714536 47.93914159139 56.034728884697 64.2696221669515 56.3368995984395 42.9890652497609 38.2168292999268 41.4325123031934 46.6477274894714 41.5839230020841 37.5758955876032 35.8789289991061 20.5730125308037 10.208573192358 0 0 0 0
34.3059822916985 44.3412959575653 46.4159399271011 47.6002991199493 45.6588516632716 45.2943046887716 52.5706559419632 57.6572467883428 57.5283269087474 62.4387661616007 60.1607114076614 59.7028732299805 57.6227058966955 53.6280125379562 53.9097686608632 59.6244732538859 53.237184882164 51.6380816698074 49.9462833007177 50.9126832087835 51.2640029191971 49.7290392716726 49.5534638563792 46.2198555469513 43.9257919788361 47.0078041156133 50.0806967417399 51.8333812554677 54.7163983186086 61.2132598956426 74.4321246941884 79.9344231685003 73.7016499042511 55.4583619038264 18.213244775931 17.7510517338912 24.0942761301994 49.9839882055918 56.7466070254644 57.9889913400014 52.3130496342977 45.927753051122 38.0992442369461 36.9119495153427 41.03139291207 36.8745376666387 20.4621280233065 14.9147895475229 0.11400887160562 0 0 0
37.5983441869418 36.1932242910067 35.4069123665492 37.4406725168228 43.1254804134369 48.0601688226064 49.1764644781748 54.5216103394826 54.4549425443014 58.9803109566371 59.184600909551 61.0846529404322 61.1332952976227 56.7521005868912 55.7511895895004 54.4167657693227 55.9233725070953 51.0046432415644 46.0448662439982 44.1323171059291 43.4022297461828 45.5439885457357 46.3879803816477 42.1493351459503 43.3833698431651 40.657177567482 41.3758903741837 42.6258742809296 43.5864279667536 45.4922219117483 52.1872838338216 64.1621102889379 60.8796576658885 34.5653494199117 14.4762247800827 7.68708810210228 8.40743879477183 16.0926456252734 40.7478859027227 54.224838813146 56.8274607261022 49.2237110932668 35.5962961912155 32.3981245358785 34.0686291456223 23.7663487593333 19.9490785598755 29.6763082345327 14.758558322986 0 0 0
39.8723681767782 31.2644392251968 29.3985555569331 34.0441465377808 44.1363602876663 51.7863879601161 51.5440901120504 52.6566356420517 55.0796737273534 55.6171089410782 57.696412007014 60.1876576741536 61.8944019079208 60.7954313357671 57.1280419826508 54.8019607861837 57.663768529892 51.6393333673477 47.4041899045308 47.4008123079936 47.4933286507924 45.3939735889435 44.2632039388021 41.7965898911158 41.7188704013824 40.0836393237114 38.7621596455574 38.626583913962 38.9142284790675 36.7731104294459 30.6240618228912 36.8931566675504 39.3072515726089 21.0007453958193 15.9479863941669 8.47273071606954 1.48300112535556 0.572525197640061 7.53890971342723 21.61572376887 43.2871729135513 39.5271306236585 33.961887160937 26.6619473695755 19.8359029988448 20.7873185475667 18.8103690743446 35.5007847150167 42.225569486618 24.2031142115593 1.38382830967506 0
40.0505512952805 35.1199954748154 33.3799570798874 38.1677995125453 46.4360068241755 53.2100150982539 55.9491813182831 52.4725417296092 56.7031006018321 55.3187777598699 58.8793357213338 60.6814324855804 61.9367559750875 63.8065288464228 59.4891160726547 59.3508929014206 59.3847930431366 55.4533551136653 51.9061982631683 52.4644553661346 51.915317773819 48.0284889539083 46.4163770278295 47.101358572642 44.9516773223877 43.1961715221405 41.2394404411316 37.7338131268819 34.077266852061 31.0829430818558 23.9609231551488 28.3893197774887 35.8942151069641 38.1009330352147 36.3155280550321 26.4301424225171 8.66724178195 1.4133465786775 0.77513426852723 4.81289625167847 18.199992676576 21.9655359784762 18.4260681271553 13.1353512406349 12.8988660871983 17.7640989422798 19.5300852259 21.8597277998924 38.3923103411992 41.8802996476491 25.8435209592183 0.143867946462706
42.9189602533976 41.5780693292618 38.4696771701177 37.5255420804024 42.7975356578827 52.5114635626475 53.9178947607676 52.0003239313761 54.1874021291733 59.0223719676336 64.9498204390208 65.6350354353587 63.9680127302806 64.5145724217097 62.6174708207448 62.3841236035029 63.0481441815694 60.7735415299734 56.3392837842306 54.0142108996709 51.5962193409602 50.641675790151 51.2926975886027 53.7495563427607 48.6799875895182 47.9444960753123 38.9095743497213 33.443217476209 28.1039774417877 25.4858682552973 25.9091878930728 31.5959105889002 39.6075050036112 50.4912336667379 55.5672893921534 53.9610087871552 39.5228415727615 26.3090183337529 15.8083712061246 4.23122600962718 8.91396217048168 17.7528820931911 18.2651405533155 13.0649680892626 12.6423786083857 26.7012665669123 44.1056489944458 37.7767607569695 32.9484716057777 38.3951117595037 24.2161080241203 6.56158601244291
45.3082323074341 44.7243601083755 43.7103708585103 40.646143257618 41.8752233187358 50.0747760136922 51.8547594547272 51.9886314868927 52.4427145719528 61.1095329125722 68.2782034079234 67.4029986063639 63.2377564907074 65.5705432097117 67.153145869573 61.4111373821894 63.7920250495275 61.6180102030436 58.2043180863063 55.3092906872431 55.0319105386734 55.9080094099045 53.7541558345159 51.2574563423792 49.4004140297572 44.0980195999146 28.2497306664785 4.72586912413438 3.73219512403011 12.6628155509631 24.3923341234525 29.4796004891396 37.8935808936755 45.1293885707855 55.5851658185323 58.5243453582128 57.1097632249196 51.2449741363525 38.5387986898422 21.2413345774015 10.3981774300337 17.8735355536143 34.5626920461655 35.5891063809395 29.9582133690516 46.3638603687286 69.2777931690216 59.01700258255 38.8414785265923 27.5172963738441 13.2297662397226 7.61750340461731
44.2763119935989 42.471041282018 45.8824733893077 46.8761622905731 44.7153945763906 47.1042593320211 51.9989430904388 52.7216692765554 53.3700287342072 60.861736536026 67.1396255493164 65.4286791880925 61.3476534684499 64.6096765995026 67.9748306671778 59.3961377938588 60.485452413559 59.8154316345851 58.087686697642 59.4341059525808 60.3268047173818 60.5070739984512 56.6588540871938 50.2108236153921 49.7962882121404 46.296422680219 30.605340997378 14.2958338061968 13.7640126049519 20.4135452707609 28.4235775470734 33.2662512858709 46.3211238384247 55.8846990267436 66.5278633435567 60.7364078362783 57.3688348134359 21.786833802859 22.1481323242188 22.6848671833674 23.6908222238223 35.809521873792 39.7790595889091 21.1524491508802 16.1113080879052 19.9075378477573 34.8992894093196 46.3948001464208 33.6394111315409 23.2654834787051 16.4972767233849 11.7333283027013
34.1161812345187 40.9230142831802 44.1014071305593 46.6925303141276 46.798105041186 43.8375324010849 52.2587647040685 55.5976927280426 56.3519150018692 61.2453271945318 63.0651414394379 62.403529882431 62.2509221235911 61.0222816467285 62.542051076889 59.0512653191884 56.4940373102824 59.3504160642624 61.4325304826101 63.2645587126414 65.078283349673 61.5793814261754 58.9506328105927 54.7458877166112 52.9280304908752 52.6979118585587 48.0340818564097 42.2457754611969 41.7285263538361 43.1519597768784 39.7977232933044 39.2615124583244 55.3446511427561 67.33504931132 48.8361914952596 44.2677438259125 26.33203069369 10.6377998987834 3.45895004769166 7.55787889162699 8.54171129564444 29.9660911162694 43.5347507397334 36.3372961680094 25.0748122731845 26.1155019203822 38.6621604363124 42.7224884430567 40.143425265948 34.0595195690791 28.3386657635371 27.2810533642769
25.6603409846624 38.6967981855075 42.240117986997 45.0247426827749 47.8537976741791 44.3191279967626 47.9413866996765 55.0214548905691 64.7985239823659 66.4194176594416 61.8517051140467 59.8493615786235 61.9357973337173 61.2803002198537 61.4639222621918 59.4102690617243 55.9397637844086 58.6969504753749 57.5552930434545 54.6616713205973 56.9083541631699 56.3077131907145 56.0629616181056 54.6834170818329 56.4920206864675 60.5860302845637 67.8264697392782 67.4257973829905 59.0648750464121 53.6198069651922 43.3697104454041 36.4036758740743 45.8078334728877 44.7186976671219 18.6911784112453 12.637734413147 11.9085895518462 6.60273929437002 0.37217167361329 0 0 11.690229177475 36.8930225570997 54.3444355328878 64.0060752630234 59.9222083886464 57.7230006456375 57.7675352493922 57.9136808713277 47.7112631003062 37.6379539569219 46.9520092010498
27.4467344085375 36.1190686623255 42.7055408557256 44.9244529008865 46.2406227986018 46.6304918130239 41.4252827564875 50.1896639664968 68.9617097377777 67.9157723983129 59.8123421271642 57.1687519550323 59.303492307663 63.4364783763885 62.408039967219 59.459313750267 58.8008463382721 56.6073358058929 50.6318956613541 44.3538427352905 44.3184077739716 47.8238662083944 48.504759867986 52.9104222853978 54.1567554076513 61.1208975315094 76.5979836384455 82.1214765310287 63.1326238314311 50.9591201941172 42.3973848422368 30.7683795690536 31.9051469365756 35.242848098278 17.2184171775977 9.05206489066283 9.95943074425062 14.5758390426636 7.98459723591805 0.56627404410392 0 1.60622751961152 18.9282397429148 42.5358215967814 45.4078813393911 43.724998831749 44.0085877974828 44.9690719445546 48.3730882406235 43.6412990093231 44.0077235301336 75.579379995664
37.7914061148961 40.5006657044093 42.4811094999313 39.6337583661079 34.4683801134427 30.7684068878492 38.0218351880709 43.4942940870921 52.3863037427266 48.5864033301671 44.0955013036728 50.4783093929291 58.6471954981486 60.1478715737661 56.7169239123662 58.3440860112508 59.0244084596634 53.6975860595703 46.4713076750437 41.5182163317998 41.375624636809 41.9271886348724 45.4100221395493 48.2829660177231 50.5315959453583 54.7019094228745 65.7501071691513 74.7356663147608 63.3835891882579 49.1691877444585 37.5654771924019 27.6199405392011 17.145315806071 38.4058604637782 35.4027897119522 16.3573995232582 16.296774148941 37.9810680945714 39.8885558048884 26.2777904669444 5.36961232622464 2.51919698591034 10.4140800734361 17.0271322131157 15.8811335762342 17.4698295692603 19.7721384465694 21.8897114197413 21.3521892825762 36.998820801576 56.5091669559479 107.335438330968
48.3182569344838 45.1747228701909 41.711817185084 35.3286415338516 26.4828577637672 21.1200738946597 29.3247153361638 30.1946625113487 21.6327806313833 18.9074613153934 31.6538835565249 40.9488752484322 47.4330882231394 51.3153523206711 53.9826452732086 64.0554924805959 66.6833718617757 58.747927347819 50.7290760676066 47.6173261801402 45.2022502819697 45.0314978758494 46.2373544772466 44.3832377592723 45.8933015664419 49.8955349127452 58.3030978838603 60.9805881977081 55.345560113589 37.3892113566399 36.1529911557833 32.3563367128372 28.5534560680389 46.171173453331 52.5975277026494 41.3146416346232 31.8592513600985 19.9235305190086 22.1671685576439 30.0732453664144 18.2786919176579 8.52827417353789 10.1179219782352 10.5436618129412 5.66025699178378 6.85120994846026 13.5720732311408 15.4919773340225 16.4881919821103 37.1298144261042 80.573171377182 122.825384140015
50.8760015169779 44.7454253832499 40.3078918655713 36.7788126071294 30.2559410532316 24.9717608094215 21.3840256134669 16.4933775862058 3.13402153551579 10.745191325744 26.306189596653 36.8950963020325 36.6625860333443 43.75987748305 56.6061089436213 71.8357066313426 77.0197957754135 70.3994929790497 62.3913258314133 58.7160487969716 54.0024936199188 51.9914329051971 52.0834773778915 47.3678062359492 43.3963735898336 46.1093286673228 42.7392323811849 46.4610457420349 44.2615250746409 30.8881402015686 30.0337423880895 31.3995331525803 21.6062019268672 43.1265731652578 67.9439802964528 70.9759245316188 46.3308840990067 14.2341082294782 11.1224241554737 16.0910512010256 16.5132768452168 14.3666403988997 15.3656440476576 14.4831277430058 8.14177840948105 5.18799169609944 10.8730904757977 15.2081673343976 26.0375862320264 49.2864648501078 110.902527968089 141.782184441884
53.2298783461253 48.1764525175095 46.9375103712082 47.9440738757451 44.8613862196604 39.036862552166 34.3653957049052 34.7375273704529 33.5451116164525 39.0688901146253 46.4486827452978 51.7029811938604 51.985631386439 47.443891565005 57.1833352247874 72.2696880499522 82.1976761023204 82.280308008194 75.5589554707209 66.2687520186106 60.5422208706538 56.5046320358912 54.1874418656031 56.1595459779104 49.1994718710581 39.3193364143372 35.7928623755773 36.3458146651586 37.4942074219386 37.0813210805257 16.7863542834918 17.0973936716716 13.839731613795 21.6501330335935 74.5373566945394 84.7017963727315 53.3559719721476 17.804724474748 6.24524305264155 6.34321135779222 9.1481606165568 7.05840811133385 15.6287103891373 19.8526841898759 28.6535074313482 12.7612526218096 13.3278146386147 31.4157654841741 55.1924953858058 97.7261861165365 129.536479711533 142.728646596273
53.991436958313 51.3546764850616 51.5247037013372 52.9057532548904 52.3246874411901 48.8638480504354 48.6528029044469 56.0409476359685 71.6658929983775 67.8466806809108 59.1313739617666 60.5081419150035 65.9198711315791 54.212416211764 55.2391956249873 63.3837083975474 71.2778667608897 78.6706507205963 79.4588873783747 72.9090372721354 67.4544324477514 61.0230664412181 58.3701431751251 55.1937272151311 48.3944763739904 39.2424191037814 27.8111174702644 28.6263326803843 31.6194320718447 16.6658548017343 12.0131249229113 10.2603919804096 6.13328814506531 4.1032899171114 68.5461362202962 86.1839552720388 67.4301286538442 55.182750026385 25.3774399558703 2.6313615962863 0.0503967069865515 0 8.34707543253899 31.9494207700094 37.7286151051521 28.8429682453473 27.592567106088 48.8912016153336 103.77699136734 146.989057461421 140.772134065628 128.980616728465
53.1891038020452 49.9945630629857 44.7350442409515 40.3332561254501 40.635772049427 42.475829521815 42.5977011521657 53.7868440151215 63.3637855450312 58.6976607640584 49.700324734052 49.5259463787079 60.14018257459 56.0232053200404 52.5130331516266 51.0594149430593 52.3021817207336 58.9255442221959 68.9266125361125 73.1250544389089 69.0198590358098 63.1758173306783 56.9396615028381 51.9534250100454 45.1964735984802 37.6717299222946 27.1441092093786 17.0155403514703 27.9475500186284 23.155614733696 11.9683469335238 7.25249697764715 1.38062207649151 0 0.0803253448490674 76.3851255178452 83.3111852407455 93.6620930830638 75.4019916057587 28.5829976201057 2.04348439971606 0 2.25386613359054 17.197273671627 42.9320335388184 61.7180466651917 81.7748953898748 130.672504504522 170.563220977783 180.792689323425 165.934195121129 134.351541598638
55.287445584933 53.3022930224737 47.6740797360738 41.1870355407397 39.7186527649562 42.3886279265086 35.3717605272929 33.1011265516281 34.7676028807958 31.6963841517766 24.8468369245529 22.6930653055509 26.1811092495918 43.4518655141195 50.1927882432938 44.861227273941 33.8606759905815 30.2158345778783 41.8085753917694 61.4345967769623 63.0832513173421 57.8533907731374 51.2859672307968 48.5532383124034 42.1041995286942 36.4691366751989 30.48920383056 9.07019898295403 13.4368687868118 33.7021673719088 17.7273886899153 11.074165503184 3.72953154146671 0 0 55.8385252952576 95.8048800627391 110.116948684057 96.6836412747701 67.9307480653127 35.7948069771131 7.92274251580238 5.07459230720997 21.8152528007825 51.6106784343719 112.964610258738 153.130133946737 183.074295520782 192.00873374939 191.308081150055 181.729674339294 153.704007466634
56.9389661153158 56.8772852420807 54.3903211752574 50.9584248065948 49.138218164444 48.4155019124349 33.868504067262 20.7134187221527 20.951122045517 22.9809830586116 20.4932217796644 17.9878411193689 19.1124752163887 39.6634464462598 52.9077549775442 43.587068716685 26.3138463099798 14.6673048535983 17.8097163637479 31.690758963426 42.4689948558807 45.8437899748484 46.3905582825343 39.5320504903793 35.395768781503 31.012790898482 12.1364171306292 6.33437745273113 9.66897482673327 36.7516825596491 45.2721814314524 38.4010076522827 19.3482798834642 0 0 35.5459650357564 89.0949368476868 97.3858733971914 78.5628308852514 75.5326102177302 80.0527880589167 64.5557940006256 43.0925438801448 57.334691286087 107.986658811569 152.030090490977 174.982984860738 185.937066872915 187.721649805705 185.311496257782 180.384457111359 158.645421266556
