input/barkrak2/radiation/dir01324.grid
NCOLS 85 
NROWS 70 
XLLCORNER 665100 
YLLCORNER 4664600 
CELLSIZE 20 
NODATA_value -9999 
[rows 46 to 68 of 70, columns 0 to 51 of 85]
53.8648019234339 55.3851972023646 58.0964187781016 60.1012508074443 59.8655094703039 59.6819271643957 61.6433322429657 63.4258538484573 60.1239204406738 58.8898658752441 57.9283982515335 57.1293582518895 53.61008644104 51.0591765244802 50.9446213642756 54.1996210813522 51.6497939825058 47.5120097398758 52.0243098338445 50.9687066078186 48.975815375646 50.0987519820531 49.3363191684087 48.2558310031891 55.4618984460831 50.1617044210434 51.496813694636 52.2933304309845 51.0278095801671 51.4392654101054 49.3879417578379 46.3661551475525 45.6715524196625 46.2494393189748 47.8910704453786 49.3284165859222 50.8520801862081 55.729736884435 56.212306022644 53.3284842967987 53.0759394168854 50.0210225582123 55.2222430706024 60.1472208897273 51.347146431605 25.5913510918617 1.67352178444465 0 0 0 0 0
47.9679803053538 50.2690424521764 55.6954244772593 57.4546754360199 60.8809888362885 62.5186115503311 60.5505754550298 60.3634218374888 60.4495902856191 63.0077173312505 60.2098206679026 56.7430158456167 55.2648405234019 55.3543170293172 53.6935925483704 52.5583426157633 51.820566256841 45.1840062936147 48.3817756175995 50.3903329372406 47.4789440631866 47.9013671477636 51.6188591718674 47.2035259008408 50.0004192193349 50.1390546560287 46.169509490331 49.3673632542292 50.8290777603785 49.905334909757 51.126629114151 50.1921673615774 45.4903393983841 48.1483985980352 58.5805128018061 62.9929006099701 58.5820724566778 52.3354560136795 54.3257941802343 61.8490278720856 56.0249388217926 51.5665908654531 57.0673545201619 61.1880421638489 56.6385636727015 40.7008876403173 10.3439819067717 0 0 0 0 0
41.3049906492233 44.3585117657979 49.4502981503805 52.8398752212524 59.3364834785461 62.7096792062124 59.7813129425049 58.0473641554515 62.1146857738495 64.389040072759 62.1671825647354 58.6911092201869 57.4475824832916 58.2439303398132 55.9201637903849 50.5909423033396 50.6043334801992 45.2352166175842 48.6147701740265 51.9225299358368 51.1450966199239 51.1450866858164 52.9836465915044 51.1977771917979 49.9088416496913 52.7363767226537 49.860934416453 53.7015895048777 57.7895094950994 60.1828793684641 64.0386442343394 63.7411226828893 55.4468333721161 55.9641023476919 64.7299736738205 71.9752212365468 69.554661711057 59.8885864019394 56.081419189771 61.0979149738948 54.2704065640767 49.5230406522751 48.1728961070379 48.1032480796178 47.3192135492961 46.5439756711324 35.1899266242981 2.91002076119184 0 0 0 0
40.2881776293119 38.255420823892 42.3405369122823 50.0440100828807 55.5658439795176 58.6993545293808 61.4292770624161 64.0616714954376 65.3052777051926 62.277227640152 63.9876425266266 63.9713108539581 61.2258265415827 58.7655504544576 57.1435987949371 52.6451369126638 51.2964179118474 49.2024968067805 52.2909661134084 56.1506897211075 56.9212337334951 56.920513510704 54.4409404198329 55.7092179854711 51.6392389933268 56.141917904218 58.7613085905711 62.0927462975184 67.1884069840113 73.4541714191437 78.996330499649 81.1366736888885 70.4620430866877 64.4648720820745 63.9859636624654 72.8645473718643 75.6361981232961 71.2190568447113 60.9738181034724 51.7698774735133 47.3134219646454 49.6083597342173 48.7970958153407 44.9147125085195 41.8931394815445 44.9878027041753 31.4075102408727 8.98204930126667 0 0 0 0
40.5030573407809 43.8044120868047 47.3046153783798 53.3257971207301 53.8339515527089 54.2547404766083 61.9636476039886 67.0212109883626 67.0274496078491 66.7431652545929 66.793163617452 66.3723647594452 62.9303107659022 58.9359551668167 59.4475964705149 62.2785190741221 55.4500569899877 54.7642608483632 56.2714884678523 60.7285002867381 60.9017461538315 59.7578386465708 56.6465258598328 56.7409992218018 51.4214734236399 56.8972726662954 62.5987400611242 68.1431144475937 73.8302171230316 80.0907462835312 86.0827962557475 87.3019695281982 82.1884870529175 68.9289420843124 51.569014787674 53.5787145296733 63.5512918233871 70.7357426484426 62.5370045502981 48.6788153648376 43.7772323687871 48.5814313093821 54.1544258594513 51.0579397281011 46.7607875665029 41.146531701088 24.1460452477137 12.9403943816821 0 0 0 0
41.247879465421 51.7155031363169 53.8805623849233 55.1161269346873 53.2709409793218 52.8953025738398 60.2854241927465 65.6916201114655 65.5740747849147 70.6147203842799 68.3429638544718 67.5947020451228 65.3556138277054 61.0662053028742 61.1922691265742 67.078709602356 60.8448386192322 58.3163897196452 56.480993827184 57.5363437334696 57.2201708952586 57.0229192574819 55.9342553218206 54.0690322717031 51.6174584627151 53.0003756284714 57.2135945161184 59.167891740799 66.9623712698619 74.4398683309555 81.6908776760101 87.3541434605916 83.1719736258189 62.0225568612417 21.511010825634 21.0484936833382 27.8869569301605 55.7263642549515 68.7846342722575 66.8961505095164 61.9125564893087 54.7824601332347 47.6087033748627 42.8707847992579 47.3695894082387 43.5434679190318 24.0301017959913 18.0456874271234 0.728629219035308 0 0 0
44.6229378382365 43.1554218133291 42.3722962538401 44.4471041361491 50.4572888215383 55.9135476748149 56.7765732606252 62.3206396897634 62.340239683787 67.0075962940852 67.5581196943919 69.3029711643855 69.1092163324356 64.6819521983465 63.1600121657054 61.3729208707809 63.210407892863 57.7992896238963 53.1734774510066 50.6601184606552 50.4160076379776 51.962748169899 53.4647703170776 48.2025643189748 50.1790990432103 48.1106440226237 48.9116211732229 49.0320821603139 52.1585593620936 56.2597413857778 63.0161811908086 71.2044884761174 69.0285861492157 46.9578206539154 17.5326404472192 10.1610012352467 10.9163833161195 19.22540863355 45.9157427151998 60.0959459940592 65.9970641136169 55.0540486971537 40.7181233167648 37.3636136452357 41.7819718519847 27.5804921984673 23.4757239619891 34.9302018682162 18.9651710291704 0.522561487741768 0 0
47.1631983915965 38.0562941233317 36.0935529073079 40.9751459956169 51.5373994906743 59.6916874249776 59.3982587258021 60.4036897420883 63.1648053725561 63.3555948734283 65.7669057448705 68.3558384577433 70.1603641112645 68.6550239721934 65.0245398283005 62.603215376536 64.7208392620087 58.0393622318904 54.0892630815506 54.6545783678691 54.7509590784709 52.4713496367137 50.5735079447428 47.9322075843811 47.6585924625397 45.0063149134318 46.0944970448812 45.9625820318858 44.3917711575826 43.9696460962296 38.0501995484034 43.7814642985662 46.700785557429 24.5861361424128 19.1357508301735 11.0239274799824 2.99447868019342 2.10166675969958 9.77508910000324 25.2282867829005 48.6067235469818 47.9049434264501 38.8293340802193 34.3730797370275 23.3388642470042 24.3785803516706 22.2520207365354 41.3291056950887 48.7592816352844 29.6284134189288 4.04424065103133 0
47.3080178101858 42.1606202920278 40.2858604987462 45.2860097090403 53.9160917202632 60.993437965711 64.1716420650482 60.2534910043081 64.8603737354279 63.348780075709 66.7389929294586 68.7708854675293 70.1916068792343 72.0174958308538 67.18976298968 67.0028279225032 67.7129030227661 62.6909931500753 58.8170886039734 59.3444655338923 59.3959987163544 55.2695194880168 53.5512814919154 53.4022549788157 51.0948201020559 49.0732888380686 46.9420403242111 44.0667768319448 40.9854377309481 37.3259062568347 30.0321330626806 34.4836264848709 41.6704813639323 43.8276529312134 41.9882982969284 31.5114011367162 11.9802132248878 3.12453197936217 2.06889662270745 6.91147707402706 21.5590124328931 25.638647377491 21.8286787470182 16.1122692128022 15.8618427813053 21.1205730835597 23.0304251114527 33.3106964826584 44.7051177422206 48.9166627327601 31.2433615326881 2.18652359520396
50.3362367550532 48.945610721906 45.6364452838898 44.5733368396759 50.1674662033717 60.2393994728724 61.9921833276749 59.9838594595591 62.0011289914449 67.0992831389109 73.2252846161525 73.9372422297796 71.9898690780004 72.8817135095596 70.7998027404149 70.5355703830719 70.4801181952159 68.7840481599172 64.0719532966614 60.5676571528117 57.9995661973953 57.4500312407812 58.6485217014949 61.1571222543716 57.5888107220332 54.0762295325597 48.0762223402659 38.7950614094734 33.8340848684311 31.7036807537079 31.7496458689372 38.4128019213676 45.6830312808355 56.8549533685048 61.9898587465286 60.3640973567963 49.0872164567312 31.0354456305504 21.685982743899 6.38915474216143 11.5154261390368 21.1020112037659 21.6573725144068 16.0419220725695 16.544667383035 31.6560789942741 50.3858178853989 44.0453588962555 39.0331546465556 44.6874300638835 36.9626631339391 8.82633713384469
52.8249641259511 52.2332787513733 51.1564364035924 47.8984812895457 49.1034040848414 57.7606360117594 59.8476032416026 59.9720627069473 60.2289835611979 69.209153453509 76.849232117335 75.6246795256933 71.4554637670517 73.7951596577962 75.1344263553619 69.4603025913239 72.0351040363312 69.2420949538549 65.6177947918574 63.5534077882767 62.2061192989349 62.8825724124908 59.649129708608 58.5783869028091 54.863785703977 51.7402142286301 34.2382118105888 6.5661147236824 5.29780673484008 19.5150139431159 29.4487128655116 35.6970553596814 43.8917974630992 51.3302187124888 62.0267540216446 66.1180118719737 64.7824704647064 56.972270210584 45.2045698960622 25.866429011027 13.1266775230567 21.2316090861956 40.9125735362371 41.3233588139216 34.6160084009171 52.8918157021205 76.5106678009033 66.3893520832062 45.2231665452321 33.0709020296733 19.0511221686999 10.0297679503759
51.7363051573435 49.8768389225006 53.4138133128484 54.394672314326 52.0656208197276 54.7486493984858 59.7176303466161 60.7226938009262 61.200017730395 68.9511050780614 75.4929880301158 73.6519247293472 69.581538438797 72.8385200103124 76.0821600755056 66.9694344202677 68.9398845036824 67.8436855475108 66.4543410142263 66.9036159912745 68.3011710643768 68.3617840210597 63.6090983947118 56.7656060059865 56.3052594661713 52.7592251698176 36.8582730491956 19.199512898922 18.3842219412327 26.0316208004951 35.3866343696912 38.6898244420687 52.8693745533625 62.4807526667913 73.4107991059621 66.8762226899465 63.3766204118729 25.3611852725347 25.8240203062693 26.4120896657308 32.6649596293767 40.943332016468 48.5231777032216 24.7639790177345 19.314272950093 23.4045758843422 54.139718413353 52.946592370669 40.6277428070704 31.7979579170545 26.0858784119288 19.1360240181287
41.0929322242737 48.20816218853 51.5004545450211 54.2472104231516 54.326464732488 51.2147049109141 59.9970519542694 63.7408296267192 64.5301540692647 69.4044977426529 71.7081874608994 70.9069023529689 70.377046863238 69.1482126712799 70.5624918142955 67.174752553304 64.0117029349009 67.3766632874807 69.4221357504527 71.8380113442739 72.6615985234578 68.8396692276001 68.0998067061106 61.6206775108973 59.5452636480331 59.5326522986094 55.1352351903915 48.5676775376002 47.3209321498871 48.5898355642954 45.15041410923 45.0304249922434 64.4753823677699 74.3663857380549 54.3779532114665 49.6250788370768 30.3231328725815 13.4000753362974 5.34015956024329 13.2877230644226 12.4576278030872 43.4608360131582 48.9986042181651 41.9777184724808 30.1335901021957 31.4294944206874 44.8546707630157 49.057071407636 46.4315464099248 40.0091484189034 33.9348763227463 33.0992788076401
32.0898046096166 45.8244333664576 49.6448179086049 52.5038341681162 55.3820629914602 51.7194469769796 55.618479847908 62.899778286616 73.0400333801905 74.9914894501368 70.3413983186086 67.8895612557729 70.1059997081757 69.5335070292155 69.5963154236476 67.3647870620092 64.1037672758102 66.3396020730336 64.4623736540477 62.8828306992849 64.1850580771764 64.0251735846202 63.1242692470551 62.8931274016698 63.3451640605927 67.8536742925644 75.1889944076538 79.1723330815633 65.1900917291641 59.4734698534012 48.9779611428579 44.9513544638952 52.2014995416005 52.5973935921987 22.0956355333328 15.5607238411903 14.7646230955919 9.01646601657073 1.06716202571988 0 0 14.3141609927018 46.077902118365 67.9319202899933 73.2161204020182 67.5414154926936 65.713773171107 65.0372803211212 65.1682416598002 54.4846206903458 43.9397692680359 54.3177823225657
33.8257749875387 43.2555377483368 50.0356803337733 52.3298680782318 53.9616694053014 54.2192210753759 48.8972167174021 58.0699245134989 77.6599248250325 76.4324168364207 68.3674017588298 65.0799125432968 67.9490019877752 71.6631313165029 70.8075215419133 67.5190985202789 66.4985875288645 64.5427803198497 58.2920710245768 51.3459742069244 51.8833001454671 55.2022159099579 56.7883203426997 59.0942253669103 61.6229474544525 68.248063325882 84.2008888721466 87.9240731398265 69.3438549836477 63.5745426019033 48.1093724568685 35.6911470492681 39.2984598875046 40.8317968249321 20.5092752973239 11.6672329604626 12.653149664402 18.2655155658722 11.0488471885522 1.78911024704576 0 3.15234499673049 22.359736263752 47.8335420290629 50.8158107598623 51.9318679968516 49.5246350765228 59.8065455754598 56.2992244958878 50.0867962837219 50.7603287696838 84.3938092390696
44.7669327259064 47.7154701948166 50.0412086645762 46.6899871826172 41.2663867076238 38.0517765879631 45.5145140488942 51.058774193128 60.5561137199402 56.355208158493 53.7408490975698 58.5909436146418 66.6871170202891 68.4953778982162 64.7121568520864 66.5978739658992 67.0735538005829 61.5061223506927 53.8010001182556 48.8870292901993 47.9456434647242 48.9643563826879 52.59175101916 56.7998389403025 57.1561753749847 61.5082780520121 75.5874216556549 81.9572607676188 69.8570410410563 55.0685375928879 47.5523173809052 32.9440658291181 27.3528645435969 44.155091047287 40.7406091690063 19.5777813593547 19.5273235440254 43.2149668534597 46.165923277537 31.4754620194435 7.59221675495307 4.4953798254331 13.1437579790751 20.3087627887726 19.0639967719714 20.7707124451796 23.2670406500498 25.5555162827174 29.4564962387085 43.0681109428406 64.202959338824 117.198298374812
55.8488617340724 52.7039170265198 48.9336748917898 42.2462224960327 32.8920086224874 27.0390262206395 35.4908754428228 36.6219232479731 26.9774521390597 26.8039380510648 38.0936712026596 48.8901187976201 55.1848659912745 59.2673520247141 62.0953639348348 72.5590288639069 75.0418653090795 66.8027500311534 58.4519505500793 55.0033450126648 52.5692900021871 51.9711524248123 52.8823435306549 52.7105132738749 52.9246032238007 57.9145650068919 65.2599930763245 67.8657988707225 61.8070463339488 42.9972658554713 42.1868165334066 38.0425800879796 33.8783860206604 52.4209042390188 58.8332017262777 47.0424989859263 37.312738597393 23.406594991684 34.6145754059156 34.7181012233098 24.6692871054014 11.0478922724724 12.8194938103358 13.3083400626977 8.00787284970284 9.10274311900139 16.5821301440398 18.6677475770315 19.7323299944401 43.4232652187347 89.5268817742666 132.887144883474
58.6473246415456 52.1755566199621 47.5253413120906 43.8140730063121 36.9485095143318 31.2405774990718 26.9540622830391 22.6865857839584 8.064279332757 15.7114714384079 31.8229893843333 43.9185202121735 43.8256959120433 51.4281590779622 64.5387023687363 80.3871254126231 86.0229829947154 78.9234141508738 70.6705947717031 66.785325606664 61.2624039252599 60.3306293487549 58.6763968070348 53.1755785147349 52.7038276195526 52.2316694259644 55.6152065594991 54.9575587113698 50.5254666010539 36.3697359959284 34.7846274574598 36.2590476870537 30.4877857367198 54.5964539051056 74.8402824004491 77.9812733332316 52.5883187850316 17.2877113024394 13.904066135486 19.2758018771807 19.7136340041955 17.3949139813582 18.5190004607042 17.5829889873664 10.6986425817013 7.44721665978432 13.6567826072375 23.2797985275586 31.3979983329773 56.7238430182139 120.893031358719 151.975949605306
61.0737204551697 55.8325548966726 54.5449952284495 55.599182844162 52.3874511321386 46.2228109439214 41.2727842728297 41.7193621397018 40.4445280631383 45.9581712881724 53.8360526164373 59.4409207503001 59.9878331025442 55.119792620341 65.2652233839035 81.0767511526744 91.3396875063578 91.5839572747548 84.2890938123067 74.5250632365545 68.8502242167791 64.0485485394796 62.353918949763 63.2191797097524 55.549830198288 44.9382364749908 42.7734355131785 46.7700610558192 43.5756792624791 42.9391612609228 26.6231670975685 20.3382993737857 16.7978368699551 34.048763414224 81.8581332763036 92.0178492863973 59.7015420595805 21.1605976025263 8.61829643448194 8.70618037879467 11.7443924148877 9.71394466857115 19.5169349511464 30.4733365774155 34.0969016154607 20.8335444331169 17.8339121242364 37.1678074200948 62.7278238534927 107.315242290497 139.624645312627 152.655631303787
61.8800123532613 59.2044740915298 59.3118270238241 60.684988896052 60.0972920656204 56.5333068370819 56.2891264756521 63.9412701129913 80.1968574523926 76.2525250514348 67.5222227970759 68.5226122538249 74.1980572541555 62.1964285771052 63.6168370644251 71.4236746231715 80.0745636224747 87.4405701955159 88.354488213857 81.5249135096868 75.8562982082367 69.7210927804311 65.884530544281 62.0604753494263 58.2518726587296 45.2769200007121 33.4462771813075 35.9101245800654 37.7049495776494 19.8304156462351 14.8505158722401 12.9579231142998 8.44210758805275 8.66836681962013 77.1624793608983 93.4783120950063 74.1160313288371 61.783899863561 30.4730460047722 4.53042642523845 0.47711868925641 0 10.6313501795133 37.4982754389445 43.8543409109116 34.4111720720927 33.102643986543 56.069940328598 113.4326060613 157.94774889946 150.901218255361 138.43297958374
61.0912144184113 57.7025860548019 52.1615246931712 47.5099235773087 47.8635927041372 49.8559425274531 49.8852680126826 61.9214177131653 72.2644329071045 67.4138963222504 57.7356020609538 57.4167470137278 68.637490272522 63.9323542515437 60.1227929194768 59.5055719216665 60.2145195007324 67.3128465811412 77.4612526098887 81.7492703596751 77.4884223937988 71.5916852156321 64.3962721029917 60.3107313315074 51.6853928565979 46.3222563266754 32.2925771276156 27.0282477140427 33.601775765419 30.5800090233485 14.8235696057479 9.70139478643735 2.97919039924939 0 0.268425482014815 83.5230449835459 90.4305875301361 101.38401389122 82.9107761383057 33.7686017155647 3.70420267184575 0 3.88113595545292 20.4706564545631 49.4209130605062 69.2945967117945 90.3812646865845 141.09527071317 181.973139444987 192.196130752563 176.674544811249 143.891751766205
63.2712592681249 61.2071057160695 55.3134580453237 48.5344231128693 47.0056434472402 49.7678816318512 42.2345896561941 39.0480235219002 40.6924411654472 37.410207092762 30.6297490994136 28.2377898693085 31.8125436703364 50.7797499497732 57.7420592308044 52.5825222333272 41.8461561203003 37.4865978956223 49.1137057542801 69.9794789155324 71.7352132002513 65.9704903761546 59.4211469093959 55.3356111049652 48.5860904057821 44.3175037701925 36.1670255661011 16.2186771631241 24.2887487014135 39.3339321017265 21.0592672228813 13.8494496544202 5.76333266993364 0 0 63.6867533127467 103.36896777153 118.026445309321 104.464968045553 75.0269989172618 41.6365712881088 11.4292738338312 7.37382595737775 26.9133299589157 58.9597870906194 122.688074906667 163.93052538236 194.608708222707 203.509529431661 202.800313631694 192.983428637187 163.968543211619
64.9733543395996 64.8972491423289 62.3040099938711 58.7586263815562 56.8496882915497 56.0538470745087 40.7189975182215 26.6359423597654 27.0684411128362 29.2809704939524 26.5479758381844 23.8442768653234 25.0866214434306 46.8703558047613 60.6729090213776 51.5445520480474 32.0462634166082 20.2068065603574 23.7011983990669 40.1823172966639 49.9954471985499 53.3241927623749 54.0376156568527 47.2389509280523 41.7258888483047 37.3192777236303 24.5604837934176 8.56640748679638 15.854066858689 42.5849656263987 51.4798164367676 44.4535712401072 24.4408572713534 0 0 41.3887823621432 96.8927145004272 105.116118987401 85.6966177622477 82.6577842235565 87.8292123476664 72.3844667275747 50.0465333461761 65.104752779007 117.836773395538 163.072139024734 186.407645543416 197.440981864929 199.194053808848 196.834127108256 191.808025042216 169.290900230408
