input/barkrak2/radiation/dir01524.grid
NCOLS 85 
NROWS 70 
XLLCORNER 665100 
YLLCORNER 4664600 
CELLSIZE 20 
NODATA_value -9999 
[rows 23 to 45 of 70, columns 0 to 51 of 85]
67.9919024308522 57.6103627681732 26.6514867544174 9.94784943759441 5.49419472614924 11.2750257054965 11.8664565185706 4.265071824193 2.96156636128823 2.59156773487727 2.4927775375545 11.7900359133879 13.1119787693024 16.5786184370518 14.6402170260747 15.0966842969259 20.451112339894 28.6081954836845 33.973291516304 27.4526029825211 26.4261538783709 30.4627567529678 41.4952387412389 51.0307997465134 57.9196115334829 57.8285356362661 51.2215197086334 44.3159639835358 25.1143003503482 11.3268469770749 7.50531256198883 2.03951494768262 0 0 0 0 0 0 0 0 0 0 0 0 0 0 0 0 0 0 0 0
67.7855263153712 63.7699117263158 42.3360069592794 14.470803240935 0 6.08114649852117 5.59310739239057 7.38867310186227 4.69700247049332 3.88973361502091 3.3614511291186 3.70633043348789 11.0989051560561 15.2543671429157 14.6608327825864 14.2983396848043 18.6262552936872 27.0134682456652 32.3029855887095 26.4757548769315 24.3776515126228 22.13004976511 29.1506201028824 37.1388271450996 41.5550470352173 42.0557111501694 39.3314709266027 35.5528444051743 16.4522118866444 6.72784137229125 3.34166424969832 2.14213101814191 0 0 0 0 0 0 0 0 0 0 0 0 0 0 0 0 0 0 0 0
55.3673009077708 59.5111896594365 52.4003704388936 23.6492107311885 1.37038435786963 11.0435994962851 17.9511283834775 25.575930873553 26.190958917141 20.8344434698423 16.3953825831413 17.8666450083256 17.7823007106781 21.7383280396461 20.76514189442 16.3770765066147 17.7974899609884 26.2414862712224 32.7490617831548 34.5716600616773 34.8547225197156 31.1874374747276 28.3245667815208 28.2957702875137 31.4090351263682 33.3789636691411 29.7896191477776 30.1840156316757 17.9834725956122 13.9675127963225 11.243287473917 14.1233988106251 9.18736370901267 0 0 0 0 0 0 0 0 0 0 0 0 0 0 0 0 0 0 0
54.058238863945 58.9035948117574 56.5450688203176 32.4560751517614 10.1648618777593 22.3687713344892 34.769410888354 44.5489784081777 53.8515150547028 45.4264581203461 31.33691350619 33.1756050388018 29.1413366794586 30.354638894399 32.240703701973 22.9570493102074 20.3407903512319 27.8378079334895 35.0250874956449 44.7474469741186 45.6082423528036 42.65329738458 35.2780669927597 30.0245955586433 30.8500279982885 33.2416047652562 28.846321006616 36.088819305102 34.3995094299316 33.0509121219317 37.0383510986964 52.7786860863368 60.5322519938151 40.6127572059631 0 0 0 0 0 0 0 0 0 0 0 0 0 0 0 0 0 0
55.3502341111501 54.4224033753077 54.461012283961 38.1664509574572 33.3759635686874 41.352483133475 56.2531650066376 62.3413920402527 63.1487419207891 53.324818611145 40.2154053250949 35.3765338659286 32.2970822453499 32.8362757960955 36.158079902331 30.5977662404378 26.1241843303045 31.4979801575343 43.419341246287 47.5349773963292 45.0032502412796 37.9490181803703 35.7175742586454 36.2623259425163 36.5172748764356 37.1522357066472 34.8672742644946 44.6825623512268 60.9916945298513 65.3617084026337 68.8537508249283 74.9906400839488 84.9135120709737 90.7903711001078 47.4514315525691 0 0 0 0 0 0 0 0 0 0 0 0 0 0 0 0 0
58.2626809676488 48.3598510424296 48.8098313411077 40.6667465964953 52.193154891332 55.3538302580516 58.8810543219248 57.1457346280416 51.179106036822 41.1772181590398 35.9351585308711 30.0312290589015 30.9140384197235 35.9086642662684 37.2007091840108 39.3818144996961 33.0922851959864 30.4370224475861 40.3819009661674 42.7190164724986 39.9560779333115 33.4813147783279 33.1965858737628 38.7859617670377 41.0024672746658 37.8633216023445 38.9420663317045 44.7060167789459 67.158430814743 79.7877609729767 86.7690245310466 90.5192097028096 97.5372791290283 99.9336242675781 89.8301204045614 22.8752965728442 0 0 0 0 0 0 0 0 0 0 0 0 0 0 0 0
59.4680060942968 43.7704672416051 43.7914828459422 45.184537768364 53.9492815732956 54.9205839633942 47.7629899978638 34.5252156257629 10.0754946470261 7.14342420299848 17.7121832966805 23.2166151205699 28.5587360461553 36.3257924715678 38.4928236405055 43.4864709774653 39.813406765461 28.1553491950035 30.9795166055361 33.8598489761353 32.9686651627223 33.1136534611384 33.0958912769953 38.4147564570109 43.6032116413116 40.9848640362422 43.0458982785543 45.0781186421712 60.9584748744965 82.226092616717 94.2061146100362 99.839190642039 102.075278759003 102.990577618281 109.013358751933 89.7984107335408 17.8925519188245 0 0 0 0 0 0 0 0 0 0 0 0 0 0 0
58.6639245351156 59.0767711400986 77.0709812641144 104.981124401093 84.6145749092102 61.4383518695831 38.2600749532382 9.60062816739082 6.67793738345305 15.2079984545708 5.27153536677361 4.59319446235895 27.176355322202 37.6750702659289 40.4094979166985 47.823707262675 43.9338535070419 32.5045958161354 32.4136440952619 35.6802940368652 32.9373901089033 36.4728296796481 38.1221920251846 40.2417182922363 45.7284698883692 49.4192043940226 47.7778414885203 50.4996875921885 62.5690917174021 85.6633583704631 101.155291001002 104.185958703359 102.318217357 109.223584334056 117.77052283287 120.556573073069 93.9140518506368 39.6409357587496 0.712898094207048 0 0 0 0 0 0 0 0 0 0 0 0 0
69.6039696534475 99.9424556891124 145.528475443522 165.888021389643 145.501265923182 97.4955757459005 54.7522753477097 29.9169222513835 26.1042540272077 29.9487362305323 21.6635391116142 19.6352725227674 28.5016298294067 35.9811981519063 46.6297169526418 49.4928459326426 46.8882620334625 40.9357026219368 34.7139984369278 36.1939320961634 35.971204439799 38.8221815228462 41.1181176702181 41.6201079885165 46.0173040628433 56.5765251715978 56.6152185201645 61.8719110886256 71.4805126190186 87.2964362303416 100.989768902461 107.818752527237 109.495957692464 114.684770504634 121.315628290176 120.433698097865 113.513817389806 95.0501660505931 36.5462650855382 0.0532788593166818 0 0 0 0 0 0 0 0 0 0 0 0
125.105251868566 159.972687562307 185.734947522481 188.350935777028 185.000618298848 158.687720696131 120.25448679924 85.8062704404195 65.3087794780731 55.3629050652186 50.0713338454564 41.1487693587939 30.8338751395543 34.4433461626371 43.1555807590485 50.6221999724706 44.6961373090744 45.5193221569061 35.5406875411669 34.2270930608114 37.7156684796015 39.8325994610786 40.2656868100166 41.0385380188624 45.0768967469533 57.5157850980759 62.1719608704249 69.0528005361557 78.5010407368342 86.3823493321737 96.1492757002513 105.930477380753 107.855419317881 104.942490657171 107.454280058543 101.33883357048 102.738837401072 88.2063011328379 48.3121772607168 1.23885398109754 0 0 0 0 0 0 0 0 0 0 0 0
177.583634853363 195.662160714467 199.893355369568 199.006656805674 200.522979100545 196.789960066477 174.554963906606 135.032524665197 99.164346853892 76.7925182978312 79.7537267208099 70.9966669480006 47.9909479618073 39.9314314126968 42.018249630928 45.9129611651103 40.0389780600866 41.2842507163684 34.7981974482536 35.5465685327848 34.9766661723455 35.6602023045222 35.6630931297938 35.9108497699102 42.1512772639593 51.7150908708572 62.2054984172185 65.9262488285701 74.6569782495499 86.1861209074656 95.0475037097931 96.7667698860168 89.8041029771169 80.0972680250804 82.756573955218 70.454070965449 71.3343719641368 57.4988027413686 20.4451618095239 0.191668649980177 2.18531566982468 0 0 0 0 0 0 0 0 0 0 0
192.517578601837 201.404531796773 199.48407014211 201.988418896993 203.372836112976 200.774947802226 190.938035647074 162.783910830816 117.372731367747 90.9910500049591 90.362826983134 85.974117120107 70.3496436278025 50.4087309042613 43.0157383282979 43.5437460740407 38.1779919068019 34.6952478090922 34.4042455156644 37.1749252080917 34.0248867869377 33.3744684855143 34.4641332825025 35.7459237178167 39.6443406740824 46.204204360644 55.0536910692851 55.9534927209218 64.5180096228917 80.0344695647558 88.7784560521444 87.5109831492106 82.1177810430527 75.8511523405711 69.5345302422841 58.28524629275 62.0081474383672 59.3761404355367 40.8784026900927 9.54146372775237 9.01387445628643 0 0 0 0 0 0 0 0 0 0 0
185.310165087382 189.921736717224 185.650706291199 187.832077344259 188.078065713247 181.963384151459 175.446470578512 159.396221240362 122.79067436854 103.571822245916 96.5915024280548 88.571826616923 80.7141562302907 57.8024288018545 46.4522341887156 47.6082762082418 41.0402143994967 33.411646882693 37.4023169279099 38.6303663253784 37.096843123436 34.4614783922831 36.7246717214584 40.5697946747144 39.3391102552414 44.6814199288686 48.8974849383036 49.0448425213496 55.595467487971 72.431022922198 81.8769534428914 80.9670786062876 83.8991204897563 83.8338832060496 69.0201222896576 63.8858079910278 67.8020715713501 74.1253395875295 68.4856275717417 31.8754216035207 0.101272230191777 0 0 0 0 0 0 0 0 0 0 0
159.054964780807 162.912557522456 165.438205003738 162.698368231455 162.07480430603 160.250614086787 164.938976367315 161.524037520091 133.828828732173 111.649334430695 99.7589429219564 84.5968921979268 74.6011237303416 53.7287493546804 42.5410767396291 47.2442756096522 48.8330622514089 37.9752044876417 40.6760449210803 43.5411731402079 43.3360834916433 39.9937629699707 40.1511738697688 43.1856314341227 40.8385246992111 41.1498472094536 47.3768164714177 53.2523890336355 56.2928219636281 67.4674262603124 78.4194618463516 82.8507194916407 84.6713880697886 87.6963635285695 72.1750656763713 72.4679380655289 73.0011065800985 80.2432547012965 80.3418854872386 43.0759638547897 0 0 0 0 0 0 0 0 0 0 0 0
135.436991850535 145.238161087036 156.052986780802 153.203676144282 152.267674605052 158.993542194366 169.03946797053 172.589560349782 155.361225207647 123.944262663523 100.752135117849 75.0467131535212 58.5542023181915 47.0520357290904 39.3409679333369 42.9407805204391 52.9342591762543 45.6387797991435 43.0059085289637 45.8859254916509 46.402171254158 43.4858500957489 41.5641069412231 42.5760447978973 43.8519219557444 43.3925092220306 45.6123451391856 54.4504225254059 57.9545348882675 61.5625331799189 72.8061894575755 82.7216605345408 85.3681365648905 80.2834133307139 69.3558603525162 79.4762472311656 83.0434709787369 86.9705776373545 86.9981944561005 62.8452003002167 0 0 0 0 0 0 0 0 0 0 0 0
99.1486012935638 110.544810692469 119.520316521327 123.84753425916 131.689250469208 147.662580013275 163.49865992864 172.873000303904 168.572386105855 139.514366785685 105.603396892548 73.0115324258804 54.0978411833445 51.1676023403803 43.8933124144872 38.277693092823 48.2750783363978 49.3717938661575 44.001633922259 43.9990560213725 44.4147984186808 41.8734103441238 39.7205278277397 40.9088184436162 44.2496041456858 47.1930007139842 46.8426247437795 51.7832537492116 56.4678609371185 57.7566226323446 64.9814655383428 79.1578988234202 84.0042928854624 70.9745734930038 72.1667905648549 87.8719687461853 92.1661257743835 90.0945862134298 90.694934129715 87.0000024636586 34.4677691658338 0 0 0 0 0 0 0 0 0 0 0
65.0123904148738 71.4970131715139 71.1506456136703 81.0725192228953 96.9117184480031 114.02694384257 129.362871249517 141.289204359055 143.787920475006 120.137025912603 86.4827334880829 61.86842918396 49.8247841993968 48.1680432955424 44.8268155256907 39.9549752473831 44.9374616146088 45.1753437519073 39.1867086291313 39.4649356603622 42.4540986617406 45.4083581765493 45.1818108558655 41.8946047623952 40.7238081097603 43.7093178431193 48.2368469238281 51.1927306652069 56.3870966434479 55.5724402268728 58.168813586235 68.9622561136882 77.0029872655869 73.6709286769231 89.4946356614431 97.003956635793 94.5526758829753 91.3628538449605 95.3832964102427 107.278108596802 99.824845790863 41.4737462997437 0 0 0 0 0 0 0 0 0 0
54.2817612489065 56.3259422779083 56.1237732569377 58.2580665747325 66.8651362260183 73.1471081574758 76.9043465455373 82.2678705056508 83.118329445521 67.7881389856339 52.636002500852 48.8407711187998 47.9704091946284 45.6761668125788 44.3142801523209 44.9476093053818 43.6837126811345 43.0427292982737 39.4763350486755 39.0423734982808 43.7828153371811 48.8527814547221 50.0028878450394 46.5875566005707 43.9974119265874 42.0425434907277 50.5938182274501 52.7658363183339 55.8993269999822 57.2702040274938 56.6590577363968 62.2111260890961 71.0033029317856 80.6056956450144 97.259928782781 95.3870415687561 87.7886017163595 78.7503570318222 83.2040409247081 98.5774397850037 109.571854273478 100.360075632731 53.5282840331395 3.20953658471505 0 0 0 0 0 0 0 0
62.3261680205663 59.8974327246348 60.133824745814 59.7479939460754 56.3052296638489 54.5508613189062 53.3869216839472 54.5492569605509 59.4194879134496 51.5013088782628 44.4835325082143 45.8488365014394 49.3892331918081 49.9865015347799 48.8004138072332 47.5896149873734 42.4121121565501 48.8267987966537 50.1338243484497 46.4344024658203 48.6238102118174 49.1295009851456 47.5746939579646 50.148199001948 52.3402988910675 47.4520971377691 51.4489114284515 54.742897550265 55.9897075096766 56.7414661248525 59.1150472561518 62.5999271869659 68.3010816574097 83.7190846602122 91.4491216341655 86.1074725786845 76.1612405379613 66.8769975503286 64.8858249187469 74.9331464370092 98.5854168732961 103.166113297145 80.6172440449397 31.2988584240278 0 0 0 0 0 0 0 0
66.6600962479909 63.878133893013 66.6236231724421 65.3649419546127 58.6705505847931 55.493618051211 53.4207671880722 50.790732105573 51.277369260788 47.9323814312617 46.3028450806936 46.4542408784231 49.5389799276988 53.4072071313858 53.6738634109497 50.603523850441 48.2553740342458 53.5470793644587 55.9420635302862 50.4026412963867 48.1522579987844 45.9067672491074 42.7705446879069 45.3207592169444 50.1967320839564 47.6292967796326 44.2286332448324 48.7461586793264 53.3236563205719 55.3842584292094 55.7293295860291 57.3761810859044 66.4031356573105 85.6594244639079 88.9927744865417 76.0536889235179 66.437358657519 63.1255855162938 62.522162993749 70.5026686191559 77.1755377451579 78.7648657957713 67.7823623021444 37.9391262928645 0 0 0 0 0 0 0 0
51.3363728920619 53.993746638298 62.4580085277557 59.9348098039627 62.4532749255498 64.7795299688975 63.8977438211441 59.6315811077754 49.9104708433151 48.5199888547262 51.6009827454885 48.2068161169688 49.2956588665644 52.7613560358683 53.1413555145264 51.201601823171 53.1208316485087 55.0523300965627 56.0646007458369 51.72032614549 46.6215709845225 43.1903501351674 41.6867037614187 41.8624679247538 45.0481722752253 48.473263780276 44.13008193175 46.008974313736 50.0234713157018 51.3838231563568 50.7460633913676 48.6980925003688 59.3959192434947 72.3066180944443 77.5501877069473 68.6946312586467 65.1647249857585 67.8701649109523 68.86954108874 71.2334414323171 66.7319297790527 64.8695727189382 60.177077849706 37.501223385334 2.46710159505407 0 0 0 0 0 0 0
49.7888127962748 55.5199335018794 58.5075318813324 59.2086265484492 60.9689106543859 63.5010649760564 63.7939920028051 60.0521862506866 55.6480785210927 52.0456731319427 53.6281565825144 51.4514893293381 48.6672222614288 47.174150745074 47.0512807369232 47.3274240891139 45.1418707768122 51.2136568625768 53.3057550589244 51.4358133077621 47.4399824937185 45.3858474890391 45.0034787257512 46.1939871311188 44.5355872313182 53.155263264974 55.3225924571355 52.8100977341334 51.8109301726023 50.3020932277044 46.2216387192408 44.0565894047419 50.4342118899027 54.0610104799271 59.9342882633209 63.2347613573074 67.2506342331568 73.2408761978149 73.3780314524968 66.4391815662384 66.5444781382879 61.6448521614075 58.8557422161102 42.0076549053192 14.0668029586474 0 0 0 0 0 0 0
55.8967590332031 60.5236192544301 57.7218880256017 61.0791395107905 59.6599876880646 59.7654680411021 61.2964332103729 60.1014097531637 61.3514482975006 57.0188462734222 56.1093439658483 55.888960758845 51.6371180613836 47.2249935070674 46.3521778583527 49.7900396585464 45.1742162307103 48.3396053314209 52.7488241593043 52.1077712376912 49.3696182966232 49.2479503154755 48.8065133492152 49.5583862066269 51.8139898777008 52.5879363218943 57.9984237750371 54.6507835388184 53.5270472367605 52.0044267177582 48.0265468358994 44.3516274293264 47.5067645311356 46.6307948033015 47.4026501178741 50.9270677963893 57.6445957024892 66.2999898195267 66.1800007025401 55.5205444494883 58.7625751892726 54.470032453537 54.1687508424123 51.3475388288498 34.6698115269343 5.98245486617088 0 0 0 0 0 0
