input/barkrak2/radiation/dir00324.grid
NCOLS 85 
NROWS 70 
XLLCORNER 665100 
YLLCORNER 4664600 
CELLSIZE 20 
NODATA_value -9999 
[rows 23 to 45 of 70, columns 0 to 51 of 85]
59.7970237334569 49.8332480589549 20.7234484453996 5.27550218005975 0.281544091800849 7.94474159677823 4.7359944631656 3.63940931856632 2.48053669929504 2.19290625924865 2.15661774079005 2.24900214622418 10.0476133326689 13.152106354634 10.4376077651978 11.232594648997 16.2991595764955 23.9762042959531 28.4709831078847 22.5257823864619 21.358385682106 24.7738212347031 36.0163897275925 44.6994205315908 50.8056581020355 50.1324087381363 45.055165886879 38.5761509339015 20.3362566729387 8.57743807137012 5.01903394858042 0.960970607896646 0 0 0 0 0 0 0 0 0 0 0 0 0 0 0 0 0 0 0 0
59.7170889377594 55.8418283859889 35.3649308284124 9.2479648689429 0 2.72597682972749 4.07558617492517 4.11795328060786 4.06560239692529 3.37701973815759 2.15913603703181 1.9664039524893 5.82456092039744 10.926994184653 10.6175281107426 10.2936904877424 14.446339259545 22.2962821523349 27.7910307049751 21.1220532655716 19.8769842584928 17.2306324044863 23.5734730958939 30.9575845797857 35.1210509737333 35.5908597509066 32.9250444968541 29.3700198332469 13.5343832274278 4.43958087513844 1.89544617508849 1.04896064537267 0 0 0 0 0 0 0 0 0 0 0 0 0 0 0 0 0 0 0 0
47.9434231917063 51.827535033226 44.88671819369 17.8430005908012 0 7.6368289689223 14.7819221019745 22.4155907829603 23.299699028333 18.4385403990746 14.1679123044014 15.1916891336441 13.7945810953776 16.9505414863427 16.7714680234591 12.3214858273665 13.6723257601261 20.6819114585718 27.0747592051824 29.1492938995361 29.4596453507741 25.8779873450597 23.1456359227498 22.7992385625839 25.4109278321266 27.036540210247 23.7689862648646 24.3771374225616 14.7160130242507 10.8914996186892 8.38604072729746 10.5492224295934 6.25171264012655 0 0 0 0 0 0 0 0 0 0 0 0 0 0 0 0 0 0 0
46.674037973086 51.2477805217107 48.8853951295217 26.0666608810425 5.24560734629631 18.0271839102109 30.7087476054827 40.7036691904068 49.8624940713247 43.8061753908793 26.7893448472023 28.4785206119219 25.5095362663269 26.5167305866877 26.9160568714142 18.1042887270451 15.6576323012511 21.6726387540499 29.6334326267242 38.5674635569255 39.6028359731038 36.9966675837835 29.5473461349805 24.7926364342372 25.067334373792 26.8220057090123 22.8330045938492 30.0463115175565 28.8206984599431 27.6318043470383 31.0830225547155 45.6099112828573 52.9291331768036 33.9105526606242 0 0 0 0 0 0 0 0 0 0 0 0 0 0 0 0 0 0
47.8427608807882 47.0142662525177 47.0002194245656 31.4658433198929 26.3450716932615 36.195807158947 49.9341040849686 58.1295589605967 58.0349663893382 49.7900644938151 36.7698147892952 30.7920426130295 27.2674734393756 29.2320797840754 31.3606162865957 26.1792118350665 21.2634255488714 25.4912922779719 37.0336323976517 41.63758456707 39.9562244613965 32.0110867420832 29.84885374705 30.2950888872147 30.4718340436618 30.6050057212512 28.3337856332461 37.8076632817586 53.6657671133677 57.8863769769669 60.7750465472539 66.1816348632177 76.0259081919988 80.8331817388535 39.7444367408752 0 0 0 0 0 0 0 0 0 0 0 0 0 0 0 0 0
50.6517142057419 41.3608625531197 41.7267779509226 33.7120940287908 44.8454370101293 49.9721268812815 54.41947778066 53.1562715768814 47.0164517561595 37.7001091837883 30.9678713480632 27.1924907962481 27.1306360761325 31.1945229768753 32.381571829319 33.62787514925 28.0524591604869 24.6889740228653 32.7817400296529 35.5687340100606 33.3785613377889 27.5536850094795 27.285265425841 32.5250774621964 34.5317075649897 31.4099043607712 32.152329881986 37.6376956701279 59.4345480203629 71.5541293223699 76.8749465545018 80.5201927820842 87.1213873227437 90.2943015098572 79.5832375685374 16.8101862072945 0 0 0 0 0 0 0 0 0 0 0 0 0 0 0 0
51.9027759631475 37.1307780345281 37.0413611332575 37.8063718477885 46.8100607395172 49.626424908638 43.5214042663574 31.5752774477005 7.89865975578626 6.27200367550055 5.52418703834216 13.4705901145935 25.0288297732671 31.6338166594505 32.3576952020327 36.4518562952677 34.0578878919284 23.1190199653308 24.8073935508728 27.8422310948372 26.9655932982763 27.2016276915868 27.6585767666499 32.6841622591019 37.3494351903597 34.2739770809809 36.2865601976713 37.9584779342016 53.3635417620341 73.729341228803 84.8836700121562 89.0029867490133 91.3205742835999 93.2262043158213 98.8824566205343 80.3010066350301 12.2887020309766 0 0 0 0 0 0 0 0 0 0 0 0 0 0 0
51.3073305288951 51.5528619289398 68.3592160542806 94.8389669259389 75.6331433852514 55.6918978691101 34.1603035728137 8.48797087868055 5.76192264755567 11.2034206589063 4.57436436166366 4.84529323875904 23.5713546474775 31.9330046574275 34.6878618001938 41.4870629707972 38.2800151904424 27.0593812068303 26.5368471542994 29.0030290683111 26.3753309845924 29.8079699277878 31.4209014177322 33.8124160965284 38.8101289669673 42.3176735639572 40.8600494265556 43.052817384402 54.7239283720652 76.8156200647354 91.4460420608521 92.911700407664 91.3669466972351 97.8278915087382 107.243816057841 109.892110029856 84.191232919693 32.1924438079198 0.0153228465933353 0 0 0 0 0 0 0 0 0 0 0 0 0
61.5016172329585 90.3763473033905 134.590119123459 154.791196187337 135.2925101916 89.9548133214315 50.593301653862 26.2464433908463 21.7705989877383 26.3302798072497 19.5661348601182 17.0010899504026 25.1790260275205 31.3368166486422 39.2140224575996 43.4630115826925 39.5396823684374 34.1446995735168 28.8522616028786 29.786671201388 29.7393252452215 32.6825206478437 34.8090206583341 34.5137665669123 39.143867790699 49.2365658283234 49.3432333072027 54.381862282753 63.0199859539668 78.1659533580144 91.2020107110341 97.6912081241608 97.8647271792094 102.602899074554 108.868817488352 109.807948271434 103.097021579742 83.7705731391907 29.3469081322352 0 0 0 0 0 0 0 0 0 0 0 0 0
114.750365416209 148.88604482015 174.625356992086 177.301208178202 174.146672089895 149.138847986857 112.391948699951 79.7404994567235 60.4646305243174 50.601452589035 46.9032128651937 37.4160682161649 27.4292131265004 28.8042997320493 37.2235774993896 43.3043986558914 38.3120179176331 39.166068037351 29.407262802124 27.9200002551079 31.5192913015683 32.9990511139234 33.440629641215 33.7677747011185 37.8567427396774 50.1529425382614 55.4983615875244 61.4057580629985 69.61922844251 77.2163470586141 86.4457488059998 95.7581400871277 97.6391037305196 93.3831930160522 94.2411919434865 91.4819041887919 92.838595310847 79.8852145671844 41.0073921084404 0.226267497055233 0 0 0 0 0 0 0 0 0 0 0 0
166.458050409953 184.61416165034 189.177393913269 188.314179579417 191.296557585398 186.47966782252 165.310810009638 127.768625815709 95.1653917630513 71.9677607218425 70.5552597840627 64.237783352534 43.5614287853241 34.0808480978012 35.5387528737386 39.2745733261108 33.6111461122831 34.2574119567871 28.1397451957067 29.265654583772 28.8427745302518 30.2679240703583 29.5485953489939 29.2648325363795 35.1296588778496 44.1552897294362 54.8089643319448 58.3614657322566 66.6547318299611 76.9539922475815 86.5425864855448 88.2920722166697 80.440416932106 71.2118297815323 72.8313525517782 61.7087384064992 63.0496243635813 49.7078001499176 12.6609715322653 0 0.550156575627625 0 0 0 0 0 0 0 0 0 0 0
180.509308973948 190.562605857849 188.81622950236 191.386560599009 192.871193091075 190.330008665721 180.695017178853 151.692310969035 110.060016314189 84.7082237402598 83.0404112736384 80.7958592971166 64.2482688029607 44.530580441157 36.7074807484945 36.8302017450333 31.2252591053645 28.5685807466507 28.1098236640294 30.8472389976184 27.8923834363619 27.414008975029 28.3268118898074 29.4181033968925 33.3041300376256 38.9429007967313 47.2747683525085 48.7559487422307 56.893656651179 71.9403723875682 79.3456931908925 78.2342453797658 73.2530206441879 67.2370692094167 60.1652562618256 50.5315711100896 54.140309492747 51.6761442025503 34.1601918141047 4.91255366553863 2.75336174915234 0 0 0 0 0 0 0 0 0 0 0
173.137883345286 176.597932974497 173.455198605855 175.642609596252 176.011840502421 170.955777168274 165.607502063115 149.160444736481 114.660928646723 94.9481129646301 88.607798020045 81.515779097875 73.9059944947561 50.2465267976125 39.1735831896464 40.1240636905034 34.3021427591642 27.2377009193103 30.5321688453356 31.6975812117259 30.8232655127843 28.3359363675117 31.0042848189672 34.1355254252752 33.0419490734736 37.5118901332219 40.9403989712397 42.0987705389659 48.3681758244832 64.6374374628067 72.7801968653997 71.9991226991018 74.928879737854 75.7223864396413 60.3697796662649 55.4361740748088 59.3993961811066 65.3085609277089 59.7785611947378 24.3215883771578 0 0 0 0 0 0 0 0 0 0 0 0
147.937585910161 150.978902975718 153.430700302124 149.740477403005 149.441798528035 149.190803368886 153.858343760173 150.947650273641 125.275820493698 102.861344814301 90.9191171328227 74.0583638350169 67.3074473937352 46.7976232369741 35.9302212794622 40.2156114578247 41.6115969419479 31.5446903308233 33.6330657203992 36.8360007802645 36.7625703414281 33.5935279726982 33.7665552894274 36.5740930040677 35.0231130917867 34.7653503219287 40.0351037581762 45.5924570560455 49.7290293375651 59.9388281504313 70.4847425222397 73.7637927134832 75.6316433350245 79.5003970464071 63.8981213172277 63.5825097560883 63.0037238200506 71.4837561051051 70.9541539351145 36.0729818542798 0 0 0 0 0 0 0 0 0 0 0 0
124.693254629771 133.649696906408 145.175168911616 142.32258995374 140.574117501577 147.219121456146 157.050242026647 160.503516594569 145.862638950348 116.589864095052 92.1016732851664 66.8545812368393 50.6236404180527 40.0631353259087 32.2773431738218 35.6805920600891 45.0398723284403 38.2057552536329 36.3925049702326 39.2172286907832 39.6979774037997 36.8923420707385 35.0165689984957 36.4654660224915 37.2622534632683 36.8117143710454 38.9871199925741 46.7281639575958 49.3522336085637 54.3279647827148 65.105473001798 74.6720135211945 76.2235720952352 71.5825259685516 61.309223373731 70.7370440165202 72.3705142736435 76.9540071487427 77.984611193339 54.4259250164032 0 0 0 0 0 0 0 0 0 0 0 0
89.356670777003 99.9978582064311 108.670522769292 113.429576158524 121.131350596746 136.856456597646 150.524616241455 159.531752268473 155.134568611781 129.290848970413 94.5785244305929 63.4547521670659 46.1944590012232 43.3385421832403 36.5271021922429 31.6248511274656 41.0614684224129 41.6711618502935 36.7174024383227 36.7251584927241 37.2073402007421 35.2923944592476 33.2205966114998 34.3796660502752 37.5673522551854 40.4811973373095 40.0839522480965 44.2221462726593 48.6580828825633 49.9007900555929 57.6407214005788 71.2509055932363 74.9781678120295 62.8858158985774 63.9072209596634 78.586275378863 81.5775642792384 79.6949068705241 82.3831160863241 77.9859224955241 27.8110429644585 0 0 0 0 0 0 0 0 0 0 0
56.2898566325506 62.610516945521 62.0979368686676 71.9341685374578 86.8613123893738 104.056358337402 118.261516094208 131.045093139013 132.516612609228 109.777063131332 76.1768420537313 53.514709075292 41.5812333424886 40.0690982739131 37.3565033078194 33.2156419754028 37.5602493683497 38.1782899300257 32.5416748722394 32.999354104201 35.3402023514112 38.556881248951 38.4227757652601 34.7573906183243 34.2619692285856 37.0954275131226 41.4393395185471 44.268935918808 47.8826463222504 47.8462378184001 51.0744998852412 61.4241063594818 68.3747281630834 64.8915668328603 81.3094278176626 87.172011534373 84.8804116249084 79.6722074349721 84.8653018474579 97.3784426848094 88.6749227841695 33.9357256889343 0 0 0 0 0 0 0 0 0 0
45.9675987561544 47.7297107378642 47.7666109800339 49.7720390558243 58.2467367251714 64.049020409584 67.6983843247096 72.8881061077118 73.7755944331487 59.1795891523361 44.647624095281 40.7026360432307 39.8340101043383 37.3495072126389 36.4407648642858 37.0446170369784 36.3515218098958 35.6274495522181 32.321294148763 32.6135282715162 36.5908940633138 41.3925101359685 43.0247982343038 39.6577244003614 36.75876557827 36.027987798055 43.7120497226715 45.8269268274307 48.8259196281433 48.6851433912913 48.0874925851822 54.9481312433879 62.6632968584696 71.0366666316986 87.4373416105906 87.1446629365285 78.4847488005956 68.8606897989909 71.0233201583226 87.6720050970713 96.2609648704529 88.6037349700928 43.8607434431712 1.07692663247387 0 0 0 0 0 0 0 0
53.6702175935109 51.3469030459722 51.5745977560679 51.3475984334946 48.0797638495763 46.3461130857468 45.155589779218 46.3512986898422 50.9998351335526 43.8628991444906 36.8036230405172 38.2099424799283 41.1632110675176 41.7319685220718 40.6293521324793 38.9869883656502 34.6757918596268 41.142796476682 42.4478153387705 39.6657511591911 41.8629497289658 41.6048516829809 40.6406919161479 43.1017527977626 44.6348538001378 40.0803039471308 45.2406952778498 47.6668427387873 48.933337132136 50.5719979604085 51.2049992879232 53.6854167779287 60.7261111338933 75.7491191228231 81.8606863419215 76.8676300843557 67.5971110661824 58.1369350353877 55.0698637962341 64.7238294283549 90.1936690012614 91.0930633544922 70.0769027074178 24.6732210119565 0 0 0 0 0 0 0 0
57.7136178811391 55.1024079322815 57.8424086173375 56.6297918558121 50.1810063918432 47.1995969613393 45.2857613563538 42.9429014523824 43.2375967502594 40.0707051157951 38.746622701486 38.7475018699964 42.201429605484 45.4021096229553 45.1672375202179 42.8263247013092 39.6191601951917 45.1031078894933 47.9630678892136 42.8199420372645 40.7457898060481 39.1168644030889 36.019059518973 38.5284076134364 43.1818068027496 40.1770596702894 37.0529294013977 42.4158275127411 46.2705095609029 48.4218001365662 48.8732953866323 48.8729576269786 58.9255342880885 76.4060666163762 80.9744050105413 68.3666716019313 59.0732544660568 55.848350127538 53.2266795635223 61.0678344964981 67.2301550706228 69.8189338048299 58.6464156707128 31.412181754907 0 0 0 0 0 0 0 0
43.0491715669632 45.5730656782786 53.7815193335215 51.36705438296 53.7670850753784 56.1001151800156 55.3856243689855 51.6152083873749 42.0650740464528 40.8111065626144 43.8821266094844 40.8096760511398 41.5405829747518 45.3365941842397 45.2280441919963 42.8694635629654 44.7169244289398 46.5375781059265 46.7588404814402 43.3720449606578 39.1876026988029 36.4055285851161 34.8785196741422 35.2222869793574 38.2417390743891 41.4689257740974 36.8648370107015 38.7230565150579 43.1623756885529 45.2309548854828 43.9445674419403 41.9931809107463 50.8190443118413 64.7336741288503 68.7498400608699 61.2625529368718 57.3454797267914 58.989554643631 59.5705062150955 59.8963598410288 56.8440208832423 56.7474315563838 52.3762653271357 31.0453698039055 0.625332196553548 0 0 0 0 0 0 0
41.5855770309766 47.0663458108902 49.9238520860672 50.6201336781184 52.386353413264 54.8190176486969 55.1825712124507 51.6311675310135 47.6529647906621 44.1376219193141 45.7673619190852 43.8276181618373 41.3506229718526 39.9755363663038 39.4141922394435 39.7314031918844 37.1935094396273 42.9806560277939 44.2713002363841 42.4871196349462 39.3941129247347 37.9614556829135 37.6245826482773 39.4316439827283 37.7817551294963 45.9756751855214 48.1228133042653 45.1159824927648 44.2074437936147 43.4152086575826 39.5320579409599 37.5343710184097 42.5596783558528 47.135666012764 52.1935770908991 55.9808810551961 59.2722296714783 63.8300329446793 64.7472143173218 57.2407941023509 56.6005756457647 53.7491589784622 51.2268890937169 35.3678415218989 7.77685083448887 0 0 0 0 0 0 0
47.4028438329697 51.8369525671005 49.1637339194616 52.3668030897776 51.0511149962743 51.2193491061529 52.8259376684825 51.6139169534047 52.9414465030034 48.8992432753245 48.1553723414739 47.9939877986908 43.6832408110301 39.5065868894259 39.0680705507596 42.0577625433604 38.2779985666275 40.8850063880285 44.2378868659337 43.116495013237 41.2013605237007 40.5611346165339 40.6699925661087 42.6743924617767 44.8454916477203 45.543039838473 50.6358444690704 48.1490840514501 45.2095766862234 44.9028015136719 41.1297728617986 38.224550584952 40.3643846511841 39.6032457550367 40.4585003852844 44.1094239552816 50.2126216888428 58.9819649855296 57.1042448282242 47.4120626846949 49.0774859984716 47.0503518978755 46.8805134296417 44.1870292027791 28.3149778842926 3.25485753516356 0 0 0 0 0 0
