input/barkrak2/radiation/dir08924.grid
NCOLS 85 
NROWS 70 
XLLCORNER 665100 
YLLCORNER 4664600 
CELLSIZE 20 
NODATA_value -9999 
[rows 40 to 59 of 70, columns 0 to 45 of 85]
204.211056232452 205.682853857676 205.53994178772 207.380592823029 216.697414716085 221.71022494634 225.367506345113 230.835318565369 228.230595588684 212.585290273031 197.035233179728 193.600197633108 190.986573696136 188.100079695384 184.796134630839 185.096641381582 184.021333853404 185.069739818573 178.058584531148 175.690670808156 181.907753149668 187.438527743022 188.840508460999 185.692628224691 181.2943816185 178.971946239471 191.034277280172 194.278438886007 199.049095312754 199.067314465841 198.613822460175 205.17365137736 203.298568725586 209.50440565745 236.624201138814 236.630876859029 224.543412526449 216.507812341054 219.752669334412 228.63374153773 243.424534797668 260.333836078644 222.727497418722 137.774169445038 77.4537622928619 54.282267888387
212.353845437368 209.28951104482 209.541440010071 208.541870117188 204.074998696645 202.622592449188 200.898408889771 200.75786113739 205.372671286265 197.246750195821 188.495059808095 190.195441246033 192.500213781993 192.935029665629 189.624905586243 187.640508015951 182.047208150228 189.390122890472 190.036833286285 182.947019735972 186.729828516642 187.58769830068 186.218539873759 189.786871274312 190.235495567322 184.330801169078 191.725770632426 195.686856905619 197.584648927053 200.591683387756 201.767007509867 203.792115052541 203.031917413076 219.445983568827 232.331792513529 223.220388094584 206.040422121684 196.958720684052 198.068082332611 210.474073886871 244.953572750092 259.461383024852 243.417084217072 188.653687636058 116.308937470118 78.1979560852051
217.1684106191 213.504632314046 216.105739275614 214.813113212585 207.453370094299 204.119900862376 201.149185498556 196.026603380839 196.151336034139 193.857312202454 190.628747145335 189.618448416392 192.510545253754 197.022100289663 195.180277029673 192.614912986755 188.215871651967 192.932724952698 196.194330851237 187.57700920105 186.297615369161 184.622804323832 180.684844652812 183.735768000285 188.072701295217 183.940291404724 180.28179804484 188.43283255895 193.44037771225 197.874208291372 198.741336663564 197.543104489644 204.044202963511 223.640819390615 229.833344618479 199.770788351695 186.513463656108 190.966486930847 196.687420209249 209.611793359121 222.069958845774 223.442077636719 209.89054441452 182.086865107218 128.642618656158 69.9043174584707
201.624870300293 203.175961971283 211.652636528015 209.50593551 211.235344409943 213.515639305115 212.229688962301 207.481424013774 195.389688014984 194.374481836955 196.33408387502 191.915373007456 190.937638282776 195.842305819194 195.488492647807 191.42738978068 193.151831626892 194.491664568583 196.08469804128 189.291079839071 182.859679063161 182.083070278168 178.981423377991 177.323043346405 181.80255095164 185.576717058818 179.680864016215 183.990339438121 189.308285713196 192.916353543599 191.192328929901 187.621792157491 197.851757208506 213.458200295766 210.423449675242 188.788115978241 187.789142131805 197.469770908356 206.865469614665 209.196786085765 205.35675684611 203.492760658264 195.439438025157 170.538822809855 125.847766796748 69.3792601426442
199.416279792786 203.558723131816 207.024832566579 208.529829978943 209.140996138255 211.844484011332 212.178826332092 208.639045556386 202.394485473633 197.542587916056 197.998404502869 195.195297400157 189.949035644531 187.716484069824 188.398917516073 187.294562657674 183.841268221537 190.313279628754 193.387488524119 189.74624077479 184.592624505361 182.531217734019 182.712097962697 182.084759076436 180.666327476501 189.742604891459 192.532002925873 191.23774766922 190.638522307078 189.032991727193 185.056666533152 181.449174880981 187.207182248433 191.118518511454 184.288462003072 182.965437571208 191.846509774526 205.628414948781 213.501175244649 205.380400021871 204.106311003367 195.656975110372 181.71630303065 169.0567334493 137.347857157389 93.365490436554
204.892754554749 209.775408109029 206.323762734731 210.253576437632 209.042171637217 207.989553610484 209.760228792826 207.150141398112 208.117345968882 203.233460585276 200.636982917786 199.808994928996 193.567176659902 189.576427141825 187.409102916718 190.130432446798 183.873176574707 186.186949412028 193.217317263285 190.788984298706 187.245806058248 186.30063533783 185.952643553416 186.030288537343 188.394129276276 187.681257724762 194.618900616964 192.782521247864 192.075173060099 190.361380577087 186.364312966665 180.649161338806 184.213757514954 180.94927072525 169.492204984029 169.36719417572 181.415696938833 198.702136675517 201.71320438385 188.487370808919 192.224482695262 183.660666147868 175.159871578217 178.118666013082 165.139893690745 126.546800136566
204.133192698161 205.004970232646 208.354949951172 210.991005102793 209.919591744741 209.544678529104 211.56124273936 212.238212426504 208.743770917257 205.408453941345 203.994552294413 203.231990337372 198.114037513733 193.61267487208 193.108101685842 195.778429508209 193.170090516408 185.924927393595 192.211012045542 192.431271076202 188.786645730337 189.021786053975 188.909351825714 184.335728486379 192.094286282857 185.363471508026 188.477178414663 190.606713294983 191.848794619242 190.959612528483 188.511391480764 184.465646743774 183.232347170512 179.522891839345 171.124259630839 169.726153214773 177.942474683126 189.407765865326 189.738194147746 187.217672665914 188.82809082667 179.610590140025 182.502230008443 190.496524175008 188.030362129211 155.2428205808
198.084990183512 199.388305346171 205.63131570816 208.248813947042 210.984071095785 212.211469809214 210.118015607198 209.242701530457 209.255973498027 209.30411418279 206.106225649516 201.141178607941 199.884712696075 198.251167933146 195.636967817942 193.738798300425 193.322459856669 183.594326178233 188.680549462636 192.103763421377 187.966148058573 187.673409779867 191.408932209015 182.68084526062 186.211168766022 186.087389787038 182.716608047485 186.679701010386 189.319431781769 189.719716707865 189.97053305308 188.453455766042 182.603418827057 185.016353925069 191.909690697988 185.944457848867 188.051104545593 185.871640841166 188.763737678528 199.920912583669 191.506803035736 181.249360243479 188.293755054474 192.959328492483 187.103629112244 164.25954302152
190.190056959788 193.572243054708 198.755383491516 203.274548053741 209.933082262675 212.652266025543 209.977487723033 206.81087176005 209.919412930806 211.844444274902 208.958188692729 204.906245072683 201.366007328033 200.629274050395 198.134919007619 192.075490951538 192.020773887634 183.893044789632 187.575797239939 191.976984341939 192.232966423035 190.651555856069 191.586712996165 188.54683637619 185.812731583913 189.589142799377 185.32931804657 190.532445907593 196.528871854146 201.174557209015 203.819175561269 204.785803953807 194.964210192362 196.893672148387 202.252904574076 203.216671943665 201.753417650859 195.90946038564 193.447649478912 198.37486743927 187.752445538839 179.401874542236 172.777672608693 171.853363513947 169.992983341217 169.095476468404
188.858648141225 186.264038085938 190.35526116689 199.458241462708 204.204360644023 208.434045314789 211.637894312541 212.450285752614 212.873220443726 208.049833774567 210.568984349569 208.881755669912 205.08207877477 200.984597206116 199.620564778646 194.210469722748 192.925989627838 187.279343605042 190.059979756673 195.412695407867 198.314408461253 196.983257929484 193.015297253927 192.415177822113 189.970870812734 194.125096003215 194.617728392283 196.645736694336 205.265720685323 210.646510124207 220.088760058085 220.856110254923 211.556394894918 208.735903104146 204.659183820089 206.543922424316 207.591613133748 205.715974171956 198.436101277669 180.580834547679 172.083695729574 177.644828955332 175.652801990509 167.256851991018 165.821045637131 168.198446432749
190.108239650726 192.411661148071 195.107261339823 201.218565305074 203.07457447052 203.252772490184 211.433271567027 216.372390588125 214.941759904226 214.149713516235 212.362726529439 212.717493375142 207.480827967326 203.35845152537 201.987942059835 204.081654548645 196.849524974823 192.675451437632 193.345924218496 201.728860537211 202.415664990743 199.338455994924 195.352435112 193.755984306335 190.920154253642 197.433054447174 201.112528642019 201.945046583811 206.964135169983 215.16360839208 223.569095134735 229.47613398234 220.671772956848 208.783666292826 198.519210020701 196.173906326294 202.828248341878 210.005164146423 199.389298756917 174.319267272949 170.055111249288 179.935415585836 179.322163263957 174.261073271434 169.098178545634 165.857205788294
189.694046974182 198.963205019633 201.419472694397 203.616758187612 203.321576118469 202.53982146581 208.487192789714 214.6009405454 213.054140408834 217.565576235453 214.388688405355 214.10326162974 210.242668787638 205.360531806946 202.312012513479 208.532472451528 202.720443407694 195.011258125305 192.124168078105 195.94943523407 198.739329973857 196.782469749451 194.59730386734 190.415819485982 187.674959500631 189.578930536906 194.333871205648 197.564005851746 197.588841120402 204.699118932088 215.066949526469 222.311536471049 216.996232668559 189.437131086985 157.913506031036 150.621602932612 173.283537228902 195.117354393005 202.761073907216 200.46337445577 197.755833466848 191.359460353851 170.352876186371 166.617264350255 175.310293833415 166.689515113831
191.272556781769 190.158089001973 189.28317228953 193.970402081807 200.655162334442 205.0954302152 203.778723875682 210.907936096191 209.386865297953 213.775396347046 213.542064030965 215.702672799428 215.753396352132 207.311630249023 203.604022661845 202.796618143717 203.546682993571 192.377924919128 188.7566447258 188.307881355286 187.844892342885 188.829700152079 189.065198103587 182.798067728678 183.713058630625 180.6614001592 184.46801106135 183.253725369771 183.20894241333 185.186644395192 193.932513395945 203.409234682719 193.232615788778 167.914013067881 132.716089487076 112.900157769521 121.689756711324 154.770612716675 184.792637825012 197.756628195445 199.304282665253 184.792439142863 164.422621329625 161.533405383428 169.888158639272 156.29056096077
196.697115898132 184.973398844401 181.996067365011 186.602234840393 199.329078197479 206.909338633219 206.067641576131 206.968426704407 209.604402383169 207.986791928609 211.368878682454 212.762673695882 215.385417143504 211.745719114939 203.876455624898 203.123430411021 204.476714134216 193.994363149007 188.771108786265 190.266668796539 191.464483737946 188.003102938334 186.136285463969 181.752324104309 180.816292762756 179.176767667135 176.421125729879 176.843265692393 175.485889116923 169.441243012746 164.749383926392 172.716935475667 167.466282844543 147.657056649526 131.621817747752 113.583972056707 94.3786799907684 102.271685997645 126.381238301595 161.870032548904 183.37611357371 173.486550649007 163.475960493088 159.143577019374 151.4526506265 141.365130742391
198.164522647858 191.666940848033 185.925463835398 190.347194671631 199.599981307983 208.869457244873 210.880120595296 208.223005135854 211.17502450943 209.558109442393 211.991826693217 214.200297991435 214.919745922089 214.837670326233 208.539168039958 207.34840631485 207.121729850769 198.455194632212 192.698915799459 196.584900220235 196.729203065236 192.077835400899 189.108967781067 187.749187151591 183.681110541026 182.860314846039 178.432504336039 175.817886988322 171.985149383545 167.247255643209 157.687077919642 160.406569639842 159.650057554245 156.922390063604 156.555235385895 146.707435448964 121.043384075165 101.935495932897 95.9346393744151 111.544201771418 146.871119737625 150.369644165039 139.256318410238 124.965826670329 122.216800848643 129.455437262853
201.870898405711 199.374814828237 192.848801612854 187.721967697144 195.104579130809 206.879675388336 209.171414375305 208.13399553299 208.026170730591 212.53510316213 217.0796195666 218.718647956848 216.567079226176 217.522958914439 211.986660957336 210.256179173787 212.224046389262 206.609725952148 200.10515054067 197.586675484975 195.644239584605 193.585793177287 193.802336851756 194.88932689031 190.100948015849 187.69246339798 181.693851947784 173.354228337606 164.623896280924 159.978210926056 160.970161358515 165.903856356939 165.651688973109 174.230615297953 181.166787942251 184.846103191376 178.570608297984 161.083728075027 138.504346211751 106.818169355392 116.003096103668 134.672264258067 133.871714274089 122.190078099569 124.191840489705 142.006814479828
205.493013064067 204.335888226827 199.947635332743 193.158467610677 191.057642300924 204.049090544383 208.689431349436 209.554592768351 206.629971663157 213.926335175832 221.230526765188 220.861415068309 217.738330364227 218.426903088888 218.023498853048 211.151838302612 212.942222754161 207.594970862071 204.301913579305 202.453831831614 200.947344303131 199.962933858236 196.196913719177 194.505274295807 192.035218079885 187.629560629527 166.318943103155 144.140819708506 139.900078376134 147.526025772095 158.229162295659 161.32116317749 164.213756720225 169.552604357402 182.7246149381 199.747860431671 206.704537073771 207.914511362712 197.068770726522 150.909682114919 121.464232603709 138.468394676844 155.23894627889 158.929765224457 163.311908642451 177.2580742836
205.740292867025 201.876223087311 203.436553478241 201.775272687276 195.263882478078 200.997094313304 209.681292374929 211.671968301137 207.976241906484 213.018675645192 220.918536186218 221.527755260468 217.511832714081 218.109329541524 219.493528207143 211.298247178396 211.781978607178 208.487073580424 204.903821150462 205.487906932831 205.784718195597 204.915165901184 199.887136618296 193.219780921936 192.527492841085 192.057251930237 172.80638217926 148.804744084676 146.480292081833 154.41436568896 166.382819414139 169.508755207062 174.771169821421 184.383054574331 198.745290438334 208.300193150838 196.275492509206 163.55441013972 156.814525524775 151.86333656311 152.504096428553 166.156272093455 169.128119945526 153.435359398524 142.948547999064 156.560122966766
195.422232151031 201.209445794423 202.100058396657 201.770742734273 199.615319569906 197.761535644531 210.323055585225 215.808153152466 211.868723233541 213.46390247345 218.565503756205 222.472826639811 220.196008682251 215.544819831848 217.818478743235 213.384568691254 208.581904570262 209.674477577209 211.417396863302 212.812423706055 213.9057914416 209.879199663798 207.958817481995 201.48770014445 198.555986086527 201.286435127258 195.921937624613 187.576015790304 183.904806772868 187.758882840474 185.749351978302 179.080784320831 187.579572200775 198.799232641856 189.861953258514 179.418385028839 160.782605409622 111.285070578257 88.282972574234 120.467633008957 157.558709383011 176.325698693593 169.445355733236 155.529310305913 148.831705252329 156.555155913035
184.137463569641 198.197901248932 200.913548469543 201.962649822235 202.791531880697 199.029942353566 206.478953361511 216.027200222015 223.25454155604 220.166424910227 219.24889087677 220.933397610982 221.518357594808 217.975437641144 218.381981054942 215.534726778666 209.710816542308 208.819846312205 206.196665763855 203.951636950175 205.897589524587 204.980889956156 204.067170619965 202.567577362061 203.948656717936 210.646470387777 219.687938690186 222.275058428446 207.680583000183 204.331517219543 190.609216690063 180.578112602234 182.928025722504 174.373269081116 144.308666388194 100.892116626104 97.2016354401906 85.7285062472026 69.9261277914047 82.244873046875 103.359401226044 141.371776660283 167.727808157603 189.260443051656 209.63309208552 209.541141986847
