input/barkrak2/radiation/dir02524.grid
NCOLS 85 
NROWS 70 
XLLCORNER 665100 
YLLCORNER 4664600 
CELLSIZE 20 
NODATA_value -9999 
[rows 0 to 22 of 70, columns 0 to 50 of 85]
72.455118099848406 92.1608408292135 105.203866958618 131.46381576856 147.660861412684 150.30962228775 147.994975248973 145.94512184461 143.97069811821 147.283891836802 148.033996423086 144.160618384679 139.615476131439 140.348056952159 140.42999347051 125.072300434113 112.354288498561 102.856069803238 101.224859555562 101.835340261459 109.668473402659 127.571662267049 149.838497241338 154.779334863027 158.170123895009 168.25266679128 166.793624560038 157.563269138336 150.740385055542 152.83864736557 148.662328720093 169.466137886047 205.963810284932 199.434796969096 198.475499947866 191.959977149963 197.022716204325 212.139785289764 211.056431134542 208.848635355632 200.811445713043 209.342579046885 214.2467101415 204.94677623113 193.611939748128 200.139323870341 206.816593805949 169.340848922729 113.262236118317 108.935922384262 131.450931231181
50.7865945498149 65.4830187559128 75.3999451796214 90.0112589200338 104.197055101395 116.213232278824 122.045129537582 148.210446039836 153.419673442841 153.048227230708 151.9988377889 147.253592809041 140.388151009878 140.428046385447 140.515516201655 127.704381942749 119.350165128708 110.895345608393 106.761207183202 105.184455712636 118.467271327972 141.484181086222 157.845318317413 160.971224308014 167.060951391856 174.031178156535 170.185327529907 161.121785640717 154.389162858327 154.241879781087 154.862403869629 179.134865601858 201.747715473175 197.304487228394 192.980209986369 190.395891666412 199.073990186056 205.030560493469 200.193246205648 197.937766710917 197.106122970581 205.374419689178 201.663295427958 189.869980017344 184.433162212372 196.745832761129 197.615722815196 149.281601111094 120.58025598526 130.84481159846 160.07070740064
24.654284119606 32.5278118252754 40.697455406189 49.2131610711416 57.4785768985748 67.4171944459279 79.9353371063868 101.234863201777 118.366946776708 131.276349226634 144.128402074178 147.193094094594 149.437109629313 150.918245315552 152.765939633052 152.959138154984 149.02009566625 136.411935091019 122.222691774368 116.766969362895 128.17511955897 145.17738421758 155.774941047033 158.110111951828 160.00027457873 163.216332594554 165.637493133545 160.53099433581 157.260437806447 161.749343077342 171.835859616598 190.342485904694 201.47301753362 198.707461357117 194.442351659139 191.77242120107 200.663606325785 202.985823154449 197.392563025157 193.203012148539 190.906345844269 183.267652988434 173.87600739797 168.615102767944 174.141645431519 191.328426202138 184.187690416972 142.949283123016 139.762908220291 159.002602100372 185.165146986643
13.6332710584005 15.1915301879247 18.5780463119348 22.2727085153262 25.1774216691653 29.3358862400055 37.1844967206319 49.840251604716 65.4788513978322 82.8257153431575 101.280828317006 126.296242078145 150.208761294683 153.510391712189 155.396908521652 161.584119002024 158.688992261887 149.161517620087 132.646759351095 125.676741202672 126.972724994024 128.572175900141 139.167497555415 148.535668849945 148.303320010503 148.079474767049 153.941790262858 159.051497777303 162.035524845123 167.673806349436 173.930108547211 192.560950915019 197.663406531016 195.113678773244 192.436397075653 192.615509033203 194.78976726532 195.369342962901 188.981632391612 179.06254529953 174.38926299413 168.642203013102 167.517324288686 179.650723934174 193.133473396301 187.724709510803 166.734198729197 145.328104496002 149.350225925446 162.329494953156 183.346390724182
21.4889496564865 16.1459830900033 10.2632554868857 6.31114157537619 5.39580732584 14.6565188964208 25.5205954114596 36.0172937313716 42.4075424671173 49.4475364685059 65.2862836917241 87.3815317948659 97.7564553419749 104.811569054921 108.817994594574 116.196086009343 120.414505402247 116.810897986094 120.806912581126 120.747019847234 117.549588282903 120.439430077871 128.948042790095 139.342645804087 142.178406318029 147.175500790278 147.564440965652 149.809261163076 157.193581263224 162.252614895503 168.544212977091 190.570930639903 187.309304873149 189.879953861237 190.050502618154 188.717226187388 185.418168703715 182.731787363688 174.023012320201 165.650427341461 165.174504121145 165.762474139531 173.764665921529 186.108787854513 186.626434326172 165.146857500076 132.027884324392 130.371938149134 143.014142910639 161.290347576141 189.359486103058
45.254980524381 32.852033774058 17.8274636467298 6.90525397658348 3.84131694833438 7.91528883079688 17.7770629525185 26.8773088852565 35.9848489363988 36.8478571375211 42.0591831207275 51.5889575084051 56.2031517426173 60.6683741013209 68.4415251016617 75.3398338953654 77.0330727100372 86.2546563148499 94.2697425683339 103.667418162028 112.594723701477 116.960247357686 116.852879524231 122.519860665003 129.365543524424 134.363889694214 141.065726677577 145.840982596079 151.270548502604 155.489017566045 175.585865974426 187.73098786672 178.978383541107 180.211861928304 182.037492593129 181.879599889119 178.968687852224 174.107233683268 165.868898232778 166.085590918859 165.496349334717 166.468590497971 168.767829736074 171.749313672384 167.060256004333 133.741935094198 111.452668905258 122.353861729304 142.111460367839 180.536309878031 202.866713205973
63.2718751827876 46.9688673814138 35.0835869709651 23.741548260053 11.7590837180614 6.86357418696086 8.9615819354852 21.9608892997106 29.6826735138893 33.429687221845 32.2561860084534 34.6952229738235 32.3391606410344 30.4477537671725 31.6871578494708 40.6962186098099 49.9248752991358 64.1328990459442 79.6653727690379 94.0198997656504 102.644205093384 112.408419450124 113.983442385991 114.924957354863 119.865477085114 121.466586987178 127.197106679281 135.503133138021 142.903457085292 149.941682815552 160.098344087601 162.879407405853 162.225137154261 160.918295383453 163.973838090897 166.217724482218 166.776895523071 162.327865759532 157.496343056361 151.938726504644 147.303551435471 149.122973283132 155.916392803192 163.29500079155 160.545825958252 156.037708123525 164.603014787038 172.648072242737 188.531835873922 203.126609325409 208.105365435282
77.2943645715714 62.594066063563 47.8890836238861 39.1399612029394 28.3414497971535 12.8256740669409 6.05708546936512 0.342301015431682 14.0495933592319 26.3842021425565 32.4783598383268 32.0659851034482 28.8145889838537 28.5808270176252 23.4741270542145 27.043787141641 34.6572001775106 43.3419893185298 61.1942062775294 77.4830977121989 93.3457215627034 102.576414744059 112.347324689229 112.662841876348 109.78360970815 114.099105199178 117.184191942215 120.16220887502 125.974168380102 137.573182582855 147.195448478063 147.536754608154 139.498790105184 133.406529823939 134.33967034022 144.016802310944 152.291854222616 150.971035162608 148.656179507573 133.975873390834 129.864434401194 137.008637189865 151.920398076375 164.001921812693 167.737483978271 172.972242037455 181.508342425028 186.412473519643 193.60222419103 196.761667728424 192.323565483093
73.9700794219971 64.6529694398244 54.4441888729731 44.4881419340769 36.757230758667 27.8120984633764 14.6000708142916 5.00671130915483 11.0103624562422 17.3079210023085 23.9979227383931 29.3605302770933 32.393105328083 34.157395362854 32.4514682094256 31.243604918321 30.6887328624725 33.5649996995926 44.2050099372864 55.5185526609421 68.0731385946274 82.8566153844198 94.2569375038147 95.3242182731628 97.1979697545369 99.5675524075826 98.0092585086823 102.093011140823 110.287924607595 117.79256661733 123.682339986165 123.719225327174 121.759345134099 121.550877888997 122.25474913915 125.365674495697 127.971112728119 142.233987649282 144.138524929682 139.203011989594 143.651614586512 152.792155742645 160.430004199346 163.588474194209 162.036955356598 161.253879467646 164.911717176437 173.604846000671 181.097507476807 180.825372536977 174.31503534317
53.7189245223999 50.0339070955912 46.4439541101456 36.429651081562 32.4099560578664 32.0278505484263 24.6661454439163 18.929402033488 10.0367249300083 7.83740108211835 11.4683856566747 20.3654666741689 34.6800362070402 43.1681076685588 47.3711589972178 47.0990935961405 38.2339482506116 35.8710164825122 36.6263637940089 39.78264828523 46.2460120519002 54.3540219465891 62.6078645388285 70.9449599186579 79.8344214757283 84.6678217252095 84.9186778068542 85.2922101815542 87.8485838572184 98.8047122955322 100.928594668706 103.094468514125 106.71529173851 108.20151368777 113.920708497365 117.498775323232 118.321975072225 121.971865495046 136.804521083832 149.587651093801 158.103038867315 162.27912902832 164.289027452469 163.541525602341 160.559395949046 160.495887200038 169.166604677836 174.66946442922 176.878333091736 175.183494885763 174.514253934224
17.0154832303524 17.012228568395 15.9498328963916 15.5281896392504 14.1165976723035 9.78763525684675 14.9261852105459 18.6185178657373 14.5846034089724 10.9856228033702 8.30972443024317 11.0985636711121 21.6788873076439 34.4743529955546 47.0562875270844 47.815610965093 43.0546055237452 41.3593798875809 36.9843194882075 34.7013746698697 34.9617799123128 36.6171076893806 40.7952343424161 51.4596154292425 62.6627753178279 71.6416438420614 71.5209345022837 71.2104638417562 75.8670717477798 77.2906690835953 80.6256035963694 91.9627149899801 97.6219475269318 101.236601670583 102.986643711726 105.151861906052 110.63943306605 115.705221891403 125.934064388275 145.795712868373 160.814791917801 160.90922554334 157.464136679967 156.340897083282 156.920611858368 160.922547181447 172.073662281036 170.090019702911 169.334292411804 175.665398438772 177.433689435323
1.08183881578346 1.51590692500273 0.732110580429435 0 0 0 1.61134839678804 9.44628131886323 18.4260370830695 17.8879797458649 12.9490730663141 8.644949644804 11.2455673515797 20.8173518379529 34.4022239247958 39.0336563189824 45.714130004247 46.2965865929921 40.5669286847115 35.064900914828 32.1050733327866 31.6974818706512 32.9566846291224 39.5428662498792 47.2414791584015 52.8822789589564 56.4718743165334 58.9619030555089 62.6179327567418 66.8885856866837 66.8093909819921 69.8932409286499 76.9127607345581 85.9728256861369 87.4397158622742 91.4927919705709 98.5130170981089 107.673992713292 112.891733646393 127.505471309026 132.848799228668 131.8206290404 144.088407357534 141.790648301442 143.511434396108 144.083917140961 148.530979951223 154.73868449529 158.122191826502 164.890021085739 167.475899060567
0 0 0 0 0 0 0 0.618404825218022 14.2165198922157 22.2933143377304 22.2692141930262 17.3215034107367 8.73406852285067 8.86025528113047 19.069725026687 35.5982904632886 44.2493259906769 47.4215596914291 47.7009663979212 42.1000222365061 37.7946371833483 38.5754977663358 39.4396136204402 40.7292445500692 42.8644816080729 45.0843026240667 47.4834144115448 54.4873823722204 55.5243094762166 54.0106395880381 58.0960313479106 57.3820769786835 54.313729206721 58.0041309197744 68.0414338906606 77.8045505285263 85.6631398200989 95.1226949691772 97.9829132556915 107.724050680796 112.117995818456 113.861779371897 113.901515801748 112.739741802216 127.155512571335 133.228073517481 132.698605457942 133.599857489268 138.250251611074 143.349915742874 147.564192612966
0 0 0 0 0 0 0 0 0.212677696254104 12.9060174028079 25.1475125551224 29.5195206999779 25.7782538731893 17.8458020091057 17.2248358527819 30.8780198295911 39.3075222770373 50.9613205989202 57.7937265237172 56.1492343743642 50.4477471113205 48.7635433673859 46.7114895582199 47.219122449557 48.3536670605342 50.1566380262375 50.6995916366577 55.7745397090912 57.8719675540924 50.9481479724248 50.8085687955221 52.9977182547251 50.5774070819219 46.5320001045863 47.9528506596883 52.3379941781362 70.6750452518463 72.515328725179 83.5855404535929 85.1031343142192 88.6941154797872 93.5990214347839 97.1282422542572 103.826026121775 104.897598425547 117.761115233103 124.522606531779 119.292269150416 117.550482352575 119.628687699636 123.186886310577
5.0113316004475 0 0 0 0 0 0 0 0 3.25499350825946 19.4843312104543 32.8716685374578 46.496108174324 41.1069318652153 30.4884612560272 27.3904278874397 30.3129305442174 39.7561142841975 53.3869763215383 63.0950033664703 62.8123780091604 59.8760545253754 60.1647645235062 57.0618212223053 57.8608612219493 57.7427248160044 58.940644065539 58.795044819514 55.7368646065394 52.1673063437144 48.8697389761607 48.4329561392466 43.7887559334437 43.543870250384 41.8177346388499 39.7452563047409 37.3134811719259 39.072739581267 43.6867276827494 57.4714690446854 61.7203911145528 70.7813004652659 73.5147645076116 83.4056437015533 90.1704728603363 95.5064495404561 101.837227741877 117.102762063344 115.513910849889 109.948217868805 111.340115467707
5.45878832538923 0 0 0 0 0 0 0 0 0.404132413677871 13.3728347718716 33.4821144739787 46.9994942347209 53.6716679732005 45.4547206560771 30.2984913190206 25.237371524175 27.4543513854345 39.739819864432 57.8504453102748 67.1978692213694 66.8221563100815 69.9129104614258 64.8776988188426 62.9367729028066 63.8833343982697 65.0252799193064 62.5559389591217 59.6926709016164 56.8582117557526 54.1528910398483 48.9905724922816 43.2626903057098 36.0409940282504 32.7730228503545 26.9222135345141 22.8532950083415 21.4206874370575 26.0136549671491 30.4509252309799 32.9586168130239 40.1377479235331 44.6300009886424 47.1874525149663 55.9239188830058 64.8082345724106 75.8628696203232 85.9665373961131 88.680903116862 100.467652082443 103.61111164093
3.65000652770201 0.244563852902502 0 0 0 0 0 0 0.265018917464962 0.473449549948176 0.994347734376788 23.464227716128 42.7131801843643 56.8275054295858 56.4056485891342 51.8401563167572 43.0678278207779 36.6835743188858 31.8356156349182 38.7982204556465 58.79840751489 71.2062418460846 75.714906056722 73.5945204893748 69.2475487788518 70.6367244323095 72.2917715708415 66.02643430233 69.081703821818 66.3083096345266 57.0378353198369 46.9620128472646 42.4808363119761 35.1651236414909 28.2863428195318 23.2837175329526 16.607699294885 13.8097020486991 13.6013229688009 18.3525681495667 16.7976059019566 22.1664607524872 24.461641907692 27.3350427548091 36.2677375475566 47.3709255456924 56.675652662913 61.9348635276159 69.437637925148 75.6154358386993 81.8234582742055
2.16477395345767 0.605302940433224 0 0 0 0 0 0.318830988059441 0.96361959973971 2.44239469369253 7.37239668766658 16.0111822187901 28.7241488695145 43.0904428164164 55.7579547166824 60.8152796824773 62.8706216812134 56.1387687921524 43.5021817684174 34.1811180114746 41.0485714673996 62.7202242612839 70.5632120370865 74.5202998320262 77.5790611902873 79.2869627475739 83.6595793565114 79.1891664266586 73.4643836816152 75.9632686773936 65.8992826938629 52.2312422593435 40.3530324498812 29.9943362673124 24.7160047292709 18.0845533808072 14.6222685774167 9.18298835555712 6.40794200201829 7.5693167746067 11.7563928167025 14.6694630384445 16.6565887629986 22.6985265811284 26.7701894044876 38.4200935562452 43.7684754530589 46.1038847764333 49.3079622586568 56.0265282789866 62.242791056633
2.42531144370635 2.80080952992042 2.15497333556414 0 0 0 0.269300964040061 1.87533581629395 2.48195774232348 11.9514614343643 17.0301968852679 19.8922753334045 25.4409884413083 35.3631973266602 48.04394642512 61.9076291720072 63.9017721017202 64.5884623130163 62.5241448481878 51.1829157670339 38.6554648478826 47.9912608861923 57.8854779402415 67.9123004277547 77.98899213473 85.258553425471 83.5490723450979 88.0735218524933 80.4223467906316 72.7149645487467 60.110479593277 57.8724344571432 43.8423603773117 30.1920721928279 20.7388736307621 16.7838856577873 10.2646897236506 5.98006012539069 3.54663996646802 1.52634115268787 5.71433703104655 9.19777154922485 14.2315092186133 21.4743117491404 23.3960375189781 29.6629915634791 33.40100000302 36.6194571057955 39.4438430666924 45.3422615925471 48.6504485209783
2.53339608510335 1.66654943798979 2.90524866431952 0 0 0.64621027559042 1.06256641447544 2.19527430211504 2.76039323459069 3.48642809937398 19.0891822179159 17.8104763229688 18.2734268407027 24.0860184033712 34.5933586359024 48.9064455032349 54.756705959638 60.1589977741241 65.3972377379735 64.5898332198461 56.9700052340825 47.9474018017451 50.4191021124522 59.9976629018784 72.017232577006 79.7781050205231 85.1843555768331 82.3702911535899 75.6776630878448 73.6774702866872 62.6748700936635 49.5347877343496 41.788304845492 25.3625164429347 22.7042511105537 14.6313334504763 5.8875394364198 1.52275850996375 0.178543792571872 0 1.14712305366993 2.28197049970428 11.2902993957202 14.0592244764169 14.8992066582044 20.0746456782023 21.8594248096148 25.480163594087 30.811071395874 37.8599961598714 37.3169332742691
5.04108270009359 1.26683199778199 0.0382177143668135 0.377297673063974 0 1.29606202244759 1.01775854515533 2.05029624824723 3.3479118719697 3.34460195153952 13.733271509409 13.3002934356531 12.3779649535815 15.5519930024942 21.5936874349912 32.100943227609 41.196179886659 47.80080417792 56.3717782497406 67.2180006901423 73.7418234348297 64.8977259794871 62.7486805121104 65.1183327039083 68.5249467690786 71.0480362176895 77.3811986049016 75.6819248199463 70.4811960458755 61.1835370461146 57.2114090124766 42.5031880537669 26.0129024585088 18.9825495084127 7.51116747657458 1.00652795905868 0 0 0 0 0 0 6.93299000461896 7.46914185583591 14.4746775428454 19.4869538148244 21.683007478714 24.4141891598701 25.5358343323072 26.7045373717944 26.0846192638079
17.7616017560164 9.58350983758768 1.50473214065035 2.6835094516476 2.4926175052921 0.629283604212105 2.43270273009936 3.86216926078002 4.19674006601175 3.58008003483216 7.81990277270476 11.0485156377157 11.0382015506426 9.06312776108583 14.586283514897 23.0948030948639 34.0269356966019 41.6427801052729 48.1891930103302 61.4689787228902 68.9140160878499 79.7333965698878 84.7384333610535 85.2933724721273 78.1843513250351 68.9164102077484 67.5705522298813 66.5797541538874 67.2240555286407 53.1691610813141 41.0772487521172 22.8797247012456 15.5067766706149 3.641695715487 0 0 0 0 0 0 0 0 0 3.22924088686705 8.99740681052208 10.9040327370167 11.7638011773427 16.5209658443928 18.1486407915751 18.4464690585931 18.600324789683
46.9082593917847 40.4785946011543 19.4966855148474 12.5601316491763 9.00366095205148 3.1871631120642 5.81845516959826 5.97643852233887 5.03834585348765 3.24876420199871 11.5092049042384 12.7603771785895 13.8111487030983 14.3937108417352 15.1037499308586 19.7649771968524 28.7380193670591 38.0229949951172 43.7283019224803 46.0953613122304 49.8688916365306 64.7145509719849 74.4867225488027 79.1107267141342 77.8860002756119 73.4036862850189 66.2897775570552 56.4455687999725 60.5597496032715 41.0944695274035 21.4625125130018 9.34221222996712 0.0164080180790431 0 0 0 0 0 0 0 0 0 0 0 2.7850599338611 4.68272777895133 8.97379343708356 9.04649371902148 13.2148613532384 17.1528421342373 15.3884043296178
