input/barkrak2/radiation/dir09224.grid
NCOLS 85 
NROWS 70 
XLLCORNER 665100 
YLLCORNER 4664600 
CELLSIZE 20 
NODATA_value -9999 
[rows 0 to 19 of 70, columns 0 to 45 of 85]
246.421098709105991 260.144849618276 273.725787798564 288.991928100586 295.382559299469 293.954213460286 285.758018493652 279.780705769857 282.588998476664 283.01211198171 282.634476820628 285.36065419515 285.836418469747 286.381880442301 288.671056429545 283.152202765147 273.118436336517 261.785268783569 255.524893601735 246.294677257538 238.173206647237 248.29226732254 273.523052533468 280.4034948349 282.305757204692 288.768569628398 287.228326002757 274.463395277659 258.651614189148 255.059858163198 251.60809357961 268.094976743062 304.816842079163 303.945899009705 305.530428886414 287.871797879537 295.652667681376 309.098203976949 303.264816602071 306.535303592682 288.292249043783 289.803882439931 299.672802289327 305.122375488281 299.892167250315 299.195925394694
226.163347562154 242.607772350311 256.671528021495 273.392796516418 284.129679203033 286.112030347188 281.731486320496 279.827336470286 288.583795229594 287.878731886546 283.228556315104 284.522910912832 286.489109198252 287.727197011312 287.501434485118 281.965136528015 277.58006254832 269.595901171366 265.594343344371 253.366510073344 252.13235616684 265.795191129049 284.152468045553 286.949257055918 291.144887606303 293.433090051015 289.028743902842 276.47586663564 263.246913750966 256.597558657328 257.439235846202 281.108895937602 305.064737796783 303.950508435567 304.834842681885 290.68523645401 296.733975410461 306.707759698232 301.425496737162 306.469182173411 300.253868103027 292.481303215027 295.232196648916 298.90255133311 298.511187235514 299.439430236816
190.93257188797 202.825943628947 215.294361114502 227.891445159912 241.268138090769 250.892917315165 259.314815203349 270.587861537933 280.174454053243 279.421587785085 276.479502518972 280.871192614237 290.223717689514 293.879508972168 291.324555873871 295.874238014221 298.059105873108 291.866421699524 279.094378153483 269.068678220113 273.624698321025 280.670046806335 285.816788673401 287.605881690979 292.790134747823 292.312145233154 284.226536750793 275.477608044942 266.778985659281 262.557685375214 267.8196032842 292.808433373769 301.084299882253 302.413403987885 303.870638211568 297.025243441264 297.54775762558 298.868437608083 302.915414174398 304.750820000966 300.151785214742 288.657387097677 281.787772973378 286.44605477651 297.201752662659 299.700677394867
171.903928120931 173.598905404409 180.777211983999 188.07065486908 195.377250512441 200.859745343526 208.265066146851 223.901947339376 243.500034014384 259.097377459208 269.730309645335 282.706002394358 293.04959376653 296.81670665741 297.915418942769 301.358977953593 300.332506497701 292.859653631846 281.36545419693 276.31813287735 274.999737739563 273.456573486328 282.564123471578 285.228192806244 286.414742469788 287.871718406677 284.082353115082 277.547299861908 274.423539638519 273.585756619771 273.155172665914 296.923379103343 300.048768520355 301.876584688822 301.240861415863 302.030503749847 301.694909731547 301.341474056244 304.273068904877 300.720413525899 291.015207767487 279.618899027507 275.466442108154 289.393464724223 304.421067237854 298.947334289551
194.110830624898 177.468359470367 164.541304111481 154.706209897995 158.28800201416 174.974501132965 196.313222249349 207.265416781108 217.760523160299 225.408275922139 246.125479539235 267.964879671733 281.39454126358 287.972966829936 292.497217655182 294.959962368011 289.981782436371 280.3835272789 276.909252007802 276.061276594798 271.494646867116 270.071864128113 280.268291632334 282.64852364858 284.506320953369 289.294441541036 286.531666914622 280.45113881429 276.797970136007 274.622162183126 279.107888539632 302.886426448822 301.671862602234 302.890737851461 298.755447069804 300.110876560211 303.788940111796 303.765137990316 298.549870649974 294.249693552653 291.046400864919 285.236875216166 286.713063716888 294.346690177917 297.204116980235 290.058652559916
237.620115280151 209.907472133636 181.90077940623 158.106009165446 148.543655872345 160.232573747635 186.298648516337 203.885515530904 208.221236864726 208.010971546173 218.701958656311 232.279618581136 242.290059725444 249.046703179677 257.592380046844 265.038073062897 265.605092048645 266.409754753113 272.579312324524 277.926703294118 277.718345324198 281.158089637756 284.047603607178 282.879571119944 285.619159539541 290.299634138743 288.490494092305 284.520626068115 279.410262902578 278.064946333567 291.388511657715 303.923666477203 304.226716359456 304.700116316477 299.784560998281 297.286470731099 300.40713151296 299.496452013652 291.735589504242 293.633500734965 292.766153812408 288.637757301331 289.022703965505 290.34948348999 282.61403242747 264.578501383464
259.969592094421 235.819419225057 215.017636617025 193.528254826864 172.215779622396 158.549805482229 166.576912005742 196.291863918304 210.343341032664 218.720475832621 215.71813027064 210.41484673818 205.654958883921 201.593617598216 203.930675983429 219.791988531748 232.370535532633 251.069406668345 268.620868523916 279.918630917867 283.280789852142 284.537414709727 285.842001438141 284.213662147522 285.638531049093 288.063943386078 289.115269978841 287.547806898753 283.860087394714 286.986410617828 297.244509061178 303.676764170329 304.947912693024 303.558826446533 300.785978635152 294.334292411804 294.398049513499 290.589690208435 288.987378279368 288.201451301575 283.371329307556 280.248324076335 284.212430318197 287.29248046875 274.692018826803 265.090127786001
269.422690073649 259.235461552938 247.549037138621 231.581330299377 208.135366439819 177.325367927551 155.965218941371 155.015627543132 189.972062905629 216.189662615458 224.298516909281 220.262507597605 211.185057957967 201.089779535929 187.441845734914 191.054503122965 204.139510790507 221.133132775625 245.063583056132 264.384329319 274.803896745046 280.726790428162 286.681751410166 284.544905026754 283.198893070221 283.194661140442 283.891002337138 283.918062845866 282.534539699554 289.686361948649 297.792216142019 301.391164461772 299.874941507975 296.81783914566 291.402558485667 288.628141085307 289.765457312266 284.502605597178 276.706159114838 268.11271905899 269.798874855042 278.694033622742 292.07702477773 298.158864180247 285.313665866852 281.022012233734
261.692365010579 262.109259764353 257.78599580129 249.469717343648 235.563079516093 212.612986564636 181.540369987488 152.451167503993 165.90271393458 189.471244812012 210.11225382487 220.26538848877 222.364505132039 219.575723012288 207.237203915914 198.878566424052 196.144501368205 200.904190540314 215.83080291748 233.813007672628 249.38025077184 262.888610363007 271.926621596018 269.42390203476 271.101534366608 271.660804748535 272.553066412608 273.422678311666 274.658838907878 283.221622308095 288.576722145081 288.484156131744 286.989788214366 286.21498743693 285.602291425069 286.24693552653 285.683274269104 281.089425086975 271.648307641347 268.600523471832 282.820065816243 294.475754102071 300.754964351654 300.940672556559 287.552932898204 281.919161478678
231.21710618337 241.319974263509 246.534128983816 246.563235918681 243.469814459483 239.044646422068 221.96884950002 202.729026476542 171.107629934947 160.419861475627 174.619793891907 200.803796450297 223.144710063934 233.866592248281 235.454340775808 226.027846336365 210.515817006429 205.112854639689 204.366683959961 207.910319169362 216.363708178202 224.783301353455 234.696427981059 242.653012275696 251.470406850179 254.404942194621 255.70023059845 256.512343883514 258.59264532725 265.311976273855 266.735990842183 267.561693986257 273.336033026377 277.582387129466 280.340035756429 280.184626579285 278.747459252675 280.639052391052 271.81488275528 277.284681797028 295.178830623627 302.062571048737 303.113043308258 300.516347090403 285.322348276774 280.289491017659
176.40620470047 190.983812014262 204.449892044067 215.712904930115 225.859145323435 234.063824017843 235.565563042959 229.219595591227 201.079487800598 173.826932907104 159.190366665522 167.321721712748 195.245067278544 222.167869408925 237.683018048604 227.536777655284 219.416975975037 211.921910444895 203.509747982025 197.939515113831 197.572112083435 198.185801506042 202.535808086395 216.562489668528 229.965110619863 238.295316696167 240.131278832754 240.499416987101 246.524810791016 251.809736092885 254.888415336609 258.53298107783 267.310361067454 271.250367164612 271.1407939593 271.099468072255 274.95934565862 279.324114322662 277.589519818624 288.213948408763 298.488080501556 302.361845970154 301.342765490214 298.907001813253 291.548311710358 290.715257326762
130.903979142507 137.198468049367 146.238853534063 160.165816545486 177.208304405212 194.673220316569 213.735063870748 220.36878267924 221.103409926097 206.53490225474 179.102063179016 158.214221398036 161.110083262126 184.662461280823 213.238835334778 217.400471369425 224.031925201416 220.357676347097 209.943433602651 198.835909366608 191.428462664286 189.046104749044 189.252416292826 198.730945587158 208.165208498637 214.697043100993 217.929085095723 222.518384456635 229.735612869263 234.387795130412 239.245931307475 244.75085735321 251.06410185496 254.369119803111 254.789690176646 256.797711054484 266.839663187663 277.135590712229 280.79895178477 290.218631426493 295.598705609639 297.511994838715 295.678714911143 292.263706525167 288.264214992523 287.325104077657
114.359090725581 110.190063714981 108.022113641103 109.40674940745 118.60669652621 137.972623109818 164.005170265834 186.941881974538 217.36874183019 222.898145516713 210.692365964254 185.243487358093 155.988872051239 152.815947930018 177.464763323466 206.077933311462 222.792247931163 225.811898708344 220.550815264384 210.756639639537 200.917681058248 200.412889321645 199.906229972839 200.782736142476 201.653122901917 201.312283674876 205.715159575144 215.026617050171 218.566636244456 220.023989677429 225.419342517853 231.046497821808 232.604126135508 234.525779883067 237.637956937154 243.045846621195 254.244863986969 266.336480776469 269.269267717997 277.541796366374 282.89524714152 283.973157405853 282.342791557312 283.036967118581 278.781215349833 278.900623321533
96.4970886707306 72.0648517211278 62.1843139330546 55.7537823915482 50.8072127898534 55.7322303454081 75.0159174203873 111.183653275172 154.140661160151 200.727164745331 221.171975135803 220.550537109375 199.309309323629 171.336650848389 168.398380279541 195.407509803772 213.569720586141 227.929711341858 234.739343325297 230.807264645894 218.1223432223 214.880267779032 211.342732111613 210.904876391093 211.080590883891 209.097107251485 211.483180522919 220.971326033274 220.567345619202 213.757952054342 219.2302942276 224.80042775472 226.361155509949 226.682702700297 230.158487955729 237.616161505381 243.83290608724 249.790171782176 253.610551357269 255.096912384033 260.296225547791 266.030530134837 272.345900535583 277.679701646169 273.193260033925 276.538968086243
104.361603657405 67.9856936136882 42.1371161937714 25.6647591789563 25.0045011440913 29.5019845167796 42.6883896191915 66.5711164474487 91.1842981974284 134.14258758227 184.331635634104 229.944825172424 243.457496166229 221.716503302256 194.285313288371 189.588646094004 195.400138696035 211.215535799662 230.385005474091 240.092356999715 237.684826056163 230.963885784149 228.143632411957 224.071045716604 220.886508623759 219.560901323954 220.548987388611 223.004500071208 218.951026598612 213.651498158773 216.700851917267 221.854945023855 221.869647502899 221.004784107208 225.209454695384 229.271829128265 230.944116910299 230.063954989115 234.060962994893 234.912951787313 240.985592206319 248.985966046651 254.115462303162 258.489231268565 259.362816810608 263.071099917094
94.2385097344716 67.2155767679214 34.6616903940837 14.8625845710436 17.0317317048709 38.3560905853907 53.9521276950836 68.2653486728668 86.3498449325562 107.836405436198 141.960243384043 180.516839027405 204.7518491745 222.275257110596 219.389339288076 191.335360209147 184.530933698018 188.410858313243 205.991705258687 233.013272285461 245.470682779948 240.318675835927 241.087317466736 234.296202659607 227.099378903707 227.894186973572 229.897816975911 226.054131984711 221.404174963633 223.417321840922 223.226288954417 222.568432490031 218.869467576345 217.037638028463 217.956900596619 217.272063096364 214.140951633453 209.902763366699 213.415662447611 215.791424115499 220.663050810496 226.00926955541 229.326725006104 231.513281663259 242.76077747345 249.255120754242
79.9598544836044 68.7987903753916 42.6510820786158 7.93383456766605 13.6592996617158 41.5830885370572 57.6919466257095 73.1970717509588 90.3779864311218 102.19011704127 119.981676340103 158.707489569982 186.689972877502 199.156562487284 208.923975626628 206.068456172943 204.095244407654 194.8415239652 188.083867232005 200.607518355052 227.348188559214 244.282921155294 248.090545336405 243.234833081563 235.096116860708 235.92354853948 239.756365617116 235.707759857178 233.525156974792 238.381405671438 236.18628581365 223.968148231506 217.550257841746 213.015516599019 208.078761895498 206.962943077087 201.368470986684 199.908177057902 200.934509436289 204.049050807953 206.550339857737 209.781209627787 213.112274805705 216.066161791484 233.235041300456 242.793043454488
72.4533498287201 72.9234615961711 59.7354918718338 19.8462568223476 18.5947294036547 44.9605087439219 66.2897378206253 85.1203799247742 99.8510718345642 110.391527414322 120.7135617733 139.280180136363 166.218330462774 182.441929976145 195.210536321004 216.285487016042 221.144477526347 214.607199033101 197.888890902201 185.582518577576 198.558310667674 226.966162522634 234.465678532918 240.982055664062 243.916630744934 247.515718142192 251.282870769501 250.209033489227 247.715393702189 249.132593472799 242.670953273773 230.662643909454 221.055587132772 212.686419487 206.005434195201 202.99635330836 199.400464693705 199.222048123678 199.511925379435 201.861917972565 203.61856619517 205.466945966085 205.845336119334 208.800613880157 221.456964810689 235.658566157023
76.8416573603948 84.4597617785136 84.4519337018331 48.6477017402649 37.86950558424 63.7054840723673 79.4439961512883 98.8809963067373 112.651109695435 130.265166362127 142.602145671844 145.97628513972 156.730910142263 163.888265689214 177.617768446604 199.392120043437 212.237954139709 218.125224113464 217.026114463806 207.065443197886 188.183506329854 203.91321182251 214.164833227793 227.043131987254 243.134299914042 253.417412439982 256.508787473043 259.254415829976 253.842035929362 251.132667064667 243.074794610341 235.793948173523 225.86198647817 215.428709983826 210.126082102458 205.007215340932 203.53368918101 199.473818143209 198.948323726654 202.417572339376 206.653813521067 207.797964413961 207.341015338898 208.877682685852 210.972587267558 225.927631060282
82.9417010148366 86.0098997751872 96.7827439308167 87.731659412384 73.0906029542287 80.5202821890513 85.0981771945953 98.1390078862508 111.982156833013 129.123628139496 140.447090069453 137.069036563238 132.218341032664 139.661202828089 153.165797392527 175.115784009298 187.677939732869 196.118036905924 207.23956823349 209.25909280777 206.455488999685 194.589714209239 194.142162799835 206.118921438853 216.235876083374 224.42368666331 233.32675298055 241.395115852356 248.193283875783 250.027994314829 243.95098288854 235.662500063578 226.351877053579 218.605895837148 213.506241639455 208.085834980011 203.902860482534 194.827040036519 191.978096961975 200.951516628265 207.867741584778 209.423859914144 212.360441684723 211.349010467529 207.275589307149 218.156377474467
