input/barkrak2/radiation/dir00524.grid
NCOLS 85 
NROWS 70 
XLLCORNER 665100 
YLLCORNER 4664600 
CELLSIZE 20 
NODATA_value -9999 
[rows 46 to 68 of 70, columns 0 to 51 of 85]
48.1672386328379 49.7136314709981 52.2360801696777 54.2326867580414 54.0294349193573 53.9255738258362 55.7823032140732 57.6375673214594 54.4884701569875 53.1894365946452 52.5899231433868 51.9020408391953 48.5431253910065 45.6990947326024 45.6394056479136 48.8632222016652 47.0491498708725 42.4517691135406 46.7539081970851 45.1349467039108 42.7129864692688 43.822447458903 44.220710794131 42.5317585468292 51.0144929091136 45.6542472044627 46.8282500902812 47.0739305019379 46.4917520682017 45.820951461792 44.8472946882248 42.0105208953222 41.3720284899076 40.7817711432775 43.1985209385554 44.6567932764689 45.7170605659485 50.0344187021255 51.8745630979538 49.0495612223943 48.1007099151611 44.7520762681961 49.4077503681183 54.3100486199061 46.4372585217158 21.9206462303797 0.59285891863207 0 0 0 0 0
42.493482430776 44.7056144475937 49.9435762564341 51.5942523876826 55.0226718187332 56.6015193859736 54.7919571399689 54.5441855986913 54.7229051589966 57.1687817573547 54.4832895199458 51.1438498894374 50.0638534625371 50.2549509207408 48.3156343301137 47.2724934418996 46.5613355239232 40.2189542849859 43.8651690880458 45.0683037439982 41.8666501839956 42.8588936726252 45.7589427630107 40.7982145746549 43.5046205917994 45.5712179342906 41.5764773885409 44.2242125670115 46.2025105953217 45.3033745288849 46.0544377565384 45.1977948347727 41.1754002173742 43.3532198270162 53.4026920795441 56.3868582248688 52.2933751344681 47.4286824464798 50.0352084636688 57.4500461419423 50.0895529985428 45.7324633995692 51.965261499087 56.6779275735219 51.5508403380712 36.5568324923515 8.6104708413283 0 0 0 0 0
36.0426381230354 39.0744159619013 44.0276960531871 47.2324540217718 53.4600714842478 56.8036784728368 53.965558608373 52.3277471462886 56.2454213698705 58.6668501297633 56.5991501013438 52.9992828766505 51.8417010704676 53.0268649260203 50.8554031451543 45.7770327727 45.3391869862874 40.247971812884 44.0669655799866 46.5641518433889 45.9437916676203 45.9864834944407 47.7896928787231 45.3171879053116 42.5783147414525 46.106884876887 45.1699594656626 48.8544305165609 52.9618958632151 54.73792552948 58.4827164808909 58.9750707149506 50.2862284580866 51.6009827454885 58.351809779803 65.329631169637 63.9776736497879 54.6512454748154 51.7914940913518 54.7798375288645 49.3415494759878 43.7528093655904 43.4540410836538 43.7915772199631 42.6804771025976 41.9380863507589 31.6074838240941 1.58923740188281 0 0 0 0
35.059466958046 33.142497142156 37.1673032641411 44.4749643405279 49.9044557412465 52.8515825668971 55.4728209972382 58.0986042817434 59.4748953978221 56.404173374176 58.3124856154124 58.3883275588353 55.475115776062 53.1211694081624 51.5690346558889 47.6502925157547 46.4387238025665 44.0533608198166 47.0313429832458 50.7177511850993 51.5373100837072 52.3161888122559 49.964651465416 50.4798889160156 45.731912056605 48.5389083623886 51.6345451275508 57.1764558553696 62.2351219256719 67.5349781910578 72.9138751824697 72.7382401625315 65.6531502803167 58.9444736639659 58.5127770900726 59.7625573476156 69.8322057723999 61.9789858659109 53.5937249660492 46.8809654315313 43.2517677545547 43.952132264773 44.0763135751088 40.6524688005447 37.6131733258565 38.3386462926865 23.9911725123723 7.24941678345203 0 0 0 0
35.2785537640254 38.4765192866325 41.8994426727295 47.6728628079096 48.1029997269313 48.5549171765645 56.022971868515 60.8702103296916 61.0307951768239 60.7390155394872 60.792421301206 60.6816112995148 57.3853353659312 53.5712341467539 53.4267028172811 56.5626124540965 49.9865710735321 50.1035451889038 51.6223708788554 55.1617791255315 55.432399113973 54.281160235405 51.3368298610051 52.3596405982971 47.2170412540436 51.6608158747355 56.0423235098521 58.0162554979324 67.8910513718923 74.9990294377009 79.7698348760605 82.3027392228444 73.675125837326 63.2418692111969 46.6078023115794 48.5178083181381 58.0749015013377 66.419909397761 58.3227028449376 44.6663002173106 39.3200864394506 44.5249577363332 48.3870754639308 43.2549118995667 40.0040472547213 37.4157577753067 21.8056837717692 11.0086165368557 0 0 0 0
36.0320210456848 46.2117294470469 48.3185450236003 49.5437284310659 47.5837290287018 47.2903251647949 54.5565585295359 59.650590022405 59.5690160989761 64.4719302654266 62.2334331274033 61.7597301801046 59.3791703383128 55.5686304966609 55.8939774831136 61.2420042355855 54.7296404838562 53.5481423139572 51.1603454748789 52.76158452034 52.5433470805486 51.6249140103658 51.4399707317352 48.0490873257319 46.5277681748072 48.8415459791819 51.9675413767497 52.6433686415354 57.8420162200928 65.8727983633677 76.6707410415014 82.2706073522568 74.7781346241633 57.3703994353612 19.3844040234884 18.8905534644922 25.5041470130285 50.5779832601547 57.2589685519536 62.6000165939331 56.5654983123144 47.7385222911835 40.8965274691582 38.4737178683281 42.7086154619853 37.7023493250211 21.6753929853439 15.9084697564443 0.216744646119575 0 0 0
39.351279536883 37.9307145873706 37.1533160408338 39.2437626918157 45.022706190745 50.1060138146083 51.0617792606354 56.4357240994771 56.4072330792745 60.9606603781382 61.2583210070928 63.2828225692113 63.0311866601308 58.77485871315 57.7454119920731 56.0717483361562 57.9196562369665 52.3300717274348 47.8563010692596 45.9614445765813 45.2084590991338 47.3778247833252 48.2272058725357 43.9018309116364 44.3257540464401 41.5536438425382 43.9765552679698 44.3837145964305 46.7432389656703 48.8798717657725 52.9685914516449 66.2395904461543 62.849685549736 35.1688861846924 15.4576525092125 8.37693425516287 9.14264097809792 17.1718200047811 41.2042190631231 56.2714139620463 60.2987855672836 51.070104042689 36.4333316683769 33.2417984803518 36.437285443147 25.1302023728689 21.1292008558909 30.9974600871404 15.7945404450099 0.00395408126981541 0 0
41.6727314392726 32.9467232028643 31.0506423314412 35.7360964020093 45.9029078483582 53.6217987537384 53.5463194052378 54.6541064977646 57.1083078781764 57.6362560192744 59.6358180046082 62.2732192277908 63.8247032960256 62.8744661808014 59.1447800397873 56.7936897277832 59.3315809965134 53.0721644560496 49.2746730645498 49.2687275012334 49.3614772955577 47.2222367922465 46.0550685723623 43.5496668020884 42.7076419194539 41.0420894622803 40.4508461554845 40.3092056512833 39.7126426299413 39.0330801407496 32.1501642465591 38.3320574959119 42.0884738365809 22.2503195206324 16.9796645641327 9.19311369458834 1.81954462702076 0.860404611254732 7.96140482028325 22.9183534781138 43.7795321146647 40.1112114389737 34.6282670895259 29.3445388476054 21.050937473774 22.0109547177951 19.9456848204136 36.9694953163465 43.8726445039113 25.5538821220398 1.8503381870687 0
41.8608536322912 36.8663594126701 35.0898777445157 39.9429276585579 48.3472545941671 55.2303244670232 58.0041805903117 54.4771701097488 58.7654958168666 57.480052113533 60.9568059444427 62.6502682765325 64.0475402275721 65.7044996817907 61.541477839152 61.4030261834463 61.4295353492101 57.436262567838 53.8254429896673 54.3748239676158 53.8489669561386 50.4890382289886 48.2634057601293 48.9276746908824 45.9898809591929 44.9685752391815 42.974665760994 39.3847276767095 34.8677883545558 32.2418262561162 25.3431250651677 29.8661713798841 37.3517026503881 39.5501181483269 37.7474228541056 27.7040253082911 9.47535162170728 1.7922529950738 1.04688208860656 5.45998724798361 19.2938521504402 23.2535302639008 19.5629956821601 14.0512759486834 13.7997716665268 18.8517707089583 20.7062922418118 25.8838509519895 39.9802972873052 43.9943571885427 27.2604624430339 0.431667159621914
44.7691380977631 43.4106489022573 40.2358124653498 39.2767712473869 44.6519106626511 54.5181731383006 55.7412107785543 54.2108217875163 56.0296972592672 61.1070444186529 67.1002318461736 67.6516791184743 66.1040345827738 66.4360821247101 64.711128671964 64.4744088252385 64.8213177919388 62.8362198670705 58.8653683662415 55.5034875869751 53.0497183402379 51.9857704639435 53.2095730304718 55.6660493214925 51.3944129149119 49.7971624135971 40.5970464150111 35.0180914004644 29.579592247804 26.5418936808904 27.4460713068644 33.0780148506165 41.142575442791 51.9763727982839 56.8645497163137 55.2420318126678 41.1575635274251 27.6512031753858 16.8480115632216 4.78195150693258 9.65708990891775 18.855048964421 19.38271895051 13.9716056485971 13.5391453901927 27.9458612203598 45.6976344188054 39.3512894709905 34.4712187846502 40.0180965662003 29.8220018545787 7.24576537807782
47.1867968638738 46.599010626475 45.5656796693802 42.4439559380213 43.6773945887884 52.0351280768712 53.8775821526845 54.011325041453 54.3231467405955 63.0838622649511 70.478876431783 69.5950885613759 65.2166952689489 67.7286138137182 68.9047823349635 63.4162078301112 65.5666788419088 63.6960317691167 59.7822517156601 57.3054055372874 57.0181310176849 57.8982134660085 54.9745311339696 53.1711727380753 50.4649480183919 45.1239943504333 29.7619625926018 5.29236346483231 4.30744048207998 14.6293664971987 25.3502354025841 30.9142023324966 39.405678709348 46.636884411176 57.4116011460622 60.5810483296712 59.1995815436045 51.6864806413651 40.3787021835645 22.4618961413701 11.2075035770734 18.9891718327999 36.5949918826421 37.036324540774 30.6348005930583 48.0366349220276 71.30200167497 60.8906447887421 40.4446199536324 28.9055183529854 14.1926830013593 8.34200407067935
46.1408545573552 44.3173150221507 47.7404097716014 48.7573047478994 46.5486347675323 49.0142206350962 54.01944120725 54.7561198472977 55.2738855282466 62.8531277179718 69.1415071487427 67.551518479983 63.277930021286 66.5970792373021 70.155014594396 61.2464795509974 62.6565118630727 61.874195933342 60.5635941028595 61.4879826704661 61.8247240781784 63.1992717583974 58.6607803901037 52.1146605412165 51.6877671082815 48.098345597585 32.1477130055428 15.491700420777 14.9693575998147 21.7185368140539 30.517486234506 34.7823252280553 47.9800949494044 57.2654952605565 67.6918923854828 61.123530069987 57.7817559242249 23.1132457653681 23.4583169221878 24.0016728639603 26.1386856436729 36.6301536560059 41.5985733270645 22.4182431896528 17.1744922796885 21.1359361807505 39.7186800837517 48.1988439957301 36.1897870898247 26.0937362909317 19.1377078493436 13.8644066949685
35.848930478096 42.7648077408473 45.9725459416707 48.5868901014328 48.6631443103155 45.6850032011668 54.2721152305603 57.4227621157964 58.3982070287069 63.3209049701691 65.2303944031398 64.9126668771108 64.3613835175832 62.9747311274211 64.3819471200307 61.1233462889989 58.3391884962718 61.4127616087596 63.5049492120743 64.8362139860789 67.2078380982081 62.9567305246989 61.6629372040431 56.6807041565577 54.8446873823802 54.6076943476995 49.8529076576233 43.9900755882263 43.4606969356537 43.804720044136 41.4898196856181 40.9231508771578 56.4402689536413 69.3949858347575 49.162819981575 44.7300970554352 27.8063863515854 11.4298264185588 3.9001340046525 9.18987765908241 9.1898205379645 32.8697363535563 44.3500181039174 37.7629597981771 26.3402213652929 27.4406323830287 40.2137686808904 44.3726181983948 41.7281339565913 35.5546350280444 29.7378748655319 28.7275264660517
27.248814702034 40.5028313398361 44.08960044384 46.8609730402629 49.7211267550786 46.157439549764 49.884095788002 56.823988755544 66.9702192147573 68.39652856191 64.0160789092382 61.6569966077805 63.8270378112793 63.5031759738922 63.5807017485301 61.2609287103017 58.1569621960322 60.7436547676722 59.151420990626 56.6527446111043 58.4665636221568 58.2511872053146 57.4777821699778 55.951327085495 58.4768255551656 62.6149972279867 69.9500491221746 69.5880502462387 61.0881000757217 55.5692960818609 45.1305707295736 38.0104904373487 45.9409455458323 47.7253844340642 19.8504390815894 13.5119383533796 12.7276716132959 7.19240928689639 0.560794103269776 0 0 12.150219331185 39.5948415001233 62.0945791403453 67.4601892630259 61.9399299224218 59.650311867396 60.1183027029037 59.7567856311798 49.4245141744614 39.2229159673055 48.7998574972153
29.0311276912689 37.8796209891637 44.5407877365748 46.7684219280879 48.1093923250834 48.5277622938156 43.2727932929993 52.1795103947322 71.2113281091054 69.9491401513418 61.9986603657405 58.9117308457692 61.4674389362335 65.3752386569977 64.5580093065898 61.5620464086533 60.6280068556468 58.550700545311 52.7939895788829 46.2056050697962 46.1587011814117 50.0456392765045 50.3877947727839 54.2541394631068 56.1048438151677 63.165158033371 78.8531204064687 83.0582777659098 65.2439494927724 52.8824081023534 44.1231379906336 32.2381630539894 35.6093297402064 36.6558954119682 18.2797672847907 9.74532154699167 10.6889692445596 15.4905493060748 8.72641615569592 0.814981292933226 0 2.05240957438946 20.1062224805355 43.0485208829244 45.8088715871175 46.9446579615275 44.6979254484177 45.6635455290476 51.2538800636927 45.2699065208435 45.7101911306381 77.8066068887711
39.5295023918152 42.2846128543218 44.2902594804764 41.3969680666924 36.1619864900907 32.4388990799586 39.8310373226802 45.1475828886032 54.3941855430603 50.6040751934052 46.764334042867 52.5872011979421 60.4636917511622 62.5316500663757 58.574433128039 60.6522957483927 60.9752635161082 55.6963831186295 48.3159671227137 43.4456765651703 42.9604897896449 43.7367707490921 47.2631851832072 50.134817759196 52.4357855319977 56.6564748684565 68.741704026858 76.9892434279124 65.4936234156291 49.9497503042221 42.790154616038 28.9955635865529 19.765788068374 39.8614009221395 36.7561976114909 17.3699222505093 17.3309644063314 38.7834037343661 40.5845095713933 27.6174992322922 5.98615345855554 2.98786349594593 11.2322643399239 18.1263523797194 16.9366796811422 18.5980126261711 20.9922368327777 23.1944074233373 22.6348986228307 38.5278388857841 58.4518065055211 109.841237465541
50.2060751120249 47.0243891080221 43.523649374644 37.0523855090141 28.0655870834986 22.5739205876986 30.9047227104505 31.8080236514409 22.9012817144394 21.2030212084452 33.3991373578707 42.8792585929235 49.4042932987213 53.0863354603449 56.3105642795563 66.2330637375514 68.8743740320206 60.7121040423711 52.631343404452 49.3887762228648 47.0614929993947 46.8761672576269 47.5708742936452 46.8315680821737 47.6896464824677 52.5197585423787 60.3088686863581 62.1549983819326 57.3087086280187 39.0044723947843 38.5604898134867 33.8431199391683 29.9297049641609 47.7593789498011 54.1921357313792 42.7670975526174 33.2297111550967 21.1558490991592 25.3415480256081 30.7136103510857 20.6497112909953 9.28061020871004 10.9257350365321 11.3553280631701 6.26197395225366 7.26227027674516 14.524066199859 16.5208155910174 17.5683200359344 38.7106016278267 82.8417638937632 125.389715035756
52.8029054403305 46.5992391109467 42.1110490957896 38.5382423798243 31.9167623917262 26.514378686746 22.6540565490723 17.8561011950175 4.25511753807465 11.9464968641599 27.5435398022334 38.746898372968 38.4567628304164 45.6602921088537 58.6694578329722 74.0946680307388 79.343651731809 72.609543800354 64.4890516996384 60.7557545105616 55.758277575175 53.9287875096003 53.5865028699239 48.600380619367 45.1700290044149 47.9301859935125 46.1641450723012 49.1997798283895 46.0148404041926 32.0901696880658 30.7600100835164 32.168798148632 23.900993168354 45.9109246730804 69.7164783875148 72.771613796552 47.9198346535365 15.2086839079857 11.971790343523 17.1590968966484 17.6068072517713 15.3679624199867 16.3908724983533 15.4538589219252 8.85743896166484 5.79192986090978 11.7119178175926 16.9146383802096 27.3764207959175 51.1537740627925 113.44372232755 144.391040007273
55.194303393364 50.0814417997996 48.8249262173971 49.8605072498322 46.7372089624405 40.8200944463412 36.0750208298365 36.4863077799479 35.2529808878899 40.7841155926386 48.2935259739558 53.7231316169103 54.0078580379486 49.3574490149816 59.1232677300771 74.5068689187368 84.2896203200022 84.6599539120992 77.7206122875214 68.3889538049698 62.7965976794561 58.5047056277593 56.1436067024867 58.1418077150981 51.0703424612681 41.0146862268448 38.6752635240555 39.5221759875615 39.1160969932874 38.3592521150907 19.9536755681038 18.2104843358199 14.8173719644547 22.960476577282 76.4123201370239 86.597075064977 54.9740890661875 18.9133323729038 6.87804693977038 6.98959827423096 9.92155571778615 7.75702794392904 17.0506040255229 22.1259618798892 30.0152028600375 14.5487872262796 14.2803167303403 32.8587690989176 57.0939083894094 100.16268491745 132.10998972257 145.306825637817
55.9667448202769 53.2983392477036 53.4730305274328 54.7664264837901 54.3154130379359 50.7782797018687 50.5674382050832 58.0856651067734 73.8812933365504 69.9796974658966 61.2201491991679 62.2735967238744 68.1814203659693 56.2385618686676 57.2139670451482 65.5009547869364 73.9243278900782 81.0392548640569 81.755926211675 75.0889082749685 69.5840766032537 63.0756318569183 60.3902240594228 57.1589171886444 50.9408215681712 40.3950810432434 28.6652023593585 30.0964290897052 33.1392958760262 17.7719468871752 12.8964160879453 11.0630256434282 6.76802669962247 5.40540429453055 70.1037645339966 88.066707054774 69.1500256458918 56.8673511346181 26.6517773270607 3.06663103401661 0.132988827923934 0 9.32550554474195 33.3467374245326 39.2690574129423 30.2367260058721 28.9695287744204 50.7006694873174 106.240014235179 149.802287419637 143.366873264313 131.390869617462
55.1591018835704 51.9235730171204 46.5948929389318 42.1511828899384 42.3860251903534 44.3117767572403 44.4152802228928 56.0005257527033 65.5424098173777 60.798446337382 51.3752152522405 51.5435536702474 62.3519122600555 57.8690419594447 54.4261286656062 53.5034437974294 54.3152391910553 61.0186358292898 71.2024370829264 75.3102699915568 71.1655865112941 65.4546519120534 58.9419354995092 53.8863192001979 47.0138390858968 40.2311806877454 28.5884315768878 17.6084910829862 29.3560673793157 25.9390076001485 12.8343378504117 7.9163946211338 1.73342196891705 0 0.0789552529264862 78.2274554173152 85.1577719052633 95.660666624705 77.3322731256485 29.8842042684555 2.41927554210027 0 2.76120162258546 18.3168910443783 44.5693631966909 63.6418908834457 83.9695930480957 133.348683516184 173.511385917664 183.745404084524 168.704132239024 136.788209279378
57.2833965222041 55.2758822838465 49.5826303958893 43.0160810550054 41.5318533778191 44.2177653312683 37.0549211899439 34.4926714897156 36.1205736796061 32.9999501506488 26.0649124781291 23.8768085837364 27.4540732304255 45.3681449095408 52.1226972341537 46.076754728953 35.9710579117139 31.8256070216497 43.6857243378957 63.6003116766612 65.4113243023555 59.9741687377294 53.2166262467702 50.1654495795568 43.8747505346934 38.1033966938655 32.005046804746 10.8297790090243 14.4074435035388 35.1221511761347 18.8379213213921 11.9100374480089 4.27215732634068 0 0 57.3051671187083 97.7710286776225 112.268408139547 98.6903309822083 69.7540044784546 37.2675781448682 8.76859948039055 5.68640356262525 23.0831354856491 53.4632802009583 115.457038084666 155.922253926595 186.066587766012 194.99808549881 194.294452667236 184.64457988739 156.340579191844
58.9540054400762 58.8792413473129 56.3807785511017 52.909771601359 51.0666519403458 50.3278225660324 35.569263001283 22.1625442306201 22.4026764432589 24.5742052793503 21.9732870658239 19.4147105018298 20.5701949695746 41.4514541625977 54.8614611228307 45.345276594162 27.836819489797 16.0004546244939 19.2484234770139 34.1725101073583 44.3207820256551 47.6901630560557 48.3598411083221 41.2584468722343 37.0614404479663 32.5838973124822 14.4895439346631 6.99433001379172 10.6100415190061 38.2256383697192 46.8473136425018 39.9282972017924 20.6077421704928 0 0 37.1636201937993 91.0981794198354 99.3851820627848 80.4077684879303 77.3595571517944 82.0506413777669 66.5413190921148 44.8388109604518 59.2952519655228 110.499620437622 154.875218868256 177.943090597788 188.921471436818 190.699299176534 188.300629456838 183.342456817627 161.385198434194
