input/barkrak2/radiation/dir07624.grid
NCOLS 85 
NROWS 70 
XLLCORNER 665100 
YLLCORNER 4664600 
CELLSIZE 20 
NODATA_value -9999 
[rows 42 to 62 of 70, columns 0 to 45 of 85]
183.28446149826 180.606464544932 183.373630046844 180.889944235484 174.404184023539 169.854780038198 166.719893614451 162.89758682251 161.718984444936 159.315983454386 156.146973371506 155.170232057571 158.303340276082 162.934998671214 161.222378412882 156.900882720947 154.214670260747 160.983433326085 162.588864564896 154.047518968582 152.698069810867 150.967140992483 147.072335084279 148.439963658651 154.726107915243 150.673687458038 147.109011809031 155.454635620117 160.827974478404 163.803100585938 166.529625654221 166.23929142952 176.032662391663 197.945177555084 204.953789710999 179.560561974843 164.956629276276 162.930150826772 169.372200965881 180.572946866353 190.198282400767 192.889253298442 179.65700229009 148.162315289179 88.9757374922435 30.9626559416453
167.036016782125 169.753094514211 178.674459457397 175.342261791229 178.380390008291 180.795212586721 178.268313407898 173.29744497935 160.898178815842 159.845858812332 162.022322416306 157.535364230474 156.74148996671 161.756654580434 161.52419646581 159.189562002818 159.331291913986 160.849591096242 162.440329790115 155.691723028819 149.254987637202 148.335834344228 145.334184169769 143.853614727656 148.356487353643 152.318557103475 146.497537692388 149.226248264313 156.5147737662 158.712496360143 158.901989459991 155.961960554123 168.516039848328 185.710410277049 183.368722597758 167.600115140279 162.361363569895 172.108809153239 179.696003595988 180.695454279582 176.454643408457 169.200201829275 162.524123986562 135.202060143153 91.2349621454875 32.1246261397998
164.685229460398 170.243601004283 173.84280761083 174.304862817129 176.20845635732 179.044445355733 178.223331769307 174.524982770284 169.37929391861 163.121322790782 165.163258711497 160.899102687836 157.348841428757 155.188957850138 154.213080803553 154.89262342453 149.809976418813 156.579573949178 159.637947877248 156.087080637614 150.952597459157 150.588691234589 149.117658535639 148.697117964427 147.223611672719 156.566987435023 159.55196817716 156.478424866994 157.862395048141 156.522333621979 152.844270070394 149.691740671794 157.264977693558 161.971221367518 161.79092725118 160.985330740611 165.735135475794 180.373867352804 185.961524645487 176.247517267863 174.585560957591 164.47647412618 158.791303634644 138.647029797236 104.08882300059 59.123103817304
170.35053173701 175.448795159658 173.092722892761 176.09449227651 174.835522969564 174.98650153478 175.696015357971 174.307823181152 175.374348958333 169.002751509349 167.913357416789 165.646980206172 160.95381975174 155.260294675827 153.203348318736 157.80379374822 149.899144967397 152.488470077515 159.470578034719 157.128095626831 155.352254708608 154.457360506058 152.432342370351 152.705242236455 155.128717422485 154.536028703054 161.687195301056 159.981946150462 159.382581710815 158.003071943919 153.112550576528 150.127549966176 153.11657389005 150.757888952891 145.56023478508 145.809948444366 154.73884344101 172.707597414652 171.289801597595 157.546391089757 162.898619969686 154.636810223262 151.701738437017 149.176706870397 133.16281636556 92.7514334519704
169.559299945831 171.784023443858 175.240735212962 176.856160163879 177.009920279185 176.630139350891 177.567144234975 179.662108421326 174.734175205231 172.81440893809 169.955591360728 169.179638226827 165.590971708298 161.153137683868 159.105857213338 163.748959700267 159.420390923818 152.24223335584 160.44161717097 158.782164255778 155.182441075643 157.269030809402 155.457367499669 151.072631279627 159.109781185786 154.215047756831 155.409763256709 157.780190308889 157.599399487178 158.691008885702 156.754235426585 152.854551871618 152.311752239863 150.575558344523 147.35155304273 146.12207810084 149.817625681559 159.109036127726 160.948226849238 159.934232632319 158.267706632614 150.898615519206 155.424833297729 163.160214821498 157.152046759923 121.14354968071
164.371679226557 165.944000085195 172.424991925557 173.982203006744 178.128679593404 179.449816544851 176.043748855591 176.489690939585 175.273259480794 176.912824312846 172.145664691925 168.672959009806 165.844062964121 165.975252787272 163.472433884939 159.921298424403 159.505585829417 149.812430143356 156.821807225545 156.658460696538 154.328455527624 154.172241687775 158.020546038946 149.42674835523 153.084228436152 152.997682491938 149.556239446004 153.784056504567 156.744937102 156.084140141805 158.301701148351 158.242245515188 151.812970638275 154.329588015874 162.315050760905 164.054602384567 159.753958384196 158.038477102915 162.065903345744 173.042496045431 162.400901317596 153.100540240606 160.573035478592 166.494657595952 160.175661245982 139.595329761505
156.239211559296 159.759471813838 165.279517571131 169.90210612615 175.72675148646 179.899970690409 177.053729693095 173.937300841014 175.95378557841 177.976489067078 175.086299578349 170.877039432526 167.400161425273 168.488224347432 164.272050062815 158.161739508311 158.107409874598 150.088806947072 153.943320115407 158.452292283376 156.887819369634 157.260000705719 158.387929201126 153.31694483757 150.654365619024 156.54323498408 152.35381325086 157.664746046066 162.330389022827 167.589604854584 173.992216587067 173.835754394531 163.244773944219 166.615615288417 173.862894376119 176.423589388529 174.818257490794 168.593446413676 165.837625662486 169.401407241821 159.49676434199 151.421129703522 148.895760377248 147.950122753779 145.932883024216 144.925783077876
155.951152245204 152.236620585124 157.754927873611 165.989508231481 172.297159830729 175.464987754822 178.800940513611 179.896553357442 180.432995160421 175.601402918498 178.208152453105 176.702519257863 172.84369468689 168.821454048157 165.755410989126 161.985526482264 159.022917350133 153.591652711233 156.576583782832 162.016371885935 164.964437484741 163.776318232218 159.87096230189 159.523646036784 154.847413301468 159.213701883952 159.820030132929 161.98068857193 168.90807946523 178.950826327006 189.21571969986 190.930406252543 181.762675444285 177.10292339325 174.350221951803 178.898374239604 181.450923283895 180.493752161662 169.378280639648 157.52778450648 148.336807886759 150.250593821208 148.651758829753 142.981310685476 139.112532138824 143.865803877513
157.046288251877 159.699738025665 161.527136961619 169.244865576426 169.786115487417 171.207249164581 178.641418615977 183.872600396474 182.570139567057 181.796828905741 180.164774258931 180.504620075226 175.273021062215 170.997281869253 169.829527537028 172.252416610718 163.063764572144 159.216562906901 162.107278903325 168.42254002889 169.231176376343 166.193624337514 162.284851074219 160.879751046499 155.806124210358 162.528216838837 166.369299093882 167.306264241536 172.59681224823 181.27046028773 190.532724062602 196.240544319153 190.216581026713 180.653611818949 166.863779226939 168.307483196259 176.637927691142 183.717767397563 172.925094763438 150.865425666173 142.891963322957 152.659336725871 156.103909015656 150.70233742396 144.932637612025 141.423096259435
156.801670789719 168.169697125753 169.513603051504 172.903895378113 171.080807844798 170.280118783315 176.921546459198 182.034909725189 181.930760542552 185.444355010986 183.657924334208 181.917766729991 178.100605805715 173.075954119364 170.382956663767 176.93301041921 170.809408028921 163.747022549311 160.952905813853 164.619505405426 165.395577748617 163.522402445475 161.502500375112 159.416019916534 154.732177654902 156.819452842077 161.768784125646 162.825693686803 165.354778369268 170.401314894358 181.407888730367 192.737221717834 188.797235488892 167.497793833415 133.112718661626 125.31441450119 146.145264307658 169.049382209778 179.56272761027 176.162223021189 170.920610427856 163.145969311396 146.323978900909 142.449190219243 151.759525140127 142.569094896317
160.066366195679 157.615641752879 157.921214898427 161.268581946691 169.293403625488 173.087120056152 173.367897669474 179.420173168182 179.352978865306 182.846109072367 184.070070584615 185.009757677714 183.649778366089 178.400953610738 173.500100771586 172.555108865102 173.6119389534 163.110544284185 159.179667631785 158.361385265986 157.926499843597 159.310052792231 159.921805063883 153.699765602748 155.019303162893 149.995118379593 153.758943080902 152.913649876912 150.857925415039 155.251642068227 159.617284933726 174.690286318461 171.818216641744 144.144376118978 106.828918059667 86.5871707598368 95.0835446516673 125.841091076533 162.257532278697 177.525202433268 179.293890794118 162.574291229248 140.180289745331 136.810998121897 145.776748657227 131.921609242757
166.027992963791 154.239515463511 151.324381430944 156.465073426565 169.553816318512 177.855014801025 177.077651023865 178.120970726013 179.718295733134 179.85729376475 181.867480278015 183.685660362244 186.276117960612 183.011750380198 175.669471422831 172.914783159892 176.298340161641 166.347851355871 161.138077576955 162.454386552175 161.809712648392 158.594797054927 156.788855791092 152.583281199137 153.960446516673 150.438894828161 150.155206521352 148.704369862874 149.508953094482 143.708209196726 134.597758452098 143.215785423915 143.539369106293 123.09005856514 106.650332609812 87.5859757264455 67.880724867185 75.4563808441162 99.9047458171844 137.260337670644 161.163151264191 150.459816058477 139.347096284231 134.289979934692 126.109391450882 117.379367351532
167.917688687642 160.562803347905 156.701852877935 160.643676916758 171.677152315776 179.849823315938 183.398604393005 179.048339525859 183.851341406504 181.019186973572 184.003750483195 186.275601387024 187.242170174917 187.701404094696 180.062810579936 180.653393268585 180.587669213613 172.625660896301 167.251388231913 168.932894865672 169.049978256226 164.405087629954 161.607484022776 160.821090141932 157.006899515788 154.301007588704 152.295937140783 149.602969487508 145.502309004466 140.251745780309 127.459138631821 132.233122984568 135.286549727122 133.235474427541 132.405569156011 121.263643105825 92.7561322848002 75.3223995367686 69.1007375717163 84.6539934476217 121.319939692815 125.788271427155 114.272286494573 99.4582672913869 97.1323947111766 105.886479218801
171.610573927561 169.418454170227 162.616382042567 159.575223922729 165.890832742055 179.296950499217 181.477586428324 180.004318555196 180.625796318054 185.706277688344 191.143671671549 191.278656323751 190.394123395284 190.065503120422 185.239374637604 185.399154822032 185.558438301086 180.712223052979 174.506465593974 171.625355879466 169.474641482035 167.799433072408 168.729503949483 170.524477958679 165.742506583532 163.356572389603 155.0279657046 146.121154228846 137.327591578166 134.195804595947 130.753099918365 137.836823860804 141.632576783498 151.796529690425 159.491409858068 159.957071145376 149.461776018143 130.480945110321 112.515310446421 79.9072980880737 89.7485613822937 110.133667786916 109.783659378688 97.2199340661367 98.5130369663239 117.226630449295
175.717651844025 174.071749051412 171.646237373352 164.70742225647 164.877911408742 176.366368929545 181.383768717448 180.989841620127 180.043737093608 187.483310699463 195.493340492249 195.966521898905 190.927922725677 192.323684692383 191.297014554342 185.772995154063 187.826037406921 183.22217464447 178.104221820831 176.018297672272 174.618542194366 174.428105354309 169.254680474599 167.632281780243 165.103018283844 160.371094942093 138.142456610998 115.328917900721 111.245234807332 119.180579980214 130.659560362498 134.423702955246 139.988313118617 146.298348903656 159.018516540527 173.521876335144 178.279141585032 174.816886583964 175.939520200094 125.454425811768 95.0754980246226 113.301753997803 131.046881278356 134.284685055415 136.085331439972 151.047925154368
175.226191679637 172.137439250946 174.889286359151 173.28941822052 168.996075789134 172.944804032644 182.058314482371 182.735045750936 181.341826915741 186.774690945943 194.819887479146 195.615887641907 190.083642800649 192.98925002416 195.326765378316 184.981485207876 185.978531837463 183.272620042165 180.266916751862 181.025962034861 181.797941525777 181.521972020467 176.426847775777 169.613043467204 167.14749733607 165.476351976395 144.419014453888 119.292318820953 117.887119452159 126.953393220901 140.864501396815 142.258087793986 151.420493920644 162.358939647675 178.331017494202 180.026888847351 170.463343461355 121.55893445015 114.589263995488 127.479016780853 125.994384288788 141.913841168086 145.538508892059 128.327002127965 116.893947124481 131.296038627625
163.467009862264 170.970797538757 173.194845517476 174.244165420532 172.851085662842 169.270972410838 182.542284329732 186.741789182027 185.342351595561 187.347690264384 193.00788640976 194.249331951141 192.384123802185 188.593129316966 190.764923890432 186.342179775238 181.924084822337 184.080719947815 184.804439544678 186.499039332072 187.973539034526 183.939794699351 182.037949562073 175.487756729126 174.606521924337 175.724883874257 168.282469113668 159.177800019582 159.364571173986 163.806309302648 160.745511452357 153.319815794627 165.38346807162 178.26380332311 169.459422429403 158.190200726191 138.639152050018 83.5056106249491 59.8220229148865 94.3038761615753 130.009641249975 152.989516655604 146.787424882253 131.409386793772 121.51171763738 127.68683830897
152.333279450734 168.026487032572 171.532511711121 172.618349393209 175.390601158142 170.316139856974 177.183270454407 186.69068813324 195.755958557129 194.253981113434 191.995958487193 192.099690437317 193.131009737651 191.46599372228 190.805335839589 187.899708747864 183.759450912476 184.454441070557 182.410518328349 179.977178573608 181.997458140055 179.869572321574 179.103990395864 178.032517433167 178.167680899302 184.091726938883 193.768620491028 198.081453641256 182.554801305135 178.862631320953 165.422966082891 153.465747833252 160.24645169576 150.976449251175 119.013180335363 79.9997250239054 77.0114958286285 65.9575114647547 49.8089740673701 49.8509009679159 76.4465431372325 115.303377310435 144.623994827271 166.080365578334 183.005452156067 179.351945718129
153.774549563726 164.426267147064 172.047893206278 173.005302747091 174.561361471812 174.632489681244 169.797897338867 180.199265480042 199.38067595164 199.110607306163 192.754666010539 189.575513203939 191.812833150228 193.596204121908 192.25553671519 189.454019069672 186.516106128693 182.556132475535 176.389972368876 167.446672916412 167.307436466217 171.094079812368 171.907206376394 175.493041674296 178.98158232371 185.67955493927 204.332788785299 212.670644124349 194.120446840922 182.386696338654 161.691317955653 144.888053337733 140.556553999583 130.465130011241 103.197505076726 76.3225654760997 78.2431910435359 92.3707584540049 87.063322464625 70.1624651749929 56.6319475571314 77.5986512502034 123.804221550624 160.20467877388 171.602666378021 167.15270280838
165.534446636836 168.985108534495 171.268026034037 167.405903339386 160.126576821009 158.115784327189 166.593551635742 170.512477556864 180.368145306905 179.769575595856 179.20450369517 185.087581475576 190.238296985626 190.398891766866 187.139987945557 188.547591368357 187.035977840424 179.678658644358 171.105285485586 164.267639319102 162.653187910716 162.389973799388 165.902137756348 169.29833094279 169.180115063985 174.110531806946 189.288636048635 198.945562044779 190.70424636205 175.770302613576 151.523878177007 133.041938145955 124.151508013407 133.722861607869 123.488267262777 97.7850953737895 103.89436284701 145.046850045522 154.544671376546 130.454192558924 91.2987589836121 77.2332847118378 98.0946918328603 118.507206439972 117.1488960584 124.828060468038
179.27622795105 175.783594449361 172.399977842967 164.275189240774 152.591307957967 142.443468173345 157.104144493739 154.753237962723 142.471452554067 146.043906609217 161.390036344528 173.478643099467 178.51452032725 182.454446951548 185.39422750473 195.3431169192 196.932037671407 187.250137329102 176.561216513316 171.262701352437 166.774948438009 164.389530817668 166.077007850011 163.305222988129 163.182606299718 167.466680208842 171.472907066345 173.980434735616 171.688457330068 150.237262248993 148.96164337794 140.414853890737 131.322493155797 145.255545775096 144.751171271006 132.393300533295 128.233075141907 132.696688175201 138.802985350291 138.794322808584 119.534989198049 100.141326586405 98.1596410274506 93.6054587364197 78.6656936009725 92.1105742454529
