input/barkrak2/radiation/dir03424.grid
NCOLS 85 
NROWS 70 
XLLCORNER 665100 
YLLCORNER 4664600 
CELLSIZE 20 
NODATA_value -9999 
[rows 22 to 43 of 70, columns 0 to 49 of 85]
57.4564933776855 50.8692661921183 28.5369902849197 21.7198977867762 17.8768808643023 7.27204419672489 14.4096290071805 9.19544696807861 8.05893478294214 5.90826695164045 16.6297443211079 17.4548390010993 19.7395284970601 20.7771783073743 21.3434745868047 26.5572468439738 36.1773446202278 46.9712118307749 53.2926221688588 55.9140046437581 61.2368285655975 77.2820462783178 90.3279980023702 94.1083133220673 93.8560863335927 88.0563457806905 77.8815497954686 76.7304400602977 68.6959276596705 49.3414103984833 28.1715840101242 14.1462174554666 0.872748826319973 0.000207150511262929 0 0 0 0 0 0 0 0 0 2.36388714984059 11.7821432650089 17.5514879326026 23.5400473078092 26.5318055947622 29.7931333382924 29.5524497826894
91.2178158760071 80.1460196574529 45.5853343009949 27.3616636792819 21.8344330787659 25.003323952357 23.3952105045319 10.3573333472013 7.12898063162963 6.68030294279257 18.0597441891829 19.7333358228207 24.4506200154622 30.1415473222733 26.6328454017639 28.0188769102097 34.51140721639 43.2993918657303 49.8364468415578 44.402152299881 42.8431133429209 47.9272504647573 59.8984807729721 73.0490138133367 79.5356829961141 80.8838854233424 73.5918035109838 60.8333100875219 52.0439893007278 20.5876032511393 16.0427565375964 7.31424055993557 0.000234413278121792 0 0 0 0 0 0 0 0 0 0 5.69298801322778 9.66132991015911 18.2515357931455 22.631528476874 23.2564583420753 24.322047829628 30.9051498770714
90.5856589476268 86.3624413808187 63.3502900600433 32.2672973076502 15.1257440447807 24.3270099163055 23.4728107849757 21.4400440454483 17.5613661607107 7.49188537398974 13.7588903307915 19.0194224317869 21.2674662470818 27.3840253551801 26.347890496254 26.8337254722913 32.7127302686373 43.3819095293681 48.8889714082082 42.515163620313 41.1212369799614 37.7399399876595 46.8163987000783 54.554209113121 61.4007661739985 62.6822809378306 59.0457916259766 52.9217422008514 34.7109710176786 14.6169190605481 9.49556628863017 7.40146636962891 0.0629578231989096 0 0 0 0 0 0 0 0 0 0 12.5619595249494 13.0611111720403 13.1292194128036 15.984537700812 18.2044965525468 20.0678072869778 22.2431446115176
76.8244415521622 81.5458695093791 74.4169255097707 42.5131370623906 15.1484521726767 24.267685910066 31.6480721036593 38.3386686444283 38.298303882281 31.3954204320908 24.7941166162491 27.6886795957883 28.0725111564 33.8764737049739 33.8105435172717 29.7426854570707 31.696913142999 41.8928911288579 49.2300490538279 52.1813730398814 52.2106438875198 48.725371559461 45.633261402448 45.8811819553375 49.5330393314362 52.4893800417582 48.8697240749995 48.1253663698832 29.0246481696765 24.6774007876714 21.2440714240074 26.1022597551346 19.8049681882064 0 0 0 0 0 0 0 0 0 0 15.3410409887632 10.6717546780904 6.89803933103879 6.53716052571933 9.71788664658864 13.9930074413617 14.8360182841619
75.488343834877 80.8887084325155 78.7490506966909 52.3724853992462 28.5115192333857 38.9254217346509 51.7627497514089 59.6587558587392 67.1316087245941 60.3507856527964 40.5508801341057 43.6742206414541 41.4194340507189 45.4173982143402 46.2773640950521 36.9674041867256 33.7660039464633 44.3658729394277 50.9399573008219 62.7497484286626 63.6163552602132 60.3514462709427 53.4120251735051 48.0056305726369 49.6263603369395 51.6507029533386 47.7064202229182 54.1260689496994 50.3241320451101 49.2579787969589 54.8231800397237 73.5160907109578 82.2009891271591 60.8117779095968 0 0 0 0 0 0 0 0 8.29168595373631 3.41667048633099 0 0 0 1.44169091557463 2.61653494089842 8.62656657894452
77.1192063887914 75.9118696053823 76.115146279335 58.6130519707998 55.3282598654429 60.9308580557505 73.2822318871816 75.9204725424449 78.8805882136027 73.1878827015559 54.057722290357 47.206441561381 48.0926285187403 48.2197354237239 51.5185097853343 46.5383927027384 41.7779485384623 47.5948750972748 60.2336227893829 66.4737870295842 64.4509593645732 55.7088355223338 53.7916918595632 54.5171201229095 56.014229853948 56.1181207497915 54.2955895264943 64.7885551055272 81.4621448516846 86.1881772677104 91.2770628929138 99.21528895696 110.181123018265 117.205003897349 70.5317755540212 1.35130931933721 0 0 0 0 0 11.6278765102228 11.4843597014745 0 0 0 0 0 1.12644373439252 2.39678254971902
80.1617155472438 68.8690443833669 69.5696671803792 61.779389778773 75.2802689870199 74.5331048965454 73.2328395048777 70.3823963801066 66.2071059147517 57.9244395097097 46.0479160149892 42.9261177778244 46.4244286219279 47.7871795495351 52.64513194561 56.2545955181122 49.442266424497 46.0923661788305 57.7627917130788 59.827779730161 57.3843022187551 51.5357156594594 51.2124001979828 58.1031888723373 60.9550873438517 57.4692338705063 58.7873756885529 65.6225184599559 88.9129340648651 102.412064870199 111.463199059169 116.852939128876 125.266253948212 127.793689568837 117.177029450734 42.6617215077082 0 0 0 0 0 2.41568777710199 6.99182351430257 0 0 0 0 0 0 0
81.0929238796234 63.3772909641266 63.8236900170644 67.4109856287638 75.6503095229467 72.6041545470556 59.6114695072174 46.0562855005264 35.349095861117 29.2254164814949 28.8245504101117 32.8906228144964 41.3200333714485 48.1960475444794 53.7090549866358 60.004452864329 56.2290946642558 43.4580147266388 48.3092119296392 51.1961778004964 51.2319753567378 51.3185610373815 51.200861732165 58.2863291104635 64.3341690301895 61.0371728738149 63.8040105501811 66.0899579524994 82.6005786657333 105.822920799255 121.218750874201 127.854029337565 130.565742651621 131.238838036855 138.809740543365 118.609358867009 36.4826445778211 0 0 0 0 0 0 0 0 0 0 0 0 0
79.5956601699193 80.5624475081762 101.508398850759 132.999291022619 108.104825019836 79.338937997818 51.90176765124 29.1520779331525 18.1365050375462 23.5735277334849 21.3935151696205 20.3287427624067 39.6747986475627 49.895703792572 58.9564641316732 63.7958943843842 62.5163614749908 49.9440481265386 49.509252111117 52.624170978864 50.7954607407252 54.5797049999237 56.2265465656916 58.74070028464 66.0050064325333 71.1025098959605 69.2161719004313 72.636142373085 85.2314432462056 110.593994458516 128.764053185781 132.975002129873 131.284862756729 140.137881040573 149.226238330205 153.972655534744 123.927195866903 62.7126793066661 7.47363207240899 0 0 0 0 0 0 0 0 0 0 0
92.3951268196106 125.934302806854 173.79899819692 194.944779078166 171.783904234568 119.678229093552 71.8940645456314 42.4665908018748 35.764142870903 40.7324681679408 32.63225654761 27.6975159843763 38.4121413032214 48.1691062450409 61.0752403736115 69.4313695033391 65.179189046224 58.4714710712433 52.1440009276072 54.7827531894048 54.2982170979182 58.083842198054 60.5954825878143 61.3947759071986 66.6099439064662 79.1777223348618 79.142302274704 85.6877664724986 95.7343280315399 113.493790229162 129.032423098882 136.910120646159 138.883888721466 146.31579319636 155.293275912603 152.389864126841 147.429366906484 124.627302090327 57.9069952170054 5.03629539161921 0 0 0 0 0 0 0 0 0 0
152.422567208608 188.084284464518 212.848444779714 213.815371195475 211.499313513438 184.690992037455 140.549083550771 101.902027924856 78.5659154256185 67.906046907107 63.188706835111 51.7525424559911 40.8660173416138 45.4391936461131 60.9932293494542 69.1184749205907 63.132718205452 65.1406645774841 54.6524574359258 52.8132269779841 56.0251623392105 58.1934998432795 59.0626249710719 60.1171453793844 64.8357570171356 78.4145692984263 85.27738849322 92.8494731585185 102.996399005254 112.045168876648 125.549415747325 137.00000445048 137.516756852468 134.353697299957 137.189656496048 131.656338771184 132.198671499888 119.390100240707 71.9708849986394 20.2473265429338 1.34624339019259 0.910003591949741 0 0 0 0 0 0 0 0
204.117953777313 220.628221829732 225.156664848328 222.677787144979 225.109199682871 221.094091733297 196.614146232605 152.990420659383 114.710787932078 92.8032696247101 95.4489409923553 84.9407215913137 57.8555762767792 52.3256113131841 61.3432675600052 65.0226175785065 58.7142407894135 59.8711470762889 53.6580582459768 54.3035517136256 52.1368036667506 54.2666167020798 54.0102223555247 54.668332139651 62.2664391994476 72.9341904322306 84.2764178911845 88.40012550354 98.8968014717102 111.284524202347 124.792198340098 126.940886179606 118.074287970861 106.885155042013 109.217782815297 94.2200521628062 95.2677925427755 79.7697603702545 44.0485229094823 11.3764529426893 11.0557079315186 7.81379515926043 1.94700450326006 0 0 0 0 0 0 0
219.13888057073 225.258628527323 224.626739819845 225.04727045695 226.070463657379 225.234270095825 215.37176767985 182.727138201396 136.146605014801 107.612599929174 107.419749101003 103.078921635946 86.0836307207743 66.6474749644597 61.1362953980764 63.939760128657 57.3513756195704 52.9280155897141 53.2677869002024 56.0262600580851 51.3579845428467 51.1271705230077 53.5474916299184 55.1158487796783 59.2595934867859 66.5556093056997 76.362818479538 77.4941196044286 87.7893169720968 104.72779472669 114.256531000137 114.603896935781 108.359475930532 100.98734498024 93.7149226665497 79.9662272135417 84.1100811958313 81.2078217665354 61.114157239596 26.1210699876149 21.3660274942716 23.5725070039431 0 0 0 0 0 0 0 0
212.771058082581 216.95484717687 212.441007296244 212.922990322113 213.499983151754 208.951552708944 202.527443567912 183.218657970428 143.804470698039 118.590384721756 112.375249465307 108.107616504033 100.848744312922 76.3923724492391 65.7266825437546 68.4480965137482 60.8482261498769 51.8029928207397 56.5526634454727 57.7903191248576 55.6485652923584 51.756297548612 55.9378961722056 60.2483799060186 58.8515152533849 64.0936990578969 69.0087080001831 70.6883023182551 77.9072443644206 97.5372393925985 106.758276621501 106.456696987152 110.530912876129 111.503849426905 92.6889876524607 86.4872336387634 90.9700393676758 98.3206232388814 93.2993292808533 53.0298352241516 18.5707385341326 1.3072721970578 0 0 0 0 0 0 0 0
188.42754761378 192.246317863464 194.694002469381 190.739274024963 189.374148845673 188.32782904307 192.924737930298 188.255210717519 155.641933282216 126.384605964025 115.821778774261 103.317469358444 92.8284625212352 73.7243890762329 62.9088481267293 68.6056067546209 70.4575777053833 57.9257259766261 59.9773824214935 63.0575368801753 62.4689956506093 58.823823928833 58.9445332686106 62.4446421861649 60.4871263106664 61.7855936288834 67.3545201619466 73.7998336553574 78.6637167135874 91.0164713859558 104.195247093836 107.582032680511 110.054840644201 114.947607119878 96.4779456456502 96.5524911880493 96.8830188115438 106.606781482697 105.958690245946 66.1745667457581 7.94979309042295 0 0 0 0 0 0 0 0 0
165.34482439359 174.521644910177 186.326225598653 182.338654994965 181.483825047811 187.145272890727 196.845213572184 198.142468929291 179.093877474467 139.916956424713 118.609716494878 94.0799514452616 79.0029466152191 67.4731483062108 58.1196844577789 62.0230336983999 74.3659983078639 66.7200982570648 63.3574326833089 66.3821597894033 66.8466637531916 62.7210636933645 59.8412404457728 62.7232144276301 63.152606288592 62.5723699728648 66.7837063471476 75.8631626764933 79.619695742925 84.4214260578156 96.8432227770488 108.744919300079 111.140271027883 105.932086706161 92.6905969778697 105.488916238149 108.357270558675 112.574597199758 113.67329955101 87.2298876444499 2.01194857557615 0 0 0 0 0 0 0 0 0
127.246568600337 139.284074306488 147.961219151815 153.228143850962 161.288718382517 177.695651849111 191.381573677063 200.150549411774 193.253457546234 160.299241542816 126.142183939616 94.1009124120076 76.2810558080673 72.6085801919301 64.2100920279821 57.9546193281809 68.7275230884552 69.3903615077337 63.8164381186167 63.4456425905228 64.2163455486298 61.2444033225377 57.9570929209391 60.1280132929484 63.7250343958537 67.6605006059011 67.3755506674449 72.8534758090973 77.9305199782054 79.1882971922557 88.1634056568146 103.707830111186 109.401047229767 93.2988822460175 96.3595509529114 116.082568963369 119.96720234553 117.214997609456 117.323686679204 113.212317228317 55.5810282627741 0 0 0 0 0 0 0 0 0
90.6855364640554 97.5878139336904 97.2202022870382 107.799798250198 124.772518873215 142.765204111735 157.607932885488 170.867602030436 172.778050104777 147.392670313517 111.075679461161 85.1995944976807 71.5997119744619 69.4437026977539 66.3455029328664 60.6246689955393 65.2452558279037 65.7784938812256 58.7913195292155 58.5502237081528 62.787930170695 66.0345057646434 64.8520290851593 60.5369557936986 60.6641471385956 63.1103763977687 68.8788741827011 72.1120536327362 76.9670108954112 76.7287164926529 79.52086130778 93.6237374941508 100.627402464549 96.2543586889903 118.724266688029 127.564410368601 124.381264050802 117.686251799266 123.120665550232 138.414204120636 126.147369543711 65.6588425238927 4.78595991929372 0 0 0 0 0 0 0
79.0240615606308 81.3252528508504 80.948660771052 83.2471748193105 92.4862821896871 99.2246170838674 103.089312712351 108.686149120331 109.337031841278 92.4673179785411 76.0607322057088 71.9808489084244 70.4069236914317 67.2045002381007 65.2748793363571 65.3890023628871 64.8209601640701 64.4426047801971 59.5477471748988 58.9271287123362 63.2322132587433 68.721945087115 70.1808532079061 65.8884545167287 63.6490533749262 62.0684127012889 71.4888423681259 73.75368475914 77.2117873032888 77.7195046345393 77.8201917807261 84.9964519341787 94.1343903541565 104.363073905309 123.130718866984 127.372006575267 116.39878153801 105.870475371679 109.6118191878 126.256724198659 140.162388483683 128.802359104156 79.0620098511378 13.3279375731945 0 0 0 0 0 0
87.5877241293589 85.1579507191976 85.1536889870961 84.7895840803782 81.2798192103704 79.0835718313853 77.7745346228282 78.7610461314519 83.8382442792257 75.5677868922551 67.4305359522502 68.6395168304443 71.8127489089966 72.5770940383275 70.9063708782196 68.5707082351049 63.1071627140045 70.1107184092204 70.9375292062759 66.1611109972 68.2728936274846 69.0192878246307 67.6427831252416 69.6190843979518 71.8296120564143 68.1126614411672 72.2799549500148 76.0761747757594 78.3390353123347 78.9560874303182 80.4510215918223 84.4512979189555 91.3315614064534 109.411348899206 118.50647131602 112.200419108073 101.930717627207 91.1924540996552 88.0435009797414 99.4172195593516 127.933541933695 137.342472871145 107.045332590739 48.6017713944117 2.68528517335653 0 0 0 0 0
92.2430455684662 89.1190667947133 92.1167532602946 90.7613436381022 83.7567349274953 80.4116229216258 77.8214633464813 74.6641556421916 75.0981668631236 71.3813453912735 69.4719006617864 69.4091469049454 73.1066465377808 76.7368773619334 76.2479702631633 73.5095192988714 70.1968024174372 75.693021217982 78.0848910411199 71.564793586731 68.8725411891937 66.6967481374741 63.3582025766373 65.1849309603373 69.5799738168716 67.6253487666448 64.6269619464874 69.513479868571 74.542115132014 76.4439801375071 77.7326573928197 78.7229637304942 89.4207457701365 110.57049036026 115.854928890864 100.601216157277 90.0238951047262 86.6872171560923 86.217204729716 95.8048204580943 102.659334739049 105.684240659078 92.8094685077667 57.4441055456797 7.46633547047774 0 0 0 0 0
75.884222984314 78.7303845087687 87.5246524810791 84.9716564019521 87.7376894156138 90.3576413790385 89.5970861117045 84.8282674948374 73.7444957097371 72.4744151035945 75.7804860671361 71.8076626459758 72.9050636291504 76.6595304012299 77.1505534648895 74.1562147935231 75.370579957962 77.3372799158096 78.6194304625193 73.4342435995738 67.7053431669871 63.9460136493047 61.7000659306844 61.3651772340139 64.0255709489187 68.7540769577026 63.0180537700653 66.5760636329651 70.7967529694239 73.0575074752172 71.3346302509308 69.8235283295314 80.8864285548528 96.0136651992798 102.681547403336 91.6491051514943 87.4422987302144 92.4776395161947 94.9513117472331 96.6853896776835 90.7209018866221 89.3577635288239 84.0489466985067 57.2277208169301 14.8291562994321 0 0 0 0 0
