input/barkrak2/radiation/dir08724.grid
NCOLS 85 
NROWS 70 
XLLCORNER 665100 
YLLCORNER 4664600 
CELLSIZE 20 
NODATA_value -9999 
[rows 20 to 39 of 70, columns 0 to 45 of 85]
81.5012554327647 69.1213309764862 75.0308185815811 96.2801277637482 90.3173883756002 79.3520857890447 73.3267317215602 86.4339371522268 99.3797381718953 107.156385978063 111.429035663605 110.943595568339 112.981150547663 115.631113449732 126.241823037465 142.69361893336 157.134979963303 166.938742001851 177.391449610392 193.250715732574 202.599167823792 188.719073931376 190.098683039347 190.280457337697 189.729511737823 188.632925351461 188.561797142029 190.26505947113 189.104676246643 185.830414295197 178.557515144348 179.080367088318 167.467792828878 175.12842019399 171.276907126109 178.403536478678 177.784522374471 179.46986357371 184.15911992391 189.643839995066 190.390090147654 190.994064013163 193.985442320506 186.656514803569 193.02761554718 197.79505332311
111.685385306676 99.8180309931437 94.2613482475281 119.683523972829 116.996834675471 80.0695965687434 83.6412211259206 95.7659482955933 104.978372653325 109.296858310699 109.065363804499 108.585963646571 108.586758375168 107.145289580027 115.81681172053 130.578279495239 148.26700091362 159.464816252391 170.86527744929 187.390009562174 195.353885491689 208.918631076813 211.267511049906 206.944743792216 198.927303155263 186.476250489553 175.96572637558 169.555385907491 176.048417886098 171.477198600769 151.223758856455 134.043425321579 105.21121819814 98.9865561326345 100.02205769221 127.2960404555 152.369101842244 170.878907044729 183.542887369792 184.921860694885 182.625611623128 180.818478266398 171.140193939209 154.190162817637 179.906169573466 193.25315952301
158.934384584427 156.024982531865 138.066053390503 140.512148539225 139.103809992472 102.351784706116 106.303324302038 106.595734755198 104.478498299917 103.5984257857 108.799407879512 113.877803087234 115.168005228043 117.851555347443 121.984442075094 129.080255826314 142.057687044144 155.544420083364 165.045579274495 168.255011240641 172.799666722616 189.0802582105 199.789702892303 201.22226079305 197.472214698792 188.265244166056 176.854650179545 165.179193019867 163.795967896779 146.4697321256 127.385348081589 82.0619910955429 56.2776625156403 34.5400099953016 35.162461300691 53.505872686704 90.4207030932109 115.189284086227 143.705189228058 159.166683753332 168.173789978027 171.622395515442 145.057837168376 119.86717581749 152.789215246836 188.271284103394
195.292890071869 187.467376391093 157.490859429042 147.201031446457 145.125418901443 138.694415489833 127.913733323415 109.431266784668 98.4516441822052 100.03599524498 113.150368134181 117.688208818436 125.376721223195 135.152757167816 131.842434406281 133.495589097341 142.661114533742 152.81410018603 161.403437455495 152.343481779099 151.968975861867 157.344321409861 171.093185742696 178.33278576533 182.782928148905 180.250366528829 168.478608131409 150.347868601481 141.142795483271 104.815105597178 73.8004346688588 62.3055199782054 31.3494180639585 4.39631131788095 0.57992214957873 9.34308394789696 37.1642758448919 64.3800397713979 74.7352292140325 90.1045103867849 99.4560122489929 90.7179613908132 103.830446799596 134.138474861781 147.20426996549 176.111916700999
191.631396611532 189.096530278524 173.518459002177 151.20134751002 135.918299357096 138.767431179682 128.647824128469 120.58812379837 111.223369836807 105.453540881475 109.152396519979 113.017479578654 123.250474532445 132.648448149363 132.575392723083 133.121222257614 139.477431774139 151.526023944219 160.403231779734 149.14525548617 150.077084700267 146.776517232259 156.688421964645 163.088182608287 163.498024145762 163.868476947149 153.384228547414 138.31173380216 122.507671515147 77.1753390630086 63.9076729615529 62.3052169879278 40.0529553492864 4.46193758398294 1.62566655005018 10.1312138140202 25.8897369106611 36.9255344072978 44.5280770460765 50.7246454556783 44.7869698206584 48.6336102088292 72.0218022664388 163.398583730062 168.185551961263 178.717990716298
178.129335244497 183.687269687653 182.533740997314 156.878372033437 136.461198329926 139.111886421839 142.026424407959 150.204102198283 148.064881563187 132.677972316742 121.042231718699 132.215648889542 134.261310100555 144.30637160937 144.428064425786 137.81933983167 139.629304409027 150.708645582199 157.246748606364 162.450840075811 163.433790206909 160.433769226074 155.362904071808 152.823587258657 152.648389339447 151.534269253413 140.808532635371 133.112301429113 109.454949696859 93.5388803482056 93.3166444301605 104.230244954427 98.3177224795024 38.6031816403071 16.9438285132249 27.8286387523015 28.6371037364006 38.5823373993238 40.794293085734 28.9895758032799 32.4330056707064 36.6924727956454 84.1763118902842 167.01861222585 186.708410580953 190.910935401917
177.716056505839 183.059314886729 184.604167938232 164.74312543869 153.666834036509 158.239781856537 169.291138648987 177.230000495911 182.595988114675 171.791911125183 147.886335849762 156.094362338384 153.607706228892 160.263538360596 157.420734564463 146.651009718577 142.982214689255 155.036240816116 162.61413693428 174.488405386607 178.597648938497 175.248483816783 164.37437136968 153.899133205414 153.778364260991 154.039164384206 145.166258017222 137.075553337733 125.242451826731 129.683872063955 146.20449145635 171.744843324025 180.745323499044 166.789670785268 95.0758755207062 47.3700861136119 45.0504124164581 46.5142627557119 45.7564840714137 29.7102282444636 56.6318978865941 89.3104374408722 133.260538180669 164.425979057948 178.586840629578 181.687970956167
180.594464143117 178.127328554789 179.678320884705 168.855528036753 185.121973355611 185.834924379985 193.037668863932 190.860688686371 188.945333162944 186.426381270091 165.123671293259 160.140832265218 159.797112147013 162.310421466827 164.176126321157 156.006077925364 150.606503089269 159.438560406367 171.570777893066 179.858684539795 177.229921023051 168.172756830851 164.251705010732 163.564622402191 163.928806781769 161.982983350754 155.896246433258 154.319336016973 160.697430372238 170.631368954976 188.809355099996 201.284329096476 209.440986315409 221.359292666117 194.645206133525 97.8289246559143 61.6790254910787 52.5306562582652 44.6997980276744 38.9441251754761 77.6690244674683 162.16637690862 156.069417794546 129.965504010518 142.378936211268 142.305900653203
175.550878047943 164.86586133639 171.607732772827 174.267033735911 208.240727583567 197.671016057332 192.157626152039 169.572651386261 166.150569915771 166.816234588623 156.895160675049 149.37702814738 155.218303203583 159.750829140345 164.170791705449 168.320695559184 163.283695777257 160.149395465851 171.239018440247 173.053840796153 169.71488793691 162.6296043396 162.139515082041 167.965849240621 168.872654438019 163.883586724599 165.594041347504 163.14301888148 169.752796490987 187.642296155294 207.112749417623 220.38471698761 226.319213708242 227.486689885457 229.133685429891 170.58269182841 65.832644701004 36.9999359051386 23.0916365981102 34.4917774200439 93.5624639193217 149.364570776621 131.697118282318 99.7845431168874 102.60130961736 101.805031299591
175.417006015778 158.680409193039 165.334035952886 183.407584826152 208.387156327566 195.71981827418 172.240138053894 147.896111011505 135.261992613475 125.055442253749 127.578715483348 128.876755634944 142.915358146032 160.403311252594 169.360518455505 175.209581851959 172.16694355011 157.367785771688 161.774714787801 164.130508899689 164.0877922376 164.536029100418 164.859036604563 171.902298927307 175.357619921366 169.290860493978 172.510027885437 168.33492120107 168.67470741272 194.212834040324 217.778027057648 233.010689417521 231.735070546468 230.255166689555 241.358558336894 234.202265739441 158.146321773529 68.1994209686915 49.9730010827382 55.1250874996185 85.2037469546 96.8596339225769 106.342842181524 75.733095407486 70.8351532618205 78.4112364053726
171.885669231415 179.065426190694 207.849542299906 251.496513684591 238.549510637919 199.053724606832 158.363709847132 126.598646243413 114.120304584503 116.719841957092 114.84882235527 109.700828790665 131.221284468969 161.548346281052 173.011918862661 180.573066075643 179.823199907939 166.708668073018 165.375312169393 167.940477530162 165.67274928093 170.554121335348 171.989063421885 174.803455670675 178.651014963786 182.489891846975 182.258248329163 179.370721181234 182.308733463287 203.743497530619 227.265357971191 238.190054893494 234.13340250651 240.702112515767 252.026637395223 256.760557492574 243.330220381419 201.670666535695 118.682523568471 76.5691498915354 65.9378866354624 65.7390952110291 83.5391481717428 73.1412321329117 67.0089622338613 85.6355428695679
192.147235075633 228.655219078064 271.667321523031 293.184002240499 291.802446047465 242.934664090474 191.063642501831 148.955216010412 136.615415414174 144.133120775223 130.64898053805 118.096093336741 130.232016245524 161.382248004278 177.773793538411 185.647229353587 183.223327000936 177.99965540568 170.881708463033 171.81263367335 173.031489054362 177.452246348063 180.325229962667 179.844200611115 184.27570660909 194.393912951152 194.419821103414 197.413523991903 201.08038187027 213.595827420553 230.480035146077 240.014751752218 242.921888828278 250.939269860586 256.694157918294 253.039360046387 250.531057516734 255.592922369639 200.490951538086 113.448480765025 71.0737556219101 66.8921321630478 74.0307668844859 76.8291552861532 88.9329314231873 116.318265597026
250.47755241394 281.734724839528 296.353717645009 294.828454653422 306.527515252431 295.116047064463 258.89798005422 217.341661453247 188.203473885854 177.426596482595 172.716557979584 155.691653490067 143.104602893194 156.192511320114 180.051883061727 185.767332712809 180.995106697083 185.164789358775 170.752247174581 168.80335410436 175.152719020844 175.446351369222 177.83921957016 179.153919219971 183.326045672099 197.679996490479 205.286145210266 211.947898070017 212.533672650655 218.219041824341 232.180555661519 242.879033088684 242.84972747167 241.026759147644 243.180930614471 232.441365718842 233.512143294017 232.160309950511 194.251875082652 139.614075422287 99.2013116677602 86.5334669748942 79.944650332133 81.4138650894165 90.5992984771729 117.389778296153
283.432165781657 298.978368441264 297.040144602458 287.925779819489 296.675165494283 303.459922472636 293.59891017278 258.471250534058 223.749379316966 206.090013186137 205.720682938894 194.027721881866 168.725450833639 165.142903725306 170.865178108215 175.459861755371 172.133644421895 171.538710594177 166.318635145823 169.345776240031 167.391856511434 168.963332970937 170.031448205312 170.139690240224 179.087181886037 191.268384456635 205.039381980896 209.194719791412 213.269452253977 221.858302752177 234.314501285553 235.936860243479 223.096748193105 213.153978188833 216.388980547587 196.762681007385 188.541928927104 176.019708315531 149.532556533813 121.710618336995 127.30947136879 117.542455593745 99.0261932214101 84.2352211475372 82.7635625998179 92.6840504010518
294.715782006582 298.392653465271 300.909777482351 293.69588692983 292.948722839355 297.228376070658 302.241365114848 286.112268765767 247.426668802897 219.241738319397 214.633663495382 211.909572283427 193.563481171926 173.150698343913 168.843567371368 174.07484849294 167.884190877279 165.956526994705 165.813018878301 171.211123466492 165.610571702321 164.432654778163 167.424619197845 168.597420056661 173.281153043111 182.517826557159 193.26396783193 194.50177748998 202.363908290863 220.436334609985 229.349792003632 222.277025381724 209.779938062032 206.240793069204 198.476394017537 180.410583813985 184.199770291646 181.806405385335 167.032738526662 146.812309821447 149.26756421725 155.92564145724 135.224978129069 115.256090958913 92.9304560025533 82.3714335759481
299.983064333598 301.660060882568 302.721560001373 302.230139573415 295.691072940826 294.65119043986 299.549798170726 294.80775197347 259.645561377207 229.542255401611 215.320388476054 202.179451783498 201.883415381114 182.89840221405 174.090842405955 180.267930030823 173.866053422292 165.608584880829 170.15407482783 171.14794254303 170.047402381897 165.398091077805 168.932656447093 175.121267636617 173.124651114146 179.016868273417 185.217499732971 186.198353767395 192.864179611206 212.748924891154 220.919589201609 216.434299945831 212.372243404388 213.365693887075 194.413979848226 187.086741129557 192.892034848531 198.964397112528 199.510991573334 180.156846841176 140.812983115514 142.689575751623 128.235101699829 108.540246884028 91.9292767842611 73.5435088475545
288.80367676417 290.572166442871 292.643189430237 290.294865767161 288.654168446859 285.313347975413 292.001207669576 297.037323315938 265.408317248027 219.602942466736 204.324285189311 199.928482373556 199.716548124949 182.576715946198 173.622608184814 181.429823239644 184.673547744751 171.012759208679 175.098399321238 178.196549415588 178.734799226125 172.677397727966 174.592355887095 178.194165229797 175.332585970561 177.187740802765 183.703303337097 190.333048502604 195.361653963725 207.963109016418 218.643526236216 218.472838401794 213.77702554067 215.003848075867 195.574561754862 197.879672050476 200.689375400543 207.369764645894 208.224018414815 184.567848841349 116.391837596893 88.9425575733185 77.3959706226985 64.8628125588099 62.8837049007416 60.0010454654694
274.143179257711 280.644039312998 287.468651930491 284.637669722239 283.056378364563 286.094784736633 291.780670483907 294.643759727478 273.358921209971 231.037437915802 209.803501764933 197.372714678446 189.867496490479 180.55389324824 172.084887822469 177.684088548025 189.347326755524 180.62965075175 176.169455051422 180.904507637024 180.97198009491 177.495996157328 174.062331517537 176.023999849955 178.857882817586 177.798231442769 182.667354742686 192.083398501078 195.63901424408 201.833387215932 214.007337888082 220.066746075948 217.33965476354 196.455200513204 189.372837543488 207.167983055115 214.633146921794 217.239956061045 209.694822629293 195.951859156291 110.850234826406 57.9990198214849 28.0242934823036 24.2864762743314 27.9085884491603 39.9398853381475
243.626892566681 253.292918205261 260.834713776906 265.04522562027 269.994775454203 280.339121818542 288.18553686142 291.650871435801 282.193779945374 248.188078403473 223.639885584513 202.128966649373 189.534564812978 186.523636182149 178.624629974365 171.627779801687 184.346954027812 185.333430767059 176.960666974386 178.113341331482 178.499023119609 176.415542761485 172.160188357035 173.313856124878 178.404847780863 182.519872983297 181.832651297251 188.961128393809 193.978587786357 196.470538775126 205.072224140167 218.515038490295 213.260849316915 185.238142808278 194.889863332113 222.862780094147 228.046854337056 222.523013750712 213.472326596578 211.763163407644 171.78601026535 81.6533813873927 39.6396517753601 30.0622830788294 32.060481607914 28.8283824920654
209.912280241648 216.83943271637 216.536124547323 225.603302319845 240.82084496816 256.051659584045 266.043265660604 274.35439825058 271.509687105815 248.793403307597 223.294576009115 200.533847014109 188.014229138692 185.016095638275 181.71489238739 174.199799696604 178.894182046254 180.876751740774 172.137061754862 173.12616109848 176.393608252207 179.065148035685 178.679267565409 173.338452974955 173.73522122701 177.594423294067 183.549225330353 188.266317049662 193.058411280314 192.365149656932 196.348965167999 207.216481367747 195.261895656586 192.41738319397 219.993094603221 236.271739006042 232.063035170237 224.664370218913 220.988074938456 230.04138469696 240.543107191722 199.121018250783 111.050307750702 65.0873283545176 45.3462302684784 29.6593507130941
