input/barkrak2/radiation/dir05824.grid
NCOLS 85 
NROWS 70 
XLLCORNER 665100 
YLLCORNER 4664600 
CELLSIZE 20 
NODATA_value -9999 
[rows 0 to 20 of 70, columns 0 to 47 of 85]
158.140361309051997 174.425760904948 190.778275330861 212.38499879837 223.288695017497 225.032051404317 221.859892209371 217.49206384023 217.395007610321 220.969756444295 220.786611239115 219.472567240397 216.289560000102 217.096269130707 218.344728151957 208.158771197001 195.026437441508 183.131456375122 180.638194084167 171.700894832611 171.101927757263 188.569267590841 215.706547101339 223.236838976542 226.138393084208 238.395889600118 237.265110015869 221.543431282043 208.193222681681 207.454681396484 202.950278917948 225.294629732768 271.130919456482 269.841392834981 268.993059794108 254.214803377787 258.27701886495 272.125621636709 269.171078999837 269.650816917419 258.183439572652 263.296365737915 271.484633286794 266.492962837219 256.351669629415 259.402235349019 264.7625207901 236.311972141266
135.277618964513 153.452773888906 168.285667896271 189.045548439026 204.653700192769 212.100724379222 215.368469556173 219.465812047323 226.583282152812 226.673404375712 224.516650040944 220.787326494853 218.422710895538 219.102362791697 219.029426574707 206.881662209829 198.228021462758 188.703119754791 186.26735607783 177.206774552663 185.012837251027 209.587534268697 232.105573018392 234.637538592021 238.350768884023 244.8943456014 239.459792772929 226.030886173248 213.130513827006 209.485729535421 210.287610689799 239.873290061951 272.40111430486 270.742038885752 266.480565071106 256.681342919668 262.035230795542 272.82186349233 268.056929111481 267.994562784831 262.4485095342 262.204607327779 259.275456269582 252.510011196136 248.66125981013 256.479203701019 254.648168881734 219.793796539307
97.6801713307699 107.916971047719 122.013996044795 135.854214429855 150.910516579946 162.782559792201 176.062305768331 195.625424385071 210.252662499746 213.005880514781 215.244054794312 219.736059506734 225.354075431824 229.453901449839 229.97905810674 232.03033208847 230.443477630615 219.326814015706 201.977213223775 192.570110162099 203.515648841858 221.538662910461 233.039756615957 236.096799373627 240.839282671611 240.646143754323 234.816471735636 225.745737552643 217.805445194244 218.462367852529 228.432893753052 255.745728810628 271.024545033773 269.953628381093 265.380362669627 261.570890744527 268.219888210297 273.164331912994 269.406914710999 266.489148139954 259.673535823822 249.203284581502 235.098540782928 230.889022350311 240.478316942851 254.004498322805 242.616375287374 209.528724352519
79.3335934480031 78.248326977094 85.9649280707041 92.9405093193054 101.56661272049 109.14820432663 118.807504574458 137.088110049566 159.199506044388 179.028232892354 196.781913439433 214.444776376088 226.130346457163 230.323036511739 233.993093172709 242.164194583893 239.259759585063 227.917889753977 209.62397257487 202.755769093831 203.108906745911 203.5244901975 216.729640960693 227.277914683024 228.360871473948 229.402105013529 229.789535204569 226.892908414205 226.155400276184 230.050603548686 235.061407089233 260.508795579274 268.706858158112 268.269757429759 264.541268348694 265.591303507487 268.013377984365 268.700857957204 262.828131516774 253.214200337728 245.27237812678 232.628722985586 228.270510832469 242.144823074341 257.287840048472 251.342515150706 231.111884117126 205.517848332723
100.861112276713 83.5418105125427 71.2080945571264 61.6535594065984 62.5659724076589 79.9651692310969 105.218946933746 117.133726676305 128.124137719472 136.819541454315 161.935279766719 188.466727733612 204.842329025269 213.3616010348 220.746795336405 225.597103436788 222.183585166931 214.613338311513 208.050270875295 203.332245349884 198.446492354075 196.1590051651 207.140326499939 216.054081916809 220.429142316182 228.870034217834 230.162600676219 228.829522927602 228.109955787659 227.260212103526 234.955986340841 263.906280199687 264.321744441986 265.19387960434 262.609223524729 261.672973632812 260.782778263092 257.507582505544 247.952799002329 239.376425743103 237.972378730774 235.775272051493 241.777718067169 252.613464991252 254.571914672852 231.839875380198 203.564544518789 195.057531197866
146.832883358002 116.467624902725 88.3240401744843 65.2033438285192 56.7393004894257 66.5261646111806 90.9700592358907 113.276282946269 118.671357631683 117.51530567805 127.873082955678 143.277784188588 154.353727897008 161.833733320236 171.592136224111 182.210683822632 187.081178029378 194.74720954895 202.630480130514 207.109252611796 209.395527839661 210.650463898977 209.599256515503 211.761732896169 217.315395673116 223.608295122782 226.489504178365 229.434788227081 231.188615163167 232.663989067078 247.40461508433 263.907194137573 260.700424512227 258.751273155212 257.045209407806 255.347927411397 254.188239574432 249.867081642151 239.643156528473 239.992360273997 239.546358585358 237.18782265981 239.723642667135 243.365943431854 233.302493890127 201.952974001567 174.487908681234 183.523277441661
174.592355887095 146.084805329641 123.317062854767 100.52028298378 78.7802636623383 66.1589403947194 71.2471902370453 101.578901211421 119.800468285878 128.415952126185 125.103106101354 120.09675304095 115.82550406456 110.626220703125 112.631231546402 129.644612471263 144.902884960175 168.519119421641 191.070040067037 205.430547396342 213.296075661977 217.297673225403 214.430689811707 210.71990331014 213.988403479258 216.246922810872 220.581710338593 224.925915400187 228.376527627309 236.394961675008 250.780940055847 258.327762285868 251.927812894185 247.161467870077 245.547811190287 243.374605973562 242.854555447896 237.707595030467 232.301751772563 227.46487458547 221.056481202443 219.991743564606 226.920962333679 235.086003939311 226.351857185364 215.644081433614 227.567414442698 237.822016080221
185.223678747813 176.29873752594 160.844107468923 141.920198996862 115.861435731252 83.616981903712 62.3635450998942 59.9216322104136 91.9910868008931 124.947081009547 134.044756491979 130.656898021698 121.90302213033 110.20698149999 95.7452853520711 99.1556445757548 113.124966621399 131.728420654933 158.520410458247 180.315176645915 196.110765139262 208.616932233175 215.229550997416 211.575011412303 209.861159324646 209.32012796402 209.652483463287 212.797045707703 217.520912488302 227.499763170878 238.286693890889 242.979486783346 238.032420476278 232.088128725688 226.609369119008 225.257595380147 230.501294136047 227.218151092529 221.086283524831 203.262945016225 200.95298687617 210.61631043752 228.635966777802 241.136193275452 239.968578020732 241.48158232371 249.858419100444 253.042817115784
146.985689798991 163.541287183762 159.607360760371 164.957414070765 148.639331261317 121.919055779775 88.7523690859477 59.1999292373657 71.5955644845963 93.6461985111237 118.091930945714 131.580591201782 135.058561960856 132.343928019206 116.623044013977 106.628398100535 103.939731915792 108.836948871613 123.779058456421 141.971349716187 161.204546689987 179.674843947093 193.68972380956 192.414820194244 194.217920303345 192.428191502889 192.763288815816 195.600907007853 200.103183587392 210.459351539612 216.534336407979 217.140078544617 213.541666666667 212.307572364807 215.579668680827 218.645612398783 220.31577428182 220.432360967 215.774397055308 208.181440830231 218.833168347677 232.38863547643 242.20339457194 244.628508885702 237.995564937592 233.220835526784 236.290355523427 246.807932853699
102.767447630564 116.498907407125 126.17152929306 129.978070656459 141.339639822642 137.42404182752 131.852904955546 108.418156703313 76.4677921930949 66.7008062203725 74.6638476848602 107.140978177389 131.711145242055 141.96456472079 146.142989397049 134.796967109044 118.588288625081 113.02783091863 111.662447452545 113.374362389247 123.484532038371 135.334859291712 148.264865080516 158.809820810954 169.505894184113 170.912464459737 171.144843101501 173.420051733653 176.88657840093 184.87153450648 187.072376410166 188.220818837484 194.616158803304 198.780417442322 203.959345817566 206.64922396342 205.771883328756 213.436702887217 214.136004447937 222.37104177475 238.596161206563 246.599316596985 248.895605405172 244.834721088409 236.619373162587 232.880393664042 243.447959423065 252.613345781962
56.9346994161606 60.518537958463 67.4777825673421 86.1316819985708 100.150326887767 113.809168338776 125.778744618098 120.306005080541 93.5549934705098 70.6947644551595 53.4010877211889 57.8446338574092 78.3129930496216 102.262248595556 121.255387862523 117.111285527547 115.537196397781 108.866433302561 101.587305466334 98.8798240820567 99.8184581597646 101.076314846675 105.467696984609 123.731036980947 139.613250891368 151.521235704422 152.850925922394 154.853532711665 161.881029605865 167.219618956248 170.614997545878 175.108432769775 184.591193993886 188.716431458791 190.028210481008 192.482590675354 198.172926902771 203.897953033447 212.229748566945 232.116421063741 243.566393852234 246.35370572408 245.441198348999 242.409447828929 239.026188850403 241.305430730184 249.431093533834 251.700282096863
31.6009769837062 29.0334473053614 31.2445486585299 33.2274412115415 43.3533142010371 57.3705931504567 69.5868581533432 81.2952021757762 85.3487054506938 75.9517649809519 60.3885004917781 48.4261711438497 51.8025656541189 70.4709589481354 90.2917981147766 100.008438030879 107.040603955587 108.499815066655 101.44188006719 90.9245709578196 87.0689849058787 89.1933043797811 90.4087920983632 99.4634429613749 111.076205968857 120.262165864309 125.096499919891 130.592117706935 140.619575977325 146.1188296477 151.301761468252 157.287359237671 162.682245175044 166.961054007212 169.113914171855 173.807005087535 185.835738976796 198.125958442688 205.772399902344 221.680740515391 228.952924410502 232.194383939107 231.629451115926 227.364420890808 226.285815238953 225.831925868988 232.281823952993 240.384101867676
24.2967506249746 17.6836413641771 13.5133489966393 6.40529890855153 4.2037150512139 3.59240143249432 21.7730924487114 41.0617912809054 63.4190638860067 72.2275823354721 76.8336951732635 62.1884216864904 46.7989941438039 48.4663943449656 63.9672577381134 85.5114062627157 101.62893931071 107.056061426799 106.403430302938 100.472966829936 92.1781261761983 95.1725343863169 96.6058373451233 100.17121831576 103.607058525085 105.853855609894 111.976603666941 121.913691361745 126.07541680336 129.140585660934 134.532153606415 139.655967553457 141.163329283396 142.760197321574 148.154924313227 154.966006676356 167.247454325358 181.653181711833 186.571458975474 198.23682308197 206.553419431051 208.271404107412 207.573215166728 210.146546363831 210.919340451558 212.843000888824 216.35494629542 222.393155097961
25.3394668300947 8.12418820957343 1.85965343068043 0.00886637038396051 0 0 0 12.4676699439685 35.4712655146917 56.9571256637573 70.5861151218414 76.2786865234375 72.7065950632095 63.4153584639231 60.9861612319946 79.3497810761134 93.4987266858419 107.879112164179 117.160350084305 114.301751057307 106.7742506663 105.577309926351 102.621416250865 105.554620424906 109.280357758204 112.13747660319 116.476426521937 126.325984795888 128.101666768392 122.65752752622 126.153568426768 132.181664307912 133.694221576055 134.332080682119 138.32014799118 146.51761452357 151.447772979736 158.701638380686 165.640930334727 169.222136338552 175.892392794291 183.097024758657 190.865774949392 199.1774837176 197.108070055644 204.10947004954 206.16736014684 205.155829588572
34.094492594401 12.4842946728071 0.670915702357888 0 0 0 0 3.47268239905437 16.6207725803057 35.0489939252535 63.1442467371623 89.4994934399923 95.1467355092366 91.1824107170105 79.0327936410904 76.1208534240723 80.9933344523112 94.6832497914632 111.766735712687 122.888624668121 122.756361961365 118.206163247426 114.863564570745 114.029695590337 111.289918422699 114.215205113093 121.572951475779 125.383416811625 124.448756376902 119.763364394506 123.014052708944 128.760000069936 129.060884316762 128.00262371699 131.934682528178 136.298497517904 137.170821428299 136.674503485362 142.329792181651 144.203136364619 151.686171690623 160.39369503657 167.184154192607 173.920353253682 178.362250328064 184.566617012024 194.875379403432 201.230486234029
29.9515003959338 15.6595185399055 1.07740339202185 0 0 0 1.79690929750601 5.34398046632608 16.2013048926989 28.6049619317055 54.5935978492101 85.0801169872284 98.0524818102519 101.536154747009 97.1778829892476 78.2200495402018 72.7596034606298 77.6263326406479 93.2110249996185 116.298139095306 129.902829726537 124.852289756139 129.21197215716 122.01131383578 118.591616551081 118.426481882731 121.434529622396 118.985205888748 121.919850508372 128.336836894353 128.502190113068 127.853701512019 125.564634799957 122.895548741023 123.92657995224 123.26858441035 121.436188618342 116.372287273407 121.113032102585 123.918503522873 127.495626608531 133.345901966095 138.495733340581 142.297377189 157.423893610636 165.51015774409 179.956138134003 191.631515820821
25.7791504263878 18.9011891682943 2.75159223626057 0 0 0 3.1814289589723 10.2782460550467 19.3778735895952 25.4675820469856 40.4987409710884 68.2158966859182 90.7147526741028 97.8647470474243 108.363737662633 99.2314716180166 96.1105823516846 89.0508890151978 84.1981470584869 93.3933059374491 116.357306639353 129.690756400426 134.535630544027 130.712668100993 124.397079149882 125.165015459061 127.284785111745 123.106837272644 128.256539503733 132.76861111323 135.251571734746 130.378743012746 123.785595099131 119.227210680644 114.426414171855 113.974938790003 108.816097180049 106.810986995697 108.369290828705 111.875414848328 113.760421673457 116.881509621938 120.805293321609 124.081790447235 143.988321224848 154.785335063934 165.824552377065 173.718730608622
21.7472861210505 21.3273018598557 10.5644340316455 0 0 1.53447159876426 6.50721229612827 17.5606186191241 26.2974947690964 32.4386258920034 38.5165015856425 53.6922415097555 73.8392571608226 91.8669899304708 107.907086610794 118.911842505137 117.165247599284 108.123471339544 94.4798191388448 84.267795085907 93.3145383993785 120.611697435379 126.503348350525 131.470342477163 131.029178698858 136.839946111043 135.574281215668 133.668184280396 130.69752852122 130.922208229701 129.825741052628 120.563447475433 112.35115925471 119.642198085785 112.880408763885 110.506008068721 106.390595436096 106.124838193258 106.745630502701 108.671446641286 110.656003157298 112.628976504008 113.333602746328 115.400642156601 128.70400150617 144.250760475794 153.453936179479 155.46973546346
23.1373235583305 26.4442165692647 25.7907758156459 1.82495731860399 0.255057316583892 9.70617433389028 12.4296806752682 26.3493806123734 35.9732235471408 48.7947662671407 55.467168490092 57.6835423707962 66.911776860555 76.5186051527659 96.3413218657176 112.537741661072 116.659651199977 119.560927152634 117.978980143865 103.570799032847 88.7144406636556 101.302395264308 110.517342885335 124.103297789892 133.250912030538 137.167245149612 136.994202931722 140.144636233648 130.894502003988 131.35818640391 118.400990962982 113.410492738088 109.955926736196 100.18785794576 101.183255513509 106.789271036784 110.109955072403 106.358299652735 105.671306451162 108.97966225942 112.51300573349 114.959259827932 114.608625570933 114.862938721975 117.065856854121 131.06765349706 137.80469695727 137.157142162323
24.2879341046015 25.3830403089523 29.3234835068385 20.8085315922896 8.96198923389117 17.1574130654335 14.7615994016329 18.0859342217445 35.4680543144544 48.8171478112539 56.9058607021968 54.3068548043569 55.2995800971985 62.9187772671382 78.2138605912526 94.9900547663371 105.461577574412 112.480700016022 117.409080266953 119.230588277181 111.357510089874 99.136620759964 103.409896294276 114.217420419057 124.263306458791 131.303171316783 132.970154285431 132.904390494029 134.127795696259 125.548899173737 112.053136030833 109.741310278575 93.5893654823303 84.2529733975728 86.1058433850606 86.7680509885152 82.8381379445394 83.3023389180501 81.5505435069402 96.4301923910777 106.973389784495 108.939498662949 112.462510665258 111.36598388354 106.764813264211 119.219650824865 120.246976613998 124.590635299683
29.3254827459653 21.6080794731776 18.3699131011963 30.971497297287 24.0068584680557 21.3227694233259 15.0272250175476 18.9046027759711 31.2894930442174 39.7005354364713 46.3192959626516 46.8916942675908 47.5941002368927 50.9097178777059 60.9447260697683 75.6994585196177 88.5154008865356 96.1685876051585 107.154071331024 122.7934161822 127.770255009333 119.349350531896 118.657688299815 122.556428114573 122.709661722183 123.782793680827 123.54964017868 130.358388026555 123.414814472198 109.719137350718 108.894993861516 89.7120237350464 70.6302473942439 55.3862353165944 46.1411774158478 53.8489172856013 46.9143887360891 62.8725787003835 69.7445223728816 73.1051514546077 76.6332149505615 85.7479969660441 94.1074093182882 93.6841368675232 98.7286070982615 104.027767976125 108.002603054047 113.950977722804
