input/barkrak2/radiation/dir08824.grid
NCOLS 85 
NROWS 70 
XLLCORNER 665100 
YLLCORNER 4664600 
CELLSIZE 20 
NODATA_value -9999 
[rows 0 to 19 of 70, columns 0 to 45 of 85]
237.676163514454998 251.922885576884 265.366276105245 281.790534655253 288.929621378581 288.325428962708 279.525637626648 273.607194423676 276.321609814962 276.774764060974 276.635845502218 279.012084007263 279.020567735036 279.611905415853 281.83126449585 275.37469069163 264.675358931224 254.967451095581 248.888393243154 237.665812174479 230.926195780436 242.164969444275 267.847061157227 274.391710758209 276.686131954193 285.107771555583 281.815409660339 269.578834374746 253.888487815857 250.664631525675 247.042457262675 264.471431573232 303.230663140615 301.652908325195 302.18114455541 285.192489624023 292.931179205577 306.519389152527 300.72009563446 304.537932078044 286.067108313243 288.059969743093 297.746817270915 301.621119181315 295.548597971598 296.408613522847
217.022021611532 232.901275157928 247.479061285655 265.005588531494 276.472568511963 279.56889073054 275.095899899801 273.823857307434 283.209005991618 282.057881355286 277.489940325419 278.495887915293 279.882232348124 281.079411506653 280.86523214976 274.367928504944 270.267387231191 262.771129608154 257.627228895823 244.818071524302 245.123744010925 260.374188423157 279.305239518483 281.655053297679 286.243319511414 289.459387461344 284.088730812073 271.852016448975 258.603513240814 252.286533514659 253.131926059723 277.76825428009 303.24383576711 301.802734533946 301.689048608144 287.136713663737 294.418493906657 303.722282250722 298.939108848572 303.406178951263 297.161380449931 289.772828420003 292.281746864319 294.635673364003 293.59636704127 297.576308250427
180.098076661428 193.303684393565 204.890429973602 217.772404352824 231.465856234233 241.483449935913 250.541567802429 262.92085647583 273.445069789886 272.867480913798 270.326197147369 275.051494439443 284.392952919006 288.463056087494 285.622000694275 290.652652581533 292.778968811035 285.763005415599 271.234631538391 261.021355787913 266.331434249878 274.58534638087 280.689299106598 282.637973626455 288.384338219961 287.305613358815 279.10719315211 270.950535933177 262.327631314596 258.715033531189 264.646430810293 290.387670199076 299.798806508382 301.742275555929 301.073968410492 294.217785199483 296.03366057078 297.767281532288 300.92598994573 301.627516746521 296.712716420492 284.418006738027 277.018189430237 281.105399131775 291.42020146052 297.528167565664
160.850872596105 162.523210048676 170.880436897278 177.166700363159 184.476256370544 190.085927645365 197.743773460388 213.89897664388 234.174033006032 250.577747821808 262.238323688507 276.261071364085 287.576635678609 291.136264801025 292.616168657939 296.670476595561 295.330961545308 287.036995093028 274.311542510986 268.800417582194 267.612139383952 266.248861948649 276.042898495992 279.321730136871 280.818045139313 282.116254170736 278.465231259664 272.917966047923 270.093182722727 269.879718621572 270.156065622966 294.669727484385 298.598070939382 300.103942553202 299.000481764476 300.424098968506 300.636986891429 299.504001935323 301.221330960592 296.519120534261 286.393443743388 275.438090165456 271.281917889913 285.216271877289 301.749606927236 296.674927075704
183.347245057424 166.443129380544 153.355936209361 143.425047397614 146.935164928436 163.818995157878 185.477693875631 196.678757667542 207.412997881571 215.296149253845 236.858526865641 259.750664234161 273.925085862478 280.962109565735 285.9921058019 288.840194543203 283.767342567444 273.929556210836 270.09783188502 268.737057844798 263.921976089478 262.442231178284 273.006538550059 275.980909665426 278.385758399963 283.448159694672 280.853807926178 275.006254514058 272.429744402568 270.423471927643 274.769504865011 300.341228644053 299.40265417099 300.56365331014 296.43444220225 297.628144423167 300.691246986389 301.037987073263 294.027209281921 289.13027048111 285.813927650452 280.182321866353 282.374123732249 290.875534216563 294.22003030777 284.105559190114
227.660775184631 199.232578277588 170.754512151082 146.714826424917 137.156109015147 148.925969998042 175.253729025523 193.208773930868 197.687288125356 197.413245836894 208.302279313405 222.290694713593 232.617100079854 239.6040558815 248.559812704722 256.501237551371 257.477223873138 258.934160073598 265.628655751546 271.063605944316 271.18053038915 274.247447649638 276.749352614085 275.798102219899 279.112339019775 284.144560496012 282.666305700938 279.072721799215 275.158981482188 274.137814839681 287.918666998545 301.27626657486 301.095366477966 302.288115024567 296.542286872864 294.145862261454 296.823342641195 295.269846916199 287.394205729167 288.794577121735 287.740806738536 283.622006575267 284.848630428314 285.667856534322 278.383990128835 258.041679859161
250.891168912252 225.837965806325 204.460422197978 182.538708051046 160.95103820165 147.252132495244 155.331869920095 185.402870178223 199.796617031097 208.349029223124 204.763333002726 199.440677960714 195.060729980469 190.891067186991 193.253934383392 209.491650263468 222.539107004801 242.145816485087 260.720789432526 272.734542687734 276.62980556488 278.276960055033 279.090881347656 277.157823244731 278.846681118011 281.337896982829 282.754302024841 281.653682390849 278.445521990458 282.334049542745 293.702602386475 301.205376784007 301.631073156993 298.560837904612 295.911371707916 289.618273576101 289.868156115214 285.479764143626 283.584872881571 282.298624515533 277.114073435466 274.093250433604 278.60015630722 282.192269961039 270.380238691966 260.547121365865
261.249860127767 250.406662623088 238.073130448659 221.494674682617 197.416921456655 165.336926778158 143.705864747365 143.642028172811 178.986767927806 205.729007720947 213.634292284648 209.635178248088 200.393458207448 189.979751904806 176.471034685771 180.13193209966 193.476597468058 210.904598236084 235.154350598653 255.290031433105 267.053345839183 273.867805798848 280.187288920085 277.636726697286 276.196698347727 275.993128617605 276.805142561595 277.199526627858 276.213804880778 284.178952376048 292.947351932526 296.647191047668 294.227341810862 290.704727172852 285.685261090596 282.454609870911 284.091254075368 278.753757476807 270.851671695709 261.361082394918 262.576063474019 271.781325340271 286.029696464539 293.126145998637 281.571805477142 278.003851572673
253.025273482005 253.384192784627 248.70510896047 240.225513776143 225.471556186676 201.613326867421 169.775446256002 140.240401029587 154.768089453379 177.621086438497 198.964556058248 209.77928241094 212.121188640594 209.230780601501 196.25985622406 188.072244326274 185.292144616445 190.136710802714 204.625507195791 223.050494988759 239.991148312887 254.298786322276 264.12171125412 261.66832447052 263.411303361257 263.734300931295 264.597912629445 265.700101852417 267.227212587992 276.277283827464 281.911889712016 281.895756721497 280.094881852468 279.827952384949 278.726140658061 279.563943545024 279.188752174377 274.853666623433 266.33753379186 262.493193149567 276.544411977132 289.164920647939 296.290914217631 296.727339426676 282.335758209229 277.033070723216
221.35329246521 231.765369574229 237.153430779775 237.172464529673 233.962217966715 229.107797145844 211.18418375651 191.128492355347 158.973564704259 149.100065231323 162.752250830332 189.535955588023 212.580919265747 224.117318789164 225.224097569784 215.849657853444 199.961980183919 194.419662157694 192.895829677582 196.48418823878 205.952366193136 214.674214522044 225.045402844747 233.429948488871 242.660482724508 245.610892772675 246.84743086497 247.815628846486 250.090956687927 257.047474384308 258.49308570226 259.375135103862 265.909691651662 269.705573717753 272.807319959005 272.972961266836 271.558384100596 273.837288220723 266.310334205627 272.035121917725 290.054480234782 297.189990679423 298.434674739838 295.76963186264 281.239708264669 276.277343432109
164.373606443405 179.955085118612 193.777143955231 205.397407213847 215.834498405457 224.226633707682 225.50630569458 219.105780124664 189.619501431783 162.621041138967 147.041211525599 155.320515235265 184.38196182251 211.964984734853 227.984468142192 217.522283395131 208.692808945974 201.383948326111 192.059020201365 186.340490976969 186.784307161967 187.469800313314 191.989501317342 206.082046031952 219.975729783376 228.556752204895 230.32025496165 230.805337429047 237.079560756683 242.45423078537 245.629549026489 249.304672082265 258.840600649516 262.929042180379 262.942016124725 263.152082761129 267.332454522451 271.99258406957 270.948668320974 283.215403556824 293.812692165375 297.62210448583 296.422640482585 293.864369392395 286.560436089834 286.341408888499
119.474182526271 125.049610932668 134.110907713572 148.704667886098 165.932943423589 183.617909749349 203.304886817932 210.095047950745 210.808336734772 195.857067902883 167.356610298157 146.10360066096 148.956040541331 173.628211021423 202.352742354075 206.927160422007 213.524262110392 209.57072575887 198.781073093414 187.368710835775 180.556654930115 178.201218446096 178.416172663371 187.569836775462 197.338759899139 204.203069210052 207.565287748973 212.243854999542 219.614009062449 224.739968776703 229.741056760152 235.334912935893 241.772631804148 244.462927182515 245.16361951828 247.466425100962 257.935424645742 268.638134002686 273.491382598877 284.204204877218 290.070056915283 291.8594678243 289.699673652649 286.092400550842 282.317002614339 281.535406907399
89.9762511253357 90.2948578198751 95.1810777187347 96.218725045522 106.543878714244 126.162985960643 152.708212534587 175.926526387533 206.933657328288 212.656915187836 200.140794118245 173.570672671 143.860201040904 141.477247079213 166.338394085566 194.988012313843 212.089041868846 215.247968832652 209.792633851369 199.636916319529 190.214375654856 189.746419588725 188.74994913737 189.612825711568 190.710465113322 190.543433030446 194.966971874237 204.41085100174 208.433230717977 209.918777147929 215.44086933136 221.165180206299 222.005943457286 223.975201447805 227.386752764384 232.94464747111 245.091279347738 257.744610309601 260.094583034515 269.0136830012 274.885058403015 276.08064810435 275.177419185638 275.968194007874 271.89165353775 272.253294785817
87.7471168835958 60.605193177859 46.5382089217504 34.1082687179248 33.3961596091588 44.1561241944631 62.4389449755351 97.2279111544291 138.328452905019 182.642698287964 211.02241675059 210.318922996521 187.82909711202 160.185466210047 157.206167777379 184.526344140371 203.057249387105 217.35159556071 224.926710128784 220.279018084208 207.792282104492 204.501867294312 200.884679953257 199.865738550822 200.270036856333 198.396325111389 201.116760571798 210.310180981954 210.482219854991 203.495820363363 208.531061808268 214.146912097931 215.608020623525 215.902884801229 220.23731470108 227.887451648712 234.234134356181 239.478866259257 243.662714958191 246.107161045074 251.587629318237 256.777207056681 263.406674067179 269.277671972911 265.174349149068 269.154608249664
96.2213575839996 60.4235231876373 32.8093767166138 19.8026572664579 12.7365017930667 16.2734972933928 31.211053331693 56.2654634316762 78.4082959095637 119.93404229482 166.265388329824 201.461335023244 220.822076002757 208.013812700907 182.183384895325 178.650657335917 184.517105420431 200.676123301188 220.373749732971 230.486929416656 227.966109911601 221.03081146876 218.105951944987 213.884870211283 210.276563962301 209.061920642853 210.337917009989 212.861080964406 208.907961845398 203.422029813131 205.826242764791 211.056927839915 211.015085379283 210.79675356547 215.108434359233 218.435446421305 219.989717006683 219.165543715159 223.46168756485 225.188096364339 230.652292569478 238.832791646322 245.055933793386 248.933792114258 250.988761583964 254.569411277771
85.9450002511342 59.5084875822067 29.0484478076299 10.4413529237111 7.31388106942177 29.2022948463758 46.9405998786291 59.7760776678721 76.3801236947377 95.7873662312825 129.187196493149 167.625625928243 187.785426775614 201.167285442352 197.315732638041 173.80424340566 165.453175703684 173.265159130096 191.627701123556 223.040163516998 236.009120941162 230.723440647125 231.474022070567 224.444369475047 217.1444495519 217.98320611318 219.933966795603 216.023325920105 211.454888184865 213.418861230214 213.060279687246 211.748898029327 208.638767401377 206.728259722392 207.67335096995 206.226805845896 203.797002633413 199.476778507233 203.10240983963 204.863329728444 209.724764029185 216.018040974935 218.562384446462 221.025029818217 233.589629332225 239.718000094096
72.450449069341 61.5372955799103 36.0273867845535 4.47047843287389 9.75024017194907 33.2833901047707 50.6458282470703 66.0496403773626 80.2962680657705 93.3356483777364 108.725051085154 146.829426288605 170.875509579976 180.216034253438 190.703968207041 195.077836513519 191.84943040212 180.764238039652 174.120942751567 183.366815249125 208.527127901713 230.230251948039 236.084342002869 233.75395933787 225.837926069895 226.697564125061 230.088194211324 225.976804892222 223.896602789561 228.794793287913 226.402978102366 214.469790458679 207.320392131805 202.636043230693 197.601397832235 196.469863255819 190.799097220103 189.305663108826 190.374414126078 193.604270617167 196.124017238617 199.41367705663 202.826857566833 205.04359404246 223.581035931905 233.484069506327
65.2160992225011 65.5348499615987 52.2900273402532 13.9347799122334 14.0758876999219 38.1884103020032 58.8765889406204 77.8908729553223 92.8501089413961 100.217570861181 110.273559888204 126.652787129084 152.319411436717 171.244164307912 185.910264650981 200.400789578756 202.381690343221 200.349847475688 187.145292758942 174.627900123596 185.377418994904 212.481617927551 220.705926418304 226.440290609996 230.931679407756 237.472335497538 242.68905321757 240.986625353495 238.507707913717 239.910145600637 233.232915401459 220.898946126302 211.436788241069 202.347258726756 195.517281691233 192.452470461527 189.433932304382 188.605427742004 188.913961251577 191.310783227285 193.127413590749 195.005098978678 195.402185122172 198.434313138326 211.381415526072 226.005752881368
69.2526747783025 76.5089293320974 76.1459668477376 40.1104042927424 30.119796593984 56.5884461005529 71.9159046808879 91.567208369573 105.70897658666 123.243073622386 133.61249367396 129.198332627614 138.205230236053 146.749446789424 163.85688384374 185.687124729156 195.755322774251 200.630744298299 205.542206764221 188.746352990468 175.199786822001 184.087534745534 193.777501583099 211.107432842255 226.377606391907 236.350437005361 243.704199790955 248.654762903849 244.755248228709 242.095132668813 233.7886095047 226.340393225352 216.028412183126 205.642700195312 199.758807818095 194.516976674398 192.965626716614 189.549883206685 188.338756561279 191.865066687266 196.156104405721 198.163330554962 196.916540463765 199.529071648916 200.637261072795 215.932051340739
74.8023043076197 77.7153472105662 88.4595513343811 77.9375483592351 62.6636743545532 72.9770511388779 77.560434738795 90.7246867815654 106.890499591827 120.426932970683 129.257222016652 122.049887975057 122.669676939646 129.832734664281 143.171101808548 164.390534162521 176.535487174988 185.58140595754 193.711817264557 196.407655874888 188.593407471975 177.445550759633 180.132706960042 192.735155423482 201.275865236918 209.217011928558 215.814868609111 219.416519006093 222.299536069234 221.060256163279 233.73552163442 226.172606150309 216.725826263428 208.552817503611 203.665375709534 198.123713334401 193.369547526042 184.107859929403 181.886374950409 190.344711144765 197.375953197479 199.851135412852 202.022910118103 200.964013735453 197.938700517019 207.965393861135
