input/barkrak2/radiation/dir08624.grid
NCOLS 85 
NROWS 70 
XLLCORNER 665100 
YLLCORNER 4664600 
CELLSIZE 20 
NODATA_value -9999 
[rows 40 to 59 of 70, columns 0 to 45 of 85]
196.10321521759 197.627186775208 197.481453418732 199.331939220428 208.783427874247 213.896930217743 217.609028021495 221.623698870341 220.571200052897 204.684694608053 188.941319783529 185.466905434926 182.860910892487 179.951270421346 176.660418510437 176.977097988129 175.910909970601 176.95947488149 169.9405113856 167.614122231801 173.861443996429 179.456313451131 180.889924367269 177.719096342723 173.325419425964 172.811945279439 183.175802230835 186.514496803284 191.388825575511 191.456317901611 191.050330797831 197.981278101603 197.245319684347 204.006910324097 231.017967065175 229.894518852234 218.212326367696 210.399607817332 214.062213897705 223.999619483948 239.053845405579 254.723429679871 214.845955371857 130.684157212575 71.9835062821706 47.1151371796926
204.349716504415 202.392876148224 201.530754566193 200.500428676605 197.256445884705 194.541573524475 192.788004875183 194.050073623657 197.339077790578 189.120451609294 180.314759413401 182.030101617177 184.387564659119 184.827287991842 181.529561678569 179.537653923035 173.919896284739 183.010737101237 182.006080945333 174.928704897563 178.733110427856 179.607590039571 178.247253100077 181.840936342875 182.324826717377 178.304890791575 183.862348397573 187.924444675446 191.541393597921 192.976574103038 194.20846303304 197.86278406779 197.937667369843 214.355568091075 226.45495335261 214.495778083801 193.18966070811 191.004077593486 191.442251205444 204.440712928772 239.360749721527 253.861606121063 236.879507700602 180.393556753794 106.583535671234 69.780096411705
209.251364072164 206.660429636637 208.186189333598 206.872661908468 200.567007064819 196.070075035095 193.043351173401 189.296583334605 188.012977441152 185.695191224416 182.465712229411 181.451956431071 184.403161207835 188.956022262573 187.132914861043 184.540410836538 180.137594540914 186.787605285645 188.224315643311 179.591715335846 178.294499715169 176.611006259918 172.677596410116 175.746401151021 180.145303408305 176.018536090851 174.186031023661 180.614153544108 187.332729498545 190.217634042104 191.14895661672 191.481630007426 199.086129665375 217.522859573364 223.908305168152 195.012748241425 181.519448757172 185.098985830943 190.280377864838 202.42432753245 214.922845363617 217.138866583506 203.43025525411 174.509723981222 119.281927744548 62.7064257860184
193.5027440389 196.162223815918 203.66370677948 201.497495174408 204.421857992808 205.584585666656 204.264203707377 199.444274107615 187.240938345591 186.215778191884 188.223799069723 183.769822120667 182.824492454529 187.770009040833 187.441388765971 185.152192910512 185.124814510345 186.50750319163 188.107212384542 181.298792362213 174.848616123199 174.049437046051 170.963962872823 169.333159923553 173.833966255188 177.667180697123 173.539380232493 176.120638847351 181.536336739858 185.204764207204 183.567384878794 181.384007136027 191.865026950836 206.780453523 206.449588139852 183.875918388367 182.321349779765 191.893219947815 201.196849346161 203.530192375183 198.680440584819 196.235696474711 188.972095648448 163.662254810333 117.321749528249 60.5563918749491
191.247502962748 196.669856707255 198.963900407155 200.502355893453 201.140960057577 203.882873058319 204.217632611593 199.361344178518 194.324771563212 189.414302508036 189.904709657033 187.078515688578 181.830366452535 181.321918964386 180.283665657043 179.207185904185 175.740043322245 182.295322418213 185.380180676778 181.745171546936 176.582177480062 176.294684410095 174.71444606781 174.122850100199 172.691861788432 181.858023007711 184.703052043915 183.410922686259 182.873666286469 181.337952613831 177.444636821747 173.951009909312 179.923216501872 183.129906654358 178.98557583491 177.878518899282 186.314364274343 199.754079182943 207.191864649455 198.017279307048 196.61537806193 188.297629356384 176.350553830465 162.443319956462 129.784862200419 84.8409732182821
196.774184703827 201.721290747325 198.254386583964 202.244619528453 201.02059841156 199.974119663239 201.768358548482 200.427174568176 200.116038322449 195.167740186056 192.570726076762 191.737314065297 185.468832651774 181.437333424886 179.285744825999 183.810909589132 175.782124201457 178.149183591207 185.209234555562 182.791928450267 179.248770078023 180.120766162872 177.976409594218 178.092996279399 180.475513140361 179.788033167521 186.805784702301 185.008068879445 184.339602788289 182.714978853861 178.812821706136 174.396951993306 176.897784074148 173.874219258626 163.876007000605 163.927555084229 174.168686072032 193.206667900085 195.457955201467 181.454340616862 185.682912667592 172.51322666804 169.705986976624 171.719312667847 158.013125260671 118.91899506251
196.001331011454 198.169708251953 200.30814409256 202.988346417745 203.129132588704 201.545397440592 203.588684399923 204.298635323842 200.752298037211 198.880950609843 195.966303348541 195.196429888407 190.05427757899 187.228043874105 185.0426197052 187.770386536916 185.15533208847 177.906433741252 184.232433636983 184.443394343058 180.799086888631 181.065758069356 180.954893430074 176.401694615682 184.245705604553 179.509202639262 180.616716543833 182.823777198792 182.462811470032 183.340966701508 182.301461696625 178.266723950704 175.963123639425 173.291007677714 165.562361478806 164.267510175705 171.791116396586 182.557324568431 183.956623077393 181.318958600362 182.141780853271 173.630257447561 177.19042301178 184.885859489441 180.150945981344 147.953927516937
189.881404240926 192.48894850413 197.54429658254 200.207054615021 204.214950402578 204.24481232961 202.119410037994 201.265513896942 201.275130112966 202.857951323191 198.102355003357 194.72070535024 191.839754581451 190.225084622701 187.602877616882 185.713728268941 185.295681158702 175.542076428731 180.67459265391 184.109270572662 179.970065752665 179.707249005636 183.474739392598 174.742460250854 178.314487139384 178.208629290263 172.966917355855 178.870519002279 181.604822476705 182.110826174418 182.513892650604 182.308435440063 175.36872625351 178.038497765859 185.465375582377 180.852631727854 181.744416554769 178.989231586456 182.900706926982 194.306174914042 184.106926123301 175.958593686422 183.225770791372 188.24835618337 180.729786554972 158.485571543376
181.902686754862 185.318132241567 191.845377286275 195.161441961924 201.907316843669 204.693575700124 201.988736788432 200.07316271464 201.936940352122 203.886012236277 200.988570849101 196.885446707408 193.339804808299 194.387932618459 190.115590890249 184.02640024821 183.971345424652 175.837397575378 179.569919904073 185.892303784688 184.269328912099 182.713091373444 185.72986125946 180.64296245575 177.913029988607 181.733965873718 177.483280499776 180.854161580404 188.857773939768 193.646411101023 196.455279986064 197.546323140462 186.644832293193 190.974116325378 196.651697158813 197.508037090302 196.518162886302 189.079324404399 186.863859494527 192.795256773631 176.994601885478 172.190268834432 167.185008525848 166.286021471024 164.400945107142 163.479506969452
181.778470675151 177.940487861633 183.379550774892 191.293875376383 197.439153989156 201.653520266215 203.670263290405 205.854217211405 206.371704737345 201.588273048401 204.12282148997 202.550252278646 198.768417040507 194.72732146581 191.60803159078 187.934041023254 184.88210439682 179.257730642954 184.130052725474 189.444243907928 190.40983915329 189.103186130524 187.211036682129 186.818917592367 182.097216447194 186.304211616516 186.833759148916 188.912828763326 197.642306486766 203.192452589671 210.888028144836 213.909765084585 204.637249310811 201.718827088674 197.928289572398 200.686097145081 202.083925406138 200.549801190694 192.854940891266 175.168434778849 166.562179724375 172.174493471781 166.940053304036 161.618441343307 158.020277818044 162.525415420532
182.954668998718 184.144099553426 186.874667803446 194.465041160583 194.95024283727 196.430881818136 203.448573748271 208.456834157308 207.028826077779 206.222434838613 204.437752564748 204.796552658081 199.520548184713 195.350011189779 193.997383117676 197.967489560445 188.84281317393 184.718211491903 185.436983903249 193.840761979421 194.558501243591 191.479881604513 187.495648860931 185.933073361715 180.900533994039 189.643025398254 193.390687306722 194.264849026998 199.374695618947 207.735737164815 218.611220518748 220.816572507223 214.031994342804 203.378876050313 190.589507420858 190.678079922994 197.720090548197 205.085595448812 189.152717590332 168.871204058329 164.082864920298 174.764057000478 173.892458279928 168.794254461924 163.48190108935 160.190204779307
181.37667576472 192.218244075775 193.26651096344 196.888248125712 195.201198259989 194.408933321635 200.455784797668 206.655661265055 205.111463864644 209.689100583394 206.491351127625 206.201493740082 202.315449714661 197.37430413564 194.34255361557 200.653334458669 192.896147569021 187.094589074453 184.204816818237 188.043256600698 188.837091128031 186.856806278229 184.565901756287 180.351396401723 177.595794200897 179.477572441101 186.588764190674 185.161709785461 189.932783444723 197.151561578115 205.271045366923 217.526018619537 213.476618131002 184.203763802846 152.08978454272 144.743313392003 164.435466130575 189.803679784139 198.601206143697 196.16158803304 190.701524416606 180.432836214701 164.758702119191 161.034246285756 169.83699798584 161.13140185674
182.99678961436 181.867122650146 180.995106697083 185.715436935425 192.502419153849 196.993072827657 195.689916610718 202.908118565877 201.392889022827 205.84237575531 205.632070700328 206.220924854279 206.280887126923 199.378291765849 195.653478304545 194.845875104268 195.635040601095 184.455911318461 180.786828200022 180.324892203013 179.881493250529 180.910567442576 181.186079978943 174.911399682363 175.871988137563 172.831197579702 172.139267126719 175.494253635406 175.480604171753 177.501479784648 184.002995491028 196.218947569529 188.160995642344 162.414928277334 126.721342404683 106.689810752869 115.498473246892 145.196884870529 179.502765337626 193.038503328959 194.63590780894 179.634074370066 158.836821715037 155.807753403982 164.283484220505 150.729238986969
188.44614426295 177.943209807078 173.643072446187 179.716467857361 191.162387530009 200.318455696106 198.008120059967 200.425982475281 201.613207658132 201.616446177165 203.428288300832 206.495722134908 207.529048124949 205.577492713928 197.86407550176 195.176521937052 196.576615174611 188.133259614309 182.904620965322 184.343218803406 183.533231417338 180.084526538849 178.231298923492 173.857172330221 172.957122325897 171.335717042287 168.636441230774 169.088582197825 167.756040891012 166.244695583979 157.078564167023 165.416270494461 161.908735831579 142.017106215159 125.759939352671 107.393205165863 88.0769987901052 96.0029562314351 120.209455490112 156.158030033112 178.232669830322 168.198088804881 157.939592997233 153.402596712112 145.623107751211 135.777731736501
191.082179546356 183.358907699585 179.010252157847 182.093421618144 192.98654794693 200.825750827789 204.396486282349 200.185815493266 204.726020495097 201.566994190216 205.662767092387 206.299245357513 208.669284979502 208.715001742045 200.63175757726 201.315800348918 201.126217842102 192.609906196594 186.932822068532 188.678741455078 190.849741299947 186.190923055013 183.264116446177 182.068149248759 178.064207235972 177.270730336507 172.948062419891 170.297543207804 164.240678151449 161.440471808116 150.092939535777 153.221080700556 154.036700725555 151.527673006058 151.046892007192 140.854010979335 114.290485779444 95.6862072149913 89.6526277065277 105.28102517128 140.989621480306 144.733985265096 133.429865042369 118.942161401113 116.29131436348 123.94767999649
194.799224535624 192.353487014771 185.954074064891 181.028505166372 186.90546353658 200.35187403361 204.049249490102 201.511820157369 201.54994726181 206.188480059306 210.929155349731 212.532619635264 210.370779037476 209.696650505066 205.951074759165 204.29927110672 204.383750756582 200.76447725296 194.317936897278 191.707809766134 189.711610476176 187.739749749502 188.125650087992 189.382354418437 184.586008389791 182.177841663361 176.06246471405 165.546864271164 158.730059862137 155.726929505666 153.391778469086 158.719559510549 160.090078910192 169.093012809753 176.192084948222 176.988065242767 172.085563341777 153.58438094457 132.420639197032 100.53085287412 109.794110059738 128.924359877904 128.234108289083 116.288552681605 118.120412031809 136.229862769445
198.39600721995 197.268923123678 193.077206611633 186.41992410024 186.113059520721 197.470943133036 203.343212604523 202.853719393412 201.5340924263 207.661032676697 215.135077635447 216.249426205953 211.419502894084 212.251981099447 212.005178133647 205.092549324036 206.944028536479 201.726774374644 198.380907376607 196.47220770518 194.987654685974 194.189349810282 190.530955791473 188.853283723195 186.357418696086 179.789026578267 160.189340511958 137.728561957677 133.504549662272 139.878322680791 152.183751265208 155.371963977814 158.593118190765 164.211064577103 177.701155344645 189.520676930745 201.756834983826 203.806479771932 192.071358362834 145.004530747732 115.288078784943 132.607221603394 149.715006351471 153.276890516281 157.318751017253 171.678344408671
198.516050974528 195.809006690979 196.537534395854 195.058067639669 188.7380083402 194.341440995534 203.006048997243 204.891204833984 201.43457253774 206.791381041209 214.74556128184 216.594616572062 211.068451404572 211.889068285624 215.109308560689 205.052177111308 205.641428629557 202.452937761943 200.859884421031 201.493501663208 201.950927575429 201.288998126984 196.23730580012 189.515014489492 186.775128046672 186.019539833069 166.305363178253 141.104857126872 138.69454463323 148.444672425588 162.284245093664 161.128044128418 169.327298800151 179.269433021545 193.947891394297 203.84136835734 187.528649965922 158.273587624232 151.150097449621 146.279335021973 146.24368151029 160.55366396904 163.716574509939 147.677600383759 136.929412682851 150.703241427739
187.899947166443 194.990555445353 195.131818453471 196.415424346924 194.49641307195 191.016455491384 204.827149709066 209.019005298615 206.803441047668 207.265098889669 212.287485599518 215.894063313802 213.687042395274 210.658729076385 211.448550224304 207.001884778341 202.258785565694 205.285946528117 205.412606398265 206.880807876587 208.06618531545 204.029599825541 202.109396457672 195.606609185537 192.758142948151 195.211887359619 189.644515514374 181.393146514893 178.333739439646 180.046379566193 180.072824160258 174.487332503001 182.322859764099 193.954805533091 185.305575529734 174.645662307739 155.757218599319 98.8742311795553 82.7156553665797 114.300668239594 150.808115800222 170.91292142868 164.304633935293 150.018990039825 142.434120178223 149.716218312581
176.58269405365 192.020058631897 193.856358528137 195.074280103048 197.475731372833 192.258556683858 199.637691179911 209.174315134684 216.817041238149 214.029570420583 214.226484298706 214.213828245799 214.90341424942 212.873915831248 211.909552415212 209.042429924011 204.792459805806 204.399526119232 201.954404513041 199.644982814789 201.60178343455 200.746496518453 199.87428188324 198.52489233017 198.12399148941 204.652706782023 213.865657647451 216.864188512166 197.554608186086 199.072579542796 184.900442759196 175.848603248596 177.53529548645 168.924907843272 138.498653968175 96.6662764549255 93.0156409740448 81.4683188994725 64.8200462261836 76.0868489742279 97.0653792222341 135.341068108877 162.473569313685 184.02624130249 204.233249028524 201.300144195557
