input/barkrak2/radiation/dir08724.grid
NCOLS 85 
NROWS 70 
XLLCORNER 665100 
YLLCORNER 4664600 
CELLSIZE 20 
NODATA_value -9999 
[rows 0 to 19 of 70, columns 0 to 45 of 85]
234.584530194600006 248.976985613505 263.432145118713 280.133843421936 287.44783004125 286.850233872732 278.073668479919 272.127091884613 274.730801582336 275.314847628276 275.161266326904 277.406215667725 277.339577674866 277.942697207133 280.176897843679 273.571372032166 262.780249118805 251.950661341349 246.874709924062 236.286044120789 229.075392087301 240.588823954264 266.372859477997 272.299985090892 275.321483612061 283.926049868266 280.640006065369 268.779714902242 252.637028694153 249.511043230693 245.848178863525 263.659218947093 302.265206972758 301.347931226095 301.613549391429 285.51838795344 292.001048723857 306.015233198802 300.398468971252 302.946527798971 286.585589249929 287.68257300059 297.388434410095 300.946136315664 294.619560241699 295.637925465902
213.683803876241 230.716188748678 245.416442553202 263.129115104675 274.720668792725 277.869423230489 273.532668749491 272.404551506042 281.798621018728 280.701478322347 276.124914487203 276.964624722799 278.241833051046 279.444098472595 279.228488604228 272.544960180918 268.379628658295 259.976108868917 255.58078289032 242.249051729838 243.514736493429 259.207506974538 278.076072533925 280.437409877777 285.038789113363 288.395245869954 282.968401908875 271.179993947347 257.423718770345 251.14764769872 251.993854840597 276.793519655863 302.108387152354 301.513950030009 299.987991650899 286.44859790802 293.827752272288 303.382754325867 298.671503861745 302.862544854482 296.49696747462 289.265592892965 291.615645090739 293.016175429026 292.480568091075 296.737829844157
177.654266357422 189.822872479757 202.55180199941 215.499579906464 229.218224684397 239.25507068634 248.021324475606 260.703961054484 271.75368865331 270.770986874898 268.871347109477 273.597300052643 282.928307851156 287.040670712789 284.26605463028 289.278030395508 291.388928890228 283.363342285156 269.382099310557 259.035706520081 264.55024878184 272.526582082113 279.467900594076 280.857602755229 287.213067213694 285.444637139638 277.958293755849 270.253539085388 261.306444803874 257.697463035583 263.979315757751 289.709766705831 299.64288075765 300.347546736399 299.634099006653 293.632626533508 295.703768730164 297.679523626963 299.31644598643 301.02280775706 295.953075091044 284.560938676198 276.583929856618 279.744525750478 290.086229642232 296.569546063741
158.356557289759 158.977031707764 167.352954546611 174.700756867727 181.954224904378 187.505046526591 194.857001304626 211.221198240916 231.638570626577 248.466491699219 260.083238283793 274.638652801514 285.727063814799 289.802769819895 291.367689768473 295.600414276123 294.177015622457 285.621921221415 272.571086883545 266.945938269297 265.462815761566 264.1721367836 274.418572584788 277.278383572896 279.104034105937 280.728936195374 277.179042498271 272.309362888336 269.383788108826 269.272843996684 269.736091295878 294.109284877777 298.449516296387 299.803157647451 298.505246639252 299.943546454112 299.382964769999 299.221952756246 300.634106000264 295.578598976135 285.392185052236 274.927417437236 270.584543546041 284.144659837087 300.780455271403 295.657257239024
180.927793184916 163.947502772013 149.808436632156 140.843252340953 144.281963507334 161.119480927785 182.862559954325 193.730771541595 204.505185286204 212.47007449468 234.586775302887 257.74617989858 272.139191627502 279.31272983551 284.468909104665 287.407279014587 281.73154592514 272.374053796132 268.241882324219 266.908268133799 262.060622374217 260.518670082092 271.222273508708 274.407923221588 276.85026327769 282.033324241638 279.523491859436 274.513363838196 271.82145913442 269.746899604797 274.358689785004 299.788951873779 299.109081427256 300.151387850444 295.956452687581 297.079821427663 300.02756913503 300.279676914215 293.017029762268 287.386457125346 284.610052903493 279.044270515442 281.384030977885 290.060798327128 293.400704860687 282.775123914083
225.368698438009 196.744362513224 167.414804299672 143.329908450445 134.511361519496 146.298090616862 172.64465490977 190.219203631083 194.794138272603 194.432894388835 205.281138420105 219.913840293884 230.321248372396 237.372756004333 246.409853299459 254.44225470225 255.12969493866 257.115741570791 263.688027858734 269.344846407572 269.150833288829 272.525429725647 275.003949801127 274.115661780039 277.495861053467 282.634834448497 280.721624692281 277.827322483063 274.700542291005 273.671428362529 286.766568819682 300.792117913564 300.591091314952 301.607350508372 295.851111412048 293.439825375875 296.006560325623 294.311741987864 285.587191581726 287.61891523997 286.571701367696 282.467941443125 283.736268679301 283.734202384949 278.010308742523 256.717999776204
248.730977376302 223.446249961853 201.381067434947 179.308950901031 157.590707143148 144.645611445109 152.731915314992 182.203571001689 196.824789047241 205.379327138265 202.269911766052 196.908593177795 192.501823107402 188.319325447083 190.166135629018 207.017242908478 219.772676626841 239.690760771434 258.503397305806 270.614266395569 275.018056233724 276.743352413177 277.439117431641 274.983465671539 276.771664619446 279.216925303141 281.221608320872 280.265808105469 276.460766792297 280.67668279012 292.422572771708 299.589892228444 299.570977687836 297.499497731527 294.801612695058 288.546919822693 288.776179154714 284.303724765778 282.270073890686 280.849814414978 275.110085805257 272.621730963389 277.244091033936 280.343055725098 269.634664058685 259.407003720601
258.943100770315 247.91693687439 235.354383786519 218.581775824229 194.283048311869 162.747671206792 141.126135985057 140.276988347371 175.821562608083 202.698210875193 211.18684609731 207.153161366781 197.853783766429 187.394380569458 173.851191997528 176.964282989502 190.420250097911 207.994023958842 232.886751492818 253.238320350647 265.181501706441 272.197286287944 278.610328833262 275.972306728363 274.503131707509 274.272859096527 275.106370449066 275.1491467158 274.694959322612 282.808562119802 291.804353396098 295.581181844076 292.966723442078 289.314746856689 283.581574757894 280.966401100159 282.733857631683 277.409076690674 270.10323603948 259.657899538676 260.760565598806 270.04333337148 284.566283226013 291.930576165517 281.455298264821 277.858058611552
250.919024149577 251.27766529719 246.535400549571 237.672130266825 223.076224327087 199.075877666473 167.141715685527 137.602299451828 151.204824447632 175.106863180796 196.447551250458 207.292179266612 209.645609060923 206.735491752625 193.702618281047 185.513973236084 182.100892066956 186.967611312866 202.18425989151 220.723191897074 237.781822681427 251.702666282654 262.213488419851 259.743173917135 261.198540528615 261.807401974996 262.676695982615 263.409455617269 265.387177467346 274.588267008464 280.323664347331 280.316452185313 277.856628100077 277.517735958099 277.094900608063 277.966936429342 277.614533901215 273.382604122162 265.379329522451 260.938505331675 274.954795837402 287.769099076589 294.246514638265 295.601944128672 282.247344652812 276.61269903183
218.929509321849 229.428291320801 234.865883986155 234.883944193522 231.642127037048 226.740797360738 208.701531092326 188.613474369049 155.475159486135 145.676910877228 160.129656394323 186.964869499207 210.116724173228 221.394896507263 222.397963205973 212.837874889374 196.888407071431 191.252032915751 190.404454867045 194.013317426046 202.786405881246 211.729427178701 222.337663173676 230.897426605225 240.228156248728 243.119060993195 244.276165962219 245.344519615173 247.705578804016 254.645446936289 256.067057450612 256.966233253479 263.438065846761 267.875989278158 271.036346753438 271.234611670176 269.807716210683 272.187014420827 265.362004439036 270.701726277669 288.837949434916 296.136697133382 297.447323799133 294.707139333089 281.083583831787 275.845646858215
160.993317763011 176.539798577627 191.173255443573 202.858805656433 213.36575349172 221.820851167043 223.109145959218 216.163337230682 186.420957247416 159.240186214447 144.433706998825 152.696430683136 181.187093257904 209.054032961527 225.209295749664 214.693625768026 206.228534380595 198.288281758626 189.555545647939 183.824837207794 183.54986111323 184.411565462748 189.082145690918 203.609029452006 217.597047487895 226.247807343801 228.024919827779 228.514273961385 234.847585360209 240.274290243785 243.482788403829 247.196733951569 256.849904855092 260.188281536102 261.007229487101 260.73282957077 265.001833438873 270.228226979574 269.431074460347 281.982203324636 292.738656202952 295.594155788422 295.394460360209 292.752802371979 285.453697045644 285.328964392344
115.604470173518 121.778120597204 130.817254384359 144.650091727575 163.214345773061 180.969754854838 200.760126113892 207.22754796346 207.891305287679 192.80215104421 164.726356665293 143.472035725911 146.358549594879 170.313000679016 199.854135513306 204.439401626587 211.085001627604 207.116921742757 196.281333764394 184.831480185191 177.384575208028 175.174911816915 175.402661164602 185.015936692556 194.820423920949 201.715926329295 205.097317695618 209.806501865387 216.855565706889 222.3948041598 226.999481519063 233.083029588064 238.85569969813 242.337763309479 243.034938971202 245.361487070719 255.96026579539 266.821384429932 271.773914496104 282.789289951324 288.814922173818 290.617187817891 288.370410601298 283.880670865377 280.279636383057 279.680093129476
84.9256614844004 85.2543612321218 92.2326346238454 93.216876188914 103.356510400772 123.371114333471 149.977177381516 173.270424207052 204.426268736521 209.761997063955 197.176893552144 170.95951239268 141.223768393199 138.842632373174 163.109044233958 192.454139391581 209.649364153544 212.824364503225 207.337200641632 197.137097517649 187.08990017573 186.71844402949 186.202526092529 187.071661154429 188.157041867574 187.980035940806 192.427853743235 201.528469721476 205.576856931051 207.059939702352 212.586065133413 218.260784943899 219.68408425649 221.66778643926 225.092212359111 230.697254339854 242.113510767619 254.862030347188 258.179207642873 267.235378424327 273.220121860504 274.440864721934 273.522059122721 274.331827958425 269.640882809957 270.632266998291
83.1869343916575 57.8462481498718 44.8768238226573 32.5780337055524 30.7115167379379 34.5126911997795 51.7004231611888 89.2400542894999 126.485844453176 177.657643953959 205.436726411184 207.509934902191 185.273627440135 157.627642154694 154.634137948354 181.208988030752 199.944615364075 214.946389198303 222.572426001231 217.894772688548 205.330491065979 202.012538909912 197.871466477712 197.380503018697 197.768708070119 195.876737435659 198.6203789711 207.870483398438 207.631150881449 200.612564881643 206.102649370829 211.759368578593 213.240464528402 212.803761164347 217.89429585139 224.856595198313 231.087207794189 237.349390983582 241.553604602814 244.016965230306 248.7766345342 254.843533039093 261.567791302999 267.537752787272 263.393223285675 267.481962839762
94.1780010859172 57.8608413537343 31.345712641875 17.9040109117826 10.7252784073353 13.3169963955879 29.6775350968043 54.5369933048884 76.3276914755503 111.977716286977 163.015683492025 197.34130303065 214.097877343496 203.50714524587 178.842703501383 176.144580046336 180.810173352559 198.214193185171 217.997352282206 228.174328804016 225.633978843689 218.644877274831 215.162376562754 210.866471131643 207.835535208384 206.606606642405 207.906683286031 210.444132486979 206.445932388306 200.581789016724 203.389445940653 208.654562632243 208.61691236496 208.403348922729 211.995661258698 216.127435366313 217.715760072072 215.933342774709 221.202929814657 222.180326779683 228.444357713064 235.774914423625 242.010096708934 246.930023034414 248.416741689046 252.656916777293
83.8655531406403 57.633434732755 27.747854590416 9.5104556530714 5.81375633676847 26.9720529516538 44.4741745789846 58.1847230593363 74.7015327215195 94.0369466940562 127.429147561391 165.962030490239 186.237812042236 197.689910729726 192.38942861557 170.552273591359 160.919010639191 167.771299680074 187.045097351074 216.050326824188 233.747581640879 228.410840034485 229.170123736064 222.084363301595 214.74810441335 215.590218702952 217.567245165507 213.6217157046 209.009130795797 210.988263289134 210.026601950328 209.353864192963 206.222514311473 204.312702020009 204.53021923701 203.833222389221 201.401034990946 197.051326433818 199.973146120707 202.470143636068 207.371334234873 212.841729323069 216.295758883158 218.757649262746 231.41755660375 236.939827601115
70.6037779649099 59.7592045863469 33.4056814511617 3.86656665553649 8.20241247614225 31.0295522212982 49.0130484104156 64.4497821728389 78.7430455287298 90.4433131217957 107.101380825043 145.141094923019 169.285655021667 178.28623453776 188.75120083491 193.201700846354 189.812084039052 177.047908306122 171.915153662364 180.161754290263 205.690582593282 224.121312300364 233.867923418681 229.571024576823 223.480025927226 223.890741666158 227.801144123077 223.647077878316 221.543431282043 226.482748985291 224.08127784729 211.51065826416 204.887390136719 200.187822182973 195.122798283895 193.361401557922 188.318769137065 186.821540196737 187.881767749786 191.151102383931 193.69504849116 197.003146012624 199.646949768066 202.685395876567 221.331139405568 230.526904265086
63.4433130423228 63.7220640977224 50.4908214012782 12.62333492438 12.5791852672895 36.8167410294215 57.2677950064341 76.3433128595352 91.305543979009 98.6183186372121 108.672807614009 125.089605649312 150.683353344599 168.03244749705 180.346171061198 198.350230852763 200.712561607361 197.219351927439 182.04528093338 170.960048834483 183.248182137807 207.173148790995 218.7113960584 222.728153069814 227.296948432922 234.795610109965 239.501595497131 238.791426022848 236.284613609314 237.700661023458 230.958819389343 218.519906202952 208.554526170095 199.882964293162 193.017184734344 189.935326576233 186.910092830658 186.11749013265 186.4186724027 188.823103904724 190.687815348307 192.576467990875 192.967295646667 196.068008740743 209.073682626088 223.786969979604
67.3986971378326 74.5603938897451 74.1002410650253 38.088579972585 28.6706437667211 55.1794320344925 70.3819990158081 90.0596976280212 104.235003391902 118.819852670034 123.733729124069 124.399820963542 136.722991863887 145.230849583944 162.365406751633 179.475764433543 189.923067887624 199.039816856384 197.79638449351 185.654441515605 170.403122901917 180.739760398865 189.106484254201 201.954543590546 218.172530333201 234.440565109253 240.097641944885 245.640297730764 241.639614105225 239.341894785563 231.520394484202 224.007705847422 213.611503442129 203.159252802531 197.272876898448 192.005515098572 190.459450085958 186.372379461924 185.840328534444 189.383705457052 193.708300590515 194.962064425151 194.493333498637 197.155952453613 198.297341664632 213.673929373423
72.8026082118352 75.6809612115224 86.3720774650574 75.546662012736 60.5675230423609 71.5083132187525 76.1021773020426 89.2885724703471 103.51758201917 119.041631619136 123.600701491038 120.67844470342 118.235290050507 126.246352990468 141.601622104645 161.609868208567 175.005257129669 181.393345197042 189.670542875926 193.369388580322 185.802022616069 173.264622688293 175.960183143616 188.190102577209 198.312679926554 206.244846185048 210.510671138763 213.757077852885 221.70889377594 218.43824783961 231.586039066315 223.882476488749 214.320222536723 206.083059310913 200.787723064423 195.185979207357 190.85556268692 181.557774543762 179.333508014679 187.872052192688 194.946885108948 197.422285874685 199.63417450587 198.598424593608 194.522877534231 205.676118532817
