input/barkrak2/radiation/dir03124.grid
NCOLS 85 
NROWS 70 
XLLCORNER 665100 
YLLCORNER 4664600 
CELLSIZE 20 
NODATA_value -9999 
[rows 23 to 45 of 70, columns 0 to 49 of 85]
86.7812136809031 75.7763634125392 41.7484194040298 23.6701518297195 18.3210571606954 21.6950923204422 21.51786784331 8.6598036189874 6.65801639358203 5.26873084406058 16.5796366830667 18.0048321684202 21.2217221657435 27.812955280145 24.3814811110497 24.9202822645505 32.0404544472694 41.5388494729996 47.8517214457194 40.1620343327522 39.9260322252909 43.9062664906184 55.6354025999705 66.5930112202962 74.9651839335759 74.2901066939036 69.4450388352076 57.1596324443817 39.0562812487284 18.941101928552 14.1198337078094 6.08173447350661 0 0 0 0 0 0 0 0 0 0 0 4.49987252553304 7.65116512775421 10.4244413475196 16.1281252900759 16.6424922645092 17.5556304554145 22.247018913428
86.2272977828979 82.0252398649852 59.2028200626373 28.645562628905 11.9038261473179 21.0459381341934 21.4360877871513 19.7709823648135 15.0557781259219 7.07239098846912 6.55158112446467 16.2923112511635 19.2111134529114 25.0733892122904 24.0975071986516 24.4654615720113 30.1346853375435 38.5289539893468 46.0558235645294 38.9438544710477 37.3049254218737 34.7742512822151 42.7870899438858 51.3902703921 56.4291179180145 57.7906568845113 54.9430102109909 49.6660818656286 26.4089827736219 13.0578403671583 8.1157727787892 6.15306571125984 0.00413153460006773 0 0 0 0 0 0 0 0 0 0 11.1713086565336 9.1308436046044 5.27724996209145 5.59543631970882 11.6078108549118 13.369657099247 13.8367488980293
72.675680120786 77.3089329401652 70.1308945814769 38.6653393507004 11.8598068753878 21.6226975123088 28.1691675384839 36.1928294102351 36.329264442126 28.0770460764567 23.2141961654027 25.8109221855799 25.8892675240835 31.5338298678398 31.4592719078064 27.4752179781596 28.816357254982 38.5940869649251 46.2779651085536 49.0984072287877 48.659751812617 44.5361832777659 41.5448273221652 42.3670162757238 45.7740922768911 48.0800271034241 44.2870755990346 44.1881120204926 27.6527603467305 22.6304034392039 19.2345616718133 23.630291223526 17.5287189582984 0 0 0 0 0 0 0 0 0 0 9.50117905934652 0 0 0 1.55253848060966 5.96964421371619 7.75281836589177
71.3416983683904 76.6566594441732 74.4522164265315 48.3780900637309 24.6434658765793 35.0772887468338 47.4833349386851 57.2633842627207 62.5078777472178 55.8786888917287 38.5943502187729 41.4717396100362 39.0918105840683 43.0243313312531 43.6867078145345 33.9158823092779 31.1338007450104 41.0712609688441 47.9731808106105 59.5490535100301 60.3706936041514 57.1308334668477 50.1600901285807 44.379065434138 45.2104906241099 48.1762588024139 43.4257090091705 50.754835208257 47.6455489794413 46.0688173770905 51.3267368078232 69.4973717133204 78.0360996723175 56.8331182003021 0 0 0 0 0 0 0 0 6.05078972876072 0 0 0 0 0 1.24372021916012 2.34526054312785
72.9091962178548 71.7576593160629 71.9125767548879 54.5499225457509 51.0427504777908 56.2720447778702 68.5026794672012 73.592354853948 74.0621387958527 68.4472223122915 49.1083165009817 44.9561874071757 45.6694265206655 42.5420701503754 45.0552751620611 42.8112298250198 38.4462873140971 44.9692656596502 56.5158973137538 62.5944236914317 59.4681849082311 51.3801326354345 50.4267811775208 51.1294653018316 51.4840086301168 52.5746792554855 50.3789683183034 60.618003209432 77.629158894221 82.2298626104991 87.0115160942078 94.5501526196798 105.3453485171 112.570861975352 66.3157850503922 0.539555136735241 0 0 0 0 0 4.15865145623684 10.9598152339458 0 0 0 0 0 0 0
75.9391486644745 64.8720860481262 65.520187218984 57.5981835524241 70.9642072518667 69.4301029046376 70.7336266835531 65.7103210687637 61.5972032149633 50.9792417287827 45.5484638611476 40.6112944086393 42.337437470754 45.3239182631175 49.9697128931681 51.015426715215 46.4582145214081 42.9552445809046 54.5489092667898 56.5321991840998 54.9991428852081 47.8850305080414 47.8232502937317 53.7915825843811 56.986540555954 53.8464486598969 54.6065469582876 61.3152285416921 84.7962697347005 98.2508361339569 106.748541196187 111.769755681356 119.933356841405 122.537304957708 112.477461496989 38.5295872886976 0 0 0 0 0.0658912031212822 2.28273325289289 0 0 0 0 0 0 0 0
76.9328524669011 59.5373908678691 59.9050571521123 63.0294978618622 71.5131908655167 67.8793340921402 57.1915358304977 43.9655433098475 33.3648597200712 27.2296915451686 26.8660013874372 30.8426941434542 37.9747599363327 45.7367847363154 50.9709119796753 57.6123694578807 52.7325222889582 40.3761938214302 45.1026956240336 47.8532016277313 47.5425720214844 47.882412870725 47.9253033796946 53.852637608846 60.316135485967 57.0511221885681 59.3554476896922 61.8070264657338 78.4461498260498 101.569831371307 116.120586792628 122.280538082123 124.350110689799 125.821421543757 133.150786161423 113.890826702118 32.6145092646281 0 0 0 0 0 0 0 0 0 0 0 0 0
75.5769014358521 76.4409949382146 96.860925356547 127.76451309522 102.352341016134 74.2338101069133 47.6595014333725 27.3005018631617 11.9045103589694 21.7724094788233 19.7357113162677 13.0934442083041 37.3191436131795 45.9728240966797 56.0174683729808 60.6592297554016 59.1746071974436 46.6177413860957 46.0287630558014 49.2221067349116 47.4754969278971 51.0411560535431 53.620308637619 55.8504809935888 62.2021953264872 66.4336035648982 65.2145097653071 67.6976293325424 80.6337098280589 106.213867664337 124.235053857168 128.362645705541 124.874542156855 132.352213064829 143.134971459707 149.246295293172 119.216571251551 57.9051623741786 5.13486005365849 0 0 0 0 0 0 0 0 0 0 0
88.05184563001 121.070871750514 168.624381224314 188.775420188904 166.871746381124 113.735993703206 68.7412023544312 40.1125103235245 33.7341477473577 38.4820972879728 30.5430193742116 25.9613717595736 36.3218834002813 45.683557788531 58.1303089857101 64.8326426744461 61.3283763329188 55.0277630488078 48.730880022049 50.9940485159556 50.7133801778158 53.3893356720606 56.8377673625946 57.5605531533559 62.6167207956314 74.2030789454778 74.1440703471502 80.6435892979304 90.7649397850037 107.566356658936 123.443067073822 131.065428256989 132.964283227921 138.811031977336 144.272963205973 147.577921549479 141.43630862236 120.006342728933 54.3360710144043 3.68157587945461 0 0 0 0 0 0 0 0 0 0
147.40048845609 182.973682880402 207.97340075175 209.047317504883 206.692417462667 178.025086720785 136.653562386831 98.7216035525004 75.8921851714452 65.3704901536306 60.4875187079112 51.5624135732651 38.7578854958216 42.9895520210266 58.614840110143 65.6214108069738 59.5729847749074 60.2060904105504 50.9332865476608 49.1879284381866 52.3257553577423 54.4842084248861 55.3150475025177 56.2971532344818 60.9236707290014 75.2603908379873 81.0767561197281 88.5594089825948 98.5702872276306 105.886350075404 120.942840973536 130.998482306798 132.916231950124 128.375351428986 131.148010492325 124.030828475952 126.482317845027 114.70228433609 66.4623479048411 17.1114106973012 0.657069652030865 0.829703640192747 0 0 0 0 0 0 0 0
200.067162513733 215.971708297729 220.66871325175 219.733337561289 220.749398072561 214.595854282379 192.615687847137 149.557987848918 111.63991689682 92.0725663503011 92.3808515071869 80.6732873121897 57.5292011102041 49.8060882091522 57.7784180641174 61.3900025685628 55.8318495750427 56.0917059580485 49.8681217432022 50.6356159845988 48.635130127271 50.6167709827423 50.3044823805491 51.0175824165344 57.5794279575348 67.9815361897151 80.117329955101 84.1767986615499 93.5800274213155 105.781922737757 116.472293933233 122.345268726349 113.551000754038 101.705531279246 103.908598423004 89.6536707878113 90.6335314114888 75.4869083563487 40.4241681098938 8.04504565894604 9.30281293888887 6.80239746967951 0 0 0 0 0 0 0 0
214.403291543325 220.792651176453 220.151046911875 222.390651702881 221.811393896739 219.008247057597 210.948904355367 181.118051211039 130.007594823837 104.33566570282 104.407489299774 98.426083723704 82.9399923483531 64.9979561567307 58.6183965206146 60.1180692513784 53.574005762736 49.3877728780111 49.4843820730845 53.055077791214 48.6057996749878 47.5191920995712 49.1621196269989 50.5441178878148 55.4892818133036 62.6638780037562 72.3259995381037 73.402335246404 82.6992591222127 100.318928559621 108.48801334699 107.056051492691 103.941390911738 97.1579849720001 88.9381468296051 75.7903903722763 79.8785140117009 77.0147790511449 57.1251809597015 22.7831055720647 20.2940901120504 23.0785409609477 0 0 0 0 0 0 0 0
207.832415898641 212.109347184499 207.598090171814 209.745943546295 208.724121252696 204.084177811941 197.586238384247 180.411398410797 139.780263106028 115.234285593033 109.369486570358 107.517719268799 95.1540271441142 71.1812476317088 61.878095070521 64.3370499213537 57.6856583356857 48.8616128762563 52.6899397373199 53.9397646983465 51.9899725914001 48.2498457034429 52.1537909905116 56.4818282922109 55.0831904013952 60.1658324400584 65.0508900483449 65.9249623616536 73.7647215525309 92.1522478262583 102.332850297292 101.08079512914 104.682962099711 106.378644704819 88.4122252464294 82.1124861637751 86.5509609381358 93.6477879683177 88.2113575935364 49.2052336533864 16.7566438515981 0 0 0 0 0 0 0 0 0
184.097031752268 187.034666538239 189.518531163534 185.590167840322 185.233732064565 183.197557926178 186.641176541646 183.30850203832 153.739273548126 125.665505727132 110.034346580505 99.9027987321218 90.5996163686116 69.7880287965139 58.065801858902 63.9197578032812 65.5096024274826 54.0659825007121 56.211402018865 59.1442883014679 58.6826155583064 54.1118681430817 55.1603535811106 58.5651944080989 56.7150115966797 57.0130000511805 63.4200225273768 70.5935955047607 73.6434559027354 86.7752532164256 98.6248056093852 103.188703457514 104.770918687185 110.535442829132 92.205951611201 92.2487278779348 92.0935372511546 100.474377473195 101.078550020854 60.430516799291 5.99232191840808 0 0 0 0 0 0 0 0 0
160.009195407232 170.10509967804 181.103626887004 177.132626374563 176.244119803111 182.919859886169 191.769162813822 193.209846814473 174.667318662008 138.998061418533 115.111370881399 90.3208454449971 74.9484201272329 64.3027971188227 55.1064262787501 59.036190311114 70.1149602731069 61.8300139904022 58.5131694873174 62.4107172091802 62.9829913377762 58.8688751061757 56.0307900110881 58.7822794914246 60.2128009001414 59.6576829751333 61.9914134343465 70.866733789444 75.5158166090647 80.2846451600393 92.5561885039012 103.138635555903 105.682571729024 99.6565024058024 88.4875257809957 100.498328606288 103.916923205058 107.28112856547 108.071088790894 82.1885764598846 0 0 0 0 0 0 0 0 0 0
122.06377585729 134.056488672892 142.731159925461 147.943437099457 156.011233727137 172.44279384613 186.263144016266 195.162256558736 188.695073127747 156.363387902578 124.234825372696 91.3577775160472 72.0412731170654 68.3758656183879 60.184046626091 54.0176729361216 65.5901531378428 66.175510485967 59.9179764588674 59.6503665049871 60.2784504493078 57.3744972546895 54.2509953180949 56.3633491595586 59.8108371098836 63.7250244617462 63.4446342786153 68.838174144427 72.8642046451569 75.1361201206843 83.9977065722148 99.3745923042297 104.06701763471 89.1843438148499 92.0967658360799 111.595849196116 114.366998275121 111.775050560633 112.35918601354 108.157594998678 51.5322933594386 0 0 0 0 0 0 0 0 0
85.509200890859 92.6459133625031 92.2793249289195 102.802226940791 119.6408867836 137.599895397822 153.577069441477 165.782262881597 166.190276543299 141.044080257416 106.493731339773 80.7912747065226 67.9682642221451 66.0203993320465 62.1639688809713 56.6020756959915 61.1753265062968 61.766450603803 54.8725972572962 54.6895265579224 57.9520066579183 61.1151357491811 59.9717199802399 56.7090958356857 56.8331380685171 60.0251257419586 64.9345268805822 68.1266933679581 72.9226917028427 72.7216899394989 75.4895905653636 88.2765352725983 96.3649352391561 92.1176175276438 111.204375823339 123.037993907928 119.878182808558 113.222519556681 117.004146178563 130.675822496414 122.833003600438 61.6927842299143 3.34646087139845 0 0 0 0 0 0 0
74.0339756011963 76.2480348348618 76.1649608612061 78.4004827340444 87.6153210798899 94.3170587221781 98.2115070025126 104.515016078949 104.552795489629 87.8907243410746 71.6200917959213 66.9801334540049 66.1200334628423 62.9425247510274 61.8518491586049 62.1783087650935 60.8435720205307 60.260941584905 55.5665741364161 55.0642808278402 59.4445119301478 64.835528532664 66.1460260550181 61.956246693929 59.7564727067947 58.2030514876048 67.5076891978582 69.7658210992813 73.1729567050934 73.6978352069855 73.8201836744944 80.8696250120799 89.167575041453 99.2373526096344 118.723342816035 119.976888100306 111.983865499496 101.509660482407 105.194866657257 120.709379514058 135.527819395065 124.258249998093 69.6621735890706 9.64760097364585 0 0 0 0 0 0
82.4423879384995 80.077737569809 80.3305159012477 80.0035943587621 76.224277416865 74.3672450383504 73.0513334274292 74.1966565450033 79.1885207096736 71.0210253794988 63.0016128222148 64.248522122701 67.5453344980876 67.554384469986 66.6414101918538 64.4710858662923 58.9885711669922 66.5634473164876 67.6962683598201 63.2315874099731 65.4597580432892 65.0409162044525 64.5305216312408 65.6464248895645 67.8403874238332 64.1633321841558 68.3198074499766 72.0270574092865 73.2419987519582 74.9300867319107 76.4326353867849 79.2568624019623 87.1487657229106 105.096022288005 114.112317562103 107.85714785258 96.8800187110901 86.9850516319275 83.7531487147013 95.0992206732432 121.876209974289 132.730901241302 102.708021799723 45.2548563480377 1.74928006405632 0 0 0 0 0
87.3129665851593 84.2469334602356 87.2288544972738 85.562785466512 78.71146996816 75.4170020421346 73.1309503316879 70.474440852801 70.5748697121938 66.9301251570384 65.4244075218837 65.0172978639603 68.7009791533152 72.406142950058 71.9069639841716 68.4498250484467 65.2144998311996 71.4270273844401 73.8676091035207 67.5248851378759 64.8827999830246 62.6528064409892 59.3462536732356 61.1878931522369 65.6531602144241 62.7314349015554 59.7628255685171 66.4081772168477 70.5059617757797 72.4580188592275 73.7487773100535 74.6815452973048 85.2493147055308 104.85976934433 111.507693926493 96.3971614837646 85.032323996226 82.9321444034576 82.0485850175222 91.4933284123739 98.3164310455322 101.317604382833 88.5184109210968 53.7569175163905 5.20450932284196 0 0 0 0 0
71.1109389861425 73.8723576068878 82.6144069433212 80.1432430744171 82.6213508844376 85.182507832845 84.4025413195292 80.0896485646566 69.1750595966975 67.8785095612208 71.205606063207 67.3935165007909 68.4985866149267 72.222575545311 72.7387418349584 69.8296725749969 71.1710552374522 73.0570554733276 74.3498255809148 68.3443645636241 63.6273622512817 60.7300152381261 58.4331055482229 57.4597368637721 60.0741058588028 64.7537410259247 59.1618220011393 61.7654472589493 67.7398343880971 69.0790116786957 67.4145917097728 65.9032116333644 76.8246750036875 91.8102463086446 97.2535411516825 86.903194586436 83.4282239278158 88.8026754061381 91.4802849292755 90.542733669281 86.4875813325246 85.1394136746724 79.4291098912557 53.4470627705256 8.38852052887281 0 0 0 0 0
69.4872935612996 75.3139555454254 78.5525739192963 79.2580544948578 81.2125454346339 83.625058333079 84.0834081172943 79.9772093693415 75.4297822713852 71.4618613322576 73.4733839829763 71.0335671901703 67.8728918234507 66.1709556976954 65.9845570723216 66.2117004394531 63.124825557073 69.4451878468196 71.4319398005803 69.0754155317942 64.65811530749 62.5942250092824 61.9978010654449 62.9061957200368 60.3915601968765 68.7968035538991 71.8239297469457 68.1838492552439 68.0039326349894 68.00377368927 63.3298009634018 60.7306708892187 67.0746564865112 71.6195901234945 77.7712961037954 80.8733999729156 85.2936903635661 93.2504137357076 96.3341891765594 88.1534914175669 86.1723820368449 81.1782528956731 77.3490170637767 58.1257194280624 26.0072872042656 0 0 0 0 0
76.0294099648793 80.7365030050278 77.7216851711273 81.378827492396 79.7442694505056 79.9410492181778 81.4455995957057 80.1593164602915 81.2744448582331 76.8583069245021 76.1948525905609 75.4291067520777 71.2481091419856 66.3298467795054 65.3016616900762 68.9572244882584 64.5283361275991 67.8738454977671 71.3059256474177 70.6834495067596 67.6744679609935 66.9135898351669 65.3612265984217 66.5308237075806 67.9487536350886 67.8248951832453 74.8757769664129 72.0605552196503 69.2529380321503 67.5363639990489 64.758226275444 61.0621720552444 64.4680758317312 63.315083583196 63.7935151656469 67.2410627206167 74.7573524713516 85.6179594993591 88.2193247477214 74.2049713929494 76.6547272602717 72.6144810517629 71.6170569260915 68.7053352594376 49.6745457251867 17.4905980626742 0 0 0 0
