input/barkrak2/radiation/dir08124.grid
NCOLS 85 
NROWS 70 
XLLCORNER 665100 
YLLCORNER 4664600 
CELLSIZE 20 
NODATA_value -9999 
[rows 20 to 39 of 70, columns 0 to 45 of 85]
69.9071735143661 57.8405559062958 62.7218832572301 81.1205158631007 75.5852957566579 67.1223799387614 63.3667707443237 73.0451345443726 81.2658766905467 93.3093925317128 100.09569923083 101.501444975535 98.8524258136749 103.136320908864 113.359828790029 129.623601833979 144.959211349487 153.672804435094 164.243400096893 180.309077103933 187.60754664739 175.62735080719 173.53085676829 174.142062664032 175.471385320028 172.396798928579 171.179334322611 169.164299964905 175.748467445374 162.895182768504 163.207034269969 145.75187365214 147.447615861893 137.723336617152 154.009083906809 161.650975545247 161.793967088064 163.816193739573 167.972604433695 173.443635304769 175.077776114146 175.666153430939 178.82513999939 171.349227428436 176.942626635234 182.899216810862
99.5727479457855 86.9314074516296 79.5913835366567 102.430293957392 100.14671087265 68.2352781295776 71.6348886489868 84.0460658073425 86.5144729614258 93.0577218532562 95.4296092192332 96.5972642103831 98.6867547035217 93.5437877972921 105.643530686696 119.207839171092 134.905417760213 147.096902132034 157.489826281865 174.205998579661 182.366192340851 194.416403770447 198.880751927694 194.592575232188 184.672296047211 171.668410301208 158.834079901377 153.548101584117 158.544858296712 157.641539971034 135.78607638677 108.87023806572 92.6065742969513 76.9775410493215 74.3097563584646 101.654460032781 110.822886228561 149.682889382044 162.974417209625 166.786789894104 166.38911763827 164.627840121587 154.020289580027 137.722700834274 163.582007090251 177.16509103775
145.909597476323 142.140120267868 122.474253177643 123.385260502497 122.070213158925 87.5230431556702 95.2534874280294 90.6942089398702 86.2956245740255 89.5419418811798 97.2368915875753 98.3966588973999 103.535572687785 106.303711732229 109.054177999496 115.935037533442 127.506792545319 140.90238014857 150.166382392248 154.853771130244 159.502377112707 176.058113574982 185.148994127909 188.638190428416 184.9378546079 174.018224080404 159.830808639526 150.661806265513 156.258563200633 135.541329781214 99.3359883626302 64.654474457105 46.3165193796158 25.4014084736506 21.6504434744517 35.3710899750392 64.6609564622243 86.6560935974121 107.082277536392 126.668592294057 140.112509330114 143.85461807251 126.70686841011 103.329519430796 133.444199959437 170.357664426168
183.099627494812 174.328148365021 142.383098602295 130.165159702301 127.702782551448 123.869101206462 114.438593387604 93.3254857858022 80.6122074524562 83.876500527064 99.2261866728465 100.20582874616 107.709606488546 120.483219623566 115.865250428518 117.403447628021 126.570453246435 139.811168114344 145.254562298457 137.40070660909 136.93431019783 142.262955506643 157.743314901988 166.99892282486 169.901967048645 163.69907061259 147.986759742101 142.690638701121 122.03719218572 92.6406979560852 63.5446608066559 52.4207005898158 23.7519890069962 1.51196727529168 0 2.22457231332858 18.0319882929325 38.5691275199254 55.4915567239126 69.1850483417511 75.0701328118642 65.2445256710052 79.2544037103653 114.71825838089 128.294885158539 156.571090221405
174.892604351044 176.949481169383 159.391512473424 133.687277634939 118.417203426361 120.656222105026 111.451059579849 100.706199804942 90.7181302706401 86.9836211204529 92.7380919456482 99.397212266922 107.354919115702 116.617580254873 116.543769836426 115.823497374852 124.694466590881 136.640439430873 144.265790780385 134.271621704102 136.122286319733 131.676415602366 141.551991303762 148.093005021413 150.228391091029 147.725482781728 143.812080224355 129.463086525599 109.915564457575 59.9528004725774 54.536630709966 53.4168978532155 32.1194007992744 1.7845177402099 0.224501321402689 3.97621250400941 10.7477344572544 24.3599439660708 31.3409318526586 32.8239550193151 34.648006161054 33.2216843962669 53.8656115531921 141.759733359019 140.168458223343 151.901294787725
162.350098292033 167.053083578746 169.140815734863 141.152163346608 118.672798077265 119.68735853831 121.224731206894 129.715194304784 127.183854579926 113.603711128235 107.007851203283 110.196381807327 117.575039466222 128.44576438268 128.326098124186 120.378355185191 123.223145802816 135.669360558192 142.38249262174 145.824372768402 149.58777030309 145.211646954219 141.231268644333 139.20071721077 140.225807825724 139.424582322439 132.023990154266 123.353143533071 98.7724661827087 83.8849445184072 82.7248493830363 93.2710071404775 86.8029495080312 28.7252490719159 10.2488566190004 17.7304806808631 17.5550219913324 22.0098371307055 25.2376720309258 21.9050670663516 20.477664967378 23.9087219039599 65.9018059571584 139.108071724574 159.250924984614 163.248360157013
164.449354012807 166.474481423696 171.704729398092 149.833122889201 135.110328594844 138.72562845548 149.935374657313 157.841046651204 162.734190622965 154.364903767904 129.914035399755 136.756658554077 136.371980110804 143.630882104238 142.658531665802 131.731142600377 128.080944220225 139.977027972539 147.565503915151 161.040047804515 163.411140441895 160.039981206258 149.194459120433 141.548206408819 140.398770570755 140.458087126414 131.27609093984 129.012187321981 114.923218886058 118.024269739787 134.24359758695 159.845878680547 169.086436430613 153.207908074061 77.755331993103 35.7725545763969 31.5645361940066 30.2409082651138 27.6805907487869 20.1657079160213 34.1979141036669 69.6493287881215 107.403288284938 129.202584425608 157.514492670695 155.833562215169
163.228849569956 161.849518616994 167.063673337301 154.527505238851 167.110999425252 164.950688680013 173.993309338888 174.395898977915 172.542969385783 167.123913764954 146.370013554891 141.449719667435 145.620534817378 145.649572213491 149.316628774007 144.070327281952 137.404382228851 146.150747934977 159.603168567022 164.726595083872 163.354853789012 154.504030942917 149.065275986989 149.864534536997 150.061984856923 148.176034291585 144.606620073318 140.95809062322 151.418149471283 161.502093076706 177.27800210317 189.594745635986 198.513865470886 210.085193316142 179.186940193176 81.130529443423 44.7795192400614 35.3777011235555 21.0470457871755 19.3416414161523 57.5081507364909 136.693716049194 131.265223026276 116.642395655314 124.257932106654 121.487398942312
165.738960107168 154.472768306732 158.971707026164 159.726878007253 189.904411633809 180.229942003886 173.422873020172 159.636716047923 153.094232082367 150.102744499842 138.362993796666 132.089714209239 141.074120998383 146.984150012334 152.590990066528 154.891113440196 150.999963283539 147.697478532791 158.936500549316 160.682141780853 157.27033217748 149.893899758657 149.401744206746 155.40936589241 156.490832567215 150.802453358968 152.343859275182 149.165610472361 162.762463092804 176.485240459442 196.187376976013 209.285457928975 215.787132581075 217.222929000854 217.021803061167 151.10452969869 45.3506658474604 17.1322301030159 10.9068863093853 21.0977842410405 75.2923786640167 127.364059289296 116.141935189565 86.5395863850911 83.351731300354 85.9828591346741
165.611773729324 147.982041041056 152.567913134893 168.551067511241 189.697821935018 176.343441009521 155.03207842509 131.584525108337 118.85792016983 111.26850048701 110.262155532837 115.222662687302 131.889382998149 145.737856626511 154.139409462611 160.074412822723 158.014188210169 141.118943691254 145.840913057327 150.035917758942 151.103387276332 151.546905438105 151.860574881236 159.055153528849 161.375949780146 156.711210807165 159.954229990641 156.462877988815 159.264693657557 184.449136257172 207.779467105865 222.242891788483 221.455872058868 220.248977343241 231.383760770162 221.838295459747 140.985598166784 49.4387298822403 33.4086070458094 38.9347126086553 64.6641800800959 81.8492025136948 90.5027985572815 61.0695679982503 53.9259314537048 64.3131037553151
162.015567223231 167.363941669464 195.587495962779 238.366007804871 220.239400863647 183.324595292409 142.914394537608 110.239138205846 97.8564222653707 102.859238783518 100.933263699214 100.72273015976 120.439390341441 142.454276482264 156.181285778681 161.959916353226 158.753126859665 144.911895195643 145.133157571157 147.914826869965 146.979649861654 154.534757137299 158.19459160169 158.921639124552 165.887534618378 169.89537080129 168.313801288605 167.172372341156 171.777844429016 193.537533283234 218.030095100403 228.03537050883 223.832011222839 231.024742126465 242.930014928182 247.822721799215 231.125116348267 181.934555371602 97.7016488711039 59.3885083993276 49.632266163826 52.9014766216278 70.3923453887304 56.9721361001333 53.6112487316132 67.9135074218114
180.606265862783 217.559377352397 262.326995531718 285.049279530843 278.577287991842 227.779269218445 172.871152559916 131.082316239675 119.032760461171 126.479883988698 119.854460159938 105.831732352575 113.621493180593 135.185798009237 155.007551113764 161.775012811025 160.636742909749 153.423597415288 146.928052107493 149.435301621755 150.133162736893 153.628001610438 158.229748408 160.100241502126 164.613783359528 177.94930934906 180.984377861023 186.98795636495 189.941624800364 204.559922218323 220.895131429036 230.023701985677 232.606013615926 240.757962067922 247.44842449824 244.403858979543 241.057177384694 242.633243401845 180.607279141744 97.237487634023 56.6786626974742 55.6258012851079 58.7378044923147 60.3224734465281 72.2567935784658 96.3867902755737
240.657786528269 273.743351300557 290.592928727468 289.650718371073 298.526167869568 282.574395338694 244.995752970378 202.390213807424 175.969660282135 164.469420909882 159.399847189585 143.200218677521 115.958690643311 129.505117734273 156.569431225459 163.43758503596 158.227344353994 161.544591188431 149.748851855596 149.781843026479 153.868784507116 155.258278052012 157.998224099477 158.651491006215 164.98718659083 179.974933465322 187.908470630646 196.527898311615 201.796988646189 206.901351610819 221.372564633687 233.579814434052 233.03759098053 230.783700942993 232.825338840485 222.021996974945 222.867945830027 218.759914239248 178.708891073863 122.41409222285 83.3972593148549 74.1162151098251 62.0332658290863 61.5927875041962 73.3581682046254 98.4088877836863
278.028110663096 294.451932112376 293.607513109843 284.708877404531 293.231387933095 298.708379268646 286.311149597168 248.618344465892 212.474048137665 193.394601345062 193.113346894582 165.795942147573 137.535015741984 138.09660077095 151.514132817586 156.853944063187 153.47417195638 155.058224995931 150.079866250356 150.633196036021 150.57036280632 151.58623456955 151.149779558182 153.117835521698 162.158866723379 174.01530345281 188.139140605927 191.850940386454 198.833823204041 209.738373756409 223.489860693614 225.152373313904 212.141374746958 201.514065265656 204.706033070882 179.104447364807 179.473121960958 166.17293159167 135.387718677521 104.977985223134 111.083179712296 101.687043905258 78.8107067346573 66.4142767588298 65.2388483285904 80.0661643346151
288.62339258194 291.621009508769 293.069243431091 290.987432003021 289.598206679026 293.562451998393 297.762354214986 279.165228207906 235.804180304209 197.859227657318 186.817904313405 183.836142222087 171.298801898956 156.038383642832 154.386103153229 157.004376252492 152.368625005086 148.640980323156 150.213638941447 153.934955596924 149.928838014603 148.776978254318 150.661359230677 153.443286816279 157.74858991305 167.59059826533 178.588370482127 180.107812086741 187.90860970815 205.57427406311 216.106752554576 211.007297039032 198.775728543599 194.5428053538 179.306944211324 165.239115556081 169.015904267629 169.796049594879 153.465489546458 129.723360141118 129.995445410411 134.058177471161 113.732516765594 94.531128803889 78.544427951177 69.7337239980698
289.331714312236 290.488243103027 290.557106335958 289.41144545873 288.518945376078 286.54944896698 287.976642449697 277.841051419576 235.097130139669 202.511310577393 187.283297379812 187.197188536326 185.537099838257 166.577388842901 160.827348629634 164.956331253052 158.871591091156 148.711492617925 155.424694220225 156.347354253133 154.692043860753 149.982422590256 153.970420360565 159.863313039144 157.824297746023 163.547704617182 170.32394806544 171.51153087616 178.497036298116 199.014544487 206.887026627858 202.98953851064 201.419532299042 202.449599901835 177.607556184133 175.263861815135 181.037306785583 187.500456968943 187.025547027588 163.136134545008 123.757898807526 118.657837311427 100.88857014974 88.2333517074585 76.7128964265188 61.2617631753286
277.569731076558 279.704988002777 281.477411588033 280.031939347585 277.257164319356 274.834116299947 280.497272809346 279.809355735779 243.506213029226 204.695105552673 189.488410949707 184.826811154683 184.97888247172 167.206307252248 158.623476823171 166.606605052948 169.653077920278 155.247161785762 159.318576256434 162.470767895381 161.195913950602 156.958868106206 157.096912463506 162.548174460729 159.935315450033 160.181154807409 168.756445248922 175.369660059611 180.583417415619 193.587183952332 205.226580301921 206.027547518412 200.043499469757 204.561054706573 180.031577746073 186.401744683584 188.919226328532 196.132222811381 196.812033653259 169.482747713725 96.4058538277944 72.298934062322 62.5086675087611 53.1464020411173 51.8268495798111 49.1733054320017
261.839389801025 267.718116442362 275.221665700277 273.562848567963 272.403041521708 275.519728660583 281.637291113536 283.755898475647 260.098477204641 216.306547323863 194.684167702993 180.193344751994 174.948136011759 164.827922979991 156.22224410375 161.859403053919 175.626536210378 165.282060702642 162.355363368988 165.476183096568 165.499975283941 161.990483601888 158.453752597173 162.282228469849 163.321177164714 162.249108155568 167.242805163066 177.021642525991 182.11829662323 187.084297339121 198.809961477915 207.378745079041 203.049699465434 188.18054596583 178.348183631897 196.073313554128 203.191002209981 206.176261107127 194.162269433339 182.943999767303 90.8495386441549 40.9212162097295 19.74164818724 18.9376610020796 19.5956925551097 17.6849005122979
230.326692263285 239.2538189888 247.286240259806 251.969854036967 257.588267326355 269.098321596781 278.090258439382 282.250881195068 272.526621818542 236.976246039073 210.155367851257 187.49996026357 174.588918685913 171.383062998454 162.893037001292 156.038125356038 170.354564984639 169.625739256541 163.015683492025 162.313799063365 162.795672814051 160.63995162646 156.421919663747 159.343779087067 162.767142057419 166.995426019033 167.98722743988 173.736035823822 178.956945737203 181.51730298996 190.571308135986 205.298145612081 194.457610448202 176.222940286001 183.768093585968 210.823734601339 217.122753461202 211.867074171702 203.493098417918 201.203346252441 156.48627281189 65.9616887569427 29.1263038913409 21.6998209555944 21.4192296067874 16.1919419964155
194.201787312826 201.31649573644 201.006313165029 211.620589097341 226.215322812398 242.211321989695 254.648566246033 262.070596218109 259.473423163096 235.449194908142 208.286643028259 184.804638226827 172.053456306458 169.076800346375 165.735224882762 158.228794733683 164.748698472977 165.005683898926 156.267106533051 157.267997662226 160.615414381027 165.139625469844 162.98034787178 159.407436847687 158.060948053996 162.026723225911 169.73743836085 172.979831695557 177.976250648499 178.876539071401 181.485533714294 194.512983163198 186.784327030182 181.817591190338 209.522147973379 223.964591821035 219.476421674093 212.959587574005 211.150904496511 221.47923707962 229.504505793254 183.081845442454 95.8465437094371 53.9604425430298 34.0385834376017 16.0675073663394
