input/barkrak2/radiation/dir00124.grid
NCOLS 85 
NROWS 70 
XLLCORNER 665100 
YLLCORNER 4664600 
CELLSIZE 20 
NODATA_value -9999 
[rows 0 to 22 of 70, columns 0 to 51 of 85]
43.595522642135599 56.2030772368113 67.4764215946198 78.5954395929972 83.688497543335 88.0832970142365 93.2221213976542 94.10493572553 101.407070954641 120.151082674662 120.929141839345 117.168029149373 112.871368726095 113.550096750259 113.60435684522 99.5151499907176 88.0623360474904 78.0424823363622 77.8498649597168 78.4787734349569 86.4451428254445 102.347612380981 118.654588858287 121.067305405935 122.544229030609 130.249629418055 129.080533981323 123.203694820404 121.067384878794 124.75715080897 121.461709340413 142.819911241531 171.684324741364 166.775941848755 163.555920124054 159.927189350128 163.714488347371 168.854832649231 163.420230150223 165.331919987996 162.601123253504 170.49245039622 176.391959190369 168.562849362691 160.257051388423 169.756174087524 179.108699162801 134.596556425095 91.3318693637848 87.5651041666667 107.996573050817 147.39590883255
28.6096483469009 38.6854857206345 46.0030287504196 55.6041151285172 64.6964808305105 72.0038016637166 76.2729545434316 87.8721276919047 89.7776087125142 97.7807442347209 98.255733648936 108.069866895676 113.556385040283 113.57789238294 113.66198460261 101.842274268468 94.2891935507457 85.1730803648631 82.8223377466202 81.4389636119207 93.9952035744985 116.505364576976 128.606021404266 129.88668680191 130.556017160416 134.775906801224 132.162431875865 124.404728412628 121.084630489349 125.112642844518 129.242519537608 150.776406129201 171.068370342255 164.28679227829 162.09947069486 158.828675746918 165.870139996211 169.819633165995 162.298142910004 162.704765796661 161.78290049235 165.177534023921 161.34109099706 151.090413331985 149.069100618362 161.044458548228 163.05015484492 126.442730426788 98.6483295758565 107.938935359319 134.912540515264 167.050997416178
9.79419238865376 12.8023351232211 19.1619197527568 25.1496930917104 29.1727135578791 35.2244724829992 45.1752195755641 62.132606903712 69.7879145542781 74.2273479700089 84.4594736893972 88.0200068155925 93.3096011479696 97.8915890057882 99.966436624527 111.756652593613 109.362969795863 99.4456609090169 83.8677783807119 80.8102289835612 88.782012462616 106.26142223676 125.660489002864 125.093877315521 130.0122042497 130.753298600515 129.949231942495 125.044773022334 123.726179202398 127.682735522588 136.408378680547 160.524745782216 171.000003814697 165.528327226639 161.461114883423 161.304394404093 168.090164661407 169.993976751963 164.20790553093 160.100489854813 156.787633895874 150.605261325836 140.755474567413 133.326550324758 134.958485762278 148.114333550135 147.761076688766 120.192805926005 113.474071025848 134.643981854121 157.897690931956 176.915387312571
3.83002497255802 3.78469408800205 6.43650442361832 6.70679782827695 6.14380650222301 12.0020061731339 16.9925764203072 25.6214787562688 37.687877813975 49.0167836348216 57.5072815020879 72.0479190349579 77.7790248394012 82.075039545695 86.5761538346608 92.4536387125651 92.3026899496714 87.3529712359111 78.8262536128362 77.004998922348 78.0739535888036 82.4431677659353 94.691663980484 102.154393990835 112.462113300959 115.262508392334 115.378548701604 120.756030082703 125.578353802363 131.793389717738 137.385716040929 148.375640312831 149.799168109894 150.566150744756 161.674817403158 161.771376927694 163.971215486526 161.972383658091 155.613283316294 146.534224351247 142.790416876475 137.695759534836 136.453102032344 145.09908358256 149.813860654831 142.228345076243 132.152607043584 117.648402849833 122.564444939295 137.183219194412 156.130025784175 173.286358515422
10.7948357860247 4.46640141308308 1.07882932449381 0 0 2.06324070071181 9.36701769630114 15.4621079564095 20.7152937849363 23.6505518356959 36.9124164183935 46.2582459052404 55.9936513503393 61.3895207643509 67.8786188364029 69.973960518837 74.7994730869929 74.923833211263 72.8879868984222 72.1876074870427 73.4255860249202 75.9014834960302 84.5596591631571 93.2943224906921 98.5178550084432 106.531282265981 110.011140505473 113.327483336131 119.938691457113 122.273107369741 129.932304223379 144.198020299276 141.547938187917 141.998589038849 143.488069375356 142.366995414098 147.073090076447 149.464388688405 143.63439877828 135.898013909658 135.572890440623 136.508365472158 142.744282881419 150.740762551626 152.537266413371 131.240298350652 109.462916851044 107.80660311381 117.359201113383 133.536080519358 162.225772937139 175.288915634155
33.2686826586723 17.700436214606 6.21665827929974 0.240939029026777 0 0.911174885307749 4.0454709281524 10.606216887633 15.1507742702961 14.992152651151 19.5883090297381 24.5568702618281 30.027911067009 34.5266411701838 43.5374478499095 51.5169054269791 55.8127760887146 61.5796546141307 66.8701082468033 74.0329027175903 78.8711408774058 83.1346909205119 84.1671625773112 87.800403436025 93.9963161945343 100.145787000656 103.069961071014 110.137542088826 114.710112412771 120.432148377101 133.41694076856 140.970945358276 132.098416487376 130.944897731145 134.462614854177 132.837146520615 130.450795094172 126.56636039416 123.609294493993 134.332120418549 135.659088691076 135.308057069778 137.482831875483 140.107373396556 136.558880408605 111.083080371221 87.8147482872009 96.2062875429789 112.827797730764 144.645482301712 164.734075466792 173.072814941406
48.3025461435318 31.7534431815147 19.124881674846 8.86234144369761 2.25643658389648 1.1651615301768 1.17018617068728 6.54546668132146 11.1844117442767 15.7106084128221 16.2253653009733 15.2383695046107 15.5132909615835 15.9140999118487 18.2147684196631 26.0665019353231 34.3725631634394 48.2105314731598 60.6051584084829 73.0210145314534 80.0915062427521 85.0815673669179 86.4685972531637 85.8582059542338 90.1667177677155 93.2638545831044 98.493754863739 104.555875062943 108.050922552745 116.93083246549 126.530269781748 129.727691411972 122.51936395963 116.794536511103 121.749957402547 121.929128964742 122.9208111763 117.45152870814 114.027241865794 109.330922365189 108.042846123377 119.334975878398 125.496377547582 132.192532221476 130.767971277237 127.039780219396 133.010864257812 137.632111708323 145.635316769282 154.904226462046 159.102072318395 159.392575422923
60.3525638580322 45.6676731506983 33.2216694951057 20.5703439811866 11.8035177389781 3.6248400186499 0.814865110442042 0 5.56353107094765 14.4598272939523 18.0468733112017 18.6713437239329 17.0773540933927 15.3636919955413 11.9826483229796 14.6309062838554 21.0680812597275 30.9865102171898 44.3092435598373 57.7402661244074 68.2675838470459 78.347181280454 84.7187836964925 85.5054259300232 88.0660812060038 88.3993109067281 91.1730229854584 93.8223898410797 95.3152279059092 108.061492443085 116.72164996465 116.897920767466 110.65278450648 107.325861851374 103.814214468002 105.584154526393 113.334516684214 111.221770445506 109.542330106099 97.1912046273549 93.1050777435303 101.394355297089 120.870143175125 131.816963354746 136.049528916677 141.526331504186 149.568776289622 152.560184399287 156.65739774704 155.334870020548 151.522258917491 149.054765701294
55.3359488646189 47.3141918579737 35.0048393011093 28.0515948931376 19.035982588927 11.6963821152846 3.77606165905794 0.30633593754222 3.797329030931 7.8866599748532 12.398806711038 19.5678410430749 22.073949376742 23.3050684134165 19.9584166208903 18.682320912679 18.3889692028364 21.8508144219716 28.5641426841418 38.7923667828242 48.3700533707937 59.4162394603093 71.0781812667847 70.7505395015081 76.9316256046295 75.5830903848012 78.7918418645859 80.6961208581924 83.198070526123 86.8951380252838 91.4701223373413 95.5556134382884 97.7657039960225 95.3211088975271 97.8163182735443 97.7173447608948 102.130522330602 103.604127963384 106.124420960744 101.331720749537 102.566331624985 105.682055155436 110.522508621216 115.837613741557 132.177978754044 131.939709186554 133.616387844086 141.272515058517 150.402595599492 145.942002534866 135.961165030797 139.823456605275
36.5836098790169 31.8327446778615 27.0776525139809 22.2673167785009 17.1240903437138 9.69750061631203 6.03971506158511 7.52941643198331 3.98445005218188 1.64840277284384 3.76093791176875 12.0312484602133 20.8148658275604 31.040998796622 31.6597744822502 30.7130515575409 23.9042739073435 23.1368790070216 22.3997533321381 25.4759813348452 30.1832805077235 35.9673028190931 43.9984301726023 51.1335184176763 60.165748000145 62.774732708931 64.0242795149485 66.9065962235133 67.7496294180552 72.9134331146876 71.2130616108577 67.5414552291234 71.0445642471313 79.3547133604686 88.238130013148 92.2094484170278 92.1869476636251 97.1535742282867 102.203329404195 108.437915643056 112.17333873113 111.127763986588 112.25297053655 112.576206525167 112.586339314779 126.831948757172 134.688218434652 138.83775472641 141.254802544912 140.266120433807 141.413847605387 138.909180959066
5.6243675450484 1.78424175828695 0.606985141833623 0 0 0 1.08742628556987 8.63639389475187 7.64863068858782 4.55841608345509 2.02365033328533 0 12.3908581833045 23.6063847939173 32.85218278567 30.0833384195964 28.5391137003899 26.3481289148331 22.6379533608754 20.656464000543 21.3353385527929 22.6637547214826 25.7523829738299 35.55528819561 45.1799631118774 51.6372521718343 53.4077038367589 54.1648020346959 59.509019056956 59.5876524845759 59.4231486320496 61.906377474467 61.471422513326 59.7355117400487 62.0751480261485 79.179788629214 85.6455564498901 89.4420246283213 98.5102852185567 112.167080243429 112.909545501073 111.887802680333 108.085781335831 107.953310012817 106.990665197372 110.605796178182 114.783893028895 128.019114335378 136.001904805501 139.904161294301 141.59236351649 137.136111656825
0 0 0 0 0 0 0 0.404077659671505 10.6777288019657 9.24551486968994 5.1731929803888 1.78935720274846 3.12664763381084 11.2146822114786 22.0871915419896 26.543490588665 31.9764787952105 30.5077359080315 26.1933083335559 21.6065719723701 18.8326599697272 18.7102196117242 19.3617815772692 25.0193327665329 31.5967947244644 36.4668716986974 39.4719963272413 42.2563254833221 46.2950865427653 49.9747693538666 50.0181665023168 48.3916600545247 47.0354010661443 49.5962202548981 47.0383167266846 44.5181330045064 54.8815230528514 79.8164705435435 88.7359976768494 102.070738871892 106.643189986547 102.805445591609 97.5229541460673 96.2006052335103 95.9393382072449 96.7480142911275 96.794068813324 100.634415944417 102.719922860463 106.237630049388 128.715217113495 130.400836467743
0 0 0 0 0 0 0 0 2.5575280499955 11.5363225340843 12.3532004654408 8.05048768719037 1.49138752991954 0 8.64551464716593 20.9238628546397 30.1749408245087 33.9830443263054 32.6558873057365 27.6792993148168 24.2832054694494 24.5111833016078 25.4610280195872 25.9993424018224 27.4189387758573 28.6271572113037 32.0971285303434 38.0776847402255 39.0439281860987 37.758914132913 41.1559343338013 40.9397408366203 37.8251920143763 35.1335679491361 34.204309185346 36.7216219504674 35.1126988728841 34.375990430514 38.575919965903 51.9900619983673 78.5367488861084 82.317128777504 84.4167768955231 85.4843954245249 85.0124855836232 86.8098835150401 82.4736505746841 80.9373209873835 84.1230352719625 88.2306198279063 92.4706260363261 95.1085488001506
0 0 0 0 0 0 0 0 0 5.08131024738153 15.6532401839892 18.9801181356112 15.0937102735043 8.47540112833182 7.01714679598808 17.4442765613397 25.9290784597397 34.3698064486186 39.5538732409477 39.3340662121773 33.6683044830958 32.2485417127609 31.7968999346097 31.5030192335447 33.802218735218 33.4108422199885 35.3959004084269 42.165532708168 41.6248515248299 35.5294868350029 35.3856285413106 38.2261276245117 33.786341547966 30.2961518367132 29.3310408790906 27.4518082539241 23.5656648874283 21.3098178307215 19.096314907074 18.7815353274345 28.1609868009885 37.0353981852531 41.9441759586334 50.2079079548518 55.7328760623932 67.7665968736013 68.1438942750295 66.2919233242671 64.416249593099 66.9602255026499 72.0767577489217 78.3245414495468
0.428516107300917 0 0 0 0 0 0 0 0 0 13.880663861831 26.3257597883542 33.2981819907824 27.2498776515325 17.3747303585211 16.4585324625174 18.851462751627 27.8554533918699 38.2102479537328 46.6612080732981 46.5738077958425 42.6449179649353 42.657216389974 41.3304294149081 40.4578521847725 40.3384317954381 40.2860442797343 40.8380354444186 41.691909233729 36.4399825533231 33.4957887729009 32.0419818162918 31.6165337959925 26.7382835348447 25.1253594954809 22.5164815783501 18.1259873012702 14.9708054959774 13.8536828259627 11.0253368814786 8.42825944224993 12.3395261665185 19.2652717232704 28.8822054862976 34.6033424139023 37.6929168899854 49.3865609169006 56.6911995410919 56.853195031484 55.3900500138601 57.085524002711 63.1754000981649
1.05508828225235 0 0 0 0 0 0 0 0 0 3.72909909735123 21.3810950517654 35.0176617503166 41.170172393322 32.542938987414 19.4212719798088 15.0870556632678 16.5886580944061 25.5015914638837 41.8374439080556 51.4424691597621 49.6500631173452 51.1351476113001 47.5300947825114 44.8655883471171 46.3459889094035 46.941876411438 43.8007861375809 41.6387269894282 42.9178277651469 36.474272608757 32.1033472816149 26.5730569760005 21.8043227990468 18.0833712220192 14.8110600809256 11.7901675403118 7.79387479027112 6.74098916351795 5.0252719471852 3.17960263540347 1.83231523260474 3.04715428501368 7.89369766910871 19.1182121634483 27.8294732173284 36.0979959368706 43.9259211222331 47.6928253968557 48.9758302768072 49.0382462739944 54.6508282423019
0.561736640520394 0 0 0 0 0 0 0 0 0.00987233761406969 0.234508440674593 13.9340398212274 29.80075776577 40.4534488916397 41.7360564072927 36.646232008934 31.0327137509982 24.1421262423197 20.2138647437096 25.7017364104589 41.6908313830694 52.4014929930369 57.2018722693125 54.1873375574748 51.2543618679047 52.2388964891434 53.5442680120468 51.3405501842499 50.2261569102605 47.3789076010386 44.4462448358536 34.228357175986 26.9344871242841 19.9120876689752 14.7463505466779 11.1669053634008 8.22974927723408 5.21850027143955 3.48922424018383 2.43233237415552 0.829770229756832 0.030064921399268 1.53668585379611e-09 1.04707867528001 3.96545045077801 14.2969476679961 21.3239540656408 24.8983403046926 34.1544027129809 43.2306081056595 46.5726405382156 50.6415714820226
0.155893416376784 0 0 0 0 0 0 0 0.260539352893829 0.318382905485729 0.309680472128093 8.40485592683156 18.7421639760335 29.937947789828 44.6403870979945 49.1425295670827 48.7921088933945 40.2324522535006 29.8291618625323 21.457942823569 27.5549590587616 45.6809898217519 52.6092847188314 56.1267336209615 57.5691759586334 59.5516016085943 62.2167885303497 63.4122937917709 58.5900843143463 53.444559375445 44.630895058314 34.5676417152087 27.2925371925036 18.964863071839 13.1488131980101 10.8331727484862 6.19839814802011 3.13579135884841 1.09466739619772 0.140392716275528 0.00476404329674551 0 0 0 0 4.227791291972 6.47205611069997 11.5782655775547 18.7175609171391 21.9711537162463 29.7812869151433 37.4050413568815
0.178140491091957 0.223340563631306 0 0 0 0 0 0.544160604476929 1.077509795626 5.51618138949076 9.38738882541656 12.2373191018899 15.6053155660629 22.5250373284022 31.7055260141691 43.1836942831675 48.1822987397512 48.7409830093384 46.9811409711838 36.4692136645317 25.3943254550298 34.0205579996109 41.351651151975 50.1078416903814 58.8784863551458 63.7237330277761 66.3528343041738 65.8394048611323 57.989314198494 56.5962741772334 45.5672492583593 36.0451862215996 27.4342596530914 18.0119797587395 10.1961164424817 6.21653348207474 2.1734597782294 0.662475513915221 0.0363629126998906 0 0 0 0 0 0 0 0 1.36508901293079 7.14668693641822 11.0728939374288 15.7112963497639 15.511682877938
0.136226958905657 0.000108512153929041 0.0150761552504264 0 0 0 0.0244066031882539 0.807336609189709 1.76561841120323 1.99584104120731 3.5051324715217 9.14834129313628 9.66702712078889 13.5147646069527 21.5434183677038 33.6617082357407 41.3091133038203 44.6048776308695 49.1490662097931 48.6003110806147 41.5286819140116 33.2893778880437 35.3260561823845 43.660968542099 52.2711326678594 58.8578184445699 65.5048837264379 67.6609923442205 59.3059410651525 49.338310956955 46.5611616770426 36.7223148544629 24.3726794918378 16.6174098849297 7.77783369024595 3.46226276208957 0.67343112702171 0 0 0 0 0 0 0 0 0 0 0 0 1.4630729953448 4.57520938167969 4.77572344243526
0.920586986467242 0 0 0 0 0 0 0.983066624030471 1.67577418809136 1.69779888043801 1.24115419263641 0.542838204031189 3.7102767576774 5.52914229532083 9.94917750358582 20.220826069514 28.4770851333936 33.5592180490494 41.0760293404261 50.8990486462911 56.6989233096441 48.4005411465963 46.432559688886 49.4908690452576 51.2449592351913 52.2266328334808 56.4421067635218 60.0823263327281 56.0628275076548 45.5230673154195 36.7642765243848 26.2144505977631 16.8954096734524 8.99003942807516 1.67860292519132 0 0 0 0 0 0 0 0 0 0 0 0 0 0 0 0 0
7.92930833995342 2.86579442520936 0 0 0 0 0.400459432664017 2.00436621283491 2.32976799209913 2.54567060619593 1.14112184382975 0.971075535441438 0.859354234610995 0 3.89015736679236 12.455710520347 21.5621913472811 28.1296446919441 34.7880770762761 46.5672463178635 53.3099720875422 62.2095763683319 67.267378171285 64.2538915077845 59.9944790204366 53.1733234723409 48.3618279298147 43.8892294963201 52.5856862465541 39.4478713472684 24.4896858930588 14.4625678658485 6.87644009788831 0.656137242913246 0 0 0 0 0 0 0 0 0 0 0 0 0 0 0 0 0 0
31.1642636855443 25.3559052944183 7.76803307235241 1.30921555683017 0.0119183969218284 0.052204733947292 3.06938247134288 3.58447494606177 2.92737192163865 2.25400381411115 1.78124088173111 3.71461392690738 6.12202721337477 5.15331731488307 5.83552072445552 9.84352951248487 17.8872148195903 25.9307846426964 30.495248734951 32.5028896331787 36.3343308369319 48.1520791848501 57.7487250169118 63.0096991856893 61.7490808169047 55.4291307926178 48.8789429267248 43.1447873512904 35.1492563883464 29.4304738442103 13.2777355611324 3.34379263222218 0 0 0 0 0 0 0 0 0 0 0 0 0 0 0 0 0 0 0 0
