input/barkrak2/radiation/dir07024.grid
NCOLS 85 
NROWS 70 
XLLCORNER 665100 
YLLCORNER 4664600 
CELLSIZE 20 
NODATA_value -9999 
[rows 0 to 19 of 70, columns 0 to 46 of 85]
191.725075244903991 207.768479983012 224.585771560669 245.159109433492 255.084772904714 255.49570719401 249.475836753845 243.652760982513 244.08354361852 247.104128201803 246.302962303162 246.095240116119 244.190375010173 244.948128859202 246.781706809998 235.734542210897 223.491787910461 212.16756105423 209.658265113831 197.846174240112 195.802927017212 211.310664812724 238.295515378316 246.343493461609 248.646835486094 260.006388028463 258.650342623393 243.48254998525 228.335022926331 226.676980654399 222.432315349579 243.353605270386 287.679235140483 285.55816411972 281.866451104482 270.552257696788 274.11021788915 288.855175177256 285.343170166016 284.223973751068 273.680885632833 275.390187899272 285.589814186096 284.771978855133 273.804763952891 277.277410030365 282.885134220123
169.234871864319 187.56111462911 203.777432441711 224.027713139852 238.155901432037 243.441303571065 243.313392003377 245.173176129659 253.524263699849 253.581285476685 249.4109471639 246.846040089925 245.873053868612 246.28339211146 246.146023273468 235.807259877523 229.491273562113 220.425605773926 215.746482213338 205.633143583934 210.155308246613 231.782853603363 253.264685471853 256.428321202596 259.808222452799 265.705486138662 260.521352291107 247.169772783915 233.274281024933 228.573819001516 229.403138160706 257.513840993245 288.605272769928 287.493705749512 281.82856241862 272.705654303233 277.124345302582 289.442539215088 284.045577049255 285.308678944906 278.384904066722 276.833573977153 274.672071139018 271.557708581289 268.263916174571 277.161121368408 275.477250417074
130.846281846364 144.360860188802 157.54892428716 171.217203140259 185.722549756368 196.487605571747 208.266854286194 225.492596626282 239.125669002533 241.023262341817 241.328557332357 245.253920555115 253.360331058502 256.612579027812 256.215453147888 259.203692277273 259.291609128316 249.264478683472 232.332845528921 221.792836983999 231.058478355408 245.624820391337 254.99027967453 257.793168226878 262.07705338796 262.104948361715 255.963881810506 246.534407138824 237.725734710693 236.744324366252 245.458662509918 273.243963718414 287.514905134837 287.561774253845 281.423846880595 277.572274208069 283.400634924571 287.591457366943 287.417987982432 283.033907413483 276.482164859772 267.394761244456 255.021770795186 252.764105796814 261.859198411306 274.950444698334 263.981362183889
111.465752124786 111.976146697998 120.766580104828 127.795298894246 135.220527648926 140.401383241018 149.883965651194 168.082257111867 190.403799215953 209.772785504659 225.779493649801 242.996414502462 255.640943845113 260.336299737294 263.301352659861 269.623955090841 267.091949780782 255.863865216573 238.648176193237 231.451650460561 231.191416581472 230.827450752258 242.85622437795 250.863194465637 251.586476961772 252.936204274495 252.517938613892 248.415907224019 246.346414089203 248.69696299235 252.060055732727 278.774936993917 285.748263200124 285.764376322428 282.639026641846 283.919453620911 285.741051038106 286.209106445312 283.995827039083 273.243526617686 265.532771746318 252.805352210999 248.093763987223 261.501173178355 276.858389377594 272.999862829844 253.758788108826
134.230315685272 116.954445838928 102.926095326742 91.3704435030619 93.1879878044128 114.461749792099 136.89774274826 148.484816153844 159.773617982864 168.795704841614 193.442145983378 219.853341579437 236.530264218648 245.153665542603 252.0459095637 256.350815296173 251.733144124349 242.439091205597 235.59828599294 232.190191745758 227.20342874527 224.893093109131 236.010114351908 243.569235006968 246.324300765991 252.851208051046 252.884844938914 250.574231147766 248.847365379333 247.239808241526 254.13578748703 282.753984133403 283.337155977885 284.005284309387 279.822568098704 280.308127403259 280.91037273407 279.709180196126 270.352323849996 261.927465597789 260.340213775635 257.167855898539 261.365274588267 270.964940388997 274.398525555929 255.860845247904 228.066384792328
178.656975428263 148.800005515416 119.682997465134 95.5185492833455 86.1409405867259 97.7743665377299 124.711543321609 144.648343324661 150.091300408045 149.447679519653 160.649031400681 176.312665144602 187.596460183462 195.28873761495 205.648978551229 215.380370616913 218.371649583181 223.531206448873 231.109698613485 236.606299877167 237.126310666402 239.181160926819 239.241639773051 240.532914797465 244.9871301651 251.139601071676 252.794881661733 253.454069296519 252.264459927877 252.429187297821 266.628364721934 282.10973739624 279.863079388936 278.700033823649 276.227792104085 275.042116641998 275.081197420756 271.843393643697 262.273530165354 262.651960055033 262.360592683156 259.447594483693 260.945359865824 264.318664868673 252.986550331116 225.911418596903 200.380921363831
205.525815486908 178.050796190898 155.116349458694 132.016559441884 109.765668710073 95.99502881368 103.457152843475 135.22524634997 151.106218496958 159.886072079341 155.965040127436 151.227474212646 147.158920764923 142.621676127116 144.950578610102 162.23019361496 176.921725273132 199.692130088806 221.735676129659 236.082454522451 242.981314659119 246.109187602997 243.871867656708 240.737895170848 243.478894233704 246.048986911774 249.52487150828 252.227743466695 252.797941366831 258.180101712545 270.695308844248 278.104027112325 273.900727430979 268.752574920654 267.085293928782 264.339506626129 264.386415481567 259.965042273204 255.259871482849 251.480003197988 246.332069238027 244.523743788401 250.687559445699 257.394870122274 246.61386013031 235.605776309967 248.185376326243
220.16187508901 207.02717701594 192.272126674652 173.659165700277 147.605101267497 114.141513903936 92.4980044364929 90.8332765102386 126.567244529724 156.193792819977 165.599048137665 161.832968393962 152.687927087148 141.054213047028 127.061764399211 131.203224261602 145.270804564158 163.977017005285 191.043754418691 213.968137900035 228.747685750326 239.441593488057 246.511260668437 242.37330754598 240.612069765727 239.592035611471 240.850230058034 242.747187614441 244.914551575979 254.366854826609 265.420317649841 268.24144522349 262.210488319397 257.049838701884 251.754601796468 249.957680702209 254.185895125071 250.5810658137 243.699292341868 227.919518947601 227.074106534322 236.801743507385 253.990689913432 264.886279900869 261.732379595439 260.657687981923 267.718374729156
211.069325606028 211.210608482361 205.364366372426 195.727229118347 179.11171913147 152.710964282354 119.168321291606 89.1128083070119 103.373229503632 126.664916674296 149.664878845215 162.464380264282 165.593673785528 162.425220012665 147.612273693085 138.084570566813 135.817656914393 140.848298867544 157.258570194244 176.975150903066 195.861220359802 213.008860747019 225.71869691213 223.575413227081 225.520392258962 224.848051865896 225.555857022603 227.586110432943 230.258504549662 240.304032961527 246.691942214966 247.028907140096 244.016249974569 243.174513181051 243.505934874217 244.33571100235 244.835257530212 244.1778977712 238.390207290649 231.542785962423 243.547479311625 256.819049517314 265.726149082184 267.52229531606 260.122736295064 254.59752480189 258.084038893382
153.250088294347 184.282183647156 192.541062831879 193.005740642548 189.459482828776 183.200756708781 162.770648797353 140.488088130951 107.540150483449 97.9019006093343 112.077911694845 140.085597832998 164.919078350067 177.957038084666 178.394039471944 167.507787545522 150.814910729726 143.946568171183 142.72004365921 146.36026819547 156.61766131719 167.389353116353 180.088301499685 190.035303433736 200.930496056875 203.831632932027 204.769293467204 206.361015637716 208.998839060465 216.555138429006 217.993477980296 219.078103701274 226.012488206228 230.707506338755 235.122541586558 235.938350359599 234.75315173467 239.079217116038 237.469832102458 244.223654270172 260.624945163727 267.994284629822 269.866307576497 267.324129740397 258.528391520182 254.058460394541 264.934798081716
87.084839741389 104.936927556992 130.762775739034 141.886691252391 164.513558149338 178.400377432505 179.258684317271 171.140273412069 138.784358898799 110.758850971858 95.9527492523193 104.436566432317 134.346852699916 164.114505052567 181.613902250926 170.375088850657 161.170065402985 151.452879110972 141.970266898473 135.921984910965 136.728306611379 138.351202011108 143.424014250437 159.663806358973 175.296525160472 184.692939122518 186.350027720133 187.107543150584 194.178660710653 199.978470802307 203.517138957977 207.44001865387 217.824896176656 222.353577613831 222.900032997131 223.540643850962 228.87521982193 234.50380563736 240.425924460093 255.361994107564 265.850782394409 268.900990486145 266.813158988953 264.136572678884 260.40643453598 261.574963728587 268.362363179525
52.7411003907522 56.4112067222595 55.8919310569763 70.4290469487508 93.4217671553294 115.215321381887 134.711931149165 153.946747382482 162.147462368011 145.993818839391 115.395615498225 94.0252741177877 95.0825413068136 116.753309965134 148.328830798467 160.156190395355 166.051278511683 161.242117484411 149.467845757802 137.351562579473 130.737831195196 129.162013530731 129.44899002711 138.61338297526 149.239828189214 157.460292180379 161.103169123332 166.731874148051 174.615184466044 180.125157038371 185.541073481242 191.283444563548 197.97146320343 201.884587605794 203.022956848145 205.436031023661 217.479964097341 229.913592338562 236.657480398814 252.201497554779 258.678654829661 259.704450766246 256.370961666107 252.34325726827 250.609457492828 249.072213967641 254.976073900859
44.8836535215378 36.6781751314799 31.1931222677231 26.4494270086288 22.8149592876434 34.6830959121386 56.5818001826604 79.5580297708511 112.621694803238 122.183859348297 112.347612778346 102.608313163122 81.9605737924576 79.494833946228 100.540926059087 132.478276888529 154.191464185715 162.812312444051 158.701817194621 150.442818800608 139.677127202352 140.821993350983 140.297671159108 140.566925207774 142.404496669769 142.840405305227 147.204081217448 157.232364018758 162.35426068306 163.905749718348 169.763505458832 175.677259763082 176.982045173645 179.117480913798 183.082640171051 188.613375027974 201.688587665558 216.189583142598 220.308144887288 231.378595034281 238.10871442159 239.707748095194 238.791743914286 239.949345588684 236.729741096497 237.491389115651 241.444369157155
41.6639496882757 26.1645615100861 11.464960873127 6.36498816311359 1.1166469193995 0.027107535667407 5.24938975771268 36.9079187512398 65.5284772316615 88.519165913264 104.721357425054 118.398328622182 107.142219940821 91.6359424591064 88.6613031228383 110.649853944778 126.202404499054 141.546199719111 158.364872137705 159.295509258906 150.86168050766 148.768504460653 147.85901705424 148.681749900182 150.470227003098 150.175193945567 152.926077445348 162.412742773692 163.264671961466 155.87717294693 160.575151443481 168.119410673777 169.4682041804 169.730544090271 174.566070238749 182.733555634816 189.343015352885 196.277280648549 201.173365116119 203.331728776296 209.779520829519 216.756204764048 224.629362424215 232.187211513519 227.784514427185 233.805457750956 234.671890735626
52.2041022777557 25.3607183694839 6.86301042636236 1.83569174259901 0.0537456265495469 0 2.85128069420656 21.5412576993306 38.5270516077677 64.1592542330424 89.514950911204 115.449170271556 126.406878232956 121.209899584452 108.278393745422 104.89813486735 109.498212734858 122.706363598506 140.816529591878 156.159102916718 161.670863628387 160.529851913452 160.536587238312 157.55499402682 155.691067377726 156.907985607783 158.507208029429 162.115236123403 160.705596208572 155.10368347168 156.993786493937 162.696013847987 163.207183281581 162.755827109019 168.842991193136 172.465602556864 174.836456775665 173.149863878886 178.973833719889 180.133700370789 186.909914016724 195.919036865234 202.887535095215 207.933962345123 210.5819384257 216.079235076904 226.880590120951
45.2307015657425 28.912641108036 6.29820053776105 0.413502178465327 0 2.12368865807851 13.3434161543846 23.9946196476618 37.5170260667801 53.7481804688772 79.0756791830063 111.686925093333 131.166805823644 137.604931990306 128.993600606918 106.945365667343 99.9617477258046 104.222118854523 120.883107185364 144.096791744232 160.160541534424 157.750974098841 161.774853865306 161.856253941854 161.916842063268 164.035926262538 167.492866516113 163.66786758105 161.218623320262 163.498769203822 162.584563096364 162.745495637258 159.431904554367 157.435595989227 157.863835493724 157.091905673345 155.960539976756 151.646186908086 156.354169050852 158.457517623901 164.12893931071 170.851627985636 173.839529355367 176.710208257039 191.090087095896 197.99933830897 215.374628702799
40.2877330780029 32.4841514229774 12.4315085510413 0 0 3.74920231600602 16.6533018151919 28.8664425412814 41.5555760264397 50.7206867138545 65.0323232014974 93.880037466685 118.905852238337 131.384174029032 138.169904549917 134.32651758194 128.403206666311 118.71749162674 110.830853382746 119.480073451996 142.225364844004 155.657956997553 161.789178848267 161.505321661631 154.103656609853 162.530372540156 175.012389818827 172.164559364319 173.990309238434 179.376602172852 176.031410694122 164.424180984497 158.065299193064 153.17823489507 147.560616334279 146.507441997528 141.3214802742 139.710952838262 140.502313772837 145.357231299082 148.270636796951 152.52356727918 156.174689531326 159.378369649251 179.51109011968 190.519273281097 201.938629150391
35.6741597255071 35.2666700879733 24.1189002990723 0.385337586825093 0.0126354837751326 9.80187642077605 23.4089394410451 38.5225166877111 52.3271212975184 57.6603809992472 64.2854372660319 81.4405977725983 102.806309858958 121.076842149099 133.419215679169 144.51942841212 148.035069306691 140.235791603724 126.845727364222 113.65869641304 121.987710396449 147.727886835734 155.088484287262 158.639242251714 157.960226138433 164.598524570465 168.772478898366 170.475979646047 176.210065682729 188.305079936981 184.101442495982 172.220051288605 161.780565977097 152.256935834885 145.559211572011 142.481724421183 139.340460300446 138.988514741262 139.500796794891 141.36133591334 143.663197755814 146.235038836797 146.939227978388 152.317742506663 166.054407755534 181.132952372233 191.867748896281
37.3695443073908 44.6680287520091 43.0257618427277 11.5945885578791 5.78245644768079 21.3325545191765 34.0591395894686 50.114502509435 63.4951094786326 76.3235737880071 85.7141017913818 87.4378482500712 96.8967576821645 104.407558838526 121.634662151337 138.661066691081 148.634990056356 151.863018671672 149.732242027918 135.557889938354 118.577569723129 130.332748095194 139.921059211095 149.306486050288 163.590252399445 165.782560904821 165.427337090174 165.522843599319 160.212169090907 164.513190587362 163.507223129272 159.80585416158 166.255980730057 155.906498432159 149.381180604299 144.751886526744 142.638186613719 139.240006605784 138.024042050044 141.702433427175 145.759661992391 147.973318894704 146.658976872762 148.466249306997 150.720705588659 166.699429353078 174.718141555786
40.8777122696241 40.0949716567993 53.3435791730881 39.7718598445257 23.6556579669317 36.8704597155253 39.2694721619288 49.6404767036438 61.9250436623891 77.3290942112605 87.5456730524699 83.7397575378418 84.1584205627441 91.8007095654805 104.074577490489 123.573044935862 135.570555925369 142.936845620473 149.639318386714 152.204434076945 144.277652104696 131.183306376139 131.078978379567 139.340271552404 152.763863404592 158.135155836741 161.206185817719 161.020576953888 153.684457143148 154.115488131841 144.875258207321 138.884514570236 143.032133579254 134.409775336583 152.681956688563 147.883971532186 143.383771181107 133.052210013072 130.789508422216 139.567752679189 146.601150433222 148.546993732452 151.573151350021 149.899939695994 145.442187786102 156.867563724518 158.687800168991
