input/barkrak2/radiation/dir08524.grid
NCOLS 85 
NROWS 70 
XLLCORNER 665100 
YLLCORNER 4664600 
CELLSIZE 20 
NODATA_value -9999 
[rows 20 to 39 of 70, columns 0 to 45 of 85]
77.4678786595662 65.1693840821584 70.7298219203949 91.0695493221283 85.4945182800293 74.7584104537964 70.467879374822 81.9088071584702 94.6491956710815 102.357794841131 108.794023593267 108.173797527949 104.67271010081 107.824991146723 119.806706905365 139.326383670171 151.43100420634 160.101175308228 171.816766262054 187.902649243673 197.792927424113 185.477217038473 185.102383295695 185.508529345194 186.591585477193 185.599863529205 186.905046304067 186.46647532781 179.875989754995 181.198298931122 171.81267340978 158.064504464467 162.016520897547 169.681211312612 165.348658959071 172.942717870077 172.274867693583 174.290418624878 179.09049987793 183.866937955221 185.479243596395 185.294489065806 189.109921455383 181.738317012787 187.226017316182 193.108677864075
107.557644446691 95.3614811102549 89.1758004824321 113.853951295217 110.973825057348 76.3978958129883 79.0497163931529 93.0851499239604 102.354695399602 104.495982329051 104.263653357824 103.726009527842 105.477174123128 103.733817736308 112.365365028381 127.128720283508 143.645465373993 155.995239814123 165.378967920939 182.118078072866 190.47337770462 202.025492986043 208.43098560969 204.126060009003 194.258729616801 183.443208535512 172.973930835724 165.232479572296 170.262654622396 165.952414274216 147.315760453542 130.966852108637 98.6940066019694 93.2700435320536 93.6126708984375 113.763113816579 146.69598142306 165.130058924357 178.508361180623 179.147223631541 176.878253618876 175.772527853648 165.624171495438 148.364832003911 175.073107083639 187.447826067607
154.495606819789 151.286542415619 132.740596930186 134.669323762258 133.44332575798 97.9141195615133 103.133579095205 101.940860350927 99.8157064119975 101.005713144938 106.162637472153 109.498838583628 112.021545569102 114.372799793879 117.246210575104 125.53283572197 138.495286305745 150.80738067627 161.499957243601 164.702554543813 169.387459754944 183.95189444224 194.867412249247 198.273400465647 194.540460904439 181.414584318797 173.843661944071 162.328432003657 161.037474870682 142.20001300176 120.131572087606 78.2841841379801 53.3208151658376 30.3138519326846 28.6922107140223 45.5064475536346 84.7296317418416 107.190152009328 132.489105065664 148.076107104619 158.912201722463 162.444065014521 140.113085508347 114.520162343979 147.076894839605 182.43149916331
191.227853298187 182.977676391602 152.308017015457 141.380180915197 139.064013957977 133.986522754033 122.769176959991 106.601476669312 93.8642720381419 95.2530105908712 105.996171633403 110.998779535294 120.252718528112 130.150695641836 126.801004012426 128.402908643087 136.132001876831 149.209449688594 155.186116695404 145.74983716011 146.752456823985 152.047634124756 164.398004611333 173.37562640508 179.621895154317 173.280417919159 163.857559363047 145.983805259069 128.979504108429 100.089937448502 71.5647141138713 58.4123233954112 28.6487142244975 3.30147457619508 0.0791002821642905 6.87952153384686 33.3370119333267 59.3025833368301 69.311926762263 80.9490829706192 93.0709640185038 76.9857317209244 95.8657463391622 128.18698088328 140.055437882741 169.321199258169
187.707126140594 185.023347536723 168.715596199036 145.502994457881 129.819015661875 132.815639177958 124.839127063751 115.825096766154 104.441811641057 98.4391967455546 104.354212681452 108.194470405579 117.405295372009 126.332779725393 127.505530913671 126.809616883596 134.379992882411 146.517326434453 152.476678291957 144.176642100016 144.811818997065 141.393085320791 151.35113398234 157.929549614588 160.025040308634 157.265534003576 148.56098095576 135.30511657397 117.415994405746 66.3863668839137 60.5188508828481 59.4432801008224 37.3154804110527 3.41767817735672 1.20259844698012 8.76461776594321 19.2114474872748 34.1453154881795 40.3846651315689 42.1497176090876 40.836659570535 43.3151771624883 66.5335059165955 155.538688103358 161.131491263707 171.826402346293
173.979640007019 179.532845815023 177.997628847758 151.577899853388 130.665173133214 134.282430013021 136.717448631922 145.124753316243 140.856315692266 122.824231783549 116.216003894806 126.937180757523 128.920485575994 137.906422217687 137.956808010737 131.485641002655 133.241236209869 145.591000715892 152.344018220901 155.812422434489 158.184150854746 153.928856054942 149.964869022369 147.797505060832 148.93651008606 147.945831219355 137.404600779215 128.204137086868 106.451650460561 90.701440970103 89.5145535469055 100.45584042867 94.335416952769 35.0495626529058 14.9527614315351 25.0197723507881 25.8686318993568 34.606821835041 37.1439332763354 26.8189758062363 27.7448371052742 32.4047257502874 78.4101088841756 158.844868342082 178.853968779246 184.117476145426
173.526406288147 178.952475388845 180.23673693339 159.654716650645 147.671431303024 153.662304083506 164.091636737188 172.354181607564 175.212621688843 164.200733105342 142.77054866155 150.518198808034 146.691272656123 153.645753860474 152.409096558889 140.163789192835 137.70138223966 149.785459041595 157.544165849686 169.41624879837 173.277616500854 169.863899548848 159.087767203649 150.144656499227 148.849944273631 150.271892547607 141.457955042521 134.076833724976 122.414529323578 125.288556019465 142.208079497019 167.722761631012 176.816125710805 162.174592415492 88.9765421549479 44.5106526215871 41.2362938125928 41.2508050600688 38.4615908066432 23.7535014748573 48.9391138156255 82.3200941085815 125.391711791356 159.110675255458 171.688675880432 169.346570968628
176.225880781809 168.188452720642 175.424218177795 163.976222276688 179.288188616435 180.393894513448 188.162982463837 181.078195571899 184.427698453267 181.545734405518 159.986952940623 151.579201221466 153.551578521729 155.156960090001 157.399574915568 152.469684680303 147.07072575887 154.749313990275 168.069799741109 174.677769343058 171.936432520548 161.587059497833 159.018297990163 158.468693494797 157.462418079376 158.093959093094 152.085681756337 151.048948367437 158.154219388962 167.877237002055 184.841672579447 197.353561719259 205.776711304983 217.580437660217 189.407567183177 92.0608341693878 57.2280585765839 47.0474312702815 38.3679866790771 24.7852777441343 69.2026515801748 155.252724885941 150.716324647268 125.056177377701 137.306183576584 134.666462739309
171.930909156799 161.113440990448 167.323609193166 169.3248351415 202.54639784495 190.707325935364 180.597503980001 167.784730593363 164.233982563019 160.098294417063 149.181971947352 140.329569578171 148.973206679026 156.543095906576 160.751243432363 163.256108760834 157.89074699084 154.64374423027 165.936231613159 167.850136756897 165.825575590134 158.786118030548 158.290813366572 164.145211378733 165.04708925883 158.432086308797 160.819113254547 155.836204687754 167.206168174744 180.727601051331 203.779300053914 216.683685779572 222.815652688344 224.069794019063 225.074410438538 164.55931464831 60.7797702153524 27.9688288768133 19.7265446186066 28.9119159181913 87.5048339366913 138.614545265834 126.428465048472 95.0583219528198 96.6200232505798 97.5045561790466
171.855727831523 154.88338470459 160.999725262324 178.362528483073 199.958503246307 186.839699745178 164.940565824509 143.136471509933 127.934734026591 120.171407858531 116.699367761612 121.419976154963 139.521390199661 155.829807122548 162.614266077677 171.587844689687 168.547630310059 153.678198655446 156.868517398834 158.893376588821 158.799270788829 160.57891647021 160.91909011205 166.763027509054 171.404262383779 165.284047524134 168.533265590668 164.459546407064 165.842533111572 190.036574999491 214.09018834432 229.441006978353 228.321452935537 226.933697859446 238.054394721985 230.065703392029 152.389814456304 62.7647737661997 44.6337163448334 45.6578135490417 71.0979600747426 88.0916217962901 99.0435481071472 71.2955494721731 67.2286202510198 74.2650181055069
168.392380078634 175.118883450826 203.730762004852 247.0942735672 230.899651845296 193.787237008413 155.482629934947 119.461397329966 107.077191273371 109.565585851669 107.338507970174 107.354293266932 128.861904144287 156.33225440979 169.499297936757 176.951984564463 174.49297507604 162.87965575854 162.448942661285 163.944433132807 160.536418358485 166.554768880208 169.044295946757 172.142287095388 175.631562868754 177.68132686615 176.140328248342 176.722466945648 177.209178606669 200.73401927948 224.230150381724 234.749933083852 230.605781078339 237.477719783783 249.029159545898 253.820319970449 239.251474539439 193.895816802979 111.553490161896 67.3583596944809 58.3382695913315 61.3462229569753 81.2049160401026 68.7478929758072 63.2798175017039 81.0964604218801
188.261469205221 224.955360094706 268.72040828069 290.582935015361 287.821571032206 237.905184427897 185.707569122314 141.398668289185 131.504674752553 136.321435372035 127.806812524796 115.705291430155 128.096997737885 155.006915330887 174.272179603577 178.933839003245 177.891115347544 172.467549641927 162.844955921173 163.815846045812 165.247658888499 171.065270900726 174.767871697744 174.414575099945 178.082863489787 190.766453742981 190.437118212382 193.573911984762 197.230339050293 210.354050000509 227.433482805888 236.579378445943 239.865203698476 247.366885344187 253.946304321289 250.33970673879 247.400502363841 251.241624355316 191.073139508565 107.472191254298 66.0478075345357 64.2725924650828 69.5261706908544 74.3961036205292 85.0797990957896 108.054508765539
247.223258018494 279.12845214208 294.781843821208 293.430328369141 304.273823897044 290.114998817444 254.32276725769 212.257444858551 183.192253112793 174.915512402852 170.048594474792 150.504539410273 137.832085291545 150.719851255417 174.049099286397 177.237093448639 172.355890274048 172.449310620626 160.498430331548 158.93209973971 166.428705056508 168.070912361145 170.624852180481 172.311862309774 177.085240681966 192.56603717804 201.304852962494 208.078742027283 209.9955479304 213.809331258138 228.451450665792 239.614109198252 239.936689535777 237.879892190297 240.078568458557 229.223847389221 229.96320327123 228.327830632528 189.295172691345 133.72943798701 93.3487017949422 81.5889288981756 75.3557135661443 76.8453677495321 81.3652028640111 109.985639651616
280.897418657939 297.461251417796 296.353459358215 287.330090999603 295.248707135518 301.655292510986 288.818895816803 254.376212755839 219.129800796509 200.952311356862 203.419387340546 188.948134581248 160.42153040568 151.830653349559 163.210014502207 170.23770014445 164.14604584376 165.952821572622 159.241696198781 161.427994569143 159.340778986613 162.681072950363 162.124137083689 162.412196397781 172.071715195974 183.795770009359 197.101215521495 201.914628346761 208.928604920705 218.259731928507 230.928818384806 232.617974281311 219.603518644969 209.376176198324 212.673167387644 184.746464093526 185.127158959707 172.352254390717 144.749561945597 115.966339906057 122.650523980459 112.116634845734 92.572679122289 79.6329478422801 73.4661122163137 88.0787173906962
292.864859104156 297.703365484873 299.298922220866 293.226460615794 292.042791843414 296.71706755956 301.280776659648 284.52730178833 242.76081720988 216.923157374064 209.803541501363 200.753211975098 188.124398390452 164.496372143428 165.333171685537 168.629924456278 163.998206456502 159.613827864329 160.214404265086 164.9163266023 159.838169813156 159.989486138026 161.733945210775 162.923226753871 168.763220310211 176.940202713013 189.30713335673 189.240336418152 196.633617083232 214.593430360158 225.765387217204 218.232035636902 206.135431925456 202.203770478566 184.887925783793 176.353613535563 180.205881595612 177.751580874125 162.425061066945 140.972236792246 143.300791581472 150.274097919464 129.808018604914 107.265174388885 87.985893090566 77.8827120860418
295.016884803772 296.974758307139 298.878451188405 297.700186570485 293.469647566477 292.392790317535 296.84857527415 291.020294030507 254.920482635498 221.808930238088 204.023540019989 197.350561618805 196.407755215963 176.56817038854 169.246474901835 174.795230229696 168.230493863424 159.872194131215 164.456337690353 167.100588480632 164.251108964284 160.991082588832 164.893408616384 169.384598731995 169.046660264333 174.951712290446 180.025160312653 180.854916572571 187.671959400177 207.79142777125 216.24630689621 212.182144323985 208.765645821889 209.775785605113 183.593153953552 183.099905649821 188.908298810323 195.127467314402 195.293645064036 174.513598283132 133.024483919144 131.757020950317 115.725090106328 100.51021973292 84.866205851237 69.1891759634018
285.15879313151 287.05761830012 289.031247297923 286.489586035411 285.307029883067 282.1972767512 287.368178367615 287.925203641256 253.223856290181 214.632014433543 199.504574139913 191.922148068746 194.103101889292 178.269247213999 167.925417423248 175.869027773539 179.050942262014 164.80427980423 168.914179007212 172.039667765299 172.616144021352 166.781862576803 166.893382867177 172.377228736877 171.428243319194 171.425064404806 178.134381771088 186.008135477702 189.94669119517 203.978459040324 213.769694169362 214.049617449443 210.243264834086 211.596846580505 191.822091738383 194.024920463562 196.7800060908 203.665872414907 204.480667908986 179.439981778463 109.040677547455 85.9086314837138 68.8343991835912 61.0559086004893 59.6314817667007 56.8154702583949
269.686579704285 276.404817899068 283.477624257406 280.537664890289 279.21050786972 281.780203183492 288.523991902669 289.555430412292 269.026537736257 226.109544436137 204.625686009725 191.718180974325 184.116880098979 174.745043118795 165.907253821691 171.848436196645 185.268799463908 175.0168800354 172.246774037679 175.184528032939 176.942666371663 171.5935866038 168.155133724213 171.92667722702 173.015554745992 173.571228981018 176.940500736237 186.535795529683 191.53881072998 196.366310119629 208.914657433828 216.438849767049 213.826835155487 193.312247594198 185.669481754303 203.439613183339 210.680305957794 213.602185249329 199.013789494832 191.589593887329 104.776163895925 53.4134010473887 22.6416463653247 24.4228045145671 23.8074858983358 36.2545574704806
239.558060963949 248.143196105957 255.861322085063 260.296066602071 266.61894718806 276.227156321208 284.420212109884 288.045525550842 278.235912322998 243.36963891983 218.294441699982 198.766728242238 183.757503827413 182.77911345164 172.703226407369 165.899773438772 179.977039496104 179.298241933187 172.844131787618 172.147254149119 174.373924732208 170.470575491587 166.220327218374 169.139444828033 172.50519990921 176.664471626282 177.666942278544 183.295488357544 189.871629079183 190.910319487254 199.696560700734 213.707407315572 199.224929014842 181.956350803375 191.14871819814 219.115714232127 224.446654319763 218.956311543783 210.174202919006 208.240966002146 166.581342617671 76.8511046965917 35.623624920845 27.9394288857778 27.3560310403506 27.2074888149897
204.217255115509 211.208442846934 210.905373096466 221.304217974345 235.48020919164 250.941316286723 262.809197107951 269.656240940094 266.764998435974 243.509252866109 217.563251654307 194.639484087626 182.071367899577 179.05072371165 175.739884376526 168.195068836212 174.682974815369 174.920598665873 167.884985605876 167.13958978653 172.208885351817 174.944361050924 172.731419404348 169.202307860057 167.811115582784 171.731293201447 179.405510425568 182.558298110962 188.959002494812 188.317537307739 190.812210241954 203.328450520833 192.004680633545 188.8693968455 216.66427453359 231.303592522939 228.181441624959 221.094985802968 217.710554599762 227.218091487885 236.856818199158 193.445126215617 105.032255252202 61.6890639066696 42.9739505052567 26.4848122994105
