input/barkrak2/radiation/dir07724.grid
NCOLS 85 
NROWS 70 
XLLCORNER 665100 
YLLCORNER 4664600 
CELLSIZE 20 
NODATA_value -9999 
[rows 0 to 19 of 70, columns 0 to 45 of 85]
209.543704986572010 225.034435590108 241.029640038808 259.272992610931 269.168098767598 268.460055192312 261.145710945129 255.298892656962 257.515688737233 258.3829164505 258.648117383321 259.753008683523 258.546153704325 259.247163931529 261.239290237427 252.413988113403 241.118470827738 230.206569035848 224.175910154978 214.239497979482 209.963242212931 223.971486091614 250.528196493785 257.781088352203 259.708285331726 269.469161828359 268.36359500885 254.882991313934 239.087323347727 236.831784248352 232.801218827566 252.588291962941 294.712126255035 293.719251950582 290.179371833801 277.38481760025 282.742242018382 297.455032666524 292.274256547292 293.449362119039 279.624899228414 280.242224534353 292.054275671641 292.553861935933 280.981699625651 284.487942854563
187.536180019379 205.46038945516 220.046182473501 239.407022794088 252.806464831034 257.601141929626 255.004525184631 256.567239761353 265.724837779999 263.936857382456 260.278522968292 260.04962126414 259.935935338338 261.003772417704 260.825753211975 251.927415529887 246.524254480998 237.971206506093 233.210444450378 220.759371916453 224.460065364838 243.869741757711 264.124135176341 266.36000474294 270.982782046 274.956961472829 269.759277502696 257.953524589539 243.993282318115 238.65020275116 239.483555157979 266.127983729045 296.02724313736 294.166286786397 290.107846260071 278.99048725764 285.218675931295 296.109676361084 292.328953742981 294.458746910095 285.808920860291 281.605442365011 281.354963779449 281.708041826884 279.919147491455 284.685293833415
149.392704168955 162.909805774689 175.996621449788 188.365260759989 202.901105086009 214.115500450134 225.001335144043 240.457971890767 253.26536099116 253.035604953766 253.190239270528 257.109562555949 265.965839227041 269.800305366516 267.813841501872 272.879699865977 272.97055721283 263.990640640259 248.130202293396 237.628638744354 245.176116625468 257.130026817322 264.991541703542 267.369329929352 273.516396681468 271.189153194427 265.77881971995 257.224897543589 248.256186644236 246.208210786184 254.020571708679 281.223654747009 294.185856978099 293.724735577901 290.448407332102 283.586859703064 289.510150750478 292.71004597346 293.732066949209 292.342305183411 284.494201342265 275.158623854319 264.765083789825 264.638960361481 274.840414524078 283.081471920013
129.915177822113 131.518185138702 139.951169490814 147.361218929291 153.937439123789 160.110046466192 168.520987033844 185.919980208079 207.623998324076 226.112385590871 240.224599838257 256.771902243296 268.861989180247 273.332238197327 275.768319765727 281.301458676656 279.190381368001 268.959482510885 253.280977408091 246.658126513163 245.809515317281 244.916538397471 256.678680578868 261.73210144043 263.3904616038 264.221906661987 263.07346423467 259.118298689524 256.784558296204 258.146405220032 260.33753156662 286.113381385803 292.707920074463 293.155392011007 289.87052043279 292.007188002268 293.316304683685 292.493939399719 292.120138804118 283.239305019379 273.979882399241 262.800256411235 258.31530491511 271.69402440389 288.038372993469 281.371235847473
153.800030549367 135.496298472087 122.265915075938 113.068411747615 115.488270918528 133.163889249166 155.475199222565 167.233606179555 178.414980570475 186.836004257202 210.641205310822 235.928515593211 251.797417799632 259.10872220993 265.328745047251 269.125521183014 264.70418771108 254.34418519338 249.540487925212 246.749679247538 242.04562107722 240.124185880025 251.460194587708 255.808095137278 259.68329111735 265.865206718445 263.83235057195 261.368672053019 259.210626284281 257.465521494548 263.364235560099 291.224916776021 291.57030582428 292.255600293477 287.056505680084 288.655638694763 290.225923061371 289.586444695791 279.966553052266 273.375292619069 269.942323366801 266.948223114014 270.100394884745 279.344499111176 282.897412776947 267.441213130951
199.67383146286 169.02623573939 139.794449011485 115.438451369603 106.594492991765 118.432114521662 144.597073396047 163.546880086263 168.428540229797 167.8852836291 179.00546391805 194.355885187785 205.360273520152 212.152679761251 222.103317578634 231.322288513184 233.907659848531 237.396061420441 244.970520337423 250.563561916351 250.671605269114 253.197570641836 254.358351230621 255.240341027578 258.981108665466 264.73202308019 264.581600824992 264.107664426168 262.460033098857 262.14728752772 275.826394557953 292.160669962565 289.490322271983 290.042916933695 284.797231356303 282.718459765116 285.038352012634 281.071384747823 271.441996097565 273.718317349752 271.588802337646 269.003649552663 270.171423753103 272.994558016459 264.71475760142 239.404956499736
224.941730499268 197.891732056936 174.7767329216 151.949862639109 129.818906386693 116.79208278656 124.927182992299 155.050973097483 170.362830162048 179.192503293355 175.93107620875 170.457025369008 165.934105714162 161.527494589488 163.443624973297 180.460472901662 194.687227408091 216.483116149902 237.390438715617 250.939170519511 256.547431151072 259.630183378855 258.229235808055 255.5011510849 257.888158162435 259.707967440287 263.343950112661 264.067788918813 263.478378454844 267.827788988749 281.34955962499 289.182086785634 286.779761314392 282.315631707509 280.072271823883 274.202406406403 275.009512901306 269.912441571554 267.106095949809 264.071742693583 258.006374041239 256.355881690979 261.650602022807 267.270048459371 257.047414779663 246.190249919891
237.550934155782 225.157578786214 211.300035317739 192.879537741343 167.385240395864 135.041763385137 113.359053929647 113.120178381602 148.557682832082 176.317095756531 185.322721799215 181.254744529724 171.615481376648 160.660405953725 146.580139795939 149.827380975087 163.742303848267 182.118614514669 208.491841952006 230.539997418722 244.301517804464 253.297547499339 260.474880536397 256.263156731923 254.636963208516 253.833134969076 254.955510298411 256.440917650859 256.940245628357 266.462842623393 277.246574560801 281.117955843608 275.350312391917 270.778914292653 265.630145867666 263.515412807465 266.984740893046 262.209713459015 255.596121152242 241.464912891388 241.263190905253 251.165787378947 267.926971117655 276.963869730632 270.602544148763 268.605987230937
228.871285915375 229.172746340434 223.789095878601 214.045802752177 198.065837224325 172.542810440063 139.53372836113 109.673857688904 124.547243118286 147.72500594457 169.818043708801 181.567947069804 184.272766113281 181.180914243062 167.188147703807 158.447374900182 155.039529005686 160.042554140091 175.698578357697 195.067505041758 213.355084260305 228.976666927338 240.797718365987 238.638838132223 240.494251251221 240.061561266581 240.782658259074 242.566665013631 244.908491770426 254.908978939056 261.016547679901 261.238435904185 258.635520935059 257.981677850087 258.028348286947 259.356558322906 259.48178768158 257.038474082947 250.426491101583 244.318048159281 257.492482662201 270.892083644867 279.390076796214 280.66078821818 270.534992218018 264.626244703929
194.170236587524 205.303986867269 211.106638113658 211.10737323761 207.785983880361 202.009379863739 182.565728823344 161.444793144862 128.65803639094 118.575016657511 133.035898208618 160.071422656377 184.340377648671 196.823934713999 197.726388772329 187.513252099355 170.859535535177 165.010134379069 163.495163122813 167.202651500702 177.113632361094 186.541755994161 197.989106178284 207.109053929647 217.265486717224 220.121959845225 221.095105012258 222.540299097697 225.338101387024 232.690989971161 234.128395716349 234.577536582947 241.204698880514 245.668848355611 249.70821539561 250.890374183655 249.637087186178 253.403782844543 249.991317590078 255.868295828501 273.674289385478 281.285087267558 282.992362976074 280.232171217601 269.444664319356 264.153361320496
115.544229745865 136.811633904775 163.433263699214 177.223245302836 188.278575738271 197.134931882223 198.136111100515 190.907855828603 159.910043080648 132.235487302144 117.306778828303 125.537912050883 154.657810926437 183.637936909993 200.759212176005 189.620018005371 180.671016375224 172.298789024353 162.638157606125 156.720052162806 157.214244206746 157.512535651525 163.043896357218 178.249637285868 192.846059799194 202.004353205363 203.713675340017 204.373896121979 211.1976146698 216.881116231283 220.309853553772 223.596056302389 233.542879422506 237.844904263814 238.315304120382 239.362200101217 244.312504927317 248.883624871572 253.735999266307 267.252027988434 277.600030104319 280.850052833557 280.359049638112 277.563571929932 272.267460823059 272.594730059306
68.9183374245961 73.2908000548681 88.7096027533213 103.072305520376 126.76876783371 154.141475756963 174.515287081401 181.622544924418 182.262202103933 166.494230429331 137.660314639409 116.252372662226 118.575473626455 143.569608529409 174.011409282684 178.993582725525 185.824056466421 181.553721427917 170.212129751841 157.817224661509 150.866061449051 148.64249030749 148.879547913869 158.744364976883 168.967703978221 176.280577977498 179.638743400574 184.532662232717 192.279537518819 197.68496354421 202.984472115835 208.714306354523 214.60489432017 218.366662661235 219.427009423574 222.219367822011 233.051856358846 244.782090187073 250.939846038818 264.80495929718 271.61572376887 272.871553897858 268.737892309825 265.067716439565 263.109425703685 262.975911299388
61.0879361629486 53.2227605581284 46.5318262577057 44.8802212874095 58.1940660874049 75.9169012308121 100.364317496618 125.870645046234 173.233528931936 179.102639357249 170.705676078796 144.012739260991 113.386650880178 110.998680194219 136.156688133876 166.291495164235 184.220671653748 187.585333983103 181.78927898407 171.098649501801 160.84361076355 160.497486591339 159.962077935537 160.846134026845 162.059545516968 161.984980106354 166.549861431122 176.097353299459 180.33770720164 181.875248750051 187.648673852285 193.534592787425 194.933493932088 196.368396282196 200.212836265564 206.135869026184 218.963066736857 231.918931007385 235.803167025248 246.147831281026 253.191808859507 253.686984380086 252.815783023834 253.858983516693 251.208166281382 251.659691333771
57.8276216983795 36.9416524966558 22.9773347576459 13.5967967410882 5.67430878678958 5.2463710308075 22.3670800526937 52.292267481486 84.3464434146881 115.19056558609 138.288150231043 156.104534864426 143.104255199432 122.707744439443 117.691924174627 147.152642409007 166.854739189148 185.286402702332 197.426676750183 192.866047223409 179.165561993917 175.803542137146 172.028521696726 171.498994032542 172.001322110494 170.121868451436 172.863125801086 182.497640450796 182.483951250712 175.131400426229 180.777390797933 186.656912167867 188.14754486084 187.810560067495 192.490696907043 200.524051984151 207.087874412537 212.860643863678 217.59025255839 220.388054847717 226.521511872609 232.321778933207 239.748915036519 246.749659379323 243.021567662557 247.671167055766
69.5448070764542 37.4288956324259 14.8439481854439 5.87232286731402 2.23269111787279 0.00818677168960373 11.0455875595411 33.6166222890218 51.1750280857086 78.427975376447 112.75440454483 140.061795711517 151.347239812215 145.441561937332 132.838894923528 131.104797124863 138.008783260981 154.113312562307 175.575792789459 191.265205542246 192.39882628123 189.411282539368 187.813262144725 185.552219549815 182.502130667369 181.303779284159 182.474593321482 185.139199097951 181.268970171611 175.150871276855 177.882075309753 183.364590009054 183.299660682678 183.052241802216 186.951756477356 191.272815068563 192.932685216268 191.204150517782 196.796953678131 197.871585687002 204.501827557882 212.436318397522 219.135244687398 224.678993225098 226.810574531555 231.251915295919
60.2114299933116 37.9919136563937 13.4875078996023 2.73879369099935 0.0189551234749767 8.94405071934064 24.6228526035945 37.1163487434387 50.1521875460943 66.2621259689331 93.167116244634 125.195612510045 151.991526285807 158.171236515045 150.346140066783 128.153622150421 121.552666028341 127.036770184835 146.147618691126 173.175434271495 190.732220808665 189.803957939148 193.591296672821 188.685357570648 183.997273445129 187.909483909607 191.712975502014 188.52158387502 183.813373247782 185.912569363912 184.785485267639 184.079507986704 180.80461025238 178.772449493408 179.762383302053 178.414841492971 175.869743029277 171.353459358215 174.559156099955 177.174627780914 182.247440020243 188.871304194132 191.7418440183 194.426695505778 208.171546459198 214.228769143422
49.9291320641836 41.711300611496 20.7075253129005 0.164856241705517 0.990049137423436 10.6606433788935 28.1071911255519 42.5328562657038 56.0809671878815 64.0299369891485 78.2492458820343 112.163086732229 139.322618643443 147.97713359197 155.91632326444 152.066012223562 149.41281080246 136.530429124832 129.241933425268 135.849763949712 163.155426581701 181.713779767354 190.968990325928 195.326705773671 189.081231753031 192.712247371674 198.631485303243 195.146858692169 195.263822873433 200.978557268778 198.66019487381 186.390260855357 179.449677467346 174.493610858917 169.238527615865 167.561252911886 162.334074576696 160.783469676971 161.892970403035 165.423611799876 168.025890986125 171.445349852244 175.008575121562 177.503267923991 197.153906027476 207.825879255931
45.0524538755417 44.6597238381704 32.9294006029765 2.86584161221981 3.38509492576122 18.2877654830615 35.7141022880872 53.1492481629054 67.6657358805339 72.855606675148 77.9704799254735 95.533678929011 121.83611591657 134.786128997803 153.211196263631 164.364049832026 167.654653390249 159.54844156901 145.290325085322 129.879613717397 139.268904924393 166.151314973831 173.78161350886 179.78823184967 184.182524681091 194.276511669159 205.768744150798 207.888245582581 207.215011119843 211.622913678487 204.646646976471 192.718704541524 183.072566986084 174.058775107066 167.08238919576 163.468996683757 160.273691018422 160.053233305613 160.370081663132 162.851383288701 164.909094572067 166.854699452718 167.262673377991 170.61593135198 184.138536453247 199.652314186096
50.1451591650645 56.3263644774755 55.0794104735057 20.8282036085924 13.884952912728 34.9907726049423 47.603964805603 65.6973669926326 79.6125829219818 92.4096604188283 99.9959607919057 103.63366206487 113.473474979401 122.862408558528 136.557281017303 156.620293855667 163.978735605876 168.922305107117 166.741967201233 152.258634567261 134.806841611862 146.848072608312 156.606435775757 169.293661912282 176.368713378906 186.965386072795 186.440785725911 195.047497749329 192.70924727122 196.032087008158 203.185200691223 197.439253330231 187.390049298604 176.172415415446 170.963327089945 165.478388468424 163.901835680008 160.305400689443 159.769773483276 163.417339324951 167.211294174194 169.318338235219 168.831507364909 171.594977378845 172.933439413706 188.939809799194
54.2341768741608 56.6706458727519 66.3242588440577 53.4746944904327 37.8801474968592 50.4837532838186 53.1911502281825 64.8207863171895 78.3755928277969 95.9309736887614 101.899484793345 97.7342029412587 97.5257257620494 105.712314446767 120.292524496714 140.019675095876 152.14616060257 158.536911010742 164.246559143066 167.10486014684 159.236540397008 146.169473727544 147.498001654943 157.384475072225 167.326112588247 177.789807319641 176.570475101471 178.753594557444 172.865490118663 169.955829779307 169.761419296265 177.626530329386 165.574689706167 179.101963837941 173.445562521617 168.339689572652 164.23620780309 154.269456863403 152.437746524811 161.186536153158 168.418049812317 171.030839284261 174.149493376414 172.208348910014 169.055819511414 180.604259173075
