input/barkrak2/radiation/dir08924.grid
NCOLS 85 
NROWS 70 
XLLCORNER 665100 
YLLCORNER 4664600 
CELLSIZE 20 
NODATA_value -9999 
[rows 20 to 39 of 70, columns 0 to 45 of 85]
85.5932136376699 73.1481065352758 79.4085959593455 101.621468861898 96.0631171862284 82.7207465966543 77.8053055206935 89.1910791397095 102.111637592316 111.98478937149 116.263200839361 117.729723453522 114.919056495031 118.923912445704 129.617641369502 146.012097597122 160.430212815603 170.25371392568 181.963940461477 200.176318486532 205.635547637939 195.712467034658 193.374852339427 193.445722262065 196.351091066996 197.633624076843 193.887233734131 193.050364653269 199.379722277323 192.998707294464 184.32092666626 191.662867863973 181.371986865997 181.279400984446 177.07759141922 183.631221453349 183.010697364807 185.05847454071 189.184228579203 194.5561170578 196.141382058462 195.894916852315 199.641446272532 192.399779955546 197.761674722036 203.550179799398
115.796158711116 104.323158661524 99.4214415550232 125.564823547999 122.348735729853 85.0279529889425 86.6974989573161 100.403139988581 109.730343023936 111.863235632579 111.690819263458 113.034278154373 113.477806250254 111.94783449173 122.10421760877 137.127747138341 151.731789112091 162.879844506582 174.225270748138 190.595587094625 198.434829711914 211.830278237661 215.987304846446 213.782747586568 205.718735853831 192.388077576955 181.601405143738 176.261146863302 180.150250593821 172.887543837229 153.939515352249 138.055672248205 111.716349919637 106.799403826396 105.034669240316 147.985478242238 157.76127576828 176.087299982707 189.324041207631 189.902702967326 187.656382719676 186.558981736501 177.986284097036 159.382234017054 184.695959091187 197.981973489126
163.351009289424 160.758147637049 143.629928429921 146.399786074956 145.230899254481 106.80079460144 111.232986052831 109.244575103124 107.040494680405 108.396619558334 113.637059926987 116.775373617808 120.096425215403 124.102870623271 127.032021681468 135.507921377818 148.700098196665 161.08767191569 168.534100055695 173.356950283051 177.956461906433 193.959633509318 204.763432343801 204.099973042806 202.330629030863 193.366507689158 179.802616437276 169.458985328674 168.134351571401 150.673866271973 130.454242229462 86.6374770800273 59.196874499321 42.1776125828425 46.3557144006093 68.9357817173004 98.348875840505 135.023752848307 156.30187590917 170.953770478566 175.263941287994 180.248121420542 150.547961393992 125.758548577627 160.099009672801 194.011946519216
199.456552664439 191.79489215215 162.721614042918 153.042286634445 150.82656343778 144.508222738902 131.393869717916 114.172240098317 103.078146775564 104.785551627477 118.004103501638 122.735728820165 129.656414190928 140.042096376419 136.719385782878 137.07309961319 146.279573440552 158.228894074758 166.837255160014 157.385398944219 158.54999423027 162.19029823939 174.514174461365 183.431883653005 185.879270235697 185.118158658346 171.492616335551 153.119484583537 145.813683668772 107.850650946299 77.4413496255875 65.7478272914886 34.0524986386299 5.61849648753802 1.39597477391362 12.7432818214099 42.0641203721364 71.7843472957611 86.9349936644236 100.829730431239 108.385394016902 103.596448898315 110.101322333018 139.392346143723 152.011414368947 182.581226030986
195.49705584844 193.113525708516 178.30236752828 156.923949718475 141.645620266596 143.878440062205 133.966078360875 123.547524213791 113.9089067777 110.144625107447 113.976736863454 117.867767810822 128.519117832184 137.744665145874 137.663016716639 138.313084840775 145.98157008489 156.535545984904 164.077629645665 155.751605828603 155.350337425868 152.173539002736 160.297979911168 166.621814171473 166.913549105326 167.275230089823 156.603654225667 142.960677544276 125.633935133616 80.0768534342448 68.0153916279475 65.1391595602036 42.8085227807363 5.63447053233782 2.48868794490894 12.9212761918704 29.3630709250768 42.1630640824636 54.214616616567 57.9546789328257 56.6052397092183 54.2953858772914 78.6811361710231 170.507887999217 173.953096071879 184.249103069305
182.246267795563 187.77056535085 187.05157438914 162.496437629064 142.556965351105 143.921871980031 145.861198504766 153.322140375773 152.990678946177 140.736073255539 128.395587205887 137.505789597829 141.77605509758 149.517933527629 149.582803249359 143.088102340698 144.873907168706 155.799070994059 162.678480148315 167.437156041463 170.077602068583 165.893534819285 160.07536649704 158.039937416712 156.306842962901 156.415939331055 145.72662115097 136.181642611822 114.50324455897 97.8785753250122 97.2531835238139 108.012984196345 102.329611778259 42.3055191834768 19.0482301016649 29.5516823728879 30.3779393434525 42.6429907480876 45.2759613593419 44.1239029169083 39.6795148650805 42.2156602144241 90.2919272581736 172.723094622294 189.614315827688 196.135540803274
181.930561860402 187.216281890869 188.93567721049 169.830918312073 159.42504008611 163.955986499786 172.779858112335 182.052334149679 189.681649208069 179.393072923025 155.551960070928 158.70280067126 158.957193295161 164.946665366491 162.426551183065 151.850322882334 149.426917235057 158.619831005732 166.249543428421 181.239406267802 183.90013774236 178.714195887248 168.004155158997 159.002830584844 159.125725428263 158.878137667974 149.899383385976 142.137557268143 130.171646674474 134.010920921961 150.086532036463 175.753156344096 184.656719366709 171.397387981415 100.721557935079 51.5286972125371 48.9973922570546 50.6939440965652 50.7925848166148 42.3108289639155 63.2126380999883 94.2061046759288 138.748586177826 169.605453809102 190.53057829539 190.359175205231
184.732675552368 182.389458020528 183.953742186228 173.727512359619 190.633237361908 189.984361330668 197.853863239288 197.634657224019 198.899487654368 193.819522857666 167.760233084361 163.123478492101 165.09003440539 165.515899658203 169.116298357646 164.243410031001 158.916920423508 164.822498957316 178.313096364339 183.344701925913 182.115117708842 171.814223130544 167.968809604645 167.312026023865 167.743186155955 165.814499060313 159.650643666585 158.823629220327 163.169284661611 174.596150716146 192.649781703949 205.154299736023 213.036417961121 225.073615709941 199.876487255096 102.675368388494 66.2491222222646 56.8111389875412 50.0675638516744 43.6728845040003 86.2122078736623 169.002016385396 161.414275566737 147.506614526113 158.948659896851 155.926068623861
184.885879357656 173.638383547465 175.870140393575 179.207523663839 213.334401448568 202.842672665914 194.731215635935 182.104031244914 173.440953095754 169.179757436117 160.082201162974 155.368745326996 162.918756405512 166.400015354156 169.122099876404 171.831568082174 166.781047979991 162.672261397044 174.787759780884 176.688591639201 173.380553722382 166.416823863983 165.93199968338 171.727856000264 173.820952574412 168.672362963359 169.512410958608 166.731119155884 172.225097815196 190.300107002258 210.781872272491 224.049687385559 229.774336020152 230.825165907542 233.131368954976 176.158289114634 73.7458864847819 43.2585080464681 27.643546462059 39.3472363551458 100.47925511996 159.08279021581 145.816187063853 107.295403877894 105.441411336263 111.95773879687
178.926487763723 162.435372670492 169.653991858164 188.434720039368 214.01709318161 200.849950313568 179.262816905975 152.515679597855 137.668589750926 129.953255256017 132.66263405482 133.792748053869 151.610553264618 167.023519674937 172.860900561015 177.084068457286 175.725777943929 161.90579533577 165.52456219991 169.331590334574 168.002068996429 169.632156689962 169.873972733816 174.532393614451 179.248730341593 173.236787319183 176.424086093903 173.750599225362 171.432554721832 196.991562843323 220.887144406637 236.445605754852 235.091984272003 233.523488044739 244.595468044281 238.298038641612 163.850208123525 73.7891296545665 54.2821933825811 61.147873600324 93.0981437365214 103.609889745712 108.630359172821 82.4494908253352 76.8559128046036 85.4476988315582
176.252504189809 182.992339134216 211.941123008728 255.822380383809 244.6541984876 207.724948724111 167.90896654129 129.237592220306 116.754750410716 123.828987280528 122.352461020152 117.055644591649 136.134525140127 164.630283912023 176.463723182678 185.711880524953 183.476626873016 170.479496320089 170.273303985596 171.878655751546 169.893423716227 174.86834526062 177.413125832876 180.150051911672 183.640619119008 186.418493588765 184.936841328939 183.272361755371 185.777723789215 206.681211789449 230.183780193329 241.603354612986 237.443566322327 243.834098180135 254.932443300883 259.498000144958 247.35289812088 207.370221614838 124.571104844411 83.2185645898183 73.8086700439453 73.9180346330007 90.5066033204397 77.6077012221019 72.961022456487 92.4622714519501
195.98925113678 232.303063074748 274.886826674143 295.674363772074 296.358942985535 251.03372335434 196.398595968882 154.198169708252 141.733994086583 151.9549091657 140.882352987925 125.871390104294 135.154783725739 164.47772582372 182.924131552378 190.809369087219 188.533504803975 184.462825457255 176.425417264303 175.900320212046 177.137096722921 181.46558602651 184.311985969543 185.255845387777 187.188069025675 198.306818803151 198.329865932465 203.211069107056 203.252633412679 217.965066432953 233.741819858551 243.249456087748 246.392130851746 253.791272640228 260.898232460022 256.328086058299 253.571629524231 259.734292825063 206.286470095317 124.041577180227 80.4125219583511 75.407808025678 76.3540963331858 81.3507090012233 96.4322686195374 124.657134215037
253.561774889628 284.234801928202 298.534234364827 296.749711036682 308.6030681928 298.501749833425 263.366103172302 224.600791931152 195.829590161641 185.413002967834 180.815140406291 157.914350430171 145.618697007497 161.666343609492 186.66527668635 190.987626711527 187.869826952616 190.684537092845 177.784860134125 175.605376561483 180.719236532847 182.737787564596 184.960563977559 183.260480562846 188.629190127055 202.747583389282 210.24751663208 215.592821439107 217.196544011434 220.814784367879 235.344469547272 246.330519517263 246.646900971731 244.087735811869 247.207959493001 235.577702522278 237.360239028931 236.077725887299 199.737787246704 145.949472983678 108.654101689657 93.6628182729085 82.2335729996363 83.6729804674784 95.2837268511454 128.72169415156
285.033961137136 300.548712412516 298.561533292135 289.407730102539 297.419190406799 305.949111779531 297.918121019999 264.706452687581 230.858127276103 211.044828097026 210.836132367452 196.040868759155 171.226580937703 170.773943265279 183.498660723368 188.370267550151 181.011299292246 184.861302375793 176.128188769023 177.848100662231 176.350434621175 178.138494491577 177.281439304352 178.523898124695 185.279806454976 196.586509545644 210.202733675639 214.135368665059 217.05702940623 225.355943044027 238.296786944071 239.929378032684 226.501206556956 217.260221640269 220.03451983134 200.928548971812 194.018125534058 187.761664390564 154.45081392924 127.646783987681 133.397529522578 120.742311080297 104.094743728638 88.9007945855459 89.8404816786448 102.79722015063
295.776168505351 298.949778079987 301.517109076182 294.901251792908 293.161511421204 298.383514086405 305.426279703776 289.568384488424 249.502499898275 221.472144126892 219.456652800242 216.674566268921 201.892733573914 186.592837174733 181.375980377197 182.661831378937 179.176151752472 173.266092936198 172.841548919678 176.882803440094 172.567546367645 169.75877682368 171.474933624268 175.826668739319 180.591444174449 190.144419670105 202.103873093923 200.854023297628 208.497643470764 224.504590034485 232.56254196167 225.944658120473 213.444232940674 210.069159666697 202.3579676946 184.451460838318 188.164114952087 185.835242271423 171.639581521352 152.327239513397 153.508186340332 159.052799145381 140.677134195964 120.595365762711 106.178909540176 86.8856310844421
302.158574263255 303.005596001943 304.202338059743 303.60867579778 296.97189728419 296.211342016856 301.482299963633 297.082463900248 262.098928292592 231.629292170207 222.874800364176 219.542304674784 213.654855887095 193.346659342448 181.553383668264 187.295277913411 178.688486417135 169.018149375916 175.848921140035 176.86665058136 175.843318303426 171.235601107279 175.120492776235 179.548184076945 179.218490918477 184.716979662577 190.699458122253 191.428621610006 198.257803916931 219.389994939168 226.283808549245 220.16829252243 215.908646583557 216.884791851044 198.240240414937 191.03729724884 196.865975856781 202.801545461019 203.669587771098 185.799717903137 146.670053402583 145.518173774083 136.228779951731 116.759359836578 96.6178178787231 80.3966820240021
292.29740301768 295.464098453522 297.953486442566 297.974646091461 291.84357325236 288.269778092702 295.409361521403 299.431959788005 272.082010904948 239.380200703939 208.966195583344 202.078898747762 205.296953519185 190.327723821004 179.313520590464 186.974406242371 190.966824690501 176.840980847677 180.927475293477 184.023916721344 182.767967383067 178.573409716288 178.412894407908 181.923667589823 181.125740210215 181.312461694082 188.109656174978 195.800185203552 200.732111930847 213.194747765859 223.440567652384 222.80498345693 217.705925305684 218.577742576599 199.295699596405 201.698164145152 204.571664333344 211.006422837575 212.170402208964 189.680417378743 122.310827175776 96.1919029553731 81.9789469242096 74.531301856041 73.3357767264048 64.0092293421427
278.481205304464 284.752170244853 291.315297285716 289.79899485906 286.757349967957 289.35718536377 295.613328615824 299.296120802561 277.563214302063 235.79196135203 214.924216270447 200.199544429779 195.597529411316 188.147346178691 177.986065546672 183.512886365255 194.650908311208 186.468859513601 181.822558244069 186.784625053406 186.867078145345 183.39467048645 179.969807465871 182.034015655518 184.692740440369 183.627565701803 186.832368373871 197.628438472748 201.143284638723 207.263112068176 217.844227949778 224.550565083822 220.779935518901 199.532965819041 193.039794762929 210.833291212718 218.358059724172 220.805684725444 214.763800303141 200.257460276286 117.740869522095 64.1610125700633 43.3112581570943 29.74883466959 30.6576440731684 45.5696533123652
248.831590016683 258.358895778656 265.712797641754 268.547256787618 275.385797023773 284.313082695007 293.014943599701 295.091032981873 286.002854506175 252.7903119723 229.364633560181 208.287537097931 195.292115211487 192.304770151774 182.745218276978 177.766521771749 190.209031105042 191.229124863942 183.010041713715 182.204445203145 184.505144755046 180.556376775106 178.106983502706 179.205695788066 182.469685872396 188.369731108348 187.597155570984 194.610277811686 199.545343716939 202.002942562103 210.40282646815 222.163240114848 217.234134674072 188.460449377696 198.569178581238 226.504266262054 231.714347998301 226.014773050944 216.776688893636 215.245425701141 176.999847094218 89.6069804827372 45.0711896022161 36.2053513526917 33.9360237121582 35.3656063477198
215.578337510427 222.43332862854 220.967868963877 231.109182039897 246.09363079071 259.647011756897 270.872394243876 278.931836287181 273.879806200663 254.026571909587 226.862549781799 206.40496412913 192.342797915141 190.983454386393 186.018288135529 180.215875307719 184.890429178874 185.104767481486 178.126196066538 177.302817503611 182.360072930654 185.013850529989 182.758390903473 179.287473360697 177.8551141421 183.461765448252 189.329902331034 192.378342151642 198.663850625356 197.972416877747 200.336098670959 212.259034315745 204.074581464132 195.932885011037 223.740696907043 239.425679047902 236.52184009552 228.284557660421 224.201699097951 232.792019844055 244.148135185242 204.779704411825 119.572053352992 71.6215074062347 47.7488189935684 32.9915210604668
