input/barkrak2/radiation/dir02824.grid
NCOLS 85 
NROWS 70 
XLLCORNER 665100 
YLLCORNER 4664600 
CELLSIZE 20 
NODATA_value -9999 
[rows 0 to 21 of 70, columns 0 to 50 of 85]
84.838161865870205 104.30125395457 122.622450192769 141.292442878087 152.050654093424 154.761632283529 154.103577136993 150.433282057444 149.93009964625 151.771863301595 154.013365507126 148.639698823293 144.06231045723 144.797325134277 144.855161507924 131.096502145131 118.159502744675 106.861750284831 106.696089108785 106.952806313833 113.2692694664 133.653084437052 155.327558517456 159.389098485311 162.772307793299 174.240112304688 172.751486301422 163.050512472788 156.110366185506 157.147308190664 153.164972861608 174.968699614207 212.083339691162 208.180149396261 204.813996950785 197.339177131653 205.702602863312 216.717680295308 215.413490931193 213.436663150787 205.408692359924 213.741262753805 218.715886274974 209.630886713664 198.395133018494 204.853614171346 212.775508562724 173.989355564117 116.967846949895 112.760593493779 135.810514291128
58.2625965277354 71.9403326511383 84.9047005176544 100.608249505361 113.418519496918 131.595512231191 146.42537633578 152.698258558909 157.903134822845 157.529771327972 156.488180160522 151.743332544963 146.491418282191 146.564881006877 146.644860506058 133.67705543836 123.538851737976 115.009258190791 112.358907858531 110.449413458506 123.666514952977 147.10662762324 168.350259462992 169.9431737264 173.102835814158 178.596138954163 174.763719240824 165.673226118088 159.464488426844 159.01114543279 159.653772910436 184.641798337301 208.164831002553 203.851441542308 201.482693354289 197.776238123576 204.96396223704 214.855432510376 208.224256833394 210.970898469289 208.501815795898 210.9215259552 206.266363461812 195.489625136058 190.081755320231 202.577392260234 202.340205510457 152.182161808014 124.221374591192 135.083754857381 164.64818517367
27.8453603386879 37.0927701393763 43.4576620658239 51.6482988993327 61.9268864393234 73.1215228637059 87.9631737867991 110.318869352341 133.990794420242 146.022588014603 150.022635857264 153.179138898849 153.881043195724 155.336648225784 157.206435998281 157.366464535395 153.333793083827 142.730851968129 128.161569436391 121.045837799708 132.551282644272 149.611473083496 160.194585720698 164.399494727453 173.544526100159 172.923008600871 170.188943545024 165.045847495397 162.544190883636 166.821777820587 176.163295904795 196.343620618184 205.475072065989 202.74825890859 198.796312014262 198.053260644277 206.916054089864 211.838742097219 206.433832645416 201.679189999898 197.074711322784 191.909233729045 180.671830972036 173.391222953796 179.003238677979 196.112950642904 188.984413941701 146.07697725296 144.105384747187 163.406372070312 189.972142378489
16.8053147693475 18.0183326204618 21.5930839379628 25.5832324425379 29.6018794178963 34.5517446597417 43.0114219586054 56.6317290067673 75.4734973112742 89.7673368453979 113.115976254145 145.228803157806 154.629766941071 157.90139635404 161.924650271734 168.24479897817 165.301481882731 153.555552164714 137.018342812856 130.013128121694 131.332546472549 132.954031229019 141.870637734731 152.966797351837 154.544562101364 157.893598079681 163.135002056758 164.813339710236 166.524042685827 172.095974286397 179.500818252563 198.800683021545 201.60698890686 201.696415742238 198.904951413473 199.13786649704 201.366523901621 201.964636643728 195.574740568797 185.437003771464 181.995113690694 174.220323562622 173.80702495575 186.961193879445 197.90252049764 192.519803841909 173.076192537944 150.76732635498 153.801222642263 166.942993799845 188.499808311462
26.5380640824636 19.5731148123741 13.4348509212335 8.67685054739316 7.54691908756892 17.9383133848508 30.980850259463 40.4177183906237 50.4495948553085 52.3880968491236 72.4927286307017 95.3348676363627 110.286662975947 117.549588282903 122.475256522497 132.292836904526 133.946388959885 139.80754216512 135.637948910395 132.043749094009 126.679609219233 124.867856502533 132.782677809397 141.9957280159 146.572351455688 151.561866203944 153.896619876226 161.101182301839 165.904760360718 167.902906735738 174.351791540782 194.845875104268 194.050331910451 196.543176968892 196.549375851949 195.21552324295 192.002336184184 189.313411712646 180.399676163991 171.834588050842 171.297987302144 173.08513323466 181.05016152064 192.13738044103 195.244471232096 174.194614092509 138.825207948685 133.729855219523 147.488723198573 165.868858496348 194.071273008982
47.7793117364248 36.0338638226191 21.6966221729914 9.30650718510151 5.87052231033643 10.2716125547886 21.4294269680977 34.3611886103948 40.4013792673747 40.1474957664808 44.6875691413879 54.333488146464 61.9195997714996 66.5168861548106 75.4392544428508 79.3709258238475 82.8128357728322 92.6349361737569 107.33237862587 114.005456368128 120.743751525879 121.123323837916 125.994463761648 127.639790376027 135.129342476527 141.075750192006 146.487732728322 152.698814868927 161.312798659007 170.565525690715 181.814253330231 191.889464855194 185.84684530894 184.52509244283 186.369220415751 188.337544600169 185.47914425532 180.571436882019 172.092914581299 172.319531440735 171.728769938151 171.003878116608 173.289855321248 179.448147614797 174.121638139089 136.938671271006 116.60514275233 126.867254575094 146.766155958176 185.27889251709 208.694815635681
66.2159621715546 53.4976422786713 40.1361063122749 26.7994552850723 14.7587532798449 8.86984666188558 10.9296602507432 26.5110110243162 35.1382543643316 43.5925821463267 41.8851474920909 37.0332871874174 35.7107197244962 34.0717087189356 36.0074788331985 45.5163021882375 50.4591315984726 68.2160605986913 84.0987960497538 98.7048745155334 109.274248282115 117.398242155711 118.828703959783 119.972825050354 124.691188335419 129.980345567067 135.399927695592 141.985893249512 147.728681564331 156.792004903158 175.229648749034 184.10450220108 174.93736743927 168.40136051178 169.751822948456 170.819004376729 171.511948108673 168.621818224589 163.663844267527 158.061444759369 153.278748194377 153.659363587697 160.449186960856 169.365127881368 166.241069634755 161.920338869095 169.691781202952 181.225260098775 193.258106708527 207.730531692505 212.616523106893
80.5740753809611 65.5584633350372 55.637001991272 45.9483712911606 31.7672416567802 15.2462447683016 8.15502678354581 0.682762979219357 15.8404385050138 30.424860616525 36.7965698242188 39.2077441016833 36.0357289512952 32.1711450815201 26.2196734547615 28.9281606674194 34.8545163869858 46.7195610205332 65.1023685932159 83.2539151112239 95.6699748833974 104.848275581996 116.711219151815 117.483705282211 118.265887101491 118.788301944733 120.086808999379 126.826882362366 132.675309975942 140.688598155975 151.908079783122 152.095049619675 146.567165851593 152.647922436396 151.092231273651 152.208308378855 158.032019933065 157.291303078334 154.652774333954 138.48869005839 135.442594687144 142.837971448898 158.131897449493 170.419335365295 172.184824943542 179.044286410014 189.407706260681 192.501982053121 201.346357663473 204.704403877258 204.07235622406
74.9722719192505 67.6653484503428 57.1939498186111 48.1544782718023 41.4829974373182 31.8015888333321 17.510712146759 6.24506548047066 12.675829231739 19.1231096784274 25.2894063790639 30.7182123263677 34.4617242614428 39.4378900527954 36.7149710655212 33.1586077809334 32.0703536272049 35.5556284387906 46.368936697642 58.8828424612681 73.3764817317327 85.2455198764801 96.6694553693136 99.9276041984558 103.396445512772 102.267265319824 106.020987033844 110.153128703435 114.939371744792 124.424070119858 130.461762348811 130.508303642273 128.436684608459 128.170947233836 131.001313527425 141.917407512665 145.255347092946 148.539443810781 149.513820807139 144.897361596425 149.684210618337 159.10733739535 167.024850845337 170.192201932271 168.343285719554 167.340139547984 169.371962547302 178.010483582815 191.693405310313 187.227368354797 178.853452205658
56.6186904907227 52.7367095152537 49.0067998568217 40.7047073046366 38.4437590837479 37.7396295468012 28.4664183855057 21.6453820466995 13.0084455013275 10.1847021530072 14.0253516534964 25.0456978877385 36.9521528482437 45.6490417321523 49.1649806499481 47.6231276988983 40.2166371544202 38.9378319183985 40.644312898318 43.742706378301 49.6074060599009 56.7051867643992 65.9731924533844 76.0610749324163 84.1049353281657 85.9792431195577 87.6886347929637 89.5080367724101 95.1831142107646 103.222340345383 105.335901180903 107.501327991486 112.922032674154 113.528033097585 117.30350057284 121.913691361745 122.71856268247 138.77593477567 145.265916983287 155.694355567296 164.647072553635 169.055581092834 171.069204807281 170.13410727183 166.892985502879 166.626900434494 173.565208911896 178.976774215698 181.181232134501 179.514547189077 185.310463110606
22.743600110213 21.4483017722766 20.2567018568516 20.8291647334894 20.7586052517096 14.9823551376661 17.8041482965151 22.2688366969426 18.7814434369405 13.8491876423359 10.6887432436148 12.7033454676469 25.7405787706375 40.6469057003657 52.4173776308695 48.181821902593 44.2647387584051 42.7294621864955 39.116991062959 37.7054462830226 37.9867951075236 39.4306927919388 44.6666727463404 55.0612807273865 67.3882017532984 74.2827008167903 74.160839120547 76.4269431432088 79.8452397187551 84.496666987737 94.1220124562581 97.6994335651398 103.618323802948 104.496697584788 107.21809665362 111.299385627111 116.894364356995 119.256357351939 131.573259830475 158.373455206553 167.204042275747 164.947271347046 164.135744174322 162.907729546229 163.400967915853 169.55308119456 176.375428835551 176.808635393778 176.042318344116 179.922699928284 181.661367416382
2.03944137319922 2.7979655812184 1.3961528117458 0.848257293303808 0.000552349774807226 0.000906662383689157 1.88634218648076 13.63305747509 19.3400916953882 19.5147717992465 14.4913978874683 9.96576560040315 13.0441014965375 23.7452884515127 37.4847576022148 40.8279051383336 47.6755052804947 47.6127962271372 43.8147286574046 38.1209577123324 34.8355223735174 33.9264944195747 35.6932431459427 42.5220330556234 49.7345775365829 56.1523338158925 60.1596881945928 61.634307106336 67.6461458206177 68.2583252588908 69.4828977187475 77.2380729516347 87.7097547054291 90.7598833243052 92.2832190990448 94.8391656080882 104.474226633708 113.912244637807 118.720829486847 134.300182263056 149.751047293345 154.011358817418 150.753955046336 148.147791624069 149.84925587972 150.444805622101 155.030856529872 163.745244344076 167.344709237417 169.146060943604 174.137135346731
0 0 0 0 0 0 0 1.11488314966361 16.2451900541782 24.0544254581134 24.0554139018059 18.7148588399092 10.7852394382159 10.6753185391426 21.523838241895 36.351370314757 47.0075011253357 50.9268244107564 50.4333178202311 45.4026112953822 40.9539391597112 41.8008863925934 43.2602763175964 43.9876466989517 46.2253540754318 47.6617813110352 51.3651023308436 56.3070724407832 58.1545680761337 58.8591198126475 60.7481648524602 59.9679599205653 59.99689300855 70.1386531194051 77.4782747030258 81.0497601826986 87.792694568634 99.0333755811055 101.45237048467 111.35188738505 118.118286132812 119.997958342234 124.564439058304 134.421686331431 135.533670584361 137.547592322032 136.967231829961 140.045384565989 144.796927769979 149.948805570602 154.113590717316
0.0457381490074719 0 0 0 0 0 0 0 0.777962617576122 17.0071323712667 26.319312552611 32.401517033577 28.4644414981206 20.5984748899937 19.0520323812962 31.9754431645075 42.0464177926381 52.1922508875529 60.0080490112305 58.4345708290736 52.8416881958644 51.1552194754283 50.8792897065481 50.6310164928436 52.5577813386917 53.709422548612 54.1659990946452 61.3165398438772 60.4046285152435 54.2774647474289 54.0136049191157 56.1937391757965 53.0724028746287 48.9149043957392 51.8058786789576 70.2833831310272 79.2051951090495 83.4906299908956 87.3104929924011 90.3169810771942 94.1299398740133 99.2005070050557 105.187853177389 110.013067722321 118.973881006241 133.717507123947 130.646725495656 125.404338041941 123.667558034261 123.745948076248 129.279484351476
6.35654106736183 0 0 0 0 0 0 0 0 3.81697155535221 21.2759549419085 39.5255088806152 51.09770099322 45.2656596899033 32.4502562483152 30.0511245926221 33.804992834727 42.9306825002035 57.0262968540192 65.3765499591827 66.7093098163605 62.3074769973755 62.7290457487106 60.6037676334381 59.4752083222071 61.2683147192001 60.8267982800802 60.4469080766042 60.4629764954249 54.8083086808523 51.4179269472758 50.9070108334223 50.927996635437 46.31573955218 45.249546567599 43.3117747306824 42.5411313772202 49.6587157249451 66.8419202168783 68.9619481563568 73.6142893632253 81.24078810215 83.881954352061 90.509702761968 95.7831839720408 103.315869967143 122.166295846303 126.051813364029 121.626555919647 115.870932737986 117.210815350215
6.70343761642774 0.0166830698920724 0 0 0 0 0 0 0 0.753375158334772 15.1309048136075 34.8554899295171 49.7542669375738 56.6253960132599 48.8457083702087 31.9293563564618 27.705192565918 30.1747297247251 42.1239535013835 61.5693032741547 72.3776121934255 70.7850853602092 73.9023188749949 68.7140474716822 65.6410356362661 66.6107336680094 69.8593060175578 65.1619732379913 62.4305109182994 61.9963059822718 56.8518936634064 51.5270878871282 45.6089377403259 38.1736879547437 34.7911467154821 34.8563641309738 30.6911865870158 27.9231394330661 33.2502077023188 36.598118642966 43.862909078598 47.9736477136612 52.8627087672551 57.9318255186081 67.8763091564178 76.1117835839589 88.3521139621735 98.4809299310048 109.795113404592 110.272188981374 111.928761005402
4.58459245661895 0.571811688132584 0 0 0 0 0 0 0.514993288864692 0.842649256810546 1.64451155190667 24.8720174034437 45.5127904812495 58.5624873638153 60.2590392033259 52.2029300530752 47.2860236962636 38.7941127022107 34.7965161005656 42.7067875862122 61.5332722663879 74.8855024576187 79.6278864145279 76.2811998526255 73.195402820905 74.5967924594879 73.8354672988256 76.061670978864 72.8547821442286 69.8700745900472 60.2372586727142 54.3135106563568 44.8376536369324 37.3394936323166 30.2364677190781 24.8379111289978 19.1992844144503 16.9532373547554 19.0408329168955 23.4979391098022 25.3490060567856 27.474803229173 31.9956913590431 34.5211873451869 47.1431215604146 56.745857000351 63.9691203832626 69.4688061873118 78.8408766190211 93.8542683919271 105.399827162425
2.87433279057344 0.894533004611731 0.000313886990473596 0 0 0 0 0.583446972693006 1.86131987720728 4.97632566839457 8.55880106488864 17.4342753986518 32.4164479970932 44.7027385234833 57.5013955434163 66.0818070173264 64.9331112702688 58.3327958981196 46.6667115688324 37.8573487202326 45.9878941377004 65.2660429477692 74.3610709905624 78.3417522907257 80.4029603799184 82.1688671906789 86.708664894104 82.1116665999095 76.2563248475393 78.8888782262802 68.659504254659 54.7294020652771 42.5951977570852 36.1982335646947 26.6954799493154 23.3813275893529 17.0373059809208 12.9761261244615 12.4522758026918 15.5167877674103 15.7620583971341 18.2404840985934 22.8800351421038 26.3446271419525 30.8182711402575 41.5077557166417 48.8886833190918 51.3024181127548 56.3155661026637 63.296581308047 72.8330761194229
3.20454190174739 3.75446149458488 2.88835757722457 0 0 0 0.512895562375585 2.47934957345327 5.50893632074197 12.9670637349288 19.3851490815481 22.0239187280337 27.7550170818965 37.1178711454074 49.8883227507273 61.9913885990779 65.9478555123011 68.0242677529653 66.0603890816371 54.6588450670242 42.8370138009389 52.2885471582413 62.5661909580231 71.8167374531428 83.3652317523956 88.2430672645569 91.5247102578481 91.0808046658834 84.2921535174052 75.5354662736257 62.7039074897766 58.7436656157176 46.1884240309397 32.1582357088725 23.661899069945 18.2221668461959 11.3576712707678 6.77327377100786 4.15505034228166 6.09008719523748 9.85444958011309 13.5600964228312 18.8803312679132 21.1765393614769 25.7681036988894 33.9207500219345 37.9296491543452 41.1238198479017 45.7208305597305 50.3909736871719 55.4282863934835
3.38881369680166 2.4690879508853 3.96632713576158 0.0186356167735842 0 0.972292463605603 1.4574460995694 2.84441250065962 3.65365762263536 12.2616924345493 20.8183700839678 19.9446516732375 19.820066789786 25.1602580149968 36.5035608410835 48.4404712915421 56.7977378765742 62.3270571231842 67.7230457464854 68.454846739769 61.6979449987411 52.5162319342295 54.8712511857351 63.8148685296377 73.6643970012665 85.1834813753764 89.1749858856201 86.2684945265452 85.6057008107503 76.5081395705541 64.0396028757095 52.4436036745707 44.420525431633 32.0390189687411 25.8252049485842 15.9682184457779 8.14847772320112 2.13458916793267 0.544281909242272 0.960061869894465 1.20473629795015 8.5932295769453 13.2003935674826 18.831027050813 19.547035296758 25.3107075889905 30.0673022866249 32.4545974532763 38.1833563248316 42.2297418117523 44.4867610931396
6.22177682816982 1.82867888361216 0.351385756706198 1.09152604515354 0.0132190446796206 1.77176265666882 1.406022037069 3.21133900433779 4.23631227264802 4.39623246590296 15.0546804070473 14.8346349596977 13.9889853696028 17.3859236141046 23.5088790456454 34.0481748183568 43.2126075029373 49.9480317036311 59.7529063622157 71.0406402746836 76.3514439264933 68.64828368028 67.6408310731252 71.409210562706 74.1310367981593 75.4397958517075 80.4704527060191 78.6140263080597 74.0975638230642 62.5522832075755 59.794083237648 44.7613100210826 29.2669783035914 22.9088738560677 8.54328088462353 2.61294934898615 0.336405665924152 0 0.000608590388158821 0.000373246393792215 0 3.26447250942389 9.68110871811708 12.4401325980822 16.4160082737605 19.063264131546 22.6613009969393 25.4656672477722 29.5891985297203 30.7801812887192 30.0999532143275
20.35728469491 11.2846518556277 2.57947761565447 4.45286588122447 3.9364630356431 1.24979702134927 3.04176658391953 5.54572169979413 5.25197510917981 4.68047118435303 12.8094926476479 12.4040668209394 12.6892291009426 10.9038837254047 16.3391008973122 25.0170677900314 35.4049677650134 44.9066758155823 52.6555130879084 63.9736155668894 72.9299237330755 84.0937594572703 88.7772440910339 88.2226427396138 82.5940519571304 75.3500858942668 71.2384680906932 69.5968220631282 70.0392077366511 55.6181023518244 44.8832213878632 26.0727455218633 17.7512789765994 4.52300471564134 0 0 0.000428524723853722 0.000361677621185663 0 0 0 0 0 4.73003586133321 11.6452276706696 16.5072754025459 20.4624595741431 22.9282230138779 24.5156909028689 24.3617047866185 23.8505999247233
