input/barkrak2/radiation/dir05524.grid
NCOLS 85 
NROWS 70 
XLLCORNER 665100 
YLLCORNER 4664600 
CELLSIZE 20 
NODATA_value -9999 
[rows 42 to 62 of 70, columns 0 to 47 of 85]
133.699814478556 130.837420622508 133.127003908157 131.720374027888 124.104221661886 119.879136482875 116.975208123525 112.590422232946 112.892498572667 109.20579234759 107.418914635976 105.800877014796 109.270095825195 113.824109236399 112.564424673716 108.56357216835 104.583084583282 109.796235958735 111.591051022212 105.320960283279 102.363646030426 100.644409656525 97.0443884531657 98.5707938671112 104.53333457311 99.3419388930003 96.1825450261434 104.226648807526 109.615554412206 114.034632841746 116.703569889069 119.717081387838 131.051550308863 153.48685781161 161.020408074061 141.942958037059 126.146604617437 123.484919468562 124.964694182078 135.897656281789 145.265390475591 148.364365100861 132.883012294769 95.7982440789541 33.2355126738548 0.862758063400785 0 0
117.345899343491 119.724204142888 129.028330246607 125.862757364909 128.862798213959 130.728334188461 129.590431849162 123.866895834605 111.799856026967 109.75193977356 113.387187321981 108.182032903035 109.132617712021 112.798780202866 112.818002700806 110.493461290995 111.146062612534 112.925787766774 112.90047566096 106.700162092845 100.621869166692 99.3631482124329 96.6586867968241 95.6518749396006 98.4656612078349 102.380871772766 97.0415870348613 99.8112758000692 106.795986493429 109.126448631287 108.26430718104 107.494880755742 121.537228425344 139.541884263357 144.042511781057 129.019240538279 123.78004193306 129.895508289337 135.471244653066 136.070171991984 131.398697694143 129.469066858292 122.193992137909 93.4984187285105 44.725646575292 0.583644451883932 0 0
115.261773268382 121.338407198588 124.238193035126 125.508924325307 126.860956350962 129.743029673894 129.406154155731 125.527381896973 119.687298933665 114.099681377411 116.202096144358 112.614095211029 108.229508002599 106.290479501088 105.460345745087 106.188197930654 101.777374744415 110.155791044235 111.446013053258 108.364075422287 103.513181209564 101.484715938568 100.335597991943 100.387940804164 97.4240700403849 106.464703877767 109.474410613378 106.69152935346 106.645286083221 105.75595498085 102.862656116486 100.543697675069 108.442485332489 114.90997672081 120.838632186254 121.634344259898 127.272754907608 137.721081574758 143.00611615181 133.625874916712 129.173417886098 124.334355195363 118.429263432821 96.7994829018911 60.2674682935079 17.4476442237695 0 0
122.180759906769 127.434521913528 124.054094155629 128.053526083628 126.037140687307 125.567028919856 127.458423376083 125.338127215703 126.662343740463 120.871891578039 118.991712729136 118.411064147949 112.733612457911 107.290367285411 105.659077564875 109.048555294673 103.370736042658 106.511116027832 111.337830622991 109.312127033869 106.009056170781 106.548686822255 105.033059914907 105.776210625966 106.656044721603 104.641040166219 111.528019110362 111.543784538905 109.575480222702 108.643025159836 103.396475315094 100.925425688426 104.478220144908 104.205071926117 103.975315888723 105.511794487635 114.752521117528 130.527476469676 130.654245615005 116.569638252258 120.101660490036 112.929254770279 111.019025246302 108.082036177317 89.1859630743663 49.630418419838 9.53952968120575 0
122.230271498362 124.275227387746 126.980622609456 128.929158051809 128.885487715403 128.008425235748 129.508852958679 131.66406750679 127.218514680862 124.736209710439 123.611062765121 121.928036212921 118.3114250501 114.291628201803 113.069703181585 116.437077522278 112.884064515432 107.754647731781 113.759497801463 112.213442722956 108.853111664454 109.340916077296 108.070244391759 102.910061677297 110.884090264638 105.835855007172 105.505963166555 109.384556611379 109.416445096334 109.378417332967 108.127603928248 103.53950659434 103.981832663218 103.32586367925 106.014470259349 105.668445428212 108.708133300145 118.242045243581 120.502104361852 116.072237491608 116.622765858968 108.988831440608 114.928007125854 123.126089572906 114.420195420583 78.7645032008489 35.9625617663066 3.37681422630946
116.088767846425 118.389368057251 124.30864572525 126.514812310537 130.609293778737 131.681472063065 128.817031780879 128.932138284047 128.360748291016 129.942486683528 126.815617084503 122.270951668421 119.963665803274 119.214157263438 117.203384637833 115.659127632777 114.041358232498 105.158259471258 110.193540652593 111.723164717356 107.916911443075 108.045826355616 110.643774271011 102.998326222102 106.606205304464 106.333663066228 101.329873005549 105.515420436859 108.590334653854 109.46191350619 109.665324290593 108.744064966838 103.700945774714 107.952177524567 118.301133314768 124.387969573339 118.951221307119 114.024569590886 118.947486082713 128.754635651906 121.153016885122 111.583818991979 119.138578573863 126.760085423787 119.717121124268 97.7082848548889 56.9036453962326 19.8666130503019
108.534197012583 111.781100432078 117.697129646937 121.91966176033 128.542045752207 132.646908362707 128.870864709218 126.897424459457 130.362629890442 132.027824719747 130.283017953237 125.277062257131 122.82986442248 123.01962574323 119.490285714467 113.578776518504 112.339466810226 105.331887801488 109.352270762126 114.828179279963 113.56050769488 112.8322382768 114.494572083155 110.349247852961 107.785721619924 111.14564538002 105.700850486755 109.297384818395 115.692993005117 120.809843142827 125.980377197266 124.92173910141 115.476826826731 116.463293631872 126.563092072805 135.317832231522 135.825077692668 123.414973417918 121.498048305511 129.254519939423 118.007948001226 109.142482280731 106.554210186005 106.799672047297 104.713002840678 103.622903426488 92.2191540400187 37.0133568843206
107.300480206807 104.747881491979 109.666327635447 118.828813234965 124.671896298726 128.056854009628 131.2542061011 133.421450853348 134.568115075429 130.315840244293 132.851739724477 132.20735390981 127.776553233465 124.321440855662 121.829450130463 116.702477137248 114.40501610438 110.404501358668 113.822331031164 118.770072857539 120.175063610077 119.57249045372 116.11611644427 116.698930660884 113.444586594899 115.837166706721 116.730630397797 119.21888589859 124.451498190562 134.297311306 142.99867550532 141.954928636551 133.553763230642 128.755122423172 127.339740594228 134.910235802333 141.897360483805 138.53398958842 127.506107091904 115.752230087916 107.095569372177 109.046131372452 105.813562870026 100.754459698995 97.4837342898051 102.295060952504 97.0749755700429 49.0591625372569
108.178575833639 111.290762821833 114.968667427699 121.903717517853 122.946828603745 123.272856076558 132.146795590719 137.23012804985 136.562714974085 136.117140452067 135.269542535146 134.618500868479 130.911181370417 125.700155893962 125.237464904785 128.396173318227 119.766781727473 117.956340312958 119.388967752457 125.133732954661 126.178165276845 123.470226923625 120.189766089122 119.645724693934 114.335308472315 121.116975943247 123.760918776194 125.098317861557 128.61892580986 139.50170079867 151.061485211054 153.375148773193 145.718365907669 134.144047896067 121.347516775131 120.398104190826 133.468012015025 144.451936086019 131.785651048025 109.729031721751 101.394861936569 109.183967113495 112.8977338473 108.576993147532 103.627185026805 100.054462750753 83.9837094148 55.9071948130926
108.277420202891 120.391468207041 122.419138749441 124.945193529129 123.191485802333 122.002502282461 129.841069380442 136.144667863846 135.436187187831 140.911400318146 137.983451286952 136.711756388346 133.546829223633 127.811213334401 127.65775124232 134.48307911555 126.829256614049 122.35943476359 119.943718115489 122.760305802027 123.279790083567 121.802846590678 120.820820331573 117.152124643326 113.382081190745 115.930616855621 119.366476933161 120.711028575897 123.477717240651 131.264984607697 142.376472552617 149.989316860835 146.546423435211 124.520013729731 89.9465084075928 82.4798444906871 102.082471052806 123.664786418279 139.118701219559 135.009636481603 129.432857036591 120.567659536997 103.210111459096 100.687742233276 109.491586685181 101.907024780909 80.1438589890798 67.4416720867157
111.49917046229 109.945426384608 108.843415975571 112.761368354162 120.272994041443 125.770896673203 125.940511624018 132.851014534632 132.217248280843 136.834442615509 137.682725985845 139.28950826327 139.261861642202 133.46192240715 130.345006783803 129.021694262822 130.713552236557 122.594684362411 116.910854975382 115.227083365122 113.630910714467 116.932511329651 118.302931388219 112.442950407664 113.104661305745 110.320011774699 112.24556962649 112.229605515798 111.063341299693 113.606959581375 121.636420488358 132.555345694224 129.724115133286 103.366484244665 68.1942005952199 49.5444337526957 50.1622706651688 81.6389719645182 117.871920267741 136.772851149241 140.307287375132 119.914472103119 98.9488164583842 94.7632590929667 102.853427330653 93.0355588595072 76.3695240020752 84.7334563732147
115.881443023682 104.527086019516 101.839592059453 107.457558314006 120.461155970891 129.383623600006 128.726104895274 129.932304223379 132.854759693146 133.270035187403 136.235773563385 138.804992039998 140.409658352534 138.11061779658 133.242468039195 130.395193894704 132.879495620728 124.523689349492 119.587659835815 120.438396930695 120.224406321843 116.529444853465 114.872346321742 111.222088336945 111.423581838608 108.605662981669 108.642319838206 109.441737333934 106.933693091075 101.754774649938 95.3009327252706 101.273387670517 102.281868457794 84.7991804281871 69.3464577198029 50.8751769860586 29.0660907824834 28.3717960119247 45.5694099267324 95.7723657290141 119.805892308553 109.721144040426 98.8947053750356 92.757652203242 85.5957865715027 80.3786416848501 73.7473318974177 95.3957835833232
116.716653108597 110.406368970871 107.020298639933 111.77792151769 122.894813617071 131.277769804001 134.129365285238 130.364219347636 134.780645370483 133.117288351059 136.737445990245 138.24396332105 140.982021888097 142.262597878774 135.887404282888 135.328193505605 135.494103034337 129.974832137426 125.450223684311 126.921425263087 126.927187045415 122.504085302353 118.980159362157 119.206756353378 114.596545696259 114.087680975596 112.333009640376 108.176827430725 102.506697177887 96.9218611717224 86.8634581565857 90.9536480903625 94.8992669582367 95.1708455880483 93.5913225015004 81.1833292245865 53.0670384565989 36.6132184863091 32.2715044021606 37.7327923973401 81.0419420401255 87.2805913289388 61.7330918709437 52.1961351235708 51.652471224467 59.9453002214432 77.9071400562922 88.0193213621775
120.516002178192 118.46520503362 113.667716582616 111.024439334869 117.695520321528 130.593101183573 132.526993751526 130.738983551661 132.185240586599 137.051264444987 143.245677153269 144.447306791941 142.344901959101 142.469565073649 139.634847640991 139.766454696655 140.965362389882 136.4919145902 130.978365739187 127.727339665095 125.386744737625 124.320507049561 126.203080018361 128.90437245369 122.940450906754 120.700756708781 112.694203853607 103.335003058116 94.8154330253601 90.5404686927795 89.9780591328939 96.7190663019816 100.869387388229 112.249026695887 119.140128294627 118.857711553574 106.111903985341 82.7705214420954 69.028044740359 42.3145294189453 52.503968278567 73.0348726113637 73.2274353504181 60.7198576132456 61.1129303773244 79.3202618757884 105.900754531225 102.389643589656
123.61353635788 122.859259446462 120.899935563405 115.57408173879 116.429706414541 127.266516288122 130.687197049459 130.73076804479 130.245506763458 139.119307200114 147.654006878535 146.610230207443 141.514321168264 144.287238518397 144.500732421875 137.65894373258 139.929711818695 136.071701844533 131.319254636765 130.21527727445 130.079289277395 131.002177794774 128.544827302297 125.79944729805 121.924002965291 116.913040479024 93.3744311332703 68.3939208587011 67.5922085841497 75.290784239769 87.1843695640564 93.1259592374166 98.9622275034587 106.117735306422 120.419323444366 133.581976095835 131.265203158061 126.193404197693 109.875023365021 83.6914579073588 57.045191526413 75.223907828331 92.6155745983124 94.0995315710704 94.6184595425924 110.476682583491 139.722883701324 128.136912981669
122.509201367696 120.287756125132 123.802423477173 123.757849136988 120.285799105962 123.679618040721 131.496161222458 132.458984851837 131.396432717641 138.600716988246 146.565576394399 145.568877458572 140.163898468018 143.49694053332 146.529932816823 135.192533334096 136.555055777232 134.322086970011 131.817489862442 132.729391256968 133.849839369456 134.022980928421 130.388389031092 123.725861310959 124.265750249227 120.1092004776 97.6472000281016 74.4301229715347 74.3144750595093 85.6056412061055 97.0906217892965 99.199632803599 110.862831274668 121.865014235179 128.806541363398 138.62665494283 136.122286319733 82.209770878156 68.729043006897 82.4980040391286 85.4982336362203 100.425899028778 105.587750673294 88.2618228594462 76.0759363571803 89.6214743455251 116.523494323095 111.045142014821
109.6510887146 118.651101986567 122.037470340729 124.474416176478 123.49459528923 119.660904010137 131.976614395777 136.156400044759 135.362565517426 139.271159966787 143.00004641215 143.990139166514 142.526149749756 139.007300138474 140.313496192296 136.038601398468 132.820735375086 135.819216569265 136.183579762777 136.871874332428 138.597110907237 133.317689100901 132.907032966614 125.182032585144 124.434520800908 125.721911589305 121.795505285263 113.93008629481 116.679420073827 120.153963565826 116.45899216334 109.347442785899 125.574479500453 133.709768454234 129.185259342194 99.4263192017873 88.2882475852966 47.0012724399567 32.7114313840866 47.4786063035329 86.7319603761037 110.928386449814 108.710328737895 93.0873056252797 80.3780555725098 84.2925111452738 101.252049207687 106.052279472351
99.0152756373088 115.435848633448 119.928856690725 122.450451056163 125.317762295405 120.631724596024 126.571585734685 135.761121908824 146.544635295868 146.891097227732 143.156737089157 141.291588544846 142.840653657913 140.985230604808 140.663782755534 137.8506620725 133.123109738032 133.711179097493 132.001678148905 128.469169139862 130.587349335353 130.055884520213 128.253390391668 126.079430182775 125.034709771474 132.96710451444 143.751700719198 151.622007290522 139.425545930862 135.469963153203 121.925930182139 109.478145837784 119.951446851095 110.390990972519 62.366376320521 50.563246011734 48.4118560949961 38.5406762361526 24.1108487049739 19.8433734476566 22.5744297107061 74.4533240795135 105.750262737274 126.564522584279 141.568919022878 136.454999446869 129.692604144414 127.580344676971
100.975652535756 111.431459585826 120.091587305069 122.485776742299 123.740941286087 124.621291955312 118.610243002574 130.020787318548 152.09757288297 150.879879792531 142.495741446813 138.759722312291 141.443908214569 143.964131673177 142.65513420105 138.904492060343 136.695802211761 133.440653483073 126.051237185796 117.57426460584 116.854846477509 119.820654392242 119.670331478119 123.415877421697 125.596056381861 131.309370199839 148.99092912674 158.30601255099 139.095574617386 128.311137358348 115.348368883133 99.4261503219604 99.0819931030273 91.8782750765483 68.2378361622493 42.9822355508804 44.6001539627711 57.8169325987498 49.5608945687612 32.4541032314301 20.5313290158908 32.843733827273 83.2188924153646 115.201185146968 126.796096563339 127.034097909927 119.406849145889 120.185136795044
113.852093617121 117.150853077571 120.08935213089 116.192917029063 108.951061964035 105.181455612183 114.287495613098 120.589375495911 130.990376075109 129.752924044927 127.88932522138 133.617669343948 140.15124241511 141.350617011388 136.94503903389 138.754367828369 138.352473576864 130.784511566162 121.41423424085 114.948789278666 113.991727431615 114.501068989436 117.401431004206 118.958602348963 119.278639554977 122.919261455536 138.288835684458 144.356777270635 138.07405034701 126.003126303355 108.054141203562 91.3026730219523 82.6412290334702 95.6223805745443 88.3761445681254 64.0851060549418 67.7837133407593 103.415717681249 110.958248376846 84.0881566206614 50.275112191836 38.9966368675232 58.851033449173 77.9367834329605 67.1262194712957 82.9556634028753 88.1752769152323 93.3926204840342
127.206077178319 123.395651578903 119.456241528193 111.490666866302 99.6795197327932 91.043621301651 104.419509569804 103.504757086436 91.3229882717133 91.9061303138733 107.217927773794 121.116548776627 126.573234796524 130.796809991201 134.399672349294 145.673135916392 148.039102554321 138.183355331421 128.367692232132 123.408397038778 119.07571554184 117.730706930161 119.023164113363 117.224862178167 117.760002613068 119.627118110657 122.636695702871 127.38448381424 126.689434051514 102.85273194313 106.114367643992 98.9007651805878 89.6309117476145 106.586823860804 110.202352205912 96.7821975549062 88.485062122345 90.2889768282572 95.8200593789418 93.291570742925 75.4049122333527 58.6962799231211 58.613861600558 47.5860337416331 38.3483494321505 43.7719126542409 67.3349698384603 71.6239313284556
