input/barkrak2/radiation/dir08624.grid
NCOLS 85 
NROWS 70 
XLLCORNER 665100 
YLLCORNER 4664600 
CELLSIZE 20 
NODATA_value -9999 
[rows 20 to 39 of 70, columns 0 to 45 of 85]
79.470157623291 67.1359300613403 72.8680541117986 93.6749080816905 87.899516026179 77.7389506498973 71.896235148112 83.2537810007731 96.0056086381276 105.834951003393 110.116889079412 109.563738107681 109.635551770528 109.414915243785 122.755914926529 141.01579785347 153.088549772898 164.154589176178 175.769448280334 189.445674419403 199.329415957133 187.106251716614 188.4352962176 188.672383626302 188.16876411438 187.12455034256 185.856600602468 187.883814175924 186.306556065877 184.406757354736 174.558460712433 175.435801347097 165.403445561727 172.596514225006 168.095211187998 175.55687824885 174.887796243032 176.884730656942 181.629836559296 186.324973901113 187.940239906311 188.525418440501 191.55345360438 184.202750523885 190.641601880391 195.458054542542
109.623203674952 97.589780886968 91.7094349861145 116.760551929474 114.325145880381 78.2273461421331 82.11283882459 94.4313704967499 103.672752777735 105.773051579793 105.570058027903 107.174009084702 107.036560773849 105.443884929021 114.095777273178 131.842990716298 146.515399217606 157.736539840698 169.16286945343 183.740794658661 193.787594636281 205.371459325155 209.858437379201 205.544392267863 195.721089839935 184.967855612437 174.477458000183 166.652143001556 173.197448253632 170.090476671855 148.680905501048 132.511824369431 100.765585899353 95.4256951808929 97.6974169413249 116.327345371246 149.662683407466 167.730271816254 181.030631065369 182.414491971334 179.393370946248 178.300261497498 168.653070926666 150.951276222865 177.494664986928 189.81546163559
156.717191139857 153.655548890432 135.401507218679 137.591153383255 136.27486427625 100.129455327988 104.718228181203 103.256682554881 103.177607059479 102.307677268982 107.486397027969 110.336164633433 113.599767287572 116.117030382156 120.209991931915 127.311815818151 140.282263358434 152.576794226964 163.279592990875 166.456321875254 171.100874741872 187.486529350281 196.380178133647 199.756522973379 196.014920870463 182.324012120565 175.356845060984 163.761138916016 162.424087524414 145.169953505198 123.143414656321 79.6457380056381 54.9359619617462 33.498910566171 33.3604415257772 51.5806972980499 88.2461468378703 111.393342415492 136.326392491659 156.717995802561 163.674036661784 168.644269307454 142.588297526042 117.194712162018 150.497804085414 185.959140459696
193.267385164897 185.151437918345 154.931098222733 144.288967053095 141.900142033895 136.342068513234 126.160035530726 108.023186524709 97.1554418404897 98.7605551878611 111.872365077337 112.32594648997 121.81881070137 133.410722017288 130.059659481049 131.689091523488 140.833189090093 151.018033425013 156.963328520457 150.490790605545 150.136609872182 153.825541337331 167.893826961517 175.000429153442 181.210299332937 176.782011985779 166.948835055033 148.941536744436 130.372196435928 103.281915187836 72.6863046487172 60.4106038808823 30.0141970316569 3.85958980768919 0.240699911955744 8.28783710797628 36.4556908607483 61.7331763108571 73.0384339888891 85.326870282491 96.6554880142212 80.6498775879542 99.7099876403809 130.797485510508 145.174026489258 174.00457461675
189.676225185394 187.066674232483 171.113212903341 148.347795009613 133.049676815669 135.384539763133 126.749485731125 117.297470569611 107.847352822622 104.22029097875 105.554083983103 109.497626622518 119.007080793381 129.618336757024 129.298835992813 129.756997028987 136.187126239141 148.326973120371 156.043191750844 147.274067004522 148.209810256958 143.22821299235 153.160393238068 159.702986478806 161.7684563001 158.953080574671 151.753743489583 136.814484993617 120.926479498545 67.4345592657725 61.7003937562307 60.9034101168315 38.6816263198853 3.92052220801512 1.41339221348365 9.43504149715106 21.5992132822673 36.1878871917725 42.5587097803752 44.5865541696548 42.0485039552053 46.7621088027954 69.0810779730479 160.319377978643 165.675610303879 175.119042396545
176.060398419698 181.586146354675 180.264095465342 154.222597678502 133.563727140427 136.694928010305 138.612568378448 148.616582155228 144.486218690872 128.968894481659 117.339154084524 128.356029589971 132.673780123393 140.822569529215 141.28311475118 134.882529576619 136.612335840861 147.391587495804 154.168446858724 160.573909680049 161.621908346812 157.550831635793 151.765048503876 149.650226036708 150.798817475637 149.74644780159 139.112571875254 129.741579294205 107.947011788686 92.1162664890289 91.6413466135661 102.336178223292 96.3260928789775 36.8073706825574 15.9339470167955 26.9643242160479 26.7143622040749 37.041703859965 38.5140130917231 27.9050121704737 30.0609469413757 34.1231375932693 81.9468349218369 163.031915823619 182.797392209371 189.149657885234
175.627032915751 181.012113889058 182.412326335907 162.173767884572 150.539378325144 155.958652496338 165.824989477793 173.711319764455 178.809762001038 165.235141913096 143.953661123912 151.814272006353 151.271422704061 156.706571578979 154.122988382975 144.831995169322 141.171356042226 151.581098635991 159.368008375168 172.713359196981 176.847577095032 171.606123447418 160.909255345662 152.028302351634 150.747030973434 152.162025372187 143.318275610606 137.610803047816 123.835037151972 128.13272078832 144.243180751801 169.735471407572 178.784569104513 164.479633172353 92.2537545363108 45.9368973970413 43.7813103199005 43.8530147075653 44.2656179269155 25.298943122228 53.4346997737885 85.5729579925537 129.329433043798 163.389394680659 173.000673453013 174.575368563334
178.505758444468 170.03458738327 177.557190259298 166.420479615529 182.043234507243 182.460248470306 189.626574516296 187.200446923574 185.322264830271 182.573914527893 161.17991010348 156.206478675207 157.379438479741 158.745100100835 160.947243372599 154.244422912598 148.845007022222 156.499644120534 169.827500979106 176.431437333425 173.687398433685 163.393606742223 160.883446534475 161.669254302979 160.51854689916 160.045286019643 153.997709353765 152.691304683685 159.434606631597 169.26505168279 186.669667561849 199.326475461324 207.617143789927 219.474613666534 192.031582196554 95.420519510905 60.0998302300771 49.7630933920542 42.2265281279882 27.3918261130651 74.0723858277003 159.998764594396 154.831349849701 125.886042912801 138.643532991409 139.151195685069
173.746864000956 162.994911273321 169.471065203349 171.80069287618 205.099006493886 195.861339569092 186.600208282471 168.688833713531 165.201743443807 163.023362557093 150.422652562459 146.822611490885 152.820408344269 158.153961102168 162.467896938324 165.018876393636 161.513119935989 156.412919362386 167.718629042308 171.213646729787 167.859613895416 159.45495168368 160.221874713898 166.062613328298 166.966954867045 160.380045572917 162.788093090057 160.726606845856 168.488621711731 181.945403416952 205.452044804891 218.544443448385 224.576850732168 225.787838300069 227.112869421641 167.576710383097 63.7542754411697 34.6159189939499 21.3886847098668 32.7381541331609 91.5502508481344 145.446399847666 130.554775396983 96.0611701011658 99.3221799532572 100.208610296249
173.642496267954 156.786700089773 163.162688414256 180.881520112356 205.165346463521 190.312623977661 166.205664475759 144.239723682404 131.611992915471 123.765885829926 122.777074575424 125.152786572774 139.660576979319 158.823351065318 166.057646274567 173.40608437856 170.364638169607 155.529608329137 159.878393014272 160.829703013102 162.109116713206 162.564247846603 162.895888090134 168.727298577627 173.388401667277 167.294760545095 170.529166857402 166.404992341995 167.267739772797 192.802429199219 215.651969114939 231.269160906474 230.037967363993 228.603541851044 239.716827869415 232.142070929209 155.269652605057 65.8625861008962 47.2791691621145 51.0171800851822 77.7575671672821 91.4401511351268 102.685342232386 74.5790898799896 67.9061561822891 76.8004109462102
170.145134131114 177.098333835602 205.797870953878 249.304552872976 234.096785386403 195.433179537455 156.932165225347 123.042970895767 110.605031251907 115.41427175204 111.086269219716 108.533004919688 130.047867695491 159.984886646271 171.262880166372 178.770224253337 177.972515424093 164.801150560379 163.432617982229 165.949374437332 163.647552331289 168.561518192291 171.02970679601 173.069794972738 176.667412122091 179.660578568776 178.987185160319 177.393833796183 178.934017817179 202.250838279724 225.764572620392 236.593127250671 232.439617315928 239.10383383433 250.539163748423 255.301972230275 241.294662157694 198.541283607483 115.119496981303 70.5692072709401 61.3226542870204 62.6200536886851 82.3758542537689 69.9549615383148 64.0839636325836 84.0427279472351
190.203646818797 226.8146276474 270.206193129222 291.897197564443 289.389391740163 241.310079892476 187.353491783142 145.195037126541 132.847746213277 140.237867832184 129.234403371811 116.906732320786 129.170934359233 157.57958094279 176.030576229095 183.805425961812 179.781138896942 176.07718706131 167.980869611104 168.498794237773 168.662985165914 175.422390302022 178.308228651683 176.447629928589 181.195576985677 193.648934364319 192.43723154068 195.503095785777 199.248989423116 211.98703845342 228.970487912496 238.066971302032 241.405526796977 248.835583527883 255.331913630168 251.70111656189 248.976727326711 253.44987710317 195.346017678579 109.835843245188 67.8414205710093 65.5918121337891 70.6762969493866 75.6160120169322 85.5982104937236 111.620217561722
248.861273129781 280.444780985514 295.582969983419 294.144749641418 305.139700571696 294.035971164703 257.60938723882 216.110984484355 184.297978878021 176.177402337392 171.388387680054 151.617745558421 139.057874679565 154.640058676402 176.484286785126 183.901071548462 177.513659000397 179.771443208059 164.098123709361 163.938899834951 171.603322029114 171.767969926198 172.60201772054 174.347201983134 180.059472719828 195.680936177572 203.304886817932 210.023522377014 210.759282112122 215.530216693878 230.083545049032 241.362929344177 241.375803947449 239.463845888774 241.640329360962 230.842471122742 231.921672821045 230.247636636098 191.771467526754 136.447161436081 96.8566139539083 85.074245929718 76.4901638031006 80.27250568072 87.1027807394664 116.147230068843
281.760692596436 298.026879628499 296.712974707286 287.643750508626 295.535206794739 302.034258842468 291.266024112701 255.204339822133 222.813169161479 204.896450042725 204.580346743266 189.966320991516 164.586812257767 158.476293087006 169.154703617096 173.622012138367 167.00541973114 169.664959112803 162.787944078445 164.989501237869 163.66974512736 165.196120738983 166.378925244013 166.601866483688 174.095630645752 187.858561674754 201.793233553569 206.170399983724 210.857967535655 220.07143497467 232.634703318278 234.290063381195 221.360683441162 211.273392041524 214.539468288422 188.643753528595 186.841587225596 174.191951751709 147.144635518392 118.896861871084 124.977876742681 113.696157932281 95.2635010083516 80.7384351889292 76.8913726011912 89.0234112739563
294.138789176941 297.369321187337 299.675981203715 293.477733929952 292.226533095042 296.989401181539 301.777640978495 285.33414999644 243.830621242523 218.093474706014 213.688015937805 204.801857471466 192.337969938914 171.613057454427 167.095502217611 172.173202037811 165.948132673899 162.24726041158 163.800607124964 167.553285757701 163.590252399445 162.42046157519 163.765062888463 166.549344857534 170.778393745422 178.936183452606 191.294233004252 192.476014296214 199.528177579244 217.934250831604 227.541565895081 219.962159792582 207.965970039368 204.139192899068 194.717387358348 178.385277589162 182.201345761617 179.777761300405 164.733628431956 143.717954556147 145.405689875285 151.828070481618 133.884400129318 113.959689935048 89.0955130259196 78.7900437911351
296.824673811595 298.657298088074 301.933884620667 300.618807474772 295.004685719808 293.825884660085 298.538307348887 293.626566727956 256.181160608927 225.710352261861 211.337963740031 201.28873984019 197.658061981201 181.289474169413 172.289152940114 176.71396334966 171.869178613027 161.893745263418 168.122927347819 169.131139914195 166.260798772176 163.013935089111 166.919807593028 173.091570536296 171.092609564463 176.991681257884 183.509727319082 182.952344417572 190.783262252808 209.813952445984 218.124369780223 214.540580908457 210.577487945557 211.579263210297 192.477921644847 185.099979241689 190.907120704651 197.053372859955 197.40879535675 177.147885163625 138.865927855174 138.641496499379 126.533915599187 107.346912225087 88.3413950602214 70.1716591914495
286.498705546061 288.329343001048 290.242930253347 289.0638311704 286.595304807027 283.487896124522 290.14374812444 291.889866193136 261.720995108287 215.44227997462 200.107475121816 195.677558581034 198.20773601532 180.787185827891 169.845044612885 179.45396900177 181.047956148783 168.972373008728 171.302656332652 176.16194486618 174.624959627787 170.652747154236 170.750300089518 174.411435921987 173.497398694356 173.495531082153 181.61928653717 188.097735246023 192.064523696899 205.97916841507 216.752767562866 215.881069501241 212.018767992655 213.309228420258 193.70569785436 195.953687032064 198.724448680878 205.525835355123 206.360399723053 182.008961836497 112.707446018855 87.4296327431997 76.1394103368123 62.1029635270437 60.6062710285187 57.71704018116
271.356264750163 277.936259905497 284.812172253927 283.272643884023 281.651278336843 283.988992373149 289.648950099945 292.153894901276 272.470792134603 230.158309141795 205.570737520854 193.147957324982 185.918847719828 178.561985492706 168.231089909871 175.611118475596 187.315821647644 178.832292556763 174.142082532247 177.202085653941 178.964296976725 173.608283201853 171.866774559021 173.982044061025 176.790773868561 175.645510355632 180.562357107798 190.058887004852 193.596223990122 199.81586933136 210.850914319356 218.261500199636 215.59202671051 194.891611735026 187.521497408549 205.309669176737 212.744156519572 215.429762999217 200.553297996521 193.77738237381 107.42461681366 56.4364145199458 27.3991798361142 23.6961245536804 25.8258730173111 38.9210134744644
241.601943969727 251.393894354502 257.671038309733 262.082477410634 268.318593502045 278.893570105235 287.003457546234 289.029796918233 279.00622288386 244.279722372691 222.456872463226 200.456519921621 185.724635918935 184.844692548116 174.769878387451 169.527351856232 182.055950164795 183.252692222595 174.908816814423 174.196441968282 176.442841688792 172.543168067932 170.079012711843 171.238243579865 174.561023712158 180.466055870056 179.755946000417 186.871071656545 191.931625207265 192.935665448507 203.098396460215 215.553323427836 207.224011421204 183.604379494985 193.026681741079 220.94597419103 226.256052652995 220.748702685038 211.832165718079 210.009793440501 169.187804063161 79.2459944883982 37.0566373070081 28.9924268921216 29.6709065635999 28.0152062575022
207.635184129079 214.604020118713 213.133454322815 223.461925983429 238.802075386047 254.221479098002 264.437735080719 272.953152656555 267.991642157237 247.426311175028 219.366908073425 198.4623670578 184.229254722595 182.863930861155 177.891790866852 172.055661678314 176.794012387594 177.037437756856 170.016010602315 169.227560361226 174.307445685069 177.011370658875 174.768706162771 171.274344126383 169.869403044383 175.515572230021 181.483209133148 184.618433316549 191.015084584554 190.347770849864 192.814032236735 205.280065536499 193.640867869059 190.650820732117 218.337833881378 232.898036638896 230.403820673625 222.888867060343 219.352126121521 228.640099366506 238.709847132365 196.638405323029 108.63917072614 63.3807977040609 44.1601822773615 27.3254066705704
