input/barkrak2/radiation/dir03724.grid
NCOLS 85 
NROWS 70 
XLLCORNER 665100 
YLLCORNER 4664600 
CELLSIZE 20 
NODATA_value -9999 
[rows 0 to 21 of 70, columns 0 to 49 of 85]
106.494526068370007 121.474007765452 138.279149929682 159.208993117015 170.236746470133 171.043415864309 170.353432496389 167.972028255463 166.10320409139 169.511834780375 170.165320237478 166.420588890711 161.881784598033 165.68797826767 168.951392173767 155.222872893016 141.736249128977 130.78906138738 128.451406955719 125.854233900706 126.470357179642 149.374981721242 171.968181927999 176.599661509196 180.963536103566 191.749374071757 190.232316652934 179.596304893494 171.316961447398 171.967546145121 167.346437772115 190.499265988668 234.393060207367 231.030503908793 228.547632694244 216.548641522725 221.06271982193 232.402841250102 230.336884657542 229.195098082225 220.75750430425 229.248801867167 235.038161277771 226.850549379985 216.173032919566 223.251799742381 227.444350719452 185.477276643117 130.231201648712 125.848114490509
85.4345758756002 100.778977076213 116.487413644791 135.084897279739 149.318516254425 158.337910970052 164.130528767904 170.237143834432 175.788760185242 175.469199816386 174.160440762838 169.465283552806 164.336095253626 164.465844631195 164.534827073415 154.36730782191 147.379477818807 138.107140858968 134.590973456701 130.168904860814 142.137924830119 168.048004309336 186.761160691579 187.400718530019 190.668026606242 196.34336233139 192.266285419464 182.442287604014 174.949149290721 173.910518487295 174.754023551941 202.289501825968 235.815505186717 233.48198334376 227.219899495443 219.466129938761 225.842595100403 235.666314760844 229.864199956258 228.729069232941 224.179565906525 225.083510080973 221.65846824646 211.589852968852 206.425984700521 219.745675722758 219.594438870748 174.758513768514 137.27460304896 149.106582005819
51.3738890488942 62.3243153095245 72.3787148793538 83.6291412512461 96.9261328379313 110.286156336466 125.359922647476 145.797202984492 158.799151579539 162.128021319707 166.029582420985 169.245362281799 171.910325686137 173.536320527395 175.316294034322 175.64191420873 171.674529711405 164.725889762243 148.861885070801 144.131183624268 155.994753042857 174.170275529226 185.741941134135 188.499490420024 191.286325454712 190.714577833811 188.807845115662 182.790358861287 178.417285283407 182.03737338384 192.362149556478 215.861002604167 229.552169640859 224.936366081238 220.354358355204 221.168080965678 233.121673266093 238.510767618815 232.182284196218 225.949764251709 219.676971435547 209.937353928884 196.192820866903 189.414381980896 195.620795090993 212.585628032684 205.242514610291 169.404149055481 158.423026402791 177.753885587056
31.6447565952937 34.7175126274427 39.2248357335726 39.9941131472588 45.7913180192312 52.2519846757253 67.2103563944499 90.4303590456645 110.213577747345 128.605087598165 146.377583344777 162.945797046026 172.797342141469 176.214079062144 180.263062318166 184.347232182821 181.459387143453 171.749591827393 154.707173506419 148.867944876353 153.965850671132 155.231932799021 167.143444220225 177.110393842061 179.956158002218 180.173516273499 181.988994280497 181.815902392069 183.152516682943 189.485192298889 195.579210917155 216.014901796977 221.459746360779 221.489171187083 220.380882422129 220.856428146362 223.330458005269 224.022646745046 219.365835189819 210.552275180817 205.625792344411 193.861126899719 190.631886323293 202.661156654358 214.299480120341 207.799891630809 189.935386180878 166.625867287318 168.415387471517 181.740641593933
43.3773100376129 34.5678652326266 25.389110048612 19.47882771492 20.1352474590143 31.9308216373126 49.9754051367442 62.3951355616252 73.0775992075602 85.6777131557465 112.41736014684 136.602610349655 149.565001328786 157.095809777578 164.217174053192 169.122457504272 167.276779810588 162.243704001109 155.190885066986 149.483203887939 145.383020242055 145.978391170502 157.924046119054 167.578021685282 172.131419181824 178.16021045049 180.11748790741 181.337893009186 184.000611305237 184.51315164566 191.173613071442 214.800874392192 211.716115474701 214.316765467326 214.127421379089 212.877710660299 212.075670560201 209.458430608114 201.739609241486 192.502816518148 192.608853181203 195.732096831004 202.688793341319 213.93616994222 215.583086013794 190.638343493144 160.325268904368 152.462591727575 162.25661834081 180.968960126241
70.0607597827911 53.3494055271149 36.9538515806198 19.522858162721 14.3008989592393 21.4731047550837 37.0861416061719 52.3710797230403 60.9614799420039 61.6559237241745 71.0474898417791 81.5945068995158 91.2627975145976 97.516397635142 105.016797780991 115.081489086151 123.09185663859 138.976991176605 150.850296020508 153.98246049881 154.571086168289 154.571135838827 151.145031054815 157.802551984787 167.179306348165 173.04535706838 178.539594014486 182.491679986318 185.150822003682 187.615195910136 200.931290785472 212.311307589213 203.863700230916 205.23601770401 206.539531548818 206.109305222829 203.481912612915 198.658128579458 191.463351249695 193.166812260946 192.583123842875 192.621509234111 196.751137574514 203.503708044688 195.156872272491 149.86381928126 132.367759943008 142.007112503052 162.141670783361 201.188186804454
86.2060685952504 73.4130690495173 58.2390328248342 41.7405466238658 25.8919447660446 17.9885948697726 22.8096296389898 39.0671491622925 51.1474758386612 59.8866840203603 58.4246019522349 54.9272298812866 52.6927808920542 50.2599775791168 51.6401032606761 64.1222645839055 74.780598282814 95.0381358464559 115.511566400528 130.334834257762 136.358916759491 147.290925184886 149.440417687098 144.893407821655 152.980307737986 161.327660083771 169.724663098653 175.856351852417 180.87100982666 187.922457853953 199.350337187449 203.297833601634 194.182435671488 190.045555432638 190.71372350057 191.36114915212 191.41678015391 186.566750208537 181.450684865316 175.868471463521 172.197739283244 173.428813616435 181.680818398794 189.558823903402 186.516245206197 178.828199704488 188.616792360942 197.110811869303 209.334810574849 223.658223946889
91.2671188513438 81.7128519217173 72.6439009110133 67.5097852945328 49.4933823744456 28.2811199625333 16.3730643689632 14.7985555231571 30.2230964104335 48.1148511171341 57.9220155874888 56.8813383579254 52.6074369748433 46.0497538248698 37.3573775092761 38.6040955781937 48.156941930453 61.9559586048126 81.0257444779078 99.4893014431 115.18794298172 129.127283891042 139.1807893912 139.444927374522 139.812598625819 137.796719868978 147.981981436412 152.849942445755 163.104951381683 173.98065328598 185.835003852844 188.813269138336 179.907937844594 174.280603726705 170.990586280823 171.753923098246 177.703340848287 176.155189673106 172.233204046885 155.427773793538 152.420421441396 160.253236691157 177.720228830973 192.102948824565 194.557587305705 202.180663744609 213.890711466471 215.960462888082 223.197162151337 224.560638268789
85.4713916778564 77.5334984064102 73.5110441843669 73.737512032191 64.6752913792928 50.1690755287806 28.5667305191358 13.5351816813151 20.0571492314339 29.5228039224943 38.063645362854 46.0164099931717 52.4603525797526 51.977997024854 45.1057950655619 43.6789989471436 42.4778461456299 47.5750267505646 58.5098564624786 71.0069586833318 84.6929947535197 99.0736285845439 111.060480276744 114.526768525441 120.215157667796 122.48561779658 124.407132466634 128.667553265889 136.768052975337 152.109384536743 160.086969534556 161.89236442248 158.170998096466 157.63979156812 159.234474102656 162.92479634285 164.531966050466 167.763948440552 168.975532054901 161.956330140432 167.375127474467 177.368879318237 185.473700364431 188.611209392548 187.955856323242 188.844323158264 191.299219926198 203.43029499054 217.193643252055 214.202006657918
66.362127661705 63.8717512289683 59.7897469997406 51.7064680655797 55.583377679189 60.3623588879903 46.4080522457759 35.4829356074333 21.7114115754763 16.9828695555528 21.2250997622808 34.9276661872864 50.5187064409256 60.6102993090947 61.5341017643611 57.0156276226044 50.7817169030507 48.9232838153839 49.9185025691986 53.5686016082764 60.7572297255198 68.6831076939901 78.6088605721792 87.6283844312032 97.8594124317169 101.313292980194 104.762256145477 108.253369728724 112.714340289434 119.663387537003 126.574546098709 131.636669238408 138.294885555903 142.82962679863 148.922443389893 150.606443484624 151.067992051442 157.205055157344 164.517879486084 173.351963361104 183.033665021261 187.758306662242 189.634362856547 188.612620035807 184.801638126373 185.621241728465 195.177336533864 203.873912493388 205.552061398824 207.073251406352
31.8791915973028 30.290258427461 30.3856333096822 33.3508501450221 33.4428797165553 34.5907956361771 38.326824704806 35.8067825436592 25.97659577926 18.689272304376 16.3815257449945 19.7647487123807 31.9619526465734 48.3155945936839 62.8617107868195 57.4544966220856 55.8749536673228 52.9602269331614 50.3961344559987 47.184964021047 48.2545842727025 50.0956277052561 54.7013183434804 66.4666245381037 79.2719672123591 86.3323311010997 85.9995086987813 88.3660515149434 100.547005732854 106.017748514811 108.517408370972 115.198910236359 124.402423699697 132.141093413035 134.58251953125 138.339201609294 143.730004628499 149.90488688151 158.721446990967 178.197761376699 185.573597749074 186.280171076457 185.171842575073 183.690369129181 183.679242928823 187.564174334208 194.503347078959 195.094505945841 198.811113834381 204.48100566864
9.28295962512493 8.31720357139905 7.33957936366399 3.54319003721078 0.93685540681084 1.29292889808615 8.85067693889141 22.1144507328669 29.1231895486514 28.368445734183 21.2933520476023 17.2042076786359 20.0451451043288 32.3037331302961 48.2547183831533 51.1751373608907 58.7421158949534 58.091789484024 53.4527351458867 48.6084272464116 45.1343009869258 44.6734925111135 45.2772925297419 52.6246825853984 61.3404909769694 67.3931688070297 70.4091290632884 72.8191435337067 79.2551587025325 89.1054670015971 93.0575927098592 97.5856184959412 100.869337717692 106.483240922292 111.939648787181 119.066506624222 130.548973878225 142.118801673253 149.705936511358 167.635361353556 174.991925557454 174.369712670644 171.133498350779 168.216288089752 169.73606745402 170.325934886932 175.310750802358 182.159682114919 185.827910900116 190.014402071635
2.41348147392273 1.30192888900638 0.186147284694016 0 0 0 0.0204174333096792 11.0869569083055 23.839791615804 33.7395196159681 33.6427489916484 26.7919947703679 17.6386299232642 18.21119338274 29.6145106355349 44.9934999148051 58.0348273118337 63.2643699645996 61.867614587148 56.490495800972 52.4853765964508 53.3971836169561 53.4077435731888 54.9464523792267 56.6212634245555 59.2309633890788 61.7057333389918 68.3630605538686 70.2581653992335 68.4235642353694 77.6438862085342 85.1260920365651 84.9869549274445 87.3226821422577 92.3619965712229 96.905658642451 112.896283467611 127.896745999654 132.563839356105 142.480929692586 150.315413872401 152.58331100146 150.644650061925 152.021219333013 154.854476451874 156.939427057902 156.866331895192 160.442531108856 165.418863296509 170.637091000875
3.28974612057209 0 0 0 0 0 0 0.0935849772455792 2.480188695093 21.3133916258812 31.8769961595535 42.3762996991475 38.158543407917 28.9416263500849 27.1913061539332 40.5073016881943 52.6551206906637 64.6883547306061 72.1649030844371 70.5138544241587 64.5944724480311 62.7751300732295 61.4407360553741 63.1781766812007 64.4124249617259 64.6952688694 66.1094139019648 71.6945727666219 70.4921384652456 65.2113109827042 66.2233531475067 72.6943165063858 77.3629496494929 79.2265037695567 84.2096706231435 90.4901524384816 93.8656131426493 100.174307823181 112.160841623942 115.87859193484 122.473895549774 128.661771615346 136.086384455363 144.066522518794 142.130504051844 151.268164316813 150.144914786021 144.988238811493 143.289705117544 145.37846048673
11.0414599378904 0.135730544570833 0 0 0 0 0 0 0.283043831586838 13.1564649442832 31.7554225524267 48.5864182313283 57.1946849425634 51.3879805803299 40.9455969929695 39.4245584805807 43.7073558568954 54.5933445294698 67.3498560984929 77.9388646284739 79.4232288996379 74.7184058030446 73.872908949852 73.0047523975372 71.796178817749 72.6316273212433 73.3485370874405 74.1883814334869 71.7387050390244 64.5742217699687 63.4480913480123 62.9686415195465 62.3511026302973 69.0177033344905 74.3988901376724 81.0421705245972 81.413745880127 81.4042985439301 86.4820182323456 90.8961594104767 102.013130982717 107.879281044006 113.875091075897 120.851099491119 126.090784867605 132.438858350118 141.279379526774 145.808806022008 141.236205895742 134.985586007436
11.5456270674864 1.04808830656111 0 0 0 0 0 0 0.838257527599732 2.56644655019045 23.4282463788986 49.1775572299957 67.8839286168416 72.83616065979 59.4523847103119 42.5712168216705 37.8441934784253 40.4704461495082 51.757072408994 72.3735888799032 83.6778879165649 82.1380863587062 84.076851606369 80.2836666504542 77.1276702483495 80.5027882258097 80.7350476582845 75.6343752145767 76.1799414952596 72.1195141474406 65.0065938631694 60.5662763118744 59.3529442946116 50.6316920121511 52.1233528852463 55.5908580621084 63.5002007087072 60.943399866422 68.6135292053223 71.3839828968048 74.2196093002955 84.3541820844014 90.2758638064067 92.909703652064 108.401308457057 114.449073870977 125.859946012497 136.220902204514 136.667986710866 132.583568493525
8.57333652675152 2.26309926559528 2.44612123149561e-06 0 0 0 0 0.183797325007617 2.15580236787597 2.78517293433348 14.5708844065666 31.9688096642494 52.3738165696462 67.1140650908152 71.2471654017766 64.7090127070745 58.3812495072683 51.0904292265574 44.8219279448191 52.6248912016551 70.9483126799266 85.2156579494476 91.5851791699727 89.4213020801544 85.1187805334727 86.7169598738353 90.1089708010356 84.8220785458883 81.0501575469971 84.0832094351451 76.0075350602468 62.9860013723373 53.2115499178568 44.9947615464528 43.8021818796794 41.3264433542887 36.5693122148514 41.8983201185862 45.3908344109853 51.4604449272156 54.2993247509003 55.9276342391968 62.6326302687327 70.2844609816869 87.1442854404449 98.4051922957103 104.437987009684 112.758825222651 119.111508131027 121.76901102066
6.08263661464055 3.21204029023647 0.118424650281668 0 0 0 0.00981244678162814 2.36835920562347 3.95404609541098 10.6231346726418 14.4460536539555 24.4063213467598 41.6357244054476 60.465008020401 72.8977372248967 76.3511161009471 76.7708122730255 69.8919296264648 56.6788216431936 47.6334144671758 56.1169733603795 76.5179147322973 86.1097077528636 89.0305737654368 92.6003654797872 96.0263609886169 95.0337946414948 99.5768109957377 95.3902800877889 87.5218113263448 76.5925894180934 70.8175897598267 57.3925425608953 45.2998876571655 35.8038072784742 29.1543950637182 27.3319085439046 27.750867108504 30.0295129418373 35.1531033714612 40.1671652992566 41.528582572937 44.5816268523534 47.5829889376958 59.3776007493337 79.0554384390513 90.5120273431142 91.7872885862986 95.3831175963084 104.203174511592
6.70309985677401 7.83753829697768 6.76257908344269 0 0 0.231690743627648 2.09598833074172 5.39380932847659 12.8024990359942 21.4492430289586 25.6266643603643 28.4785976012548 37.9872073729833 50.8024791876475 62.2493127981822 72.0997750759125 77.7660111586253 78.7707964579264 76.9956012566884 65.3287023305893 52.0910571018855 63.0545318126678 72.8527307510376 83.6127698421478 95.8650310834249 102.638373772303 102.805117766062 102.13041305542 91.8631454308828 93.6520497004191 82.0071548223495 69.8635826508204 54.3977965911229 45.4493264357249 34.175547460715 27.6291171709696 20.3549265861511 19.4750564793746 18.108560393254 23.2448875904083 24.5795423785845 27.3816337188085 31.0553958018621 37.65569627285 41.4209713538488 53.3658663431803 63.173641761144 72.2597986459732 77.4551331996918 85.2893789609273
7.22384204467138 6.09232609470685 7.96030461788177 1.96001818403602 0 3.27757466584444 3.88010498136282 5.95086192091306 7.39516876637936 22.5386917591095 26.7297998070717 26.4562393228213 28.7492349743843 36.2439279754957 46.1876690387726 59.0000599622726 69.8234538237254 75.8339713017146 79.9493392308553 80.9894899527232 72.9537506898244 62.2514088948568 64.8918847242991 75.433428088824 87.1412853399913 96.9036221504211 97.3782340685527 103.511114915212 94.6381489435832 86.6854687531789 72.5545237461726 70.5621341864268 55.8196157217026 40.2993112802505 31.9020350774129 20.4491540789604 12.412928044796 9.69864117602507 7.87857361137867 13.991524775823 17.1366470555464 21.8676974376043 32.5264756878217 33.9227666457494 36.8791421254476 43.0316478013992 46.755979458491 52.5855074326197 68.7683274348577 75.9629805882772
11.0080080727736 5.06352322796981 2.47556545461218 4.21341446538766 1.87321550523241 3.99239951123794 3.38112687071164 6.43420157333215 8.07421778639158 15.9442449609439 20.6390892465909 21.3047886888186 22.209107875824 25.2907052636147 30.8057541648547 42.7244951327642 54.8306753238042 61.3072613875071 70.4660713672638 83.9075048764547 89.7606710592906 81.6471676031749 79.3614635864894 83.5159420967102 86.4581267038981 89.387724796931 91.5585358937581 87.5180462996165 83.1741988658905 83.0243279536565 70.9650814533234 52.7519881725311 42.4771110216777 28.899148106575 16.6775013009707 10.482390721639 3.85011577357849 0.866357237100601 2.17053697754939 3.80984507501125 5.5146012455225 14.7815483311812 24.5893249909083 26.7284984389941 30.4380108912786 35.3256464004517 38.1913731495539 44.7090963522593 49.3704378604889 54.8820247252782
28.2830794652303 17.9184004664421 7.72211452325185 12.0592700938384 10.6582070390383 3.48511058837175 5.56164234876633 8.65025135378043 9.61185184617837 16.7863046129545 19.5095141728719 19.3920694291592 19.6270123124123 18.0067978799343 23.576890428861 33.1379820903142 46.2111532688141 55.900643269221 62.9697889089584 75.127308567365 84.6816003322601 98.1488823890686 103.294183810552 102.759311596553 97.9590217272441 87.8564318021138 85.0188533465068 79.0190050999324 80.1828702290853 64.444641272227 58.7012221415838 37.7478351195653 23.4708413481712 10.2426595985889 0.0446756360664343 0.0499022717121989 0.0832090348315736 0.0848598817052941 0.0511203494776661 0.0538093639382472 0 2.5037145242095 9.33074826995532 12.8940182427565 22.4694361289342 29.0829688310623 33.9992965261141 38.5083903868993 40.2580772837003 40.939802924792
