input/barkrak2/radiation/dir09324.grid
NCOLS 85 
NROWS 70 
XLLCORNER 665100 
YLLCORNER 4664600 
CELLSIZE 20 
NODATA_value -9999 
[rows 40 to 59 of 70, columns 0 to 45 of 85]
215.676208337148 217.088242371877 216.949899991353 217.623591423035 226.729253927867 232.880612214406 235.101878643036 240.395843982697 239.476720492045 222.419341405233 208.853284517924 203.887899716695 202.845434347788 198.3948747317 196.769674619039 197.107891241709 195.984621842702 196.917017300924 188.29071521759 187.752246856689 191.97146097819 197.386523087819 198.760628700256 195.697883764903 191.280444463094 188.932855923971 200.861970583598 203.997174898783 208.657821019491 208.601137002309 208.078185717265 214.230000972748 211.061914761861 216.518918673197 243.483185768127 243.533909320831 232.502341270447 223.924358685811 226.862748463949 234.578828016917 248.950858910879 267.511963844299 234.481155872345 153.046021858851 89.8555715878804 59.690202275912
222.540100415548 220.647315184275 219.742834568024 218.753000100454 215.62115351359 212.911784648895 211.211542288462 212.427576382955 215.487599372864 207.520683606466 198.875784873962 200.53764184316 202.733238538106 203.153351942698 199.79057709376 197.807530562083 192.291100819906 201.232274373372 200.081626574198 192.933440208435 196.677029132843 197.528262933095 196.189006169637 199.728906154633 200.091600418091 194.206078847249 201.529045899709 205.384194850922 207.169493039449 210.109114646912 211.188673973083 212.89336681366 211.817264556885 226.662158966064 239.539921283722 230.424463748932 213.205536206563 204.893489678701 206.140319506327 218.168834845225 251.61874294281 265.781998634338 251.77397330602 200.772722562154 127.207597096761 86.7810050646464
227.243781089783 224.749187628428 226.154704888662 224.893887837728 218.801081180573 214.385469754537 211.464246114095 207.803467909495 206.444601217906 204.227387905121 200.980663299561 199.938217798869 202.712694803874 207.155744234721 205.259879430135 202.750086784363 198.351323604584 204.83273267746 206.115265687307 197.497248649597 196.258902549744 194.647093613942 190.737883249919 193.745970726013 197.967708110809 193.83031129837 192.055702209473 198.246777057648 203.101376692454 207.452277342478 208.224892616272 206.790884335836 213.405112425486 232.186992963155 237.090567747752 209.576567014058 192.957758903503 198.588112990061 205.656965573629 219.611326853434 230.204264322917 232.0303718249 218.423883120219 192.855298519135 139.25176858902 80.8655271927516
212.04682191213 214.631676673889 221.806347370148 219.711780548096 222.521424293518 223.57706228892 222.313284873962 217.654128869375 205.725431442261 204.734206199646 206.583400567373 202.193140983582 201.132476329803 205.97235361735 205.571333567301 203.343192736308 203.175783157349 206.386764844259 206.027229626973 199.241280555725 194.847702980042 192.17836856842 189.066747824351 189.251045385996 191.777547200521 195.468703905741 191.427628199259 193.864544232686 199.046413103739 202.587385972341 200.785915056864 197.074294090271 207.966605822245 221.800287564596 221.079428990682 195.118625958761 194.923082987467 205.234209696452 215.746442476908 218.335111935933 215.156277020772 211.900393168132 203.479746977488 179.936448733012 137.486835320791 82.1241289377213
209.881027539571 215.134998162587 217.274268468221 218.757609526316 220.546762148539 221.943577130636 222.269554932912 218.811313311259 212.626000245412 207.835296789805 208.21209748586 205.424467722575 200.147807598114 199.687699476878 198.615769545237 199.24666484197 194.002469380697 200.314084688822 203.39302221934 199.72836971283 196.533938248952 194.394151369731 192.744115988413 194.01490688324 190.637489159902 199.55579439799 204.23299074173 201.005975405375 200.358013312022 200.309634208679 194.701234499613 190.991818904877 197.569648424784 200.055440266927 197.041789690653 189.540545145671 199.00918006897 213.095426559448 221.423168977102 213.609556357066 211.605827013652 204.699913660685 196.183562278748 177.781601746877 147.431115309397 105.337272087733
215.233941872915 220.014373461405 217.81329313914 220.443467299143 219.261288642883 219.410061836243 219.908436139425 218.616406122843 218.231638272603 213.431020577749 212.371031443278 209.965129693349 205.46019077301 199.841479460398 197.637399037679 202.053209145864 194.002648194631 196.191052595774 203.220188617706 200.769782066345 199.143211046855 198.14133644104 195.919970671336 197.937150796254 198.222994804382 197.467744350433 204.304178555806 204.325417677561 201.767603556315 201.508382956187 195.947110652924 191.439509391785 194.618841012319 190.038442611694 176.806668440501 176.43924554189 189.007818698883 206.600189208984 209.110120932261 195.776720841726 200.053493181864 192.696253458659 187.347988287608 186.354637145996 175.151785214742 137.346694866816
214.478929837545 216.585199038188 218.576590220133 221.164166927338 221.297125021617 219.695409138997 221.667766571045 223.622898260752 218.85073184967 217.029333114624 214.090923468272 213.331401348114 208.237171173096 205.489794413249 203.210373719533 207.663377126058 203.15424601237 195.921043554942 204.120914141337 202.402889728546 198.7664103508 200.849652290344 198.823889096578 194.177667299906 201.771398385366 197.231650352478 198.264499505361 202.125549316406 199.835578600566 200.551867485046 199.284513791402 195.206026236216 192.506909370422 189.154922962189 185.140311717987 180.640240510305 185.855666796366 196.64325316747 197.816967964172 195.500294367472 197.368224461873 188.524981339773 191.407243410746 199.738065401713 196.87952597936 164.817124605179
208.553969860077 211.083173751831 215.901573499044 218.483090400696 222.345769405365 222.300946712494 220.252573490143 220.661222934723 219.358662764231 220.868647098541 216.162383556366 212.887704372406 209.992210070292 210.074782371521 205.671826998393 205.656230449677 203.340987364451 193.641662597656 198.662082354228 202.097157637278 197.968900203705 197.624524434408 201.277792453766 192.525108655294 195.990184942881 197.905500729879 192.594587802887 196.460584799449 198.988020420074 199.317872524261 199.400901794434 199.089447657267 191.848278045654 193.136552969615 200.127859910329 198.413252830505 195.862750212351 193.260391553243 197.025656700134 208.005706469218 200.554688771566 190.846482912699 197.150806585948 202.462355295817 196.878552436829 173.271695772807
200.780908266703 204.102476437887 209.151705106099 213.605841000875 220.128258069356 222.734649976095 220.125317573547 216.967542966207 219.990452130636 221.856673558553 218.981683254242 215.001861254374 211.428801218669 212.432324886322 208.154996236165 202.149510383606 202.094296614329 193.949679533641 199.560920397441 203.837871551514 202.17243830363 202.531774838765 203.464845816294 198.322256406148 195.596774419149 199.351827303569 197.041809558868 200.254042943319 206.085244814555 208.939750989278 214.572509129842 215.254684289296 204.009036223094 205.811281998952 210.511247316996 210.428774356842 209.048469861348 202.850699424744 201.824466387431 207.351803779602 195.231874783834 187.752942244212 184.743265310923 179.096619288127 179.742217063904 179.987629254659
199.465135733287 196.902950604757 200.880368550618 209.847489992777 215.80849091212 218.610008557638 221.749385197957 222.478051980337 222.870469093323 219.644049803416 220.558265844981 220.481375853221 215.076585610708 212.774495283763 209.64245001475 206.086238225301 202.991962432861 197.263022263845 199.946125348409 207.267642021179 208.126425743103 206.733743349711 202.758292357127 204.335232575734 199.705282847087 203.809718290965 204.238573710124 206.173280874888 214.655816555023 221.816301345825 228.887259960175 231.029073397319 221.501270929972 217.470129330953 213.087817033132 213.197509447734 214.50678507487 213.91236782074 207.45062828064 188.189466794332 184.208989143372 185.276130835215 183.259924252828 176.40475432078 174.71174399058 175.590554873149
200.724442799886 202.952782313029 205.564479033152 211.528976758321 213.389118512472 213.527897993724 221.539596716563 226.359963417053 224.902192751567 224.113663037618 222.294350465139 220.993101596832 217.448751131694 211.6419672966 211.978316307068 213.959813117981 206.844965616862 202.527165412903 203.121940294902 209.383368492126 212.129871050517 209.05077457428 205.045739809672 203.366816043854 198.43335946401 207.032978534698 210.583746433258 211.334725220998 216.214855511983 224.15824731191 232.217073440552 237.642685572306 227.238933245341 220.150212446849 207.083344459534 204.033414522807 209.397912025452 217.135310173035 208.36865901947 181.396901607513 178.794324398041 188.272575537364 190.365513165792 181.363920370738 180.020749568939 173.243403434753
198.915441830953 209.314465522766 211.725910504659 213.886400063833 213.646769523621 211.513419946035 218.629856904348 223.150014877319 223.049382368724 227.438648541768 224.287648995717 224.0163286527 220.170537630717 215.366005897522 212.235013643901 218.313097953796 212.631583213806 204.780280590057 201.885720094045 205.72555065155 208.546737829844 206.565161546071 204.307277997335 200.123111406962 197.36260175705 199.175318082174 206.144988536835 207.021315892537 209.312796592712 211.316724618276 223.911384741465 232.616623242696 223.352869351705 203.63982518514 165.526737769445 158.316910266876 181.810180346171 202.669560909271 209.830621878306 208.89953772227 206.260402997335 198.723653952281 177.634676297506 175.838430722555 182.420829931895 173.925777276357
201.777140299479 199.197133382161 199.819763501485 203.120867411296 211.033920447032 215.367535750071 213.992178440094 221.00700934728 219.456553459167 223.732809225718 223.463336626689 225.577712059021 224.004069964091 218.973577022552 213.488797346751 214.558939139048 215.297818183899 204.366544882456 198.629419008891 198.248346646627 199.744741121928 200.73268810908 200.976073741913 194.746096928914 195.662538210551 192.601064840953 194.114764531453 195.118149121602 195.053656895955 194.581647713979 198.48096370697 212.210694948832 199.77601369222 175.068994363149 140.593469142914 121.101131041845 131.893495718638 164.181232452393 197.055717309316 207.255025704702 208.795885245005 191.462437311808 171.699643135071 171.88020547231 177.184601624807 163.544148206711
207.206845283508 196.97360197703 192.650814851125 198.597570260366 209.675848484039 218.562006950378 216.224173704783 218.600153923035 219.655911127726 219.641188780467 221.328357855479 224.291602770487 225.213587284088 223.313530286153 217.552105585734 214.885532855988 216.220657030741 205.946664015452 198.617120583852 202.187955379486 201.311528682709 197.816650072734 195.937355359395 191.535711288452 190.522571404775 191.114942232768 190.623720486959 188.733021418254 187.345584233602 183.546900749207 174.309770266215 181.938052177429 174.701909224192 155.029823382696 139.360845088959 121.756374835968 102.734406789144 110.572646061579 134.51232512792 169.323166211446 190.027455488841 180.347144603729 170.686582724253 166.638960440954 159.078647692998 148.739278316498
208.68976910909 202.282945315043 197.957595189412 200.804432233175 209.861179192861 219.00870402654 220.930238564809 218.365132808685 221.185942490896 219.599326451619 221.920688947042 224.087317784627 224.747061729431 224.59352016449 218.371431032817 219.055732091268 216.890255610148 208.226263523102 202.460289001465 204.202830791473 204.365750153859 201.869209607442 198.882758617401 197.435478369395 193.342308203379 192.4915711085 187.992652257284 185.381571451823 179.312348365784 176.85729265213 167.282025019328 170.752863089244 166.97100798289 163.948992888133 163.736879825592 155.852933724721 130.102843046188 113.550980885824 104.263573884964 119.821439186732 154.574424028397 157.732427120209 146.893739700317 132.959425449371 130.136181910833 136.767327785492
212.339957555135 209.864377975464 201.849679152171 198.153793811798 203.774392604828 217.018822828929 219.268679618835 218.279918034871 218.094746271769 220.770875612895 226.854880650838 226.729134718577 226.347963015238 225.545366605123 219.807187716166 219.986319541931 220.01858552297 214.18426434199 207.612872123718 205.221136411031 205.446700255076 203.346093495687 203.459620475769 204.432586828868 199.667712052663 197.256108125051 189.021706581116 180.960615475973 172.329545021057 171.373724937439 168.83377234141 173.71392250061 172.894914944967 180.885116259257 187.591274579366 193.010032176971 186.959723631541 168.864925702413 149.935483932495 115.135053793589 124.196420113246 142.288684844971 141.336599985758 130.064845085144 132.232745488485 149.572819471359
214.7456407547 213.550090789795 210.367719332377 201.95072889328 201.358695824941 212.586343288422 217.351237932841 218.278268973033 215.129772822062 222.050428390503 229.11548614502 230.580866336823 225.928366184235 226.423501968384 225.810905297597 219.005405902863 222.654859224955 217.298289140066 211.981852849325 210.217992464701 208.68448416392 207.452615102132 203.548491001129 201.840738455454 199.409107367198 195.158322652181 176.192879676819 154.065628846486 148.3154296875 155.790438254674 166.146536668142 171.668648719788 171.539545059204 176.490565141042 191.50839249293 205.986658732096 213.057557741801 214.741170406342 203.506628672282 158.640782038371 129.604836304983 146.154244740804 162.443111340205 167.889813582102 171.963393688202 184.747934341431
215.163667996724 211.152195930481 212.425907452901 208.870450655619 203.764935334524 207.923789819082 218.423306941986 220.482707023621 216.47987763087 219.186504681905 228.902697563171 229.733169078827 225.869139035543 226.167023181915 227.318286895752 219.401637713114 219.743450482686 216.311653455098 212.594449520111 213.125248750051 215.437173843384 214.501758416494 209.520955880483 202.9168009758 202.207207679749 199.91127649943 181.309004624685 157.519042491913 154.796650012334 164.166579643885 175.942738850911 177.383224169413 184.667607148488 190.992752710978 204.908390839895 213.992416858673 211.797952651978 178.033073743184 164.208432038625 159.153829018275 160.677989323934 173.454085985819 176.161646842957 160.960545142492 150.844921668371 164.217332998912
204.257408777873 210.611085096995 211.183905601501 210.529605547587 208.202660083771 204.808354377747 219.094793001811 223.186771074931 220.313827196757 219.573458035787 226.74697637558 229.548354943593 228.636900583903 223.792970180511 224.380175272624 221.667548020681 216.792980829875 217.595140139262 217.145919799805 218.411485354106 219.332337379456 215.3080701828 213.391919930776 206.960558891296 206.08001947403 209.17413632075 204.086720943451 195.630490779877 193.473756313324 194.79912519455 193.128685156504 186.718006928762 198.589146137238 205.02628882726 204.468131065369 185.580134391785 167.311628659566 118.943651517232 95.8322087923686 128.596733013789 166.930993398031 183.352410793304 176.11030737559 162.714451551437 157.322029272715 165.523926417033
192.901055018107 207.611441612244 210.118134816488 209.411362806956 211.504717667898 206.216673056285 213.948249816895 223.48423798879 229.951977729797 226.200381914775 227.5736729304 228.271504243215 230.097015698751 226.357916990916 225.164115428925 223.960995674133 218.030472596486 216.783106327057 214.043180147807 213.823894659678 215.712110201518 214.765906333923 213.824073473612 212.284525235494 213.586429754893 218.410690625509 227.204521497091 229.239622751872 211.678922176361 208.609541257223 199.899474779765 188.312669595083 189.922710259755 181.451519330343 151.917854944865 123.479465643565 104.06231880188 92.4438138802846 81.8952818711599 90.6395018100739 113.825082778931 149.286488691966 174.549082914988 196.064035097758 217.912793159485 217.811862627665
