input/barkrak2/radiation/dir02124.grid
NCOLS 85 
NROWS 70 
XLLCORNER 665100 
YLLCORNER 4664600 
CELLSIZE 20 
NODATA_value -9999 
[rows 46 to 68 of 70, columns 0 to 51 of 85]
62.0763599872589 63.6340081691742 66.4261033137639 68.4610307216644 68.1796073913574 68.0327167113622 69.8948403199514 71.6394682725271 68.1308209896088 67.0309613148371 65.9523953994115 65.0535722573598 61.3466948270798 58.1901967525482 58.4567487239838 61.8090629577637 59.72887078921 55.3137063980103 60.7988437016805 58.9941839377085 56.8953553835551 57.463472088178 57.2459598382314 54.4468859831492 62.7866486708323 56.5398732821147 58.1048329671224 58.9441110690435 58.8850031296412 58.0700635910034 56.4167201519012 52.531843384107 52.3607929547628 52.5237719217936 54.7997256120046 55.9411197900772 57.1763416131338 62.0019187529882 63.9876375595729 60.9308481216431 62.0228350162506 57.192991177241 62.2062136729558 68.5225079456965 59.8836640516917 31.0679326454798 3.74023709446192 0 0 0 0 0
55.9407422939936 58.2889517148336 64.0689432621002 65.7755434513092 69.3615525960922 70.8818336327871 68.731943766276 68.6276058355967 68.5899406671524 70.9945658842723 67.9623534282048 64.721738298734 63.1398459275564 63.1520648797353 61.2959712743759 60.0938151280085 59.2571248610814 52.1909594535828 56.8433155616124 58.3452781041463 55.9226622184118 56.3833316167196 59.6549411614736 54.1959305604299 57.1240037679672 56.5982858339945 52.6942213376363 56.0688475767771 57.4059238036474 57.592382033666 57.7186644077301 56.5930505593618 52.1732270717621 56.012103954951 65.7382508118947 70.2351878086726 65.053919951121 59.1489970684052 62.0137254397074 70.1520542303721 65.3614699840546 57.8857759634654 64.7859275341034 70.0181970993678 63.6850297451019 46.9533304373423 15.4984903832277 0 0 0 0 0
48.9992996056875 52.2164205710093 57.4687669674555 61.3163659969966 67.7501459916433 71.2927083174388 68.1953181823095 66.3725634415944 70.3077962001165 72.4941889444987 70.4259624083837 66.4444913466771 64.9732003609339 66.1907096703847 63.7023150920868 58.0822378396988 57.4852128823598 52.9805769522985 56.4249654610952 59.3026032050451 59.1634809970856 59.9108835061391 61.9158198436101 60.0696752468745 57.0151607195536 59.3169182538986 56.5065294504166 60.5475058158239 64.5901163419088 67.0044422149658 71.71597580115 71.3421006997426 61.8775188922882 64.8125857114792 71.1923539638519 79.5962313810984 78.0932605266571 67.9173370202382 63.0767991145452 68.3248589436213 62.7396106719971 56.8809012571971 54.8179149627686 55.4885615905126 53.8821369409561 52.7104238669078 41.5910159548124 5.14078233391047 0 0 0 0
47.888641556104 45.8382020394007 50.0920762618383 58.1560730934143 63.905730843544 67.1734015146891 69.8554515838623 72.6017455259959 73.8132148981094 70.4425573348999 72.3581810792287 72.2763240337372 68.9649085203807 66.3221230109533 64.531683921814 60.2723956108093 58.8198155164719 56.4614782730738 58.7438742319743 63.7201468149821 65.2434875567754 65.2403732140859 63.4911954402924 64.9539281924566 60.5669766664505 64.4103984038035 65.5378699302673 69.0003881851832 75.1011669635773 80.4817179838816 85.9443744023641 88.2258613904317 78.2733907302221 71.9393740097682 71.4115798473358 79.4246693452199 82.1328659852346 77.654242515564 68.1962470213572 60.1766407489777 54.9859950939814 56.8931251764297 55.4467737674713 51.909680167834 48.2066224018733 51.4678011337916 44.3929086128871 11.9145984450976 0 0 0 0
48.2186923424403 51.66295170784 55.2273442347844 61.5567664305369 62.1069669723511 62.4589721361796 70.5417543649673 75.6516605615616 75.6966272989909 75.2925475438436 75.0487744808197 74.8268266518911 71.1990296840668 66.9972995917002 67.0644193887711 69.7292735179265 63.1827761729558 62.2084190448125 63.6572639147441 68.4264401594798 68.5662031173706 67.3579772313436 64.9497509002686 65.0470852851868 61.2855056921641 67.2051111857096 72.3818391561508 75.0632534424464 81.0155173142751 87.1710280577342 93.121071656545 95.7515637079875 89.2150203386943 75.4173447688421 66.5372262398402 60.324748357137 69.2375004291534 78.3250033855438 69.7531849145889 57.2560330231984 51.0341872771581 57.1028192838033 61.064933737119 58.6096892754237 53.0403802792231 50.6085356076558 28.676763176918 16.3009762763977 0 0 0 0
48.8976339499156 59.8906775315603 62.0262920856476 63.3431027332942 61.5757703781128 61.0986749331156 68.8228458166122 74.3118425210317 74.1419494152069 79.332302014033 76.9143402576447 76.1413474877675 73.4261671702067 69.2791044712067 69.2658424377441 74.7617185115814 68.2966460784276 65.9169008334478 63.9766156673431 65.1087611913681 65.5950605869293 64.5481596390406 63.2583747307459 60.3794207175573 58.6745043595632 61.0859493414561 68.7175840139389 71.2438523769379 75.0379016002019 81.3848674297333 88.6585712432861 95.8303610483805 91.451625029246 69.3993816773097 25.787889957428 25.2763231595357 32.8252241015434 62.5714957714081 76.244721810023 74.2712318897247 67.8953578074773 63.6265327533086 53.890660405159 48.2018291950226 59.0955118338267 48.9090035359065 28.5210932294528 21.9447513421377 2.0000742127498 0 0 0
52.4673163890839 50.790066520373 49.9868144591649 52.288422981898 58.5908790429433 64.2400830984116 65.0754471619924 70.9054619073868 70.8347260951996 75.6613910198212 75.9749164183934 78.0438085397085 77.7581135431926 72.6802200078964 70.8104074001312 69.9479480584462 71.3156362374624 65.4822289943695 59.8611334959666 57.3900441328684 57.8093230724335 59.2855364084244 60.7732236385345 55.1883776982625 57.1519335110982 54.0380577246348 55.7476977507273 59.0407947699229 63.526839017868 67.2015597422918 69.6527659893036 79.1375786066055 76.714888215065 54.4424504041672 21.3670482238134 13.1904234488805 14.0401323636373 23.2617780566216 52.203228076299 67.1850194533666 76.3701299826304 64.0683273474375 51.277960340182 43.1060045957565 47.814816236496 33.3429624636968 27.8850495815277 40.6424477696419 23.7651218970617 2.15293016905586 0 0
55.0730923811595 45.6403791904449 43.5548573732376 48.5953589280446 59.514989455541 68.1281338135401 67.7420298258464 68.9666916926702 71.5688864390055 72.0923443635305 74.2407341798147 76.9769350687663 78.8681755463282 77.5219897429148 72.8868146737417 70.396011074384 72.9284783204397 66.4557615915934 61.6556257009506 62.2826317946116 61.6512795289358 59.8413745562235 57.7875276406606 54.9770792325338 55.4114580154419 53.5237689812978 52.7929961681366 53.5898109277089 53.4870326519012 54.6846886475881 47.0439692338308 50.6428529818853 53.3334861199061 29.1455710927645 23.1218288342158 14.1472071409225 5.12806170930465 3.91800949970881 12.3177046577136 32.9912180701892 59.1477106014887 55.246576666832 44.5783783992132 39.8468499382337 27.8054823478063 28.8973400990168 26.543989777565 47.6366430521011 55.8146188656489 35.6880351901054 8.02145712077618 0
55.3178687890371 49.9294598897298 47.9717900355657 53.1243532896042 62.1220370133718 69.4923251867294 72.7956940730413 68.8795248667399 73.3458995819092 71.8507121006648 75.6793816884359 77.5423298279444 78.8848400115967 80.5438756942749 76.0080715020498 75.3774146238963 75.1819362243017 70.1346099376678 66.5964980920156 67.1082983414332 67.1662737925847 62.7917945384979 60.1805746555328 60.6499860684077 57.228739062945 56.9376051425934 54.6438992023468 51.5624185403188 47.982782125473 45.7411905129751 38.4889046351115 40.898176530997 47.912190357844 49.9637226263682 48.0936964352926 37.0968133211136 15.8857703208923 5.35744366546472 4.06003836542368 9.6349207063516 25.7664943734805 30.310665567716 26.1075670520465 19.7967564066251 19.5129041870435 25.2861479918162 27.4260515968005 40.3691530227661 51.5596270561218 56.3874542713165 37.2858047485352 6.22501720984777
58.474987745285 57.0217072963715 53.5330871740977 52.3378700017929 58.2422465085983 68.7824388345083 70.5512215693792 68.8170442978541 70.5384115378062 75.7592221101125 81.8711916605632 82.558403412501 81.0002982616425 81.6623767217 79.3375472227732 79.0719340244929 79.4353385766347 76.5224794546763 71.4071343342463 68.4505005677541 66.3936684528987 65.1055624087652 66.2061125040054 67.7238553762436 64.0046248833338 60.1632297039032 53.9210339387258 47.5167979796728 40.551021695137 38.5503570238749 39.6391997734706 45.7567622264226 52.2232502698898 64.0553037325541 69.0479924281438 66.7810539404551 55.3529361883799 36.4801088968913 26.2620002031326 9.01097680131594 14.7067233920097 25.2922549843788 29.1043544809024 20.5333655079206 23.1701160470645 37.0661939183871 57.0842971404394 50.8426775534948 45.7085967063904 51.9751211007436 43.4885869423548 11.7180968324343
61.0061635573705 60.4377488295237 59.3332548936208 55.8419823646545 57.1011404196421 66.1809643109639 68.3305909236272 68.4812963008881 68.7061250209808 77.9171685377757 85.8149925867717 84.7494999567668 80.1027218500773 82.8624715407689 84.2751860618591 78.3786674340566 80.2262723445892 78.1530539194743 73.8125244776408 71.1142718791962 69.6166058381398 70.7923819621404 68.1174596150716 66.0677452882131 63.0626281102498 58.9151382446289 40.1726091901461 13.000996162494 11.6231714685758 24.2519577344259 36.3647465904554 42.7364011605581 50.361176331838 57.7842096487681 69.1315432389577 80.8326651652654 73.2913116614024 65.6411796808243 49.5387812455495 29.6828399101893 16.4987767736117 25.4520500699679 47.5599418083827 47.5132316350937 44.110119342804 60.2923780679703 85.3263338406881 74.1949578126272 52.1397491296132 39.2133543888728 30.3941294550896 13.0798394481341
59.9246223767598 58.011660973231 61.6218795379003 62.6725057760874 60.1816326379776 62.8182490666707 68.4844652811686 69.2963351806005 69.7974612315496 77.6301920413971 84.6023360888163 82.8531483809153 78.354408343633 81.6424588362376 84.9379499753316 75.7820059855779 77.8322716554006 76.2574126323064 74.7429033120473 75.7169425487518 76.5441507101059 75.6738036870956 70.6699142853419 65.0779902935028 62.8585716088613 61.3864958286285 43.4440225362778 24.8429551720619 24.5211397608121 32.1754068136215 42.3474361499151 46.7825035254161 59.8737746477127 69.132000207901 80.0962050755819 76.2756764888763 70.6790387630463 30.0427501400312 30.5371234814326 31.1594158411026 38.0774190028509 46.8981762727102 56.7316611607869 29.371902346611 23.369570573171 27.8916309277217 64.4096930821737 60.1536780595779 47.063946723938 37.7156610290209 31.624769171079 24.2421627044678
48.8124837478002 56.2638342380524 59.6653123696645 62.4160518248876 62.5214825073878 59.2496196428935 68.5360332330068 72.4350114663442 73.1212049722672 78.2702912886937 80.7146330674489 79.8866103092829 79.4731477896373 77.7242183685303 79.302191734314 75.7629573345184 72.7003713448842 76.2128829956055 78.3993552128474 79.7444681326548 81.7325264215469 77.7502159277598 75.569694240888 68.5682396094004 66.2089288234711 66.4962430795034 63.0346834659576 55.0522257884343 53.9229313532511 56.3834508260091 55.8890998363495 51.8351296583811 72.2026030222575 82.179124156634 66.4547830820084 56.1174849669139 35.4673614104589 16.7547129094601 7.71921252210935 16.6738505164782 16.2617365519206 49.5650420586268 58.2069456577301 48.037201166153 35.718227426211 37.2712090611458 51.4487524827321 55.9062063694 53.2149175802867 46.5046167373657 40.1052484909693 39.5595952868462
39.258785545826 53.7460794051488 57.7089140812556 60.6216589609782 63.6093268791834 59.7813874483109 63.7651880582174 71.4977284272512 82.5156917174657 83.9166442553202 79.4865141312281 76.7590502897898 78.9950440327327 78.3210049072901 78.5087247689565 76.0278801123301 72.2942501306534 74.7034798065821 73.71919353803 71.5288619200389 72.8853394587835 71.460947394371 71.7587967713674 70.7972347736359 71.09468181928 75.1987000306447 82.4988434712092 86.1766139666239 72.4991708993912 66.5031224489212 55.591473976771 51.6674021879832 66.7439053455989 59.5636169115702 26.4126708110174 19.137275715669 18.2022812465827 11.8348672986031 2.31250375509262 0.310345455848922 0 17.2469057142735 53.1982084115346 74.6968736251195 79.9313137928645 74.1039613882701 73.238084713618 73.421706755956 72.8436708450317 61.7394298315048 50.8012970288595 62.3126874367396
41.0799334446589 51.0170062383016 58.1098298231761 60.5994760990143 62.1057202418645 62.3941123485565 56.7797174056371 66.5068427721659 86.8845880031586 85.6415828069051 77.2792796293894 74.2356379826864 76.9019822279612 80.3059190511703 79.6575049559275 76.4329681793849 75.3904084364573 72.9267448186874 66.0864114761353 59.7854405641556 59.6163272857666 63.8833940029144 64.0666882197062 68.236380815506 70.1775302489599 75.3825356562932 91.6335384051005 96.3372786839803 83.3797852198283 69.5440371831258 54.7347366809845 44.9804713328679 45.6592986981074 46.8520820140839 24.5903531710307 14.7628063956896 15.8509686589241 22.4205777049065 14.6876449386279 3.75371674696604 0 5.25118721028169 26.7273212472598 58.215339978536 60.5351974566778 58.610330025355 58.1775406996409 67.6275094350179 63.5027339061101 56.9965541362762 58.0601841211319 93.7807361284892
52.5650084018707 55.6598901748657 58.0847362677256 54.7386507193247 48.8653779029846 46.1534559726715 53.9736449718475 59.2873493830363 69.0871377786001 65.5532379945119 63.0147606134415 67.0757194360097 75.5065580209096 77.6162296533585 73.582798242569 75.3394067287445 75.7464021444321 69.7967062393824 62.0514502127965 56.250587105751 55.9004644552867 56.9433569908142 61.2162053585052 64.4457191228867 63.8495286305745 69.2092080911001 82.9233477512995 88.8606508572896 77.4913082520167 62.0169887940089 53.4756282965342 38.5383417208989 35.839299360911 50.310621658961 46.4500238498052 23.5348542531331 23.5384653011958 55.1066746314367 52.5593757629395 36.960244178772 10.3569657852252 6.91535944739978 16.5331823130449 24.4662488500277 23.0961417158445 24.9868631362915 28.5469988981883 36.4745259284973 44.7697391112645 49.650972088178 72.456772128741 127.514183521271
64.1519327958425 60.8778297901154 57.0890655120214 49.982691804568 40.1363298296928 33.9591652154922 43.3830966552099 43.9147998889287 34.1922168930372 33.2550853490829 44.4838851690292 57.2512298822403 63.5291437307994 67.7824964125951 70.9722687800725 81.5148105223974 84.2327574888865 75.3659307956696 66.6572699944178 63.2765889167786 60.1440121730169 59.2078814903895 61.6303582986196 60.8415901660919 61.7618461449941 64.5333677530289 72.2191433111827 74.6483902136485 69.2509512106578 49.4111577669779 53.651953736941 43.9027299483617 38.8732900222143 59.0542852878571 65.3664221366246 53.1223565340042 43.2321776946386 30.6799883643786 41.4681037267049 42.8896695375443 29.6155860026677 15.1383889218171 16.1762957771619 16.7061189810435 10.8256240685781 11.6253259281317 20.3495087722937 22.6526781916618 23.840124408404 50.2714564402898 99.0148186683655 143.31195751826
66.9949998458226 60.2917124827703 55.4328312476476 51.64934694767 44.4613347450892 38.3389542500178 33.8880345225334 29.6574185291926 13.1792003909747 21.2792431314786 37.5286613901456 51.6327967246374 51.6755282878876 59.6201519171397 73.2690344254176 89.7236168384552 95.2876408894857 88.062842686971 79.43261663119 75.1990228891373 69.8256194591522 68.0773506561915 65.868357817332 62.7849151690801 60.8081817626953 62.0494137207667 62.4322841564814 62.0593776305517 57.5639605522156 42.503888408343 40.3819332520167 41.9447918732961 38.0414600173632 61.8443538745244 81.9798558950424 85.2100054423014 59.2358062664668 21.1130157113075 17.373068879048 23.3281701803207 28.7891378005346 21.2506676713626 24.0278492371241 21.4261710643768 15.6826724608739 10.2178814510504 17.1124438444773 29.8631936311722 37.3319188753764 64.7615939378738 131.316304206848 162.400225798289
69.633071621259 64.1619016726812 62.8251532713572 63.9862815539042 60.6315036614736 54.1621645291646 48.9497135082881 49.4896918535233 48.1201261281967 53.6315540472666 61.9949052731196 68.217545747757 68.5190508762995 63.3645057678223 73.9919195572535 90.4418528079987 100.853482882182 101.211806138357 93.4853752454122 83.5650563240051 77.467863758405 71.8913624684016 71.4879979689916 70.3800270954768 61.8826150894165 56.8292488654455 53.3233980337779 53.7783751885096 50.3201385339101 49.8485465844472 32.5829734404882 29.5179312427839 20.5715857446194 43.6434894800186 89.416374762853 99.4613667329152 66.3482944170634 26.0141616066297 11.500588307778 11.6049858431021 14.9840526282787 12.5159447391828 24.1862858335177 38.999430835247 40.0579497218132 27.3245895902316 27.3234794537226 43.4722950061162 70.7857360442479 117.373734712601 150.031467278798 162.726054588954
70.4753398895264 67.6813423633575 67.8482204675674 69.1077560186386 68.822036186854 64.9087925752004 64.5042459170024 72.6024707158407 89.4245902697245 85.2072338263194 76.2720257043839 77.5343477725983 83.7953289349874 70.8237588405609 72.0105320215225 80.8394998311996 90.1575684547424 97.1742073694865 97.8087286154429 90.7640953858693 84.7629209359487 78.3101320266724 73.6416677633921 71.4099705219269 65.3072545925776 51.4239966869354 44.2852725585302 43.8314974308014 44.4040795167287 31.9638475775719 18.4027912716071 16.2992104887962 11.2866175671419 10.9796971082687 85.9000782171885 100.874692201614 81.0199876626333 68.7200923760732 36.0901206731796 6.95642456412315 1.49498740211129 0 13.9367853601774 43.5443967580795 50.4773358503977 40.536992251873 39.1839618484179 63.801238934199 123.483598232269 169.124046961466 161.257088184357 148.164381583532
69.6170230706533 66.1418239275614 60.3688458601634 55.509552359581 55.7676156361898 57.9624474048615 57.883491118749 70.44584552447 81.4817448457082 76.6231616338094 66.2178099155426 66.385676463445 77.4320513010025 72.6423362890879 68.9446280399958 67.9764598608017 68.7751273314158 75.8564869562785 86.4821374416351 91.0301506519318 86.6216917832692 80.5424451828003 73.085015018781 67.9851770401001 58.3070317904154 53.1581193208694 38.2172614336014 33.315713206927 39.8530239860217 36.1622646450996 18.3553732931614 12.6734003424644 5.18815529843171 0 4.8483032733202 90.8414125442505 97.6508955160777 109.233339627584 90.6678338845571 39.4202942649523 5.95430408914884 0.0619646355820199 6.10332563519478 32.095675667127 56.4006268978119 77.3091812928518 99.3864933649699 151.766111453374 193.42440366745 203.559736410777 187.458237012227 153.674364089966
71.924885114034 69.7868814071019 63.668817281723 56.5885404745738 55.0051232179006 57.8666081031164 49.7181912263234 47.5504100322723 47.2777088483175 45.2347447474798 38.8207683960597 36.0940843820572 41.3837879896164 58.9386820793152 66.138098637263 61.7933571338654 50.3018150726954 45.6446508566538 57.1756958961487 79.3239027261734 80.6164095799128 74.6772785981496 68.0946360031764 62.6769562562307 56.389386455218 52.9081871112188 42.5328661998113 20.2811894317468 32.3170820871989 45.4481989145279 28.087983528773 17.2893529136976 8.29262721041838 0 0 70.7039435704549 111.015111207962 125.787516434987 112.314134836197 82.3775629202525 47.9567646980286 15.6180784106255 13.0191793044408 32.6252207159996 66.8519586324692 132.710953553518 174.801170825958 206.070085366567 214.862326780955 214.151620864868 204.176843166351 174.358010292053
73.6900418996811 73.5916992028554 70.9280719359716 67.2254016002019 65.2683079242706 64.4351989030838 48.381507396698 33.4083984295527 33.9566071828206 36.2882688641548 33.4515894452731 30.5878594517708 31.9376935561498 54.8222810029984 69.0624217192332 59.9765727917353 38.0684485038122 26.6274412473043 30.3776363531748 48.6626277367274 58.3342611789703 61.4597449700038 62.2774163881938 56.2111884355545 48.3686377604802 44.2209740479787 33.7411612272263 11.3980943957965 24.593748152256 48.8879730304082 58.0843538045883 50.9889225165049 30.2027811606725 0.0467337910473968 0 47.9094485441844 104.853898286819 112.896819909414 92.9788947105408 89.9697740872701 95.8617329597473 80.6734313567479 57.6020777225494 73.4314223130544 128.080755472183 174.256881078084 197.808484236399 208.855946858724 210.559825102488 208.272318045298 203.193465868632 180.03769715627
