input/barkrak2/radiation/dir06124.grid
NCOLS 85 
NROWS 70 
XLLCORNER 665100 
YLLCORNER 4664600 
CELLSIZE 20 
NODATA_value -9999 
[rows 0 to 20 of 70, columns 0 to 46 of 85]
165.657778580983006 181.918025016785 199.433922767639 220.934589703878 231.680989265442 233.116587003072 229.353944460551 225.106755892436 224.565108617147 228.121141592662 227.753619352976 227.249105771383 224.525332450867 225.915372371674 227.60800520579 216.262857119242 203.425129254659 190.578162670135 188.013772169749 178.003589312236 177.278876304626 194.324632485708 221.475084622701 229.266663392385 232.033908367157 244.2453900973 242.705762386322 227.277716000875 213.376581668854 212.420205275218 207.96944697698 230.020801226298 275.867243607839 274.975339571635 272.122442722321 258.501549561818 262.278199195862 277.216533819834 272.922039031982 273.590465386709 262.528479099274 266.521910826365 275.212824344635 270.923415819804 260.812183221181 263.964911301931 268.926620483398
142.752468585968 159.671167532603 175.882458686829 196.493446826935 211.937069892883 219.161550203959 222.068866093953 226.4364361763 233.846267064412 234.03529326121 230.75012365977 227.911730607351 225.790858268738 225.680549939473 227.251450220744 215.651710828145 208.724836508433 199.182629585266 194.364726543427 184.731841087341 191.310524940491 215.257545312246 237.449506918589 240.062157313029 243.668715159098 250.00007947286 244.697511196136 231.443087259928 218.334794044495 214.434166749318 215.240677197774 244.555652141571 277.140994866689 275.771617889404 271.764059861501 261.147956053416 266.16229613622 277.702430884043 271.748026212056 273.124575614929 267.515063285828 266.84029897054 263.610243797302 257.54714012146 253.976345062256 262.225131193797 259.150683879852
104.854037364324 115.381101767222 129.863103230794 143.275082111359 158.317933479945 171.196262041728 183.607478936513 202.632705370585 217.036724090576 220.443189144135 222.785909970601 226.65814558665 232.856412728628 236.041168371836 236.413220564524 240.670184294383 238.526185353597 229.943593343099 211.878716945648 201.248427232107 211.613774299622 228.101392587026 238.845328489939 241.867363452911 246.079643567403 245.926976203918 240.129590034485 231.09237353007 222.964743773142 223.238229751587 232.931892077128 260.981877644857 277.04127629598 274.826725323995 270.552674929301 266.500294208527 272.656083106995 277.57336695989 275.889197985331 270.699143409729 264.20271396637 254.36661640803 240.31929175059 236.648619174957 246.204435825348 260.041356086731 247.633993625641
86.2423777580261 85.3509604930878 93.3806995550791 100.142896175385 109.290510416031 116.414397954941 125.995695590973 144.31756734848 166.461567083995 186.207294464111 203.68218421936 222.016572952271 234.011868635813 239.607930183411 243.138909339905 249.885380268097 247.034331162771 235.564887523651 217.35672156016 210.235337416331 211.089193820953 211.484809716543 224.318325519562 233.456611633301 234.452943007151 235.587219397227 235.762178897858 232.524474461873 231.379886468252 234.923462073008 239.546815554301 265.367309252421 273.456195990245 271.684428056081 269.505461057027 270.613670349121 272.909283638 273.55029185613 269.538561503092 258.916795253754 251.287897427877 237.914065519969 233.415822188059 247.414608796438 263.110101222992 257.585843404134 236.65710290273
108.061114947001 91.5103852748871 77.9837071895599 68.0602391560872 69.824496905009 88.5100464026133 112.389067808787 124.363432327906 135.420024394989 144.133627414703 169.225255648295 195.67596912384 211.980859438578 220.432082811991 229.012270768483 233.768820762634 230.04428545634 222.015162309011 214.752554893494 210.247953732808 205.374121665955 204.186022281647 216.351429621379 224.892874558767 228.755791982015 235.79994837443 236.25260591507 234.596153100332 233.553687731425 232.504030068715 239.895761013031 267.875254154205 269.522607326508 268.827180067698 266.417304674784 265.614787737529 264.962732791901 264.401157697042 253.86240084966 245.395163695017 243.92435948054 241.767942905426 247.352004051208 257.800221443176 259.151518344879 238.224923610687 209.289828936259
154.346644878387 124.728818734487 95.4459011554718 72.0308224360148 63.454141219457 73.349451025327 98.4486639499664 120.531817277273 125.887662172318 124.76509809494 135.219713052114 150.683581829071 161.787211894989 168.254594008128 179.00941769282 189.535915851593 195.039312044779 202.218194802602 210.073431332906 215.543806552887 216.117302576701 217.478215694427 216.668685277303 218.694845835368 226.31581624349 232.899824778239 235.255122184753 236.884752909342 236.774106820424 237.938284873962 252.666215101878 269.213159879049 264.45335149765 264.461716016134 262.474874655406 260.662078857422 259.774883588155 255.686978499095 245.574076970418 245.931009451548 245.518883069356 243.022441864014 245.393951733907 249.006311098735 237.694998582204 207.86197980245 180.927534898122
182.033101717631 154.329886039098 130.675355593363 107.739746570587 85.7994258403778 73.1090952952703 78.0703326066335 109.344621499379 127.038439114889 135.744472344716 132.419526576996 127.36052274704 123.051702976227 117.825796206792 119.862139225006 136.966168880463 152.216752370199 175.749897956848 198.995053768158 213.448286056519 221.141139666239 224.966486295064 221.325814723969 217.716495196025 221.91580136617 223.174691200256 229.305466016134 234.659234682719 236.301640669505 242.693265279134 256.301025549571 263.966917991638 258.096218109131 253.486057122548 250.596006711324 248.417814572652 247.89031346639 242.968380451202 237.773795922597 233.161310354869 227.458854516347 226.245105266571 233.009775479635 240.923841794332 231.673181056976 220.806956291199 232.920924822489
197.262267271678 183.602551619212 168.241004149119 149.328817923864 123.18421403567 90.6923115253448 69.8281526565552 66.4439102013906 100.442926088969 132.425367832184 142.102320988973 138.552904129028 129.134635130564 117.381781339645 102.841039498647 106.291155020396 120.349069436391 139.033824205399 165.885160366694 187.663733959198 204.398016134898 216.586271921794 224.431097507477 219.668825467428 217.9314494133 216.358542442322 217.826207478841 220.698773860931 224.828501542409 236.502726872762 248.122076193492 253.111799558004 245.801866054535 238.793273766836 233.277201652527 231.773058573405 236.792008082072 233.381966749827 226.735969384511 209.419051806132 207.559585571289 217.272480328878 235.165258248647 247.340242067973 245.615800221761 246.571997801463 255.294601122538
165.035267670949 170.218765735626 182.724912961324 172.273198763529 155.967265367508 129.226187864939 95.8593090375264 66.4833982785543 78.6302487055461 101.075500249863 125.3781914711 138.831963141759 142.754286527634 139.096548159917 123.841891686122 113.84528875351 111.131171385447 116.066873073578 130.229940017064 149.412095546722 168.654084205627 187.003552913666 200.84140698115 200.379192829132 202.220320701599 201.588948567708 201.066493988037 203.751126925151 207.103530565898 218.468904495239 223.479807376862 227.306207021077 224.770724773407 223.749438921611 224.343915780385 226.214349269867 226.919909318288 226.760506629944 221.629540125529 214.162747065226 225.274602572123 238.912880420685 247.338712215424 249.656597773234 243.169824282328 238.343894481659 241.952955722809
108.424166838328 133.751293023427 145.023663838704 154.627054929733 150.785634915034 160.131514072418 139.210760593414 115.704884131749 83.3985209465027 73.6233691374461 86.4631136258443 116.116881370544 140.276670455933 153.578778107961 154.311388731003 143.031120300293 126.594732205073 120.294908682505 118.089059988658 121.605326732 131.945411364237 142.661362886429 155.547122160594 166.038244962692 176.710228125254 179.055432478587 179.416795571645 182.385444641113 185.759345690409 193.006535371145 194.283882776896 195.421576499939 202.711363633474 207.153499126434 214.258134365082 216.361304124196 215.233465035756 220.117509365082 220.188975334167 228.14683119456 244.7669506073 251.508176326752 253.671487172445 251.031438509623 242.529173692067 238.463819026947 249.143560727437
62.4371071656545 69.7263379891713 75.8588165044785 101.312657197316 114.536384741465 132.63929883639 134.449024995168 129.449903964996 109.34125383695 83.4025740623474 65.0702069203059 68.173219760259 92.7598377068837 122.131168842316 143.578181664149 136.21778289477 133.393625418345 125.304649273554 117.244144280752 109.648009141286 110.773712396622 113.791217406591 119.58971619606 135.424246390661 150.691429773966 159.837305545807 161.064038674037 162.853370110194 169.928848743439 176.178554693858 179.662426312764 183.333337306976 193.090498447418 196.093837420146 197.338938713074 199.671228726705 207.145551840464 214.774330457052 221.999704837799 238.953769207001 249.684909979502 252.613743146261 251.756111780802 247.418105602264 244.100252787272 246.162672837575 253.885626792908
35.331924756368 34.6988389889399 36.785992483298 38.2340798775355 55.5872867504756 70.1571057240168 89.2849961916606 92.5293465455373 108.097493648529 93.2485262552897 71.8283404906591 55.731529990832 61.4423950513204 80.2223980426788 103.956441084544 113.897770643234 120.665768782298 123.662829399109 112.768948078156 106.715520222982 99.1499324639638 97.3746577898661 101.879249016444 110.516329606374 121.374746163686 131.267746289571 135.809868574142 140.979876120885 148.715198040009 155.641615390778 160.873383283615 165.930559237798 171.761393547058 175.705115000407 177.591403325399 181.11511071523 193.133076032003 205.369532108307 214.037597179413 233.273307482402 241.277416547139 242.110093434652 238.324364026388 234.055896600087 232.763806978861 232.224186261495 238.652269045512
28.5584305723508 20.8569789926211 16.8383481601874 12.0755694806576 6.12481124699116 5.29832330842813 28.7078867355982 47.497421503067 66.7007217804591 87.7705315748851 83.8821729024251 69.6679751078288 53.1800389289856 54.6273291110992 69.9323316415151 91.856320699056 110.968063275019 116.46960179011 116.380711396535 106.791466474533 104.109267393748 105.253199736277 107.239405314128 109.259903430939 113.041301568349 114.318470160166 119.396547476451 129.550864299138 134.40219561259 137.28321592013 143.320858478546 149.464229742686 149.658699830373 152.228534221649 156.67994817098 162.813981374105 174.819966157277 189.331889152527 194.03334458669 205.602844556173 214.841802914937 219.150543212891 218.273937702179 220.561683177948 218.438585599264 219.441215197245 223.227262496948
29.0080060561498 11.0049371918043 3.77796373019616 0.454004621133208 0 0 0.899635798608263 20.5141405264537 42.133703827858 61.8427892525991 75.6902595361074 84.7188532352448 78.2021979490916 68.5945103565852 68.3195292949677 87.6660346984863 100.674639145533 114.410897095998 125.800391038259 124.499976634979 114.185194174449 112.627585728963 113.907039165497 116.909543673197 121.05459968249 121.643563111623 124.752471844355 134.647260109584 136.356145143509 129.333704710007 134.941577911377 141.648789246877 141.212642192841 141.830235719681 147.2321053346 155.876417954763 161.881426970164 169.088164965312 174.609184265137 177.998006343842 183.50342909495 190.481543540955 198.298911253611 208.908518155416 207.971413930257 214.695433775584 215.231617291768
37.793497244517 15.2644477784634 1.33844014878074 0.00159245261481071 0 0 0 9.62806617220243 22.0355267326037 46.4615374803543 79.251026113828 95.7527061303457 103.365202744802 98.3364284038544 85.8377317587535 82.8354905049006 86.9396924972534 100.888043642044 119.316657384237 130.598415931066 130.098352829615 125.823189814885 125.317603349686 121.21711174647 123.609950145086 128.502875566483 131.57997528712 135.146041711171 133.63849123319 128.97664308548 130.476047595342 136.257221301397 136.99663678805 136.038323243459 140.920341014862 145.270615816116 145.032773415248 144.546876351039 152.333577473958 153.768380482992 160.505533218384 169.118185838064 175.979355971018 181.588848431905 185.607234636943 192.624350388845 206.167538960775
33.1657851735751 18.5872974495093 1.78716549028953 0 0 0 4.33106627315283 9.22650595506032 23.0088805158933 38.4629045923551 66.2444531917572 95.1621731122335 110.615611076355 113.929847876231 106.709162394206 85.9192808469137 80.213079849879 83.100438117981 98.8750457763672 122.762680053711 136.490762233734 132.595419883728 134.282618761063 128.291547298431 124.859680732091 127.231111129125 132.493545611699 132.088462511698 134.645015001297 136.972586313883 136.805454889933 136.808097362518 133.708477020264 131.312469641368 132.332473993301 131.242901086807 129.139085610708 124.682794014613 129.624585310618 132.170508305232 136.936237414678 143.488029638926 147.231658299764 150.814135869344 165.923297405243 172.809143861135 188.83870045344
28.9456968506177 21.9276174902916 4.59681606541077 0 0 0.232642458286136 5.84116640190283 16.5720085302989 27.1294489502907 34.5674206813176 47.79019455115 74.8052845398585 97.0183312892914 110.126316547394 115.602910518646 110.879520575205 106.236040592194 97.2760717074076 89.9848341941833 99.4098285833995 120.96361319224 136.245270570119 138.969947894414 138.516396284103 130.703429381053 132.846643527349 133.586059014002 131.853699684143 137.818207343419 145.43221394221 148.766219615936 137.933592001597 130.479792753855 126.636395851771 121.780316034953 121.299505233765 116.089701652527 114.032288392385 115.597486495972 120.766758918762 122.853676478068 126.329322655996 130.013167858124 133.326053619385 153.61213684082 164.597749710083 173.327803611755
24.8384152849515 24.4085316856702 14.2982428272565 0 0 3.8878545165062 10.9677898387114 25.1578936974208 36.9501436750094 39.7421245773633 44.6886966625849 60.2745165427526 80.4547766844432 95.6638654073079 111.285318930944 127.728521823883 130.081246296565 120.708535114924 105.315158764521 93.7330921490987 103.174130121867 125.19426147143 134.278615315755 137.310981750488 138.834079106649 141.363402207692 139.901032050451 139.437307914098 137.583682934443 144.534240166346 141.367544730504 130.915512641271 134.734372297923 126.382052898407 120.205303033193 117.780864238739 114.402681589127 113.338887691498 113.960484663645 116.7384882768 117.890526851018 119.864076375961 121.501634518305 124.69807267189 138.380150000254 154.173215230306 163.832406202952
26.2533252437909 29.6209057172139 29.4835021098455 3.47515195608139 0.948048817614714 12.7546216050784 18.8338123261929 35.6754859288534 44.4365441799164 55.4934740066528 60.5229884386063 62.7295871575673 73.6621618270874 81.3755691051483 98.9122986793518 119.099567333857 124.453544616699 130.121688048045 128.525286912918 113.651086886724 98.3837346235911 109.971543153127 120.512247085571 130.038877328237 139.438182115555 145.101229349772 142.713328202566 145.898501078288 143.130828936895 135.465035835902 124.420483907064 120.952904224396 120.938211679459 111.372262239456 118.644446134567 120.037416617076 117.784798145294 113.576034704844 113.392243782679 117.081612348557 119.77540453275 122.219383716583 121.863096952438 123.191773891449 124.337464570999 141.179372866948 146.597305933634
27.4100725849469 28.5233110189438 33.4765786925952 24.9758387605349 12.113194912672 20.932359000047 22.0770786205928 29.9949745337168 41.4885481198629 53.7931720415751 61.988706390063 59.2905779679616 61.7219656705856 67.7684048811595 83.7522149085999 102.301726738612 112.994968891144 120.127777258555 126.507371664047 127.614219983419 121.946682532628 110.713134209315 111.885130405426 118.849148352941 133.594274520874 137.174069881439 140.84995786349 145.384977261225 138.212869564692 129.429737726847 115.686237812042 113.526860872904 104.862242937088 94.4426159063975 99.2651482423147 93.865841627121 96.6844161351522 103.108753760656 106.403529644012 112.327645222346 117.11530884107 122.066766023636 125.479559103648 123.375654220581 120.188732941945 129.922866821289 132.032573223114
32.5510849555333 24.6732334295909 22.5969006617864 36.685382326444 29.4524158040682 27.9795452952385 22.2326988975207 32.2949786980947 36.990058918794 44.2346483469009 51.201989253362 51.731730500857 52.3574848969777 55.6215991576513 65.9983605146408 82.4089149634043 95.5978631973267 101.451605558395 112.698823213577 128.633300463359 137.421290079753 125.346124172211 126.305868228277 130.249033371607 132.146567106247 128.177970647812 127.738912900289 134.665220975876 127.329528331757 120.636165142059 112.585475047429 96.6956714789073 74.798991282781 62.2694045305252 59.5214813947678 57.553360859553 66.8365408976873 73.7705330053965 86.3838096459707 94.7548349698385 96.6572066148122 99.0357796351115 106.185684601466 102.852036555608 107.958485682805 115.196625391642 118.074953556061
