input/barkrak2/radiation/dir06924.grid
NCOLS 85 
NROWS 70 
XLLCORNER 665100 
YLLCORNER 4664600 
CELLSIZE 20 
NODATA_value -9999 
[rows 0 to 20 of 70, columns 0 to 46 of 85]
189.432481924693008 205.546220143636 222.452759742737 243.217686812083 253.270169099172 253.680825233459 247.63810634613 241.791129112244 242.171863714854 245.252271493276 244.465251763662 243.786334991455 241.695841153463 242.456694444021 244.179129600525 233.709116776784 221.401790777842 209.981560707092 207.410792509715 195.656001567841 193.759083747864 209.456145763397 236.478845278422 244.522213935852 246.880531311035 258.377591768901 256.995797157288 241.777340571086 226.728975772858 225.152472654978 220.880329608917 241.947293281555 285.93244155248 284.521460533142 280.797521273295 269.267022609711 272.900740305583 287.800351778666 284.477452437083 283.19130341212 272.492984930674 274.46178595225 284.646193186442 282.616416613261 272.385478019714 275.991539160411 281.744003295898
166.918893655141 185.302893320719 201.588094234467 221.952001253764 236.150046189626 240.740855534871 241.390585899353 243.350009123484 251.360515753428 251.819570859273 247.639675935109 244.992236296336 243.437806765238 244.36233441035 244.223594665527 233.756045500437 227.407177289327 218.274394671122 213.535030682882 203.338821729024 208.073457082113 229.994277159373 251.62814060847 254.764099915822 258.19061199824 264.179269472758 258.93630584081 245.497186978658 231.675446033478 227.065682411194 227.887431780497 256.157418092092 287.674069404602 286.638041337331 280.708432197571 271.470665931702 276.019195715586 287.34165430069 282.8555504481 284.048775831858 277.205844720205 275.7688164711 273.490866025289 269.471486409505 266.701499621073 275.814731915792 272.939781347911
128.526786963145 141.047159830729 155.225435892741 167.868455251058 182.544271151225 194.202462832133 205.993274847666 223.362425963084 237.152457237244 239.093939463298 239.470402399699 243.435740470886 251.0693470637 254.851182301839 254.473964373271 257.47932990392 257.565140724182 247.388283411662 230.249583721161 219.188312689463 228.685855865479 243.785659472148 253.336886564891 256.180624167124 260.493238766988 260.505000750224 254.343052705129 244.886815547943 236.14376783371 235.314647356669 244.147797425588 272.058427333832 286.765356858571 286.732455094655 280.334313710531 276.455203692118 282.496333122253 286.893308162689 285.142421722412 281.898299853007 275.223155816396 266.001423199971 253.460129102071 251.026749610901 260.1318359375 273.501594861348 262.479265530904
107.278843720754 106.911847988764 116.613547007243 123.56827656428 131.288935740789 137.826393047969 147.408902645111 165.401438872019 188.0228916804 207.506795724233 223.66464138031 241.073906421661 253.868997097015 258.63387187322 261.664390563965 268.128971258799 265.530069669088 254.097104072571 236.638148625692 228.889067967733 228.73185078303 228.493650754293 240.523974100749 248.664697011312 249.443193276723 250.70842107137 250.448803106944 246.737062931061 244.75355943044 247.243722279867 250.758707523346 277.133742968241 285.01300017039 284.892598787944 280.717432498932 282.893180847168 284.831364949544 285.345812638601 281.798044840495 271.833519140879 264.036039511363 251.223087310791 246.533155441284 259.997129440308 275.429507096608 271.502236525218 252.038598060608
129.808743794759 112.755060195923 98.8374253114064 88.6257886886597 90.8869902292887 111.222634712855 133.641372124354 145.181357860565 156.886200110118 165.97784558932 190.726697444916 217.660009860992 234.491189320882 243.215084075928 250.20045042038 254.572769006093 249.89926815033 240.526298681895 233.591496944427 229.719897111257 224.76198275884 222.46116399765 233.985821406047 241.653402646383 244.471291700999 251.079003016154 251.150051752726 248.892426490784 247.155865033468 245.675365130107 252.65900293986 280.725161234538 282.485743363698 281.756599744161 278.808116912842 279.229581356049 279.733697573344 278.453509012858 268.876175085704 260.285258293152 258.692602316539 255.55686155955 259.891867637634 269.659618536631 272.276997566223 253.366947174072 226.097782452901
176.396290461222 146.435419718424 116.577972968419 92.5039350986481 83.7941765785217 95.4081614812215 121.661136547724 141.373654206594 146.586229403814 146.17117245992 156.501948833466 173.355758190155 184.627830982208 192.299008369446 202.733019987742 212.589085102081 215.810239315033 221.267779668172 228.887021541595 234.270334243774 234.798153241475 236.734688282013 237.249493598938 238.558808962504 243.083516756694 249.316175778707 251.029928525289 251.770893732707 250.67126750946 250.912149747213 264.774223168691 279.68559662501 277.087251345317 277.542392412821 275.037169456482 273.012280464172 273.782213528951 270.419438680013 260.675966739655 261.055827140808 260.750571886698 257.836778958638 259.37960545222 262.3117963473 251.448074976603 224.004944165548 198.226690292358
203.300138314565 175.689041614532 152.055005232493 128.948738177617 106.696327527364 93.6620136102041 101.121813058853 132.168670495351 148.168385028839 156.895875930786 153.568128744761 148.2981244723 143.864651521047 139.671663443247 141.957779725393 159.787515799204 174.506147702535 197.377463181814 219.5818622907 234.066704909007 241.059879461924 244.246999422709 241.943736871084 238.765299320221 241.543253262838 244.140903155009 247.673471768697 250.455836455027 251.116136709849 256.632427374522 269.372045993805 276.930610338847 271.042068799337 267.29291677475 265.578289826711 262.832740942637 262.180944283803 257.756193478902 253.557880719503 249.681969483693 244.121452172597 242.448190848033 248.926122983297 255.757610003153 245.027323563894 234.017888704936 246.550897757212
217.382669448853 204.176266988118 189.311643441518 170.639634132385 144.537637631098 111.770172913869 90.2158816655477 87.2184038162231 123.630583286285 153.806388378143 163.217196861903 159.426500399907 149.838705857595 138.608197371165 124.129166205724 127.189228932063 142.366121212641 160.548071066538 188.180188337962 211.115896701813 226.650814215342 237.476666768392 244.626800219218 240.424613157908 238.641778628031 237.603505452474 238.876700401306 240.226169427236 242.590606212616 252.063771088918 262.99919684728 266.76994562149 260.590593020121 255.329628785451 249.948581059774 247.4192182223 251.768926779429 248.839676380157 241.925477981567 225.875914096832 224.994421005249 234.797298908234 252.190709114075 263.294160366058 260.224064191182 259.325881799062 266.53391122818
208.292126655579 208.407024542491 202.50791311264 192.895849545797 176.735023657481 150.280694166819 116.739173730214 86.763858795166 100.176195303599 124.326725800832 147.264262040456 160.048753023148 163.176437218984 159.998923540115 145.175029834112 135.677496592204 132.225841283798 137.237658103307 152.678251266479 173.06649684906 191.904902458191 210.194488366445 223.078568776449 221.036493778229 223.399599393209 222.711821397146 222.824394702911 224.953671296438 227.727810541789 238.353729248047 244.817396004995 245.160162448883 242.102722326914 241.248945395152 241.586645444234 242.458383242289 242.973446846008 242.351015408834 236.485660076141 229.624927043915 241.667787233988 255.087773005168 264.160434405009 266.00323120753 258.54351123174 252.737740675608 256.242553393046
151.171416044235 169.502933820089 190.238833427429 190.217693646749 186.67592604955 180.315772692362 160.36448876063 137.282987435659 104.3568054835 94.8424339294434 109.677294890086 137.658536434174 162.521024545034 175.59015750885 176.041920979818 164.426346619924 147.781987984975 141.572425762812 140.365868806839 144.016126791636 153.459181388219 163.830012083054 176.837007204692 187.348326047262 198.32851489385 201.161940892537 202.0250360171 203.695674737295 206.759730974833 214.370250701904 215.81910053889 216.911673545837 223.9062388738 228.650689125061 232.278883457184 233.958164850871 232.762853304545 237.149596214294 235.648512840271 242.525617281596 259.035547574361 266.540070374807 268.466214338938 264.643132686615 256.977160771688 252.177218596141 263.51002852122
85.451086362203 100.442310174306 119.400451580683 137.528946002324 151.756703853607 175.57829618454 175.799985726674 168.104549249013 136.394083499908 108.397255341212 93.6093330383301 101.399133602778 131.300310293833 161.14749511083 178.656935691833 167.44331518809 158.219128847122 149.078845977783 139.60599899292 133.562942345937 133.630245923996 135.406752427419 141.00589354833 156.535764535268 171.797474225362 181.900103886922 183.578431606293 184.74135796229 191.847542921702 197.680771350861 201.240579287211 205.189784367879 215.656836827596 220.227738221486 220.003743966421 221.434791882833 226.819217205048 232.505202293396 238.538344701131 253.751337528229 264.374772707621 266.084392865499 265.385488669078 262.637734413147 258.87930393219 260.135451952616 267.089168230693
50.1842151085536 50.2940118312836 54.5120090246201 68.7197546164195 82.9153060913086 112.664788961411 124.590138594309 138.134340445201 159.145464499791 142.970035473506 112.428694963455 91.0317997137706 91.7431612809499 114.493052164714 144.003291924795 155.546168486277 163.673510154088 158.867359161377 147.084534168243 134.966591993968 128.325114647547 126.302669445674 126.599709192912 136.204928159714 146.833866834641 154.653469721476 158.378521601359 163.665552934011 171.863337357839 177.35089858373 182.746191819509 188.946743806203 195.685048898061 198.874851067861 200.131336847941 203.194340070089 215.324143568675 227.869153022766 234.681109587351 249.572098255157 257.066746552785 258.106311162313 254.705886046092 250.607033570608 247.997800509135 247.352739175161 253.341813882192
42.5240496794383 35.378043850263 30.0446699062983 25.4511858026187 20.8886985977491 31.8977783123652 52.030677596728 75.3069172302882 111.549387375514 118.351598580678 110.452552636464 96.4766542116801 77.0781735579173 76.4703353246053 97.0258712768555 126.742084821065 147.95837799708 155.856589476267 153.130451838175 145.213633775711 135.849853356679 137.060056130091 136.624226967494 138.166060050329 139.983812967936 140.405913194021 144.781937201818 154.437919457754 158.216238021851 159.70982114474 166.952073574066 172.790904839834 173.998196919759 176.12878481547 180.190026760101 186.288774013519 199.451804161072 214.046617348989 217.299898465474 228.451291720072 236.177643140157 237.794697284698 236.866354942322 237.085580825806 234.822034835815 235.604465007782 239.578286806742
40.2761623263359 23.9297052224477 10.3099544843038 4.53967756281296 0.854903055975834 0 4.45897132158279 34.991666674614 63.8430068890254 89.1928871472677 101.630250612895 113.100826740265 103.528400262197 88.2758498191833 86.9227945804596 104.743510484695 123.08015426 138.044615586599 153.316924969355 154.029548168182 144.846300284068 143.978377183278 143.411666154861 144.376834233602 145.829697450002 146.903326114019 150.099545717239 159.379214048386 160.052835941315 152.978340784709 158.225059509277 164.413770039876 164.970288674037 167.350888252258 171.580195426941 179.690976937612 187.064071496328 193.121790885925 198.128382364909 201.112786928813 207.59650071462 214.623471101125 222.561955451965 229.26127910614 225.771029790243 231.869419415792 232.729176680247
50.7570207118988 23.8003134727478 6.05710968375206 1.54687759156028 0.00201260066508742 0 2.15384488304456 20.2999711036682 36.9294434785843 63.6929323275884 90.4130140940348 113.259067138036 127.779612938563 118.640810251236 105.074803034465 103.221307198207 106.279691060384 121.040085951487 139.187177022298 152.833084265391 157.790710528692 154.962480068207 157.759298880895 155.49514691035 152.980347474416 153.055608272552 154.869745175044 158.347924550374 157.628963390986 152.312487363815 154.68297402064 160.193492968877 159.973988930384 158.84917974472 163.32072019577 169.259925683339 170.740564664205 170.827666918437 176.643252372742 177.79799302419 184.605360031128 193.664292494456 199.769794940948 205.760180950165 208.416620890299 213.960150877635 224.855244159698
43.1632002194723 27.420404056708 5.65879667798678 0.246036176880201 0 1.48156067977349 12.2847370803356 22.7736334005992 36.3020747900009 53.0231098333995 79.1906515757243 109.163820743561 129.852513472239 135.162085294724 125.144481658936 105.296979347865 98.2708036899567 102.513541777929 117.583642403285 142.478754123052 154.396136601766 154.443899790446 159.144143263499 156.210402647654 157.98274676005 160.874158143997 164.607574542363 161.678284406662 158.102134863536 161.309063434601 160.374661286672 160.139163335164 156.919380029043 154.308656851451 155.143628517787 154.808392127355 152.018974224726 146.861582994461 151.960372924805 155.290981133779 161.09307607015 167.785624663035 171.514809131622 174.375971158346 188.803474108378 195.750296115875 213.253955046336
38.5492170850436 30.9922769665718 11.4994135995706 0 0 3.30499497552713 15.5229854087035 27.6390487949053 40.2482425173124 48.3609984318415 64.3713821967443 92.7264193693797 114.869733651479 130.063166220983 136.766493320465 132.755696773529 124.821374813716 117.015192906062 107.898940642675 116.335491339366 141.889939705531 154.100557168325 160.227725903193 159.871955712636 152.43798494339 158.774743477503 165.730814139048 168.111900488536 169.152855873108 175.489068031311 173.172434171041 162.21425930659 155.098249514898 149.810741345088 145.042310158412 143.97981762886 138.998667399089 136.504789193471 138.093262910843 142.28876431783 144.550700982412 147.905568281809 153.132965167363 157.004535198212 176.518281300863 187.541524569194 198.766152064006
34.1131960352262 33.6819291114807 22.7919444441795 0.221819461633762 0 9.19124173621337 22.3399673899015 37.3037904500961 49.6665934721629 56.6287984450658 63.4323954582214 79.410990079244 101.429541905721 118.565748135249 134.090483188629 142.063240210215 146.559049685796 137.49760389328 122.277716795603 110.621690750122 120.304465293884 144.289414087931 153.491149346034 155.05846341451 156.41255180041 160.394132137299 161.769181489944 166.316330432892 172.230462233225 185.354034105937 180.35888671875 168.686052163442 158.274918794632 149.549464384715 142.935891946157 140.184243520101 137.023111184438 135.786106189092 136.324028174082 138.979276021322 141.360998153687 142.361293236415 142.978539069494 147.31020728747 161.161204179128 178.855220476786 189.668893814087
35.6900965174039 42.5146122773488 41.4157037933668 10.4628503322601 5.15938239792983 20.6665024161339 32.9972753922145 47.3714470863342 62.3141328493754 75.5635996659597 83.1526021162669 85.0882132848104 93.9844648043315 103.002419074376 120.214551687241 137.260059515635 147.172510623932 149.195929368337 148.142238457998 133.874356746674 116.856684287389 127.229283253352 138.253817955653 147.713820139567 158.608893553416 164.289136727651 163.982361555099 162.546664476395 158.803542455037 154.171258211136 160.903871059418 157.307277123133 163.495600223541 152.498145898183 146.480768918991 141.804854075114 139.309744040171 136.035700639089 135.734587907791 139.403293530146 142.568647861481 144.732157389323 144.389132658641 146.220952272415 147.373567024867 163.284569978714 168.912529945374
36.9897236426671 38.2014165321986 51.5912274519602 37.964773674806 22.3364283641179 34.5205515623093 35.9295805295308 48.5574950774511 60.7295533021291 76.4612207810084 84.9370757738749 81.3523282607396 83.9187900225321 87.5142018000285 101.476619640986 122.079183657964 134.065647919973 141.399492820104 146.950542926788 149.384280045827 141.003429889679 128.122021754583 129.384060700734 137.708405653636 149.468183517456 156.636416912079 158.218542734782 155.52298227946 152.342855930328 152.738809585571 142.12296406428 136.106113592784 140.69609840711 131.081134080887 128.232131401698 144.988596439362 140.082011620204 130.769828955332 128.490487734477 137.106468280156 143.25221379598 146.230856577555 149.33568239212 146.49639527003 143.235335747401 154.676695664724 155.287027359009
48.354576031367 34.0552975734075 40.4114375511805 53.1277457873027 44.0459350744883 40.1468028624853 36.1423219243685 45.2862431605657 55.3782631953557 66.1752323309581 73.5016365845998 74.9646673599879 71.7227756977081 75.6044636170069 86.5777929623922 100.817183653514 115.882684787114 124.283214410146 136.568198601405 151.788602272669 159.71581141154 147.16836810112 146.908223628998 146.119753519694 149.805913368861 145.575046539307 142.597009738286 145.400782426198 152.500470479329 141.267855962118 127.901752789815 107.427169879278 96.1595972379049 88.7890060742696 87.5274936358134 93.7523345152537 102.778375148773 122.095694144567 129.90262111028 132.757633924484 134.985526402791 137.976090113322 142.645180225372 134.947190682093 140.459557374318 146.495898564657 149.374107519786
