input/barkrak2/radiation/dir04424.grid
NCOLS 85 
NROWS 70 
XLLCORNER 665100 
YLLCORNER 4664600 
CELLSIZE 20 
NODATA_value -9999 
[rows 22 to 43 of 70, columns 0 to 48 of 85]
72.1244563659032 65.5403087536494 42.1801507472992 36.1879542469978 31.5225645899773 15.0221449633439 22.422748307387 14.9840265512466 12.1882582704226 10.9634237984816 25.2112150192261 26.7266010244687 29.9381886919339 30.444527665774 31.8562909960747 39.1902004679044 49.0816235542297 61.161329348882 68.2289053996404 71.1400210857391 75.6317625443141 91.6292468706767 102.358420689901 109.292209148407 107.853164275487 103.381196657817 95.7008600234985 88.837057352066 80.7345062494278 63.6010815699895 45.5721914768219 20.9129303693771 4.56306928147872 0.260985495212177 0 0 0.106279951675485 0.126062417014812 0 0 0 1.35552634795507 10.1326902707418 11.3916409512361 24.6467317144076 43.2364344596863 52.5066504875819 59.8251720269521 64.8208806912104
107.499818007151 96.3557064533234 60.5381230513255 42.3695097366969 36.1371487379074 36.360835035642 33.3847726384799 24.1852924227715 12.2799749175707 11.8331598738829 26.6249850392342 30.6298683087031 35.1744443178177 40.2375708023707 39.2216841379801 40.5384103457133 47.3337024450302 58.1017583608627 64.4586483637492 58.0060432354609 57.0526321729024 62.1757507324219 74.8934249083201 86.3038102785746 94.4121281305949 95.0719912846883 89.7902250289917 72.9145854711533 64.2452488342921 28.3608014384906 22.7511003613472 12.6123117903868 0.232556485570967 0 0 0 0 0 0 0 0 0 0 17.0672660072645 19.9759602546692 29.1648358106613 34.6676508585612 41.6953066984812 52.6686112085978
106.769392887751 102.563838164012 79.1319310665131 47.2903847694397 28.7393406033516 35.3640839457512 33.934141198794 30.704619983832 24.1857171058655 22.2627396384875 25.9052316347758 28.2114098469416 31.713845829169 37.4617055058479 39.461096127828 39.1439869999886 44.9238419532776 56.6975822051366 63.4908129771551 56.707243124644 54.8803905646006 52.3815204699834 61.1056288083394 69.9471334616343 75.6828387578328 77.1409819523493 74.9157766501109 64.8296276728312 43.8912312189738 21.4269111553828 15.4707667728265 12.9833593964577 1.67764133463303 0 0 0 0 0 0 0 0 0 0 28.2856822013855 25.6532529989878 28.0524094899495 30.5871814489365 36.5400115648905 41.8960551420848
92.475414276123 97.5190997123718 90.536892414093 57.1915159622828 29.2432631055514 36.5222096443176 41.9796307881673 49.9821354945501 49.4631429513296 39.4570951660474 34.1078042984009 38.0968724687894 39.1210267941157 46.3277002175649 47.0737864573797 42.0830150445302 43.5350686311722 55.1794121662776 64.0519162019094 66.4714425802231 68.0498381455739 63.2993032534917 59.9857519070307 60.2400799592336 64.0186568101247 66.6098793347677 62.4666710694631 61.9960874319077 38.5913600524267 33.2218731443087 29.6315550804138 36.081408460935 29.1748171051343 0.0138203795359004 0 0 0 0 0 0 0 0 1.34775585805376 29.9776643514633 28.0275667707125 33.7326849500338 31.7415843407313 36.9522521893183 38.6967112620672
91.189056634903 96.8385438124339 94.9264864126841 67.6775475343068 43.9762224753698 51.7598887284597 63.3138964573542 72.7426608403524 80.0162802139918 70.3894942998886 51.8774539232254 55.6040108203888 52.9816299676895 56.3214421272278 60.3632777929306 49.0600566069285 47.092616558075 57.5558841228485 66.9586261113485 77.9593487580617 79.1196574767431 77.1401027838389 68.8452472289403 63.4225259224574 63.6766850948334 66.9659872849782 61.9493623574575 67.6567057768504 62.7036988735199 61.4640812079112 68.2406524817149 88.6628727118174 97.7914830048879 76.1720091104507 1.53932192673286 0 0 0 0 0 0 0.740142771974206 16.1645300686359 22.9729562997818 21.995022892952 19.6221930285295 25.4875396688779 25.2837265531222 24.8873184124629
93.0550595124563 91.6475256284078 91.9879674911499 74.3267784516017 72.6886888345083 74.6754904588064 84.6602221330007 88.9553030331929 91.7138954003652 83.338459332784 64.2213374376297 59.2277944087982 58.0991506576538 57.7748517195384 65.0844921668371 61.6560479005178 54.7510931889216 62.5803470611572 76.7197509606679 81.4301570256551 78.7797868251801 70.9118147691091 68.9211785793304 70.5319245656331 71.3006357351939 71.9051460425059 69.414605696996 78.8531452417374 95.6810116767883 100.838532050451 107.160329818726 115.490933259328 126.322199900945 133.399645487467 87.7160330613454 5.93378022313118 0 0 0 0 0.177039027524491 28.5054594278336 18.7691375613213 13.3039553960164 8.07587926586469 10.4033071547747 11.4463778833548 15.1666936775049 17.445379247268
96.0572163263957 84.0534269809723 84.9478443463643 77.9295911391576 93.3880309263865 88.2697304089864 86.6349339485168 83.3328167597453 79.1182269652684 68.4338957071304 58.2470198472341 53.0522763729095 56.4245879650116 57.3431750138601 63.9129728078842 68.5145705938339 64.165453116099 60.3842437267303 72.1010764439901 75.1243730386098 72.6580719153086 66.6489154100418 66.2912627061208 72.6509342590968 76.1074324448903 73.3933200438817 75.2489318450292 81.1701118946075 103.725294272105 117.649495601654 127.63500213623 133.610864480337 141.259084145228 143.710931142171 135.102401177088 57.4867029984792 0 0 0 0 2.44607155521711 19.3905333677928 14.9924842019876 3.698179187874 1.32838590070605 1.68522540479898 2.74315134932597 10.1495397587617 15.3869688510895
96.6879725456238 78.0130873123805 78.8447310527166 84.2593014240265 93.4399962425232 87.1448516845703 72.8190739949544 57.8659772872925 46.4041084051132 40.0124862790108 39.4786124428113 44.0928240617116 51.29008491834 57.7969799439112 69.3829705317815 71.5548048416774 70.7818518082301 57.8719178835551 62.1628264586131 66.1783814430237 65.0013933579127 66.523219148318 66.4056638876597 74.0902721881866 80.0318320592244 77.0555486281713 80.2187124888102 82.2545439004898 98.1040994326274 121.714115142822 138.054271539052 146.394699811935 146.448165178299 147.878011067708 156.609435876211 136.725137631098 51.1013269424438 0 0 0 0 0 9.50169873734315 0.909992571299275 0 0 0.784971363221606 4.9613198886315 9.33475606143475
94.6304698785146 96.08327349027 118.805805842082 152.539809544881 125.440826018651 93.1828220685323 63.0115767319997 39.4378950198491 30.210609237353 33.4154044588407 30.6844065586726 30.6895449757576 47.9955971240997 58.084636926651 72.1244513988495 79.3135811885198 75.8368273576101 63.5245740413666 63.2713139057159 67.1761731306712 65.4108623663584 70.2168295780818 71.9704777002335 75.6885707378387 82.2544395923615 87.7749224503835 86.5672131379445 89.2998973528544 101.415505011876 127.371778090795 146.8199690183 151.800205310186 148.051708936691 156.83185060819 167.10102558136 170.587102572123 142.190406719844 78.2142480214437 14.4042670726776 0.558638712391257 0 0 0 0.859818421304226 0 0 0 0 0
108.528236548106 143.701016902924 192.583958307902 213.851809501648 192.487716674805 135.956734418869 87.3712797959646 54.8012405633926 46.9642033179601 50.8896907170614 42.1191205581029 35.8660817146301 46.030730009079 56.3662399848302 74.3139684200287 81.9609264532725 78.0267169078191 72.8135406970978 66.5181577205658 68.1397666533788 68.9577956994375 71.730375289917 75.5766729513804 76.3967434565226 82.9168707132339 96.5262254079183 97.4080165227254 104.094306627909 113.17918697993 130.552301804225 147.441834211349 155.768712361654 157.885581254959 164.365549882253 170.356631278992 170.11288801829 162.860681613286 142.91109641393 74.0435818831126 13.00032188495 0 0 0 1.18307730493446 0 0 0 0 0
170.493523279826 206.6264351209 230.676670869191 232.610623041789 231.225510438283 202.236354351044 159.024765094121 118.239174286524 93.1060711542765 78.6580344041189 75.0896682341893 61.808372537295 50.5909671386083 55.4212083419164 77.7780512968699 83.209623893102 78.3454875151316 78.6094019810359 68.0641829967499 66.5513177712758 70.9256877501806 72.0243553320567 74.4240383307139 75.4294792811076 81.423744559288 96.9483156998952 104.29647564888 113.310039043427 122.807651758194 130.185008049011 143.240580956141 156.277070442835 156.724721193314 154.800593852997 156.579037507375 148.377974828084 149.81664220492 136.375963687897 89.0755951404572 33.4239080548286 6.76744058728218 4.33182405928771 1.87581808616718 0.652997909734646 0 0 0 0 0
220.780193805695 236.082057158152 239.84565337499 238.756537437439 241.090257962545 237.523635228475 212.660630544027 167.40361849467 128.061632315318 106.119791666667 106.09953602155 94.8312481244405 69.7503586610158 64.6782467762629 74.3158360322316 78.3382952213287 73.4053204456965 73.7063338359197 67.7303373813629 69.3827867507935 66.9575383265813 67.8965946038564 69.195826848348 70.0368732213974 76.8445233503978 89.0785455703735 102.17805703481 108.676026264826 117.933750152588 130.654583374659 141.407549381256 146.024117867152 136.318971713384 125.310371319453 128.042221069336 111.057738463084 111.701786518097 95.9029793739319 58.3419253428777 23.5218703746796 20.2650825182597 13.0482787887255 6.25455752015114 0 0 0 0 0 0
233.538488547007 239.856521288554 237.246751785278 239.154954751333 239.832619825999 237.292726834615 229.873855908712 199.152708053589 148.509711027145 118.958532810211 117.697209119797 114.789436260859 97.1436003843943 78.6173343658447 74.5707899332047 78.3888002236684 71.697528163592 66.6296382745107 67.5048430760701 71.4858671029409 66.1934514840444 64.7028982639313 67.9368873437246 69.3328380584717 73.5279321670532 82.2615772485733 92.5841132799784 95.7731505235036 107.047696908315 125.257213910421 135.56981086731 131.999870141347 125.680267810822 118.885457515717 111.064960559209 95.6615706284841 99.960724512736 96.9846248626709 76.4771302541097 39.5522192120552 30.7071059942245 32.2870040933291 9.21698783834775 0 0 0 0 0 0
227.976481119792 231.602748235067 228.719890117645 228.928844134013 227.903962135315 223.954161008199 219.357967376709 199.423253536224 157.677551110586 130.077292521795 122.551083564758 119.043231010437 111.117978890737 88.1193578243256 79.8768351475398 83.4018886089325 75.3922561804454 66.7929401000341 71.1561441421509 72.4509060382843 69.8130826155345 65.4261161883672 70.3145116567612 74.6822605530421 74.0914046764374 79.6226958433787 84.8804215590159 85.8382980028788 95.000813404719 116.83064699173 126.460413138072 125.450750192006 127.384603023529 129.036406675975 109.535872936249 102.58345802625 107.477486133575 114.776184161504 109.686225652695 68.3152427275975 26.9597098231316 12.3338426152865 0 0 0 0 0 0 0
206.691563129425 209.124565124512 211.190124352773 207.077741622925 207.254668076833 205.087860425313 209.302683671316 205.269753932953 169.813613096873 137.587279081345 123.594005902608 112.843712170919 106.082369883855 88.3739789326986 76.4047553141912 83.0874343713125 85.9866638978322 72.4774599075317 74.6303101380666 77.7817666530609 78.0616998672485 72.9800760746002 73.2147991657257 76.8280277649562 75.8070846398671 76.2126346429189 83.1363052129745 89.9002552032471 95.0343410174052 110.23011803627 124.994953473409 127.960801124573 128.608693679174 132.504463195801 113.185197114944 113.813062508901 114.196389913559 123.078276713689 122.844358285268 81.9535901149114 15.0422379374504 0 0 0 0 0 0 0 0
183.383484681447 193.154017130534 203.177273273468 200.534760951996 198.738058408101 203.925391038259 212.887644767761 214.972535769145 191.539565722148 151.766667763392 130.669375260671 105.417847633362 93.8891470432281 82.5668722391129 73.6786375443141 77.9935667912165 90.1437997817993 80.7961374521255 77.0463645458221 81.3762992620468 81.6682477792104 77.1373808383942 74.1974413394928 76.2532154719035 78.6530425151189 77.9897620280584 82.583412528038 92.1352803707123 96.0126519203186 100.970854361852 116.280863682429 129.486411809921 130.211412906647 122.322122255961 108.64582657814 122.706174850464 126.863857110341 131.81405266126 130.385170380274 103.580246369044 10.5950608849525 0 0 0 0 0 0 0 0
146.171679099401 157.294750213623 165.715078512828 171.244164307912 180.105308691661 195.018251736959 207.594732443492 215.418696403503 206.123848756154 170.720875263214 140.07380604744 109.153509140015 90.8892850081126 87.349126736323 79.3363253275553 72.7688868840535 84.6254328886668 85.7243736584981 78.6695977052053 78.3947209517161 79.0153990189234 75.7472217082977 73.4284222126007 74.7740566730499 78.1629383563995 82.247386376063 82.067201534907 87.8021419048309 94.2213137944539 95.4549511273702 106.126884619395 124.641915162404 128.078440825144 110.013703505198 112.435479958852 133.335053920746 138.280183076859 136.203398307165 134.575098752975 130.383362372716 70.9949731826782 1.16931359904508 0 0 0 0 0 0 0
108.583102623622 115.975856781006 115.04473288854 125.544756650925 142.707109451294 160.263558228811 175.817251205444 187.060654163361 187.73885567983 161.460777123769 126.084198554357 101.774990558624 87.7122084299723 85.4312181472778 81.2124659617742 74.7855106989543 80.5290937423706 81.2127590179443 73.6967623233795 74.141671260198 77.8463135162989 80.9780110915502 79.4320106506348 74.8726278543472 73.9782551924388 77.7563949426015 84.7573081652323 88.1260832150777 91.9612050056458 92.8489665190379 95.7303047180176 110.503852367401 119.177877902985 113.241831461589 135.77268520991 146.638254324595 143.133689959844 136.889408032099 141.519357760747 154.2982061704 147.802035013835 81.3691218694051 11.4216506481171 0.0747822390015547 0 0 0 0 0
97.0469017823537 99.1045435269674 98.9478230476379 100.710580746333 110.552956660589 116.750955581665 120.266954104106 126.554071903229 125.688870747884 108.203748861949 92.6762819290161 87.9089335600535 86.0258241494497 83.3045542240143 81.0452550649643 80.6827545166016 79.4087648391724 79.231118162473 73.553388317426 73.481559753418 77.9423713684082 83.635002374649 85.0242873032888 80.5988013744354 77.0539442698161 76.5019506216049 86.3087773323059 88.566134373347 93.4337079524994 93.8944617907206 95.1891541481018 102.607826391856 111.217767000198 123.018761475881 145.262082417806 144.962708155314 134.618024031321 124.471048514048 127.417743206024 146.108488241831 156.209945678711 153.84308497111 93.7079985936483 21.4878022670746 0.395804410800338 0 0 0 0
105.809907118479 103.405872980754 103.247692187627 102.727989355723 98.6549655596415 96.825381120046 94.8309302330017 95.7383513450623 101.140876611074 91.9241706530253 83.4608276685079 84.5488707224528 88.4511768817902 88.0871812502543 85.9055320421855 84.2704971631368 78.7651687860489 86.0828061898549 86.250235637029 80.8596859375636 83.0366512139638 83.8169852892558 83.6350917816162 85.6491029262543 85.352748632431 81.6043118635813 86.995671192805 91.1001066366832 93.4843520323436 95.1759020487467 96.6725548108419 100.867648919423 108.596473932266 128.603597482046 140.36547144254 131.738573312759 118.277778228124 107.769151528676 104.811092217763 118.015358845393 151.291976372401 155.210196971893 130.79513112704 65.864438811938 9.53374989330769 0 0 0 0
111.080666383107 107.780973116557 110.849479834239 108.975251515706 101.904392242432 98.0398158232371 95.4740345478058 91.8440818786621 91.5833612283071 88.5909696420034 86.2369338671366 85.2087835470835 88.8810555140177 92.3401316006978 91.3630922635396 88.6759161949158 85.0099921226501 91.5702084700267 93.7312245368958 86.6095026334127 83.8737984498342 81.8781157334646 78.2974859078725 80.0771067539851 84.5735669136047 81.169272462527 78.1008551518122 84.3228300412496 89.5457069079081 92.5214489301046 93.8143531481425 94.8536197344462 106.87576731046 127.70801782608 138.918370008469 119.782636562983 106.154680252075 103.211939334869 103.586822748184 113.472431898117 122.840871413549 126.309464375178 110.482811927795 75.1728614171346 17.3785661657651 0 0 0 0
94.2011177539825 97.1333185831706 106.509317954381 103.497038284938 105.982611576716 108.624875545502 107.174207766851 102.563341458639 90.9522374471029 89.1653100649516 92.8871035575867 88.4151657422384 88.6635184288025 92.4400289853414 92.6263630390167 89.3150766690572 90.2393460273743 93.3070282141368 93.4133728345235 88.9255305131276 83.0296277999878 80.1372031370799 76.5824864308039 75.9407977263133 78.7427127361298 82.5168540080388 78.5951068003972 80.1812410354614 85.5546891689301 87.8480076789856 87.1057709058126 85.4746301968892 97.0236361026764 114.065329233805 119.363864262899 108.90590151151 104.070017735163 109.086314837138 113.301287094752 114.429255326589 109.56738392512 107.911596695582 100.799381732941 73.1030404567719 27.6250640551249 0 0 0 0
