input/barkrak2/radiation/dir05624.grid
NCOLS 85 
NROWS 70 
XLLCORNER 665100 
YLLCORNER 4664600 
CELLSIZE 20 
NODATA_value -9999 
[rows 42 to 62 of 70, columns 0 to 47 of 85]
135.893533627192 133.037845293681 135.293503602346 133.086661497752 126.266558965047 122.013598680496 119.084775447845 114.640752474467 114.931523799896 111.244867245356 109.451512495677 107.774277528127 111.218432585398 114.49858546257 114.48402206103 110.461175441742 106.453080972036 113.104710976283 114.968558152517 107.101400693258 104.124844074249 102.436502774556 98.8392233848572 100.337753693263 104.773084322611 102.615684270859 99.3899305661519 106.015712022781 111.411501963933 115.839203198751 120.007375876109 121.614197889964 132.960468530655 155.311852693558 162.813713153203 143.787493308385 128.18369269371 125.359068314234 126.876771450043 137.80532280604 147.157480319341 150.247047344844 134.801467259725 97.6746280988057 34.7182601690292 1.09277029211322 0 0
119.572023550669 121.921956539154 131.216843922933 128.039101759593 131.04706009229 132.881015539169 130.832821130753 125.95937649409 113.8583223025 112.740447123845 115.416824817657 110.153198242188 111.08938852946 114.739716053009 114.741792281469 112.416644891103 113.029062747955 114.79044953982 114.751706520716 108.506669600805 102.412025133769 101.204295953115 98.4874367713928 97.4326133728027 100.23953517278 104.162951310476 98.8061229387919 101.5764772892 108.59947403272 110.924899578094 111.383020877838 109.207421541214 123.428006966909 141.415059566498 145.864297946294 130.835026502609 125.61031182607 132.148851950963 137.374003728231 137.956241766612 133.317053318024 131.388505299886 124.116599559784 95.4276124636332 46.4125573635101 1.04200614926716 0 0
117.471257845561 123.531738917033 126.415590445201 127.704660097758 129.030138254166 131.91423813502 131.549249092738 127.675563097 121.795217196147 116.154074668884 117.208768924077 114.617119232814 110.178967316945 108.226716518402 107.390344142914 108.11326901118 103.651056687037 112.040668725967 113.35152387619 110.222369432449 105.352511008581 103.336830933889 102.161715428034 102.161387602488 99.1835991541545 108.232398827871 111.237277587255 108.455300331116 108.421484629313 108.914315700531 104.679177204768 102.358241875966 111.197143793106 117.594003677368 122.704635063807 123.448888460795 129.108289877574 140.158434708913 144.891103108724 135.534097750982 132.830570141474 126.254965861638 120.335350433985 98.7252493699392 62.0793004830678 18.9508870244026 0 0
124.39239025116 129.64791059494 126.258124907811 129.631261030833 128.233810265859 127.73851553599 129.630744457245 127.484073241552 128.793964783351 122.962216536204 121.043115854263 120.447446902593 114.731967449188 109.271148840586 107.612828413645 110.976994037628 103.901455799739 108.365525801977 113.218555847804 111.174037059148 109.235346317291 108.430137236913 106.874267260234 107.579618692398 108.427157004674 106.36971394221 114.934782187144 111.828655004501 111.391415198644 110.467821359634 105.200032393138 102.739920218786 106.291731198629 106.059571107229 106.114566326141 107.347697019577 116.603195667267 132.411966721217 133.882979551951 118.469774723053 122.005840142568 115.70151646932 112.917125225067 109.994391600291 91.1142230033875 51.3431926568349 10.8424015343189 0
124.454776446025 125.912636518478 129.203190406164 131.140907605489 131.105085213979 130.199372768402 131.67542219162 133.831123510996 129.355728626251 127.76114543279 125.686466693878 123.969833056132 120.350162188212 116.303265094757 115.034530560176 118.380645910899 114.775151014328 108.1935664018 114.253024260203 114.112794399261 110.737979412079 111.221313476562 108.420113722483 106.269041697184 114.361544450124 107.610086599986 108.816246191661 111.200908819834 111.238698164622 111.211210489273 109.966148932775 105.33340771993 105.800330638885 105.138162771861 107.883453369141 107.509791851044 110.79815030098 120.132664839427 122.73762623469 119.235098361969 118.508527676264 110.848853985469 116.828680038452 125.028938055038 116.355717182159 80.628623565038 37.565641105175 4.13675978779793
117.825915416082 120.615740617116 127.113163471222 128.748834133148 132.850766181946 133.891006310781 131.000101566315 131.12872838974 130.530049403509 132.057070732117 127.920389175415 124.347110589345 122.011989355087 122.355461120605 119.184484084447 117.624928553899 115.976393222809 107.040693362554 112.092087666194 113.631169001261 109.807421763738 109.920312960943 112.476627031962 104.760398467382 108.373860518138 108.126789331436 103.12494635582 107.331176598867 110.416412353516 111.325939496358 111.507515112559 110.570649305979 104.538758595785 108.907620112101 120.990773042043 126.568158467611 120.782156785329 115.899463494619 120.860815048218 131.384114424388 123.030483722687 113.464792569478 121.01024389267 128.659129142761 121.63249651591 99.6368825435638 58.6325079202652 21.2225168943405
110.324968894323 114.012857278188 119.92343266805 124.165733655294 130.769699811935 134.882469971975 131.092776854833 129.116356372833 132.536033789317 134.163647890091 131.541579961777 127.388020356496 124.894618988037 125.052481889725 121.485690275828 115.557054678599 115.518152713776 108.54368408521 112.604647874832 116.764475901922 115.481118361155 114.713937044144 116.349071264267 112.149626016617 109.580179055532 112.981498241425 107.50538110733 111.100206772486 117.514431476593 122.66930937767 127.835979064306 126.744945844014 117.299765348434 118.241469065348 128.343711296717 137.873570124308 137.635052204132 125.985443592072 123.375048240026 131.743351618449 120.354334513346 111.816734075546 108.394920825958 108.710487683614 106.602758169174 105.514297882716 94.0609872341156 38.5344102978706
109.549105167389 106.989095608393 111.898591121038 121.081252892812 126.910189787547 130.291273196538 133.497615655263 135.630716880163 136.758387088776 132.478713989258 134.189546108246 134.344309568405 129.869510730108 126.385589440664 123.865902423859 118.717978398005 116.386036078135 112.31275399526 115.714838107427 120.689709981283 122.082928816477 122.931689023972 119.481692711512 120.163609584173 113.69459827741 117.669373750687 118.549178044001 119.344840447108 126.24063094457 136.115978161494 144.812921682994 147.164285182953 135.360737641652 130.541493495305 129.118541876475 137.833853562673 143.64093542099 140.336414178212 130.233387152354 118.014514446259 109.150807062785 110.916574796041 109.169741471608 102.56353020668 99.3664761384328 104.215343793233 98.9205936590831 50.6471296151479
110.467255115509 113.537669181824 117.19936132431 124.129672845205 125.196437040965 125.519434611003 134.397317965825 139.451821645101 138.760586579641 137.500156958898 137.426137924194 136.755645275116 133.041580518087 127.799421548843 127.30676929156 130.439768234889 121.773799260457 119.87645427386 121.286779642105 127.088745435079 128.101954857508 125.375002622604 122.060517470042 121.475199858348 116.16975069046 122.958113749822 125.557780265808 126.875221729279 132.264723380407 141.275882720947 152.860850095749 155.141939719518 147.501250108083 135.954161485036 123.133679231008 122.089137633642 135.184635718664 146.224478880564 133.583386739095 111.584693193436 103.569140036901 110.981076955795 114.690661430359 110.361228386561 105.518718560537 101.924945910772 85.6933494408925 57.4737340211868
110.973437627157 122.631619373957 125.247061252594 127.19581524531 125.01718600591 124.260485172272 132.068614164988 138.383090496063 137.650460004807 143.113672733307 140.171984831492 138.881127039591 135.68784793218 129.912376403809 129.724045594533 136.549135049184 128.875543673833 124.290982882182 121.856311957041 124.71662958463 125.243206818899 123.746871948242 122.720181941986 119.026899337769 115.209509929021 117.739856243134 121.147195498149 124.248544375102 125.235716501872 133.014579614004 144.139657417933 151.738295952479 148.328463236491 126.348982254664 91.7294919490814 84.1617484887441 103.801637887955 125.364849964778 140.869508186976 137.687186400096 131.242692470551 122.405409812927 104.981462160746 102.447271347046 111.334939797719 103.739351034164 81.7875762780507 69.0735727548599
114.277422428131 112.1646463871 111.580232779185 115.013986825943 122.554282347361 128.040413061778 128.175656000773 135.106354951859 134.450614452362 139.034291108449 139.89653189977 141.481508811315 140.668918689092 134.72972313563 132.431825002035 131.119052569071 132.7898701032 124.570985635122 118.871142466863 117.220083872477 116.771638393402 118.896375099818 120.237350463867 112.989107767741 114.958027998606 112.16061313947 114.08007144928 114.025791486104 112.816870212555 115.34509062767 123.424679040909 134.371260801951 131.537218888601 105.172286430995 69.8390950759252 51.0735710461934 51.4757633209229 83.3458205064138 119.637032349904 138.51727048556 143.100798130035 121.660649776459 100.701908270518 96.5285201867421 104.625870784124 94.7658022244771 77.9532690842946 86.4477753639221
118.163148562113 107.199211915334 104.069958130519 110.188712676366 122.706989447276 132.195254166921 130.959192911784 132.759561141332 135.693411032359 135.485380887985 137.793729702632 141.014943520228 142.608056465785 140.271554390589 135.3666583697 132.516403992971 134.97864206632 126.551548639933 121.59671386083 122.464676698049 121.041198571523 118.479788303375 116.813689470291 114.421953757604 113.303979237874 110.450208187103 111.921370029449 111.263493696849 108.71684551239 103.504081567128 97.0998009045919 103.135734796524 104.096829891205 86.4857931931814 70.9576457738876 52.3853202660879 30.1019251346588 30.2931716044744 59.3223224083583 97.5969235102336 121.579815944036 111.454476912816 100.637197494507 94.5182542006175 87.3460272947947 82.0096880197525 75.3349562486013 97.2365736961365
119.040310382843 112.363735834757 109.267910321554 114.262878894806 124.510556459427 133.506457010905 136.975347995758 132.606118917465 137.007524569829 135.340879360835 138.934423526128 141.200592120488 143.196692069372 144.449104865392 138.019859790802 137.443602085114 138.576527436574 132.042149702708 127.478847901026 128.959099451701 128.96787126859 123.366266489029 120.957513650258 121.142367521922 116.474916537603 115.956674019496 114.188690980275 110.002835591634 104.312380154928 98.7511177857717 88.7015362580617 92.8638378779093 96.6967940330505 96.8837241331736 95.3230957190196 82.9292138417562 54.7061165173848 38.1561368703842 33.693994084994 38.8252387444178 82.7976067860921 88.9778733253479 65.2956813573837 53.3869365851084 52.8414150079091 61.1645728349686 79.5479863882065 89.9066130320231
122.867772976557 120.782275994619 115.937054157257 113.235215346018 120.245377222697 132.874141136805 134.84932978948 132.452070713043 134.428759415944 139.252603054047 146.236598491669 146.638125181198 144.530485073725 145.461350679398 141.768594582876 141.901940107346 143.119682868322 138.563523689906 133.012970288595 129.77201739947 127.434978882472 126.341730356216 128.187716007233 130.855530500412 124.848107496897 122.599025567373 114.568014939626 105.220605929693 96.6808398564657 92.3913617928823 91.8286641438802 98.6353357632955 102.716594934464 113.975296417872 121.430506308873 120.606958866119 107.90624221166 84.4089885552724 70.6648826599121 43.8190052906672 54.0499438842138 74.6516933043798 74.8172303040822 62.2607866923014 62.6933922370275 80.9756020704905 107.725610335668 104.33629155159
125.980923573176 125.219106674194 123.213102420171 117.814242839813 118.008514245351 129.879087209702 133.064895868301 132.989784081777 132.490634918213 141.312330961227 149.834056695302 148.852050304413 143.700540065765 146.485328674316 146.636853615443 139.768858750661 142.032007376353 139.268904924393 134.53804453214 132.27387269338 132.152616977692 133.031795422236 130.536874135335 127.754618724187 123.848428328832 120.108932256699 97.1364378929138 72.2507735093435 70.1781610647837 77.1528482437134 89.0323023001353 95.0405399004618 100.816309452057 107.864280541738 122.153451045354 138.671100139618 132.917781670888 127.859910329183 113.543579975764 85.4480266571045 58.6299399534861 76.876903573672 94.3296651045481 95.8850880463918 96.4699486891429 112.348407506943 141.575545072556 130.061328411102
124.896099170049 122.478157281876 126.133054494858 126.488119363785 122.520287831624 125.917991002401 133.35261742274 134.760320186615 133.640716473262 140.785753726959 148.749401172002 147.786776224772 143.023490905762 145.680715640386 148.689349492391 137.315402428309 139.654060204824 137.483566999435 135.029812653859 135.950823624929 137.114892403285 135.997593402863 132.37593571345 126.956780751546 126.26177072525 122.14066584905 99.6847947438558 76.4276434977849 76.2080450852712 87.4749720096588 98.950207233429 101.119637489319 112.758229176203 123.656084140142 130.456109841665 140.248646338781 137.787004311879 83.6203197638194 69.9808895587921 84.0026239554087 87.266743183136 102.207034826279 107.382148504257 90.0277992089589 77.8281042973201 91.465969880422 118.420898914337 112.953692674637
112.245937188466 121.038387219111 124.136010805766 126.792281866074 125.757654507955 121.901661157608 133.885622024536 138.464709122976 137.609591086706 141.451815764109 145.885835091273 146.247833967209 144.186208645503 141.189833482107 142.480502525965 138.996183872223 134.975085655848 136.900633573532 138.236701488495 140.154232581457 140.589694182078 136.671413977941 134.880224863688 127.110034227371 126.358260711034 128.735999266307 123.896618684133 115.952402353287 118.57533454895 122.005611658096 118.360459804535 111.268311738968 127.48317917188 135.442684094111 130.860358476639 100.85849960645 89.7088348865509 48.1603046258291 33.7886288762093 48.6420740683874 88.4998043378194 112.710217634837 110.452681779861 94.8006014029185 82.1570456027985 86.1768126487732 103.156805038452 107.947558164597
101.461082696915 118.165661891301 122.08217382431 124.777853488922 127.613753080368 123.332669337591 128.882716099421 138.073205947876 148.282289505005 148.363252480825 144.876132408778 143.139312664668 145.115007956823 143.220841884613 142.87934700648 140.06648461024 134.486546119054 135.809053977331 134.064853191376 131.647050380707 132.624516884486 132.080495357513 130.241344372431 128.018240133921 129.903972148895 134.939481814702 145.732055107752 154.966036478678 141.265362501144 137.324233849843 123.879740635554 111.398597558339 121.873120466868 112.285445133845 63.593735297521 51.7367273569107 49.5648831129074 39.6451950073242 25.1311287283897 20.7196896274885 23.3707005778948 76.2068132559458 107.459992170334 128.312001625697 143.450925747553 138.375182946523 131.60448273023 129.479626814524
103.323876857758 114.108870426814 122.447788715363 124.827206134796 126.042068004608 126.947740713755 120.937486489614 132.004082202911 153.787990411123 153.113553921382 144.751975933711 141.049832105637 143.384665250778 146.22230331103 144.897729158401 141.150901714961 138.908545176188 135.599166154861 127.333104610443 119.690517584483 118.916988372803 121.843973795573 121.655295292536 125.361919403076 127.49919295311 133.212337891261 150.867412487666 160.104016462962 140.819658835729 131.902833779653 117.259711027145 101.347128550212 100.99654396375 93.5961504777272 69.7537958621979 44.1067715485891 45.732393860817 59.2861771583557 51.1002093553543 33.9082678159078 21.8438804149628 38.1121436754862 84.9701364835103 116.896867752075 128.562490145365 128.952870766322 121.31667137146 122.086783250173
116.225719451904 119.520535071691 122.468550999959 118.544459342957 111.223131418228 107.842723528544 116.554210583369 122.873445351919 133.707265059153 132.014075915019 130.167533953985 135.93069712321 142.260332902273 143.700301647186 139.229536056519 141.037275393804 140.002936124802 132.98640648524 124.276518821716 117.095430692037 116.100360949834 116.569499174754 119.427303473155 120.889723300934 121.171563863754 124.792595704397 140.17128944397 146.131257216136 139.855206012726 127.877761920293 109.889109929403 93.2212670644124 84.4560662905375 97.3370273907979 89.9571081002553 65.541073679924 69.3424840768178 105.170786380768 112.758050362269 85.7611795266469 51.9734372695287 40.5128200848897 60.4955752690633 79.6870092550914 68.5218969980876 84.7895344098409 90.0080502033234 95.2220956484477
129.612942536672 125.801394383113 121.858020623525 113.824297984441 102.04674800237 93.4360524018606 106.62371913592 105.746279160182 93.461940685908 94.0573811531067 109.469592571259 123.421450455983 128.881990909576 133.073816696803 136.692255735397 147.962669531504 150.355050961177 140.449076890945 130.641082922618 125.608424345652 121.207743883133 119.811912377675 121.050486962001 119.19774611791 119.699627161026 121.497988700867 124.43819642067 129.181047280629 128.533204396566 104.668408632278 107.951700687408 100.819011529287 91.4966066678365 108.341197172801 111.805498600006 98.4026590983073 90.241551399231 92.0557081699371 97.5274741649628 94.9773093064626 77.1247843901316 60.4328513145447 60.2589497963587 48.755869269371 39.4658719499906 44.9159244696299 69.0276871124903 73.3219931523005
