input/barkrak2/radiation/dir08724.grid
NCOLS 85 
NROWS 70 
XLLCORNER 665100 
YLLCORNER 4664600 
CELLSIZE 20 
NODATA_value -9999 
[rows 40 to 59 of 70, columns 0 to 45 of 85]
198.438902695974 201.048831144969 200.904111067454 201.61368449529 211.013754208883 217.385351657867 219.721178213755 225.230832894643 222.529550393422 206.719239552816 191.100438435872 187.67257531484 186.607460180918 182.134687900543 180.488089720408 179.084757963816 178.034663200378 179.137905438741 172.06871509552 171.55651251475 175.903459390004 181.462248166402 184.792617956797 179.788013299306 177.184641361237 174.876550833384 185.200730959574 190.215806166331 193.423807621002 195.030808448792 194.617629051208 199.974536895752 198.680917421977 205.757478872935 232.563217480977 232.544660568237 220.602790514628 212.474405765533 215.905507405599 225.564499696096 240.526139736176 256.595353285472 217.179179191589 133.050193389257 73.8025406996409 48.3743995428085
206.632018089294 204.706033070882 204.960942268372 202.759643395742 199.543019135793 198.040684064229 195.060650507609 196.299413839976 199.50125614802 191.327850023905 182.553648948669 184.249500433604 188.142716884613 186.987678209941 185.380160808563 181.638658046722 176.05996131897 185.149470965068 184.064646561941 178.933163483938 180.721203486125 181.608319282532 182.123680909475 183.884978294373 186.22628847758 180.325508117676 185.858825842539 191.658198833466 193.569501241048 194.972038269043 197.832147280375 199.854075908661 199.246903260549 215.378085772196 228.057086467743 219.107349713643 194.793979326884 192.906161149343 193.779508272807 206.575175126394 241.021792093913 255.514979362488 239.145080248515 182.907303174337 111.593653758367 73.1350084145864
211.523910363515 208.95661910375 211.616774400075 209.120750427246 202.876448631287 199.513554573059 195.323705673218 191.552817821503 191.709538300832 187.954922517141 186.143398284912 183.645923932393 188.204765319824 191.08384847641 189.221501350403 186.650594075521 182.233770688375 188.848853111267 190.23597240448 183.607796827952 180.288930733999 178.656160831451 176.522850990295 177.798867225647 182.157317797343 179.913898309072 176.229357719421 182.661374409993 189.381778240204 192.223171393077 193.130195140839 193.516075611115 200.202663739522 220.282554626465 225.505570570628 196.614940961202 183.198650677999 187.022129694621 192.258258660634 205.137729644775 217.577417691549 219.006935755412 205.490430196126 176.976064840953 121.901909510295 64.644252260526
195.87637980779 198.513567447662 205.92725276947 203.788916269938 206.70759677887 207.819918791453 206.482430299123 201.666394869486 190.886457761129 188.469807306925 190.421044826508 185.948193073273 184.950709342957 189.884861310323 189.533988634745 187.256534894307 187.173585096995 190.444429715474 190.132975578308 183.30043554306 178.809682528178 176.137467225393 174.783150355021 173.238515853882 175.867835680644 181.513110796611 175.597965717316 178.163389364878 185.245414574941 187.233030796051 185.606181621552 183.475871880849 193.874796231588 208.626687526703 208.165764808655 185.528218746185 184.155404567719 193.767448266347 203.10233036677 205.435216426849 200.636307398478 198.905348777771 191.027998924255 165.964891513189 120.361328125 63.6616895596186
193.610370159149 198.979695638021 202.463706334432 202.793657779694 204.629977544149 207.359751065572 206.447740395864 202.889362970988 196.560899416606 191.639343897502 193.616688251495 189.245800177256 185.68476041158 183.465619881948 182.423869768778 183.070778846741 177.827894687653 186.237831910451 187.431712945302 183.771093686422 180.504202842712 178.385059038798 176.77770058314 178.075432777405 174.712856610616 183.836917082469 188.608209292094 185.409943262736 186.59249941508 183.364748954773 179.533123970032 176.04915301005 183.089832464854 186.134914557139 180.766741434733 179.588158925374 188.136835892995 201.553861300151 209.881246089935 199.897964795431 198.518037796021 190.224945545197 178.152402242025 164.654274781545 132.365316152573 87.3805681864421
199.075877666473 203.99804910024 200.536688168844 204.520722230275 203.310430049896 202.233692010244 204.01922861735 202.682236830393 202.318370342255 197.375059127808 194.738129774729 193.888326485952 187.60089079539 183.604220549266 181.426743666331 185.929894447327 177.848617235819 182.158251603444 187.256832917531 184.823056062063 183.150808016459 182.192881902059 180.004437764486 180.067559083303 182.430485884349 181.725700696309 188.743789990743 188.819189866384 186.361829439799 184.752881526947 180.906852086385 176.492730776469 178.966204325358 175.965448220571 165.75946410497 165.752728780111 177.533149719238 194.542765617371 197.334229946136 183.444460233053 187.660336494446 174.358208974202 171.536405881246 173.768719037374 160.286108652751 121.717830499013
198.291619618734 200.461904207865 203.814844290415 205.255627632141 205.407043298086 203.790227572123 205.821335315704 207.838654518127 204.318503538767 201.07098420461 198.11216990153 197.335839271545 192.180613676707 189.369062582652 187.12983528773 191.67705376943 187.176823616028 179.905652999878 188.18191687266 186.478932698568 182.834605375926 184.948682785034 182.959914207458 178.343713283539 188.308378060659 181.472837924957 182.592332363129 186.595221360525 186.153729756673 185.384492079417 184.384147326152 180.345336596171 178.040146827698 175.380408763885 167.428056399027 166.098972161611 173.808137575785 184.522310892741 185.897886753082 183.298707008362 184.116323788961 175.636172294617 179.138541221619 187.395830949148 182.179808616638 150.639752546946
193.413734436035 194.80178753535 201.088627179464 202.488998572032 206.485867500305 207.755585511525 204.34973637263 204.791009426117 203.490078449249 205.021341641744 200.238108634949 196.874558925629 193.969905376434 194.06133890152 189.660807450612 189.627925554911 187.339504559835 177.565813064575 184.62606271108 186.159173647563 182.018041610718 183.600902557373 185.460726420085 176.678081353505 180.237233638763 182.15282758077 176.839629809062 180.890083312988 183.618744214376 184.167683124542 185.854236284892 184.369524319967 177.450935045878 180.104653040568 188.072423140208 182.56413936615 183.965404828389 180.983046690623 184.868852297465 196.193079153697 187.681714693705 177.952547868093 185.160537560781 190.107603867849 182.60528643926 160.420835018158
184.247295061747 187.643746534983 194.161713123322 197.455286979675 204.169988632202 208.191752433777 204.242646694183 202.333172162374 204.118927319845 206.038177013397 203.133781750997 199.040512243907 195.4478820165 196.482062339783 192.180136839549 187.909642855326 186.044136683146 177.867472171783 183.549006779989 187.933365503947 186.297575632731 186.670084794362 187.695066134135 182.56022532781 179.836610953013 183.692892392476 179.459532101949 184.714257717133 190.823217233022 195.629199345907 198.372821013133 199.473182360331 189.825892448425 192.961494127909 198.534190654755 199.790954589844 198.2794602712 190.992335478465 188.795765240987 194.67024008433 180.93087275823 174.119869867961 169.061044851939 168.153683344523 166.276584068934 165.363053480784
184.150139490763 180.286904176076 185.716728369395 194.861908753713 199.707965056101 203.927934169769 205.913484096527 208.067794640859 208.553791046143 203.75661055247 206.286311149597 204.675396283468 200.887242952983 196.826815605164 193.684935569763 190.039197603861 186.954915523529 183.259685834249 186.119675636292 191.446979840597 192.385991414388 193.094452222188 189.158956209819 188.697616259257 184.008399645487 188.232084115346 188.738127549489 190.783063570658 199.512521425883 204.990188280741 214.641332626343 215.653955936432 206.478933493296 203.587929407756 200.944681962331 202.408651510874 203.729768594106 202.288389205933 194.730401039124 176.985541979472 168.41467221578 174.165189266205 168.806036313375 163.50919008255 159.940977891286 164.427677790324
185.350875059764 187.751750151316 189.15194272995 196.729600429535 197.214206059774 198.7184882164 206.983884175618 210.639695326487 210.623025894165 208.363771438599 208.138585090637 206.909577051798 203.278024991353 197.459578514099 196.070869763692 200.019816557566 190.892815589905 186.665058135986 189.512372016907 195.793569087982 196.495791276296 193.406860033671 191.537201404572 190.042714277903 184.963285923004 191.526174545288 195.226411024729 196.065525213877 201.145847638448 209.444026152293 218.036333719889 224.369684855143 217.276374499003 205.196519692739 193.632324536641 192.525108655294 199.439287185669 206.742922465007 190.825422604879 170.699616273244 166.085143884023 176.734149456024 175.715267658234 170.628905296326 165.365507205327 162.090351184209
183.711449305216 194.479743639628 195.488810539246 199.144800504049 198.746562004089 196.689705053965 204.075455665588 208.837707837423 208.735466003418 211.799422899882 208.599150180817 208.318531513214 206.039865811666 199.475546677907 196.370959281921 204.533020655314 196.804384390513 189.006090164185 186.114350954692 189.978003501892 192.813058694204 188.78827492396 188.638806343079 184.445103009542 181.702335675557 183.615167935689 188.401381174723 191.655278205872 194.063584009806 198.851426442464 211.770355701447 219.139456748962 215.168118476868 185.96225976944 154.040763775508 146.711726983388 166.295051574707 191.590170065562 200.257162253062 197.851379712423 192.467590173086 182.225823402405 166.635086139043 162.906616926193 171.673893928528 162.995556990306
185.267527898153 184.155841668447 184.686442216237 188.034931818644 194.79646285375 199.241638183594 197.890003522237 205.102443695068 203.560094038645 207.969745000203 207.747062047323 209.929585456848 208.362301190694 201.437771320343 197.666128476461 196.880241235097 197.634220123291 188.540399074554 182.737986246745 182.323972384135 181.883056958516 182.864467302958 183.095415433248 176.819721857707 177.732149759928 174.689749876658 176.263431708018 177.312632401784 177.276412645976 179.262181123098 185.757577419281 199.913700421651 189.866383870443 164.259652296702 128.72655193011 108.764161666234 117.567320664724 147.183318932851 181.2797387441 194.627364476522 196.208337942759 181.367536385854 160.709907611211 157.726844151815 166.163365046183 152.593483527501
190.761069456736 180.297911167145 175.965150197347 182.023485501607 194.825033346812 202.529688676198 201.697071393331 202.621062596639 205.288668473562 203.754464785258 207.125425338745 208.599925041199 209.611058235168 207.648714383443 199.882487456004 197.206616401672 200.484991073608 190.100232760111 184.872686862946 186.330497264862 185.50040324529 182.023088137309 180.167198181152 175.774931907654 174.832860628764 173.20837577184 172.747711340586 173.199534416199 171.859383583069 168.087383111318 158.966064453125 167.380213737488 163.77263267835 143.906484047572 127.7068456014 109.46120818456 90.1793440183004 98.0951587359111 122.272322575251 158.072660366694 179.961105187734 169.97359196345 159.796237945557 155.326545238495 147.57564663887 137.645184993744
193.455676237742 185.710847377777 181.326846281687 184.334476788839 195.202151934306 203.00434033076 206.572532653809 202.37809419632 206.89058303833 203.708529472351 207.78747399648 208.390355110168 210.768242677053 210.771381855011 204.495290915171 203.34134499232 203.139344851176 194.572110970815 190.974593162537 192.68806775411 192.823072274526 188.166220982869 185.225049654643 183.974424997965 179.948667685191 179.146011670431 174.787958463033 172.149062156677 168.249587217967 163.386364777883 152.077565590541 156.382779280345 155.918389558792 153.336733579636 152.893573045731 142.813891172409 116.536349058151 97.7718234062195 91.7484760284424 107.372581958771 142.958829800288 146.622280279795 135.380158821742 120.946774880091 118.268728256226 125.785917043686
197.169582049052 194.706956545512 188.264707724253 183.271249135335 190.67390759786 202.532072861989 206.27772808075 203.734119733175 203.723192214966 208.319147427877 212.995092074076 214.610517024994 212.451875209808 211.749712626139 207.978129386902 206.300059954325 206.377228101095 202.727595965068 196.261008580526 193.681061267853 191.702584425608 189.701616764069 190.031250317891 191.231628259023 186.437328656514 184.028883775075 175.750613212585 167.472779750824 160.704513390859 157.735764980316 158.510794242223 161.928991476695 161.955296993256 170.818646748861 177.8644323349 180.184463659922 174.095352490743 155.692050854365 134.45571064949 102.629870176315 111.868411302567 130.844165881475 130.121032396952 118.260264396667 120.135893424352 138.164122899373
200.775285561879 199.638168017069 195.380568504333 188.679178555806 186.717391014099 199.71372683843 205.63417673111 205.102324485779 203.755299250285 209.764798482259 217.183232307434 218.347907066345 213.541448116302 215.912381807963 214.027285575867 207.127511501312 208.958745002747 205.636302630107 200.369079907735 198.480149110158 196.988205115 196.127851804098 192.433218161265 190.75071811676 188.263098398844 183.783173561096 162.242392698924 139.873156944911 134.323219458262 141.953885555267 155.705978473028 157.364845275879 160.477687915166 166.003753741582 179.389774799347 191.065092881521 203.422824541728 205.610712369283 193.752586841583 146.98193470637 117.352157831192 134.568929672241 151.56677365303 155.171692371368 159.394403298696 173.633456230164
200.937608877818 198.219974835714 198.850830396016 197.310586770376 190.927743911743 196.547249952952 205.247243245443 207.174777984619 203.629056612651 208.881934483846 216.824412345886 218.749324480693 213.231841723124 213.978310426076 217.168609301249 207.149108250936 207.703510920207 204.479118188222 200.965086619059 203.499039014181 203.923960526784 203.222870826721 198.179483413696 189.40144777298 188.705722490946 188.045104344686 168.482899665833 143.29336086909 142.268498738607 150.443186362584 164.268513520559 163.095444440842 171.154359976451 180.988053480784 195.563117663066 205.345193545024 193.368752797445 160.044650236766 153.048515319824 148.150583108266 148.387670516968 162.432461977005 165.532489617666 149.606625239054 138.943781455358 152.665277322133
190.419236818949 197.432259718577 197.468002637227 198.699692885081 195.232927799225 193.260212739309 207.162121931712 211.289763450623 209.014058113098 209.343334039052 215.932528177897 218.101302782694 215.872526168823 212.82152334849 213.587582111359 209.144572416941 205.963949362437 207.36426115036 207.429468631744 208.873391151428 210.028310616811 205.994546413422 204.074064890544 197.581092516581 196.6845591863 197.250843048096 191.750486691793 183.466593424479 180.203020572662 184.155623118083 181.97758992513 176.480392615 184.089044729869 195.585608482361 186.839501063029 176.250378290812 157.443712155024 107.502202192942 84.5628678798676 116.3616279761 153.474072615306 172.729869683584 166.030903657277 151.866296927134 144.559333721797 152.053972085317
179.111580053965 194.464166959127 197.380880514781 197.382708390554 199.751098950704 194.529871145884 200.61457157135 211.456497510274 218.977630138397 216.10293785731 215.008914470673 216.481924057007 217.125197251638 215.071082115173 214.082678159078 211.221873760223 205.455084641775 206.488251686096 204.012751579285 201.71582698822 203.663488229116 202.794988950094 201.912522315979 198.643485705058 200.079997380575 206.665893395742 215.823133786519 218.68493159612 201.783796151479 200.840572516123 186.81667248408 177.866538365682 179.345945517222 170.753419399261 140.44393102328 98.0787674585978 94.414492448171 82.8901131947835 66.255326072375 78.1200975179672 99.1661349932353 137.359062830607 164.237211147944 185.786048571269 206.049859523773 203.184127807617
