input/barkrak2/radiation/dir07124.grid
NCOLS 85 
NROWS 70 
XLLCORNER 665100 
YLLCORNER 4664600 
CELLSIZE 20 
NODATA_value -9999 
[rows 21 to 41 of 70, columns 0 to 45 of 85]
79.4271230697632 66.4188166459401 56.7852209011714 75.5803883075714 70.465420683225 43.3139304320017 46.4703987042109 56.9799443085988 64.5261059204737 70.1874593893687 72.8769302368164 72.7334320545197 74.7771412134171 74.4481980800629 80.6234925985336 94.6596165498098 110.769073168437 122.797012329102 131.597638130188 149.278879165649 157.480319341024 171.505570411682 176.195661226908 171.994964281718 162.001589934031 149.161795775096 135.503053665161 134.758522113164 141.850819190343 124.382436275482 118.067195018133 88.542103767395 70.3279078006744 50.9701718886693 49.4821568330129 55.5244833230972 66.8564091126124 80.0453672806422 104.13932800293 111.984431743622 116.830329100291 121.555795272191 117.919385433197 104.037751754125 131.02733095487 142.28426416715
122.95279900233 119.034210840861 97.0927774906158 94.8970019817352 91.9342438379924 59.6550355354945 67.2453641891479 66.7046805222829 64.5802517731984 64.8541549841563 72.4703321854274 76.1582305034002 79.2385190725327 82.0682694514592 83.4947427113851 92.5092498461405 103.681663672129 115.549504756927 124.184747536977 129.995961983999 134.587019681931 151.064336299896 163.987020651499 167.568405469259 162.212739388148 153.14973394076 139.880359172821 133.390009403229 138.325661420822 116.895139217377 77.7925103902817 49.4108746449153 32.5009201963743 12.3673702279727 5.31317976613839 12.3497247695923 28.7018269300461 51.564743121465 72.845513621966 81.5913279851278 89.3394748369853 99.0050832430522 83.1565062204997 69.0849075714747 96.2053140004476 132.449189821879
157.237658898036 148.593842983246 117.388914028804 101.66139403979 97.6789593696594 93.2384232680003 84.4971537590027 68.8439706961314 59.4411343336105 62.1333618958791 76.220581928889 79.7888835271199 82.2295049826304 95.6807335217794 91.2631154060364 93.9533412456512 102.633466323217 114.222168922424 122.282276550929 112.889140844345 113.542149464289 118.742187817891 132.797737916311 143.699775139491 148.627857367198 144.627918799718 133.551150560379 124.81015920639 104.722479979197 56.8417608737946 49.6461093425751 38.2217367490133 11.5100766221682 0 0 0 4.40642579148213 20.390418668588 31.2060862779617 28.2442619403203 29.7657499710719 38.5540450612704 44.0661013126373 81.074446439743 94.6934123833974 120.262056589127
156.319270531336 152.635792891184 135.665873686473 106.084764003754 88.4076158205668 92.4336612224579 83.3304971456528 79.4263432423274 70.6462760766347 65.2292519807816 72.1611430247625 76.7433146635691 75.4287093877792 89.0483657519023 90.7470683256785 89.1396502653758 97.8348652521769 108.390053113302 118.368556102117 111.12172404925 112.758924563726 109.539151191711 119.363208611806 127.441346645355 128.560533126195 129.060804843903 119.655628999074 112.106025218964 93.6325987180074 47.7349758148193 40.2188027898471 39.0444944302241 20.0338438153267 0.0594410812482238 0 0.00186110582944821 3.16978649546703 8.33210597435633 11.9810774922371 10.7311097284158 11.5498391290506 8.99975995222727 26.7214179039001 103.664775689443 108.545233805974 115.135083595912
143.025269110998 147.907197475433 146.379679441452 115.608255068461 89.460810025533 92.5202369689941 97.2298880418142 104.672501484553 103.602429231008 92.772642771403 83.7217370669047 84.8020613193512 86.768368879954 96.4997013409932 98.1162786483765 91.6503469149272 94.9714879194895 106.955826282501 114.536305268606 119.007368882497 120.004077752431 117.938379446665 115.785181522369 115.598618984222 118.019878864288 117.952118317286 111.696600914001 105.42764266332 82.4032475550969 67.6486641168594 65.4784540335337 75.2147038777669 68.2207445303599 15.0205530226231 1.09471854132911 5.38295134902 6.3310656696558 7.42686043183009 9.02821744481722 6.20396124819915 1.471313337485 3.63534999390443 41.9483880201975 99.5793044567108 126.56769156456 127.427419026693
141.910493373871 147.286047538122 145.634869734446 125.080545743306 106.7729194959 111.056268215179 123.646726210912 129.474421342214 139.371633529663 131.82387749354 106.078326702118 101.517746845881 103.4281651179 109.940240780512 111.980497837067 101.120283206304 97.9443887869517 108.641664187113 118.666013081868 132.891645034154 135.352631409963 133.588075637817 123.441278934479 116.74964427948 117.287387450536 119.695484638214 112.304359674454 111.132343610128 98.9029109477997 101.508011420568 114.165057738622 138.742208480835 147.687673568726 130.382219950358 48.5657205184301 17.0666836202145 13.7406798700492 12.1597461402416 11.2194294730822 5.37061008314292 14.1667897502581 39.895161986351 77.3600737253825 99.8580455780029 115.292251110077 115.652799606323
143.782565991084 142.397264639537 142.846604188283 130.571752786636 138.395369052887 139.027376969655 148.319005966187 148.320893446604 147.991816202799 142.16552178065 113.286395867666 102.538367112478 109.223941961924 111.776957909266 117.134849230448 113.178352514903 106.285651524862 114.581147829692 130.60262799263 138.678183158239 135.287761688232 125.164330005646 123.560011386871 124.892840782801 124.401797850927 125.443031390508 120.862474044164 123.149693012238 137.391030788422 145.256251096725 157.628774642944 169.192890326182 179.175357023875 190.112908681234 152.986506621043 51.8503487110138 24.5554695526759 15.3102912008762 9.4408392906189 9.40258428454399 32.746396958828 101.250191529592 99.4487007459005 90.889831384023 88.178426027298 86.6410136222839
146.527548631032 134.768933057785 135.921428600947 135.381489992142 162.014484405518 153.319468100866 151.155312856038 139.803200960159 129.797627528509 115.851173798243 102.097183465958 93.4775273005168 105.537454287211 109.88062620163 118.537724018097 121.974647045135 117.16349919637 112.545559803645 127.627104520798 130.298654238383 128.495415051778 121.089438597361 122.083077828089 128.658751646678 131.85981909434 128.430684407552 129.353523254395 125.957349936167 146.64567510287 161.245048046112 178.514381249746 189.560393492381 196.911215782166 198.751529057821 195.6853667895 122.663567463557 24.7091005245845 7.68209931751092 3.73565126210451 3.57133584717909 49.4174957275391 93.1062201658885 85.0567221641541 62.5720868508021 58.653250336647 58.3377182483673
146.678706010183 128.145049015681 129.814267158508 143.612205982208 160.950233538946 151.668886343638 132.295986016591 113.287061452866 90.3084278106689 81.2108914057414 80.1208664973577 82.2255512078603 90.920478105545 107.558945814768 120.030969381332 126.852244138718 124.942610661189 110.591938098272 117.754876613617 120.15367547671 121.177097161611 121.340970198313 122.748951117198 129.312545061111 134.667873382568 131.977488597234 135.817736387253 133.985171715418 144.967665274938 166.756888230642 189.994831879934 203.021645545959 202.86492506663 202.13524500529 213.240762551626 200.065354506175 113.116711378098 26.9486953814824 16.7565445105235 19.7439069549243 41.7764286200205 57.0145050684611 64.1137063503265 41.3593451182048 36.4480093121529 41.0846620798111
143.44710111618 147.169401248296 174.224853515625 215.285122394562 194.013218084971 158.573975165685 121.926824251811 88.9166792233785 70.4093078772227 73.2513964176178 68.9773162206014 66.2672867377599 87.6290102799733 107.890446980794 124.645491441091 131.739675998688 131.213049093882 117.887854576111 119.361350933711 123.260319232941 121.240764856339 126.278519630432 129.833996295929 132.420241832733 138.628611962001 143.827468156815 143.005480368932 144.497255484263 149.849991003672 177.58971452713 200.585881868998 209.12492275238 204.975227514903 212.963700294495 225.540498892466 231.153945128123 209.442575772603 152.306020259857 68.6428944269816 35.6057534615199 28.9726853370667 32.1733231345812 47.518456975619 37.7798204620679 33.2399557034175 48.8670617341995
160.527278979619 197.785874207815 245.877881844838 269.141137599945 258.078932762146 205.146451791128 150.123486916224 105.32267888387 88.8998508453369 92.9608345031738 84.9104225635529 74.1095840930939 88.1066123644511 110.85718870163 129.874418179194 137.552181879679 135.773946841558 128.203789393107 122.718681891759 124.646137158076 125.705113013585 129.744350910187 134.232391913732 134.777178366979 140.05783200264 154.065589110057 154.925296703974 161.497622728348 169.167617956797 185.233056545258 202.297310034434 212.568720181783 214.518109957377 222.07635641098 228.861808776855 225.878616174062 223.625441392263 218.740920225779 149.325529734294 67.9257015387217 34.3282545606295 34.6302712957064 37.2485369443893 42.4705098072688 50.7447719573975 70.7152585188548
222.672621409098 257.533669471741 277.265131473541 277.330458164215 282.467643419902 261.139730612437 214.859127998352 170.549909273783 138.291865587234 129.265904426575 124.050199985504 105.840553840001 90.702623128891 107.691635688146 132.919589678446 139.897932608922 133.995056152344 134.507556756337 125.26790301005 123.704552650452 129.121025403341 130.507359902064 133.139630158742 133.896112442017 139.012306928635 156.302154064178 163.006732861201 171.745916207631 179.547508557638 186.020791530609 199.922959009806 211.800118287404 214.636921882629 210.025469462077 209.985653559367 197.574436664581 202.220916748047 197.387337684631 153.514176607132 94.2909518877665 55.3227365016937 48.4052449464798 42.0198738574982 43.4796412785848 53.1169474124908 68.807989358902
266.662120819092 279.089291890462 280.77232837677 277.476211388906 279.675543308258 279.834787050883 260.953307151794 216.733594735463 178.012808163961 157.746603091558 157.214353481928 142.932256062826 117.180526256561 115.71537454923 128.657231728236 133.956094582876 129.861334959666 130.545397599538 125.37216146787 125.917176405589 125.577251116435 127.083013455073 128.219584623973 128.669689098994 135.844121376673 147.906144460042 162.219127019246 167.733709017436 176.547328631083 187.957068284353 199.568152427673 202.44429508845 183.600624402364 179.309646288554 175.950447718302 160.578380028407 161.071270704269 146.734019120534 109.211216370265 78.2101452350616 81.2796652317047 72.4556843439738 57.18628068765 45.8600074052811 45.1682905356089 54.9787779649099
275.766213734945 278.691609700521 279.065489768982 278.0775030454 276.983797550201 278.884947299957 276.907543341319 248.173912366231 198.574244976044 171.408255894979 167.494515577952 161.069264014562 146.757344404856 133.41881831487 130.207578341166 133.529553810755 128.37153673172 124.343603849411 126.367052396139 129.363775253296 125.104894240697 123.936990896861 127.060900131861 128.298819065094 132.996122042338 142.799397309621 153.965502977371 155.724585056305 165.254811445872 183.008392651876 193.137725194295 188.739438851674 173.705458641052 172.794957955678 160.67510843277 146.080285310745 150.100866953532 147.417724132538 130.674699942271 101.70974334081 101.77089770635 106.963326533635 90.8916791280111 70.4750766356786 54.7237594922384 43.4435307979584
274.836758772532 275.242487589518 273.956020673116 275.016109148661 274.129668871562 271.565477053324 270.612716674805 256.696820259094 211.408098538717 179.249167442322 168.448766072591 167.312840620677 164.348065853119 143.018404642741 135.592748721441 139.381567637126 133.731861909231 123.585631450017 128.573099772135 131.009608507156 129.553616046906 124.839703241984 130.2290558815 134.762108325958 132.699112097422 138.604690631231 145.455658435822 146.769444147746 155.156979958216 175.489882628123 184.29027001063 181.444664796193 175.845344861348 178.888122240702 159.151315689087 152.576466401418 157.250821590424 163.788984219233 165.445913871129 135.978728532791 94.4613019625346 90.5816356341044 78.6434958378474 59.3808541695277 50.4767348368963 36.0891620318095
258.671243985494 261.355022589366 263.058880964915 259.559273719788 259.148379166921 257.353603839874 261.732121308645 258.87002547582 223.260899384816 185.529351234436 170.316914717356 164.019564787547 161.322275797526 143.64833633105 134.35834646225 142.552663882573 145.118872324626 130.269755919774 132.465342680613 137.215276559194 135.927438735962 131.682495276133 131.826281547546 137.286802132924 134.664803743362 134.932021299998 143.571237723033 151.685982942581 157.04353650411 170.66220442454 182.218670845032 184.357345104218 182.537357012431 180.027604103088 162.041773398717 165.761411190033 168.082038561503 171.285033226013 171.268423398336 144.180536270142 71.4090565840403 51.6429096460342 32.4816902478536 26.4649242162704 24.7900784015656 12.4728741745154
239.993929862976 248.124877611796 255.451003710429 253.516693909963 252.90052096049 257.313549518585 264.420509338379 266.256372133891 241.309344768524 196.958243846893 174.96661345164 159.722725550334 150.045156478882 139.134168624878 130.642831325531 136.277784903844 149.952252705892 139.588882525762 135.067969560623 139.863431453705 139.94954029719 136.422653992971 132.994562387466 136.725137631098 137.871295213699 136.913140614827 140.541901191076 152.010917663574 158.556987841924 163.826038440069 176.429152488708 186.420162518819 179.630796114604 170.960545539856 157.472322384516 176.073690255483 182.093103726705 184.738953908285 177.25682258606 160.551945368449 64.6482606728872 25.2705986301104 10.7297822833061 9.1589130461216 9.71992996831735 0
204.368829727173 215.107679367065 223.786969979604 229.073484738668 235.616644223531 248.783946037292 259.473999341329 264.73613580068 255.017161369324 217.660903930664 188.093304634094 163.705885410309 149.197359879812 145.889947811762 137.161284685135 130.277852217356 144.538372755051 143.846054871877 135.5941593647 136.662105719248 137.188593546549 135.008255640666 130.911300579707 133.777350187302 137.299329042435 141.624500354131 141.194681326548 148.628820975622 154.072205225627 156.691839297613 167.638182640076 183.736264705658 177.308917045593 158.487766981125 164.218664169312 189.180870850881 193.750103314718 189.810733000437 180.725276470184 182.422280311584 131.048093239466 41.0367995500565 13.7633706132571 9.41726751625538 9.54302834967772 0.946400764708718
169.053276379903 175.325651963552 175.005952517192 185.990611712138 201.345384120941 218.353072802226 231.912851333618 240.469793478648 238.42712243398 212.772528330485 183.280924956004 158.894350131353 145.916014909744 143.039604028066 139.673997958501 132.312109073003 138.823846975962 139.135619004567 130.539377530416 131.55605395635 134.977757930756 139.481921990712 137.444605429967 132.234672705332 132.613221804301 136.656661828359 142.900288105011 147.814412911733 153.030345837275 153.960009415944 156.795372565587 172.122200330098 169.039130210876 163.136591513952 189.262966314952 202.375173568726 199.298918247223 190.750161806742 191.211521625519 205.493748188019 209.710637728373 154.978613058726 67.4275954564412 32.1315179268519 18.5172160466512 2.53939582034945
157.002846399943 159.712473551432 158.600628376007 160.53181886673 169.259349505107 175.977150599162 179.941157499949 184.445202350616 183.618585268656 165.301640828451 150.54581562678 145.51454782486 144.427965084712 140.064974625905 138.430178165436 137.292891740799 137.844979763031 137.328247229258 130.451142787933 130.052785078684 134.592264890671 142.105261484782 143.596678972244 138.681540886561 136.062363783518 133.918046951294 144.496361414591 148.152112960815 153.34415435791 153.612871964773 154.920001824697 162.965695063273 162.860204776128 175.368110338847 201.922476291656 201.758444309235 184.405644734701 174.438993136088 177.29530731837 196.057299772898 211.850086847941 222.896873950958 174.43319161733 88.1953040758769 37.4473209182421 18.1176861127218
165.602684020996 163.547148307165 162.813077370326 161.764830350876 158.373912175496 155.721763769786 153.929839531581 155.267030000687 158.971736828486 150.467743476232 141.570707162221 143.357694149017 145.997742811839 145.006020863851 143.423904975255 139.866014321645 135.792175928752 143.430451552073 142.599721749624 137.573301792145 139.557500680288 140.486766894658 140.878041585286 142.817149559657 143.440663814545 139.399210611979 145.142257213593 149.530351161957 153.440366188685 156.620472669601 158.101509014765 162.661731243134 165.360659360886 184.815684954325 197.55885998408 183.019419511159 168.69980096817 158.418675263723 159.102360407511 171.662946542104 203.202267487844 211.630304654439 195.30846675237 135.366648435593 59.9851310253143 23.3713140090307
