input/barkrak2/radiation/dir08024.grid
NCOLS 85 
NROWS 70 
XLLCORNER 665100 
YLLCORNER 4664600 
CELLSIZE 20 
NODATA_value -9999 
[rows 0 to 19 of 70, columns 0 to 45 of 85]
217.280268669127992 232.475320498149 248.040795326233 266.527613004049 275.02183119456 274.852395057678 266.059954961141 260.814269383748 262.826164563497 263.988574345907 263.627370198568 265.353937943776 264.491180578868 265.165030956268 267.24237203598 259.077350298564 248.211185137431 236.65181795756 230.540951093038 220.668216546377 215.89591105779 229.175408681234 255.575239658356 262.630800406138 264.845689137777 273.643136024475 272.626280784607 259.45109128952 243.417938550313 240.901529788971 236.975173155467 256.205598513285 297.577818234762 295.4287926356 294.204612572988 280.434350172679 285.99214553833 299.793144067128 295.726180076599 296.002984046936 282.35133488973 282.946844895681 294.722179571788 296.382486820221 285.527805487315 288.564105828603
195.571621259054 213.267505168915 228.714307149251 246.513426303864 259.449601173401 263.836562633514 260.906100273132 261.421501636505 271.096169948578 269.343952337901 265.530784924825 265.436867872874 265.737573305766 266.851743062337 266.660888989766 258.409937222799 253.37952375412 245.091656843821 239.709893862406 227.257390817006 230.415046215057 248.784343401591 268.430829048157 270.664731661479 275.656501452128 279.598454634349 273.79576365153 262.344320615133 248.282392819723 242.659310499827 243.492166201274 269.721984863281 297.953029473623 297.22394545873 293.895622094472 281.866709391276 288.231154282888 299.084564050039 294.217626253764 297.044475873311 289.481997489929 283.921281496684 284.886260827382 285.970091819763 283.318320910136 289.076904455821
157.661259174347 171.136359373728 183.041334152222 196.374138196309 210.73313554128 221.67964776357 232.132891813914 246.891836325328 259.103973706563 258.842011292775 258.176545302073 262.385269006093 271.31450176239 275.72774887085 273.119926452637 278.162062168121 279.545843601227 271.037220954895 254.805187384288 244.299352169037 250.975926717122 262.035965919495 269.270996252696 271.505773067474 277.684211730957 276.082992553711 269.95458205541 261.541207631429 252.449671427409 249.931931495667 257.325033346812 284.02970234553 295.527716477712 296.57502969106 293.941974639893 287.077009677887 291.97633266449 295.03325621287 296.724160512288 294.975399971008 288.386444250743 278.566201527913 268.772800763448 269.314328829447 278.750797112783 286.641498406728
138.198246558507 139.834582805634 147.246072689692 154.699216286341 162.226170301437 168.273389339447 176.516612370809 193.633516629537 215.001821517944 233.035683631897 246.537387371063 262.435058752696 274.278223514557 278.653581937154 280.837098757426 286.010901133219 284.094055493673 274.312237898509 259.363273779551 253.019253412882 252.078413963318 251.055796941121 262.075364589691 266.462087631226 268.542985121409 269.533038139343 267.601708571116 263.519724210103 260.953863461812 261.862297852834 263.544321060181 289.027372996012 295.295357704163 294.904768466949 292.926947275798 294.267237186432 295.191129048665 295.316696166992 294.704119364421 286.767840385437 277.71778901418 266.883432865143 262.379288673401 275.574465592702 291.658977667491 285.088737805684
160.984456539154 143.799751996994 130.582273006439 120.606948932012 124.17800227801 141.44096771876 163.63916794459 175.279458363851 186.363220214844 194.255570570628 217.657844225566 242.274721463521 257.573008537292 265.309790770213 271.227200826009 274.783094724019 270.32607793808 260.085821151733 255.625367164612 253.316601117452 248.063047726949 246.489723523458 257.678945859273 261.729995409648 265.151858329773 270.693262418111 268.410940965017 265.795270601908 263.41978708903 261.540949344635 267.106314500173 293.687442938487 294.769008954366 295.404394467672 290.207028388977 291.805485884349 292.995393276215 292.620937029521 283.681710561117 278.22866042455 274.177451928457 271.093110243479 273.794333140055 282.512784004211 286.926845709483 272.062679131826
206.676483154297 177.235285441081 148.152321577072 123.833080132802 114.291906356812 126.120050748189 152.891447146734 171.639879544576 176.433046658834 175.950467586517 186.455925305684 201.598604520162 212.409933408101 219.734013080597 229.448517163595 238.360126813253 240.624248981476 243.685921033223 250.916520754496 256.486336390177 256.613850593567 259.212374687195 261.333684126536 260.78595717748 264.762222766876 270.817875862122 269.951462745667 268.522202968597 266.599297523499 266.045808792114 279.583772023519 295.5348889033 293.344020843506 293.995161851247 288.580536842346 286.386966705322 288.930853207906 285.475929578145 276.282986005147 277.892907460531 276.485323905945 273.132383823395 274.152716000875 276.80100997289 269.446472326914 244.95408932368
231.67618115743 205.191592375437 182.882746060689 160.243272781372 138.20340236028 124.408185482025 132.565508286158 163.288623094559 178.407669067383 187.176823616028 183.954914410909 178.065260251363 173.604746659597 169.217268625895 171.562989552816 188.411156336466 202.368855476379 223.643938700358 243.977824846903 257.140020529429 262.41260766983 264.777779579163 264.1921043396 261.663277943929 263.875643412272 266.392827033997 269.048154354095 268.809676170349 267.89257923762 271.791974703471 285.207013289134 293.052772680918 291.430254777273 287.31636206309 284.908413887024 278.926491737366 279.53577041626 274.070680141449 271.654387315114 269.448081652323 263.624250888824 261.353373527527 266.297062238057 271.494229634603 261.199951171875 250.412821769714
243.975063165029 231.955111026764 218.408942222595 200.746417045593 175.56623617808 143.419404824575 121.716439723969 120.887060960134 156.809836626053 184.357941150665 193.220615386963 189.147512118022 179.254611333211 168.389022350311 154.353221257528 158.046692609787 171.84583346049 190.014700094859 215.478777885437 236.990392208099 250.297407309214 259.279112021128 265.699028968811 262.350022792816 260.771910349528 260.116000970205 261.161327362061 262.376606464386 262.606978416443 272.056837876638 282.013932863871 285.883148511251 281.791567802429 277.419447898865 272.072414557139 269.097169240316 271.650731563568 266.862710316976 260.3839635849 247.038761774699 247.377594312032 257.113039493561 272.894640763601 281.845887502034 274.401227633158 271.861930688222
235.542833805084 235.844890276591 230.620821317037 221.117834250132 205.721100171407 180.61105410258 147.873133420944 118.071297804515 131.993184487025 156.050503253937 177.919904390971 189.403434594472 192.002256711324 188.958664735158 175.23713906606 166.08061393102 163.250585397085 168.22208960851 183.785200119019 202.161987622579 220.183412233988 236.046651999156 247.377812862396 245.148340861003 246.975362300873 246.727546056112 247.482577959696 249.099731445312 251.240213712056 260.997335116069 266.979654630025 267.14297135671 264.741241931915 264.18282588323 264.081279436747 265.274286270142 265.252192815145 262.036482493083 255.287845929464 249.522308508555 263.036012649536 276.323318481445 284.519195556641 285.560806592305 274.628420670827 268.694678942362
201.730529467265 212.700843811035 218.408544858297 218.414564927419 214.993953704834 209.588567415873 190.536260604858 169.708828131358 137.045621871948 126.27171476682 140.842139720917 168.228407700857 192.203462123871 204.446911811829 205.424288908641 194.87472375234 178.434272607168 172.593295574188 171.685894330343 175.373037656148 184.489091237386 193.901558717092 205.212632815043 214.424848556519 224.358121554057 227.237105369568 228.273133436839 229.162017504374 231.878459453583 239.02549346288 240.42421579361 241.412202517192 247.975468635559 252.410570780436 256.220678488414 257.155140240987 255.863785743713 259.355167547862 254.99427318573 260.443786780039 278.612514336904 286.18182738622 287.782947222392 285.002867380778 273.490170637767 268.120010693868
140.73634147644 156.297286351522 171.789904435476 185.00816822052 195.922990640004 204.680959383647 205.778817335765 198.786854743958 168.14911365509 140.622754891713 125.014811754227 133.322368065516 162.888477245967 191.526293754578 208.3860039711 197.399338086446 188.189824422201 179.842909177144 170.826613903046 164.956748485565 165.42183359464 165.799488623937 170.743862787882 185.790042082469 200.417300065358 209.445794423421 211.183627446493 211.790839831034 218.101024627686 223.653435707092 226.998925209045 230.758508046468 240.599413712819 244.844933350881 245.208223660787 245.413184165955 250.813285509745 255.264202753703 258.946577707926 272.039135297139 282.355109850566 285.730044047038 285.324414571126 282.549738883972 276.26895904541 276.300052801768
81.4182907342911 89.2858604590098 100.834558407466 124.959131081899 143.317888180415 162.24600871404 182.491183280945 189.531683921814 190.201719601949 174.630165100098 145.996630191803 124.657889207204 126.951356728872 151.885648568471 182.003319263458 186.811884244283 193.644821643829 189.043998718262 177.792886892954 166.019936402639 159.075131018957 156.781653563182 157.010952631632 166.445622841517 176.60399278005 183.855632940928 187.392274538676 192.242801189423 199.912130832672 204.859574635824 210.058808326721 215.654293696086 222.113072872162 225.799759229024 226.050436496735 228.79026333491 240.006784598033 251.478135585785 257.313907146454 270.382364590963 276.942094167074 278.32422653834 275.604406992594 271.830141544342 269.374092419942 268.34774017334
67.7284797032674 59.3767911195755 52.2407939036687 62.7305607000987 68.4453894694646 89.0458822250366 124.714473883311 154.19406692187 186.090886592865 192.139029502869 179.121673107147 152.327666680018 122.387190659841 119.372318188349 144.467403491338 174.372335275014 192.122876644135 195.425271987915 189.285397529602 178.683161735535 168.985446294149 168.5870885849 168.054898579915 168.943544228872 169.77330048879 169.73074277242 174.240052700043 183.960477511088 188.151121139526 189.679940541585 194.981614748637 200.753192106883 202.086905638377 204.143484433492 207.86194006602 213.04980913798 225.541810194651 239.094078540802 242.811282475789 251.866857210795 258.617202440898 260.012646516164 259.135762850444 260.116438070933 257.25136200587 257.547815640767
62.7705752849579 45.5361604690552 27.289276321729 16.7997479438782 11.3484511772792 10.3830583393574 31.6359748442968 65.0185644626617 93.6721861362457 127.959609031677 159.56574678421 172.945380210876 163.573265075684 138.057341178258 134.349932273229 160.805036624273 178.88206243515 197.619239489237 205.582499504089 200.678169727325 187.147657076518 183.786829312642 180.043955643972 179.535448551178 179.951310157776 178.030371665955 180.448353290558 189.95213508606 190.277218818665 183.004796504974 188.650846481323 193.973422050476 195.409178733826 195.695201555888 200.283050537109 208.244204521179 213.857849438985 220.45244773229 225.025753180186 226.899564266205 232.888102531433 239.367961883545 246.607681115468 252.362648646037 248.751997947693 253.778656323751
74.8151540756226 42.7209834257762 19.2075247565905 9.15188776950041 4.30193295081456 2.00669327750802 17.3337422311306 40.7557239135106 58.5448741912842 90.7391309738159 125.18169482549 148.608654737473 164.854735136032 166.981259981791 148.726602395376 143.290122350057 148.331642150879 169.626077016195 189.901689688365 206.187864144643 208.333611488342 201.042274634043 197.941104571025 193.470656871796 190.355122089386 189.114173253377 190.394818782806 192.535559336344 188.789884249369 182.992041110992 185.828685760498 191.27078851064 190.632879734039 190.369625886281 194.853186607361 199.147303899129 199.934760729472 199.095606803894 204.546531041463 205.570300420125 211.360136667887 219.957570234934 226.553499698639 231.02343082428 233.108580112457 237.944364547729
66.1981205145518 41.8915152549744 17.8820714354515 4.14575170725584 0.830896276359757 15.3920166194439 31.2920361757278 45.4219977060954 58.9301288127899 75.4014352957408 104.23884789149 136.401444673538 160.532345374425 169.941743214925 163.411239782969 142.494549353917 136.80558403333 142.331014076869 160.955240329107 186.77548567454 201.669772466024 201.982398827871 205.342650413513 201.89901192983 196.623623371124 198.43057791392 200.427095095317 196.335872014364 191.494782765706 193.3567126592 192.692240079244 191.992123921712 188.746730486552 186.138490835826 187.125444412231 186.401188373566 183.906515439351 178.721388181051 182.531416416168 185.101648171743 189.446071783702 195.968190828959 199.549416700999 201.422154903412 214.94726339976 221.472462018331
53.9717574914296 45.6846257050832 24.4053999582926 0.729771796613932 2.59623350575566 14.9116789301236 35.2385987838109 51.3570805390676 65.7218794027964 69.7458684444427 87.4346792697906 114.660282929738 142.016589641571 159.390072027842 165.196259816488 161.671747763952 158.142030239105 147.635648647944 144.608040650686 151.97080373764 179.274201393127 196.536064147949 209.06396706899 205.256442228953 199.584265549978 201.955457528432 209.429462750753 205.68722486496 204.223195711772 209.404587745667 206.663807233175 194.236159324646 187.369445959727 182.50964085261 176.755527655284 175.601720809937 170.430481433868 168.898483117421 169.425467650096 173.446695009867 176.066974798838 178.770979245504 182.314197222392 185.442229111989 204.108913739522 214.589019616445
49.0624457597733 48.6644009749095 38.9176805814107 4.923348625501 6.09738814334075 24.0926370024681 44.0759658813477 63.0005846420924 76.586976647377 78.7229438622793 85.2602024873098 103.879511356354 125.774949789047 145.902951558431 160.487095514933 172.750473022461 176.115393638611 167.376240094503 153.690526882807 142.18815167745 149.887134631475 175.342281659444 186.257819334666 189.983526865641 203.723947207133 210.764606793722 218.066116174062 217.90870030721 216.964761416117 219.193319479624 213.356792926788 201.226850350698 191.19401772817 182.195643583934 175.120135148366 171.514232953389 168.362339337667 168.173988660177 168.468872706095 170.372525850932 172.983368237813 174.922188123067 174.644688765208 178.671399752299 192.054073015849 206.522782643636
55.1916211843491 61.6733779509862 60.6441150108973 25.5726973215739 18.8306793570518 43.3400571346283 57.1644107500712 74.8938024044037 85.5860610802968 98.4440644582113 108.806669712067 107.626299063365 119.504302740097 132.013499736786 143.719404935837 165.013124545415 171.221037705739 173.474351565043 175.210515658061 162.29968269666 142.665207386017 155.450870593389 163.992355267207 174.923658370972 189.68673547109 194.95968023936 200.211604436239 212.932149569194 207.196255524953 220.275302728017 212.121764818827 205.848614374797 195.981383323669 185.182332992554 179.414093494415 174.077888329824 171.980082988739 168.43177874883 167.87334283193 171.503086884816 175.288220246633 177.368521690369 176.879982153575 178.808510303497 180.996457735697 195.881326993306
59.6646815538406 62.2403671344121 72.2366273403168 59.8725428183874 45.4253703355789 60.0002457698186 63.1528248389562 72.2555418809255 84.2918455600739 99.9004443486532 107.946395874023 105.880051851273 106.354802846909 114.072809616725 127.245217561722 147.232164939245 156.781067450841 166.948278745015 172.670582930247 174.240867296855 167.628010114034 154.449323813121 154.29147084554 165.710637966792 177.946527798971 182.714184125264 185.827473799388 184.390743573507 186.148285865784 182.964622974396 195.198198159536 186.54191493988 195.908983548482 188.038031260173 182.671944300334 177.233556906382 172.444939613342 162.895709276199 160.593807697296 169.974525769552 176.512618859609 179.084897041321 182.177503903707 180.282890796661 177.164196968079 188.621878623962
