input/barkrak2/radiation/dir05424.grid
NCOLS 85 
NROWS 70 
XLLCORNER 665100 
YLLCORNER 4664600 
CELLSIZE 20 
NODATA_value -9999 
[rows 21 to 41 of 70, columns 0 to 47 of 85]
49.8698900143305 37.5250180562337 26.1981288592021 37.7290695905685 33.0575282375018 14.0881625314554 15.9995406866074 26.8897339701653 32.4061959981918 34.481056034565 36.474235355854 38.9041751623154 39.3024136622747 37.882407506307 44.8525846004486 58.0150187015533 71.4548577864965 82.264631986618 90.5534823735555 106.039385000865 115.174472332001 128.213365872701 134.155611197154 133.816500504812 125.920752684275 113.946239153544 107.64354467392 99.8069047927856 113.032023111979 100.228567918142 78.2727698485057 59.0743124485016 39.4941767056783 22.8785673777262 10.229034970204 6.68086173633734 10.1845761140188 17.9188884794712 24.2412835359573 44.5271283388138 47.0699767271678 50.9458879629771 49.87466832002 47.7178990840912 67.742442091306 77.6844918727875 88.726669549942 94.5270160833995
89.5694196224213 83.209698398908 59.6446245908737 55.0735344489416 49.7237046559652 26.2466346224149 34.1540326674779 32.6819370190303 25.9049038092295 32.267560561498 37.6924822727839 40.01251856486 42.9547776778539 43.8539932171504 45.9513316551844 52.4037480354309 64.8700296878815 76.8107275168101 84.7101410230001 87.9010359446208 94.3243205547333 109.549343585968 122.442056735357 129.650374253591 128.051896890004 119.12406484286 109.422743320465 103.584905465444 93.9703583717346 75.0166575113932 56.6642582416534 29.1230529546738 11.5051257113616 1.36830440411965 0.39425294380635 0.626788474619389 1.95999986802538 4.86878491938114 13.0790683130423 19.1317275166512 18.8772156834602 18.0059336125851 32.5940201679865 26.9743576645851 52.7192155520121 75.9556988875071 80.6187788645426 85.0594242413839
125.365138053894 114.335318406423 79.2942047119141 61.5492910146713 54.7326604525248 52.7863105138143 47.3625262578328 35.7777029275894 27.2423326969147 28.9711107810338 39.0140463908513 42.7387406428655 47.3575592041016 55.9227416912715 53.1047880649567 54.8431277275085 63.1838291883469 73.6645062764486 81.9094677766164 74.198971192042 73.8934775193532 78.9489348729451 93.7553842862447 104.616065820058 114.119917154312 112.010409434636 103.003134330114 99.1181035836538 75.8749097585678 37.8721753756205 31.6159799695015 19.768005857865 1.27786126298209 0 0 0 0 0 0 1.57020861903826 1.72378060718377 0 0 36.1542701721191 52.7666956186295 68.1091447671254 76.9249498844147 79.4640133778254
124.59334731102 120.505293210347 98.2800126075745 66.7811383803685 46.6161866982778 52.0956069231033 46.9759553670883 42.0612692832947 35.5931719144185 33.1459740797679 36.0793819030126 39.7152652343114 43.8855538765589 53.5663763682048 52.7458886305491 53.3575812975566 61.6441269715627 72.5523233413696 80.9549192587535 72.9420284430186 72.479580839475 68.7778294086456 79.2959928512573 87.7388815085093 93.336155017217 94.8730409145355 88.835080464681 78.1584580739339 65.3087894121806 30.0736924012502 23.1476972500483 20.7169490555922 6.35683412353198 0 0 0 0 0 0 0 0 0 0.63236546702683 60.6290151675542 64.4712150096893 66.6092932224274 72.4410514036814 77.3247331380844
110.438068707784 115.520139535268 108.534127473831 76.6604244709015 47.8812257448832 52.0657300949097 55.8948119481405 63.4875347216924 62.2588495413462 53.0132949352264 45.1624393463135 50.5110571781794 51.564152042071 61.3789757092794 62.5380724668503 57.8061044216156 60.7510109742483 71.8697160482407 80.6320905685425 83.3209852377574 85.3795111179352 80.3928772608439 78.2990952332814 77.7167628208796 82.080269853274 83.958645661672 79.6769162019094 77.0511527856191 48.0083922545115 42.7894592285156 42.3600226640701 48.665111263593 41.3828939199448 1.84703090538581 0 0 0 0 0 0 0 0 12.4605124195417 66.11734131972 71.5157488981883 69.200724363327 70.9897031386693 75.9170949459076
109.200934569041 114.851544300715 112.971067428589 86.8782599767049 63.7373030185699 68.3613767226537 79.8922926187515 86.6864720980326 93.5222208499908 86.2157940864563 67.1045780181885 68.5474077860514 67.7963097890218 77.0530601342519 76.041912039121 66.2090082963308 63.7908081213633 74.4303613901138 83.9086174964905 95.5653190612793 98.5923012097677 95.0095156828562 87.1424476305644 80.1163514455159 81.8262894948324 83.7552646795909 78.507329026858 83.7064385414124 75.5761166413625 75.3481388092041 84.0944945812225 106.169948975245 115.568260351817 94.4064259529114 13.5392434895039 2.3108070405821 2.11446266621351 1.62214816858371 0.245924398768693 0 1.25652675827344 8.76157792905966 44.4302906592687 68.4469292561213 71.2769279877345 66.9082154830297 62.9839301109314 67.2001987695694
111.106147368749 109.677771727244 110.073874394099 93.1370457013448 93.4489866097768 94.0439899762471 101.58708691597 102.475672960281 104.950567086538 99.470466375351 79.9412876367569 72.2286949555079 73.0776935815811 74.850469827652 83.5372110207876 75.9520133336385 71.2639192740123 78.7439495325089 93.5162007808685 99.3421673774719 98.3157157897949 88.6427561442057 87.2044364611308 88.4090463320414 89.4460082054138 89.8582339286804 87.2469941775004 95.5218474070231 110.519617795944 117.004553476969 124.851485093435 133.201281229655 143.665840228399 155.03603219986 111.5869084994 20.5449039737384 5.8525421967109 3.21018882095814 0.131260632770136 0 5.09263978650173 55.6429177522659 58.2412630319595 55.3118586540222 38.7185662984848 43.2328184445699 48.6132055521011 54.1248818238576
114.070236682892 101.764768362045 102.872103452682 97.194770971934 114.4124964873 105.666617552439 100.698123375575 96.8168377876282 92.6845371723175 81.9131930669149 73.8390137751897 66.0206476847331 71.3240305582682 76.1639674504598 83.5901300112406 87.624321381251 80.9903393189112 76.7035484313965 91.1658704280853 93.7132736047109 91.7942623297374 84.4328204790751 85.2228403091431 91.8025275071462 95.239669084549 91.5132562319438 93.1000908215841 97.5317656993866 120.221644639969 134.287009636561 144.74301536878 154.263476530711 158.123552799225 163.807292779287 159.065941969554 81.5939754247665 4.23117137203614 0.119058667526891 0 0 17.8643092513084 47.2682466109594 45.9248423576355 15.0465331971645 16.7663767933846 18.9129287997882 21.536760032177 32.0114766558011
114.497651656469 95.1933264732361 96.5306162834167 104.253232479095 113.978862762451 104.251871506373 89.5141859849294 71.1290587981542 59.2319816350937 52.9027680555979 52.2193560997645 57.0821762084961 66.0836199919383 72.5179016590118 83.5069914658864 93.1249260902405 88.7293219566345 74.7616191705068 80.7306667168935 83.8156541188558 82.5761010249456 84.4297210375468 85.5096181233724 92.0204023520152 98.8753040631612 95.469057559967 98.907083272934 99.4755725065867 115.196804205577 138.614545265834 157.264024019241 166.246443986893 166.099280118942 168.41197013855 180.423061052958 162.552257378896 72.4392433961232 4.78162802755833 2.7487650513649 3.45115394641956 7.4571402122577 16.7361435790857 31.8730026483536 6.18634683390458 5.05083116392295 8.11482841769854 15.7480748991172 24.1604869564374
111.770361661911 113.827337821325 138.302187124888 174.900650978088 146.271884441376 110.651155312856 77.3531496524811 51.6340782245 41.4423892895381 45.4713602860769 42.077178756396 41.9800231854121 62.7830922603607 72.3678519328435 86.3602062066396 97.5698133309682 94.5727825164795 80.8604160944621 82.4788957834244 86.2319469451904 82.9340716203054 88.108628988266 91.6840732097626 94.3617622057597 102.06601023674 106.457571188609 105.43570915858 106.201102336248 119.143555561701 144.432226816813 166.682084401449 172.728975613912 168.707887331645 176.525076230367 188.21261326472 198.822855949402 171.338359514872 109.123895565669 35.3878811001778 12.3944903413455 5.39932524164518 6.68655956784884 15.3619001309077 5.00712885210911 3.33439682920774 7.30705757935842 15.6019553542137 22.4076857169469
126.819670200348 163.20605079333 212.611893812815 234.017233053843 213.978469371796 155.630717674891 104.685336351395 69.0733045339584 57.8698217868805 64.4211818774541 55.1127096017202 47.3779588937759 60.8209470907847 70.8139886458715 95.2778458595276 102.377533912659 97.619354724884 90.8378561337789 85.4429403940837 87.3416066169739 88.0485673745473 91.4951960245768 95.6254303455353 96.3610708713531 103.004644314448 115.855952103933 117.290735244751 123.248795668284 131.423791249593 148.405412832896 167.0201420784 175.592541694641 177.809437115987 184.542119503021 192.232509454091 191.179156303406 188.249866167704 178.345481554667 106.170068184535 32.4763730168343 10.6627643108368 9.29662895699342 2.85886662701766 5.41297780970732 9.84370398024718 11.0698727269967 12.4510650833448 14.8131822546323
189.794898033142 226.187745730082 249.261418978373 249.406158924103 248.71023495992 222.015341122945 175.619125366211 135.60430208842 108.753591775894 96.129447221756 90.6514823436737 74.8317639033 63.4021461009979 68.1488613287608 94.7599013646444 102.317571640015 95.7441926002502 98.7101097901662 87.855060895284 85.8995119730632 90.7142062981923 91.9667581717173 92.9889182249705 95.2715178330739 100.406060616175 116.659601529439 123.42165907224 132.754196723302 140.263736248016 149.901022513707 163.386841615041 176.598827044169 176.872889200846 175.001521905263 177.036941051483 164.967934290568 166.329284509023 153.430600961049 106.015026569366 54.1842579841614 23.4473223487536 21.8295703331629 10.1624013235172 5.90439885854721 7.17522079745928 7.14058180650075 1.95028524224957 2.05600215122104
239.024917284648 253.65028778712 256.811261177063 255.036910374959 257.351756095886 252.650002638499 230.542063713074 184.636473655701 144.730905691783 123.029400904973 122.815936803818 110.37415266037 84.7017069657644 80.7415495316188 92.1720067660014 98.7031658490499 92.2925472259521 93.8846866289775 87.2562328974406 88.0169371763865 86.8423382441203 88.282306989034 89.2565051714579 89.8239016532898 97.0853865146637 109.996805588404 122.487952311834 128.047198057175 138.169368108114 150.764962037404 163.132766882579 163.826882839203 154.202351967494 142.815619707108 145.479569832484 128.903607527415 129.515876372655 114.018102486928 75.8202473322551 40.227472782135 44.266606370608 39.9002035458883 15.6433172523975 6.70056790113449 3.11543916662534 0 0 0
249.779284000397 254.878381888072 254.456619421641 255.510230859121 255.64968585968 255.88188568751 247.909506162008 217.849691708883 166.679461797078 136.323034763336 134.141465028127 131.20382030805 114.241202672323 96.1809456348419 92.5417542457581 96.8283812204997 89.9994075298309 86.9872669378916 87.4905586242676 90.3211335341136 86.022158463796 84.9486291408539 88.0689819653829 89.21084801356 93.6720371246338 102.938741445541 113.770206769307 115.850418806076 125.481228033702 144.600967566172 154.92457151413 150.966227054596 143.508911132812 136.984060208003 128.923237323761 113.619387149811 117.906272411346 114.972452322642 94.5368806521098 60.9258115291595 60.8113358418147 55.9198707342148 32.4717884262403 13.2200382649899 3.09310170511405 0 0 0
243.858695030212 246.827761332194 244.193156560262 246.013561884562 246.381163597107 242.8018450737 239.240566889445 222.321689128876 177.088399728139 147.583564122518 138.905316591263 136.101543903351 126.632382472356 106.649259726206 97.3208546638489 101.190149784088 94.5251981417338 86.0522886117299 90.5905365943909 91.5083686510722 89.9596015612284 85.5532189210256 90.6715492407481 95.0220922629039 93.114823102951 100.174496571223 105.552067359289 106.286863485972 114.921192328135 136.214117209117 146.882434686025 144.414444764455 145.83765467008 146.856923898061 127.535233894984 120.524028937022 125.38347641627 132.509787877401 127.631932497025 89.4667903582255 43.8350488742193 37.7196818590164 9.75617890556653 0 0 0 0 0
223.862727483114 227.201521396637 228.918194770813 224.799633026123 225.291927655538 224.241455396016 228.390793005625 224.224468072255 189.356525739034 151.663730541865 137.028137842814 127.880444129308 123.357981443405 106.122712294261 94.6763356526693 102.439343929291 104.624778032303 90.4648900032043 94.0993229548136 97.163995107015 97.4293649196625 91.9690330823262 92.1702881654104 97.3138113816579 94.9144264062246 96.5529282887777 103.702902793884 110.687335332235 116.032799084981 129.477123419444 143.227070569992 147.007644176483 147.170702616374 150.756309429804 130.970656871796 131.537179152171 132.000088691711 140.617291132609 140.443861484528 101.403852303823 25.8442834019661 5.32628471652667 0 0 0 0 0 0
201.898535092672 211.079180240631 221.454461415609 217.51211086909 217.404087384542 223.329583803813 230.089525381724 231.427868207296 208.533604939779 166.393975416819 142.74392525355 121.972014506658 110.128849744797 101.07879837354 90.7279749711355 96.2419013182322 109.133243560791 99.1745591163635 95.0063268343608 99.555104970932 99.7418761253357 96.3641206423442 93.2171543439229 95.3591863314311 97.9257822036743 97.1625248591105 102.04948981603 111.972312132518 117.187748352687 122.382342815399 136.894176403681 148.631632328033 149.813999732335 140.876799821854 126.351286967595 141.067405541738 145.695785681407 149.114469687144 147.570212682088 121.588498353958 23.0371331175168 0 0 0 0 0 0 0
165.886531273524 177.475492159526 185.546477635702 189.975221951803 198.742131392161 213.868578275045 225.166082382202 231.925944487254 223.190267880758 185.91699997584 154.294858376185 125.455766916275 108.405212561289 106.309433778127 96.5695182482402 91.3359721501668 103.631675243378 103.13007235527 95.4697628815969 96.4638193448385 97.0663825670878 94.9619710445404 91.2258128325144 92.573473850886 97.3843435446421 101.625521977743 102.679391702016 108.638226985931 115.350733200709 116.640210151672 127.67638762792 145.123541355133 147.392888863881 127.727170785268 130.979607502619 154.001653194427 158.379971981049 154.063781102498 151.906202236811 147.587398687998 89.9156133333842 7.32385242978732 0 0 0 0 0 0
128.426531950633 135.846743981043 135.501801967621 145.831793546677 162.995388110479 179.949303468068 193.237702051798 205.132762591044 202.274958292643 178.005158901215 143.786509831746 120.235979557037 105.946729580561 103.368639945984 98.8467931747437 93.2905574639638 98.2148547967275 98.5955198605855 91.8789903322856 91.5777782599131 94.942569732666 97.7922976016998 97.4247654279073 92.6159222920736 91.5770928064982 95.5546796321869 103.010843197505 107.783774534861 113.006452719371 113.928238550822 118.205467859904 131.857405106227 137.697875499725 131.020804246267 155.1127632459 166.877826054891 163.117518027624 155.717800060908 158.179978529612 171.902577082316 167.13809967041 99.4838674863179 23.2131853699684 2.26300582289696 0 0 0 0
117.050429185232 119.00254090627 118.844568729401 120.154579480489 130.05789120992 136.91387573878 140.076458454132 145.025392373403 144.680182139079 126.660923163096 110.268255074819 106.554915507634 104.388783375422 100.399365027746 98.8920132319133 98.1781880060832 98.4960595766703 97.9971686999003 91.7620857556661 90.2158518632253 94.6732958157857 100.242813428243 103.265404701233 98.6908177534739 94.8103864987691 92.9292738437653 102.999111016591 108.152429262797 113.264590501785 115.033368269602 116.341322660446 124.809632698695 130.884488423665 141.138732433319 166.755497455597 165.128727753957 155.194332202276 143.906732400258 147.035201390584 163.268675406774 175.738056500753 169.960558414459 111.772745847702 34.1497212648392 3.44832179447015 0 0 0
126.488347848256 123.552064100901 123.817423979441 122.3137875398 118.027547995249 116.343796253204 113.871385653814 115.29474457105 119.460731744766 110.989848772685 102.326611677806 103.123009204865 107.066333293915 106.417606274287 103.782176971436 100.648134946823 96.4739123980204 103.950391213099 103.560864925385 98.9688535531362 101.077228784561 101.946771144867 100.65566500028 102.626423041026 103.367328643799 99.5181302229563 105.087637901306 109.44124062856 113.319446643194 115.017036596934 119.403461615245 124.381691217422 129.479457934697 149.121443430583 159.169932206472 153.554409742355 137.619783480962 126.714924971263 124.198834101359 136.891384919484 168.959816296895 176.380455493927 150.328795115153 82.7764918406804 19.2439655462901 1.50731733689706 0 0
