input/barkrak2/radiation/dir03624.grid
NCOLS 85 
NROWS 70 
XLLCORNER 665100 
YLLCORNER 4664600 
CELLSIZE 20 
NODATA_value -9999 
[rows 0 to 21 of 70, columns 0 to 49 of 85]
104.916761318843001 119.85781788826 136.621842781703 157.544275124868 166.60221417745 169.38062508901 168.657422065735 166.264931360881 164.392729600271 167.808552583059 168.461918830872 164.712925752004 160.177151362101 160.936097304026 164.324502150218 152.0101527373 138.562252124151 127.794881661733 126.741071542104 124.091853698095 124.835332234701 147.668649752935 170.226216316223 174.847682317098 179.212967554728 190.027276674906 188.503623008728 177.868088086446 169.135808944702 170.340637365977 165.723323822021 188.864429791768 232.782562573751 229.585965474447 226.789752642314 214.862902959188 219.403545061747 230.800151824951 227.036575476329 227.595806121826 219.112396240234 226.835370063782 233.474353949229 225.165744622548 214.405536651611 220.808565616608 225.793500741323 185.542146364848 128.605097532272 124.273002147675
83.953579266866 99.3146896362305 114.867995182673 131.759355465571 147.729188203812 156.322558720907 162.423928578695 168.536384900411 174.104491869609 172.080238660177 172.469000021617 167.760888735453 161.003480354945 161.090105772018 161.170065402985 149.61697657903 142.631193002065 133.54836901029 132.869184017181 128.404359022776 140.380044778188 165.670315424601 185.054242610931 185.682495435079 188.961029052734 194.661716620127 190.568069616954 180.732687314351 172.767420609792 172.07928498586 173.123160998027 199.942866961161 232.608596483866 230.075081189473 225.576917330424 217.043181260427 224.218110243479 232.566734155019 228.439410527547 227.106710275014 221.446732680003 223.491052786509 219.110906124115 209.00022983551 204.637030760447 217.030167579651 217.875440915426 171.91215356191 135.676244894663 147.465884685516
45.290008187294 58.2890858252843 67.9366290569305 73.8759934902191 87.5264604886373 104.450136423111 122.570514678955 142.804523309072 157.097200552622 160.427222649256 164.334982633591 167.55747795105 170.236607392629 171.87903324763 173.653264840444 173.995316028595 170.061767101288 159.178793430328 145.621478557587 141.338209311167 153.191904226939 172.42689927419 184.039056301117 186.806420485179 189.600507418315 189.024686813354 185.869097709656 180.130660533905 176.753024260203 179.844995339712 190.073390801748 213.012893994649 225.983679294586 223.526298999786 218.791544437408 217.149317264557 230.336944262187 237.072765827179 230.723222096761 224.320769309998 218.000630537669 208.230972290039 194.455842177073 187.611520290375 193.796038627625 210.838774840037 203.469236691793 167.195737361908 156.75155321757 176.092346509298
30.5992613236109 30.7358875870705 35.0406914949417 38.9881655573845 43.5425142447154 51.1182248592377 63.813457886378 83.2783232132594 108.557591835658 126.913249492645 144.664347171783 161.248366038005 171.136915683746 174.577116966248 176.517248153687 182.778259118398 179.871877034505 170.101682345072 153.023401896159 145.76643705368 148.372749487559 153.472850720088 165.39853811264 175.388018290202 176.925659179688 177.081187566121 178.976237773895 180.11196454366 181.476970513662 186.867554982503 193.994541962941 212.694466114044 217.571059862773 217.76286760966 216.961443424225 219.341119130452 221.870303153992 222.586313883464 216.112514336904 205.02769947052 203.107913335164 192.122300465902 188.916325569153 200.927158196767 212.563971678416 206.056833267212 188.132087389628 164.835155010223 166.712800661723 180.026849110921
42.2864109277725 32.5014442205429 23.6174166202545 17.3846284548442 17.7450316647689 30.0436913967133 48.3179191748301 59.6455285946528 71.6475943724314 78.7676721811295 110.760549704234 133.538643519084 147.902945677439 155.449102322261 162.580092748006 167.49240954717 163.697749376297 158.935169378916 151.985724767049 146.264682213465 142.261962095896 141.653378804525 153.46156557401 165.835122267405 170.395652453105 176.440795262655 178.403814633687 179.638028144836 181.201895078023 182.845830917358 189.527710278829 211.151440938314 210.357824961344 212.873975435893 212.639590104421 211.368521054586 208.439648151398 207.878549893697 198.46522808075 190.775593121847 189.982155958811 192.00477997462 200.974583625793 212.265094121297 213.895916938782 188.820819060008 157.991935809453 150.048474470774 160.531441370646 179.23233906428
67.6495929559072 52.1646837393443 32.9277763764063 18.5604318976402 12.9374240835508 19.2111991345882 33.4777981042862 51.2212564547857 56.7061454057693 58.8418394327164 63.9531910419464 79.1906913121541 86.2970948219299 90.4668668905894 101.366897424062 111.62738998731 119.162489970525 137.347906827927 149.163991212845 152.303665876389 152.892222007116 152.899374564489 149.498482545217 154.367874066035 163.966814676921 171.335359414419 175.33685763677 179.38107252121 183.475434780121 185.964147249858 197.712620099386 208.407978216807 202.458798885345 203.725238641103 204.992353916168 204.553882280986 201.899627844493 197.034955024719 188.24835618337 190.028250217438 190.876444180806 189.690152804057 192.948877811432 200.533469518026 193.404773871104 148.211975892385 130.578229824702 140.217542648315 160.340388615926 198.78343741099
83.4978620211283 70.6859330336253 57.004859050115 39.4422461589177 24.4431470831235 17.1415333946546 21.964227159818 37.5278070569038 50.0843624273936 57.0727487405141 57.2139223416646 53.7409285704295 51.5130410591761 48.2026189565659 49.1839349269867 60.5270862579346 72.4762380123138 90.7188852628072 111.833095550537 123.740126689275 134.133736292521 144.126355648041 145.78773578008 142.227520545324 145.335177580516 151.428461074829 165.245026350021 174.192706743876 178.657472133636 186.266620953878 197.76459534963 201.786557833354 192.643125851949 188.448548316956 187.031110127767 189.714988072713 189.770023028056 184.893647829692 179.755210876465 174.153844515483 169.16278998057 171.678125858307 179.939210414886 187.846461931864 183.743000030518 177.142957846324 186.877369880676 195.353547732035 207.605560620626 222.023606300354
90.0256236394246 80.4828703403473 71.4350839455922 61.3542894522349 47.6420323053996 27.2958228985469 15.1808448135853 13.5819191733996 29.4544771313667 47.1866875886917 55.4576069116592 54.0336072444916 49.9542901913325 44.9957797924678 35.3467216094335 36.3939156134923 45.9632774194082 59.4387898842494 76.9069443146388 96.2935984134674 111.794213453929 125.639418760935 133.411586284637 134.318957726161 134.812215963999 134.864230950673 139.609257380168 147.923608620962 158.86781613032 172.561506430308 183.542549610138 186.723311742147 177.841166655223 172.731041908264 169.381181399027 169.933756192525 176.037987073263 174.41991964976 170.533716678619 154.652724663417 149.631261825562 157.24582473437 175.995985666911 188.728511333466 192.892293135325 197.427014509837 212.287624677022 214.353183905284 221.618394056956 222.969690958659
84.247887134552 76.384037733078 69.8022693395615 67.9860214392344 62.7201149861018 46.1924473444621 27.6008273164431 12.8031075000763 19.0397426486015 28.3890416224798 36.7507537206014 43.9658612012863 50.579031308492 51.0375797748566 44.0910905599594 40.9272834658623 40.4803554217021 45.4791486263275 56.5615842739741 69.9856926997503 83.7045709292094 98.0782012144725 110.068579514821 113.488177458445 117.029249668121 117.785592873891 119.756917158763 125.71727236112 130.628248055776 147.414028644562 157.488028208415 159.385283788045 156.70582652092 155.304938554764 156.847655773163 160.761117935181 162.961542606354 165.806710720062 165.943304697673 160.246898730596 165.656248728434 175.689498583476 183.846374352773 186.989684899648 184.617479642232 185.918827851613 189.620852470398 199.447592099508 215.576231479645 211.277604103088
65.20876288414 62.7879053354263 56.5119087696075 49.6956656376521 50.9842882553736 59.2387020587921 43.8438355922699 34.594456354777 18.7646970152855 14.341219017903 19.7327869633834 34.2070783178012 49.7142424186071 59.756393233935 60.6743146975835 56.1739057302475 49.8495648304621 48.0155994494756 49.2350558439891 52.6041438182195 59.7675740718842 67.6708767811457 77.5811423858007 86.5846276283264 96.785306930542 98.7691978613536 100.520193576813 107.061713933945 111.497859160105 118.417034546534 120.639522870382 126.050422588984 135.374009609222 138.748149077098 144.865135351817 149.147321780523 149.571597576141 155.680596828461 162.978033224742 171.744565169017 181.262195110321 186.174988746643 188.03604443868 187.009990215302 183.158179124196 182.454427083333 193.551937739054 202.290137608846 203.980008761088 202.743907769521
30.9489816427231 29.5994430780411 29.7387391328812 32.6013515392939 30.9474170207977 33.0928762753805 37.4927992622058 35.0513607263565 24.512325723966 18.1505220631758 15.7796926796436 18.7018439173698 31.2673250834147 47.5704570611318 59.0442319711049 56.633601586024 55.0007770458857 53.3778816461563 48.621341586113 46.2274452050527 47.2765962282817 49.0983029206594 53.6834647258123 65.4188791910807 76.6793489456177 85.2411190668742 86.2543880939484 88.5829329490662 97.9492564996084 102.048913637797 106.010814507802 109.834452470144 117.910087108612 129.108528296153 133.136212825775 135.920067628225 142.260074615479 148.405373096466 158.79104534785 176.704665025075 184.069673220317 184.501310189565 183.652480443319 182.141462961833 182.080705960592 185.967087745667 192.953626314799 193.558712800344 195.066650708516 200.877706209819
7.75603018701077 7.84679378072421 7.00897288819154 3.40048223733902 0.0862316422474881 1.22341412740449 7.48199845353762 20.1880261301994 28.5943200190862 27.7924686670303 20.6883649031321 16.1844703058402 19.3465389311314 31.5250183145205 46.7084248860677 50.36494632562 57.8718781471252 58.7131877740224 52.5183578332265 46.6313064098358 43.2230184475581 43.1659370660782 44.2675997813543 50.9052475293477 60.2634896834691 66.3096656401952 69.3182448546092 71.7386504014333 75.5453109741211 83.9746594429016 91.824342807134 96.3211556275686 99.5975434780121 102.764338254929 106.021533409754 116.328318913778 129.085818926493 139.857292175293 148.225645224253 166.158457597097 173.503299554189 172.887762387594 169.598857561747 166.660964488983 166.217585404714 168.692052364349 173.6980676651 180.567006270091 184.257547060649 188.467065493266
2.00862484052777 1.02650987294813 0.0899852505729844 0 0 0 0.0134668807731941 8.10538480679194 23.3805030584335 29.8401614030202 33.0229004224141 26.6631320118904 16.924870510896 17.4313758810361 28.3554767568906 44.1691378752391 57.1573625008265 61.4088177680969 60.9105676412582 55.5080572764079 50.4268109798431 50.6346672773361 52.3623724778493 53.1600912412008 55.5502623319626 57.1034848690033 60.5990588665009 67.2416388988495 69.1488037506739 68.6330099900564 74.3837058544159 84.2284957567851 83.7285021940867 84.6758782863617 89.6860659122467 94.2472219467163 106.707751750946 124.15008743604 129.452884197235 140.977680683136 148.819734652837 151.053140560786 150.590320428212 152.376254399618 153.239190578461 155.143072207769 155.238131682078 158.79742304484 163.815369208654 166.776895523071
2.82103723535935 0 0 0 0 0 0 0.0337040255544707 2.35747018208106 20.839050412178 31.3444286584854 38.2722367842992 36.7157384753227 27.4553249279658 26.370624701182 39.6696577469508 51.7694652080536 62.7786616484324 71.2080399195353 69.5282121499379 63.5607937971751 61.7414166529973 60.3850384553274 61.0314309597015 62.2183829545975 63.569982846578 64.9743378162384 70.5671558777491 69.4018105665843 64.1243308782578 65.150777498881 66.124215722084 73.8856295744578 77.9728094736735 82.9217731952667 87.1256589889526 90.9021695454915 97.2005923589071 104.139943917592 114.396274089813 120.954205592473 127.13943918546 134.532749652863 140.633801619212 140.54133494695 147.89734284083 148.515780766805 143.364081780116 141.680876413981 141.819874445597
10.4476648072402 0.0648814311716706 0 0 0 0 0 0 0.162852268355588 12.6249181727568 31.1642115314802 47.9408204555511 55.3775429725647 50.5955467621485 40.1038080453873 38.5611106952031 41.8128619591395 52.7320007483164 66.4113859335582 76.9598782062531 75.5840837955475 73.6797899007797 72.8082110484441 70.8260536193848 70.6833700338999 71.4970032374064 70.0602233409882 73.0378131071727 70.6288168827693 63.5077059268951 62.3821169137955 61.9408140579859 58.9332232872645 57.6525777578354 72.6884057124456 79.7621508439382 80.1208913326263 78.6556303501129 85.1569374402364 86.7917736371358 94.9222544829051 106.400569279989 112.365394830704 119.317173957825 124.506503343582 129.284421602885 137.908905744553 144.198755423228 139.639675617218 133.381128311157
10.930597782135 0.876420876011252 0 0 0 0 0 0 0.715961835036675 2.43786272282402 22.8282610575358 48.4768350919088 67.1340922514598 72.0119227965673 58.6090534925461 41.7085438966751 36.096120874087 38.823331395785 50.8158355951309 71.3804711898168 81.3858409722646 81.1015218496323 83.0113490422567 79.1867325703303 76.0116030772527 78.1258344650269 79.5582930246989 74.4978040456772 75.0208050012589 72.3462204138438 63.9560918013255 59.5614314079285 57.7849298715591 49.7128864129384 49.8256186644236 47.4959462881088 57.5974484284719 59.5037440458933 64.1284088293711 70.0901746749878 72.9232331116994 77.828715244929 84.8519007364909 91.4207299550374 106.727480888367 111.522654692332 124.27885333697 134.634733200073 133.176207542419 130.97733259201
8.03143344819546 2.02600875248512 0 0 0 0 0 0.176448646622399 2.0103519782424 2.65657001485427 13.2962589462598 31.3544496893883 51.6978402932485 66.3794080416362 70.4431434472402 62.7898474534353 57.460422317187 50.1253058513006 43.8637087742488 50.6627410650253 69.954847296079 84.1790636380513 87.4753793080648 87.0403250058492 82.6153755187988 84.3289494514465 88.9061987400055 83.6573243141174 79.9424548943837 82.9459329446157 74.9176194270452 61.9721909364065 52.2767007350922 44.1270569960276 40.4296442866325 39.3181716402372 35.7248584429423 33.4659690658251 42.9823398590088 49.1699079672496 50.7134546836217 53.4238616625468 56.8049947420756 64.3779585758845 84.7802758216858 95.6354737281799 103.083709875743 109.511852264404 113.11266819636 120.446711778641
5.63817843794823 2.92962261786064 0.0744494075964515 0 0 0 0 2.20466560373704 3.69653292000294 9.42913691202799 13.9005966484547 23.7912063797315 40.9221326311429 59.671809275945 70.8081970612208 75.5329529444377 75.8889267841975 68.9511994520823 55.7095458110174 46.6292152802149 54.2403956254323 74.1735051075618 82.1977357069651 87.9409511884054 91.4565622806549 94.8494871457418 93.8904682795207 93.8548843065898 94.2054887612661 86.415300766627 75.5494932333628 69.7547197341919 56.4173261324565 44.0308550993601 35.0384960571925 28.4725055098534 25.4844849308332 23.3799815177917 27.0926381150881 27.6350428660711 37.1566663185755 38.3220066626867 41.0385206341743 44.1270967324575 52.8412262598673 71.5340375900269 84.7330888112386 90.6531314055125 94.1608150800069 103.007654349009
6.21450568238894 7.34307244420052 6.25449356933435 0 0 0.165379353954146 1.91748856256406 4.53342931965987 11.0915116965771 20.874281724294 25.0669966141383 27.8493389487267 37.2363130251567 49.9515483776728 60.2849076191584 71.2733368078868 76.8907467524211 77.8618504603704 76.0256300369899 64.3060853083928 51.0595540205638 61.9881252447764 71.7575401067734 82.4910948673884 94.6887930234273 101.433326800664 103.346655766169 100.974132617315 90.7810032367706 91.4930403232574 80.039789279302 68.8445071379344 53.4872561693192 44.5978293816249 33.444715042909 26.9680544734001 19.6633997062842 16.6613658269246 18.5893699526787 17.8922737638156 23.3199323217074 26.4528940121333 29.0189559261004 32.8392485777537 36.5709861119588 47.9037463665009 54.1361471017202 65.2434726556142 73.5385517279307 84.2452545960744
6.69337933262189 5.65194400648276 7.05734267830849 1.61613756790757 0 2.63586454093456 3.68066659818093 5.7632519553105 7.22031233211358 21.9756513834 26.1709317564964 25.8111854394277 27.9949804147085 35.4056706031164 44.4271961847941 56.4778546492259 67.0976142088572 73.7026929855347 78.9654950300853 79.9483706553777 71.8787809213002 60.0152313709259 63.8010203838348 73.2302765051524 85.9638253847758 94.1550433635712 96.23122215271 103.509326775869 93.5038030147552 85.6058796246846 71.5770175059636 69.5543140172958 54.9127062161764 39.5238002141317 30.924066901207 19.9213388065497 12.0134763419628 6.6071084390084 5.59221828977267 9.40222355226676 16.8076890210311 20.2247140308221 30.3833782672882 33.3693077166875 33.5688342650731 40.9326404333115 43.0666208267212 48.8528857628504 57.2804858287176 73.083907365799
10.3945980469386 4.62380206833283 1.93515156085293 3.84103506803513 1.56660657376051 3.76907953371604 3.18371194104354 5.46056342621644 6.89006472627322 15.5393493672212 20.0972457726796 20.6320422391097 20.5491023759047 24.4715586304665 29.9977709849675 41.8835828701655 53.9210935433706 60.3699237108231 69.4735695918401 81.4451277256012 88.6841416358948 80.5232375860214 78.2350798447927 81.3332547744115 85.2577189604441 86.6491595904032 90.3494159380595 88.1495972474416 82.1265776952108 81.9471031427383 69.1334654887517 51.8815914789836 41.6570901870728 28.2071555654208 13.830424596866 9.84251499176025 3.66865439961354 0.492034169534842 0.0824661498578886 4.89160263290008 1.36882392689586 14.5134453972181 21.2047100067139 25.0676497817039 29.9306809902191 34.7668652733167 37.6069992780685 42.4912671248118 47.0136155684789 49.3828554948171
27.2845675547918 17.0569196343422 7.01276957988739 11.0574811697006 9.54977547128995 3.24109631280104 5.33688937624296 8.44279738763968 9.42043649653594 14.6803533037504 17.816507567962 17.7178780237834 18.8346368571122 17.204012721777 22.760882973671 32.3048755526543 44.5142239332199 54.9382269382477 61.9746595621109 74.0979611873627 83.6032927036285 95.3238904476166 102.141966422399 101.580679416656 94.0612554550171 86.6278111934662 82.415446639061 77.8441180785497 79.0903717279434 63.4992172320684 55.3729136784871 36.9448115428289 22.8032767772675 9.85838969548543 0.0369501697908466 0.0416459176146115 0.0682149790615464 0.0681365393878271 0.0429037948682283 0.0452997968144094 0 1.23220573489865 9.12496571739515 12.5243626534939 22.0372577508291 25.8926550547282 29.1326890389125 35.028782983621 38.2512658834457 37.5541100899378
