input/barkrak2/radiation/dir09424.grid
NCOLS 85 
NROWS 70 
XLLCORNER 665100 
YLLCORNER 4664600 
CELLSIZE 20 
NODATA_value -9999 
[rows 20 to 39 of 70, columns 0 to 45 of 85]
95.9606965382894 83.4760069847107 90.6741718451182 115.359594424566 110.389222701391 94.1272079944611 86.8547558784485 97.9890028635661 110.672692457835 124.514520168304 135.333359241486 132.105131944021 126.275638739268 130.244473616282 141.233871380488 157.746285200119 173.394521077474 184.489766756694 196.021993954976 213.798642158508 221.018036206563 207.261264324188 209.302663803101 212.324341138204 210.333784421285 212.191561857859 212.576886018117 215.23916721344 212.645928064982 212.687989075979 214.144428571065 218.52171421051 206.338981787364 195.420165856679 190.361400445302 196.830232938131 196.260809898376 197.807550430298 202.337781588236 207.580626010895 208.184063434601 208.81720383962 212.469935417175 204.472641150157 210.533936818441 216.18523200353
127.095599969228 115.755101044973 112.615495920181 140.433490276337 137.421081463496 95.9222912788391 97.5449581940969 109.157413244247 118.206510941188 124.58003560702 125.697751839956 125.337104002635 121.777961651484 123.295466105143 132.19827413559 147.126962741216 163.656681776047 174.776275952657 186.067382494609 202.203790346781 211.907049020131 222.887396812439 228.654583295186 226.405739784241 216.757337252299 204.852422078451 196.350673834483 193.387786547343 198.438207308451 182.792981465658 176.114678382874 148.273169994354 131.709764401118 119.490365187327 140.583654244741 162.536998589834 171.506404876709 189.582705497742 202.557285626729 203.042089939117 200.849016507467 199.775377909342 192.209601402283 172.98279205958 197.709222634633 210.749685764313
174.324095249176 172.545671463013 157.234092553457 161.091506481171 159.903208414714 120.374302069346 121.037095785141 117.8371210893 115.518013636271 118.961662054062 123.836795488993 127.438485622406 132.228285074234 134.327779213587 137.38285501798 144.303351640701 157.498250404994 169.759531815847 178.928335507711 183.528244495392 187.899470329285 203.677813212077 213.960945606232 217.120250066121 213.359316190084 207.788209120433 188.847621281942 180.456837018331 179.321845372518 161.51957710584 141.575515270233 95.2094892660777 67.3498014609019 58.2199096679688 60.491864879926 88.7647569179535 113.301297028859 157.662232716878 177.393853664398 186.278522014618 192.316253980001 194.502532482147 164.732873439789 139.124443133672 174.509882926941 206.787804762522
209.529519081116 202.573815981547 175.666610399882 167.632778485616 165.460189183553 157.488564650218 141.779392957687 122.888485590617 111.668467521667 115.480373303096 125.954320033391 131.218592325846 139.54554994901 150.257050991058 147.107859452566 148.886899153392 158.296744028727 168.397963047028 175.672630469004 168.126225471497 169.007500012716 174.126903216044 186.293562253316 195.037603378296 199.133614699046 196.433881918589 179.609020551046 174.874782562256 154.89599108696 121.885548035304 88.215837876002 73.6176421244939 41.0866389671961 8.92955747743448 5.91319861511389 20.0832622746627 58.1449369589488 85.071325302124 103.028774261475 124.904602766037 133.114765087763 123.538275559743 125.848760207494 153.274357318878 164.157996575038 197.087705135345
205.112218856812 203.081667423248 190.188507239024 171.283602714539 156.383067369461 156.949490308762 145.065973202387 134.453594684601 122.423231601715 118.526528278987 124.410112698873 130.315581957499 138.698945442835 149.493515491486 149.57332611084 150.232632954915 156.61816795667 168.680330117544 176.258206367493 168.042997519175 167.50693321228 162.399182717005 172.250509262085 176.777482032776 180.418431758881 177.290459473928 164.076616366704 161.116858323415 137.28262980779 92.1699404716492 76.6836106777191 72.8513946135839 50.084188580513 9.00865097840627 4.58266648153464 19.0093355874221 39.3911078572273 53.9834002653758 65.8485690752665 75.7178962230682 75.4927545785904 70.6608295440674 97.0146854718526 183.235744635264 185.67156791687 197.805504004161
192.38156080246 197.830001513163 198.185880978902 175.920188426971 157.409409681956 157.014340162277 156.910369793574 162.994563579559 162.010331948598 149.318347374598 138.626039028168 149.71720178922 152.574509382248 161.662797133128 163.14031680425 155.468414227168 158.508191506068 169.46005821228 175.608774026235 179.202814896901 182.414988676707 179.744601249695 173.903743426005 170.167565345764 168.297747770945 168.280839920044 160.328845183055 145.555863777796 124.112665653229 107.914666334788 106.161127487818 117.533852656682 112.455387910207 52.1702667077382 26.5051275491714 37.1224209666252 41.4081340034803 51.1898100376129 59.2630406220754 58.1728120644887 51.6776740550995 56.2343498071035 104.418595631917 183.984875679016 202.875475088755 208.00656080246
192.137062549591 197.311500708262 199.599862098694 182.502150535583 174.053311347961 176.543792088827 183.077732721965 190.822084744771 197.743515173594 189.988176027934 167.01618830363 173.470616340637 174.259821573893 180.756727854411 175.929268201192 165.483901898066 161.932170391083 173.702677090963 178.129096825918 193.291584650675 195.761322975159 192.469457785288 181.744873523712 172.582666079203 169.717033704122 169.730623563131 160.625537236532 151.540090640386 139.288524786631 143.917798995972 159.82910990715 185.593644777934 194.220960140228 182.832519213359 115.446805953979 60.5079481999079 57.2012215852737 59.5306704441706 61.6923073927561 55.485799908638 72.8646765152613 109.658896923065 148.929913838704 180.89348077774 202.44296391805 205.852448940277
195.113301277161 192.669967810313 194.318970044454 185.828387737274 204.633375008901 201.50218407313 206.922690073649 205.223361651103 208.844304084778 207.319299379985 184.71904595693 180.598556995392 180.428286393483 178.972601890564 182.596743106842 174.706816673279 169.668793678284 177.298744519552 190.393090248108 196.973939736684 194.420715173086 184.244910875956 181.67499701182 180.869082609812 179.569760958354 176.223635673523 171.565572420756 166.581134001414 173.441529273987 185.219466686249 201.83010896047 214.614967505137 221.774538358053 234.064022699992 212.827761967977 117.158561944962 75.9726117054621 65.7529085874557 60.9135627746582 53.5326500733693 101.869424184163 183.359185854594 173.322339852651 168.183426062266 177.683512369792 178.821603457133
196.166555086772 183.96786848704 186.390042304993 191.46583477656 227.115710576375 213.248411814372 205.10079463323 198.060254255931 196.476499239604 191.071093082428 180.343588193258 167.153298854828 175.940632820129 178.388714790344 182.60524670283 185.41944026947 180.51016330719 176.41148964564 188.533743222555 188.801328341166 187.092006206512 178.833901882172 179.690877596537 185.320715109507 185.981333255768 179.184178511302 181.599617004395 178.046564261119 180.319766203562 198.042074839274 219.25808986028 232.888877391815 238.063712914785 238.88111114502 242.847720781962 190.248847007751 87.5266989072164 53.1355192263921 42.3184881607691 49.3876188993454 117.596447467804 172.877212365468 160.738259553909 125.237117211024 128.647685050964 125.802298386892
187.448978424072 176.039894421895 180.340011914571 200.912415981293 226.87288125356 211.051344871521 190.138220787048 169.47732369105 154.662907123566 151.052981615067 152.997155984243 152.355094750722 164.249877134959 179.054617881775 184.626281261444 190.681080023448 188.205361366272 174.828112125397 178.166886170705 178.873856862386 179.018338521322 179.462909698486 179.785966873169 185.388604799906 189.868132273356 183.763305346171 186.919192473094 183.11075369517 183.791319529215 204.993446667989 228.829642136892 244.781057039897 243.128259976705 241.323391596476 252.322932084401 248.222788174947 178.192794322968 87.0119035243988 63.6898577213287 72.490801413854 105.566720167796 123.853762944539 136.335005362829 98.9545981089274 93.0298368136088 100.474178791046
187.133928140004 192.607998847961 221.908092498779 266.34673277537 255.905012289683 219.439188639323 181.457618872325 148.861755927404 133.581191301346 138.287226359049 134.246687094371 127.258946498235 157.846550146739 177.194078763326 190.037568410238 196.088790893555 195.497155189514 181.527177492777 180.288910865784 182.950139045715 180.929839611053 185.682316621145 188.056806723277 189.784308274587 193.260749181112 196.890830993652 195.480187733968 194.905042648315 194.167733192444 213.604668776194 237.881282965342 249.729037284851 245.575507481893 251.297871271769 261.627872784932 265.859484672546 257.083296775818 221.252858638763 138.882031043371 96.014678478241 87.3561104138692 88.0847771962484 107.556690772374 93.4484899044037 91.3869539896647 106.602321068446
205.366512139638 241.0941918691 281.959335009257 301.410317420959 305.497328440348 263.290286064148 212.10128068924 170.279026031494 157.84478187561 168.446401755015 153.111984332403 140.025198459625 153.479526440303 176.676233609517 194.815635681152 201.329092184703 197.762012481689 192.855576674143 186.762770016988 187.234838803609 187.489569187164 191.89045826594 194.670915603638 194.085498650869 197.022497653961 209.189156691233 207.758804162343 211.078822612762 213.531057039897 225.75447956721 240.960478782654 251.298904418945 253.959099451701 261.157015959422 268.707692623138 262.774209181468 260.818878809611 269.745985666911 220.969200134277 138.999273379644 94.659427801768 92.3426449298859 97.8875358899434 93.1497613588969 111.272126436234 135.518968105316
260.752260684967 290.030439694722 302.354653676351 300.036072731018 313.433170318604 307.769974072774 277.903834978739 239.344080289205 211.413264274597 197.007775306702 195.373952388763 175.139307975769 160.281558831533 174.883087476095 197.207013765971 203.128735224406 198.97731145223 201.880991458893 189.256330331167 187.204619248708 194.707612196604 196.723937988281 195.762972036997 196.127732594808 199.961483478546 212.326725323995 219.762980937958 225.857516129812 224.817216396332 229.005773862203 242.769241333008 254.454890886943 254.283567269643 252.928296724955 255.42281071345 243.879119555155 246.536672115326 246.341427167257 213.739097118378 161.728590726852 125.622669855754 113.691111405691 102.083106835683 96.0977077484131 112.915188074112 143.174121777217
289.333244164785 302.523652712504 300.339957078298 291.014770666758 298.459311326345 309.726556142171 305.66136042277 276.663422584534 240.557332833608 224.482675393422 227.33990351359 212.843696276347 186.080416043599 186.004281044006 195.276061693827 200.872977574666 196.441531181335 197.937448819478 191.435039043427 192.362904548645 191.381315390269 193.197766939799 191.368540128072 190.865894158681 200.31476020813 211.169640223185 222.248653570811 223.718822002411 226.664006710052 234.10975933075 246.102213859558 248.330970605214 235.151211420695 226.697425047557 229.539811611176 210.615356763204 209.693968296051 198.125938574473 166.508088509242 142.649044593175 154.589275519053 144.379774729411 118.196845054626 104.16301091512 101.281921068827 124.296933412552
299.050331115723 301.793992519379 304.697136084239 296.024044354757 294.052342573802 300.623933474223 309.098025163015 298.402349154154 261.826117833455 237.717052300771 232.672731081645 226.70316696167 216.826995213827 201.294978459676 197.166621685028 199.545582135518 192.859172821045 190.530935923258 191.766401131948 194.783329963684 191.486676534017 190.580169359843 191.702306270599 194.097379843394 198.410252730052 204.020579655965 215.443193912506 214.062571525574 218.988974889119 233.041882514954 242.105086644491 234.644571940104 222.15207417806 219.545423984528 212.256630261739 194.352368513743 197.868903477987 195.711394151052 183.04564555486 168.341259161631 174.427707990011 176.980058352152 152.980148792267 132.718652486801 117.870668570201 109.94753241539
306.614339351654 306.459486484528 309.912880261739 307.371298472087 301.125248273214 300.602157910665 307.449221611023 306.307911872864 274.348378181458 244.739909966787 232.822239398956 229.570547739665 230.877637863159 213.465551535288 201.132297515869 204.297562440236 198.748548825582 189.611494541168 196.007192134857 197.213848431905 194.945991039276 188.414494196574 195.22225856781 197.944819927216 195.638000965118 201.227068901062 206.709762414296 205.068409442902 211.854457855225 230.586369832357 235.810498396556 229.667961597443 224.655965963999 225.629905859629 207.758009433746 200.714608033498 206.544955571493 212.089022000631 213.866213957469 200.265089670817 160.212735335032 157.746662696203 148.275136947632 133.873989184697 118.537147839864 101.59495472908
301.758070786794 302.543640136719 305.2672346433 305.370688438416 298.279643058777 294.471522172292 301.756739616394 306.996663411458 279.560208320618 246.493498484294 231.503963470459 226.211269696554 228.126704692841 209.867437680562 198.551456133525 205.357015132904 209.324558575948 195.514957110087 197.927594184875 202.190041542053 199.718435605367 190.426429112752 192.414840062459 197.577675183614 193.240642547607 196.433385213216 202.666799227397 211.014747619629 214.694480101267 227.623303731283 235.473652680715 232.289830843608 226.570725440979 226.652940114339 208.339035511017 210.990647474925 214.187959829966 220.076024532318 221.136132876078 202.360530694326 136.605183283488 108.386367559433 94.115674495697 86.3620638847351 85.0172539552053 84.2861533164978
290.662070115407 296.406845251719 302.560428778331 300.98835627238 296.888510386149 297.777752081553 303.293665250142 308.174709479014 294.757207234701 257.42640097936 238.4219566981 221.174995104472 212.811291217804 202.701131502787 192.657848199209 199.867129325867 208.998799324036 201.830744743347 195.865988731384 202.599624792735 200.822035471598 195.499360561371 193.9670642217 195.769091447194 196.590264638265 195.550441741943 200.242896874746 209.341784318288 213.999629020691 218.544940153758 229.643623034159 234.956641991933 229.723254839579 206.925650437673 201.961080233256 219.730357329051 227.563917636871 229.381521542867 222.874283790588 210.968295733134 132.144977649053 75.7619788249334 57.6726943254471 41.3895646731059 52.1169503529867 58.6298406124115
262.012700239817 271.191120147705 276.876290639242 281.182984511058 286.749482154846 294.906556606293 303.249736626943 305.925687154134 299.816389878591 268.107891082764 240.87264140447 223.45886627833 208.656748135885 206.2695423762 198.65487019221 191.942234834035 205.85443576177 205.185135205587 196.974953015645 196.134348710378 198.309103647868 194.35187180837 190.210620562236 193.061788876851 196.324567000071 200.258473555247 201.109051704407 206.384579340617 211.107989152273 213.494141896566 221.451242764791 233.225703239441 226.071159044902 201.785226662954 207.558413346608 235.24401585261 240.372578303019 234.024405479431 224.571804205577 223.630646864573 189.974228541056 104.478478431702 57.1684340635935 46.6405401627223 45.5669413010279 47.2119152545929
229.032695293427 235.671540101369 235.374252001444 244.036813577016 258.35794210434 272.568007310232 283.18711121877 288.991351922353 286.121249198914 265.461961428324 242.022236188253 220.167338848114 207.98405011495 205.018361409505 201.76112651825 194.371104240417 198.888818422953 200.760980447133 192.216356595357 191.37050708135 196.375211079915 198.950409889221 196.684916814168 193.23855638504 191.77242120107 195.485969384511 201.212584972382 205.766280492147 210.258762041728 211.082816123962 213.248133659363 222.876985867818 217.13928381602 204.448759555817 232.856313387553 249.718427658081 244.808733463287 236.854056517283 231.890896956126 239.314079284668 252.845108509064 219.695051511129 135.779758294423 85.5487883090973 62.8373672564824 44.5436636606852
