input/barkrak2/radiation/dir03924.grid
NCOLS 85 
NROWS 70 
XLLCORNER 665100 
YLLCORNER 4664600 
CELLSIZE 20 
NODATA_value -9999 
[rows 0 to 21 of 70, columns 0 to 49 of 85]
111.041615406671994 126.239975293477 141.643544038137 162.575115760167 173.579851786296 176.305492719014 175.38446187973 172.809402147929 171.006083488464 174.4571129481 175.051550070445 174.18106396993 169.833302497864 173.199494679769 173.856159051259 160.185148318609 145.176142454147 134.237925211589 133.087595303853 130.000571409861 129.798114299774 152.975658575694 176.258325576782 181.149264176687 184.501389662425 195.220033327738 194.904347260793 184.472441673279 174.826105435689 175.258537133535 170.632441838582 193.796773751577 237.605512142181 235.335230827332 231.805404027303 219.932635625203 224.388023217519 235.598345597585 232.889632383982 232.457856337229 224.845031897227 232.325375080109 239.266932010651 232.362906138102 220.401207605998 226.725876331329 229.277551174164 192.350129286448 133.539170026779 129.053781429927
89.6964271863302 105.281094710032 119.649906953176 138.858844836553 154.605676730474 161.745727062225 167.592664559682 173.673907915751 179.186701774597 178.86737982432 177.574912707011 172.909696896871 167.78294245402 171.090384324392 173.938532670339 160.664190848668 152.310351530711 142.939746379852 139.292577902476 134.44862763087 146.112898985545 171.541432539622 191.298921902974 192.088345686595 195.417881011963 201.210459073385 196.991423765818 186.807036399841 178.759336471558 177.323162555695 178.105513254801 207.534790039062 238.911271095276 236.406207084656 231.797615687052 222.820123036702 229.091842969259 238.743503888448 232.337713241577 231.968641281128 227.499047915141 229.292611281077 224.954783916473 215.11306365331 210.030376911163 223.233580589294 221.911251544952 180.257797241211 140.520354111989 152.439008156459
56.2313695748647 64.8867040872574 75.5009104808172 87.8874063491821 102.511336406072 114.765604337056 129.457662502925 149.294584989548 163.737803697586 167.047560214996 170.845826466878 174.134532610575 177.049914995829 178.792655467987 180.49951394399 184.65268611908 183.169881502787 171.752472718557 155.258844296137 147.721926371257 159.59170460701 177.695711453756 190.443535645803 193.247775236766 196.161806583405 195.61231136322 192.245503266652 186.222275098165 182.41673707962 185.283978780111 196.695268154144 219.05908981959 232.322017351786 229.984402656555 228.033085664113 228.360513846079 236.172695954641 241.358876228333 236.989359060923 229.20556863149 223.037322362264 213.368058204651 199.697256088257 193.059722582499 200.127840042114 217.280129591624 208.814899126689 173.312584559123 161.814739306768 181.114772955577
37.8165990114212 38.9403452475866 44.9954022963842 47.7450639009476 52.3143857717514 60.7230563958486 76.3567437728246 94.4128036499023 114.541093508403 132.049133380254 149.855057398478 166.379034519196 176.145871480306 179.510990778605 183.536231517792 189.846853415171 186.932384967804 177.024722099304 162.760039170583 157.692611217499 158.65554412206 159.849246342977 171.929319699605 181.936780611674 183.449427286784 183.669567108154 186.694761117299 186.312198638916 187.497794628143 192.782461643219 199.752628803253 220.793525377909 226.609170436859 226.559599240621 225.244164466858 225.784341494242 228.313823541005 230.738004048665 227.900187174479 216.600298881531 209.139227867126 197.371125221252 194.095889727275 206.154624621073 217.785219351451 212.656597296397 193.580269813538 170.155922571818 171.866873900096 185.208241144816
49.6052851279577 39.709930618604 29.962070286274 21.8657925724983 22.5630477070808 34.5382044712702 56.7684272925059 70.4977909723918 85.3568911552429 92.5590097904205 115.798592567444 140.036165714264 154.670159022013 162.344425916672 167.521516482035 172.408779462179 170.624375343323 165.653228759766 158.626159032186 154.322922229767 153.887063264847 152.777095635732 162.743598222733 171.104967594147 175.641278425852 181.631445884705 184.958358605703 186.007380485535 187.399923801422 188.857277234395 195.636550585429 217.820545037587 217.11411078771 217.186709245046 219.190339247386 219.906826814016 217.198749383291 214.60235118866 206.645925839742 198.356489340464 200.287421544393 199.280381202698 206.785202026367 218.208134174347 218.968669573466 194.311658541361 164.462467034658 157.578806082408 165.758272012075 184.484501679738
78.1534810860952 62.4421089887619 39.9268021186193 23.5652104020119 18.0650651454926 24.0687653422356 41.3966899116834 59.5368047555288 67.528357108434 67.4453576405843 75.4719028870265 88.1592035293579 101.452440023422 111.978928248088 120.724896589915 133.129060268402 139.10099864006 148.210366566976 154.267817735672 158.972452084223 159.56566731135 162.765314181646 162.948975960414 165.843456983566 172.111729780833 178.080081939697 182.009041309357 185.924669106801 188.527782758077 192.162136236827 204.172730445862 215.22577603658 209.389388561249 208.252449830373 209.632754325867 209.220806757609 208.630899588267 203.79763841629 196.330547332764 197.968780994415 197.39023844401 197.883645693461 203.232864538829 207.008341948191 198.692381381989 158.37174654007 136.019895474116 145.654062430064 165.80206155777 204.736212889353
91.9678012530009 78.5668194293976 62.8921488920848 45.2094177405039 29.7080799937248 22.4389880895615 26.4331003030141 43.6205814282099 58.5166811943054 67.2852496306102 66.9887959957123 65.5052711566289 62.7285887797674 57.5542698303858 58.5872232913971 68.1772083044052 82.5625111659368 104.139109452566 125.088512897491 140.797436237335 154.561460018158 163.014590740204 159.705797831217 161.021043856939 167.758345603943 169.617692629496 174.446702003479 180.000563462575 185.698429743449 192.778627077738 204.464197158813 208.700319131215 199.70299800237 195.485810438792 195.996046066284 196.448644002279 196.463723977407 189.93620077769 186.374406019847 182.172973950704 176.960011323293 178.022623062134 185.969154040019 195.687850316366 191.905856132507 182.237188021342 192.131141821543 200.6556391716 212.812542915344 226.92745923996
93.7824447949727 90.8959905306498 83.8720997174581 71.9863027334213 53.208867708842 30.9190228581429 18.965824196736 16.6933201253414 32.4439406394958 50.9344339370728 64.4301076730092 61.7728432019552 57.8037947416306 50.7888346910477 40.4699767629305 43.0307686328888 51.8468121687571 64.9132132530212 87.7083341280619 105.744689702988 120.184987783432 134.341617425283 146.788060665131 144.555032253265 144.230922063192 151.759445667267 155.872772137324 163.876503705978 169.195453325907 180.502196153005 192.577719688416 194.706201553345 185.88650226593 180.378059546153 176.3516664505 176.842331886292 182.814637819926 181.075811386108 176.937361558278 159.936318794886 156.969130039215 166.13366206487 184.124350547791 197.132468223572 199.279288450877 208.540380001068 218.010167280833 220.172047615051 227.633515993754 227.738201618195
87.9538655281067 82.4284652868907 77.1880000829697 77.8771489858627 72.0945696036021 54.7640671332677 31.0577576359113 15.0688476860523 22.7923666437467 31.5768793225288 42.1874324480693 53.2071342070897 56.2510788440704 58.0404947201411 49.7673352559408 47.2100178400675 46.2788144747416 50.8057276407878 62.0127270619074 76.080451409022 88.6163314183553 104.806502660116 117.0933842659 120.467394590378 124.526073535283 128.38159998258 128.527065118154 139.26437497139 146.966169277827 157.870719830195 164.698968331019 167.560875415802 163.805663585663 163.194864988327 165.96328218778 168.286740779877 170.2614625295 172.803898652395 172.462324301402 166.422446568807 172.244966030121 182.570318380992 192.886273066203 195.986866950989 194.436172644297 192.233661810557 196.907897790273 212.146878242493 221.718430519104 217.572311560313
68.7164068222046 66.0798599322637 61.8727554877599 58.9069624741872 65.4105444749196 63.5433892409007 51.7109781503677 39.3718878428141 23.3821421861649 18.2570690910021 24.3818213542302 37.2074246406555 51.4419923226039 62.6778652270635 63.5830809672674 61.8440906206767 53.6212573448817 52.1015922228495 53.0055165290833 57.6525032520294 64.0845000743866 71.794976790746 83.4915737311045 91.606467962265 100.041608015696 105.348894993464 108.615050713221 112.129320700963 119.524468978246 131.025731563568 134.709149599075 137.009272972743 142.293800910314 146.724462509155 152.811189492544 156.139582395554 156.485219796499 163.152396678925 168.787995974223 178.347547849019 188.309490680695 193.239728609721 195.155262947083 194.010297457377 189.85903263092 191.740930080414 201.751947402954 209.068814913432 213.71869246165 214.780628681183
33.7990795572599 31.8837960561117 36.5257263183594 35.1620391011238 35.6077899535497 38.903646171093 43.587401509285 40.995200475057 32.9205145438512 24.0904440482457 18.3003880083561 21.9182446599007 36.7356613278389 53.4590979417165 64.5261704921722 60.0662181774775 59.3043714761734 56.217963496844 53.4984519084295 50.9900152683258 51.2794256210327 53.9333174626032 57.9931437969208 70.0164387623469 81.4773937066396 90.1329616705577 92.4283464749654 96.047967672348 103.030194838842 108.561128377914 116.743346055349 123.479415973028 132.940987745921 137.602438529332 139.030476411184 142.753094434738 149.141103029251 153.749763965607 165.657917658488 183.633426825205 191.174209117889 191.71412785848 190.823455651601 187.012076377869 186.989307403564 192.739506562551 199.798921744029 204.876065254211 204.072813193003 207.578718662262
11.1163544158141 9.32017092903455 8.47259163856506 4.70586027950048 3.38849859933058 2.84847555061181 12.4065342048804 23.2468619942665 30.4353361328443 30.3930193185806 24.0604455272357 18.5760656992594 22.6471399267515 32.8518847624461 49.932986497879 53.5698036352793 62.2718334197998 61.5392376979192 57.55581955115 50.611287355423 47.1684485673904 47.7366546789805 48.8808701435725 55.8041085799535 63.5424852371216 69.6059465408325 73.8849540551503 76.2546608845393 85.032323996226 92.7918553352356 97.9974865913391 103.912651538849 110.618819793065 116.8545683225 119.791269302368 124.163766702016 135.818690061569 146.821876366933 155.238469441732 173.298458258311 180.129190286001 180.138250192006 174.561818440755 171.708901723226 173.190991083781 173.602938652039 178.649842739105 187.593420346578 191.323935985565 197.739442189535
3.29862255603075 1.87200649331013 0.480312116754552 0 0 0 0.0840039477528383 11.9155024488767 29.76127465566 35.6748774647713 35.591629644235 29.2994429667791 20.0835826496283 19.8144614696503 31.2869002421697 47.4036832650503 61.5063607692719 65.1561319828033 64.7647430499395 58.5000962018967 53.4731050332387 55.5307616790136 56.2594582637151 58.1459601720174 60.5947573979696 61.5141193072001 63.9673471450806 70.6508805354436 72.5187063217163 75.5681892236074 84.2438836892446 88.9537433783213 89.6700620651245 91.2025570869446 101.273675759633 108.262677987417 117.288798093796 130.90326388677 136.241535345713 147.307366132736 155.863622824351 157.569040854772 157.586495081584 159.335821866989 158.099810282389 161.918848752975 162.05773750941 163.690626621246 168.644289175669 173.883318901062
4.28641339143117 0 0 0 0 0 0 0.321970379445702 2.73411348462105 22.8396852811178 34.7690234581629 45.5806404352188 39.7543162107468 31.2883953253428 28.8754850625992 44.1583395004272 56.8114221096039 68.283940354983 75.2375026543935 75.233260790507 66.7065481344859 65.8081918954849 65.6561503807704 65.4355585575104 67.5257196029027 66.9951736927032 68.4274286031723 72.7817863225937 73.9757617314657 69.5222318172455 68.4064924716949 80.2903175354004 83.0871264139811 83.7327738602956 88.1687204043071 98.7764100233714 104.345182577769 112.628300984701 117.149174213409 120.3726430734 127.100427945455 133.393903573354 141.002833843231 149.389922618866 148.725062608719 156.260788440704 155.217309792837 150.170534849167 148.509979248047 148.674269517263
12.2842689355214 0.405450933612883 0 0 0 0 0 0 0.531528028659523 14.2502958575884 32.969132065773 49.9093035856883 58.6642970641454 54.0437052647273 42.6692465941111 42.0677761236827 45.5691317717234 57.8175236781438 72.0586230357488 81.7693372567495 81.5297861893972 79.4843286275864 77.4602641661962 75.2793848514557 75.0611623128255 76.1544803778331 76.7657905817032 76.3162473837535 75.0783830881119 71.2248881657918 67.754919330279 67.7957385778427 70.4933802286784 76.0831932226817 82.1806838115056 85.0801070531209 85.5617821216583 86.8542194366455 97.5250005722046 100.64023733139 106.315672397614 112.693587938945 118.532637755076 125.811944405238 130.771289269129 137.22429672877 146.364132563273 151.050508022308 146.465351184209 140.080551306407
12.8338237603505 1.77584635093808 0 0 0 0 0 0 1.30741080890099 7.85115423301856 25.4795725146929 50.6108552217484 68.4449275334676 74.5176325241725 62.9133284091949 45.1710571845373 39.6907726923625 42.3699369033178 55.8027724424998 75.9806483983994 87.5653525193532 87.1768196423848 87.8621538480123 83.7533275286357 81.8035453557968 82.8815549612045 83.131084839503 77.9481877883275 78.5407374302546 74.3634849786758 67.142774661382 67.470242579778 61.4357690016429 56.7039549350739 59.7453763087591 71.017732222875 67.1702921390533 69.3853149811427 73.6104001601537 79.8103312651316 85.3709181149801 91.0754501819611 94.6406324704488 97.1482793490092 111.441145340602 117.674807707469 130.834966897964 141.395678122838 141.790151596069 137.618641058604
9.72976783911387 3.28430719673634 0.00277180091264502 0 0 0 0 0.529471474389235 2.45493650436401 3.04942205548286 16.4897814393044 34.3575874964396 57.1175962686539 66.2034849325816 72.8891938924789 66.5013541777929 61.3499134778976 52.0240267117818 47.7612316608429 55.6374589602152 75.6944715976715 90.3706351915995 93.8005248705546 93.2593444983165 88.6340240637461 89.1035596529643 92.554767926534 88.3113443851471 84.4420293966929 87.4210000038147 79.0493339300156 65.7311032215754 55.1117261250814 51.5903383493423 47.1076269944509 44.3433920542399 46.4439491430918 45.2691564957301 54.3100585540136 60.3812634944916 65.3912673393885 72.6733605066935 76.2482881546021 77.9541730880737 94.1690504550934 105.457961559296 110.710024833679 119.347552458445 127.616981665293 132.672866185506
7.05402965346972 4.03371142844359 0.411542830988765 0 0 0 0.0823827770849069 2.70472591121991 7.13533473511537 11.7235208551089 15.9840534130732 25.6629859407743 44.3572749694188 62.0853453874588 74.5591074228287 81.7393064498901 82.7161471048991 75.2016951640447 60.9025458494822 49.6871074040731 58.4391206502914 80.0755669673284 88.3301198482513 94.1700239976247 94.9260195096334 98.4169940153758 97.3524451255798 102.047046025594 96.0725645224253 89.7607107957204 78.7034283081691 72.9727347691854 59.3726138273875 46.626091003418 37.3623097936312 34.1040839751562 37.7128918965658 34.2377573251724 39.1475756963094 44.3643530209859 46.7245628436406 51.5047907829285 56.4225415388743 62.8985812266668 71.5650469064713 85.153470436732 93.0432677268982 95.8619515101115 101.156800985336 111.619234085083
7.75308534502983 9.12762681643168 8.26343148946762 0 0 0.39911021788915 2.86940392106771 5.78345358371735 13.6008846263091 22.622620066007 27.3179809252421 31.1250487963359 39.9085953831673 52.542120218277 63.9561116695404 73.7856527169545 81.7109445730845 84.0399563312531 82.0636997620265 68.6156253019969 54.4685373703639 65.2312884728114 74.9505062898 85.8965416749318 96.7949032783508 105.0825715065 105.216314395269 102.490822474162 94.050536553065 94.9154893557231 83.2838614781698 71.0838337739309 55.5934806664785 47.1783429384232 38.9579012989998 28.9764056603114 23.5438421368599 21.6656054059664 24.1607502102852 26.7683118581772 30.5560355385145 35.1636658112208 44.1406865914663 50.0165124734243 53.7164956331253 70.4781214396159 76.1108249425888 80.1437596480052 82.3908001184464 91.7114615440369
8.37390000621478 7.23552145063877 9.06637993951639 2.99216372271379 0 3.72245038549105 4.28875132153432 6.33437434832255 7.75215588510036 23.6857384443283 29.8555344343185 29.7443891565005 31.3672771056493 37.9602983593941 47.9147086540858 61.849037806193 69.7830766439438 77.7808278799057 81.9543749094009 83.1105560064316 76.5283902486165 65.3443435827891 69.2205975453059 77.7688523133596 89.5362297693888 99.3515849113464 99.7009873390198 105.893164873123 96.9315767288208 88.8659358024597 74.5272785425186 72.5981146097183 57.6533128817876 41.8710013230642 33.317727347215 23.0149055520693 14.4530907273293 10.433333615462 13.3133704463641 15.8452428877354 19.4404299060504 29.2876263459524 35.2027490735054 38.1881073117256 39.5247489213943 48.9887843529383 58.2929203907649 65.5896464983622 73.8431463638941 81.0662110646566
12.2936144471169 6.3763086994489 3.28258766482274 5.75735047459602 3.1602056697011 4.98892677326997 4.33361623436213 6.85038479665915 8.46447423100471 19.7014237443606 23.2678204774857 23.8183562954267 23.8859206438065 26.9700984160105 33.2102005680402 45.3145603338877 55.2161633968353 64.2270545164744 72.4912236134211 86.0390663146973 91.9484198093414 83.9354693889618 81.6546380519867 85.9068830808004 88.8989667097728 91.8765266736348 94.0125584602356 89.7854566574097 86.4153901735942 86.2056811650594 73.0034410953522 54.5110205809275 44.139951467514 30.3090984622637 21.3878701130549 11.2479912738005 5.52562562127908 1.67715239028136 2.4370183236897 8.16581149895986 11.2449837227662 22.7129360040029 26.7338405052821 27.7044276396434 34.2969372868538 39.413146674633 45.3754812479019 53.6168267329534 65.993994474411 69.1102892160416
30.3685466448466 19.7262739141782 9.26463926831881 14.2073556780815 12.5071319441001 3.9872561270992 6.02195039391518 9.07302523652712 11.730931699276 17.5616070628166 20.769772430261 20.7656621932983 21.2690631548564 20.2473228176435 25.2508595585823 36.4134187499682 48.072208960851 58.7982982397079 66.2978688875834 80.0146808226903 86.874395608902 100.432058175405 107.483178377151 105.148096879323 99.3064443270365 90.3535087903341 87.6008868217468 81.4071347316106 80.5520365635554 67.2250439723333 60.6819887955984 39.3810942769051 24.8375584681829 11.2222035725911 0.155286766433467 0.211004827482005 0.249631508874396 0.235845218412578 0.216433545574546 0.226346465448538 1.23239510382215 7.1931133667628 9.75347061951955 15.2967609465122 24.6142124136289 31.5274819731712 38.071612517039 42.7501251300176 46.1110522349676 49.254169066747
