input/barkrak2/radiation/dir00624.grid
NCOLS 85 
NROWS 70 
XLLCORNER 665100 
YLLCORNER 4664600 
CELLSIZE 20 
NODATA_value -9999 
[rows 46 to 68 of 70, columns 0 to 51 of 85]
48.7356980641683 50.2806454896927 52.9016156991323 54.820125301679 54.6136200428009 54.5144031445185 56.3736110925674 58.2348455985387 54.9358030160268 53.7674774726232 53.1643132368724 52.4722437063853 49.0987449884415 46.2410797675451 46.1875547965368 49.4023412466049 47.5888798634211 42.9605940977732 46.6444790363312 46.2662080923716 43.817068139712 44.3400591611862 44.7399367888769 43.7518358230591 51.5535970528921 46.1821059385935 47.3609467347463 47.6007958253225 47.0174551010132 46.3493764400482 45.3614294528961 42.5085922082265 41.4160937070847 41.2603616714478 43.6788896719615 45.1343605915705 46.5594530105591 50.5563567082087 52.4043887853622 48.8883604605993 48.6171344916026 45.2438245217005 49.9185472726822 54.8494855562846 46.9444841146469 22.2979485988617 0.680952876185377 0 0 0 0 0
43.0424362421036 45.3214546044668 50.4934787750244 52.1625975767771 55.6054810682933 57.189812262853 55.3899904092153 55.1289170980453 55.3109149138133 57.7614605426788 55.0650656223297 51.9921034574509 50.6263077259064 50.8161137501399 48.8650302092234 47.8075991074244 47.6356943448385 40.7258520523707 44.368972380956 45.5814103285472 42.3772186040878 43.373038371404 46.2814072767893 41.2995417912801 44.7645137707392 46.0990766684214 42.0890748500824 44.7418242692947 46.7286159594854 45.375516017278 46.982079744339 45.7106381654739 41.6633213559786 43.8471784194311 53.9397895336151 56.9324791431427 52.8207371632258 47.9367673397064 50.5576978127162 58.0137272675832 50.6185342868169 46.2311754624049 52.4943172931671 57.2300205628077 52.0781129598618 37.0056107640266 8.82579199969769 0 0 0 0 0
36.5654180447261 39.5979012052218 44.5590515931447 47.7733065684636 54.0345907211304 57.3863287766775 54.5495847860972 52.9069056113561 56.8459977706273 59.089536468188 57.1881880362829 53.575207789739 52.4117300907771 53.2215088605881 50.9930998086929 46.3138868411382 45.8754599094391 40.7584359248479 44.6573843558629 47.1751640240351 46.4717894792557 46.512246131897 48.3196477095286 45.8373377720515 43.0810650189718 46.6302285591761 45.6963280836741 49.4198501110077 53.5174359877904 55.2997638781865 59.0589543183645 59.551606575648 50.8195559183756 52.1409908930461 58.9216500520706 65.9229507048925 64.5643572012583 55.1979492108027 52.3270318905512 55.3355117638906 49.8623152573903 44.2422181367874 43.9384579658508 44.2735701799393 43.155163526535 42.4088935057322 32.0269887646039 1.70707609504461 0 0 0 0
35.5752954880397 33.6536839604378 37.6737241943677 45.0066228707631 50.4668007294337 53.4183283646901 56.1191538969676 58.6914370457331 60.073067744573 56.8262040615082 58.9083731174469 58.9830577373505 56.0588339964549 53.3275008201599 52.1344641844432 48.1983224550883 46.9831724961599 44.5808470249176 47.5507030884425 51.261971394221 52.0852506160736 52.1154155333837 50.5048235257467 51.0365764300028 46.2502936522166 49.0682472785314 52.1797637144725 57.7753732601802 62.8285904725393 68.159689505895 73.5523849725723 73.3774751424789 66.2573873996735 59.5244765281677 59.0870877106984 60.3537807861964 70.4460938771566 62.5729958216349 54.1463295618693 47.3911414543788 43.160746494929 43.8243250052134 44.5607205231984 41.1160464088122 38.062239686648 38.196270664533 24.3743062019348 7.44713035722574 0 0 0 0
35.8002930879593 39.0082399050395 42.4385964870453 48.220306634903 48.7805704275767 49.1123298803965 56.5993338823318 61.6268416245778 61.6329511006673 61.3399048646291 61.1872971057892 61.2849245468775 57.9738666613897 54.1466722885768 53.9979636669159 57.5827658176422 50.5427221457163 50.6536463896433 52.2205531597137 55.7208011547724 55.9939543406169 54.0630122025808 51.8797139326731 52.9283732175827 47.7437476317088 52.2025575240453 56.6017280022303 59.7337732712428 69.328377644221 74.597770969073 80.4356038570404 82.9800466696421 75.532595316569 63.8392468293508 47.1325765053431 49.0555912256241 58.6585154136022 67.0360426108042 58.895339568456 45.1567669709524 39.7795190413793 44.3398157755534 48.1588741143545 43.7416086594264 40.4692739248276 37.8664533297221 22.1601997812589 11.2457474072774 0 0 0 0
36.5534822146098 46.758567293485 48.8695005575816 50.0876208146413 48.120786746343 47.8475391864777 55.1342616478602 60.2383861939112 60.2177133162816 65.140038728714 62.8946075836817 62.1793568134308 60.023491581281 56.1478237311045 56.0820450385412 61.8326564629873 55.7689120372136 54.1121363639832 51.7027328411738 53.306038180987 53.0969748894374 51.4634350935618 51.9854327042898 48.5776960849762 47.0703095197678 49.3727972110113 51.4809836943944 53.1856417655945 58.4133019049962 67.6369021336238 76.1732558409373 82.9449792702993 75.4218796888987 57.9303503036499 19.7208486497402 19.2189812660217 25.9056140979131 51.1256754398346 59.2316091060638 63.1902515888214 57.1292042732239 48.2618312040965 42.0190195242564 38.9300982157389 43.1958337624868 38.1574034690857 22.0248351494471 16.1983805398146 0.254105601925403 0 0 0
39.881244301796 38.4557321667671 37.6575315992037 39.7489815950394 45.546551545461 50.6612956523895 51.5812983115514 57.117427388827 56.9878220558167 61.5529716014862 61.8480046590169 63.8846009969711 63.6308342218399 59.3628187974294 58.3514273166656 56.6490888595581 58.5048993428548 52.8919001420339 48.3911484479904 46.4929242928823 45.7389603058497 47.3003089427948 48.7611840168635 44.4323867559433 44.8354780673981 42.0504808425903 44.4843719402949 44.8896338542302 47.2817569971085 50.081064303716 53.5169889529546 66.8463706970215 63.4267777204514 35.617729028066 15.7436976830165 8.58357176184654 9.36115967730681 17.4836342533429 41.7052855094274 56.8545957406362 62.4649027983348 51.6036748886108 36.8794724345207 33.6692134539286 37.8537500898043 25.5201136072477 21.4697594443957 31.3939899206161 16.1079255243142 0.024040035593013 0 0
42.2161867221197 33.4583645065626 31.5519869327545 36.2463742494583 46.4356938997904 54.3486028909683 54.1205555200577 55.2275329828262 57.7854961156845 58.2226018110911 60.2165212233861 62.8660668929418 64.5341773827871 63.4746650854746 59.7358296314875 57.3750634988149 59.9229683478673 53.6403854688009 49.291397134463 49.8180091381073 49.9087671438853 47.7574417988459 46.5836673974991 44.0805852413177 43.2099451621374 41.5393759806951 40.9411589304606 41.6734466950099 40.2098695437113 39.519930879275 32.3287794987361 38.810874025027 42.5552974144618 22.6091196139654 17.2795789937178 9.408221890529 1.92665091405312 0.9127634887894 8.53683737417062 23.2910464207331 44.2934284607569 40.5935595432917 35.0687752167384 30.8316648006439 21.4004268248876 22.3631983002027 20.274152358373 37.4099562565486 44.3667670090993 25.9617914756139 2.02812409649293 0
42.4075076977412 37.395345667998 35.6101915240288 40.4721970359484 48.8951206207275 55.7916611433029 58.6885462204615 55.0439059734344 59.3420763810476 58.0606559912364 61.5437229474386 63.367356856664 64.6441330512365 66.3120845953624 62.1403257052104 61.9994103908539 62.0270967483521 58.0222457647324 54.4034938017527 54.9718240896861 54.4113218784332 51.0378231604894 48.799862464269 49.4859466950099 46.5291738510132 45.4843640327454 42.6136354605357 39.8795530200005 35.3250056505203 32.9590166608493 25.8811513582865 30.2928338448207 37.7884631355604 39.9836947520574 38.1764521201452 28.0869777003924 9.72122823198636 1.91125087440014 1.1345202413698 5.59843083222707 19.6040645241737 23.6229225993156 19.8916395505269 14.3199985225995 14.0645330150922 19.167340050141 21.0457593202591 26.2667313218117 40.4572089513143 44.6268767118454 27.6853889226913 0.57076682181408
45.3282445669174 43.9663082361221 40.7748371362686 39.80553150177 45.1790342728297 55.075615644455 56.2902688980103 54.7692775726318 56.7488670349121 61.6923719644547 67.7053928375244 68.254550298055 66.7075961828232 67.1537816524506 65.3184950351715 65.0795698165894 65.4890636603038 62.9809498786926 59.4753970702489 56.0775448878606 53.6114126443863 52.539716164271 53.7635485331217 56.2570641438166 51.9642929236094 50.3345231215159 41.975071032842 35.494772096475 30.0137350956599 27.4115155140559 27.8688097993533 33.1115797162056 41.6023259361585 52.4771312872569 57.3968688646952 55.7735512653987 40.8967460195223 28.0478248993556 16.747560352087 4.95035791148742 9.87849508722623 19.1743299365044 19.7062554458777 14.237937827905 13.8026972611745 28.3195351560911 46.1735924084981 39.8246298233668 34.9293798208237 40.5044679840406 31.0302153229713 7.44900479912758
47.7536221345266 47.162468234698 46.1273789405823 42.9851909478505 44.2200303077698 52.5868137677511 54.4229000806808 54.7575155893962 55.0070703029633 63.6802117029826 71.0864365100861 70.2023655176163 65.9692684809367 68.3356771866481 69.5168673992157 64.0123685201009 66.1720285813014 64.2977555592855 60.3694717089335 57.93097615242 57.5965245564779 57.8443109989166 55.5366724729538 53.722932934761 51.0348280270894 45.6392467021942 30.2238663037618 5.49993167320887 4.43155008057753 15.6150236725807 25.7334833343824 31.0090035200119 39.8591607809067 47.1157530943553 57.9475462436676 61.1702899138133 59.7960700591405 52.2517412900925 40.8987998962402 22.816280523936 11.4469155669212 19.3120216329892 37.4171261986097 37.4699185291926 31.0500015815099 48.5320190588633 71.8966076771418 61.4503671725591 40.9265632430712 29.3237293759982 14.4728360076745 8.55698001881441
46.7033882935842 44.8742657899857 48.299973209699 49.3230322996775 47.1040109793345 49.558569987615 54.5682807763418 55.3084661563238 55.9437970320384 63.4495764970779 69.7410106658936 68.1415696938833 63.8575355211894 67.3390626907349 70.7712074120839 61.8368983268738 63.2538050413132 62.4700685342153 61.1547082662582 62.0789229869843 62.4749561150869 63.7957702080409 59.2391192913055 52.6648412148158 52.2387474775314 48.0695466200511 32.6113676031431 15.8583844701449 15.3330465157827 22.1058229605357 32.1536734700203 34.7901110847791 48.4763284524282 57.8052351872126 68.2924737532934 61.7433240016301 58.3828787008921 23.4915986657143 23.8334288199743 24.3788262208303 27.3842612902323 37.0796248316765 42.0711537202199 22.781565785408 17.482773711284 21.4888205130895 42.6251441240311 48.6962795257568 36.6365512212118 27.3197293281555 20.0720702608426 14.6238083640734
36.373699704806 43.3016618092855 46.5196818113327 49.1399218638738 49.2767790953318 46.2706238031387 54.8268755276998 58.2315921783447 58.9740375677745 63.9166484276454 65.8061256011327 65.4844840367635 64.9427473545074 63.7215475241343 64.9743179480235 61.7130796114604 58.9989721775055 62.0777656634649 64.104825258255 65.4356827338537 67.8134759267171 63.6151234308879 62.2508525848389 57.2881698608398 55.4074992736181 55.171142021815 50.0095536311468 44.0615912278493 43.9661691586177 44.3069090445836 40.9929404656092 40.7541319727898 56.9867293039958 69.9962874253591 49.7231284777323 45.2521443367004 28.2258242368698 11.6649642586708 4.03599565227826 9.40484429399172 9.37776143352191 35.1747125387192 44.8385328054428 38.1897290547689 26.7211149136225 27.8406192859014 40.6774530808131 44.8524753252665 42.2032177448273 36.0036765535673 30.1593840122223 29.1637356082598
27.7297248442968 41.0266717274984 44.721931219101 47.4502891302109 50.2824435631434 46.7102825641632 50.5743126074473 57.6460858186086 67.5576279560725 68.9884126186371 64.5800630251567 62.2022797664007 64.6679153045018 64.0963912010193 64.1723076502482 61.8427395820618 58.7405463059743 61.336358388265 59.7348113854726 57.2233150402705 59.0443909168243 59.376393755277 58.0517550309499 56.5197914838791 59.0584774812063 63.214252392451 70.5733199914296 70.2136506636937 61.6716543833415 56.1309357484182 45.6422517697016 38.4788264830907 46.452467640241 48.2195417086283 20.1847751935323 13.7693633635839 12.970266242822 7.37310821811358 0.588685895005862 0 0 12.2853244344393 40.0672828157743 62.6472135384878 68.0644909540812 62.5264793634415 60.2146089076996 60.6744786103567 60.307502746582 49.937496582667 39.698950946331 49.3555814027786
29.5092239975929 38.3799225091934 45.1095948616664 47.3233958085378 48.9375988642375 49.0695983171463 43.9280569553375 52.7151475350062 71.789542833964 70.5112715562185 62.5301599502563 59.4389686981837 62.0136509339015 65.9574866294861 65.1423434416453 62.1434698502223 61.3328715165456 59.217760960261 53.3629407485326 46.7532724142075 46.6992557048798 50.6600687901179 51.4076302448908 54.8221369584401 56.6751062870026 63.7666831413905 78.5797288020452 83.7371945381165 65.8497760693232 53.4349729617437 44.6272591749827 32.6689432064692 35.4779114325841 37.078765531381 18.5879468917847 9.95373105009397 10.9072960913181 15.7661785682042 8.95213273664316 0.898832765718301 0 2.13829878096779 20.4456821084023 43.5571720202764 46.3441461324692 47.4733412265778 45.2072670062383 46.1778491735458 51.7657597859701 45.7578102747599 46.2209482987722 78.47494383653
40.0563552975655 42.8609351317088 44.8349316914876 41.9313410917918 36.6567249099414 33.117949962616 40.3031234939893 45.6455051898956 54.9167493979136 51.0857552289963 47.1987078587214 53.0606210231781 61.0117167234421 63.1082753340403 59.3620836734772 61.2314691146215 61.5599552790324 56.2750995159149 48.9263037840525 44.0074304739634 43.4925506512324 44.2627022663752 47.8017429510752 50.6804386774699 52.993098894755 57.2324097156525 69.3633655707041 77.6429076989492 66.1024351914724 50.4875232776006 43.2818432648977 29.400922358036 20.6029750406742 40.2967681487401 37.1605356534322 17.6649627586206 17.631858587265 39.2466435829798 41.0685539245605 28.0128344893456 6.17189581195513 3.13256898274024 11.4739984273911 18.4444884459178 17.242856323719 18.9237159987291 21.343007683754 23.5681608319283 23.0027263363202 38.9865438143412 59.0345164140066 110.59159040451
50.7733623186747 47.6232568422953 44.0673579772313 37.5722845395406 28.5482083757718 23.0155910054843 31.2939534584681 32.2755401333173 23.2844079534213 21.9488864143689 33.8249529401461 43.3292339245478 49.9331653118134 53.8390676180522 56.8655133247375 66.8194691340129 69.4769322872162 61.3010227680206 53.2593727111816 49.9553779760996 47.618622581164 47.1157133579254 48.1143742799759 47.367662191391 48.2591092586517 53.0790636936824 60.8992675940196 62.749574581782 57.881365219752 39.4801969329516 39.0274400512377 34.2780500650406 30.3352152307828 48.2335438330968 54.6666334072749 43.2025343179703 33.6413383483887 21.5095678965251 26.7230520645777 31.1319306492805 21.5895970662435 9.50365886092186 11.1645882328351 11.5957036614418 6.44517379502455 7.79089704155922 14.8023913304011 16.8201463917891 17.8813238938649 39.1853501399358 83.5214654604594 126.156697670619
53.3824811379115 47.1592346827189 42.6544000705083 39.0665878852208 32.4181293447812 26.9840881228447 23.0375081300735 18.5039266943932 4.50946949422359 12.3167869945367 27.9221087694168 39.2487123608589 38.9649420976639 46.1915781100591 59.2426906029383 74.7070411841075 79.9684921900431 73.2341061035792 65.1000837484996 61.3619635502497 56.346669793129 54.5056015253067 54.1574060916901 49.1446057955424 45.6879685322444 48.4632452329 46.6867337624232 49.7446209192276 46.5333014726639 32.5254226724307 31.1781739195188 32.5937271118164 25.1986136039098 46.4053153991699 70.2426979939143 73.3047872781754 48.3944912751516 15.4930564264456 12.2219050923983 17.4684462447961 17.9227665066719 15.6589522957802 16.6890521844228 15.7376391192277 9.07156057655811 5.9749148786068 11.9594422479471 17.8782207270463 27.7796511848768 51.714966694514 114.204247792562 145.171085993449
55.7872802019119 50.6767729918162 49.4043131669362 50.4334270954132 47.3028520743052 41.3613046209017 36.5922922889392 37.0056753357252 35.7696463664373 41.3026139140129 48.8521655400594 54.2666713396708 54.5565982659658 49.9148269494375 59.7986628611883 75.1270850499471 85.2211515108744 85.2977136770884 78.3660660187403 69.022128979365 63.4113301833471 59.1022372245789 56.7229092121124 58.7285111347834 51.6203145186106 41.5116871396701 39.1645878553391 40.5692309141159 39.5998631914457 38.8268828392029 20.2887331446012 18.5316999753316 15.1016153395176 23.3349750439326 76.9694149494171 87.1574878692627 55.4578552643458 19.2343555390835 7.06936108569304 7.18429001669089 10.1506840437651 7.95942979554335 17.3259737590949 22.8776857256889 30.4252753655116 15.5322241286437 14.5584320028623 33.2926362752914 57.6644589503606 100.891848405202 132.880508899689 146.053155263265
56.5633277098338 53.9079507191976 54.0531675020854 55.4658869902293 54.887259999911 51.3551831245422 51.1243492364883 58.6553166309992 74.4992196559906 70.5887575944265 62.0127618312836 62.8071129322052 68.7387535969416 56.8058838446935 58.0398937066396 66.0878519217173 74.5113144318263 81.6534111897151 82.4065605799357 75.7410774628321 70.2216227849324 63.687135775884 60.9922309716543 57.7387809753418 51.4929393927256 40.8960531155268 29.0884176890055 30.5329710245132 33.5977077484131 18.0906529227893 13.1555634240309 11.3003924489021 6.95915209750334 6.00922790666421 70.5778996149699 88.6270503203074 69.6601370970408 57.3693017164866 27.0349433024724 3.2030592362086 0.152020637566845 0 9.44182152549426 33.7658325831095 39.7317757209142 30.6559776266416 29.3840120236079 51.2433846791585 106.975456078847 150.640408198039 144.140978654226 132.114400466283
55.7520091533661 52.5060792764028 47.1558173497518 42.6839689413706 43.0040905872981 44.8676993449529 44.9515382448832 56.5556685129801 66.5351251761119 61.4360769589742 52.1860818068186 52.0432889461517 63.357949256897 58.6573084195455 54.9961626529694 54.0546675523122 54.8523763815562 61.8228365977605 71.8339532613754 75.9647438923518 71.8081146478653 66.0782108704249 59.5386872688929 54.4614146153132 47.5521783034007 40.734700858593 29.0171553691228 17.9349817335606 29.7802935043971 27.1546294291814 13.089194893837 8.1161887695392 1.84533667440216 0 0.0807064110025143 78.773245215416 85.7036014397939 96.2518254915873 77.9053668181102 30.2752430240313 2.53670864428083 0 2.8534314284722 18.6401729782422 45.0602769851685 64.2170310020447 84.6244891484578 134.14536913236 174.386938412984 184.621651967367 169.528126716614 137.518803278605
57.8960875670115 55.8702995379766 50.158883134524 43.5704092184703 42.0798162619273 44.7691231966019 37.5604877869288 34.9132170279821 36.5308324495951 33.394900461038 26.6688813765844 24.2352510492007 27.7813424666723 45.8849370479584 52.6827772458394 47.2133060296377 36.5147863825162 32.626673579216 44.2839463551839 64.1596813996633 66.0188992818197 60.5796327193578 54.0498793125153 50.7277150948842 44.4015264511108 38.5868226488431 32.4580644567808 11.5788082281748 15.3565506140391 35.5477730433146 19.1591841479142 12.156568467617 4.43723456313213 0 0 57.7487548192342 98.3514984448751 112.898647785187 99.2848078409831 70.2953189611435 37.7091368039449 9.02883025507132 5.87053286532561 23.4661400318146 54.019421339035 116.199225187302 156.750659147898 186.95342540741 195.883492628733 195.179065068563 185.509622097015 157.126158475876
59.5610042413076 59.4809701045354 56.9769938786825 53.4956157207489 51.648274064064 50.9043832619985 36.0853125651677 22.6023122668266 22.8087157011032 25.0158260265986 22.4226539333661 19.8486683269342 21.0149635871251 41.9956147670746 55.4826706647873 46.3658720254898 28.3021579186122 16.4064491788546 19.6836193402608 34.583643078804 45.0502087672551 48.2454051574071 48.9229510227839 41.7704284191132 37.5639845927556 33.0583179990451 15.9156831602255 7.19100485245387 10.7902983824412 38.6669511596362 47.3180164893468 40.3860559066137 20.9890057643255 0 0 37.5468730926514 91.6966100533803 99.9762018521627 80.953707297643 77.9060224692027 82.6441297928492 67.1354134877523 45.3640818595886 59.8831474781036 111.250142256419 155.721008777618 178.820868333181 189.80618317922 191.581825415293 189.186791578929 184.220214684804 162.201037009557
