input/barkrak2/radiation/dir07624.grid
NCOLS 85 
NROWS 70 
XLLCORNER 665100 
YLLCORNER 4664600 
CELLSIZE 20 
NODATA_value -9999 
[rows 21 to 41 of 70, columns 0 to 45 of 85]
89.3067320187887 76.4137754837672 67.8096612294515 88.4456435839335 84.936648607254 54.168755809466 57.110254963239 70.2196210622787 76.3458708922068 80.3879896799723 83.1626504659653 82.9250812530518 84.1475526491801 83.9566886425018 92.241366704305 106.687188148499 122.245669364929 133.303453524907 144.407778978348 160.884300867716 170.683125654856 184.76257721583 187.560677528381 183.309475580851 171.23144865036 162.506371736526 150.077124436696 144.954075415929 150.266488393148 132.088889678319 126.180410385132 97.9196131229401 80.0864845514297 57.6171974341075 60.8533521493276 70.384273926417 95.6913034121196 111.172656218211 131.374955177307 137.936701377233 140.740205844243 146.04174097379 139.272689819336 121.303220589956 146.040598551432 158.694982528687
133.082191149394 130.471348762512 109.558641910553 108.966827392578 106.312771638234 73.2183208068212 79.2888949314753 78.4544299046199 74.0908533334732 74.7270286083221 82.7458550532659 86.4935219287872 91.5383497873942 91.6462143262227 95.3035553296407 103.33925485611 117.571741342545 129.853149255117 137.011845906576 141.531705856323 146.101415157318 162.5723640124 175.495147705078 177.215456962585 171.677609284719 164.721349875132 147.270659605662 140.603601932526 147.34141031901 125.128040711085 91.6546881198883 55.7409425576528 38.5832985242208 18.3580393592517 9.54316059748332 24.0419954061508 46.6812600692113 74.9159902334213 85.2306584517161 103.961904843648 113.823384046555 120.791415373484 109.647085269292 85.3554606437683 111.879299084346 148.68418375651
170.801222324371 163.176109393438 129.725784063339 115.777095158895 112.064182758331 107.237428426743 97.5264211495717 80.8287461598714 68.6960518360138 71.6350972652435 86.5836441516876 90.2173022429148 97.5531041622162 106.604933738708 104.444235563278 105.853935082753 113.750944534938 126.82256102562 132.185479005178 124.339868625005 124.956170717875 130.131552616755 144.320537646612 155.282686154048 160.003423690796 157.725433508555 142.670184373856 133.775293827057 113.369335730871 71.8555053075155 55.9640775124232 44.4929152727127 17.7042558789253 0.286372029222548 0 0 10.7385305066903 29.9699331323306 42.0838842789332 51.8090228239695 54.8528432846069 51.0278791189194 60.5512460072835 94.6462452411652 106.830030679703 138.211677471797
165.704905986786 162.191232045492 147.447566191355 119.577308495839 102.737506230672 106.296757857005 97.771684328715 90.0123417377472 78.2506863276164 74.7087399164836 82.3198656241099 87.1153771877289 89.3331567446391 102.930764357249 103.928913672765 104.631791512171 111.837724844615 123.615841070811 131.193081537882 122.746884822845 123.216559489568 118.501474459966 128.259261449178 136.344383160273 141.384810209274 137.67213622729 130.888919035594 120.040416717529 101.8319328626 52.5883932908376 46.4531431595484 45.9570686022441 25.7704655329386 0.548233976587653 0 0.540484053393205 5.87766617536545 18.1385899583499 21.0582464933395 20.9120934208234 24.8902415235837 18.8648005326589 39.3168727556864 120.87619304657 126.904944578807 137.112458546956
152.75584657987 157.558550437291 157.716482877731 128.281275431315 103.655676047007 106.498797734578 110.811601082484 113.22084069252 114.289899667104 100.569585959117 94.072163105011 100.087225437164 105.330169200897 113.956868648529 115.451256434123 109.113603830338 111.823459466298 123.999178409576 130.957315365473 135.434736808141 137.724975744883 133.521904548009 129.527539014816 127.336551745733 129.708458979925 126.902292172114 119.398693243663 113.581836223602 89.5387132962545 74.14377729098 73.5808362563451 84.1310719648997 77.3087193568548 21.3645150264104 3.4299719457825 8.40284799536069 10.2156388262908 11.92914818724 17.3315679033597 12.5848402579625 8.35215424497922 13.3592362205187 53.3005744218826 115.619033575058 142.190118630727 148.183902104696
151.701390743256 156.957149505615 160.672217607498 137.325098117193 120.720644791921 125.420252482096 133.454382419586 140.293141206106 144.307166337967 140.268037716548 121.399889389674 123.024106025696 123.789966106415 132.431656122208 131.073067585627 120.138923327128 117.583851019541 128.277401129405 135.642180840174 149.095167716344 154.543578624725 151.155283053716 139.965424935023 130.732695261637 129.761348168055 130.928178628286 120.758205652237 119.167745113373 107.824762662252 109.064002831777 124.414533376694 148.455888032913 157.197415828705 141.718685626984 61.9737009207408 24.6658225854238 22.0160136620204 22.1781531969706 15.2088018755118 7.57740375896295 21.1627135674159 53.7248899539312 95.7039296627045 116.704712311427 137.36758629481 134.620408217112
153.573622306188 152.189016342163 152.670959631602 142.446835835775 152.305493752162 151.904086271922 157.429585854212 158.053447802862 159.824818372726 158.403793970744 137.781719366709 129.899243513743 130.518287420273 130.586167176565 133.167326450348 127.829442421595 121.706455945969 130.26683529218 145.898004372915 152.55668759346 152.569035689036 142.070482174555 138.303776582082 140.231370925903 139.289756615957 137.562880913417 132.689903179804 131.192694107691 144.569138685862 152.877648671468 167.498131593068 179.451962312063 188.941538333893 200.204769770304 166.109055280685 65.4585808515549 34.6382781863213 24.5200966795286 15.7896143694719 13.9084868133068 41.3047547141711 120.077222585678 116.639236609141 101.03452205658 101.826290289561 104.009429613749
156.208594640096 144.670754671097 145.852307478587 147.453496853511 175.021171569824 163.683940966924 157.075146834056 147.350132465363 143.517394860586 137.728899717331 127.62654821078 114.676137765249 115.596959988276 125.927676757177 132.951269547145 136.65642340978 129.225472609202 127.411127090454 139.72341020902 142.299950122833 140.533318122228 132.174263397853 134.229073921839 141.968727111816 144.656707843145 140.060345331828 142.24444826444 135.799378156662 153.894613186518 169.569810231527 187.572995821635 199.532111485799 206.485986709595 208.124617735545 206.446488698324 136.492381493251 33.3991597096125 10.687426974376 6.36331550776958 13.583704829216 59.6531430880229 112.00276017189 98.1714526812236 72.0475415388743 69.3183888991674 69.4666057825089
156.224032243093 138.100812832514 139.85284169515 155.999610821406 173.53489001592 161.838392416636 141.134073336919 123.961726824443 108.460793892543 100.979308287303 97.6513226826986 95.0517257054647 109.345018863678 124.232510725657 132.87619749705 141.675074895223 137.071927388509 122.834086418152 129.99372680982 133.201897144318 133.328894774119 133.544395367304 134.402354558309 142.465849717458 148.707260688146 143.513411283493 148.195485273997 146.124809980392 153.137892484665 174.318194389343 198.859492937724 212.939977645874 212.311367193858 211.351176102956 222.488721211751 211.045424143473 127.160131931305 38.2465124130249 25.453453262647 29.1514744361242 53.7823488314947 68.4525469938914 76.1147836844126 50.0965068737666 44.5987929900487 54.4117093086243
152.808686097463 157.282014687856 184.958179791768 226.921558380127 207.172691822052 168.801267941793 133.522222439448 99.6535420417786 87.2922837734222 94.6456789970398 83.6214919885 78.502098719279 100.560029347738 121.945569912593 137.623329957326 144.901851812998 144.453316926956 130.316118399302 129.981338977814 135.487904151281 132.04691807429 138.778189818064 140.843331813812 144.896556933721 150.621920824051 155.567834774653 155.775527159373 156.101802984873 158.43587120374 186.334987481435 209.249794483185 218.597670396169 214.479982852936 222.074747085571 234.721302986145 239.715059598287 220.437248547872 167.935530344645 83.4360122680664 46.2382485469182 38.7015591065089 40.3969089190165 56.6633095343908 46.3532904783885 41.3036867976189 58.3536624908447
170.612851778666 207.79025554657 254.467864831289 277.532676855723 269.132812817891 217.508514722188 160.363783439 121.602088212967 110.162178675334 113.64342768987 100.826998551687 84.0714772542318 95.5802500247955 120.893528064092 141.00303252538 149.60640668869 145.233611265818 140.723019838333 134.199966986974 136.943608522415 137.426167726517 140.756209691366 145.327587922414 148.090183734894 153.170138597488 166.043678919474 166.179041067759 173.253436883291 179.988582928975 194.607635339101 212.4050060908 221.238851547241 223.757902781169 232.053319613139 237.889309724172 235.004166762034 232.54116376241 229.959925015767 164.230902989705 81.5603335698446 43.6861018339793 41.238434612751 45.5597788095474 51.33056640625 61.449001232783 83.7035675843557
231.847723325094 266.337891419729 284.780462582906 284.32309627533 292.473196983337 274.908820788066 233.830591042837 193.439424037933 164.606889088949 143.971572319667 135.907202959061 116.83914065361 98.1367627779643 117.516030867894 144.085854291916 149.886101484299 144.646465778351 147.887488206228 136.190553506215 136.218766371409 140.239904324214 141.614258289337 144.345462322235 145.096013943354 151.540646950404 167.49366124471 175.505995750427 184.487303098043 190.64849615097 196.669856707255 211.435894171397 224.325954914093 224.811772505442 221.522053082784 221.104502677917 208.617111047109 209.639231363932 208.175480365753 165.832142035166 107.645293076833 67.1806981166204 57.9493741194407 50.5891889333725 52.3394445578257 62.2223764657974 83.1399609645208
273.317754268646 286.893308162689 287.174761295319 282.058040301005 288.28763961792 291.855216026306 278.72908115387 233.112474282583 189.267178376516 169.698437054952 169.081310431163 150.992850462596 125.767558813095 125.512510538101 139.717310667038 147.273461023966 140.760600566864 143.92234881719 136.499345302582 139.231900374095 136.902252833048 138.392736514409 139.646500349045 140.104989210765 149.140894412994 161.157210667928 175.408601760864 179.366906483968 187.40975856781 198.450942834218 210.90046564738 214.545090993245 192.16650724411 191.640635331472 184.926052888234 169.947763284047 170.380711555481 156.526347001394 123.470077912013 91.1623338858287 94.3003793557485 83.4321876366933 69.0228790044785 56.9739590088526 53.9744148651759 68.7034130096436
282.70556529363 285.105586051941 285.907487074534 284.014383951823 282.439390818278 285.063525040944 284.768839677175 258.283217748006 210.32702922821 180.144190788269 175.537725289663 172.522266705831 159.023175636927 143.24884613355 140.848269065221 146.008541186651 140.161405007044 137.227594852448 137.803534666697 142.349024613698 136.613229910533 135.429998238881 138.951301574707 139.833003282547 146.075228850047 154.041926066081 166.666865348816 167.335450649261 176.693677902222 194.823662439982 204.77682352066 199.766337871552 188.20575873057 184.350391228994 170.096238454183 155.734906593959 159.642994403839 157.060086727142 141.999145348867 114.724894364675 114.735494057337 121.629893779755 102.127293745677 83.4515889485677 65.5698676904043 54.7010898590088
281.814535458883 283.343036969503 282.708009084066 283.418536186218 280.542592207591 278.401652971904 278.332650661469 265.493770440419 223.415533701579 190.978089968363 179.708123207092 179.083466529846 176.090836524963 155.97265958786 147.135068972905 152.843286593755 145.134627819061 136.616408824921 141.671578089396 144.188821315765 141.21276140213 136.274496714274 141.911268234253 146.445373694102 145.973632733027 151.803602774938 157.179484764735 158.593396345774 165.75296719869 186.745782693227 196.200092633565 191.920081774394 189.46651617686 190.459370613098 168.484250704447 165.058275063833 170.541942119598 172.984977563222 176.263213157654 149.418960014979 106.884022553762 101.094206174215 91.3402040799459 71.8489239613215 57.7153116464615 43.4155811866124
269.01251077652 270.197133223216 271.831075350444 270.138541857402 269.077102343241 266.859591007233 271.490355332692 269.6759502093 232.152223587036 193.451623121897 178.26642592748 172.962546348572 171.534995237986 156.158159176509 145.381212234497 155.050963163376 156.400253375371 143.405735492706 145.789364973704 150.600532690684 149.359256029129 143.464356660843 145.225316286087 149.143874645233 148.024211327235 148.24703335762 155.38149078687 163.490235805511 167.562087376912 182.146529356639 194.356640179952 194.854954878489 191.113670667013 188.497424125671 171.151439348857 176.433881123861 178.647498289744 184.620261192322 180.312931537628 156.743903954824 83.5542182127635 63.0403061707815 51.2444128592809 32.592885196209 41.7589048544566 33.1818138559659
250.49364566803 258.139431476593 266.380310058594 263.043522834778 262.323002020518 266.165932019552 272.695481777191 274.444957574209 252.317905426025 208.479921023051 186.598718166351 169.797519842784 161.606281995773 152.729272842407 142.372816801071 149.615337451299 161.80682182312 153.097132841746 148.506373167038 153.406033913294 153.495649496714 148.202240467072 146.472831567129 148.572981357574 149.687111377716 150.279730558395 153.804838657379 165.153443813324 168.972571690877 175.455629825592 187.664707501729 196.991602579753 188.336769739787 179.708560307821 168.764233589172 185.976326465607 193.262994289398 196.435888608297 185.860772927602 171.754797299703 77.0865033070246 32.0513298114141 13.8339760402838 13.1440063317617 13.6804158488909 14.4948239127795
217.430194218953 227.967858314514 234.95626449585 240.041693051656 247.40203221639 259.849429130554 269.846280415853 272.906998793284 262.79471317927 225.9454925855 197.953005631765 177.075703938802 161.178449789683 159.596343835195 149.18198188146 143.896043300629 156.63269162178 157.489776611328 149.187505245209 148.524204889933 150.74947476387 146.877894798915 144.38059926033 145.631978909175 149.091293414434 155.0439397494 154.485573371251 161.826113859812 167.189081509908 168.330570062002 179.120043913523 194.592972596486 186.03257338206 167.466938495636 174.034297466278 199.92870092392 204.594890276591 201.707899570465 189.00865316391 191.924730936686 143.640011548996 52.4973620971044 19.4867849349976 14.4907906651497 12.5271268188953 11.8510636190573
181.608259677887 188.85882695516 187.410255273183 198.214888572693 214.490214983622 229.641417662303 242.592771848043 252.460598945618 247.970402240753 225.518266359965 194.75523630778 172.627766927083 158.125211795171 156.739840904872 151.815841595332 145.946741104126 150.854001442591 151.158491770426 144.086490074793 143.4479256471 148.519406716029 151.360064744949 150.97122391065 145.679185787837 144.378205140432 150.037497282028 156.218687693278 159.5685283343 166.193296511968 167.102535565694 169.837574164073 183.352708816528 178.040901819865 172.555029392242 199.597656726837 213.395675023397 209.087649981181 201.492289702098 202.177584171295 213.742017745972 219.750384489695 168.576995531718 80.1150153080622 41.1926830808322 25.0995854536692 11.7034663756688
169.684648513794 172.388096650441 171.210567156474 173.096875349681 182.870070139567 188.273827234904 192.142446835836 197.982291380564 195.487201213837 179.033637046814 162.811895211538 159.223188956579 156.693905591965 153.748015562693 150.570372740428 150.959968566895 149.920483430227 150.908042987188 143.995940685272 141.881942749023 148.153046766917 153.896570205688 155.394315719604 152.147630850474 147.844155629476 145.64194281896 157.897571722666 161.453455686569 165.005187193553 168.243189652761 168.002148469289 175.527632236481 172.134757041931 185.082415739695 211.655716101329 210.292359193166 192.878345648448 189.283907413483 192.355255285899 206.356942653656 223.436057567596 234.825809796651 186.99578444163 101.417531569799 47.1106221278509 27.2453178962072
178.183356920878 176.177740097046 175.375322500865 174.29381608963 170.952121416728 168.267667293549 166.461199522018 167.759478092194 171.281377474467 162.852128346761 153.965711593628 155.722031990687 158.249537150065 158.706188201904 155.526002248128 153.545349836349 147.89022008578 155.486126740774 156.230449676514 149.327168862025 153.155267238617 154.056290785472 152.704894542694 156.319965918859 156.940599282583 151.081403096517 158.588707447052 162.865777810415 165.098935365677 168.263812859853 169.659515221914 174.077570438385 176.646987597148 194.750110308329 207.554717858632 191.593964894613 177.619417508443 167.775193850199 170.141975084941 182.684361934662 214.378277460734 231.103459993998 211.524188518524 152.892827987671 79.6812276045481 44.1733052333196
