input/barkrak2/radiation/dir05724.grid
NCOLS 85 
NROWS 70 
XLLCORNER 665100 
YLLCORNER 4664600 
CELLSIZE 20 
NODATA_value -9999 
[rows 0 to 20 of 70, columns 0 to 47 of 85]
156.032383441924992 171.122411886851 188.754697640737 210.473716259003 221.456925074259 223.186771074931 219.972173372904 215.583006540934 214.678366978963 219.054083029429 218.879858652751 217.508633931478 214.291592439016 215.104003747304 216.364820798238 203.959822654724 189.351777235667 180.976033210754 176.789005597432 169.487357139587 169.059415658315 186.645984649658 213.770747184753 221.292455991109 224.2351770401 236.587524414062 234.997967878977 219.708800315857 206.448833147685 205.781042575836 201.26082499822 223.693112532298 269.770244757334 268.664300441742 266.526997089386 252.641677856445 256.767233212789 270.739674568176 266.434888044993 268.171509106954 256.692171096802 261.575122674306 270.186046759288 265.818854173024 254.647592703501 256.982684135437 261.901338895162 233.258962631226
132.045636574427 150.117446978887 166.286627451579 187.086284160614 202.708204587301 208.892563978831 212.485273679098 216.804504394531 224.752088387807 224.837422370911 221.898853778839 218.072215716044 215.582887331645 216.209332148234 216.15082025528 203.843871752421 196.189383665721 186.628123124441 182.34129746755 174.723664919535 182.91570742925 207.685550053914 230.300744374593 232.80527194341 236.551642417908 243.161122004191 237.686375776927 224.206805229187 211.383601029714 207.817018032074 208.617111047109 238.269488016764 271.131952603658 268.00525188446 265.028337637583 255.151232083639 260.612607002258 271.560986836751 266.934593518575 266.586303710938 260.95974445343 261.399706204732 257.787028948466 250.796914100647 246.859629948934 255.948603153229 253.106355667114 217.460215091705
94.6420828501384 105.980614821116 119.98051404953 133.766015370687 147.512972354889 160.682777563731 173.973341782888 193.565011024475 208.28906695048 211.068352063497 213.350296020508 217.096487681071 222.414096196493 225.203116734823 227.107922236125 228.989005088806 227.139969666799 217.41908788681 199.925541877747 190.442601839701 201.451619466146 218.52719783783 231.228590011597 234.315077463786 238.45903078715 238.233347733816 232.633193333944 223.942855993907 216.066082318624 216.846724351247 226.90361738205 254.293084144592 269.928137461344 267.164925734202 262.824197610219 260.146240393321 266.034305095673 272.093256314596 268.202980359395 263.932089010874 257.381657759349 247.560481230418 233.341892560323 228.986839453379 238.046626249949 252.325137456258 240.912536780039 207.555333773295
76.4722327391307 76.4405181010564 84.1055413087209 90.0602638721466 98.7388491630554 107.014854749044 116.6037718455 134.867717822393 157.010664542516 176.892479260763 194.726268450419 212.513963381449 224.310676256816 228.557785352071 232.271711031596 238.973637421926 236.074149608612 226.082662741343 207.622329394023 199.88755385081 200.330376625061 200.854400793711 213.285088539124 223.290959993998 225.957036018372 227.499087651571 227.921843528748 225.069661935171 224.392036596934 228.399773438772 233.533978462219 259.133239587148 267.628868420919 265.586038430532 262.031396230062 263.002196947734 265.346089998881 265.997211138407 261.433839797974 250.64480304718 243.5648838679 230.864385763804 226.532816886902 240.422268708547 255.603909492493 249.626855055491 228.6443511645 203.63312959671
97.7786978085836 81.5982421239217 69.2192316055298 58.8714977105459 60.2317253748576 77.9453217983246 103.04049650828 114.936033884684 125.927368799845 134.619474411011 159.756312767665 186.377584934235 201.638559500376 210.06848414739 217.44179725647 222.306966781616 219.074924786886 211.770832538605 204.459408919017 200.46325524648 195.635755856832 194.070061047872 205.119172732035 214.101235071818 217.913230260213 225.403745969137 227.731764316559 226.992845535278 226.335227489471 225.52478313446 233.281393845876 262.532711029053 263.15846045812 263.927718003591 261.288603146871 260.309557120005 258.040467898051 256.020287672679 246.282478173574 236.847639083862 235.516786575317 233.996748924255 240.095853805542 251.055161158244 253.868540128072 229.968011379242 201.519926389058 193.08211406072
143.593410650889 114.357799291611 86.2294137477875 63.1764034430186 54.1294266780218 64.0181104342143 88.9426469802856 111.093858877818 116.463075081507 114.765882492065 124.973764022191 140.282293160756 151.279260714849 158.692896366119 169.49599981308 180.130541324615 184.998313585917 192.702094713847 200.636108716329 205.140431722005 205.7284116745 207.753002643585 206.46478732427 208.743770917257 215.371628602346 221.721033255259 224.639972050985 227.044681708018 229.430536429087 230.959137280782 245.823323726654 262.593011061351 259.395241737366 257.322251796722 255.586981773376 253.881951173147 252.654274304708 248.236656188965 237.881938616435 238.232016563416 237.775584061941 235.41796207428 237.408220767975 240.999658902486 231.561223665873 199.633677800496 172.349611918132 181.444605191549
171.441336472829 143.91353726387 121.141016483307 98.3784596125285 76.7046362161636 63.3906175692876 69.3561087052027 99.5136300722758 117.487172285716 125.556459029516 122.257679700851 117.335736751556 113.117267688115 108.461985985438 110.474854707718 127.476871013641 142.721444368362 166.367451349894 189.004063606262 202.328403790792 211.374878883362 214.296420415243 210.100213686625 207.596878210704 210.902174313863 214.323977629344 218.693296114604 223.086794217428 225.731154282888 232.210238774618 249.21973546346 256.884296735128 250.363727410634 245.484312375387 243.832170963287 241.662085056305 241.14461739858 235.926985740662 230.454782644908 224.89066918691 219.104548295339 218.051294485728 225.053429603577 232.697864373525 224.607507387797 213.9044602712 225.774566332499 235.736270745595
173.205335934957 174.148082733154 158.668468395869 139.731933673223 113.69334657987 80.858255426089 60.4750861724218 58.0744047959646 90.0097886721293 122.106442848841 131.883045037587 128.474503755569 119.206438461939 108.031213283539 93.6071972052256 97.0194935798645 110.960225264231 128.876030445099 155.508647362391 178.251266479492 194.106101989746 206.684549649556 213.353753089905 208.40311050415 206.711173057556 204.915006955465 207.704901695251 210.866769154867 215.611596902212 225.691358248393 236.611247062683 239.808599154154 233.256836732229 225.998838742574 224.689920743306 223.332126935323 228.641072909037 225.34700234731 218.859553337097 201.063752174377 198.857347170512 208.569288253784 226.73088312149 239.382743835449 238.287448883057 239.938298861186 248.419384161631 250.863353411357
140.73234796524 148.249546686808 155.982116858164 157.673786083857 146.423439184825 119.712293148041 86.0841472943624 57.2355935970942 69.7510490814845 90.2015864849091 115.946153799693 129.379858573278 132.332772016525 129.170020421346 113.882154226303 103.804926077525 101.147045691808 106.01141055425 120.788852373759 139.87609744072 159.112264712652 177.601754665375 191.664059956868 190.375844637553 191.163420677185 189.270337422689 189.564267794291 193.58217716217 197.106798489889 208.510677019755 214.640140533447 215.248008569082 211.622317632039 210.38297812144 211.492915948232 214.612821737925 217.575589815776 218.489627043406 213.87904882431 206.217646598816 216.862161954244 230.522036552429 240.460673967997 242.91988213857 235.416014989217 230.929434299469 233.922938505809 245.21404504776
101.290196180344 108.148187398911 120.129108428955 125.254323085149 138.747533162435 132.16890891393 122.329274813334 106.320083141327 74.4834840297699 58.0229063828786 66.4619604746501 94.9634909629822 118.79508694013 139.858027299245 141.992380221685 130.118320385615 114.475011825562 109.369297822316 107.909023761749 109.662711620331 120.363563299179 132.402797540029 145.380844672521 155.943632125854 166.590869426727 168.812533219655 169.053892294566 171.327233314514 174.800793329875 182.798723379771 184.023976325989 185.17259756724 192.576090494792 195.484638214111 200.72615146637 203.554352124532 202.736874421438 208.635807037354 211.829443772634 220.532536506653 236.823379993439 244.928240776062 247.26665019989 243.170460065206 234.892268975576 231.181740760803 241.825123627981 251.100818316142
55.6381245454152 59.2871010303497 66.2456601858139 84.0463042259216 97.8426734606425 105.784207582474 113.382518291473 113.808353741964 91.6375815868378 67.8351024786631 51.1889706055323 55.0606449445089 75.6127536296844 99.4762082894643 115.839302539825 112.536201874415 109.399964412053 105.655988057454 97.0366994539897 95.9186851978302 95.540314912796 97.0719556013743 103.042870759964 121.575891971588 136.818885803223 147.547821203868 149.822523196538 151.376406351725 158.623407284419 165.11008143425 168.516596158346 172.014435132345 182.542860507965 186.697701613108 186.766664187113 189.348419507345 196.163396040599 201.924959818522 210.3204925855 228.205581506093 241.893609364827 244.723359743754 243.795116742452 240.707755088806 237.305184205373 239.654044310252 247.906784216563 248.853961626689
30.3877120216688 28.0167932311694 30.2681798736254 31.5637265642484 41.5952478845914 54.5058598121007 64.6196256081263 75.1371930042903 77.3559113343557 73.7898250420888 56.893914937973 45.4215506712596 50.4030883312225 68.2214895884196 88.4576439857483 93.5044785340627 104.803909858068 104.361613591512 99.0254680315654 88.3959730466207 83.6428205172221 85.178275903066 87.0621204376221 97.6551572481791 107.970058917999 118.3722615242 122.911214828491 128.5014351209 136.781136194865 142.070243755976 148.446053266525 153.724908828735 159.431477387746 163.429846366247 166.372855504354 170.506715774536 182.685434818268 194.755554199219 202.536165714264 219.886958599091 227.250695228577 227.392752965291 226.755976676941 224.297165870667 224.422454833984 223.971645037333 230.482816696167 238.688031832377
23.1369410951932 16.3512205084165 11.060922096173 6.00537036856015 3.93395995100339 3.26937033484379 20.5614790320396 38.3348986506462 59.0363641579946 69.5291856924693 68.1353906790415 60.2132578690847 45.4652508099874 47.0733195543289 60.6840352217356 84.0590298175812 100.171248118083 103.604684273402 103.97469997406 98.8821685314178 90.6039377053579 91.3999875386556 94.1238800684611 98.3900030454 100.633094708125 103.045672178268 110.046446323395 119.967311620712 124.23383196195 125.735024611155 131.881296634674 137.681057055791 138.255645831426 139.721552530924 144.783357779185 150.529364744822 163.75724474589 178.044259548187 183.245877424876 194.723387559255 203.175882498423 204.91631825765 204.24606402715 205.597837766012 205.694397290548 210.132400194804 213.345587253571 219.187597433726
23.1116662422816 7.41003143290679 1.37114943936467 0 0 0 0 7.90574587881565 34.4820295770963 55.2974243958791 68.8552459081014 73.8008916378021 69.648951292038 59.8129332065582 58.8180124759674 76.4365593592326 90.2645488580068 104.382922252019 113.615036010742 112.800667683283 103.678335746129 102.504412333171 100.30460357666 100.794672966003 106.59455259641 109.099974234899 113.58771721522 122.695783774058 124.549706776937 118.531266848246 124.210755030314 130.222707986832 130.754083395004 130.884349346161 135.830561319987 144.20281847318 149.502257506053 155.345757802327 161.07381383578 165.989845991135 172.652820746104 179.697672526042 187.492688496908 195.803622404734 193.921089172363 200.993597507477 202.888588110606 202.019155025482
32.8923960526784 11.5910756091277 0.522567657753825 0 0 0 0 3.12797011186679 15.2255905171235 33.3234320084254 61.078280210495 85.2201879024506 89.2038345336914 87.888369957606 74.2264737685521 73.7339158852895 77.7419010798136 93.1980510552724 108.320732911428 119.304955005646 121.250212192535 116.679787635803 113.354821999868 111.031164725622 108.28955968221 110.667089621226 113.954802354177 122.725506623586 122.59050210317 117.866307497025 120.335847139359 125.911792119344 124.969641367594 124.479403098424 129.984031120936 133.877754211426 133.98156563441 133.536279201508 140.36504427592 141.872435808182 148.540765047073 156.881093978882 163.679460684458 170.665800571442 176.249345143636 182.468136151632 192.91498263677 199.330747127533
28.9094870289167 14.7176012396812 0.912984988341729 0 0 0 1.43734241525332 5.0007039681077 14.6431451042493 27.6565949122111 52.3332009712855 83.9635729789734 95.5630441506704 99.0431507428487 92.2072728474935 73.937326669693 70.4945574204127 75.2615034580231 90.2499854564667 113.661497831345 126.329948504766 123.379131158193 126.39511624972 120.489676793416 114.230453968048 115.395794312159 116.483469804128 117.347637812297 116.825441519419 126.4834801356 124.836355447769 125.032236178716 122.020065784454 120.373328526815 121.990342934926 121.330777804057 118.072996536891 114.029884338379 118.765811125437 121.542195479075 125.238517920176 131.396561861038 135.3766421477 138.987521330516 154.373864332835 162.347813447316 178.004145622253 189.71977631251
24.7551550467809 17.9260137180487 2.39008416732152 0 0 0 2.53516963372628 7.88609807689985 18.505685031414 24.5331476132075 38.1599267323812 65.5566851298014 88.1267388661702 96.8270699183146 107.191801071167 97.9750057061513 92.9736097653707 83.962361017863 79.1526089111964 87.2009694576263 113.01726102829 126.978943745295 131.105601787567 129.218677679698 122.881958882014 122.101654609044 120.876650015513 119.256357351939 124.594410260518 130.165785551071 126.435170571009 127.597242593765 121.106008688609 116.688847541809 112.476150194804 110.69260040919 106.045365333557 104.481985171636 106.391956408819 109.560986359914 111.793766419093 114.917278289795 117.812951405843 120.860507090886 140.855769316355 152.79558300972 162.411401669184 170.263012250264
20.7498048742612 20.3331646819909 9.76886538167795 0 0 1.28621126835545 6.12087858219941 16.7751039067904 25.4336819052696 30.215655763944 36.0836734374364 52.6133527358373 72.7365513642629 90.7409091790517 105.374137560527 116.261094808578 114.447345336278 106.782913208008 93.0497447649638 80.493688583374 90.6437039375305 114.910900592804 123.673895994822 128.630846738815 129.565507173538 132.050663232803 130.651533603668 130.746652682622 129.286587238312 126.822203397751 128.275841474533 118.93555521965 109.816193580627 111.281931400299 110.164721806844 107.292910416921 104.436188936234 103.309571743011 103.959908088048 106.69947663943 108.69175195694 110.421389341354 110.399703184764 113.296568393707 125.337839126587 140.974789857864 149.830162525177 151.999602715174
22.1309488018354 25.4163866241773 23.4624023238818 1.39354759206374 0.0861116762583454 7.84143495062987 11.1073056856791 24.2722555994987 33.6463699738185 47.7201541264852 54.4295956691106 56.649257739385 65.8250550429026 73.5001961390177 91.513603925705 111.320535341899 115.423103173574 116.80077513059 115.1322722435 102.130552132924 85.8959058920542 98.4463890393575 109.028309583664 122.588058312734 131.792724132538 135.756760835648 135.621597369512 138.777335484823 129.583656787872 128.569404284159 115.791072448095 106.268505255381 97.800612449646 97.0932344595591 95.079908768336 98.1877744197845 107.738465070724 103.540559609731 103.403260310491 107.010742028554 110.554526249568 112.744003534317 111.643602450689 112.792938947678 113.771816094716 129.148364067078 135.774195194244 135.091731945674
23.2787281274796 24.3673274914424 27.3775284488996 19.5082252224286 7.40926650663217 14.6385803818703 14.3575941522916 17.701480537653 34.6003323793411 47.7908203999201 55.8784306049347 53.2724012931188 54.2189180850983 61.7455045382182 74.066440264384 93.7428673108419 104.184597730637 109.832505385081 116.0695652167 116.379251082738 108.31747452418 97.6678133010864 100.587427616119 111.31364107132 122.778634230296 129.874984423319 131.620943546295 133.886208136876 133.227864901225 124.246368805567 110.833505789439 108.472287654877 90.8216337362925 82.9341560602188 77.2307217121124 84.4392379124959 80.0422181685766 80.8725357055664 79.5964946349462 89.7304515043894 99.7055967648824 102.554231882095 109.235833088557 105.885028839111 103.77358396848 116.378208001455 116.477012634277 121.919721364975
28.2802035411199 20.6185951828957 17.5190841158231 29.3608158826828 22.1260363856951 15.9553214907646 14.5992264151573 17.140490313371 30.5463746190071 38.818895816803 45.3104972839355 45.8604395389557 45.1598515113195 49.7412184874217 58.6381206909815 74.4172732035319 86.0723654429118 94.8329269886017 105.779031912486 117.846469084422 126.391758521398 117.882331212362 115.624368190765 119.426856438319 121.229390303294 122.924437125524 120.88480591774 127.439637978872 122.102916240692 108.529349168142 107.65794912974 88.5778466860453 69.5916910966237 54.4190009435018 44.1733052333196 51.6561369101206 43.6948835849762 59.977928797404 66.9255355993907 71.7438360055288 75.2790868282318 80.708717306455 90.8075372378031 90.4243489106496 93.2362874348958 101.022253433863 105.564286311467 112.302958965302
