input/barkrak2/radiation/dir05924.grid
NCOLS 85 
NROWS 70 
XLLCORNER 665100 
YLLCORNER 4664600 
CELLSIZE 20 
NODATA_value -9999 
[rows 21 to 41 of 70, columns 0 to 47 of 85]
57.8186412652334 45.1162954171499 33.9881852269173 47.7063059806824 44.2387312650681 24.7400452693303 26.349517206351 33.6244031786919 37.8308842579524 42.1077112356822 44.5466687281926 45.6154048442841 45.9695110718409 45.6972221533457 52.745779355367 65.4197682936986 78.5265912612279 91.248482465744 100.35898288091 116.259386142095 125.5797346433 138.828814029694 143.054703871409 144.522955020269 138.389140367508 126.16882721583 114.804208278656 106.375883022944 122.14998404185 107.836663722992 87.1498386065165 67.006970445315 43.9793119827906 34.7099105517069 15.8401106794675 12.7525366842747 21.4491312702497 30.0456086794535 45.0191050767899 59.8538815975189 69.2134300867717 72.9289551575979 72.3178635040919 61.4345769087474 84.593653678894 97.0979233582814 104.260345300039 108.928024768829
99.1620620091756 92.8171674410502 69.7287072738012 65.9214059511821 61.3123526175817 36.8757645289103 41.8184697628021 39.9134407440821 36.2255101402601 37.8607312838236 44.0626492102941 46.7298924922943 49.7082074483236 52.735557158788 53.8292229175568 61.5597565968831 74.9323517084122 86.1964424451192 94.3921208381653 97.9082783063253 103.103131055832 118.431876103083 131.367733081182 138.703087965647 138.730108737946 131.60440325737 116.745283206304 108.805159727732 100.218713283539 86.1855645974477 61.8884166081746 34.1791262229284 16.442892452081 2.35787375519673 1.11056887544692 1.47538601110379 7.57110118865967 15.7823922733466 21.0627963145574 19.9883307019869 37.7532715598742 54.8224697510401 38.5324706633886 37.9041085640589 64.4525935252507 88.1092747052511 96.0363447666168 100.379625956217
134.88632440567 123.983979225159 89.7453526655833 72.5068549315135 66.4033740758896 65.1501913865407 56.2284737825394 41.5488133827845 33.949668208758 34.1305087010066 45.1845477024714 49.4731913010279 54.2083084583282 65.1538521051407 62.1844232082367 62.4414732058843 72.0453759034475 84.1744244098663 90.2370413144429 83.7988654772441 83.3614865938822 87.7365569273631 102.74483760198 116.465210914612 123.26051791509 124.077171087265 111.597637335459 107.891748348872 83.5995177427928 42.0483648777008 35.8908101916313 24.6106212337812 2.80085951089859 0 0 0 0.0343175925081596 0.91176286029319 4.86197384695212 6.71395286917686 2.01334012672305 0 18.8055895268917 46.6948846975962 62.8784994284312 79.7767092784246 92.1298762162526 94.7301586469014
134.02380545934 130.027770996094 108.711649974187 77.6044776042302 57.451476653417 62.176172931989 56.0098588466644 50.3115107615789 41.1937509973844 38.4597182273865 41.8302565813065 46.2690244118373 52.2748877604802 60.0477854410807 63.0975663661957 63.6946906646093 68.7358528375626 82.0156733194987 89.3644690513611 82.4893067280452 81.2600553035736 77.5527060031891 88.2795552412669 98.0512499809265 103.503872950872 105.019529660543 96.5333580970764 92.6392674446106 72.3794052998225 34.294955432415 27.4725581208865 25.27750035127 9.40566758314768 0 0 0 0 0.165571963104109 1.17589758398632 1.56902366628249 0 0 7.03671450416247 71.4879681666692 73.8244702418645 82.9478104909261 87.8637035687764 94.3149129549662
119.974454243978 125.05704164505 118.21116010348 87.3293280601501 58.6133301258087 62.1567418177923 65.2811676263809 73.0567673842112 69.1548337539037 59.3064775069555 53.4723748763402 59.3931972980499 60.3395104408264 70.6942081451416 71.6883838176727 66.5184060732524 69.585179289182 82.5273195902507 90.360422929128 94.3386654059092 94.4155851999919 91.0006165504456 87.3948931694031 88.6739691098531 91.1505421002706 93.8498278458913 88.8844827810923 86.2063964207967 64.5718226830165 47.4540193875631 48.5876550277074 55.8390070994695 48.537145058314 4.3231106052796 0 0.552048829073707 0.514093437232077 0.920669563735525 0 0 0 0 18.6237469315529 75.3225237131119 88.1112019220988 81.8425714969635 85.4897399743398 88.4906649589539
118.774036566416 124.396512905757 122.615396976471 97.4206725756327 75.1870572566986 79.1082630554835 87.8020326296488 96.7576503753662 100.668887297312 93.2134489218394 74.0008254845937 78.064759572347 78.4982194503148 83.9090446631114 86.8117610613505 76.029712955157 72.7272729078929 85.2779944737752 92.6411350568136 106.032272179921 107.874353726705 106.760799884796 97.1630911032359 91.1081930001577 91.8689966201782 94.5797463258107 88.9910658200582 91.8054779370626 82.3096831639608 83.2399129867554 92.5254424413045 115.602860848109 124.978721141815 104.451805353165 22.028774023056 5.03160649289687 4.56629941860835 3.76025835673014 1.22678047046065 0 2.76735766480366 16.6125632822514 53.1490594148636 77.7140706777573 82.2550157705943 75.2769311269124 72.9105621576309 79.1206856568654
120.706836382548 119.257658720016 119.688620169957 103.533009688059 105.538755655289 103.622019290924 112.561523914337 112.648725509644 111.993213494619 106.716165939967 88.4162783622742 81.8664928277334 83.1236739953359 83.1494828065236 91.9481217861176 87.4434510866801 80.4295043150584 89.8370047410329 103.548556566238 111.15038394928 107.691049575806 99.4135836760203 97.3046819368998 97.7704326311747 99.7712314128876 100.771367549896 97.2183148066203 103.797276814779 119.20087536176 125.170151392619 134.074211120605 142.601708571116 152.842700481415 165.592888991038 123.176952203115 27.5717228651047 8.25131187836329 5.77292280892531 2.6498477285107 0 14.1272060573101 72.3499357700348 70.4889943202337 66.1793748537699 66.3273433844249 60.1202895243963 59.464563926061 62.3640070358912
123.613357543945 111.331989367803 112.480858961741 107.820560534795 126.918733119965 117.189983526866 111.008902390798 103.879630565643 99.8754700024923 91.8796261151632 81.1293373505275 75.4665235678355 78.6554962396622 82.6644599437714 93.2838320732117 97.4223216374715 90.4829998811086 87.7577066421509 100.38752357165 103.014677762985 101.167758305868 95.1245029767354 94.7212775548299 101.322124401728 105.633854866028 102.439910173416 104.132244984309 107.02774922053 128.297805786133 142.664611339569 155.795911947886 165.323515733083 167.125523090363 175.588766733805 169.69362894694 93.1396285692851 9.84689593315125 1.7330851405859 0.0550671296271806 0 27.5318399071693 65.2306824922562 60.2284868558248 39.7705882787704 39.4069229563077 38.0928069353104 45.0667142868042 54.5670241117477
123.926103115082 104.560891787211 106.148272752762 115.245332320531 126.421272754669 115.660001834234 97.0927675565084 78.1856377919515 66.2080993254979 60.0204517443975 59.2155953248342 64.0725642442703 73.3102858066559 86.620956659317 90.2348657449086 101.993898550669 97.847839196523 85.4765872160594 90.5430018901825 93.8336650530497 93.8215851783752 95.1926410198212 95.1265494028727 102.328469355901 109.362681706746 105.877657731374 108.71755083402 108.453293641408 124.509553114573 147.337883710861 166.830658912659 177.148163318634 179.326335589091 179.281751314799 190.157870451609 173.522512118022 83.5860470930735 9.20513272285461 5.21385918060939 6.09603151679039 22.5700512528419 36.4053646723429 40.7582248250643 21.6452330350876 17.9381209115187 21.0966840386391 36.2769762674967 57.1424712737401
120.920519034068 123.32938114802 148.629526297251 186.3813996315 159.002830584844 122.23806977272 87.8899594148 60.47190229098 47.7932790915171 52.227775255839 48.4928637742996 48.3146955569585 69.8827654123306 86.6740942001343 98.5378126303355 107.697755098343 104.62020834287 92.1736359596252 91.9157763322194 95.7595507303874 93.6936934789022 97.7685153484344 101.575255393982 104.266226291656 112.003097931544 116.37951930364 116.039961576462 115.739206473033 128.631452719371 153.395523627599 176.376402378082 182.820200920105 179.508030414581 189.360002676646 201.71844959259 208.811660607656 182.592193285624 120.488266150157 44.3321764469147 17.2985891501109 10.9672769904137 9.88164730370045 26.5620102485021 18.7491948405902 14.6575905382633 24.4853546222051 41.8759038050969 60.8568837245305
136.510342359543 173.324008782705 222.588459650675 243.840575218201 224.708278973897 168.11732451121 113.856812318166 76.8174827098846 67.0846402645111 73.9472955465317 62.1597071488698 53.7240207195282 67.6722278197606 78.0915568272273 104.224969943364 111.744344234467 107.082078854243 102.047393719355 95.4798261324565 96.9722668329875 97.7926850318909 101.392815510432 105.65373301506 106.388588746389 113.11145623525 126.620511213938 127.737412850062 134.598950544993 140.896747509638 160.481105248133 176.982601483663 185.592671235402 188.921411832174 195.935666561127 203.722933928172 204.183161258698 200.01757144928 189.628064632416 118.493417898814 41.5746246774991 16.142384459575 16.8831224242846 20.3011408448219 22.3921090364456 29.3685222665469 22.4893863002459 26.4876286188761 35.8668019374212
199.58500067393 235.748112201691 257.988890012105 259.04126962026 259.429514408112 231.601556142171 187.859336535136 144.467373689016 116.819669802984 104.298253854116 101.531436045965 85.6329798698425 70.2594618002574 75.3705004851023 104.648997386297 112.684647242228 105.99888364474 108.575930198034 97.2491900126139 96.9526867071788 101.043562094371 102.247178554535 104.456057151159 105.3826212883 111.774116754532 127.472410599391 135.346601406733 144.716103871663 153.480956951777 160.836587349574 174.717168013255 186.876138051351 188.266257445017 185.231109460195 188.617408275604 173.87451728185 175.183733304342 162.733187278112 124.191085497538 64.9588803450267 30.9309040506681 28.4740130106608 24.1862386465073 23.5648155212402 13.3578355113665 18.3113291859627 16.7404972016811 13.401884585619
247.654636700948 261.699954668681 264.456550280253 262.314915657043 264.583627382914 262.689371903737 238.887468973796 193.021972974141 153.09132138888 131.723036368688 131.384630997976 118.350982666016 92.62415766716 89.435597260793 102.029740810394 108.439137538274 102.189679940542 104.222585757573 97.1730748812358 99.319984515508 96.9260235627492 98.3731150627136 99.4507670402527 100.036432345708 108.67569843928 120.59356768926 134.626527627309 140.132168928782 148.83608619372 161.216527223587 173.647145430247 178.001085917155 163.337687651316 152.183930079142 154.847592115402 138.377318779627 138.944149017334 123.657216628393 85.4084690411886 50.2383808294932 54.1507403055827 48.4437346458435 36.3523239890734 23.9062532782555 6.9758960356315 7.12238065898418 1.74365301306049 3.70257037381331
257.965683937073 262.472748756409 262.234528859456 262.784798940023 262.607316176097 263.257622718811 256.200730800629 226.779262224833 175.764918327332 145.172864198685 142.430444558462 139.455527067184 123.111575841904 105.59939344724 102.574795484543 107.333203156789 100.35628080368 97.2322920958201 97.6689954598745 101.851950089137 96.3388383388519 95.1131383577983 98.3810921510061 99.6032456556956 105.336884657542 113.510529200236 125.849634408951 126.619944969813 137.080808480581 156.28049770991 165.544728438059 160.214692354202 152.704189221064 146.384219328562 138.44492038091 123.129725456238 127.376347780228 124.489545822144 104.757487773895 72.0980713764827 72.8795031706492 79.3168246746063 62.9891604185104 20.3545254965623 11.1556823054949 0 0 0
254.526833693186 257.319490114848 253.277858098348 254.918535550435 255.002776781718 251.689255237579 248.763263225555 230.209469795227 186.83256705602 156.417498985926 147.104263305664 144.744843244553 138.987759749095 116.679698228836 107.343723376592 113.191545009613 106.400509675344 96.3532825311025 100.949317216873 103.20724050204 100.3244916598 95.8025455474854 101.092120011648 105.471591154734 103.50822408994 110.746224721273 117.391685644786 117.91338523229 126.524239778519 146.9833056132 157.542258501053 153.780112663905 155.01070022583 156.02034330368 136.95764541626 129.986981550852 134.857873121897 141.879270474116 137.226263682048 105.474094549815 66.8395757675171 65.4069284598033 16.3053038219611 7.65299300352732 1.20189785957336 0 0 0
234.22646522522 237.409293651581 239.104767640432 236.798485120138 236.73156897227 235.303203264872 238.399624824524 234.464089075724 199.062784512838 163.430005311966 148.585826158524 139.908264080683 135.500301917394 116.362830003103 104.930957158407 114.180624485016 116.551528374354 102.212309837341 104.627549648285 107.711732387543 107.976198196411 103.832344214122 103.999376296997 107.832113901774 106.738160053889 107.059647639592 114.320913950602 122.506856918335 126.757850249608 141.570836305618 155.157426993052 158.414204915365 156.359702348709 159.755607446035 140.245546897252 140.899737675985 141.458253065745 149.910906950633 149.79221423467 115.400433540344 45.4792827367783 16.2315381069978 0 0 0 0 0 0
213.005204995473 221.951524416606 230.329632759094 228.127102057139 227.924903233846 233.497103055318 241.541504859924 243.261754512787 218.079308668772 175.114194552104 151.696155468623 134.300390879313 122.197876373927 111.520707607269 101.240068674088 108.177959918976 121.384501457214 111.249049504598 106.982380151749 110.118597745895 111.816594998042 108.341117699941 105.07266720136 107.215325037638 109.821279843648 108.990689118703 112.628519535065 123.93386165301 127.942611773809 134.486486514409 147.675146659215 159.137964248657 159.008085727692 149.977505207062 135.567764441172 150.305221478144 156.518618265788 158.326119184494 156.634698311488 131.267825762431 36.4687318603198 3.32156755030155 0 0 0 0 0 0
176.436424255371 187.769810358683 195.57907183965 201.276302337646 208.571215470632 223.138928413391 235.376636187236 241.746346155802 232.604523499807 194.580833117167 163.911561171214 136.030008395513 120.76539794604 117.201159397761 107.217053572337 101.958890755971 115.803102652232 115.295628706614 107.458223899206 106.976558764776 109.057555596034 105.450332164764 103.015035390854 104.359815518061 107.852717240651 113.599807024002 113.264222939809 120.571285486221 126.087645689646 128.6900639534 138.468772172928 155.77624241511 156.566917896271 136.84489329656 140.563229719798 164.170841375987 168.614904085795 163.191378116608 160.754630963008 156.660954157511 101.451108853022 16.0435400903225 0.368875451385975 0 0 0 0 0
139.193991820017 146.601259708405 145.294507344564 156.419545412064 173.459092775981 189.935962359111 204.393804073334 213.99454275767 212.737043698629 186.168074607849 154.824544986089 129.937350749969 115.627368291219 114.26305770874 109.613408644994 103.944480419159 108.88597369194 110.639969507853 102.424452702204 102.028081814448 106.867571671804 109.775165716807 109.399378299713 104.421317577362 103.325168291728 107.347468535105 114.930719137192 119.749118884404 125.032196442286 124.599476655324 128.92672419548 142.525215943654 147.620220979055 140.085200468699 165.030697981517 178.460597991943 173.311511675517 165.852884451548 167.838056882223 181.193749109904 178.787350654602 112.811187903086 31.1497747898102 6.24458926419417 0 0 0 0
127.92761127154 129.819562037786 129.661619663239 130.768736203512 140.670915444692 146.39021952947 150.424003601074 155.139784018199 154.511402050654 136.313060919444 121.377994616826 116.471429665883 115.40420850118 111.282447973887 108.400603135427 108.877648909887 107.920954624812 108.778317769368 102.316558361053 100.596735874812 105.073591073354 112.328797578812 113.844801982244 110.63555876414 106.648604075114 104.679932196935 116.517762343089 120.192448298136 125.32506386439 125.720163186391 127.043823401133 134.344279766083 140.88640610377 150.882502396901 175.623734792074 175.378819306691 164.257178703944 153.224676847458 156.310637791952 171.92550500234 186.737318833669 180.772344271342 124.143123626709 42.9155826568604 6.81986038883527 0.160210242029279 0 0
136.624842882156 134.471237659454 133.919060230255 132.991154988607 128.616909186045 126.998603343964 124.319891134898 125.678052504857 129.580636819204 121.116995811462 112.403333187103 113.023340702057 116.96070432663 116.150895754496 114.667505025864 111.389011144638 105.921487013499 114.797691504161 114.264458417892 107.902526855469 109.914084275564 110.851357380549 111.209829648336 113.174508015315 113.848348458608 109.944800535838 115.588953097661 121.543914079666 123.979359865189 127.138912677765 128.668924172719 133.893748124441 139.674534400304 159.182439247767 170.891483624776 162.684381008148 147.355457146962 136.1443400383 133.768697579702 146.336714426676 177.852829297384 185.11688709259 159.624020258586 91.259906689326 24.3918647368749 4.35942566643159 0 0
