input/barkrak2/radiation/dir03624.grid
NCOLS 85 
NROWS 70 
XLLCORNER 665100 
YLLCORNER 4664600 
CELLSIZE 20 
NODATA_value -9999 
[rows 44 to 65 of 70, columns 0 to 49 of 85]
77.6049792766571 83.4291080633799 86.7594579855601 87.7282321453094 89.7313455740611 92.1884179115295 92.6608840624491 88.7880027294159 83.7913155555725 79.2725731929143 81.3229084014893 78.6883135636647 75.2895524104436 73.4983285268148 72.6999441782634 72.7672676245372 69.3999628225962 76.5445381402969 78.6806444327037 76.1898458003998 71.6377596060435 69.6133226156235 68.8964625199636 68.6477720737457 67.0894384384155 74.5995442072551 78.6970208088557 77.0471592744191 75.780322154363 74.8446236054103 70.0163841247559 67.275991042455 74.5596090952555 78.3653358618418 85.3397250175476 88.2055958112081 92.7907427151998 102.842688560486 105.662306149801 96.1989760398865 94.2556957403819 88.2545610268911 84.3103726704915 64.7372802098592 31.4608241120974 0 0 0 0 0
84.2679043610891 89.0474021434784 85.9224100907644 89.6549622217814 87.9422426223755 88.1383717060089 89.9583001931508 88.6437098185221 89.7820095221202 85.2623879909515 84.1044485569 83.1990540027618 78.8915306329727 73.8226274649302 72.697306672732 76.3364483912786 70.9107170502345 74.0337073802948 78.6216109991074 77.9471496740977 73.9758908748627 74.0677366654078 73.2079843680064 73.4550058841705 74.7003306945165 73.3302732308706 80.7222525278727 78.9857407410939 76.0645717382431 76.1384963989258 72.2706963618596 68.3750957250595 71.8459834655126 70.5168495575587 70.7527697086334 73.7420568863551 81.4192990461985 93.4223433335622 95.3887104988098 82.1578105290731 84.9001010258992 79.5188744862874 78.4389873345693 75.3778864940007 55.884525179863 22.4590549866358 0 0 0 0
83.8891863822937 85.6926341851552 88.509202003479 90.531994899114 90.4061595598857 89.9000664552053 92.0267899831136 93.7108000119527 90.6339585781097 88.9952381451925 88.1997446219126 87.1440966924032 83.0680380264918 79.5427858829498 79.8064966996511 83.282416065534 80.9454520543416 75.0754525264104 80.4391553004583 79.2767902215322 76.2407382329305 76.7857084671656 76.2175222237905 73.7086931864421 81.5870761871338 73.9015638828278 74.8871465524038 76.843649148941 76.848492026329 75.8656660715739 75.5932877461116 71.8069473902384 71.4000314474106 71.2096591790517 72.8943745295207 73.6674318710963 75.6756712992986 82.2795331478119 86.260179678599 82.7979346116384 81.6862980524699 76.3316800196965 81.6447834173838 89.2757376035054 77.4885167678197 47.705665230751 10.7502266764641 0 0 0
77.6911477247874 79.9337923526764 85.8677625656128 87.936262289683 91.8033123016357 93.2055314381917 90.7626350720723 90.7268623510997 90.5031561851501 93.2077169418335 90.3579294681549 86.3446990648905 85.1095914840698 85.0200553735097 82.8551948070526 81.411138176918 81.2751203775406 73.4261920054754 77.6392867167791 79.4260005156199 76.0655701160431 76.4682938655217 78.7599186102549 72.426825761795 75.5009104808172 75.2013226350148 69.4014330705007 74.0904261668523 76.0240256786346 74.834997455279 75.3795852263768 76.3648897409439 71.1530596017838 75.2286911010742 85.6704811255137 89.3811682860057 84.5387180646261 79.0068407853444 82.3287020126979 93.6066607634227 86.0877633094788 78.2831907272339 84.476778904597 90.2518729368846 83.9895308017731 64.0762150287628 30.1672766606013 2.68872796247403 0 0
70.3546206156413 73.3793874581655 79.1331380605698 83.2798182964325 89.9560153484344 93.8278138637543 90.3643270333608 88.2024864355723 92.356006304423 94.4081743558248 92.1032826105754 88.2185200850169 87.0540837446849 87.7152880032857 85.5751633644104 79.9942711989085 79.3329874674479 73.5442092021306 77.1536578734716 81.252654393514 80.2573661009471 80.1384846369426 82.1583271026611 78.9600759744644 76.5735854705175 78.2080094019572 74.4266758362452 77.9343942801158 83.8465988636017 86.3002339998881 90.190182129542 91.6804671287537 82.0513168970744 83.3439826965332 93.1468605995178 99.6022522449493 97.9897677898407 87.2089366118113 83.9683214823405 92.7018523216248 83.7183594703674 76.5045384565989 73.7964063882828 73.8489776849747 72.7374305327733 70.2554136514664 60.7664187749227 12.5628833969434 0.271410409671565 0
69.0705875555674 66.7008658250173 70.9903488556544 79.8723548650742 85.9059989452362 89.4144674142202 92.1402474244436 94.8831737041473 95.7615077495575 91.9466217358907 94.3244198958079 94.006339708964 90.8307830492655 87.8672401110331 86.5092575550079 81.8583716948827 80.8522800604502 78.20230225722 81.4255873362223 85.270623366038 86.8511398633321 87.7565840880076 83.8236610094706 85.1420958836873 80.4261614878972 83.8033854961395 83.7506254514058 86.3099296887716 94.0138498942057 100.570062796275 107.548544804255 107.034653425217 100.242634614309 93.3716793855031 90.0042553742727 99.570761124293 103.650063276291 100.20238161087 88.7183547019958 80.2706976731618 74.6677964925766 75.9066889683406 74.8747736215591 69.7425355513891 65.0160113970439 68.5738573471705 66.1693414052327 21.1047455668449 1.02766618753473 0.0107954668540818
69.6116536855698 73.0661849180857 76.69231792291 83.450973033905 84.2226147651672 84.6417446931203 92.8992728392283 98.0336169401805 98.0348587036133 97.2781578699748 96.7405438423157 96.3116983572642 92.8197900454203 88.1431003411611 87.9968504110972 92.0436779658 84.9521458148956 84.5014452934265 86.0914985338847 91.3027326265971 92.4223363399506 90.0879999001821 86.3507886727651 87.5170429547628 81.2184264262517 87.6341263453166 91.9960041840871 92.2268430391947 98.7583299477895 106.025874614716 115.248103936513 117.926289637883 107.842306296031 92.8754806518555 84.7925146420797 89.3875956535339 96.12837433815 101.610839366913 94.1261847813924 75.1566638549169 69.8395967483521 77.2291521231333 80.2540878454844 75.7417927185694 70.2211211125056 67.5825575987498 53.6076128482819 26.5348106622696 2.22420909752448 0
70.3580478827159 81.7929257949193 84.1308136781057 85.806926091512 83.986222743988 83.2768380641937 91.1084910233815 97.1450408299764 96.736470858256 101.717362801234 99.0429619948069 98.0185866355896 95.2525734901428 90.1402632395426 89.5234147707621 96.7675745487213 89.7469023863475 86.5974128246307 84.330141544342 87.629775206248 88.1550510724386 87.8781278928121 87.5981946786245 83.3924810091655 80.3930908441544 84.2313170433044 87.98615137736 88.1587366263072 92.3014978567759 99.9533832073212 107.259919246038 118.060032526652 110.470513502757 88.1294310092926 50.6264468034109 37.7536018689473 59.7682744264603 89.4283056259155 98.8773107528687 97.8504121303558 94.7923362255096 86.088240146637 72.0721582571665 69.4883813460668 76.272855202357 70.7241147756577 44.0594106912613 36.628782749176 8.06053789953391 0
74.1724719603856 72.2228437662125 71.0168828566869 73.5788991053899 80.9878508249919 86.7013732592265 87.2704784075419 93.3993856112162 93.3870375156403 98.2452034950256 98.5170006752014 100.26882092158 99.7267166773478 94.429353872935 91.9089615345001 90.5544559160868 92.3877755800883 85.4109326998393 80.0092617670695 78.3027410507202 78.8770665725072 82.0609579483668 82.8020175298055 78.4484694401423 80.8250109354655 77.3168802261353 78.155388434728 79.7235667705536 80.3695817788442 84.3070149421692 87.524801492691 97.8808204332988 96.2114532788595 71.8102554480235 32.7933132648468 22.5858961542447 23.722713192304 39.6321887771289 72.7201700210571 91.5143887201945 99.0675290425618 88.6597534020742 68.6884721120199 64.4660492738088 63.3245259523392 59.7440699736277 40.6289622187614 56.3076237837474 37.8416528304418 9.99217107892036
76.9196351369222 66.6802972555161 64.3549561500549 69.5715894301732 81.6845993200938 90.8441742261251 90.2846058209737 91.4968053499858 94.1198170185089 94.216654698054 96.9565510749817 99.6233423550924 101.301391919454 99.4246701399485 94.3869551022847 91.742217540741 94.2646861076355 85.930347442627 81.3575287659963 82.2161436080933 82.1300099293391 80.0081193447113 78.563595811526 77.2521197795868 76.7951707045237 75.6344397862752 75.8648812770844 75.6725172201792 74.8584121465683 72.4620968103409 64.4840349753698 68.4785197178523 71.1115598678589 56.7671060562134 34.8813980817795 23.7680996457736 12.4418114622434 10.0659510741631 21.4451228578885 54.643988609314 82.0020933945974 79.3694804112117 69.0060059229533 54.0943642457326 50.2040237188339 41.9453432162603 39.0081331133842 64.7574613491694 74.8426020145416 52.8256992499034
77.2408147652944 71.4875310659409 69.0841426452001 74.4097530841827 84.016223748525 92.5196011861165 95.7100987434387 91.5971299012502 96.5868631998698 94.7496096293132 98.5590517520905 100.315809249878 101.657132307688 103.137850761414 97.5152651468913 96.4431166648865 96.708337465922 91.7054812113444 86.7928961912791 87.2204105059306 87.2893929481506 83.286315202713 81.2042454878489 80.5000960826874 78.7903865178426 79.5099834601084 76.9211053848267 75.4905839761098 70.3926086425781 65.5900786320368 56.1416844526927 58.5016508897146 64.7976199785868 66.3918803135554 64.5317335923513 52.5817275047302 27.8728579481443 14.5614830156167 11.1239676674207 18.1989967823029 38.4558960795403 43.7920341889063 38.6043861508369 30.816396077474 30.4298624396324 37.4195898572604 50.9384572505951 57.123323281606 70.1870918273926 75.8495628833771
80.6897729635239 79.1992843151093 75.2312342325846 73.4802732865016 79.7766347726186 91.3667579491933 93.6887860298157 91.5579001108805 93.4920807679494 99.0044275919596 105.446726083755 105.994602044423 104.088803132375 104.584435621897 101.718028386434 101.206481456757 100.860049327215 97.8442629178365 91.9467409451803 88.9010727405548 86.7607394854228 84.9576989809672 86.7546498775482 88.0701839923859 83.9747389157613 80.7560036579768 74.9312390883764 68.5274302959442 61.7261479298274 59.1111729542414 58.9701930681864 64.0859454870224 69.8067992925644 81.7490965127945 86.1953596274058 85.4296882947286 72.744498650233 51.0206520557404 39.9472241600355 19.7401468952497 24.5102072755496 41.9477522373199 47.1725463867188 36.0452458262444 35.967322687308 51.98868115743 74.9333600203196 69.3595657745997 64.1410350799561 71.2049553791682
83.3507478237152 82.8081915775935 81.5807481606801 77.6202579339345 78.6221524079641 88.3426467577616 91.3592676321665 91.6923582553864 91.4396047592163 101.119150718053 109.609107176463 108.382046222687 103.536317745845 105.945199728012 107.089638710022 100.100835164388 102.381338675817 99.2821256319682 95.0493514537811 92.0516053835551 90.1486873626709 91.0512109597524 87.7165098985036 85.2685968081156 83.0428351958593 76.3454933961232 58.6610486110051 38.8572265704473 34.214826921622 41.3931806882223 56.0738941033681 60.7326527436574 67.8564856449763 75.9237110614777 86.3429109255473 99.6876259644826 101.392736037572 82.8694601853689 81.1165074507395 50.6240626176198 26.7683267593384 48.2088178396225 63.843309879303 64.2624298731486 63.8320297002792 78.707680106163 106.958746910095 94.6129361788432 70.9583610296249 56.3715944687525
82.1992655595144 80.249677101771 84.0864181518555 85.0378473599752 82.1267912785212 84.8465065161387 91.6666885217031 92.2928750514984 92.502494653066 100.317974885305 107.754041751226 106.532096862793 101.730823516846 105.043143033981 108.516951402028 98.6005961894989 99.7551480929057 98.1389085451762 96.2582429250081 97.2250898679097 96.8595743179321 97.3113973935445 90.5994971593221 83.4343234697978 82.915872335434 79.0622731049856 61.95234755675 41.3460085789363 41.283905506134 52.4690250555674 65.3070211410522 66.5614753961563 78.5053273042043 88.1324509779612 99.085807800293 94.2708949247996 88.2224937280019 43.7061736981074 44.1729972759883 48.0452279249827 54.3649097283681 67.9505566755931 73.9345004161199 42.7445073922475 35.3972390294075 41.0182004173597 83.9919646581014 78.7601470947266 64.6453648805618 54.2499919732412
70.1571851968765 78.2101551691691 82.0686519145966 84.8383804162343 84.7486952940623 81.0817182064056 91.521292924881 95.6922769546509 96.2739586830139 101.090331872304 104.107121626536 103.898386160533 102.984011173248 101.095567146937 102.583477894465 98.7330178419749 95.3239401181539 98.2757210731506 100.233296553294 101.454585790634 102.468729019165 98.8888343175252 96.2847272555033 89.4023577372233 86.5711569786072 87.0195627212524 82.1530322233836 75.8266697327296 74.8595545689265 80.3886105616887 79.7901848951976 76.5560567378998 92.3959215482076 100.591520468394 97.8858967622121 72.1107323964437 62.2261216243108 26.8791367610296 15.5419781804085 26.967520515124 47.7843930323919 69.1138505935669 78.1285762786865 64.3167694409688 51.2988567352295 53.6809066931407 69.4003105163574 74.114203453064 71.5186099211375 64.2913430929184
59.752161304156 75.3575563430786 79.8158397277196 82.8871876001358 85.9487454096476 81.8959772586823 86.5072508653005 95.3088700771332 106.367458899816 107.527047395706 102.942645549774 100.555012623469 102.654119332631 101.550092299779 101.785729328791 99.2174645264943 95.2857335408529 97.1441566944122 95.9423184394836 93.6087369918823 94.2017734050751 93.0527846018473 91.7166272799174 91.1638041337331 91.0013417402903 95.6782897313436 105.158597230911 104.866683483124 97.5228746732076 90.8688108126322 76.4894733826319 76.7010450363159 86.7438813050588 77.7472903331121 39.0411863724391 29.8077240586281 28.4287283817927 20.4965993762016 7.42068452139695 3.97811364382505 5.56143745779991 27.8809393445651 75.492928425471 92.3129320144653 105.293959379196 101.536532243093 94.3794250488281 94.3559110164642 92.9772953192393 81.0598681370417
61.3465656836828 72.3112970590591 80.1350275675456 82.7498038609823 84.457536538442 84.8143001397451 78.8185447454453 89.704175790151 111.317624648412 110.391219456991 101.709991693497 97.6207454999288 100.575516621272 104.329357544581 102.889130512873 99.5013912518819 97.9894797007243 95.4106549421946 88.4661376476288 80.8097124099731 81.2286287546158 84.7348570823669 85.1844052473704 87.5380635261536 88.8846417268117 95.5547392368317 112.643798192342 122.109492619832 100.809703270594 85.9124064445496 76.1938989162445 65.0795598824819 67.0707722504934 63.0950629711151 37.20589975516 24.1137966513634 25.4486054182053 34.4109286864599 25.8887136975924 11.7086594303449 3.60793558259805 12.1263576050599 39.5212968190511 74.7021734714508 79.0815850098928 89.0751481056213 85.4846636454264 87.293287118276 82.5697084267934 75.5196909109751
74.0011831124624 77.5064726670583 80.0328652064006 76.3422350088755 69.6607679128647 66.9870873292287 75.4056225220362 81.104983886083 92.2422806421916 87.8547728061676 85.8434836069743 91.6494329770406 98.909318447113 100.899746020635 96.8576967716217 98.7929304440816 98.5799034436544 92.2912160555522 84.0296844641368 78.1862735748291 77.2590090831121 77.6461660861969 82.3154697815577 85.3160222371419 85.2029720942179 87.8497958183289 101.05636715889 110.666324694951 101.424008607864 83.8634272416433 70.5417692661285 57.4322243531545 52.9052913188934 66.7880475521088 61.7110033830007 35.0796431303024 42.5145278374354 72.0312744379044 76.9372532765071 55.71648478508 24.3438631296158 14.8048512637615 26.8732979893684 36.7408245801926 35.0732952356339 46.4422404766083 58.047557870547 62.9896968603134 61.5597516298294 67.5179411967595
86.6202016671499 83.1220398346583 78.9684951305389 71.4081376791 60.4971746603648 53.5021920998891 65.8291578292847 64.3878678480784 53.9188633362452 54.9315313498179 66.0036752621333 78.7311544020971 86.1139098803202 90.7293856143951 94.2979653676351 105.394045511882 107.982695102692 98.4546343485514 88.8283749421438 84.9545101324717 81.9741487503052 81.3099294900894 83.2442194223404 80.4631064335505 83.167165517807 86.8850747744242 89.5906090736389 96.7565576235453 88.0632599194845 66.1737471818924 70.1249341169993 64.6195958058039 58.8846802711487 76.5619824330012 82.245945930481 69.1965172688166 59.3804915746053 60.1705213387807 55.9284587701162 58.881605664889 43.7526355187098 30.8081905047099 26.4413406451543 27.0242740710576 19.6686051785946 21.3709796468417 31.640887260437 34.4760219256083 48.5748151938121 68.9822981754939
89.8817181587219 82.6505174239476 77.3585885763168 73.1030950943629 65.3013487656911 58.4667573372523 53.237646818161 48.3636210362116 29.4613217314084 37.9386817415555 61.2117300430934 72.7575371662776 73.5173523426056 81.8018913269043 96.8692302703857 114.123970270157 119.997670253118 111.721187829971 102.847437063853 97.7113644282023 91.5539065996806 89.2963608105977 88.5319113731384 85.8928759892782 82.8909476598104 81.0755093892415 79.6882559855779 80.1441768805186 78.2549381256104 58.2742144664129 62.7631694078445 57.8139921029409 54.329792658488 80.062414209048 100.030422210693 103.399087985357 76.7690042654673 32.5303400556246 27.9183040062586 35.3674019376437 45.0368523597717 42.8195695082347 43.2976981004079 39.6415864427884 27.1087760726611 22.5994487603505 28.3218622207642 44.4267094135284 53.9527187744776 86.4299635092417
92.6921765009562 86.889257033666 85.3707591692607 86.6902073224386 83.1075807412465 76.0539223750432 70.3114966551463 71.1462746063868 69.5017029841741 74.8313119014104 84.2480460802714 91.4782186349233 91.7883416016897 86.0214034716288 97.2367525100708 114.859700202942 125.769267479579 125.763078530629 117.646664381027 106.861184040705 100.446174542109 94.5948163668315 91.1957224210103 93.4452811876933 85.0967069466909 78.3233642578125 70.5565462509791 71.8440214792887 70.8239078521729 66.6881302992503 45.8590686321259 45.8475649356842 39.7108942270279 67.1779960393906 108.444313208262 117.823332548141 83.5348566373189 47.4112778902054 20.532471438249 20.7097095747789 24.975781639417 28.7371501326561 44.07865802447 54.5934190352758 56.5831710894903 42.2209600607554 41.8389936288198 60.843159755071 92.2449628512065 143.155515193939
93.6088959376017 90.5904372533162 90.7681286334991 92.268447081248 91.7534430821737 87.6553257306417 86.9036118189494 95.8697398503621 113.880604505539 109.054327011108 99.6091663837433 102.004686991374 107.900927464167 93.9510961373647 95.2036480108897 104.579091072083 115.114291508993 122.012794017792 122.344563404719 114.835341771444 108.313659826914 101.208885510763 96.3992575804393 93.7352279822032 83.163191874822 74.4915803273519 62.6169939835866 61.7843121290207 62.9407564798991 55.7991911967595 29.1457449396451 26.4906312028567 20.2525382240613 23.9538922905922 105.91588417689 119.063983360926 98.3744263648987 86.6916179656982 51.7791161934535 14.8253813385963 6.59322738647461 3.80611140280962 23.5651284456253 60.0576202074687 68.4459457794825 57.5589040915171 56.1482459306717 84.5563610394796 148.980508248011 196.404814720154
