input/barkrak2/radiation/dir03324.grid
NCOLS 85 
NROWS 70 
XLLCORNER 665100 
YLLCORNER 4664600 
CELLSIZE 20 
NODATA_value -9999 
[rows 0 to 21 of 70, columns 0 to 49 of 85]
100.319077571232995 115.133374929428 130.210518836975 150.83325902621 161.754926045736 164.464334646861 162.042727073034 159.832825263341 159.351607163747 162.78338432312 161.979804436366 158.150811990102 153.576642274857 154.324958721797 154.428660869598 140.469898780187 127.237766981125 117.236912250519 119.442741076152 118.413348992666 120.808849732081 142.487496137619 164.295812447866 169.683615366618 173.085669676463 183.678507804871 182.173053423564 171.98779185613 163.87011607488 165.32243291537 160.946100950241 183.465540409088 226.858715216319 225.3058552742 221.931656201681 209.847529729207 214.45761124293 225.991547107697 222.789069016775 222.723782062531 214.206000169118 222.233235836029 227.623422940572 218.981305758158 207.639038562775 214.902798334757 220.856746037801 180.519104003906 124.471793572108 120.002458492915
71.5750604867935 89.5162324110667 108.818193276723 126.856644948324 142.84203449885 149.624903996785 155.891468127569 162.103782097499 167.490124702454 167.141596476237 165.968199570974 161.23511393865 156.025836865107 156.12581372261 156.201014916102 141.404231389364 132.764518260956 124.02398387591 121.287206808726 119.137734174728 134.819885094961 160.618722438812 178.872426350911 179.347515106201 182.566265265147 188.158690929413 184.199293454488 174.726843833923 167.860607306163 166.62918527921 167.975068092346 195.066750049591 221.551477909088 215.582470099131 212.935010592143 208.892166614532 218.507130940755 227.961361408234 224.220712979635 220.808883508046 216.529409090678 218.726992607117 214.227696259816 203.832268714905 198.550482590993 210.849126180013 211.700260639191 161.512931187948 131.640623013178 142.657915751139
38.4956399599711 46.8884358803431 53.7613381942113 64.6966397762299 75.5433638890584 87.8714422384898 106.086790561676 137.799282868703 152.087559302648 155.417362848918 159.339010715485 162.576089302699 163.526594638824 165.065983931224 166.8994029363 167.136589686076 163.114657004674 152.354617913564 135.757476091385 130.122721195221 141.810496648153 163.601160049438 177.702029546102 180.424511432648 183.095057805379 182.496805985769 179.552495479584 175.13241370519 171.141664187113 175.094525019328 184.591253598531 205.507238705953 219.560325145721 216.99986855189 212.302645047506 210.878928502401 219.768643379211 223.225871721903 219.839950402578 218.028843402863 213.003993034363 203.164080778758 189.321319262187 182.297348976135 188.408295313517 204.443792502085 197.384039560954 160.198112328847 151.847898960114 171.197374661764
23.5594660043716 26.9224892059962 28.5584578911463 31.6457400719325 36.5551859140396 43.813149134318 56.8423122167587 73.7657696008682 92.2828217347463 120.846331119537 138.387620449066 154.699802398682 164.342105388641 167.689581712087 171.736160914103 178.107678890228 172.876238822937 163.278579711914 146.448850631714 139.299978812536 140.605549017588 142.202377319336 154.595553874969 168.937722841899 171.852946281433 172.005176544189 173.923015594482 173.981467882792 175.508379936218 182.035128275553 188.230077425639 208.123505115509 210.936586062113 211.135049661001 208.390017350515 208.661218484243 213.152130444845 216.076095898946 209.491928418477 198.51283232371 193.698306878408 185.813148816427 183.565278848012 195.792078971863 207.404414812724 200.881361961365 182.19252427419 159.73820288976 161.713361740112 174.979825814565
33.6052576700846 26.7828777432442 18.2727451125781 13.7537432213624 13.4784728288651 24.1858338316282 39.1489317019781 51.401029030482 61.2400422493617 66.9435958067576 94.2413210868835 115.911096334457 140.331208705902 148.699949185053 155.735830465953 160.599867502848 158.843884865443 154.007971286774 147.04026778539 141.338487466176 135.87146004041 134.008357922236 142.178058624268 151.525894800822 161.104967196782 169.901708761851 171.937843163808 173.341929912567 176.244119803111 176.880657672882 183.446884155273 206.64777358373 203.549782435099 206.121981143951 206.043203671773 204.751054445902 201.687494913737 199.051141738892 190.098325411479 182.941198348999 183.621863524119 183.598160743713 193.127115567525 207.291960716248 208.873669306437 183.460175991058 151.471187671026 141.433258851369 155.471911032995 174.085140228271
62.7255141735077 47.5441714127859 29.3175677458445 14.4861737887065 9.78520015875498 16.2825360894203 30.4157684246699 43.026939034462 48.1316099564234 51.7251640558243 57.4887295564016 66.9358422358831 74.0559349457423 77.9952456553777 86.4804784456889 99.223921696345 106.177151203156 117.39315589269 134.020706017812 143.673052390416 144.557317097982 146.301398674647 142.820060253143 146.046002705892 152.283877134323 157.497515281041 165.413081645966 172.913074493408 177.231311798096 179.803570111593 191.259960333506 201.556324958801 195.512652397156 196.811219056447 198.266724745433 197.922190030416 195.173462231954 190.300623575846 181.68576558431 181.922018527985 181.337356567383 183.357258637746 186.990241209666 190.295577049255 185.626606146495 144.704878330231 125.353177388509 134.996891021729 155.065317948659 193.600018819173
72.7181037267049 62.0529254277547 48.1771777073542 34.7422435879707 21.6798211137454 14.7479586303234 17.8082262476285 33.3178291718165 43.7050263086955 49.7617324193319 47.3492046197255 46.6036101182302 45.488844315211 42.0103867848714 43.1845883528391 52.5128344694773 60.5266590913137 79.867626229922 99.0204314390818 115.468283494314 123.522977034251 134.46706533432 132.293045520782 130.899250507355 139.002243677775 140.513082345327 146.284610033035 152.966211239497 167.010903358459 178.571661313375 190.487484137217 194.698095321655 185.47401825587 181.267440319061 182.036598523458 183.027784029643 183.112124602 178.29696337382 173.216164112091 167.610327402751 162.720998128255 163.014352321625 171.250601609548 181.557377179464 177.341381708781 171.124458312988 181.744893391927 190.158784389496 202.472666899363 217.137515544891
86.3743523756663 74.2546568314234 66.4629389842351 55.6828677654266 41.68767730395 22.9453494151433 11.8011658390363 8.77460526923339 23.4221170345942 40.2468318740527 49.0712026755015 47.499159971873 43.4471219778061 38.2537965973218 31.8953121701876 32.9451113939285 41.4621084928513 52.7861813704173 72.1263388792674 91.0961627960205 102.268884579341 115.890125433604 126.063009103139 126.666247844696 129.410862922668 129.635026057561 132.733235756556 135.791569948196 143.377284208934 158.684998750687 175.357460975647 178.727308909098 170.694947242737 165.118376413981 162.063091993332 162.378787994385 169.166266918182 167.657613754272 164.213289817174 148.609101772308 144.528885682424 152.155687411626 167.781333128611 180.180907249451 185.033063093821 192.658523718516 200.179020563761 206.533471743266 216.893057028453 218.205730120341
80.6563397248586 73.0091234048208 63.1712128718694 59.4634115695953 53.2600184281667 40.4016450047493 23.1227849920591 10.1212151348591 15.7496792574724 21.903487543265 28.4076804916064 42.668471733729 44.8364814122518 45.9598501523336 40.8273885647456 37.347619732221 37.3227919141451 41.0353541374207 52.5121291478475 64.4898662964503 79.4572730859121 93.1333303451538 104.910969734192 108.286102612813 112.281193335851 112.659980853399 114.648441473643 118.866821130117 125.434160232544 135.153949260712 139.112552007039 145.264625549316 148.694674173991 147.327800591787 149.905542532603 153.093119462331 155.496885379155 158.611754576365 159.208585818609 154.099484284719 159.188687801361 168.906887372335 176.90114180247 180.062810579936 177.97593275706 176.732997099559 181.941111882528 193.00123055776 202.630937099457 202.751318613688
61.8500411510468 59.6232761939367 53.591509660085 46.9942539930344 44.3255454301834 52.7937163909276 39.5629132787387 27.6026800274849 15.754501024882 12.4360596140226 16.8040730059147 28.3181369304657 39.8560414711634 50.663893421491 57.1803748607635 52.1320650974909 45.1667606830597 44.6398754914602 45.4808274904887 48.9202886819839 55.9558073679606 62.3754560947418 72.9890515406926 83.5362474123637 91.8617149194082 93.8830574353536 94.1675702730815 99.0421374638875 105.022887388865 111.76785826683 113.969226678212 116.207371155421 121.842086315155 127.370377381643 137.983401616414 142.305006583532 142.805596192678 148.908108472824 155.175050099691 164.905816316605 174.374719460805 179.099321365356 180.968741575877 179.989457130432 176.50572458903 176.02409919103 183.217088381449 191.141267617544 195.293704668681 194.918990135193
27.4324367443721 26.996244986852 25.8646259705226 30.124306678772 23.6840049425761 28.1220450997353 26.8303826451302 29.1383738319079 21.8547135591507 16.5977838138739 13.6940019826094 16.8936016658942 29.8164437214533 44.6302394072215 56.8094352881114 52.5329113006592 50.1575817664464 48.6262540022532 44.8690503835678 42.6894327004751 43.7354346116384 45.228252808253 49.0225702524185 62.3736282189687 74.525107940038 80.5696795384089 81.63054784139 81.3193023204803 89.1138911247253 98.5075930754344 102.379063765208 104.554444551468 111.25448346138 115.216096242269 116.049269835154 123.709162076314 135.548382997513 141.624003648758 152.037858963013 169.824560483297 176.99658870697 177.320579687754 176.520446936289 175.085147221883 175.238490104675 179.224093755086 186.119715372721 186.625063419342 185.864508152008 189.637164274851
4.60995795826117 4.61979613949855 5.33383960525195 2.54599501689275 0.0108951838531842 0.995746503273646 5.17702847719193 18.321933845679 26.3460725545883 26.1116673549016 18.5700282454491 14.3211918572585 16.9239863753319 28.7237986922264 44.3940758705139 45.7374354203542 52.9025693734487 53.7367264429728 49.8068779706955 43.1557198365529 39.841299255689 39.4196559985479 39.9926230311394 48.5538939634959 56.7801247040431 62.7876818180084 65.2234554290771 69.6269969145457 72.4117110172908 76.9970417022705 85.499236981074 91.2556747595469 95.0010816256205 97.3847508430481 100.596020619075 104.898482561111 114.313860734304 132.126102844874 142.10706949234 159.108906984329 166.37447476387 163.827290137609 160.242269436518 157.871107260386 159.329543511073 161.936064561208 166.889389355977 173.594892024994 177.238980929057 181.483447551727
0.969686467821399 0.25563493060569 0 0 0 0 0 4.42930745581786 21.3348865509033 26.8137852350871 26.9886876145999 24.7078811128934 14.8673492173354 13.7176339824994 25.2569516499837 40.4703468084335 52.202175060908 58.7771832942963 58.1298271814982 50.6968200206757 46.8556483586629 47.7406879266103 49.3306219577789 50.1121332248052 53.0426800251007 54.4818341732025 56.4642747243245 62.0750387509664 64.9834722280502 64.5662148793538 65.0012940168381 73.7578173478444 78.7759870290756 78.9788713057836 83.8832755883535 88.9726380507151 97.2128212451935 107.151180505753 112.289319435755 130.390256643295 142.503629128138 144.611299037933 142.253051201502 143.915951251984 144.975880781809 146.932065486908 148.514966169993 151.924977699916 156.852066516876 162.058492501577
1.55041351293524 0 0 0 0 0 0 0 1.34029891341925 19.4753780961037 29.8107887307803 34.1265747944514 30.9669276078542 23.8753333687782 23.4938785433769 37.2429738442103 47.0479726791382 58.5563282171885 66.7688349882762 64.1233424345652 58.4527403116226 57.562972108523 56.5180232127508 57.0824891328812 59.8159929116567 58.580348889033 60.7575823863347 66.338375210762 66.2172933419545 59.8337401946386 61.2698247035344 60.8532627423604 61.9136641422907 71.1568742990494 77.8877188762029 83.3919147650401 85.4755441347758 91.1487936973572 95.1686104138692 98.2517600059509 106.01469874382 119.340459505717 127.937495708466 136.064181725184 135.831614335378 141.262590885162 140.068372090658 136.706302563349 135.012278954188 137.091259161631
8.77675600349903 0.00137063686149001 0 0 0 0 0 0 0 10.2705179403226 29.4563596447309 45.0872580210368 53.3492664496104 49.8016575972239 36.860890686512 35.2360333005587 37.5629340608915 48.8724360863368 62.1215800444285 71.2637007236481 71.0835605859756 69.2281971375148 68.3893462022146 66.5175418059031 66.3109719753265 69.0118074417114 66.782886783282 68.576325972875 67.3890362183253 60.3948583205541 56.6690961519877 60.3715827067693 55.9971233208974 50.6013780832291 53.8964420557022 69.4261789321899 67.7370131015778 73.4934508800507 79.5112053553263 79.9778401851654 84.8863323529561 90.9150938193003 97.7213978767395 109.728266795476 118.318657080332 124.558081229528 133.18012158076 137.493848800659 132.974614699682 125.014195839564
9.20174829661846 0.33515451165537 0 0 0 0 0 0 0.336021572972337 1.38288146505753 18.7935034434001 38.5341594616572 60.5178972085317 69.6108241875966 55.08620540301 38.2001350323359 32.9460253318151 36.1982906858126 47.1993585427602 65.8730814854304 78.5007774829865 78.0755281448364 78.6888897418976 74.6858815352122 72.7568169434865 74.7411251068115 75.126513838768 70.249542593956 67.3379600048065 68.2131946086884 60.2404127518336 56.0525705416997 50.3434538841248 48.539270957311 44.2748020092646 44.6836203336716 41.1318292220434 43.4486319621404 50.4057705402374 55.9984495242437 61.833788951238 68.1627293427785 72.5775708754857 75.1589785019557 90.6618634859721 100.955883661906 116.684208313624 124.968707561493 126.613318920135 122.004429499308
6.56497540573279 1.37415730083982 0 0 0 0 0 0 1.14340630049507 1.94045730556051 7.91687952975432 28.5109058022499 49.7333556413651 63.0093912283579 66.9765770435333 58.554619550705 53.4720569849014 45.4971889654795 40.4001275698344 47.8524714708328 67.0600632826487 79.9096922079722 86.0001444816589 83.8392575581868 79.3499648571014 79.7619571288427 86.6036216417948 80.2474021911621 78.069860736529 74.8643974463145 71.718027194341 59.0009490648905 49.5388905207316 41.2294119596481 33.7353025873502 31.0132751862208 29.9609452486038 29.9271593491236 30.2042985955874 35.5464965105057 40.9726028641065 42.9069449504217 46.3658024867376 49.2557932933172 63.1560832262039 76.164389650027 89.1705254713694 98.724643389384 108.419448137283 115.181028842926
4.4371426726381 1.86483468860388 0.00764656882286848 0 0 0 0 1.30969456707438 2.85519318034252 7.97012137869994 11.4677051703135 21.0056404272715 38.8473123311996 56.189109881719 68.4927850961685 70.943941672643 72.0025300979614 65.0838216145833 51.8071154753367 42.1763261159261 50.4699150721232 71.1715867122014 80.6217342615128 84.7543478012085 86.8679682413737 90.0259415308634 90.5320247014364 87.2824589411418 90.7220244407654 84.9862297375997 72.4761188030243 59.8099728425344 53.5571376482646 41.5270378192266 32.8032076358795 26.4838139216105 20.5361482997735 18.3692015707493 19.0021668871244 24.6503402789434 27.8939753770828 26.0052581628164 32.4350371956825 35.6288477778435 42.5408631563187 57.8422844409943 64.2351806163788 65.4276410738627 85.9905282656352 93.4050579865773
4.91268498202165 5.64993980030219 4.68243968983491 0 0 0.0348659935601366 1.37223334362109 3.63776522378127 9.30863618850708 18.1800959010919 21.7407569289207 24.7897033890088 33.8924800356229 42.676975329717 54.3665091196696 65.534641345342 70.9973722696304 75.209046403567 73.1949706872304 60.2011581261953 48.0605065822601 57.9708168903987 67.4314498901367 79.2139520247777 88.5834594567617 95.1256255308787 98.6323157946269 96.3797370592753 89.4935727119446 78.4601767857869 76.8768141667048 65.1800185441971 50.3257562716802 35.6536954641342 29.5499414205551 20.8133334914843 15.7179050147533 10.307094703118 10.1358331739902 15.742772569259 17.0878892143567 22.3788941899935 26.2525156140327 31.2069977323214 32.0485830307007 41.0999978582064 47.2125858068466 48.9010363817215 55.3693324327469 67.842110991478
5.26196199158827 4.11497615277767 5.87353482842445 0.71520855029424 0 2.01842468231916 2.50557887678345 4.07991992930571 5.05137381454309 16.436821470658 23.270142575105 22.7785557508469 25.8026073376338 30.7056407133738 40.8791626493136 53.045317530632 61.6525709629059 69.2200263341268 73.1693108876546 74.1724173227946 67.7006940046946 58.8672707478205 60.6247286001841 69.9581950902939 81.2179396549861 90.6784335772196 92.8556720415751 91.4239287376404 90.8956627051036 82.4169019858042 68.6861922343572 66.5780305862427 48.4771331151327 35.5432505408923 29.163380463918 18.5033703843753 10.8552550276121 5.04658371210098 2.55640937636296 3.5416791215539 10.3535565237204 16.2640325725079 23.1067985296249 26.1139621337255 28.0115654071172 34.7228373090426 38.2863283157349 42.3483202854792 48.7522184848785 53.2269726196925
8.67181209226449 3.28946765512228 1.19914626702666 2.6306826621294 0.836445872361461 2.98521636674801 2.51703864584366 4.53917433818181 5.72233460843563 11.6416824360689 17.4249584476153 18.6723334093889 18.1421898305416 20.7407412429651 27.6586239536603 37.6043443878492 49.1210321585337 56.2319904565811 65.4890636603038 78.4443318843842 84.0891698996226 76.0655502478282 76.1844217777252 77.965314189593 79.4498771429062 83.1244637568792 86.8014693260193 84.7959121068319 79.0367126464844 78.7701855103175 66.9752260049184 49.3123531341553 32.9175665974617 26.1879463990529 11.3841717441877 6.12400347987811 1.01438940813144 0.313704464739809 0.0103265071326556 0.00810168300328466 1.24812584059934 3.57024930417538 11.9007093211015 18.6272797485193 23.2266560196877 27.7092779676119 31.7096635699272 34.9193414052327 40.7212426265081 41.5348261594772
24.4702349106471 14.6801707645257 5.06914096573989 8.23689500490824 7.19692185521126 2.14371550828218 4.4279545545578 6.30343084534009 6.91973542173703 12.6068678994974 16.2121144433816 15.9129810829957 15.8692349990209 14.2776866753896 19.8689041038354 29.2241424322128 40.9000962972641 48.918346563975 58.046281337738 71.0914532343547 80.4480065902074 93.7215387821198 97.4629422028859 98.1159309546153 92.1170314153035 82.229346036911 78.0872205893199 73.6537675062815 75.8752922217051 60.711607336998 49.5395213365555 31.6500912110011 20.8680580059687 8.47821248074373 0 0 0.00823910037676493 0.00808489009311112 0 0 0 0 7.67588367064794 7.76715079943339 15.1569259663423 21.9751869638761 26.3877684871356 27.6723206043243 30.8876410126686 30.6171625852585
