input/barkrak2/radiation/dir07224.grid
NCOLS 85 
NROWS 70 
XLLCORNER 665100 
YLLCORNER 4664600 
CELLSIZE 20 
NODATA_value -9999 
[rows 42 to 62 of 70, columns 0 to 45 of 85]
173.039635022481 170.33326625824 173.129220803579 170.667628447215 164.119819800059 160.601824522018 156.444867451986 152.635018030802 151.52316292127 149.075299501419 147.228906551997 145.0235247612 148.228426774343 152.869651714961 151.224513848623 148.545612891515 144.245147705078 149.334291617076 152.71536509196 144.271035989126 141.049573818843 139.421413342158 137.254496415456 138.686527808507 144.95790998141 140.956193208694 137.427041927973 145.735929409663 151.16951862971 154.201567173004 156.946321328481 158.0637494723 167.125701904297 189.532379309336 197.90639479955 172.437965869904 157.632956902186 155.407269795736 160.220116376877 171.772658824921 181.358098983765 178.889850775401 169.088840484619 135.187447071075 73.9095856746038 19.1567664345105
156.654854615529 159.390419721603 168.385545412699 165.067325035731 168.128252029419 170.56546608607 168.074210484823 163.080483675003 150.671780109406 149.60906902949 151.862243811289 147.400796413422 146.690895160039 151.708255211512 151.520152886709 149.17653799057 149.404267470042 152.717490990957 152.549078067144 145.870000123978 139.464249213537 136.865437030792 135.50732533137 134.117046991984 138.592720031738 142.578283945719 136.806597312291 141.168306271235 145.254641771317 149.097998936971 147.880524396896 146.51083946228 158.166746298472 176.803708076477 176.242788632711 160.360813140869 155.04922469457 163.998107115428 170.159916083018 171.884437402089 167.540272076925 161.554495493571 154.759645462036 127.031683921814 79.0561983982722 20.4079076647758
154.294153054555 159.9007944266 163.519670565923 164.022525151571 165.942033131917 167.677998542786 168.022036552429 164.290775855382 157.917072375615 152.909855047862 154.966006676356 150.771160920461 147.248248259226 145.120034615199 144.170522689819 144.859731197357 139.86724615097 146.703670422236 149.722466866175 146.23236656189 141.1292552948 139.118055502574 139.295160770416 138.972779115041 135.742962360382 146.847357352575 149.871855974197 146.824995676676 146.581649780273 145.393510659536 142.017314831416 140.240132808685 146.902134021123 151.966919501623 154.106120268504 153.571307659149 158.446729183197 172.230343023936 177.370111147563 167.508244514465 165.765762329102 156.751732031504 151.048103968302 130.522569020589 94.2179163297017 48.0849295854568
161.077121893565 165.148198604584 162.760684887568 165.827482938766 164.555291334788 163.608849048615 165.470629930496 164.072434107463 163.906733194987 158.81151954333 156.339297691981 155.531992514928 149.326801300049 145.162602265676 143.161952495575 147.775222857793 139.984021584193 142.65842239062 147.83384402593 147.26252357165 143.782426913579 142.948488394419 142.62980222702 142.982025941213 143.520494302114 144.866148630778 152.014702558517 150.322486956914 148.144831260045 148.406604925791 143.617947896322 140.671789646149 143.803964058558 139.008094867071 137.590964635213 138.055463631948 147.126972675323 162.214358647664 163.765877485275 149.721731742223 153.232177098592 146.757622559865 143.893420696259 141.262789567312 122.931510210037 82.7937225500743
160.334855318069 161.457349856695 164.928545554479 167.667547861735 166.746477286021 166.365683078766 167.359411716461 169.470945994059 164.558152357737 162.644604841868 159.84567006429 159.076025088628 153.972893953323 149.535000324249 149.11217490832 152.077962954839 147.722830375036 142.422010501226 148.786356051763 148.905485868454 143.60906680425 145.729005336761 143.879254659017 139.464298884074 149.482220411301 142.662843068441 143.931130568186 146.43806219101 147.981723149618 149.105389912923 147.282967964808 143.444041411082 143.03723971049 140.901356935501 139.437466859818 138.3422712485 142.000516255697 151.353299617767 153.255124886831 151.859899361928 150.420874357224 142.974595228831 147.657891114553 155.495623747508 147.484401861827 112.865587075551
153.949677944183 156.658599774043 163.173884153366 164.757857720057 168.916900952657 169.211606184642 165.829052527746 166.267981131872 166.292637586594 166.776220003764 163.486510515213 158.553232749303 155.769715706507 155.917584896088 151.788731416066 149.992922941844 149.581799904505 139.971673488617 145.181258519491 146.82412147522 142.774363358816 142.630358537038 146.409650643667 137.819766998291 141.477237145106 141.485909620921 136.433571577072 142.491370439529 145.556658506393 146.548529465993 148.842384417852 147.638936837514 142.566621303558 145.292152961095 154.628117879232 156.615604956945 152.130792538325 147.699405749639 151.565154393514 162.681559721629 154.660592476527 145.205358664195 152.831097443899 158.898055553436 152.406434218089 131.468852361043
146.791219711304 149.33035771052 155.98530570666 159.546613693237 166.563858588537 170.746803283691 166.786710421244 164.795607328415 167.093992233276 169.216553370158 166.370977958043 162.153740723928 158.877402544022 158.452570438385 154.294073581696 149.828960498174 148.150155941645 140.236775080363 144.124160210292 148.621112108231 147.096733252207 147.487779458364 148.681769768397 143.712818622589 141.073256731033 145.027617613475 140.937705834707 146.266241868337 151.007701953252 156.454185644786 163.026442130407 164.507806301117 154.035667578379 156.23485048612 165.127277374268 169.305880864461 167.631109555562 158.745686213175 156.305690606435 161.819775899251 151.757538318634 143.511354923248 140.934487183889 140.025486548742 137.990285952886 136.959870656331
146.402756373088 142.806927363078 148.325045903524 156.685084104538 163.030564785004 166.259070237478 169.587314128876 170.89056968689 170.269012451172 166.796485582987 168.074071407318 168.052554130554 162.762453158697 160.321096579234 157.360265652339 151.961614688238 149.062256018321 145.565539598465 148.672074079514 154.026220242182 155.156433582306 154.034435749054 150.179415941238 149.938007195791 145.25709549586 149.604698022207 150.253802537918 152.461608250936 159.426867961884 167.476256688436 175.885895888011 180.01385529836 171.200136343638 166.405250628789 166.733304659526 171.761850516001 174.550493558248 171.392480532328 161.796013514201 149.734914302826 140.466004610062 142.372210820516 140.728950500488 134.999801715215 131.042470534643 135.83646217982
147.39853143692 150.215963522593 152.298718690872 160.014281670252 160.554200410843 161.87705596288 169.519662857056 174.854020277659 173.665146032969 172.948519388835 171.456138292948 171.771089235942 166.64057970047 160.893599192301 159.783313671748 163.906037807465 154.787411292394 151.351640621821 152.332752943039 158.620039621989 159.460206826528 156.457006931305 152.608583370845 151.289761066437 148.192435503006 152.952303489049 158.96013379097 160.017520189285 163.167715072632 171.927412350973 181.329766909281 187.301556269328 181.373079617818 168.517867724101 159.20352935791 160.814652840296 169.518788655599 176.772753397624 165.579875310262 143.069267272949 134.935041268667 144.765774408976 148.298601309458 142.884383598963 136.966248353322 133.415997028351
147.278686364492 158.849189678828 160.331537326177 163.573930660884 161.67551279068 160.87727745374 167.781154314677 174.156546592712 172.928988933563 176.688770453135 174.820482730865 173.160413901011 169.446667035421 164.435625076294 162.034749984741 168.668985366821 162.429143985113 155.879636605581 153.149942557017 156.657059987386 157.380233208338 155.580619970957 153.769761323929 149.723370869954 147.140661875407 149.352818727493 154.378573099772 153.359889984131 155.927946170171 163.451701402664 172.163367271423 185.896575450897 181.746562321981 157.424926757812 124.446382125219 117.149452368418 138.260732094447 161.67884071668 170.871555805206 169.079184532166 163.473814725876 155.410925547282 138.376315434774 134.539067745209 143.927176793416 134.688933690389
150.653630495071 149.291535218557 148.458302021027 152.688403924306 159.741987784704 164.780000845591 164.141813913981 171.346008777618 170.21503051122 173.93958568573 175.099730491638 176.171024640401 174.911697705587 169.674634933472 165.085524320602 164.065420627594 165.247619152069 155.146489540736 149.313350518545 148.440023263296 148.02419145902 149.477104345957 150.157560904821 143.980165322622 145.369976758957 142.413010199865 144.176403681437 145.46071489652 145.671079556147 145.855714877447 150.275965531667 167.330781618754 164.35644030571 135.590185721715 98.9550252755483 78.8217782974243 86.771696805954 117.606927951177 154.586215813955 169.604003429413 172.285854816437 155.063500006994 132.280846436818 128.760347763697 137.81949877739 124.239305655162
156.308621168137 144.549945990245 141.665667295456 146.940439939499 160.081068674723 168.559511502584 167.804042498271 168.885389963786 171.737174193064 170.825143655141 174.066424369812 176.097611586253 177.416920661926 175.635039806366 168.729166189829 165.923893451691 167.848487695058 158.150831858317 152.969708045324 154.206067323685 153.640955686569 150.554100672404 148.769557476044 144.658823808034 144.244402647018 142.697076002757 142.485479513804 141.201873620351 140.003681182861 136.224806308746 125.300198793411 135.267049074173 135.653992493947 115.463773409526 99.0870197614034 79.9102385838826 60.2519561847051 67.2825177510579 91.5414392948151 128.918598095576 153.67932120959 142.86349217097 131.418446699778 126.236061255137 118.005881706874 109.998385111491
157.974978288015 151.479224363963 147.029529015223 152.227610349655 162.284344434738 171.54993613561 174.095372358958 169.713000456492 174.590865770976 171.862185001373 174.996197223663 177.277445793152 178.31285794576 178.929626941681 171.488086382548 172.040720780691 172.022859255473 164.30190205574 159.062842528025 160.713334878286 160.812030235926 156.189312537511 153.463343779246 152.887284755707 149.179091056188 148.513853549957 146.554758151372 141.945153474808 135.972956816355 129.164526859919 119.55139040947 124.122560024261 127.384215593338 125.756720701853 124.73726272583 113.203167915344 84.439883629481 67.0262277126312 61.056857307752 76.4896323283513 113.171100616455 118.137001991272 106.641550858816 91.8019513289134 89.616318543752 98.7001458803813
162.264406681061 160.215804974238 153.937796751658 151.162912448247 157.656480868657 170.976797739665 173.084994157155 171.434779961904 172.341326872508 176.557958126068 183.360715707143 183.581372102102 181.40983581543 181.189397970835 177.951097488403 176.746666431427 176.934043566386 172.334631284078 166.242937246958 163.266956806183 161.063512166341 159.508277972539 160.644958416621 160.755574703217 155.995736519496 153.633783260981 147.194941838582 136.472433805466 130.723168452581 126.044183969498 122.825582822164 129.774878422419 133.041093746821 144.377787907918 152.226110299428 150.740305582682 140.90484380722 122.266223033269 104.179918766022 71.892112493515 81.9816986719767 102.655152479808 102.428366740545 89.7358357906342 90.8188621203105 109.63166753451
165.612429380417 164.711604515711 161.827216545741 156.134476264318 155.520677566528 167.006731033325 171.773910522461 171.37998342514 170.589109261831 178.421119848887 186.594188213348 186.883548895518 181.787530581156 184.451798597972 183.949828147888 176.988899707794 179.107228914897 174.695789813995 169.648786385854 167.501628398895 166.13910595576 166.183710098267 163.060635328293 161.471823851267 157.144039869308 152.305503686269 131.10347588857 107.706546783447 102.75012254715 109.769324461619 122.472047805786 126.32026274999 132.047444581985 137.732952833176 151.918788750966 166.720350583394 171.369751294454 154.511431852976 168.545583883921 117.254396279653 87.1958136558533 105.627119541168 123.454183340073 126.339068015416 127.997229496638 143.270750840505
164.976328611374 162.560115257899 165.01326362292 164.632896582286 159.608076016108 164.506832758586 172.369619210561 173.752744992574 171.863118807475 177.758872509003 186.936020851135 186.322788397471 180.793325106303 183.854699134827 186.393181482951 175.968905289968 177.092512448629 174.537360668182 171.682457129161 172.487080097198 173.377553621928 173.251211643219 168.156504631042 161.330491304398 160.599728425344 158.233374357224 135.454118251801 110.44305562973 110.468834638596 120.252172152201 131.36754433314 132.250994443893 143.625954786936 152.799795071284 171.167969703674 167.857905228933 164.144257704417 113.276471694311 95.1277613639832 119.871179262797 117.889483769735 133.364458878835 137.820859750112 120.337853829066 108.6199482282 123.11777472496
152.941286563873 161.235203345617 163.241147994995 165.380666653315 163.348704576492 160.655677318573 172.81711101532 177.600820859273 175.899704297384 178.359647591909 183.747967084249 184.757828712463 182.995915412903 180.422047773997 181.560158729553 177.150845527649 173.924009005229 176.496863365173 177.590767542521 179.401238759359 179.555396238963 175.536413987478 173.647999763489 167.101621627808 164.669016997019 165.844728549322 159.437835216522 151.747365792592 151.474813620249 154.174039761225 152.710090080897 144.111176331838 157.733917236328 171.043038368225 157.612244288127 151.265879472097 114.798774321874 70.6628660360972 54.4534822305044 86.5162412325541 121.781269709269 145.224064588547 139.097591241201 123.848110437393 113.206585248311 118.32735935847
141.385426123937 157.81906247139 161.479771137238 162.866622209549 165.746420621872 160.724401473999 166.611542304357 176.84280872345 185.455123583476 184.097091356913 182.65163898468 181.72299861908 183.63094329834 182.016452153524 181.47083123525 178.562680880229 173.427005608877 174.227694670359 172.223846117655 169.783929983775 171.840707461039 171.176870663961 170.454700787862 169.493794441223 171.345929304759 175.503611564636 185.325443744659 188.5018547376 172.993898391724 171.327948570251 158.633182446162 145.239641269048 152.462184429169 143.17911863327 110.671897729238 74.5408634344737 71.6165006160736 60.5852554241816 44.5456157128016 44.6378439664841 65.1649634043376 107.012192408244 136.794904867808 158.111224571864 175.442337989807 171.516458193461
142.876068751017 154.221554597219 161.334455013275 163.189093271891 163.993676503499 164.925128221512 159.130911032359 169.657150904338 190.34997622172 188.969194889069 182.367602984111 179.154773553212 181.361297766368 183.295627435048 181.946376959483 179.12503083547 176.212290922801 172.288000583649 164.878745873769 157.1311155955 155.76383471489 159.561216831207 161.750207344691 165.42852918307 167.40490992864 175.802667935689 194.800496101379 205.163200696309 188.658475875854 174.60024356842 154.357254505157 132.485210895538 132.515499989192 122.839778661728 96.1474676926931 65.4778480529785 71.813036998113 85.2902034918467 79.1808068752289 61.9306713342667 48.5099951426188 69.4261540969213 115.658223628998 148.045142491659 164.071450630824 159.464945395788
155.959417422613 158.879975477854 161.886771519979 157.417297363281 150.202304124832 148.002862930298 156.646549701691 160.872280597687 171.079119046529 170.186301072439 169.32753721873 175.165792306264 180.671711762746 180.985748767853 176.763693491618 178.206344445546 176.732738812764 169.353644053141 160.745193560918 153.919329245885 152.365843454997 152.202208836873 155.778825283051 157.736221949259 157.613337039948 160.918076833089 178.045670191447 185.519476731618 179.209967454275 166.238327821096 143.599569797516 124.885102113088 115.96350868543 126.23926003774 116.601457198461 90.9727116425832 96.5801378091176 137.210637331009 146.665275096893 122.205436229706 82.917332649231 69.0067857503891 89.962104956309 109.288513660431 108.839333057404 116.546839475632
169.65639591217 166.043142477671 162.071973085403 154.343585173289 142.140209674835 132.817188898722 147.071013847987 144.796748956045 133.249054352442 136.526614427567 151.085982720057 163.818915685018 168.509761492411 172.592600186666 175.632158915202 185.885787010193 187.655528386434 177.874366442362 168.123364448547 162.061582008998 157.749553521474 155.598858992259 155.98601102829 153.323789437612 153.291960557302 155.85587422053 159.87092256546 166.411509116491 160.357375939687 138.681282599767 141.004353761673 132.355491320292 123.188714186351 137.768447399139 138.152331113815 125.456521908442 120.316714048386 124.552518129349 131.041387716929 129.273355007172 111.196458339691 91.7295614878337 89.9487137794495 85.8498116334279 61.3379776477814 83.9966833591461
