input/barkrak2/radiation/dir08024.grid
NCOLS 85 
NROWS 70 
XLLCORNER 665100 
YLLCORNER 4664600 
CELLSIZE 20 
NODATA_value -9999 
[rows 40 to 59 of 70, columns 0 to 45 of 85]
180.120170116425 182.800988356272 181.586364905039 183.445413907369 193.104604880015 198.381463686625 202.176928520203 207.9043785731 205.303311347961 189.042230447133 173.018455505371 169.489165147146 166.911562283834 163.972328106562 160.722841819127 161.066214243571 160.026838382085 161.073764165243 154.075592756271 151.838014523188 158.109615246455 163.796822230021 167.098482449849 162.090619405111 157.730003197988 157.217502593994 167.734305063883 171.231349309285 176.271716753642 176.42875512441 177.648862202962 183.688799540202 179.396092891693 192.799051602681 219.446897506714 219.358742237091 208.184679349264 198.048233985901 201.11870765686 214.006920655568 229.956030845642 243.16281080246 199.205915133158 111.625860134761 56.092714269956 34.0537230173747
188.522140185038 186.548550923665 185.706198215485 184.62073802948 181.320865948995 178.618570168813 176.817019780477 178.090830643972 181.487778822581 173.135797182719 164.274950822194 166.009058554967 168.454627195994 168.901125590007 165.642738342285 163.645684719086 158.015012741089 167.178273200989 166.24050339063 159.221390883128 163.046518961589 163.950761159261 164.380679527918 166.241119305293 166.787604490916 162.735859553019 168.406466643016 172.635515530904 176.400740941366 177.932182947795 180.885215600332 183.467169602712 185.216625531514 202.685972054799 215.579946835836 204.635262489319 184.571146965027 179.336686929067 178.656895955404 191.016793251038 226.281344890594 243.313550949097 222.973167896271 164.140959580739 89.4685387611389 54.2701780796051
193.565408388774 190.925002098083 192.500074704488 191.153923670451 184.75204706192 180.199801921844 177.080551783244 173.25617869695 172.011037667592 169.662177562714 166.447540124257 165.430088837941 168.478727340698 173.086285591125 171.307762463888 168.678005536397 164.291699727376 171.016216278076 172.538757324219 163.921455542246 162.598450978597 160.913199186325 157.012730836868 160.09791692098 164.589355389277 162.310471137365 156.90623720487 165.262957413991 172.130942344666 175.112187862396 177.753249804179 176.9606868426 185.77762444814 207.250555356344 211.773236592611 186.512331167857 172.148744265238 173.319578170776 177.984317143758 190.151631832123 200.034201145172 202.56761709849 190.310915311178 159.465889135996 101.233343283335 48.3599205811818
177.506645520528 180.196543534597 187.868714332581 185.677548249563 188.682993253072 189.890344937642 188.510239124298 183.5777759552 171.224772930145 170.186519622803 172.276039918264 167.775352795919 166.895667711894 171.8936363856 171.615203221639 169.297138849894 169.347802797953 172.655701637268 172.409454981486 165.60826698939 161.021838585536 158.326288064321 155.289838711421 155.505528052648 158.235768477122 162.160128355026 156.306346257528 160.699158906937 166.266471147537 170.026580492655 168.559511502584 166.693290074666 177.765707174937 194.547375043233 190.31568368276 174.698909123739 169.547200202942 180.14661471049 188.320597012838 189.446667830149 184.406757354736 182.216048240662 170.179883639018 149.617691834768 101.856301228205 42.9140875736872
175.173103809357 180.665055910746 184.233148892721 184.651076793671 186.532537142436 188.138902187347 188.472708066305 184.819936752319 178.424000740051 173.425594965617 173.979242642721 171.122372150421 165.89551170667 165.367205937703 164.366960525513 165.034085512161 159.872194131215 168.389360109965 169.641455014547 166.037499904633 162.693480650584 160.584429899851 159.056504567464 160.408437252045 157.088090976079 166.37267669042 169.305443763733 166.213611761729 167.609214782715 167.755782604218 162.497629721959 160.37517786026 165.565331776937 170.220017433167 169.364988803864 168.279826641083 172.888894875844 188.417732715607 194.459637006124 185.857733090719 184.310654799143 172.086795171102 166.432698567708 146.728833516439 114.961604277293 69.3129847447077
181.914528210958 185.810963312785 183.494587739309 186.419328053792 185.17792224884 185.327311356862 185.978372891744 184.604744116465 185.64893802007 179.268638292948 178.172449270884 175.842583179474 169.555524984996 165.468742450078 163.358896970749 167.931993802389 159.931927919388 162.411272525787 169.469714164734 167.086640993754 163.564473390579 164.437264204025 162.339349587758 162.527372439702 164.931058883667 164.295574029287 171.425342559814 169.711629549662 169.121563434601 167.672137419383 162.689785162608 159.673988819122 162.499487400055 159.938812255859 153.465698162715 153.491179148356 162.252406279246 180.980066458384 178.67648601532 169.047872225444 172.48390118281 162.428746620814 159.426053365072 157.016356786092 143.353223800659 103.9177775383
181.164542833964 182.183980941772 185.615738232931 188.318610191345 187.328418095907 186.95080280304 189.047078291575 189.896802107493 186.279813448588 183.046420415243 181.653837362925 179.352740446726 175.791700681051 171.326140562693 170.907060305277 173.811515172323 169.399738311768 164.087931315104 170.423626899719 168.747226397196 165.124466021856 167.232553164164 165.341913700104 160.849332809448 170.913298924764 162.030667066574 165.184179941813 167.525211970011 167.292257150014 168.346186478933 166.293889284134 163.589209318161 161.657045284907 159.627676010132 155.195524295171 153.82906794548 157.555123170217 170.336008071899 168.532848358154 169.031322002411 169.632792472839 158.745149771372 163.098126649857 172.328988711039 165.194034576416 129.425346851349
174.892703692118 177.558938662211 182.821909586589 185.467839241028 188.434640566508 189.734796682994 187.565346558889 186.765789985657 186.787168184916 187.09800640742 183.834513028463 178.864419460297 177.573720614115 176.109512646993 173.572421073914 171.733816464742 169.518013795217 161.642054716746 166.819175084432 168.403367201487 164.284547170003 165.871381759644 167.885263760885 159.190466006597 162.822673718135 162.754396597544 157.557278871536 163.546403249105 166.440963745117 165.694584449132 167.823195457458 166.476428508759 160.106082757314 163.414051135381 169.890284538269 171.368320782979 167.268375555674 166.645606358846 170.644958813985 181.564668814341 170.031666755676 162.430504957835 168.209334214528 173.967202504476 167.841215928396 147.677044073741
166.810631752014 170.300821463267 175.737778345744 180.33770720164 186.05109055837 190.182546774546 186.203479766846 184.241851170858 187.539954980214 188.145299752553 186.715106169383 181.062440077464 179.15000518163 178.591847419739 176.071365674337 169.951955477397 168.159564336141 161.914269129435 165.758748849233 170.203844706217 168.621182441711 169.020771980286 170.166035493215 165.123492479324 162.41783897082 166.304210821788 162.096311648687 167.405883471171 173.731128374736 177.144646644592 183.432062466939 183.161020278931 172.479927539825 175.785621007284 183.566351731618 183.377067248027 185.448944568634 176.450272401174 174.550831317902 176.85212691625 167.132536570231 159.251640240351 156.785349051158 155.803521474202 153.809328873952 152.828504641851
165.461351474126 162.821799516678 167.138854662577 176.446874936422 181.481222311656 185.799340407054 187.916576862335 190.127015113831 189.211030801137 185.800115267436 186.903436978658 186.830699443817 181.338946024577 178.931514422099 175.825893878937 172.096192836761 169.076005617777 163.519620895386 166.43942395846 173.805336157481 174.837430318197 173.58269294103 171.667536099752 171.364545822144 164.521247148514 170.91170946757 171.506106853485 173.66635799408 180.515686670939 190.403819084167 200.390815734863 199.953436851501 190.791269143422 187.711934248606 184.464812278748 185.865998268127 191.50831302007 190.02099831899 180.808822313944 165.22357861201 156.133393446604 158.050884803136 156.501640876134 150.904546181361 147.136340538661 151.83687210083
166.657318671544 169.134875138601 170.694231987 178.397615750631 180.202603340149 180.459558963776 188.934842745463 192.775925000509 192.757864793142 190.528869628906 190.304577350616 189.12144502004 183.797299861908 179.557124773661 178.244471549988 180.48886458079 173.086047172546 169.070541858673 169.863263765971 176.259239514669 177.013218402863 175.986607869466 172.026137510935 168.287456035614 165.483762820562 172.16032743454 175.927102565765 176.804224650065 182.033638159434 190.581997235616 204.226950804392 207.115332285563 198.955734570821 188.08654944102 178.181529045105 175.667981306712 186.130940914154 193.511386712392 180.122594038645 158.578952153524 150.789946317673 160.470227400462 163.815677165985 158.438781897227 152.835865815481 149.376263221105
166.283071041107 176.083385944366 178.614795207977 180.862208207448 180.410663286845 178.389986356099 185.965180397034 190.926571687063 190.820833047231 194.072902202606 192.374686400096 190.556248029073 188.221017519633 181.613008181254 178.625146547953 186.906854311625 179.084002971649 171.508967876434 168.646852175395 172.479430834452 173.306842645009 173.356890678406 171.251893043518 164.945542812347 162.230829397837 166.427632172902 171.329617500305 170.008222262065 172.441303730011 179.725289344788 190.607925256093 203.717033068339 195.655067761739 175.006250540415 141.2293612957 133.467962344488 153.960943222046 177.85519361496 187.25057442983 184.710045655568 180.051366488139 170.76967159907 154.204845428467 150.299439827601 159.50870513916 150.38792292277
168.122053146362 166.924715042114 166.07274611791 170.712391535441 177.649776140849 182.303905487061 181.160310904185 188.45409154892 187.029918034871 191.635727882385 191.48576259613 193.725128968557 192.264477411906 187.014877796173 181.803484757741 180.938422679901 183.638234933217 173.010309537252 167.170166969299 166.547358036041 166.119784116745 167.32527812322 167.767246564229 161.514550447464 162.654002507528 159.642219543457 161.313325166702 160.273651281993 162.560085455577 162.403325239817 166.669627030691 183.840970198313 179.138859113057 151.894629001617 114.868998527527 94.6063001950582 103.504200776418 134.065926074982 169.816672801971 184.415856997172 186.127960681915 169.966101646423 148.024419943492 144.819547732671 153.668691714605 139.638721942902
174.605747063955 163.898885250092 159.802595774333 165.948947270711 177.736818790436 187.056064605713 184.945603211721 187.259872754415 188.697139422099 188.782433668772 190.716942151388 192.388296127319 195.009827613831 191.583553949992 184.004545211792 182.998677094777 184.632500012716 174.443244934082 169.215679168701 170.611699422201 169.886688391368 166.547199090322 164.723445971807 162.408858537674 159.689247608185 158.101956049601 159.832129875819 158.281932274501 154.847621917725 148.969014485677 144.03106768926 151.107927163442 151.361733675003 130.779405434926 114.337801933289 95.4897105693817 75.8716662724813 83.8877161343892 108.321964740753 145.253260930379 168.52992773056 157.966742912928 147.124290466309 142.307470242182 134.205400943756 124.826401472092
176.891982555389 169.316371281942 165.184368689855 170.004665851593 179.706414540609 189.045866330465 191.32794936498 187.037030855815 191.726187864939 188.712656497955 192.894697189331 193.727850914001 194.597880045573 196.341951688131 188.516577084859 187.452137470245 189.030627409617 180.837730566661 175.336142381032 177.046159903208 177.18231678009 172.524849573771 169.659733772278 168.658634026845 164.743880430857 164.001752932866 161.962141593297 159.25254424413 153.189182281494 148.155311743418 136.867175499598 140.317171812057 143.14470688502 140.728235244751 140.104750792185 129.368603229523 101.340025663376 83.7274293104808 77.4939060211182 93.0909911791484 129.461387793223 133.49437713623 122.001121441523 107.277790705363 104.823470115662 113.170305887858
181.504686673482 179.241875807444 172.14173078537 168.936769167582 175.115168094635 188.527087370555 190.729399522146 189.361691474915 189.798931280772 193.382084369659 199.943761030833 200.018604596456 199.247399965922 198.808372020721 193.756580352783 192.265450954437 192.394296328227 188.961942990621 182.652453581492 179.875751336416 177.784224351247 175.989270210266 176.704704761505 178.288479646047 171.380162239075 168.99045308431 162.774781386058 154.081076383591 147.000690301259 143.804977337519 141.625116268794 145.857761303584 149.452070395152 159.116168816884 166.635086139043 167.288819948832 157.317002614339 140.027095874151 120.875100294749 88.235596815745 97.7541704972585 117.71567662557 117.234061161677 104.873816172282 106.37554526329 124.905308087667
184.993843237559 183.972338835398 180.381635824839 174.155354499817 172.839999198914 185.593922932943 189.789911111196 190.459291140238 188.206712404887 195.003569126129 204.244176546733 203.603148460388 199.941237767537 201.157748699188 199.820617834727 194.429755210876 196.411450703939 191.619356473287 186.439553896586 184.421896934509 182.987133661906 182.555119196574 179.120481014252 177.477637926737 174.942155679067 170.228362083435 147.99107114474 125.05712111791 120.88151772817 127.610385417938 138.826529184977 142.495175202688 147.876153389613 153.855929772059 168.141106764475 180.154303709666 185.013631979624 186.651607354482 183.181325594584 133.643577496211 103.178163369497 121.081739664078 138.669778903325 142.189552386602 144.134332736333 158.741335074107
184.760292371114 182.188888390859 183.72501929601 182.751615842183 177.010377248128 182.298382123311 190.619210402171 192.289431889852 189.526577790578 195.6640680631 203.666706879934 203.616738319397 199.253439903259 200.690527757009 202.697277069092 192.450165748596 193.244318167369 191.884756088257 188.730637232463 189.441243807475 190.089742342631 189.660429954529 182.690759499868 175.916234652201 175.21329720815 173.904995123545 153.35355202357 129.057168960571 126.357734203339 135.001838207245 150.487472613653 150.475482145945 159.13117925326 169.693350791931 185.327549775441 196.066816647848 178.800284862518 144.770115613937 128.418236970901 135.131885608037 134.083092212677 149.786869684855 153.182138999303 136.340697606405 125.192781289419 139.449149370193
173.457702000936 181.134184201558 182.150661945343 183.833797772725 181.05677763621 178.733706474304 192.129651705424 196.338335673014 193.516671657562 196.20543718338 200.878779093424 203.631142775218 201.650261878967 197.650829950968 199.844519297282 195.417881011963 190.903862317403 192.791978518168 193.279922008514 194.887181123098 196.24920686086 192.209362983704 190.298159917196 183.758457501729 181.085069974264 182.989239692688 177.040199438731 167.66083240509 165.13063510259 169.310371081034 168.687442938487 160.286804040273 172.913332780202 185.320456822713 176.029880841573 164.985676606496 145.668208599091 89.7622406482697 66.2297556797663 102.306147416433 138.218452533086 160.666515429815 154.088526964188 138.997455437978 129.93523478508 136.579215526581
162.222196658452 178.193906943003 180.650591850281 182.299574216207 183.83381764094 179.835677146912 185.825169086456 196.360647678375 203.785061836243 203.049163023631 201.103766759237 201.574285825094 202.554186185201 199.657181898753 198.837637901306 197.122772534688 191.71663125356 191.844503084819 189.585645993551 187.212983767192 189.21951452891 188.446084658305 187.637607256571 186.454733212789 188.113530476888 193.908393383026 202.056705951691 205.853382746379 189.806441466014 186.24871969223 174.967169761658 163.800557454427 167.927900950114 158.690979083379 126.958717902501 86.9574844837189 83.6529731750488 72.3132838805517 55.8738261461258 64.560408393542 84.9162936210632 123.609552780787 152.061621348063 173.472464084625 193.243145942688 189.071774482727
