input/barkrak2/radiation/dir05524.grid
NCOLS 85 
NROWS 70 
XLLCORNER 665100 
YLLCORNER 4664600 
CELLSIZE 20 
NODATA_value -9999 
[rows 21 to 41 of 70, columns 0 to 47 of 85]
51.4020323753357 38.9771535992622 27.6714240511258 39.6390234430631 34.6253638466199 16.7540075878302 19.0688297152519 27.5639394919078 33.1135143836339 36.9876076777776 39.0027016401291 39.9145608146985 40.3518925110499 39.3416285514832 46.0264384746552 59.2514971892039 73.7853844960531 84.6868455410004 93.4924980004628 107.395350933075 116.537978251775 129.569401343664 137.510935465495 135.214040676753 127.346267302831 116.633315881093 109.07252629598 101.118981838226 116.611659526825 101.474632819494 79.3593575557073 61.6506487131119 40.3831750154495 23.5534012317657 11.4986809591452 6.9903867940108 10.6254915396372 18.5860035320123 31.7337612311045 45.4661995172501 49.4731316963832 51.9508669773738 55.0648868083954 51.8987079461416 74.0256607532501 84.4675004482269 91.4019346237183 97.3531405131022
91.4458731810252 85.0977698961894 61.5917195876439 57.1803698937098 51.6074001789093 28.2507638136546 35.0229342778524 33.3824008703232 31.6623126467069 33.0188820759455 38.5969082514445 41.011705994606 44.0055926640828 46.0596432288488 48.4427511692047 54.4499754905701 67.2376950581868 79.2536735534668 86.0693653424581 90.7294849554698 95.7429508368174 112.732668717702 123.84428580602 131.098181009293 129.508157571157 121.922304232915 110.883921384811 103.214999039968 95.2196220556895 76.0772625605265 57.7026506265004 29.9471567074458 12.8227745493253 1.47995570053657 0.488897397493323 0.73138919348518 2.13167645658056 7.20476359128952 12.3691310485204 18.2981130977472 20.5135680735111 36.7562174797058 36.2617323795954 27.763490875562 56.8265616893768 77.1852731704712 86.3439838091532 87.6441995302836
127.252171436946 116.243014732997 81.3309500614802 63.6710673570633 56.8331629037857 54.2760839064916 48.4102666378021 36.5505367517471 29.4919436176618 29.6332736810048 39.8499816656113 43.7170217434565 48.393780986468 57.9834779103597 54.2976409196854 56.0870865980784 65.4868185520172 76.1423806349436 83.2994480927785 76.7488380273183 75.3250519434611 81.7898412545522 95.2280163764954 107.589334249496 114.271988471349 114.983479181925 104.483524958293 100.638538599014 77.1751900513967 38.6994754274686 32.4597880244255 21.1396366357803 1.41771355022987 0 0 0 0 0 0 1.62731545666854 1.78083823993802 0 0 38.7151688337326 51.7565955718358 71.6854184865952 79.7026008367538 85.1590732733409
126.462360223134 122.390627861023 100.31380256017 68.8702116409938 48.8904615243276 53.6029984553655 48.1071621179581 42.9514994223913 36.319208641847 33.8225811719894 36.8359039227168 40.6507253646851 46.4233458042145 54.7527819871902 55.5043121178945 55.8064579963684 62.9727790753047 75.115626056989 82.3733309904734 75.4194408655167 73.9578704039256 71.5255985657374 80.791766444842 89.2514884471893 94.8846538861593 97.4731743335724 90.3630654017131 80.5408557256063 66.7074422041575 30.9062550465266 23.9973018566767 21.5954681237539 6.91787339746952 0 0 0 0 0 0 0 0 0 0.900130563726028 63.4005665779114 64.6173258622487 70.3852474689484 75.22218922774 81.6198289394379
112.322221199671 117.40630865097 110.445161660512 78.7270764509837 49.908384680748 53.5777062177658 58.7346851825714 66.6445444027583 63.1458659966787 53.7915776173274 48.0269292990367 53.4469783306122 54.3334384759267 62.5547766685486 63.7814501921336 59.8262548446655 62.0927115281423 74.5291958252589 82.0779701073964 85.9148800373077 86.8778626124064 83.3603541056315 80.3138961394628 79.9591839313507 83.6870074272156 86.3702694574992 81.3151697317759 79.6832392613093 50.0352432330449 43.7174737453461 43.5804774363836 50.0650902589162 42.7660246690114 2.25310244907935 0 0.0212092951793845 0.0409832913040494 0.0223035701007272 0 0 0 0 13.4367334345977 69.3651139736176 74.8325288295746 74.0174154440562 73.9486515522003 78.5159816344579
111.091762781143 116.73903465271 114.877303441366 88.9368653297424 65.8251692851384 71.2819198767344 81.0281733671824 90.2363161245982 94.3700969219208 87.0411396026611 67.973201473554 71.8535433212916 68.8087542851766 77.2446542978287 78.4506549437841 67.5315310557683 65.1475588480632 77.2278060515722 86.3692164421082 98.0873703956604 100.093285242716 98.1438656648 88.6934995651245 81.6883395115535 83.4590494632721 86.1157377560933 80.9862713019053 85.3117108345032 76.9120156764984 76.7829120159149 85.720161596934 108.019928137461 117.429773012797 96.3769058386485 15.1964810987314 3.00048229595025 2.37551921357711 2.20003444701433 0.586705709186693 0 1.50372056911389 9.83591874440511 45.3414171934128 69.1434542338053 73.7266043821971 67.7686681350072 69.4750150044759 68.2403246561686
113.003094991048 111.570109923681 111.973166465759 95.1678156852722 95.5671767393748 95.5573519070943 104.707896709442 106.258620818456 105.741361776988 100.323508183161 80.8386256297429 75.5936602751414 74.0900933742523 77.8181850910187 83.5916002591451 79.3437312046687 73.184738556544 80.7653019825618 95.9250132242839 102.386941512426 99.8452305793762 91.5970901648204 89.4923210144043 90.0310079256694 91.1040306091309 92.2954777876536 88.9712075392405 97.1666673819224 112.018525600433 118.645628293355 126.688341299693 135.067830483119 145.493030548096 157.425214846929 113.97855480512 21.7432379722595 6.18048136432966 3.48054307202498 0.633999705314636 0 5.69118435184161 61.3472759723663 61.4776263634364 55.9473882118861 49.4958957036336 52.0078639189402 51.5241722265879 55.1429986953735
115.957111120224 103.65155339241 104.767402013143 99.2689530054728 116.434991359711 109.26761229833 104.391713937124 97.6399779319763 93.5471951961517 85.4185024897258 74.8008886973063 69.2347039779027 70.2067613601685 77.3260692755381 84.8885774612427 89.0245934327443 82.4004560709 78.0999809503555 92.6711956659953 94.4210489590963 93.371460835139 86.0344767570496 86.8532955646515 93.4463938077291 96.9237287839254 93.1554933389028 94.8537290096283 99.2392102877299 122.564236323039 135.972797870636 146.536191304525 156.176785628001 159.92259979248 167.174657185872 161.17254892985 84.0801497300466 5.57012359301249 0.462875585071743 0 0 19.2496478557587 48.0238894621531 48.847829302152 24.9189734458923 18.443800508976 20.4936328033606 24.8162945111593 44.1977878411611
116.3622935613 97.0315039157867 98.4252790609996 106.408049662908 115.893453359604 107.862691084544 90.509831905365 72.0229397217433 60.1560175418854 53.9137621720632 53.1995197137197 58.0382446448008 67.0890261729558 78.8298447926839 84.8039885361989 93.4709807236989 90.1924769083659 76.2297560771306 82.2642793258031 86.6076548894246 85.3544076283773 86.0551595687866 87.1564944585164 93.682587146759 100.587626298269 97.9370574156443 100.690176089605 101.260602474213 116.931955019633 140.360623598099 159.087846676509 168.106118837992 169.476330280304 170.798043409983 182.365198930105 164.670119682948 74.5388021071752 5.50413938860099 3.09677328914404 3.72984260320663 8.61687771975994 18.3285735547543 34.269558886687 7.37428727249304 5.74937090277672 8.48265178501606 18.2866379618645 33.3241770664851
113.580038150152 115.705658992132 140.347133080165 177.108407020569 148.081322511037 114.325900872548 80.6839962800344 52.5560329357783 42.3195064067841 46.4206337928772 42.9599185784658 42.83706843853 63.7540966272354 76.9152939319611 87.6508553822835 99.0340113639832 96.0699915885925 82.3631832997004 84.0528110663096 89.0783170859019 85.7511758804321 89.7493461767832 92.9524004459381 96.062292655309 103.831152121226 108.23721686999 107.24800825119 107.986112435659 120.963126420975 146.218826373418 168.487270673116 174.555937449137 170.548001925151 179.244637489319 191.667914390564 200.666209061941 173.438489437103 111.171553532283 36.6917327046394 13.1623943646749 6.32379079858462 6.91689923405647 20.896370212237 5.37288809816043 3.79050895571709 9.40636669596036 21.2984258929888 24.6727839112282
128.734976053238 165.214826663335 214.543243249257 235.809127489726 215.780695279439 159.501026074092 106.044242779414 70.1704174280167 60.9499911467234 65.4043008883794 58.115154504776 48.2028126716614 61.711718638738 71.8427648146947 96.6994265715281 103.908389806747 99.8541315396627 93.9952532450358 87.0397686958313 88.9910658200582 89.715580145518 93.1591391563416 97.3188479741414 98.082959651947 104.790051778158 117.658664782842 119.160115718842 126.019477844238 133.246213197708 150.232503811518 168.834547201792 177.374978860219 179.585794607798 186.290800571442 193.961620330811 194.128076235453 190.842509269714 180.428902308146 108.146915833155 34.674492975076 11.3991300264994 11.1024851600329 6.21063634753227 7.31676941116651 10.6904146571954 11.3119532664617 14.2563879489899 19.4279911617438
191.754142443339 228.000521659851 250.79733133316 252.128839492798 251.910587151845 223.477959632874 179.662664731344 136.811872323354 109.789987405141 97.2058077653249 94.3311452865601 75.6780803203583 64.280112584432 69.1605309645335 97.9484021663666 103.876153628031 97.9546507199605 99.8833576838176 89.5272095998128 87.5882307688395 92.4067497253418 93.6410129070282 96.0684319337209 97.0142483711243 102.473219235738 118.783533573151 126.521110534668 134.649336338043 142.139852046967 152.507911125819 166.267901659012 178.402463595072 179.921050866445 176.81082089742 178.847670555115 166.751265525818 168.102959791819 155.286490917206 107.87445306778 56.4054350058238 24.7336874405543 22.5805814067523 15.0063062707583 6.25002570450306 7.3944212247928 7.26827109853427 1.97648691634337 2.08339467644691
240.607778231303 255.004167556763 258.04191827774 256.257653236389 258.524696032206 256.033778190613 231.691797574361 185.704509417216 145.780066649119 124.185035626094 123.929411172867 111.354500055313 88.358461856842 82.0111930370331 95.4472521940867 100.3404657046 93.9634144306183 95.5472985903422 88.9676709969838 90.9536083539327 88.555912176768 89.9851024150848 91.0065670808156 91.5997624397278 100.072801113129 111.842920382818 124.346087376277 129.94838754336 140.097836653392 152.65753865242 164.987583955129 165.62893986702 156.025757392248 144.679804642995 147.34477798144 130.782673756282 131.386289993922 115.923633178075 77.7020355065664 42.1434541543325 46.7437505722046 42.5204535325368 20.6153032680353 6.99148575464884 3.23035133381685 0 0 0
252.600312232971 257.872541745504 255.663951237996 256.659130255381 256.747722625732 257.029891014099 249.144117037455 219.10415093104 167.90650288264 137.498597304026 135.165452957153 132.210234800975 115.446656942368 97.5993871688843 95.7608819007874 98.5190769036611 91.6967988014221 88.5268648465474 89.2535944779714 93.3261215686798 87.7639551957448 86.6755545139313 89.8515780766805 91.0599033037821 95.4458514849345 104.764521121979 116.918504238129 117.75263150533 128.309706846873 147.537012894948 156.78999821345 152.810474236806 145.339647928874 138.852039972941 130.81173102061 115.499625603358 119.780292113622 116.85444911321 96.4486400286357 63.1762097279231 65.1878664890925 67.9137210051219 33.0572550495466 14.9835410217444 3.16096935421228 0 0 0
247.023145357768 250.029762585958 245.652318000793 247.451186180115 247.825046380361 244.325339794159 240.846415360769 223.928352197011 178.496162096659 148.74342083931 139.902303616206 137.207766373952 130.616416533788 108.173569043477 100.795815388362 104.642917712529 96.2880651156108 87.8247320652008 92.3754374186198 94.5581793785095 91.725766658783 87.2931480407715 92.4581984678904 96.8153973420461 94.8890447616577 101.991961399714 107.408225536346 109.158317248027 116.826434930166 138.11868429184 148.771812518438 146.278858184814 147.664964199066 148.682783047358 129.403779904048 122.397700945536 127.261231342951 134.369909763336 129.534006118774 94.4510897000631 49.8987932999929 38.3833522597949 11.7032093306383 0 0 0 0 0
225.667218367259 228.971143563588 230.645855267843 228.238523006439 227.059920628866 226.014415423075 230.123539765676 225.883483886719 190.761129061381 155.91624379158 141.25935236613 131.977260112762 127.106557289759 107.804954051971 97.8212157885234 105.185488859812 106.453080972036 93.5621857643127 95.8963831265767 100.327432155609 99.213053782781 95.1300263404846 95.3163802623749 99.1044640541077 96.6888268788656 98.361611366272 105.556617180506 113.67055773735 117.915630340576 132.624357938766 146.316031614939 148.868322372437 149.001697699229 152.551809946696 132.8118344148 133.395651976267 133.87730717659 142.46587951978 142.303049564362 103.965948025386 27.9746601978938 5.48705086112022 0 0 0 0 0 0
205.118576685588 212.977409362793 223.250965277354 219.321250915527 219.250162442525 225.119551022848 233.370025952657 235.029935836792 209.911545117696 167.509138584137 143.92293492953 123.435914516449 111.797044674555 102.882186571757 92.5164719422658 99.3626912434896 111.009339491526 100.983877976735 98.2077320416768 101.332247257233 102.995892365774 98.1272260348002 96.3686903317769 98.4943509101868 99.712739388148 100.263098875682 103.878478209178 115.05256096522 119.05711889267 124.236841996511 138.770977656047 150.491287310918 151.647061109543 142.688065767288 128.179291884104 142.905364433924 147.568811972936 150.950481494268 149.376968542735 123.504896958669 24.4372387727102 0 0 0 0 0 0 0
167.987326780955 178.300758202871 187.55433956782 193.220913410187 200.714766979218 215.738395849864 226.880212624868 233.513156572978 224.5707710584 187.113503615061 155.699282884598 129.118025302887 111.70623699824 108.17939043045 98.3810226122538 93.164066473643 105.487376451492 104.95271285375 98.6726482709249 98.2355773448944 98.8355576992035 96.7411498228709 92.9819345474243 95.6868231296539 99.1585155328115 104.805052280426 104.503055413564 110.47570904096 117.211163043976 118.481357892354 129.54447666804 146.994769573212 149.22105272611 129.53652938207 132.831931114197 155.84792693456 161.181817452113 155.885487794876 153.672744830449 149.395893017451 91.8615559736888 8.57622052232424 0 0 0 0 0 0
130.556325117747 137.97664642334 137.633482615153 147.933026154836 163.949390252431 181.946376959483 195.125679175059 206.921537717183 206.239998340607 179.625948270162 145.637542009354 122.157941261927 107.85910487175 105.250497659047 100.699683030446 95.1215426127116 100.034217039744 101.734151442846 93.6860938866933 93.3508574962616 96.7162251472473 99.5547970136007 99.185585975647 94.359944264094 94.7109659512838 98.6857712268829 106.14405075709 109.608232975006 116.158972183863 115.759909152985 120.056599378586 134.901185830434 140.179534753164 132.821102937063 156.908889611562 168.661673863729 166.075438261032 158.498128255208 160.744508107503 173.577109972636 168.988446394602 101.262589295705 24.3766432007154 3.41635507841905 0 0 0 0
119.197338819504 121.138532956441 120.980511109034 123.064657052358 132.158527771632 138.008673985799 142.129550377528 147.035221258799 146.635403235753 128.575334946314 112.206677595774 108.513037363688 107.455243666967 103.476911783218 100.768705209096 100.003093481064 99.0661183993022 99.8748938242594 93.5740868250529 91.9654568036397 97.8978872299194 103.542228539785 105.042695999146 100.466946760813 96.5498487154643 96.0711042086283 106.251974900564 111.363550027212 115.085939566294 116.866707801819 118.186205625534 126.699864864349 133.328676223755 143.563876549403 168.532133102417 168.269395828247 157.003978888194 145.761410395304 148.882846037547 165.002604325612 178.715129693349 171.746432781219 113.486697276433 34.1772834459941 3.8329657788078 0 0 0
128.65494688352 125.709335009257 125.255763530731 124.424149592717 120.119462410609 118.447651465734 115.934669971466 117.346028486888 121.46274248759 112.990279992421 104.314148426056 105.076809724172 109.020392100016 108.340332905451 105.656713247299 103.84060939153 98.3378291130066 105.824112892151 105.372230211894 100.734700759252 102.824966112773 103.707770506541 102.43813196818 104.401975870132 106.669286886851 99.7232000033061 105.253318945567 111.222644646962 115.135689576467 118.259926637014 121.240119139353 126.267453034719 131.349136432012 150.930245717367 163.668682177862 155.376454194387 139.977882305781 128.584424654643 126.094778378805 138.768017292023 170.742015043894 178.135494391123 152.182320753733 84.4485362370809 20.226260026296 1.73187938829263 0 0
