input/barkrak2/radiation/dir07724.grid
NCOLS 85 
NROWS 70 
XLLCORNER 665100 
YLLCORNER 4664600 
CELLSIZE 20 
NODATA_value -9999 
[rows 20 to 39 of 70, columns 0 to 45 of 85]
62.3537003993988 50.5844453970591 54.8105736573537 71.2845822175344 63.6398941278458 55.7593901952108 50.7726669311523 62.7216945091883 74.262723326683 83.9584469795227 90.6894505023956 91.4972921212514 92.225581407547 94.1024919350942 104.31565841039 121.804922819138 134.004851182302 142.615715662638 155.376782019933 171.737094720205 179.666797320048 167.098085085551 163.480341434479 165.803482135137 165.591776371002 164.919932683309 164.058635632197 164.481302102407 165.387123823166 154.841929674149 153.79344423612 136.322438716888 122.724632422129 120.145847400029 119.065940380096 150.493462880452 149.281581242879 151.782850424449 155.075232187907 161.059031883876 162.709474563599 163.635035355886 167.576273282369 159.989058971405 166.422744592031 171.433528264364
91.3398663202922 78.4749289353689 70.1074848572413 91.2204682826996 87.3408019542694 56.9300850232442 59.9736869335175 71.371778845787 79.654003183047 83.7102333704631 86.0341588656108 85.4336023330688 85.5959554513295 84.5218002796173 95.1186120510101 108.36860537529 123.951057593028 134.9991162618 146.091838677724 164.083669583003 172.293404738108 186.309993267059 189.04044230779 184.776584307353 174.44388071696 164.055665334066 151.568412780762 146.384020646413 151.603112618128 150.513807932536 129.03160850207 99.1624295711517 84.5095117886861 61.0976318518321 64.1410946846008 74.2457310358683 98.313182592392 111.142615477244 138.581305742264 142.016549905141 143.008609612783 149.31192000707 143.091440200806 125.795056422551 151.926865180333 164.559413989385
135.105590025584 132.782022158305 112.127701441447 112.042486667633 108.966499567032 75.1595497131348 80.6777973969777 79.593633611997 75.1593808333079 78.0862420797348 85.7303639252981 87.0970686276754 94.6953495343526 92.0991698900859 99.3643701076508 106.375306844711 119.319578011831 131.59583012263 138.72234026591 143.244296312332 149.446487426758 166.021366914113 177.06302801768 178.737302621206 175.074021021525 167.964061101278 150.212973356247 143.513381481171 148.816923300425 126.431773106257 92.8809940814972 57.9761266708374 40.9715523322423 19.3305090069771 10.3089076777299 27.1587396661441 49.1441488265991 74.7420688470205 91.9464925924937 105.551312367121 115.756213665009 124.685684839884 111.814131339391 89.0107353528341 116.57640337944 151.701311270396
174.64139064153 165.48024614652 132.239699363708 118.871748447418 114.733666181564 109.382500251134 100.931704044342 82.0463895797729 71.8821833531062 72.7108716964722 87.5180860360463 90.8086200555166 100.850572188695 110.972474018733 107.559065024058 107.56375392278 116.781075795492 128.572771946589 135.591109593709 126.121024290721 128.211180369059 131.886333227158 146.038293838501 156.9664478302 161.63444519043 159.328063329061 144.190758466721 135.271410147349 114.790618419647 74.5603938897451 57.9403340816498 46.0352202256521 18.7214041749636 0.458074656004707 0 0.18491791949297 11.4991640051206 30.9531216820081 41.9077376524607 53.9631346861521 63.8553996880849 52.2576073805491 62.2776101032893 99.6316075325012 110.642512639364 140.906492869059
167.561034361521 164.083818594615 149.822175502777 122.437298297882 105.852723121643 108.387192090352 101.15725795428 93.2777523994446 81.5975417693456 75.7227589686712 83.415687084198 89.9753173192342 91.5203789869944 107.198387384415 107.01796412468 107.395807902018 113.578180472056 125.369558731715 132.959177096685 125.724146763484 125.04110733668 121.856858332952 131.623287995656 140.921304623286 143.171389897664 139.373809099197 132.5457294782 123.157491286596 103.460550308228 54.4151018063227 49.0088760852814 47.5172052780787 26.9983510176341 0.728344932819406 0 0.718072211990754 6.8472692122062 19.2408797641595 22.0225056012472 27.5058398644129 24.9514803290367 23.6632203062375 42.0792202154795 124.786267677943 129.366993904114 140.682796637217
154.688616593679 159.472912549973 160.004456837972 130.812803904215 106.696476538976 109.797557195028 112.528701623281 118.558883666992 115.026086568832 104.114085435867 97.5022514661153 102.995942036311 108.900249004364 117.261071999868 118.393421173096 111.840655406316 113.574932018916 125.76828400294 133.925457795461 137.279848257701 139.532933632533 135.308961073558 131.332824627558 129.189391930898 131.600608428319 130.992631117503 121.131161848704 116.844902435939 90.9850001335144 76.9637823104858 75.8133182922999 85.9260857105255 79.1754225889842 22.7510084708532 4.28978353738785 9.76266339421272 10.755763699611 12.5011292596658 18.3172325293223 12.6103634635607 9.13543812930584 15.7735571265221 55.0628105799357 114.943792422613 147.380083799362 149.709641933441
153.647075096766 158.87584288915 162.878225247065 139.802396297455 123.782247304916 127.477049827576 139.354070027669 140.509684880575 147.157808144887 144.232908884684 122.557779153188 125.13397137324 127.522607644399 134.011477231979 132.763087749481 121.91187342008 119.370172421137 131.245752175649 137.450744708379 152.29344367981 156.337916851044 152.952333291372 141.82847738266 132.646818955739 130.343943834305 132.849127054214 122.585237026215 122.611771027247 109.257429838181 110.560049613317 126.281479994456 150.376270214717 159.082760413488 143.99919907252 64.4985437393188 25.7064054409663 24.0302905440331 24.0907395879428 21.0708330074946 10.252250979344 22.2504039605459 56.7971815665563 97.0290501912435 119.393229484558 141.361743211746 137.994001309077
155.518501996994 154.134611288706 154.623011747996 144.851903120677 155.50039211909 153.793623050054 161.289274692535 161.953339974085 163.741568724314 159.422347942988 138.950010140737 133.815368016561 133.327166239421 137.37874229749 139.547606309255 132.542510827382 130.249301592509 138.98378610611 149.283587932587 157.428820927938 156.143585840861 145.508339007696 142.677704493205 142.174611488978 141.242762406667 139.523367087046 135.973711808523 132.777939240138 145.966986815135 154.353668292363 169.367949167887 181.481858094533 190.869390964508 202.202677726746 168.701549371084 67.500963807106 37.0774418115616 26.4796515305837 16.4563953876495 14.8957011600335 49.0093330542246 124.01153643926 117.72483587265 106.979678074519 105.327745278676 103.24615240097
158.129642407099 146.642237901688 147.829314072927 149.902661641439 177.451729774475 165.318191051483 158.20786356926 147.33479420344 146.351704994837 137.693534294764 128.852774699529 117.325077454249 124.199688434601 129.239012797674 137.993385394414 141.616076231003 134.802927573522 129.091183344523 143.255998690923 145.963033040365 143.782963355382 135.500848293304 137.881010770798 143.866777420044 147.639890511831 142.072409391403 144.28170522054 142.032384872437 155.303557713827 169.763922691345 189.333875974019 201.487183570862 208.374222119649 209.974149862925 208.577275276184 139.588336149851 36.7755815386772 13.0146679778894 6.80689389506976 14.7569390634696 61.221107840538 114.164004723231 104.968219995499 72.4237263202667 73.0108122030894 70.7654555638631
158.117075761159 140.086203813553 143.880317608515 158.495048681895 177.029887835185 163.425445556641 142.345746358236 124.61069226265 111.669480800629 101.638982693354 102.98553109169 105.425655841827 112.903505563736 125.636825958888 136.237035195033 143.338143825531 138.729751110077 126.481950283051 131.784210602442 133.973022301992 135.205060243607 135.414252678553 136.95349295934 143.380612134933 150.655527909597 147.116949160894 151.76119407018 148.126890261968 154.730796813965 175.770799318949 200.572788715363 214.935044447581 214.19503291448 213.15852801005 224.300185839335 213.216106096903 129.827280839284 40.8561105529467 27.5928229093552 32.5675358374914 54.7178039948146 69.0376261870066 78.9138972759247 52.8233498334885 45.0802693764369 55.8165162801743
154.665331045787 159.301251173019 187.091728051504 229.234258333842 209.213554859161 170.389572779338 134.936938683192 102.958897749583 90.5810395876567 95.5285529295603 91.4420783519745 86.3948265711467 100.498020648956 125.651528437932 139.199157555898 146.541327238083 146.158675352732 132.060517867406 133.526941140493 137.350479761759 135.412395000458 139.821956555049 144.365727901459 146.819353103638 153.720905383428 159.588734308879 158.709128697713 159.216006596883 158.877034982046 188.035905361176 210.916082064311 220.35296758016 216.294765472412 223.805983861287 236.401478449504 241.373280684153 222.598910331726 171.219706535339 86.7775082588196 50.3131300210953 42.5658325354258 41.4997090895971 57.5343271096547 48.9182025194168 43.218453725179 60.9831859668096
172.628959019979 209.771831830343 255.842725435893 279.047052065531 270.837267239888 217.234333356222 164.20038541158 125.295082728068 111.440390348434 116.708487272263 106.973469257355 87.3822768529256 98.5300540924072 122.251818577449 144.600093364716 152.560532093048 148.811399936676 143.253644307454 137.785673141479 139.752626419067 140.883415937424 145.012279351552 147.864083449046 150.052607059479 155.491093794505 168.976902961731 169.217626253764 175.234019756317 181.946615378062 196.680188179016 214.149594306946 222.918232282003 225.430011749268 233.676095803579 240.464448928833 237.297495206197 234.281400839488 233.496268590291 168.910344441732 84.8512848218282 46.4297533035278 43.9870059490204 48.4806845585505 52.1325220664342 61.7520958185196 87.0103637377421
233.645836512248 267.866889635722 285.831193129222 285.293102264404 293.569207191467 276.150703430176 237.4081214269 194.732785224915 165.765841801961 156.596293052038 142.775058746338 117.817888657252 101.102521022161 118.887414534887 147.835334142049 151.594420274099 148.211936155955 149.676422278086 138.051052888234 138.15850019455 142.136871814728 145.267188549042 146.255046129227 148.550619681676 154.237767060598 170.788506666819 177.464862664541 186.442057291667 192.559580008189 198.557019233704 213.882704575857 226.037859916687 226.495246092478 223.240335782369 223.998347918193 210.289200146993 211.292286713918 210.909982522329 168.304920196533 110.605219999949 70.3336397806803 61.0825767119726 51.5498220920563 55.3601086139679 64.7770663102468 82.7700197696686
273.812870184581 288.643300533295 290.272494157155 281.502564748128 290.614704291026 293.892800807953 279.523471991221 239.754676818848 199.47208960851 170.829395453135 170.158942540487 155.31266729037 126.870900392532 126.944541931152 143.526713053385 149.082839488983 143.41214299202 145.791312058767 138.432264328003 141.204595565796 138.840854167938 142.055133978526 141.623715559642 143.557091554006 151.15828315417 163.15433382988 177.387257417043 182.649175326029 190.210898717244 201.097766558329 213.698585828145 216.34304523468 203.003466129303 193.638920783997 186.689754327138 171.798765659332 172.219256560008 158.470292886098 125.836292902629 93.9013361930847 97.6752042770386 87.0243708292643 69.8529779911041 57.8867842753728 56.8495293458303 68.8149829705556
283.550103505452 285.694857438405 286.509315172831 284.526248772939 284.128765265147 285.577038923899 287.336091200511 261.805911858877 214.450577894847 184.426267941793 176.433404286702 173.405468463898 160.26978691419 144.751648108164 142.573485771815 147.886703411738 142.086744308472 139.177213112513 139.800409475962 144.351859887441 138.596187035243 139.086991548538 140.602350234985 143.350869417191 148.099134365718 156.426211198171 169.041117032369 170.611759026845 178.772250811259 196.797490119934 206.670423348745 201.661427815755 191.034932931264 186.377684275309 171.957929929098 157.650729020437 161.534051100413 158.972839514414 144.283473491669 117.705911397934 116.6739265124 123.069643974304 103.33044330279 84.6264958381653 68.9854621887207 57.2374165058136
282.85284837087 284.268438816071 283.689757188161 284.361163775126 282.750725746155 280.582110087077 280.909438927968 268.878559271495 224.650939305623 191.997905572255 180.547436078389 180.071234703064 177.403410275777 157.989660898844 148.955523967743 154.779464006424 147.105356057485 139.017184575399 143.68936419487 146.222988764445 143.221269051234 140.166709820429 143.937567869822 148.466904958089 148.022989432017 153.838813304901 160.623500744502 160.723030567169 168.888052304586 189.859906832377 199.151972929637 195.292552312215 193.408568700155 194.44485505422 170.328438282013 167.10623105367 172.554850578308 174.799044926961 178.426285584768 152.393877506256 108.640422423681 107.642312844594 94.0696001052856 75.1621822516124 58.4997634092967 46.1997985839844
270.531535148621 272.903819878896 274.695018927256 271.562258402507 270.537118117015 268.324812253316 272.891958554586 271.015286445618 236.144185066223 197.720726331075 179.126818974813 174.128909905752 175.606985886892 157.968729734421 148.543407519658 157.059927781423 159.967551628749 145.443360010783 147.813528776169 152.640442053477 151.372720797857 147.234410047531 147.252241770426 151.181598504384 150.079667568207 150.225778420766 158.83814295133 165.607611338298 170.911689599355 184.179802735647 196.320295333862 197.624862194061 192.925810813904 190.155426661173 172.94849952062 178.445736567179 180.710812409719 186.485330263774 182.092845439911 159.277975559235 85.4832231998444 63.9704863230387 54.0650188922882 34.9242687225342 42.6236093044281 38.9550924301147
252.295513947805 259.820560614268 267.885903517405 266.092081864675 265.091558297475 268.737852573395 275.329371293386 275.644401709239 253.373126188914 209.373275438944 187.644759813944 171.251753966014 165.502409140269 154.715299606323 146.084835131963 151.675860087077 163.858304421107 155.165910720825 150.638530651728 155.444284280141 155.52078684171 151.985665162404 148.520886898041 150.62607328097 153.380155563354 152.350475390752 157.362759113312 167.249162991842 172.414580980937 177.504658699036 190.909425417582 198.8831559817 195.967455705007 181.427518526713 170.707941055298 188.284238179525 195.272505283356 198.357780774434 187.54764397939 173.98464679718 80.9143781661987 33.2473119099935 15.3761878609657 14.6425838271777 14.0816246469816 14.8415590325991
219.541052977244 229.973355929057 238.297204176585 241.939266522725 249.229749043783 261.478622754415 271.241863568624 275.927126407623 263.756076494853 230.050325393677 202.191531658173 178.837637106578 164.959589640299 161.590019861857 152.950714031855 146.022826433182 158.72648358345 159.590164820353 151.244302590688 152.323802312215 152.808527151744 148.929417133331 146.448314189911 147.691706816355 152.81730890274 157.096723715464 158.071021238963 163.9197965463 170.668403307597 171.843846638997 182.508786519368 196.520586808523 187.743782997131 169.238686561584 176.036536693573 201.771120230357 206.407348314921 203.972061475118 190.628270308177 193.804701169332 146.185636520386 55.4325928290685 21.4500998457273 15.2545049786568 14.0494480729103 12.2052654623985
183.909197648366 191.129863262177 190.8132036527 200.408816337585 216.590642929077 233.080665270487 244.340380032857 254.029373327891 251.738131046295 227.066258589427 196.599721908569 174.717009067535 161.824623743693 158.885776996613 155.521253744761 148.070792357127 152.942468722661 154.87935145696 146.186133225759 147.203286488851 150.593390067418 153.407365083694 153.017938137054 147.725532452265 146.40873670578 152.105589707692 159.830063581467 163.149565458298 168.252011140188 169.163445631663 171.875596046448 185.364286104838 179.812848567963 174.436012903849 201.361934343974 215.097109476725 210.817197958628 204.030354817708 203.999320665995 215.318918228149 221.722404162089 171.702762444814 83.4059516588847 42.610377073288 26.0040039817492 13.1864473223686
