input/barkrak2/radiation/dir07924.grid
NCOLS 85 
NROWS 70 
XLLCORNER 665100 
YLLCORNER 4664600 
CELLSIZE 20 
NODATA_value -9999 
[rows 40 to 59 of 70, columns 0 to 45 of 85]
177.77027686437 179.409921169281 179.258763790131 181.145290533702 189.618090788523 196.185886859894 200.024386246999 204.274654388428 203.298032283783 185.19659837087 170.848170916239 165.809770425161 164.726734161377 161.786615848541 158.579687277476 158.956865469615 157.902667919795 157.386352618535 151.952425638835 149.788757165273 156.066765387853 161.783675352732 163.261632124583 160.0175400575 155.685424804688 155.153085788091 165.698230266571 169.192314147949 174.216151237488 174.394448598226 175.606866677602 181.662360827128 177.596549193064 190.982302029928 217.806617418925 217.710693677266 205.713848272959 195.577581723531 198.625922203064 212.358593940735 228.34712266922 241.188367207845 196.840325991313 109.383304913839 54.4775823752085 31.5873871246974
186.216711997986 183.142026265462 183.400750160217 182.341595490774 179.018080234528 176.321029663086 174.531976381938 174.504399299622 179.30656671524 170.918265978495 162.034700314204 163.786431153615 166.278650363286 166.733304659526 163.524846235911 159.807632366816 155.876855055491 163.439591725667 164.17407989502 157.222131888072 159.091393152873 161.942501862844 160.575658082962 164.188285668691 164.781282345454 158.896128336589 166.397591431936 170.611421267192 174.351970354716 175.913314024607 177.270313103994 181.443572044373 183.23423465093 200.897018114726 213.872889677684 196.58754269282 182.851016521454 177.08291610082 176.636099815369 189.086933930715 224.571168422699 241.084178288778 220.814029375712 161.631266276042 87.301105260849 52.8519997994105
191.264271736145 187.539060910543 190.231502056122 188.879172007243 182.423114776611 177.888015906016 174.787819385529 169.643779595693 169.790347417196 167.396704355876 164.211541414261 163.232823212941 166.32800300916 170.946359634399 169.207672278086 164.870719114939 162.190596262614 167.158643404643 170.512159665426 161.938478549322 158.650765816371 158.86452794075 154.943863550822 156.282216310501 162.569175163905 158.489088217417 156.618436177572 163.207153479258 170.066157976786 173.086484273275 174.151539802551 174.901962280273 182.918806870778 204.432129859924 210.091710090637 184.792538483938 170.365373293559 171.357115109762 175.46550432841 187.356034914652 195.895512898763 199.640989303589 187.732676664988 157.044112682343 98.7319548924764 44.3496207396189
175.12180407842 176.804820696513 185.582041740417 183.36550394694 185.274144013723 187.629044055939 186.26739581426 179.983754952749 168.974757194519 167.926092942556 170.069177945455 165.591110785802 164.763212203979 169.767498970032 169.510920842489 165.482232968012 167.288223902384 168.776134649913 170.369287331899 163.597722848256 157.142480214437 156.238396962484 153.205215930939 151.691178480784 156.200329462687 160.132567087809 155.960083007812 158.65233540535 164.233158032099 167.983869711558 166.50719443957 164.589434862137 175.727943579356 192.626595497131 188.597798347473 172.939697901408 167.764941851298 178.225000699361 186.367273330688 187.515874703725 182.433426380157 180.233279863993 168.278535207113 147.319823503494 98.6615816752116 40.0965139269829
172.801434993744 178.340236345927 180.763125419617 182.340145111084 184.233903884888 185.877482096354 186.21822198232 181.319216887156 176.173289616903 171.190539995829 171.785334746043 168.945968151093 163.76805305481 163.219034671783 162.222941716512 161.243945360184 157.783349355062 164.513607819875 165.780564149221 164.003034432729 158.848812182744 156.811902920405 156.991938749949 156.536916891734 155.066380898158 164.382914702098 167.336781819661 166.015446186066 165.582448244095 165.689945220947 160.402476787567 157.132844130198 163.500120242437 168.168882528941 167.484263579051 166.469832261403 171.115378538767 186.542133490245 192.587653795878 183.910310268402 182.343999544779 170.197327931722 164.534350236257 144.715150197347 112.586537996928 66.6006257136663
178.448935349782 183.513700962067 181.167125701904 184.121827284495 182.86806344986 183.020174503326 183.706005414327 182.329297065735 182.091732819875 177.045444647471 174.501697222392 173.677504062653 167.414903640747 163.297732671102 161.21506690979 165.805468956629 157.863756020864 160.402437051137 167.411069075267 165.046075979869 161.520848671595 162.359178066254 160.305837790171 160.54563721021 162.966122229894 160.334159930547 169.470230738322 167.722702026367 165.447870890299 164.111723502477 160.614828268687 157.573461532593 160.421262184779 157.838294903437 151.497970024745 151.580363512039 160.38570801417 179.05463774999 176.844954490662 165.820260842641 170.477986335754 160.491526126862 157.505402962367 155.065993467967 140.693287054698 101.607193549474
177.665750185649 179.875115553538 183.304309844971 184.881528218587 185.028155644735 184.656719366709 185.569047927856 187.648872534434 182.738900184631 180.83663781484 177.969078222911 177.19566822052 173.623263835907 169.175048669179 167.096376419067 171.726763248444 167.366683483124 160.162021716436 168.377339839935 166.700859864553 163.081347942352 165.168156226476 163.328140974045 158.900866905848 166.908264160156 160.086820522944 163.198490937551 165.51548242569 165.275812149048 164.819459120433 164.225707451502 160.28239329656 159.570793310801 157.527873913447 153.243760267893 151.911755402883 155.630807081858 168.319364388784 166.649281978607 167.001744111379 166.029582420985 156.793375809987 161.191095908483 170.409878094991 163.194199403127 127.357343832652
172.529538472493 174.071331818899 180.512468020121 182.028571764628 186.140159765879 186.241606871287 184.061288833618 184.495866298676 183.271169662476 184.910396734873 180.148124694824 176.693876584371 173.851370811462 173.979302247365 169.727663199107 169.646700223287 167.463064193726 157.740771770477 162.937382857005 166.343291600545 162.2301141421 162.046452363332 165.887514750163 157.249689102173 160.890877246857 160.788456598918 155.565768480301 161.519149939219 164.415617783864 163.653532663981 164.456019798915 164.428025484085 159.038811922073 162.175387144089 168.009380499522 169.554015000661 165.402442216873 164.604584376017 168.103953202566 179.635226726532 168.136656284332 158.969750006994 166.312634944916 172.113080819448 165.937026341756 145.663559436798
164.437373479207 166.778047879537 173.41148853302 176.86535914739 183.767239252726 186.700642108917 183.927675088247 181.962132453918 183.956523736318 185.967624187469 183.073282241821 178.888499736786 175.398508707682 176.479617754618 172.247966130575 167.84006357193 166.077822446823 158.021738131841 161.851912736893 168.150663375854 166.581759850184 165.126621723175 168.18638642629 163.195113341014 158.429125944773 164.333740870158 160.112679004669 163.600544134776 169.990718364716 175.163447856903 179.8970301946 181.200126806895 170.474469661713 173.795163631439 180.649002393087 181.656221548716 183.612068494161 174.499690532684 172.564009825389 175.004025300344 165.235777695974 157.304068406423 154.822289943695 153.849472602208 151.849091053009 150.861422220866
163.090447584788 159.28969780604 164.800276358922 174.118498961131 179.195960362752 183.504203955332 185.649712880452 187.887152036031 187.029739220937 183.608810106913 184.742490450541 184.68048175176 179.227471351624 175.13499657313 173.733075459798 168.290416399638 165.224015712738 161.512980858485 164.464602867762 169.89795366923 172.842860221863 171.627124150594 167.700707912445 165.091852347056 160.491685072581 166.976014773051 167.555789152781 171.77426815033 178.641498088837 188.539445400238 196.645458539327 198.150753974915 188.902378082275 185.800433158875 182.564278443654 184.141993522644 189.117769400279 186.761657396952 174.981435139974 163.311272859573 154.193828503291 156.110713879267 154.548645019531 148.931870857875 145.137439171473 149.852246046066
164.261202017466 166.78375005722 168.411135673523 176.119645436605 176.661690076192 178.156753381093 185.419658819834 190.563678741455 190.546234448751 188.359439373016 186.622222264608 186.980764071147 181.678911050161 177.429020404816 176.152606805166 178.442478179932 171.021898587545 167.11022456487 167.928059895833 174.312889575958 175.080815951029 172.002971172333 170.107583204905 166.447818279266 161.456475655238 168.124000231425 171.846469243368 175.001581509908 180.253068606059 188.851455847422 197.973310947418 205.424726009369 197.210450967153 186.245044072469 172.531306743622 173.842569192251 183.628698190053 190.896809101105 178.33932240804 156.660904486974 148.8236784935 158.527870972951 161.89906001091 156.514902909597 150.868624448776 147.395710150401
163.919786612193 173.8108197848 176.350037256877 178.589860598246 178.088347117106 177.286903063456 183.716217676798 188.716967900594 188.611606756846 191.93031390508 190.20946820577 188.410480817159 186.070958773295 179.49100335439 176.577031612396 184.85701084137 177.027702331543 169.58075761795 166.736086209615 170.5269018809 171.341180801392 169.414162635803 169.328053792318 163.06612888972 160.367071628571 162.355124950409 167.238235473633 168.225844701131 170.683662096659 178.014616171519 188.931981722514 199.927568435669 193.960626920064 173.143108685811 139.205694198608 131.433496872584 152.016113201777 176.021615664164 185.530682404836 182.960609594981 176.416436831156 168.876588344574 152.243554592133 148.345202207565 157.581835985184 148.441632588704
165.819644927979 164.604882399241 164.990683396657 168.359676996867 176.416436831156 180.010497570038 178.915123144786 186.208049456278 184.811532497406 189.452032248179 189.314246177673 191.560606161753 190.125028292338 183.284084002177 179.740568002065 178.855041662852 179.813961187998 169.01954015096 165.184497833252 164.510985215505 164.081464211146 165.332078933716 165.817022323608 159.570803244909 160.755972067515 157.748430967331 159.435252348582 160.621384779612 158.509155114492 160.62718629837 164.919555187225 182.029227415721 177.32431491216 149.966021378835 112.843960523605 92.5826032956441 101.396014293035 132.013440132141 167.939841747284 182.711164156596 184.437870979309 168.131709098816 146.071225404739 142.824093500773 151.704500118891 137.700955073039
172.226667404175 161.490152279536 157.428870598475 163.584897915522 175.424774487813 184.767603874207 182.690958182017 184.987107912699 186.46502494812 186.563928922017 188.518007596334 191.658278306325 192.840814590454 189.454793930054 183.645606040955 180.890480677287 182.562311490377 172.431349754333 167.20712184906 168.583333492279 169.726550579071 166.487167278926 164.660632610321 160.427908102671 157.778739929199 156.195779641469 155.857106049856 156.4080119133 153.011818726858 147.153536478678 140.262285868327 149.142762025197 149.414777755737 128.846714893977 112.413078546524 93.4975743293762 73.8411744435628 81.7727744579315 106.215616067251 143.261810143789 166.701594988505 156.100879112879 145.187934239705 140.309234460195 132.185777028402 122.958888610204
174.45449034373 167.90779431661 162.81137863795 167.67273346583 177.418351173401 186.759312947591 189.069946606954 185.990254084269 189.479271570841 186.490813891093 190.685669581095 191.55091047287 192.439317703247 194.19672091802 186.417043209076 185.371518135071 186.933855215708 178.797622521718 173.327088356018 175.030171871185 175.16154050827 170.506358146667 167.657693227132 166.710575421651 162.820388873418 162.087837855021 160.057594378789 155.296484629313 151.276061932246 146.186510721842 134.870529174805 138.301263252894 141.187081734339 138.857821623484 138.183722893397 127.345710992813 99.0826189517975 81.6190242767334 75.3805389006933 90.9690062204997 127.429286638896 131.560424963633 120.064477125804 105.306337277095 102.880587180456 111.349523067474
179.039835929871 176.794548829397 169.768393039703 166.605293750763 172.820607821147 186.237057050069 188.432375590007 187.034686406453 187.518020470937 192.492246627808 197.759071985881 197.849154472351 197.049101193746 196.637849013011 191.642085711161 190.177917480469 191.943188508352 186.914026737213 180.629352728526 177.825709184011 175.718824068705 173.953731854757 174.723505973816 176.360865434011 171.569287776947 167.095760504405 160.848478476206 152.099241813024 143.334647019704 140.292565027873 139.597018559774 143.858989079793 147.505382696788 157.298028469086 164.862950642904 165.469189484914 155.362715323766 137.929300467173 118.785838286082 86.1284534136454 95.7268178462982 115.806668996811 115.362157424291 102.949271599452 104.395061731339 122.980535030365
182.517866293589 181.506375471751 177.980860074361 171.801269054413 170.557379722595 183.300932248433 187.459210554759 188.104093074799 185.907562573751 192.812422911326 202.07275946935 201.410512129466 196.440815925598 198.964655399323 197.705686092377 190.733850002289 194.280167420705 189.534703890483 184.369424978892 182.334125041962 180.907885233561 180.536806583405 177.140414714813 175.503710905711 172.962347666423 168.217162291209 145.890106757482 121.755023797353 118.719806273778 125.504642724991 136.789351701736 140.482981999715 145.911852518717 151.976535717646 166.351824998856 178.514063358307 183.348337809245 184.86209710439 181.387364864349 131.600161393483 101.12851858139 119.135598341624 136.766562859217 140.219877163569 142.128467559814 156.828433275223
182.244420051575 179.684301217397 181.311627229055 180.397232373556 174.7212211291 179.984827836355 188.217977682749 189.913849035899 187.223931153615 193.456093470256 201.473752657572 201.369901498159 196.975191434224 198.482791582743 200.543741385142 190.268615881602 192.564229170481 189.745903015137 186.628560225169 187.351524829865 188.031335671743 187.64054775238 182.552595933278 173.912823200226 173.208912213643 171.80875937144 150.159458319346 126.810759305954 124.241530895233 132.993797461192 148.45143755277 148.428152004878 157.213926315308 167.873481909434 183.596173922221 194.435735543569 175.085584322611 141.424119472504 127.582728862762 133.212784926097 132.065276304881 147.826731204987 151.280800501506 134.34233268102 123.119950294495 137.415995200475
170.858105023702 178.601066271464 180.621961752574 181.447764237722 179.928243160248 176.385184129079 189.746816953023 193.955938021342 192.378878593445 194.00676091512 198.606888453166 201.306223869324 199.348628520966 196.601748466492 197.589198748271 193.162659804026 188.671906789144 190.628250439962 191.175878047943 192.805409431458 194.196065266927 190.156956513723 188.247740268707 181.704163551331 180.81796169281 180.872062842051 174.86176888148 165.54981470108 163.221249977748 167.444010575612 166.713217894236 158.283362785975 171.04442914327 183.573842048645 174.404402573903 163.300961256027 143.920520941416 88.1962180137634 64.830869436264 100.28667251269 136.17088397344 158.758103847504 152.27410197258 137.098183234533 127.824445565542 134.353001912435
159.619887669881 175.65929889679 178.188502788544 179.890116055806 182.570894559224 177.463968594869 184.42424138387 193.966050942739 202.686727046967 200.868487358093 198.843876520793 199.222167332967 200.218796730042 197.364270687103 197.73010412852 194.830675919851 189.457138379415 189.671158790588 187.443991502126 185.061415036519 187.075257301331 186.315476894379 185.51762898763 184.362689654032 186.04709704717 190.45102596283 200.001776218414 203.929424285889 188.010474046071 182.196398576101 171.440939108531 161.718547344208 166.01965824763 156.772673130035 124.971727530162 85.5591694513957 82.2695990403493 70.9223051865896 54.4913709163666 62.6620501279831 82.7918946743011 121.534526348114 150.212238232295 171.63340250651 191.329181194305 187.119126319885
