input/barkrak2/radiation/dir08424.grid
NCOLS 85 
NROWS 70 
XLLCORNER 665100 
YLLCORNER 4664600 
CELLSIZE 20 
NODATA_value -9999 
[rows 20 to 39 of 70, columns 0 to 45 of 85]
75.4698663949966 63.2296005884806 68.6161667108536 88.4652336438497 83.1034034490585 73.1676270564397 69.0321922302246 80.5546740690867 91.2928879261017 101.478070020676 106.140245993932 104.716598987579 103.18394502004 107.776453097661 118.137260278066 136.44669453303 149.761438369751 158.444782098134 170.187592506409 186.343789100647 194.161891937256 183.832665284475 179.972211519877 183.888932069143 183.546344439189 184.059083461761 185.42468547821 183.595935503642 178.547660509745 179.787715276082 168.226381142934 154.701093832652 159.310360749563 144.978523254395 162.76012857755 170.301099618276 169.654051462809 171.687801678975 175.914426644643 181.398828824361 183.008074760437 182.831009229024 186.655541261037 179.264088471731 184.84503030777 190.747698148092
105.489472548167 93.1611359119415 86.6664250691732 110.966145992279 108.343780040741 74.5682418346405 77.5614082813263 89.8525416851044 98.9558498064677 103.496084610621 103.593170642853 102.327009042104 103.908956050873 102.015674114227 110.626220703125 125.388602415721 141.898582379023 152.080744504929 163.67119550705 180.480202039083 188.900947570801 200.550854206085 206.985612710317 202.690025170644 192.779660224915 175.902942816416 170.067846775055 163.798312346141 168.931027253469 164.586861928304 145.936071872711 128.429671128591 97.2701708475749 91.3749436537425 91.0598536332448 110.890885194143 143.988718589147 160.309096177419 170.806129773458 176.647086938222 174.353977044423 173.235853513082 163.146684567134 145.773013432821 171.589414278666 185.06932258606
152.285546064377 148.927162090937 129.971325397491 131.752908229828 130.610386530558 94.7114229202271 101.536989212036 100.621402263641 98.5423525174459 97.6857443650564 103.283534447352 108.024020989736 110.43389638265 112.619588772456 115.476846694946 123.743832111359 136.697312196096 149.025897185008 159.707168738047 161.39696041743 166.081130504608 182.353854179382 193.33815574646 194.806277751923 191.111425558726 179.955104986827 163.931081692378 159.408867359161 158.011386791865 140.90092976888 104.289958874385 74.9202072620392 50.8502076069514 29.2351096868515 27.0885874827703 42.5049761931101 73.7904161214828 105.100135008494 127.62392560641 140.961905320485 154.390543699265 158.415257930756 135.374973217646 111.384014288584 144.790351390839 180.122176806132
189.175029595693 180.792192618052 149.759958187739 138.486355543137 136.225988467534 131.630291541417 121.040056149165 103.309204181035 92.6027595996857 89.6341999371846 105.226953824361 108.410914738973 117.614368597666 128.4173031648 125.027477741241 125.11267264684 132.978667815526 146.170397599538 153.396348158518 143.925189971924 144.924898942312 150.257299343745 162.686794996262 171.736280123393 176.178475220998 169.747869173686 162.321805953979 144.575466712316 125.944197177887 98.569134871165 67.9771651824315 56.6211144129435 27.3629799485207 2.80987626562516 0.00791521172989936 5.89225627481937 31.0106525818507 57.4097434679667 64.8366759220759 76.098178823789 86.0062340895335 75.9240239858627 88.5750552018483 124.547938505809 138.075172901154 166.681269804637
185.724794864655 182.967563470205 166.315456231435 142.141362031301 126.972069342931 130.475531021754 121.480484803518 112.827658653259 103.135277827581 92.6521023114522 101.018190383911 105.431824922562 115.793158610662 123.041729132334 125.701934099197 125.014841556549 132.562051216761 144.695917765299 150.673051675161 142.310599486033 141.739507516225 138.534704844157 148.356199264526 156.143059333165 158.268312613169 155.564804871877 146.92896604538 132.132699092229 115.843335787455 64.3728524446487 57.7389299869537 57.6033492883046 35.8633076151212 2.95310777922471 0.80237677320838 7.09689905246099 17.6178912321726 32.8116516272227 37.7289727330208 40.5987550814947 38.4323125084241 41.3016031185786 61.6982082525889 153.511265913645 159.044553836187 169.886767864227
171.888033548991 177.467624346415 175.72033405304 148.703118165334 127.522706985474 130.938738584518 133.290221293767 141.584763924281 135.501176118851 122.052530447642 112.897396087646 123.087922732035 126.831382513046 136.197964350382 136.189679304759 129.684636990229 131.436973810196 143.778612216314 150.507340828578 153.960992892583 156.374663114548 152.138710021973 148.152450720469 145.932813485463 145.55369814237 146.132946014404 135.685175657272 126.655588547389 102.934946616491 87.7941250801086 87.8714422384898 98.5825260480245 92.3685034116109 33.3304752906164 13.3901362617811 24.1817682981491 24.0172694126765 32.2146440545718 34.6467097600301 25.7319609324137 25.5195200443268 29.8556238412857 75.2241611480713 157.471497853597 172.225594520569 177.257676919301
171.414693196615 176.880915959676 178.049763043722 157.12833404541 144.555598497391 150.270243485769 160.592158635457 166.331579287847 171.424925327301 163.147817055384 141.571899255117 146.563738584518 145.235856374105 152.035027742386 150.682578484217 136.803944905599 134.225428104401 146.334032217662 155.707538127899 167.640805244446 171.526531378428 168.107589085897 157.253295183182 148.248861233393 146.940817435582 146.832128365835 139.585922161738 132.558991511663 120.986928542455 123.753865559896 140.062203009923 165.699402491252 174.835701783498 159.860720237096 86.1855149269104 41.9770777225494 40.0199244419734 38.6984298626582 36.3352174560229 23.4891126553218 44.6859002113342 79.5019865036011 123.886853456497 146.411836147308 167.744298775991 165.782749652863
172.613441944122 166.331479946772 173.280278841654 161.543716986974 176.202734311422 176.986157894135 182.572762171427 180.078943570455 180.632472038269 179.710348447164 156.024634838104 147.046615680059 149.702896674474 153.56582403183 154.183576504389 150.682469209035 145.284235477448 152.986099322637 166.29821062088 172.909597555796 170.171062151591 159.767200549444 155.83062171936 156.57510360082 155.55876493454 155.221243699392 150.160948435465 149.392664432526 156.856566667557 166.468193133672 182.991941769918 195.366322994232 203.920265038808 215.67823489507 186.781267325083 89.6942019462585 55.7019064823786 44.3726231654485 35.0453381737073 23.0927442510923 67.0561144749324 148.160189390182 140.504390001297 125.54270029068 132.624576489131 130.959411462148
170.103351275126 159.221907456716 165.169129769007 166.852037111918 199.379801750183 185.173432032267 176.875710487366 167.929490407308 161.668221155802 158.912658691406 144.549230734507 139.076014359792 147.553126017253 152.972062428792 159.021377563477 161.479949951172 156.123022238413 152.861694494883 164.140065511068 166.010250647863 165.420343478521 156.844804684321 156.346927086512 162.214438120524 163.113544384638 156.470914681753 158.836543560028 154.119153817495 165.905664364497 179.487566153208 201.638102531433 214.803655942281 221.036314964294 222.333272298177 223.019003868103 161.792228619258 57.8416287899017 27.1641463041306 18.1084200739861 27.6834517717361 82.8125874201457 137.016197045644 125.289976596832 94.8010285695394 89.3291036287944 89.4671082496643
170.05709807078 152.970850467682 158.827404181163 175.839900970459 197.597801685333 183.165033658346 163.655777772268 140.093247095744 127.37371524175 117.356995741526 116.307576497396 121.245344479879 135.76685388883 154.24257516861 160.864800214767 168.278415997823 166.716496149699 151.814033587774 154.967486858368 156.944215297699 155.620078245799 157.246649265289 157.535314559937 163.489162921906 167.012532552083 163.259456555049 166.522880395254 162.070572376251 164.399445056915 188.625892003377 212.504307428996 227.675517400106 226.585785547892 225.24482011795 236.371735731761 227.972229321798 149.507264296214 59.7093502680461 42.0317053794861 44.2913075288137 70.3216244777044 87.6460572083791 98.7624128659566 70.5959697564443 64.3318643172582 69.0471430619558
166.627943515778 173.12761147817 201.649248600006 244.878510634104 228.859523932139 190.126260121663 151.742935180664 118.622720241547 103.876928488413 108.918895324071 104.597280422846 104.251950979233 126.475195089976 154.771824677785 166.178445021311 175.11914173762 172.641754150391 159.269948800405 158.936897913615 161.926319201787 158.506731192271 164.534568786621 167.045096556346 168.814977010091 173.591017723083 175.686756769816 174.135347207387 174.230635166168 176.987449328105 199.193318684896 222.688714663188 232.807219028473 228.897750377655 235.851407051086 247.497101624807 252.315938472748 237.189968427022 189.938902854919 106.567571560542 65.6154851118724 56.7990591128667 60.1541449626287 78.1915088494619 66.0866598288218 60.3907306989034 78.1741837660472
186.309595902761 223.07829062144 267.210284868876 289.249042669932 285.313705603282 236.270904541016 181.958595911662 139.938175678253 125.239173571269 134.973208109538 123.923689126968 114.496866861979 128.021895885468 151.22127532959 170.859118302663 177.118798096975 172.74288336436 166.930774847666 159.262398878733 160.426477591197 161.813686291377 165.865848461787 170.406798521678 171.468456586202 174.938897291819 188.747862974803 188.724954922994 191.62658850352 195.377786954244 208.697199821472 225.869456926982 235.063989957174 237.791895866394 245.87611357371 252.537628014882 248.512248198191 245.802601178487 248.967448870341 188.64647547404 105.11256257693 62.8942201534907 61.1370255549749 66.2833899259567 71.6636429230372 81.7720989386241 106.65088891983
245.563864707947 277.786095937093 293.950120608012 292.685190836589 302.759051322937 289.025684197744 250.946164131165 208.573480447133 179.246882597605 170.896808306376 168.698191642761 149.380475282669 136.592547098796 144.181062777837 166.376292705536 170.236150423686 167.033950487773 168.686548868815 156.884908676147 156.95908665657 161.111464103063 164.357403914134 165.281136830648 165.851692358653 173.371096452077 187.20269203186 198.273559411367 206.113855044047 208.138465881348 212.064146995544 227.17410326004 238.077839215597 237.591862678528 235.487063725789 238.496065139771 226.811607678731 228.34853331248 225.07506608963 186.093310515086 131.008684635162 91.048409541448 80.1509370406469 71.9811121622721 73.7158705790838 81.1076561609904 104.160567124685
280.005812644958 296.863277753194 295.960525671641 286.984801292419 294.928809007009 301.241874694824 288.225491841634 253.577987353007 218.174378077189 199.741502602895 202.237923940023 184.849858283997 156.233867009481 144.961973031362 159.327586491903 166.695773601532 161.487291256587 164.080123106639 156.398038069407 159.444888432821 157.389481862386 158.935517072678 160.136143366496 160.39843360583 167.921582857768 181.153496106466 195.163627465566 198.726177215576 205.824911594391 216.792325178782 229.197323322296 230.921387672424 217.322965463003 207.463065783183 210.790435473124 183.005054791768 183.399081230164 170.501192410787 142.348259687424 113.175362348557 118.98410320282 108.317305644353 89.3973310788472 74.1564830144246 70.5270220836004 85.4622026284536
292.233308156331 296.629071235657 298.888007799784 292.003591855367 291.825453440348 296.4106798172 300.750156243642 283.690830071767 239.018102486928 212.877194086711 208.839058876038 196.561257044474 177.643756071726 163.003106911977 161.488900581996 164.002656936646 160.374194383621 157.651950915655 158.204734325409 161.277850468953 157.375385363897 156.238476435343 159.690062204997 160.877486069997 165.568192799886 174.929281075796 185.818692048391 187.205036481222 194.636166095734 211.865444978078 223.135491212209 216.398676236471 204.288760821025 200.253347555796 183.135747909546 174.310306708018 178.198059399923 175.713578859965 160.111526648204 137.899031241735 141.190707683563 148.707360029221 128.485997517904 100.620667139689 86.8040521939595 74.9556124210358
293.093244234721 295.174380143483 294.465223948161 294.578810532888 292.73118575414 290.845433870951 295.789500077565 289.801855882009 251.154700915019 217.841664950053 196.523646513621 196.44021987915 192.156632741292 175.607641537984 167.426367600759 171.231667200724 165.527979532878 156.162261962891 162.427455186844 163.411170244217 162.228723367055 157.54355986913 161.164343357086 167.355914910634 165.335287650426 172.586480776469 177.651365598043 178.963442643483 185.581346352895 205.815156300863 214.349885781606 209.7487449646 206.937432289124 207.746247450511 181.598325570424 181.087334950765 186.896145343781 193.187216917674 193.184494972229 171.871264775594 131.129850943883 130.40754199028 115.187684694926 96.4420437812805 82.1710328261058 66.4052267869314
282.742659250895 284.700016180674 286.515653133392 285.220563411713 283.132036526998 280.254403750102 285.211563110352 285.087803999583 252.142091592153 213.801125685374 195.242842038473 190.825382868449 191.903710365295 174.401760101318 165.340085824331 173.078894615173 177.039245764414 162.783622741699 166.880091031392 170.022666454315 168.772876262665 164.760539929072 164.685616890589 170.329769452413 167.667508125305 167.728225390116 176.047186056773 182.632644971212 187.863330046336 201.962033907572 211.868186791738 212.201495965322 208.45111211141 209.867358207703 189.924240112305 192.081908384959 194.766422112783 201.576630274455 202.585458755493 176.883896191915 106.911847988764 84.39635237058 68.0068582296371 58.0826848745346 56.6373368104299 53.8275390863419
267.993013064067 273.600141207377 280.714412530263 279.138306776683 277.769943078359 280.455311139425 286.269704500834 288.528561592102 265.492876370748 221.999009450277 200.354278087616 187.473734219869 182.299554347992 172.753512859344 163.86212905248 169.448872407277 183.206915855408 172.955334186554 168.363889058431 173.15399646759 173.063317934672 169.677793979645 166.114916404088 168.134212493896 170.841534932454 169.838726520538 174.836754798889 184.455752372742 189.46764866511 194.34662659963 206.963221232096 213.67355187734 208.004295825958 191.717465718587 183.803935845693 201.56717300415 208.776831626892 211.545010407766 197.45800892512 189.293543497721 101.356635491053 47.6907690366109 22.0978930592537 22.5271061062813 23.2767735918363 35.2765992283821
236.313541730245 246.227463086446 254.030366738637 257.255593935649 263.788918654124 274.748603502909 283.199508984884 287.03248500824 277.437806129456 242.554565270742 217.09676583608 194.726626078288 181.775430838267 179.01474237442 170.623819033305 163.79060347875 176.211555798848 177.230954170227 168.954888979594 170.03458738327 170.506040255229 168.356935183207 164.146184921265 165.315916140874 170.438806215922 174.615184466044 175.566792488098 181.213736534119 186.342318852743 188.872456550598 197.719275951385 211.844980716705 197.644670804342 180.294672648112 189.25662835439 216.508130232493 222.619116306305 217.246154944102 208.498994509379 206.455707550049 163.97879521052 73.5197315613429 34.2108085751534 25.7252678275108 26.5021522839864 20.9350610772769
201.939662297567 208.970248699188 208.663105964661 217.902223269145 233.449578285217 249.092936515808 259.479661782583 268.226583798726 265.513559182485 242.122749487559 215.664664904277 192.56716966629 179.901778697968 176.904718081156 173.578242460887 166.060447692871 170.81211010615 172.793666521708 164.045552412669 165.042181809743 168.354014555613 172.866900761922 170.682787895203 165.346324443817 165.743331114451 169.659972190857 177.317023277283 180.486857891083 185.389916102091 186.275124549866 188.79755338033 201.362331708272 190.353552500407 187.073508898417 214.456299940745 228.681763013204 225.868205229441 219.283282756805 216.052134831746 225.775897502899 234.984954198202 190.965592861176 102.656890948613 58.5775673389435 40.2874698241552 25.6457726160685
