input/barkrak2/radiation/dir00424.grid
NCOLS 85 
NROWS 70 
XLLCORNER 665100 
YLLCORNER 4664600 
CELLSIZE 20 
NODATA_value -9999 
[rows 23 to 45 of 70, columns 0 to 51 of 85]
60.2801342805227 50.2880662679672 21.0602506995201 5.52907648185889 0.298353416534762 8.15570292373498 4.7897066300114 3.68876941502094 2.52220407128334 2.22639941299955 2.18131672590971 2.79778831948837 10.2643550684055 13.3813147743543 10.6543153524399 11.479414999485 16.5473197897275 24.2359936237335 28.7569612264633 22.8241284688314 21.6686973969142 25.1050740480423 35.5926752090454 45.0749695301056 51.201785604159 50.533726811409 45.4656978448232 38.962776462237 20.6934710343679 8.86295114954313 5.14859023193518 1.01249238165716 0 0 0 0 0 0 0 0 0 0 0 0 0 0 0 0 0 0 0 0
60.1928730805715 56.3089549541473 35.7682978113492 9.53599500159422 0 2.77280434966087 4.12669281164805 4.16643327722947 3.37094503144423 3.41957279791435 2.18446801106135 1.98986707255244 5.98164275288582 11.1482863624891 10.8458784719308 10.5504741271337 14.7053810457389 22.5791285435359 28.0900920430819 21.4195425311724 19.7581922014554 17.5396266082923 23.8833799958229 31.5424179037412 35.4820018013318 35.9539389610291 33.2880963881811 29.711922009786 13.7462057173252 4.56252632041772 1.96904766683777 1.10265092613796 0 0 0 0 0 0 0 0 0 0 0 0 0 0 0 0 0 0 0 0
48.3794063329697 52.2785584131877 45.3249166409175 18.1711440285047 0 7.53918041785558 15.0272535781066 22.6933707793554 23.5753854115804 18.6842357118924 14.3828565875689 15.4294470945994 14.0356148282687 17.1906873583794 17.2436609864235 12.5921269257863 13.9384542902311 20.9553142388662 27.3734579483668 29.4695471723874 29.9938867489497 26.2413198749224 23.4993100166321 23.1362134218216 25.7484565178553 27.3776302735011 24.1096342603366 24.6977806091309 14.9515743056933 11.0881788035234 8.5571842888991 10.7505482931932 6.41276811559995 0 0 0 0 0 0 0 0 0 0 0 0 0 0 0 0 0 0 0
47.1071749925613 51.6976515452067 49.3342777093252 26.4325092236201 5.50130133827527 18.3261632919312 31.0490975777308 41.0735011100769 48.4236180782318 44.1529899835587 27.0897597074509 28.7456860144933 25.7983605066935 26.7696951826413 27.202382683754 18.3814999957879 15.9315106769403 22.5054373343786 29.9636945128441 39.3281305829684 39.9905294179916 37.3905897140503 29.9144635597865 24.7913251320521 25.4126439491908 27.1694536010424 23.1722046931585 30.3865497310956 29.1453575094541 27.946208914121 31.4296831687291 46.0308541854223 53.3780306577682 34.2989092071851 0 0 0 0 0 0 0 0 0 0 0 0 0 0 0 0 0 0
48.2830752929052 47.449067234993 47.43692278862 31.8522155284882 26.7572154601415 36.5820328394572 50.3423611323039 58.5518181324005 59.187779823939 48.1627235809962 37.3622427384059 31.060203909874 27.5101562341054 29.5160164435705 30.9767673412959 26.4847551782926 21.5970873832703 25.7760534683863 37.3965029915174 42.0264403025309 40.3607562184334 32.3952759305636 30.2263821164767 30.6683778762817 30.8423166473707 30.981366833051 28.7025570869446 38.2080003619194 54.1002949078878 58.330828944842 61.2518837054571 67.0210023721059 76.5672673781713 81.4052671194077 40.1810258626938 0 0 0 0 0 0 0 0 0 0 0 0 0 0 0 0 0
51.0994146267573 41.7696336905162 42.1397586663564 34.1133996844292 45.3140040238698 50.3975699345271 54.8382004102071 53.5582900047302 47.8320916493734 37.9889458417892 31.4485232035319 26.2288600206375 27.3783653974533 31.5222938855489 32.6703613003095 33.956507841746 28.4854024648666 24.9816750486692 33.1100871165593 36.1954569816589 33.7619781494141 27.9996345440547 27.6553705334663 32.9129993915558 34.9231113990148 31.8877001603444 32.545064886411 38.0468418200811 59.8950882752736 72.0540285110474 77.9739220937093 81.0927699009577 88.5643859704335 90.8937752246857 80.1647355159124 17.1419605612755 0 0 0 0 0 0 0 0 0 0 0 0 0 0 0 0
52.3490756750107 37.5172222654025 37.4342352151871 38.2333348194758 47.2803165515264 50.0545005003611 42.3994958400726 32.909631729126 7.95671840508779 5.41378619770209 5.57161308825016 13.591689368089 25.5219091971715 31.9659461577733 32.6485161979993 37.2925450404485 34.4427352150281 23.4633758664131 25.1102472345034 28.2114495833715 27.3384104172389 27.5812198718389 27.578316628933 33.0768376588821 37.7590656280518 34.439280629158 36.6985946893692 38.3718137939771 53.8108795881271 74.2477824290593 85.4637225468953 89.6155436833699 91.9325947761536 93.8357909520467 99.5206534862518 80.8902978897095 12.600801885128 0 0 0 0 0 0 0 0 0 0 0 0 0 0 0
51.7407655715942 51.9960125287374 68.874716758728 95.455398162206 76.1857728163401 56.1458567778269 34.5031420389811 8.56034085154533 5.82508618632952 11.4037071665128 4.62229053179423 4.89344758292039 23.8728175560633 32.2716186443965 34.9848593274752 41.1050170660019 38.6805385351181 27.4328539768855 26.8826882044474 29.386763771375 26.7830019195875 30.1973099509875 31.8126082420349 34.2966591318448 39.2250865697861 42.7479247252146 41.2968993186951 43.4933453798294 55.1911493142446 77.3593187332153 92.0562446117401 93.5442646344503 91.9861495494843 98.470002412796 107.917328675588 110.577096541723 84.8014454046885 32.5923959414164 0.0279526381442944 0 0 0 0 0 0 0 0 0 0 0 0 0
61.9799494743347 90.9478863080343 135.272165139516 155.533055464427 136.01032892863 90.5281106630961 49.7702757517497 26.5561292568843 22.046667834123 26.6422778367996 19.8354845245679 17.2407490511735 24.2423390348752 31.6879898309708 40.0484353303909 43.8535114129384 39.9439856410027 34.5543424288432 29.2355219523112 30.173547565937 30.1627367734909 33.0820952852567 34.5694695909818 35.0057035684586 39.6515876054764 49.6947367986043 49.8427500327428 54.8734863599141 63.5337879260381 78.7302255630493 91.8178856372833 98.3343124389648 98.515510559082 103.274901707967 109.560191631317 110.492964585622 103.763411442439 84.3891004721324 29.7286659479141 0 0 0 0 0 0 0 0 0 0 0 0 0
115.374187628428 149.597783883413 175.388773282369 178.061664104462 174.924373626709 149.868677059809 111.279428005219 80.2605847517649 60.9036237001419 51.0207414627075 45.8283225695292 37.7685874700546 27.7422765890757 29.1516855359077 37.5400111079216 42.9836163918177 38.7340734402339 39.5971735318502 29.8514316479365 28.3024410406748 31.9182674090068 33.4010074536006 33.945269882679 34.3164006868998 38.2795458038648 50.6183455387751 55.2769352992376 61.9275122880936 70.1654652754466 77.7833213408788 87.0570739110311 96.4072048664093 98.2917348543803 94.0265655517578 96.4208642641703 90.9138321876526 93.4628446896871 80.4772277673085 41.4467329780261 0.27313248331969 0 0 0 0 0 0 0 0 0 0 0 0
167.187432448069 185.381134351095 189.951300621033 189.071853955587 192.062517007192 187.259117762248 166.051805019379 128.399988015493 95.7158803939819 72.4065452814102 72.8502124547958 64.6595507860184 43.9564685026805 34.4456508755684 35.0183174014091 39.6853014826775 34.0409949421883 34.771906832854 28.518999616305 29.6580692132314 29.2393118143082 30.6547929843267 29.4544746478399 29.6416108806928 35.5904847383499 44.6000397205353 55.3012390931447 58.8715175787608 67.1906967957814 76.6019274791082 85.948367913564 88.9141162236532 81.0271402200063 71.7615187168121 73.3910699685415 61.8157833814621 63.5489920775096 50.3117889165878 12.898779163758 0 0.613030589496096 0 0 0 0 0 0 0 0 0 0 0
181.27163251241 191.333214441935 189.593573411306 192.153831322988 193.632304668427 191.103061040243 181.475083033244 154.306858778 108.743866284688 85.2458973725637 83.4786295890808 81.227367122968 64.9336228768031 45.0748403867086 37.1038367350896 37.250724931558 32.0896059274673 28.9536292354266 28.4975146253904 31.2448292970657 28.285543123881 27.7926921844482 28.7069976329803 29.8055832584699 33.7107107043266 39.3697147568067 48.4174787998199 49.2269347111384 57.3936800161997 72.4991162618001 79.9367527167002 78.812097509702 73.8012095292409 67.7659263213475 60.6682995955149 51.0432322820028 54.6004871527354 52.1270781755447 34.5497379700343 5.16124504307906 5.4210734864076 0 0 0 0 0 0 0 0 0 0 0
172.867238521576 177.372753620148 174.232065677643 176.419615745544 176.778117815653 171.71444495519 166.372170050939 149.905502796173 115.300218264262 95.5101648966471 89.0678664048513 81.9434175888697 74.4140644868215 50.7139563560486 39.6112476785978 40.5496110518773 34.7279980778694 27.6289135217667 30.9279784560204 32.1026891469955 31.2281176447868 28.7253434459368 31.3970968127251 34.5446864763896 33.4514528512955 37.935401002566 41.3769334554672 42.5416181484858 48.8360573848089 65.171812971433 73.3457158009211 72.5555717945099 75.4851748545965 76.2819548447927 60.865784684817 55.908148487409 59.8864406347275 65.8182054758072 60.2778146664302 24.6805300315221 0 0 0 0 0 0 0 0 0 0 0 0
147.925476233164 151.722590128581 154.182295004527 150.488724311193 150.180041790009 149.917304515839 154.601732889811 151.699254910151 125.945448875427 103.440900643667 91.4278527100881 74.486255645752 66.5975113709768 47.2660760084788 36.3528281450272 40.6332736214002 42.0553783575694 31.9577132662137 34.0449338157972 37.3077715436618 37.1888553102811 34.0136736631393 34.1793348391851 36.9941716392835 35.4423522949219 35.1784626642863 40.4690826932589 45.4973081747691 49.6215720971425 60.4578157265981 71.0434019565582 74.3295749028524 76.1932233969371 80.0710767507553 64.4036829471588 64.0913397073746 63.5158518950144 72.0211515824 71.4921553929647 36.4877258737882 0 0 0 0 0 0 0 0 0 0 0 0
125.38754940033 134.364902973175 145.913730065028 142.174343268077 141.29900932312 147.95133471489 157.802899678548 161.268969376882 146.586289008458 117.20942457517 92.6640232404073 67.3709064722061 51.1045455932617 40.5135427912076 32.6940963665644 36.0949983199437 45.4874833424886 38.6411026120186 36.8207494417826 39.649506409963 40.1906172434489 37.3184730609258 35.4351798693339 36.4524970451991 37.6896386345228 37.2347682714462 39.4180541237195 47.192653020223 50.5347500244776 54.8251966635386 65.6451086203257 75.2442280451457 76.7955879370372 72.1206416686376 61.7976834376653 71.2775389353434 72.9262977838516 77.5219897429148 78.54196925958 54.9075504144033 0 0 0 0 0 0 0 0 0 0 0 0
89.9666746457418 101.127356290817 109.331101179123 113.538523515066 121.818363666534 137.57660984993 151.273916165034 160.297334194183 157.660146554311 129.958252112071 95.1727430025737 65.020278096199 46.6659317413966 43.8018490870794 36.9624172647794 32.0406531294187 41.6218489408493 42.1125342448552 37.1499806642532 37.1975029508273 37.6238500078519 35.7074216008186 33.6331675450007 34.7908536593119 38.026953736941 40.9468064705531 40.5209387342135 44.6766515572866 49.1301318009694 51.1118173599243 58.1517765919367 71.8134939670563 75.5409896373749 63.3778770764669 64.4115159908931 79.1689654191335 82.1746985117594 80.2799959977468 82.9521665970484 78.5431712865829 28.1856656074524 0 0 0 0 0 0 0 0 0 0 0
56.8065792322159 63.1455481052399 62.6310457785924 72.4962006012599 87.4655942122142 104.046851396561 118.948221206665 131.760547558467 133.231619993846 110.432048638662 76.7342001199722 54.0083895126979 42.0350730419159 40.9377415974935 37.7932116389275 33.6397439241409 37.9862735668818 38.6117448409398 32.959096133709 32.9283674558004 35.7508411010106 39.0618517994881 38.8886084159215 35.1806332667669 34.6785585085551 37.5116541981697 41.881928841273 44.741486509641 48.3518491188685 48.3166376749674 51.5580475330353 61.9479268789291 68.9070324103038 65.3963287671407 81.8966527779897 87.8006319204966 84.0613543987274 79.017033179601 85.4598085085551 96.6475407282511 89.2985860506694 34.3418990572294 0 0 0 0 0 0 0 0 0 0
46.4531083901723 48.2130299011866 48.2564667860667 50.2633700768153 58.7618251641591 64.587672551473 68.2476113239924 73.4518220027288 74.341098467509 59.6918165683746 45.1117406288783 41.1519755919774 40.3274421890577 37.7887487411499 36.8881101409594 37.959689895312 36.8439629673958 36.3887076576551 32.74105489254 33.0283915003141 37.012313803037 41.8326258659363 43.5069799423218 40.0996878743172 37.7094348271688 35.9548007448514 44.1655864318212 46.2855647007624 49.2996027072271 49.1619308789571 48.55877161026 55.4453482230504 63.1737411022186 71.579505999883 88.065246740977 87.771733601888 79.0735731522242 69.41257417202 71.5854316949844 88.2839163144429 98.5204974810282 89.2469882965088 44.3137188752492 1.00125907920301 0 0 0 0 0 0 0 0
54.1798621416092 51.8488834301631 52.0773082971573 51.8488089243571 48.5700666904449 46.830823024114 45.6330279509226 46.8852321306864 51.5459676583608 44.3272143602371 37.2660284241041 38.6505176623662 41.6652436057727 42.1852817138036 41.0828143358231 39.4391417503357 35.1016173760096 41.5871068835258 42.9063141345978 40.1115169127782 42.308251063029 42.0459161202113 41.1328549186389 43.5559749603271 45.0963079929352 40.5216614405314 45.7308093706767 48.1338451306025 49.4077304999034 50.2732048432032 51.6934096813202 54.1792710622152 61.2340768178304 76.3213088115056 82.4724982182185 77.4515469868978 68.1287596623103 58.6316883563995 55.5565456549327 66.0970111687978 89.3052518367767 91.7515357335408 70.6513474384944 25.0298380851746 0 0 0 0 0 0 0 0
58.2351634899775 55.6161801020304 58.3639393250147 57.1477115154266 50.6786455710729 47.6872324943542 45.7674165566762 43.414980173111 43.705607453982 40.5217657486598 39.1986817121506 39.1980856657028 42.655145128568 45.92697819074 45.6298887729645 43.2856033245722 40.0650352239609 45.5654958883921 48.4684060017268 43.2755798101425 41.8421477079391 39.5506421724955 36.4785194396973 38.9601041873296 43.6268945535024 40.6361296772957 37.4775578578313 42.8632100423177 46.7296888430913 48.8937050104141 49.346536397934 49.3447482585907 59.4321489334106 75.7480611403783 81.5816819667816 68.9054330190023 59.5585803190867 55.7810167471568 53.7089208761851 61.5877409776052 67.7818208932877 70.3806628783544 59.1569046179454 31.8000415960948 0 0 0 0 0 0 0 0
43.5224970181783 46.0874487956365 54.28613225619 51.8691738446554 54.276317358017 56.6158990065257 55.8986614147822 52.1164884169896 42.5350914398829 41.2701045473417 44.3521589040756 41.2690714001656 41.9950038194656 45.3386803468068 45.7487006982168 43.323611219724 45.2240506807963 46.9952921072642 47.2311476866404 43.830672899882 39.62658594052 36.8331745266914 34.9091614286105 35.6475462516149 38.6719778180122 41.9150193532308 37.3133073250453 39.1552646954854 43.6100761095683 45.0454503297806 44.3954716126124 42.4330979585648 51.2969642877579 65.2717153231303 69.3022112051646 61.1211657524109 57.8232308228811 59.4901541868846 60.0873827934265 60.4176769653956 58.1995646158854 57.2463274002075 52.2438585758209 31.2300249934196 0.72552845813334 0 0 0 0 0 0 0
42.0577029387156 47.555481394132 50.418754418691 51.1207828919093 52.8916617234548 55.3316573301951 55.6957026322683 52.1327555179596 48.1421649456024 44.614980618159 46.2445318698883 43.9605911572774 41.8168654044469 40.4206390182177 39.8577203353246 40.1744122306506 37.6483077804248 43.4117714564006 44.7185039520264 42.9616918166478 39.8337095975876 38.3971457680066 38.0600566665331 39.8717001080513 38.215513030688 46.4397569497426 48.6278583606084 45.5749134222666 44.6794778108597 43.8660234212875 39.9664988120397 37.9533817370733 42.9993122816086 47.5925306479136 52.6658495267232 55.9620161851247 59.7618420918783 64.3570721149445 65.2890503406525 57.7500959237417 57.104617357254 53.5745918750763 51.2171536684036 35.6423531969388 8.19837426145872 0 0 0 0 0 0 0
47.8944232066472 52.3386249939601 49.6587604284286 52.8723647197088 51.5527129173279 51.721195379893 53.3326367537181 52.1159122387568 53.4470776716868 49.3910610675812 48.6418803532918 48.1556753317515 44.1508541504542 39.9598553776741 39.5283550024033 42.9513802131017 38.2141123215357 41.3221245010694 44.7647273540497 44.1763152678808 41.0766874750455 41.0333797335625 41.1166672905286 43.1253015995026 45.3071395556132 46.0068434476852 51.1527955532074 48.6200302839279 45.6872781117757 45.3595966100693 41.5683115522067 38.2396628459295 40.793518225352 39.5834917823474 40.8720175425212 44.3464815616608 50.6611317396164 58.6955746014913 57.609036564827 47.8667070468267 49.5436986287435 47.0713873704275 47.0149020353953 44.345627228419 28.5317699114482 3.39063598463933 0 0 0 0 0 0
