input/barkrak2/radiation/dir05624.grid
NCOLS 85 
NROWS 70 
XLLCORNER 665100 
YLLCORNER 4664600 
CELLSIZE 20 
NODATA_value -9999 
[rows 21 to 41 of 70, columns 0 to 47 of 85]
52.9647121826808 40.4650444785754 29.1855086882909 41.591539978981 36.2203071514765 18.4243159989516 21.5876350800196 28.2402336597443 33.8222508629163 37.7933432658513 39.9401436249415 40.9296825528145 41.4075329899788 41.1184032758077 47.2082992394765 60.4306211074193 75.0818898280462 86.0276222229004 94.850758711497 108.754545450211 117.903510729472 132.744789123535 138.899723688761 136.610925197601 130.606641372045 118.081947167714 110.503733158112 102.432489395142 117.99743771553 102.720369895299 82.4816077947617 63.7564460436503 41.2766064206759 25.3805195291837 12.8969699144363 8.07849752406279 12.0365172624588 23.3537703752518 37.8457953532537 46.4136153459549 52.2811909516652 59.2021296421687 61.1179570357005 56.4913252989451 76.650857925415 85.8107705911001 94.2412416140238 100.113620360692
93.3523376782735 87.003489335378 63.5753174622854 59.3089858690898 53.9518445730209 29.4489115476608 35.9027733405431 35.8396967252096 32.335934539636 33.7722624341647 39.5082831382751 42.0152048269908 45.062134663264 47.2326378027598 49.6647655963898 55.9567113717397 68.5362418492635 80.601637562116 87.4343315760295 92.13853875796 95.9733923276265 114.155401786168 125.247518221537 132.546653350194 132.621039946874 122.023512919744 111.199140548706 104.61085041364 96.4696407318115 77.13816066583 58.7447136640549 31.558650235335 13.5422659416993 1.59489456564188 0.588159814166526 0.841113273054361 3.1097624450922 10.5514215926329 17.4718076984088 18.7110267579556 20.9152325987816 47.4996070067088 37.1974309285482 28.9490893483162 58.0570797125498 79.8772970835368 89.0097419420878 88.9864365259806
129.148830970128 118.1627313296 83.392471075058 65.8180266618729 59.234082698822 55.7920535405477 49.4614392518997 37.3408123850822 30.1668792963028 30.3111945589383 40.7016724348068 44.6988095839818 49.4347413380941 59.1811190048854 55.4973781108856 58.5641761620839 67.8054640690486 78.7852058808009 84.6958955128988 78.2012393077215 76.763908068339 83.2681755224864 98.2023974259694 109.091182549795 117.204705874125 117.950012286504 105.967650810877 102.163811524709 78.4804672002792 39.5311365524928 33.3095639944077 21.9948242108027 1.713367489477 0 0 0 0 0 3.12197084228198 1.68492427716653 1.8383494267861 0 1.82357508068283 41.3390671213468 54.4537802537282 72.8838592767715 80.9391836325328 86.4759584267934
128.340939680735 124.286532402039 102.385332187017 70.9827641646067 50.8630077044169 55.1233291625977 50.8064826329549 45.623650153478 37.0563815037409 34.5046445727348 39.4417842229207 41.5900150934855 47.4736839532852 55.9457490841548 56.7567944526672 57.081530491511 64.3088966608047 76.513797044754 83.7986667950948 76.901783545812 75.444092353185 73.0219682057699 83.6490094661713 92.0562148094177 97.5532631079356 99.0835626920064 92.8537746270498 81.95494612058 68.1144694487254 31.7450612783432 24.8550300796827 22.4889914194743 7.49778747558594 0 0 0 0 0 0 0 0 0 1.21643456319968 63.6613070964813 68.5538351535797 73.2358694076538 79.5351763566335 85.8859618504842
114.218910535177 119.304100672404 112.369398276011 80.8371553818385 51.9662400086721 56.2122215827306 59.9211156368256 67.6877349615097 66.3784593343735 54.5800427595774 48.8378455241521 54.4018745422363 55.3615391254425 63.7358377377192 66.3989533980687 61.1456831296285 65.3417408466339 75.9442001581192 83.5311412811279 87.4195098876953 88.3826514085134 84.8694443702698 81.8496147791545 83.7501883506775 85.3026211261749 88.9227688312531 83.8100711504618 81.301877895991 55.2251587311427 44.6483244498571 44.8092222213745 51.4799505472183 44.1687653462092 2.70262298484643 0 0.129034771816805 0.0880792213138193 0.0813462781176592 0 0 0 0 14.4218591352304 70.2258249123891 78.1876097122828 76.9907087087631 76.6077588001887 79.6064684788386
112.995445728302 118.638267119726 116.795867681503 91.0151302814484 67.9364601771037 72.8516479333242 82.1641683578491 91.1979873975118 98.0941255887349 87.8613591194153 68.8397387663523 72.7818260590235 69.8226690292358 78.4353713194529 81.2509308258692 68.8607295354207 67.8870578606923 79.4116655985514 87.8633856773376 101.055244604747 101.598848899206 99.6732612450918 90.2514060338338 85.0871900717417 85.1010779539744 87.788999080658 83.2083374261856 86.9249701499939 79.3451219797134 78.2327006260554 87.4028901259104 109.894285599391 119.302610556285 98.3644525210063 16.7829232911269 3.35166230797768 2.65638685474793 2.47263753165801 0.744206986079613 0 1.77858661239346 11.9779134790103 48.2185781002045 69.8369443416595 77.1100372076035 70.5902576446533 70.4588095347087 69.2852884531021
114.912648995717 113.475263118744 113.885253667831 97.2196261088053 98.3147422472636 97.0737338066101 106.322199106216 107.110639413198 109.610120455424 101.170639197032 81.7331324021022 76.5243917703629 75.1034319400787 77.7931461731593 86.3903562227885 80.7272742191951 76.1126031478246 83.7952097256978 97.4211891492208 104.878673950831 101.379652818044 92.3938651879628 91.1082724730174 92.7584369977315 93.5700436433156 94.0230190753937 91.2905732790629 98.8173484802246 114.549855391184 120.603869358699 128.543923298518 136.942118406296 147.325277328491 159.510374069214 116.194983323415 22.9693427681923 6.51140821476777 4.26003740479549 1.61899300292134 0 8.57847804824511 64.4179284572601 62.9407912492752 56.5810352563858 53.806001941363 54.3703784545263 52.4358451366425 57.1646392345428
117.855836947759 105.552663405736 106.676946083705 101.371109485626 119.557549556096 110.669215520223 105.345060427984 101.388583580653 94.4043298562368 86.3702992598216 75.7617652416229 70.1982080936432 73.3620176712672 77.3138850927353 86.3397717475891 90.4302795728048 83.8158031304677 81.634114185969 94.1820740699768 97.3768929640452 94.9553251266479 88.8874530792236 88.4920358657837 96.2473452091217 98.6154874165853 95.6947803497314 97.2895820935567 100.952665011088 123.462816079458 137.777030467987 149.67797199885 158.530056476593 161.723325649897 169.610699017843 163.287212451299 86.2011810143789 7.07108899950981 1.0276868318518 0 0 20.1479767759641 50.678883989652 49.4638085365295 33.0397089322408 24.0942314267159 25.1702840129534 36.5486145019531 47.4824607372284
118.238439162572 98.8844831784566 100.335359573364 108.581105868022 119.144062201182 109.2156569163 91.5015737215678 72.9179382324219 61.0945721467336 54.9267381429672 54.1814565658569 58.9953660964966 68.0959075689316 81.0326884190242 86.2958530584971 94.8978662490845 91.6607081890106 79.2902608712514 83.805114030838 88.223397731781 87.5989000002543 88.9070232709249 88.8118545214335 95.3525106112162 103.06171576182 99.7227629025777 103.056440750758 103.051722049713 118.667076031367 142.107933759689 160.914580027262 170.768439769745 171.33359114329 173.430581887563 184.309045473735 166.948517163595 76.8286238114039 6.26771214107672 3.4710814555486 4.01127866158883 8.88872270782789 20.1219742496808 36.7381845911344 15.9367943803469 7.05863970021407 10.8887813985348 21.9235345721245 43.2753165562948
115.400860706965 117.595940828323 142.402569452922 179.323017597198 151.677976051966 115.709324677785 81.7553301652272 55.5058022340139 45.0098017851512 47.3845849434535 43.8447495301565 43.7077830235163 64.7261639436086 81.0562074184418 91.8768544991811 100.502838691076 97.5721081097921 85.4558646678925 85.1521988709768 90.7381772994995 87.9103442033132 92.6979680856069 94.6202675501506 97.269614537557 105.603555838267 110.916793346405 109.066863854726 110.240042209625 123.040874799093 148.009717464447 170.293192068736 176.382760206858 172.388970851898 181.053102016449 195.582032203674 202.506025632223 175.544003645579 113.233814636866 39.0462204813957 13.9530847469966 6.61315148075422 7.14883580803871 22.9419420162837 9.16339084506035 5.30363308886687 9.79730673134327 21.8015983700752 30.4759194453557
130.665918191274 167.229294776917 216.47036075592 238.532165686289 219.314773877462 161.071827014287 107.40206638972 71.2740669647853 61.9094471136729 68.6142295598984 59.1251949469248 51.1438548564911 62.6020977894465 72.8735824426015 99.8437404632568 105.443845192591 100.729703903198 96.0071285565694 89.0602072079976 90.648740530014 91.8444295724233 96.2540507316589 99.0198651949565 101.077844699224 106.582661469777 121.013303597768 121.034453312556 127.936720848083 135.114769140879 152.06378698349 171.499093373617 180.225570996602 182.497084140778 189.391016960144 195.684870084127 195.833444595337 193.931261698405 182.515799999237 111.23858888944 36.1410727103551 12.8525706628958 13.9320294062297 7.54549975196521 7.73551128804684 11.0799397031466 12.9791771372159 19.5340886712074 19.6750735243162
193.713943163554 229.804297288259 252.314627170563 253.59042485555 253.407378991445 227.290074030558 181.065499782562 138.011952241262 110.820015271505 100.981007019679 95.4703291257222 79.1800419489543 65.1571700970332 70.1740682125092 100.175937016805 105.439722537994 99.5640357335408 101.496984561284 91.2076830863953 90.4878675937653 94.1076080004374 96.7827538649241 97.7898140748342 98.7653235594432 105.445394913356 121.822774410248 128.153602282206 137.577911218007 144.019583861033 153.665254513423 168.127497037252 180.204431215922 181.702752908071 178.619066874186 180.656830469767 168.534557024638 169.876217842102 157.14571873347 110.837469498316 58.4338804086049 26.7322659492493 24.6381064256032 19.4498139123122 7.46810746689637 8.69848020374775 8.99681635200977 2.00271544357141 4.2406115680933
242.175082365672 256.335298220317 259.246945381165 257.453223069509 259.670853614807 257.197737693787 232.848942279816 189.883967240651 149.959037701289 128.228386243184 128.011216719945 115.3923869133 86.7803990840912 85.5101843674978 96.9797571500142 101.984133323034 97.0309774080912 97.2171525160472 91.0549759864807 92.712531487147 90.2791023254395 93.1025147438049 92.7667319774628 93.3859845002492 101.897656917572 113.696455955505 127.566993236542 131.856749455134 142.033944527308 154.554824034373 166.844050089518 167.431433995565 157.852073510488 146.549701690674 149.215161800385 132.670591274897 133.265356222788 117.841313282649 79.6026786168416 44.1056589285533 48.3019252618154 43.5173809528351 28.8945510983467 8.0540186415116 5.40007961293062 0 0 0
253.976007302602 259.063422679901 258.809427420298 257.781147956848 257.818122704824 258.151014645894 252.671639124552 220.339556535085 169.122517108917 138.66647084554 139.35786485672 136.415541172028 116.648306449254 101.244280735652 97.3561803499858 100.21714369456 94.7163502375285 90.5924439430237 91.0269618034363 95.114678144455 89.5166595776876 89.754581451416 91.6458070278168 94.0601229667664 98.5714395840963 106.600274642309 118.804633617401 119.665970404943 130.258460839589 149.457136789958 159.869293371836 154.658446709315 147.17557032903 140.727072954178 132.709145545959 117.391755183538 121.665298938751 118.748207887014 98.3763337135315 65.4584964116414 66.7056789000829 73.4862337509791 35.6612950563431 14.4783531626066 3.22896521538496 0 0 0
248.526930809021 251.454512278239 249.034504095713 248.868346214294 249.24910068512 245.83093325297 242.436210314433 225.521385669708 179.894268512726 149.893939495087 140.888899564743 138.305634260178 131.946275631587 111.772755781809 102.498441934586 106.425533692042 99.589208761851 89.4876817862193 94.1709776719411 96.3710943857829 93.5033758481344 90.3940399487813 94.2573646704356 99.9382932980855 98.0014403661092 103.821744521459 110.449115435282 111.071358124415 119.690577189128 140.030721823374 150.666445493698 148.148586352666 149.496972560883 150.513062874476 131.281306346258 124.281823635101 129.148612419764 136.237919330597 131.445507208506 98.0156858762105 57.7637950579325 41.1047687133153 11.8757511178652 0 0 0 0 0
228.856205940247 230.729778607686 232.361276944478 229.977329572042 230.177044868469 228.938082853953 233.266731103261 227.529565493266 192.154248555501 157.00160463651 142.286350329717 133.231778939565 128.626416126887 109.492758909861 98.1449782848358 107.328057289124 109.587768713633 95.3790545463562 97.7051953474681 102.158347765605 101.008594036102 96.917728583018 97.1025427182515 100.907425085704 99.83296195666 100.183109442393 108.576228221258 115.575780471166 120.945652325948 134.526312351227 148.21594953537 151.754518349965 150.837103525798 154.35054898262 134.660909573237 135.262111822764 135.762751102448 144.320517778397 144.16840672493 105.960855881373 32.4208339055379 6.73016098638376 0 0 0 0 0 0
207.097431023916 214.869638284047 225.037654240926 222.727735837301 221.088429292043 226.89962387085 235.041956106822 236.615300178528 211.273948351542 171.804865201314 145.093699296316 124.899168809255 115.253309408824 104.694714148839 94.3134029706319 101.223349571228 114.244361718496 104.203552007675 100.007911523183 104.606866836548 104.796459277471 99.9022523562113 98.1610616048177 100.29927889506 102.876683076223 102.083116769791 106.958289941152 116.940786441167 120.936622222265 127.434492111206 140.654454628626 152.355213960012 153.484026590983 144.504805405935 130.015949408213 144.749065240224 150.148342053095 152.790675560633 151.187817255656 125.432034333547 26.4295811454455 0.392595344843964 0 0 0 0 0 0
170.093774795532 180.335541566213 189.562598864237 195.237894852956 202.685077985128 217.601378758748 230.294326941172 235.08491118749 225.933253765106 188.29619884491 157.097518444061 128.782461086909 113.572617371877 110.060801108678 100.20449757576 95.0068136056264 107.355217138926 108.200341463089 100.475867589315 100.01931587855 102.072477340698 98.5328157742818 96.1325665314992 97.4814891815186 100.944687922796 106.623768806458 106.338669856389 113.595535357793 119.081993897756 121.664583683014 131.420811017354 148.871133724848 151.053567727407 131.353994210561 134.692460298538 158.559530973434 162.057717641195 157.710095246633 155.441840489705 151.2085100015 93.8244660695394 9.47113148868084 0 0 0 0 0 0
132.698992888133 140.118062496185 138.879915078481 150.043408075968 166.014641523361 183.944662412008 198.698858420054 208.703021208445 205.518444379171 181.239902973175 147.444744904836 122.657229502996 109.784305095673 108.428339163462 103.862017393112 96.9663858413696 101.865996917089 103.599528471629 95.5067177613576 95.136821269989 99.9111831188202 102.798899014791 100.958089033763 97.5388089815776 96.4791774749756 101.836274067561 107.976903518041 111.443777879079 118.021696805954 117.601692676544 121.917366981506 136.798014243444 142.032543818156 134.628752867381 158.70730082194 170.445084571838 167.885820070902 160.335302352905 162.518362204234 176.169057687124 170.839826265971 104.461749394735 25.5619833866755 3.80528531968594 0 0 0 0
121.359487374624 123.289267222087 123.131215572357 125.200559695562 134.271174669266 140.09107152621 144.191841284434 149.05259013176 148.597101370494 130.498627821604 115.377267201742 110.484649737676 108.259479204814 105.409959952037 102.658679087957 101.840555667877 100.911855697632 101.766288280487 95.3996181488037 93.72744957606 99.6758739153544 105.317135651906 106.830795605977 102.254788080851 99.7546414534251 97.8360374768575 109.519352515539 113.188376029332 118.299861749013 118.709961573283 120.041012763977 128.599405288696 135.208338499069 145.387947559357 170.308311780294 170.049806435903 158.81609916687 147.621502478917 150.735169649124 166.736205418905 180.419584115346 175.374130407969 115.208695332209 37.7748856941859 4.23437667389711 0.0225234592411046 0 0
130.084037780762 127.880901098251 127.403289079666 126.548081636429 122.225324312846 120.566060145696 118.012140194575 119.410932064056 123.476654291153 115.004082520803 106.316467126211 107.044627269109 109.798848628998 110.27588446935 108.856459458669 105.711003144582 100.215454896291 107.710331678391 107.194950183233 100.938181082408 104.583332935969 105.479528506597 104.232122500738 106.18848601977 106.863935788472 103.016912937164 108.601848284403 113.013962904612 116.961816946665 120.096345742544 123.085935910543 128.162503242493 133.227189381917 152.742624282837 165.475447972616 157.201508680979 141.815314690272 130.463123321533 128.000736236572 140.651881694794 172.523379325867 179.887612660726 154.039651155472 86.1336688200633 21.2372789780299 1.96555536240339 0 0
