input/barkrak2/radiation/dir09524.grid
NCOLS 85 
NROWS 70 
XLLCORNER 665100 
YLLCORNER 4664600 
CELLSIZE 20 
NODATA_value -9999 
[rows 40 to 59 of 70, columns 0 to 45 of 85]
220.275362332662 222.733457883199 222.59779771169 224.489430586497 232.307553291321 238.383809725444 241.997758547465 245.856463909149 245.0084288915 228.196104367574 213.114639123281 209.774831930796 208.742717901866 205.933094024658 202.734430631002 203.091601530711 200.199087460836 201.238592465719 196.028510729472 191.842158635457 197.966853777568 203.338106473287 204.665839672089 201.578478018443 197.193662325541 194.836219151815 206.651628017426 209.677179654439 212.602297465007 214.115122954051 213.561574618022 218.06675195694 214.679718017578 220.007459322611 247.232099374135 248.126566410065 235.657294591268 227.611223856608 230.517685413361 237.419724464417 251.574794451396 270.972371101379 240.536451339722 159.319450457891 95.4683125019073 67.9133037726084
228.168865044912 226.263523101807 226.511120796204 224.453310171763 221.340596675873 219.851732254028 216.987510522207 218.214511871338 222.814599672953 213.389813899994 204.789161682129 206.451912720998 208.639363447825 209.062476952871 205.744842688243 203.786114851634 198.268393675486 207.123458385468 206.023216247559 198.944667975108 200.557827949524 203.482846419017 202.09922393163 203.71550321579 205.970346927643 200.111468633016 205.414573351542 211.076517899831 212.758739789327 213.970124721527 216.689944267273 218.059559663137 216.08301003774 230.462590853373 243.525604406993 234.262903531392 216.55531724294 208.628356456757 210.102677345276 221.92257642746 254.90274031957 269.090374310811 255.840023358663 206.38914903005 136.293858289719 90.1949206988017
232.780635356903 229.195396105448 231.729586919149 230.485757191976 223.285476366679 220.065633455912 217.226942380269 212.204734484355 212.324261665344 208.642065525055 206.877867380778 205.881496270498 208.640138308207 213.045378526052 211.17510398229 206.866602102915 204.308072725932 208.846608797709 210.026264190674 203.484336535136 200.153330961863 200.59605439504 196.666300296783 197.761138280233 203.852673371633 199.729323387146 196.054438749949 203.976353009542 208.726108074188 211.3396525383 212.06013361613 212.019801139832 217.12871392568 235.380788644155 241.134524345398 219.169914722443 201.952536900838 202.339589595795 209.542453289032 223.428805669149 234.477361043294 236.173987388611 222.73310025533 198.349058628082 145.363489786784 85.087925195694
217.727939287821 219.2089955012 227.440257867177 225.34183661143 226.950943470001 229.174872239431 227.968096733093 221.967538197835 211.586038271586 209.136644999186 212.448557217916 206.448872884115 207.087635993958 210.092743237813 211.481511592865 207.447012265523 209.116061528524 210.361401240031 209.966699282328 205.203632513682 198.842167854309 196.268379688263 194.991866747538 193.287670612335 195.758481820424 201.330403486888 195.457935333252 197.857201099396 204.748451709747 206.530968348185 204.75161075592 202.396869659424 211.845656236013 225.311319033305 225.179394086202 204.410592714945 198.406636714935 208.80784591039 219.381193319956 222.776293754578 220.217665036519 215.716441472371 207.779447237651 184.403936068217 142.876336971919 89.1877114772797
215.627213319143 219.62966521581 222.983002662659 224.409937858582 224.963625272115 227.575341860453 227.907518545787 223.191380500793 218.394001324972 212.173799673716 214.071671168009 209.651450316111 206.115444501241 203.877886136373 204.564849535624 203.409830729167 200.002670288086 206.273277600606 207.38955338796 205.673575401306 200.56426525116 198.484937349955 198.66406917572 197.968780994415 194.594740867615 205.425361792246 208.083271980286 204.896648724874 206.05742931366 204.309145609538 198.777794837952 196.339269479116 201.610108216604 203.987161318461 201.999485492706 194.068312644958 202.481110890706 216.939508914948 225.698292255402 218.017021814982 216.960767904917 208.495418230693 200.001815954844 182.13160832723 152.356863021851 110.707590977351
219.712316989899 224.43300485611 222.30205933253 224.858661492666 223.706165949504 223.848700523376 224.273721377055 222.99333413442 223.94980986913 217.72297223409 216.64164463679 214.15102481842 209.673821926117 204.078237215678 203.596472740173 206.188917160034 200.014313062032 202.184836069743 207.20907052358 206.702748934428 203.176001707713 204.035898049672 201.845864454905 201.844215393066 202.032784620921 201.24344031016 210.126757621765 208.213686943054 207.423945267995 205.526192982992 200.030783812205 196.790893872579 198.700090249379 194.11434729894 180.380364259084 179.888864358266 192.771732807159 210.658431053162 214.152812957764 200.766682624817 204.610049724579 196.543514728546 191.562215487162 190.426727135976 179.7736287117 142.867277065913
220.251500606537 221.041937669118 224.278251330058 226.810018221537 225.713988145192 225.364208221436 227.316558361053 227.923194567362 224.552631378174 222.784916559855 219.90575393041 219.162364800771 214.11923567454 209.663589795431 209.151148796082 211.690823237101 209.110081195831 201.934099197388 208.080391089121 208.317399024963 204.689462979635 204.857230186462 204.743405183156 200.153072675069 207.695166269938 201.060036818186 204.114437103271 206.065475940704 205.493211746216 206.061760584513 203.33731174469 200.525005658468 197.623511155446 193.900485833486 189.132730166117 184.491455554962 189.895490805308 200.971841812134 202.036519845327 199.850380420685 201.184689998627 192.416171232859 195.167422294617 204.527874787649 200.949231783549 169.338305791219
214.376926422119 215.592324733734 221.650898456573 224.16079044342 226.746638615926 227.952281634013 225.934425989787 225.018401940664 225.039601325989 225.057562192281 221.957246462504 217.073341210683 215.850710868835 215.944051742554 211.604158083598 209.696431954702 207.322716712952 199.657996495565 204.623838265737 206.092337767283 203.890184561412 203.537046909332 205.144842465719 198.516011238098 201.940993467967 201.777001221975 196.538885434469 202.213267485301 204.636851946513 203.322211901347 204.729815324148 203.0970454216 195.907255013784 197.982549667358 205.074548721313 202.463169892629 199.592471122742 197.629968325297 200.776855150859 211.572209993998 204.277376333872 194.709221522013 201.468507448832 206.024030844371 199.850181738536 182.487368583679
206.690669059753 208.651006221771 214.979688326518 219.357212384542 224.517941474915 228.374123573303 224.496444066366 222.667078177134 225.706020991007 226.021150747935 224.724074204763 219.185630480448 217.287103335063 216.498613357544 212.169528007507 208.089868227641 206.136465072632 199.962298075358 203.525324662526 207.811951637268 208.069205284119 206.44489924113 207.285722096761 202.05545425415 201.550920804342 205.21088441213 200.951298077901 206.026375293732 211.718757947286 214.417894681295 219.866494337718 219.006975491842 207.892119884491 210.796356201172 214.067737261454 213.675041993459 213.214834531148 207.675337791443 205.543319384257 210.940400759379 200.173079967499 192.724029223124 189.859509468079 182.632267475128 185.202201207479 183.788895606995
205.393453439077 201.507329940796 206.796864668528 215.665439764659 220.219631989797 224.299788475037 226.095656553904 228.1414270401 228.567202885946 223.845481872559 226.284960905711 224.594076474508 220.900575319926 216.850976149241 215.522766113281 210.186461607615 207.032839457194 203.263302644094 205.921510855357 211.158057053884 211.960911750793 212.625006834666 208.676775296529 207.979023456573 205.633878707886 209.652741750081 210.06449063619 211.97368701299 218.256652355194 227.316836516062 234.168430169423 234.369615713755 225.056846936544 221.045017242432 216.639558474223 217.159589131673 217.591643333435 217.198133468628 211.040576299032 198.701779047648 188.069442907969 189.919352531433 188.777267932892 182.349681854248 178.606688976288 179.203589757284
206.612149874369 208.862761656443 210.013667742411 217.375675837199 217.795809110006 219.291865825653 225.83923737208 230.576773484548 230.561256408691 228.251874446869 228.021462758382 226.734141508738 223.236401875814 217.495242754618 217.833419640859 219.801465670268 210.832258065542 208.501537640889 209.081292152405 215.274135271708 215.878009796143 214.923898379008 210.954626401265 209.296405315399 204.366107781728 210.679074128469 214.125732580821 217.137535413106 221.935451030731 229.74572579066 237.574219703674 240.709344546 233.5258324941 223.657647768656 210.751295089722 208.218952020009 213.884731133779 220.960259437561 211.779256661733 189.09760316213 182.736754417419 193.397422631582 193.974733352661 187.428057193756 183.822492758433 176.854193210602
204.882284005483 215.209205945333 216.054260730743 219.707945982615 218.084732691447 217.319289843241 224.381883939107 228.842397530874 227.215866247813 231.507996718089 228.357831637065 228.105266888936 224.225163459778 219.440897305806 216.168959935506 224.117000897725 216.579695542653 208.491683006287 207.858939965566 211.650808652242 212.379097938538 210.367441177368 210.220297177633 206.059277057648 203.306992848714 205.104013284047 209.704001744588 210.524280865987 212.750554084778 219.590326150258 227.039098739624 235.638896624247 228.034834067027 207.149227460225 169.25843556722 162.092983722687 185.221532980601 206.03350798289 213.630398114522 212.087412675222 209.706326325734 203.275461991628 181.190609931946 179.524739583333 185.887257258097 177.45977640152
206.22185866038 205.189367135366 204.299469788869 209.031860033671 215.505162874858 219.739496707916 218.269427617391 225.2583305041 225.200891494751 227.84427801768 229.163726170858 229.641238848368 229.699929555257 223.012963930766 219.361305236816 218.556344509125 219.222207864126 210.328698158264 204.621553421021 204.206029574076 203.703324000041 204.592645168304 206.902325153351 200.701018174489 201.616525650024 198.554297288259 200.042843818665 201.026876767476 200.951457023621 200.473527113597 206.697821617126 217.517495155334 202.947616577148 178.561588128408 144.470791021983 125.154455502828 136.458843946457 167.790114879608 200.600226720174 212.120016415914 213.661392529806 194.700976212819 175.255457560221 175.771415233612 180.748005708059 167.091727256775
211.728870868683 201.594750086466 198.670188585917 203.119476636251 215.544780095418 222.852865854899 222.033460934957 222.85799185435 225.412666797638 223.782062530518 227.064569791158 228.354394435883 230.887214342753 227.311770121257 221.512178579966 218.873818715413 222.039779027303 209.767897923787 206.738809744517 208.118339379629 207.23968744278 203.76992225647 203.990340232849 199.659486611684 198.747356732686 194.826861222585 196.568270524343 194.665054480235 193.263550599416 187.153180440267 182.139873504639 185.781439145406 178.23588848114 158.642639716466 143.168022235235 125.794380903244 106.878538926442 114.685277144114 138.523677984873 176.377654075623 193.257133165995 183.687289555868 174.209117889404 170.308351516724 162.818054358164 152.372757593791
214.531421661377 206.888635953267 202.500899632772 205.187161763509 215.766767660777 223.23618332545 226.693550745646 222.617824872335 226.932605107625 223.747412363688 227.665225664775 228.124658266703 228.743116060893 230.301300684611 224.182804425557 222.97058502833 222.699761390686 216.169834136963 208.42444896698 210.134526093801 210.272570451101 205.656886100769 202.646652857463 203.38237285614 196.961323420207 196.093181769053 193.948566913605 191.317121187846 187.466601530711 180.62690893809 172.918458779653 175.898512204488 170.551876227061 167.381584644318 167.24822918574 159.903983275096 134.661575158437 118.386288483938 108.39436451594 123.915513356527 158.355663220088 161.33846839269 150.64482887586 136.89923286438 134.07622774442 140.400429566701
218.131045500437 214.401702086131 207.82059431076 204.164564609528 209.734936555227 222.838441530863 225.042661031087 222.5355108579 223.882675170898 226.549188296 230.781078338623 232.430179913839 230.305095513662 229.447325070699 225.606083869934 223.79336754481 223.81051381429 220.050017038981 213.538547356923 211.141626040141 209.259629249573 207.104007403056 207.103391488393 207.960267861684 203.208208084106 200.799663861593 194.956958293915 186.850905418396 178.147971630096 175.279597441355 174.45166905721 180.204431215922 176.433463891347 184.120575586955 193.309585253398 196.497996648153 190.861165523529 174.318532148997 154.140422741572 119.251837333043 128.243505954742 146.044234434764 145.040174325307 133.996536334356 136.196911334991 153.286010026932
220.521171887716 218.05614233017 214.803099632263 206.253210703532 205.577810605367 216.724892457326 223.134020964305 222.537219524384 220.96582253774 226.005534331004 234.81277624766 234.510739644368 229.913989702861 232.108453909556 229.595343271891 222.827633221944 226.485053698222 221.050024032593 215.721964836121 214.001218477885 212.455332279205 211.100518703461 207.129975159963 205.415368080139 203.004399935404 198.833584785461 180.181245009104 158.27598174413 152.463386456172 158.242811759313 171.75551255544 175.587475299835 175.120830535889 179.87197637558 194.769322872162 208.99752775828 219.77162361145 218.04537375768 213.502983252207 162.434528271357 133.621980746587 149.930447340012 165.966163078944 171.722908814748 176.067650318146 189.321974913279
219.773630301158 216.981053352356 216.819961865743 214.797814687093 207.92289574941 213.8285835584 222.654461860657 224.77646668752 220.628400643667 223.064621289571 232.779999574025 233.723799387614 229.938387870789 230.086286862691 231.12028837204 223.348399003347 223.619043827057 220.121105511983 218.467354774475 218.979676564535 219.140907128652 218.128025531769 213.172594706217 206.608970959981 205.90341091156 205.65144220988 186.820983886719 163.080712159475 160.558382670085 168.065905570984 179.733514785767 181.239068508148 188.247481981913 197.123905022939 207.884112993876 216.725945472717 214.680949846903 181.6353003184 167.827367782593 162.722478310267 164.700170358022 177.019735177358 179.591476917267 164.647529522578 154.726326465607 167.970339457194
209.029634793599 215.213000774384 215.625902016958 214.809020360311 212.397734324137 209.078053633372 223.346749941508 227.446595827738 224.430700143178 223.425010840098 228.868126869202 233.64798227946 231.154362360636 227.809051672618 228.347877661387 225.702385107676 220.795452594757 221.451799074809 220.879415671031 224.226971467336 225.132286548615 221.138457457225 219.223360220591 212.835987408956 211.936990420024 213.018516699473 208.07150999705 199.567039807638 197.060664494832 198.230087757111 196.729143460592 190.449436505636 202.025314172109 208.034574985504 207.483311494191 188.56821457545 170.494894186656 122.755567232768 99.6356209119161 132.608453432719 170.975645383199 186.775743961334 179.353177547455 166.305124759674 161.542514959971 170.001884301504
197.708110014598 212.220966815948 213.157931963603 213.742434978485 214.038570721944 210.468431313833 218.23783715566 227.797508239746 233.95707209905 229.990541934967 231.597622235616 232.464691003164 232.78953631719 230.4394642512 229.199290275574 226.405481497447 222.086290518443 220.661620299021 217.865169048309 215.704182783763 217.589596907298 216.596782207489 215.625405311584 213.965574900309 215.175668398539 222.187022368113 230.8496038119 232.608735561371 214.84504143397 211.857159932454 205.414175987244 192.091604073842 197.854260603587 184.902310371399 155.652463436127 127.216309309006 106.835265954336 95.2917039394379 85.6174826622009 94.8312381903331 118.244876464208 153.17831436793 177.871982256571 199.37256971995 222.691873709361 221.493422985077
