input/barkrak2/radiation/dir05924.grid
NCOLS 85 
NROWS 70 
XLLCORNER 665100 
YLLCORNER 4664600 
CELLSIZE 20 
NODATA_value -9999 
[rows 0 to 20 of 70, columns 0 to 47 of 85]
160.253365834553989 176.509916782379 194.097379843394 215.725620587667 226.601243019104 226.866622765859 224.69969590505 220.106482505798 220.039228598277 223.624010880788 223.354558149974 221.429228782654 218.281229337056 220.643083254496 222.878098487854 211.190780003866 198.180814584096 186.215738455454 183.547953764598 173.589984575907 173.159023125966 190.49068291982 217.636386553446 225.173830986023 228.032946586609 240.191658337911 238.640387852987 223.63668680191 209.929804007212 209.119657675425 204.632143179576 226.88349088033 272.464752197266 270.986974239349 270.424485206604 255.769193172455 259.766081968943 273.48397175471 270.680109659831 270.941356817881 260.036547978719 264.552752176921 272.755662600199 268.874446551005 258.03816318512 260.944406191508 266.175448894501 238.07825644811
137.363413969676 155.521889527639 171.735306580861 191.000739733378 206.59339427948 214.049537976583 217.307527860006 221.34006023407 229.342341423035 229.478557904561 226.367215315501 223.427216211955 220.394988854726 221.070071061452 220.998565355937 208.932280540466 203.567842642466 193.967282772064 189.231038093567 180.033385753632 187.111675739288 211.484054724375 233.899176120758 236.45826180776 240.137219429016 246.612509091695 241.220057010651 227.845549583435 214.874645074209 211.145281791687 211.948812007904 241.450289885203 274.71786737442 271.896799405416 268.952171007792 258.191247781118 263.434926668803 274.053315321604 269.631286462148 270.454823970795 264.628609021505 264.168520768483 260.742525259654 254.206518332163 250.44850508372 259.127616882324 256.169994672139 221.631666024526
99.692036708196 110.997100671132 125.217696030935 137.886385122935 152.972877025604 165.92925786972 179.10635471344 198.485831419627 213.107248147329 215.786675612132 217.835426330566 222.296933333079 228.216052055359 231.289088726044 232.769131660461 234.991510709127 232.237299283346 221.225917339325 204.025626182556 195.944348971049 207.057197888692 223.890086015066 235.262433687846 238.348066806793 242.600798606873 242.420931657155 236.600478490194 227.538744608561 219.53554948171 220.066646734873 229.947805404663 257.713278134664 273.575782775879 271.08230193456 266.76603158315 263.747711976369 269.433597723643 274.20308192571 272.157927354177 267.917633056641 261.204918225606 250.829339027405 236.857195695241 232.87574450175 242.399255434672 255.665977795919 244.30509408315 211.399098237356
81.2879900137583 81.4003795385361 88.8185501098633 94.8743422826131 103.635797897975 111.875176429749 121.484657128652 139.780471722285 162.011196215947 181.166291236877 198.835690816243 217.296262582143 229.200979073842 233.499487241109 237.127204736074 243.778904279073 242.358108361562 230.864564577738 212.512671947479 204.824725786845 205.175817012787 205.58367172877 219.853381315867 229.184786478678 230.247537295024 231.806357701619 231.647312641144 228.913187980652 227.908353010813 231.688598791758 236.573080221812 261.860648790995 269.753615061442 269.437591234843 265.85058371226 266.889989376068 269.213736057281 269.860943158468 265.562077363332 254.843672116598 247.485240300496 234.381635983785 229.997118314107 243.853489557902 258.953213691711 253.041009108225 232.971549034119 207.397619883219
102.865984042486 86.4898065725962 73.9700297514598 63.4804119666417 65.0721838076909 82.4264983336131 107.907146215439 119.852662086487 130.333016316096 139.03021812439 164.120296637217 190.55567185084 206.826905409495 215.274473031362 222.596287727356 227.40093866984 224.038004875183 216.533621152242 210.05117893219 205.374042193095 201.200366020203 198.890626430511 210.054794947306 218.867381413778 224.397857983907 231.425801912944 232.035795847575 230.656047662099 229.873855908712 229.079286257426 236.617128054301 265.255014101664 265.45645793279 266.432841618856 263.904611269633 263.012071450551 262.200077374776 260.281006495158 250.580628712972 241.171896457672 239.770968755086 237.934947013855 243.784030278524 254.152715206146 256.118834018707 233.701209227244 205.24517695109 197.033445040385
148.941258589427 119.497199853261 91.1203026771545 67.2566344340642 58.7064524491628 68.4788078069687 93.6437348524729 116.031328837077 120.893667141596 119.721253712972 130.05793094635 145.453661680222 156.511048475901 163.970410823822 174.760282039642 184.291521708171 189.164181550344 196.79053624471 205.37809530894 210.807641347249 211.389422416687 212.640563646952 211.587011814117 213.743329048157 219.251771767934 226.325233777364 230.848471323649 233.257333437602 233.301858107249 234.355966250102 248.968104521434 265.195270379384 261.979063351949 261.688987414042 258.481442928314 256.792505582174 255.701979001363 251.479784647624 241.390844186147 241.73903465271 241.3037220637 238.944828510284 241.456906000773 245.061755180359 234.301884969076 203.927119572957 176.630099614461 185.603519280752
176.727553208669 149.093757073085 126.214494307836 102.677961190542 80.8755457401276 68.155695994695 73.8559464613597 104.340851306915 122.026701768239 130.612303813299 127.298414707184 122.305373350779 118.039439121882 113.378326098124 115.432441234589 131.823609272639 147.093246380488 170.675237973531 193.135142326355 207.404593626658 215.210139751434 220.224539438883 216.362833976746 212.680041790009 217.007259527842 219.332297643026 223.597188790639 227.7805407842 230.737427870433 238.741676012675 253.252387046814 261.165579160055 255.032936731974 248.821616172791 247.247517108917 245.07200717926 244.54927444458 239.475230375926 234.137773513794 229.373832543691 223.566333452861 222.377200921377 229.300657908122 236.86271905899 228.085478146871 217.374920845032 229.375561078389 239.824910958608
193.022131919861 179.24694220225 163.817425568899 144.117991129557 118.043214082718 85.7107539971669 65.0218427181244 61.7885986963908 95.0117309888204 127.139786879222 136.947492758433 132.850666840871 124.129503965378 112.910389900208 98.4340707461039 101.307948430379 115.303824345271 133.919576803843 160.679042339325 183.490753173828 199.264486630758 211.661477883657 218.3691461881 213.501691818237 212.946494420369 211.289783318837 212.788879871368 215.810974438985 219.422539075216 229.296922683716 241.088887055715 248.65335226059 241.071661313375 235.106984774272 229.453345139821 227.937738100688 233.099043369293 229.665199915568 222.978373368581 205.318252245585 203.349749247233 213.170806566874 230.531414349874 242.875417073568 241.634925206502 243.557314078013 251.933614412944 254.466533660889
150.406360626221 165.509909391403 164.168626070023 167.1501994133 150.864154100418 124.139159917831 90.9107724825541 61.7790768543879 73.7444659074147 95.6481496493022 120.960652828217 133.785585562388 137.274374564489 134.584108988444 119.366069634755 108.7739666303 106.08650247256 110.989272594452 125.919083754222 145.135035117467 163.301199674606 181.748906771342 195.713301499685 194.452246030172 196.244935194651 195.534785588582 195.911606152852 199.649492899577 203.040520350138 213.514943917592 219.697515169779 220.271627108256 216.714898745219 217.730899651845 218.634605407715 221.477031707764 222.279846668243 222.367703914642 217.662890752157 210.239748160044 221.340159575144 234.244227409363 243.931134541829 246.321380138397 239.734788735708 234.942158063253 237.994988759359 248.384197552999
104.248503843943 121.059695879618 134.014795223872 142.064779996872 143.370687961578 147.32946952184 134.069502353668 111.390719811122 78.4735381603241 68.6722447474798 81.8255047003428 111.084967851639 133.875876665115 148.442963759104 148.295144240061 137.816081444422 121.481190125148 115.179022153219 113.792479038239 117.316375176112 126.735508441925 137.499044338862 150.440822045008 160.976111888885 171.643694241842 173.927883307139 174.228628476461 176.448782285055 179.887692133586 187.906384468079 189.158320426941 190.30237197876 196.654121081034 200.779795646667 205.940167109172 210.547308127085 209.445714950562 216.111739476522 216.365993022919 224.200526873271 240.355491638184 248.253484567006 250.506659348806 247.756838798523 238.332867622375 235.11548837026 245.959560076396 254.105607668559
59.7321887811025 63.5376224915187 68.7169929345449 93.1456287701925 105.396608511607 115.667084852854 127.759555975596 125.394523143768 96.1810946464539 73.6965735753377 58.28857421875 60.7544481754303 79.273596405983 109.009772539139 133.177538712819 124.482681353887 118.647227684657 114.771336317062 107.56375392278 101.637542247772 102.718452612559 104.238539934158 110.902120669683 127.153942982356 144.218156735102 155.465583006541 155.913958946864 157.002796729406 164.014796415965 169.333120187124 173.668285210927 178.164501984914 187.817931175232 192.022045453389 193.242569764455 195.565223693848 201.25283797582 207.015872001648 216.585735479991 234.707355499268 246.392945448558 249.409596125285 247.070113817851 244.09552415212 240.732888380686 242.941200733185 250.936150550842 253.193100293477
32.8297639886538 30.0632069508235 32.9350456595421 34.1685662666957 45.3751931587855 62.0264907677968 79.7448654969533 87.451954682668 89.2218053340912 78.9044300715129 63.5730574528376 51.2901743253072 56.0220579306285 72.04603155454 94.5435961087545 100.815693537394 112.213750680288 110.391000906626 105.220725138982 95.416138569514 93.3880507946014 92.1897689501445 92.252920071284 103.24768225352 114.064584175746 122.617463270823 127.130925655365 134.291857481003 142.931828896205 148.46870303154 154.732724030813 159.366021553675 166.428407033285 170.347611109416 172.337532043457 175.920804341634 187.918106714884 200.115462144216 207.723319530487 224.88929828008 235.024352868398 237.26228872935 234.737316767375 230.35470644633 229.058742523193 228.526075681051 234.068751335144 242.065151532491
25.4730184872945 18.5998007655144 14.8830314477285 8.68568817774455 4.48208364347617 3.92492767423391 23.9234765370687 44.2774544159571 64.6659036477407 80.629974603653 78.9067447185516 65.252164999644 50.9314040342967 48.9341368277868 65.4716690381368 87.0222846666972 103.091816107432 108.539501825968 107.953459024429 103.532075881958 93.7585234642029 98.7140238285065 101.791679859161 103.731254736582 106.949110825857 108.876486619314 113.914261261622 123.866031567256 128.917674223582 131.13875190417 137.302905321121 143.128295739492 143.181025981903 145.199716091156 151.158362627029 157.489438851674 169.270674387614 183.806280295054 188.655138015747 200.277348359426 208.463291327159 210.192223389943 209.483047326406 213.222364584605 212.891598542531 214.816411336263 218.314051628113 224.287112553914
26.5461355447769 8.85263706247012 2.51516498004397 0.107314233900979 0 0 0.0868979841470718 16.9300995767117 38.382259507974 59.9435865879059 72.8373825550079 78.0701786279678 74.7524499893188 64.5264089107513 63.4828507900238 80.8033396800359 95.8417852719625 111.386885245641 120.708217223485 117.705722649892 110.441982746124 107.165962457657 106.916069984436 107.226103544235 113.020489613215 113.990445931753 118.381202220917 128.242433071136 130.952099959056 124.665637811025 130.275170008341 134.144564469655 136.197219292323 136.751075585683 141.773412624995 149.659891923269 155.0599137942 162.279903888702 167.918721834819 171.425978342692 179.299871126811 186.38410170873 192.917148272196 201.134403546651 199.078400929769 208.925982316335 211.22000614802 208.234111467997
35.3123620152473 13.3944973349571 0.828386827682455 0 0 0 0 4.13037029405435 17.544087022543 36.0047072172165 65.0987525780996 91.6052460670471 98.2180237770081 93.4583147366842 80.4596443970998 78.8809458414714 82.4740628401438 96.1741209030151 113.245765368144 124.360968669256 124.265094598134 121.505161126455 118.857165177663 116.550574700038 115.388373533885 117.276926835378 124.758273363113 128.379007180532 126.934349536896 123.263160387675 125.767886638641 130.72614868482 131.049831708272 130.540102720261 135.429362456004 138.672689596812 139.486610889435 139.021416505178 145.809193452199 147.306144237518 153.97447347641 163.63670428594 170.516610145569 177.351276079814 181.454420089722 187.650124231974 198.068817456563 207.14259147644
31.0084819793701 16.6186752418677 1.25123979523778 0 0 0 2.85973555097977 6.71633332967758 17.0985919733842 30.4930806159973 55.7164251804352 87.6167118549347 100.280026594798 110.36291718483 102.872788906097 82.0811490217845 75.0384082396825 79.1374544302623 95.7596103350321 117.800811926524 131.388813257217 126.327157020569 130.740543206533 122.126638889313 120.15555302302 119.962861140569 124.00076786677 123.131881157557 128.346929947535 133.089204629262 130.414058764776 130.56210676829 127.50913699468 125.810494025548 126.428147157033 125.771959622701 123.421271642049 119.320819775263 124.03600414594 125.920255978902 130.562563737233 137.886067231496 141.849835713704 145.527601242065 160.66770752271 167.583604653676 183.432499567668 195.139189561208
26.8191645542781 19.8934202392896 3.34807640562455 0 0 0.0289365343633108 4.20403915146987 11.4235108097394 21.1902037262917 27.4755408366521 41.6146467129389 69.3475951751073 91.8169915676117 106.00471496582 108.020623524984 106.015016635259 102.187057336171 93.0505792299906 86.8628621101379 94.9429273605347 117.890377839406 131.178577740987 136.014540990194 132.207145293554 127.615620692571 126.682817935944 128.792822360992 124.622682730357 132.241239150365 135.646482308706 140.947600205739 132.290343443553 126.569191614787 121.177534262339 116.383373737335 115.958273410797 111.216564973195 109.637528657913 110.712319612503 114.727636178335 116.685609022776 119.138091802597 122.800399859746 127.111574014028 147.099554538727 158.161024252574 167.891542116801 175.674319267273
22.7614616354307 22.3381568988164 11.9101715584596 0 0 2.73976226647695 8.09131811062495 19.3354847530524 28.3588916063309 33.3146005868912 39.5895838737488 54.7746270895004 76.5545666217804 91.9897357622782 109.059472878774 117.42173631986 120.884448289871 112.898061672846 98.3972350756327 89.3922646840413 98.7556874752045 122.137894233068 127.97803680102 134.285469849904 134.324292341868 136.63911819458 138.97834221522 135.092864433924 132.105787595113 133.510639270147 136.393676201502 123.035212357839 123.001327117284 121.599435806274 114.8442029953 112.49715089798 109.574049711227 108.10246070226 109.070628881454 111.522922913233 113.834242026011 114.618400732676 115.329484144847 118.498901526133 131.88045223554 147.678951422373 156.937390565872 158.916135629018
24.1600920756658 27.4878268440564 27.0043214162191 2.31508320818345 0.510660543416937 10.9296267231305 14.7949469586213 27.2043099006017 36.8469680349032 49.872562289238 56.5067181984584 58.7198436260223 69.6958998839061 77.6575257380803 97.550372282664 112.624992926915 117.897113164266 123.230357964834 119.356940189997 106.481283903122 90.1997685432434 102.807541688283 114.924281835556 125.620057185491 134.708484013875 140.514691670736 138.363520304362 143.132984638214 133.806864420573 132.731686035792 120.747635761897 117.193281650543 116.876860459646 101.80789232254 101.584374904633 114.735503991445 112.092514832815 108.336091041565 108.507017294566 111.853460470835 115.732908248901 116.948624451955 116.600602865219 116.8133020401 119.019627571106 134.392788012822 139.735778172811 141.785045464834
25.3131464123726 26.4145235220591 30.3563053409259 22.1522897481918 9.82623795668284 18.730399509271 17.4864393969377 19.8845006525517 36.3381952047348 49.8456557591756 57.9348901907603 55.3436974684397 57.9163879156113 64.0970965226491 81.1758438746134 96.2403515974681 106.741050879161 113.801827033361 120.140651861827 120.63604593277 114.301969607671 103.330592314402 104.943056901296 115.759601195653 124.063491821289 132.729907830556 135.828226804733 135.820945103963 135.49397389094 126.847326755524 113.268772761027 111.007114251455 94.8345760504405 85.5732162793477 94.5377349853516 86.4182611306508 92.4286743005117 85.0033462047577 89.3597006797791 108.102897802989 112.138688564301 113.447646299998 116.003066301346 115.923513968786 112.101137638092 124.914973974228 125.539501508077 127.764056126277
30.3859710693359 22.6139277219772 20.0051665306091 32.6240335901578 25.9511222441991 26.0612070560455 17.7095929781596 19.3044108649095 33.6945702632268 40.6015664339066 47.330508629481 49.5967119932175 48.7002084652583 52.0842323700587 62.2105896472931 76.9868145386378 89.8398856321971 96.7293580373128 108.531733353933 124.189515908559 130.914251009623 122.353851795197 120.156973600388 125.506202379862 129.02839978536 125.249207019806 124.948501586914 131.796737511953 124.723563591639 110.905309518178 110.128929217656 90.8440550168355 71.6681877772013 58.6882630983988 47.6152151823044 55.0784667332967 56.3078373670578 66.683625181516 72.0700323581696 80.6842495997747 83.81321032842 91.9841130574544 96.4487393697103 95.3751901785533 102.040628592173 107.236713171005 112.365464369456 116.975287596385
