input/barkrak2/radiation/dir03124.grid
NCOLS 85 
NROWS 70 
XLLCORNER 665100 
YLLCORNER 4664600 
CELLSIZE 20 
NODATA_value -9999 
[rows 46 to 68 of 70, columns 0 to 49 of 85]
75.6826897462209 77.4043550093969 80.2155584096909 82.2493731975555 82.1055322885513 81.684003273646 83.7766726811727 85.4965249697367 81.7229052384694 80.5007219314575 79.1947742303212 78.6986897389094 75.2927561601003 71.918065349261 72.2424288590749 75.7331152757009 73.5682100057602 67.9799566666285 73.126087586085 71.9554126262665 69.0107842286428 70.336992541949 69.1691736380259 66.8609688679377 73.4681437412898 67.158247033755 69.0455138683319 70.8171278238297 69.9287404616674 69.0160095691681 67.222128311793 65.0833149751027 64.0665491422017 64.049685994784 65.9046173095703 66.8339480956395 68.6446726322174 74.8184521993001 77.6227960983912 74.8928934335709 74.1891711950302 69.2067046960195 74.0687698125839 80.3416669368744 71.3870127995809 40.4792502522469 7.98763707280159 0 0 0
69.5295731226603 71.8048711617788 77.8451611598333 79.7260850667953 83.421915769577 84.8836700121562 82.5525025526683 82.4819952249527 82.3359191417694 84.612379471461 81.8274567524592 77.9172877470652 76.1399169762929 76.6270309686661 75.2626657485962 73.9133258660634 73.7682829300563 66.2443041801453 69.6003139019012 71.2709327538808 68.7420666217804 69.1764056682587 72.5567440191905 66.6290521621704 68.6585605144501 68.301518758138 63.5302762190501 67.9288705190023 69.9114402135213 68.7467753887177 69.3513701359431 67.9872582356135 63.8486842314402 66.603754957517 78.0748277902603 81.8610688050588 77.1365463733673 71.6752906640371 74.8534699281057 86.5163803100586 77.7804354826609 70.6546852986018 77.604666352272 83.286593357722 77.644482254982 57.3527316252391 25.1118615269661 0.783175618077318 0 0
62.3135715723038 65.4085576534271 71.0012118021647 74.9949067831039 81.5789004166921 85.4041675726573 82.057977716128 80.0017416477203 84.1444234053294 86.265504360199 84.0444266796112 79.7538459300995 78.6106288433075 79.2520344257355 76.4977236588796 71.782390276591 71.8126446008682 66.3306911786397 69.9231922626495 73.7811823685964 72.8799800078074 72.8890746831894 74.9527215957642 71.9644874334335 68.5984442631404 72.1195936203003 67.513053615888 71.8459983666738 77.6085605223974 80.0844331582387 83.0714603265126 82.4962953726451 75.1216560602188 75.526570280393 85.1385792096456 92.6689704259237 91.0721023877462 80.4031987984975 75.3375142812729 83.0541054407756 76.2812296549479 69.4387853145599 67.4438377221425 66.8818255265554 65.2225514252981 63.3895993232727 54.2366057634354 9.65845212340355 0 0
60.9808415174484 58.825338880221 63.2190654675166 71.6951588789622 77.6106764872869 81.024040778478 83.9998821417491 86.5340034166972 87.5127216180166 83.8383237520854 86.1595173676809 85.9374801317851 82.300807038943 79.4180482625961 78.0757566293081 72.8774865468343 71.9331602255503 70.0852622588475 73.2731918493907 77.7705659468969 80.2391072114309 79.4114420811335 76.6041974226634 78.0434310436249 73.3827749888102 76.6319334506989 77.7317434549332 80.3539752960205 86.7189466953278 94.4258868694305 100.144038597743 99.7383495171865 89.4328554471334 86.3691667715708 83.2010755936305 93.8142041365306 97.9069173336029 90.8380548159281 80.8400462071101 72.8743622700373 67.709152897199 69.2204783360163 66.8635269006093 62.7001027266184 59.025784333547 62.1938109397888 55.9614102045695 17.6764167845249 0.106188662660619 0
61.4712536334991 64.9927606185277 68.6403512954712 75.4474898179372 75.9287128845851 76.32048924764 84.5149358113607 89.9308621883392 89.6408557891846 89.0153249104818 88.5697603225708 88.6986056963603 84.7888688246409 80.279678106308 80.2132139603297 83.4988156954447 75.8961985508601 75.3076175848643 76.8230458100637 82.8045705954234 83.9122931162516 82.5973997513453 80.0758898258209 80.2861551443736 74.1688658793767 80.4455280303955 84.7776035467784 86.404820283254 92.7377740542094 98.6957649389903 104.544748862584 110.445439815521 100.61119000117 87.451954682668 79.1648377974828 72.4854717652003 89.3789132436116 94.767838716507 85.0287973880768 68.0696964263916 62.9367132981618 69.495290517807 72.948823372523 69.728563229243 64.2129729191462 61.555211742719 47.6203064123789 22.802139321963 0.791133769477407 0
62.2042318185171 73.6006647348404 75.9291499853134 77.5303542613983 75.6220420201619 74.9141077200572 82.9482624928157 88.6164406935374 88.3239209651947 93.3159788449605 90.7252828280131 89.7912283738454 87.1513585249583 82.2381178538005 82.4960966904958 88.0729854106903 81.2863806883494 78.2786458730698 76.1176645755768 78.3296674489975 78.8851728041967 78.6388019720713 79.258273045222 75.1950045426687 74.3715614080429 76.0282029708226 80.8922052383423 82.4067890644073 86.4340563615163 92.7308201789856 99.998265504837 107.426553964615 103.144546349843 81.242432196935 34.1534813245138 33.4899301330248 54.3006012837092 77.7817964553833 86.2510005633036 89.844008286794 85.1137141386668 77.6742150386174 65.1559382677078 63.4402384360631 70.2638079722722 64.249982436498 37.0639363924662 29.4251119097074 5.39559808870157 0
65.9468670686086 64.1074279944102 62.9984140396118 65.4839177926381 72.6701815923055 78.2375435034434 78.9660463730494 85.1767659187317 84.9660038948059 89.8082256317139 90.1382068792979 91.9199287891388 91.4642612139384 86.3708158334096 84.0919514497121 82.6976845661799 84.5921734968821 78.0306657155355 71.9113995631536 70.2084203561147 69.9614435434341 72.1470266580582 73.6593902111053 69.5015440384547 71.6943591833115 69.3409542242686 72.2323407729467 72.8129247824351 74.56374168396 78.4237931172053 80.5705686410268 90.6537969907125 89.0500247478485 65.5479033788045 28.769130508105 19.0964763363202 20.1844399174054 31.1703011393547 62.1204674243927 85.021177927653 92.2796924908956 80.5903921524684 62.2663597265879 54.0542900562286 57.5858652591705 53.2406717538834 36.2367952863375 50.3766437371572 32.3659504453341 6.56253099441528
68.608691294988 58.6557934681574 56.4167350530624 61.6455972194672 73.467493057251 82.3844919602076 81.8889935811361 83.0847918987274 85.9286487102509 86.2048268318176 88.5184307893117 91.236690680186 92.9077665011088 91.1773443222046 86.4210526148478 83.7876995404561 85.6616894404093 79.2808830738068 74.0392506122589 74.7869163751602 73.934406042099 71.8977997700373 70.5116093158722 67.4624741077423 66.7972813049952 66.7396634817123 67.9515451192856 68.8407967487971 69.0516531467438 66.5364811817805 57.7804793914159 61.7050031820933 64.4605656464895 37.8689517577489 30.7587012648582 20.2111365894477 9.52899952729543 7.54637084901333 17.9814572135607 49.336314201355 70.9980229536692 71.0635284582774 55.405780673027 48.7960229317347 45.040895541509 37.4820505579313 34.6839626630147 58.299923936526 67.6778157552083 46.2544659773509
68.9160178105036 63.3034259080887 61.0995590686798 66.3866698741913 75.8059918880463 83.9024583498637 87.0575904846191 83.0796410640081 87.9656275113424 86.2892071406047 89.9911125500997 91.8347239494324 93.2501355806987 94.7281817595164 89.4025365511576 89.0933771928151 89.3811782201131 83.1797023614248 78.4286012252172 79.7480891148249 79.8272987206777 75.0722636779149 73.0820347865423 72.4366754293442 69.7106917699178 69.3638026714325 67.9327398538589 66.6409134864807 64.4612510999044 59.3517025311788 49.6548513571421 51.8560707569122 58.4373970826467 60.2315068244934 58.3502749602 46.6839919487635 23.1407930453618 10.4119790097078 8.3026805271705 14.8331870635351 34.011979897817 39.2354006568591 34.2860023180644 26.8731862306595 26.506965359052 33.178153137366 45.3504671653112 50.7504045963287 63.1480167309443 68.5175160566966
72.2783654928207 70.8043326934179 67.0494387547175 65.5132035414378 71.6848522424698 82.9927374919256 85.0383142630259 83.0872853597005 84.9288702011108 90.453972419103 96.7299242814382 97.4074006080627 95.5022573471069 96.079409122467 93.4611360232035 92.3871298631032 93.3850804964701 89.9762113889058 85.2099557717641 81.3275674978892 78.4123738606771 77.5887717803319 78.4643242756526 79.7773053248723 75.8210966984431 73.9242732524872 67.1256283919017 58.3159426848094 53.0813187360764 52.7256528536479 52.4025708436966 57.1738729874293 63.2003545761108 75.3430674473445 79.6691824992498 78.0666768550873 66.2831167380015 45.5673436323802 34.8464573423068 14.1969844698906 20.9009796380997 33.2831268509229 41.8121367692947 31.1641444762548 31.011884411176 46.3263591130575 68.249449133873 62.3647222916285 57.1355074644089 63.9319618542989
74.9880075454712 74.3872076272964 73.1988896926244 69.4232682387034 70.529450972875 80.0463060537974 82.8956464926402 83.0436249574025 82.7134996652603 92.3056205113729 100.523432095846 99.596232175827 94.8776801427205 97.4207719167074 98.6478726069133 92.4334724744161 94.1526293754578 90.5477007230123 87.1910154819489 84.294448296229 83.3144982655843 83.5565229256948 79.4072647889455 78.1856626272202 74.9149471521378 69.5689618587494 52.0819326241811 32.2171226143837 27.885081867377 34.7538515925407 49.3927697340647 53.875207901001 61.2702419360479 69.1415866216024 79.7785272200902 91.6983087857564 95.6758757432302 76.6184031963348 74.9308417240779 45.2256004015605 23.0380023519198 39.6597931782405 57.7186991771062 57.9353421926498 57.3590646187464 71.8534886837006 99.4363725185394 87.0445171991984 63.8522853453954 49.8265475034714
73.7647364536921 71.8256533145905 75.6448010603587 76.6339202721914 73.9038685957591 76.6093333562215 82.8756392002106 83.6878716945648 83.9603543281555 91.888686021169 99.1765062014262 97.6482033729553 92.8722023963928 96.4586138725281 99.9478797117869 90.2183751265208 91.9521152973175 90.0306006272634 87.5965853532155 87.7950191497803 89.9396240711212 89.6369814872742 84.2380324999491 77.3492405811946 74.784109989802 72.8404223918915 54.7533333301544 34.9549452463786 34.0971151987712 43.772280216217 58.8729828596115 59.4821870326996 71.5325772762299 81.3465019067128 92.1732485294342 87.80304590861 81.8977057933807 39.1846646865209 39.5927702387174 40.2211422721545 47.7037926514943 59.2132012049357 67.8500880797704 38.2184237241745 31.2191521128019 36.5718205769857 76.9122342268626 71.7985481023788 57.9974253972371 47.9377210140228
62.0311498641968 69.895068804423 73.5640823841095 76.3984769582748 76.4170189698537 72.8865166505178 82.9379161198934 87.0616734027863 87.6518785953522 92.6359494527181 95.5320398012797 95.0186451276143 94.1587090492249 92.249592145284 93.7093993028005 90.1781817277272 86.6179962952932 90.0920430819194 92.1366314093272 93.4354066848755 94.5744812488556 90.1939074198405 88.6282722155253 81.0357332229614 80.420861641566 79.6904067198436 74.8909562826157 68.0627524852753 68.3015833298365 69.8042164246241 69.3768511215846 69.385622938474 84.9427382151286 93.544065952301 92.1162565549215 66.2848899761836 45.2942699193954 23.1613591313362 12.4312837918599 23.2259159286817 40.02296179533 63.2234315077464 72.0536857843399 58.2116444905599 45.3503280878067 47.4201291799545 62.6498907804489 67.2824879487356 64.6205246448517 57.5544734795888
51.9156406323115 67.1587387720744 71.5039273103078 74.4890471299489 77.509418129921 73.6101766427358 78.0387868483861 86.4147047201792 97.4995791912079 98.8240440686544 94.3515102068583 91.6064480940501 93.7861899534861 92.8795337677002 92.9766694704692 90.3727213541667 86.5716437498728 88.9763136704763 87.2601767381032 84.9827229976654 86.9591434796651 86.0379139582316 84.090789159139 81.7432701587677 83.6661656697591 87.2242748737335 98.3817478020986 97.5893835226695 82.2241057952245 84.1037333011627 71.1630682150523 67.352240284284 79.3342341979345 70.9497382243474 34.7080950935682 25.9504442413648 24.677999317646 17.149501790603 5.08845938990514 2.18831778814395 2.04767271255453 23.9553426702817 66.8926934401194 86.335559686025 94.3716963132222 87.262640396754 84.5574537913005 86.7534279823303 85.4875942071279 73.8209635019302
53.5408556461334 64.2136087020238 71.7988262573878 74.3763695160548 75.9507119655609 76.2659460306168 70.4306264718374 80.8893839518229 102.544754743576 101.6819079717 92.5870736440023 88.9676014582316 92.0117894808451 95.2914655208588 94.1167573134104 90.9191966056824 89.5321468512217 87.1397852897644 80.3633431593577 72.9478200276693 72.9398628075918 76.897531747818 77.5328477223714 80.1155964533488 81.6591729720434 87.0458583037059 106.231550375621 114.496479431788 93.9175089200338 81.0334136088689 65.4593010743459 55.8855384588242 60.3305399417877 56.9758663574855 32.3222602407138 20.5891095101833 21.8574727574984 29.7784358263016 21.4612707495689 8.31591462095579 1.55366615702709 9.33837704360485 35.1455211639404 68.6675806840261 72.9213158289592 81.3171863555908 77.1543035904566 80.0710519154866 75.447956720988 68.5681253671646
65.8072233200073 69.2213873068492 71.7010796070099 68.1091050306956 61.7077747980754 59.0949505567551 67.2730853160222 72.8779484828313 83.4772487481435 79.4899463653564 77.0846356948217 82.5268427530925 89.9111231168111 92.2153194745382 88.2574915885925 89.9041394392649 90.1213486989339 83.6222370465596 75.5925476551056 69.9136108160019 69.4863498210907 70.5504963795344 73.390007019043 77.7860631545385 77.8954327106476 81.6817035277684 94.8737959067027 103.251397609711 89.451918999354 78.411007920901 64.213419953982 51.3489345709483 46.8134929736455 60.6097976366679 55.9883167346319 30.9945344924927 31.1735818783442 65.9827142953873 70.3690449396769 46.1175541083018 19.8075734078884 11.7477638026079 23.1307769815127 32.4954241514206 30.9103180964788 35.9053959449132 45.4237113396327 49.1947333017985 55.2105456590652 60.7708245515823
78.0897637208303 74.6929744879405 70.7780371109645 63.283383846283 52.6845206816991 45.9553599357605 57.3076556126277 56.6496650377909 46.5305298566818 47.1030175685883 57.916114727656 70.625439286232 77.4055023988088 82.1656137704849 85.5117241541545 96.4903930823008 99.0571777025859 89.79265888532 80.7638019323349 76.5069474776586 73.6337105433146 73.0316489934921 76.1833041906357 73.9759902159373 73.0893909931183 77.6045819123586 83.6407442887624 90.4895663261414 82.3916693528493 60.7938220103582 63.7887169917425 58.352937301 52.432507276535 70.038119951884 76.0078926881154 63.2033050060272 53.2700022061666 46.165943145752 50.5660474300385 52.3114999135335 38.5729720195135 26.0898992419243 22.7220902840296 23.265041410923 16.2988789379597 17.1401798725128 27.6405165592829 30.3309212128321 40.6409054994583 61.9068344434102
81.2544922033946 74.2015441258748 69.0640211105347 64.9368266264598 57.3379397392273 50.7241835196813 46.1673488219579 41.2055452664693 23.001121977965 30.4959068695704 52.8666923443476 64.8675262928009 65.1831527551015 73.4129498402278 88.1396929423014 105.076869328817 110.858301321665 103.086541096369 93.960702419281 89.6283686161041 83.4809641043345 80.1602751016617 80.7709197203318 76.0378042856852 75.5489816268285 74.0359475215276 73.6805746952693 73.7483203411102 71.1860954761505 52.7681112289429 56.5429180860519 51.257183154424 47.0558901627859 73.2710510492325 93.4118330478668 96.7490573724111 70.2281544605891 28.5003284613291 24.1271903117498 31.200331946214 40.0546938180923 36.7048059900602 37.7911801139514 34.5207303762436 22.6053719719251 17.0425412555536 23.8269964853923 38.8316189249357 47.6052363713582 78.2736043135325
83.9925905068715 78.3231755097707 76.8720805644989 78.1262069940567 74.6120512485504 67.7469174067179 62.1812840302785 62.9507352908452 61.3597333431244 66.7429467042287 75.7416238387426 82.619642217954 83.1646770238876 77.4292151133219 88.4018739064534 105.803867181142 116.569300492605 116.718977689743 108.722617228826 98.2378522555033 91.6552146275838 86.4739219347636 84.2077136039734 82.1443150440852 78.8180828094482 67.5994257132212 64.4525984923045 65.3569400310516 63.8042489687602 60.2523535490036 40.8836205800374 40.861003100872 34.9606027205785 60.4970504840215 101.48698091507 111.171364784241 77.1675109863281 41.9388910134633 17.1308120091756 17.3070592184861 21.3477164506912 22.9144692420959 35.2152933677038 48.6778865257899 50.2985815207163 36.4578763643901 36.23233238856 54.2465994755427 84.2168529828389 133.657534917196
84.8877529303233 81.9489806890488 82.1363280216853 83.6198528607686 83.087349931399 79.0757238864899 78.4585475921631 87.1997872988383 104.8730413119 100.184798240662 91.0380979379018 92.962771654129 98.5866189002991 85.2925479412079 86.5258971850077 95.7555572191874 105.480412642161 112.574984629949 113.146980603536 105.924318234126 99.6504823366801 92.4042264620463 87.7284904321035 85.9852433204651 76.9305378198624 61.6566042105357 56.3969562451045 55.2250593900681 55.9247632821401 49.4130750497182 25.3109733263652 22.7911050120989 16.9048048555851 16.4045033355554 98.5504587491353 112.483570973078 92.0311013857524 80.0375789403915 45.7949340343475 11.7402424414953 4.21957112848759 0.964975450187922 19.9020206928253 53.8045217593511 61.670775214831 51.0797202587128 49.6791700522105 76.7614940802256 139.629890521367 186.571558316549
84.0541621049245 80.3220818440119 74.170708656311 68.9546366532644 69.2422886689504 71.7888375123342 71.4617570241292 84.6474766731262 96.0178176561991 91.0333891709646 80.6236416101456 80.7061990102132 92.8567747275035 87.4664187431335 83.3084334929784 83.8948289553324 83.7999780972799 90.3236269950867 101.518402496974 106.222838163376 101.757148901622 94.9794054031372 87.7137978871663 79.9197902282079 74.0229288736979 64.4759237766266 49.5844582716624 44.2831565936406 50.6556878487269 45.8014210065206 25.1613308986028 18.4408463537693 9.642343968153 1.80206308141351 40.9879485766093 102.461854616801 108.993808428446 121.467014153798 103.093852599462 49.0681479374568 10.5328187346458 1.50491576641798 10.413924853007 46.9614615043004 68.117489417394 90.4978414376577 114.0076816082 168.559153874715 210.944434007009 220.746914545695
86.4470998446147 84.1928621133168 77.7847071488698 70.3768084446589 68.6938067277272 71.6275374094645 62.8115783135096 60.8075807491938 62.6097768545151 59.5409025748571 51.7920851707458 49.2321650187174 55.9954444567362 72.9020833969116 80.0331731637319 75.0588029623032 64.475953578949 58.8346421718597 70.5140729745229 94.0373837947845 95.3254600365957 89.1451438268026 82.1767101685206 77.1509955326716 70.7646459341049 64.4528865814209 52.6234805583954 35.9183078010877 42.2305514415105 55.7873398065567 42.6244835058848 23.9539742469788 15.8787332475185 0.599405340229472 0 82.1375151475271 122.860680023829 137.747416893641 124.513586362203 94.1993991533915 58.6317479610443 23.4626581271489 20.4584399859111 42.6359971364339 80.046534538269 148.63050977389 191.553870836894 223.381837209066 231.818000475566 231.118460496267
88.2758498191833 88.1358484427134 85.3493809700012 81.5351903438568 79.4620017210643 78.5329441229502 61.5010559558868 45.3533182541529 45.9779997666677 48.5873023668925 45.596847931544 42.5661702950796 44.0997133652369 68.3847963809967 83.2724322875341 73.3599563439687 51.9506484270096 38.089394569397 42.2116269667943 61.9685351848602 71.8713502089183 75.2637535333633 76.1360228061676 70.5759028593699 59.4193240006765 55.6695908308029 44.2715038855871 17.1005800366402 33.4907025098801 59.4869007666906 69.0257052580516 61.9893868764242 40.4080102841059 4.91592629502217 0.131159138012057 58.6375991503398 117.378304402033 124.971111615499 104.509780804316 101.588805516561 108.712573846181 94.3015913168589 70.3799873590469 87.3019695281982 144.504437843959 191.59875313441 215.140382448832 226.047019163767 227.617065111796 225.490053494771
