input/barkrak2/radiation/dir02824.grid
NCOLS 85 
NROWS 70 
XLLCORNER 665100 
YLLCORNER 4664600 
CELLSIZE 20 
NODATA_value -9999 
[rows 44 to 65 of 70, columns 0 to 50 of 85]
65.0473733743032 71.0434367259343 74.0397771199544 74.7563938299815 76.6926209131877 79.1084915399551 79.2378336191177 75.5341947078705 70.7114388545354 66.7808552583059 68.7839289506276 66.3418571154277 63.7732793887456 62.106321255366 61.3504449526469 61.5563790003459 59.1950317223867 65.6699637571971 67.4195835987727 65.9633576869965 60.8654419581095 58.74302983284 58.1994950771332 59.2223753531774 56.7113806804021 65.0538901487986 68.0142790079117 65.4024581114451 64.2689615488052 62.5568181276321 59.6450666586558 57.1279376745224 63.3872896432877 67.1149740616481 73.9907970031102 77.1178106466929 81.4881324768066 88.3703132470449 93.2457149028778 84.1711262861888 81.4192195733388 76.6510864098867 73.1245428323746 54.5078217983246 23.1455167134603 0 0 0 0 0 0
71.5108066797256 76.176459590594 73.4080970287323 76.8267611662547 75.2357542514801 75.4322359959285 76.9517521063487 75.3888835509618 76.8393377463023 72.0853408177694 71.4351882537206 71.1714675029119 66.5228366851807 62.2003724177678 61.2249076366425 64.9482508500417 59.9001546700796 63.2603267828623 67.3707822958628 66.7066027720769 62.9820078611374 62.9696398973465 62.334269285202 62.8059506416321 64.2069429159164 64.1118983427684 70.991779367129 68.2243754466375 65.4839674631755 64.6415948867798 60.3589862585068 58.0780208110809 60.8195513486862 59.6981197595596 60.2073421080907 63.380961616834 70.6062863270442 80.8963626623154 81.8590571482976 70.9318965673447 72.8398263454437 68.3025121688843 67.4082140127818 64.5199616750081 46.2846656640371 14.9485605458419 0 0 0 0 0
71.3273286819458 72.9124695062637 75.6547152996063 77.8610060612361 77.5392552216848 77.161098519961 79.2309691508611 80.9642771879832 77.2749731938044 75.6598860025406 74.8567879199982 73.8381544748942 70.4958538214366 67.7497237920761 67.4752245346705 71.5332726637522 69.4949875275294 64.1129265228907 69.1634813944499 67.9208934307098 65.0660693645477 65.610075990359 65.2757386366526 63.0817761023839 70.7234293222427 63.4277512629827 65.2311493953069 66.9450511535009 66.1027530829112 65.2299225330353 63.4941309690475 61.3759855429331 60.4176719983419 59.905081987381 62.2941156228383 63.2732113202413 65.0354226430257 71.1003839969635 73.1790562470754 71.5937465429306 70.9640979766846 64.7404491901398 70.3201194604238 76.5009472767512 67.6333755254745 37.334938844045 6.55056908726692 0 0 0 0
65.0680015484492 67.4455165863037 73.2755959033966 75.0487099091212 78.8026501735051 80.2989900112152 78.0300547679265 77.6919672886531 77.8357833623886 80.1632901032766 76.939528187116 73.0929772059123 71.8733767668406 71.7839300632477 70.4240103562673 69.0812170505524 68.9735809961955 61.5645547707876 66.4440890153249 67.968875169754 64.0796422958374 64.4648174444834 68.5951709747314 61.9119703769684 64.8355484008789 64.4870450099309 59.7742696603139 64.0531033277512 66.0409033298492 64.9185876051585 65.5527313550313 63.4942054748535 60.1990421613057 62.9683236281077 74.2876281340917 78.0942440032959 73.4118074178696 67.9991543292999 69.5896148681641 80.0699939330419 73.9850699901581 66.477691133817 73.7921545902888 79.4091075658798 73.7997392813365 53.9408624172211 22.4621643622716 0.151997490320355 0 0 0
57.8636725743612 61.0074102878571 66.667581597964 70.4518556594849 76.9857168197632 80.7623614867528 77.4888843297958 75.4910161097844 79.2832126220067 81.7669232686361 79.5942147572835 75.4016538461049 73.7569183111191 74.9734789133072 72.3101546367009 67.0148779948552 67.0787592728933 61.6547167301178 65.2881364027659 69.6693162123362 68.8238640626272 68.8818544149399 70.9571838378906 67.1176910400391 65.7478819290797 67.3392911752065 63.6942684650421 67.9381589094798 73.6097196737925 76.0799745718638 79.1065146525701 78.5836676756541 69.660410284996 72.7094958225886 79.1619618733724 88.7756148974101 87.1919890244802 74.8163362344106 71.657786766688 77.2143055995305 72.5181400775909 65.3308182954788 62.6673797766368 62.8918757041295 61.1639469861984 59.8972737789154 50.8079826831818 8.14142947395643 0 0 0
56.6825519005458 54.5110056797663 58.7381720542908 67.174881696701 73.2645044724147 76.5554656585058 79.3758531411489 81.9215774536133 83.2809110482534 79.3635944525401 81.2349816163381 81.477165222168 77.945868174235 75.1339842875798 73.2231289148331 68.7773625055949 67.1591907739639 64.5214567581813 68.5372203588486 72.8482156991959 75.2823849519094 75.331504146258 72.6068566242854 74.0989545981089 69.502721230189 71.7193981011709 72.7916856606801 76.3785988092422 82.6507955789566 87.8901680310567 95.9823230902354 96.9895422458649 85.4769845803579 82.4520985285441 79.3943256139755 89.8910562197367 90.2732809384664 85.7146183649699 77.0870198806127 66.7382727066676 63.5696897904078 64.7822519143422 63.2599045832952 59.1638336579005 55.2745014429092 58.6811204751333 51.7483800649643 15.8513337373734 6.9899054248405e-05 0 0
57.0824344952901 60.5610956748327 64.2127841711044 70.9070861339569 71.4268783728282 71.8644162019094 80.0632735093435 85.2566262086232 85.0312312444051 84.786057472229 84.4569007555644 83.7178230285645 79.8472315073013 75.9353935718536 75.9112040201823 79.1962643464406 71.037362019221 71.2932745615641 72.809100151062 76.8532107273738 78.8599501053492 77.5661716858546 75.0754525264104 75.2469797929128 70.2572762966156 76.4473577340444 79.629788796107 82.3945055405299 88.6101524035136 94.5758124192556 100.40956735611 106.213847796122 97.9292591412862 83.5737188657125 75.3813733657201 69.0290778875351 85.5818291505178 90.903381506602 81.2660306692123 63.8488034407298 58.9483877023061 65.8461451530457 69.2568371693293 66.0995195309321 60.2929294109344 58.0348074436188 42.7697400252024 20.7959512869517 0.303462399945905 0 0
57.7441056569417 68.9307302236557 71.388175090154 72.9446808497111 70.9463904301326 70.4164803028107 78.3075342575709 83.9824875195821 83.6827953656514 88.6893471082052 86.1524144808451 85.6150885423024 82.6642413934072 77.8717746337255 77.5303294261297 84.3933125336965 77.0531197388967 74.2528289556503 72.12961713473 73.3350217342377 73.9189932743708 72.8068500757217 73.320339123408 71.2465196847916 69.4862604141235 72.1511592467626 76.9305725892385 78.458825747172 82.4119498332341 89.9925132592519 95.9077080090841 103.251814842224 99.0152955055237 76.458548506101 31.8030267953873 31.1502565940221 51.2649565935135 69.8417574167252 82.5762351353963 84.8032335440318 79.2069584131241 73.9056020975113 61.5797390540441 59.9112610022227 66.6197836399078 55.7336509227753 34.6152459581693 27.2023802002271 4.11736437429984 0 0
61.4208579063416 59.6035867929459 58.8342001040777 60.9500308831533 68.0414984623591 73.7091451883316 74.4008322556814 80.3272227446238 80.3758849700292 85.1622819900513 85.5088233947754 87.3305201530457 87.2501035531362 81.9086531798045 79.7580480575562 78.3474693695704 80.2539040644964 73.9415884017944 68.026473124822 66.2088791529338 65.212552746137 68.1758175293605 68.7849670648575 63.8400167226791 66.8893406788508 65.5325700839361 66.4188017447789 68.9799388249715 70.6915458043416 74.4877755641937 77.8460105260213 86.6112112998962 85.0548942883809 61.7681592702866 26.5808328986168 17.2343924641609 18.2890159388383 28.9122511943181 58.9215060075124 81.3575287659963 84.2586557070414 75.2090215682983 58.6030383904775 49.4439403216044 54.4060319662094 48.6309081315994 33.8231200973193 47.155573964119 29.4680347045263 4.91216437270244 0
64.1762713591258 54.3723454078039 52.1411448717117 57.4052433172862 68.9147462447484 77.6945501565933 77.2666831811269 78.4484396378199 81.2662442525228 81.581840912501 83.8762919108073 86.6003632545471 88.267187277476 86.6078734397888 82.0062458515167 79.3991486231486 81.9809834162394 74.3330816427867 69.1695213317871 70.6898768742879 69.9351777633031 67.9713735977809 65.7265235980352 62.75574862957 62.1115018924077 62.0258549849192 62.252402305603 65.0595327218374 65.243994196256 62.7307246128718 54.0997882684072 57.9848686854045 60.8074565728505 35.3994816541672 28.5106152296066 18.309040615956 8.01244998971621 6.15895849963029 16.6689679026604 46.4049428701401 66.2479897340139 65.3756608565648 50.8454690376917 45.8731353282928 41.002427538236 35.024272898833 32.3134710391363 54.7723819812139 63.7678951025009 42.7247335513433 12.8395942350229
64.3492043018341 58.8350842396418 56.7425638437271 61.9672983884811 71.2353537480036 79.3582846721013 82.1668704350789 78.5061667362849 83.0746193726857 81.566979487737 85.3045582771301 87.0726505915324 88.5202288627625 90.1391704877218 84.9021871884664 84.5783154169718 84.9181612332662 78.929195801417 75.1551389694214 75.6486008564631 74.855496486028 71.8996028105418 68.2413180669149 68.5997953017553 64.8961613575618 64.5572344462077 62.0715916156769 60.9353482723236 58.9921822150548 55.5628836154938 45.9421277046204 48.2446203629176 54.9592524766922 56.8542579809825 54.8446824153264 43.5006618499756 20.6638040641944 8.35448627670606 6.83756545186043 13.0209599932035 31.7155991991361 36.7183287938436 31.9186821579933 24.738222360611 24.3850275874138 30.8585564295451 42.3213442166646 47.2978055477142 59.3252728382746 64.515213171641 45.6656118233999
67.731370528539 66.2212669849396 62.5890692075094 61.282346645991 67.1917845805486 78.0844440062841 80.4376502831777 78.256497780482 80.2470992008845 85.4092041651408 92.070996761322 92.6388502120972 90.8706287542979 91.3732449213664 88.8298551241557 88.4330073992411 88.2749458154043 85.5990250905355 80.9459586938222 77.1309236685435 75.0269740819931 73.5323429107666 74.4784126679103 76.9886722167333 70.8350092172623 70.1202551523844 63.4530931711197 53.8867910703023 48.888032635053 47.6410090923309 48.6395607391993 53.3977647622426 59.5803161462148 71.6617405414581 76.0276019573212 74.4092216094335 62.7139459053675 42.5800035397212 32.082920273145 12.5059025983016 18.9681015908718 30.9519842267036 38.9211773872375 28.5678009192149 28.3757001161575 43.2543059190114 64.5914574464162 58.554286758105 53.3499320348104 59.9817335605621 51.1904060840607
70.3387359778086 69.748451312383 68.6116218566895 64.9500042200089 66.0883088906606 75.4069487253825 78.3375004927317 78.1365136305491 78.2315333684285 87.4956647555033 95.7219998041789 94.4859087467194 90.1032388210297 92.6674902439117 93.9655701319377 87.8480970859528 90.1072820027669 86.8293046951294 82.1202447017034 79.9985428651174 79.0450970331828 79.4174025456111 76.4680802822113 74.2483784755071 71.0589488347371 65.8126771450043 47.3107447226842 28.9805407325427 24.3978252013524 31.0734162727992 45.788178841273 50.1779168844223 57.6736927032471 65.3644154469172 76.1156380176544 87.871640920639 91.7119483153025 73.0965435504913 71.4481274286906 41.6742563247681 21.0312927762667 31.1833123366038 54.3754746516546 54.5076827208201 53.8375973701477 68.0581331253052 94.4576362768809 82.850048939387 59.9813063939412 46.2970783313115 36.8437816699346
69.1328595081965 67.2536045312881 71.0111608107885 71.9777444998423 69.4003353516261 72.0198154449463 78.2521863778432 78.9882590373357 79.2771329482396 87.1902704238892 94.3613648414612 92.8038458029429 88.1179670492808 91.388593117396 95.0947006543477 85.5990846951803 86.9053900241852 86.0560139020284 83.8769376277924 84.1949184735616 84.7993989785512 85.3665669759115 80.118586619695 73.3555803696315 71.8962748845418 68.8843627770742 50.7225642601649 31.5892522533735 30.558114250501 38.5742833216985 51.8650511900584 55.6361575921377 67.7005449930827 77.5688638289769 88.2878402868907 84.1293533643087 78.3148457606633 36.6783539454142 37.0598038037618 37.6762747764587 44.1245386997859 55.938591559728 64.2906874418259 35.72150071462 28.9374962449074 34.1227104266485 73.0076730251312 67.972923318545 54.3815443913142 44.5331037044525 38.0866179863612
57.6680600643158 65.3392374515533 68.9036746819814 71.8718518813451 71.7738966147105 68.471685051918 78.195517261823 82.2421163320541 82.9172283411026 87.9378815491994 90.738703807195 90.1498099168142 89.5117322603862 87.4162117640177 88.9982879161835 85.3033165136973 82.4092328548431 85.5629245440165 87.686022122701 89.6604657173157 90.969701608022 85.9076877435048 83.4668477376302 77.9162098964055 75.4074255625407 75.5999584992727 71.3890145222346 62.0646476745605 63.5207494099935 64.9193475643794 62.742680311203 65.3421034415563 80.7721118132273 89.5892282327016 88.2016519705455 63.0139509836833 42.6034182310104 21.1637367804845 10.8027532696724 21.2128857771556 26.4850233991941 59.9438051382701 68.5076812903086 54.8627823591232 42.1493301788966 44.0529137849808 58.944304784139 63.5405331850052 60.8672151962916 53.8960148890813 47.1973270177841
47.646035750707 62.6654724280039 66.7922993501027 69.8786576588949 72.9051431020101 68.9507325490316 73.4057128429413 81.6058615843455 92.6196972529093 94.1223700841268 89.4664625326792 87.0673656463623 88.9270702997843 88.1087283293406 88.0990525086721 85.6740276018779 81.9885581731796 84.457407395045 83.4204852581024 80.5911074082057 81.9242795308431 81.6925267378489 80.615113178889 78.6046038071315 78.5727004210154 83.0444594224294 94.0522650877635 94.9030915896098 78.5942872365316 72.3302115996679 66.3898587226868 59.8789503177007 75.1987000306447 67.2008693218231 32.3292215665182 23.8664199908574 22.6575583219528 15.3767839074135 3.9314062645038 1.62234747161468 0.750714835400383 22.6170048117638 63.0902647972107 82.5724502404531 88.1862839063009 83.3542744318644 80.6703468163808 81.7169199387233 81.358606616656 69.8526551326116 58.5839649041494
49.4614193836848 59.7969939311345 67.2398308912913 69.8665380477905 71.4206000169118 71.6036806503932 65.9377972284953 76.0700007279714 97.6728598276774 96.5593854586283 87.7151290575663 84.1163297494252 87.0852669080098 90.647687514623 89.5119905471802 86.170236269633 84.5605631669362 82.2266439596812 75.518066684405 68.6276058355967 69.1277831792831 72.133739789327 73.3064909776052 76.8223057190577 78.6320865154266 82.9509745041529 101.881643136342 108.581433693568 90.0308092435201 77.3307333389918 61.9716097911199 52.4923652410507 56.5006236235301 53.6425809065501 30.0434504946073 18.7069810926914 19.9346505105495 27.3082380493482 19.1487744450569 6.65737812717756 0.746686942875385 7.80502272148927 32.7417254447937 65.2928153673808 69.4616536299388 65.7507081826528 73.3752399682999 75.6452480951945 71.5285142262777 64.7666603326797 66.285232702891
61.4709009726842 64.7581964731216 67.2544737656911 63.7307415405909 57.5663298368454 54.7257165114085 62.7996822198232 68.4681038061778 78.6597331364949 74.8831431070964 71.9292461872101 78.1890551249186 85.0373307863871 87.4771376450856 83.1909477710724 85.2911770343781 85.4117472966512 79.344908396403 70.8696742852529 65.2846693992615 64.4101997216543 66.3062185049057 69.2900568246841 72.0939139525096 73.8442589839299 77.6271422704061 90.6879305839539 100.510627031326 85.6080651283264 74.6191640694936 60.7124616702398 48.0204919974009 43.534442782402 57.2244822978973 52.8470973173777 28.7678589423498 28.9146552483241 62.4244958162308 66.7315026124318 43.107012907664 15.4214153687159 10.1432284961144 21.116241812706 30.1727602879206 28.6377916733424 30.8262407779694 42.5661305586497 46.2539742390315 51.7503668864568 57.0998092492421 81.686074535052
73.5392024119695 70.125291744868 66.1826878786087 58.9728007713954 48.41348528862 41.9600307941437 52.7592202027639 52.394911646843 42.3602014780045 42.6643093427022 52.973339955012 65.9606059392293 72.9317118724187 77.3783028125763 80.7168732086817 91.59850080808 94.3832596143087 85.062434275945 76.1628448963165 72.0807065566381 68.9004908005397 68.7952985366185 70.7650035619736 69.8944230874379 70.0152218341827 73.6426015694936 79.6299080053965 86.3312681516012 78.4862587849299 57.3046505451202 60.2882951498032 50.8342534303665 48.9182372887929 66.4397825797399 72.5452999273936 59.9009295304616 49.9551594257355 43.3004647493362 47.6008057594299 49.2331981658936 35.7537517944972 23.5561380783717 20.7213101287683 21.243155002594 14.5138564209143 15.7949303587278 25.4700183868408 28.0724416176478 30.3497264782588 58.0534189939499 109.485566616058
76.5144129594167 69.5668856302897 64.485490322113 60.5463882287343 53.0896633863449 46.6117958227793 42.0134216547012 37.5052938858668 19.6507635215918 27.3580253124237 47.7270384629567 60.5689982573191 60.696542263031 68.8073734442393 83.2617382208506 99.922647078832 105.81119855245 98.1316268444061 89.1698201497396 84.9559605121613 79.3958902359009 76.4994521935781 75.8572419484456 71.9314912954966 70.658748348554 71.0550546646118 69.7695811589559 69.7516202926636 67.2840376694997 49.3934353192647 53.1270901362101 48.2146243254344 44.100229938825 69.5282866557439 89.7153119246165 93.0230021476746 66.620796918869 26.310458779335 22.0821599165599 28.9233326911926 37.3288268844287 28.0032629768054 35.0248217582703 31.0208971301715 20.2451211710771 13.9473800857862 21.7820877830187 35.8297079801559 44.1860407590866 73.8257418076197 142.635772625605
79.2838583389918 73.6555159091949 72.258194287618 73.4381924072901 69.98410820961 63.2432798544566 57.7863107124964 58.4958493709564 56.9593757390976 62.4115566412608 71.2423026561737 77.9069016377131 78.400065501531 72.8870630264282 83.6006204287211 100.603322188059 111.450105905533 111.506720383962 103.741625944773 93.6056971549988 87.0254635810852 81.9851557413737 79.8879365126292 78.0551532904307 72.8966693083445 63.8288160165151 60.6292585531871 61.4432742198308 59.8370432853699 56.7123393217723 38.1569713354111 38.1305739283562 31.4246664444606 56.8684289852778 97.5888868172963 107.414344946543 73.6471911271413 38.9971385399501 15.3238698840141 15.4970238606135 19.3995671967665 17.3569892843564 29.8323531945546 45.4714596271515 46.8944857517878 33.3934500813484 33.2437455654144 50.6735543409983 79.806645711263 128.371804952621 161.187360684077
80.1608711481094 77.272891998291 77.4434705575307 78.9178361495336 78.3949047327042 74.3996401627858 73.9296128352483 82.1554114421209 99.8642643292745 95.3368147214254 85.9447121620178 87.9758596420288 93.5809711615245 80.4643332958221 81.9001992543538 91.0243590672811 100.838949282964 107.733825842539 108.085254828135 100.980917612712 94.8544939359029 87.8067215283712 82.0187826951345 82.389975587527 72.9051530361176 58.059682448705 52.6479184627533 51.4257550239563 52.0961532990138 45.956497391065 23.2373798886935 20.8012859026591 15.1248027880987 15.2610292037328 94.4450894991557 108.761052290599 88.4762704372406 76.3530333836873 42.5611088673274 10.1238191127777 3.0944546063741 0.181460791888336 17.7578094104926 50.4104644060135 57.9784015814463 47.5737154483795 46.1901475985845 72.4947204192479 134.40203666687 180.991947650909 172.26372162501
