input/barkrak2/radiation/dir03824.grid
NCOLS 85 
NROWS 70 
XLLCORNER 665100 
YLLCORNER 4664600 
CELLSIZE 20 
NODATA_value -9999 
[rows 22 to 43 of 70, columns 0 to 49 of 85]
62.9614541927973 56.3516120115916 33.5314224163691 26.9079903761546 22.7896124124527 10.0684861342112 17.5569181640943 10.8575721581777 9.63301832477252 8.53939168155193 20.0271631280581 21.0841546456019 23.832822839419 24.7164244453112 25.2445687850316 31.1551491419474 41.3225342830022 51.7914742231369 58.3406984806061 62.9588117202123 66.3575480381648 81.747109691302 93.3841566244761 98.8015532493591 100.164930025736 92.9654637972514 85.4628185431163 80.3134938081106 73.8188723723094 57.7415972948074 30.8300803105036 16.5282388528188 1.57165713608265 0.0227177976436603 0 0 0 0 0 0 0 0 0 5.34375136097272 14.0909428397814 24.3614067633947 28.1100024779638 32.754177848498 34.7196608781815 37.374106546243
97.3958571751912 86.3004426161448 51.202580332756 32.8534096479416 27.0367513100306 28.878815472126 27.3584773143133 13.4193524718285 9.69075846175353 9.30937441686789 22.8246798117956 23.4930614630381 27.6977221171061 34.3999514977137 31.6667954126994 31.8680355946223 39.5948638518651 50.6706138451894 55.7152976592382 49.410750468572 48.4572996695836 53.3297558625539 66.2420193354289 77.7862767378489 85.555891195933 85.8654777208964 79.6977033217748 65.192848443985 56.4186871051788 23.5093285640081 18.4480572740237 9.2131265749534 0.0223952811211348 0 0 0 0 0 0 0 0 0 0 8.42989174028238 14.3699571490288 21.0683345794678 27.1306385596593 29.273842771848 33.5332080721855 37.5029593706131
96.7736144860585 92.5467014312744 69.326306382815 37.3147254188856 20.0639689962069 28.2092938820521 26.4318982760112 23.8432635863622 19.5188447833061 10.3466250002384 20.9774300456047 21.4223340153694 25.3576462467511 31.5845881899198 31.3773031036059 31.8491881092389 36.7134610811869 47.527089715004 54.7314335902532 48.1039037307103 46.315719683965 43.8864727814992 52.6413818200429 61.6839031378428 66.1694953838984 68.2806968688965 65.2938336133957 56.8007032076518 38.6169999837875 17.2883147994677 11.6946784158548 9.35959133009116 0.344372626083593 0 0 0 0 0 0 0 0 0 0 18.1602574884892 17.7948474884033 22.2988997896512 26.2460211912791 27.2186050812403 30.7127734025319 29.8612589637438
82.7566881974538 87.6165231068929 80.5441240469615 48.017422358195 20.2376122275988 28.1568616628647 35.0099479158719 43.1026071310043 42.9247220357259 35.5612089236577 28.6237721641858 31.9089243809382 32.5577631592751 38.3303041259448 38.4356106321017 34.2162176966667 36.6981302698453 45.8583583434423 53.4504304329554 57.425911227862 57.7590316534042 53.4627785285314 51.4214187860489 52.1225233872732 55.5131137371063 57.9380343357722 53.855965534846 53.0489534139633 32.3618153731028 27.7684281269709 24.1932024558385 29.7757635513941 23.2219323515892 0 0 0 0 0 0 0 0 0 0.0268039802904241 20.6318497657776 20.5851569771767 16.1493097742399 15.5307774742444 20.6284200151761 22.9439437389374 20.0807154178619
81.4376920461655 86.9466165701548 84.9067866802216 58.1472665071487 34.1887325048447 43.0583705504735 55.5322964986165 65.1890883843104 72.7408081293106 65.7860239346822 45.2805658181508 48.7163960933685 46.3428149620692 50.2280294895172 49.0173200766246 42.2300646702449 38.8621042172114 48.4923919041952 57.6082517703374 68.0228471755981 69.5594847202301 66.2577549616496 59.523731470108 54.2261401812235 55.6019047896067 57.5990329186122 52.7616341908773 58.9268157879511 55.0875663757324 53.8612504800161 59.8717778921127 79.2523920536041 88.1290932496389 66.5820489327113 0 0 0 0 0 0 0 0 10.4870920379957 15.7327192525069 7.8126663963 5.46130537986755 8.3442082007726 10.7529784242312 14.0483019252618 15.8147762219111
83.1592778364817 81.8768342336019 82.1224997440974 64.5010968049367 61.9113196929296 65.5614386002223 76.98093354702 81.671064098676 84.6393307050069 76.357826590538 57.2169323762258 52.3417343695958 51.4651387929916 51.6775846481323 54.2388210693995 51.1988749106725 45.9276139736176 52.1487345298131 65.9757753213247 71.1465428272883 69.6839392185211 60.7906430959702 59.5307399829229 60.1887553930283 62.4386618534724 62.8389269113541 59.9136849244436 70.1727072397868 86.7762863636017 91.7976101239522 97.3467826843262 105.376144250234 116.240282853444 123.126566410065 76.5525996685028 2.42858178292712 0 0 0 0 0 13.8827313979467 12.2031917174657 1.49674961964289 0 0 1.29166183372339 1.21535259919862 9.61648796995481 11.5077644586563
86.1938496430715 74.605256319046 75.3746430079142 67.8368409474691 82.3105822006861 79.0682236353556 79.0544847647349 76.0192076365153 69.3742533524831 61.2661341826121 51.2030124664307 46.1678306261698 49.8005151748657 51.2432456016541 56.561345855395 61.2698992093404 53.6405146121979 51.8456449111303 62.7926886081696 65.0540093580882 63.1841123104095 56.3384890556335 56.3343415657679 63.5029524564743 66.8751696745555 64.6231720844905 65.4345452785492 71.4038610458374 94.6725308895111 108.277916908264 117.700129747391 123.379915952682 131.075322628021 133.569876352946 123.774737119675 47.4284986654917 0 0 0 0 0.423410480531553 2.60192807763815 12.0624465246995 0 0 0 0 0 1.27019531403979 4.187003398935
87.0152811209361 68.8916345437368 69.4892307122548 73.7455288569133 82.6117744048436 78.0438582102458 65.1523570219676 50.9910484155019 39.8944616317749 32.0786337057749 31.6122819979986 35.79942882061 44.6345011393229 51.6430536905924 56.5172185500463 64.3147379159927 61.0917508602142 49.136092265447 53.1658430894216 55.9287369251251 56.4297785361608 56.4791858196259 57.2691013415655 63.3965382973353 69.2918697992961 67.5198237101237 71.042537689209 72.3302066326141 88.493824005127 111.989160378774 128.069887558619 135.238856077194 136.270234982173 136.947572231293 144.33620373408 124.255547920863 41.5079345305761 0 0 0 0 0 0.861161854118109 0 0 0 0 0 0 0
85.3133896986644 86.4693323771159 108.117242654165 140.727152427038 114.171057939529 85.8590006828308 55.4099281628927 33.3352362116178 24.7173979878426 27.5092671314875 25.1225853959719 23.7951328357061 42.9844955603282 53.4174789985021 63.0894849697749 69.7698493798574 67.6914602518082 54.6417733033498 54.4269482294718 57.798112432162 55.9961497783661 59.5934937397639 62.3165915409724 65.0697698195775 72.5016742944717 76.752170920372 75.6030728419622 79.0431201457977 91.4240976174672 116.743604342143 135.974695285161 140.540808439255 137.856374184291 145.638147989909 155.696262915929 159.081081549327 130.510459343592 68.1414306163788 9.0573908140262 0 0 0 0 0 0 0 0 0 0 0
98.5682010650635 132.773369550705 180.958330631256 201.989193757375 180.240591367086 125.179598728816 78.2141983509064 45.7753787438075 38.6388177673022 43.8995361328125 35.5969145894051 30.1492760578791 41.346088051796 51.6434709231059 65.20976126194 72.9583601156871 70.1290369033813 63.5396043459574 58.2696199417114 59.8971496025721 59.5711419979731 62.1130615472794 65.7723148663839 66.7095283667247 72.9967355728149 85.006187359492 85.7798556486766 91.7557080586751 103.044470151265 120.458592971166 135.395685831706 143.297811349233 146.566440661748 154.263734817505 160.318553447723 160.206824541092 152.735312779744 132.668435573578 64.2559776703517 7.64985755085945 0 0 0 0 0 0 0 0 0 0
159.433394670486 195.10285059611 219.433148701986 221.612672011058 219.719489415487 190.759301185608 148.274848858515 106.264253457387 82.2301159302394 71.3858852783839 66.9203102588654 54.8174331585566 43.8299079736074 48.8603512446086 69.2373116811116 74.6118625005086 68.1494325399399 68.8189019759496 59.936652580897 58.1414649883906 61.2671673297882 63.4418576955795 64.3590788046519 65.5390719572703 71.2683498859406 85.2908492088318 92.332790295283 100.061317284902 110.93607544899 119.264046351115 131.973683834076 143.441140651703 145.307381947835 142.109503348668 146.320839722951 138.154725233714 139.620413382848 125.958422819773 78.5895337661107 25.1396372914314 2.91766008983056 2.29902022207777 0.729413237422705 0 0 0 0 0 0 0
210.749844710032 226.862827936808 231.123586495717 228.5542289416 230.88792959849 226.87429189682 202.0316918691 157.583653926849 118.853271007538 96.9978868961334 99.6526479721069 86.4840944608053 64.1180376211802 57.7730039755503 66.1155184110006 70.1442261536916 64.0746504068375 65.1875684658686 59.033473332723 59.6520354350408 58.2844863335292 59.4235261281331 59.0613037347794 60.0443184375763 66.9153283039729 78.6568423112233 90.1583929856618 95.5217182636261 105.890015761058 120.41437625885 131.242394447327 134.610335032145 125.320623318354 113.164514303207 116.997828086217 100.948671499888 101.629674434662 85.8835776646932 49.3610948324203 15.690961231788 14.5164740582307 9.34190675616264 2.69251751403014 0 0 0 0 0 0 0
224.157094955444 231.192251046499 230.572779973348 230.799655119578 231.696426868439 229.019999504089 221.256693204244 188.184261322021 141.066173712413 109.496017297109 111.514310042063 108.460028966268 90.4116233189901 71.2554156780243 66.2903885046641 69.3447341521581 62.820295492808 58.1700851519903 58.4878822167714 61.393012603124 57.4152121941249 56.2424659729004 57.9907347758611 60.5420917272568 64.7267500559489 72.098563114802 83.2059880097707 84.2837691307068 93.8432216644287 112.056354681651 124.218712250392 120.939572652181 114.567150672277 108.323216438293 99.8770495255788 85.9248042106628 90.1400248209635 87.2043967247009 66.8894549210866 31.2919169664383 26.6835143168767 27.3437599341075 6.44598280390104 0 0 0 0 0 0 0
219.446500142415 221.961160500844 218.967576821645 219.349722067515 219.931423664093 214.132150014242 209.231475989024 189.658959706624 149.299035469691 123.15160036087 116.43464366595 112.466832002004 103.567481040955 79.94477947553 69.8706159989039 74.0834176540375 66.4659490187963 57.0829063653946 62.0405922333399 63.2739514112473 60.9606107076009 56.8983852863312 60.311088959376 65.7337307929993 64.2134348551432 69.5640544096629 74.6443420648575 76.4611015717189 83.7930838267009 103.698094685872 115.182588497798 115.327378114065 116.760035355886 117.741644382477 99.1031924883525 92.632402976354 97.4321166674296 104.541540145874 99.476416905721 57.8325490156809 21.2132185697556 3.5995893801252 0 0 0 0 0 0 0 0
195.62155008316 199.389596780141 200.468063354492 197.787423928579 196.428736050924 195.366601149241 198.675056298574 193.148970603943 161.274939775467 130.858153104782 117.296864589055 105.658223231633 99.7421443462372 79.3420324722926 67.4958477417628 73.6074546972911 75.4672388235728 63.4441922108332 65.4851893583934 68.6200360457103 69.0287252267202 64.1425450642904 64.3284618854523 67.9571131865184 65.8704886833827 66.2806232770284 73.8951067129771 80.4905394713084 84.5020314057668 98.183274269104 110.374788443247 114.881585041682 117.890199025472 121.902992328008 102.862139542898 103.045443693797 103.387365738551 112.596531709035 112.659523884455 71.7380444208781 9.57719795405865 0 0 0 0 0 0 0 0 0
172.752658526103 181.820333003998 193.498075008392 189.497212568919 187.66725063324 194.227556387583 203.771233558655 204.840540885925 182.683487733205 147.431502739588 123.374899228414 99.3149479230245 84.7217539946238 73.2301771640778 64.5779271920522 68.5775130987167 80.3814580043157 71.5318669875463 67.904606461525 70.8961387475332 72.4538266658783 68.1208670139313 65.2566651503245 67.2839383284251 69.650873541832 69.0288146336873 72.3887582619985 81.6476096709569 85.4367216428121 90.2695755163829 104.139655828476 116.137603918711 119.2467212677 112.556844949722 98.8403459390004 112.24110921224 115.380982557933 120.950808127721 119.452863931656 93.3789213498433 4.89737497021755 0 0 0 0 0 0 0 0 0
134.539475043615 145.806948343913 155.25891383489 160.594751437505 168.621718883514 183.882594108582 198.383112748464 205.258925755819 199.397444725037 165.614585081736 131.612638632456 99.9077558517456 81.257551908493 78.6360005537669 69.9174106121063 63.5581463575363 75.5219211181005 76.2101411819458 69.4378614425659 69.0037955840429 69.8075940211614 66.7559156815211 63.3559723695119 64.6268129348755 69.2237764596939 73.2238839070002 72.9751288890839 78.5612513621648 83.7010443210602 84.9278370539347 94.040850798289 111.114571491877 115.510761737823 100.446442763011 102.711111307144 123.321493466695 126.274158557256 124.431580305099 124.719281991323 119.452287753423 61.1530045668284 0 0 0 0 0 0 0 0 0
97.683717807134 104.611923297246 103.785981734594 114.874015251795 131.292124589284 149.980276823044 164.716958999634 177.872737248739 177.61504650116 151.827116807302 116.010367870331 91.5340681870778 77.6526381572088 75.4493772983551 71.3265240192413 66.3542648156484 71.0077981154124 71.6067651907603 64.3807252248128 64.9733543395996 67.4312263727188 70.6649472316106 70.4068044821421 65.9902691841125 65.1819358269374 68.6841706434886 74.4928518931071 77.7767598628998 82.7030887206395 83.554208278656 86.4137311776479 98.4418392181396 107.464859882991 103.054881095886 124.950915575027 135.279178619385 131.932159264882 125.002443790436 128.535290559133 143.673767646154 137.429694334666 71.1932877699534 7.10274651646614 0 0 0 0 0 0 0
85.8675142129262 88.2245004177094 87.7887904644012 90.0836189587911 99.3816554546356 105.617662270864 109.995464483897 115.551888942719 116.078992684682 98.9344219366709 82.3012193044027 77.6155789693197 76.6306966543198 73.2854505379995 71.2014933427175 71.1679210265477 69.819043080012 69.6159700552623 65.2231474717458 64.3053601185481 68.7697331110636 74.3655065695445 75.8460909128189 71.4927117029826 68.1620041529338 67.5608068704605 76.0134061177572 79.4153859217962 84.0621590614319 83.418200413386 83.4855933984121 91.9461846351624 100.086490313212 110.345602035522 135.355979204178 133.648743232091 123.692482709885 113.7402455012 116.69984459877 132.399390141169 146.441807349523 141.966342926025 84.6802989641825 17.0394107699394 0 0 0 0 0 0
94.8548217614492 92.0985539754232 92.0392274856567 91.6187465190887 88.0806843439738 85.8264764149984 84.0275883674622 84.8737160364787 90.3191963831584 81.3976128896077 73.7685660521189 74.8933454354604 78.0462324619293 78.0429840087891 76.9902716080348 74.4890371958415 68.8508898019791 76.1373738447825 76.7769813537598 71.7391421397527 73.838859796524 75.8040100336075 74.3323564529419 75.2707024415334 76.3215869665146 72.6255029439926 77.9035240411758 81.8215211232503 82.9877704381943 85.8652393023173 86.1333707968394 90.2627905209859 98.1296499570211 116.651892662048 124.615967273712 121.913701295853 108.618835608164 97.1410969893138 94.5578813552856 106.283326943715 137.034714221954 143.72044801712 114.540616671244 58.3758056163788 5.05367418130239 0 0 0 0 0
99.5762546857198 96.6611901919047 99.4555056095123 97.7049966653188 90.6575322151184 87.2630874315898 84.5291018486023 81.1932186285655 81.6269467274348 77.8669913609823 75.854962070783 75.682133436203 79.3685515721639 83.0127547184626 82.3779106140137 78.791747490565 75.3062317768733 81.7470252513885 84.0650002161662 77.2848675648371 74.5262950658798 71.3904201984406 69.0720727046331 70.8522150913874 75.2991984287898 72.1715440352758 70.2004730701447 75.1619338989258 80.2748302618663 82.0929110050201 83.3734075228373 84.4505627950033 95.3080157438914 116.642693678538 123.517334461212 108.284503221512 96.682737270991 92.9583013057709 93.3185418446859 102.752973635991 109.9520723025 113.024413585663 98.8685190677643 64.4682645797729 10.7182959715525 0 0 0 0 0
82.9034745693207 85.5966607729594 94.7835346062978 92.1697417894999 94.9763655662537 97.3192155361176 96.5098440647125 91.5844738483429 80.2811086177826 79.0370603402456 82.3088983694712 78.1143754720688 78.3047179381053 82.9531451066335 83.334743976593 80.3147653738658 81.4369271198909 83.3930770556132 83.7103128433228 78.2924095789592 72.4855909744899 69.7065194447835 67.3569291830063 66.8608198563258 69.6259041627248 73.4082559744517 69.5049514373143 72.1956739823024 76.4298687378566 78.7084897359212 76.9051611423492 75.4033972819646 86.6381227970123 103.216608365377 108.632604281108 97.3874529202779 94.6721533934275 99.4608600934346 100.962201754252 102.774560451508 97.5922842820485 96.1315135161082 90.5947983264923 62.7639939387639 20.0102167824904 0 0 0 0 0
