input/barkrak2/radiation/dir01124.grid
NCOLS 85 
NROWS 70 
XLLCORNER 665100 
YLLCORNER 4664600 
CELLSIZE 20 
NODATA_value -9999 
[rows 23 to 45 of 70, columns 0 to 51 of 85]
64.681147535642 54.4547339280446 24.2016538977623 7.98074652751287 3.53861103455226 9.74949387212594 7.59354792535305 3.95884147534768 2.71139262864987 3.05897711465756 3.15317170073589 9.16006788611412 11.6388152043025 14.9318538606167 13.2953201731046 13.2886295517286 19.1659269233545 27.2803579767545 31.3781301180522 25.0608846545219 24.3089248736699 28.2505775491397 39.129172762235 48.0155646800995 54.6947568655014 54.6283423900604 48.2073823610942 41.515901684761 23.3488803108533 10.0166785220305 6.44118462999662 1.54806316519777 0 0 0 0 0 0 0 0 0 0 0 0 0 0 0 0 0 0 0 0
64.5264834165573 60.5653176705042 39.4851416349411 12.2743795315425 0 3.255570307374 5.1987428839008 5.71494239072005 4.38718497753143 3.63150953004758 3.15186319251855 2.15504985923568 9.78003566463788 13.1468586623669 12.7049721777439 12.5349089503288 16.8592271705468 24.6586948633194 30.2921036879222 24.460864563783 22.6326510310173 19.9577808380127 26.5519817670186 34.1119046012561 38.1238137682279 39.5873462160428 36.6043398777644 33.1252664327621 15.1262556513151 5.73307586212953 2.71093193441629 1.65086193010211 0 0 0 0 0 0 0 0 0 0 0 0 0 0 0 0 0 0 0 0
52.3603161176046 56.3993702332179 49.345389008522 21.2440292040507 0.366313732229173 9.49364217619101 16.3810973366102 23.8996421297391 25.9253680706024 19.4550678133965 16.2280226747195 17.4744452039401 16.1768918236097 19.2791757484277 19.050806760788 14.5866150657336 16.0128685335318 24.7653027375539 30.1645373304685 32.3629751801491 32.7356606721878 28.7725900610288 26.0181576013565 26.3323138157527 29.0584564208984 30.7364364465078 27.2215728958448 27.877151966095 16.4984253545602 12.6098940769831 10.0150685757399 12.6395436624686 7.94609884421031 0 0 0 0 0 0 0 0 0 0 0 0 0 0 0 0 0 0 0
51.0654300451279 55.8024197816849 53.4353007872899 29.8258811235428 8.04611233373483 20.3671877582868 33.9756483832995 44.1486239433289 51.6446530818939 45.4128285249074 29.5884783069293 30.0545742114385 27.3764580488205 28.6870350440343 30.2730153004328 20.5840927859147 18.2966763774554 24.7612496217092 32.7832500139872 42.3008898893992 42.7890519301097 41.0543357332548 33.3572750290235 27.9353981216749 28.4679482380549 30.3179870049159 26.4347866177559 33.7025672197342 32.1309044957161 30.8412114779154 34.6127872665723 49.8743951320648 57.4613809585571 37.8758311271667 0 0 0 0 0 0 0 0 0 0 0 0 0 0 0 0 0 0
52.3075262705485 51.4207184314728 51.4343678951263 35.4214161634445 30.4536918799082 39.9835258722305 53.8163582483927 60.0083768367767 61.0062181949615 51.5779952208201 38.4087214867274 32.3672741651535 30.6160772840182 32.0273612936338 34.1886679331462 28.5950526595116 23.9230319857597 28.4039154648781 41.3977901140849 45.8573202292124 43.3152467012405 35.271942615509 33.0550571282705 33.7467516462008 34.0008685986201 34.254364669323 32.1787844101588 41.8387750784556 58.0397248268127 62.3539537191391 65.6347572803497 71.8495696783066 81.7877749602 86.4509046077728 44.5581575234731 0 0 0 0 0 0 0 0 0 0 0 0 0 0 0 0 0
55.1827897628148 45.5164561669032 45.9302316109339 37.8174185752869 49.5695720116297 52.7707238992055 56.5070559581121 54.9242248137792 51.1281390984853 41.06838007768 32.6645200451215 28.8363993167877 30.4456700881322 33.8006367286046 35.223330060641 37.8616700569789 31.6601768136024 27.9265617330869 37.3116061091423 39.8749162753423 37.3858014742533 30.9613098700841 30.683770775795 36.0308835903803 38.6334334810575 35.503792266051 36.172774930795 41.8227215607961 64.0314519405365 76.5093564987183 82.7816973129908 86.129109064738 93.7685171763102 96.1409707864126 85.2759083112081 20.4911567270756 0 0 0 0 0 0 0 0 0 0 0 0 0 0 0 0
56.4110428094864 41.0678659876188 41.043850282828 42.1740611394246 50.8332500855128 53.7585020065308 45.5543647209803 34.1908410191536 9.63503619035085 6.77351839840412 8.15236320098241 21.5653503934542 26.8528287609418 34.2060526212057 35.9421297907829 40.6388764580091 37.2870564460754 25.8596539497375 28.2395506898562 31.6980530818303 30.8140789469083 31.0711860656738 31.0383662581444 36.2306237220764 41.1833003163338 38.2199436426163 40.195311109225 42.1860118707021 57.8892330328623 78.8506666819255 90.5382533868154 94.9355065822601 98.2330044110616 98.2083280881246 105.05332549413 86.985965569814 15.5866419275602 0 0 0 0 0 0 0 0 0 0 0 0 0 0 0
55.6898017724355 56.034321586291 73.5590855280558 100.846568743388 79.957976937294 58.6708982785543 36.1730381846428 9.11863769094149 6.26503862440586 13.8482550779978 4.95841292043527 5.23640339573224 26.4942695697149 35.4932894309362 38.3574962615967 45.2644725640615 41.3821587959925 30.0394048293432 29.8802008231481 32.9525619745255 30.3351630767186 33.7664211789767 35.4043593009313 37.5250528256098 42.6709850629171 46.4097956816355 44.8274165391922 47.1831560134888 59.4127674897512 82.1601649125417 97.3549286524455 100.286185741425 98.4593530495961 106.456458568573 113.689124584198 116.430282592773 91.2898083527883 36.9705110788345 0.36366058823963 0 0 0 0 0 0 0 0 0 0 0 0 0
66.3371036450068 96.1079994837443 141.091605027517 162.032494942347 141.048928101858 93.9863721529643 53.5035034020742 29.2244305213292 24.4095822175344 28.0904620885849 21.1216608683268 18.1969640155633 26.7254362503688 33.797080318133 44.6352958679199 47.7513621250788 43.9641326665878 38.2271086176236 32.1542074282964 33.3420311411222 33.2963913679123 36.8089005351067 39.0276834368706 39.3895457188288 43.5735086599986 54.0230274200439 54.0892432133357 58.6472352345785 68.1082506974538 83.6906631787618 96.0075159867605 102.51114765803 104.099661111832 110.625098148982 117.165207862854 116.330246130625 109.473824501038 91.2289023399353 34.0078274408976 0 0 0 0 0 0 0 0 0 0 0 0 0
120.975921551387 155.884156624476 181.043863296509 183.691064516703 181.627551714579 156.110346317291 116.555988788605 82.7813843886058 62.7940098444621 52.9061158498128 49.2710173130035 40.7504588365555 30.3932925065358 31.1229377985001 40.0815655787786 47.2417771816254 41.9219632943471 42.6655113697052 33.4272583325704 31.494731704394 34.9846680959066 36.3878558079402 36.960557103157 38.1013279159864 42.1514411767324 54.2503197987874 59.7355663776398 66.5647486845652 74.9829908212026 82.763542731603 92.3538704713186 101.978600025177 102.358937263489 99.5449523131053 102.004100879033 97.484012444814 98.8697012265523 84.5052699247996 45.3825493653615 0.720534784098466 0 0 0 0 0 0 0 0 0 0 0 0
173.580288887024 190.995693206787 195.273041725159 194.456060727437 197.356839974721 192.213197549184 170.271476109823 131.450325250626 98.237822453181 74.8323102792104 76.4607985814412 68.5356358687083 45.6884851058324 37.6666660110156 38.8739382227262 43.1382755438487 37.2295528650284 37.7898365259171 32.0690323909124 32.8737248977025 32.2963918248812 33.6375782887141 32.9695194959641 33.1856360038122 39.3654182553291 48.6622750759125 58.9647094408671 62.6106907924016 71.1967796087265 82.5451115767161 91.2503600120544 94.2883094151815 86.1308475335439 76.5882432460785 78.2919824123383 67.1425660451253 67.6437119642894 54.4137905041377 14.2606161534786 0 1.4997247296075 0 0 0 0 0 0 0 0 0 0 0
188.78569205602 196.778118610382 196.248888969421 197.42339849472 198.856115341187 196.212947368622 188.107450803121 158.537119626999 113.833258549372 87.8618061542511 86.4994724591573 83.4547877311707 67.5590286652247 47.7168212334315 41.0446648796399 41.1504109700521 35.3646079699198 32.0793936649958 31.6799556215604 34.9156260490417 31.3558305303256 30.7516132791837 31.7835186918577 32.9712927341461 36.9124958912532 43.8719143470128 52.6824593544006 52.8364678223928 61.2424512704213 76.4845063289007 85.0775043169657 82.8488419453303 78.6169767379761 71.7105617125829 65.7129983107249 55.1671534776688 58.7606827418009 56.2987426916758 38.1384169061979 7.60459899902344 7.81538275380929 0 0 0 0 0 0 0 0 0 0 0
179.529627164205 184.052169322968 180.928270022074 183.114012082418 183.40003490448 177.302996317546 171.936710675557 154.869238535563 118.986566861471 98.2420941193898 95.2365398406982 86.473286151886 79.1045327981313 54.8115621010462 43.5327490170797 44.5486456155777 38.1262352069219 30.7338138421377 34.1192136208216 35.8144094546636 34.3745102485021 31.8256442745527 34.5440631111463 38.3497749765714 36.5837961435318 41.1672840515772 45.9010700384776 46.5478797753652 52.4966816107432 69.0120855967204 77.2544791301091 77.430526415507 80.3617884715398 81.1835775772731 65.2750879526138 60.4691704114278 64.5526299873988 70.3572332859039 64.7352288166682 29.3148681521416 0.0205107304888467 0 0 0 0 0 0 0 0 0 0 0
154.396911462148 157.349824905396 159.722755352656 157.00830022494 156.6428343455 155.651410420736 160.278499126434 158.216297626495 131.667455037435 108.290721972783 96.4681208133698 80.7930876811345 71.2751150131226 50.6593982378642 39.6478523810705 44.8434501886368 46.2010949850082 35.7055192192396 37.8677000602086 40.6314184268316 40.4308314124743 37.193775177002 37.3495543996493 40.3119996190071 38.683978219827 38.3558521668116 43.8653081655502 50.1833260059357 53.8550913333893 64.1452521085739 74.8974978923798 78.2452325026194 80.1930328210195 84.1086010138194 68.8855946063995 68.5990403095881 69.1828578710556 76.7706086238225 76.2468328078588 40.2466257413228 0 0 0 0 0 0 0 0 0 0 0 0
130.95486164093 140.670617421468 151.423851648966 148.590674002965 147.670060396194 154.373119274775 164.35847679774 167.891919612885 151.047418514887 120.367844899495 97.4303086598714 71.8395163615545 55.3900897502899 44.0276165803274 35.970946153005 39.9713988105456 49.6656248966853 42.6214635372162 40.7095874349276 43.6001022656759 44.1497464974721 40.5649989843369 38.7041916449865 40.2882422010104 40.9979894757271 40.5337860186895 43.3412690957387 51.3535290956497 54.8041611909866 59.2236568530401 70.3816413879395 79.1396548350652 81.7770262559255 76.8474886814753 66.148375471433 76.0247558355331 79.4917196035385 83.3636621634165 83.4397276242574 59.2254201571147 0 0 0 0 0 0 0 0 0 0 0 0
95.4624215761821 106.344362099965 114.577482144038 119.493345419566 127.909153699875 143.101245164871 157.791594664256 166.907111803691 164.080301920573 135.598003864288 101.976136366526 69.6397225062052 51.520491639773 48.0052928129832 40.9163907170296 35.4199955860774 45.1944371064504 46.3083187739054 41.0734886924426 41.0758008559545 41.4831986029943 39.0330801407496 36.9332904616992 38.0596518516541 41.348472237587 44.920951128006 43.9124504725138 48.7512648105621 54.0513892968496 54.6278109153112 62.6542468865713 76.7247130473455 80.4542452096939 67.7539259195328 68.3088054259618 83.0884377161662 86.0929489135742 86.4278276761373 87.0983799298604 83.4409892559052 31.9902549187342 0 0 0 0 0 0 0 0 0 0 0
61.4341497421265 68.0298656225204 67.4908459186554 77.2791455189387 92.8921699523926 109.811216592789 124.988575776418 136.833955844243 139.404485623042 116.097370783488 81.7911227544149 58.4995249907176 46.6507126887639 45.0968345006307 42.2191421190898 37.5036547581355 41.9325629870097 42.1574761470159 36.3244538505872 36.634107430776 39.5575016736984 43.0020044247309 42.2473152478536 39.0126903851827 38.4927541017532 40.8125370740891 45.9044426679611 48.1800884008408 52.5453587373098 53.2499253749847 55.0425300995509 65.6272967656453 73.5906610886256 70.4012165466944 85.8513216177623 93.1865374247233 89.337428410848 85.3746632734935 90.6077325344086 103.433569272359 93.3496157328288 39.5781050125758 0 0 0 0 0 0 0 0 0 0
50.9352733691533 52.7995725472768 52.7736345926921 54.8015137513479 63.2831652959188 69.1484113534292 73.2054710388184 78.5131553808848 78.6634186903636 64.3280148506165 49.4134028752645 45.6664264202118 44.4430013497671 42.2069976727168 40.8745855093002 41.9667909542719 40.7807106773059 39.9873927235603 36.1375461022059 36.7919330795606 40.9292777379354 45.8414306243261 46.9651818275452 43.5924828052521 41.0838996370633 39.7828618685404 47.5855569044749 50.444687406222 52.8010725975037 52.5515178839366 53.5669277111689 59.8422984282176 67.0146445433299 76.3303438822428 91.8912291526794 91.5967226028442 84.1563741366069 75.2792507410049 79.6526372432709 94.8240558306376 104.093243678411 94.7351455688477 50.5811671415965 2.33139920358857 0 0 0 0 0 0 0 0
58.8671118021011 56.4705083767573 56.6299706697464 56.4474960168203 53.0727406342824 51.1723359425863 49.8457153638204 51.2776176134745 56.0278197129567 48.2675284147263 41.0891771316528 42.7319904168447 45.8163420359294 46.3484227657318 45.6762711207072 44.0002729495366 39.0069534381231 45.6991096337636 47.0399508873622 43.4715797503789 45.6774036089579 46.0596332947413 44.5778121550878 47.1145957708359 49.2565979560216 44.4958706696828 49.1845558087031 51.6502757867177 53.6407728989919 54.5199612776438 55.0504475831985 59.3833029270172 65.0218228499095 81.2919636567434 89.1806483268738 81.2075783809026 71.8947251637777 62.9954934120178 60.5335334936778 70.7461287577947 94.7390496730804 99.2259780565898 77.0575354496638 28.8688316941261 0 0 0 0 0 0 0 0
63.0258023738861 60.297633210818 63.1454288959503 61.780442794164 55.1980336507161 52.1794160207113 50.0660936037699 47.5211838881175 48.0277389287949 44.7722425063451 43.145293990771 42.9639915625254 46.8359539906184 50.186758240064 49.9254862467448 47.4604070186615 45.1547453800837 50.3720839818319 53.412601351738 48.0654786030451 45.1683799425761 42.9370949665705 39.8620044191678 42.3611948887507 47.1283247073491 44.6417729059855 41.9074644645055 46.3792781035105 50.2600421508153 52.3140877485275 53.5527318716049 53.526446223259 63.9112790425619 82.0384273926417 85.3065053621928 72.6600587368011 63.2863243420919 60.0140988826752 58.6982170740763 67.1601444482803 73.6916710933049 75.2565066019694 63.6439770460129 35.7218384742737 0 0 0 0 0 0 0 0
47.9698677857717 50.5556762218475 58.8978429635366 56.4936399459839 58.905690908432 61.214213569959 60.5895866950353 56.476170818011 46.6494808594386 45.2981144189835 48.6658761898677 45.4572141170502 46.1509376764297 49.5642175277074 49.979105591774 47.4644899368286 49.4104425112406 51.8503983815511 52.1525740623474 48.6105978488922 43.6176359653473 40.7528008023898 38.7700274586678 38.9827837546666 42.0878479878108 45.4652905464172 41.2106364965439 43.0640528599421 47.6838052272797 49.1247872511546 47.7770070234934 45.793150862058 56.2576552232107 68.9232250054677 74.0984032551448 65.4980440934499 62.0563824971517 64.6526515483856 65.5757288138072 65.9968157609304 62.6486837863922 61.6477976242701 57.0668081442515 35.0435102979342 1.65421841666102 0 0 0 0 0 0 0
46.429435412089 52.1138310432434 55.0251007080078 55.7036846876144 57.5399498144786 59.9430501461029 60.2492491404215 56.7349096139272 52.4764011303584 48.7518807252248 50.3284931182861 48.598900437355 46.0003564755122 44.1385954618454 43.5126274824142 44.2428787549337 41.6115249196688 47.4650214115779 49.4684676329295 48.3146011829376 44.4026589393616 42.8384641806285 42.0282731453578 43.2374030351639 41.6254277030627 50.030916929245 52.1745483080546 49.0217357873917 48.7682074308395 47.31451968352 43.3427194754283 41.2553747495015 46.9290365775426 51.0655045509338 56.8532745043437 60.1520438989004 64.085841178894 68.9532210429509 69.9920405944188 63.1973495086034 63.2882962624232 58.5015167792638 55.8045556147893 39.3757224082947 11.4388354122639 0 0 0 0 0 0 0
52.4328897396723 56.9807787736257 54.2320162057877 57.53160516421 56.1451415220896 56.3416530688604 57.9099456469218 56.6137582063675 58.0757955710093 53.8910230000814 53.0914018551509 52.5645713011424 48.4280387560527 44.095034400622 43.260782957077 46.657274166743 42.7370319763819 45.3229695558548 48.9049901564916 48.3615696430206 46.3112592697144 45.640637477239 45.7473496596018 47.2088207801183 48.75747859478 49.5069473981857 54.796223839124 52.228699127833 49.8129228750865 48.9552319049835 45.0851966937383 42.0300165812174 44.640709956487 44.2161212364833 44.6050663789113 48.1086472670237 54.6713968118032 63.0956341822942 62.9574904839198 51.1908630530039 54.3946127096812 51.0550886392593 51.238089799881 48.393502831459 32.1785161892573 4.47218213230371 0 0 0 0 0 0
