input/barkrak2/radiation/dir09224.grid
NCOLS 85 
NROWS 70 
XLLCORNER 665100 
YLLCORNER 4664600 
CELLSIZE 20 
NODATA_value -9999 
[rows 20 to 39 of 70, columns 0 to 45 of 85]
91.8163061141968 79.3176243702571 86.1175855000814 109.699010848999 104.425181945165 89.2209112644196 82.1998119354248 95.2315231164296 108.031610647837 119.688709576925 125.939826170603 125.080396731695 121.346861124039 126.963396867116 135.997454325358 154.468278090159 166.489700476329 177.591860294342 191.43670797348 206.956585248311 214.164098103841 204.096992810567 203.36643854777 203.2550573349 207.128723462423 206.259369850159 205.834945042928 211.965441703796 205.523451169332 199.685633182526 204.220374425252 199.552913506826 200.362384319305 188.995321591695 185.144464174906 191.684524218241 190.760870774587 192.750374476115 197.397907574972 202.759703000387 203.413367271423 204.010228315989 207.690358161926 199.688692887624 205.895225207011 210.471153259277
121.917595465978 111.160705486933 107.288897037506 134.466916322708 131.20299577713 92.0394162336985 92.8454597791036 104.432950417201 113.446811834971 119.758427143097 116.965115070343 120.26372551918 119.95659271876 117.019792397817 127.299070358276 142.299145460129 156.824052333832 169.134696324666 182.777722676595 197.020987669627 208.886285622915 218.136290709178 222.211142381032 221.448063850403 211.690068244934 199.178198973338 187.265773614248 181.899011135101 193.213184674581 176.84938510259 173.133730888367 144.828031460444 127.264489730199 114.814748366674 134.498536586761 156.812330087026 166.163504123688 183.816432952881 196.794291337331 198.146879673004 195.107559363047 194.049954414368 187.172134717306 167.099992434184 192.99836953481 204.969306786855
169.947942097982 167.845726013184 151.783257722855 155.169328053792 153.728465239207 114.674905935923 116.014381249746 115.253061056137 113.017588853836 114.157299200694 118.99334192276 122.424393892288 127.169181903203 129.335383574168 132.306565841039 140.827278296153 154.024342695872 166.339109341303 175.55828889211 178.454399108887 184.61952606837 200.630128383636 211.085756619771 212.374667326609 208.60089858373 201.623936494191 184.643606344859 175.049324830373 176.597476005554 157.558341821035 136.278738578161 92.2743777434031 64.49789305528 53.6671231190364 54.9442122379939 79.1164090236028 106.634060541789 142.833153406779 166.239500045776 178.485651810964 187.275608380636 189.425627390544 159.091393152873 133.801380793254 167.019565900167 202.187101046244
205.533603827159 198.356846968333 170.490264892578 161.822825670242 159.7887078921 151.594529549281 138.344287872314 118.146767218908 106.957058111827 110.724985599518 121.100505193075 128.454963366191 136.406660079956 146.842062473297 143.607000509898 145.341018835704 153.076191743215 164.896855751673 172.188321749369 164.511730273565 164.030442635218 167.462329069773 181.042512257894 189.954837163289 194.244742393494 191.419879595439 177.505453427633 158.777813116709 151.937087376912 115.747302770615 84.672212600708 70.5334593852361 38.2961556315422 7.40989483892918 3.56916027764479 16.3605896135171 49.5560715595881 78.9679785569509 95.3997174898783 112.259656190872 121.305068333944 115.133146444956 120.723118384679 148.046364386876 160.036186377207 191.308577855428
201.37220621109 199.18429851532 185.451547304789 165.537774562836 150.67466100057 152.153432369232 139.661073684692 131.332417329152 119.840641816457 116.08565847079 119.584619998932 120.831112066905 135.451336701711 145.960589249929 145.95498641332 145.339667797089 152.98393368721 165.061215559642 172.643085320791 162.64420747757 163.804213205973 158.778886000315 168.696741263072 173.360804716746 175.31414826711 174.000839392344 162.953535715739 147.368768850962 132.253209749858 87.6527825991313 73.1605837742488 69.9803580840429 47.2445090611776 7.47117151816686 3.6912156889836 16.6422352194786 35.1751173535983 50.0250260035197 60.7648988564809 65.989762544632 67.0748949050903 62.6280506451925 90.0939305623372 177.143593629201 179.679214954376 192.684829235077
188.353002071381 193.784236907959 193.771163622538 170.551419258118 151.266127824783 152.207007010778 153.134743372599 159.955561161041 157.087663809458 144.472301006317 133.824110031128 144.391298294067 149.353156487147 158.192714055379 158.086011807124 150.191197792689 153.213679790497 164.313495159149 170.708616574605 174.263536930084 177.166183789571 171.245316664378 167.314291000366 163.544555505117 163.065483172735 163.375327984492 155.298868815104 142.573654651642 119.042942921321 104.914049307505 102.599233388901 113.717555999756 108.389993508657 48.1241444746653 23.223655919234 33.3826591571172 38.7733429670334 47.0527360836665 54.5485764741898 52.0505259434382 46.2143570184708 50.1642773548762 99.0980863571167 179.56801255544 197.555263837179 204.571445782979
188.100854555766 193.25069586436 195.323725541433 177.440841992696 168.332815170288 170.80028851827 179.686824480693 186.063011487325 193.107108275096 187.753319740295 164.527157942454 170.806527137756 168.918907642365 173.722386360168 170.919477939606 158.857901891073 154.853324095408 167.043089866638 173.098524411519 188.079237937927 190.900683403015 187.101682027181 176.450312137604 167.459567387899 165.986110766729 164.417852958043 157.014499107997 146.534651517868 136.490265528361 140.673210223516 155.974944432577 181.686004002889 190.423766771952 178.276479244232 109.779606262843 56.0665676991145 52.9927313327789 55.161307255427 57.0729871590932 50.3565023342768 68.9628422260284 102.805187304815 143.377562363942 178.868532180786 197.203596433004 200.841585795085
191.080232461294 188.490569591522 190.219759941101 181.005696455638 199.199934800466 197.460273901621 202.189385890961 200.871030489604 204.527099927266 202.260394891103 182.000676790873 175.436496734619 172.793209552765 173.795680205027 175.75607697169 171.165525913239 164.272179206212 171.940584977468 185.241440931956 191.829323768616 189.152300357819 178.939501444499 175.02228418986 175.772468249003 174.612104892731 172.502954800924 167.868097623189 163.530349731445 168.969372908274 181.385238965352 198.208789030711 210.884650548299 218.333760897319 230.514705181122 207.669615745544 111.095100641251 71.1597452561061 61.2821529308955 56.4784357945124 48.5346714655558 95.6567128499349 177.088101704915 167.993466059367 152.561694383621 172.395567099253 166.841228802999
192.009528477987 179.88524834315 182.20200141271 186.580300331116 221.511562665304 209.737956523895 200.584769248962 193.689227104187 185.291846593221 186.186055342356 175.275444984436 161.933054526647 169.660607973735 173.206984996796 177.665293216705 180.156727631887 173.890252908071 170.922080675761 181.817670663198 183.656493822734 181.876023610433 173.570434252421 173.082153002421 180.176258087158 181.036591529846 174.444834391276 176.182548205058 173.855404059092 177.9771844546 195.539633433024 215.587019920349 229.414363702138 234.807968139648 235.722621281942 239.016731580098 184.737722078959 80.4157803455989 47.5538074970245 31.3260306914647 45.0184196233749 110.012163718541 168.595631917318 155.388861894608 120.348195234934 121.932576100032 119.360188643138
184.085150559743 171.951214472453 176.091949144999 195.944289366404 221.304476261139 207.652191321055 185.418725013733 162.338554859161 149.939964214961 141.762872536977 143.192946910858 147.126307090124 160.706649223963 173.843046029409 179.622034231822 185.620367527008 182.856361071269 169.280409812927 172.780275344849 175.070325533549 173.756837844849 174.169977506002 174.449483553569 180.193225542704 184.958179791768 179.93821700414 184.617877006531 177.732328573863 175.425211588542 202.37410068512 225.893000761668 241.517106691996 239.979147911072 238.268713156382 249.300221602122 244.296828905741 172.443489233653 82.0055256287257 60.3699584801992 67.6093101501465 100.030958652496 118.630478779475 127.626419067383 87.530126174291 82.0604860782623 95.9562261899312
183.520297209422 188.785076141357 217.955986658732 262.198547522227 250.898480415344 214.47765827179 176.482141017914 145.819445451101 128.799110651016 129.131843646367 129.011809825897 124.86324707667 141.528765360514 174.13870493571 184.976200262705 191.005647182465 188.82958094279 176.017165184021 174.862444400787 179.121752580007 175.80650250117 181.853612263997 184.273938337962 185.984532038371 189.468880494436 192.176520824432 190.726200739543 190.518101056417 190.870483716329 210.910280545553 235.132614771525 246.618568897247 242.421984672546 248.365799585978 259.114483992259 263.551433881124 253.241141637166 215.624173482259 134.141554435094 91.9224222501119 82.1482837200165 83.2669188578923 102.751215298971 82.6800962289174 78.7572314341863 98.8772511482239
201.653977235158 237.635592619578 279.005885124207 299.200336138407 302.067438761393 258.746186892192 208.605905373891 167.032162348429 150.57518084844 158.647696177165 147.734691699346 134.887407223384 145.818521579107 171.348810195923 189.677198727926 197.780807813009 195.448537667592 190.177619457245 182.317614555359 181.910296281179 184.618234634399 188.990453879038 190.844337145487 190.205772717794 193.145891030629 204.032381375631 205.380439758301 207.478205362956 209.904591242472 221.420407295227 237.980683644613 247.898936271667 250.727037588755 258.513589700063 264.777461687724 260.125716527303 257.988035678864 265.79229036967 215.263207753499 132.772177457809 89.149276415507 87.4032974243164 86.4396492640177 88.5802706082662 105.418801307678 132.472326358159
258.096853892008 287.782986958822 301.165858904521 299.027283986409 311.94794178009 305.758575598399 272.398412227631 232.777575651805 201.820333798726 194.481869538625 190.101206302643 170.033733050028 154.994944731394 168.670415878296 193.740566571554 199.476579825083 195.1558192571 198.097328344981 185.28030316035 183.123767375946 188.284496466319 191.94096326828 192.5408244133 192.088743050893 195.940136909485 209.71550544103 214.875241120656 221.089422702789 222.823361555735 225.87792078654 239.883402983348 250.939110914866 250.872651735942 249.325116475423 251.614630222321 240.923980871836 242.840429147085 242.333710193634 208.023250102997 155.739545822144 118.364334106445 106.487482786179 90.2192791302999 91.3852155208588 101.720839738846 137.91020711263
287.995914618174 301.825801531474 300.063570340474 290.821452935537 298.074205716451 307.502845923106 300.91514190038 269.150614738464 236.218909422557 219.878693421682 219.780703385671 205.053587754567 177.8497894605 177.938342094421 191.726267337799 195.616861184438 191.377758979797 193.972885608673 185.960193475087 186.852971712748 185.726841290792 187.520205974579 187.986731529236 185.39043267568 194.096704324087 205.097993214925 218.04803609848 219.91765499115 221.52719895045 230.839610099792 243.06442340215 244.5996205012 231.966137886047 222.733378410339 226.04642311732 206.575095653534 205.714662869771 194.151282310486 161.581655343374 136.676202217738 147.22349246343 132.444938023885 110.527614752452 95.5658356348674 98.683496316274 119.096746047338
297.752320766449 301.157434781392 303.737759590149 295.192877451579 294.137855370839 300.016979376475 308.487832546234 295.360207557678 259.817639986674 230.339507261912 225.198705991109 222.340861956278 211.281736691793 195.740282535553 192.563553651174 194.241126378377 188.803335030874 185.755252838135 186.245977878571 188.426454861959 184.205889701843 184.820473194122 184.553225835164 187.071641286214 191.371281941732 199.190298716227 210.200726985931 209.044277667999 215.086837609609 230.231563250224 238.788962364197 231.10290368398 218.752821286519 215.680003166199 208.056648572286 190.422117710114 194.021264712016 191.794832547506 178.506135940552 161.69195373853 163.235932588577 168.841262658437 147.485593954722 130.040735006332 112.603565057119 107.339590787888
304.323236147563 305.403967698415 307.123442490896 306.27961953481 299.44105943044 298.866788546244 304.786741733551 303.010503451029 267.840127150218 237.408379713694 225.318888823191 225.365897019704 228.215932846069 203.576703866323 195.588330427806 196.1603363355 192.352414131165 182.376821835836 188.259025414785 188.415884971619 185.859382152557 182.996352513631 184.655785560608 188.568909962972 189.947326978048 194.038569927216 201.313396294912 200.342138608297 206.927339235942 226.020097732544 232.532739639282 226.010044415792 221.298813819885 222.269256909688 204.061230023702 196.878254413605 202.707131703695 208.392898241679 209.837436676025 194.074372450511 154.528985420863 152.330795923869 142.920225858688 128.0131538709 112.449814875921 85.2470894654592
298.827528953552 300.249417622884 303.086916605632 302.365183830261 295.377612113953 292.228281497955 299.252231915792 303.922752539317 275.32947063446 242.039501667023 227.330982685089 217.607100804647 220.427314440409 200.540284315745 191.213627656301 196.921785672506 201.667348543803 186.734477678935 188.774724801381 191.84680779775 192.136963208516 186.137616634369 186.256031195323 190.043946107229 189.227342605591 189.088463783264 195.728858311971 202.993909517924 209.437191486359 221.509019533793 231.781403223673 228.82091999054 222.812970479329 223.483125368754 204.761445522308 207.308729489644 210.441390673319 216.5873448054 217.606723308563 197.310268878937 130.542496840159 103.054573138555 89.4264876842499 83.8349163532257 78.7009944518407 77.4633785088857
285.212616125743 291.820426781972 298.361082871755 296.80605729421 294.246236483256 295.093278090159 300.819396972656 305.454770723979 291.142721970876 250.258187452952 230.695982774099 210.384249687195 203.675270080566 195.345163345337 185.537298520406 190.914114316305 203.999598821004 194.313983122508 189.990480740865 194.643477598826 194.730758666992 191.505908966064 188.063005606333 189.933319886525 192.555864651998 191.327154636383 194.584310054779 205.303311347961 208.609779675802 214.632312456767 224.7287829717 231.477777163188 226.442317167918 204.021692276001 198.424696922302 216.21565024058 223.993857701619 226.011157035828 219.688852628072 206.783095995585 126.687119404475 70.7272539536158 51.7731209595998 36.3012477755547 46.2932735681534 54.4076065222422
257.033030192057 266.382694244385 272.230625152588 275.934914747874 281.200031439463 290.496945381165 297.477245330811 301.813383897146 292.520721753438 261.014044284821 235.734144846598 217.944959799449 202.972213427226 202.226936817169 192.504743734996 185.792009035746 198.335468769073 199.318428834279 191.025853157043 192.166984081268 192.503213882446 190.275231997172 186.012446880341 187.171359856923 192.257106304169 196.239988009135 195.438245932261 200.781146685282 207.101583480835 208.018660545349 217.622955640157 228.638847668966 222.26889928182 198.363920052846 204.015056292216 231.810092926025 236.990928649902 230.768024921417 221.514105796814 220.327913761139 184.792796770732 98.2569654782613 53.6458591620127 41.2241071462631 43.4012065331141 38.119005660216
223.457396030426 230.185627937317 229.88748550415 238.66198460261 254.443983236949 267.764627933502 278.671105702718 286.400377750397 281.775593757629 260.448098182678 236.462076505025 214.360217253367 200.419465700785 199.082533518473 194.133202234904 188.366194566091 192.966143290202 194.851855436961 186.190565427144 185.376226902008 190.400362014771 193.016807238261 190.737942854563 187.296191851298 185.841421286265 189.63082631429 197.147647539775 200.104355812073 206.263184547424 205.547670523326 209.317803382874 219.135324160258 213.700910409292 201.087832450867 229.644238948822 246.653318405151 241.636951764425 233.424464861552 228.87126604716 236.771782239278 249.426583449046 214.142819245656 129.486590623856 81.7417055368423 56.646337111791 37.4476437767347
