input/barkrak2/radiation/dir06024.grid
NCOLS 85 
NROWS 70 
XLLCORNER 665100 
YLLCORNER 4664600 
CELLSIZE 20 
NODATA_value -9999 
[rows 42 to 62 of 70, columns 0 to 47 of 85]
144.781291484833 141.958773136139 144.067744414012 141.763796408971 135.039985179901 130.677779515584 127.649674812953 122.965236504873 123.208185036977 119.528830051422 117.71152416865 115.78964193662 119.122882684072 123.704820871353 122.262825568517 118.155360221863 114.039560159047 120.68435549736 122.420380512873 114.312360684077 112.959265708923 111.270109812419 107.605357964834 109.078705310822 115.154802799225 111.362596352895 108.061065276464 116.21947089831 121.679544448853 126.197199026744 127.469072739283 129.28960720698 140.665660301844 163.857996463776 171.341081460317 151.206274827321 135.616113742193 132.93731212616 134.608536958694 145.496745904287 154.765556255976 157.810240983963 142.543425162633 104.380985101064 41.6591838002205 3.82497099538644 0 0
128.017683823903 130.851676066717 139.269560575485 136.867811282476 139.903922875722 141.602069139481 139.377196629842 134.439885616302 122.218350569407 120.062510172526 123.653471469879 118.154923121134 119.028856356939 122.606794039408 122.537473837535 120.213945706685 120.657563209534 122.339149316152 122.24468588829 115.824530522029 111.261854569117 108.680923779805 105.917821327845 104.664186636607 107.437481482824 111.388037602107 107.473909854889 110.258867343267 115.906417369843 119.716902573903 120.157023270925 119.074006875356 132.12592403094 148.953417936961 154.219567775726 138.587107261022 133.006195227305 139.685153961182 145.824333031972 146.531293789546 141.061385472616 139.141509930293 131.89755876859 103.289028008779 53.759828209877 3.65393298367659 0 0
126.458555459976 132.439315319061 135.251551866531 135.845800240835 137.826840082804 139.842877785365 140.2321656545 135.474652051926 130.348165829976 124.492595593135 126.577476660411 122.743805249532 118.090798457464 116.085777680079 116.533021132151 115.926454464595 111.258933941523 118.139614661535 121.002237002055 117.733895778656 112.812558809916 110.855440298716 109.574139118195 109.353681405385 106.323480606079 115.38956562678 120.085467894872 117.242236932119 117.180784543355 117.670794328054 113.300422827403 112.93896039327 120.783279339472 126.115103562673 130.870739618937 131.086687246958 136.519114176432 147.649814685186 152.474661668142 143.232762813568 141.334344943364 134.023318688075 128.055910269419 106.568197409312 69.5153872172038 25.3619352976481 0 0
133.375485738118 137.862076361974 135.206202665965 138.521770636241 137.14744647344 136.547187964121 137.585530678431 136.186182498932 136.444061994553 131.438881158829 129.360636075338 128.702978293101 122.838715712229 117.314755916595 115.546643733978 120.153486728668 112.912972768148 115.876168012619 120.853761831919 118.71741215388 115.373412768046 114.613066116969 114.340533812841 114.88672097524 115.597943464915 115.141173203786 122.161954641342 120.66928545634 118.745217720668 119.234452644984 113.782306512197 111.251691977183 117.690523465474 115.844309329987 113.81338040034 114.860902229945 124.321947495143 140.018920103709 141.552050908407 126.643925905228 130.323737859726 123.497545719147 120.619078477224 117.76081720988 98.9803969860077 58.6974273125331 16.6443561514219 0
132.774651050568 134.887884060542 137.496570746104 140.112658341726 140.109986066818 139.085233211517 140.456547339757 142.610232035319 138.01771402359 135.307759046555 134.095718463262 132.241388161977 127.397606770198 124.462842941284 123.000850280126 126.252233982086 122.433483600616 117.235600948334 123.375991980235 121.806383132935 118.378976980845 118.843108415604 117.347101370494 113.452285528183 121.495256821314 114.795545736949 116.060435771942 118.556489547094 118.619402249654 118.636677662532 118.630121151606 115.049133698146 115.220328172048 115.450710058212 116.012295087179 115.07393916448 118.336528539658 128.416746854782 130.44003645579 126.994381348292 127.361575762431 119.541823863983 124.533822139104 132.727046807607 124.204953511556 88.2473091284434 44.2934979995092 8.50545366605123
126.88144048055 129.66775894165 135.505338509878 137.143850326538 141.28319422404 142.068366209666 139.85143105189 140.036801497142 139.324764410655 140.619039535522 136.330713828405 132.762094338735 130.314608414968 129.376153151194 125.833412011464 125.590562820435 123.816519975662 114.67848221461 119.787404934565 121.363331874212 117.473781108856 118.960658709208 121.491253376007 113.593647877375 117.243280013402 116.997977097829 110.406557718913 114.69175418218 117.814719676971 118.88196070989 118.972688913345 119.186957677205 113.931159178416 118.128498395284 131.379495064418 134.019027153651 129.094252983729 124.072849750519 128.609597682953 138.907730579376 130.624661842982 121.867120265961 129.888474941254 136.334290107091 129.388829072316 107.490042845408 65.8350636561712 27.0481978853544
119.41800514857 123.099754254023 128.976454337438 132.66654809316 139.808525641759 143.247783184052 140.10763168335 137.407382329305 140.444020430247 142.810483773549 140.126754840215 135.943154493968 133.260548114777 133.284747600555 129.567931095759 123.578727245331 123.536328474681 116.318186124166 120.354622602463 124.607235193253 123.262921969096 122.334390878677 123.85301788648 119.435171286265 118.508239587148 120.414406061172 116.35101834933 118.399361769358 124.879608551661 130.184054374695 135.324796040853 134.100486834844 125.896960496902 128.123501936595 137.992034355799 147.986680269241 144.920249780019 134.174128373464 132.649123668671 139.440635840098 127.344906330109 118.9812819163 117.384165525436 116.473148266474 114.353040854136 113.255113363266 102.045843998591 44.9725488821665
118.715365727743 115.553498268127 120.991329352061 129.630774259567 136.000921328863 139.359772205353 142.598470052083 144.583642482758 144.750167926153 140.29981692632 142.873227596283 141.964544852575 137.200643618902 134.746372699738 132.115264733632 126.889556646347 125.696440537771 121.494521697362 124.896019697189 129.943390687307 131.309082110723 130.624294281006 127.067387104034 125.759869813919 122.678538163503 125.07834037145 125.899453957876 128.307243188222 133.453637361526 143.4339483579 153.922289609909 154.463261365891 142.631689707438 137.734999259313 136.284083127975 147.094935178757 153.172711531321 147.583504517873 137.768079837163 126.669426759084 116.426835457484 118.147273858388 117.205123106639 111.252884070079 107.088267803192 112.025837103526 106.486578782399 57.2565495967865
119.802663723628 122.689127922058 125.583420197169 133.172730604808 133.685986200968 134.648025035858 143.523583809535 148.449738820394 147.659877936045 147.153745094935 146.154224872589 145.403762658437 140.618910392125 135.196258624395 135.687589645386 138.707538445791 129.904220501582 127.645264069239 128.962467114131 134.904464085897 137.404839197795 133.072217305501 129.621773958206 128.865083058675 123.590270678202 130.394488573074 134.635368982951 134.035428365072 137.425392866135 148.397127787272 160.066107908885 162.205507357915 156.322846810023 141.673535108566 130.342304706573 133.853256702423 146.542519330978 154.387613137563 140.823602676392 119.111686944962 111.254125833511 119.65407927831 123.36262067159 119.548579057058 113.265057404836 109.595507383347 92.7173892656962 64.0219400326411
120.222628116608 131.738364696503 134.359916051229 136.346211036046 134.204725424449 133.437216281891 141.104410092036 146.713753541311 146.620452404022 151.144375403722 149.029473463694 147.660652796427 144.354075193405 138.421694437663 138.087451457977 144.899666309357 137.15739051501 132.103264331818 129.589716593424 132.610479990641 133.183499177297 131.611158450445 128.795911868413 124.983549118042 124.250551064809 126.775681972504 130.165865023931 129.606246948242 132.319867610931 140.048613150915 149.064203103383 162.666479746501 157.019555568695 133.731782436371 98.9907781283061 92.4274027347565 112.275272607803 137.288490931193 147.899965445201 145.669857660929 141.312410434087 129.834095637004 113.798101743062 110.968708992004 120.574951171875 111.236800750097 88.5151028633118 75.7966289917628
123.378932476044 121.835609277089 121.043016513189 124.723931153615 131.833026806513 137.259344259898 137.249330679576 144.254098335902 143.504410982132 147.940923770269 148.039132356644 150.350908438365 149.447858333588 143.354227145513 140.876074632009 139.609893163045 141.190032164256 132.566720247269 126.810938119888 125.300347805023 124.851246674856 126.852254072825 126.58836444219 120.617091655731 122.459948062897 119.614392518997 119.858354330063 122.976193825404 121.683657169342 122.365057468414 130.63907623291 141.681134700775 139.847993850708 112.753351529439 76.6740540663401 57.4290057023366 63.7779732545217 92.5430258115133 126.766453186671 146.471152702967 150.348315636317 132.560253143311 107.822090387344 103.707532087962 114.143510659536 101.85307264328 84.4541688760122 93.4990247090658
127.938489119212 116.915335257848 113.720049460729 119.886577129364 132.448842128118 141.361763079961 140.694121519725 141.879300276438 144.816637039185 144.465972979863 147.504409154256 149.960696697235 151.502947012583 149.012883504232 142.859488725662 140.023817618688 143.470416466395 134.760171175003 129.73548968633 130.674690008163 130.374014377594 127.747764190038 126.041074593862 120.886305967967 120.921562115351 119.455426931381 117.884874343872 118.640532096227 115.937819083532 110.593686501185 104.409794012705 110.702604055405 111.468295256297 93.4136708577474 77.5874058405558 58.7211747964223 34.3962584932645 35.3766555587451 67.9827034473419 105.021238327026 130.319734414419 120.035260915756 107.71373907725 101.68202718099 94.6941375732422 88.6852145195007 81.8334420522054 104.767322540283
128.508667151133 122.120022773743 118.434111277262 123.938391606013 134.22899444898 143.276264270147 146.757344404856 142.359018325806 147.408296664556 145.063161849976 148.645381132762 150.10937054952 152.155458927155 153.290013472239 146.645337343216 147.059778372447 147.195309400558 140.405654907227 134.360611438751 135.906904935837 135.955860217412 131.457547346751 128.966112931569 128.976285457611 125.610550244649 123.522192239761 121.701935927073 118.94687016805 113.116949796677 106.184800465902 96.1927970250448 100.651194651922 104.010979334513 103.845685720444 102.403312921524 90.0980333487193 61.5252554416656 44.5969700813293 39.7473375002543 43.3302968740463 90.0099078814189 95.9628919760386 84.7870906194051 58.2627952098846 57.711531718572 78.1563371419907 86.2814784049988 97.6584355036418
132.450520992279 130.218923091888 125.186870495478 122.228612502416 129.61142261823 141.942709684372 143.90574892362 142.208129167557 143.499106168747 148.984799782435 155.96612294515 156.356970469157 155.016203721364 155.159334341685 151.422401269277 150.531431039174 151.828149954478 148.138364156087 142.520606517792 139.260639746984 135.727802912394 134.523838758469 136.213382085164 138.736466566722 132.558425267537 128.681182861328 123.641669750214 112.876147031784 104.268968105316 100.949843724569 99.3663767973582 106.436828772227 110.083520412445 120.957414309184 129.387438297272 127.670526504517 115.182489156723 92.064638932546 79.8332591851552 50.1662989457448 60.4746043682098 81.281989812851 81.366037329038 68.6786472797394 69.2562808593114 87.795227766037 115.182230869929 112.254579861959
135.625600814819 134.509692589442 132.629136244456 126.933624347051 126.908282438914 138.993134101232 142.180065313975 142.200817664464 141.608019669851 150.190085172653 158.652305603027 158.561249574025 153.414805730184 156.186024347941 156.295160452525 150.408297777176 152.681241432826 148.854513963064 144.071002801259 141.787528991699 140.547116597493 141.236493984858 138.587335745494 137.09964354833 133.106668790181 128.042072057724 105.086038510005 81.8380117416382 77.425092458725 84.7655733426412 96.5642134348551 102.842013041178 108.428110678991 114.94317650795 130.31459848086 145.714739958445 139.543642600377 134.553730487823 135.059297084808 93.2783285776774 65.2460952599843 83.686222632726 101.34036342303 103.193918863932 104.06235853831 119.963785012563 149.034023284912 137.838790814082
134.629805882772 132.094293832779 135.619481404622 135.257929563522 130.88646531105 135.36411523819 142.669022083282 144.14855837822 142.828285694122 149.62504307429 157.640854517619 156.827211380005 152.101248502731 154.607484738032 157.443553209305 146.951804558436 148.258417844772 147.074063618978 145.721515019735 145.475576321284 146.616588036219 148.136119047801 143.112182617188 135.040233532588 132.992108662923 131.39076034228 108.50199063619 84.605594476064 84.6898754437764 94.0347611904144 106.510897477468 108.931909004847 120.449056228002 130.889068047206 137.075314919154 148.619651794434 144.454419612885 89.3346667289734 75.05997021993 97.7653960386912 94.5551991462708 109.441210826238 114.68568444252 97.2667634487152 85.0879152615865 99.0412533283234 126.109709342321 120.699226856232
122.054100036621 130.782266457876 133.662700653076 135.736703872681 134.960363308589 131.339718898137 143.234759569168 147.917926311493 146.85187737147 150.279760360718 154.187570015589 154.930055141449 154.045561949412 150.911569595337 152.222365140915 146.9673315684 143.719325462977 146.496037642161 147.780607144038 148.374398549398 150.065551201502 146.106541156769 145.656983057658 140.512893597285 138.397167126338 138.958394527435 131.82474176089 125.032226244609 126.248886187871 129.487792650859 126.059055328369 119.064420461655 135.199735562007 142.404764890671 137.586484352748 115.940262873967 95.4525272051493 52.919864654541 38.2484868168831 60.4707151651382 97.5523193677266 119.925816853841 117.510994275411 101.793050765991 89.4969801108042 93.9171214898427 110.956450303396 115.690718094508
111.09052101771 127.88987159729 131.664603948593 133.820752302806 136.944164832433 132.146169741948 137.807766596476 147.576948006948 157.466282447179 158.090015252431 154.599696397781 152.942130963008 154.404143492381 152.329554160436 151.945541302363 149.066547552745 144.138048092524 145.400365193685 142.40829149882 139.993220567703 140.86585243543 140.270928541819 138.283252716064 137.319227059682 137.677768866221 144.182920455933 158.809979756673 162.946164608002 148.662348588308 146.559496720632 131.787379582723 119.192242622375 129.65390086174 119.973371426264 68.5905317465464 56.5459032853444 54.2957534392675 44.2030380169551 29.3780590097109 26.2685269117355 28.8950055837631 83.4578176339467 114.386598269145 136.395692825317 151.026755571365 146.118452151616 139.327496290207 137.154817581177
112.951030333837 123.976190884908 132.317493359248 134.351789951324 136.077215274175 136.411686738332 130.414615074793 141.424119472504 163.546611865362 162.251422802607 154.139548540115 150.539477666219 152.747362852097 155.347804228465 154.04200553894 150.281717379888 147.836794455846 143.340319395065 135.941823323568 128.255983193715 127.285659313202 131.234655777613 130.977968374888 133.229007323583 133.555710315704 142.44532585144 160.123209158579 169.370770454407 154.198706150055 146.193345387777 125.003506739934 109.162916739782 108.788857857386 100.624899069468 76.0025829076767 48.7350275119146 53.8873573144277 65.3633127609889 57.5339098771413 40.1056557893753 27.5191093484561 47.4247584740321 92.1146670977275 123.741288979848 141.702940066655 136.709292729696 129.051089286804 129.786084095637
125.941375891368 129.191795984904 132.166524728139 128.129184246063 121.293256680171 117.39378174146 126.674065987269 132.635196050008 143.422067165375 141.939878463745 139.748156070709 145.593265692393 151.965439319611 153.112987677256 148.208061854045 149.895330270131 149.067580699921 141.930927832921 133.210301399231 125.821133454641 124.667853116989 124.968727429708 127.63899564743 128.705223401388 131.846646467845 135.476559400558 146.006345748901 157.320658365885 147.008319695791 135.446200768153 120.546281337738 101.044178009033 91.962327559789 104.306280612946 96.3893830776215 71.5508858362834 75.7679690917333 112.768779198329 120.047122240067 96.1472491423289 59.0673188368479 46.9034413496653 67.312091588974 86.837778488795 74.380690852801 92.3335651556651 97.5189407666524 102.719396352768
139.434357484182 135.526796181997 131.681889295578 123.597194751104 111.756185690562 102.852165699005 116.260886192322 115.378528833389 102.718263864517 103.766123453776 120.163102944692 133.853693803151 138.753573099772 142.605493466059 146.182696024577 157.779852549235 159.528354803721 149.660378694534 139.224797487259 134.543687105179 129.863788684209 129.291087388992 130.459407965342 128.512620925903 127.550711234411 130.643496910731 133.494883775711 139.998277028402 135.970691839854 112.037052710851 115.406701962153 108.626852432887 99.1669793923696 115.501900513967 118.291785319646 104.976276556651 97.430686155955 100.233177344004 106.572846571604 102.67773270607 85.3542188803355 67.6776021718979 67.1335558096568 53.5575946172078 44.0760254859924 61.591496070226 76.0295540094376 80.3333272536596
