input/barkrak2/radiation/dir00824.grid
NCOLS 85 
NROWS 70 
XLLCORNER 665100 
YLLCORNER 4664600 
CELLSIZE 20 
NODATA_value -9999 
[rows 46 to 68 of 70, columns 0 to 51 of 85]
49.9896903832754 51.5666256348292 54.1809896628062 56.1141520738602 55.9199601411819 55.7557841142019 57.6803833246231 59.4375232855479 56.2221755584081 55.0400565067927 54.425706466039 53.7235935529073 50.3176599740982 47.0535159111023 47.3703891038895 50.5805114905039 48.7685054540634 44.1157768170039 47.8679190079371 47.4126835664113 44.9496557315191 45.4995880524317 45.8968132734299 44.1684822241465 51.9310235977173 46.7066317796707 47.9749987522761 48.7897346417109 48.1643577416738 47.4891612927119 46.4877039194107 43.5985326766968 42.4799273411433 42.3068106174469 44.7304248809814 46.1805363496145 47.2778131564458 51.6915023326874 52.8187453746796 50.0080684820811 49.0130881468455 46.7870483795802 51.0325084129969 56.0225943724314 48.0501850446065 23.131862282753 0.893844213957588 0 0 0 0 0
44.256716966629 46.5228656927745 51.8371760845184 53.4496605396271 56.9340288639069 58.4836999575297 56.6111207008362 56.4156174659729 56.5218528111776 59.0633451938629 56.3427209854126 53.2510727643967 51.8607844909032 51.6525457302729 50.0699430704117 48.9773005247116 48.2827723026276 41.8329934279124 45.582244793574 46.8356609344482 44.0677404403687 44.4959898789724 47.44653403759 43.1410868962606 45.9537158409754 46.6680228710175 42.7867968877157 45.9092557430267 47.8928238153458 46.5061167875926 47.7112929026286 46.8316574891408 42.7314986785253 44.9252973000209 55.1086564858754 59.4684978326162 53.967426220576 49.043208360672 50.9753574927648 58.2756052414576 52.6165763537089 47.1912125746409 53.6458392937978 58.4292709827423 53.2260288794835 37.990614771843 9.29953965047995 0 0 0 0 0
37.7227514982224 40.8112208048503 45.847550034523 48.9653646945953 55.3949077924093 58.6675703525543 55.835614601771 54.1487733523051 58.1501424312592 60.4041914145152 58.4962318340937 54.848978916804 53.6659558614095 54.4678717851639 52.2189239660899 47.5177268187205 46.5670824050903 42.4203375975291 45.1892763376236 48.3276794354121 47.6511319478353 47.682190934817 49.5021939277649 46.9696223735809 44.9841270844142 48.521543542544 46.3905235131582 50.1326322555542 54.7455449899038 56.5243115027746 59.5448464155197 60.8063240845998 51.9820551077525 52.5113642215729 60.1562956968943 67.2054141759872 65.8332755168279 56.3843150933584 52.6647170384725 55.4712017377218 50.1655389865239 44.6472267309825 44.9974785248438 45.3278670708338 44.1944301128387 43.440173069636 32.9448456565539 1.9817347638309 0 0 0 0
36.7199381192525 34.7814882795016 38.7908269961675 46.3042060534159 51.7052710056305 54.7674397627513 57.4047366778056 60.040627916654 61.2842092911402 58.1561128298442 60.2331757545471 60.3025754292806 57.3395291964213 54.9551099538803 53.3858736356099 49.4211713473002 47.7227667967478 45.7355926434199 48.1040775775909 52.5250335534414 53.3120930194855 53.3361782630285 50.9319653113683 52.210400501887 48.2290387153625 50.2178718646367 54.3152093887329 58.3552221457163 64.1186436017354 69.4966067870458 74.9356249968211 75.9277492761612 67.5681283076604 60.7794523239136 60.3304505348206 61.6252819697062 71.7707326014837 67.430113752683 55.3406476974487 48.4981735547384 44.20538743337 44.8808073997498 45.6199745337168 42.1322484811147 39.0494987368584 39.1889562209447 25.1990929245949 7.88479422529538 0 0 0 0
36.9570776820183 40.1813263694445 43.6267803112666 49.4934370120366 50.0134030977885 50.3404388825099 57.9724013805389 62.9495233297348 62.955766916275 62.6972317695618 62.5376999378204 62.6091261704763 59.2937469482422 55.1155457894007 55.2678952614466 58.8576048612595 52.2236377000809 51.859438419342 52.6881118615468 57.0204059282939 58.0305953820546 55.3032259146372 53.0923207600911 53.215891122818 48.8892098267873 53.377240896225 57.895635565122 61.2526734670003 69.8422292868296 75.9983758131663 81.8726470073064 84.4414333502452 78.0840317408244 65.132071574529 48.2642104228338 50.2129892508189 59.9132279555003 68.3614164590836 60.1314504941305 46.223392089208 40.7818704843521 45.4091181357702 51.305149992307 44.7980761528015 41.4837549130122 38.8483529289564 22.9259158174197 11.7664709687233 0 0 0 0
37.7096285422643 47.9624768098195 50.0822961330414 51.2853264808655 49.3043164412181 49.0757177273432 56.4056187868118 61.5303814411163 61.5331530570984 66.4860953887304 64.2229268948237 63.4992917378744 61.5563690662384 57.4873983860016 57.3522647221883 63.1235937277476 57.0507099231084 55.3467075030009 52.8842012087504 54.5881390571594 54.3036162853241 52.6838600635529 52.3946831623713 48.9052385091782 48.2095877329508 49.5952914158503 52.6683479547501 55.6100408236186 59.8366359869639 70.2321529388428 77.5746603806814 84.4032367070516 77.9732167720795 59.1484407583872 20.4472318291664 19.9292935431004 26.7679914832115 52.3038357496262 65.0418698787689 63.2073134183884 58.3469967047373 49.3932465712229 43.0509001016617 39.9225826064746 44.252077738444 39.1447792450587 22.7801303068797 16.8295428156853 0.34830622219791 0 0 0
41.0474588473638 39.6115779876709 38.8559972246488 41.0098781188329 46.7042525609334 52.0328233639399 52.8939664363861 58.3979139725367 58.3499769369761 62.9478792349497 63.2540682951609 65.2049084504445 64.9457176526387 60.6519877910614 59.6460451682409 57.9137106736501 59.3425929546356 54.1190256675084 49.6051013469696 47.1392919619878 46.8991249799728 48.4591176112493 49.2103199164073 44.8496441046397 45.9691832462947 43.9793616533279 45.606071750323 46.0109760363897 47.7619568506877 51.6644070545832 56.9986999034882 68.1635787089666 65.2924875418345 36.5877399841944 16.3661316037178 9.03993162016074 9.84182953834534 18.1584482391675 42.7830119927724 58.1059356530507 63.7508481740952 51.6948252916336 37.8482143084208 34.5989068349202 38.847195605437 26.3594314455986 22.2066268324852 32.2678312659264 16.8019756674767 0.100086976696427 0 0
43.4141506751378 34.5878452062607 32.662312189738 37.431796391805 47.7593094110489 55.5845946073532 55.456022421519 56.445986032486 59.0725541114807 59.5113833745321 61.6289923588435 64.2788012822469 66.0424878199895 64.7905766963959 60.701255997022 58.6952964464823 61.2177153428396 54.8834751049678 50.4816522200902 51.019216577212 51.1047542095184 48.9440759023031 47.1186190843582 44.5601393779119 44.3435261646907 42.6216423511505 41.1520476142565 42.7612960338593 41.2611961364746 40.110170841217 33.7907721598943 40.3999413053195 43.5826281706492 23.383359114329 17.9312229156494 9.88247121373812 2.16907262802124 1.21370617610713 8.83636064827442 24.0937322378159 45.3983346621195 42.6278114318848 36.0221589605014 31.7256723841031 22.1553718050321 23.1243148446083 20.9858864545822 38.3799349268278 45.4546958208084 26.8634930253029 2.43861476580302 0
43.6148395140966 38.5661870241165 36.7589443922043 41.638453801473 50.1021246115367 57.0277074972788 59.962938229243 56.2916696071625 60.6107612450918 59.3375960985819 62.9632224639257 64.677099386851 66.0774459441503 67.6434437433879 63.4530285994212 63.0141496658325 63.6997669935226 58.8402251402537 55.6517193714778 56.2137315670649 55.6386659542719 52.2681673367818 50.0023663043976 49.9113500118256 47.6698329051336 46.6061333815257 43.7100976705551 40.9317016601562 37.9280398289363 33.9545011520386 26.8012930949529 31.2831848859787 38.7498339017232 40.9371728698413 39.1207089026769 28.9316847920418 10.2678375939528 2.19137190530697 1.34324934333563 5.90419645110766 20.3851933280627 24.4194467862447 20.6034307678541 14.9068248768648 14.6432096759478 19.852173825105 21.7803716659546 28.782069683075 41.5080140034358 45.7295576731364 28.6215866605441 0.951031067719062
46.5626269578934 45.1928277810415 41.97958111763 40.97813864549 46.461413304011 56.3028355439504 57.744562625885 55.9991995493571 58.0084025859833 63.1264348824819 68.868746360143 69.7382390499115 68.0318921804428 68.489486972491 66.6490445534388 66.4659837881724 66.8225387732188 64.2904092868169 60.7623308897018 57.3324859142303 54.838885863622 53.7823637326558 55.7368596394857 56.6055476665497 54.0059854586919 51.5022228161494 43.9397344986598 36.5085005760193 30.9694334864616 29.1729842623075 28.9029528697332 35.1679970820745 42.6138589779536 53.5723070303599 58.5548480351766 56.93019926548 43.0515160163244 28.9156064391136 17.4103503425916 5.32634059588114 10.3660635650158 19.8666577537855 20.4075475533803 14.8199101289113 14.3787736694018 29.1433185338974 47.2196886936824 40.8679967125257 35.939892133077 41.5750220417976 33.9237799247106 7.89608061313629
49.0048478047053 48.405001560847 47.3660329977671 44.1886285940806 45.4238057136536 53.8010001182556 55.8550208806992 55.9874773025513 56.2678873538971 64.9903317292531 72.6007868846257 71.3923374811808 67.2905743122101 69.6672896544139 70.9659357865651 65.7343665758769 67.5760606924693 65.6716078519821 61.7001503705978 59.6720427274704 58.8612258434296 59.1316024462382 56.7901233832041 54.1253685951233 52.2135396798452 47.5444694360097 31.2175874908765 5.87159084777037 4.70204651355743 16.8022786577543 26.697188615799 31.9372887412707 40.857620537281 48.1658031543096 59.1144263744354 62.4380161364873 61.0769440730413 53.4648348887761 42.0108238855998 23.5853443543116 11.9721169273059 20.0117292503516 38.3539547522863 38.4242981672287 31.9506699840228 49.6158550182978 72.6711650689443 62.6795093218485 41.9888397057851 30.2470450599988 15.0820165872574 9.02952253818512
47.9454497496287 46.1030503114065 49.5787709951401 50.5690375963847 48.3289808034897 50.8725692828496 55.7776391506195 56.7452510197957 57.2187701861064 64.8560623327891 71.2621510028839 69.4383084774017 65.3548737366994 68.6704864104589 72.1217493216197 63.2289946079254 64.8865650097529 63.7744863828023 62.4477763970693 62.9623830318451 63.7667874495188 65.0962044795354 59.8620027303696 53.9012004931768 52.7241776386897 49.2603679498037 33.7104996045431 16.671784222126 16.1371318002542 22.9549780488014 33.1213623285294 35.7642422119776 49.5671778917313 58.9812894662221 69.5925801992416 63.0693336327871 59.6704284350077 24.3051772316297 24.6416181325912 25.1915181676547 29.1362504164378 38.0552286903063 43.0973966916402 23.5654463370641 18.1517402331034 22.250605126222 46.3141649961472 49.7882465521495 37.6210163036982 29.0727516015371 21.474947532018 15.8082519968351
37.5341524680456 44.4862147172292 47.7939744790395 50.4286189874013 50.5241304636002 47.4801162878672 56.049128373464 59.4661235809326 60.492197672526 65.2250200510025 67.33571489652 66.7425692081451 66.2211726109187 65.0264918804169 66.4328436056773 63.0074739456177 60.2902968724569 62.9807462294896 65.4159486293793 67.2848075628281 69.2205280065536 64.9095873037974 63.531349102656 57.8766961892446 55.9150576591492 56.4000755548477 51.1865566174189 45.1866040627162 45.0642953316371 45.3936606645584 42.0455634593964 41.8047159910202 58.3189477523168 71.30166888237 50.9230345487595 46.3737199703852 29.1261846820513 12.1816818912824 4.34467755258083 10.4030302415291 10.4452073574066 37.5571250915527 45.8951493104299 39.1286611557007 27.5619179010391 28.7241861224174 41.6966776053111 45.9079593420029 43.2485242684682 36.9932601849238 31.0899366935094 30.127190053463
28.8002242644628 42.181799809138 45.9105670452118 48.7020264069239 51.5534083048503 47.9371597369512 51.7809291680654 58.8667392730713 69.0809239943822 70.4937477906545 65.8208280801773 63.7855927149455 65.9441401561101 65.3999249140422 65.4717733462652 63.2857531309128 60.1094365119934 62.6997947692871 61.0694090525309 58.5436721642812 60.3067278862 60.6526782115301 59.3569129705429 58.4496955076853 60.3254685799281 63.963308930397 71.9301203886668 72.7962652842204 62.9313141107559 57.3428819576899 46.7516084512075 38.6447235941887 47.5634187459946 49.3061343828837 20.9080477555593 14.332560201486 13.5026002923648 7.77618462840716 0.657692862053712 0 0 13.3442978064219 41.0869767268499 63.8488133748372 69.3727831045787 63.7976626555125 61.441977818807 61.8878602981567 61.5169505278269 51.0652263959249 40.7478486498197 50.5803177754084
30.5719077587128 39.6065985163053 46.3093717892965 48.5533873240153 50.1694977283478 50.3753821055094 45.0835178295771 54.1775425275167 73.061615228653 71.9730605681737 64.1503284374873 61.0318332910538 63.2178485393524 67.4832115570704 66.6454881429672 63.4217411279678 62.6318256060282 60.5708708365758 54.4478992621104 47.6886779069901 47.8840967019399 51.5157729387283 52.6287257671356 56.0622910658518 57.1102847655614 64.3687695264816 80.0029734770457 85.2007865905762 65.599650144577 54.6258191267649 45.7231154044469 33.60748787721 36.4373922348022 38.0089928706487 19.2570053040981 10.4146481802066 11.3889947533607 16.3756782809893 9.45486500859261 1.09256035648286 0 2.55258039881786 21.1797207593918 44.6515381336212 47.4929064512253 48.6123263835907 46.3067889213562 47.287772099177 52.8913040955861 46.8312750260035 47.3454495271047 79.9450327952703
41.215255856514 44.0525511900584 46.1659133434296 43.1060343980789 37.8075788418452 34.3236004312833 41.6958034038544 46.9795763492584 56.3537776470184 52.1479497353236 48.8010942935944 54.1095038255056 62.5913242499034 64.3769204616547 60.6120179096858 62.5056823094686 62.9921853542328 57.5471421082815 50.0262081623077 45.209214091301 44.6611493825912 45.0237840414047 49.0260074536006 52.5356431802114 53.5318950812022 57.790865500768 71.5520133574804 77.841987212499 66.0570164521535 51.650861899058 44.3538079659144 30.2865629394849 23.1616199016571 41.254016260306 38.0491887529691 18.3067185183366 18.2858730355899 40.2507732311885 42.1151220798492 28.8772433996201 6.58346650501092 3.46647916982571 12.0039743681749 19.1341017683347 17.9073885083199 19.6287830670675 22.1005504329999 24.3736977378527 23.7959573666255 39.9967183669408 60.3167315324148 112.239181995392
52.0272304614385 48.8542815049489 45.2635188897451 38.7227858106295 29.6127125620842 23.9992588758469 32.1519573529561 33.3030596375465 24.129976828893 23.1492767731349 35.14564037323 44.808492064476 51.0993301868439 55.3204715251923 58.0883721510569 68.1092242399852 70.9940840800603 62.7180089553197 54.5298953851064 51.2020488580068 49.0485380093257 48.3212471008301 49.3031938870748 49.1583595673243 48.6932694911957 54.2930761973063 61.4562680323919 64.0414754549662 59.1247330109278 40.5186886588732 40.0413523117701 35.224641362826 31.2210867802302 49.2748816808065 55.7065655787786 44.1581507523855 34.5485731959343 22.2728128234545 29.701625307401 32.0386787255605 22.3543494939804 9.99366864562035 11.6884646316369 12.1233053505421 6.85317814350128 8.08705389499664 15.4090709984303 17.4708540240924 18.5603176554044 40.2314191063245 85.015207529068 127.838412920634
54.6607226133347 48.3936071395874 43.8511520624161 40.2304604649544 33.5333595673243 28.0259201924006 23.8837028543154 19.4039978086948 5.42665210862954 13.1346409519513 28.762474656105 40.3551210959752 40.0868058204651 47.4848449230194 60.5038305123647 76.0514984528224 81.5874487161636 74.6046155691147 66.5088991324107 62.7147207657496 57.6394100983938 56.138331691424 55.4172446330388 50.3331224123637 46.814555923144 49.6236830949783 48.6236115296682 51.3397753238678 47.6669172445933 33.4806914130847 32.0867871244748 33.5171744227409 26.9838273525238 47.4787751833598 71.3941007852554 74.4735548893611 49.4371106227239 16.1122356851896 12.7692768971125 18.1393300493558 18.6071122686068 16.2912358840307 17.3371558388074 16.3561031222343 9.5441322773695 6.381514792641 12.501735240221 18.9801019926866 28.6698738733927 52.9542515675227 115.873396396637 146.878739198049
57.0934414863586 51.9486467043559 50.6769766410192 51.6932954390844 48.5515793164571 42.5543288389842 37.7409408489863 38.1513958175977 36.9171649217606 42.4316376447678 50.0837415456772 55.4644018411636 55.7657380898794 51.1418084303538 61.0892375310262 76.7678171396255 86.8142644564311 86.7915352185567 79.8805058002472 70.4133758942286 64.7624333699544 60.1081748803457 57.9925676186879 60.0113073984782 52.016685406367 41.7597591876984 39.606861770153 42.9362157980601 40.6623010834058 39.8515785733859 22.6029083132744 19.2269024749597 15.7194087902705 24.1411154468854 78.1931479771932 88.380495707194 56.5176457166672 19.9303428332011 7.49392807483673 7.61554948985577 10.6538211305936 8.39924129347006 17.9259839157263 25.8592590689659 31.3304290175438 17.0721809069316 15.1643045246601 34.2494448026021 58.9201897382736 102.492948373159 134.569108486176 147.686829169591
57.8777939081192 55.2027920881907 55.3294122219086 56.7375024159749 56.1457574367523 52.632341782252 52.4308135112127 59.9106649557749 75.8592536052068 71.9283173481623 63.2618566354116 63.9838178952535 69.9670712153117 58.2076211770376 59.3528548876444 67.3725704352061 75.7977565129598 82.9985539118449 83.8306943575541 77.1865298350652 71.622555454572 65.356249610583 62.312791744868 58.3117653926214 53.3575316270192 41.9913331667582 30.0127118825912 31.490055223306 34.6099783976873 18.7799197932084 13.7215591967106 11.8210390210152 7.38247235616048 6.79717337091764 72.6874123016993 89.8491442203522 70.7756380240123 58.4701051314672 27.8802737593651 3.51582933217287 0.19946814669917 0 9.69754035274188 34.6889570355415 40.7513901591301 31.5809100866318 30.2987669905027 52.4379014968872 108.58827829361 152.474562327067 145.835638046265 133.698811133703
57.0969929297765 53.7894119819005 48.3905772368113 43.9146459102631 44.1794743140539 46.0932751496633 46.1859256029129 57.961771885554 67.7822828292847 62.9530251026154 53.3141593138377 53.5284429788589 64.5374357700348 59.9015951156616 56.2848150730133 55.259495973587 56.0299654801687 63.0724430084229 73.2181866963704 77.4031380812327 73.2202778259913 67.448283235232 60.4751755793889 55.7221074899038 48.1811016798019 42.2349274158478 29.9569914738337 18.6482109129429 30.7173877954483 27.9981767137845 13.6466808617115 8.55848006904125 2.10373196750879 0 0.0867751465799908 79.9657106399536 86.8940750757853 97.5419481595357 79.1591306527456 31.1375806728999 2.81007960438728 0 3.05991992354393 19.3400954206785 46.1408545573552 65.4803415139516 86.0609014829 135.888735453288 176.298856735229 186.533649762472 171.328326066335 139.118144909541
59.2243919769923 57.1802755196889 51.4295647541682 44.7933475176493 43.2933370272318 45.9895630677541 38.6886646350225 35.8413805564245 37.4375705917676 34.2675050099691 27.4883434176445 25.2107655008634 28.5080174605052 47.0254123210907 53.9132754007975 48.4412560860316 38.0698690811793 33.6373448371887 45.3851073980331 65.5213793118795 67.3901935418447 61.9185914595922 55.3235709667206 51.9615709781647 45.1331833998362 39.6443059047063 33.4542070825895 12.6675143837929 17.9337238272031 36.4848847190539 19.8553229371707 12.6965219775836 4.80492350955804 0 0 59.6136351426442 99.6168653170268 113.979279994965 100.590924421946 71.4798271656036 38.6813804507256 9.60772857069969 6.27834970752398 24.3131270011266 55.2438249190648 117.824335892995 158.559501171112 188.887556393941 197.813133398692 197.107156117757 187.396983305613 158.846914768219
60.8991881211599 60.8310252428055 58.2901934782664 54.7958711783091 52.9310156901677 52.1748661994934 37.225770453612 23.5880464315414 23.8479326168696 26.0666037599246 23.4313284357389 20.8212460080783 22.0068842172623 43.1950787703196 56.75408244133 47.5307653347651 29.0094266335169 17.3042193055153 20.6694367031256 36.2423931558927 46.1752017339071 49.517755707105 50.1627971728643 42.9072231054306 38.4150991837184 34.106507897377 18.271138270696 7.62437966962655 11.2544807295005 39.6379232406616 48.3522365490595 41.3936227560043 21.833044787248 0 0 38.3854433894157 93.0031736691793 101.26405954361 82.1457455555598 79.0995458761851 83.9427908261617 68.4408744176229 46.5219765901566 61.1766129732132 112.895886103312 157.569626967112 180.73578675588 191.735605398814 193.506181240082 191.119273503621 186.135669549306 163.984676202138
