input/barkrak2/radiation/dir06524.grid
NCOLS 85 
NROWS 70 
XLLCORNER 665100 
YLLCORNER 4664600 
CELLSIZE 20 
NODATA_value -9999 
[rows 42 to 62 of 70, columns 0 to 46 of 85]
156.067669391632 152.397394180298 155.203680197398 153.808891773224 146.210610866547 142.676730950673 138.567467530568 134.778708219528 133.755336205165 131.284693876902 128.25874487559 127.368450164795 130.640019973119 135.256846745809 133.70935122172 129.514247179031 126.832703749339 131.977210442225 133.634934822718 127.101014057795 125.719060500463 123.941113551458 120.145221551259 121.643791596095 127.835273742676 123.944838841756 122.058282295863 128.732581933339 134.214669466019 137.286951144536 140.048613150915 140.287001927694 151.363690694173 174.294988314311 178.853789965312 159.688552220662 144.636233647664 142.094612121582 145.028720299403 156.146546204885 164.299647013346 165.965298811595 151.2464483579 115.080376466115 50.8013814687729 7.16079833606879 0
139.466385046641 142.249365647634 150.425483783086 148.105432589849 150.233725706736 152.676165103912 151.350071032842 145.217309395472 134.046713511149 131.816963354746 135.406206051509 129.739423592885 129.140277703603 134.121149778366 133.995642264684 130.131165186564 131.993512312571 133.624176184336 133.482873439789 128.632098436356 122.336804866791 119.769354661306 118.409593900045 117.141515016556 119.945506254832 125.532428423564 119.898835817973 124.201834201813 129.902044932048 132.217049598694 132.515182097753 130.008886257807 141.92940791448 159.702142079671 163.466056187948 147.487501303355 142.086187998454 148.623883724213 155.59180577596 156.202137470245 150.835434595744 148.004959026972 141.052514314651 112.811704476674 62.9721979300181 9.25478525459766 0
137.950927019119 142.885317405065 146.50430281957 147.065877914429 149.0172346433 150.895833969116 151.259879271189 146.422892808914 141.2393450737 135.118107000987 137.174715598424 133.091479539871 129.624158143997 127.561499675115 126.664280891418 127.357711394628 122.523019711177 129.385024309158 130.710313717524 127.279212077459 123.949368794759 121.984938780467 120.614876349767 121.953050295512 118.822981913884 128.055860598882 131.069997946421 129.860788583755 131.233602762222 130.075454711914 125.415235757828 123.813698689143 130.656043688456 135.070403416952 140.533208847046 140.448302030563 145.503709713618 156.303803126017 162.982175747553 151.980479558309 150.12389421463 143.098811308543 137.396991252899 116.35818084081 79.51819896698 33.7501441438993 0
143.96204551061 149.167408545812 146.610736846924 149.835934241613 147.598961989085 147.758742173513 148.659120003382 147.255529959997 147.289276123047 142.222722371419 139.938642581304 139.20005162557 133.159319559733 127.572844425837 127.062112092972 130.252907673518 122.669696807861 125.427981217702 130.542318026225 128.301441669464 126.559187968572 125.775595506032 123.839914798737 124.170710643133 124.696373939514 124.161273241043 133.157074451447 131.664206584295 129.698276519775 130.213210980097 127.058317263921 124.232510725657 127.577553192774 125.042170286179 123.64262342453 124.458928902944 133.714328209559 148.946821689606 150.404373804728 135.943681001663 139.485657215118 132.906218369802 130.175252755483 127.385159333547 108.643084764481 68.0235326290131 24.9868233998617
144.175668557485 145.441959301631 148.858626683553 150.648166735967 150.727381308874 150.390863418579 151.615520318349 152.723838885625 149.025658766429 146.07971906662 144.778142372767 142.746269702911 137.767493724823 134.848097960154 133.132616678874 136.244664589564 133.811453978221 126.907130082448 133.166968822479 131.579299767812 128.095547358195 128.5327176253 126.799732446671 122.575650612513 130.519956350327 123.917599519094 127.010057369868 129.545629024506 129.577825466792 129.548917214076 129.518608252207 127.023875713348 125.922451416651 125.313371419907 125.569681326548 124.702175458272 128.278374671936 137.679388125738 139.673819144567 136.313170194626 136.602381865184 129.070629676183 133.98681084315 141.949395338694 133.545637130737 98.5478659470876 53.4946471452713
138.46359650294 140.4187977314 146.956413984299 148.577024539312 152.735104163488 153.327445189158 150.127281745275 150.448819001516 150.506496429443 151.481529076894 147.005746761958 143.457363049189 140.868932008743 139.729867378871 135.885636011759 135.711292425791 133.776297171911 124.403605858485 129.569987456004 131.18980328242 127.228041489919 127.184351285299 131.050944328308 122.810314098994 126.467049121857 126.36602918307 121.317366758982 125.64538915952 128.769417603811 128.488590319951 129.805435736974 130.004028479258 125.555296738942 129.532039165497 141.048729419708 143.434256315231 138.671110073725 133.923927942912 137.872795263926 149.276196956635 140.993803739548 131.336430708567 139.172156651815 145.445009072622 138.705015182495 117.295722166697 75.3385523955027
131.080627441406 133.966475725174 140.54677883784 144.1976527373 151.317894458771 154.651612043381 150.746881961823 148.751308520635 151.502579450607 152.610331773758 151.022593180339 145.616134007772 142.560958862305 143.732517957687 139.829109112422 133.782704671224 133.735865354538 126.219818989436 130.207558472951 134.568830331167 133.148570855459 132.007658481598 133.364200592041 128.671189149221 126.066525777181 129.845649003983 125.787605841955 129.368921120962 135.892073313395 139.687776565552 144.772787888845 146.510859330495 136.639495690664 140.101244052251 150.636970996857 156.582732995351 154.803196589152 144.445578257243 141.750941673915 148.374299208323 138.108938932419 129.627962907155 126.980652411779 126.137296358744 124.083826939265 123.020907243093 112.137099107107
129.784087340037 127.167006333669 131.891200939814 141.217072804769 146.78833882014 150.911390781403 153.399229049683 155.958225329717 155.877510706584 151.297092437744 153.890609741211 152.803122997284 147.816528876623 144.019683202108 142.590741316477 137.281397978465 134.631872177124 129.878461360931 133.101562658946 138.342320919037 139.570901791255 140.36105076472 136.675039927165 136.863152186076 132.060577472051 136.2258096536 135.19760966301 137.507279713949 144.483546415965 152.617007493973 161.195486783981 163.575967152913 154.970029989878 150.112728277842 149.631917476654 158.993661403656 162.156562010447 157.652427752813 148.349473873774 136.009037494659 126.664062341054 127.704521020253 126.839816570282 121.046125888824 116.964846849442 121.799051761627 116.278082132339
131.234774986903 134.417990843455 137.061496575673 144.711444775263 145.226289828618 145.536532004674 154.344608386358 158.958295981089 158.949474493663 157.344202200572 157.218078772227 156.363139549891 151.427537202835 145.860701799393 146.325429280599 149.182140827179 140.22887746493 137.493580579758 138.680905103683 144.775450229645 145.695428053538 142.805496851603 139.186491568883 138.203034798304 132.990916570028 139.789501825968 143.905182679494 145.085920890172 148.413519064585 155.065953731537 166.846533616384 175.006906191508 165.339916944504 153.977870941162 142.168571551641 143.969376881917 156.792342662811 164.292911688487 150.879323482513 129.375795523326 121.022204558055 130.902051925659 132.783661286036 129.156271616618 123.026430606842 119.428932666779 101.846685012182
131.428192059199 143.369456132253 145.147323608398 148.016611735026 145.933489004771 144.421209891637 152.603338162104 158.105264107386 157.070845365524 162.29968269666 159.224142630895 157.705724239349 155.342072248459 149.221390485764 147.316614786784 155.461043119431 147.657016913096 141.992489496867 139.38315709432 142.607579628626 143.241822719574 141.574094692866 140.119890371958 136.21727625529 133.761584758759 134.302318096161 139.37571644783 140.611489613851 141.23398065567 146.625022093455 160.024702548981 173.535982767741 167.588829994202 144.233196973801 110.031644503276 101.595371961594 122.570693492889 146.386673053106 158.48567088445 155.621737241745 150.241901477178 139.231602350871 123.284558455149 120.70573369662 130.169302225113 120.904237031937 97.2687204678853
135.036438703537 132.780392964681 132.737497488658 135.939041773478 143.701414267222 149.023195107778 148.814330498377 155.09041150411 155.018538236618 159.238050381343 159.282068411509 160.565535227458 160.56818763415 154.289583365122 150.240153074265 149.10289645195 150.48681696256 141.102532545725 135.307282209396 134.126474459966 135.128845771154 135.429839293162 137.99923658371 131.925930579503 131.973952054977 129.075735807419 130.920539299647 130.49312432607 128.878623247147 131.234218676885 137.759606043498 150.861263275146 150.166640679042 122.202416261037 85.6682260831197 65.9515261650085 72.9270279407501 103.009849786758 135.7734700044 156.264066696167 159.728447596232 141.773412624995 116.904695828756 112.886101007462 123.889873425166 111.007740100225 92.9147899150848
139.961322148641 128.353317578634 125.560621420542 131.090104579926 144.244054953257 153.033445278803 151.516179243724 153.488238652547 155.564516782761 155.875156323115 158.081978559494 161.303550004959 162.771681944529 160.083750883738 153.614421685537 150.782446066538 152.9314716657 143.704622983932 138.599534829458 139.697978893916 139.268338680267 136.410733064016 134.671668211619 130.741039911906 128.910958766937 127.417941888173 127.298404773076 128.003855546316 125.103423992793 119.606077671051 112.243245045344 120.36207318306 121.52698636055 102.402736743291 86.2818161646525 67.1748022238414 40.9222990274429 53.9914617935816 77.0836025476456 115.068316459656 139.950017134349 129.5012931029 116.739153862 110.849638779958 104.172656933467 97.3675549030304 90.3184513250987
141.111105680466 134.203910827637 130.868117014567 135.6041431427 146.619876225789 155.004213253657 158.478607734044 154.079039891561 158.294975757599 156.620681285858 160.059869289398 161.401093006134 162.546058495839 164.47859009107 157.568136850993 156.830648581187 158.108135064443 151.000688473384 146.095802386602 147.655149300893 147.695044676463 141.72508319219 139.132877190908 138.908704121908 135.396818319956 133.117347955704 131.23474518458 126.796166102091 120.957871278127 115.678320328395 104.670981566111 110.01851161321 113.53741089503 112.827350695928 111.549496650696 99.4899670283 70.6591308116913 53.3907165129979 48.0737388134003 54.5016278823217 99.4305014610291 105.008631944656 93.6549504597982 65.9771958986918 65.3635809818904 86.4956577618917 95.0663288434346
145.111342271169 142.808814843496 137.678593397141 134.547611077627 141.984889904658 154.406468073527 156.280865271886 154.624760150909 155.845741430918 161.303579807281 167.370080947876 168.602645397186 166.451533635457 166.476835807165 162.463476260503 161.444842815399 161.679108937581 157.511979341507 151.642421881358 148.526400327682 146.248549222946 144.900798797607 146.373957395554 148.693372805913 143.994996945063 139.98951514562 133.415699005127 122.636665900548 115.263124306997 110.749701658885 107.893615961075 115.718801816305 119.572977224986 131.299485762914 138.319035371145 136.589576800664 124.438752730687 105.283002058665 89.3992781639099 58.7507287661235 69.0658589204152 89.9534523487091 89.9128317832947 77.1566331386566 77.9267698526382 96.6701904932658 124.769220749537
147.988696893056 146.720588207245 144.679655631383 139.335612456004 139.163494110107 150.574525197347 154.705653587977 155.245006084442 153.992017110189 163.34123412768 171.796043713888 170.799911022186 165.652642647425 168.405632177989 168.399055798848 161.467601855596 164.78286186854 160.859167575836 156.013041734695 152.476280927658 151.183317104975 151.617129643758 148.771385351817 145.656635363897 143.10081799825 136.599322160085 116.372575362523 92.051108678182 87.408055861791 95.4287946224213 107.2678565979 112.215419610341 118.177592754364 124.75116054217 139.32345310847 154.530942440033 147.805978854497 142.928858598073 143.579701582591 103.040347496669 74.0297933419545 92.5799012184143 110.395908355713 112.652917702993 113.906810681025 129.608015219371 157.757918039958
146.819780270259 144.430528084437 147.755404313405 147.038598855337 142.327576875687 147.018164396286 154.595832029978 156.105627616247 154.463907082876 160.817404588064 169.905205567678 169.141550858816 164.417088031769 166.823188463847 170.573194821676 160.075932741165 161.40228509903 159.11078453064 156.520555416743 157.39764769872 158.480107784271 158.602605263392 153.536528348923 146.727502346039 144.577125708262 141.990522543589 119.282712539037 95.6450502077738 93.9492881298065 103.679070870082 116.174161434174 118.205000956853 129.931588967641 140.02259572347 158.359785874685 156.750649213791 152.752190828323 102.468689282735 83.5978488127391 106.695195039113 104.050050179164 119.808653990428 124.286989370982 106.667776902517 94.6090817451477 108.905841906865 135.606507460276
134.721100330353 142.998884121577 145.865897337596 147.656818230947 145.933200915655 143.079459667206 155.138810475667 159.348785877228 158.501833677292 161.454598108927 165.667434533437 166.655878225962 165.721784035365 162.28519876798 163.52712114652 160.060425599416 155.861675739288 158.525049686432 160.97566485405 162.878115971883 164.628009001414 160.655717055003 158.80012512207 150.91735124588 150.078276793162 150.651057561239 143.916289011637 135.621915260951 135.978937149048 140.706280867259 135.826508204142 128.048956394196 144.198705752691 158.139785130819 145.995984474818 138.961841662725 104.426324367523 60.2348695198695 44.7832097609838 68.4936940670013 107.494761546453 131.569405396779 126.473128795624 110.82457502683 99.1110603014628 103.942384322484 120.811978975932
123.665660619736 140.067001183828 143.953541914622 145.816663901011 148.177226384481 143.951276938121 149.708906809489 159.10408894221 169.132550557454 168.430189291636 165.401220321655 164.821545283 166.17892185847 163.869301478068 163.379192352295 160.480240980784 155.363003412882 156.263401110967 154.315739870071 151.888231436412 153.990884621938 152.040431896845 151.356190443039 150.319556395213 153.647104899089 159.278949101766 169.437984625498 175.923546155294 159.953246514002 156.070788701375 143.019835154215 128.157357374827 138.734638690948 129.48269645373 97.7055430412292 64.0019029378891 61.4376465479533 50.8531630039215 35.4013691345851 35.3258773684502 37.05066939195 92.9751793543498 123.989601929982 145.398169755936 159.684518973033 154.871006806691 148.414671421051
125.409702459971 136.837114890416 144.382496674856 146.542469660441 147.710382938385 147.935022910436 142.557889223099 153.43310435613 174.319167931875 172.881444295247 166.392465432485 162.746876478195 164.630989233653 166.952013969421 165.622154871623 161.867638429006 159.15189186732 155.426392952601 146.88382546107 139.171411593755 139.147073030472 141.795525948207 142.684588829676 144.767741362254 146.606892347336 153.881500164668 173.129816850026 189.970771471659 171.437581380208 159.152934948603 133.667608102163 118.435442447662 118.477722009023 109.707842270533 84.1706097126007 55.57981133461 61.0673725605011 73.3802219231923 66.1552647749583 48.6330141623815 35.5657090743383 56.0862918694814 101.779450972875 135.515610376994 150.698532660802 145.859261353811 138.470043738683
138.183166583379 141.631096601486 144.276638825734 140.441497166952 133.436898390452 130.869269371033 139.801313479741 144.016375144323 154.733161131541 153.908600409826 152.466426293055 157.67307082812 163.591047128042 164.986530939738 160.63724954923 161.633332570394 160.555015007655 153.308133284251 143.692115942637 136.960874001185 135.599533716838 135.673860708872 139.384249846141 141.722599665324 140.202869971593 143.651932477951 159.072448809942 168.50733757019 158.083577950796 143.394867579142 129.69168027242 110.699951648712 101.777424414953 113.297164440155 104.683260122935 79.4177204370499 84.1876963774363 121.936251719793 129.299491643906 106.698155403137 68.6147212982178 55.6081980466843 76.3872315486272 96.0534413655599 94.712088505427 102.201660474141 107.297490040461
152.050316333771 148.096372683843 144.337366024653 136.213719844818 124.350676933924 115.094085534414 129.218687613805 128.013988335927 115.201572577159 117.337683836619 133.545398712158 146.224478880564 151.116877794266 155.3795337677 158.494631449382 169.150769710541 171.247661113739 161.373267571131 151.538749535879 145.931959152222 140.894065300624 139.012843370438 139.710326989492 137.339373429616 135.906904935837 140.354951222738 146.474281946818 147.480110327403 143.552442391713 124.819219112396 127.056419849396 118.288437525431 109.050889809926 124.672442674637 126.536945501963 113.416691621145 106.764137744904 109.801302353541 115.771909554799 111.541072527568 96.7875222365061 77.3390928904216 76.2673517068227 72.9304651419322 51.1199782292048 70.5295006434123 85.2826237678528
