input/barkrak2/radiation/dir03424.grid
NCOLS 85 
NROWS 70 
XLLCORNER 665100 
YLLCORNER 4664600 
CELLSIZE 20 
NODATA_value -9999 
[rows 44 to 65 of 70, columns 0 to 49 of 85]
74.2532561222712 80.0829579432805 83.3830535411835 84.0711990992228 86.041917403539 88.7851715087891 89.2587701479594 85.0894749164581 80.4845591386159 76.0551691055298 77.6039510965347 75.544685125351 72.1937566995621 70.4094072182973 70.2385902404785 70.5481916666031 67.2372033198674 73.7272004286448 75.6546805302302 73.281596104304 68.795179327329 66.6846732298533 66.0596638917923 66.9164011875788 63.3326967557271 72.9014227787654 75.8725106716156 72.1433659394582 72.963739434878 71.1144705613454 66.4535909891129 64.5794719457626 71.0032681624095 75.5924135446548 81.7813475926717 84.8525365193685 89.9732311566671 99.8693108558655 101.668288310369 92.3635760943095 91.3099348545074 85.348387559255 81.4485798279444 62.0079934597015 29.1802460948626 0 0 0 0 0
80.6383987267812 85.6420795122782 82.7925354242325 86.2446824709574 84.5640401045481 84.7606062889099 86.244543393453 84.9414666493734 86.4383180936178 81.9652726252874 80.8590948581696 80.0077418486277 75.1039087772369 70.7515776157379 69.607933362325 73.3342717091243 67.9832150538762 71.2189277013143 75.593575835228 74.9691625436147 71.8722492456436 70.3148742516835 70.3225235144297 70.5958356459935 71.9244629144669 71.7735836903254 79.0007213751475 76.1391967535019 73.2635656992594 73.2964376608531 68.7288443247477 64.9152745803197 68.3599164088567 67.1768089135488 67.6237642765045 71.0657934347789 78.6816825469335 89.7090931733449 92.4487014611562 79.298918445905 80.7062486807505 76.677863796552 75.6308535734812 72.7365165948868 53.3186892668406 20.3623051444689 0 0 0 0
80.5044025182724 82.3027044534683 85.0972533226013 87.3668690522512 86.9859953721364 86.515615383784 88.6293649673462 90.3298060099284 86.8864059448242 85.6717824935913 84.388792514801 83.8900605837504 79.8748433589935 76.4172226190567 75.9710371494293 79.4442345698674 77.9099762439728 72.1978495518367 77.4799088637034 76.2789895137151 73.2808113098145 73.8287220398585 73.3175029357274 69.8001931111018 78.6520491043727 71.1285173892975 73.1060802936554 74.9396085739136 74.0023156007131 73.0479955673218 72.742501894633 69.03870900472 68.6390896638234 67.9271767536799 69.7574317455292 70.9863354762395 72.9617128769557 79.4990758101145 83.3869477113088 79.4630348682404 78.2114813725154 73.5174268484116 78.8091321786245 84.7741961479187 75.3835141658783 44.3754643201828 9.58963545660178 0 0 0
74.3206838766734 76.6816238562266 82.6372404893239 84.5154126485189 88.1206194559733 89.7784233093262 87.3813529809316 87.0033502578735 87.139904499054 89.3526474634806 86.5188936392466 83.0862919489543 81.8205376466115 81.7798674106598 79.7175566355387 78.3613125483195 77.4214913447698 69.6115493774414 74.7148891290029 76.4001359542211 72.290301322937 73.4869241714478 76.7980416615804 69.6418285369873 72.7530221144358 71.3545083999634 67.5379832585653 72.0632076263428 74.0354210138321 72.0187922318776 72.5871423880259 72.7652162313461 68.3906078338623 71.1909631888072 82.0913463830948 85.846871137619 81.0871521631877 75.5838304758072 79.5454333225886 90.6990071137746 83.2246790329615 74.6235946814219 81.6537241141001 87.3941083749135 81.1662822961807 61.4844014247259 28.0486593643824 1.79885420948267 0 0
67.0296351114909 70.1390653848648 75.8549869060516 79.8036158084869 86.5291158358256 90.1062190532684 86.9417488574982 84.8233103752136 88.5595778624217 91.0582343737284 88.7872576713562 84.9375526110331 83.8041305541992 84.4989617665609 81.7039708296458 76.8886705239614 76.2491524219513 70.5904960632324 74.2417673269908 78.1961530447006 77.2274484237035 77.1564493576686 79.1961600383123 76.0844002167384 73.6704816420873 75.3310918807983 71.5818504492442 76.0048925876617 81.8583319584529 83.3744704723358 87.2698525587718 86.6366823514303 79.2037496964137 80.5376668771108 89.2440875371297 96.7665016651154 95.1591928799947 84.4173034032186 81.1925182739894 89.7983113924662 80.9047917524974 73.3889639377594 71.0498988628387 71.110854546229 69.6650991837184 67.6193883021673 57.6126923163732 11.344359566768 0.0184831757602903 0
65.7837937275569 63.3834302425385 67.5937831401825 76.3830343882243 82.531342903773 85.9838922818502 88.9399151007334 91.4459427197774 92.3674603303273 89.059183994929 90.9650027751923 90.6874338785807 86.9391957918803 83.9845240116119 82.6444228490194 78.6681969960531 77.0198901494344 75.1492083072662 78.4712880849838 83.0353597799937 83.793302377065 83.7391018867493 81.8465699752172 82.2282731533051 77.5378048419952 80.8599640925725 80.8572669823964 84.5680236816406 91.0223921140035 97.559799750646 104.521016279856 104.05300060908 93.6029652754466 90.5034740765889 87.2180263201396 96.7433353265126 100.821872552236 96.1576302846273 84.804634253184 75.9328752756119 71.9324499368668 73.1546382109324 71.1640218893687 66.0845090945562 62.4234676361084 65.9457594156265 63.388188680013 19.6756049990654 0.495560428438087 0.000321945284061561
66.255326072375 69.7623391946157 73.394720753034 80.2502334117889 80.8194627364476 81.1650653680166 89.6895229816437 94.9203372001648 94.5900877316793 93.8792328039805 93.8787659009298 93.5189922650655 88.920791943868 84.2708051204681 84.7984751065572 88.0778729915619 81.0786386330922 80.5379847685496 82.9980919758479 87.2573355833689 89.3087784449259 87.0109796524048 84.4049453735352 83.4150811036428 79.3681293725967 84.6828818321228 87.7869824568431 90.6433860460917 97.093790769577 103.028694788615 112.18449473381 114.87470070521 104.889174302419 90.0815526644389 82.0423265298208 86.6122841835022 93.3695733547211 98.8177061080933 90.1974240938822 72.5148220856984 67.1420594056447 74.4573920965195 77.4878114461899 73.068509499232 67.5854384899139 64.9709105491638 50.7839421431224 24.9839077393214 1.50713541855415 0
66.8975214163462 78.3176670471827 80.6674857934316 82.6310863097509 80.5756350358327 79.8163910706838 87.6904229323069 93.6603347460429 93.2843883832296 98.269134759903 95.6338842709859 94.6354071299235 92.4423237641652 87.481677532196 86.3507489363353 92.6429033279419 86.5656832853953 83.5673709710439 80.2438954512278 83.6603840192159 85.0458840529124 83.9017232259115 83.5807124773661 80.4335127274195 78.5643359025319 80.1819463570913 85.0722988446554 86.5846077601115 90.6859834988912 96.9972908496857 104.293127854665 113.424102465312 107.478191455205 85.3047569592794 40.1801193753878 35.9948426485062 57.5224161148071 86.7060621579488 96.1111386617025 92.5142864386241 89.9864236513774 83.247184753418 69.372812906901 66.8731282154719 73.5901594161987 68.0565933386485 39.6799693504969 31.8210919698079 6.92714688678582 0
70.6595331430435 68.7768856684367 67.8468644618988 70.250391960144 77.3433695236842 83.1948816776276 83.8624238967896 89.9555087089539 89.6495381991069 94.7879751523336 95.0814684232076 96.8486269315084 96.3296492894491 91.1138554414113 88.6954267819722 87.2665643692017 89.1748468081156 81.3946227232615 77.0865827798843 75.3239244222641 74.2360502481461 77.3134330908457 79.8072020212809 74.5890686909358 76.8895943959554 74.4368632634481 75.3108511368434 76.8843591213226 78.6752005418142 82.5979808966319 84.6726298332214 94.9207246303558 93.2754675547282 69.3903118371964 31.1280265450478 21.132471660773 22.2508683800697 33.5922837257385 65.4953320821126 88.8630747795105 96.2948401769002 85.8415861924489 66.0411914189657 61.8354876836141 60.9658062458038 57.4500809113185 38.8181755940119 53.856834769249 35.5539371569951 8.52564784387747
73.5447406768799 63.4111712376277 61.0402524471283 66.3591821988424 78.3206522464752 87.4049464861552 86.7725312709808 88.16264073054 90.9412900606791 91.1593039830526 93.5101310412089 96.1713790893555 97.8427330652873 96.0404674212138 91.1166071891785 87.8048638502757 91.0140077273051 83.7318698565165 78.3015092213949 79.1240831216176 79.1040112574895 76.0897397994995 74.6826231479645 72.5047290325165 73.9205032587051 71.7769215504328 73.0080902576447 73.8962491353353 73.1038252512614 70.5941021442413 61.7198646068573 65.6858930985133 68.4137344360352 50.5508879820506 33.1770107150078 22.2876047094663 11.2184720734755 8.70424509048462 20.3273532291253 52.4597615003586 78.4177680810293 75.0356614589691 66.3482447465261 51.9131372372309 48.0752487977346 40.1065622766813 37.2238308191299 62.0858122905095 71.8800077835719 50.0922799110413
73.7187713384628 68.0691798528035 65.7444298267365 70.8438158035278 80.5025100708008 88.9035761356354 92.1246707439423 88.0701144536336 92.7898685137431 91.2106235822042 95.0756669044495 96.8428254127502 98.2133348782857 99.7176667054494 94.1629310448964 93.8470264275869 93.4320489565531 87.696651617686 83.6959977944692 85.0703815619151 84.2206577459971 79.3469647566478 77.2811969121297 77.6156485080719 74.833999077479 74.4704405466716 74.0947723388672 71.6433624426524 68.4972455104192 63.4085337320964 53.6514272292455 55.7546714941661 62.171200911204 63.8458877801895 61.9707107543945 50.1365860303243 25.8894960085551 12.9770797987779 9.93805751204491 16.5489700933297 36.675771077474 41.91688199838 36.8224655588468 29.1821708281835 28.8035174210866 35.667950908343 48.6134986082713 54.4760425885518 67.2814349333445 72.8157609701157
77.2336175044378 75.7014751434326 71.8530168135961 70.3711410363515 76.3153384129206 87.7792437871297 89.9184346199036 88.1086786588033 90.1998182137807 95.121830701828 101.949711640676 102.512786785762 100.541780392329 101.079682509104 98.3038246631622 97.8237291177114 98.2097784678141 94.6202079455058 88.8282656669617 85.7950250307719 83.6651821931203 81.9356739521027 83.7665597597758 85.1530730724335 79.8836847146352 77.9486993948619 71.0301299889882 63.9892915884654 59.5843493938446 56.738277276357 56.4495027065277 61.2309078375498 67.0820971330007 79.0346165498098 83.5199554761251 82.7126105626424 70.0859725475311 48.7700800100962 37.8340135018031 17.0047506690025 23.0087215701739 35.784050822258 44.9538876612981 34.0156157811483 33.9049448569616 49.6472716331482 72.1755027770996 66.4614041646322 61.2426896890004 68.2004690170288
79.8983871936798 79.2972246805827 78.0852735042572 74.1192201773326 75.2400457859039 84.772656361262 87.9389544328054 87.9770914713542 87.890366713206 97.231537103653 105.8502693971 104.744454224904 99.9574462572734 102.380454540253 103.61588994662 96.7251062393188 99.034329255422 96.0005422433217 91.8241441249847 88.8702968756358 87.0311260223389 86.9665443897247 85.8397285143534 82.3604911565781 78.995888431867 74.6637731790543 56.5764804681142 36.2255225578944 31.3685437043508 39.1755451758703 53.5700420538584 57.8894664843877 65.1392539342244 73.1892585754395 83.6518208185832 96.8828697999318 98.5413193702698 80.3155352671941 78.5886744658152 48.3953456083933 25.2188593149185 45.9038863579432 61.30051612854 61.6581737995148 61.149999499321 75.8853455384572 103.902081648509 91.5323793888092 68.0162360270818 53.6610782146454
78.6423037449519 76.7462899287542 80.5450777212779 81.5381507078807 78.7123541037242 81.52903119723 87.9422624905904 88.8514419396718 88.967502117157 96.8907475471497 104.29127017657 102.799236774445 98.047931989034 101.523826519648 104.950139919917 95.1674381891886 96.9037810961405 94.8021610577901 92.2361413637797 93.2060678799947 94.5597390333811 94.1595236460368 88.6482497056325 80.5181115865707 80.0043344497681 77.0538747310638 59.4034145275752 38.7285028894742 38.7338548898697 48.6421932776769 62.9710008700689 63.6274019877116 75.6331185499827 85.3482286135356 96.259464820226 91.6363000869751 85.6436192989349 41.8477555116018 42.2888894875844 42.9293811321259 52.0463983217875 65.393586953481 71.3042517503103 40.8810650308927 33.6708674828211 39.1865372657776 81.0784250497818 75.8928308884303 61.8941982587179 51.6220132509867
66.8239444494247 74.6771097183228 78.5088241100311 81.4098666111628 81.2736203273137 77.7539511521657 87.7747436364492 92.2173460324605 92.616468667984 97.5655217965444 100.487331549327 100.202967723211 99.3323922157288 97.5803335507711 99.1107920805613 94.8005020618439 91.9237434864044 95.4640905062358 96.9285468260447 98.1913308302561 99.2273191610972 95.6867833932241 93.1575993696849 86.3581995169322 83.624800046285 84.0014815330505 79.1655232508977 73.5541184743245 72.1654196580251 73.5681702693303 75.5853752295176 73.7132529417674 89.3840591112773 97.7084139982859 95.0608948866526 69.7274456421534 56.665097673734 25.3342613577843 14.2379477620125 25.4134361942609 45.6927369038264 66.6969368855159 75.5156129598618 61.7987314860026 48.8374431927999 51.0863661766052 66.6085779666901 71.298360824585 68.672592441241 61.4998241265615
56.403378645579 71.8007733424505 76.4248470465342 79.3377161026001 82.5263410806656 78.437477350235 82.9294671614965 91.5622214476268 102.810253699621 104.019592205683 99.4982024033864 97.1234242121379 98.9625652631124 97.7941254774729 97.897082567215 95.6630110740662 91.8296178181966 93.7824646631877 92.6413834095001 90.2549127737681 91.6212995847066 89.8652573426564 88.5806282361348 88.0803068478902 87.9905422528585 92.5745268662771 102.958063284556 101.891219615936 91.3017590840658 88.0999068419139 75.0459283590317 72.8069543838501 83.7470293045044 74.9489963054657 37.2540876269341 28.2079229752223 26.8715371688207 19.0989176432292 6.58732342223326 3.34300814817349 3.9877500385046 26.7229850093524 72.8856722513835 89.5760158697764 98.5735952854156 94.6120222409566 91.37362241745 91.305414835612 89.8884534835815 78.0677398045858
58.2061111927032 68.8659449418386 76.5989621480306 79.3308019638062 80.8898061513901 81.1627854903539 75.4724740982056 86.0935548941294 107.809811830521 106.636832157771 97.8771249453227 93.8377678394318 96.8599120775859 100.655565659205 99.4292994340261 95.9793428579966 94.4962898890177 92.0440355936686 85.1254264513652 77.5659879048665 77.4309088786443 82.093874613444 82.0337533950806 84.4858686129252 85.9233836332957 92.5056338310242 110.807746648788 119.004269440969 97.9949434598287 84.9342147509257 73.4589596589406 59.6144050359726 64.2842948436737 60.570016503334 34.7698653737704 22.64603972435 23.9545727769534 32.4838384985924 24.0296547611554 10.2533468355735 2.67467585702737 11.175237596035 37.7170120676359 72.230060895284 76.561838388443 84.423949321111 82.609365383784 84.3299825986226 79.6298682689667 72.654590010643
70.6790437301 74.1020689407984 76.6524473826091 72.9637444019318 66.5113478899002 63.5303060213725 71.9036012887955 77.7459541956584 88.1647368272146 84.6784114837646 82.0417006810506 88.3453090985616 95.0670142968496 97.393790880839 93.0758515993754 95.2952404816945 95.1393644014994 88.4825587272644 80.3491274515788 74.5792090892792 73.9959180355072 74.4477212429047 78.5453865925471 82.2325001160304 82.1977605422338 84.9022666613261 99.2936789989471 107.63676961263 93.4912165006002 81.1133136351903 67.939281463623 54.9207329750061 50.3839751084646 64.2321854829788 59.3512455622355 33.3905766407649 37.0671302080154 69.3998585144679 74.2372969786326 53.2041291395823 22.4540134270986 13.5243609547615 25.3191043933233 34.9877725044886 33.3529363075892 44.3583478530248 48.4794825315475 60.3418747584025 58.926393588384 64.7264172633489
83.1566005945206 79.6821663777034 75.5238682031631 67.9664214452108 57.1609437465668 50.3874719142914 62.3985081911087 61.0450506210327 50.6176998217901 51.7555326223373 63.0970150232315 75.4892826080322 82.404151558876 87.2443616390228 90.6401475270589 101.70050462087 104.447702566783 95.0500766436259 85.4517817497253 81.6271553436915 78.2501399517059 78.1142810980479 80.0915956497192 78.3287038405736 79.1805187861125 83.8734706242879 87.8878434499105 94.8879321416219 85.2317909399668 63.6078466971715 67.5179560979207 62.0364646116892 56.2503635883331 73.8765547672908 79.684058825175 66.7286217212677 56.8518241246541 49.2267707983653 53.7226895491282 56.5490374962489 41.6101738810539 28.8474385937055 24.8964826265971 25.4627118508021 18.2615543405215 19.490427027146 29.9841985106468 32.7619214852651 46.147495508194 66.0480360190074
86.2440168857574 79.0725300709407 73.7891594568888 69.8157946268717 62.0788335800171 55.2797416845957 50.2601613601049 45.4622556765874 26.7013758420944 34.660816192627 57.7621112267176 69.6052610874176 70.0473884741465 78.4158309300741 93.1039949258168 110.369861125946 115.95219373703 108.352233966192 99.0110536416372 94.5645769437154 88.2343351840973 86.0533316930135 85.3461722532908 82.0056845744451 79.8762490351995 78.1825681527456 77.8392801682154 78.0051797628403 75.3458241621653 55.7696173588435 60.1984560489655 55.5067708094915 50.5174994468689 77.2624810536702 97.3195334275564 100.6773908933 74.0764786799749 30.8622345328331 26.3450816273689 33.6459328730901 42.9797520240148 40.7131835818291 41.1573797464371 37.5059694051743 25.2201432983081 20.7502419749896 26.0464896758397 42.0913795630137 51.3228277365367 83.0629567305247
89.1269048055013 83.3248198032379 81.8845132986705 83.1016848484675 79.5805305242538 72.6124147574107 66.9307460387548 67.7729447682699 66.1252687374751 71.4775224526723 80.8180173238118 87.811271349589 88.1219506263733 82.5624366601308 93.740443388621 111.317714055379 122.1963763237 121.885498364766 114.032099644343 103.320399920146 96.9728827476501 91.254452864329 88.8022482395172 88.4834627310435 82.1242332458496 74.4924147923787 68.5352186361949 69.5411066214244 68.0574079354604 64.0361259380976 43.8058972358704 43.789212902387 37.7457539240519 64.4207298755646 105.596790711085 115.108887354533 80.9192657470703 45.1459437608719 19.1134040554365 19.290907929341 23.4678412477175 27.1484007438024 42.0308361450831 52.1479497353236 53.9730836947759 39.8179615537326 39.4979789853096 58.1074704726537 88.9305472373962 139.258642991384
90.0311370690664 87.0498220125834 87.180236975352 88.661253452301 88.1621638933818 84.1077566146851 83.474338054657 92.3684636751811 110.21226644516 105.408449967702 96.1325565973918 98.2112089792887 103.944232066472 90.4097060362498 91.7079448699951 100.957492987315 111.343145370483 118.446707725525 118.661423524221 111.179967721303 105.017046133677 97.2955028216044 92.4279491106669 90.5511677265167 80.2173366149267 69.2189534505208 60.416042804718 59.3057572841644 60.072605808576 53.1581739584605 27.5557140509288 24.9538570642471 18.8563962777456 18.621202558279 102.895587682724 116.380314032237 95.7784056663513 83.9511056741079 49.2869118849436 13.5323964059353 5.67490234971046 2.47717446958025 21.467184027036 57.466725508372 65.6497528155645 54.8703223466873 53.4691711266836 81.3329219818115 145.149737596512 192.399064699809
