input/barkrak2/radiation/dir01924.grid
NCOLS 85 
NROWS 70 
XLLCORNER 665100 
YLLCORNER 4664600 
CELLSIZE 20 
NODATA_value -9999 
[rows 46 to 68 of 70, columns 0 to 51 of 85]
59.7847352425257 61.3566239674886 64.1136219104131 66.1168893178304 65.934012333552 65.7083690166473 67.5680389006933 69.5164899031321 66.09312693278 64.7693375746409 63.7291570504506 62.8502468268077 59.1904471317927 56.0991068681081 55.8127711216609 59.7391029198964 57.6758285363515 52.6438603798548 58.1012020508448 57.5635234514872 54.8659265041351 55.4108073314031 55.2327732245127 53.3513327439626 59.7856938838959 54.5856455961863 56.0960868994395 56.9439977407455 56.8785568078359 56.0857901970545 54.4697145620982 51.2814670801163 50.5070189634959 50.6803691387177 52.6866714159648 54.1078597307205 55.3251206874847 60.799777507782 62.0572119951248 59.0303887923559 60.0724766651789 55.304487546285 59.8477820555369 66.5105432271957 57.9408357540766 29.5308927694956 3.13537878294786 0 0 0 0 0
53.7122984727224 56.0852388540904 61.7176791032155 63.4659727414449 67.014088233312 68.6631053686142 66.5877560774485 66.307341059049 66.4679855108261 69.0257946650187 66.1025096972783 62.1029635270437 60.9408318996429 60.9787404537201 59.1922501722972 57.9691032568614 57.2036802768707 50.2625902493795 54.2129824558894 56.3166240851084 53.8987716039022 54.3694744507472 58.3433558543523 52.2598872582118 55.2159796158473 54.6337266763051 50.733561317126 54.0786037842433 56.0595293839773 55.5969029664993 55.7566384474436 54.6691566705704 50.3205358982086 54.1147540012995 63.7678603331248 68.2446012894313 63.1148169438044 57.9078644514084 60.1009676853816 67.1207507451375 62.7364019552867 56.0095409552256 62.1828138828278 68.0060535669327 61.7439448833466 45.2149609724681 13.4248733520508 0 0 0 0 0
46.844149629275 50.0667542219162 55.3008913993835 58.7962518135707 65.3809408346812 68.9111848672231 65.8353169759115 64.061313867569 67.9815610249837 70.1770931482315 68.4436659018199 64.2050753037135 62.7799530824025 63.4644478559494 61.5491966406504 56.5625528494517 55.4395218690236 50.3367433945338 54.4658104578654 57.9118132591248 56.4393103122711 57.1401218573252 59.8573784033457 57.2216858466466 55.8417141437531 57.3200682799021 54.5028398434321 58.5045913855235 63.2440348466237 64.9339059988658 69.6033934752146 69.2524214585622 59.9166552225749 61.1074914534887 69.1650013128916 77.515110373497 73.9423682292302 64.1779601573944 61.1554831266403 66.3455377022425 60.1319670677185 55.0181766351064 52.9777904351552 53.6378274361292 52.0624220371246 50.9140392144521 39.9725437164307 4.49164708455404 0 0 0 0
45.7594841718674 43.695588906606 47.8519101937612 55.8330367008845 61.5693628787994 64.8037294546763 67.5233602523804 70.2383021513621 71.4596410592397 68.121741215388 70.0312455495199 70.3110992908478 66.7156477769216 64.1100704669952 62.3655617237091 58.1636528174082 56.7265848318736 54.4561296701431 57.5684706370036 60.8576933542887 62.3398572206497 63.1544192632039 60.5816741784414 62.920202811559 58.5724860429764 61.5475475788116 63.4559541940689 66.8939600388209 72.9269733031591 78.284169236819 83.7238132953644 85.9816571076711 76.1348307132721 69.8944181203842 69.3788677453995 77.3396740357081 80.0386021534602 75.5881716807683 66.2181576093038 58.294951915741 53.1762192646662 55.0372898578644 53.6053876082102 50.1026759545008 46.4498003323873 49.6687789758046 42.7863051493963 11.0801396270593 0 0 0 0
46.0488696893056 49.4366486867269 52.9800653457642 59.3084096908569 59.777244925499 60.159886876742 68.1458959976832 73.2799271742503 73.2292731602987 72.9288160800934 72.6827283700307 72.4832912286123 68.9063370227814 64.7608985503515 64.8414293924967 68.0938015381495 60.4542593161265 60.9171738227208 61.6396069526672 66.3185715675354 66.4522101481756 64.3605689207713 61.9590083758036 62.0109389225642 58.3957682053248 65.1489893595378 70.2488422393799 72.9169547557831 78.8004646698634 84.9219858646393 90.8410946528117 93.4561292330424 86.978683869044 73.3346839745839 64.5571053028107 58.4860940774282 67.289004723231 76.2660801410675 67.7854220072428 54.1258702675501 48.2964962720871 55.2468101183573 59.1580420732498 56.7327489455541 51.2294769287109 45.5097407102585 27.428038418293 15.3541440765063 0 0 0 0
46.7541217803955 57.654728492101 59.6969028313955 60.9552562236786 59.2081447442373 58.7695141633352 66.4015809694926 71.9547271728516 71.7346568902334 76.8858691056569 74.5483388503392 73.7556119759877 71.4462051788966 67.0123249292374 67.0293271541595 73.0308393637339 66.092923283577 63.8169149557749 61.0204537709554 63.8392815987269 63.4834716717402 62.4574919541677 61.228816707929 58.3940992752711 56.7353864510854 58.0932299296061 63.5300725698471 69.1233078638713 72.8873660167058 80.3154011567434 86.4121317863464 93.5250123341878 88.0405604839325 67.3721084992091 24.6079564094543 24.1075307130814 31.4741730690002 60.7076585292816 74.2177069187164 72.2647806008657 67.147359251976 59.7789237896601 52.0690778891246 46.5355515480042 55.8528502782186 47.2347090641657 27.2825037439664 20.8583051959674 1.58517171318332 0 0 0
50.3012835979462 48.6660301685333 47.9138990243276 50.1299848159154 56.204875310262 61.9650334119797 62.7314945062002 68.504864970843 68.5026894013087 73.2525487740835 73.563074072202 75.6683846314748 75.298085808754 70.7546224196752 68.5728291670481 67.190224925677 69.090207417806 63.3591661850611 57.846263051033 56.041032075882 55.1088949044546 57.2410970926285 58.7449471155802 53.2620946566264 55.2358676989873 52.1719207366308 53.8577934106191 55.0402800242106 60.4756772518158 65.1174237330755 68.5485899448395 76.9626796245575 73.9463170369466 52.6156077782313 20.2986796696981 12.3308338224888 13.1571752329667 22.143766283989 50.4877467950185 65.2636935313543 74.3391364812851 62.176172931989 49.5060980319977 41.5184572339058 46.1537341276805 31.1172604560852 26.6675526897113 39.0419761339823 22.40156630675 1.61195235947768 0 0
52.8600960969925 43.5161044200261 41.448637843132 46.4831342299779 57.3320835828781 65.7663245995839 65.439373254776 66.652183731397 69.1703955332438 69.6975688139598 71.9146877527237 74.6267785628637 76.2599011262258 75.1132468382518 70.5867211023967 68.1145886580149 70.6747621297836 64.2883777618408 59.5398743947347 60.1550688346227 59.5661054054896 57.043249408404 55.7833363612493 52.2350917259852 52.6344031095505 51.6248991092046 50.9480684995651 49.7423708438873 51.6277352968852 51.0361889998118 45.147364338239 48.7323403358459 51.4830946922302 27.8904562195142 22.0139448841413 13.2629051804543 4.48280976464351 3.23764452089866 11.7462823788325 28.6138405402501 57.3354363441467 52.4997462828954 42.9972062508265 38.3355170488358 26.5736679236094 27.6517296830813 25.3564591209094 45.8698322375615 53.8442234198252 33.9787652095159 6.93934286634127 0
53.0229508876801 47.7471500635147 45.8138684431712 50.8939127127329 59.7600638866425 67.0945644378662 70.2394892772039 66.5721893310547 71.0197985172272 69.3099647760391 73.22096824646 75.0942875941594 76.4216333627701 78.1045655409495 73.6398448546727 73.0375051498413 73.3963350454966 67.9341653982798 64.4395003716151 65.6556884447734 65.0068173805873 60.7004066308339 58.1644723812739 58.6565484603246 55.3050388892492 54.0523827075958 53.7285705407461 49.7384518384933 46.2026447057724 42.7203675111135 36.2809623281161 39.1092499097188 46.166256070137 48.2560296853383 46.3925103346507 35.5280091365178 14.7653892636299 4.70795885970195 3.44587986667951 8.71411773065726 24.6354142824809 29.0260811646779 24.9236673116684 18.766009559234 18.4905951221784 24.1312434275945 26.2117187182109 38.679227232933 49.6431887149811 54.3737610181173 35.5969940622648 5.10522319624821
56.2017212311427 54.7575056552887 51.3183126846949 50.1631001631419 55.9366742769877 66.3199325402578 68.2600637276967 66.2212719519933 68.2381937901179 73.286826411883 79.5025527477264 80.0436089436213 78.6300202210744 79.1733115911484 76.990803082784 76.6863326231639 77.0426740248998 74.8359113931656 69.8988040288289 66.2850737571716 64.2486810684204 62.9772841930389 64.9411380290985 65.6740417083104 61.9998673597972 59.2547903458277 52.0592232545217 43.3173676331838 38.8484994570414 36.5829467773438 37.3921344677607 43.8808302084605 50.3965318202972 61.5177402893702 67.1081840991974 64.8492475350698 53.509051601092 34.9657485882441 24.9236871798833 8.25809625287851 13.8044245541096 24.1311912735303 25.1217832167943 18.683032443126 21.9186842441559 35.545455912749 55.2223076423009 48.939714829127 43.8356200853984 49.9987304210663 41.6640713810921 10.8993289371332
58.7221433718999 58.1332494815191 57.0384313662847 53.6200106143951 54.796447356542 63.7615968783697 66.0759806632996 66.005269686381 66.4024253686269 75.4512250423431 83.4073424339294 82.1942587693532 77.7384142080943 80.1078329483668 81.8803707758586 76.0381519794464 77.827125787735 75.7949600617091 71.5604374806086 68.9035554726918 67.4106925725937 67.8252379099528 66.001370549202 63.0530218283335 61.0568126042684 56.9458901882172 38.3980597058932 8.31185715893904 6.78547658026218 22.9649245738983 33.8020175695419 40.9174288312594 48.5543111960093 55.9489180644353 67.1791732311249 78.7501633167267 71.2801863749822 62.0470692714055 47.8632499774297 28.3945426344872 15.5495901902517 24.2832005023956 45.876532793045 45.7804352045059 38.6020268003146 58.3768139282862 83.1439892450968 72.0266997814178 50.2030551433563 37.492091457049 27.9974788427353 12.2177004814148
57.5888057549795 55.7244916756948 59.3442420164744 60.326541463534 57.9334497451782 60.6027891238531 65.9502645333608 66.7745421330134 67.3891057570775 75.2574106057485 82.0527225732803 80.2595466375351 75.8417149384816 79.2677154143651 82.5568934281667 73.3793427546819 75.1500825087229 73.9048570394516 71.9281435012817 73.3930120865504 74.2928981781006 74.2742915948232 68.5108502705892 62.9815210898717 60.8441780010859 58.6937765280406 41.5780867139498 23.2450912396113 22.7292229731878 30.5947909752528 40.615273018678 44.6031888326009 57.9233666261037 67.1558529138565 78.0001084009806 74.2376099030177 68.7028666337331 28.7590449055036 29.2424038052559 29.8555940389633 36.5736683209737 45.2567239602407 52.9682586590449 28.1035850445429 22.2437605261803 26.6549860437711 62.4508708715439 58.2044372955958 45.266995827357 36.0519016782443 30.0620198249817 22.7865924437841
46.6495951016744 53.9537767569224 57.4123760064443 60.1641734441121 60.1964245239894 57.0386201143265 66.0514136155446 69.9032147725423 70.6942578156789 75.8916288614273 78.1544148921967 77.2405167420705 76.9065469503403 75.381929675738 76.9423147042592 73.0799039204915 70.0925290584564 73.4800646702449 76.0447482268016 77.4585803349813 78.6945124467214 75.5057434240977 73.3213673035304 66.4299031098684 64.1246636708577 65.0680263837179 61.2925092379252 53.1081606944402 52.1056950092316 52.040288845698 53.4842908382416 49.9836405118307 70.0602928797404 80.0411601861318 59.3517422676086 54.3500483036041 34.0625991423925 15.8094887932142 7.02347482244174 15.7208455105623 15.3741364677747 47.8942692279816 56.4276278018951 46.3494608799616 34.1475754976273 35.6340731183688 49.6121446291606 53.9315243562063 51.3248145580292 44.6900328000387 38.3732865254084 37.7412115534147
37.2432470321655 51.4403283596039 55.3975204626719 58.3495597044627 61.3359858592351 57.5417975584666 61.5569353103638 69.2336956659953 79.9454152584076 81.5214862426122 76.9131481647491 74.4904975096385 76.386570930481 75.9641230106354 76.1410295963287 73.6896892388662 69.9225912491481 71.8992153803508 71.4063098033269 68.7849273284276 70.6570694843928 69.8428948720296 69.5631504058838 68.596030275027 68.9681619405746 73.0027258396149 81.1447004477183 85.1671199003855 70.5062001943588 64.5851939916611 53.7748585144679 49.6935894091924 62.0088229576747 57.6278815666834 25.2197037140528 18.1348758439223 17.2361396253109 11.0288597643375 1.81525542090336 0.124544836580753 0 16.6553345819314 50.5506545305252 72.6965963840485 77.8204301993052 72.0365345478058 71.1686213811239 70.4350372155507 70.7175085941951 59.7226470708847 48.8859862089157 60.0762665271759
39.0779624382655 48.7940361102422 55.8159351348877 58.3169360955556 59.8591019709905 60.0539942582448 54.621085524559 63.9944821596146 84.2081507047017 83.3396712938945 74.4852523008982 71.6201961040497 74.5942890644073 77.9737780491511 77.1003862222036 73.9266475041707 72.9609082142512 70.572758714358 63.8161202271779 57.2693695624669 57.4431469043096 61.7176592350006 61.9330157836278 64.6354506413142 68.8545604546865 73.1999476750692 89.320162932078 94.0536757310231 78.0918697516124 68.9365069071452 52.9100398222605 43.2700862487157 43.9796547094981 45.168990890185 23.4581058224042 13.8852372765541 14.9468891322613 21.2469274799029 13.6413338283698 3.14377062022686 0 4.80059968928496 25.5209629734357 52.4770021438599 55.6313246488571 56.7872623602549 54.7511627276739 65.0253395239512 61.5024864673615 55.0724317630132 56.0258626937866 91.1781589190165
50.4100422064463 53.3969551324844 55.8567047119141 52.5598873694738 46.7964559793472 43.7630414962769 51.6868581374486 57.1276942888896 66.6217803955078 62.839463353157 60.4880998531977 65.0175114472707 72.861522436142 75.0581969817479 71.0793634255727 72.8007803360621 73.2713043689728 67.4364964167277 59.7637544075648 54.3481955925624 53.386464715004 54.7937005758286 58.6278190215429 62.3387446006139 61.7803732554118 66.2460923194885 80.6717326243718 86.6234699885051 73.8956431547801 60.1132561763128 51.6580243905385 36.983847618103 33.9541683594386 48.5978374878565 44.8612223068873 22.4346593022346 22.4236225088437 53.2793303330739 50.8189350366592 34.8658214012782 9.56849753856659 6.21587162216504 15.5796172718207 23.3139122525851 21.9763691226641 23.8200500607491 26.506707072258 32.8181808193525 39.708323776722 47.8113691012065 70.161501566569 124.671995639801
61.8612517913183 58.5633218288422 54.8420697450638 47.8458851575851 38.0270133415858 31.947173178196 40.9448941548665 41.8848693370819 32.1126480897268 30.7660823067029 42.7152017752329 55.2456974983215 61.0402723153432 65.2691622575124 68.6747531096141 78.9171308279037 81.6532671451569 73.020209868749 64.3758724133174 61.0235681136449 57.9583197832108 57.092363635699 60.0306491057078 58.0799480279287 60.4233692089717 62.4871999025345 70.0801908969879 72.5213537613551 67.2080814838409 47.6362506548564 51.8232236305873 42.2820150852203 37.3409067591031 57.2137236595154 63.5607441266378 51.4350980520248 41.578804453214 26.6552766164144 39.9252697825432 41.3001775741577 28.2327930132548 13.3155795435111 15.2313237388929 15.7494731247425 10.0195507208506 11.0440837840239 19.2975165943305 21.5441559751828 22.7003817756971 48.3601192633311 96.3888764381409 140.449543793996
64.6673043568929 58.0224146445592 53.2023857037226 49.4508097569148 42.3677215973536 36.3465299208959 32.0029084881147 27.6369675993919 11.6827661792437 19.7136625647545 35.9341452519099 49.5702673991521 49.5369633038839 57.2701593240102 70.7603394985199 87.0421528816223 92.8260187307994 85.4471623897552 76.9361505905787 72.8288342555364 67.5269216299057 65.8302158117294 64.3448183933894 59.2588484287262 58.7733636299769 58.2843124866486 60.3747169176737 59.9725196758906 55.6165228287379 40.3887629508972 38.8346835970879 40.3736084699631 36.5311354398727 59.9292467037837 80.0162851810455 83.2243661085765 57.3910673459371 20.0463992853959 16.3991426428159 22.2037608424823 24.9050309260686 20.177664856116 21.3813458879789 20.3540064394474 14.2431470255057 9.4260157396396 16.1412283778191 28.417890270551 35.6660957137744 62.514657775561 128.446847200394 159.554342428843
67.2583331664403 61.8288268645604 60.5198492606481 61.6391549507777 58.3183467388153 51.9329408804576 46.7935701211294 47.2664733727773 45.9628899892171 51.4848132928213 59.7412039836248 65.9587482611338 66.242977976799 61.0348482926687 71.3933706283569 87.8249804178874 98.3711878458659 98.3747243881226 90.9652709960938 81.0817182064056 75.078750650088 69.6140676736832 69.6879376967748 68.2155291239421 59.8946462074916 53.2875557740529 50.8156716823578 51.7614980538686 48.4448969364166 47.2064266602198 31.1966488758723 26.4234095811844 19.5207123955091 42.0469542344411 87.3397588729858 97.4228183428446 64.5117859045665 24.2018749316533 10.6785905857881 10.779470205307 14.0703630944093 11.7303046087424 23.0412433544795 37.4178340037664 38.3851875861486 25.8684754371643 25.1424858967463 41.7071481545766 68.5477405786514 114.597777525584 147.181252638499 159.991880257924
68.0374602476756 65.3245548407237 65.5220448970795 66.8119837840398 66.3055082162221 62.5649392604828 62.2332394123077 70.0847208499908 86.7637495199839 82.7468236287435 73.9490042130152 74.8572448889415 80.5013875166575 68.3675855398178 69.6813662846883 78.3533255259196 87.4710778395335 94.3795740604401 95.1198538144429 88.205615679423 82.2953681151072 75.9303023417791 71.369340022405 68.477988243103 63.1886422634125 49.5422532161077 40.3029968341192 41.9051349163055 42.5248344739278 24.5810424288114 17.4078904092312 15.3586243589719 10.4762961467107 10.490986208121 83.7433934211731 98.8535284996033 79.1242371002833 66.8018410603205 34.5153088370959 6.25344552099705 1.22019423482319 0 12.6356681187948 41.8539891640345 48.6305058002472 38.8219356536865 37.4765346447627 61.650276184082 120.717028776805 166.071732838949 158.428380886714 145.504186550776
67.2399501005809 63.7275179227193 57.9692622025808 53.3426453669866 53.6081542571386 55.6978136301041 55.6630939245224 68.1520203749339 78.8715779781342 74.0373929341634 63.6743307113647 63.8938893874486 75.2441237370173 70.3490177790324 66.6519999504089 65.6972924868266 66.3520594437917 73.6045291026433 83.9149753252665 88.4396334489187 84.1221710046132 77.8981745243073 70.7884381214778 65.754031141599 56.3016881545385 51.1627942323685 36.5680331985156 31.5506408611933 38.0921512842178 34.5924372474352 17.3649353285631 11.8282462159793 4.54256497323513 0 1.05930763917665 88.8316730658213 95.6729054450989 107.090016206106 88.5344545046488 37.8395194808642 5.27821853756905 0.0102018287482982 5.28582495947679 27.592862645785 54.4501344362895 75.0897477070491 96.9011882940928 148.845692475637 190.314730008443 200.482845306396 184.531629085541 151.002903779348
69.500391681989 67.3931340376536 61.309814453125 54.3360660473506 52.7605364720027 55.6059728066126 47.6225316524506 45.1986193656921 45.0342794259389 42.619193593661 36.5454902251562 33.7785209218661 39.1582176089287 56.5167764822642 63.5801802078883 59.1708322366079 47.8877971569697 43.3335800965627 54.7990053892136 76.6093879938126 78.1826972961426 72.2828308741252 65.7812654972076 60.9823167324066 53.8379848003387 50.900012254715 40.7583167155584 19.1422738134861 30.7188332080841 43.7397261460622 24.2259651422501 16.322910785675 7.56690216561158 0 0 68.7640408674876 108.930706977844 123.589982589086 110.160032908122 80.353707075119 46.1876541376114 14.4061346848806 11.5304440259933 31.0136402646701 64.6485636631648 129.960457483927 171.843965848287 202.968796094259 211.798787117004 211.087842782338 201.148649056753 171.529293060303
71.2671925624212 71.1885044972102 68.5260395208995 64.8697664340337 62.914843360583 62.1125002702077 46.2472140789032 31.4975132544835 32.0326909422874 34.3161821365356 31.5028876066208 28.673214217027 29.9947510162989 52.5796115398407 66.7599687973658 57.476744055748 36.2922996282578 24.8063678542773 28.5020718971888 46.1632361014684 56.0160577297211 59.1966857512792 59.976468483607 53.7709295749664 46.4320629835129 42.2884275515874 32.0492660005887 10.5947951475779 22.9117224613825 47.1299489339193 56.2507013479869 49.1626809040705 28.5716181000074 0 0 45.8697825670242 102.674345175425 110.759794712067 90.9821391105652 87.9639685153961 93.6532815297445 78.3779919147491 55.4921130339305 71.1185137430827 125.261505444845 171.208500862122 194.718182086945 205.769638220469 207.488775253296 205.17901579539 200.110415617625 177.115420500437
