input/barkrak2/radiation/dir01724.grid
NCOLS 85 
NROWS 70 
XLLCORNER 665100 
YLLCORNER 4664600 
CELLSIZE 20 
NODATA_value -9999 
[rows 46 to 68 of 70, columns 0 to 51 of 85]
57.6518376668294 59.1931442419688 61.9551688432693 63.9412899812063 63.7524425983429 63.5409454504649 65.392941236496 67.3287163178126 63.9487753311793 62.658096353213 61.6448819637299 60.8011782169342 57.1936517953873 54.1264861822128 53.8890163103739 57.1088492870331 55.754284063975 50.7676204045614 55.341511964798 55.0239284833272 52.3501435915629 53.5134375095367 53.3459732929865 51.5336791674296 57.9567650953929 52.7397443850835 54.2297313610713 55.0608138243357 54.3572356303533 54.2339781920115 52.6485641797384 49.5196531216303 48.7736811240514 49.356405933698 50.967146952947 52.3939728736877 53.9788901805878 58.9896341164907 60.2427919705709 57.2461833556493 57.5898637374242 53.1609257062276 58.0510596434275 64.6223127841949 56.1221987009048 28.1062995394071 2.59098007033269 0 0 0 0 0
51.6403963168462 54.0289829174678 59.4775478045146 61.276838183403 64.7771010796229 66.4595663547516 64.4203722476959 64.1443183024724 64.1349057356517 66.8671776851018 63.9876772960027 60.4341675837835 58.9118699232737 58.9681516091029 57.2219888369242 56.0541252295176 55.2705625693003 48.4535495440165 52.2703776756922 53.7472416957219 51.4147778352102 52.4584352970123 55.7224949200948 51.2098222970963 53.3141791820526 52.775114774704 48.9139010508855 52.2082149982452 54.1816155115763 53.7306666374207 54.4473032156626 52.8681377569834 48.5886484384537 52.3398617903391 61.9168877601624 66.3725634415944 61.8840952714284 56.1299175024033 57.5384795665741 65.24691482385 59.2859486738841 54.7447552283605 60.3570441404978 66.1136607329051 59.9213838577271 43.5931881268819 11.768380800883 0 0 0 0 0
44.8425511519114 47.9924082756042 53.1488507986069 56.7224274079005 63.2232328255971 66.6792790095011 63.6684894561768 61.9027366240819 65.8179471890132 68.0083831151326 66.2848800420761 62.4513477087021 61.1464579900106 61.4363253116608 59.5283210277557 54.5814633369446 54.0747940540314 48.5132733980815 51.8532991409302 55.3487638632456 54.5393526554108 55.241271853447 57.9490313927333 55.3553700447083 53.2119770844777 55.4247001806895 52.6440640290578 56.5826992193858 61.2947344779968 62.990128993988 67.6182011763255 67.2875891129176 58.0766797065735 59.2735509077708 68.2196766138077 76.5062272548676 73.0813046296438 63.2374137639999 59.3479375044505 64.4797583421071 58.3447466293971 53.7213683128357 51.25625928243 51.9076486428579 50.3614495197932 49.2345790068308 38.4624550739924 3.90522896001736 0 0 0 0
43.7825520833333 41.714405020078 45.8825876315435 53.7968774636587 59.3838592370351 62.5471572081248 65.2983138958613 67.96928246816 69.2586253086726 65.9504930178324 67.8516378005346 68.1460400422414 65.013642112414 62.0521505673726 60.3256126244863 56.1894923448563 54.78269358476 52.5757571061452 55.6090573469798 58.9400380849838 60.4108472665151 60.379351178805 57.8270653883616 60.0562890370687 56.6889743010203 59.6122990051905 61.5211427211761 64.9061699708303 70.8760172128677 76.2194941441218 81.6254913806915 85.0260853767395 74.1182068983714 67.9654031991959 66.3517912228902 75.3681560357412 79.2785187562307 74.8019864161809 64.3535653750102 56.5276245276133 50.3093202908834 53.2303502162298 51.8826146920522 48.4161923329035 44.8116511106491 47.9886482159297 40.3965786099434 10.3145819157362 0 0 0 0
44.042577346166 47.4171886841456 50.9538153807322 57.1357558170954 57.6111177603404 58.054839571317 65.9671773513158 71.0178315639496 71.0238913695018 70.7035760084788 70.4953173796336 70.28662165006 66.7689392964045 62.6743833223979 62.7754777669907 66.016952196757 58.4702144066493 58.2234760125478 59.7412486871084 64.3123884995778 65.3478155533473 62.4318023522695 60.070147116979 60.1273973782857 55.6245148181915 62.2616410255432 68.262775739034 70.887232820193 76.7004390557607 82.8040838241577 88.6814594268799 91.2799537181854 84.8629971345266 71.3683863480886 61.7199887832006 56.7474563916524 65.4414892196655 74.3125925461451 65.9250567356745 52.4349063634872 46.6783245404561 54.1127423445384 57.3696792125702 54.9761404593786 49.8043398062388 43.9491818348567 26.2567748626073 14.4795092443625 0 0 0 0
44.7644889354706 55.5277367432912 57.6412628094355 58.9173684517542 57.1441948413849 56.6788613796234 64.1772150993347 69.5768892765045 69.5406744877497 74.4235614935557 72.3320146401723 71.5560813744863 69.2562113205592 64.506322145462 64.942662914594 70.928027232488 64.5860781272252 61.8508855501811 59.1435035069784 61.0602448383967 61.4957958459854 60.5234354734421 59.3456874291102 56.5511534611384 53.958848118782 57.2899580001831 60.5421364307404 66.0887708266576 70.8535114924113 78.227162361145 84.2947860558828 91.3410782814026 87.0583256085714 65.4654701550802 23.5020642479261 23.0136190851529 30.20046154658 58.943971991539 72.2965399424235 70.3647832075755 65.2893781661987 58.8473578294118 50.6746967633565 44.9725091457367 49.4171977043152 45.6638336181641 26.1212661862373 19.8469584186872 1.24012244244417 0 0 0
48.2948124408722 46.6698507467906 45.9793607393901 48.0241080125173 54.1998942693075 59.8407834768295 60.6089979410172 66.2526935338974 66.2690500418345 70.9909200668335 71.4868207772573 73.399543762207 73.1013317902883 68.5953150192897 66.4670417706172 65.127303202947 67.5059705972672 61.3684455553691 56.5948734680812 54.0957103172938 53.2320141792297 55.3644448518753 56.0412357250849 51.4488915602366 53.410197297732 50.4093865553538 51.1211156845093 53.2738169034322 56.6147963205973 63.1523231665293 66.577285528183 74.9130745728811 72.6149082183838 50.9098867575328 19.3041699628035 11.5406972666581 12.3434190948804 21.098663409551 48.866922656695 63.4397814671199 70.9721247355143 61.0167582829793 47.9859014352163 40.0319248437881 44.5940047502518 29.8594509561857 25.5270103613536 37.5593453645706 21.143505970637 1.16475904360414 0 0
50.8062392473221 41.5516247351964 39.5164961616198 44.4385608037313 55.1317681868871 63.5482768217723 63.2130652666092 64.3141667048136 66.9992913802465 67.4512137969335 69.7356760501862 72.4476724863052 73.9692052205404 72.8471924861272 68.8847204049428 66.0169223944346 68.5321738322576 62.2577965259552 57.6010197401047 58.1940511862437 57.6301465431849 55.1645209391912 53.924302260081 50.4305313030879 49.945334593455 49.8656531174978 49.2029339075089 49.045518040657 48.8944500684738 47.4353134632111 42.7566468715668 46.9511449337006 49.7631182273229 26.7122437556585 20.9808647632599 12.4488261838754 3.91905227055152 2.90611758828163 10.6725456813971 27.4084061384201 55.6239585081736 50.8651932080587 41.5114710728327 36.9192411502202 25.4187857111295 26.4834935466448 24.245577553908 44.2326615254084 52.0082811514537 32.4050635099411 5.97546435892582 0
50.9620308876038 45.7318425178528 43.8177138566971 48.8913804292679 57.7023675044378 64.9239967266719 68.1601266066233 64.3149316310883 68.7234650055567 67.1726862589518 70.8564519882202 72.791114449501 74.2238064606984 75.8069058259328 71.0948457320531 71.2907165288925 71.2086508671443 65.8582051595052 61.7564221223195 63.6125455300013 63.0072504281998 59.4384719928106 56.9938719272614 55.9026102224986 53.490087389946 52.2693743308385 50.0525285800298 48.0393618345261 44.5297708113988 40.3527766466141 33.5393746693929 37.4488706390063 44.5434749126434 46.6637313365936 44.7708964347839 34.0723594029744 13.7379219134649 4.12106203536193 2.91399098932743 8.14914206663767 23.4565287828445 27.819183965524 23.8162030776342 17.8091650207837 17.5421672562758 23.0524092912674 25.0745589534442 37.1098791559537 47.8592813014984 52.5091737508774 34.0271716316541 3.87248955667019
54.0682872136434 52.663654088974 49.2672622203827 48.1433570384979 53.9182225863139 64.228152235349 65.9505029519399 63.9168818791707 66.0864412784576 71.1108694473902 77.1410316228867 77.8307616710663 76.2805839379628 76.9572804371516 74.7310618559519 74.4999249776204 74.8627732197444 72.6618071397146 67.8091148535411 64.2303774754206 61.5965873003006 61.0074897607168 62.9754066467285 64.6905601024628 60.1003219683965 57.4170450369517 50.3239333629608 41.7020618915558 37.849115828673 34.992312391599 35.2786183357239 42.1429177125295 48.6967464288076 59.7524742285411 64.6760016679764 63.0324532588323 52.2015392780304 33.5536549488703 23.6841887235641 7.57172455390294 12.9729633529981 23.0461830894152 23.6242810885112 17.730371405681 20.202332486709 34.1418460011482 53.4851402044296 47.1770167350769 42.1033004919688 48.1726278861364 39.9682596325874 10.1456275830666
56.5971334775289 56.0138275225957 54.9236238002777 51.5527675549189 52.7466883261999 61.6836200157801 63.7695739666621 63.9051248629888 64.1463299592336 73.13305636247 81.0133119424184 79.7821432352066 75.3909647464752 77.8857072194417 79.5645068089167 73.8424162069957 76.0416289170583 73.1360514958699 69.9494530757268 67.3324763774872 65.3724372386932 65.8230284849803 64.0356043974559 62.0673596858978 59.1551760832469 55.0772448380788 36.7562125126521 7.69666458169619 6.32592476904392 21.764725446701 32.1672980984052 38.5359798868497 46.8762665987015 54.2321503162384 65.3427988290787 69.5706059535344 68.247859676679 60.253565510114 48.1752256552378 28.0682295560837 14.6722321708997 23.190550506115 44.3079968293508 44.1749592622121 37.1776769558589 56.6211442152659 80.350582798322 70.0053870677948 48.4098543723424 35.8949154615402 25.0329996148745 11.4231283466021
55.4797599713008 53.6171098550161 57.161549727122 58.1963757673899 55.8392653862635 58.4060251712799 63.6330644289652 64.669465025266 65.1339987913768 72.9718754688899 79.6491056680679 78.0522723992666 73.647528886795 76.924870411555 80.3194840749105 71.2149143218994 72.9697942733765 72.1464703480403 69.7861611843109 70.732722679774 72.1364319324493 72.1481641133626 66.5142188469569 60.2367321650187 58.9317580064138 56.7561288674672 39.8295397559802 21.7692678173383 20.8072327077389 29.1245728731155 38.9992793401082 43.0117398500443 56.1033288637797 65.2982592582703 77.0329634348551 72.2987502813339 66.8249229590098 27.5507420301437 28.0252496401469 28.629665573438 35.1703887184461 43.7165846427282 51.5182365973791 26.9128580888112 21.1931144197782 25.4950573047002 60.6162250041962 56.3041418790817 43.5951054096222 34.5085263252258 28.6224633455276 21.4573939641317
44.6423540512721 51.9134998321533 55.2519460519155 57.9827974239985 58.084969719251 54.9159497022629 63.9608601729075 67.7496045827866 68.5115406910578 73.4109332164129 75.9618530670802 75.1020361979802 74.7216145197551 73.0498383442561 74.6164421240489 71.1552600065867 67.8914686044057 71.2750206391017 73.8284438848495 75.3088543812434 76.5630255142848 73.3492473761241 71.198766430219 64.4577244917552 62.2095763683319 63.0994041760763 59.3256553014119 51.2900253136953 50.3987471262614 50.385723511378 51.7450869083405 48.2567250728607 68.0570602416992 78.0243625243505 57.5965990622838 52.6775221029917 32.7364926536878 14.9363776048025 6.39618995289008 14.8398665090402 13.8436444103718 46.3191171487172 52.4470657110214 44.7766284147898 32.6911161343257 34.1150040427844 47.900527715683 52.1805783112844 49.5637754599253 43.0024415254593 36.7656350135803 36.0542461276054
35.3785554567973 49.4550367196401 53.3568809429804 56.2093655268351 59.1714829206467 55.4332286119461 59.4938149054845 66.5877163410187 77.7127842108409 78.9487510919571 74.7512479623159 72.0276286204656 74.2260913054148 73.6063420772552 73.812261223793 71.3792641957601 68.0241982142131 69.7780549526215 69.2894707123439 66.655566294988 69.0498898426692 67.7828540404638 66.8334811925888 66.5704309940338 66.9666230678558 70.9235022465388 79.0232668320338 83.0381959676743 68.6218589544296 62.77268131574 52.0661274592082 47.9910622040431 59.6929490566254 55.8208475510279 24.1028219461441 17.205536365509 16.342107206583 10.291900485754 1.59391527995467 0.0224106333917007 0 15.2547433972359 48.9590167999268 70.8132435878118 76.8637756506602 71.1061706145604 69.2232052485148 68.5088485479355 68.7282085418701 57.8404168287913 47.1033602952957 58.0039074023565
37.2284005085627 46.8327005704244 53.7371238072713 56.1920007069906 57.7614903450012 57.9892446597417 52.6071687539419 61.940461397171 82.0258955160777 80.8159013589223 72.4407980839411 69.0960089365641 72.4331935246785 75.7872114578883 74.9104718367259 71.7469155788422 70.6769327322642 68.7282979488373 61.7464482784271 54.9365729093552 55.4625242948532 59.2683255672455 59.9327931801478 62.6424749692281 66.0373518864314 71.1526374022166 87.1364971001943 91.8874144554138 72.8569577137629 67.0330226421356 51.1967837810516 39.1187394658724 42.4000769853592 43.6056752999624 22.4009603261948 13.0780041217804 14.1136969129244 20.1641358435154 12.687973678112 2.61748923609654 0 4.09097317606211 24.3911569317182 50.8310298124949 53.9282063643138 55.0651997327805 52.5756428639094 63.1589889526367 59.6342037121455 53.2802840073903 54.1298439105352 88.7441436449687
48.4121491511663 51.3474593559901 53.7156313657761 50.2363294363022 44.8637654383977 41.7004972696304 49.4693120320638 54.8994789520899 64.0931228796641 60.5374823013941 58.1081658601761 62.5233699878057 70.3977843125661 72.6490567127864 68.7232812245687 70.6456750631332 71.0908720890681 65.2216225862503 57.692805926005 52.3049086332321 51.4494478702545 53.2333105802536 56.122491757075 60.3620857000351 59.8666071891785 64.2759104569753 78.5518884658813 85.8507255713145 73.4426726897558 58.319350083669 49.9546776215235 35.5333437522252 32.566840449969 47.0005770524343 43.3797339598338 21.4089478055636 21.3840156793594 51.5720248222351 49.1814861694972 33.4632744391759 8.84627302487691 5.58074936270714 14.6978870034218 22.2373058398565 20.9316064914068 22.7287660042445 25.3502130508423 28.6148861050606 36.343164741993 46.0990369319916 68.0183668931325 122.002224127452
59.6145441134771 56.4457128445307 52.697479724884 45.7384636004766 36.1680512626966 30.0997048616409 38.9968603849411 39.8573229710261 30.348206559817 29.3370286623637 41.0026386380196 52.9822409152985 59.0127259492874 63.1881554921468 66.3292060295741 76.7111082871755 79.2187303304672 70.7009881734848 62.1745685736338 58.8966657718023 56.2221606572469 55.1141202449799 57.5187901655833 56.1604599157969 57.8076640764872 60.5688194433848 68.0704216162364 70.5188016096751 65.2850170930227 45.9751586119334 50.1119494438171 40.7648136218389 35.9099954366684 55.4938266674678 61.8687023719152 49.8587141434352 40.041076640288 25.4963512221972 38.47736120224 39.8115441203117 26.9479726751645 12.4927721917629 14.357919494311 14.8653450111548 9.28271499772867 10.5006272594134 18.3197061220805 20.5110733707746 21.6362997889519 46.5813477834066 93.9302643140157 137.752950191498
62.499870856603 55.9147198994954 51.1669218540192 47.3703642686208 40.4298231005669 34.5047116279602 30.2533358335495 25.7600074013074 10.3371193011602 18.2639919221401 34.4512462615967 47.6447343826294 47.4333663781484 55.0573269526164 68.6210642258326 84.6504668394725 90.2657906214396 83.1648806730906 74.6930688619614 70.5942859252294 65.0653292735418 63.7334684530894 62.30728328228 56.5823217233022 56.8806578715642 55.5315713087718 58.4473113218943 58.020681142807 53.7935296694438 39.2031520605087 37.3858759800593 38.9020244280497 35.1199631889661 58.092345794042 78.1691074371338 81.3554674386978 55.6674003601074 19.0540092686812 15.4972995320956 21.1540559927622 21.6170325875282 19.1779906551043 20.3533607224623 19.3567797541618 12.7335799237092 8.70173176129659 15.2425331374009 27.080441514651 34.1236665844917 60.429776708285 125.749925772349 156.862656275431
64.9950802326202 59.671605626742 58.3467036485672 59.4801803429921 56.1791559060415 49.8697906732559 44.7937498490016 45.2870974938075 43.9630796511968 49.4997551043828 57.5408190488815 63.3568366368612 63.9293342828751 58.848649263382 69.2260414361954 85.5639179547628 95.7727630933126 96.0208674271901 88.5070264339447 78.7769854068756 72.8444556395213 67.4836089213689 67.109743754069 66.9055084387461 58.0283105373383 49.813578526179 47.8512197732925 49.8807728290558 46.6953814029694 45.5351769924164 29.9024110039075 22.9471723238627 18.5421283046405 40.5506491661072 85.3855113188426 95.4974889755249 62.7905130386353 23.1126621365547 9.92562249302864 10.0225346783797 13.2269710302353 11.002408961455 21.9719906648 35.9485695759455 36.8372475107511 24.5227267344793 22.5077519814173 40.066917737325 66.4576639731725 111.993779738744 144.49272553126 157.403528690338
65.8215483029683 63.1173153718313 63.2347663243612 64.576377471288 64.0724052985509 60.3814721107483 60.1158191760381 67.9427633682887 84.4739675521851 80.3562700748444 71.6060946385066 72.5960085789363 78.4055292606354 66.1380042632421 67.4991110960643 76.2071857849757 84.6327344576518 91.8041865030925 92.7614172299703 85.8373244603475 79.9868255853653 73.7041383981705 69.2414939403534 64.8651818434397 61.2055510282516 47.782043615977 36.6100793083509 40.1155824462573 40.779339770476 21.7334553599358 16.4850975076358 14.4892819225788 9.73348940412203 10.0324663023154 80.6448856989543 96.9440440336863 77.3395548264186 65.0050540765126 33.0545082688332 5.61651277045409 0.882947041342656 0 12.1635769804319 40.2822742859522 46.9107180833817 37.229411303997 35.8966862161954 59.643879532814 118.116507927577 163.186152776082 155.755619208018 142.990241448085
65.0265018145243 61.5616341431936 55.8844854434331 51.1312186717987 51.592747370402 53.5887877146403 53.5637487967809 65.8606191476186 76.6829351584117 71.6621379057566 61.2084716558456 61.8084818124771 72.7223704258601 68.203608194987 64.1353080670039 63.1876538197199 64.3546332915624 71.4913109938304 81.647848089536 85.9861969947815 81.7844967047374 75.6363222996394 68.2117690642675 63.6688321828842 54.4243156909943 49.3010183175405 35.0308865308762 29.9236252903938 36.4640553792318 33.1427007913589 16.4470846454302 11.0525451600552 3.95994354039431 0 0.331229685495297 86.9399110476176 93.8092569510142 105.064044396083 86.5281621615092 36.3707666595777 4.6864931161205 1.0405164137713e-05 4.88029761860768 22.4147364497185 52.641640106837 73.0126698811849 94.5701400438945 146.089216073354 187.362770239512 197.555641333262 181.751926740011 148.476153612137
67.2580301761627 65.1734073956807 59.1486990451813 52.241990963618 50.6867667039235 53.4735967715581 45.672948161761 42.9527163505554 43.4740583101908 40.0868207216263 34.3535269300143 31.9223528107007 36.3249455889066 54.5408328374227 61.5165680646896 56.5579583247503 46.0705856482188 41.2936533490817 52.8372178475062 74.3014415105184 75.7767856121063 69.9367920557658 63.4430944919586 58.9594493309657 51.4184087514877 48.7205684185028 39.1058002909025 18.0863402783871 29.2419940233231 42.1503434578578 23.006742199262 15.428438782692 6.90495098630587 0 0 66.9464766979218 106.957455476125 121.500740448634 108.121812343597 78.4519811471303 44.5450693368912 13.3129730820656 9.64953129490217 29.5283148686091 62.6041789849599 127.369443575541 169.040461381276 200.017154216766 208.87702703476 208.166241645813 198.265910148621 168.847640355428
69.00920967261 68.9197381337484 66.3089801867803 62.6650353272756 60.7352008422216 59.9506000677745 44.1970626513163 29.7127962112427 30.2057986458143 32.4925531943639 29.704121251901 26.9118621945381 28.2079055905342 50.5243440469106 64.5402024189631 55.4117063681285 34.6357176701228 23.1354509790738 26.7229129870733 44.1605001688004 53.94380291303 57.0437411467234 57.8023989995321 51.4493882656097 44.6252276500066 40.493165453275 29.6198998888334 9.8563302308321 20.415353278319 45.4928775628408 54.537961880366 47.4619170029958 27.0648698012034 0 0 44.4093694289525 100.617935260137 108.736594518026 89.1011257966359 86.0742231210073 91.5758907794952 76.2297560771306 53.5270174344381 68.9585705598195 122.610986232758 168.322364489237 191.780686378479 202.83031463623 204.562703768412 202.233632405599 197.177509466807 174.343764781952
