input/barkrak2/radiation/dir06924.grid
NCOLS 85 
NROWS 70 
XLLCORNER 665100 
YLLCORNER 4664600 
CELLSIZE 20 
NODATA_value -9999 
[rows 21 to 41 of 70, columns 0 to 46 of 85]
75.6091425816218 62.5913441181183 52.6056587696075 70.6657270590464 66.1040147145589 39.4794146219889 44.2391782999039 54.9503763516744 60.4008734226227 65.8386001984278 68.7042375405629 70.7013209660848 68.8955883185069 66.6178166866302 76.364611585935 90.034544467926 105.728447437286 116.550077994665 128.314187129339 144.522507985433 152.690569559733 166.445175806681 173.174579938253 166.986664136251 158.96338224411 144.653191169103 132.612069447835 131.884674231211 137.479255596797 120.327969392141 115.423341592153 84.8263204097748 67.9025799036026 46.7996497948964 35.1857890685399 47.2490340471268 56.0602446397146 71.030447880427 88.5663529237111 96.9246427218119 107.649664084117 114.105443159739 110.409180323283 97.0389644304911 122.580369313558 135.127653678258 141.03494087855
118.910332520803 114.551564057668 92.2589103380839 89.8359219233195 86.472491423289 56.2120676040649 62.9730224609375 62.5909467538198 60.5057577292124 62.6799215873083 70.2229489882787 72.2441176573436 74.132372935613 76.7493396997452 79.0572663148244 86.9244237740835 98.164439201355 111.147383848826 120.859841505686 123.713791370392 129.682997862498 146.087865034739 160.81577539444 162.717759609222 159.156699975332 146.518518527349 135.478128989538 130.450546741486 116.440196832021 114.244550466537 75.5809942881266 45.3253785769145 29.3490986029307 11.3059654831886 4.39675059169531 10.807787378629 26.0032489895821 44.0087616443634 57.8079074621201 71.4113861322403 85.1851900418599 93.7937597433726 71.092168490092 61.9392941395442 90.0710225105286 124.133765697479 133.013774951299
153.412481149038 142.939776182175 112.570941448212 96.5870916843414 92.1921133995056 88.0642135938009 81.5427054961522 66.6183630625407 55.4854323466619 58.0712954203288 71.8070020278295 73.7928301095963 73.5673407713572 85.594783226649 82.5356145699819 83.8354825973511 94.2590832710266 107.223957777023 115.135451157888 107.047816117605 108.639657497406 113.781273365021 129.382689793905 140.336294968923 143.714646498362 141.470372676849 130.458176136017 121.777127186457 101.866821448008 52.0823895931244 46.8729933102926 34.9997406204542 9.73620017369588 0 0 0 3.3960547298193 15.805405875047 25.0088274478912 28.2016545534134 19.1700595120589 31.212920943896 38.4812305370967 75.1001685857773 87.4189337094625 110.573838154475 120.503216981888
152.529180049896 148.784061272939 131.030778090159 101.233571767807 83.3814839522044 87.3153905073802 80.8171530564626 74.9385207891464 68.4884935617447 63.2885694503784 67.795937259992 66.4857923984528 68.2437419891357 80.9775590896606 82.1308543284734 82.2236289580663 90.7806754112244 102.417518695196 111.394355694453 103.19780309995 102.830231189728 101.6519566377 112.89710799853 119.82403198878 123.861173788706 125.338325897853 116.384605566661 108.902255694071 88.7467463811239 43.8070197900136 37.906805674235 36.5956276655197 17.9985960324605 0.00982142228167504 0 0 2.28182816257079 6.00556780894597 7.73657485842705 6.37043143312136 11.0241857667764 4.98674220095078 22.9283968607585 96.8859394391378 101.275791724523 110.276152690252 117.954234282176
139.115780591965 144.023289283117 141.878843307495 110.7137799263 84.3408803145091 88.4852707386017 92.2765831152598 102.498610814412 99.0973512331645 88.1813665231069 76.746145884196 78.3689667781194 79.9938440322876 90.0872647762299 92.3732320467631 86.1218571662903 88.7671113014221 102.236618598302 109.937131404877 114.340911308924 116.661657889684 112.836460272471 110.713928937912 109.467883904775 111.406395832698 114.053597052892 108.123064041138 102.143108844757 79.5697867870331 65.0790532430013 62.6392712195714 71.8506326278051 64.7173374891281 12.7685517072678 0.501595437526703 4.04840769867102 5.38017104069392 5.9851873666048 6.16476684808731 5.16264792531729 1.34580178807179 2.81254574656487 36.2850278615952 96.4191555976868 121.436814467112 120.926598707835 120.397686958313
137.978901465734 143.395185470581 141.692449649175 120.278676350911 101.592560609182 107.129653294881 120.595037937164 125.349034865697 132.596105337143 122.091472148895 93.5604174931844 94.917505979538 95.6577559312185 105.148722728093 107.291450103124 96.3836510976156 92.3170447349548 105.451991160711 113.891025384267 127.969483534495 132.02225168546 128.395825624466 118.413984775543 111.938804388046 111.442377169927 115.102430184682 108.548740545909 107.888132333755 96.1226920286814 98.4560449918111 110.568384329478 134.793708721797 143.85865132014 125.92280904452 43.2273546854655 13.7439804772536 11.802215129137 10.3756027917067 9.93548706173897 4.26775651673476 12.4542179207007 34.5699787139893 75.0086853901545 99.5087027549744 110.43855547905 104.606926441193 106.83661699295
139.849007129669 138.464878002803 138.901233673096 125.907291968664 132.810205221176 133.590400218964 143.1658466657 141.661673784256 147.218575080236 130.960762500763 106.073200702667 98.7566808859507 102.584332227707 106.967548529307 112.43999004364 108.377416928609 101.323475440343 111.367603143056 125.566482543945 132.378141085307 130.118320385615 120.067169268926 118.578722079595 121.089965105057 120.788117249807 120.811939239502 117.082377274831 119.889547427495 134.440124034882 142.103483279546 153.832534948985 165.080229441325 175.242145856222 186.029632886251 147.841235001882 46.3834156592687 21.5831498305003 13.3313660820325 7.91155795256297 7.44941023488839 29.7859460115433 96.5329706668854 94.5040881633759 87.2582097848256 85.5652093887329 84.2535396416982 84.6829613049825
142.633626858393 130.801926056544 131.942063570023 130.630741516749 155.465364456177 147.953748703003 141.950339078903 135.799328486125 119.927565256755 109.143863121669 98.2316037019094 92.345654964447 100.679934024811 105.120162169139 113.830695549647 118.817160526911 111.241002877553 109.336992104848 122.503161430359 126.833200454712 123.440573612849 116.032212972641 117.026180028915 123.665491739909 127.009123563766 123.743941386541 124.665965636571 123.845358689626 143.659055233002 158.26071302096 174.79407787323 185.554842154185 192.999144395192 194.929440816243 191.34521484375 117.247641086578 21.3810727000237 6.20133243501186 2.564644596229 2.40921027337511 43.5181309779485 88.4148677190145 81.1988661686579 58.7857216596603 57.5909614562988 57.4452777703603 63.8708074887594
142.83694823583 124.16406472524 125.799636046092 138.728568951289 156.408915917079 146.337320407232 125.566363334656 103.270947933197 83.3960970242818 77.0868460337321 76.0444651047389 80.7785491148631 89.9105767409007 102.856477101644 115.257581075033 123.666028181712 119.783629973729 107.253889242808 111.868838469187 116.570174694061 115.25958776474 116.255631049474 117.618530988693 124.232769012451 130.912005901337 128.068606058757 131.032516558965 130.145688851674 141.613056262334 163.601020971934 186.344683170319 199.180801709493 199.058016141256 198.385914166768 209.465463956197 195.643663406372 108.115911483765 23.2962816953659 14.2375652988752 17.8839365641276 39.5172163844109 53.3728847901026 62.55937119325 37.6930634180705 33.5613936185837 38.9460052053134 59.1074178616206
139.679610729218 143.126676479975 169.917523860931 210.602561632792 189.916789531708 153.225292762121 114.553560813268 77.5724649429321 66.0253614187241 69.0478384494781 64.743846654892 64.402828613917 86.4866574605306 103.139609098434 119.772801796595 128.532946109772 126.049180825551 114.45019642512 114.175538221995 118.747760852178 116.137623786926 120.375494162242 124.549349149068 127.208977937698 134.777009487152 140.787462393443 138.122022151947 140.713155269623 146.326065063477 173.976461092631 196.697036425273 205.445309480031 200.913608074188 209.339141845703 222.058097521464 227.631509304047 204.944531122843 146.67151371638 65.1326775550842 33.0352708697319 25.6770228346189 28.8621783256531 43.6457892258962 35.7326666514079 30.2682270606359 42.3224071661631 71.6110318899155
156.495759884516 193.730751673381 242.109676202138 264.565110206604 250.525752703349 195.189992586772 137.82920440038 95.6902007261912 84.5105250676473 88.8689955075582 80.158144235611 69.8436746994654 84.160049756368 100.925813118617 124.848186969757 133.047570784887 129.61886326472 124.736438194911 117.488443851471 120.92199921608 120.516548554103 124.402304490407 128.869444131851 129.514853159587 136.168003082275 149.055590232213 150.292048851649 157.489776611328 164.816091458003 181.062738100688 197.487711906433 207.815051078796 210.292796293894 217.741767565409 223.201791445414 221.77932659785 219.965914885203 213.840345541636 144.793142875036 62.9631876945496 30.663068095843 31.2553917368253 35.4959492882093 38.8218685984612 47.5941201051076 66.502054532369 82.269956668218
218.906044960022 254.286110401154 274.830599625905 275.044123331706 277.366856733958 254.329403241475 209.551155567169 165.219595034917 136.238157749176 124.042769273122 118.804474671682 100.91894865036 86.7571632067363 102.61869430542 127.671748399734 135.430812835693 127.892951170603 131.662209828695 120.02021074295 119.884332021077 123.785674571991 125.10421872139 127.753535906474 128.60361735026 135.089923938115 150.484532117844 159.053901831309 167.06371307373 174.862265586853 182.13015794754 196.204483509064 208.294550577799 209.260622660319 206.496179103851 206.531961758931 189.765572547913 198.700487613678 193.337877591451 148.2987900575 89.0416900316874 51.6270101070404 44.4577833016713 38.4183675050735 37.9451389114062 49.6139973402023 68.1063036123912 79.4898420572281
264.06721274058 277.135789394379 279.140035311381 275.871376196543 278.196593125661 278.273423512777 256.656606992086 211.808085441589 172.803779443105 152.360151211421 151.826431353887 137.708842754364 111.997336149216 110.344747702281 123.347272475561 130.414307117462 124.587108691533 125.755449136098 120.134601990382 122.58380651474 120.162824789683 121.634513139725 121.316055456797 123.336941003799 132.265994946162 144.351502259572 158.2872569561 162.479102611542 171.472767988841 183.264017105103 195.844372113546 198.787609736125 180.099030335744 175.397475560506 172.298769156138 156.790435314178 157.305856545766 142.7969733874 105.118264754613 73.2436031103134 76.3052602608999 69.8457856973012 55.2140374978383 42.0761356751124 41.4317498604457 53.4121741851171 57.7921171983083
273.718078931173 277.119278907776 277.473926544189 275.069038073222 274.171928564707 275.760114192963 273.068428039551 246.178150177002 196.376383304596 165.997008482615 162.224402030309 159.198661645254 144.263744354248 127.844830354055 124.839921792348 129.813194274902 123.585124810537 118.963460127513 120.582729578018 125.415583451589 119.6402211984 118.254154920578 120.216021935145 122.898250818253 129.001508156459 137.11005449295 149.726758400599 150.280127922694 160.267690817515 179.015239079793 189.290006955465 184.090852737427 170.118769009908 168.838461240133 156.867027282715 142.197032769521 146.256953477859 143.537859121958 126.215199629466 96.4408914248149 96.4046021302541 104.211946328481 83.2802851994832 65.9994731346766 50.8655856053034 39.0426963567734 17.0258308450381
270.983596642812 273.053109645844 271.669268608093 271.044055620829 270.503322283427 267.870903015137 266.438364982605 251.731892426809 208.794474601746 177.093466122945 166.650156180064 161.91096107165 158.737162748973 139.418105284373 130.152394374212 136.267920335134 128.330955902735 118.161092201869 124.599595864614 127.002000808716 124.012887477875 119.196812311808 123.19819132487 129.232972860336 128.6667684714 134.580552577972 141.298005978266 141.519685586294 149.962613979975 170.326431592306 181.390802065531 177.539050579071 172.28106657664 173.2404033343 155.378798643748 148.749401172002 153.443555037181 160.064697265625 161.125739415487 130.622605482737 87.4007344245911 86.7826640605927 74.5315055052439 57.788223028183 46.8763411045074 14.814759294192 1.06015723819534
255.406637986501 256.8572362264 258.459746837616 256.476581096649 255.989591280619 254.18359041214 258.678356806437 255.952616532644 217.916508515676 180.248220761617 165.033260981242 158.455560604731 155.752241611481 140.011231104533 128.828803698222 138.093580802282 139.273623625437 126.095632712046 128.478795289993 131.619155406952 131.961822509766 126.076956590017 126.230219999949 131.706913312276 130.624949932098 130.85342446963 138.118853171666 146.304031213125 151.693423589071 165.326068798701 178.266167640686 180.476347605387 178.747912247976 176.566779613495 158.3524843057 159.099072217941 163.991719484329 167.637050151825 167.595048745473 139.236897230148 66.5056854486465 47.7034598588943 29.0246158838272 23.8844603300095 22.2696711619695 2.86876130849123 0
234.935442606608 243.186175823212 252.22384929657 248.633702596029 248.243570327759 252.914925416311 260.089556376139 261.690020561218 238.974690437317 195.026338100433 172.740499178569 154.103517532349 144.421021143595 135.543882846832 125.054061412811 132.212787866592 144.149164358775 135.511636734009 131.064812342326 134.209473927816 135.966092348099 130.775620539983 127.375533183416 131.12465540568 132.28044907252 132.860412200292 136.459529399872 147.882620493571 151.828795671463 158.399899800618 172.417998313904 182.549337546031 176.079173882802 167.401671409607 153.785149256388 171.884338061015 177.141726016998 180.946310361226 173.747400442759 156.063427527746 60.084988673528 16.2230022251606 9.91755413512389 7.59648345410824 3.07497506340345 0 0
200.109720230103 211.026688416799 219.821711381276 223.8383491834 231.82205359141 245.334267616272 254.804889361064 260.144511858622 250.163555145264 212.435861428579 185.449560483297 160.027881463369 143.515527248383 141.797115405401 131.4677298069 126.134713490804 138.860652844111 139.727056026459 131.57378633817 130.990008513133 133.162965377172 129.376669724782 125.312556823095 128.184696038564 131.693929433823 137.60115702947 137.129197518031 144.51206723849 149.999191363653 152.62101093928 162.250727415085 179.804921150208 173.752804597219 154.852449893951 160.186529159546 184.633592764537 190.046032269796 186.086932818095 177.336017290751 178.572634855906 126.105437676112 37.3231569925944 11.3501623272896 7.55384750664234 7.9329131791989 0 0
163.463403781255 170.821944872538 170.495788256327 180.406928062439 197.112441062927 214.380403359731 226.522008577983 237.160364786784 235.451638698578 209.684232870738 177.492360273997 154.766341050466 140.22903641065 138.836860656738 133.998443682988 128.172606229782 133.141626914342 133.477558692296 126.449644565582 125.92214345932 130.928138891856 133.827745914459 131.795873244603 126.634647448858 127.023816108704 132.614463567734 138.850957155228 142.289956410726 148.970206578573 149.893522262573 152.765293916066 166.965842247009 165.384163459142 157.879292964935 185.652494430542 198.862493038177 194.704413414001 187.886496384939 188.314398129781 200.667917728424 205.642978350321 150.209407011668 63.3627623319626 28.5814106464386 15.9703617294629 0 0
151.408622662226 154.140581687291 153.984387715658 154.912710189819 164.793888727824 171.560923258464 174.273014068604 180.233220259349 179.537494977315 161.215017239253 146.246482928594 141.203959782918 138.756275177002 135.819415251414 132.757594188054 133.197764555613 132.180859645208 133.103311061859 126.348833243052 124.409566322962 130.628019571304 136.405646800995 137.920161088308 133.06599855423 130.456278721491 128.339946269989 140.515148639679 144.153455893199 149.298012256622 149.604638417562 150.892466306686 158.888548612595 159.106314182281 171.617090702057 198.429862658183 197.033683458964 180.939435958862 170.798420906067 173.689881960551 187.636812527974 207.706928253174 215.356071790059 167.707979679108 80.3114871184031 32.5039997696877 7.37217565377553 0.659918723007043
159.988671541214 157.964209715525 158.227264881134 156.121889750163 152.747362852097 151.169826587041 148.293991883596 149.608035882314 153.25994292895 144.779145717621 135.928948720296 137.697299321493 140.315900246302 140.780498584112 139.241377512614 135.771880547206 130.144417285919 139.250675837199 138.569643100103 131.867150465647 135.668536027273 136.570294698079 135.227014621099 137.167185544968 139.518658320109 133.759627739588 139.492670694987 145.555545886358 147.899647553762 151.090284188588 152.569452921549 157.370428244273 160.675128300985 180.320978164673 192.780951658885 179.515222708384 165.077129999797 154.637922843297 155.071844657262 167.065640290578 199.74019130071 207.754174868266 183.499991893768 126.517136891683 50.4110256830851 15.7663474480311 0.00320149047183804
