input/barkrak2/radiation/dir15224.grid
NCOLS 85 
NROWS 70 
XLLCORNER 665100 
YLLCORNER 4664600 
CELLSIZE 20 
NODATA_value -9999 
[rows 20 to 39 of 70, columns 0 to 45 of 85]
201.823433240255 194.137692451477 210.315505663554 250.988721847534 245.635489622752 197.686433792114 183.247983455658 187.508543332418 200.443943341573 222.669343153636 236.282308896383 241.636395454407 252.544621626536 266.619563102722 279.623667399089 303.355276584625 328.783889611562 332.260290781657 337.209423383077 343.962748845418 345.386862754822 339.504798253377 338.512659072876 340.08510907491 341.124574343363 341.382662455241 343.276937802633 340.182542800903 335.73043346405 335.295518239339 329.307119051615 319.031278292338 310.833513736725 307.205359141032 305.867393811544 310.326953728994 310.519337654114 312.764902909597 317.221363385518 321.09002272288 320.789813995361 320.845385392507 322.915335496267 317.674160003662 321.87831401825 323.945144812266
227.792640527089 227.518459161123 245.756228764852 276.642739772797 272.891422112783 212.100704511007 193.656722704569 195.438802242279 203.176697095235 217.12323029836 227.149307727814 237.789392471313 244.71108118693 251.035213470459 265.738685925802 285.189906756083 305.110812187195 327.295462290446 332.547307014465 340.43558438619 343.289216359456 347.673018773397 349.048018455505 348.366340001424 345.228354136149 340.300003687541 337.520917256673 334.149956703186 333.118478457133 326.778670152028 310.473342736562 282.666563987732 263.16503683726 261.631548404694 269.253094991048 287.636756896973 294.950743516286 309.066732724508 317.207058270772 318.080385526021 316.427012284597 314.48624531428 309.252838293711 296.344558397929 313.595294952393 322.055379549662
267.166713873545 275.132278601329 283.015787601471 293.054540952047 292.043467362722 245.028992493947 217.135032018026 201.842983563741 198.065380255381 208.42585961024 228.752851486206 237.217962741852 251.319388548533 255.086461702983 265.560746192932 275.651236375173 293.54465007782 308.066467444102 326.950430870056 328.24569940567 331.152160962423 339.806040128072 345.055103302002 345.124483108521 342.552860577901 340.746442476908 336.772441864014 327.8781970342 317.94798374176 299.133360385895 259.253124396006 208.601574103038 187.663356463114 204.970856507619 233.087261517843 257.624387741089 274.444142977397 293.967048327128 305.725932121277 308.797677357992 310.685992240906 311.260799566905 290.19288221995 271.16318543752 296.039581298828 319.452544053396
286.702533562978 289.821406205495 290.741602579753 297.744790712992 297.431270281474 279.519816239675 242.047170797984 211.094756921132 195.512374242147 200.279672940572 224.474310874939 239.206910133362 254.397988319397 267.43757724762 272.933443387349 275.276660919189 288.481493790944 300.534725189209 309.83301003774 313.212136427561 315.211176872253 317.646026611328 328.590333461761 334.954698880513 329.549888769786 321.438848972321 302.520275115967 293.956279754639 269.278109073639 225.544730822245 186.378498872121 164.575388034185 135.519683361053 134.411126375198 146.86248699824 184.220751126607 225.675980250041 252.421120802561 268.689413865407 278.608520825704 278.119464715322 263.863186041514 249.777774016062 282.405495643616 280.913710594177 313.022414843241
278.773903846741 280.91037273407 290.800094604492 299.625277519226 290.53407907486 279.940565427144 249.963720639547 226.530214150747 209.539771080017 200.156410535177 214.878698190053 234.068314234416 247.90104230245 262.383679548899 270.621677239736 273.905376593272 282.686014970144 297.255078951518 304.348985354106 303.893665472666 309.465150038401 309.689005215963 305.480698744456 300.543268521627 294.61133480072 291.452844937642 284.447411696116 273.088892300924 239.797552426656 181.33270740509 161.209791898727 159.60830450058 141.171058019002 116.389373938243 107.836087544759 122.731377681096 166.094809770584 206.338047981262 231.624722480774 245.872994263967 235.86638768514 213.367342948914 234.593709309896 299.315810203552 292.4591700236 314.468423525492
273.084898789724 277.155121167501 289.405345916748 296.142935752869 292.126496632894 281.656583150228 259.065230687459 251.823941866557 241.855223973592 226.723472277323 226.547320683797 245.317022005717 258.789817492167 274.605651696523 277.507026990255 276.925206184387 280.315518379211 295.477708180745 300.05411307017 305.889964103699 307.085235913595 295.500973860423 285.379827022552 286.222080389659 286.97935740153 284.975628058116 273.259103298187 260.241011778514 217.675268650055 189.22766049703 187.833189964294 204.457322756449 208.429932594299 181.124170621236 145.648300647736 129.780491193136 145.797948042552 172.791957855225 212.499002615611 229.251901308695 210.405151049296 201.253791650136 244.376838207245 284.351984659831 304.33189868927 324.785808722178
274.968723456065 277.107179164886 285.380899906158 293.252090613047 304.524739583333 290.733774503072 274.744232495626 263.708869616191 262.412945429484 256.641527016958 247.412006060282 264.741003513336 274.368981520335 287.684241930644 288.151701291402 283.801436424255 284.758945306142 296.459635098775 294.932742913564 302.545130252838 302.141567071279 298.901597658793 292.604664961497 289.844989776611 288.192232449849 284.27791595459 272.153437137604 260.75804233551 224.764307339986 218.85339419047 240.504721800486 264.032284418742 268.454551696777 279.560625553131 257.438043753306 172.657549381256 158.840547005335 170.439084370931 195.975263913473 227.258801460266 219.898998737335 251.584192117055 248.030702273051 262.845635414124 295.195162296295 314.288079738617
279.155254364014 275.420725345612 278.623362382253 289.650082588196 325.948019822439 300.593018531799 280.108571052551 263.77135515213 264.338850975037 271.792352199554 266.279220581055 269.335269927979 280.956268310547 290.996233622233 293.201486269633 293.525795141856 288.973391056061 289.326727390289 296.601514021556 303.314745426178 300.200581550598 292.23620891571 289.30143515269 293.902993202209 294.744869073232 291.129469871521 281.237562497457 271.805822849274 248.00584713618 246.405084927877 270.493865013123 285.0581407547 283.792932828267 297.664066155752 321.621358394623 253.421306610107 189.195175965627 174.503127733866 188.336491584778 230.044603347778 257.741928100586 304.969588915507 259.903232256571 253.317435582479 281.732281049093 292.951007684072
276.470442612966 268.316785494487 272.265632947286 296.095490455627 337.645610173543 300.868133703868 270.98818620046 258.18790992101 263.281106948853 270.629306634267 268.185575803121 266.634444395701 283.006469408671 292.337000370026 297.756870587667 297.949155171712 288.998822371165 284.649908542633 292.250096797943 296.146988868713 291.779518127441 288.71738910675 288.886586825053 294.435123602549 297.382314999898 292.923669020335 290.116568406423 279.986341794332 258.950432141622 254.058420658112 276.87527736028 295.007189114888 293.812274932861 292.200922966003 313.23363383611 314.663350582123 224.379658699036 165.353794892629 155.701458454132 199.947714805603 266.637682914734 285.369654496511 251.034160455068 229.143977165222 253.328065077464 267.247239748637
269.219815731049 260.543962319692 269.031306107839 306.477705637614 334.561665852865 297.023177146912 263.712525367737 246.014853318532 243.455489476522 249.844948450724 248.848179976145 254.744211832682 276.120086510976 290.776530901591 293.843865394592 296.242912610372 294.01683807373 284.590025742849 287.412047386169 287.854234377543 286.779781182607 290.168186028798 289.527038733164 296.256105105082 298.79903793335 295.853137969971 298.270642757416 285.728991031647 265.853921572367 262.938539187113 282.056073347727 300.002853075663 295.336147149404 292.00001557668 301.201979319255 320.279558499654 304.712335268656 229.763527711233 181.419909000397 190.700054168701 229.097922643026 243.172824382782 240.730384985606 213.471094767253 226.189176241557 250.564297040304
257.57094224294 267.594397068024 297.164400418599 342.976450920105 343.904336293538 302.209536234538 265.038927396138 238.319973150889 230.517288049062 241.398851076762 236.449817816416 235.435346762339 269.747038682302 288.342217604319 295.058528582255 300.81832408905 300.817688306173 290.640513102214 288.098116715749 290.566821893056 289.783954620361 293.274124463399 295.715113480886 296.726902325948 301.515301068624 302.517374356588 303.493559360504 296.344598134359 278.20352713267 275.347133477529 287.90146112442 300.524493058523 297.844886779785 297.582626342773 301.415006319682 304.142673810323 326.244950294495 335.032860438029 269.318103790283 221.943020820618 209.781189759572 201.675772666931 218.101938565572 215.823769569397 222.049057483673 252.295692761739
276.188592116038 301.971912384033 321.037650108337 326.547940572103 353.899121284485 334.909399350484 298.105140527089 261.028091112773 245.485027631124 260.611891746521 254.838546117147 235.412875811259 255.179981390635 284.777383009593 297.365506490072 299.987892309825 301.102519035339 297.34875758489 291.890144348145 292.311668395996 294.459601243337 299.200276533763 300.995151201884 299.661099910736 301.398654778798 309.867163499196 309.657255808512 308.779776096344 295.780857404073 290.612757205963 294.581194718679 298.479557037354 300.181110699971 304.637273152669 307.253956794739 295.677284399668 304.014325141907 340.702096621195 335.849285125732 274.839182694753 226.280669371287 200.897892316182 201.594611008962 220.380067825317 241.50272210439 270.757416884104
307.444353898366 316.598852475484 306.71364068985 299.206376075745 317.721943060557 338.469266891479 333.077371120453 304.705182711283 281.759679317474 283.396621545156 285.260260105133 261.126557985942 253.858784834544 279.89931901296 298.956175645192 301.009813944499 298.864006996155 304.189523061117 295.23499806722 294.074734052022 299.894551436106 299.568176269531 303.020854791005 300.347685813904 301.773488521576 311.234056949615 314.673145612081 317.029893398285 305.586278438568 297.315756479899 303.930004437764 307.119468847911 303.069869677226 305.184006690979 309.348146120707 299.201130867004 298.579573631287 317.713379859924 320.783575375875 295.250634352366 265.398780504862 225.486934185028 205.660899480184 212.596793969472 234.346985816956 268.360257148743
299.03640349706 291.920244693756 284.732282161713 273.720741271973 274.298767248789 294.852415720622 315.377235412598 312.724490960439 302.494903405507 303.374985853831 302.365183830261 288.903494675954 278.909722963969 286.049743493398 301.257093747457 302.29906241099 299.903035163879 301.68616771698 296.07746998469 298.725008964539 298.99267355601 300.401111443837 298.807779947917 296.079099178314 302.024106184642 306.356648604075 313.616116841634 313.389619191488 307.562470436096 304.217120011648 309.215982755025 307.651460170746 296.833833058675 295.764128367106 299.567023913066 284.671088059743 281.957467397054 282.278219858805 275.393446286519 279.310743014018 288.184424241384 257.513920466105 229.768216609955 217.745304107666 219.235281149546 242.587447166443
292.346060276031 281.964500745138 288.213829199473 274.085362752279 266.121804714203 277.741233507792 303.801914056142 327.480753262838 322.397132714589 311.04310353597 299.985984961192 300.54501692454 306.567549705505 303.593953450521 305.019915103912 302.500506242116 300.904810428619 298.906048138936 298.835118611654 303.389191627502 301.148573557536 298.997938632965 295.671045780182 297.478953997294 300.735433896383 303.502023220062 308.351516723633 306.529561678569 306.250890096029 308.791200319926 309.957404931386 300.157606601715 284.955342610677 289.827664693197 288.737177848816 272.288739681244 273.206432660421 273.221214612325 279.549161593119 300.037503242493 300.205965836843 288.35920492808 266.786793867747 247.872292995453 229.428112506866 222.508529822032
312.2372229894 307.005147139231 316.418389479319 311.402678489685 301.332414150238 305.820306142171 322.298208872477 344.004432360331 337.426702181498 314.164539178212 299.394349257151 305.544892946879 320.497075716654 315.548519293467 309.676806131999 311.44122282664 308.519423007965 302.019119262695 305.961926778158 305.686155954997 301.687916119893 298.855682214101 299.226065476735 301.972965399424 300.679524739583 302.11995045344 304.436087608337 300.209999084473 304.209132989248 311.01127465566 309.217731157939 298.986315727234 286.566833655039 287.327329317729 279.85401948293 275.363167126973 280.516584714254 281.192402044932 292.65817006429 320.718030134837 288.046777248383 275.095045566559 265.093644460042 256.247083346049 241.698384284973 220.194260279338
336.842974026998 334.073623021444 336.098313331604 338.588158289591 329.870959122976 323.5870997111 328.288276990255 342.673778533936 339.179595311483 311.670144399007 302.993893623352 313.791473706563 326.476832230886 318.709433078766 311.966200669607 315.017104148865 318.76007715861 310.978372891744 308.820943037669 312.165319919586 309.258182843526 304.743667443593 302.805165449778 304.908394813538 302.051822344462 299.814581871033 303.343733151754 305.026749769847 306.486447652181 312.667647997538 311.112602551778 301.608820756276 289.139171441396 283.48312775294 275.266865889231 280.261715253194 286.609371503194 285.907526810964 288.905839125315 309.96443827947 277.711749076843 234.925071398417 223.610599835714 217.753986517588 214.873214562734 209.112823009491
348.973155021667 346.04287147522 342.10467338562 342.936793963114 337.269385655721 329.375584920247 326.283355553945 331.780592600505 338.0313316981 319.548865159353 316.620985666911 325.213551521301 323.947052160899 318.492154280345 315.156141916911 315.210918585459 322.808643182119 317.064642906189 315.081556638082 315.297325452169 313.827196756999 309.728622436523 304.565489292145 305.545707543691 303.222934405009 302.358527978261 303.522964318593 307.69157409668 308.439989884694 311.05117003123 311.951160430908 303.931136926015 291.949470837911 276.817798614502 268.299520015717 283.822437127431 293.421904246012 291.174530982971 281.731724739075 296.318014462789 278.626640637716 212.005476156871 181.429068247477 167.192359765371 167.523582776388 174.067417780558
350.592970848083 353.047808011373 352.186997731527 350.155313809713 346.713344256083 341.470082600911 334.881027539571 330.366174379985 332.729975382487 329.063256581624 336.36744817098 334.192554155986 325.376709302266 327.162941296895 319.365600744883 314.530432224274 322.800199190776 322.126229604085 317.022482554118 315.979162851969 313.699762026469 310.373743375142 304.985642433167 304.741422335307 306.022067864736 306.5385222435 304.218490918477 307.544648647308 309.618572394053 309.982816378276 312.535166740417 307.580431302388 287.825465202332 265.474538008372 273.93505970637 295.964817206065 299.044013023376 293.546736240387 276.379545529683 282.04075495402 302.8231660525 255.889217058818 198.076029618581 168.128748734792 157.534152269363 154.269834359487
340.465227762858 343.528985977173 344.267805417379 346.92112604777 351.908087730408 355.02815246582 355.095585187276 352.32929388682 350.416779518127 351.063768068949 346.654653549194 335.382382074992 329.722841580709 324.662645657857 322.903255621592 318.781097730001 320.740183194478 321.186979611715 315.368970235189 314.542194207509 313.678006331126 315.369566281637 312.754213809967 306.579013665517 304.040233294169 306.081930796305 308.179259300232 309.331198533376 311.124841372172 310.650189717611 309.867958227793 307.579775651296 283.073782920837 266.222854455312 288.743396600087 303.466101487478 299.353818098704 294.671694437663 281.301816304525 277.074913183848 311.609864234924 335.192441940308 281.175235907237 227.014422416687 184.507091840108 156.501263380051
