input/barkrak2/radiation/dir18724.grid
NCOLS 85 
NROWS 70 
XLLCORNER 665100 
YLLCORNER 4664600 
CELLSIZE 20 
NODATA_value -9999 
[rows 20 to 39 of 70, columns 0 to 45 of 85]
205.892026424408 198.868155479431 215.303421020508 256.003737449646 250.548442204793 201.765954494476 186.984558900197 191.006064414978 206.493477026621 226.31440560023 239.30553595225 248.372375965118 257.877628008525 271.012882391612 285.791754722595 313.080728054047 331.604679425557 334.794163703918 339.49343363444 345.81466515859 347.872138023376 341.59787495931 340.68242708842 342.165470123291 343.13440322876 344.29144859314 345.02633412679 341.857194900513 337.311347325643 336.938818295797 331.294178962708 321.330606937408 313.559969266256 310.344338417053 309.173226356506 313.469211260478 313.688337802887 315.905610720317 320.26602824529 323.997755845388 324.840128421783 323.684374491374 325.666069984436 321.775555610657 324.59831237793 327.878952026367
231.102426846822 231.679161389669 251.063565413157 280.780792236328 276.166915893555 216.583510239919 197.290460268656 198.90699783961 206.0932914416 219.698309898376 232.21343755722 240.438242753347 248.924672603607 255.80883026123 270.324349403381 291.006028652191 310.501376787821 330.108642578125 335.132320721944 342.577695846558 346.0853099823 349.915424982707 350.280443827311 349.687019983927 346.863110860189 343.189318974813 339.671611785889 336.340347925822 335.403203964233 328.71933778127 312.788645426432 285.681406656901 266.96640253067 265.859663486481 273.536086082458 291.557629903158 298.69943857193 312.451004981995 321.41516606013 321.10325495402 319.507479667664 318.679531415304 312.481999397278 299.969891707102 318.097949028015 324.769814809163
269.605994224548 278.136471907298 287.318706512451 297.43359486262 297.418435414632 251.312752564748 220.349351565043 204.425851504008 203.391095002492 214.431444803874 231.328984101613 240.776876608531 253.948171933492 261.431415875753 268.344561258952 283.185005187988 297.779818375905 314.704318841298 329.775114854177 330.987334251404 333.75362555186 343.02544593811 346.748431523641 346.696734428406 344.199617703756 342.646837234497 339.775681495667 333.727955818176 321.464975674947 304.56421772639 262.315889199575 212.125778198242 192.452530066172 210.211475690206 238.104939460754 262.265781561534 279.811501502991 297.777275244395 309.21866496404 312.204559644063 315.0554895401 314.488569895426 293.919603029887 275.431672732035 299.61226383845 322.210888067881
288.10844818751 291.767378648122 294.442435105642 301.996231079102 302.628477414449 283.510367075602 245.14228105545 213.855008284251 198.609411716461 203.184346357981 227.833787600199 242.611547311147 256.85187180837 273.656209309896 277.28283405304 279.579798380534 292.738854885101 306.346317132314 317.696531613668 318.113366762797 318.430542945862 322.105209032695 331.263899803162 337.335030237834 338.268359502157 329.182823499044 314.427812894185 297.691861788432 271.497090657552 228.13489039739 192.252099514008 167.497277259827 141.115744908651 140.371272961299 153.950184583664 191.586097081502 230.767846107483 257.088124752045 274.415016174316 282.783448696136 282.309254010518 268.945018450419 254.159450531006 287.811001141866 284.269869327545 316.134810447693
280.020236968994 282.386680444082 293.569187323252 303.809106349945 295.94091574351 283.950169881185 253.350218137105 231.675148010254 212.118009726206 205.436607201894 220.630049705505 236.52313152949 252.61527299881 266.769131024679 273.19997549057 278.222302595774 286.897500356038 299.601356188456 309.369603792826 309.185981750488 314.312179883321 313.02281220754 315.548936525981 307.590385278066 298.956990242004 295.805772145589 286.73787911733 275.383412837982 242.054442564646 186.622818311056 165.028681357702 162.550101677577 144.962737957637 122.618446747462 114.514340957006 128.370622793833 176.029324531555 211.914718151093 238.162219524384 250.712931156158 240.831434726715 219.093918800354 240.504542986552 302.368899186452 294.771393140157 319.217681884766
274.780690670013 278.731246789296 291.613856951396 300.125857194265 296.63622379303 285.698850949605 262.173632780711 254.079322020213 243.741750717163 228.579223155975 228.64975531896 250.032524267832 262.241701285044 278.694887955983 281.679670015971 281.162579854329 287.657161553701 299.537618954976 306.028783321381 313.126405080159 316.651463508606 306.119163831075 288.057367006938 288.943767547607 289.617975552877 287.519256273905 275.804301102956 262.557446956635 219.714423020681 191.391150156657 190.256873766581 207.04992612203 211.615959803263 186.922609806061 153.235147396723 134.728163480759 151.032368342082 179.341812928518 218.482255935669 234.404146671295 216.258227825165 207.348048686981 249.053517977397 288.928091526031 308.794021606445 329.417288303375
276.76530679067 278.715233008067 287.284791469574 296.646555264791 308.724045753479 294.230719407399 277.010480562846 265.017549196879 263.204495112101 260.013381640116 251.590232054392 266.367157300313 277.357697486877 291.381319363912 293.644785881042 287.988702456156 288.863559563955 301.850279172262 304.573734601339 307.528932889303 305.049200852712 300.728420416514 297.351638476054 293.671707312266 290.884216626485 286.843836307526 276.626686255137 262.842734654744 226.399679978689 220.503350098928 242.407699426015 265.657007694244 269.815325737 282.162606716156 262.436270713806 177.678426106771 163.284639517466 175.159970919291 201.352079709371 232.436696688334 225.299477577209 256.473660469055 250.635902086894 263.742486635844 300.090571244558 315.811693668365
280.971109867096 277.225216229757 280.472695827484 292.623778184255 329.518854618073 304.726481437683 281.358659267426 264.248232046763 264.765063921611 274.624149004618 267.853796482086 270.882129669189 285.97625096639 294.603864351908 296.299993991852 297.000527381897 295.239190260569 298.742353916168 300.189872582753 304.888884226481 303.305824597677 295.420130093892 294.779558976491 298.071662584941 297.896961371104 293.647090593974 283.709843953451 273.741285006205 248.908678690592 247.128446896871 271.531840165456 286.25084956487 284.392515818278 298.294166723887 324.642380078634 258.168379465739 193.727215131124 181.123733520508 192.818939685822 235.74435710907 262.574017047882 308.276653289795 261.474967002869 255.137900511424 285.810689131419 296.955943107605
278.090953826904 270.252108573914 274.252037207286 299.078106880188 340.567747751872 302.747408548991 271.879037221273 258.824010690053 264.067848523458 274.16718006134 270.351688067118 269.032597541809 284.866174062093 294.20530796051 299.576123555501 304.765979448954 298.227429389954 288.991073767344 297.714869181315 297.874987125397 297.184745470683 292.215247948964 290.958027044932 297.662258148193 299.625595410665 297.129313151042 292.558789253235 282.057285308838 259.78680451711 254.35608625412 277.309159437815 295.55873076121 294.047474861145 292.337417602539 314.146161079407 318.433324495951 231.162091096242 172.483960787455 164.32785987854 206.127444903056 271.256923675537 288.285672664642 252.92428334554 231.393178304036 257.523973782857 271.466533342997
270.631035168966 262.535711129506 271.210392316182 309.447884559631 337.350924809774 298.826495806376 265.120247999827 247.617999712626 247.857530911764 252.319574356079 251.629769802094 259.673118591309 279.035131136576 296.195884545644 298.392077287038 301.531831423442 299.43726460139 288.121322790782 289.47385152181 291.669726371765 290.492633978526 292.230447133382 292.929907639821 298.23503891627 301.919360955556 298.724432786306 300.674438476562 287.889858086904 267.054875691732 263.289213180542 282.209455966949 300.181289513906 295.727511246999 292.006134986877 301.068524519602 321.24392191569 309.167802333832 235.031406084696 186.461369196574 195.562660694122 233.188052972158 246.742268403371 246.240278085073 216.734290122986 229.800979296366 257.09076722463
258.780678113302 269.004146258036 298.421700795492 344.12415822347 346.515377362569 303.882916768392 268.995006879171 240.825057029724 233.368357022603 244.170029958089 239.258090655009 238.139649232229 271.888613700867 293.552656968435 300.374130407969 302.401224772135 302.544176578522 294.758518536886 293.71855656306 294.296741485596 291.868408521016 296.794692675273 299.688875675201 300.006588300069 303.326865037282 306.674838066101 305.932561556498 297.430713971456 280.001223087311 275.750895341237 287.838558355967 300.472855567932 297.891835371653 297.341028849284 300.83429813385 303.461988766988 327.039122581482 338.731527328491 273.581703503927 226.695855458577 214.519321918488 205.763379732768 221.399128437042 219.376603762309 226.694087187449 261.984328428904
277.311583360036 302.437722682953 320.327818393707 325.188994407654 353.771368662516 335.780064264933 301.645537217458 263.37856054306 247.735639413198 262.998183568319 257.339437802633 240.165213743846 257.42373863856 288.778841495514 300.609846909841 305.131236712138 304.64494228363 302.695393562317 295.520881811778 297.73086309433 298.098127047221 301.181892553965 304.256538550059 302.934924761454 304.611682891846 311.39878431956 313.065052032471 310.740828514099 297.468761603038 291.170656681061 294.615646203359 298.243621985118 299.975017706553 304.15141582489 306.567152341207 294.878204663595 303.592165311178 341.540217399597 338.920990626017 280.880093574524 231.048862139384 204.785823822021 205.693185329437 223.761876424154 247.806529204051 274.816234906514
307.154337565104 315.340320269267 304.402629534404 296.687920888265 315.471212069194 337.27232615153 333.041727542877 305.254518985748 282.590826352437 284.96927022934 288.789371649424 264.942685763041 261.007289091746 284.091353416443 300.574362277985 304.078936576843 302.518268426259 307.744979858398 298.961003621419 296.193023522695 301.945745944977 304.804861545563 303.160031636556 305.371503035227 306.426564852397 314.011931419373 318.305492401123 318.641761938731 306.692639986674 298.020899295807 304.330408573151 306.9828748703 302.987893422445 305.211742719014 309.236745039622 299.259702364604 298.588653405507 318.575859069824 323.713401953379 299.646596113841 270.168721675873 229.245086510976 211.335202058156 218.462189038595 239.874958992004 271.508733431498
296.965400377909 289.09440835317 281.677444775899 270.544747511546 270.995835463206 291.832347710927 313.681344191233 311.662475268046 302.369594573975 303.998986879985 304.827849070231 289.454420407613 280.282775561015 290.192286173503 303.079565366109 305.56333065033 301.889419555664 305.281758308411 298.218886057536 300.873557726542 302.563508351644 303.85818084081 302.705883979797 301.247755686442 305.597901344299 312.035938103994 317.140261332194 315.523684024811 309.42557255427 304.976721604665 310.091932614644 307.868381341298 297.270039717356 296.619852383931 300.73493719101 285.861452420553 283.09166431427 284.06016031901 278.784473737081 284.067531426748 293.75692208608 260.862946510315 235.107779502869 223.46152861913 225.078543027242 245.126287142436
289.638896783193 278.786182403564 285.115619500478 270.763238271077 262.676815191905 274.443030357361 301.03600025177 325.933237870534 323.496023813883 311.456938584646 300.036907196045 300.524652004242 307.421843210856 307.346443335215 306.9762190183 304.432014624278 306.159377098083 302.696824073792 302.714765071869 305.558562278748 303.41778198878 301.243245601654 302.673935890198 299.620111783346 303.958038489024 306.512316068013 311.517039934794 308.037122090658 308.182775974274 309.876501560211 311.30584081014 300.758937994639 285.577734311422 290.812969207764 289.987623691559 273.81960550944 274.592975775401 274.719655513763 282.123823960622 304.833471775055 303.869764010112 292.704741160075 269.14385954539 253.033379713694 234.87784465154 228.17991177241
310.007095336914 304.540435473124 314.160386721293 309.011260668437 298.842052618663 303.5555879275 320.431510607402 343.170245488485 338.424205780029 314.246714115143 299.228568871816 307.522078355153 322.047034899394 318.97646188736 313.202063242594 314.651767412821 310.690561930339 307.273983955383 309.650858243306 309.343536694845 308.583855628967 301.097551981608 303.183873494466 303.981105486552 303.880016009013 305.158933003743 307.339668273926 304.416080315908 305.836319923401 312.874674797058 310.139854749044 299.81529712677 287.130256493886 287.887473901113 280.97935517629 276.690264542898 281.77277247111 282.199482123057 294.12567615509 324.327031771342 293.122192223867 279.627323150635 269.967138767242 261.618574460347 244.810303052266 223.421355088552
335.871020952861 332.923670609792 335.097551345825 337.772647539775 328.619321187337 322.264452775319 326.894005139669 341.548879941305 338.749090830485 311.394949754079 302.972118059794 314.89892800649 327.633420626322 321.97242975235 315.520326296488 317.071914672852 320.844233036041 314.791560173035 313.815116882324 314.294616381327 313.065429528554 307.977139949799 306.794742743174 306.902766227722 305.203219254812 304.755588372548 306.291162967682 308.079123497009 309.684852759043 315.007567405701 312.145332495372 302.379826704661 289.697130521138 283.810675144196 276.187519232432 281.285802523295 287.719309329987 286.674539248149 289.766887823741 313.041528065999 282.167851924896 240.737676620483 229.50820128123 223.839978377024 221.102039019267 215.307195981344
349.025964736938 345.961729685466 340.777993202209 341.761628786723 336.436669031779 328.189094861348 324.724515279134 330.161293347677 336.938460667928 319.016297658284 318.689227104187 326.431711514791 324.477871259054 319.443861643473 318.705340226491 319.995621840159 327.232420444489 322.08118836085 318.944036960602 317.398031552633 317.603270212809 311.838269233704 309.57422653834 307.596743106842 308.118879795074 306.153039137522 306.447664896647 310.351689656576 312.308510144552 313.083171844482 313.737432161967 304.673155148824 292.960425217946 277.367810408274 269.227882226308 284.548918406169 294.471641381582 292.121887207031 282.149473826091 298.12886317571 283.587197462718 216.948469479879 188.0095799764 174.577752749125 174.786825974782 179.668545722961
351.988116900126 354.578614234924 353.350480397542 350.888212521871 346.749703089396 340.913534164429 333.63668123881 328.72482140859 331.11830552419 329.320847988129 336.792389551799 336.557149887085 328.576187292735 330.422361691793 323.048810164134 319.812615712484 325.483600298564 326.551973819733 320.944507916768 319.026410579681 317.602097988129 312.605758508046 309.088349342346 306.898951530457 308.043996493022 310.283700625102 307.11168050766 309.268891811371 312.040686607361 312.250733375549 312.954207261403 308.500130971273 288.345774014791 266.268134117126 274.836917718252 296.431799729665 299.398998419444 293.469270070394 276.531279087067 282.486061255137 306.276599566142 262.15269168218 204.856952031453 175.011912981669 163.937518994013 158.410787582397
343.020558357239 346.408764521281 346.236109733582 349.465529123942 353.453278541565 355.950077374776 355.363051096598 352.23110516866 350.397229194641 352.276523907979 348.00918896993 338.366548220317 333.257774511973 329.304337501526 327.351152896881 322.833180427551 325.263619422913 323.656360308329 317.961812019348 317.075848579407 318.361024061839 317.630092302958 314.954121907552 310.701807339986 307.039539019267 308.155417442322 310.985465844472 311.106264591217 313.581426938375 312.998076279958 311.94015343984 310.122549533844 283.833384513855 266.925911108653 289.023300011953 303.879777590434 299.491842587789 295.0146595637 281.322280565898 276.53306722641 311.917026837667 338.548421859741 287.879208723704 233.65173737208 191.079417864482 162.950803836187
