input/barkrak2/radiation/dir16724.grid
NCOLS 85 
NROWS 70 
XLLCORNER 665100 
YLLCORNER 4664600 
CELLSIZE 20 
NODATA_value -9999 
[rows 20 to 39 of 70, columns 0 to 45 of 85]
211.309750874837 204.69590028127 221.261918544769 262.969036897023 258.187373479207 206.58544699351 191.282490889231 195.349991321564 208.323816458384 230.369766553243 244.172692298889 253.907303015391 263.152122497559 276.472528775533 291.418015956879 324.615895748138 336.451292037964 339.482585589091 343.991041183472 349.969307581584 351.035992304484 345.966617266337 345.116297403971 346.531788508097 347.442905108134 348.534266153971 349.136789639791 345.85162003835 341.171185175578 340.853055318197 335.321108500163 325.654705365499 318.277835845947 315.42847553889 314.410328865051 318.617065747579 318.86613368988 321.080307165782 325.399935245514 329.04326915741 328.644176324209 328.682323296865 330.594917138418 325.615127881368 329.534947872162 332.712868849436
236.059129238129 237.242221832275 257.562776406606 288.061360518138 282.151738802592 221.964955329895 203.90663544337 202.529430389404 209.565401077271 224.039733409882 237.22364505132 245.027343432109 253.810226917267 261.215070883433 277.450978755951 295.111457506816 325.198233127594 335.023323694865 339.88086382548 346.981485684713 350.263635317485 352.891047795614 353.933493296305 353.414336840312 350.851615269979 347.477753957113 344.106038411458 340.768416722616 339.506586392721 332.90821313858 317.229429880778 290.566007296244 272.350211938222 271.604160467784 279.409448305766 297.240416208903 304.279287656148 317.809224128723 325.408577919006 326.229671637217 324.670592943827 322.72873322169 317.745804786682 305.515885353088 323.24759165446 329.703807830811
274.009346961975 282.982707023621 293.109516302745 303.355316321055 303.334017594655 255.380590756734 224.45418437322 207.87235101064 207.182288169861 218.81361802419 235.496342182159 244.281272093455 258.974532286326 266.754269599915 273.742397626241 287.024279435476 303.076227506002 323.90304406484 334.712147712708 335.861682891846 338.521798451742 347.385327021281 350.796262423197 350.622653961182 348.166426022847 346.837560335795 344.214558601379 340.939362843831 327.468593915304 311.855216821035 268.48179101944 217.987656593323 198.326388994853 216.461380322774 244.381328423818 268.381694952647 284.621198972066 303.431471188863 314.666112263997 317.589163780212 320.368409156799 319.738030433655 299.455066521962 281.362096468608 305.105884869893 327.179948488871
291.697303454081 295.822997887929 299.811939398448 307.835360368093 307.590285936991 288.971463839213 247.128129005432 217.488427956899 202.082653840383 207.205732663473 232.529123624166 245.967666308085 261.714378992716 278.84312470754 280.879457791646 286.530713240306 298.167546590169 313.500821590424 324.587345123291 325.070281823476 323.652585347493 327.21068461736 336.102922757467 341.937065124512 342.691818873088 334.695299466451 321.950713793437 304.041763146718 278.418342272441 235.942224661509 196.820795536041 171.979824701945 147.473990917206 147.810349861781 160.374939441681 196.608622868856 237.085322539012 263.215164343516 280.410448710124 288.658201694489 288.188616434733 274.874051411947 259.977539380391 292.210638523102 289.330164591471 321.289896965027
283.450166384379 286.015252272288 298.262496789296 309.580643971761 301.920930544535 290.968358516693 257.892290751139 233.220815658569 215.588927268982 208.77997080485 224.874019622803 242.348829905192 255.163927872976 273.851613203685 280.466973781586 283.589164415995 294.046362241109 306.656082471212 314.522862434387 317.733764648438 321.369707584381 318.31689675649 326.687554518382 317.26864973704 306.757013003031 298.405051231384 291.490177313487 280.120015144348 247.66598145167 190.98166624705 169.309794902802 166.901846726735 150.196532408396 129.104604323705 120.887895425161 133.907238642375 182.203571001689 218.360702196757 244.673569997152 256.934642791748 247.07301457723 225.367506345113 246.776878833771 307.424743970235 299.362659454346 324.211696783702
278.57236067454 282.445708910624 295.86931069692 305.632948875427 302.636345227559 291.192650794983 266.551494598389 257.636467615763 246.954480806986 231.668909390767 232.055147488912 253.975987434387 265.646080176036 280.161817868551 286.995311578115 284.811774889628 291.419545809428 303.189794222514 311.387737592061 316.917538642883 327.424466609955 316.357493400574 297.109385331472 293.969511985779 294.592122236888 292.428294817607 280.720194180806 267.246882120768 224.040488402049 195.305307706197 194.375415643056 211.386024951935 216.426134109497 193.422039349874 159.610778093338 139.536003271739 156.96261326472 184.249142805735 226.103822390238 240.76376358668 222.592492898305 213.750819365184 255.126357078552 290.159066518148 312.334318955739 333.988269170125
280.650039513906 282.452841599782 291.292627652486 301.811377207438 315.269430478414 299.244523048401 280.732353528341 267.913341522217 265.738189220428 262.616594632467 254.745721817017 269.97168858846 280.54815530777 294.39914226532 298.808356126149 291.458070278168 294.073780377706 305.475453535716 313.355386257172 319.537997245789 312.080542246501 308.322906494141 304.261326789856 298.702518145243 295.888960361481 291.760702927907 279.642303784688 267.2332127889 230.051577091217 224.076628684998 246.282736460368 269.361873467763 273.304680983226 286.715090274811 268.732488155365 183.160245418549 168.162445227305 182.193160057068 208.020488421122 238.796671231588 231.470783551534 262.731194496155 254.766782124837 266.946375370026 302.917281786601 322.084903717041
284.891605377197 281.106372674306 284.420450528463 297.478636105855 334.875543912252 308.944642543793 284.285763899485 266.512592633565 266.789058844248 277.31466293335 270.773371060689 274.449249108632 289.115945498149 297.653158505758 301.450411478678 302.234868208567 301.866809527079 307.323396205902 308.78206094106 309.802949428558 308.179974555969 300.445199012756 299.165785312653 305.298050244649 302.807172139486 298.512836297353 288.547456264496 278.001566727956 251.718084017436 249.946534633636 274.746100107829 289.373934268951 287.29126850764 301.22180779775 329.576333363851 264.217674732208 199.028571446737 186.241904894511 200.437943140666 242.472410202026 268.785417079926 313.476920127869 264.778316020966 257.895112037659 290.567457675934 300.260027249654
281.839589277903 274.23350016276 278.297583262126 303.945501645406 345.409989356995 306.307673454285 274.472018082937 261.117299397786 266.486942768097 277.549167474111 273.458520571391 272.278587023417 289.164980252584 299.039642016093 304.698944091797 307.860851287842 303.217510382334 293.944398562113 302.728712558746 302.950898806254 303.884545962016 298.791468143463 297.407587369283 304.185907046 307.52569437027 301.992138226827 297.358413537343 286.494374275208 262.883762518565 256.80927435557 279.974659283956 298.432350158691 296.6521581014 294.784188270569 317.365268866221 323.97981484731 235.777715841929 178.1218846639 169.947763284047 213.701526323954 277.337928613027 292.961319287618 256.421029567719 235.370000203451 262.76421546936 277.20828851064
274.177173773448 266.546944777171 275.405764579773 314.322034517924 342.04359849294 302.30192343394 268.041094144185 250.584979852041 248.975137869517 255.890687306722 255.293567975362 263.271570205688 283.291975657145 302.596728006999 303.581118583679 308.083792527517 304.398636023204 291.79722070694 294.643819332123 296.927293141683 295.747657616933 297.458648681641 299.344102541606 304.555733998617 306.758185227712 305.311719576518 303.960959116618 292.388339837392 270.516196886698 265.820185343424 284.635821978251 302.750945091248 297.886411348979 294.331034024556 303.308586279551 324.530065059662 314.401725927989 241.354664166768 191.814561684926 201.026558876038 238.543450832367 251.655876636505 250.482757886251 221.280574798584 235.267241795858 263.086915016174
262.106021245321 272.53129084905 301.90114180247 347.559293111165 350.274682044983 307.2909116745 272.398749987284 244.408408800761 237.228433291117 248.20617834727 243.185301621755 241.937617460887 275.398135185242 300.250470638275 303.315738836924 308.967630068461 307.517468929291 299.820164839427 298.884550730387 297.79714345932 297.143240769704 303.421298662821 304.796099662781 305.09873231252 308.096945285797 312.135974566142 310.580829779307 300.755600134532 283.20058186849 278.395334879557 290.078222751617 302.807172139486 300.337215264638 299.464583396912 302.65998840332 305.181543032328 330.178062121073 343.77392133077 279.33528025945 232.337574164073 220.089157422384 210.696081320445 225.779116153717 224.214911460876 231.241106987 267.88330078125
280.619084835052 305.230657259623 322.074035803477 326.300581296285 355.824748675029 338.748971621195 305.201470851898 267.03663667043 251.222252845764 266.414682070414 261.236985524495 243.681132793427 263.102332750956 293.316165606181 305.544018745422 310.107171535492 307.809233665466 306.145668029785 300.670663515727 301.354666550954 303.31951379776 306.28369251887 309.3075354894 308.014909426371 309.624930222829 317.205707232157 319.172501564026 314.931273460388 301.070968310038 294.029672940572 296.965956687927 300.38324991862 302.062193552653 306.100010871887 308.381120363871 296.550631523132 305.56986729304 344.728668530782 343.955238660177 285.519321759542 236.970404783885 209.433833758036 209.921499093374 228.484193483988 252.888480822245 280.59192498525
309.27171309789 316.531856854757 304.514944553375 296.579400698344 315.676848093669 338.497877120972 335.231145222982 307.795524597168 285.21203994751 287.743786970774 292.15399424235 267.9682970047 264.154851436615 288.531303405762 305.453995863597 309.091687202454 307.5945576032 310.939729213715 302.503208319346 303.18021774292 307.110746701558 309.884866078695 308.242539564768 309.115886688232 311.465164025625 318.727870782216 323.598980903625 323.540588219961 310.166358947754 301.019569238027 306.986371676127 309.472938378652 305.137356122335 307.402888933818 311.60847345988 301.753560702006 300.956130027771 321.762979030609 328.56023311615 305.600901444753 276.250143845876 233.961681524913 215.376297632853 222.707013289134 244.431495666504 275.254825750987
297.297636667887 288.640439510345 280.906319618225 269.665122032166 270.007928212484 291.226188341777 313.993652661641 312.934021155039 304.366687933604 306.825419267019 307.476460933685 291.975438594818 283.627887566884 294.398188591003 307.916204134623 306.701719760895 307.066341241201 310.383280118306 303.528845310211 306.14846944809 306.376934051514 309.010704358419 307.913343111674 306.469857692719 309.054493904114 315.6844774882 323.98529847463 320.964137713114 313.114364941915 308.125237623851 312.928716341654 310.55869658788 300.076802571615 299.82054233551 304.391324520111 289.2973224322 286.431511243184 287.964920202891 283.931950728099 290.217498938243 299.542844295502 265.454510847727 236.741324265798 227.668364842733 229.291598002116 252.170443534851
289.307157198588 277.964949607849 284.391244252523 269.762138525645 261.498729387919 273.47453435262 300.698320070903 326.836268107096 325.519204139709 313.970565795898 302.207032839457 302.848239739736 310.703535874685 311.609049638112 310.40096282959 309.619704882304 309.907476107279 307.947595914205 308.033208052317 310.802678267161 308.656493822734 308.247725168864 307.914694150289 306.587735811869 307.866096496582 311.466018358866 317.35489765803 313.697655995687 312.964498996735 313.342154026031 314.443786938985 303.787430127462 288.512110710144 294.077138106028 293.526550134023 277.482132116954 278.128465016683 278.360903263092 286.672651767731 310.734550158183 309.133211771647 294.940213362376 272.967656453451 259.491006533305 241.550584634145 232.097427050273
310.223380724589 304.495215415955 314.347227414449 309.051156044006 298.749605814616 303.709189097087 321.027338504791 344.544529914856 340.659618377686 316.48854414622 301.241358121236 311.922450860341 324.741204579671 322.320183118184 318.167626857758 319.779396057129 314.313133557638 311.062057813009 313.442130883535 314.571340878805 312.496443589528 308.075865109762 308.353364467621 312.094569206238 308.965086936951 310.144941012065 312.222480773926 310.266236464183 311.021447181702 316.730856895447 313.557505607605 303.052624066671 290.024479230245 290.736714998881 284.352580706279 280.187328656514 285.229523976644 285.417934258779 297.786672910055 329.707463582357 298.169513543447 283.668518066406 274.043202400208 268.286804358164 251.781105995178 230.587204297384
337.374130884806 334.184487660726 336.347182591756 339.162707328796 329.849243164062 323.401967684428 327.966173489888 342.86626180013 340.717673301697 313.333412011464 305.005331834157 317.423343658447 331.752419471741 324.000199635824 319.265305995941 322.206914424896 325.935840606689 317.489186922709 317.708909511566 320.940812428792 318.110664685567 313.81102403005 311.878800392151 313.763419787089 310.256361961365 309.805671374003 311.208248138428 312.82118956248 314.221700032552 319.081207116445 315.698345502218 305.589417616526 292.613764603933 286.442637443542 279.310444990794 284.512142340342 291.096091270447 289.732654889425 292.88383324941 317.997614542643 289.246996243795 247.405509154002 234.325071175893 228.768289089203 225.924770037333 219.94952360789
351.244846979777 348.038196563721 342.447956403096 343.529979387919 338.070710500081 329.469621181488 325.636744499207 331.000169118245 338.295062383016 320.785721143087 321.198662122091 330.228229363759 330.526471138 324.501395225525 322.797258694967 325.154562791189 331.022620201111 327.148536841075 323.029239972432 324.009696642558 322.567045688629 317.613383134206 314.628601074219 314.451952775319 312.048236529032 311.167995134989 311.377267042796 315.068046251933 316.862046718597 317.873915036519 317.550460497538 307.90921052297 296.487589677175 280.218442281087 272.334853808085 287.521739800771 297.563751538595 295.04273335139 284.871300061544 302.085876464844 289.83736038208 224.25909837087 193.338910738627 180.596788724264 180.541376272837 186.795651912689
355.723023414612 357.96852906545 356.372276941935 353.689432144165 349.162062009176 342.835704485575 334.856549898783 329.537173112233 331.98352654775 330.900073051453 339.652935663859 339.950323104858 332.370122273763 334.458470344543 328.143954277039 325.014551480611 330.503245194753 330.725789070129 325.971961021423 324.919442335765 321.722308794657 319.400429725647 313.236137231191 313.813944657644 313.039561112722 315.199017524719 312.025129795074 314.047435919444 316.635608673096 315.714259942373 317.456205685933 311.959167321523 291.263361771901 269.261797269185 277.932325998942 299.28203423818 302.173991998037 295.730153719584 279.033561547597 285.189628601074 311.501562595367 268.518646558126 211.084067821503 180.600643157959 168.509781360626 165.513008832932
347.668170928955 350.371440251668 350.73725382487 353.700915972392 357.243458429972 359.180887540181 357.993125915527 354.37266031901 352.371692657471 354.987502098083 352.065642674764 343.135913213094 338.265736897786 334.35861269633 333.604057629903 327.327251434326 330.290277798971 329.45038874944 323.075413703918 321.548740069071 323.382476965586 322.862903277079 319.909532864888 314.939181009928 312.061091264089 313.138206799825 314.939936002096 315.901756286621 318.204601605733 317.57390499115 316.36106967926 312.92861700058 286.960025628408 269.813378651937 291.593750317891 306.371430555979 301.732977231344 297.296583652496 283.72710943222 278.283854325612 314.607461293538 343.603452046712 293.977379798889 241.089502970378 198.202888170878 167.51617193222
