input/barkrak2/radiation/dir16224.grid
NCOLS 85 
NROWS 70 
XLLCORNER 665100 
YLLCORNER 4664600 
CELLSIZE 20 
NODATA_value -9999 
[rows 0 to 19 of 70, columns 0 to 45 of 85]
355.829040209451989 357.966701189677 356.780370076497 351.548115412394 345.476865768433 340.611100196838 332.511683305105 326.319634914398 331.476887067159 330.059210459391 326.800386110942 335.072954495748 341.866970062256 341.68008963267 344.713608423869 355.395396550496 359.665632247925 357.223113377889 339.191635449727 329.065601030986 305.629134178162 299.271802107493 315.14581044515 321.423331896464 318.496823310852 314.632852872213 314.593374729156 307.322184244792 288.531303405762 281.042158603668 280.165354410807 284.093538920085 291.674872239431 297.27836449941 305.772423744202 298.293948173523 294.585287570953 302.412708600362 300.157606601715 302.696128686269 292.858183383942 273.021638393402 283.509473005931 309.862196445465 315.268258253733 305.987298488617
349.99676545461 355.151255925496 356.038133303324 352.52837340037 350.769956906637 345.938205718994 334.716399510701 323.64284992218 326.364795366923 328.246235847473 322.938660780589 329.795042673747 339.454134305318 340.437690416972 339.324673016866 345.748424530029 343.602895736694 343.133012453715 341.558376948039 334.580500920614 318.403999010722 308.092753092448 312.269806861877 317.747215429942 316.13959868749 311.839779218038 310.124039649963 305.838684240977 291.670123736064 281.519631544749 282.484849294027 291.069229443868 287.807464599609 291.453937689463 304.244259993235 296.474675337474 289.0864610672 291.449666023254 286.593159039815 300.87157090505 299.274166425069 286.432802677155 293.914218743642 314.407030741374 320.52751382192 308.628519376119
332.022786140442 333.266139030457 335.713466008504 338.207920392354 345.391988754272 347.571094830831 345.621148745219 340.355197588603 334.808031717936 330.927153428396 322.800517082214 322.971244653066 330.710669358571 333.321531613668 329.284926255544 332.225581010183 335.790634155273 340.082327524821 343.358278274536 340.521097183228 335.124890009562 324.802080790202 315.70291519165 314.025183518728 315.86080789566 315.795262654622 310.369451840719 304.209013779958 293.007850646973 280.543903509776 277.82412370046 289.397915204366 276.307463645935 283.367514610291 298.771182696025 293.0908203125 277.113815148671 269.929627577464 281.970699628194 301.488399505615 303.887367248535 303.9737145106 306.621591250102 321.755985418956 332.096695899963 317.552824815114
316.554486751556 312.893450260162 316.094438234965 319.932738939921 319.857021172841 320.41984796524 323.603689670563 330.92737197876 338.643511136373 340.867122014364 336.706320444743 333.405335744222 333.193341890971 332.439621289571 328.406691551208 322.361846764882 325.285017490387 331.052422523499 337.631702423096 339.698553085327 338.394085566203 335.354566574097 333.489457766215 326.235552628835 323.729475339254 325.49794514974 319.32391722997 310.520927111308 301.663080851237 291.589836279551 281.561275323232 287.872950236003 275.116920471191 281.99444214503 289.669096469879 290.823419888814 283.988833427429 280.69406747818 300.097902615865 314.311504364014 311.695158481598 304.778695106506 300.398508707682 308.488587538401 320.565422375997 322.455883026123
329.09635702769 316.720585028331 306.851804256439 296.30845785141 290.602405865987 305.141727129618 317.941665649414 324.357469876607 329.001009464264 333.697398503621 340.135852495829 344.251712163289 344.034830729167 342.679381370544 339.645147323608 336.626370747884 334.860801696777 330.913106600444 333.815058072408 339.006940523783 338.112632433573 338.026920954386 340.246756871541 335.273265838623 330.360412597656 329.311807950338 323.760191599528 315.037846565247 305.83667755127 300.354441006978 298.415243625641 295.012414455414 287.028054396311 290.083249409993 287.962237993876 291.951656341553 302.153050899506 307.990709940592 318.079908688863 323.800305525462 321.836352348328 313.585082689921 305.221458276113 300.711731115977 306.544244289398 328.2271027565
351.464629173279 337.276935577393 316.050151983897 292.438824971517 285.533646742503 292.821447054545 312.418202559153 323.616604010264 325.75935125351 324.950973192851 330.909729003906 337.783892949422 341.944853464762 343.301812807719 345.424811045329 344.803253809611 341.856400171916 333.984096844991 332.262138525645 335.391124089559 335.167487462362 338.128805160522 343.280712763468 340.470631917318 335.879961649577 335.039854049683 328.251043955485 318.824668725332 308.209796746572 301.193594932556 300.236125787099 295.761426289876 300.442179044088 307.136019070943 301.076948642731 298.32931359609 306.630412737529 314.485430717468 319.101055463155 319.417417049408 320.487817128499 316.702008247375 313.733696937561 312.821229298909 311.586578687032 318.411509195964
352.752963701884 343.225002288818 333.166718482971 319.338262081146 304.452737172445 294.338981310527 300.550043582916 319.052735964457 327.346126238505 331.957598527273 330.446024735769 326.348423957825 323.870658874512 321.648379166921 323.099235693614 331.740438938141 335.83394686381 340.278228123983 341.392000516256 341.221412022909 336.341778437297 332.167526086171 339.682340621948 341.645161310832 339.595595995585 340.858379999797 337.002833684285 328.903158505758 318.36865345637 310.806175072988 305.329541365306 305.834492047628 320.687452952067 327.390253543854 324.325839678446 317.105968793233 315.621753533681 319.652517636617 323.255638281504 329.079349835714 329.368631045024 325.143774350484 320.955057938894 314.603686332703 300.201197465261 293.448547522227
346.962968508403 347.384572029114 346.237460772196 340.962171554565 329.464793205261 309.340099493663 290.832161903381 291.170537471771 316.499650478363 330.77077070872 334.636727968852 332.267185052236 327.440679073334 322.085340817769 314.167082309723 316.503902276357 324.393630027771 332.209845383962 342.00926621755 346.528172492981 344.498872756958 337.432305018107 337.23505338033 340.614358584086 340.879082679749 343.279004096985 342.392921447754 337.946812311808 331.074138482412 326.437413692474 322.964668273926 323.342641194661 333.930253982544 338.005900382996 337.044954299927 332.859138647715 327.152689297994 323.777198791504 318.001429239909 325.422128041585 333.654443422953 336.775779724121 335.09894212087 325.097501277924 308.271845181783 291.915933291117
344.975153605143 345.730543136597 346.417983373006 345.386107762655 340.738654136658 331.482847531637 311.743199825287 289.585550626119 296.957870324453 315.277258555094 328.623712062836 332.528154055278 331.892391045888 330.745319525401 326.617618401845 321.409324804942 319.747885068258 322.682539621989 331.212798754374 338.888009389242 344.857931137085 345.895727475484 343.100547790527 340.641299883525 341.095844904582 343.936681747437 344.891905784607 342.825810114543 340.234994888306 340.291420618693 339.837789535522 338.789542516073 341.471831003825 343.549331029256 341.043988863627 338.698506355286 335.513353347778 327.309827009837 313.307821750641 316.786885261536 331.748425960541 334.798216819763 330.934405326843 326.843937238057 317.894419034322 308.634599049886
337.018728256226 340.409557024638 342.083136240641 342.206080754598 341.747204462687 341.893394788106 335.505366325378 324.786444505056 302.563726902008 296.416501204173 306.07545375824 323.236624399821 334.6293369929 338.46652507782 340.16231695811 337.237199147542 329.283595085144 326.422691345215 324.678063392639 328.047076861064 331.931710243225 334.383090337117 337.757587432861 338.755130767822 340.078353881836 342.121680577596 343.788146972656 342.574834823608 341.806650161743 343.968749046326 344.773928324382 344.717860221863 346.276640892029 347.705523173014 345.572471618652 341.528455416362 339.831630388896 334.915677706401 316.748181978862 312.237163384755 325.116594632467 326.016803582509 323.992669582367 322.512110074361 314.498960971832 305.216530958811
308.326025803884 317.519823710124 324.771444002787 330.009778340658 334.552884101868 338.317275047302 340.682148933411 340.096553166707 325.502196947734 306.418617566427 295.582334200541 300.656259059906 321.551700433095 334.577997525533 340.843915939331 336.650371551514 334.091544151306 331.244210402171 325.538635253906 322.126030921936 322.417775789897 322.177290916443 322.819491227468 329.638997713725 334.867596626282 338.093837102254 339.653054873149 339.106718699137 340.74326356252 342.96456972758 343.895157178243 344.935655593872 348.210732142131 349.28560256958 347.748319307963 344.554424285889 343.367338180542 342.849294344584 330.772757530212 317.686359087626 321.155647436778 324.816703796387 326.563358306885 326.442817846934 318.814396858215 309.692819913228
277.442296346029 281.791587670644 287.741859753927 298.226257165273 309.874097506205 320.272703965505 331.537942091624 334.970355033875 335.017124811808 327.740867932638 310.750365257263 295.303503672282 296.930213769277 314.797520637512 331.017871697744 331.426401933034 335.759441057841 334.986964861552 330.131967862447 323.956867059072 319.604615370433 316.297809282939 316.370606422424 322.3690589269 326.97864373525 329.291661580404 330.549597740173 332.876642545064 335.704604784648 338.586648305257 340.061148007711 343.342542648315 346.752246220907 347.556869188945 346.134980519613 345.107793807983 346.141497294108 347.140034039815 343.751986821492 333.330670992533 330.314060052236 333.3793481191 336.496035257975 336.622913678487 330.325822035472 327.958047389984
267.393112182617 263.682504494985 262.644728024801 261.742095152537 268.503129482269 281.423767407735 301.220734914144 316.800793011983 334.531823794047 336.623748143514 330.588281154633 316.080947717031 295.165022214254 293.303231398265 311.30838394165 328.311185042063 336.817542711894 337.160666783651 335.010011990865 331.477642059326 325.260698795319 324.327905972799 324.043313662211 324.698547522227 323.351959387461 322.209556897481 325.034340222677 330.303510030111 332.137803236643 332.970996697744 335.013151168823 338.320732116699 339.977065722148 340.83080291748 341.040770212809 342.340389887492 347.299456596375 349.520444869995 348.576267560323 346.295277277629 343.888839085897 343.020598093669 342.66722202301 342.00926621755 336.083968480428 332.88961648941
263.257324695587 239.732146263123 223.495463530223 218.411207199097 214.880347251892 220.592319965363 239.232420921326 269.979317982992 300.210277239482 325.698256492615 334.599574406942 335.234522819519 326.038559277852 306.362251440684 304.433723290761 323.036313056946 333.252688248952 339.231530825297 341.233332951864 339.931170145671 334.534883499146 332.487543423971 330.626368522644 330.621143182119 329.576214154561 327.650666236877 329.454779624939 334.247787793477 333.142598470052 329.91228501002 333.503762880961 335.811575253805 337.179819742839 337.489008903503 338.868419329325 341.470122337341 344.681859016418 346.509218215942 346.644401550293 346.498012542725 346.123417218526 346.855441729228 347.089409828186 344.8592821757 339.795470237732 334.788839022319
246.805191040039 213.834881782532 192.505796750387 188.620706399282 187.43105729421 192.028641700745 198.472758134206 222.576816876729 248.557209968567 292.526284853617 331.0320576032 344.606796900431 346.212863922119 338.870684305827 321.835398674011 318.839808305105 323.053479194641 332.720438639323 341.17579460144 343.4104124705 343.042691548665 339.765906333923 338.870167732239 337.530533472697 334.599296251933 333.101073900859 335.740685462952 336.013555526733 331.183632214864 329.359809557597 332.903226216634 335.665186246236 335.029522577922 335.22355556488 337.249159812927 339.391152064006 339.476505915324 338.950236638387 340.202887852987 340.038498242696 342.562754948934 344.703753789266 346.566955248515 345.410744349162 340.710639953613 338.532964388529
212.468564510345 188.470164934794 172.932227452596 169.887026151021 184.769570827484 204.491794109344 204.0034532547 209.017097949982 229.735891024272 259.462316830953 303.296724955241 342.371106147766 350.521365801493 349.652091662089 342.778126398722 325.422823429108 316.876292228699 318.657994270325 329.960246880849 342.916409174601 345.933198928833 342.87170569102 343.777418136597 341.434399286906 337.472081184387 337.487936019897 340.074777603149 336.993932723999 331.925868988037 334.325472513835 336.529970169067 336.207509040833 334.679802258809 333.318710327148 333.730618158976 333.37394396464 332.494735717773 330.087463061015 330.3235967954 331.283092498779 334.265033404032 336.299180984497 337.663332621257 337.494929631551 338.586052258809 340.16219774882
187.184631824493 178.353130817413 170.075078805288 162.16653585434 164.148549238841 189.143002033234 206.860760847727 209.756433963776 221.768875916799 235.737462838491 258.067270119985 308.830221494039 346.716483434041 348.401228586833 346.19927406311 343.196193377177 338.044246037801 327.521741390228 320.768316586812 328.641474246979 341.256221135457 344.319383303324 345.722913742065 343.717614809672 340.423862139384 341.33783976237 344.145536422729 341.549197832743 338.069995244344 341.669837633769 342.031319936117 336.56374613444 333.502451578776 331.914226214091 329.147775967916 327.445447444916 324.914177258809 324.179371198018 324.370483557383 325.381974379222 327.280243237813 329.160253206889 329.663912455241 331.185181935628 337.516228357951 340.588808059692
178.597867488861 182.37316608429 183.418492476145 173.643787701925 157.834033171336 164.510091145833 194.570819536845 211.915552616119 227.604448795319 238.657116889954 246.944427490234 275.339404741923 322.113871574402 346.014897028605 348.471879959106 349.416812260946 349.435925483704 344.706813494364 333.312888940175 322.584370772044 330.063382784526 343.893051147461 343.766530354818 342.459599177043 342.67004330953 346.105615297953 348.207155863444 346.464395523071 344.048341115316 345.521688461304 343.151092529297 337.112188339233 334.228714307149 330.970962842305 327.495892842611 325.752218564351 324.512521425883 323.806822299957 323.743601640065 325.036108493805 325.77657699585 326.918721199036 325.796504815419 328.469634056091 334.822575251261 339.523275693258
188.500861326853 199.175079663595 207.425872484843 201.670428117116 181.58080180486 173.329432805379 195.45716047287 212.621013323466 233.40505361557 253.340204556783 261.972367763519 268.707076708476 299.378434816996 330.093900362651 344.573736190796 348.528385162354 349.009275436401 348.582029342651 346.651474634806 338.173031806946 326.420883337657 335.005879402161 338.928699493408 341.765443483988 345.685561498006 348.941008249919 350.28858979543 348.623434702555 344.755132993062 344.454209009806 341.190139452616 337.391416231791 334.535996119181 331.80962006251 329.174240430196 326.651513576508 326.61501566569 323.987265427907 323.43844572703 325.545907020569 327.249089876811 328.246076901754 327.942490577698 330.085237820943 329.903642336528 337.50589688619
202.634930610657 207.282026608785 219.672282536825 235.087831815084 220.492025216421 190.587560335795 190.470735232035 201.869964599609 221.292694409688 244.411607583364 260.665933291117 263.140718142192 277.729034423828 295.816838741302 326.512217521667 342.006365458171 344.796975453695 345.48544883728 346.017758051554 345.471541086833 341.836849848429 334.391236305237 335.098663965861 339.990854263306 345.204432805379 349.014600118001 350.511948267619 348.295450210571 342.838843663534 342.480897903442 339.200417200724 334.519147872925 331.812222798665 331.587036450704 330.884615580241 327.892462412516 326.373159885406 321.432371934255 319.319029649099 325.168490409851 329.380770524343 330.479462941488 330.946187178294 330.894410610199 329.326470692952 333.883047103882
