input/barkrak2/radiation/dir19624.grid
NCOLS 85 
NROWS 70 
XLLCORNER 665100 
YLLCORNER 4664600 
CELLSIZE 20 
NODATA_value -9999 
[rows 40 to 59 of 70, columns 0 to 45 of 85]
331.609825293223 331.895391146342 331.849257151286 333.582321802775 338.099718093872 341.063261032104 343.351244926453 345.961848894755 346.791386604309 339.483181635539 330.58766523997 326.262752215068 324.348251024882 321.31157318751 319.267114003499 318.053762118022 317.009190718333 315.182785193125 310.782233874003 309.064606825511 311.462124188741 312.702715396881 314.558664957682 310.409228006999 306.60092830658 304.260889689128 309.692223866781 309.754113356272 310.228665669759 309.0500831604 307.255685329437 303.269982337952 280.184864997864 276.458064715068 298.16335439682 298.597017923991 289.111038049062 288.537224133809 289.178093274434 278.841853141785 287.796338399251 325.529952843984 340.356230735779 292.96886920929 232.777794202169 191.229462623596
336.145798365275 334.445873896281 334.604819615682 335.255185763041 333.292742570241 331.407268842061 331.178228060404 332.364598910014 334.960460662842 328.758498032888 323.983987172445 324.302395184835 325.652480125427 324.895640214284 322.93164730072 320.418894290924 315.92188278834 320.072491963704 319.462656974792 314.42654132843 316.869894663493 315.178771813711 313.469449679057 315.175632635752 315.135280291239 310.421307881673 313.30813964208 313.114643096924 312.049647172292 311.001519362132 309.09405152003 304.187258084615 286.991159121195 287.882069746653 298.79359404246 290.050665537516 275.436619917552 275.092005729675 282.013932863871 287.354528903961 302.989761034648 315.675894419352 326.453328132629 320.725917816162 275.7874528567 227.858146031698
337.717294692993 336.178143819173 338.028868039449 337.462703386943 333.27595392863 331.81498448054 331.069827079773 330.207506815592 329.060196876526 326.160331567128 325.253009796143 324.374159177144 326.032598813375 327.491700649261 326.304217179616 323.400537172953 320.366760094961 322.970390319824 324.939926465352 319.380482037862 316.755771636963 315.154115358988 311.617334683736 312.066078186035 314.252416292826 311.038931210836 307.463765144348 308.020114898682 308.942377567291 309.771319230398 307.934244473775 301.048179467519 293.942232926687 296.939373016357 296.539743741353 279.205063978831 263.772090276082 269.20489470164 283.665398756663 296.23011747996 304.734746615092 302.935441335042 298.188845316569 300.09384950002 281.818548838298 232.319315274556
329.272270202637 331.120232741038 336.073160171509 334.375301996867 335.289319356283 336.506207784017 336.344639460246 333.908319473267 328.139583269755 326.571524143219 328.827222188314 325.85338751475 324.106434981028 326.971530914307 326.468567053477 323.809027671814 324.95911916097 325.441420078278 324.854175249736 322.016934553782 317.55252679189 314.811547597249 312.106609344482 310.995956261953 310.411771138509 311.929980913798 307.301620642344 306.071817874908 307.9833984375 305.965781211853 303.139686584473 296.953558921814 297.122736771901 299.030343691508 286.720275878906 264.512538909912 259.630680084229 273.383617401123 292.328258355459 297.189553578695 296.656449635824 292.56546497345 284.45820013682 280.332942803701 270.676136016846 238.781690597534
329.026440779368 332.81409740448 334.324836730957 333.7082862854 334.819873174032 335.559407869975 335.948387781779 333.361903826396 331.401248772939 328.720947106679 329.937517642975 326.701760292053 323.568562666575 323.159098625183 322.075724601746 322.551985581716 319.230516751607 324.404497941335 324.598828951518 322.181900342305 318.491200606028 316.134989261627 313.203016916911 314.426064491272 309.893647829692 314.987281958262 314.195414384206 311.079303423564 309.088548024495 304.651359717051 298.437158266703 293.30321153005 293.474356333415 289.575636386871 277.077714602153 261.794924736023 263.489365577698 279.46662902832 294.370690981547 291.771153608958 292.996784051259 285.889903704325 273.371597131093 266.978998978933 264.140486717224 250.893533229828
333.089252312978 335.612098375956 333.849867184957 334.833383560181 333.977460861206 333.641449610392 334.525108337402 333.39516321818 334.552089373271 330.865800380707 330.562392870585 329.34296131134 326.810240745544 323.071519533793 322.764615217845 324.308236440023 320.791820685069 322.068254152934 324.563086032867 322.761098543803 320.026119550069 318.613092104594 315.583924452464 313.553929328918 313.226262728373 312.160392602285 313.722670078278 311.222076416016 308.072944482168 304.768244425456 298.417786757151 293.858170509338 291.832983493805 282.231748104095 268.952210744222 255.221128463745 261.007905006409 278.743465741475 285.978476206462 278.882126013438 284.3203941981 276.18134021759 264.937361081441 267.13494459788 275.223354498545 263.684233029683
333.078761895498 333.920995394389 334.641774495443 335.405707359314 335.061152776082 334.687471389771 335.740963617961 335.478742917379 333.974440892537 333.691676457723 332.501769065857 332.23835627238 329.312006632487 327.686468760173 326.515734195709 329.114556312561 326.525012652079 321.939508120219 323.775509993235 323.661545912425 319.474438826243 317.407091458638 315.881510575612 312.509417533875 316.854059696198 310.075799624125 309.913059075673 307.986199855804 306.151111920675 304.689606030782 299.863080183665 294.900099436442 289.234002431234 279.996971289317 267.346958319346 256.796717643738 264.15761311849 277.079006036123 275.473276774089 276.870131492615 283.197184403737 272.283176581065 268.580377101898 275.862912336985 283.59313805898 272.712270418803
329.626520474752 331.113815307617 333.631793657939 334.071318308512 335.145076115926 335.670749346415 334.772268931071 333.726008733114 333.931922912598 335.842768351237 333.640495936076 331.838289896647 331.182579199473 330.426692962646 329.344789187113 326.740960280101 325.176278750102 317.331473032633 321.671068668365 320.446014404297 317.359169324239 316.652874151866 317.492842674255 309.423545996348 309.214472770691 310.454626878103 306.05544646581 305.473923683167 305.469930171967 300.701141357422 297.96568552653 295.525550842285 288.136740525564 284.447232882182 278.562227884928 267.412602901459 269.353826840719 275.531609853109 277.820309003194 284.904599189758 281.684994697571 274.180193742116 276.61254008611 277.962644894918 276.979704697927 267.257809638977
325.433890024821 326.813697814941 330.161194006602 331.331312656403 334.740996360779 335.755109786987 333.980520566305 333.200295766195 335.095008214315 336.47616704305 335.533658663432 332.826395829519 331.214547157288 331.8798939387 329.475084940592 325.628022352854 324.299236138662 317.554513613383 317.843476931254 321.548362572988 318.444450696309 317.05782810847 317.12532043457 313.26679388682 308.970352013906 310.726583003998 305.240313212077 306.439121564229 306.752940018972 306.315223375956 306.276897589366 304.770847161611 294.739882151286 293.370445569356 289.38082853953 273.17746480306 273.41639995575 279.588977495829 283.407171567281 284.575363000234 274.487813313802 271.414816379547 270.679275194804 265.561362107595 262.924591700236 262.446085611979
324.796398480733 322.575370470683 325.660983721415 329.798440138499 332.933942476908 333.717544873555 334.893465042114 336.557626724243 337.56963411967 335.286219914754 336.373209953308 335.755109786987 333.236416180929 330.909351507823 328.973233699799 325.519462426503 323.458135128021 319.704373677572 319.342136383057 322.182397047679 320.505976676941 320.92946767807 316.139181454976 312.862455844879 307.432234287262 309.657216072083 307.100772857666 307.501951853434 310.295303662618 312.672138214111 313.604732354482 309.320231278737 302.344699700673 300.823966662089 292.636712392171 278.44375371933 272.746284802755 279.583295186361 283.95680586497 274.477362632751 263.440152009328 266.298751036326 265.974303086599 260.854959487915 260.074595610301 262.956182161967
324.98296101888 326.367656389872 328.282197316488 331.533074378967 332.005341847738 332.101225852966 336.252053578695 338.246822357178 337.578376134237 337.60933081309 336.816430091858 336.868246396383 333.266317844391 329.990804195404 329.008678595225 329.877853393555 324.385742346446 321.211695671082 319.315016269684 321.187019348145 320.986708005269 318.66842508316 313.521444797516 309.309760729472 305.878897507985 309.416095415751 310.752669970195 310.353696346283 310.113648573558 313.123265902201 314.720829327901 310.335258642832 303.215940793355 298.91566435496 288.40974966685 277.214328447978 273.351391156514 277.844150861104 276.466091473897 263.225793838501 259.909431139628 270.71217695872 270.120660463969 262.394348780314 261.519332726796 256.998101870219
325.087587038676 330.699503421783 332.0658604304 332.830528418223 331.809401512146 331.470012664795 335.6853723526 337.689956029256 336.94072564443 339.438478151957 336.72042687734 335.523724555969 334.499597549438 329.878687858582 327.950735886892 329.476575056712 326.278428236643 318.674941857656 314.361949761709 315.045634905497 317.147791385651 313.33726644516 310.967822869619 307.579934597015 305.112739404043 303.211887677511 305.610617001851 305.389126141866 306.01555109024 309.086441993713 312.865992387136 310.118516286214 297.810932000478 286.495407422384 262.280722459157 249.991556008657 261.599242687225 271.265288194021 270.73593934377 270.226200421651 277.278542518616 278.330385684967 262.986461321513 255.554656187693 263.355414072673 251.120269298553
326.324343681335 324.743747711182 324.968119462331 327.236175537109 330.35151163737 333.270132541656 332.841753959656 335.29257774353 334.416786829631 335.927327473958 336.283763249715 335.33251285553 334.242979685466 331.843495368958 327.161192893982 324.773669242859 324.682931105296 314.707020918528 308.440844217936 308.484236399333 307.728707790375 309.629797935486 306.82118733724 304.228027661641 304.006059964498 299.039681752523 299.471120039622 299.459238847097 298.67813984553 299.159089724223 300.067265828451 302.349984645844 281.123757362366 255.516370137533 228.558341662089 217.772603034973 231.230994065603 256.450076897939 273.306568463643 270.901997884115 271.397054195404 265.892783800761 251.8084247907 254.601577917735 259.66207186381 236.785133679708
329.196731249491 323.019285996755 320.441047350566 324.135104815165 330.587645371755 334.551056226095 333.320240179698 333.34759871165 334.760427474976 332.853416601817 333.304882049561 334.807912508647 332.403401533763 331.570903460185 323.563774426778 323.339621225993 321.756263573964 314.122418562571 310.260891914368 311.110536257426 309.923013051351 306.838889916738 305.064896742503 301.352222760518 299.802045027415 298.126796881358 297.11373647054 296.757598718007 295.145193735758 291.840275128682 283.433020114899 277.536114056905 256.351113319397 230.805516242981 221.20867172877 216.085016727448 208.266417185465 218.107978502909 234.686513741811 256.117721398671 263.144334157308 253.124237060547 248.178680737813 249.931852022807 241.88498655955 222.516059875488
329.565087954203 326.111276944478 323.053201039632 324.838320414225 330.165763696035 334.160645802816 335.909366607666 332.299649715424 333.641290664673 331.671396891276 331.296980381012 332.440495491028 329.504370689392 330.360213915507 323.471287886302 322.176873683929 323.324203491211 317.062278588613 312.562306722005 313.504179318746 313.234488169352 309.701343377431 307.09050099055 305.182675520579 301.651577154795 300.522704919179 298.461218674978 296.10808690389 292.755544185638 288.028240203857 276.743094126383 269.129494825999 248.141368230184 235.04916826884 238.464772701263 240.620374679565 231.626411279043 221.062779426575 212.95177936554 222.069621086121 239.017208417257 232.566277186076 225.65621137619 219.153702259064 214.98171488444 212.291936079661
331.394950548808 330.525279045105 326.458036899567 323.130349318186 326.504766941071 332.10293451945 332.987944285075 331.193089485168 330.873171488444 330.696682135264 333.922902743022 330.484131971995 330.361088116964 329.362034797668 325.4048426946 323.715368906657 323.278943697612 318.646013736725 315.843224525452 314.235210418701 312.682429949443 310.607234636943 309.748073418935 309.396902720133 305.759847164154 303.653021653493 299.302200476329 292.983750502268 284.914871056875 281.138201554616 278.905550638835 274.425625801086 255.602995554606 249.818126360575 254.109104474386 261.086285114288 270.431041717529 264.62334394455 248.452087243398 218.90918413798 217.99381573995 220.869799455007 218.449831008911 215.387940406799 220.664739608765 227.982401847839
332.906087239583 331.870237986247 330.557227134705 324.420074621836 321.007470289866 329.443494478862 330.817421277364 328.828871250153 327.953080336253 326.913416385651 330.350498358409 331.606487433116 328.654090563456 328.249971071879 325.735410054525 323.179125785828 323.656717936198 319.408516089122 315.42714436849 314.14133310318 312.619646390279 310.690780480703 307.142317295074 305.526375770569 303.522527217865 300.3950715065 288.472910722097 269.706567128499 265.173514684041 268.462777137756 276.795069376628 272.689600785573 256.987790266673 250.743051369985 258.361240228017 269.217073917389 284.630338350932 292.350967725118 283.249914646149 250.477989514669 223.734180132548 227.463781833649 236.043035984039 246.301690737406 255.942245324453 260.308464368184
331.663231054942 329.741855462392 329.954663912455 327.411075433095 322.36522436142 322.105129559835 328.061958154043 326.565325260162 323.00329208374 324.445406595866 329.075614611308 329.757432142893 327.767153580983 327.02249288559 326.766590277354 320.742964744568 320.168058077494 319.12221511205 315.890530745188 315.735240777334 315.073768297831 313.52170308431 309.898853302002 305.120189984639 304.196079572042 305.351535479228 288.869539896647 270.848313967387 270.170629024506 277.35157807668 279.771288235982 273.054798444112 264.687101046244 265.079657236735 278.232216835022 282.071848710378 286.8545850118 271.45000298818 241.333603858948 234.236578146617 244.3661292394 254.571715990702 249.669591585795 242.731889088949 243.399560451508 254.748324553172
324.240843454997 328.796108563741 327.277779579163 324.833671251933 321.128050486247 315.508584181468 324.419875939687 328.073978424072 323.854486147563 322.626233100891 326.885799566905 328.917145729065 326.88570022583 322.933296362559 324.43513472875 321.286241213481 317.455252011617 316.596786181132 314.933995405833 317.283471425374 317.10010766983 314.125160376231 312.448660532633 307.810465494792 306.725025177002 307.624876499176 300.659557183584 297.195156415304 292.95559724172 291.904389858246 289.569755395253 279.304921627045 275.648911794027 275.154372056325 271.543304125468 257.63201713562 238.830864429474 202.576120694478 184.683163960775 221.398055553436 258.24369986852 261.07253630956 241.455594698588 235.652188460032 246.361156304677 259.763598442078
316.185196240743 324.462254842122 323.223213354747 321.481764316559 319.0016746521 315.108974774679 319.603125254313 327.331324418386 327.765723069509 322.784264882406 324.671109517415 325.905640920003 326.963702837626 323.636531829834 322.150965531667 320.011734962463 317.119856675466 314.362247784932 311.55389547348 309.992412726084 310.875197251638 311.813950538635 310.595830281576 308.701475461324 308.726032574971 311.910470326742 313.128213087718 315.669894218445 302.674452463786 297.68180847168 289.872964223226 276.235481103261 275.241275628408 256.111621856689 229.871014753977 199.296593666077 187.522768974304 178.139229615529 172.351201375326 195.791363716125 222.237586975098 242.715537548065 243.184049924215 256.324152151744 286.409894625346 295.234779516856
