input/barkrak2/radiation/dir12524.grid
NCOLS 85 
NROWS 70 
XLLCORNER 665100 
YLLCORNER 4664600 
CELLSIZE 20 
NODATA_value -9999 
[rows 0 to 19 of 70, columns 0 to 45 of 85]
317.284643650054988 324.492931365967 329.5605580012 330.267906188965 329.405625661214 326.874057451884 320.908427238464 314.832329750061 318.433284759521 318.310737609863 316.045562426249 321.389317512512 324.207842350006 324.342926343282 326.379994551341 326.198955376943 320.90699672699 315.296530723572 313.141942024231 299.851775169373 283.554176489512 284.944852193197 305.136879285177 312.024176120758 310.656170050303 311.801632245382 310.114284356435 301.329414049784 281.480511029561 276.466488838196 273.993710676829 284.336189428965 304.401715596517 304.380774497986 310.480395952861 302.109917004903 301.934281984965 310.504178206126 301.45788192749 309.570948282878 298.618574937185 286.886850992839 296.439707279205 313.244819641113 315.899173418681 310.991644859314
298.597594102224 306.173205375671 315.22407134374 324.475963910421 328.212221463521 327.549517154694 320.204933484395 313.228090604146 318.120102087657 319.396118323008 314.346532026927 318.430781364441 324.354867140452 325.112561384837 324.900249640147 325.556377569834 324.724555015564 318.779687086741 315.904498100281 307.099560896556 297.548492749532 297.745764255524 307.860751946767 312.765022118886 313.162167867025 312.588810920715 309.592028458913 301.979164282481 285.190463066101 276.615460713704 278.288582960765 293.80867878596 301.128427187602 301.012138525645 310.220042864482 301.812926928202 299.16391770045 301.769375801086 298.029621442159 309.70964829127 306.211570898692 297.068397204081 301.772594451904 315.831243991852 320.073187351227 314.299007256826
266.637404759725 277.542273203532 287.552356719971 295.564810434977 306.203087170919 312.992374102275 316.628356774648 318.64595413208 319.71283753713 317.180951436361 311.296502749125 312.974353631337 321.775436401367 324.874619642893 321.597417195638 325.460692246755 329.679369926453 329.59504922231 325.090308984121 318.339983622233 317.302823066711 314.50875600179 311.211427052816 311.454236507416 313.929080963135 314.477960268656 308.314323425293 300.032039483388 288.210491339366 278.512537479401 280.020276705424 297.60738213857 292.032122612 296.933531761169 308.043599128723 302.388707796733 292.289892832438 288.07524840037 297.277410825094 309.757987658183 308.09344847997 305.677890777588 304.075121879578 314.540028572083 325.264453887939 319.331129391988
252.275844415029 252.393841743469 259.678443272909 266.204833984375 273.530761400859 277.361234029134 282.909591992696 293.805817763011 306.705057621002 314.641952514648 316.624283790588 320.016741752625 324.434856573741 325.73401927948 323.733846346537 321.582098801931 323.290546735128 323.379735151927 323.0073650678 322.044968605042 320.20628452301 317.359328269958 320.014834403992 317.32702255249 315.689146518707 317.37353404363 312.553505102793 304.481287797292 297.170221805573 290.622770786285 284.048179785411 298.577209313711 291.707098484039 296.924908955892 301.457087198893 302.76103814443 298.812290032705 296.381533145905 307.225704193115 314.850906531016 310.356040795644 302.155137062073 297.304729620616 307.751695315043 320.074339707692 319.722374280294
270.595649878184 257.172624270121 246.430595715841 239.540298779806 242.562731107076 257.289707660675 274.695118268331 283.089439074198 290.971537431081 295.623143513997 308.864911397298 320.57782014211 326.716860135396 328.891317049662 328.311761220296 327.506919701894 324.403285980225 317.791521549225 317.774037520091 320.587793986003 318.634549776713 317.777911822001 323.0206767718 320.94536225001 318.423966566722 319.580972194672 315.284530321757 307.954430580139 300.723334153493 296.688238779704 297.952016194661 305.17566204071 300.214012463888 302.68669128418 299.855927626292 302.568236986796 310.130476951599 313.967347145081 317.823568979899 318.793654441833 316.723465919495 309.783081213633 305.327693621318 305.208086967468 310.139060020447 319.792370001475
306.555529435476 286.576012770335 263.04292678833 243.862211704254 234.779496987661 245.108226935069 266.530712445577 280.589520931244 283.673385779063 283.805112044017 292.014638582865 302.099585533142 308.842380841573 312.387049198151 317.175010840098 320.310950279236 317.743301391602 313.34791580836 314.88041083018 319.163739681244 319.068590799967 322.246074676514 327.270150184631 324.202577273051 322.327554225922 322.240988413493 318.266133467356 311.568200588226 303.87004216512 299.192786216736 303.647836049398 306.201259295146 309.547483921051 313.466449578603 308.310151100159 305.171589056651 311.440428098043 316.049257914225 315.793514251709 316.137830416362 316.403488318125 312.936425209045 311.116258303324 310.968180497487 307.37711985906 303.364217281342
320.540209611257 305.44239282608 290.662884712219 273.967583974202 256.095131238302 243.368268013 250.493049621582 275.75021982193 286.321640014648 292.68878698349 289.74570830663 285.646160443624 282.295286655426 279.330770174662 281.262556711833 292.268911997477 300.531228383382 310.899376869202 318.933526674906 323.436260223389 322.336773077647 320.200542608897 325.299163659414 325.780610243479 325.103918711344 326.60315434138 324.506223201752 319.136520226796 311.646521091461 308.564941088359 309.34339761734 312.975466251373 322.711209456126 325.183808803558 322.540442148844 316.117862860362 314.679582913717 315.877219041189 316.887815793355 319.905539353689 318.239311377207 314.559400081635 312.844077746073 309.227406978607 294.572452704112 288.215160369873
322.203119595846 318.076491355896 312.392036120097 302.402456601461 285.506725311279 260.339121023814 239.802658557892 240.695436795553 270.683924357096 290.998081366221 296.586235364278 292.701462904612 285.931169986725 278.460502624512 268.206000328064 271.16870880127 281.383395195007 293.801407019297 309.131662050883 320.078114668528 323.425928751628 321.711222330729 324.084222316742 325.501441955566 325.056334336599 326.640546321869 326.354602972666 323.208868503571 318.705399831136 318.734228610992 320.310552914937 322.428643703461 328.308582305908 329.437732696533 326.478481292725 322.508275508881 319.318135579427 314.906497796377 308.553477128347 308.908840020498 314.474483331044 319.577217102051 323.898216088613 319.665968418121 306.11906449 295.0106660525
317.537685235341 318.15493106842 316.657582918803 312.410990397135 303.963879744212 288.624246915181 264.274954795837 238.832275072734 248.991350332896 270.016193389893 286.471525828044 292.886157830556 293.708920478821 291.415790716807 283.204436302185 277.489940325419 275.319218635559 279.093146324158 290.618638197581 302.61892080307 313.046236832937 319.234053293864 321.278154850006 318.6328013738 319.639305273692 322.014172871908 323.043505350749 322.008709112803 320.820808410645 324.644982814789 327.198882897695 326.145132382711 327.191233634949 328.042984008789 325.089395046234 323.692222436269 320.795734723409 314.774990081787 302.590946356456 303.984224796295 318.971673647563 326.391577720642 326.436479886373 322.682321071625 313.528756300608 305.434962113698
299.564242362976 306.206961472829 309.490958849589 309.576789538066 307.723840077718 306.101322174072 295.5295642217 281.237761179606 253.271023432414 245.384772618612 258.006612459819 279.242257277171 295.444230238597 302.337368329366 304.004867871602 297.832369804382 286.414464314779 282.411138216654 281.857172648112 284.612695376078 290.556271870931 296.151002248128 301.811953385671 305.80594142278 310.639003912608 313.183665275574 314.809540907542 314.350704352061 314.72514073054 318.95919640859 320.080061753591 319.983859856923 324.000835418701 326.790392398834 326.59383614858 323.063333829244 321.252226829529 318.498333295186 304.572463035583 304.965396722158 320.448597272237 324.382841587067 322.971026102702 319.597025712331 310.621519883474 302.775740623474
259.161372979482 270.90177933375 280.995488166809 288.946032524109 296.014686425527 301.794528961182 303.882280985514 301.065186659495 280.110239982605 258.276263872782 244.359294573466 251.715481281281 275.514344374339 295.19776503245 305.491189161936 298.644860585531 293.221573034922 287.571271260579 281.21014436086 276.79580450058 277.081867059072 277.050216992696 279.072761535645 289.15536403656 298.026442527771 303.539713223775 305.274486541748 305.094301700592 308.663368225098 312.27833032608 314.163247744242 316.208243370056 322.189966837565 324.553430080414 323.556065559387 321.589946746826 322.544693946838 323.713620503743 316.499173641205 312.952895959218 319.299538930257 322.867751121521 323.868592580159 322.837392489115 315.637528896332 309.734563032786
221.879541873932 226.875980695089 234.255313873291 245.661973953247 259.961525599162 274.138708909353 289.201160271962 294.107059637706 294.977347056071 284.534613291423 262.832045555115 244.940956433614 245.991746584574 267.027695973714 288.742582003276 290.648996829987 296.160260836283 294.19481754303 286.058207352956 277.542471885681 272.02981710434 269.566635290782 269.688089688619 277.368505795797 283.483922481537 287.734866142273 289.896806081136 293.268362681071 298.436363538106 301.962951819102 305.307547251383 309.073666731517 313.791374365489 315.713087717692 315.105696519216 315.410355726878 320.143262545268 325.151602427165 325.095017751058 323.111812273661 323.907852172852 326.57394806544 326.934297879537 325.669964154561 320.6707239151 318.565646807353
210.44784784317 206.288675467173 204.071720441182 204.075177510579 211.593906084696 227.407932281494 249.826451142629 268.987059593201 292.655428250631 296.209116776784 287.37207253774 267.925937970479 243.025104204814 239.701946576436 261.051615079244 283.548315366109 295.860191186269 297.800580660502 294.278681278229 287.4662677447 279.506584008535 278.721749782562 278.331875801086 279.103000958761 279.135545094808 277.714788913727 281.291286150614 288.452366987864 291.245261828105 292.374173800151 296.359817186991 300.122419993083 301.73925558726 303.080916404724 304.605265458425 308.195968468984 316.371977329254 322.073181470235 322.835763295492 325.497527917226 326.373835404714 325.846354166667 325.187901655833 325.048883756002 320.001701513926 317.982316017151
205.635825792948 177.136639753977 160.586833953857 154.922882715861 153.292417526245 159.495880206426 179.591615994771 213.681757450104 249.855637550354 279.666801293691 293.815016746521 293.926397959391 279.275675614675 256.799896558126 254.33752934138 275.82041422526 289.750675360362 299.526373545329 304.284314314524 301.640411218007 292.488773663839 289.857109387716 287.212908267975 287.021636962891 286.464730898539 284.451842308044 286.577383677165 293.339570363363 292.71258910497 287.830293178558 292.349557081858 296.644906202952 298.193256060282 297.679424285889 300.31422773997 305.671254793803 310.395340124766 314.025600751241 314.838190873464 315.750598907471 318.230470021566 320.42255004247 323.319276173909 324.368913968404 319.508035977681 318.154056866964
187.925974527995 149.596194426219 127.286662658056 123.071173826853 124.13493792216 129.201958576838 138.599048058192 164.616366227468 192.410747210185 239.811301231384 285.925924777985 307.49507745107 310.412844022115 296.945611635844 275.883257389069 272.073209285736 275.829037030538 288.752754529317 302.013019720713 307.490448156993 306.239982446035 301.172296206156 299.414793650309 296.852211157481 293.712019920349 292.239248752594 294.496575991313 296.206414699554 290.839354197184 287.452161312103 290.897687276204 294.782002766927 294.971426328023 295.053124427795 297.203123569489 300.248622894287 301.739494005839 301.00017786026 303.677121798197 303.094764550527 307.245632012685 312.558432420095 315.395832061768 316.612660884857 314.472734928131 314.717988173167
161.906719207764 134.308685859044 107.316901286443 104.25861676534 120.961169401805 143.925666809082 144.756376743317 154.304246107737 174.360473950704 204.845150311788 252.030889193217 302.200118700663 318.2266553243 316.58814350764 302.811205387115 278.354008992513 267.912864685059 270.186046759288 284.882287184397 304.232478141785 311.361372470856 307.608326276143 307.961940765381 303.613702456156 298.319081465403 298.658748467763 301.146070162455 298.04801940918 292.739669481913 295.155962308248 296.645601590474 295.416355133057 293.17843914032 292.222440242767 292.845090230306 292.328317960103 289.927919705709 286.6330742836 288.838764031728 289.556920528412 293.456395467122 297.988851865133 300.204714139303 300.111969312032 306.299308935801 309.794902801514
143.0610815684 131.972054640452 107.96844959259 95.6077178319295 99.9131798744202 124.832560618718 146.146873633067 153.697590033213 171.981732050578 184.513886769613 210.478901863098 260.620991388957 308.659772078196 316.807965437571 313.716471195221 304.841955502828 295.586387316386 283.080796400706 273.40034643809 283.15532207489 302.073697249095 310.193439324697 312.691946824392 309.349159399668 303.546210130056 304.470479488373 307.870487372081 304.509103298187 301.395416259766 305.707573890686 305.494626363118 297.15092976888 292.549928029378 288.99743159612 285.19328435262 284.261325995127 280.693531036377 278.741717338562 279.261370499929 282.102843125661 283.499995867411 286.03184223175 288.402875264486 290.574510892232 301.733454068502 307.66636133194
134.560902913411 136.52108112971 127.059479554494 106.656382481257 91.5907422701518 110.427210728327 139.819095532099 160.125225782394 178.150196870168 190.930366516113 198.486526807149 226.288139820099 263.777593771617 295.984387397766 316.068649291992 318.232734998067 315.777877966563 306.301216284434 290.412942568461 275.509516398112 285.143633683523 305.456797281901 308.711409568787 308.549602826436 308.916131655375 312.94192870458 315.336108207703 313.766578833262 311.181445916494 312.706669171651 308.458268642426 299.906988938649 294.344842433929 288.920660813649 283.270359039307 280.9183994929 278.933624426524 279.13490931193 278.283536434174 280.064960320791 282.307306925456 282.831887404124 282.980759938558 286.406934261322 295.562485853831 304.113189379374
141.699661811193 151.33261680603 154.739797115326 136.83220744133 116.169720888138 127.539058526357 146.348814169566 168.005188306173 187.505841255188 207.906305789948 218.599617481232 223.648647467295 244.750142097473 259.947339693705 278.359353542328 311.257362365723 316.141446431478 314.834435780843 310.983975728353 297.332962354024 281.620721022288 291.746874650319 298.452476660411 305.247843265533 312.483628590902 317.723373572032 319.314201672872 319.012602170308 314.260264237722 312.900900840759 307.40875005722 301.93434158961 295.929531256358 290.017088254293 286.657611529032 282.311320304871 281.699120998383 279.350956281026 278.72089544932 281.488100687663 284.196436405182 285.600602626801 285.197953383128 286.752382914225 288.313508033752 299.272477626801
151.261359453201 155.419538418452 168.43988498052 173.65970214208 160.370826721191 145.681301752726 149.19384320577 161.833494901657 177.55522330602 201.233545939128 217.425147692362 216.60182873408 223.689099152883 235.743701457977 256.235857804616 271.183907985687 287.361204624176 307.749529679616 310.552378495534 309.524118900299 302.824755509694 290.988802909851 292.063037554423 299.568692843119 308.242042859395 315.040012200673 319.662769635518 318.480273087819 312.144974867503 311.268846193949 306.557695070903 300.109008948008 294.449329376221 291.021247704824 288.625657558441 284.971296787262 282.389601071676 274.820586045583 273.276547590892 280.768652757009 286.349256833394 287.021636962891 289.229273796082 288.98020585378 285.650511582692 293.872614701589
