input/barkrak2/radiation/dir16424.grid
NCOLS 85 
NROWS 70 
XLLCORNER 665100 
YLLCORNER 4664600 
CELLSIZE 20 
NODATA_value -9999 
[rows 0 to 19 of 70, columns 0 to 45 of 85]
356.414079666137980 358.450969060262 357.144554456075 351.741552352905 345.571358998617 340.691884358724 332.595725854238 326.410035292308 331.592500209808 330.147167046865 326.876759529114 335.19450823466 342.034379641215 341.841379801432 344.874620437622 355.670690536499 360.039075215658 357.679645220439 339.66342608134 329.508344332377 305.933356285095 299.424429734548 315.227727095286 321.516553560893 318.556507428487 314.639667669932 314.618468284607 307.373523712158 288.550575574239 281.02042277654 280.166526635488 283.965647220612 291.311701138814 296.915372212728 305.52860101064 298.083901405334 294.317921002706 302.079876263936 299.808859825134 302.434662977854 292.610764503479 272.639234860738 283.112307389577 310.366570949554 315.138220787048 305.801490942637
350.831747055054 355.748256047567 356.535315513611 353.890180587769 351.027369499207 346.121549606323 334.84148979187 323.710163434346 326.391955216726 328.281402587891 322.97537724177 329.883058865865 339.598377545675 340.585231781006 339.476664861043 346.275091171265 343.947609265645 343.539357185364 341.987212498983 335.005680720011 318.680663903554 308.16129843394 312.240481376648 317.7463610967 316.121836503347 311.793009440104 310.223639011383 305.864850680033 291.678051153819 281.483749548594 282.443205515544 290.891051292419 287.425458431244 291.124721368154 303.979555765788 296.210924784342 288.761297861735 291.094203790029 286.325414975484 300.626873970032 299.008170763652 286.113301912944 293.641666571299 314.28054968516 320.474584897359 308.506449063619
332.888702551524 334.050854047139 336.436986923218 338.868141174316 345.988670984904 348.103006680806 346.064607302348 340.647379557292 335.196733474731 331.041077772776 322.889486948649 323.036948839823 330.781360467275 332.814415295919 329.320212205251 332.271615664164 335.880835851034 340.274651845296 343.671957651774 340.870459874471 335.377136866252 324.892203013102 315.687855084737 313.96887699763 315.802057584127 315.759023030599 310.332874457041 304.214855035146 292.99517472585 280.463914076487 277.649601300557 289.116064707438 276.401996612549 283.008992671967 298.482577006022 292.778809865316 276.714225610097 269.515415032705 281.663735707601 301.244139671326 303.646564483643 303.775370121002 306.507269541423 321.766257286072 332.1333527565 317.495783170064
318.46284866333 313.784122467041 316.95944070816 320.772449175517 322.254141171773 322.365283966064 323.213358720144 331.573208173116 339.177409807841 341.28201007843 336.982329686483 333.548267682393 333.258211612701 332.460939884186 328.38507493337 322.274088859558 325.236062208811 331.097483634949 337.823669115702 339.978019396464 337.993144989014 335.596521695455 333.643515904744 326.29930973053 323.778788248698 325.553516546885 319.362203280131 310.525457064311 301.625569661458 291.484395662944 281.379818916321 287.542303403219 274.742345015208 281.629204750061 289.337853590647 290.497183799744 283.641219139099 280.343055725098 299.850026766459 314.167598883311 311.579505602519 304.643511772156 300.292054812113 308.372060457865 320.458630720774 322.437087694804
329.920828342438 317.607343196869 307.782431443532 297.264536221822 294.32491461436 304.675579071045 318.7362353007 325.102806091309 329.697509606679 333.349188168844 340.65846602122 344.615936279297 344.293395678202 342.857917149862 339.762608210246 336.698293685913 334.939360618591 331.034282843272 334.011475245158 339.261054992676 338.398575782776 338.327089945475 340.489625930786 334.940473238627 330.464084943136 329.375306765238 323.800146579742 315.039098262787 305.80069621404 300.291121006012 298.293550809224 294.705172379812 286.72726949056 289.762020111084 287.625153859456 291.636943817139 301.907320817312 307.783186435699 317.958414554596 323.750774065654 321.77076737086 313.751697540283 305.066386858622 300.491591294607 306.358714898427 328.271110852559
352.097868919373 338.054180145264 319.362580776215 294.702847798665 286.493976910909 293.745199839274 313.259879748027 324.381291866302 326.499084631602 325.696369012197 331.612706184387 338.415861129761 342.521707216899 344.956080118815 345.900297164917 345.207770665487 342.213153839111 334.254026412964 332.470834255219 335.583130518595 335.354884465535 338.326414426168 343.51901213328 340.679208437602 336.028337478638 335.138479868571 328.311542669932 318.828860918681 308.158357938131 301.097452640533 300.044655799866 295.463999112447 300.219853719076 306.918422381083 300.829927126567 298.071165879567 306.430220603943 314.344604810079 319.025794665019 319.342195987701 320.420682430267 316.622773806254 313.634137312571 312.701225280762 311.505854129791 318.574865659078
354.058146476746 343.856414159139 333.901246388753 320.162137349447 305.350522200267 295.272787412008 301.461180051168 321.172495683034 328.083733717601 332.659244537354 331.162611643473 327.083110809326 324.622730414073 322.420696417491 323.864142100016 332.431753476461 336.446205774943 340.753237406413 341.720302899679 341.052134831746 336.495558420817 332.275072733561 339.85161781311 341.851751009623 339.772542317708 341.021219889323 337.118546168009 328.959584236145 318.357626597087 310.72191397349 305.11995156606 305.607855319977 320.579648017883 327.334185441335 324.256062507629 317.004938920339 315.513610839844 319.589714209239 323.238531748454 329.127470652262 329.452892144521 325.211942195892 320.982237656911 314.564446608226 300.172050793966 293.417771657308
347.319682439168 347.835381825765 346.784631411235 341.610232988993 330.231408278147 310.223996639252 290.061036745707 293.608466784159 317.330042521159 331.487437089284 335.308750470479 332.952857017517 328.167080879211 322.861135005951 315.001209576925 316.033879915873 325.159231821696 332.890192667643 342.554728190104 346.170345942179 344.794789950053 337.612469991048 337.366700172424 340.79909324646 341.077248255412 343.499581019084 342.599312464396 338.112155596415 331.182956695557 326.457381248474 322.881599267324 323.254227638245 333.943525950114 338.072021802266 337.135553359985 332.934419314067 327.165563901265 323.796490828196 318.012913068136 325.609485308329 333.886543909709 336.965799331665 335.172891616821 325.060943762461 308.155437310537 291.721284389496
345.380862553914 346.138874689738 346.870422363281 345.904072125753 341.346303621928 332.222839196523 313.811679681142 290.542185306549 297.860046227773 316.110074520111 329.370697339376 333.208600680033 332.549850145976 331.418891747793 327.369590600332 322.20184803009 320.551196734111 323.466658592224 331.93435271581 339.519818623861 345.388889312744 346.309383710225 343.408068021138 340.948502222697 341.392477353414 344.260136286418 345.216751098633 343.123197555542 340.497334798177 340.4833873113 339.978218078613 338.911414146423 341.630617777507 343.721350034078 341.204643249512 338.846961657206 335.635185241699 327.417095502218 313.377916812897 316.901048024495 331.870754559835 334.853688875834 330.914080142975 326.778093973796 317.821621894836 308.56587489446
337.630192438761 341.374039649963 342.345635096232 342.726230621338 341.876109441121 342.478354771932 336.199323336283 325.575133164724 303.460816542308 297.34855890274 306.962331136068 324.021975199382 335.30326684316 339.070677757263 340.771555900574 337.906042734782 330.026467641195 327.192525068919 325.450360774994 327.492078145345 332.646469275157 335.044304529826 337.661743164062 339.281439781189 340.539654095968 342.575510342916 344.24614906311 343.013525009155 342.219392458598 344.3417151769 345.141728719076 345.077832539876 346.603274345398 348.009665807088 345.832427342733 341.752648353577 340.058128039042 335.099260012309 316.849907239278 312.248269716899 325.07445414861 325.93176762263 323.887308438619 322.421769301097 314.415554205577 305.128375689189
309.921900431315 318.335692087809 325.524588425954 330.703894297282 335.193196932475 338.915546735128 341.288169225057 340.753555297852 326.299925645192 307.310303052266 296.518743038177 301.56664053599 321.175992488861 335.257132848104 341.434558232625 337.297439575195 333.957513173421 331.98473850886 326.316793759664 322.927316029867 323.216497898102 322.966794172923 323.5777815183 330.325484275818 335.47572294871 338.654001553853 339.577555656433 339.655637741089 341.251691182454 342.894593874613 344.356060028076 345.378478368123 348.6008644104 349.650979042053 348.100264867147 344.878077507019 343.647162119548 343.086838722229 330.914715925852 317.649165789286 321.042895317078 324.71243540446 326.473355293274 326.598385969798 318.721036116282 309.54388777415
278.458078702291 282.792290051778 288.711508115133 299.159904321035 310.749252637227 321.078618367513 332.262674967448 335.663557052612 335.709532101949 328.505953152974 311.62569920222 296.245098114014 297.860741615295 315.651039282481 331.743439038595 332.11628595988 336.426337560018 335.681358973185 330.880959828695 324.756304423014 320.428967475891 317.121028900146 317.192236582438 323.154866695404 327.71631081899 329.988698164622 331.227739651998 333.532691001892 336.322466532389 338.580171267192 340.626955032349 343.886613845825 347.269097963969 348.050554593404 346.612373987834 345.558484395345 347.044905026754 347.433924674988 343.979636828105 333.392222722371 330.296297868093 333.37664604187 336.531440416972 336.681048075358 330.353955427806 328.004002571106
268.441418806712 264.741361141205 262.771407763163 262.807885805766 269.551316897074 282.425622145335 302.14649438858 317.647258440654 335.249662399292 337.308168411255 331.333061059316 316.938082377116 296.117464701335 294.262051582336 311.000883579254 329.074581464132 337.500731150309 337.823589642843 335.702737172445 331.283668677012 326.045870780945 325.109918912252 324.827611446381 325.480302174886 324.118514855703 322.968999544779 325.777570406596 331.006368001302 332.820375760396 333.647171656291 335.66149075826 338.946461677551 340.603311856588 341.4466381073 341.629544893901 342.897137006124 347.792704900106 349.924325942993 348.945657412211 346.579631169637 344.106157620748 343.341747919718 342.857122421265 342.2030210495 336.261669794718 333.044787247976
264.316956202189 240.060071150462 224.646687507629 219.575802485148 217.163562774658 221.751173337301 238.951126734416 271.025598049164 301.143705844879 325.660864512126 335.27942498525 335.925102233887 326.844573020935 307.260553042094 305.342634518941 323.853015899658 333.989262580872 339.888334274292 342.51606464386 340.572277704875 335.240920384725 333.205858866374 331.361492474874 331.360061963399 330.305099487305 328.382134437561 330.17885684967 334.930340449015 333.815455436707 330.619812011719 334.19136206309 336.472908655802 337.838888168335 338.14795811971 339.50142065684 342.063943545024 345.247824986776 347.036600112915 347.137331962585 346.969445546468 346.551934878031 347.238977750142 347.419063250224 345.123489697774 340.056777000427 334.983388582865
247.812390327454 214.967211087545 193.698088328044 189.830819765727 189.666052659353 193.235079447428 199.636578559875 223.638554414113 249.567627906799 293.729583422343 331.802626450857 345.209320386251 346.788167953491 339.573780695597 322.652876377106 319.675008455912 323.870380719503 333.46692721049 341.820955276489 343.988617261251 342.990795771281 340.399543444316 339.521567026774 338.207642237345 335.281133651733 333.78275235494 336.429754892985 336.687644322713 331.855257352193 330.063939094543 333.608587582906 336.346626281738 335.711598396301 335.908691088359 337.913115819295 340.036193529765 340.115547180176 339.592218399048 340.811173121134 340.637763341268 343.128442764282 345.222274462382 347.047011057536 345.842599868774 341.101328531901 338.872830073039
213.390668233236 189.51416015625 174.138426780701 171.125908692678 185.994386672974 205.675701300303 205.10995388031 210.022846857707 230.710387229919 260.388433933258 304.141402244568 343.038002649943 351.024309794108 350.171009699504 343.439896901449 325.037221113841 317.730844020844 319.501976172129 330.730756123861 343.551476796468 346.483151117961 343.447248140971 344.353238741557 342.0516649882 338.117798169454 338.126977284749 340.715169906616 337.648828824361 332.581420739492 334.982315699259 337.206284205119 336.887121200562 335.374355316162 334.024349848429 334.431171417236 334.077795346578 333.211938540141 330.823798974355 331.037044525146 331.983049710592 334.945281346639 336.947679519653 338.293155034383 338.103771209717 339.102864265442 340.639034907023
188.021183013916 179.253399372101 171.271443367004 163.426617781321 166.930973529816 190.22136926651 207.950135072072 210.755050182343 223.005096117655 236.633320649465 261.131644248962 310.233692328135 347.329696019491 348.890264829 346.706867218018 343.824545542399 338.758707046509 329.633394877116 321.590105692546 329.421083132426 341.901858647664 344.871163368225 346.252163251241 344.273805618286 341.022292772929 341.935793558757 344.730655352275 342.150529225667 338.664849599202 342.249155044556 342.636386553446 337.228337923686 334.199825922648 332.638680934906 329.894423484802 329.167246818542 325.685779253642 324.958046277364 325.142125288645 326.13331079483 328.023791313171 329.889893531799 330.374558766683 331.881721814473 338.109572728475 341.121276219686
179.442008336385 183.255553245544 184.532980124156 174.898982048035 159.081111351649 165.503164132436 195.55675983429 212.848862012227 228.730360666911 241.834799448649 248.024106025696 276.089409987132 322.799623012543 346.634149551392 348.977327346802 349.897265434265 349.966963132222 345.335841178894 334.058205286662 323.399186134338 330.831150213877 344.522953033447 344.338377316793 343.004782994588 343.212127685547 346.637805302938 348.722020785014 346.975962320964 344.563881556193 346.035718917847 343.704223632812 337.727109591166 334.901571273804 331.69170220693 328.248242537181 326.517701148987 325.293858846029 324.588775634766 324.522753556569 325.804869333903 326.534112294515 327.668607234955 326.541324456533 329.200784365336 335.491895675659 340.111056963603
189.400474230448 200.081368287404 208.429932594299 202.887256940206 182.80017375946 174.293398857117 196.358819802602 213.468790054321 231.713692347209 254.07745440801 262.682199478149 269.389530022939 301.165262858073 330.745697021484 345.201214154561 349.057674407959 349.524259567261 349.114894866943 348.033507664998 338.875492413839 327.212532361348 335.737665494283 339.601437250773 343.000014623006 346.218228340149 349.434574445089 350.764234860738 349.071741104126 345.222234725952 344.942967096965 341.72519048055 337.961753209432 335.171063741048 332.510729630788 329.904039700826 327.406624952952 327.38196849823 325.83741346995 324.220299720764 326.313535372416 327.998518943787 328.985909620921 328.684071699778 330.819388230642 330.62607049942 338.155547777812
203.596532344818 208.24803908666 220.614234606425 236.22594277064 223.253965377808 191.453576087952 191.299001375834 202.648440996806 222.044467926025 245.391647020976 261.326769987742 263.807952404022 278.356234232585 298.263510068258 327.184995015462 342.671831448873 345.404227574666 346.06921672821 346.585988998413 346.062938372294 342.501401901245 335.126598676046 335.825284322103 340.662280718486 345.803380012512 348.783890406291 351.000507672628 348.748048146566 343.310674031576 342.963337898254 339.712778727214 335.068782170614 332.422852516174 332.263052463531 331.595579783122 328.630407651265 327.135523160299 322.235743204753 320.129871368408 325.945278008779 330.129186312358 331.215580304464 331.666529178619 331.62248134613 330.068012078603 334.572831789653
