input/barkrak2/radiation/dir14024.grid
NCOLS 85 
NROWS 70 
XLLCORNER 665100 
YLLCORNER 4664600 
CELLSIZE 20 
NODATA_value -9999 
[rows 40 to 59 of 70, columns 0 to 45 of 85]
322.691758473714 323.623180389404 323.566635449727 325.442433357239 330.555379390717 333.955804506938 336.081266403198 338.581601778666 338.462988535563 330.5344581604 320.572853088379 316.913028558095 314.742843310038 311.800996462504 309.832990169525 308.466215928396 307.111422220866 306.003471215566 300.926585992177 299.40789937973 303.616305192312 305.280943711599 305.52085240682 302.848080794017 299.47038491567 296.660860379537 303.257524967194 303.06343237559 303.817947705587 302.787780761719 300.581991672516 297.368884086609 275.951385498047 273.500641187032 296.457350254059 296.460886796315 286.71916325887 285.135626792908 286.537806193034 277.551452318827 287.381927172343 323.183337847392 332.361499468486 280.55864572525 218.867897987366 177.728950977325
327.763438224792 325.950741767883 326.124350229899 326.683163642883 323.965668678284 322.519659996033 321.529865264893 322.759032249451 325.524389743805 319.545427958171 313.361684481303 313.666343688965 316.306591033936 314.330677191416 313.444077968597 310.829758644104 306.370218594869 310.605784257253 311.705370744069 306.629141171773 307.510793209076 307.656188805898 305.858671665192 308.025558789571 307.90646870931 301.932692527771 304.589788118998 305.416266123454 304.242809613546 304.765860239665 303.114414215088 298.227886358897 282.584091027578 285.091121991475 296.531240145365 287.419537703196 272.211333115896 270.837744077047 277.118424574534 283.367474873861 301.275094350179 314.270277818044 322.097023328145 310.8256260554 262.520352999369 214.337468147278
329.696973164876 327.986081441243 330.00385761261 328.886071840922 324.333628018697 322.608371575673 321.459710597992 320.240398248037 319.799323876699 316.731452941895 314.770340919495 313.643991947174 315.487921237946 318.385322888692 317.168434460958 314.072926839193 312.28776772817 315.320591131846 315.979321797689 311.699509620667 309.130609035492 307.189087073008 303.704063097636 304.270525773366 305.139501889547 301.772793134054 296.589314937592 299.271941184998 301.174322764079 302.28986342748 301.704565684001 294.666965802511 288.203398386637 293.377041816711 294.187267621358 275.61076482137 260.010083516439 264.848311742147 278.562426567078 291.487793127696 300.420959790548 299.099802970886 293.059249718984 291.285256544749 269.460002581279 218.888759613037
320.621391137441 322.216192881266 327.245016892751 325.443863868713 326.617817083995 327.882826328278 328.074991703033 325.279672940572 318.820516268412 316.245873769124 318.698187669118 315.258383750916 315.899054209391 317.801853020986 317.345976829529 315.855820973714 315.787434577942 317.84862279892 317.345678806305 312.786996364594 308.004180590312 303.638021151225 302.380243937174 301.31741364797 300.89803536733 302.741885185242 296.150942643483 297.080477078756 299.350142478943 298.091888427734 294.945200284322 289.085288842519 291.425188382467 294.650832811991 283.371647198995 260.983447233836 255.897323290507 269.38925186793 287.764271100362 292.225420475006 290.907661120097 287.244439125061 279.043893019358 272.283713022868 258.318106333415 224.755167961121
319.793065388997 323.905030886332 325.104673703512 325.137396653493 325.824101765951 327.278196811676 327.682753403982 324.161152044932 321.77193959554 318.566521008809 319.904168446859 318.513830502828 315.331141153971 313.600639502207 313.760856787364 313.030620416005 310.923854509989 315.170347690582 315.492630004883 312.939683596293 309.012889862061 305.116494496663 303.666849931081 301.407138506571 298.457503318787 304.215013980865 305.445889631907 302.353103955587 298.89049132665 296.151041984558 291.427612304688 286.214788754781 286.818345387777 282.694697380066 272.17161655426 257.781902949015 259.82399781545 275.857249895732 290.438612302144 287.127176920573 287.549376487732 279.66038386027 268.267949422201 260.18351316452 253.375271956126 237.246175607046
324.183583259583 326.454599698385 324.588497479757 325.822989145915 324.297646681468 324.480175971985 325.495918591817 324.163814385732 325.321733951569 322.889447212219 321.621835231781 321.402748425802 318.641563256582 314.685126145681 313.165624936422 314.953843752543 311.114251613617 311.048944791158 315.446853637695 312.068084875743 307.575861612956 306.252380212148 306.199510892232 304.228246212006 302.02579498291 300.993065039317 305.054068565369 304.324050744375 299.542486667633 296.428839365641 288.807014624278 285.528858502706 284.103234608968 275.71709950765 262.953658898671 250.110228856405 256.373365720113 274.455865224202 281.452874342601 273.389061292013 278.52604786555 270.565390586853 259.684483210246 261.460026105245 267.044027646383 251.99149052302
324.119985103607 324.500203132629 325.413703918457 326.428850491842 326.135853926341 325.613975524902 326.813022295634 327.933033307393 325.505038102468 325.085540612539 324.715673923492 323.469519615173 321.358879407247 318.488876024882 317.28192170461 318.889737129211 314.45715824763 310.917576154073 313.141862551371 311.54876947403 308.623790740967 308.204650878906 304.848154385885 303.0979235967 305.983444054921 300.842642784119 298.940658569336 299.219230810801 295.867542425791 293.429215749105 290.588219960531 286.755621433258 281.487723191579 273.580193519592 261.305054028829 251.579721768697 258.782307306925 271.748860677083 270.48248052597 271.392822265625 276.889681816101 266.476353009542 263.467689355214 271.041830380758 277.463316917419 263.582587242126
320.281088352203 321.28244638443 324.166456858317 324.887494246165 326.799869537354 327.374676863352 326.326251029968 325.972437858582 326.187193393707 327.501813570658 325.979669888814 323.031783103943 322.294394175212 320.380787054698 317.742606004079 316.254516442617 314.541757106781 305.950264135997 310.797254244487 309.667587280273 306.370576222738 307.366649309794 306.593139966329 297.785639762878 297.767380873362 297.316431999207 290.844639142354 292.805413405101 295.176764329274 292.320291201274 289.994994799296 286.295930544535 279.396216074626 277.437806129456 273.623029390971 263.289173444112 264.652967453003 269.639372825623 272.157510121663 280.194958051046 276.276747385661 268.141905466716 271.431605021159 273.341496785482 271.688302357992 260.531504948934
314.883331457774 317.176183064779 320.191542307536 322.362840175629 326.214949289958 328.103919823964 325.546324253082 324.629724025726 327.45095094045 328.204194704692 327.165226141612 324.156125386556 321.262737115224 321.987211704254 317.91490316391 315.052926540375 312.104006608327 306.196490923564 308.42387676239 309.209287166595 309.314290682475 306.089282035828 304.245789845784 297.611673672994 292.979836463928 297.737499078115 294.075707594554 295.622229576111 298.439562320709 298.514485359192 299.076457818349 296.557327111562 286.54670715332 287.727872530619 283.436934153239 269.971052805583 269.945243994395 274.654805660248 277.760883172353 279.02740240097 269.086241722107 265.279750029246 264.04337088267 259.858270486196 257.24732875824 256.695787111918
314.146141211192 312.512715657552 315.90594847997 320.576290289561 324.10196463267 325.801173845927 327.154795328776 328.364570935567 329.396724700928 326.855778694153 326.354821523031 326.514303684235 323.550184567769 319.636563460032 318.786422411601 313.532570997874 312.718868255615 306.734184424082 306.335727373759 311.575253804525 309.886833031972 306.417981783549 300.95096429189 301.703770955404 295.987645785014 298.702816168467 298.346678415934 301.126678784688 304.38099304835 307.364622751872 307.30015039444 303.736746311188 297.663271427155 295.878946781158 287.949204444885 274.850090344747 269.980390866597 275.846223036448 279.372255007426 268.845200538635 257.5710217158 260.470112164815 260.228256384532 254.457871119181 253.983676433563 257.063984870911
315.145870049794 316.658556461334 318.754315376282 323.232114315033 323.008894920349 323.206424713135 327.254017194112 329.501310984294 328.722794850667 327.706118424733 327.699561913808 326.779206593831 323.671380678813 319.969375928243 317.442099253337 319.906870524089 312.132100264231 304.231286048889 306.206027666728 308.554132779439 308.539609114329 305.921455224355 302.453478177388 300.368905067444 296.716491381327 300.718148549398 302.367587884267 302.112380663554 304.552714029948 308.226108551025 310.604373613993 306.963006655375 298.411468664805 293.088972568512 282.273987929026 272.548139095306 269.891957441966 274.71927801768 272.676527500153 257.865965366364 253.956119219462 265.276849269867 265.04639784495 257.020056247711 255.310734113057 250.730534394582
315.178354581197 322.261909643809 322.949846585592 323.877235253652 322.828670342763 321.675817171733 325.535833835602 327.93120543162 327.905237674713 329.767862955729 326.597472031911 326.358675956726 322.724401950836 318.470517794291 316.028972466787 319.562713305155 310.733993848165 305.46643336614 300.718188285828 306.0382604599 304.261326789856 304.398636023204 301.981012026469 296.122511227926 295.890231927236 296.534856160482 299.268881479899 296.814699967702 297.683715820312 301.336983839671 306.104918320974 305.080056190491 294.415354728699 281.587560971578 254.567960898081 243.284165859222 255.767464637756 267.062783241272 267.903685569763 267.004489898682 272.703270117442 273.404538631439 257.024069627126 249.699234962463 257.699370384216 245.554347832998
316.56821568807 314.877470334371 314.169923464457 315.913299719493 320.437550544739 322.730263074239 322.042087713877 325.001458326976 323.931892712911 325.520098209381 324.943900108337 324.947873751322 323.676307996114 317.730704943339 315.091411272685 312.601685523987 312.524696191152 303.363124529521 298.94236723582 298.9901304245 300.326069196065 298.218091328939 299.810310204824 292.498071988424 294.686416784922 291.970630486806 290.193438529968 292.709032694499 292.042096455892 290.31773408254 294.073839982351 297.402481238047 275.833666324615 249.179422855377 220.920860767365 209.380686283112 222.917040189107 250.071962674459 269.283612569173 267.888764540354 268.133898576101 261.214713255564 246.449967225393 247.578779856364 254.243592421214 231.782197952271
319.688479105632 312.07142273585 309.201240539551 312.270283699036 320.462226867676 323.982457319895 322.458962599436 322.608788808187 323.057969411214 320.491353670756 322.489301363627 320.009549458822 321.572204430898 318.863868713379 313.013434410095 310.972809791565 313.09833129247 304.947853088379 300.85680882136 301.834682623545 300.673445065816 297.474920749664 297.860562801361 291.803419589996 292.643288771311 290.958126386007 287.646551926931 287.399490674337 285.805483659108 279.983937740326 273.818135261536 270.8447376887 249.694347381592 225.742002328237 214.829603830973 207.159558931986 198.32722345988 208.097338676453 226.653059323629 249.572455883026 258.315940697988 248.154719670614 242.793659369151 243.604938189189 235.171973705292 217.248479525248
320.127765337626 315.515518188477 312.029302120209 312.761505444845 318.7122742335 323.314627011617 324.236273765564 320.060948530833 321.460843086243 317.525009314219 318.467736244202 319.844345251719 319.766004880269 320.720195770264 314.881682395935 313.581307729085 314.831574757894 308.135410149892 303.393522898356 304.481148719788 304.287215073903 300.561626752218 297.861297925313 295.959750811259 292.289515336355 291.193703810374 289.100428422292 286.694407463074 283.253451188405 276.381333669027 268.907984097799 261.954029401143 242.228627204895 230.305592219035 233.32291841507 234.063824017843 222.933689753215 211.620132128398 202.666223049164 212.701102097829 231.988588968913 227.715810139974 220.186690489451 212.024688720703 208.137631416321 206.775546073914
320.804059505463 318.74152024587 313.547650973002 309.451301892598 313.174525896708 317.949195702871 320.648550987244 318.675299485524 318.086306254069 319.20866171519 321.298440297445 322.428544362386 320.71453332901 319.66902812322 315.173665682475 315.306723117828 314.943830172221 310.038367907206 304.773608843486 303.113500277201 303.670088450114 299.361268679301 300.789356231689 300.59407154719 296.756545702616 294.590950012207 289.993544419607 283.368051052094 277.230580647786 273.374875386556 271.21913433075 267.475545406342 250.094354152679 245.748182137807 250.496069590251 256.986896197001 264.074822266897 257.490595181783 240.637262662252 209.972858428955 209.384202957153 215.190668900808 212.62530485789 208.383063475291 213.313539822896 222.139656543732
321.6472864151 320.148567358653 318.277637163798 309.240221977234 306.594212849935 314.606567223867 318.057258923848 317.264119784037 314.475258191427 318.38051478068 322.353780269623 323.70005051295 320.502857367198 320.199867089589 317.589859167735 312.764267126719 313.432494799296 310.855229695638 306.622544924418 305.292328198751 303.756554921468 301.841219266256 300.536890824636 298.90908797582 296.82868719101 293.481310208638 278.509358565013 259.045720100403 254.4806599617 258.201956748962 268.910308678945 264.281471570333 251.172761122386 246.037801106771 254.566550254822 266.262729962667 280.820270379384 288.234333197276 278.579294681549 243.051568667094 215.062896410624 221.206823984782 230.982979138692 240.694562594096 249.719818433126 255.333761374156
320.177992184957 316.483775774638 315.892696380615 312.355160713196 306.222796440125 309.411883354187 316.220243771871 317.748347918193 313.989539941152 313.870946566264 320.942461490631 321.751316388448 317.883233229319 317.032555739085 318.719704945882 312.119702498118 311.637202898661 308.426896731059 307.118793328603 307.066818078359 306.49729569753 304.970304171244 301.119764645894 298.364679018656 295.155266920726 296.593030293783 279.697000980377 259.028295675914 257.51539071401 264.625231424967 268.233815828959 263.692339261373 258.090237776438 259.457767009735 273.804187774658 278.689424196879 284.307519594828 262.398540973663 236.350456873576 228.942195574443 238.098343213399 249.180992444356 244.418442249298 236.292560895284 235.613544782003 248.091101646423
310.852964719137 314.124524593353 312.486271063487 310.760537783305 308.211286862691 305.840214093526 315.407872200012 317.903240521749 313.164671262105 311.939239501953 316.627780596415 319.212317466736 318.658630053202 314.410328865051 314.217130343119 312.703410784404 308.625121911367 307.879408200582 306.270917256673 308.822313944499 308.776338895162 305.621524651845 303.905228773753 298.957943916321 297.910968462626 301.172991593679 294.148723284404 288.42290242513 283.725519975026 282.918890317281 280.941585699717 271.37565612793 270.924508571625 270.44947942098 265.604317188263 248.214979966482 232.492168744405 195.751547813416 176.71004931132 213.455319404602 251.452962557475 256.257653236389 237.795531749725 230.665723482768 239.313781261444 252.138376235962
300.784389177958 310.94745794932 310.675879319509 308.628777662913 307.681441307068 303.451120853424 308.357656002045 317.029198010763 317.577521006266 312.243560949961 316.150406996409 317.559560139974 317.089120546977 315.178076426188 313.675622145335 311.436851819356 308.25541416804 305.483023325602 302.585482597351 300.954918066661 302.021443843842 300.779561201731 301.834305127462 299.919247627258 300.107598304749 304.136176904043 305.008987585704 308.708786964417 297.272364298503 289.461255073547 281.69717391332 268.262585004171 267.403483390808 251.265068848928 219.30734316508 194.118797779083 182.192901770274 171.353936195374 163.909355799357 185.630261898041 212.694108486176 235.230147838593 238.953252633413 253.101030985514 282.671868801117 290.642619132996
