input/barkrak2/radiation/dir15324.grid
NCOLS 85 
NROWS 70 
XLLCORNER 665100 
YLLCORNER 4664600 
CELLSIZE 20 
NODATA_value -9999 
[rows 0 to 19 of 70, columns 0 to 45 of 85]
351.423501968384016 354.257067044576 353.909889856974 349.86941019694 344.493230183919 339.483618736267 331.490576267242 325.364271799723 330.339272816976 329.130907853444 325.949708620707 333.900054295858 340.367873509725 340.223868687948 343.254804611206 353.140751520793 355.020523071289 347.73858388265 334.707975387573 324.759383996328 302.830815315247 297.89133866628 314.32036558787 321.294685204824 317.898690700531 316.458642482758 314.344505469004 306.82369073232 288.196504116058 280.965367952983 279.931445916494 284.697592258453 293.957233428955 299.539128939311 306.560734907786 299.207945664724 296.16908232371 304.465254147847 302.316864331563 304.406225681305 294.38038667043 275.466024875641 286.022146542867 309.804161389669 315.707882245382 307.084759076436
344.756484031677 350.716193517049 350.989937782288 349.851091702779 347.931345303853 343.916654586792 333.420197168986 322.857280572255 325.862983862559 327.697237332662 322.378158569336 328.86278629303 337.100783983866 338.120063145955 336.86892191569 341.631650924683 342.610518137614 340.286294619242 338.536659876506 331.459999084473 315.863490104675 307.29615688324 311.893880367279 316.913664340973 316.101551055908 313.086231549581 311.291694641113 305.52472670873 291.420777638753 281.526684761047 282.514313856761 292.023599147797 290.419101715088 294.323325157166 305.393020311991 297.864119211833 291.060189406077 292.335867881775 287.462174892426 303.078055381775 300.774097442627 288.424452145894 295.555154482524 315.068145593007 320.733388264974 309.429069360097
325.372755527496 324.313958485921 329.314549763997 334.955175717672 338.407715161641 340.398232142131 341.043710708618 337.269186973572 333.558599154154 330.054223537445 321.86504205068 322.24444548289 330.384850502014 332.686801751455 328.391293684642 331.719080607096 335.077921549479 339.997887611389 342.292626698812 337.928334871928 333.171427249908 323.479433854421 315.577665964762 314.155479272207 315.300683180491 315.879940986633 310.420513153076 304.00276184082 292.901198069255 280.889232953389 278.719365596771 291.089634100596 278.529266516368 285.671452681224 300.593276818593 294.90449031194 279.681622982025 271.931012471517 285.334328810374 303.029656410217 304.61053053538 304.743806521098 307.038247585297 321.331282456716 331.660270690918 317.927579085032
307.516833146413 305.245657761892 310.038407643636 310.453951358795 311.429540316264 315.132518609365 318.380037943522 326.261639595032 334.731181462606 337.767084439596 334.515968958537 332.141915957133 332.986195882161 332.065065701803 328.321178754171 322.122673193614 324.683705965678 330.497046311696 336.787025133769 339.078426361084 336.925228436788 333.426276842753 331.665615240733 325.084785620372 323.156893253326 324.862758318583 318.875352541606 310.268143812815 301.681677500407 292.08368062973 282.345871130625 289.915025234222 278.51390838623 284.977555274963 291.774074236552 292.917450269063 286.30268573761 283.843636512756 302.4915655454 314.991275469462 312.245806058248 304.452379544576 300.761342048645 308.993816375732 320.272386074066 322.58262236913
322.267909844716 308.581133683523 296.002864837646 280.764202276866 285.748898983002 297.671258449554 312.324643135071 319.053173065186 325.103342533112 328.97412776947 336.309870084127 341.50767326355 342.808723449707 342.021028200785 339.357296625773 335.910240809123 334.034283955892 329.474250475566 332.181175549825 337.007403373718 336.452722549438 336.254199345907 339.070479075114 333.964625994364 329.036712646484 328.129887580872 323.258280754089 314.434051513672 305.829246838888 300.511956214905 298.962473869324 296.950618426005 290.147662162781 292.199552059174 290.09622335434 293.615619341532 303.702414035797 309.271911780039 318.672756354014 323.494811852773 321.117301781972 313.602348168691 305.946826934814 301.962117354075 307.633598645528 327.715833981832
344.331026077271 328.389286994934 305.910468101501 287.49285141627 278.891046841939 288.055260976156 307.885706424713 318.175037701925 319.506605466207 319.655299186707 325.920263926188 333.268702030182 337.802330652873 339.447299639384 341.973980267843 342.653512954712 339.12984530131 331.792453924815 330.490310986837 333.759665489197 333.333611488342 336.502353350321 341.458678245544 339.44574991862 335.056185722351 333.627223968506 327.615956465403 318.550169467926 308.293183644613 301.565170288086 301.286657651265 297.69233862559 301.963746547699 307.707726955414 302.583913008372 299.869418144226 308.23282400767 315.692623456319 319.562077522278 319.892446200053 320.65349817276 316.716392834981 313.943604628245 313.040455182393 311.814427375793 316.956241925557
347.602923711141 338.440974553426 327.926536401113 313.539862632751 299.620429674784 286.231795946757 291.000147660573 313.398738702138 322.08788394928 326.948702335358 325.339198112488 322.166820367177 319.552640120188 316.17546081543 317.685882250468 326.808035373688 332.275231679281 337.316115697225 339.262286822001 338.990489641825 334.997892379761 331.124246120453 338.259855906169 340.556184450785 338.628212610881 339.497049649556 335.945844650269 328.437129656474 318.061868349711 311.098953088125 306.564291318258 307.832976182302 321.347455183665 326.724906762441 324.603915214539 317.848801612854 316.329916318258 319.776733716329 323.044657707214 328.448514143626 328.478813171387 324.349462985992 320.38418451945 314.636449019114 299.573381741842 293.367664019267
344.195127487183 344.37362353007 342.811584472656 335.420687993367 322.910666465759 300.204475720723 282.677749792735 284.612437089284 310.641348361969 326.743185520172 329.817016919454 327.337106068929 322.230557600657 316.560308138529 308.284918467204 310.711801052094 317.844808101654 327.334046363831 338.034431139628 343.464573224386 342.197934786479 335.636695226034 335.727453231812 339.510083198547 339.668234189351 342.049439748128 340.727011362712 336.5292151769 330.008665720622 325.996081034342 323.249936103821 324.259122212728 333.655595779419 336.517373720805 336.167772610982 332.53675699234 327.107310295105 323.213318983714 317.427376906077 323.772231737773 331.626216570536 335.132837295532 334.314425786336 325.116276741028 308.802564938863 292.981882890065
341.570456822713 342.053453127543 342.267632484436 340.956211090088 335.756262143453 325.34392674764 305.639306704203 282.954792181651 292.385458946228 309.467792510986 323.309322198232 327.600518862406 327.751596768697 326.527019341787 321.234981218974 317.036430040995 314.085423946381 317.144989967346 326.10696554184 335.581580797831 341.020623842875 342.805624008179 340.699990590413 338.220993677775 338.751753171285 341.968973477681 342.978040377299 340.511957804362 338.139136632284 338.702201843262 339.087208112081 338.160713513692 341.190894444784 342.085560162862 339.05291557312 337.37047513326 333.792130152384 326.324085394541 312.544723351796 315.644522507985 330.597778161367 334.181229273478 331.522087256114 327.079176902771 318.097531795502 308.831751346588
332.129120826721 336.371103922526 338.330825169881 338.073492050171 337.439139684041 337.584416071574 331.377466519674 319.244960943858 296.345929304759 288.380046685537 299.869179725647 317.656954129537 329.762180646261 334.046880404154 335.731108983358 332.439064979553 323.988238970439 320.96799214681 320.521235466003 321.399648984273 326.858878135681 330.564339955648 333.428939183553 334.356387456258 336.611270904541 338.721593221029 340.941667556763 339.733600616455 339.046478271484 341.122070948283 341.969609260559 341.965754826864 344.427466392517 345.406850179036 343.552311261495 340.084791183472 338.002761205037 333.419283231099 315.307835737864 311.845898628235 325.112442175547 326.892217000326 325.079162915548 322.920759518941 314.773301283518 305.524130662282
302.094141642253 311.658581097921 319.315870602926 324.938575426737 329.84056075414 333.893656730652 335.655212402344 334.515372912089 318.713784217834 300.19474029541 289.076050122579 295.733511447906 315.801342328389 330.478032430013 337.189396222432 332.661092281342 329.0709455808 325.955589612325 320.040961106618 316.485285758972 316.771566867828 316.548665364583 317.380487918854 324.662744998932 330.404281616211 333.954890569051 335.54470539093 335.045297940572 336.953043937683 339.375058809916 340.44075012207 342.204809188843 345.990300178528 346.558332443237 345.086415608724 342.047293980916 341.154098510742 340.928594271342 329.516251881917 317.648351192474 321.632544199626 325.314998626709 326.430678367615 326.36280854543 319.125811258952 310.379604498545
270.259698232015 274.707059065501 280.87043762207 290.771702925364 302.86318063736 314.486344655355 326.303323109945 329.947352409363 330.815672874451 323.232114315033 305.759052435557 290.178656578064 290.467143058777 308.799962202708 325.796763102214 326.404690742493 330.915172894796 329.98126745224 324.781854947408 318.290114402771 312.67923116684 310.431798299154 310.510575771332 316.75644715627 321.665068467458 324.227432409922 325.606067975362 328.083356221517 331.186095873515 333.647807439168 335.902611414591 339.353005091349 342.979510625203 343.093713124593 341.915051142375 341.176311175029 343.298157056173 344.869375228882 341.911594072978 332.612832387288 330.149710178375 333.158393700918 336.002548535665 335.927844047546 329.768776893616 327.322165171305
259.998977184296 256.218314170837 253.271559874217 253.282845020294 260.14389594396 274.369716644287 294.675608476003 310.783922672272 329.374631245931 332.359830538432 325.233081976573 310.022513071696 288.522660732269 286.624113718669 305.0763408343 322.829127311707 331.120550632477 332.355340321859 330.01184463501 325.211803118388 319.664120674133 318.727453549703 318.427304426829 318.203826745351 317.844331264496 316.727757453918 319.66765721639 325.213392575582 327.180484930674 327.367266019185 330.304622650146 333.782196044922 335.459987322489 336.382985115051 335.963805516561 338.283141454061 343.707760175069 346.536755561829 345.048189163208 344.107707341512 342.150727907817 341.499408086141 340.97679456075 340.414921442668 334.54696337382 331.490139166514
255.002419153849 230.268200238546 214.592456817627 209.34534072876 206.743041674296 212.543527285258 231.427371501923 262.705286343892 294.971426328023 320.021033287048 329.624593257904 329.613467057546 319.271127382914 300.106048583984 298.100848992666 317.273398240407 327.981094519297 334.460576375326 336.77077293396 335.282524426778 329.459071159363 327.315847078959 325.34259557724 325.317581494649 323.569973309835 321.697513262431 324.237763881683 329.315026601156 328.251262505849 324.788689613342 327.747881412506 331.039150555929 332.439382870992 332.754194736481 334.294557571411 337.186853090922 340.624252955119 342.703382174174 343.03891658783 342.224756876628 342.947284380595 343.986511230469 344.59110101064 342.791795730591 337.693969408671 333.140055338542
239.33200041453 205.45369386673 183.509786923726 179.355462392171 178.9963444074 183.683693408966 191.84954961141 216.616570949554 241.138021151225 285.980343818665 325.548867384593 340.196053187052 341.984311739604 333.833614985148 316.109697024028 312.995314598083 317.293008168538 327.401518821716 335.712591807048 338.58052889506 338.045239448547 335.155208905538 334.145108858744 332.647164662679 329.649567604065 327.513098716736 329.950551191966 331.149359544118 326.281607151031 324.250280857086 327.825645605723 330.751538276672 330.135881900787 330.316702524821 332.483609517415 334.762414296468 334.929863611857 334.369579950968 335.814237594604 335.695544878642 337.566018104553 340.938925743103 343.069473902384 341.457843780518 337.744275728862 335.893789927165
205.056806405385 180.278738339742 164.007763067881 160.437027613322 176.263908545176 197.818954785665 196.105897426605 201.737662156423 222.667455673218 252.634982268016 297.076384226481 337.615569432576 346.798022588094 345.815936724345 338.018457094828 318.507512410482 310.861806074778 312.719702720642 324.498077233632 337.468147277832 341.273268063863 338.643670082092 339.556813240051 336.936990420024 332.762916882833 332.817236582438 334.652741750081 332.248568534851 327.124377091726 329.536338647207 331.657727559408 331.312080224355 329.681913057963 328.280448913574 328.721463680267 328.341543674469 327.385544776917 323.739965756734 325.225094954173 326.265295346578 328.352332115173 331.661264101664 333.145240942637 332.187294960022 334.776798884074 336.622913678487
180.827220280965 171.531558036804 161.367873350779 152.464171250661 157.035936911901 181.506951649984 199.049214522044 202.688654263814 215.538998444875 229.343156019847 254.130264123281 303.316056728363 342.310746510824 344.737927118937 342.393358548482 338.612993558248 331.902941068013 322.015384833018 315.025528271993 323.138137658437 335.791985193888 340.252717336019 341.811696688334 339.614510536194 336.027900377909 336.953242619832 339.870492617289 337.144653002421 333.672483762105 336.844245592753 337.633609771729 331.752995649974 328.471779823303 326.721628506978 322.848121325175 322.100679079692 319.422523180644 318.644901116689 317.850490411123 320.022384325663 321.987986564636 322.859446207682 324.600418408712 325.117429097493 333.228389422099 336.702624956767
172.256112098694 175.65389474233 175.449808438619 164.102454980214 147.763788700104 155.807753403982 187.621096769969 203.280011812846 221.827487150828 232.622861862183 241.369803746541 269.74497238795 315.968036651611 341.541846593221 344.703078269958 345.818360646566 344.873547554016 339.337110519409 328.023115793864 316.875576972961 324.651837348938 338.444471359253 339.570919672648 338.413000106812 338.645577430725 342.177669207255 344.415744145711 342.669049898783 340.201735496521 341.697732607524 338.526566823324 332.599798838298 329.342802365621 325.782259305318 322.097678979238 320.265233516693 317.967772483826 318.251291910807 318.195939064026 318.531155586243 320.396542549133 321.590900421143 320.510764916738 323.299765586853 330.050985018412 336.28503481547
182.060996691386 192.647238572439 200.239857037862 192.041754722595 169.95624701182 166.591674089432 187.141716480255 207.035501797994 225.566148757935 248.069723447164 254.524131615957 263.671656449636 288.798292477926 322.968681653341 340.020179748535 344.611088434855 345.186392466227 344.051837921143 342.382987340291 333.181281884511 320.86302836736 329.80748017629 334.060509999593 337.362170219421 341.750383377075 345.293442408244 346.774180730184 345.260222752889 341.228405634562 340.783397356669 337.194085121155 332.803467909495 329.410453637441 326.07771952947 323.914567629496 321.22806708018 320.171455542247 318.437039852142 317.873517672221 320.077002048492 321.931719779968 322.985609372457 322.666923205058 324.898838996887 324.805736541748 332.887709140778
195.702572663625 200.305779774984 212.855835755666 226.462026437124 212.597171465556 184.904456138611 185.089250405629 198.031981786092 215.497414271037 239.848772684733 254.476308822632 256.291170914968 268.494725227356 288.189729054769 317.925870418549 337.20596631368 340.356588363647 341.193596522013 341.261863708496 341.15727742513 337.108453114827 329.193592071533 329.90038394928 335.146307945251 340.071638425191 344.326416651408 346.925020217896 344.901164372762 339.267015457153 338.835914929708 335.335493087769 330.382347106934 327.002962430318 326.138456662496 325.079441070557 322.572648525238 320.907115936279 315.702438354492 313.562512397766 319.655776023865 324.068824450175 325.236280759176 325.821399688721 325.749278068542 324.101090431213 329.014937082926
