input/barkrak2/radiation/dir13324.grid
NCOLS 85 
NROWS 70 
XLLCORNER 665100 
YLLCORNER 4664600 
CELLSIZE 20 
NODATA_value -9999 
[rows 0 to 19 of 70, columns 0 to 45 of 85]
331.425189971923999 337.020516395569 339.995582898458 339.767853418986 335.759480794271 331.690430641174 325.001458326976 319.199562072754 323.155621687571 322.793324788411 320.168296496073 326.154232025146 330.004632472992 330.043256282806 332.48229821523 336.518883705139 331.659436225891 324.983954429626 319.993217786153 309.41387017568 291.042387485504 290.171086788177 309.273560841878 316.867669423421 314.432462056478 314.622143904368 314.279973506927 303.374350070953 284.650802612305 278.905391693115 276.350776354472 285.145024458567 301.405946413676 305.103937784831 309.6897204717 301.930586496989 300.609429677327 310.977359612783 304.518699645996 307.324051856995 297.838687896729 283.544580141703 292.331576347351 310.817658901215 316.181123256683 309.389531612396
319.975793361664 321.051021416982 327.649692694346 332.862794399261 334.229866663615 333.03701877594 325.82292954127 317.445755004883 321.47624095281 322.776794433594 317.859331766764 322.548766930898 328.877190748851 330.021282037099 329.191009203593 331.816991170247 331.571201483409 329.187194506327 325.249075889587 316.447834173838 304.712971051534 301.820874214172 310.28534968694 315.620640913645 315.662066141764 313.699185848236 311.164418856303 302.864074707031 288.203179836273 279.021362463633 280.530711015065 293.876965840658 297.819256782532 299.369215965271 309.186557928721 301.106770833333 297.022223472595 299.169500668844 294.690330823263 306.482255458832 304.701745510101 294.706463813782 299.953142801921 315.908849239349 320.801317691803 312.86213795344
286.760369936625 291.160623232524 299.298803011576 306.475857893626 316.57596429189 322.901030381521 325.694143772125 325.806736946106 325.445055961609 322.438359260559 315.731525421143 316.948095957438 325.507839520772 328.308363755544 324.479738871257 327.985167503357 330.930610497793 333.145658175151 331.734120845795 325.847725073497 324.086606502533 318.50798924764 313.563704490662 313.073992729187 315.591057141622 315.45501947403 309.58354473114 301.641305287679 290.83925485611 280.156254768372 280.33055861791 296.016335487366 288.138111432393 293.912291526794 306.402722994487 300.490955511729 288.483043511709 283.132493495941 292.225996653239 307.037830352783 307.790795962016 306.177655855815 305.735866228739 317.440350850423 327.243268489838 318.502962589264
267.272750536601 267.728765805562 274.737636248271 279.387573401133 286.876559257507 290.657003720601 295.893251895905 305.788298447927 317.174692948659 323.901812235514 323.813915252686 325.177073478699 328.377842903137 329.189340273539 326.044658819834 322.674115498861 324.33029015859 326.802412668864 328.23646068573 328.092475732168 325.718681017558 323.276082674662 324.535330136617 320.486923058828 318.534274895986 320.012291272481 315.420269966125 306.986431280772 299.556950728099 291.505853335063 284.260749816895 296.238382657369 288.112858931224 293.671985467275 298.697471618652 299.919724464417 294.519046942393 291.642506917318 307.088891665141 314.996083577474 311.140497525533 304.144004980723 299.321870009104 308.773835500081 320.377190907796 320.686399936676
285.045584042867 270.738919576009 260.584990183512 254.270990689596 258.877476056417 271.898488203685 288.399338722229 296.245217323303 303.506592909495 307.553350925446 319.129347801208 328.594744205475 333.039085070292 334.814469019572 333.284219106038 331.760247548421 328.513503074646 322.791000207265 323.746204376221 327.439407507579 325.577000776927 324.951330820719 329.069018363953 325.809955596924 322.689255078634 323.032975196838 318.325459957123 311.046282450358 303.597549597422 298.762996991475 299.062053362529 303.514281908671 297.839363416036 299.55800374349 296.742657820384 299.853960673014 307.856440544128 312.273462613424 318.100035190582 320.857087771098 319.322009881337 312.006056308746 306.361933549245 304.28139368693 308.943430582682 322.903255621592
317.518989245097 299.420356750488 278.48349014918 259.001135826111 250.010708967845 259.973386923472 281.720697879791 294.803023338318 296.794633070628 296.916266282399 304.450988769531 313.608427842458 319.595535596212 323.412934939067 326.493799686432 328.804234663645 326.15985472997 320.64284880956 321.076234181722 325.016339619954 324.948986371358 328.24977238973 333.833773930867 330.91938495636 327.598631381989 327.503263950348 322.223921616872 314.710815747579 306.148906548818 300.778269767761 303.529461224874 304.234981536865 307.358105977376 312.017659346263 306.964019934336 303.894956906637 310.834089914958 316.447774569194 317.63623158137 317.965706189473 318.311591943105 314.837336540222 312.671860059102 312.062780062358 309.702138106028 308.730880419413
329.980909824371 316.949844360352 303.519090016683 287.871738274892 270.750145117442 259.634653727214 265.058139959971 289.44343328476 299.4198401769 305.270830790202 303.299168745677 298.632820447286 295.540372530619 292.775313059489 294.557054837545 305.464108784993 312.659045060476 321.057597796122 326.918601989746 329.905231793721 327.680329481761 324.83430703481 330.874065558116 332.340200742086 331.106702486674 332.500616709391 329.330921173096 323.362390200297 314.856429894765 310.175796349843 309.143324693044 311.591347058614 322.818179925283 326.341191927592 323.290566603343 316.761453946431 315.439124902089 317.69456466039 319.162249565125 323.159337043762 322.068691253662 318.301320075989 316.006779670715 312.051256497701 297.194123268127 290.751338005066
330.656170845032 327.900290489197 323.590318361918 315.010805924733 299.718280633291 274.741609891256 256.094833215078 257.264177004496 285.773913065592 303.711374600728 309.571484724681 306.511402130127 299.637277921041 292.831798394521 283.335010210673 285.081028938293 294.697801272074 306.139051914215 320.29257218043 329.298973083496 330.512801806132 327.320416768392 328.88650894165 330.973565578461 330.745418866475 332.555671532949 332.096258799235 328.757484753927 323.425730069478 322.051803270976 322.43674993515 324.066698551178 331.544776757558 332.893252372742 330.587228139242 327.012896537781 322.898427645365 318.582574526469 312.682429949443 314.823269844055 321.237186590831 325.710296630859 328.23238770167 322.255233923594 307.795266310374 295.066138108571
326.705515384674 327.361941337585 326.500316460927 323.188424110413 316.021283467611 302.50346660614 279.868920644124 255.477587381999 266.436179478963 285.068829854329 300.451854864756 305.976609388987 306.509335835775 304.887334505717 297.964473565419 292.057613531748 290.031810601552 293.552041053772 304.219524065654 315.968195597331 324.786762396495 328.49395275116 328.97694905599 326.323568820953 327.174067497253 329.928775628408 330.980022748311 329.534689585368 327.82389720281 330.572803815206 332.107226053874 331.343392531077 332.951744397481 334.026694297791 331.380248069763 329.697509606679 326.040009657542 319.486101468404 306.755324204763 308.786908785502 323.826730251312 330.21620909373 329.681873321533 324.909249941508 315.878490606944 307.389537493388
311.647295951843 317.467431227366 320.297122001648 320.39487361908 318.831980228424 317.842960357666 308.804611365 295.744776725769 270.498394966125 261.658151944478 273.810168107351 293.748219807943 308.442056179047 314.359764258067 316.09716018041 310.704270998637 300.29704173406 296.642402807872 296.13854487737 298.694610595703 304.028610388438 308.941721916199 313.607494036357 316.688597202301 320.598065853119 323.034604390462 324.719866116842 323.984305063883 323.978960514069 327.628235022227 328.254381815592 328.462700049082 331.965923309326 334.411342938741 333.564599355062 330.010672410329 327.769339084625 324.355701605479 309.16303396225 308.089693387349 322.864572207133 326.122800509135 324.398636817932 321.450591087341 312.827368577321 304.498791694641
274.798969427745 285.803000132243 295.058131217957 302.204251289368 308.529496192932 313.722610473633 315.921902656555 313.805301984151 294.738392035166 274.136503537496 260.690967241923 267.803033192952 290.324588616689 308.266917864482 317.321976025899 311.269919077555 305.795292059581 301.388839880625 295.543193817139 291.427195072174 291.698455810547 290.708661079407 293.16387573878 302.278896172841 310.06532907486 314.905762672424 316.603442033132 316.303451855977 319.297850131989 322.511931260427 324.116905530294 325.890640417735 331.102172533671 333.098153273265 331.91188176473 329.537451267242 329.843620459239 330.803275108337 321.741680304209 315.330564975739 321.157336235046 324.424544970195 325.647155443827 324.930310249329 317.642271518707 310.741901397705
239.333748817444 244.148850440979 251.800656318665 262.673993905385 275.591313838959 288.911024729411 302.880187829336 307.356953620911 308.237493038177 298.785308996836 278.531173865 261.436641216278 262.246986230214 282.357752323151 302.418112754822 303.846259911855 309.036453564962 306.705196698507 299.992402394613 292.131066322327 286.955893039703 284.534811973572 284.639298915863 291.84099038442 297.264953454336 300.970077514648 302.875260512034 305.94656864802 310.614307721456 313.779632250468 316.753764947255 320.855836073558 324.514190355937 326.112707455953 325.281620025635 325.206180413564 329.41194375356 332.670489947001 331.641773382823 327.165563901265 326.94943745931 329.75979646047 331.447879473368 329.977254072825 324.631591637929 322.379648685455
228.28475634257 224.247217178345 222.096542517344 222.112894058228 229.43115234375 244.7523077329 266.14369948705 284.283220767975 306.231558322906 309.33678150177 301.322718461355 283.345639705658 259.607593218486 256.275117397308 276.734471321106 297.700464725494 308.926959832509 310.618976751963 307.506998380025 300.540506839752 293.921689192454 293.105920155843 292.746166388194 293.483138084412 293.357809384664 292.363166809082 295.747021834056 301.768143971761 304.287791252136 305.331448713938 308.962722619375 313.098708788554 314.841111501058 315.190593401591 316.347479820251 319.503982861837 326.763252417247 331.17554585139 331.450084845225 332.849025726318 332.730233669281 332.010487715403 331.408758958181 331.087311108907 325.798988342285 323.437054951986
223.631580670675 197.511712710063 181.168039639791 175.074716409047 172.369619210561 178.474386533101 198.209166526794 231.417079766591 265.179832776388 294.192790985107 306.854665279388 307.112097740173 293.986837069194 272.666970888774 268.986960252126 290.629009405772 303.529838720957 312.233805656433 316.394011179606 314.156572024028 306.637545426687 303.392211596171 300.972084204356 300.831476847331 300.14709631602 298.165202140808 300.881961981456 307.075063387553 305.622299512227 301.212688287099 305.460969607035 309.422850608826 310.936133066813 310.379564762115 312.661111354828 317.489683628082 321.802099545797 323.888679345449 325.219213962555 325.830618540446 326.94407304128 329.23698425293 331.352233886719 331.445415814718 326.543867588043 324.165066083272
207.468012968699 169.944028059642 147.657652695974 144.046515226364 143.619040648142 148.611724376678 156.168987353643 182.577073574066 209.903518358866 255.502502123515 300.157864888509 319.461127122243 321.999907493591 310.273329416911 290.714303652445 287.139693895976 290.637751420339 302.654226620992 314.558565616608 319.112360477448 318.114797274272 314.189910888672 312.721033891042 309.823870658875 306.757509708405 305.283069610596 307.636737823486 309.169928232829 304.205417633057 300.787925720215 304.246743520101 307.808140913645 308.027267456055 307.224869728088 309.970259666443 312.752187252045 314.164221286774 312.400281429291 314.821143945058 314.970751603444 318.650444348653 322.391450405121 325.579921404521 326.123456160227 323.389252026876 322.886904080709
176.083544890086 149.077912171682 127.118984858195 124.528805414836 140.611112117767 161.942988634109 163.202822208405 171.548028786977 191.021502017975 221.447924772898 269.283513228099 315.00107049942 328.788499037425 327.376405398051 315.576175848643 293.136755625407 284.347275892893 285.345037778219 299.090544382731 316.632648309072 322.588543097178 319.209774335225 320.142686367035 315.770030021667 310.86798508962 311.116635799408 313.621083895365 310.748100280762 305.453836917877 307.890156904856 308.847546577454 308.414081732432 306.38062953949 305.593550205231 306.151350339254 304.750382900238 303.409536679586 300.370593865712 302.312274773916 302.804847558339 306.435465812683 310.553769270579 311.544517676036 312.109887599945 317.023913065592 319.951057434082
156.10259771347 145.401537418365 125.152160724004 116.165101528168 119.398256142934 144.063631693522 165.983279546102 171.208202838898 187.759379545848 200.140476226807 225.58601697286 277.003983656565 321.171720822652 327.179551124573 324.353019396464 317.166904608409 309.061467647552 297.471801439921 288.214941819509 297.4667151769 314.625263214111 321.460843086243 323.638955752055 320.164104302724 315.440873305003 316.359420617421 319.579005241394 316.446840763092 313.239792982737 317.339301109314 317.500491937002 309.286554654439 305.11486530304 302.60161558787 299.095094203949 298.222064971924 294.963717460632 293.04705063502 293.481151262919 296.090722084045 298.309127489726 299.670974413554 301.82143052419 303.801437218984 313.530246416728 318.612058957418
147.783199946086 149.996419747671 142.851412296295 127.682755390803 110.976527134577 125.925610462825 154.322644074758 175.599992275238 193.877975145976 206.353863080343 213.286260763804 241.795698801676 284.192462762197 318.738301595052 326.673944791158 328.482627868652 326.738516489665 318.629324436188 304.332196712494 290.250341097514 299.285630385081 317.780613899231 320.259471734365 319.726665814718 320.046861966451 323.365887006124 326.054215431213 324.444969495138 321.917474269867 323.423345883687 319.722712039948 312.056660652161 307.301163673401 301.799674828847 297.255615393321 295.077522595723 293.299198150635 293.539802233378 293.521145979563 294.24520333608 296.370089054108 297.767639160156 296.855648358663 300.085028012594 307.36243724823 315.825243790944
155.230174462001 165.438175201416 170.692960421244 156.407594680786 135.374496380488 140.90151588122 160.553435484568 179.872711499532 202.345410982768 221.361219882965 231.101552645365 237.133880456289 261.176367600759 276.857793331146 304.838379224141 325.90522368749 326.878587404887 325.826287269592 322.750310103099 309.586425622304 294.85809803009 305.434823036194 311.377882957458 317.224780718486 323.481241861979 328.156431516012 330.161293347677 328.790346781413 324.308236440023 323.256611824036 318.416436513265 313.431779543559 308.334151903788 303.329726060232 300.391395886739 297.056933244069 295.876085758209 293.745676676432 293.130040168762 294.787287712097 298.145929972331 299.425760904948 299.049337704976 300.428867340088 301.866789658864 310.692985852559
165.832122166952 170.920809110006 184.524794419607 192.446192105611 179.13552125295 158.898651599884 161.406993865967 173.566401004791 190.304398536682 216.488202412923 229.537824789683 231.95074001948 238.388657569885 253.718316555023 270.546913146973 295.153419176737 317.659000555674 320.987661679586 322.047352790833 321.354667345683 315.622389316559 304.701606432597 305.706759293874 312.471866607666 320.151368776957 326.080799102783 330.011467138926 328.803181648254 322.255035241445 321.53046131134 317.239503065745 311.307688554128 306.501607100169 303.988615671794 302.072207132975 298.817694187164 296.563347180684 289.479533831279 288.071990013123 295.104304949443 300.296982129415 300.762295722961 302.790065606435 302.623331546783 299.418250719706 306.974132855733
