input/barkrak2/radiation/dir16324.grid
NCOLS 85 
NROWS 70 
XLLCORNER 665100 
YLLCORNER 4664600 
CELLSIZE 20 
NODATA_value -9999 
[rows 0 to 19 of 70, columns 0 to 45 of 85]
356.139580408732002 358.224153518677 356.974641482035 351.65282090505 345.529476801554 340.656042098999 332.558512687683 326.370020707448 331.540624300639 330.108225345612 326.843361059825 335.139751434326 341.957966486613 341.767946879069 344.801266988118 355.542898178101 359.864950180054 357.465982437134 339.440107345581 329.29939031601 305.791318416595 299.35497045517 315.191209316254 321.473757425944 318.529804547628 314.637084801992 314.60694471995 307.350258032481 288.543184598287 281.032820542653 280.167996883392 284.028947353363 291.486303011576 297.09001382192 305.645346641541 298.185706138611 294.447223345439 302.240212758382 299.976627031962 302.55917708079 292.729914188385 272.822797298431 283.303062121073 310.494621594747 315.201600392659 305.89097738266
350.367148717244 355.467398961385 356.301108996073 352.720657984416 350.90692838033 346.037228902181 334.785223007202 323.681036631266 326.381941636403 328.267474969228 322.96085357666 329.844117164612 339.532852172852 340.518037478129 339.407165845235 345.894018809001 343.784093856812 343.346436818441 341.783841451009 334.805250167847 318.551818529765 308.131734530131 312.256594498952 317.748328049978 316.131552060445 311.815937360128 310.237844785055 305.853486061096 291.675885518392 281.502842903137 282.46529897054 290.978173414866 287.608563899994 291.281958421071 304.106811682383 296.33883635203 288.918137550354 291.264116764069 286.451935768127 300.743579864502 299.136360486348 286.267121632894 293.773293495178 314.342300097148 320.50096988678 308.56462319692
332.480331261953 333.67923895518 336.09406153361 338.554700215658 345.706383387248 347.851991653442 345.856110254924 340.511401494344 334.904392560323 330.989877382914 322.850187619527 323.008477687836 330.749770005544 332.78634150823 329.305688540141 332.251350084941 335.838675498962 340.183655420939 343.523820241292 340.70614973704 335.259199142456 324.85157251358 315.696994463603 313.997785250346 315.831780433655 315.777500470479 310.351729393005 304.213583469391 293.002804120382 280.503749847412 277.735014756521 289.252161979675 276.088754336039 283.180018266042 298.621296882629 292.929331461589 276.905794938405 269.712726275126 281.809210777283 301.360925038656 303.762952486674 303.872307141622 306.56486749649 321.76411151886 332.11749792099 317.522744337718
318.026224772135 313.361803690592 316.549022992452 320.374230543772 321.867744127909 321.99498017629 322.867015997569 331.268151601156 338.925719261169 341.086983680725 336.853623390198 333.48290125529 333.2293232282 332.452714443207 328.397313753764 322.317481040955 325.260738531748 331.078151861827 337.734699249268 339.846809705098 337.86948521932 335.483948389689 333.572347958883 326.270957787832 323.757429917653 325.529058774312 319.345513979594 310.525417327881 301.645596822103 291.536529858907 281.468113263448 287.701567014058 274.920523166656 281.803568204244 289.496640364329 290.653387705485 283.806999524434 280.510226885478 299.968461195628 314.237534999847 311.636666456858 304.711123307546 300.345857938131 308.430035909017 320.510268211365 322.445670763652
329.530497392019 317.187050978343 307.340939839681 296.810686588287 292.452871799469 304.260730743408 318.359752496084 324.750065803528 329.367836316427 334.043939908346 340.412100156148 344.444990158081 344.172120094299 342.774907747904 339.708844820658 336.665948232015 334.904472033183 330.979545911153 333.92055829366 339.142521222432 338.26486269633 338.186462720235 340.375979741414 334.868391354879 330.417374769847 329.347232977549 323.782980442047 315.040647983551 305.820087591807 300.323744614919 298.354049523671 294.852733612061 286.870042483012 289.915502071381 287.787000338237 291.788319746653 302.025278409322 307.882984479268 318.018237749736 323.777039845784 321.805000305176 313.793818155924 305.143098036448 300.598522027334 306.448578834534 328.251878420512
351.799488067627 337.686975797017 317.584037780762 294.256250063578 286.037802696228 293.306291103363 312.860588232676 324.019372463226 326.149264971415 325.343390305837 331.279754638672 338.116804758708 342.249035835266 343.585252761841 345.675826072693 345.017234484355 342.046141624451 334.128777186076 332.374672094981 335.494597752889 335.268576939901 338.234980901082 343.407352765401 340.581893920898 335.959990819295 335.093855857849 328.282078107198 318.82909933726 308.185160160065 301.145672798157 300.137996673584 295.606335004171 300.325294335683 307.022452354431 300.948897997538 298.195958137512 306.527098019918 314.413547515869 319.064199924469 319.380601247152 320.455233256022 316.663384437561 313.684145609538 312.760829925537 311.547080675761 318.500240643819
353.831648826599 343.558231989543 333.553711573283 319.771647453308 304.924329121908 294.829209645589 301.028450330098 319.475650787354 327.734629313151 332.327266534169 330.823481082916 326.735337575277 324.26655292511 322.054823239644 323.501865069071 332.104464371999 336.157004038493 340.529799461365 341.566801071167 340.946237246195 336.425065994263 332.226634025574 339.773456255595 341.755708058675 339.690605799357 340.945879618327 337.065776189168 328.932483990987 318.365673224131 310.76451142629 305.221994717916 305.716713269552 320.631603399913 327.361841996511 324.290911356608 317.055265108744 315.567453702291 319.622159004211 323.249538739522 329.107284545898 329.415539900462 325.182398160299 320.971588293711 314.585010210673 300.187587738037 293.435057004293
347.152948379517 347.623785336812 346.526900927226 341.304103533427 329.86847559611 309.804598490397 291.325370470683 293.158094088237 316.936592260997 331.148147583008 334.990978240967 332.628885904948 327.82369852066 322.493970394135 314.605832099915 315.645813941956 324.796795845032 332.568387190501 342.297395070394 345.97639242808 344.656467437744 337.529540061951 337.306658426921 340.713580449422 340.985298156738 343.396862347921 342.503309249878 338.035861651103 331.134100755056 326.4506260554 322.923541069031 323.298037052155 333.938678105672 338.042259216309 337.09450562795 332.901120185852 327.162206172943 323.790351549784 318.011005719503 325.523694356283 333.779573440552 336.878617604574 335.140228271484 325.080116589864 308.213114738464 291.816294193268
345.191240310669 345.947901407878 346.658309300741 345.66076596578 341.059923171997 331.873039404551 312.199850877126 290.087858835856 297.431031862895 315.714736779531 329.017043113708 332.887172698975 332.239627838135 331.100900967916 327.013969421387 321.826259295146 320.170521736145 323.095162709554 331.592599550883 339.220603307088 345.13791402181 346.115072568258 343.26434135437 340.805292129517 341.254035631816 344.108581542969 345.064441363017 342.984159787496 340.375304222107 340.394576390584 339.913686116536 338.855981826782 341.557502746582 343.642036120097 341.130932172139 338.778893152873 335.579991340637 327.368259429932 313.346823056539 316.850026448568 331.815441449483 334.829449653625 330.925206343333 326.811214288076 317.858656247457 308.601101239522
337.342500686646 341.114441553752 342.10193157196 342.481851577759 342.034419377645 342.20282236735 335.871299107869 325.201094150543 303.034822146098 296.905895074209 306.541601816813 323.650240898132 334.984978040059 338.785966237386 340.484182039897 337.589820226034 329.674939314524 326.828002929688 325.084249178569 327.133019765218 332.308073838552 334.731737772624 337.383548418681 339.033881823222 340.323011080424 342.362324396769 344.030539194743 342.807451883952 342.025796572367 344.166795412699 344.969391822815 344.909191131592 346.449931462606 347.866773605347 345.710913340251 341.648538907369 339.952866236369 335.01398563385 316.803673903147 312.245885531108 325.097024440765 325.973927974701 323.938886324565 322.466532389323 314.457794030507 305.172920227051
308.785696824392 317.950129508972 325.169046719869 330.376525719961 334.891716639201 338.633815447489 341.002543767293 340.443213780721 325.922131538391 306.887110074361 296.074072519938 301.134367783864 321.979264418284 334.936261177063 341.155966122945 336.992065111796 333.630045255025 331.634521484375 325.947920481364 322.547495365143 322.837928930918 322.59327173233 323.219180107117 330.001413822174 335.18926302592 338.390310605367 339.315295219421 339.397271474202 341.012597084045 343.219121297201 344.139297803243 345.170259475708 348.417321840922 349.479118982951 347.935120264689 344.726721445719 343.516627947489 342.976490656535 330.849766731262 317.669490973155 321.099241574605 324.763814608256 326.518058776855 326.640168825785 318.768382072449 309.617777665456
277.976989746094 282.318492730459 288.252453009288 298.718194166819 310.335536797841 320.697685082753 331.920365492503 335.336168607076 335.382302602132 328.143914540609 311.210831006368 295.798043409983 297.418812910716 315.246482690175 331.400394439697 331.790566444397 336.111466089884 335.353175799052 330.52666982015 324.377636114756 320.038676261902 316.731552282969 316.803514957428 322.783211867015 327.367722988129 329.659660657247 330.907881259918 333.223342895508 336.031277974447 338.301261266073 340.360403060913 343.630154927572 347.025354703267 347.817738850911 346.38786315918 345.346728960673 346.340616544088 347.296237945557 343.873937924703 333.365599314372 330.307225386302 333.380023638407 336.516698201497 336.655894915263 330.343782901764 327.985167503357
267.944773038228 264.239549636841 263.207832972209 262.302895387014 269.054631392161 281.950791676839 301.708022753398 317.246556282043 334.91039276123 336.985111236572 330.981135368347 316.532135009766 295.665303866069 293.806870778402 310.58410803477 328.713695208232 337.178150812785 337.510665257772 335.375467936198 331.871708234151 325.674176216125 324.74019130071 324.456791083018 325.110654036204 323.756277561188 322.610179583232 325.426459312439 330.674588680267 332.49843120575 333.328247070312 335.355440775553 338.650902112325 340.307474136353 341.155767440796 341.351826985677 342.634518941243 347.559809684753 349.73398844401 348.771969477336 346.44627571106 344.004909197489 343.116044998169 342.769384384155 342.113296190898 336.180130640666 332.974076271057
263.8152440389 240.324636300405 224.101066589355 219.023585319519 215.493539969126 221.200982729594 238.420108954112 270.528793334961 300.700942675273 325.288573900859 334.959069887797 335.599342981974 326.463003953298 306.833942731221 304.911255836487 323.465943336487 333.641091982524 339.57835038503 341.556628545125 340.269684791565 334.907213846842 332.866549491882 331.014196077983 331.010758876801 329.960882663727 328.036824862162 329.836905002594 334.60807800293 333.498001098633 330.285708109538 333.866556485494 336.16046110789 337.527354558309 337.836543718974 339.202483495076 341.78360303243 344.980160395304 346.787254015605 346.904834111532 346.747358640035 346.350232760112 347.058693567912 347.264369328817 345.000147819519 339.935183525085 334.893623987834
247.336526711782 214.431484540304 193.133274714152 189.256985982259 188.067038853963 192.661960919698 199.083149433136 223.133742809296 249.087532361348 293.278594811757 331.437865893046 344.925244649251 346.517086029053 339.24122651418 322.265028953552 319.278717041016 323.483109474182 333.113630612691 341.516375541687 343.716224034627 342.710177103678 340.100447336833 339.213887850444 337.887605031331 334.959308306376 333.461205164591 336.104273796082 336.369236310323 331.538577874502 329.73172267278 333.275357882182 336.024681727091 335.389137268066 335.584719975789 337.599277496338 339.731176694234 339.812994003296 339.288393656413 340.523958206177 340.354839960734 342.861533164978 344.977458318075 346.82043393453 345.63942750295 340.918103853862 338.713924090068
212.955474853516 189.020752906799 173.567136128743 170.538206895192 185.412923494975 205.112914244334 204.583525657654 209.544142087301 230.246603488922 259.948154290517 303.740561008453 342.722495396932 350.787480672201 349.926670392354 343.127091725667 324.653367201487 317.325909932454 319.101870059967 330.366015434265 343.251625696818 346.224188804626 343.176047007243 344.08183892568 341.760555903117 337.813218434652 337.825814882914 340.412934621175 337.339599927266 332.272370656331 334.672371546427 336.886684099833 336.566130320231 335.046052932739 333.690365155538 334.099888801575 333.744843800863 332.872450351715 330.475211143494 330.699702103933 331.652224063873 334.623614947001 336.64083480835 337.995449701945 337.81627813975 338.85935942332 340.414762496948
187.626481056213 178.828378518422 170.705199241638 162.82852490743 166.342755158742 189.708769321442 207.43191242218 210.279444853465 222.562690575918 236.206491788228 260.731438795726 309.205790360769 347.039937973022 348.660628000895 346.468408902486 343.528191248576 338.420867919922 329.261084397634 321.20011250178 329.051693280538 341.597119967143 344.611247380575 346.002856890361 344.011982282003 340.740164120992 341.653982798258 344.454844792684 341.867049535116 338.384826978048 341.976364453634 342.350800832113 336.914420127869 333.87025197347 332.296013832092 329.541424910227 328.81228129069 325.320561726888 324.589510758718 324.777007102966 325.77778895696 327.671845753988 329.544603824615 330.038189888 331.552028656006 337.829351425171 340.870261192322
179.043630758921 182.839055856069 184.006094932556 174.303650856018 158.487896124522 165.029793977737 195.08683681488 212.4036749204 228.052496910095 241.426328818003 247.625112533569 275.732239087423 322.474698225657 346.341530481974 348.739822705587 349.671403566996 349.717060724894 345.038930575053 333.705345789591 323.012669881185 330.467283725739 344.225486119588 344.068606694539 342.748244603475 342.957178751628 346.387147903442 348.479509353638 346.735278765361 344.321370124817 345.794002215068 343.443791071574 337.437272071838 334.5840771993 331.351240475972 327.892581621806 326.155920823415 324.924190839132 324.218531449636 324.154059092204 325.441141923269 326.175471146901 327.313701311747 326.188822587331 328.854461510976 335.175236066182 339.833299318949
188.975989818573 199.653267860413 207.955876986186 202.310860157013 182.220121224721 173.811415831248 195.92813650767 213.063418865204 233.81906747818 253.725449244181 262.343128522237 269.064048926036 300.867398579915 330.437938372294 344.904979070028 348.808566729228 349.281946818034 348.863999048869 347.755511601766 338.542739550273 326.837122440338 335.391283035278 339.28386370341 342.083732287089 345.967531204224 349.202195803324 350.540161132812 348.86101881663 345.002929369609 344.71329053243 341.473778088888 337.693730990092 334.871967633565 332.17982451121 329.559167226156 327.049732208252 327.019254366557 325.466473897298 323.850115140279 325.950185457865 327.643513679504 328.635692596436 328.333059946696 330.471555391947 330.283641815186 337.847987810771
203.142623106639 207.791944344838 220.16966342926 235.687772432963 222.703615824382 191.038330396016 190.902491410573 202.27309068044 221.684336662292 244.770884513855 261.011163393656 263.489743073781 278.059383233388 296.129127343496 326.867640018463 342.357436815898 345.117966334025 345.794200897217 346.318523089091 345.783988634745 342.186808586121 334.778189659119 335.481603940328 340.345144271851 345.520734786987 348.530650138855 350.770195325216 348.535299301147 343.089421590169 342.736999193827 339.472373326619 334.810733795166 332.135736942291 331.944366296132 331.260045369466 328.281780083974 326.775113741557 321.855664253235 319.74595785141 325.577517350515 329.774816830953 330.867350101471 331.325590610504 331.27756913503 329.716583093007 334.245840708415
