input/barkrak2/radiation/dir19824.grid
NCOLS 85 
NROWS 70 
XLLCORNER 665100 
YLLCORNER 4664600 
CELLSIZE 20 
NODATA_value -9999 
[rows 20 to 39 of 70, columns 0 to 45 of 85]
193.359931310018 186.531047026316 202.40972439448 242.625037829081 237.284481525421 193.264345328013 177.393058935801 184.328039487203 197.151939074198 216.628909111023 229.6515305837 237.902959187826 244.820396105448 257.762889067332 272.482335567474 292.552212874095 318.653047084808 325.364689032237 330.522735913595 337.65975634257 340.072313944499 333.770116170247 331.863760948181 333.505034446716 334.612925847371 335.925181706746 336.981137593587 334.105094273885 329.875191052755 329.374730587006 323.457558949788 312.701483567556 304.055690765381 299.957056840261 298.413654168447 303.581595420837 303.786873817444 306.112885475159 309.76269642512 313.702960809072 314.612766106923 313.519895076752 315.674344698588 311.452547709147 314.571897188822 318.107604980469
220.953981081645 220.053791999817 237.661818663279 268.302500247955 264.623244603475 204.745014508565 189.972301324209 190.432806809743 197.795331478119 210.89905500412 223.928093910217 231.715857982635 240.376591682434 241.00528160731 257.048308849335 276.247918605804 292.620539665222 315.697252750397 325.543661912282 333.813428878784 337.865432103475 342.583100001017 343.308806419373 342.543403307597 339.109659194946 334.721287091573 331.784764925639 327.554325262706 327.022830645243 320.512811342875 303.970138231913 275.751312573751 255.760590235392 254.033764203389 261.802534262339 279.671410719554 287.07879781723 301.387508710225 310.839931170146 310.612459977468 308.930993080139 308.064182599386 301.666577657064 288.432856400808 307.531098524729 314.750730991364
260.846753915151 268.304288387299 275.109827518463 284.905632336934 284.844279289246 238.735655943553 211.327433586121 199.200987815857 195.598443349202 205.152610937754 223.0197985967 231.234848499298 244.975646336873 250.199536482493 257.112999757131 268.85312795639 282.930314540863 297.164638837179 313.032309214274 321.063737074534 324.087341626485 333.201249440511 338.845491409302 339.095671971639 336.507240931193 334.421396255493 330.953240394592 320.444226264954 309.840937455495 286.464313666026 250.002026557922 200.410882631938 178.79859606425 196.684936682383 224.591473738352 249.216179052989 267.254074414571 287.153442700704 297.914783159892 301.067709922791 303.04475625356 303.706487019857 282.413065433502 262.883524099986 288.302779197693 313.616752624512
281.269590059916 283.84933869044 283.323764801025 289.684236049652 289.285759131114 271.874010562897 236.066301663717 205.842077732086 190.656820933024 194.913268089294 221.383988857269 233.405331770579 248.181184132894 261.038819948832 262.751619021098 266.788681348165 278.086225191752 292.164385318756 304.164052009583 300.832629203796 307.122031847636 311.59645318985 321.440001328786 328.11180750529 320.810596148173 314.826230208079 295.206805070241 286.870678265889 262.126247088114 218.183477719625 179.774105548859 158.36364030838 127.730399370193 126.073320706685 137.357374032338 174.128790696462 218.411564826965 243.950486183167 261.671741803487 270.380655924479 269.902229309082 256.405035654704 241.86110496521 275.571306546529 273.733297983805 305.693089962006
273.544629414876 275.451024373372 284.109850724538 291.670004526774 283.201654752096 273.727456728617 243.528246879578 223.237931728363 204.467972119649 197.809259096781 211.693167686462 228.330512841543 243.934651215871 255.998094876607 262.238005797068 267.10186402003 275.911053021749 288.73993953069 295.113344987233 293.808738390605 299.114982287089 295.174797375997 290.717820326487 287.473400433858 287.363628546397 286.333282788595 279.373705387115 261.473695437113 232.074757417043 174.979368845622 155.494193236033 153.550118207932 134.491095940272 108.237008253733 99.1767744223277 115.246643622716 160.381903251012 198.101361592611 224.540650844574 237.356742223104 227.423548698425 205.541908740997 227.013766765594 291.859269142151 285.341262817383 307.33319123586
267.452875773112 271.59305413564 283.212145169576 288.508733113607 283.867875734965 273.964206377665 254.705309867859 246.497352917989 236.910462379456 221.943279107412 224.05473391215 242.224057515462 252.764821052551 268.281559149424 271.026492118835 268.604715665181 275.131444136302 285.283406575521 293.404301007589 299.174110094706 297.050376733144 282.442311445872 275.476515293121 277.979155381521 279.518246650696 277.589281400045 265.853007634481 254.890481630961 212.285200754801 183.646182219187 182.019730408986 198.358178138733 201.801061630249 172.657291094462 138.960778713226 123.606959978739 138.670126597087 165.79998532931 198.34291934967 220.651745796204 202.537715435028 193.421065807343 235.958675543467 280.941585699717 298.260410626729 318.748633066813
269.223014513652 271.518588066101 279.466410477956 286.05051835378 297.155121962229 283.616662025452 269.183059533437 259.082476298014 258.162140846252 254.727005958557 245.059212048848 259.447673956553 268.532117207845 281.565388043721 283.255100250244 277.208228905996 278.048892815908 287.668287754059 287.356952826182 294.406632582347 294.224520524343 290.02312819163 283.543109893799 278.326074282328 280.713756879171 276.900410652161 266.649921735128 254.153211911519 219.566305478414 213.585158189138 234.836041927338 258.519291877747 263.18363348643 273.040453592936 248.853027820587 167.199889818827 152.319888273875 162.835597991943 188.721577326457 218.692560990651 212.027172247569 243.034581343333 244.576811790466 257.855296134949 291.858673095703 304.252405961355
273.352742195129 269.693533579508 272.791584332784 282.787044843038 318.382779757182 295.932292938232 275.43439467748 259.858647982279 260.495980580648 270.125548044841 261.376897493998 264.059682687124 277.331511179606 284.871856371562 288.237154483795 288.374543190002 281.00049495697 279.142220815023 290.237804253896 293.496867020925 292.251686255137 283.996323744456 283.112625281016 284.672955671946 284.000198046366 283.835927645365 275.690754254659 265.366037686666 243.255217870077 241.974174976349 265.534659226735 280.107816060384 279.14422750473 293.002347151438 314.605911572774 245.084563891093 182.009518146515 169.720987478892 182.975749174754 215.212146441142 249.28359190623 297.419269879659 254.620671272278 248.178998629252 277.767499287923 286.329964796702
270.869314670563 262.474556763967 266.332546869914 289.207339286804 330.64212401708 295.449992020925 266.728123029073 254.221518834432 261.23172044754 267.937541007996 262.901604175568 261.128723621368 277.154723803202 286.170601844788 289.353787899017 288.961052894592 284.507811069489 276.679456233978 287.705322106679 287.791848182678 287.005106608073 280.321717262268 281.212170918783 286.219239234924 285.945415496826 285.403033097585 282.914479573568 273.279706637065 254.501521587372 250.07422765096 272.570252418518 290.386776129405 289.485355218252 288.129170735677 308.204809824626 306.876917680105 216.012199719747 159.976343313853 150.625805060069 190.010706583659 258.218288421631 278.479933738708 245.572845141093 223.429958025614 246.61910533905 260.176738103231
263.869881629944 254.678606987 262.933254241943 299.573103586833 327.731927235921 291.717529296875 259.092926979065 241.364399592082 240.627725919088 244.182546933492 242.950975894928 251.179655392965 270.247578620911 284.62165594101 283.962309360504 289.926052093506 289.489050706228 277.867039044698 279.056270917257 281.134347120921 279.959042867025 280.167778333028 283.188978830973 286.718587080638 290.71040948232 286.097904046377 290.764550367991 280.07439772288 260.941684246063 258.819937705994 278.022547562917 295.710444450378 291.476686795553 288.08190425237 297.372778256734 315.155982971191 296.807090441386 221.208294232686 175.955394903819 185.506383577983 221.806307633718 236.21263106664 237.138986587524 207.109292348226 218.131820360819 240.141352017721
252.504825592041 262.28266954422 291.856388250987 337.680101394653 339.075803756714 296.966016292572 261.84219121933 233.059048652649 224.949320157369 237.793624401093 230.730255444845 229.789137840271 262.804269790649 280.710597832998 286.722858746846 292.510191599528 294.379353523254 285.961270332336 283.30405553182 283.801515897115 281.283179918925 286.428451538086 288.083334763845 291.676561037699 292.034049828847 294.711530208588 295.977791150411 289.333025614421 273.055195808411 271.055817604065 284.093181292216 296.535432338715 293.698688348134 293.907324473063 298.048297564189 300.923824310303 321.295996507009 328.407645225525 261.301298936208 216.273705164591 202.333251635234 194.950481255849 211.83309952418 208.861748377482 212.855696678162 241.718451182048
271.110534667969 297.459443410238 317.785302797953 324.062029520671 350.469668706258 330.103556315104 294.346868991852 255.595723787944 242.438991864522 255.238314469655 249.032298723857 232.59582122167 249.856551488241 278.688629468282 289.14471467336 293.761511643728 294.686913490295 292.684078216553 285.163601239522 285.561442375183 287.631134192149 292.352000872294 294.173141320546 291.419148445129 294.630467891693 302.111049493154 304.33730284373 302.031358083089 290.631254514058 286.021331946055 290.631333986918 294.74143187205 296.596010526021 301.093578338623 303.813676039378 292.938192685445 300.51052570343 335.683107376099 328.599353631337 268.000662326813 218.341330687205 194.532990455627 195.711811383565 213.912904262543 234.732846419017 263.899564743042
303.720951080322 314.018130302429 305.511514345805 298.266927401225 316.417117913564 335.818886756897 329.207321008046 302.034974098206 277.439494927724 278.564671675364 280.098636945089 258.685708045959 251.198013623556 273.835599422455 290.977597236633 294.736901919047 294.238944848378 296.06682062149 288.490772247314 287.251432736715 291.593392690023 294.624706109365 294.845004876455 293.737292289734 295.043786366781 303.473194440206 308.60714117686 308.886488278707 299.663543701172 292.56280263265 299.667795499166 303.130984306335 299.473881721497 301.198840141296 305.232087771098 294.960220654805 294.605414072673 312.714835007985 313.887159029643 287.045359611511 257.046043872833 218.932231267293 199.92458820343 206.573843955994 227.992574373881 261.984884738922
297.562559445699 291.468997796377 284.739593664805 273.854374885559 274.558166662852 294.618546962738 314.327359199524 309.956292311351 298.859755198161 298.855563004812 299.775858720144 284.605304400126 273.739119370778 280.068298180898 293.374915917714 295.390168825785 293.295701344808 295.06254196167 289.294679959615 290.282209714254 292.086025079091 293.495535850525 290.516018867493 290.78741868337 293.773293495178 299.742579460144 306.070645650228 306.449830532074 302.125871181488 299.19429620107 305.031657218933 303.13773949941 292.255202929179 290.706793467204 294.429202874502 279.388546943665 276.827911535899 276.485800743103 268.237113952637 270.954410235087 281.408031781514 250.990053017934 223.932921886444 211.723983287811 213.067730267843 236.431976159414
291.722178459167 282.000700632731 288.126210371653 274.374047915141 266.641974449158 277.972161769867 303.224662939707 325.221101442973 320.02321879069 306.749820709229 297.917167345683 296.578307946523 299.386143684387 296.683271725972 298.517922560374 295.961439609528 295.632163683573 295.132696628571 292.006850242615 296.540359656016 292.497376600901 292.000929514567 288.687388102214 289.196054140727 290.744781494141 296.697656313578 302.237153053284 298.978904883067 298.782090346018 303.188959757487 305.561602115631 295.247991879781 280.447383721669 284.741202990214 283.288697401683 266.794145107269 267.866611480713 267.747143904368 273.037632306417 292.368849118551 292.751789093018 282.293279965719 258.769392967224 244.452814261119 223.564088344574 216.592450936635
310.919404029846 306.014438470205 315.13923406601 310.295840104421 300.369064013163 304.50830856959 320.47164440155 341.426690419515 334.538658459981 310.179392496745 297.491172949473 303.28490336736 315.296868483226 310.140391190847 306.054631868998 306.069533030192 303.201953570048 295.110583305359 299.060702323914 300.157765547435 296.485582987467 291.828314463298 294.048587481181 295.044541358948 293.706993261973 295.251091321309 296.522716681163 293.598612149556 296.12922668457 304.717640082041 303.708672523499 293.826321760813 281.89750512441 282.806833585103 274.803857008616 270.056843757629 275.242269039154 276.215394337972 287.138203779856 313.183724880219 282.406131426493 269.129951794942 259.095191955566 252.328356107076 232.684771219889 211.037834485372
333.85968208313 331.39048020045 333.617011706034 335.972865422567 327.127198378245 320.94532251358 325.769623120626 339.975794156392 335.550904273987 308.052579561869 299.171070257823 308.972736199697 320.747097333272 313.556869824727 306.59298102061 309.819539388021 310.923894246419 305.074532826742 303.122361501058 304.119269053141 305.13322353363 297.780553499858 297.70028591156 296.846648057302 296.185374259949 292.877872784932 296.570817629496 298.789342244466 300.004283587138 305.263002713521 305.000563462575 296.458840370178 284.733235836029 279.164890448252 270.409524440765 275.280197461446 281.387746334076 281.070510546366 284.029424190521 302.956958611806 269.698977470398 230.071743329366 216.951032479604 210.957924524943 208.145340283712 202.539165814718
344.711184501648 342.560569445292 339.217940966288 339.874823888143 334.052483240763 326.569040616353 324.008941650391 329.660693804423 335.176865259806 316.138903299967 312.336405118306 319.618503252665 318.75201066335 311.835487683614 308.232585589091 309.539099534353 316.086073716482 311.591525872548 308.102329572042 308.550715446472 305.966178576152 303.665697574615 299.424489339193 298.572480678558 298.136174678802 295.414487520854 296.673675378164 301.108777523041 303.417007128398 303.987403710683 305.647969245911 298.696994781494 287.734468777974 272.214571634928 263.47283522288 279.129564762115 288.805802663167 286.843578020732 277.300298213959 290.45178492864 270.142396291097 202.674408753713 174.400687217712 159.743179877599 160.457104444504 167.916099230448
345.348437627157 348.205804824829 347.745776176453 345.780809720357 342.502395311991 338.010509808858 332.214097181956 328.266819318136 330.537041028341 325.863162676493 331.674476464589 329.749365647634 319.898188114166 319.302042325338 312.006036440531 307.435572147369 315.869967142741 315.206011136373 310.651997725169 307.263255119324 307.428777217865 303.31806341807 297.882994016012 298.52686325709 299.929618835449 301.474769910177 298.341910044352 299.865941206614 304.526329040527 303.431312243144 305.75422445933 301.837285359701 283.064166704814 260.764956474304 269.117891788483 291.319807370504 294.4642106692 289.339383443197 272.561490535736 277.677853902181 295.533776283264 247.335871060689 189.826806386312 160.83687543869 151.583194732666 148.447970549266
333.659768104553 336.911876996358 337.66500155131 341.100176175435 346.144437789917 349.949558575948 350.683371225993 348.713159561157 346.797744433085 347.383737564087 340.826034545898 327.960769335429 321.09804948171 318.503022193909 315.844376881917 312.081217765808 313.682516415914 314.078291257222 308.13201268514 305.642286936442 307.142893473307 308.291852474213 306.301057338715 301.310976346334 300.251960754395 300.832947095235 303.816219170888 304.130176703135 304.511964321136 304.018616676331 304.30676539739 302.404661973317 278.009196122487 261.663238207499 284.527142842611 299.59503809611 295.075376828512 290.523946285248 277.627209822337 273.853242397308 307.216842969259 328.020850817362 273.852944374084 219.120581944784 177.714308102926 152.404089768728
