input/barkrak2/radiation/dir11824.grid
NCOLS 85 
NROWS 70 
XLLCORNER 665100 
YLLCORNER 4664600 
CELLSIZE 20 
NODATA_value -9999 
[rows 40 to 59 of 70, columns 0 to 45 of 85]
282.503922780355 283.449689547221 283.354957898458 285.430073738098 292.524496714274 296.676536401113 299.962997436523 304.29337422053 303.841968377431 292.467216650645 279.420177141825 276.095231374105 274.185220400492 271.917502085368 269.491632779439 270.217955112457 268.86506875356 267.437895139058 262.130916118622 260.716239611308 264.353156089783 267.22776889801 269.430736700694 264.566401640574 259.139478206635 256.768008073171 265.053629875183 266.540984312693 268.228689829508 267.67909526825 266.702075799306 267.31930176417 252.698421478271 253.127535184224 279.517590999603 279.027462005615 267.771780490875 263.038833936055 264.977693557739 263.72088988622 275.287409623464 303.947985172272 296.262423197428 233.550548553467 170.734683672587 135.947485764821
289.130687713623 287.028193473816 286.667227745056 286.794185638428 284.028172492981 281.678100426992 280.853470166524 282.271325588226 285.774111747742 279.175698757172 272.647261619568 273.323953151703 276.623129844666 276.009877522786 273.853739102681 272.444029649099 265.769720077515 272.854685783386 271.297732988993 265.667955080668 268.848578135173 267.438769340515 265.604535738627 266.676942507426 267.097373803457 260.002414385478 266.01505279541 268.201947212219 268.656671047211 269.298076629639 269.751807053884 267.876883347829 256.557921568553 264.873385429382 277.984182039897 267.271955808004 250.673492749532 246.289650599162 250.377376874288 259.314437707265 284.490704536438 298.305074373881 296.336849530538 268.685758113861 213.483492533366 167.893131573995
292.183756828308 289.981305599213 291.889230410258 290.935138861338 285.272717475891 282.845695813497 281.571388244629 278.853416442871 279.2782386144 275.704443454742 274.383266766866 273.340344429016 277.132193247477 278.389811515808 277.134855588277 273.512462774913 271.280666192373 273.844758669535 276.603698730469 267.826676368713 266.692121823629 262.962778409322 257.342954476674 260.018428166707 265.227973461151 259.638905525208 254.136919975281 258.787671724955 263.815561930339 265.733639399211 265.801330407461 261.911193529765 261.493504047394 272.471487522125 274.593790372213 253.255168596903 237.150967121124 240.059038003286 251.158614953359 264.970203240712 274.839301904043 275.08799235026 265.248338381449 252.370476722717 219.035506248474 163.870712121328
279.6763976415 282.100876172384 289.216160774231 286.467293898265 288.306335608164 290.460626284281 289.631326993306 286.520918210347 278.097987174988 276.225447654724 278.321385383606 275.352319081624 273.714323838552 276.314040025075 277.33967701594 272.588988145192 274.187783400218 273.592889308929 274.812479813894 267.354687054952 259.73109404246 258.844017982483 255.802492300669 254.297037919362 254.281977812449 259.034911791484 253.549615542094 255.235552787781 259.077568848928 258.337656656901 256.040056546529 252.783099810282 259.684423605601 268.350223700206 261.456688245138 238.856514294942 233.346104621887 245.695551236471 261.626760164897 265.478332837423 262.786428133647 258.757372697194 250.147183736165 235.964357852936 208.848436673482 169.501960277557
278.684993584951 283.689856529236 285.471657911936 285.917282104492 287.483255068461 288.837969303131 289.274970690409 286.342620849609 282.248278458913 278.137465318044 278.749585151672 276.861945788066 271.584292252858 271.012365818024 268.444101015727 269.053260485331 263.049165407817 270.137826601664 269.119640191396 265.852073828379 261.193633079529 257.152239481608 255.428493022919 256.536563237508 251.227657000224 258.683820565542 260.655581951141 257.583578427633 258.444348971049 256.296912829081 250.519831975301 246.235966682434 249.451855818431 250.630338986715 244.850277900696 234.17596022288 237.410565217336 253.267208735148 266.06144507726 260.289192199707 260.665237903595 251.134753227234 240.333835283915 227.858463923136 209.816038608551 183.646639188131
283.965388933818 287.06157207489 284.824629624685 287.454724311829 285.662015279134 285.858988761902 286.496222019196 284.749607245127 285.054246584574 281.540771325429 280.941426753998 278.062283992767 274.404942989349 268.071234226227 267.651518185933 268.310487270355 263.132671515147 261.016249656677 265.290915966034 262.919187545776 259.628554185232 258.515377839406 256.187796592712 257.871270179749 257.690052191416 256.725132465363 262.393097082774 260.40518283844 257.720410823822 257.089734077454 251.255174477895 246.661047140757 247.048159440358 241.170287132263 230.648517608643 222.913483778636 230.938216050466 249.534666538239 254.791617393494 244.380474090576 250.010391076406 240.64960082372 231.987396876017 232.548912366231 230.445841948191 204.954266548157
282.958785692851 284.407456715902 286.631365617116 287.506103515625 286.583781242371 286.527593930562 286.407510439555 287.954529126485 285.408496856689 282.187879085541 279.99480565389 280.803084373474 273.67357412974 271.358132362366 265.784442424774 271.385451157888 265.314817428589 258.706112702688 264.046609401703 264.347891012828 260.959088802338 260.841190814972 258.66570075353 254.019101460775 262.535293896993 256.62887096405 257.257580757141 258.538285891215 257.487734158834 255.799571673075 252.430975437164 249.804298082987 245.78716357549 239.389657974243 231.586297353109 224.341829617818 230.824609597524 242.908318837484 242.885808149974 242.538730303446 246.971567471822 236.740748087565 236.272931098938 244.665265083313 246.849576632182 223.586241404215
278.002480665843 279.277702172597 283.193906148275 283.795317014058 285.785098870595 287.03381617864 285.490870475769 284.49277083079 282.446960608164 284.097890059153 281.695147355398 274.555146694183 275.100926558177 271.931966145833 267.813007036845 267.863591512044 265.584031740824 256.802638371785 261.054714520772 264.112790425618 260.286907354991 259.699463844299 260.74614127477 252.500812212626 255.346337954203 255.159815152486 250.311275323232 255.215028921763 256.714999675751 254.642764727275 253.520886103312 251.496275266012 243.815382321676 244.016726811727 245.680451393127 239.198426405589 238.624453544617 240.339557329814 243.502338727315 252.314587434133 246.666550636292 237.940589586894 242.956578731537 246.788581212362 243.573009967804 227.051138877869
270.962039629618 271.761695543925 275.794565677643 279.139618078868 284.385085105896 286.315560340881 281.889657179515 279.256920019786 281.979143619537 282.14422861735 279.561797777812 276.31421883901 273.067911465963 273.88588587443 269.985258579254 264.657298723857 264.609515666962 257.118244965871 260.029435157776 263.651847839355 261.925637722015 262.170592943827 262.569606304169 257.575611273448 255.007704099019 258.190433184306 254.188557465871 258.57142607371 262.828588485718 264.171282450358 266.3614153862 264.640192190806 255.205154418945 256.060024102529 255.932211875916 248.583098252614 247.832894325256 247.305194536845 248.421629269918 252.030889193217 241.507649421692 235.337456067403 232.902546723684 229.44172223409 227.892061074575 226.870099703471
267.876784006755 263.305505116781 267.807443936666 275.20364522934 277.613361676534 280.82017103831 282.047152519226 283.860941727956 282.954335212708 280.355036258698 280.850946903229 280.804216861725 276.103297869364 274.193286895752 271.299461523692 266.504228115082 263.466040293376 259.912808736165 261.953095595042 266.465445359548 266.880830128988 267.423629760742 261.519471804301 262.645840644836 258.589108784993 261.980096499125 261.991997559865 265.421668688456 268.102169036865 275.169094403585 279.387474060059 277.417083581289 268.864730993907 265.99117120107 259.60902372996 252.978444099426 250.139594078064 253.02525361379 251.527110735575 239.726543426514 229.072034358978 231.788257757823 230.450510978699 224.685569604238 222.537438074748 225.65883398056
266.443192958832 268.48437388738 269.311428070068 274.117251237233 275.666236877441 275.492350260417 282.034595807393 284.567793210347 284.562488396962 283.973654111226 282.273292541504 280.96878528595 278.082688649495 273.005644480387 271.444539229075 274.630188941956 266.715407371521 262.033621470133 262.173295021057 269.849995772044 270.137627919515 267.236967881521 263.413806756337 261.435091495514 257.121324539185 264.62177435557 267.210682233175 267.440795898438 273.331542809804 279.046853383382 281.917194525401 281.489650408427 274.015267690023 265.774448712667 253.734926382701 246.926724910736 248.434722423553 254.44487730662 248.734176158905 230.225265026093 224.5987256368 235.1975440979 236.74209912618 229.206283887227 226.008335749308 220.836957295736
263.672490914663 272.385656833649 274.399181207021 276.085694630941 275.854806105296 273.881077766418 278.300702571869 283.18319718043 283.110022544861 285.099506378174 282.297611236572 280.459980169932 278.651018937429 272.839287916819 271.412750085195 276.270647843679 269.670844078064 263.725856939952 260.940094788869 264.560421307882 265.128195285797 265.248338381449 262.808620929718 258.867561817169 258.485873540242 259.732206662496 263.432224591573 263.823886712392 265.389879544576 270.682454109192 275.609076023102 277.216970920563 268.848160902659 252.784351507823 219.991346200307 210.448682308197 227.292438348134 243.476430575053 246.972620487213 246.367434660594 247.767349084218 243.958910306295 227.529426415761 220.941344896952 229.477445284526 213.067213694255
264.585097630819 263.762672742208 264.411966005961 267.084379990896 272.354662418365 274.434447288513 274.419367313385 280.262410640717 278.697689374288 280.482709407806 281.645178794861 283.352156480153 281.772037347158 275.846580664317 272.396465142568 271.702726682027 271.922469139099 263.60805829366 258.46803188324 258.36173693339 259.832580884298 260.274291038513 260.060350100199 254.338423411051 254.69038883845 254.086633523305 255.13102610906 255.700568358103 255.32861550649 256.685018539429 259.248336156209 263.40647538503 248.352368672689 221.308032671611 189.295729001363 173.075000445048 185.757378737132 214.899957180023 241.07434352239 246.34842077891 248.06954463323 236.757198969523 218.196709950765 217.480957508087 220.632553100586 202.055950959524
269.586841265361 260.867098967234 256.745278835297 260.33745209376 271.089454491933 276.952942212423 276.230076948802 276.717782020569 278.831362724304 277.085145314534 279.899875322978 280.634045600891 282.758931318919 279.431144396464 274.318854014079 271.960318088531 272.653619448344 265.249530474345 260.552287101746 261.781255404154 262.850781281789 259.504199028015 257.625778516134 253.463089466095 252.210974693298 250.496983528137 249.742945035299 252.140641212463 250.613987445831 244.565725326538 237.459858258565 237.009247144063 221.60800298055 194.594383239746 184.90731716156 172.317941983541 158.434420824051 168.914020061493 189.885318279266 218.181649843852 232.700308163961 222.754538059235 215.395172437032 214.634358882904 203.871150811513 188.912351926168
270.959476629893 264.06184832255 259.96454556783 261.743048826853 270.952820777893 277.118722597758 280.06515900294 276.508430639903 280.060251553853 277.07842985789 280.333618323008 280.391971270243 282.365540663401 281.883180141449 274.653395016988 275.319258371989 274.856825669607 266.898473103841 263.763765494029 265.17649491628 265.141765276591 260.906219482422 257.998128732045 258.562425772349 254.660328229268 253.659705320994 251.509388287862 248.900055885315 242.660880088806 239.811778068542 226.18826230367 224.660615126292 213.949958483378 205.088039239248 206.812083721161 203.128437201182 184.657136599223 170.778055985769 162.297517061234 174.84305302302 196.033000946045 197.149793306986 188.439210255941 177.190919717153 174.511730670929 178.253293037415
274.033824602763 270.515183607737 264.474451541901 259.084721406301 265.446305274963 275.236328442891 278.746664524078 276.450276374817 277.513027191162 279.273231824239 284.168084462484 283.821841080983 281.87507390976 282.656153043111 277.428885300954 277.587691942851 277.405003706614 271.901567776998 265.882273515065 266.085346539815 264.319598674774 262.139757474263 261.733373006185 262.05050945282 257.686197757721 257.719695568085 250.051061312358 242.550134658813 233.887493610382 230.533103148142 227.19152768453 228.257536888123 220.430473486582 222.286721070608 228.461941083272 233.249564965566 234.634121259054 222.702542940776 204.330960909526 170.921266078949 174.966414769491 184.091925621033 183.960278828939 176.744023958842 180.505295594533 193.628827730815
276.028474171956 273.627857367198 270.60588200887 262.370944023132 261.330207188924 271.104534467061 277.208685874939 276.459157466888 274.967133998871 278.422772884369 285.776873429616 285.529891649882 281.604607899984 283.358156681061 280.636509259542 274.764478206635 277.96067794164 272.8377978007 267.960826555888 268.606503804525 267.045537630717 265.445113182068 261.610349019368 259.90879535675 257.625778516134 253.806273142497 236.692627271016 215.574701627096 211.017310619354 215.88275829951 224.702537059784 225.080808003743 220.109144846598 219.704488913218 231.395264466604 245.833138624827 259.024421374003 263.671636581421 254.782795906067 210.614482561747 180.519223213196 191.635727882385 204.725364844004 212.439179420471 219.293793042501 228.726585706075
275.433739026388 271.653274695079 272.257765134176 268.183588981628 263.184686501821 266.884009043376 276.803016662598 277.067442735036 272.67328898112 275.480488936106 282.098710536957 285.003344217936 280.27884165446 279.716849327087 282.00223048528 273.782471815745 275.622248649597 272.22486337026 268.532156944275 268.748342990875 268.46714814504 269.424796104431 264.976481596629 259.086787700653 258.276383082072 257.875482241313 239.932417869568 218.136568864187 216.114938259125 222.485582033793 232.354005177816 230.230530103048 230.088492234548 233.89329512914 243.173281351725 249.763290087382 254.605253537496 228.860139846802 203.428030014038 202.040155728658 207.667787869771 220.879236857096 213.800152142843 207.387924194336 202.10858186086 215.593953927358
266.377488772074 270.130574703217 269.836803277334 268.227358659108 265.527884165446 262.626012166341 274.155616760254 279.213686784108 274.082501729329 273.574610551198 278.874039649963 282.027920087179 281.286756197612 276.337305704753 278.395016988118 274.43144718806 269.734601179759 269.419630368551 270.391623179118 271.132747332255 271.485686302185 267.838577429454 265.998760859172 262.592335542043 261.608839035034 265.761494636536 258.015116055806 249.740660190582 246.744771798452 246.831059455872 245.225071907043 237.367689609528 242.208003997803 244.079967339834 241.896033287048 230.753421783447 207.252025604248 163.572053114573 142.208228508631 178.916792074839 219.024042288462 230.607330799103 211.464444796244 204.639077186584 206.70344432195 217.796564102173
255.283653736115 266.063809394836 267.637153466543 265.713055928548 267.061611016591 262.171924114227 267.893314361572 278.149545192719 280.054946740468 276.999036471049 278.222342332204 281.548380851746 281.395117441813 277.256111303965 277.679661909739 275.144775708516 269.276102383931 268.916030724843 265.93816280365 261.726419130961 265.473663806915 264.312783877055 263.118843237559 256.481409072876 257.079402605693 264.086544513702 270.478765169779 270.466069380442 255.205353101095 252.811074256897 244.90479628245 235.856811205546 234.971463680267 217.844088872274 192.984541257223 167.055408159892 155.10039528211 141.519337892532 128.488481044769 144.713530937831 171.004712581635 201.065162817637 215.046763420105 232.276797294617 259.497225284576 263.603568077087
