input/barkrak2/radiation/dir13224.grid
NCOLS 85 
NROWS 70 
XLLCORNER 665100 
YLLCORNER 4664600 
CELLSIZE 20 
NODATA_value -9999 
[rows 0 to 19 of 70, columns 0 to 45 of 85]
330.067118008931004 335.834900538127 337.880929311117 339.099526405334 334.05876159668 330.805838108063 324.557900428772 318.724314371745 322.606821854909 322.333017985026 319.721758365631 325.633466243744 330.040355523427 330.088019371033 331.891258557638 334.993759791056 330.753763516744 323.986887931824 319.041927655538 308.441579341888 290.245572725932 289.594173431396 308.845301469167 315.921783447266 314.088761806488 314.42928314209 313.064853350321 303.080022335052 284.385621547699 278.694828351339 276.106516520182 285.087486108144 301.798701286316 305.499990781148 309.944629669189 302.051424980164 300.80525080363 311.311463514964 303.658445676168 307.621479034424 298.047065734863 283.896823724111 292.780677477519 311.019897460938 316.950738430023 310.357848803202
318.271636962891 319.850027561188 326.598922411601 330.901404221853 333.554943402608 332.427084445953 324.949145317078 316.913763682048 321.12052043279 322.417577107747 317.48495499293 322.086294492086 328.332364559174 329.480389753977 328.65571975708 331.114172935486 330.796976884206 328.314046065013 324.334839979808 315.475245316823 303.945918877919 301.393926143646 310.05855401357 315.378308296204 315.468827883403 313.604394594828 311.014552911123 302.621106306712 287.960648536682 278.831799825033 280.338247617086 293.907761573792 298.170447349548 299.09606774648 309.448599815369 301.306843757629 297.314325968424 298.709591229757 293.519238630931 307.874421278636 304.948270320892 295.025130112966 300.489485263824 315.877536932627 320.667862892151 312.934875488281
285.18803914388 289.663950602214 297.938505808512 305.215835571289 315.381785233815 321.764667828878 323.969801266988 325.000166893005 324.83700911204 321.894367535909 315.266013145447 316.519618034363 325.107256571452 327.942331631978 324.14299249649 327.663520971934 330.592672030131 332.635978857676 330.985188484192 324.997703234355 323.380887508392 318.372786045074 313.325345516205 313.244760036469 315.432747205098 315.288285414378 309.393306573232 301.4142314593 290.629923343658 280.061880747477 280.360956986745 296.243607997894 288.71097167333 294.409553209941 306.696573893229 300.773501396179 288.969159126282 283.743858337402 292.698383331299 307.308991750081 307.978630065918 306.218981742859 305.612623691559 317.116995652517 326.942443847656 318.475504716237
265.566229820251 266.143918037415 271.488984425863 277.862230936686 285.326858361562 289.115210374196 294.390459855398 304.406444231669 315.974116325378 322.892765204112 323.020239671071 324.623743693034 327.99498240153 328.878819942474 325.811167558034 322.58399327596 324.176510175069 325.897634029388 327.599088350932 327.353517214457 325.558880964915 322.574814160665 323.994855086009 320.108513037364 318.643569946289 320.322612921397 315.11922677358 306.727985541026 299.362699190776 291.437824567159 284.326513608297 296.55388991038 288.672546545664 294.161677360535 299.060920874278 300.291816393534 294.979612032572 292.132755120595 306.461691856384 315.018693606059 311.090588569641 304.007430871328 299.154818058014 308.681925137838 320.377131303151 320.605079332987
283.548136552175 269.169290860494 258.946120738983 252.568026383718 257.11590051651 270.198822021484 286.809543768565 294.722080230713 302.058001359304 306.176880995433 318.520506223043 328.173637390137 332.888921101888 334.219257036845 332.808216412862 331.363717714945 328.067719936371 322.254439194997 323.097864786784 326.708793640137 324.795921643575 324.142873287201 328.392664591471 325.274089972178 321.770131587982 322.66366481781 318.004071712494 310.270468393962 303.018470605214 298.592368761698 298.982898394267 303.833901882172 297.194540500641 299.219071865082 297.107915083567 300.172746181488 308.086713155111 312.431971232096 318.588773409526 320.654809474945 319.103558858236 311.825235684713 306.291361649831 304.769138495127 309.774120648702 322.572271029154
316.256006558736 297.932306925456 276.824673016866 255.867679913839 248.23272228241 258.240123589834 280.081172784169 293.244103590647 295.27606566747 295.39829492569 303.013265132904 312.28228410085 318.359593550364 322.244683901469 326.233903566996 328.4619251887 325.244863828023 319.849928220113 320.381045341492 324.437181154887 324.369072914124 327.809274196625 333.163857460022 329.753458499908 327.06340154012 326.454261938731 321.86218102773 314.439455668132 305.960555871328 300.656855106354 303.58229080836 304.583291212718 307.646711667379 312.2239112854 307.161211967468 304.083943367004 310.943861802419 316.439270973206 317.457874615987 317.78891881307 318.560659885406 314.656734466553 312.857369581858 312.464018662771 309.517761071523 308.135986328125
328.902403513591 315.624594688416 302.031735579173 286.257485548655 269.043723742167 257.893025875092 263.366281986237 287.854393323263 297.904074192047 303.816894690196 301.823139190674 297.129849592845 294.006665547689 291.216890017192 293.01663239797 304.032067457835 311.330318450928 319.519102573395 325.754284858704 328.912774721781 326.932787895203 324.269453684489 329.974551995595 331.302265326182 330.194671948751 331.544617811839 328.848481178284 322.668274243673 314.350485801697 310.025970141093 309.214552243551 311.791837215424 321.804583072662 325.246930122375 323.167165120443 317.04314549764 315.329492092133 317.488829294841 319.231669108073 322.763125101725 321.60206635793 317.852079868317 315.67112604777 311.84854110082 297.014931837718 290.517965952555
329.721868038177 326.815724372864 322.362581888835 313.632448514303 297.203123569489 274.34511979421 254.364609718323 255.364855130514 284.125328063965 303.109645843506 308.145880699158 304.397861162821 298.12345902125 291.249910990397 281.682054201762 284.496585528056 293.155153592428 304.714481035868 319.081346193949 328.311443328857 329.714814821879 326.698402563731 328.359663486481 330.367187658946 330.113410949707 331.896563371023 331.457614898682 328.374822934469 322.922428448995 321.706712245941 322.084049383799 323.967039585114 331.277906894684 332.523763179779 330.140968163808 326.565007368724 322.556853294373 318.229993184408 312.057435512543 314.164698123932 320.488890012105 325.065771738688 327.240506807963 322.074035803477 307.710766792297 295.126378536224
325.678785641988 326.333959897359 325.405875841777 321.991006533305 314.680357774099 300.974249839783 278.165817260742 253.678898016612 263.257761796315 283.458769321442 298.924505710602 304.519693056742 305.074214935303 303.427795569102 296.408375104268 290.478964646657 288.43476374944 291.983028252919 302.756746610006 313.649753729502 322.817961374919 327.496210734049 328.139185905457 325.473109881083 326.343794663747 329.071720441182 330.126663049062 328.39024066925 326.849778493245 329.662799835205 331.567347049713 330.812990665436 332.363824049632 333.419879277547 330.796500047048 328.616182009379 325.536370277405 319.035689036051 306.36203289032 308.25944741567 323.293089866638 329.845488071442 328.89195283254 324.772894382477 315.699954827627 307.216962178548
310.283919175466 316.200037797292 319.082955519358 319.179534912109 317.583044370015 316.535909970601 307.344635327657 294.183532396952 268.802225589752 259.908715883891 272.092342376709 292.155841986338 307.005345821381 313.022176424662 314.155002435048 309.308966000875 298.784991105398 295.101046562195 294.60201660792 297.183036804199 302.582263946533 307.547986507416 312.30487426122 315.476795037587 319.489260514577 321.947475274404 323.635995388031 322.921633720398 322.953124841054 326.303958892822 327.327370643616 327.547987302144 331.126014391581 333.626588185628 332.841296990712 329.332927862803 327.097415924072 323.781490325928 308.72897307078 307.757755120595 322.637875874837 326.019863287608 324.350317319234 321.359535058339 312.666356563568 304.357568422953
273.041844367981 284.129401048024 293.473680814107 300.706187884013 307.115614414215 312.379419803619 314.580818017324 312.407394250234 293.143808841705 272.420207659404 258.932729562124 266.06023311615 288.709104061127 306.824882825216 316.015462080638 309.27985906601 304.343064626058 299.888173739115 293.996930122375 289.852718512217 290.113886197408 289.125124613444 291.604161262512 300.821423530579 308.724522590637 313.642779986064 315.352002779643 315.059721469879 318.118512630463 321.384906768799 322.562158107758 324.844896793365 330.164154370626 332.211971282959 331.031858921051 328.682482242584 329.059243202209 329.704483350118 321.210702260335 315.090596675873 320.775826772054 324.355860551198 325.555225213369 324.778119723002 317.479809125264 310.667196909587
237.363954385122 242.199699083964 249.8872478803 260.191241900126 273.836394151052 287.257512410482 301.358183224996 305.885354677836 306.771397590637 297.216137250264 276.80895725886 258.394996325175 260.49659649531 280.697147051493 300.90739329656 302.368740240733 307.01478322347 305.260221163432 298.475642999013 290.548761685689 285.324692726135 282.877643903096 282.982448736827 289.444764455159 295.742392539978 299.497485160828 301.42867565155 304.535984992981 309.26380554835 312.473018964132 315.491894880931 318.987965583801 323.376218477885 325.010716915131 324.188013871511 324.144244194031 328.479170799255 331.894675890605 330.964346726735 326.762159665426 326.679170131683 329.493582248688 330.460925896962 329.572717348735 324.235598246257 321.9895362854
226.270198822021 222.217261791229 220.058878262838 220.076064268748 227.421760559082 242.809216181437 264.331777890523 282.591144243876 304.739276568095 307.8839580218 299.777666727702 281.655470530192 256.550192832947 254.483600457509 275.018572807312 296.139081319173 307.488183180491 309.204002221425 305.342197418213 299.027383327484 292.345742384593 291.519900163015 291.156450907389 291.89936319987 291.776299476624 290.218631426493 293.60830783844 300.294041633606 302.843610445658 303.898235162099 307.572642962138 311.754802862803 312.67249584198 313.890039920807 315.074185530345 318.282286326091 324.771245320638 330.238282680511 330.55579662323 332.091768582662 331.484039624532 331.393341223399 330.779492855072 330.476502577464 325.184186299642 322.850584983826
221.577684084574 194.822748502096 178.41770251592 172.912438710531 170.214692751567 176.352302233378 196.142474810282 228.245000044505 263.368388017019 292.579551537832 305.391351381938 305.640419324239 292.378683884939 270.962496598562 267.28618144989 289.031783739726 302.02853679657 310.836354891459 315.060238043467 312.782565752665 305.165886878967 301.906903584798 299.460411071777 299.317320187887 298.630813757579 296.635111172994 299.37086502711 304.948071638743 304.194033145905 299.73049958547 304.019391536713 308.025618394216 308.698217074076 309.012691179911 311.326285203298 316.222230593363 319.54034169515 322.757760683695 324.124932289124 323.945204416911 325.951059659322 328.319648901622 330.526868502299 330.719828605652 325.791358947754 323.276321093241
204.474012056986 166.999697685242 144.640306631724 141.816953818003 141.400098800659 146.436770757039 154.128342866898 180.679480234782 208.067138989766 253.534277280172 298.6132701238 318.146129449209 320.72788476944 308.829466501872 289.127667744954 284.230391184489 289.042731126149 301.149487495422 313.187539577484 317.829767862956 316.807329654694 312.820553779602 310.659209887187 308.409969011943 305.315593878428 303.831835587819 306.195954481761 307.747880617778 302.292704582214 299.30571715037 302.786568800608 306.387841701508 306.607782840729 305.819133917491 308.597087860107 311.414400736491 312.849740187327 311.085641384125 313.538173834483 313.693682352702 316.552837689718 321.264525254567 324.519515037537 325.11826356252 322.422087192535 321.993350982666
174.112776915232 147.061109542847 124.455193678538 122.267037630081 138.386219739914 159.829139709473 161.254266897837 169.762253761292 189.30462996165 219.395041465759 267.712851365407 313.638468583425 327.643493811289 326.202352841695 314.197818438212 291.53436422348 282.677869002024 283.710579077403 297.559003035227 315.287530422211 321.357766787211 317.928433418274 318.276147047679 314.441323280334 309.481243292491 309.736669063568 312.257170677185 309.350272019704 303.603331247966 305.940786997477 307.439168294271 306.999742984772 304.941654205322 304.144640763601 303.787012894948 303.314626216888 301.961064338684 298.88927936554 299.932440121969 301.369289557139 305.039604504903 309.207856655121 310.237606366475 310.818076133728 315.855284531911 318.847596645355
154.593408107758 143.839170535405 122.686882813772 113.893439372381 117.289086182912 142.215708891551 164.080907901128 169.37522093455 186.145087083181 198.417047659556 224.083185195923 275.655329227448 319.888631502787 326.036870479584 323.170065879822 315.811475118001 307.606021563212 295.932511488597 286.644021670024 295.933822790782 313.253362973531 320.218980312347 321.900586287181 318.922877311707 314.126451810201 315.050482749939 318.304757277171 315.134465694427 311.915715535482 316.05343023936 315.48003355662 307.886560757955 303.663412729899 301.119486490885 297.576427459717 296.694378058116 292.474806308746 291.494687398275 291.92982117335 294.562498728434 296.802302201589 298.200964927673 300.372183322906 301.400184631348 312.260091304779 317.435105641683
146.095146735509 148.4255194664 140.736132860184 124.838123718898 108.84095231692 124.308854341507 152.690281470617 174.069046974182 192.408819993337 204.887350400289 211.889445781708 239.830195903778 280.234396457672 317.483524481456 325.507998466492 327.357927958171 325.545728206635 317.287822564443 301.793535550435 288.682460784912 297.779083251953 316.450119018555 318.9883629481 318.481167157491 318.402727444967 322.171052296956 324.898779392242 323.27922185262 320.730845133464 322.246750195821 318.478802839915 310.701529184977 305.863340695699 300.310552120209 295.718928178151 293.519616127014 291.72420501709 291.968027750651 291.040897369385 292.699555555979 294.844786326091 295.242726802826 295.356392860413 298.622409502665 305.99985520045 314.578851064046
153.636246919632 163.6603474617 168.516437212626 154.13357814153 133.270114660263 137.559314568837 158.613651990891 178.584575653076 201.005180676778 220.163782437642 229.970077673594 236.005663871765 260.018130143483 273.720324039459 303.708612918854 324.707388877869 325.702667236328 324.622829755147 321.47353887558 309.22927459081 293.322682380676 303.966144720713 309.961199760437 315.902829170227 322.272082169851 327.024877071381 328.390340010325 327.730437119802 323.196212450663 322.110613187154 317.187309265137 312.136809031169 306.940674781799 301.846782366435 298.868060112 294.787128766378 294.323861598969 292.175094286601 291.552344957987 293.246388435364 296.638429164886 297.929028669993 296.559115250905 298.97677898407 300.426642100016 309.37522649765
163.85688384374 168.824295202891 182.285288969676 190.243641535441 177.087922890981 157.592962185542 157.994161049525 172.457774480184 189.19559319814 214.938004811605 227.738519509633 228.531897068024 237.220148245494 248.918334643046 269.377032915751 290.96527894338 316.367089748383 319.69811518987 320.77964146932 320.059776306152 314.258098602295 303.243001302083 304.224590460459 311.066349347432 318.856497605642 324.889759222666 328.903834025065 327.250003814697 321.127196153005 320.384283860524 316.034952799479 310.031135876973 305.129905541738 302.532037099202 300.573706626892 297.27840423584 294.247249762217 287.869989871979 286.451558272044 293.546299139659 297.754089037577 299.279471238454 301.326811313629 301.166812578837 297.961294651031 305.591265360514
