input/barkrak2/radiation/dir12824.grid
NCOLS 85 
NROWS 70 
XLLCORNER 665100 
YLLCORNER 4664600 
CELLSIZE 20 
NODATA_value -9999 
[rows 0 to 19 of 70, columns 0 to 45 of 85]
323.036193847656023 328.331092993418 332.740664482117 335.336287816366 331.695596377055 329.156200091044 322.896838188171 316.625157992045 320.526699225108 320.297996203105 317.742983500163 323.307673136393 327.153960863749 327.091693878174 328.455607096354 329.78747288386 324.564615885417 317.054390907288 314.986705780029 304.292619228363 286.344051361084 287.03365723292 306.946436564128 314.149339993795 312.546670436859 313.521067301432 312.082767486572 302.512923876445 282.536566257477 277.349313100179 274.989664554596 284.73832209905 303.325613339742 304.628590742747 310.914893945058 301.914811134338 301.509221394857 311.094005902608 300.42040348053 308.771391709646 298.812925815582 285.672942797343 295.15415430069 312.778274218241 316.848973433177 310.779988765717
306.313474973043 314.925412336985 318.748156229655 326.003392537435 330.637514591217 329.773525396983 322.576522827148 315.011342366536 319.519678751628 320.803960164388 315.807084242503 320.200224717458 325.947821140289 327.11257537206 326.903978983561 328.96363735199 327.469408512115 323.221464951833 320.427934328715 310.463150342305 300.252974033356 299.501379330953 308.815856774648 314.257562160492 313.998421033223 313.105205694834 311.099648475647 302.309314409892 286.84937953949 277.940849463145 279.114345709483 293.924649556478 299.910763899485 299.726684888204 310.370981693268 301.352242628733 298.420468966166 300.475875536601 296.788891156514 308.933218320211 306.093017260234 296.216905117035 301.27743879954 315.638025601705 320.735772450765 314.261813958486
272.861580053965 282.426575819651 292.187790075938 301.430642604828 310.312489668528 315.900961558024 319.596250851949 321.522772312164 322.186191876729 319.511532783508 313.032567501068 314.614494641622 323.320647080739 325.805564721425 322.624325752258 326.211333274841 330.111662546794 331.503768761953 327.759524186452 321.346759796143 320.326924324036 316.429336865743 312.21745411555 312.317430973053 315.175890922546 315.247376759847 309.159954388936 300.363818804423 289.08916314443 279.012620449066 280.12090921402 297.078867753347 291.017631689707 296.401500701904 307.319740454356 301.769773165385 290.898680686951 285.347580909729 294.595241546631 309.051771958669 307.666818300883 306.320408980052 304.960191249847 315.654714902242 326.48108402888 319.621920585632
257.6824426651 259.340822696686 264.913479487101 271.370629469554 278.786937395732 283.596555391947 288.789590199788 298.546572526296 310.862421989441 318.5742298762 319.59460179011 322.198708852132 325.900653998057 326.96004708608 324.186642964681 321.489969889323 323.42533270518 324.802617232005 325.350185235341 324.162483215332 322.414139906565 319.913546244303 321.629246075948 318.418780962626 317.06561644872 318.746248881022 313.755949338277 305.542508761088 298.006653785706 291.0502354304 284.029444058736 297.75740702947 290.926734606425 295.496344566345 300.063709417979 301.223079363505 296.807567278544 294.938246409098 307.510058085124 315.029978752136 310.084879398346 302.888115247091 298.348546028137 308.286507924398 320.275147755941 321.70448700587
277.231315771739 262.478391329447 251.957456270854 245.277901490529 249.702254931132 263.035158316294 280.095636844635 288.280586401622 295.923829078674 301.07440551122 313.461939493815 323.785901069641 329.266766707102 331.045905749003 330.710371335347 329.012930393219 326.094726721446 319.764574368795 320.110201835632 323.187867800395 321.020762125651 320.268988609314 325.462460517883 322.927594184875 319.745639959971 321.01301352183 316.555301348368 309.046526749929 302.055557568868 297.450919946035 298.540472984314 304.741640885671 298.935294151306 300.806164741516 298.524419466654 301.3942639033 309.58346525828 312.98832098643 318.235019842784 320.122043291728 317.673087120056 310.941119988759 305.914501349131 305.085758368174 310.047030448914 321.08740011851
310.896992683411 291.642626126607 269.831617673238 249.807020028432 240.755995114644 250.946819782257 273.166139920553 286.653200785319 288.852055867513 288.978636264801 296.927253405253 306.655367215474 313.106596469879 317.271510759989 320.884426434835 323.702494303385 321.316778659821 316.319624582926 317.374110221863 321.534693241119 321.507354577382 324.816604455312 329.667468865712 327.042579650879 324.288010597229 324.541091918945 319.653789202372 313.198844591777 304.692228635152 299.797693888346 303.691645463308 305.938303470612 308.765769004822 312.984307607015 307.87452061971 305.042584737142 311.29252910614 316.293438275655 316.896160443624 316.939572493235 317.654093106588 313.774903615316 312.126855055491 311.966101328532 308.184564113617 305.542051792145
324.298818906148 309.999306996663 295.738478501638 279.443840185801 261.855959892273 250.564396381378 256.199995676676 281.145215034485 291.491667429606 297.659834225972 295.575718084971 291.553656260173 287.52072652181 284.63214635849 286.50559981664 297.966281572978 305.688480536143 314.772407213847 322.016338507334 325.927138328552 324.4402607282 322.072347005208 327.437023321788 328.527967135112 327.245453993479 328.644971052806 326.296329498291 320.971051851908 313.072264194489 309.284647305806 309.327403704325 312.522947788239 321.81453704834 325.720429420471 322.543740272522 316.449542840322 315.070728460948 316.79101785024 317.86702076594 320.999364058177 320.014158884684 315.868059794108 314.162313938141 310.898184776306 295.348207155863 289.437135060628
325.710197289785 322.180946667989 317.137042681376 307.785153388977 290.725032488505 266.002853711446 247.076988220215 247.961799303691 276.223500569661 296.018858750661 301.425933837891 298.273682594299 291.716992855072 284.564137458801 274.706164995829 276.647925376892 286.634703477224 298.678457736969 313.926378885905 324.083805084229 326.661050319672 324.122150739034 326.256314913432 327.722986539205 327.362378438314 329.033573468526 328.680515289307 325.606862703959 320.70525487264 320.148408412933 321.31016254425 323.438107967377 329.387724399567 330.128788948059 328.167696793874 324.188272158305 320.647120475769 316.269238789876 310.335218906403 311.302383740743 317.136188348134 322.264035542806 325.445135434469 320.45837243398 306.594729423523 295.019090175629
321.283062299093 321.933686733246 320.729951063792 316.528260707855 308.984716733297 293.795426686605 269.98625199 244.826674461365 256.15406036377 275.419135888418 291.629751523336 297.831654548645 298.588474591573 296.818633874257 289.15399312973 283.810615539551 280.690868695577 284.37751531601 295.563797156016 308.092653751373 317.86318620046 323.22625319163 324.229617913564 321.628948052724 322.568674882253 325.02673069636 326.043347517649 324.89812374115 323.555688063304 326.934119065603 329.20116186142 328.485051790873 329.797168572744 330.236236254374 327.762126922607 326.260149478912 323.326965173086 316.449960072835 304.614961147308 305.944800376892 320.939064025879 327.818651994069 327.955464522044 323.329349358877 314.317603905996 306.211849053701
304.492731889089 310.806214809418 313.909888267517 314.002354939779 312.266290187836 310.979088147481 300.480643908183 286.493519941966 260.30170917511 252.53297885259 263.757387797038 284.609536329905 300.322373708089 306.902527809143 308.549086252848 303.394695123037 292.389432589213 287.607073783875 287.033597628276 289.709786574046 296.461164951324 301.63965622584 306.770126024882 310.315827528636 314.469178517659 316.941797733307 318.554441134135 318.029284477234 318.287531534831 322.27220137914 323.349992434184 323.621372381846 327.511847019196 329.55805460612 329.166094462077 325.973192850749 323.655347029368 320.575555165609 306.188742319743 306.267778078715 321.408708890279 324.92733001709 323.331415653229 320.094307263692 311.351656913757 303.447922070821
265.630443890889 277.060310045878 286.771575609843 294.35920715332 301.116347312927 306.672612826029 308.460613091787 305.817484855652 285.480757554372 264.01948928833 251.533329486847 257.54036506017 280.949811140696 300.091902414958 309.954524040222 303.40168873469 298.190951347351 293.53924592336 286.419490973155 282.09125995636 282.414158185323 282.434781392415 285.008311271667 294.646461804708 303.029696146647 308.270255724589 309.55970287323 309.355676174164 312.718133131663 316.16332133611 317.939221858978 320.375025272369 326.144218444824 327.648381392161 326.635579268138 324.594398339589 325.320680936178 326.663295427958 318.884253501892 313.971837361654 320.21431128184 323.958237965902 324.372549851735 323.545078436534 316.381255785624 310.238738854726
228.445092837016 233.378410339355 241.239209969838 252.43882338206 266.433417797089 280.271967252096 294.915517171224 299.10014073054 299.95063940684 289.831856886546 268.606285254161 250.922083854675 253.147562344869 272.598048051198 293.856143951416 295.662601788839 301.0134100914 299.139142036438 292.060693105062 283.866027990977 278.43850851059 275.140563646952 275.261918703715 282.754202683767 289.300243059794 293.259580930074 295.298059781392 298.553903897603 303.038974603017 306.424935658773 309.625347455343 313.874840736389 318.528910477956 319.504956404368 318.875372409821 319.081683953603 323.963701725006 328.549603621165 327.518244584401 324.645797411601 325.003723303477 327.652037143707 328.954339027405 327.773153781891 322.180946667989 320.058385531108
217.804988225301 213.039080301921 210.845609505971 210.845987002055 218.279222647349 233.885645866394 256.698866685232 275.450170040131 298.42068751653 301.140308380127 292.596658070882 273.600200812022 249.036928017934 246.946553389231 267.784059047699 288.820465405782 300.743997097015 302.609543005625 299.222469329834 292.626480261485 285.685380299886 284.81654326121 283.692399660746 284.443815549215 284.47437286377 283.581833044688 287.090996901194 294.051130612691 296.724359194438 297.239204247793 301.086644331614 305.39067586263 307.083547115326 308.36941798528 308.951020240784 312.377075354258 320.144395033518 325.328151384989 325.956463813782 328.176597754161 328.700959682465 328.708271185557 328.044215838114 327.252964178721 322.22572962443 320.116360982259
212.470968564351 185.934980710348 169.38195625941 163.852483034134 161.188970009486 166.502684354782 186.428606510162 220.144629478455 255.884210268656 285.76131661733 299.188355604808 299.403150876363 284.690797328949 262.499312559764 260.078887144725 282.288908958435 295.6755956014 304.278016090393 308.833499749502 306.316276391347 298.216660817464 295.618534088135 293.063322703044 292.140066623688 291.5953596433 289.629558722178 292.34383503596 298.889577388763 298.139035701752 292.851328849792 297.237912813822 301.390329996745 302.890261014303 303.217569986979 304.855624834696 309.994637966156 314.493397871653 317.943354447683 318.602403004964 319.433371225993 321.705599625905 324.387013912201 326.976458231608 326.944231987 322.177847226461 320.488135019938
196.253061294556 158.042371273041 135.160267353058 131.134460369746 131.4444343249 136.359691619873 145.388334989548 170.898417631785 198.510905106862 246.210138003031 292.082409063975 312.559028466543 315.318902333577 302.714347839355 281.213919321696 277.490576108297 282.309154669444 294.784486293793 306.677560011546 311.877409617106 310.705304145813 306.437333424886 304.799199104309 302.417238553365 298.605958620707 297.16561237971 299.383600552877 301.033556461334 296.198308467865 293.027758598328 296.603163083394 299.599707126617 299.785077571869 299.863934516907 302.776058514913 304.793894290924 306.204915046692 305.510898431142 308.091541131337 307.449082533518 311.416407426198 316.465119520823 319.996515909831 320.820073286692 317.836860815684 317.846973737081
167.356769243876 139.93372519811 114.745448033015 112.311691045761 128.282994031906 150.96781651179 151.350518067678 160.349448521932 181.864460309347 210.696756839752 258.27689965566 307.861705621084 322.762111822764 321.199059486389 307.493587334951 283.745129903158 274.583439032237 276.815195878347 290.04579782486 308.811505635579 315.580169359843 311.99191013972 312.900980313619 308.800121148427 303.597569465637 303.881227970123 305.787444114685 302.799959977468 297.597765922546 299.978733062744 301.470120747884 301.00683371226 298.846562703451 297.12696870168 297.732869784037 297.235687573751 295.831263065338 291.636566321055 293.792565663656 295.290251572927 299.126585324605 302.558958530426 304.693261782328 305.334031581879 310.310900211334 313.597142696381
148.25564622879 137.283702691396 114.16361729304 103.755553563436 107.629299163818 131.794303655624 153.334965308507 162.114520867666 177.318135897319 191.845297813416 215.734799702962 267.572045326233 314.428706963857 321.161230405172 318.12705596288 309.461275736491 300.5131483078 288.263599077861 280.015726884206 288.3180975914 306.741456190745 314.450045426687 316.823760668437 313.641270001729 308.541099230448 309.489210446676 312.889039516449 309.558669726054 305.917799472809 310.104688008626 309.965670108795 301.950931549072 297.515332698822 294.846256573995 291.152854760488 289.420982201894 285.948634147644 284.93462006251 284.491797288259 287.260949611664 289.519667625427 291.982074578603 293.304085731506 295.41011651357 306.865016619364 311.699767907461
139.676829179128 141.71576499939 132.901479800542 115.300923585892 99.8834172884623 115.499794483185 145.195404688517 165.00652829806 185.197730859121 196.338315804799 205.733080705007 231.321771939596 271.934151649475 306.93906545639 320.082346598307 322.112838427226 319.873611132304 310.87068716685 295.492430528005 282.064497470856 291.412035624186 309.987008571625 313.060482343038 312.820712725321 313.170591990153 317.082663377126 319.974740346273 318.310856819153 315.674682458242 317.232966423035 312.720040480296 304.52835559845 299.227555592855 294.007023175557 289.219796657562 286.93284591039 284.242669741313 284.431099891663 284.451524416606 285.276889801025 287.451843420664 288.909018039703 289.017001787821 291.344920794169 300.227363904317 308.364033699036
146.99516693751 156.826198101044 160.692711671193 144.612411657969 123.070528109868 131.69401884079 150.633255640666 172.771791617076 191.733956336975 214.640498161316 222.372094790141 228.893081347148 250.198026498159 268.94744237264 289.018670717875 318.763772646586 320.184926191966 318.965971469879 315.346717834473 302.174290021261 286.838114261627 297.751208146413 303.95495891571 309.760193030039 316.634654998779 321.621100107829 323.764681816101 323.200662930806 318.448344866435 317.221422990163 311.627070109049 306.366503238678 300.675491491954 295.044640700022 291.811426480611 288.249870141347 287.762045860291 284.643550713857 284.038225809733 286.733349164327 290.263930956523 290.655195713043 290.268202622732 292.835752169291 293.176869551341 303.789714972178
156.840741634369 161.572237809499 174.458622932434 180.973589420319 167.116423447927 151.843369007111 153.021365404129 165.384769439697 184.19756491979 207.204063733419 220.945874849955 221.96626663208 228.941321372986 243.809759616852 260.246952374776 280.121843020121 301.904956499736 313.689986864726 314.892888069153 313.94890944163 307.455639044444 297.072986761729 297.951181729635 304.341852664948 312.662124633789 319.125692049662 323.478758335114 322.685082753499 316.312273343404 315.494537353516 310.90122461319 304.599324862162 299.304604530334 295.968492825826 293.703178564707 290.176610151927 287.680427233378 281.071126461029 279.608845710754 286.019921302795 291.438380877177 293.006678422292 294.175525506337 293.899317582448 291.801929473877 298.551340897878
