input/barkrak2/radiation/dir17924.grid
NCOLS 85 
NROWS 70 
XLLCORNER 665100 
YLLCORNER 4664600 
CELLSIZE 20 
NODATA_value -9999 
[rows 0 to 19 of 70, columns 0 to 45 of 85]
356.241424878438011 358.183066050212 356.775999069214 351.228435834249 344.987948735555 340.159257253011 331.952730814616 325.821995735168 331.026653448741 329.569617907206 326.279699802399 334.624608357747 341.490507125854 341.29540125529 344.338973363241 355.218807856242 359.67743396759 357.341448465983 340.424577395121 328.604896863302 305.293917655945 298.893173535665 314.780016740163 321.271638075511 317.601005236308 314.509272575378 314.543843269348 306.334018707275 288.173298041026 280.240217844645 279.388844966888 283.277610937754 290.466785430908 296.068608760834 304.391284783681 297.199785709381 293.527642885844 301.233073075612 298.967937628428 301.988323529561 292.00267791748 271.812160809835 282.259047031403 308.760384718577 314.444601535797 304.715911547343
350.807269414266 355.717857678731 357.525587081909 353.031873703003 350.17208258311 345.442732175191 334.229628245036 323.109825452169 325.767636299133 327.68992582957 322.364270687103 329.297582308451 339.03972307841 339.983344078064 339.663902918498 345.71095307668 343.783934911092 342.350045839945 342.353741327922 335.079630215963 318.059086799622 307.575325171153 311.442633469899 316.799441973368 315.089583396912 311.628023783366 310.025115807851 305.657386779785 291.305164496104 280.728220939636 281.872868537903 290.16367594401 286.480307579041 289.935429890951 302.955090999603 295.444548130035 287.983854611715 290.442844231923 287.452439467112 299.386461575826 298.074464003245 285.430530707041 292.987068494161 313.880920410156 320.281287034353 308.417101701101
333.076536655426 333.520293235779 335.708538691203 339.440107345581 345.179597536723 347.377101580302 346.318483352661 340.10116259257 334.694862365723 330.716649691264 322.31064637502 322.461863358815 329.943497975667 332.495252291362 328.510920206706 331.960459550222 335.843801498413 340.399424235026 342.57706006368 339.977184931437 335.215330123901 324.089527130127 315.213481585185 313.626031080882 314.84584013621 314.690391222636 310.167034467061 303.912858168284 292.603592077891 279.973705609639 276.957035064697 288.319230079651 274.829169114431 281.809906164805 297.493775685628 291.978458563487 275.924841562907 268.311182657878 280.243714650472 300.072471300761 302.772800127665 303.28897635142 305.916309356689 321.239590644836 331.098616123199 316.118975480398
319.053530693054 314.54743941625 317.716081937154 321.494301160177 322.912752628326 323.707640171051 324.572145938873 330.955624580383 338.515758514404 341.232895851135 336.677710215251 332.828938961029 332.382678985596 331.548651059469 327.489058176676 321.29967212677 324.236293633779 330.844461917877 337.767521540324 339.066584904989 337.848385175069 334.856629371643 332.843561967214 325.471341609955 323.366443316142 324.625452359517 319.046596686045 309.66055393219 300.814906756083 290.90694586436 280.578513940175 286.745131015778 274.315774440765 281.064411004384 288.649916648865 289.864182472229 283.119837443034 279.909173647563 298.662543296814 313.793023427327 311.16125981013 304.101049900055 299.748102823893 307.67293771108 319.315969944 321.028669675191
330.444018046061 318.297286828359 307.286381721497 298.013428846995 293.876767158508 305.414477984111 319.30673122406 324.462036291758 330.122510592143 333.692113558451 340.758283933004 344.528079032898 344.190835952759 341.948628425598 338.834881782532 336.481253306071 334.641059239705 330.387949943542 333.640495936076 338.48774433136 338.216702143351 337.561766306559 339.601039886475 334.63720480601 329.72784837087 328.525384267171 323.395788669586 314.249614874522 305.241545041402 299.576858679454 297.60221640269 294.030765692393 286.438663800557 289.240618546804 286.685824394226 290.708223978678 300.844192504883 306.718130906423 317.081173261007 322.998781998952 321.111400922139 312.989274660746 304.427623748779 299.869338671366 305.90565999349 328.143656253815
352.213740348816 337.669769922892 319.927116235097 295.071125030518 287.49805688858 294.713874657949 312.55441904068 324.851095676422 326.885263125102 326.174219449361 330.874383449554 337.651968002319 341.728925704956 344.132701555888 345.053434371948 345.269322395325 341.534932454427 333.711942036947 331.989188989003 335.14924844106 334.719856580098 337.998270988464 343.429962793986 339.806954065959 335.213263829549 334.31867758433 327.885210514069 318.337380886078 307.548801104228 300.402859846751 299.296100934346 294.352094332377 298.857967058818 305.776337782542 300.231099128723 297.215898831685 305.907785892487 313.40769926707 318.267385164897 318.576693534851 319.65160369873 315.950870513916 313.103318214417 311.93753083547 311.025142669678 318.048596382141
353.735526402791 345.249533653259 333.285013834635 320.812980333964 304.680128892263 294.578353563945 300.768415133158 320.505976676941 327.455103397369 331.991891066233 330.495456854502 327.539344628652 325.089553991954 321.764469146729 323.179284731547 331.737240155538 336.690982182821 340.733329455058 341.503699620565 340.753833452861 336.077411969503 331.768075625102 339.512268702189 341.629425684611 338.950753211975 340.199669202169 336.714386940002 328.438798586528 317.691743373871 310.0359638532 304.438908894857 305.115580558777 319.368143876394 326.218406359355 323.285361131032 316.521922747294 314.999143282572 318.851033846537 322.542031606038 328.827023506165 329.206089178721 324.936032295227 320.649246374766 314.316848913829 299.217959245046 292.762438456217
347.054282824198 347.714265187581 346.848885218302 341.859579086304 330.723166465759 311.020950476329 292.858918507894 291.458189487457 316.709836324056 331.939220428467 335.644125938416 332.345068454742 327.594916025798 323.326528072357 314.379155635834 316.682080427806 324.53187306722 333.239277203878 341.854969660441 346.188982327779 344.074765841166 336.964249610901 336.655259132385 340.482950210571 340.765674908956 342.687010765076 341.79945786794 337.38895257314 330.641229947408 325.773517290751 322.102268536886 322.838405768077 332.931836446126 337.104320526123 336.273034413656 332.66693353653 326.791862646739 323.311765988668 317.484597365061 325.072069962819 333.357453346252 336.324254671733 334.373513857524 324.649115403493 307.719826698303 290.992736816406
344.920078913371 345.875978469849 346.381227175395 345.417817433675 341.501990954081 331.682244936625 312.003095944722 289.88786538442 298.736373583476 315.351684888204 328.731060028076 332.680284976959 332.732955614726 331.63054784139 326.816300551097 322.804828484853 319.87456480662 322.785158952077 331.187625726064 339.941779772441 344.587008158366 345.584630966187 342.739105224609 340.34260114034 340.771595637004 344.090064366659 345.073938369751 342.897176742554 340.183575948079 339.735786120097 339.638710021973 338.673114776611 341.461221377055 342.935164769491 340.460062026978 338.47717444102 334.88126595815 326.601723829905 312.947809696198 316.314915815989 331.213533878326 333.98175239563 329.903801282247 326.380511124929 317.355990409851 307.893594106038
337.61199315389 340.899030367533 342.569430669149 342.695514361064 341.55543645223 341.974139213562 336.526155471802 326.224744319916 302.716155846914 296.687026818593 307.733098665873 324.522753556569 335.565169652303 338.523427645365 340.165297190348 337.245106697083 329.402387142181 326.534807682037 326.063354810079 328.091422716777 333.122789859772 335.368235905965 337.789217631022 338.761846224467 340.429186820984 342.492977778117 343.586524327596 342.395226160685 341.624975204468 343.691269556681 344.470262527466 344.407836596171 346.490621566772 347.13880221049 345.009009043376 341.022491455078 339.750727017721 334.828694661458 316.036601861318 311.612923940023 324.355165163676 324.979245662689 322.889606157939 322.012364864349 313.950598239899 304.444034894307
308.843513329824 318.581998348236 326.266646385193 330.322424570719 334.793170293172 338.482896486918 340.79110622406 340.996821721395 325.698574384054 308.128456274668 295.861721038818 302.412788073222 321.766058603923 335.538466771444 341.564536094666 337.502519289653 334.25227801005 331.382234891256 326.885581016541 322.231650352478 322.569151719411 322.42214679718 323.940714200338 329.816440741221 335.552414258321 338.12693754832 339.649677276611 339.118083318075 340.70630868276 342.861652374268 343.758463859558 345.333019892375 347.821950912476 348.822712898254 347.336332003276 344.2036708196 342.977960904439 342.395027478536 330.492854118347 316.989799340566 320.299625396729 323.790232340495 325.543085734049 325.561583042145 318.133135636648 308.889011542002
278.219064076742 282.543063163757 289.344032605489 298.869172732035 310.423056284587 321.44965728124 332.535306612651 335.894346237183 336.000084877014 328.949550787608 312.302430470784 297.135670979818 297.189712524414 315.013527870178 331.214269002279 332.29398727417 335.911115010579 335.1202805837 330.29305934906 324.150939782461 319.879909356435 317.598760128021 317.660649617513 322.629352410634 327.220698197683 330.182433128357 330.777744452159 333.067039648692 336.437304814657 338.668346405029 340.687990188599 343.973358472188 347.394585609436 347.317814826965 345.949252446492 344.939748446147 346.388181050618 346.662282943726 343.250950177511 332.684675852458 329.854269822439 333.016435305278 336.211482683818 335.916717847188 329.743285973867 327.359318733215
269.196629524231 265.512824058533 263.554155826569 263.601978619893 270.327786604563 283.181667327881 302.794178326925 317.161917686462 334.688862164815 336.784760157267 330.827991167704 316.38902425766 295.536557833354 293.676793575287 311.669250329336 328.581929206848 336.981574694316 338.038921356201 335.979104042053 331.685443719228 326.502919197083 324.612994988759 324.333310127258 324.975430965424 324.465115865072 323.255280653636 326.054533322652 331.238786379496 332.328279813131 333.148002624512 335.855960845947 339.147965113322 340.863903363546 340.765635172526 341.002821922302 343.044201533 347.939173380534 349.093596140544 348.162492116292 346.425930658976 343.853632609049 342.998425165812 342.121918996175 341.431140899658 335.62699953715 332.454840342204
265.003422896067 240.856846173604 225.51574309667 219.55935160319 217.084368069967 221.544524033864 240.052084128062 270.56884765625 301.953216393789 326.052248477936 334.883371988932 335.49686272939 326.302250226339 308.112621307373 306.197126706441 324.465274810791 333.410223325094 340.080777804057 342.62744585673 340.783317883809 335.563500722249 333.517789840698 331.695516904195 330.81716299057 329.830765724182 327.95375585556 330.481211344401 335.182229677836 333.999395370483 330.134272575378 333.654602368673 336.73898379008 338.143944740295 337.477763493856 338.857889175415 342.315435409546 345.549503962199 347.26337591807 346.377333005269 346.239368120829 346.558531125387 347.19463189443 346.615036328634 344.346920649211 339.41904703776 334.546009699504
247.933844725291 215.598662694295 194.559454917908 189.962108929952 189.720630645752 193.10865799586 201.02592309316 225.13473033905 249.149839083354 294.474184513092 332.282483577728 344.671010971069 346.241553624471 339.938441912333 323.3642578125 320.414264996846 324.492613474528 332.846899827321 341.250816980998 343.469063440959 343.107541402181 340.570608774821 339.732487996419 338.485360145569 334.781408309937 333.324750264486 335.880438486735 336.957534154256 331.99268579483 330.274224281311 333.041946093241 335.757970809937 336.046894391378 336.270252863566 338.241060574849 339.33170636495 340.527335802714 339.975953102112 340.105255444845 339.962561925252 342.42844581604 345.39532661438 346.231698989868 345.110019048055 340.952237447103 338.613231976827
213.622728983561 189.121862252553 174.956639607747 171.316822369893 187.158763408661 206.970612208048 206.288357575734 211.675643920898 229.783793290456 259.388486544291 304.844657580058 343.440930048625 350.410381952922 349.576473236084 342.804034550985 325.638254483541 318.403999010722 320.171991984049 330.086509386698 342.937747637431 345.924655596415 343.515594800313 344.446579615275 342.210213343302 338.263154029846 337.63313293457 340.14360109965 337.865948677063 332.682569821676 335.134188334147 337.49516805013 336.28523349762 334.783673286438 334.422826766968 334.814151128133 334.46196715037 332.529922326406 330.165386199951 331.431130568186 332.33372370402 334.266066551208 337.305625279744 338.610370953878 337.431708971659 339.138706525167 340.621948242188
187.688549359639 178.999245166779 171.99569940567 164.580712715785 168.113589286804 191.25372171402 207.616249720256 210.265437761943 224.347909291585 238.246401151021 260.465741157532 311.410546302795 347.630103429159 348.357558250427 346.223592758179 343.293110529582 338.12689781189 328.947265942891 322.33339548111 328.737358252207 341.332634290059 344.91237004598 346.27111752828 344.307502110799 341.089725494385 341.401179631551 344.129800796509 341.607888539632 338.217814763387 341.73587958018 342.814167340596 337.462663650513 333.643635114034 332.048137982686 329.323252042135 328.608731428782 326.156973838806 324.343840281169 324.562509854635 326.56466960907 328.478872776031 329.223990440369 330.800811449687 331.186731656392 338.33638827006 341.247081756592
179.659962654114 183.491865793864 185.059726238251 175.94055334727 158.965716759364 165.194888909658 194.801688194275 212.192138036092 227.739036083221 240.805347760518 246.934175491333 275.332093238831 323.740522066752 346.882343292236 348.434487978617 349.814534187317 349.371910095215 344.742337862651 334.555864334106 324.104885260264 330.113132794698 343.881726264954 344.418565432231 342.981060345968 343.183358510335 346.6690381368 348.773082097371 346.391757329305 344.043294588725 345.480402310689 343.181371688843 337.804238001506 335.100690523783 332.001626491547 328.611493110657 325.997292995453 324.751595656077 325.084845225016 323.932528495789 325.218359629313 327.023088932037 326.998829841614 327.029506365458 329.727133115133 334.745287895203 340.38782119751
189.620534578959 200.301984945933 208.753327528636 203.716099262238 182.596246401469 173.657695452372 195.604840914408 215.055505434672 233.149270216624 253.206829229991 261.428833007812 270.937561988831 300.833344459534 332.187175750732 345.400174458822 349.061369895935 348.960796991984 348.550359408061 347.423315048218 339.336315790812 327.871958414714 335.062106450399 339.051167170207 342.482805252075 346.241076787313 349.459449450175 350.796262423197 348.98587067922 344.70546245575 344.427744547526 341.261347134908 337.554097175598 334.76197719574 332.062602043152 330.201109250387 327.753643194834 326.828062534332 325.262983640035 324.692567189534 325.713376204173 328.494608402252 329.451819260915 328.019022941589 330.060223738352 331.174651781718 337.345560391744
203.888177871704 208.54373772939 220.87570031484 236.792306105296 224.658846855164 190.746506055196 192.926029364268 204.285462697347 221.018075942993 246.713936328888 259.951194127401 264.818112055461 278.051654497782 298.259615898132 328.113456567128 342.944264411926 344.859043757121 345.541755358378 346.06405099233 346.206148465474 342.929005622864 335.666735967 335.225145022074 340.07461865743 345.201015472412 348.908344904582 351.079265276591 348.661700884501 343.137224515279 342.493891716003 339.549382527669 334.725220998128 332.088629404704 331.863562266032 331.152498722076 328.927616278331 327.50936349233 321.708103020986 320.655544598897 326.456904411316 330.621937910716 330.56100209554 332.117140293121 332.1533203125 329.287787278493 335.095683733622
