input/barkrak2/radiation/dir10424.grid
NCOLS 85 
NROWS 70 
XLLCORNER 665100 
YLLCORNER 4664600 
CELLSIZE 20 
NODATA_value -9999 
[rows 20 to 39 of 70, columns 0 to 45 of 85]
116.20302995046 105.086932579676 114.107916752497 143.447895844777 139.186362425486 116.314162810644 109.093993902206 119.426548480988 131.906141837438 143.281221389771 156.078279018402 161.73392534256 160.733938217163 163.623909155528 177.152335643768 198.476831118266 206.482529640198 219.837129116058 232.764720916748 250.064531962077 260.69696744283 251.360456148783 251.543343067169 259.777883688609 257.314185301463 261.932174364726 257.664163907369 256.559312343597 259.743571281433 266.033589839935 261.186182498932 246.755520502726 231.480240821838 220.886468887329 216.530919075012 222.862839698792 222.465952237447 224.090238412221 228.765487670898 233.877718448639 234.317620595296 234.811226526896 238.199055194855 230.652511119843 236.510634422302 240.597625573476
148.692101240158 138.917048772176 139.744182427724 170.099278291066 167.131861050924 121.289183696111 118.924756844838 128.332724173864 136.980563402176 143.264184395472 149.121820926666 155.891050895055 155.443559090296 152.121543884277 161.268760760625 174.495736757914 187.271972497304 201.230009396871 215.597331523895 229.819138844808 237.044095993042 248.874922593435 253.83714834849 250.804384549459 243.033568064372 230.794131755829 224.453628063202 222.657799720764 227.456370989482 218.198994795481 204.637428124746 177.404443422953 172.101596991221 163.781642913818 168.446759382884 189.947326978048 199.009954929352 215.930124123891 228.276272614797 229.545871416728 226.499756177266 225.479006767273 218.853116035461 199.709475040436 224.400480588277 235.48565308253
195.544004440308 195.599993069967 184.362391630809 190.397044022878 190.064211686452 147.063791751862 144.508252541224 138.849387566249 136.545280615489 140.043099721273 150.940517584483 157.592793305715 156.756401062012 157.653311888377 159.189641475677 169.48809226354 182.733257611593 194.827576478322 205.992162227631 208.534439404806 212.587336699168 225.502133369446 236.948152383169 240.195691585541 239.893476168315 230.748971303304 217.896143595378 206.477582454681 214.689334233602 199.418862660726 172.017395496368 125.268508990606 95.6783294677734 86.4477554957072 124.380419651667 149.087717135747 172.026574611664 194.881538550059 210.302233695984 214.800377686818 218.401392300924 220.414241154989 194.270551204681 166.792889436086 200.412472089132 231.534043947856
228.402038415273 223.257680733999 201.132357120514 196.628332138062 195.40137052536 185.749252637227 166.185329357783 143.6720987161 130.658765633901 134.340902169546 149.14134144783 159.162521362305 163.557509581248 173.651178677877 170.751829942067 170.933485031128 180.388410886129 192.186951637268 199.379245440165 192.091266314189 190.955797831217 195.634702841441 207.307815551758 219.389160474141 223.056356112162 219.673792521159 211.356361707052 198.450903097788 178.04620663325 148.913681507111 120.97430229187 95.3901410102844 55.5146634578705 20.3656430045764 21.8153645594915 52.8355538845062 95.5201586087545 130.450030167898 158.537973960241 172.448694705963 172.794719537099 156.938552856445 151.750644048055 180.755098660787 188.004473845164 220.16833225886
223.210632801056 221.939067045848 213.215708732605 199.732005596161 186.669369538625 185.362954934438 170.273145039876 157.733420530955 144.671142101288 137.090782324473 145.305901765823 154.018660386403 161.777635415395 173.209408919017 171.790818373362 172.604044278463 180.540283521016 192.697127660116 196.786840756734 189.088960488637 189.747969309489 186.106940110525 193.826874097188 200.083216031392 203.555981318156 203.471660614014 193.635066350301 180.886069933573 161.32590174675 114.211012919744 96.9864130020142 92.706710100174 67.7625983953476 19.5087666312854 12.8611400723457 35.2185765902201 56.6995243231455 78.2590061426163 100.08908311526 122.288763523102 114.900151888529 105.325172344844 126.265068848928 205.910245577494 208.905577659607 224.770247936249
211.672047773997 216.780662536621 219.58867708842 202.398935953776 187.59423494339 185.464958349864 182.078162829081 186.04443470637 181.81574344635 168.497363726298 161.165585120519 171.457409858704 175.636013348897 184.89799896876 185.415188471476 179.277380307515 179.311831792196 191.829721132914 198.405504226685 201.978385448456 204.461514949799 201.394995053609 194.351255893707 192.36292441686 191.973666350047 191.844701766968 183.328052361806 173.778434594472 146.571745475133 128.200153509776 123.822132746379 136.429786682129 132.794221242269 74.1575062274933 42.5889889399211 53.2911717891693 58.1316351890564 68.6435600121816 88.7675881385803 90.2691582838694 81.4945449431737 89.6986126899719 134.280890226364 205.400804678599 224.200129508972 232.730646928151
211.880882581075 216.339806715647 219.938258330027 207.300782203674 203.599870204926 203.733185927073 206.688721974691 209.702968597412 215.226312478383 205.331285794576 186.696430047353 194.374481836955 195.270379384359 203.195452690125 201.380809148153 187.917033831278 185.740967591604 196.394642194112 203.592439492544 216.731985410055 219.377557436625 217.667798201243 205.504357814789 196.720580259959 193.950613339742 193.338632583618 185.63852707545 178.35275332133 162.179996569951 162.304262320201 178.542971611023 204.332451025645 212.296843528748 204.989711443583 145.703156789144 79.7993044058482 74.8009184996287 76.9770940144857 90.4230574766795 90.6967520713806 100.930025180181 140.62378803889 169.082125027974 197.299758593241 221.886277198792 227.271715799967
215.156356493632 212.056338787079 214.240113894145 209.382832050323 232.709407806396 226.559937000275 225.981414318085 221.561094125112 222.501337528229 222.606937090556 204.194227854411 199.295242627462 202.287872632345 205.647011597951 207.801461219788 201.774001121521 197.043557961782 204.606175422668 217.342913150787 222.071687380473 221.436937650045 209.755082925161 205.782035986582 206.342061360677 203.521052996318 201.650540033976 194.993376731873 192.864179611206 188.616176446279 201.579908529917 218.937913576762 232.299864292145 237.882097562154 250.608185927073 237.865726153056 144.686649243037 96.5059498945872 85.02463499705 80.9275309244792 96.986989180247 140.359143416087 209.498882293701 190.879066785177 185.068408648173 198.63228003184 204.769869645437
215.004324913025 203.755935033162 206.545948982239 215.282281239827 253.171702226003 234.741648038228 222.766041755676 212.218244870504 211.974442005157 209.333260854085 199.944913387299 191.683014233907 200.671931107839 205.384771029154 208.714127540588 211.925804615021 206.47919178009 202.62332757314 214.211742083232 212.488889694214 211.040019989014 203.079660733541 204.053441683451 209.218919277191 208.091159661611 202.966332435608 201.368470986684 199.291030565898 197.39838441213 214.404463768005 234.462519486745 249.087373415629 253.100534280141 253.420213858287 260.843972365061 217.760682106018 113.705565532049 71.9347645839055 59.9255263805389 75.303703546524 152.907957633336 197.044134140015 178.794940312703 152.808636426926 160.719106594721 166.792134443919
211.477518081665 195.760846138 200.936595598857 225.095470746358 252.416988213857 232.224802176158 207.053939501444 187.839150428772 177.211701869965 172.244111696879 174.990971883138 178.745826085409 193.441430727641 204.148431619008 207.880357901255 215.238730112712 213.979562123617 200.211882591248 202.592591444651 203.065494696299 203.37982972463 203.843494256337 204.202075799306 207.818428675334 211.905101935069 206.688205401103 211.410681406657 203.760067621867 203.902979691823 220.899224281311 243.735770384471 259.798765182495 257.48473405838 255.352695782979 266.000171502431 266.617397467295 206.005374590556 114.925136168798 83.911528189977 93.8186049461365 127.648691336314 147.307376066844 158.288131157557 124.571233987808 123.77737959226 133.01279147466
204.368789990743 210.805296897888 240.590651830037 285.866677761078 278.027176856995 238.814612229665 200.207750002543 167.591214179993 155.220488707225 165.237953265508 160.456478595734 159.754435221354 184.964776039124 204.508662223816 213.318665822347 221.045772234599 219.654619693756 206.717630227407 204.818924268087 205.830931663513 204.195380210876 208.90086889267 211.289683977763 211.015164852142 213.647405306498 218.536178270976 217.18692779541 214.101135730743 213.403105735779 230.403363704681 252.583225568136 264.020621776581 259.733974933624 264.375805854797 272.988120714823 277.528504530589 275.010943412781 247.147579987844 165.190984805425 119.83530720075 109.53410466512 111.45826180776 129.438787698746 121.315717697144 116.29710594813 138.069132963816
222.950140635173 257.193982601166 294.207731882731 310.856660207113 319.635033607483 281.207462151845 231.931885083516 191.734631856283 178.550779819489 189.732392628988 181.896805763245 165.653020143509 179.718176523844 201.827585697174 218.135217825572 223.073204358419 220.119019349416 216.012895107269 209.777017434438 210.439662138621 210.674524307251 213.647405306498 216.277301311493 215.555886427561 219.366768995921 229.05155022939 228.924810886383 231.290340423584 231.425563494364 240.95364411672 256.326874097188 264.712810516357 267.39760239919 274.936159451803 280.953049659729 272.647758324941 273.567875226339 288.172880808512 246.835947036743 167.090614636739 120.461444060008 113.984843095144 116.862018903097 127.802143494288 145.08992433548 176.025907198588
274.049699306488 299.657662709554 308.237592379252 304.72723642985 318.71630748113 318.774322668711 292.409857114156 256.961862246195 229.365706443787 223.813811937968 223.085661729177 197.391867637634 183.735907077789 197.923640410105 219.292024771372 225.240449110667 221.663037935893 223.31698735555 212.56015698115 208.207110563914 214.455008506775 216.38419230779 217.000285784403 216.663857301076 220.21476427714 231.262485186259 238.372921943665 243.588268756866 241.966366767883 244.749009609222 258.810957272847 269.063512484233 268.322030703227 267.452915509542 270.229339599609 259.596983591716 261.330664157867 265.832761923472 239.126165707906 190.868437290192 155.03050883611 136.755814154943 125.916630029678 131.679664055506 147.308458884557 182.012220223745
295.809706052144 304.528872172038 300.886352856954 291.974266370138 297.447423140208 311.2899462382 312.358339627584 290.103276570638 262.955625851949 249.718765417735 250.434339046478 230.670094490051 206.51787519455 206.862807273865 219.257732232412 222.17325369517 218.586007754008 220.05961338679 212.783813476562 214.720507462819 213.48629395167 214.281678199768 214.050451914469 213.46127986908 220.3488945961 230.393250783285 241.379857063293 240.909377733866 243.673165639242 249.33664004008 261.17471853892 263.107001781464 251.356403032939 243.875463803609 247.842093308767 228.46519947052 227.165142695109 217.883308728536 190.552771091461 172.12317387263 183.358530203501 170.27618487676 149.75235859553 135.423054297765 135.318219661713 157.003194093704
302.159110705058 302.177588144938 305.749297142029 295.97806930542 292.693575223287 300.871630509694 314.919630686442 312.511225541433 285.391589005788 262.262225151062 254.308919111888 248.787124951681 237.07910378774 224.992791811625 221.576770146688 222.763498624166 218.993802865346 216.818392276764 216.817180315653 219.262421131134 214.852531750997 213.990390300751 215.036273002625 215.991457303365 219.818592071533 226.159989833832 235.493242740631 233.997583389282 236.596385637919 251.158237457275 257.791558901469 251.206457614899 238.33970228831 237.231175104777 230.415681997935 213.136692841848 216.209371884664 214.432577292124 205.161273479462 197.244862715403 204.272866249084 209.193567434947 190.611839294434 170.735557874044 150.228550036748 142.220308383306
312.714060147603 312.097271283468 316.297630469004 312.691966692607 305.718143781026 306.160092353821 315.59032201767 321.89416885376 296.017328898112 268.532395362854 251.582821210225 250.087817509969 254.059851169586 236.977458000183 227.457880973816 231.365084648132 225.348134835561 215.989828109741 222.246468067169 223.507424195608 222.245275974274 217.511514822642 220.215996106466 224.285860856374 222.505291302999 227.017144362132 230.339507261912 227.012713750203 233.788212140401 248.268206914266 253.385206063588 245.98753452301 240.723550319672 241.73229932785 225.630124409993 218.968749046326 224.754214286804 229.429205258687 233.123282591502 227.891286214193 195.231338342031 194.982985655467 183.205723762512 169.023831685384 149.129152297974 123.09730052948
313.933332761129 314.404765764872 317.57398446401 315.997858842214 309.141039848328 304.852386315664 311.872482299805 321.70836130778 300.536831219991 267.197966575623 253.8956006368 251.137514909108 253.993193308512 238.615036010742 227.579236030579 231.996099154154 235.362887382507 225.171526273092 227.584362030029 231.212258338928 230.139076709747 226.216236750285 224.57222143809 227.817853291829 224.920054276784 225.706458091736 230.507393678029 235.413511594137 238.306403160095 248.673419157664 253.839353720347 249.595085779826 242.776572704315 241.820891698202 225.19314289093 228.349010149638 232.211987177531 236.906309922536 238.312323888143 226.955056190491 172.848920027415 145.497192939123 130.342751741409 122.094243764877 110.921859741211 107.610275348028
308.017512162526 312.282601992289 316.741983095805 315.039952596029 309.87681945165 308.656732241313 313.225706418355 319.726308186849 312.076687812805 279.625991980235 261.59679889679 251.135528087616 242.629249890645 234.0061267217 225.669105847677 230.649689833323 241.788983345032 235.474030176798 231.299897034963 232.36354192098 234.260857105255 229.646960894267 226.342717806498 225.999315579732 228.544195493062 227.101504802704 229.532678922017 237.147410710653 241.323788960775 245.302697022756 251.577953497569 252.64314810435 245.440622170766 231.36701186498 218.612968921661 236.18749777476 244.618535041809 244.933704535166 238.404174645742 231.596092383067 167.241414388021 108.590662479401 86.3287846247355 72.2143948078156 71.866363286972 80.3674757480621
287.408888339996 295.771439870199 301.241755485535 302.154580752055 304.678797721863 310.91312567393 315.843164920807 318.072517712911 314.981460571289 294.117351373037 278.027057647705 259.30122534434 243.743062019348 241.178234418233 232.908149560293 225.760936737061 238.09818426768 236.626247564952 231.232066949209 230.515619119008 230.864028135935 227.011501789093 222.890496253967 223.659555117289 226.861715316772 230.347335338593 229.124387105306 234.907150268555 238.958716392517 241.228640079498 247.746348381042 253.692507743835 241.868754227956 217.936138312022 224.308967590332 251.255353291829 255.911568800608 249.94417031606 238.846719264984 239.018539587657 215.327739715576 140.483637650808 88.3330702781677 71.7950413624446 66.4561688899994 66.0847773154577
259.108702341716 265.144606431325 264.182190100352 273.063878218333 285.563369592031 298.258582750956 307.602981726329 313.810924688975 311.949054400126 296.544174353282 273.942112922668 252.947549025218 240.88575442632 237.973153591156 233.482519785563 228.477438290914 233.112831910451 231.559375921885 225.053111712138 222.674528757731 227.251172065735 229.816158612569 225.918432076772 222.564657529195 220.987419287364 224.206149578094 229.385793209076 233.337263266246 235.782424608866 236.495872338613 238.184769948324 246.295948823293 234.129269917806 220.249672730764 247.886697451274 264.700373013814 259.596546490987 252.436796824137 245.782713095347 250.716884930929 268.647412459056 247.668464978536 169.667363166809 116.846839586894 84.7948988278707 65.3399030367533
