input/barkrak2/radiation/dir19724.grid
NCOLS 85 
NROWS 70 
XLLCORNER 665100 
YLLCORNER 4664600 
CELLSIZE 20 
NODATA_value -9999 
[rows 20 to 39 of 70, columns 0 to 45 of 85]
195.182224114736 187.878092130025 203.937649726868 244.394183158875 238.604029019674 194.229781627655 178.220927715302 185.014307498932 197.805464267731 217.30117003123 230.323831240336 239.598671595256 245.619436105092 258.634130160014 273.368199666341 294.514119625092 320.912420749664 326.339344183604 331.444521745046 338.488181432088 340.860923131307 334.654966990153 332.752764225006 334.372282028198 335.466464360555 336.759686470032 337.778687477112 334.912896156311 330.675959587097 330.188473065694 324.314117431641 313.721060752869 305.097897847493 301.070153713226 299.551526705424 304.692685604095 304.900070031484 307.215054829915 310.822447141012 314.726769924164 315.633674462636 315.623064835866 316.677570343018 312.483469645182 315.548479557037 319.060643513997
222.076932589213 221.33465607961 239.126801490784 269.700010617574 265.927275021871 205.89687426885 190.817137559255 191.056231657664 198.367754618327 211.513638496399 224.596540133158 232.441365718842 241.175671418508 241.866807142893 257.941047350566 277.135054270426 295.385479927063 317.804912726084 326.513409614563 334.688822428385 338.68948618571 343.320647875468 343.998988469442 343.254764874776 339.892745018005 335.575381914775 332.677205403646 328.465024630229 327.872018019358 321.384370326996 304.922938346863 276.844143867493 257.002711296082 255.35504023234 263.118227322896 280.908485253652 288.28376531601 302.516241868337 311.904688676198 312.789400418599 309.995770454407 309.136907259623 302.766362826029 289.592782656352 308.55937798818 315.725604693095
261.816402276357 269.39070224762 276.452501614888 286.242365837097 286.143402258555 239.975015322367 214.332044124603 199.793577194214 196.149965127309 205.778698126475 223.688940207163 234.316945075989 245.758473873138 251.047372817993 259.647488594055 269.733627637227 285.684903462728 298.025925954183 314.872801303864 322.043418884277 325.038373470306 335.206389427185 339.631954828898 339.870731035868 337.307214736938 335.269848505656 331.855098406474 322.009821732839 310.66890557607 290.603538354238 252.224802970886 202.107230822245 181.424836317698 198.532303174337 225.998262564341 250.559469064077 268.543124198914 288.352688153585 299.047509829203 302.192171414693 305.216908454895 304.810742537181 283.624549706777 264.153023560842 289.334257443746 314.594268798828
282.03284740448 284.726023674011 284.556925296783 291.478216648102 290.575385093689 273.005743821462 236.864725748698 206.489086151123 191.244125366211 195.487499237061 222.005883852641 234.070022900899 248.920083045959 261.827747027079 263.586819171906 270.985066890717 278.948267300924 293.023427327474 305.044611295064 301.783919334412 308.177530765533 312.626580397288 323.60315322876 329.042494297028 322.672684987386 315.654853979747 297.536969184875 287.663042545319 265.035490194956 220.803221066793 180.642008781433 159.350236256917 129.227072000504 128.436903158824 138.788014650345 175.523459911346 219.803829987844 245.261271794637 262.954890727997 271.635433038076 271.166543165843 257.727742195129 243.197004000346 276.796877384186 274.618029594421 306.623558203379
274.267673492432 276.220858097076 285.160760084788 292.984326680501 284.527659416199 274.888396263123 244.422475496928 223.953525225321 205.069144566854 198.355833689372 212.284843126933 228.988428910573 244.675119717916 258.468051751455 263.076881567637 269.651154677073 276.780764261882 291.370828946431 295.971016089122 294.74671681722 303.306957085927 299.047251542409 293.449282646179 292.535781860352 290.312230587006 287.177840868632 280.219495296478 264.47852452596 232.924858729045 175.851047039032 156.390378872553 154.536863168081 135.623802741369 110.336432854335 100.593278805415 118.130614360174 161.569277445475 199.380477269491 225.884954134623 238.720059394836 228.831946849823 206.991990407308 228.419919808706 292.816797892253 286.491334438324 310.081581274668
268.266797065735 272.384325663249 284.146348635356 289.792478084564 285.206536451976 275.119781494141 255.562702814738 247.123102347056 237.429996331533 222.41731484731 221.973359584808 242.844422658285 253.458539644877 269.04837290446 271.827757358551 271.096487840017 276.00109577179 287.819067637126 294.269939263662 300.060331821442 297.88472255071 284.156699975332 277.042110761007 278.882185618083 280.438582102458 278.494159380595 266.746580600739 255.763570467631 213.11871210734 184.498171011607 182.929734388987 199.316620826721 202.885349591573 174.202303091685 140.375137329102 124.519675970078 139.667193094889 166.873633861542 203.044692675273 222.069104512533 204.004844029744 194.900830586751 237.232883771261 281.568626562754 301.313022772471 319.514393806458
270.060102144877 272.320806980133 280.337373415629 287.22620010376 298.454602559408 286.108175913493 269.865453243256 259.52269633611 258.490661780039 255.080918471018 245.536684989929 259.969234466553 271.365165710449 282.26093451182 284.016966819763 278.036077817281 278.901517391205 288.497547308604 289.459029833476 296.734591325124 294.914086659749 290.722628434499 284.30966536204 280.140995979309 281.651020050049 277.815699577332 267.570714155833 254.996657371521 220.329721768697 214.347779750824 235.673467318217 259.312589963277 263.921618461609 274.054567019145 250.243802865346 166.384220123291 153.304000695546 164.675811926524 191.56018892924 220.126509666443 213.463604450226 245.485802491506 245.284199714661 258.206645647685 292.369405428569 307.322303454081
274.195671081543 270.529329776764 273.642063140869 283.875624338786 319.558362166087 296.764314174652 275.900959968567 260.129769643148 260.714252789815 270.443121592204 261.827270189921 264.573136965434 277.949074904124 285.566290219625 288.988331953685 289.185961087545 285.129388173421 279.865701993306 292.683919270833 294.174353281657 292.942146460215 288.279493649801 285.193959871928 285.470326741536 284.81924533844 284.754971663157 276.604056358337 266.190350055695 243.861714998881 242.544571558634 266.197681427002 280.776659647624 279.864430427551 293.590982755025 315.77342748642 247.941454251607 185.176094373067 170.762062072754 184.083580970764 219.352682431539 250.679632027944 298.450688521067 255.098938941956 248.568554719289 278.420984745026 287.122786045074
271.672129631042 263.338923454285 267.209271589915 290.298461914062 331.667800744375 296.10017935435 267.100751399994 254.504164059957 259.286443392436 268.404920895894 263.43713204066 264.050682385763 277.793983618418 286.875446637471 290.098349253337 292.522629102071 285.240173339844 277.39695707957 288.415312767029 288.508454958598 287.744104862213 282.583773136139 283.300141493479 286.994238694509 287.892023722331 286.268293857574 283.824344476064 274.127582708995 255.096574624379 250.553409258525 273.098945617676 290.950735410055 289.969325065613 288.59943151474 308.868130048116 308.10272693634 218.966682751973 161.14999850591 151.741852362951 192.358473936717 259.522000948588 279.346148173014 246.100584665934 224.018136660258 247.440159320831 262.487610181173
264.618615309397 255.549728870392 263.850649197896 300.670107205709 329.612731933594 292.347590128581 259.558180967967 244.096656640371 241.29182100296 244.864026705424 245.919823646545 251.819352308909 270.90052763621 285.305599371592 288.363834222158 292.18981663386 290.204624334971 278.624733289083 279.813985029856 281.90956513087 280.738234519958 282.532731691996 283.98068745931 289.338906606038 291.492938995361 286.915024121602 292.034824689229 280.958433945974 261.628568172455 259.316404660543 278.487583001455 296.185274918874 291.920820871989 288.52109114329 297.78794447581 315.830806891123 298.084358374278 222.594062487284 175.236066182454 186.611711978912 222.868720690409 237.157901128133 237.885554631551 207.91616042455 219.096660614014 241.189817587535
253.200590610504 263.030171394348 292.587637901306 338.399171829224 339.818358421326 297.579189141591 262.453317642212 233.713428179423 225.661039352417 238.538841406504 231.440603733063 230.471312999725 263.938168684642 282.87410736084 287.406225999196 295.222401618958 295.092781384786 286.727070808411 284.07742579778 284.581243991852 285.474300384521 287.207802136739 290.246367454529 292.461971441905 292.807638645172 295.490225156148 296.807507673899 291.443626085917 273.786008358002 271.573344866435 284.512301286062 296.959340572357 294.139822324117 294.293244679769 298.347691694895 301.21241013209 321.935335795085 329.495628674825 264.070789019267 217.423379421234 203.470587730408 195.919712384542 215.193967024485 210.058808326721 215.937852859497 243.684371312459
271.797120571136 298.010985056559 318.072597185771 324.190398057302 350.821177164714 330.622931321462 294.998526573181 256.260752677917 243.064443270365 255.857825279236 249.815285205841 233.197967211405 250.39796034495 279.337128003438 291.487952073415 295.986334482829 295.403440793355 293.421467145284 285.929401715596 286.351958910624 288.426438967387 293.13055674235 294.941167036692 292.188704013824 296.906570593516 302.852749824524 305.116176605225 303.224623203278 291.352649529775 286.583741505941 291.077037652334 295.201559861501 296.967506408691 301.413814226786 304.075459639231 293.16367705663 300.857663154602 336.333711942037 329.674303531647 269.274016221364 219.575881958008 195.44126590093 196.482221285502 214.766065279643 235.600550969442 264.738519986471
304.16864156723 314.166804154714 305.392960707347 298.098882039388 316.315750281016 335.938493410746 329.531252384186 302.420039971669 277.822275956472 279.023706912994 280.624488989512 259.147524833679 251.715779304504 274.480938911438 293.427030245463 295.433084170024 294.979294141134 296.789427598317 289.28263982137 288.07008266449 292.383948961894 295.408686002096 295.631190141042 295.953532059987 295.82675298055 304.199437300364 309.320191542308 310.624082883199 300.625840822856 293.166001637777 300.178945064545 303.778688112895 299.85119899114 301.613450050354 306.042472521464 295.39946715037 295.052409172058 313.366631666819 314.980069796244 288.38312625885 258.367339769999 219.861090183258 203.154941399892 207.327822844187 231.352766354879 262.691338857015
297.499656677246 291.208704312642 284.396708011627 273.490329583486 274.164239565531 294.310688972473 314.2169713974 311.189810434977 299.09219344457 299.245893955231 300.160527229309 284.93877251943 274.22837416331 280.691246191661 295.611977577209 296.143750349681 294.081588586171 295.835018157959 290.121754010518 292.713642120361 292.908092339834 294.306953748067 291.329026222229 291.618665059408 294.566114743551 300.488849480947 306.754370530446 308.213075002034 302.789370218913 299.801389376322 305.54723739624 303.614775339762 292.787591616313 291.334589322408 295.039236545563 280.216952164968 277.526756127675 277.329544226329 269.407272338867 272.365510463715 282.655517260234 251.886308193207 224.666555722555 212.485134601593 213.827093442281 237.115919589996
291.493852933248 281.645258267721 287.79262304306 273.97495508194 266.202886899312 277.581493059794 302.98391977946 325.241128603617 320.284684499105 307.106932004293 298.182924588521 296.828071276347 299.822370211283 299.415171146393 299.273769060771 296.750664710999 296.46106561025 295.979301134745 292.855838934581 297.380864620209 293.33484172821 292.837977409363 291.278680165609 290.015598138173 293.366213639577 297.467589378357 302.961766719818 300.795495510101 299.483994642893 304.505348205566 306.133151054382 295.810540517171 281.023224194845 285.400668780009 284.002025922139 267.577370007833 268.612543741862 268.524746100108 274.043281873067 293.710112571716 293.848355611165 283.052643140157 261.73464457194 245.159268379211 224.22581911087 217.249353726705
310.822447141012 305.854638417562 315.033972263336 310.155232747396 300.205032030741 304.412424564362 320.474187533061 341.602245966593 334.870855013529 310.474872589111 297.711809476217 303.562959035238 315.7612880071 311.870296796163 305.470784505208 306.889176368713 303.890665372213 297.44698603948 299.922267595927 301.011403401693 297.318398952484 292.662024497986 294.875105222066 295.845786730448 294.513761997223 296.029448509216 298.480729262034 294.370392958323 296.877503395081 305.377999941508 304.326852162679 294.440587361654 282.452166080475 283.375640710195 275.495151678721 270.797212918599 275.961716969808 276.881277561188 287.914534409841 314.399460951487 283.448259035746 271.841526031494 259.818275769552 253.109733263652 233.473420143127 211.819549401601
334.079225858053 331.567823886871 333.764831225077 336.150884628296 327.299177646637 321.110188961029 325.906793276469 340.155363082886 336.763819058736 308.270891507467 299.398640791575 309.365650018056 322.890857855479 313.062032063802 307.443996270498 311.774214108785 311.765869458516 305.963357289632 303.971250851949 306.112011273702 305.962085723877 300.427158673604 298.517505327861 298.779706160227 296.99319601059 293.670336405436 297.357281049093 299.547255039215 300.74405670166 306.638459364573 305.611809094747 297.057688236237 285.292029380798 279.788076877594 271.049877007802 275.94921986262 282.073299090068 281.677941481272 284.670134385427 304.0784796079 270.954132080078 231.066962083181 217.910826206207 211.921374003092 209.062854448954 203.393658002218
345.165888468424 342.918793360392 339.454889297485 340.144753456116 334.335287412008 326.766173044841 324.100653330485 329.719801743825 335.309704144796 316.324869791667 314.390381177266 320.202608903249 319.519142309825 312.689880530039 309.138456980387 310.424645741781 318.149209022522 312.458455562592 308.962225914001 310.197512308757 306.769053141276 304.493308067322 300.247987111409 299.384494622548 298.934419949849 296.20768626531 297.460675239563 301.856100559235 304.156899452209 304.689844449361 306.288917859395 299.281696478526 288.269778092702 272.758424282074 264.109591643016 279.731492201487 289.406994978587 287.39204009374 277.822295824687 291.306058565776 271.557052930196 203.892509142558 175.528069337209 160.801231861115 161.392708619436 168.789148330688
346.097946166992 348.867019017537 348.325848579407 346.330245335897 342.993140220642 338.340441385905 332.382718722026 328.320145606995 330.568273862203 327.138264973958 332.101186116536 329.7119140625 320.747057596842 320.188244183858 314.181526501973 309.752841790517 316.756288210551 316.075801849365 311.537265777588 308.118283748627 308.283587296804 304.168164730072 300.575455029805 298.513412475586 300.744891166687 302.265703678131 299.134989579519 300.626536210378 305.282910664876 304.170509179433 306.992650032043 302.432974179586 283.599158128103 261.364340782166 269.755641619364 292.143662770589 294.973909854889 289.857824643453 273.010452588399 278.214494387309 296.72372341156 248.7673163414 191.429813702901 162.033051252365 152.483999729156 149.226079384486
334.641536076864 338.372985521952 339.009483655294 341.983159383138 346.929987271627 350.602308909098 351.197242736816 349.093556404114 347.100337346395 347.845792770386 341.52615070343 328.812440236409 322.643796602885 320.575594902039 316.777328650157 314.428269863129 314.588864644368 314.998249212901 309.066295623779 308.239082495372 308.028340339661 309.15375550588 307.15407927831 302.166720231374 301.110903422038 301.665743192037 303.77193291982 304.921627044678 305.271526177724 304.778615633647 305.054446061452 303.086380163829 278.584698836009 262.2456351916 285.028239091237 300.039072831472 295.538524786631 291.03147983551 278.046170870463 274.14458990097 307.743648687998 329.148411750793 275.209168593089 220.378716786702 178.754607836405 153.300980726878
