input/barkrak2/radiation/dir18824.grid
NCOLS 85 
NROWS 70 
XLLCORNER 665100 
YLLCORNER 4664600 
CELLSIZE 20 
NODATA_value -9999 
[rows 0 to 19 of 70, columns 0 to 45 of 85]
352.322657903035008 354.764223098755 353.951891263326 349.294265111287 343.571503957113 338.759501775106 330.638150374095 324.418028195699 329.47705189387 328.167319297791 324.951112270355 333.051641782125 339.679479598999 339.514176050822 342.549204826355 352.852662404378 356.814503669739 351.01842880249 336.066484451294 326.016962528229 302.595257759094 297.191341718038 313.321550687154 319.595714410146 316.79093837738 314.211905002594 314.206659793854 305.694003899892 287.029167016347 279.695073763529 278.736968835195 283.092081546783 291.548609733582 297.123114267985 305.260558923086 297.596613566081 294.078727563222 302.139798800151 299.945553143819 302.268087863922 292.336563269297 273.028175036112 283.52556626002 308.627009391785 314.268370469411 305.209418137868
346.108198165894 351.643760999044 352.853337923686 349.805434544881 348.36200873057 343.728303909302 332.580765088399 321.832021077474 324.699680010478 326.554397741954 321.244458357493 327.901105086009 336.796681086222 337.799787521362 336.706240971883 342.510104179382 340.961654980977 340.300599733988 338.627894719442 331.575135389964 315.869112809499 306.296944618225 310.859680175781 316.259702046712 314.740081628164 310.600121815999 309.876799583435 304.314076900482 290.205995241801 280.214667320251 281.186540921529 290.234943230947 287.782450517019 291.293402512868 303.779403368632 295.785963535309 288.805226484935 290.607670942942 286.329329013824 301.362156867981 299.022555351257 286.178211371104 293.452640374502 313.38628133138 319.262246290843 307.722210884094
327.642182509104 328.145881493886 331.920981407166 334.610064824422 341.925819714864 342.997670173645 342.538356781006 337.384104728699 332.999130090078 329.20910914739 320.911983648936 321.206529935201 329.320788383484 331.586579481761 327.227910359701 330.560167630513 334.036469459534 337.974349657695 341.991265614827 337.774634361267 332.697133223216 322.942137718201 314.249992370605 312.728623549143 314.595441023509 314.480662345886 309.046427408854 302.740673224131 291.616499423981 279.426574707031 277.015368143717 288.963635762533 276.041408379873 282.852391401927 298.399825890859 292.757610479991 277.181307474772 270.150085290273 281.840284665426 300.950646400452 303.056875864665 302.87367105484 305.481473604838 320.094366868337 330.472946166992 316.407303015391
311.579763889313 308.677991231283 311.941027641296 313.980837663015 315.793951352437 316.400051116943 319.678048292796 327.228963375092 335.277716318766 337.878346443176 334.164102872213 331.336120764414 331.436256567637 330.85298538208 326.974829037984 320.566018422445 323.985695838928 329.370776812236 336.1523548762 337.984681129456 335.921764373779 332.939366499583 331.392188866933 324.472904205322 322.027524312337 323.785424232483 317.696988582611 309.009114901225 300.312101840973 290.51673412323 280.794680118561 287.62811422348 276.022970676422 282.530625661214 289.724191029867 290.617744127909 283.923467000326 280.669748783112 299.634178479513 313.236991564433 310.620903968811 303.145289421082 299.248317877452 307.371993859609 319.520831108093 321.17505868276
325.028459231059 312.413950761159 301.812807718913 288.817981878916 287.876506646474 300.870954990387 313.868323961894 319.28809483846 326.265017191569 329.979221026103 336.809555689494 341.436584790548 341.60308043162 340.531905492147 338.451385498047 335.527022679647 333.033363024394 328.901449839274 331.552704175313 336.55587832133 335.555195808411 335.417826970418 338.559548060099 333.175857861837 328.430493672689 327.550888061523 322.095652421315 313.178261121114 304.461518923442 299.076497554779 297.346651554108 294.710596402486 287.861069043477 289.897501468658 287.779112656911 291.382789611816 301.636318365733 307.318846384684 317.013363043467 322.429279486338 320.008397102356 312.370618184408 304.245591163635 300.025900204976 305.769026279449 326.568603515625
346.544027328491 331.981559594472 308.77012014389 289.672573407491 281.15705649058 288.526733716329 308.26340119044 319.60666179657 321.802139282227 320.999999841054 327.090859413147 334.164301554362 338.489095369975 339.977860450745 342.280666033427 342.724998792013 339.046557744344 331.44470055898 329.934656620026 333.130558331807 332.923193772634 335.867524147034 340.924978256226 338.197350502014 334.245920181274 333.142240842183 326.514621575673 317.285815874736 306.87681833903 300.0261982282 299.433588981628 295.46445608139 299.94265238444 306.533455848694 300.532937049866 297.803560892741 305.901805559794 313.514272371928 317.833105723063 318.149983882904 319.1899061203 315.432071685791 312.371134757996 311.428805192312 310.338775316874 316.249589125315
349.269509315491 339.353481928508 329.251607259115 315.216342608134 300.183614095052 290.022174517314 296.27005259196 314.980546633403 323.409458001455 328.125417232513 326.574226220449 322.423497835795 319.894691308339 317.626853783925 319.104552268982 327.937006950378 332.241117954254 337.662696838379 339.087168375651 338.854392369588 334.227760632833 330.211361249288 337.526679039001 339.369535446167 337.421218554179 338.734229405721 335.035880406698 327.158391475677 316.849589347839 309.57688887914 304.585138956706 305.246631304423 319.680790106456 326.149682203929 323.089758555094 315.95367193222 314.488470554352 318.334937095642 321.756462256114 327.354073524475 327.50924428304 323.340316613515 319.190462430318 313.255031903585 298.848370711009 292.057792345683
344.144304593404 344.266772270203 342.83439318339 338.072896003723 325.468818346659 303.566137949626 284.841597080231 286.803722381592 312.340358893077 326.906144618988 330.880800882975 328.460017840068 323.515991369883 318.037668863932 309.992949167887 312.365790208181 319.256842136383 328.425089518229 338.616331418355 343.559463818868 341.899474461873 335.215012232463 334.885676701864 338.403940200806 338.620066642761 340.952078501383 340.111414591471 335.792144139608 329.105814297994 324.799001216888 321.727434794108 322.677731513977 332.395911216736 335.441509882609 335.18640200297 331.039627393087 325.554211934408 322.138587633769 316.375195980072 323.159178098043 331.148107846578 334.524313608805 333.274523417155 323.721130688985 307.194034258525 291.137536366781
341.983477274577 342.732469240824 342.877785364787 341.548164685567 336.596210797628 326.679488023122 307.501753171285 285.206258296967 292.637765407562 311.173280080159 324.670255184174 328.719576199849 328.79892985026 327.634970347087 322.624564170837 317.353347937266 315.662264823914 318.643569946289 327.352086702983 335.28741200765 341.535886128743 342.912793159485 340.450843175252 337.982257207235 338.473876317342 341.24497572581 342.773119608561 340.216080347697 337.734262148539 338.047504425049 338.249286015828 337.297201156616 339.946786562602 341.386516888936 338.905930519104 336.564183235168 333.514134089152 325.382649898529 311.525503794352 314.796408017476 329.7305504481 333.061635494232 329.515020052592 325.577894846598 316.6211048762 307.354331016541
333.010713259379 336.898366610209 339.121222496033 338.992555936178 338.05779616038 337.7871910731 331.683258215586 320.774435997009 298.337399959564 292.079230149587 301.803151766459 319.17397181193 330.848495165507 334.875504175822 336.56907081604 333.492994308472 325.332840283712 321.21620575587 321.985562642415 322.787006696065 328.07848850886 331.595540046692 334.202607472738 334.889570871989 336.91402276357 338.987906773885 340.649525324504 339.48802947998 339.181502660116 341.527541478475 341.923157374064 341.892004013062 343.585054079692 345.107356707255 343.109965324402 339.167197545369 337.462425231934 332.718094189962 314.859827359517 310.642838478088 323.708812395732 324.828525384267 322.895685831706 321.344594160716 313.270509243011 304.003775119781
304.004768530528 313.336431980133 320.746779441833 326.142688592275 330.838203430176 334.728280703227 337.081988652547 336.373408635457 320.270121097565 302.156408627828 291.23443365097 297.791163126628 317.430218060811 331.599036852519 337.974429130554 333.661715189616 330.245693524679 327.297369639079 321.519752343496 318.057656288147 318.336109320323 317.074716091156 318.796316782633 325.803597768148 331.251780192057 334.621826807658 336.194435755412 335.669000943502 337.428649266561 339.742263158162 340.735634167989 342.42840607961 346.010247866313 347.237348556519 344.968318939209 341.84730052948 341.138442357381 340.434392293294 328.701655069987 316.267271836599 320.019046465556 323.693156242371 325.38773616155 325.186828772227 317.593932151794 308.686216672262
272.805730501811 277.183214823405 284.07617410024 293.75563065211 305.538853009542 316.117723782857 327.605505784353 331.125835577647 331.18877808253 324.693202972412 307.672619819641 290.926575660706 292.599300543467 310.597638289134 327.090005079905 327.57572333018 331.985831260681 331.149101257324 326.158245404561 319.864809513092 315.434396266937 312.11131811142 312.185327212016 318.280537923177 323.005159695943 325.418988863627 326.727390289307 329.117834568024 332.657873630524 335.01394589742 337.161819140116 339.937845865885 343.451619148254 344.325661659241 342.245539029439 341.419219970703 343.270540237427 344.55140431722 341.377973556519 331.540008385976 328.830242156982 331.865827242533 334.836363792419 334.855715433757 328.636288642883 326.212406158447
263.607263565063 259.880483150482 256.982445716858 257.017930348714 262.808203697205 276.835640271505 296.797911326091 312.567432721456 330.638368924459 332.808613777161 326.608141263326 311.843812465668 290.754894415538 288.885275522868 307.005663712819 324.278791745504 333.004415035248 334.114631017049 331.173996130625 326.572358608246 321.185747782389 320.244471232096 319.953322410583 319.698015848796 319.299916426341 318.16562016805 321.036696434021 326.419830322266 328.309277693431 329.160531361898 331.289291381836 334.672252337138 336.342414220174 337.225993474325 337.499896685282 338.903466860453 344.081958134969 346.589724222819 345.742662747701 343.747536341349 341.566999753316 340.826829274495 340.422948201497 339.7589524587 333.646376927694 330.637713273366
258.518934249878 234.11500453949 217.800001303355 212.6185297966 210.055232048035 215.803424517314 234.492202599843 265.378256638845 297.141671180725 321.588734785716 330.772340297699 331.38382434845 321.922242641449 302.102506160736 300.142486890157 318.923632303874 329.314291477203 335.492968559265 338.285366694133 336.244384447734 330.66854874293 328.578114509583 326.670388380686 326.658308506012 325.622717539469 323.007742563883 325.520714124044 330.432375272115 329.34178908666 326.013465722402 329.669257005056 332.0631980896 333.44844977061 333.760937054952 335.205872853597 338.864723841349 341.259479522705 343.197385470072 343.416571617126 343.328436215719 343.092123667399 343.971331914266 344.386299451192 342.368920644124 336.957693099976 332.513054211934
242.185711860657 209.001819292704 186.990181605021 182.911296685537 182.577669620514 187.230110168457 195.224642753601 219.604392846425 246.017654736837 288.21595509847 327.021857102712 341.028730074565 342.71518389384 335.038622220357 317.763368288676 314.723233381907 318.943659464518 328.770120938619 337.479114532471 339.892546335856 338.836471239726 336.092432339986 335.148096084595 333.743492762248 330.777525901794 329.271217187246 331.07986052831 332.229495048523 327.377418677012 325.466096401215 329.027454058329 331.85883363088 331.232865651449 331.423540910085 333.508292833964 335.710962613424 337.007204691569 335.294763247172 336.620569229126 336.473385492961 338.202595710754 341.400702794393 343.388517697652 342.361132303874 337.775270144145 335.758447647095
207.331657409668 183.175543944041 167.620023091634 164.174268643061 179.916838804881 201.266407966614 199.289937814077 207.04444249471 225.357115268707 255.030194918315 298.948029677073 338.676850001017 347.256263097127 346.333861351013 339.06364440918 321.311036745707 312.668681144714 314.481774965922 325.95964272817 339.25990263621 341.891964276632 339.365402857463 340.275486310323 337.810277938843 333.752632141113 333.784182866414 336.383581161499 333.258370558421 328.162511189779 330.567200978597 332.74253209432 332.409739494324 330.838203430176 330.475171407064 329.887290795644 329.520185788472 328.613221645355 326.149523258209 326.437791188558 327.428301175435 330.474476019541 332.609077294668 334.023157755534 333.897233009338 335.253198941549 336.95395787557
182.788252830505 173.77628882726 165.222644805908 156.315426031748 159.262677033742 186.102112134298 202.19608147939 205.844839413961 218.113760153453 232.075293858846 256.667335828145 304.774284362793 343.167066574097 345.157782236735 342.888474464417 339.541594187419 334.188461303711 323.528031508128 316.697080930074 324.635227521261 337.557236353556 340.885599454244 342.35950311025 340.266148249308 336.840669314067 337.759892145793 340.619365374247 337.96226978302 334.484259287516 337.570905685425 338.44788869222 332.798679669698 329.644203186035 327.992697556814 325.163324673971 323.459625244141 320.871869723002 320.121089617411 320.319712162018 321.387449900309 323.31645488739 325.235406557719 325.791994730632 327.350874741872 333.970069885254 337.221701939901
174.26590124766 177.821576595306 178.702235221863 167.905847231547 149.986128012339 160.912881294886 190.555254618327 205.919881661733 224.192539850871 237.177451451619 243.50514014562 271.498262882233 317.228694756826 342.424273490906 345.18035252889 346.203565597534 346.080819765727 341.06699625651 329.383154710134 318.516790866852 326.100667317708 339.346329371134 340.275327364604 339.032649993896 339.252630869548 342.734138170878 344.900925954183 343.152244885763 340.710719426473 342.194795608521 339.700897534688 333.9950243632 330.428699652354 327.046136061351 323.485791683197 321.705937385559 319.447576999664 319.739937782288 319.676677385966 319.95149453481 321.778992811839 322.94241587321 321.835299332937 324.563026428223 331.075568993886 336.008429527283
184.312522411346 194.922645886739 202.902277310689 196.147362391154 173.593878746033 170.053064823151 192.083259423574 209.395925203959 227.640151977539 249.883770942688 258.64980618159 265.662769476573 291.2491162618 324.891666571299 340.938607851664 345.170259475708 345.693707466125 345.212539037069 343.140363693237 334.370970726013 322.408080101013 331.112861633301 335.149168968201 338.181098302205 342.310984929403 345.701336860657 347.113172213237 345.512588818868 341.565688451131 341.197292009989 337.784012158712 333.871722221375 330.825805664062 327.266752719879 325.217922528585 322.62925306956 322.572350502014 319.921970367432 319.364329179128 321.509798367818 323.278864224752 324.296216169993 323.985477288564 324.861685434977 326.031625270844 333.830952644348
198.229193687439 202.850957711538 215.267697970072 229.615887006124 215.899586677551 187.484979629517 187.518000602722 201.553364594777 218.384146690369 241.551419099172 256.619354089101 258.71737798055 274.735510349274 289.454837640127 321.74011071523 338.26752503713 341.205279032389 341.957012812297 342.532356580098 341.934442520142 338.149865468343 330.511689186096 331.190168857574 336.224953333537 341.644167900085 344.886660575867 347.306410471598 345.16974290212 339.629133542379 339.236656824748 335.856000582377 331.053952376048 328.164676825206 327.759325504303 326.306064923604 323.910276095072 322.334229946136 317.291637261709 315.171360969543 321.120699246724 325.416286786397 326.538026332855 327.05291112264 327.003538608551 325.407604376475 330.109377702077
