input/barkrak2/radiation/dir12724.grid
NCOLS 85 
NROWS 70 
XLLCORNER 665100 
YLLCORNER 4664600 
CELLSIZE 20 
NODATA_value -9999 
[rows 40 to 59 of 70, columns 0 to 45 of 85]
301.160375277201 302.408814430237 301.819225152334 303.809444109599 309.479335943858 313.708186149597 316.684464613597 319.757362206777 320.236881573995 308.084845542908 297.556122144063 293.445587158203 292.680104573568 288.984298706055 286.819020907084 287.472128868103 286.011099815369 284.395754337311 281.007448832194 279.512465000153 282.59265422821 286.817292372386 287.001192569733 282.605548699697 280.675411224365 276.414076487223 283.934275309245 284.998377164205 285.429100195567 285.09517510732 282.539109388987 280.48320611318 262.904564539591 262.838741143544 287.657260894775 287.29518254598 276.978373527527 273.532072703044 275.342106819153 269.975244998932 281.361003716787 313.249389330546 312.925299008687 254.552602767944 193.140923976898 155.394444863001
307.122866312663 305.126865704854 304.813186327616 305.120408535004 301.942706108093 300.396700700124 299.768249193827 300.322314103444 303.405284881592 297.441105047862 290.478189786275 292.005101839701 293.918569882711 294.356147448222 292.247613271077 289.500296115875 285.958290100098 291.132132212321 290.919244289398 285.711983839671 286.923468112946 288.841466108958 285.210887591044 286.110023657481 286.403218905131 281.487186749776 285.093943277995 286.59321864446 285.08190313975 285.440405209859 285.616079966227 281.529208024343 268.255114555359 274.603843688965 286.94740931193 276.686509450277 261.057734489441 257.820804913839 262.890001138051 270.696103572845 292.671581109365 306.146462758382 308.507800102234 288.160761197408 235.313057899475 190.354983011882
309.671680132548 307.203392187754 309.467792510986 308.637499809265 302.902897198995 300.756235917409 298.996349175771 297.244648138682 296.661098798116 294.272939364115 293.073773384094 292.013168334961 294.312695662181 297.62601852417 296.458462874095 294.413288434346 291.058739026388 294.755101203918 295.803964138031 289.388219515483 284.813781579336 282.962421576182 280.824303627014 279.980500539144 283.070604006449 279.416839281718 275.901695092519 279.548108577728 282.224555810293 283.828298250834 283.61177444458 278.604924678802 274.202883243561 282.446801662445 283.679227034251 263.849139213562 247.86388874054 251.687188943227 263.961493968964 277.420103549957 287.082552909851 286.567330360413 278.264403343201 270.201623439789 241.979897022247 190.120855967204
298.459311326345 300.188104311625 306.013524532318 304.037054379781 305.62295516332 307.592272758484 306.883454322815 304.157197475433 296.557267506917 294.756790002187 297.570745150248 293.855945269267 294.640441735586 296.991467475891 296.64272069931 294.927815596263 295.121411482493 296.056489149729 294.1019932429 290.538271268209 283.551534016927 280.67672252655 277.727822462718 276.471296946208 276.326437791189 278.750777244568 275.280038515727 276.595791180929 279.723107814789 278.744260470072 275.977194309235 270.494182904561 274.583558241526 281.230767567952 271.877388159434 249.24373626709 243.971248467763 256.842037041982 273.996035257975 278.125067551931 276.015023390452 271.537741025289 263.85502020518 252.613425254822 231.282512346903 194.863021373749
297.156691551208 301.748593648275 303.919831911723 303.576151529948 304.99533812205 306.765655676524 306.533594926198 303.89928817749 301.007211208344 298.335393269857 298.9581823349 296.298861503601 294.011155764262 292.181015014648 291.076719760895 291.680077711741 286.504745483398 291.447003682454 291.977723439534 287.425736586253 284.75026289622 280.733148256938 279.185195763906 278.623620669047 275.503257910411 280.314763387044 281.973083813985 278.857986132304 275.667627652486 276.646514733632 270.444333553314 264.413177967072 266.563216845195 266.488989194234 257.913947105408 245.213905970256 247.982700665792 263.956685860952 277.339359124502 273.211797078451 273.275971412659 264.504472414653 253.742059071859 242.742240428925 229.496280352275 208.3340883255
302.012503147125 305.420676867167 303.325533866882 304.977198441823 303.933342297872 304.129381974538 305.334508419037 304.544826348623 305.166204770406 301.383395989736 299.942970275879 299.65219895045 296.434720357259 290.770630041758 290.384928385417 291.171967983246 286.688009897868 286.772509415944 290.314475695292 288.201530774434 283.336261908213 283.776958783468 280.122061570485 279.858370621999 277.589062849681 276.586492856344 279.543121655782 281.293928623199 276.606182257334 273.987929026286 268.079698085785 263.502915700277 264.392415682475 257.702549298604 245.556771755219 235.271493593852 242.833236853282 261.337796847026 267.702639102936 258.057097593943 263.317406177521 254.835327466329 244.968752066294 245.961447556814 247.20166126887 226.164102554321
301.818688710531 303.072134653727 304.98206615448 306.26106262207 305.973430474599 305.433690547943 306.853989760081 307.537913322449 304.629385471344 303.978184858958 302.460670471191 300.964891910553 297.256688276927 295.156419277191 292.288879553477 295.675019423167 288.91521692276 284.799834092458 289.389928181966 285.959879557292 284.538467725118 282.499889532725 278.579433759054 271.917064984639 279.847264289856 274.336556593577 274.814228216807 275.800029436747 274.564842383067 272.598743438721 270.328879356384 266.373912493388 261.871556440989 254.619320233663 245.709220568339 237.041354179382 243.862986564636 256.668289502462 255.953788757324 256.245652834574 260.973890622457 250.613967577616 248.937030633291 257.002373536428 261.041820049286 242.216010888418
298.033436139425 299.251119295756 303.467591603597 304.417490959167 306.179523468018 307.494064172109 304.727335770925 304.516057173411 304.701169331868 305.904010931651 302.895585695903 299.327254295349 298.43525091807 296.022772789001 294.301191965739 289.387186368306 289.071619510651 279.215534528096 281.092425187429 283.892114957174 278.338054815928 277.657310167948 278.425594170888 270.466963450114 273.048837979635 274.983147780101 270.267009735107 272.72617816925 273.833076159159 271.472871303558 269.880612691243 269.069075584412 260.951638221741 259.185115496318 259.291609128316 250.551541646322 250.805020332336 253.774503866831 256.751914819082 265.348215897878 260.506272315979 252.32470035553 256.591697533925 259.528795878092 256.998479366302 242.683192094167
292.583028475444 294.431308905284 298.039078712463 300.697167714437 304.563999176025 306.985437870026 304.04265721639 302.873015403748 305.027008056641 304.582854111989 303.470492362976 299.549420674642 297.054807345072 297.863125801086 291.328152020772 288.109302520752 284.554421901703 275.461316108704 280.143578847249 283.385793368022 281.688491503398 279.895563920339 280.089696248372 277.491350968679 272.734999656677 275.674760341644 271.820604801178 275.867342948914 279.490907986959 280.263682206472 281.737208366394 279.651701450348 269.231220086416 270.902832349141 268.917461236318 258.87135664622 258.362889289856 259.981195131938 261.908888816833 264.09924030304 254.461069901784 249.098896980286 247.450510660807 243.738094965617 241.447289784749 241.051495075226
290.946424007416 288.182457288106 292.120357354482 297.651867071788 301.870544751485 303.391357262929 304.464300473531 305.468777815501 305.208464463552 302.966475486755 300.923864046733 300.941427548726 298.339148362478 293.49422454834 288.998862107595 284.461537996928 283.418496449788 278.00985177358 279.765665531158 283.973495165507 286.268909772237 284.701228141785 281.141757965088 279.862940311432 276.07403198878 279.163241386414 279.017388820648 280.003348986308 284.213582674662 288.444677988688 291.701376438141 290.650884310404 281.281729539235 278.752684593201 271.944423516591 263.176421324412 259.698510169983 264.344414075216 265.042781829834 253.111282984416 242.346664269765 245.199342568715 244.115710258484 238.434274991353 236.520032087962 241.3330078125
290.576875209808 292.916556199392 295.257925987244 299.603621164958 298.521359761556 298.173844814301 303.966621557872 306.47474527359 304.173370202382 302.419066429138 302.289644877116 299.58963394165 297.005812327067 292.329668998718 290.828506151835 291.9020652771 286.414841810862 281.926035881042 281.944314638774 287.003775437673 287.158926328023 286.497175693512 282.886405785878 280.942221482595 276.867012182872 281.548698743184 283.74042113622 283.766150474548 286.886215209961 291.748305161794 295.645594596863 293.762524922689 286.247571309408 279.317100842794 268.667260805766 259.025673071543 258.463144302368 263.922274112701 259.634077548981 243.125279744466 238.228360811869 249.582231044769 249.992072582245 242.110311985016 239.172716935476 234.659433364868
290.17448425293 297.264039516449 296.700199445089 298.053542772929 297.47215906779 296.943763891856 298.715054988861 301.690836747487 301.630814870199 303.376396497091 300.774415334066 300.584435462952 297.422667344411 293.826162815094 290.796498457591 295.123676458995 290.931900342305 281.162679195404 280.792355537415 284.138143062592 284.564932187398 282.580316066742 280.097424983978 278.592526912689 273.63379796346 274.577995141347 280.254999796549 280.456185340881 281.72492980957 286.308407783508 292.364080746969 293.186863263448 281.740705172221 266.254186630249 234.523912270864 224.930842717489 240.923841794332 254.821419715881 257.267673810323 255.843857924143 259.619732697805 258.293569087982 240.66307147344 234.299699465434 243.322451909383 231.829722722371
289.218207200368 287.073075771332 287.554045518239 289.807379245758 293.208340803782 295.241475105286 293.839732805888 299.090286095937 297.616104284922 300.727109114329 300.188581148783 300.164481004079 300.217191378276 294.828693072001 289.725581804911 290.980497996012 291.08734925588 281.156500180562 276.305476824443 276.305397351583 277.753571669261 277.985771497091 277.602295080821 272.143105665843 272.277613480886 269.420464833577 270.270764827728 270.642399787903 270.115276177724 271.164298057556 275.623321533203 277.748783429464 261.018455028534 233.875672022502 203.580419222514 189.19297059377 202.671925226847 230.003714561462 254.03219461441 256.104648113251 257.642229398092 248.053352038066 230.963250001272 231.524387995402 237.456520398458 211.903313795725
292.178730169932 284.20356909434 279.161989688873 282.487452030182 290.873805681864 296.147187550863 295.498649279277 297.329783439636 297.7627714475 296.122868855794 297.037442525228 299.217184384664 301.08638604482 298.058291276296 291.534006595612 289.30938243866 289.783696333567 282.803595066071 278.34145228068 279.490828514099 278.367261091868 274.993896484375 275.38134654363 271.342853705088 269.982020060221 268.275320529938 267.434000968933 267.355879147847 265.794038772583 262.209177017212 255.363245805105 251.933296521505 234.437028566996 211.069464683533 198.655724525452 187.979161739349 176.128427187602 186.351994673411 205.993056297302 232.325434684753 244.433542092641 234.589278697968 228.387792905172 228.585441907247 218.813161055247 199.593583742777
292.053898175557 285.841206709544 280.681133270264 282.233496507009 290.750503540039 296.312769254049 298.97536834081 295.665303866069 298.882643381755 296.118319034576 297.405660152435 299.01913801829 299.12668466568 298.523386319478 293.665846188863 292.345782121023 291.814386844635 286.377688248952 281.259477138519 282.551030317942 282.45888153712 280.584375063578 277.790904045105 276.04877948761 272.245685259501 271.201352278392 269.071300824483 266.538361708323 262.858271598816 257.846136887868 247.864862283071 243.749896685282 226.947148640951 216.799179712931 219.110031922658 217.337230841319 202.186087767283 188.522358735402 179.827590783437 192.066093285879 215.830326080322 208.27571551005 200.777570406596 194.916884104411 191.219468911489 189.650058746338
293.62020889918 291.745821634928 284.855723381042 279.708484808604 283.880293369293 294.590731461843 296.224594116211 295.615474383036 294.983168443044 296.385228633881 300.793389479319 300.368825594584 300.249894460042 299.222946166992 296.1771885554 294.379353523254 294.119576613108 288.792133331299 285.322546958923 283.416330814362 281.733095645905 279.548366864522 278.948823610942 281.414151191711 277.286847432454 275.025109450022 269.963383674622 262.713313102722 256.20049238205 252.369999885559 250.175654888153 245.683431625366 234.223484992981 233.316242694855 238.848984241486 244.395554065704 248.474876085917 238.03182442983 220.354934533437 187.303324540456 190.558016300201 199.660281340281 197.401662667592 191.163122653961 195.441603660583 206.750849882762
295.458833376567 293.253540992737 290.515998999278 282.784402370453 279.838025569916 290.798723697662 294.835150241852 294.050276279449 292.613863945007 295.438329378764 302.143851915995 301.912109057109 298.288345336914 299.852887789408 297.099073727926 291.644930839539 294.618129730225 289.689759413401 285.051544507345 285.787582397461 284.23543771108 282.510956128438 281.118929386139 277.067343393962 274.870355923971 271.26810948054 255.112608273824 234.713534514109 228.367547194163 234.389285246531 242.47928460439 240.173935890198 233.318964640299 232.348740100861 242.558797200521 255.67368666331 269.384165604909 274.336218833923 266.020039717356 225.126266479492 196.022570133209 205.124338467916 216.894646485647 225.511332352956 233.349104722341 241.107483704885
293.666203816732 291.450917720795 290.468752384186 286.332706610362 281.449993451436 285.011827945709 294.443567593892 294.605573018392 292.119761308034 292.534987131755 298.611481984456 301.486531893412 297.103027502696 298.238853613536 298.382798830668 290.826916694641 292.511582374573 289.202213287354 285.596966743469 285.696764787038 287.522991498311 286.130845546722 281.935254732768 276.383558909098 275.538067022959 273.055990537008 257.654229799906 236.925939718882 235.170841217041 241.034865379333 247.86913394928 245.007514953613 242.639164129893 245.776573816935 257.601916790009 265.374203523 269.343058268229 243.785798549652 215.751190980275 214.488883813222 221.632778644562 234.248518943787 231.28072420756 220.678289731344 216.982881228129 230.022847652435
285.348892211914 288.653314113617 288.188576698303 286.379277706146 283.665438493093 280.884643395742 293.554345766703 296.540935834249 291.471918423971 290.592610836029 295.694351196289 300.359785556793 298.01607131958 295.19913593928 295.196652412415 291.468302408854 286.990582942963 288.608014583588 287.241240342458 287.799159685771 287.96907265981 284.514526526133 282.722373803457 277.278323968252 276.281992594401 278.672417004903 272.808174292247 268.74848206838 266.555825869242 266.394416491191 259.636739889781 253.272811571757 255.762537320455 257.491012414296 252.00355052948 239.02694384257 216.281950473785 176.384548346202 158.0644150575 194.58536307017 233.980039755503 242.300311724345 225.717504819234 216.708540916443 221.643169720968 233.482678731283
274.96204773585 284.799059232076 286.127467950185 284.001767635345 285.10316212972 280.463178952535 287.730117638906 295.540908972422 296.764890352885 293.58297586441 295.118272304535 296.721259752909 298.125386238098 294.157385826111 294.555385907491 292.144258817037 286.566297213237 286.056399345398 283.116459846497 281.334598859151 282.644371191661 281.447410583496 280.290643374125 278.343955675761 278.789738814036 284.186581770579 290.257771809896 292.276322841644 276.8647869428 268.814186255137 261.138677597046 251.807610193888 249.474287033081 233.146746953328 203.727185726166 179.28272485733 167.57611433665 154.866427183151 144.473046064377 162.646770477295 190.379559993744 216.423710187276 226.216197013855 242.136518160502 270.419597625732 276.765922705332
