input/barkrak2/radiation/dir13824.grid
NCOLS 85 
NROWS 70 
XLLCORNER 665100 
YLLCORNER 4664600 
CELLSIZE 20 
NODATA_value -9999 
[rows 0 to 19 of 70, columns 0 to 45 of 85]
337.715069452922023 342.493216196696 344.4797595342 343.81381670634 340.207695960999 335.003058115641 327.58229970932 321.29834095637 325.609147548676 324.822942415873 322.162946065267 328.935205936432 334.247549374898 333.074887593587 335.666497548421 340.5735095342 337.674140930176 331.528067588806 325.985848903656 313.890675703685 294.679741064707 292.765935262044 311.307072639465 318.64058971405 316.429257392883 316.230038801829 314.154048760732 303.738653659821 285.781701405843 279.773195584615 277.898569901784 285.280426343282 299.41596587499 304.324527581533 309.375862280528 301.230172316233 299.544592698415 309.266885121663 305.978457132975 305.81388870875 297.305842240651 281.368951002757 290.694832801819 310.11704603831 316.038290659587 308.667222658793
328.560888767242 334.615151087443 333.917856216431 336.482206980387 338.258941968282 336.351633071899 328.266739845276 319.346646467845 323.011040687561 324.620187282562 319.5454676946 324.801246325175 331.822077433268 332.438111305237 332.238932450612 335.00874042511 333.725730578105 331.741869449615 330.823004245758 320.917288462321 308.202167352041 303.799529870351 310.998241106669 316.628177960714 315.851012865702 314.021150271098 311.747292677561 304.724315802256 289.821028709412 280.219296614329 281.310975551605 293.5924132665 296.163459618886 296.909073988597 308.611830075582 300.286769866943 295.50431172053 296.970884005229 292.631347974141 305.03261089325 303.656220436096 292.724510033925 298.383911450704 315.278212229411 320.436159769694 312.403361002604
296.999931335449 303.569853305817 311.124761899312 314.02321656545 322.107354799906 327.004233996073 329.696754614512 329.476098219554 328.171829382579 325.17550388972 317.924241224925 318.831821282705 327.255924542745 329.896012941996 326.300978660583 329.963684082031 333.492040634155 335.429708162944 334.005037943522 328.860402107239 326.693753401438 320.413788159688 314.205745855967 313.843607902527 315.559506416321 316.114962100983 310.353815555573 303.251147270203 291.70157512029 280.47905365626 280.057271321615 294.802923997243 284.638126691182 291.467229525248 304.896394411723 299.186229705811 286.193092664083 280.153711636861 291.179021199544 305.804530779521 306.541879971822 306.015292803446 306.518296400706 318.825880686442 327.488740285238 318.520188331604
280.513882637024 279.768824577332 282.094379266103 286.566734313965 294.101774692535 298.972487449646 302.878757317861 312.191923459371 322.715600331624 328.003466129303 327.179491519928 327.428658803304 329.60722843806 329.955895741781 327.492455641429 323.505719502767 325.563689072927 328.386267026265 331.702609856923 331.447084744771 328.980962435404 326.448957125346 326.382319132487 321.595946947734 320.034881432851 321.51867945989 316.710114479065 308.075547218323 300.341765085856 292.135298252106 283.823867638906 294.609268506368 285.381038983663 291.251083215078 297.157029310862 298.453172047933 292.899012565613 290.061215559642 305.677096048991 315.402289231618 311.622818311055 304.266651471456 300.1908659935 309.193392594655 320.255557696025 320.963323116302
295.802811781565 279.902180035909 268.341759840647 262.364288171132 267.115632692973 279.832621415456 295.802334944407 303.327023983002 310.231963793437 314.795553684235 325.185398260752 332.74914820989 336.244901021322 336.835265159607 335.393706957499 333.494265874227 330.88481426239 325.284600257874 326.811055342356 330.74818054835 329.523781935374 328.629394372304 332.772692044576 328.746219476064 324.743390083313 324.64208205541 320.322573184967 312.194029490153 304.444948832194 299.433827400208 299.335956573486 301.556209723155 295.682648817698 297.541340192159 295.222560564677 298.554360866547 307.291189829508 311.39745314916 318.163514137268 321.803470452627 319.85076268514 312.752882639567 306.526025136312 304.049750169118 309.127589066823 324.340085188548
323.370556036631 306.344032287598 286.225537459056 267.257948716482 258.334835370382 268.079082171122 289.367039998372 302.05492178599 303.853193918864 303.974727789561 311.127563317617 319.753229618073 325.309594472249 328.806201616923 331.39572540919 333.232343196869 330.341219902039 324.242234230042 324.211180210114 327.942411104838 327.838162581126 331.134517987569 336.858749389648 333.757440249125 330.38451274236 329.435030619303 324.335694313049 316.334942976634 307.203988234202 301.379044850667 303.136547406514 301.774859428406 305.896401405334 311.762432257334 305.8988849322 303.152918815613 310.618082682292 316.352625687917 318.668166796366 318.660954634349 319.477399190267 315.622687339783 313.560545444489 312.868555386861 310.821056365967 311.546226342519
335.739572842916 323.0868379275 310.431003570557 295.395215352376 278.721233208974 267.781138420105 273.008445898692 296.846131483714 306.464572747548 312.021474043528 310.155133406321 306.536515553792 303.574244181315 301.000873247782 301.724851131439 312.112132708232 318.059086799622 325.750291347504 330.92075586319 333.045919736226 330.252806345622 327.06614335378 333.503007888794 334.810654322306 333.425521850586 334.604899088542 331.859429677327 325.035671393077 316.05190038681 310.739000638326 308.663467566172 311.107516288757 322.588443756104 326.684415340424 323.740382989248 317.562639713287 316.160400708516 318.526784578959 320.807079474131 324.893752733866 324.136296908061 320.286810398102 317.452371120453 312.88210550944 298.645218213399 291.901310284932
334.924618403117 332.883358001709 328.607976436615 321.396350860596 306.911945343018 282.568395137787 264.22377427419 265.487869580587 293.45703125 311.485230922699 316.182772318522 312.549690405528 306.669433911641 300.191779931386 291.040539741516 293.723523616791 302.850504716237 312.749167283376 325.884501139323 333.827257156372 334.611813227336 330.313205718994 331.50041103363 334.068218866984 333.587408065796 335.528135299683 334.969798723857 331.383546193441 325.759987036387 323.533892631531 322.842717170715 324.397762616475 332.668503125509 335.203568140666 333.129366238912 329.342563947042 324.69230890274 320.434768994649 314.387043317159 317.810912926992 324.626167615255 328.960617383321 330.028374989827 322.978337605794 308.640003204346 294.802625974019
331.410845120748 332.073092460632 331.528762976329 328.706542650859 322.22318649292 309.608618418376 287.814140319824 263.892948627472 274.384657541911 292.588671048482 307.550966739655 312.73361047109 313.160538673401 311.655004819234 305.198093255361 299.409290154775 297.469357649485 300.856014092763 311.017831166585 321.029663085938 329.351464907328 333.069066206614 332.789957523346 330.195804437002 330.949425697327 333.833773930867 334.869186083476 333.256284395854 331.314186255137 333.104411760966 334.514220555623 333.70566368103 335.58714389801 336.752017339071 333.996375401815 332.130531469981 328.929742177327 321.478406588237 308.963557084401 311.133444309235 326.197822888692 332.146485646566 330.498059590658 326.121608416239 317.045589288076 308.166563510895
317.954341570536 323.317170143127 326.170603434245 326.276838779449 324.885944525401 323.884268601735 315.578937530518 303.013483683268 278.432468573252 271.255433559418 283.013919989268 302.048484484355 315.103789170583 320.546825726827 322.260737419128 318.055053551992 308.258434136709 304.863095283508 304.435630639394 306.87818924586 312.823832035065 316.214025020599 320.184290409088 322.660883267721 325.696845849355 328.031480312347 329.702337582906 328.863680362701 328.684012095133 331.970473130544 332.954148451487 333.090722560883 336.354494094849 337.981224060059 336.840788523356 333.069801330566 331.314305464427 327.60630051295 311.081945896149 309.51201915741 323.78884156545 326.470593611399 325.132528940837 322.456260522207 313.91578912735 305.161515871684
283.64622592926 294.192691644033 302.907466888428 309.541503588359 315.413415431976 320.266981919607 322.593053181966 320.996006329854 302.161912123362 282.150268554688 270.317912101746 277.218123277028 298.86249701182 314.954479535421 323.362290859222 317.747592926025 313.282489776611 309.326608975728 303.854823112488 298.761626084646 299.077292283376 299.003660678864 301.157097021739 309.647401173909 316.746274630229 320.738852024078 322.382827599843 322.044312953949 324.731568495433 327.698270479838 329.142729441325 331.262628237406 336.096525192261 337.15029557546 335.932016372681 333.435297012329 333.405415217082 334.011912345886 324.517567952474 316.317756970723 321.535170078278 325.209140777588 325.946748256683 325.510144233704 318.511108557383 310.95031897227
248.549540837606 253.264864285787 260.743379592896 271.336356798808 284.438172976176 297.242959340413 310.570975144704 314.791679382324 315.705974896749 306.899766127268 286.565085252126 269.815345605214 271.835525830587 291.280229886373 309.435526529948 310.699899991353 315.657039483388 314.21019633611 307.990173498789 300.570607185364 294.555465380351 292.253176371257 292.356232802073 299.275139967601 305.075109004974 308.396816253662 310.132185618083 312.483350435893 316.865166028341 319.822152455648 322.583079338074 326.455016930898 330.621520678202 332.021196683248 330.314675966899 330.087184906006 333.680033683777 336.850563685099 335.193037986755 329.204440116882 328.466892242432 330.880125363668 332.915882269541 332.280039787292 326.60303513209 324.221233526866
238.48569393158 234.521528085073 232.413192590078 231.65508111318 238.840460777283 253.841837247213 275.508046150208 293.026010195414 313.933630784353 316.717624664307 309.211154778798 291.226267814636 268.033981323242 266.027788321177 285.809238751729 304.960052172343 315.601030985514 317.177812258403 314.270377159119 308.495263258616 302.195489406586 300.484657287598 300.143361091614 300.851881504059 300.711949666341 299.722234408061 302.96802520752 309.274951616923 311.623215675354 311.978220939636 315.404057502747 319.32121515274 320.999105771383 322.116812070211 322.990298271179 325.147310892741 331.814487775167 336.379686991374 336.308598518372 336.288650830587 335.652987162272 335.404952367147 334.813833236694 334.374189376831 328.558961550395 326.061526934306
233.249644438426 207.522392272949 191.363275051117 185.991744200389 183.410922686259 189.540485541026 207.912604014079 240.53688844045 274.690568447113 302.422841389974 314.09760316213 314.476708571116 302.441815535227 280.628879865011 278.39587132136 299.245297908783 310.506383577983 318.709890047709 322.564800580343 320.520440737406 313.470005989075 311.085899670919 308.799048264821 308.703422546387 307.189683119456 305.271844069163 307.900389035543 313.767552375793 312.878866990407 308.757682641347 312.880992889404 315.900266170502 317.348380883535 317.668318748474 319.700042406718 324.238657951355 327.346523602804 330.163995424906 331.142365932465 330.746650695801 332.30072259903 334.215402603149 335.87638537089 334.735592206319 329.95617389679 327.081779638926
216.817935307821 180.179198582967 159.425556659698 155.171980460485 154.872477054596 158.848305543264 167.439182599386 193.467100461324 218.882779280345 265.090942382812 308.356801668803 326.160311698914 328.469375769297 316.97537501653 298.109114170074 294.661521911621 299.26343758901 310.663898785909 320.909818013509 325.039128462474 324.160357316335 320.530633131663 319.181164105733 317.203879356384 314.100941022237 312.586724758148 315.086623032888 315.764745076497 310.929576555888 308.282275994619 311.846295992533 315.223495165507 314.61375951767 314.736425876617 317.305127779643 319.949726263682 320.257465044657 319.630742073059 321.698884169261 320.881207784017 324.289759000142 328.557074069977 331.434985001882 330.741206804911 327.820082505544 326.966285705566
184.607009092967 158.042331536611 137.475232283274 135.176340738932 151.083658138911 173.247257868449 174.268285433451 179.89844083786 201.296985149384 229.616701602936 277.915438016256 322.409907976786 334.684769312541 333.394249280294 322.876413663228 300.600111484528 292.131801446279 294.189830621084 307.32387304306 322.863062222799 328.269481658936 325.130422910055 326.038459936778 322.623252868652 317.903319994609 318.082710107168 320.671200752258 317.226151625315 312.073131402334 314.46361541748 316.232562065125 315.823833147685 313.909153143565 312.321345011393 312.852601210276 312.410096327464 310.139656066895 307.258288065592 309.114515781403 310.4048371315 312.913795312246 316.794037818909 318.629860877991 318.957587083181 322.413603464762 325.030604998271
163.173884153366 152.767072121302 135.528902212779 126.866598924001 131.729443868001 155.81742922465 175.477166970571 181.329846382141 195.470551649729 209.641615549723 232.939918835958 283.240477244059 328.116357326508 332.880437374115 330.171803633372 324.084222316742 315.820495287577 304.638167222341 296.957532564799 305.810074011485 321.722229321798 327.193796634674 329.18777068456 326.466043790181 322.070876757304 323.006212711334 326.175272464752 323.131302992503 319.361309210459 323.28192392985 323.563992977142 316.540400187174 312.63796488444 309.487700462341 306.154469648997 305.325130621592 302.214582761129 301.307797431946 300.699710845947 303.196946779887 305.315613746643 307.553549607595 308.554132779439 310.434440771739 320.250034332275 324.801484743754
155.033399661382 157.392551501592 151.73617998759 138.49475979805 122.531354427338 136.707484722137 165.820231040319 183.754245440165 203.122595945994 213.877737522125 223.141173521678 250.007311503092 293.826321760813 326.908151308695 332.528789838155 334.128300348918 332.86323149999 324.83979066213 311.323444048564 298.921704292297 307.556211948395 323.942343393962 326.131224632263 325.473209222158 325.768828392029 329.49568827947 332.078039646149 330.383578936259 327.386379241943 328.845977783203 325.464129447937 318.3274269104 313.967764377594 309.507807095846 305.227657159169 302.322586377462 300.627509752909 300.854742527008 300.844232241313 302.396674950918 303.464849789937 304.800629615784 304.873108863831 306.886573632558 314.793864885966 322.55224386851
163.064022858938 173.323074976603 179.312427838643 167.488356431325 146.830558776855 147.605230410894 169.744114081065 188.983798027039 208.657066027323 229.604423046112 237.125158309937 246.289332707723 270.460247993469 293.858170509338 325.074474016825 331.984798113505 332.834124565125 331.94100856781 328.652799129486 317.298312981923 303.337216377258 313.363909721375 317.947189013163 323.338389396667 329.058448473612 333.366473515828 335.19721031189 334.201733271281 329.794665177663 328.931589921315 324.085354804993 319.413304328918 314.785381158193 310.210506121318 307.466864585876 304.306626319885 303.99231115977 301.055053869883 300.472617149353 302.941640218099 306.205809116364 306.385477383931 306.031286716461 308.429618676503 308.562755584717 318.012714385986
174.511432647705 179.303050041199 193.048755327861 202.915112177531 190.280834833781 167.582710584005 167.782227198283 179.125865300496 198.62025976181 222.989539305369 237.560987472534 239.032904307048 250.520825386047 263.184010982513 281.43850962321 312.914888064067 326.227823893229 327.513476212819 327.902436256409 327.341934045156 321.950117746989 312.704086303711 313.528577486674 318.989952405294 326.140244801839 331.575671831767 335.110267003377 333.759705225627 327.743113040924 327.105939388275 323.02463054657 317.352970441182 313.070038954417 311.188379923503 309.027453263601 306.624213854472 303.849577903748 297.881821791331 296.578367551168 302.355666955312 307.308475176493 308.697382609049 309.589008490245 309.395054976145 307.499786218007 313.397129376729
