input/barkrak2/radiation/dir19324.grid
NCOLS 85 
NROWS 70 
XLLCORNER 665100 
YLLCORNER 4664600 
CELLSIZE 20 
NODATA_value -9999 
[rows 0 to 19 of 70, columns 0 to 45 of 85]
348.938783009846986 351.824045181274 351.549069086711 347.663323084513 342.398405075073 337.299426396688 329.440156618754 323.256929715474 328.193823496501 326.972266038259 323.867539564768 331.750432650248 338.156819343567 338.018894195557 341.057658195496 350.842197736104 352.69836584727 345.19636631012 332.714915275574 322.611709435781 300.651967525482 295.764168103536 312.347133954366 318.744778633118 316.071768601735 313.908159732819 312.766075134277 305.102447668711 286.458432674408 279.249568780263 277.822017669678 283.004323641459 292.590240637461 298.145572344462 305.281221866608 297.707140445709 294.642885526021 303.025841712952 300.901790459951 303.137262662252 292.97403494517 274.186452229818 284.727454185486 308.3309729894 313.431362311045 304.893712202708
342.296242713928 348.04634253184 348.086595535278 347.837011019389 345.953981081645 341.881553332011 331.18337392807 320.793847242991 323.852757612864 325.403471787771 320.292373498281 326.542496681213 334.974368413289 335.660537083944 334.854046503703 338.55414390564 340.688983599345 338.367700576782 336.552460988363 328.331212202708 313.659727573395 305.247267087301 310.09429693222 315.176606178284 313.653349876404 310.564577579498 309.793730576833 303.857107957204 289.69927628835 279.522518316905 280.765275160472 290.375292301178 289.137899875641 293.14927260081 304.050008455912 296.16908232371 289.642612139384 291.171034177144 286.548833052317 301.866888999939 298.900226751963 287.109971046448 293.878753980001 313.513060410817 319.180905818939 308.142721652985
322.965562343597 322.14218378067 327.202439308167 332.855761051178 337.800145149231 338.217576344808 337.884664535522 334.53905582428 331.08389377594 328.04149389267 319.778164227804 320.17703851064 328.420996665955 330.24521668752 326.499203840892 329.898138840993 333.391467730204 338.208119074504 340.301950772603 335.792978604635 331.074933211009 321.533421675364 313.767850399017 312.499304612478 313.728849093119 313.370605309804 308.866143226624 302.30575799942 291.201690832774 279.283364613851 277.138193448385 289.608200391134 277.193347613017 284.604330857595 298.821767171224 293.474078178406 278.477887312571 271.014332771301 283.182938893636 301.754792531331 303.132275740306 303.091744581858 305.192351341248 319.150487581889 329.022208849589 315.138558546702
305.355926354726 303.097605705261 307.887295881907 310.064891974131 308.007657527924 311.636090278625 316.063344478607 323.895871639252 331.649402777354 335.495471954346 332.285304864248 330.058058102926 330.615639686584 330.28789361318 326.578875382741 320.528407891591 323.069314161936 328.69694630305 334.819396336873 336.270252863566 334.220091501872 331.265648206075 329.644560813904 323.177913824717 321.256677309672 322.335561116536 317.074875036875 307.987252871195 299.572885036469 290.426055590312 280.835688114166 288.519541422526 277.531743049622 283.853491147359 290.482421716054 291.6592558225 285.196721553802 282.023469607035 300.473908583323 313.426812489827 310.144046942393 302.663008371989 299.066166083018 307.189623514811 318.797846635183 319.676518440247
320.076942443848 305.262625217438 294.434229532878 280.304650465647 283.663948376973 295.465211073558 310.049951076508 316.738883654277 322.788914044698 325.690468152364 333.992719650269 338.613629341125 339.999516805013 340.0799036026 337.472677230835 334.092378616333 331.625501314799 327.394704023997 330.036580562592 334.300955136617 333.735426266988 334.04008547465 336.975534756978 331.908424695333 327.022433280945 326.232850551605 321.381052335103 312.588254610697 304.015060265859 298.583288987478 297.20135529836 295.616567134857 289.093812306722 291.02881749471 288.523415724436 292.294541994731 301.753004391988 307.217796643575 316.562136014303 321.6659228007 319.27756468455 311.727325121562 304.272393385569 300.448894500732 305.585324764252 325.107455253601
342.02253818512 326.701680819194 302.958011627197 283.888141314189 276.87394618988 284.401098887126 304.34771378835 314.801116784414 317.167401313782 317.355593045553 323.661128679911 331.00958665212 334.487517674764 337.257941563924 339.777151743571 340.44353167216 336.861292521159 329.501668612162 328.252375125885 331.578413645426 331.179261207581 334.38245455424 339.442014694214 336.769819259644 332.993865013123 331.669747829437 325.686891873678 316.684285799662 306.465566158295 299.731413523356 299.642205238342 296.457608540853 300.839304924011 306.405703226725 300.751725832621 298.173169294993 306.335707505544 313.670953114827 317.580223083496 317.90151198705 318.835059801737 314.970970153809 312.134464581807 311.398406823476 309.835533301036 314.774036407471
345.226685206095 336.121559143066 325.617790222168 311.318814754486 296.071588993073 285.835047562917 288.973271846771 311.184207598368 319.764673709869 324.639757474263 321.963310241699 318.815032641093 316.205183664958 313.884357611338 315.412898858388 324.507296085358 329.921503861745 334.41162109375 336.600422859192 336.841424306234 332.893371582031 329.041639963786 336.182634035746 338.462591171265 336.544950803121 337.453603744507 333.5147301356 326.264162858327 316.133916378021 309.269487857819 304.907997449239 305.887639522552 319.916923840841 325.175225734711 322.312196095784 315.857529640198 314.397275447845 318.015853563945 321.214000384013 326.594134171804 326.592167218526 322.474439938863 318.607131640116 312.299311161041 297.901848951976 291.453580061595
341.872294743856 341.628034909566 339.856505393982 333.931525548299 319.487671057383 298.113246758779 280.725797017415 280.903220176697 307.172576586405 324.434498945872 327.491879463196 324.977358182271 319.859087467194 314.221501350403 306.018471717834 307.2216908137 315.5544201533 325.003822644552 335.720141728719 341.219663619995 339.481274286906 333.495656649272 333.667874336243 336.998780568441 337.14771270752 339.425563812256 338.631987571716 334.418257077535 327.899078528086 324.006915092468 321.499705314636 322.588384151459 331.935922304789 334.752122561137 334.300478299459 330.628454685211 325.24432738622 321.335951487223 315.541048844655 321.541428565979 329.207678635915 332.948942979177 331.909080346425 322.793006896973 306.764284769694 291.346490383148
339.189012845357 339.907924334208 339.905341466268 338.229576746623 333.354473114014 322.996079921722 302.142878373464 280.910770098368 288.630803426107 307.343602180481 321.00522518158 325.190126895905 325.30943552653 324.086626370748 317.948619524638 313.575466473897 311.83793147405 314.886728922526 322.627822558085 332.189718882243 338.783423105876 340.541243553162 338.452895482381 335.936069488525 336.481253306071 339.724580446879 340.207775433858 338.294585545858 335.917592048645 336.582938830058 337.120016415914 336.189985275269 338.704029719035 340.099970499674 337.074677149455 335.315187772115 331.866681575775 323.86980454127 310.595035552979 313.505113124847 328.480621178945 332.267284393311 329.766015211741 325.395901997884 316.370864709218 306.974311669668
329.245090484619 333.545804023743 335.538665453593 335.653066635132 334.619045257568 334.625879923503 329.005777835846 317.060848077138 294.307808081309 286.322593688965 297.686537106832 315.340479214986 327.381193637848 331.638435522715 333.361864089966 330.118497212728 321.6659228007 318.687876065572 318.281769752502 319.189290205638 324.593484401703 328.21253935496 330.381711324056 331.953247388204 334.229389826457 336.368242899577 338.050127029419 337.363799413045 336.321234703064 338.822364807129 339.684923489888 339.185476303101 341.611822446187 343.289852142334 341.429233551025 337.554057439168 335.843722025553 331.362664699554 313.37442000707 309.864640235901 323.207894961039 325.20204782486 323.438366254171 321.282009283702 313.072462876638 303.693572680155
299.6812860171 309.220095475515 316.845258076986 322.449564933777 326.925277709961 331.004738807678 333.245654900869 332.172115643819 316.449066003164 298.05717865626 286.99525197347 293.57655843099 313.511153062185 328.083237012227 334.789037704468 330.246567726135 326.669633388519 322.627226511637 317.786693572998 314.261158307393 313.306927680969 313.219646612803 314.979275067647 322.232286135356 327.962458133698 331.527511278788 333.137293656667 332.624495029449 334.543585777283 336.994528770447 338.074326515198 339.866876602173 343.074242273966 344.382047653198 342.201550801595 339.786092440287 338.916977246602 338.734825452169 327.428301175435 315.732757250468 319.885611534119 323.650618394216 325.289845466614 324.631174405416 317.349433898926 308.672785758972
267.947773138682 272.376577059428 278.526365756989 288.393716017405 300.450543562571 311.307430267334 323.881367842356 327.528417110443 327.652076880137 319.946448008219 302.334725856781 288.043081760406 288.39107354482 306.583185990651 323.402921358744 323.947012424469 328.494330247243 327.597975730896 322.439948717753 314.877927303314 310.375213623047 308.058321475983 308.130939801534 314.37885761261 319.243311882019 321.768661340078 322.558879852295 325.050254662832 328.756769498189 331.230521202087 333.498915036519 336.995363235474 339.839299519857 340.834061304728 339.608510335286 338.847398757935 341.025153795878 342.086672782898 339.314858118693 330.391565958659 328.327973683675 331.37321472168 334.168910980225 334.02148882548 327.82248655955 325.274089972178
257.725358009338 253.04239988327 251.032153765361 251.051624615987 257.90003935496 272.10533618927 292.364001274109 308.436493078868 327.008922894796 329.264005025228 322.835405667623 307.736019293467 286.39284769694 284.510453542074 301.66494846344 319.604972998301 328.732371330261 329.954147338867 327.621499697367 322.86004225413 317.313611507416 315.468827883403 315.16828139623 315.834522247314 315.424005190531 314.271608988444 317.219734191895 322.076102097829 324.070612589518 324.947873751322 327.894469102224 331.404010454814 333.125491937002 333.137293656667 333.6155017217 335.94822883606 341.462214787801 343.471686045329 342.861215273539 341.960986455282 340.046167373657 339.481512705485 338.437914848328 337.82966931661 332.172453403473 329.221983750661
252.690196037292 228.049496809642 212.447027365367 207.259317239126 204.734047253927 210.589746634165 229.433953762054 260.645667711894 292.772650718689 317.603051662445 326.650460561117 327.170014381409 316.966851552327 298.002044359843 295.988500118256 315.028230349223 324.690441290538 331.348796685537 334.377527236938 332.903186480204 327.088077863057 324.922402699788 322.947720686595 322.062114874522 321.154534816742 319.25223271052 321.826040744781 326.911707719167 325.149218241374 321.648240089417 325.354854265849 328.665316104889 330.097456773122 330.420434474945 331.067820390065 334.882020950317 338.398059209188 340.471943219503 339.89946047465 339.959383010864 340.687354405721 341.757575670878 341.694593429565 340.05872408549 335.145235061646 330.94576994578
236.887633800507 202.834586302439 181.4204454422 177.360415458679 177.07629998525 181.881447633108 190.077225367228 214.889228343964 239.308893680573 283.857663472493 323.246121406555 337.796648343404 338.989575703939 330.555160840352 313.956161340078 310.84817647934 315.055966377258 324.048240979513 333.353797594706 336.181362469991 335.653106371562 332.754611968994 331.752181053162 329.429745674133 326.533277829488 325.073500474294 327.573776245117 328.768730163574 323.809583981832 321.144064267476 324.585755666097 327.519694964091 327.790141105652 327.987452348073 330.153147379557 331.441462039948 332.694013913472 332.106331984202 333.491086959839 332.47983455658 335.262378056844 338.671565055847 339.880704879761 339.201211929321 335.427840550741 333.581288655599
202.681183815002 178.008913993835 161.525666713715 158.53875875473 174.418270587921 194.589614868164 196.294784545898 200.378696123759 219.193021456401 248.589674631755 295.075833797455 335.378090540568 344.46132183075 342.85835425059 334.776798884074 316.258549690247 308.630029360453 310.496171315511 321.083505948385 335.14126141866 338.902711868286 336.240847905477 337.171316146851 334.546486536662 329.695284366608 329.776406288147 332.282702128092 329.851110776265 324.645042419434 327.088991800944 329.287429650625 328.939378261566 326.427896817525 325.956543286641 326.390643914541 326.00740591685 323.981960614522 321.443776289622 322.883407274882 323.905408382416 326.044301191966 329.363226890564 329.800446828206 329.856932163239 332.409222920736 334.272424379985
178.079028924306 168.822089831034 159.023553133011 150.674343109131 155.386020739873 178.339978059133 197.498659292857 201.430976390839 214.363892873128 228.093286355337 250.561098257701 300.926645596822 340.057134628296 342.345873514811 339.594125747681 335.549434026082 329.625487327576 319.835563500722 312.897106011709 319.667021433512 333.431164423625 337.860782941182 339.433670043945 337.210575739543 333.594719568888 334.53361193339 336.782375971476 334.102074305216 330.764512221018 334.430615107218 335.266908009847 329.354643821716 326.070467631022 323.422650496165 320.496618747711 319.741129875183 317.082345485687 315.236727396647 315.510392189026 317.668318748474 318.577249844869 320.557375748952 322.281877199809 322.818477948507 330.896278222402 334.376176198324
170.013467470805 173.381050427755 173.197607199351 161.403119564056 146.322747071584 155.788789192835 184.491515159607 202.291131019592 220.78283627828 231.471121311188 240.203181902568 266.134281953176 313.275615374247 339.233875274658 341.832200686137 342.976768811544 342.539588610331 337.002038955688 325.757066408793 314.718127250671 321.158607800802 336.138168970744 337.181329727173 335.983157157898 336.21609210968 339.803258577983 342.080434163411 339.7270043691 337.780515352885 338.787198066711 336.120963096619 330.148339271545 326.909343401591 323.376337687174 319.69811518987 316.993335882823 315.610686937968 315.919776757558 314.815878868103 316.193322340647 318.080047766368 318.150838216146 318.202972412109 321.037411689758 326.632380485535 333.009342352549
179.732839266459 190.281828244527 197.849869728088 189.894000689189 168.489972750346 165.993879238764 186.418255170186 206.276257832845 224.70353047053 247.008740901947 253.486295541128 262.504398822784 288.365523020426 319.677352905273 336.88739935557 341.674566268921 342.273354530334 341.694196065267 340.057770411174 330.93669017156 318.688988685608 326.409935951233 330.898761749268 334.958791732788 339.369575182597 342.968900998433 344.481190045675 342.918316523234 338.817636171977 337.969859441121 334.365526835124 330.326557159424 326.931198438009 323.630134264628 321.489493052165 318.813363711039 317.814886569977 316.104789574941 315.522789955139 317.725916703542 319.629510243734 320.669074853261 319.243788719177 321.373820304871 322.571277618408 329.422314961751
193.325877189636 197.914242744446 210.416575272878 224.079688390096 210.954546928406 184.317350387573 184.588770071665 195.721964041392 215.73547522227 238.988399505615 250.985026359558 255.17072280248 267.007231712341 283.045172691345 309.755206108093 334.008057912191 337.30943997701 338.207562764486 338.86988957723 338.793555895487 334.884564081828 326.978047688802 327.562550703685 331.940273443858 337.729573249817 342.017690340678 344.650348027547 342.552582422892 336.831370989482 336.093425750732 332.614461580912 327.688316504161 324.483493963877 323.656360308329 322.630087534587 320.138871669769 318.504174550374 312.368392944336 311.225036780039 317.340592543284 321.768720944722 321.836630503337 323.513726393382 323.498884836833 321.87275091807 326.798597971598
