input/barkrak2/radiation/dir10724.grid
NCOLS 85 
NROWS 70 
XLLCORNER 665100 
YLLCORNER 4664600 
CELLSIZE 20 
NODATA_value -9999 
[rows 40 to 59 of 70, columns 0 to 45 of 85]
256.505946318309 257.711052894592 258.238136768341 259.757260481517 267.839550971985 273.348848025004 277.054369449615 281.210859616597 281.617363293966 268.546998500824 252.791325251261 248.035947481791 247.108777364095 243.348697821299 240.709483623505 239.813367525736 239.941636721293 237.381319204966 232.836822668711 229.323923587799 233.257551987966 240.06458123525 239.196101824443 234.326183795929 231.963793436686 229.584872722626 236.930966377258 239.433904488881 244.82117096583 243.007302284241 243.748784065247 246.01670106252 236.016750335693 238.734205563863 266.339004039764 266.018072764079 253.682096799215 247.472663720449 250.013252099355 252.699176470439 265.461464722951 289.804617563883 272.068778673808 201.615075270335 133.859445651372 98.0731646219889
263.908127943675 261.694093545278 261.278510093689 261.173744996389 258.120318253835 256.370544433594 254.553774992625 255.096892515818 259.853800137838 251.384675502777 243.210752805074 243.731697400411 247.332751750946 245.07866303126 243.818600972493 238.856593767802 235.045631726583 241.578757762909 240.827679634094 236.271282037099 233.759661515554 236.483534177144 236.775855223338 234.436631202698 234.551608562469 230.908652146657 235.72717110316 239.00830745697 240.275065104167 242.879907290141 243.600885073344 243.823866049449 238.512794176737 250.431577364604 263.396620750427 253.437340259552 235.687116781871 229.61417833964 232.447822888692 242.863357067108 271.89302444458 286.02530558904 278.54057153066 239.564617474874 174.377938111623 127.846270799637
266.93191130956 264.51567808787 267.165859540304 266.064862410227 259.227335453033 255.658229192098 252.788046995799 250.07971127828 250.414848327637 245.515068372091 243.956406911214 242.132425308228 243.294437726339 248.910427093506 244.00136868159 243.336141109467 235.669871171316 243.533194065094 242.731034755707 234.512209892273 233.380734920502 231.786330540975 227.931181589762 228.831946849823 234.575072924296 230.546673138936 226.893444856008 232.398927211761 236.55754327774 238.769332567851 239.17289574941 238.362828890483 240.748842557271 255.746146043142 260.404686133067 238.52676153183 221.661547819773 223.313053448995 232.850988705953 246.779402097066 257.566650708516 257.952233155568 246.58856789271 227.730810642242 183.781266212463 124.253541231155
251.482943693797 254.802366097768 262.638449668884 259.609957536062 261.084278424581 262.390693028768 261.65517171224 257.750471433004 245.753904183706 243.458072344462 248.001615206401 239.638825257619 241.944988568624 243.004381656647 242.510100205739 240.44930934906 240.140616893768 243.122239907583 242.664992809296 236.20214064916 230.096677939097 229.446729024251 226.34083032608 224.59344069163 228.777686754862 230.090856552124 226.310054461161 228.374679883321 232.916037241618 234.333535035451 232.312202453613 228.218634923299 237.29282617569 248.437742392222 245.754361152649 223.586996396383 217.926263809204 229.499737421672 243.798593680064 247.327049573263 243.540068467458 239.715158939362 230.850736300151 211.651206016541 178.777774175008 131.058543920517
248.992482821147 255.086104075114 257.040679454803 257.043262322744 256.542205810547 258.909543355306 260.392844676971 254.88809744517 250.59978167216 244.949460029602 246.732393900553 242.635846138 237.594147523244 237.183769543966 236.062010129293 236.650307973226 231.590092182159 237.345417340597 240.236540635427 236.685991287231 231.756985187531 231.517752011617 227.912048498789 229.032556215922 225.69614648819 235.918263594309 236.20480298996 233.07474454244 234.144647916158 232.211927572886 226.571202278137 222.593526045481 228.1214594841 229.34498389562 226.570149262746 218.138496081034 222.025573253632 237.204273541768 248.028973738352 241.438647111257 241.460978984833 232.998609542847 222.218871116638 207.004984219869 183.353781700134 149.340927600861
251.961966355642 257.472614447276 254.227677981059 256.458957990011 255.35774230957 254.313985506694 255.881667137146 254.733920097351 254.381060600281 250.068704287211 249.128142992655 246.822814146678 240.961194038391 235.607167085012 235.156039396922 237.449288368225 231.566707293193 233.416616916656 240.079681078593 235.66863934199 234.23159122467 233.162840207418 232.847094535828 232.694745063782 232.713977495829 231.833557287852 238.097329934438 236.177563667297 235.386947790782 233.246147632599 227.591951688131 223.0277856191 224.263846874237 220.1060851415 211.051901181539 205.421249071757 213.924427827199 232.116421063741 236.42643292745 224.348346392314 229.12190357844 221.307635307312 213.850100835164 213.612596193949 207.367837429047 176.038165887197
251.319567362467 253.204941749573 256.088932355245 257.139424482981 257.202386856079 255.726436773936 257.514178752899 259.273807207743 254.920919736226 251.853108406067 250.597417354584 249.910434087118 245.116929213206 240.839898586273 240.329623222351 242.563366889954 238.055725892385 233.175138632456 238.934814929962 237.222234408061 233.682016531626 235.679785410563 233.539481957754 231.056114037832 235.730449358622 231.679876645406 232.5080037117 234.175364176432 233.382046222687 233.67981115977 230.559289455414 226.480185985565 223.142365614573 218.71147553126 212.423026561737 206.50714635849 212.493022282918 224.481701850891 224.557320276896 223.088939984639 225.279609362284 216.521581013997 218.215743700663 226.995090643565 226.4697154363 197.40879535675
245.89478969574 246.922254562378 252.496600151062 254.726469516754 256.963888804118 258.113086223602 254.947781562805 255.300919214884 255.341529846191 255.327800909678 252.489666144053 247.864663600922 245.013813177745 245.052258173625 240.650236606598 240.698953469594 238.32635084788 228.969852129618 235.692997773488 236.976206302643 232.963999112447 234.444797039032 235.804597536723 227.237582206726 230.39189974467 232.357700665792 227.218667666117 230.575998624166 232.570767402649 232.455412546794 231.799721717834 229.950328667959 223.459819952647 223.462224006653 227.44882106781 222.895741462708 221.291999022166 221.058626969655 224.525113900503 234.739144643148 227.536956469218 218.371907869975 224.286377429962 229.220151901245 224.785288174947 206.966280937195
237.428625424703 240.490814050039 246.36165301005 249.078631401062 254.997789859772 257.178684075673 254.812896251678 253.156443436941 254.548966884613 256.215035915375 253.452181816101 249.821662902832 246.29537264506 247.188766797384 243.010600407918 239.230672518412 237.258712450663 229.296008745829 232.532103856405 238.591055075328 236.874838670095 237.168947855632 237.805505593618 232.685347398122 230.025013287862 233.515242735545 231.383860111237 234.152535597483 239.182392756144 242.902874946594 245.891849199931 244.562149047852 234.720329443614 236.038744449615 237.98147837321 233.629524707794 232.580780982971 229.566176732381 229.786614576975 233.565807342529 222.912112871806 215.779980023702 213.713924090068 210.120876630147 208.387712637583 207.650184631348
236.204504966736 233.812272548676 238.766312599182 245.640734831492 251.089711983999 253.463566303253 256.284634272258 258.206268151601 257.140974203746 254.225293795268 254.881223042806 254.797716935476 249.635914961497 247.526367505391 244.446873664856 239.319225152334 238.108356793722 232.321321964264 234.631260236104 241.700987021128 242.317954699198 240.787784258525 239.09737666448 238.224665323893 233.878552913666 237.63906955719 237.84069220225 241.594910621643 247.136374314626 253.179272015889 258.762816588084 257.929603258769 249.024510383606 245.538612206777 240.170141061147 237.715681393941 236.516614754995 238.035440444946 233.731508255005 221.242626508077 210.596223672231 213.181674480438 211.616396903992 205.252210299174 200.550119082133 204.109787940979
237.416942914327 239.422500133514 241.750200589498 247.105042139689 248.876849810282 248.855392138163 256.123840808868 258.992691834768 258.979896704356 258.257389068604 256.420731544495 256.757934888204 251.841147740682 248.137354850769 246.617118517558 248.214105765025 241.655687491099 237.071812152863 237.414260705312 245.486934979757 245.93577782313 242.926398913066 241.21367931366 239.467779795329 234.774470329285 240.560094515483 243.608514467875 244.077026844025 250.611066818237 257.415095965068 263.802806536357 264.853835105896 255.837798118591 247.407893339793 234.805107116699 229.291558265686 232.949137687683 240.047971407572 232.584059238434 212.183117866516 205.687304337819 216.932733853658 217.758695284526 211.169421672821 205.166339874268 195.923149585724
235.60909430186 245.109220345815 247.321645418803 249.271929264069 249.132335186005 247.011303901672 253.472367922465 257.397611935933 257.308959960938 261.222362518311 258.237977822622 256.354133288066 254.34289375941 248.13057978948 246.703942616781 252.155363559723 247.019529342651 239.026268323263 236.158788204193 239.928225676219 242.713232835134 240.700503190358 238.309144973755 234.218676884969 233.77001285553 232.938905556997 239.489495754242 240.106145540873 242.020706335704 248.136659463247 256.71382745107 262.146592140198 249.810099601746 232.068339983622 200.031479199727 190.090497334798 208.655099074046 227.357566356659 233.130574226379 230.827550093333 231.102248032888 226.527333259583 207.332074642181 201.640089352926 209.696491559347 196.199377377828
236.618379751841 235.714793205261 234.813332557678 239.422003428141 246.75186475118 250.68465868632 249.212821324666 254.109819730123 254.06006971995 256.23752673467 257.503350575765 259.408930937449 257.813195387522 251.436173915863 247.815291086833 247.081677118937 249.47057167689 238.77888917923 233.321309089661 233.104507128398 234.609405199687 235.293169816335 235.276182492574 231.481909751892 229.872425397237 226.849337418874 230.436444282532 228.877445062002 228.624522686005 232.669115066528 238.20424079895 244.227806727091 227.086047331492 196.939726670583 165.895034869512 151.10699335734 163.134594758352 192.860345045725 223.236521085103 229.030986626943 230.330963929494 218.100269635518 199.089169502258 197.704156239827 205.066641171773 186.340769131978
242.034912109375 232.563098271688 229.760766029358 233.772218227386 245.418349901835 252.006411552429 251.22477610906 251.879930496216 254.220247268677 252.484222253164 255.564987659454 256.555557250977 258.910834789276 255.398611227671 249.873379866282 247.367878754934 248.317917188009 240.414122740428 235.455572605133 236.78982257843 237.917224566142 234.500706195831 232.603470484416 228.311101595561 227.189103762309 225.482165813446 224.839091300964 225.050191084544 223.573009173075 217.434783776601 208.228429158529 212.434073289235 196.781118710836 178.419907887777 164.388626813889 148.46150080363 134.87375775973 145.085672537486 166.472375392914 198.258558909098 215.426544348399 201.225280761719 196.807026863098 194.395661354065 183.065215746562 172.576864560445
244.929134845734 237.585306167603 233.281175295512 235.469003518422 245.413581530253 252.254764238993 255.480786164602 251.650452613831 255.59264421463 252.466241518656 256.06902440389 256.305575370789 258.477091789246 258.131146430969 250.402510166168 251.099785168966 252.682467301687 242.358803749084 239.001135031382 240.562299887339 240.606288115184 238.297561804454 233.181635538737 233.847558498383 229.843179384867 228.904684384664 226.745804150899 221.715410550435 220.126827557882 212.934712568919 201.209008693695 200.17683506012 195.240239302317 188.476999600728 189.476370811462 183.442493279775 161.697328090668 146.490176518758 138.386915127436 150.518635908763 178.907056649526 181.050141652425 171.424647172292 158.962190151215 156.256943941116 161.286413669586
248.289883136749 244.597633679708 238.20173740387 232.7481508255 239.58412806193 250.24402141571 253.999908765157 251.580715179443 252.777516841888 254.952073097229 260.42252779007 260.172426700592 259.899954001109 258.992036183675 255.445023377736 253.64092985789 253.55605284373 247.837483882904 243.784070014954 241.522292296092 239.676912625631 237.507303555806 237.322767575582 237.93218533198 233.345786730448 230.960369110107 225.328962008158 217.431664466858 210.699597994486 207.326591014862 204.283595085144 205.35949865977 201.471209526062 205.977121988932 213.35780620575 217.1511054039 215.380946795146 201.054155826569 182.010352611542 147.779087225596 150.906165440877 167.004923025767 165.903280178706 157.070259253184 160.156647364298 175.377130508423
250.482241312663 247.996926307678 244.801064332326 236.286362012227 235.387583573659 245.902180671692 252.277453740438 251.586059729258 250.0159740448 254.203279813131 260.420521100362 262.078722318013 257.805307706197 259.779175122579 257.074395815531 252.758324146271 254.177649815877 248.820165793101 245.882829030355 244.219660758972 242.657860120138 241.196990013123 239.653209845225 235.568622748057 233.201185862223 226.83318456014 209.096093972524 187.610030174255 184.837102890015 190.268059571584 201.649328072866 200.733403364817 200.693964958191 202.861229578654 214.897652467092 229.915241400401 242.082516352336 244.406720002492 238.047262032827 190.516392389933 156.072914600372 170.843183994293 185.133258501689 194.103578726451 199.739376703898 211.056888103485
249.819735685984 245.822151501973 246.633271376292 244.419276714325 237.480024496714 241.417785485586 251.819471518199 252.256015936534 249.591807524363 251.204907894135 260.415256023407 261.442144711812 258.043587207794 257.865866025289 260.48731803894 251.520852247874 251.568893591563 248.06543191274 244.271695613861 246.759295463562 244.51736609141 245.438774426778 238.490064938863 232.221563657125 229.077359040578 229.576210180918 212.310671806335 189.453959465027 186.222275098165 194.687962532043 205.569585164388 206.09704653422 211.103538672129 217.417975266775 231.400609016418 229.541977246602 228.340288003286 200.208385785421 187.310397624969 184.54784154892 188.165922959646 200.6742755572 197.763621807098 184.620062510173 181.671361128489 195.862551530202
239.907542864482 244.157989819845 244.04372771581 242.660244305929 239.997386932373 238.763550917308 250.829776128133 256.256600220998 251.331011454264 249.36044216156 256.864666938782 259.981115659078 257.435977458954 254.134734471639 256.326635678609 250.211278597514 245.257695515951 245.211819807688 244.060099124908 244.993269443512 247.904737790426 244.04102563858 242.155273755391 233.59759648641 232.702811559041 236.544092496236 232.018053531647 223.680675029755 219.783107439677 222.837448120117 221.572279930115 214.895665645599 224.004626274109 230.856935183207 222.196877002716 211.640934149424 192.481358846029 145.101547241211 122.540225585302 157.683233420054 197.482883930206 213.301579157511 196.618616580963 187.597155570984 186.079065004985 195.991039276123
227.958520253499 241.350034872691 241.680343945821 241.822520891825 241.609930992126 238.364597161611 244.360188643138 255.159397919973 258.176187674205 253.303209940592 254.103859265645 257.544080416362 257.547616958618 253.188272317251 253.643353780111 250.972946484884 244.75888411204 242.306530475616 241.544365882874 239.54572280248 241.267879803975 240.155975023905 239.090065161387 237.200299898783 238.089203834534 245.207587877909 252.761582533518 253.496785958608 235.277613004049 235.42598883311 226.17111603419 215.040286382039 219.195703665415 202.790717283885 176.097194353739 149.066309134165 137.659132480621 123.373180627823 108.341068029404 121.111949284871 145.603557427724 180.233359336853 199.047903219859 217.832048734029 243.310411771139 244.988560676575
