input/barkrak2/radiation/dir13724.grid
NCOLS 85 
NROWS 70 
XLLCORNER 665100 
YLLCORNER 4664600 
CELLSIZE 20 
NODATA_value -9999 
[rows 40 to 59 of 70, columns 0 to 45 of 85]
318.590760231018 319.557627042135 319.497525691986 321.435511112213 326.7529408137 329.901436964671 331.486980120341 334.683179855347 335.286418596904 326.045711835225 315.688769022624 311.935901641846 309.806724389394 307.704011599223 304.65034643809 303.27961842219 301.632185777028 302.234053611755 297.193427880605 295.512994130452 298.339088757833 301.893750826518 304.096976915995 299.384971459707 296.00457350413 293.244957923889 299.512326717377 299.947778383891 299.385289351145 298.416336377462 296.155452728271 294.085621833801 273.351987202962 271.389961242676 294.609487056732 294.407208760579 284.829994042714 282.840192317963 284.348905086517 276.179254055023 286.257326602936 321.243405342102 328.499257564545 274.542530377706 213.783800601959 173.367281754812
323.845764001211 321.967542171478 322.14625676473 322.203159332275 319.374779860179 317.911783854167 316.815177599589 318.056960900625 320.869922637939 314.647316932678 309.274554252625 309.665461381276 311.2912774086 310.499389966329 308.308700720469 307.037572065989 302.48769124349 306.922495365143 306.565384070079 303.134123484294 304.02543147405 304.175595442454 302.110612392426 302.982489267985 302.895029385885 298.507591088613 301.329414049784 300.699512163798 301.670451958974 300.324638684591 298.699001471202 295.411070187887 279.361923535665 283.040364583333 294.760485490163 284.986019134521 270.0088818868 268.222113450368 274.250467618306 280.84796667099 299.61089293162 312.715848286947 319.389462471008 306.246380011241 257.332464059194 209.632754325867
325.865844885508 323.693116505941 325.761357943217 325.062115987142 319.889664649963 318.068305651347 316.760281721751 315.406839052836 314.916352430979 311.784307161967 309.733966986338 309.677223364512 311.644236246745 313.416043917338 313.45389286677 310.328423976898 307.106912136078 311.689913272858 312.488277753194 306.490957736969 303.854525089264 302.022357781728 298.344711462657 299.030423164368 301.677803198497 296.378175417582 293.094317118327 296.123723189036 296.442707379659 297.645628452301 297.153274218241 291.70032342275 285.578687985738 291.329860687256 291.663269201914 273.451427618663 257.605691750844 262.207706769307 275.622963905334 288.664221763611 297.803243001302 296.642045180003 290.072957674662 286.966582139333 264.011998971303 212.207535902659
315.593183040619 317.643702030182 323.354045550029 321.000476678212 322.270512580872 324.069499969482 323.660572369893 321.430563926697 313.036600748698 312.23052740097 313.784718513489 311.342298984528 310.814797878265 314.042846361796 313.627819220225 312.092105547587 312.125305334727 312.847236792247 312.345703442891 307.616174221039 302.706817785899 299.883365631104 295.43940226237 295.919040838877 297.299643357595 297.540883223216 292.590816815694 293.586532274882 294.395705064138 294.694364070892 291.713754336039 285.830914974213 287.271718184153 292.076945304871 281.211495399475 258.553544680278 253.509004910787 266.874849796295 284.973363081614 289.230783780416 287.916560967763 283.879280090332 275.978048642476 268.247703711192 252.657771110535 218.063235282898
315.079728762309 319.290955861409 320.551196734111 320.65737247467 321.927865346273 322.87734746933 322.636226812998 320.312062899272 317.846993605296 314.632693926493 316.01615746816 313.545346260071 311.458110809326 309.721887111664 309.846619764964 309.176802635193 305.672645568848 310.065627098083 310.435672601064 307.792822519938 302.15322971344 301.374852657318 298.355142275492 297.853350639343 294.875999291738 300.820867220561 302.120427290599 297.236820062002 295.538147290548 292.814135551453 286.569813887278 281.580726305644 282.621343930562 279.595593611399 269.403398036957 255.297780036926 257.454673449198 273.487210273743 287.948985894521 284.387052059174 284.761945406596 276.296416918437 265.341520309448 256.620307763418 248.421629269918 231.323043505351
319.563825925191 322.536587715149 320.02067565918 321.340084075928 320.398231347402 320.586204528809 320.999026298523 320.313930511475 321.520388126373 318.157156308492 317.789177099864 317.586143811544 313.668886820475 310.732165972392 309.238811333974 311.149974664052 305.85390329361 307.403941949209 308.889428774516 306.906600793203 303.955654303233 302.61758963267 300.929129123688 300.750096638997 298.672874768575 295.619964599609 299.920678138733 297.575195630391 296.187043190002 291.578233242035 285.399695237478 280.810415744781 280.713339646657 272.384802500407 259.744187196096 246.923367182414 253.652413686117 271.816670894623 278.734743595123 270.322640736898 275.52862962087 267.224907875061 256.713231404622 258.309046427409 262.967665990194 246.611297130585
318.784674008687 319.870948791504 321.505765120188 321.956833203634 321.684837341309 321.761012077332 323.004305362701 323.525528113047 321.705599625905 321.286201477051 320.021669069926 319.712519645691 316.503465175629 313.521444797516 312.24266688029 315.232535203298 310.877422491709 305.641909440358 309.590876102448 306.388338406881 305.023570855459 303.015450636546 299.544115861257 295.66498597463 302.767594655355 295.48982779185 295.600215593974 294.106264909108 292.560954888662 290.118316809336 284.56042210261 283.370534578959 278.124769528707 268.903056780497 258.204837640127 248.644053936005 255.756239096324 268.660426139832 267.566204071045 268.364111582438 273.821930090586 263.278841972351 260.530749956767 268.220583597819 274.139146010081 259.180863698324
314.790308475494 316.50584936142 320.220728715261 320.953905582428 322.374979654948 323.588371276855 322.500228881836 321.494042873383 321.700056393941 323.793411254883 321.340342362722 319.24577554067 317.490100860596 315.47741095225 314.084748427073 311.180154482524 310.92369556427 302.305638790131 303.875088691711 306.106726328532 301.093220710754 298.635224501292 301.333745320638 294.40704981486 294.485628604889 291.924953460693 287.439465522766 287.535309791565 288.335700829824 287.45174407959 285.353501637777 283.056040604909 274.964849154154 273.398141066233 270.827968915304 260.75424750646 261.866132418315 266.617755095164 268.926660219828 277.120808760325 273.066302140554 265.048384666443 268.300791581472 270.603756109873 268.744826316833 257.006784280141
310.618023077647 312.215606371562 316.123108069102 318.344751993815 322.329461574554 323.708951473236 321.686426798503 320.083359877268 322.944362958272 323.686182498932 322.621723016103 318.424165248871 317.577362060547 317.136923472087 312.900185585022 309.948801994324 306.907773017883 298.977732658386 303.116381168365 304.00139093399 300.557176272074 300.8052110672 298.934082190196 292.122006416321 289.755721886953 292.3983335495 288.707613945007 290.373007456462 293.460210164388 293.794214725494 296.158373355865 293.688615163167 283.500830332438 283.612827459971 280.812700589498 267.805218696594 267.69228776296 271.926204363505 274.338086446126 276.376287142436 266.247351964315 262.225349744161 260.536015033722 256.462951501211 254.110177357992 253.53080034256
309.866368770599 308.197776476542 310.902714729309 316.513856252034 320.147673288981 321.287830670675 322.747429211934 323.949178059896 324.959814548492 321.355760097504 321.762442588806 321.907718976339 318.774183591207 316.049734751383 313.818713029226 308.395008246104 305.92946211497 301.356593767802 300.979355971018 302.666306495667 304.722627003988 301.167865594228 297.770619392395 296.332478523254 292.827328046163 295.566439628601 295.26287317276 295.967360337575 299.47688182195 302.782813707987 304.864088694255 301.397840181987 293.914039929708 291.911085446676 284.339626630147 272.677520910899 268.022179603577 273.630519707998 276.117225488027 265.4643257459 254.602392514547 257.506092389425 257.212559382121 251.209735870361 250.193496545156 253.979504108429
310.16465028127 312.45485941569 314.646522204081 318.469047546387 319.029072920481 318.539202213287 322.763025760651 325.091520945231 324.265281359355 324.139714241028 323.136230309804 321.039001146952 318.922241528829 313.668131828308 312.442104021708 311.807831128438 306.950529416402 300.951381524404 298.680146535238 303.336520989736 303.356389204661 302.791277567546 299.33234055837 297.326187292735 293.564697106679 297.69241809845 297.191262245178 296.968301137288 299.594501654307 303.570051987966 306.394517421722 303.411702315013 296.214679876963 290.569106737773 279.532849788666 269.548296928406 267.747660477956 272.752980391185 269.837319850922 254.98370329539 250.868956247965 262.306213378906 262.215773264567 253.752768039703 251.797914505005 247.748533884684
310.117522875468 317.438403765361 318.137546380361 319.129943847656 317.32447942098 316.018005212148 320.881843566895 323.411881923676 323.381046454112 324.22943909963 322.004119555155 320.577422777812 316.583414872487 313.516894976298 309.200644493103 312.947531541189 307.43153889974 300.098995367686 297.563135623932 300.73207616806 301.067074139913 299.116253852844 296.626925468445 292.996207873027 290.408869584401 291.101197401683 293.967604637146 293.953359127045 294.907788435618 298.756241798401 303.763488928477 303.015391031901 292.279680569967 278.865694999695 250.305275122325 239.315390586853 252.791742483775 264.689207077026 265.319764614105 264.911909898122 269.84707514445 269.762714703878 253.483255704244 246.416707833608 254.252930482229 242.780188719432
311.529894669851 309.761802355448 309.034466743469 310.869634151459 315.61670700709 317.949573198954 317.201813062032 319.234689076742 319.207410017649 320.845703283946 318.992515405019 320.296068986257 316.048185030619 312.774300575256 308.139483133952 307.472169399261 307.41290251414 300.148765246073 295.660118261973 295.614083607992 294.901728630066 294.93522644043 294.396758079529 289.242327213287 289.17000691096 286.416490872701 287.066996097565 287.255724271138 286.60794099172 287.385523319244 288.894375165304 293.188313643138 272.447645664215 245.91855208079 217.283765474955 204.674621423086 218.93302599589 245.106180508931 265.860478083293 265.381892522176 266.155739625295 258.338610331217 243.495424588521 244.087258974711 251.333038012187 229.036172231038
313.959002494812 306.893944740295 303.913493951162 307.069261868795 313.431223233541 318.104843298594 317.619641621908 317.808588345846 315.611104170481 315.597633520762 316.293815771739 316.708525021871 316.815753777822 315.61158100764 309.768617153168 307.684620221456 309.866865475972 299.574573834737 295.381665229797 298.520187536875 295.260945955912 294.209857781728 292.398651440938 288.520554701487 287.072539329529 285.382151603699 284.460008144379 284.249206384023 280.238668123881 276.817838350932 270.463407039642 267.589211463928 246.370553970337 222.463468710581 211.558401584625 203.047474225362 193.974753220876 203.887422879537 222.098628679911 245.570997397105 255.303025245667 245.581368605296 239.920179049174 240.560928980509 232.080618540446 211.344401041667
314.537167549133 309.565583864848 305.708348751068 306.241611639659 312.393883864085 318.49193572998 316.792527834574 313.760658105214 316.612780094147 314.101735750834 315.149903297424 314.970294634501 316.530068715413 315.915743509928 311.669866243998 308.497051397959 309.808671474457 302.866776784261 297.99222946167 299.144844214122 298.987587292989 295.178294181824 292.425791422526 292.80690352122 289.138356844584 288.055300712585 285.959502061208 283.511221408844 277.67684062322 272.996068000793 263.481338818868 258.467535177867 238.994042078654 227.571328481038 230.445742607117 230.64923286438 218.783040841421 207.309047381083 197.529673576355 208.035310109456 228.819827238719 224.410116672516 216.70522292455 208.583235740662 204.728841781616 203.648090362549
315.127889315287 312.772333621979 307.074268658956 304.141720136007 304.835438728333 312.909007072449 314.287384351095 313.719948132833 313.1023645401 314.26731745402 318.134586016337 317.655682563782 317.526400089264 316.524465878805 312.059303124746 310.285210609436 309.946477413177 304.861227671305 301.691055297852 299.95717604955 298.358023166656 296.193162600199 295.419851938883 295.241514841716 293.730318546295 291.545748710632 284.462173779805 280.008276303609 273.727933565776 269.798656304677 267.64444510142 264.053622881571 246.688862641652 243.241846561432 248.171230157216 254.461467266083 260.98221540451 253.917217254639 236.208458741506 204.657653967539 204.916099707286 211.868027846018 209.514319896698 204.840660095215 209.632257620494 218.991418679555
316.824754079183 315.236210823059 312.051077683767 302.26469039917 299.359003702799 309.485952059428 313.055952390035 312.260429064433 311.009347438812 313.390056292216 317.556440830231 318.991700808207 315.697948137919 315.393388271332 312.659839789073 309.658646583557 310.385227203369 305.709302425385 301.351288954417 300.016780694326 300.620297590892 298.80428314209 295.148948828379 293.504357337952 291.402856508891 288.027246793111 274.908701578776 255.092759927114 250.505149364471 254.399140675863 261.792918046315 259.42599773407 246.839861075083 243.287901083628 252.164840698242 264.158248901367 278.646409511566 285.810351371765 276.21066570282 239.137252171834 210.902472337087 217.97643105189 228.128552436829 237.600008646647 246.374567349752 252.432763576508
314.324339230855 310.204029083252 309.30491288503 307.111004988352 300.834695498149 304.025133450826 312.719066937764 312.760412693024 308.834493160248 308.735589186351 316.082855065664 316.994786262512 312.987764676412 313.934902350108 313.845038414001 307.008961836497 308.524390061696 305.342257022858 301.864723364512 301.845173041026 303.504427274068 302.04035838445 298.127909501394 292.953769365946 292.071302731832 291.431327660878 274.600287278493 255.092283089956 251.678466796875 258.879661560059 264.933566252391 260.447820027669 254.245122273763 255.918681621552 269.979258378347 276.089668273926 280.244290828705 258.360028266907 232.739408810933 226.012051105499 234.780073165894 246.241370836894 241.678595542908 233.068108558655 231.565674146016 244.139452775319
304.56155538559 308.976848920186 307.240426540375 307.159682114919 302.867988745372 300.35400390625 310.296972592672 312.920848528544 309.864461421967 306.749721368154 311.617334683736 316.02414449056 313.798169294993 309.358537197113 311.093211174011 307.628949483236 303.415775299072 304.792622725169 303.288141886393 303.658604621887 303.646047910055 302.693088849386 298.674464225769 293.597479661306 292.568365732829 294.424434502919 288.154125213623 285.121818383535 280.709425608317 280.060549577077 275.675733884176 266.748309135437 267.087837060293 268.358329931895 263.561526934306 246.064305305481 225.503047307332 192.318379878998 172.862668832143 209.563076496124 248.012284437815 253.562490145365 235.185503959656 227.828562259674 235.690752665202 248.170653978984
295.226693153381 305.659254391988 305.369059244792 303.260385990143 304.204305013021 299.932837486267 304.906845092773 311.999162038167 312.579989433289 309.279223283132 311.12015247345 312.655329704285 313.903172810872 310.163021087646 310.530344645182 308.256526788076 303.029815355937 302.396575609843 297.20401763916 297.856052716573 298.961917559306 297.737280527751 296.54864470164 294.598460197449 294.835766156514 299.343625704447 302.338500817617 304.101248582204 289.235949516296 286.915461222331 276.646455128988 263.436277707418 263.134956359863 247.381925582886 214.634438355764 191.082318623861 179.2072057724 167.410651842753 159.826596577962 180.558502674103 207.699179649353 230.688869953156 236.382444699605 250.91415643692 280.247469743093 287.93462117513
