input/barkrak2/radiation/dir19424.grid
NCOLS 85 
NROWS 70 
XLLCORNER 665100 
YLLCORNER 4664600 
CELLSIZE 20 
NODATA_value -9999 
[rows 20 to 39 of 70, columns 0 to 45 of 85]
199.313441912333 191.669503847758 207.837740580241 248.109698295593 243.779579798381 196.908235549927 180.514454841614 187.212983767192 200.078725814819 219.546675682068 234.681566556295 241.613666216532 249.083081881205 262.891471385956 275.828639666239 297.787189483643 326.416969299316 329.03794447581 333.995540936788 340.779066085815 343.039433161418 337.10241317749 336.120883623759 337.721864382426 337.825338045756 339.065432548523 340.948184331258 337.148427963257 332.895338535309 332.44397242864 326.690832773844 316.348989804586 307.993531227112 304.160634676615 302.708665529887 307.774166266123 307.98727273941 310.270567735036 314.820349216461 317.558030287425 318.457762400309 318.465709686279 320.515275001526 315.335154533386 319.613397121429 321.693301200867
225.203076998393 224.91713364919 243.203441301982 273.583054542542 269.539097944895 208.993474642436 193.132301171621 192.964514096578 202.87032922109 216.515759627024 226.423958937327 234.43208138148 244.851628939311 249.451915423075 262.14212179184 283.07569026947 297.854999701182 324.851314226786 330.152094364166 337.107499440511 340.965986251831 345.356861750285 346.755663553874 345.217307408651 342.056473096212 337.936758995056 335.144678751628 331.643581390381 330.956737200419 323.800146579742 307.567338148753 279.881954193115 260.458807150523 259.029348691305 266.772210597992 285.160660743713 292.473435401917 305.642644564311 314.851343631744 315.721352895101 314.038276672363 312.106172243754 306.820034980774 292.804837226868 311.400612195333 319.79380051295
264.523486296336 272.430936495463 280.318677425385 290.498793125153 289.745052655538 243.380586306254 216.498474280039 201.577405134837 197.811365127563 208.082497119904 225.516120592753 236.274977525075 247.919102509816 253.397901852926 262.087563673655 272.174616654714 288.13240925471 305.683354536692 322.728435198466 325.977861881256 327.665368715922 337.562084197998 342.724601427714 342.013279596965 339.521487553914 337.61723836263 334.350029627482 328.127264976501 315.399487813314 297.222256660461 256.736556688945 206.152677536011 185.220777988434 202.618360519409 230.826159318288 254.286130269368 272.117892901103 291.674296061198 303.404808044434 305.305580298106 308.297435442607 307.870169480642 286.986509958903 267.671167850494 292.197505633036 317.292908827464
284.153580665588 287.179430325826 287.989675998688 295.1633532842 295.064250628154 277.702709039052 239.04804388682 210.67214012146 195.515513420105 199.965516726176 224.527140458425 236.847201983134 253.080228964488 264.014720916748 265.902419885 273.40567111969 286.292990048726 297.266264756521 307.48975276947 308.691501617432 311.646560827891 315.473020076752 326.309641202291 332.557082176208 328.870097796122 317.940334479014 306.243518988291 293.674468994141 267.338156700134 223.3873407046 183.266540368398 162.300954262416 133.400936921438 132.622579733531 145.230909188588 181.103428204854 223.664542039235 250.359813372294 266.50998989741 276.327133178711 274.671077728271 261.401057243347 246.912002563477 280.190686384837 277.048627535502 311.307589213053
276.276071866353 278.359472751617 288.083453973134 296.637535095215 288.205186525981 278.100331624349 248.848656813304 225.905994574229 206.718246142069 199.94858900706 214.450319608053 233.26043287913 246.713678042094 262.609779834747 265.40337006251 272.077620029449 280.684530735016 293.792287508647 301.998456319173 298.829038937887 306.211531162262 306.069016456604 302.273472150167 296.386778354645 292.665441830953 289.502362410227 282.54642089208 269.05087629954 236.673653125763 178.350269794464 158.596833546956 157.310992479324 138.733069101969 114.639709393183 106.548478205999 121.871521075567 166.102011998494 202.953298886617 229.648411273956 243.684490521749 232.743998368581 211.023966471354 232.324421405792 297.547539075216 291.010856628418 312.520285447439
270.529230435689 274.600187937419 286.74304485321 293.391168117523 289.711276690165 278.345326582591 257.930556933085 251.025378704071 241.264998912811 226.323286692301 226.096272468567 244.53471104304 258.703052997589 271.170894304911 275.636076927185 273.455421129862 278.410812218984 291.561722755432 296.67870203654 304.232180118561 308.553318182627 291.329860687256 282.905519008636 282.10175037384 282.975355784098 280.987739562988 271.295607089996 258.17342599233 215.432286262512 186.892112096151 185.465335845947 201.996664206187 205.912629763285 178.874969482422 144.294609626134 127.350727717082 143.087367216746 171.079059441884 208.964387575785 226.002295811971 208.084305127462 199.014683564504 240.758299827576 283.273021380107 302.946627140045 322.91183869044
272.386491298676 274.550557136536 282.75849421819 290.49676656723 302.06028620402 288.987477620443 271.726071834564 262.9181543986 261.707226435343 256.023645401001 246.822714805603 261.38444741567 273.108104864756 284.185190995534 286.13418340683 281.851232051849 281.261920928955 292.744259039561 295.481642087301 301.851868629456 298.083047072093 293.74365011851 286.45133972168 284.0270002683 284.235695997874 282.206892967224 270.111203193665 257.329225540161 222.451150417328 216.489772001902 238.006869951884 261.517842610677 265.972276528676 276.875019073486 254.100461800893 171.649654706319 158.259660005569 169.656773408254 194.639046986898 224.108417828878 217.459599177043 249.348898728689 247.228562831879 259.14474328359 293.767929077148 309.242089589437
276.537537574768 272.852261861165 276.01683139801 286.917209625244 322.818537553151 299.047470092773 279.110431671143 263.033807277679 263.802667458852 271.290143330892 263.041734695435 268.391768137614 279.642899831136 290.960431098938 291.078348954519 291.439215342204 289.007246494293 287.798086802165 294.643839200338 299.384633700053 297.000626722972 290.360649426778 287.343442440033 287.712375322978 291.234493255615 287.291049957275 279.124577840169 268.470486005147 245.741824309031 244.135618209839 268.057862917582 282.631774743398 281.449635823568 295.222878456116 318.872292836507 251.554270585378 188.227514425913 173.731486002604 187.161028385162 224.225302537282 255.343715349833 301.297088464101 256.385286649068 250.271062056224 280.219932397207 290.784796079
273.912012577057 265.742003917694 269.656618436178 293.354094028473 335.283795992533 297.892411549886 270.121256510417 257.535378138224 262.515445550283 269.6719566981 267.215410868327 265.646417935689 279.54759200414 290.549755096436 292.169988155365 295.812547206879 287.261207898458 283.018151919047 290.377338727315 294.122000535329 289.787809054057 284.740487734477 286.904215812683 290.46094417572 293.153802553813 290.440519650777 286.336163679759 277.716060479482 256.744186083476 251.881957054138 274.564584096273 292.512933413188 291.537861029307 289.901256561279 310.708463191986 311.504582564036 222.670833269755 164.543290932973 155.724942684174 197.285751501719 263.132015864054 283.940732479095 250.40610631307 228.565812110901 253.279487291972 265.134493509928
266.717235247294 257.972439130147 266.413827737172 303.720911343892 332.345068454742 294.065733750661 262.890895207723 245.400706926982 242.888331413269 247.03578154246 248.313248157501 253.883202870687 272.688925266266 290.849467118581 290.360808372498 296.220501263936 293.798009554545 280.713458855947 285.530130068461 285.828173160553 284.745415051778 286.238153775533 287.544051806132 291.506171226501 295.013964176178 291.662176450094 294.606586297353 283.403873443604 263.532737890879 260.692755381266 279.778699080149 297.720273335775 293.14657052358 289.736787478129 298.936208089193 317.721168200175 302.083432674408 226.432502269745 180.363476276398 189.6613240242 225.793242454529 239.75129922231 239.943961302439 212.762534618378 222.755173842112 248.474597930908
255.147854487101 265.107373396556 294.617811838786 340.394258499146 341.864426930745 300.839424133301 264.115333557129 235.493421554565 229.827364285787 240.574479103088 233.419676621755 232.35422372818 268.665154774984 288.138826688131 293.055971463521 298.743883768717 297.066787878672 288.84087006251 286.2149477005 288.501739501953 287.720640500387 290.86176554362 293.725530306498 294.632792472839 296.382387479146 300.131360689799 299.897948900859 292.972405751546 275.811711947123 273.007651170095 285.671969254812 298.130512237549 295.357664426168 295.360306898753 299.287597338359 302.000840504964 323.70779911677 332.511782646179 267.492870489756 220.5943663915 206.765532493591 198.588907718658 217.421650886536 212.502280871073 218.674639860789 249.499340852102
273.714025815328 299.55667257309 318.864127000173 324.537475903829 351.787050565084 333.186348279317 296.777764956156 260.07862885793 244.764427344004 257.784803708394 253.933946291606 234.833538532257 252.26237376531 281.119147936503 295.403679211934 299.965798854828 297.388394673665 295.458912849426 291.530072689056 291.936079661051 290.627479553223 297.18283812205 297.062337398529 297.530392805735 299.094239870707 304.909030596415 307.270109653473 306.392470995585 293.351391951243 288.236717383067 292.310814062754 296.267569065094 297.992865244548 302.504122257233 304.790019989014 293.777525424957 301.816026369731 338.150262832642 332.652370134989 272.811929384867 222.987612088521 197.943687438965 201.825261116028 217.105209827423 241.084456443787 267.047146956126
305.215318997701 314.577519893646 305.052220821381 297.61548837026 316.02402528127 336.255232493083 330.406665802002 303.458531697591 278.849442799886 282.70435333252 284.166137377421 260.405282179515 253.47634156545 278.566718101501 295.309285322825 298.902630805969 298.65562915802 302.195648352305 291.475137074788 291.931410630544 297.819395860036 297.574162483215 299.132347106934 298.182904720306 300.939400990804 307.587881882985 311.291376749674 314.110438028971 303.147117296855 294.869224230448 301.594038804372 304.905414581299 300.892074902852 302.939931551615 307.169596354167 297.000308831533 296.289503574371 315.174678961436 318.020602067312 292.712310949961 262.025992075602 222.417712211609 205.201188723246 212.102234363556 233.481367429098 264.626383781433
297.313888867696 290.47425587972 283.432841300964 272.46630191803 273.0593085289 293.446163336436 313.894708951314 311.391989390055 299.706180890401 300.300081570943 301.195740699768 285.828530788422 277.934749921163 284.765183925629 297.57950703303 300.156712532043 296.260356903076 301.232596238454 292.415579160055 295.013944307963 296.93078994751 296.549101670583 294.937133789062 293.919563293457 299.823443094889 302.552441755931 309.889435768127 311.089158058167 304.633518060048 301.832556724548 306.96968237559 304.929614067078 294.508079687754 293.359061082204 296.72517379125 282.19070037206 279.467860857646 279.674788316091 272.66259988149 276.287615299225 286.108752091726 254.360099633535 229.092915852865 217.142105102539 218.610346317291 238.978465398153
290.848354498545 280.647019545237 286.857565244039 272.855659325918 264.971951643626 276.486396789551 302.305499712626 325.278242429097 320.98376750946 308.066626389821 298.887928326925 297.491073608398 303.181906541189 302.059710025787 303.077638149261 300.287206967672 300.381660461426 298.323512077332 296.625892321269 301.190853118896 297.382712364197 295.150697231293 293.579697608948 295.35440603892 296.820521354675 299.593885739644 306.152403354645 304.215749104818 302.328586578369 306.461373964945 307.709495226542 297.859827677409 282.618880271912 287.229220072428 285.979708035787 269.75429058075 270.685076713562 270.685950915019 276.852250099182 297.436873118083 298.252622286479 287.038207054138 263.586560885112 247.08354473114 228.85404030482 221.99006875356
310.541947682699 305.399358272552 314.732134342194 309.754252433777 299.737095832825 304.126938184102 320.469478766123 342.07812945048 335.771203041077 311.264475186666 298.295299212138 304.307142893473 318.884174029032 313.749432563782 307.637155056 309.164047241211 306.271016597748 301.260908444722 303.751567999522 301.998297373454 300.855120023092 296.824832757314 297.158400217692 299.86705382665 296.740969022115 299.992760022481 300.630291302999 299.011449019114 299.890100955963 307.680666446686 306.113521258036 296.645601590474 284.249822298686 284.953157107035 277.413785457611 272.854328155518 277.959227561951 278.729915618896 290.07089138031 318.0024822553 286.337892214457 273.935854434967 264.126102129618 255.246162414551 238.285839557648 216.766973336538
334.67964331309 332.039574782054 334.160248438517 336.629748344421 327.826082706451 321.533262729645 326.265652974447 340.646028518677 337.487697601318 308.846672375997 301.821649074554 312.361836433411 322.992126146952 316.469093163808 309.80126063029 314.160307248433 315.28627872467 308.794875939687 308.157920837402 309.996028741201 308.25001001358 303.768793741862 301.824669043223 302.811900774638 299.222151438395 297.703584035238 299.530287583669 302.736798922221 304.195026556651 308.509151140849 307.880520820618 298.711995283763 286.838253339132 281.196335951487 272.827466328939 277.806758880615 283.975164095561 283.506711324056 286.448359489441 307.196974754333 275.71698029836 235.656956831614 222.636659940084 216.803510983785 214.061220486959 208.40585231781
346.4195728302 343.888600667318 340.09575843811 340.874155362447 335.092624028524 327.286819616954 324.335217475891 329.874714215596 336.3090356191 316.814104715983 315.480430920919 323.495328426361 320.47160466512 315.057814121246 311.645666758219 314.150134722392 321.674823760986 314.856469631195 311.336398124695 312.502324581146 311.729689439138 308.587392171224 302.520533402761 303.444902102153 301.13697052002 300.255139668783 299.63344335556 304.954051971436 306.197961171468 308.832426865896 308.523058891296 300.893982251485 289.74719842275 274.5441198349 265.890459219615 281.401435534159 291.071772575378 289.284865061442 279.431601365407 293.679237365723 276.260912418365 209.048589070638 180.476804574331 166.406651337941 166.893045107524 174.391686916351
348.17099571228 350.692947705587 349.908232688904 347.824732462565 344.325502713521 339.235703150431 332.834601402283 328.462819258372 330.640276273092 327.554821968079 334.68767007192 332.968811194102 323.09877872467 323.76762231191 318.073153495789 312.330305576324 320.525228977203 319.892942905426 313.979685306549 312.20277150472 312.358180681864 308.267553647359 303.751528263092 302.661736806234 302.992463111877 304.446657498678 303.058266639709 303.72275908788 305.851459503174 307.759086290995 308.931032816569 304.259995619456 285.076181093852 263.026575247447 271.526296933492 293.648719787598 296.381692091624 290.869196256002 274.249911308289 279.702663421631 300.045549869537 253.7522315979 195.126752058665 167.132337888082 157.149076461792 151.648650566737
337.361772855123 341.01140499115 341.703613599141 344.429175059001 349.106232325236 352.409323056539 352.609316507975 350.141286849976 348.420063654582 349.112232526143 343.460043271383 333.002726236979 327.352583408356 323.148826758067 320.627967516581 317.101359367371 317.091842492421 318.951030572255 311.644554138184 311.25545501709 309.853235880534 311.529477437337 308.866461118062 304.524997870127 302.780508995056 303.96290620168 305.989861488342 307.105898857117 308.868149916331 306.872467199961 307.663222153982 305.298705895742 280.800819396973 263.874650001526 286.41668955485 301.263908545176 297.097106774648 291.97746515274 279.201666514079 274.946431318919 309.203187624613 332.486470540365 278.96902958552 225.441217422485 183.675328890483 156.142046054204
