input/barkrak2/radiation/dir19424.grid
NCOLS 85 
NROWS 70 
XLLCORNER 665100 
YLLCORNER 4664600 
CELLSIZE 20 
NODATA_value -9999 
[rows 40 to 59 of 70, columns 0 to 45 of 85]
333.544095357259 334.274053573608 334.23113822937 335.455973943075 339.882135391235 342.775742212931 345.005432764689 347.537239392598 348.315636316935 341.13601843516 332.419077555339 328.110496203105 326.125025749207 324.512759844462 322.317183017731 321.192642052968 318.737089633942 318.235437075297 312.850435574849 310.732265313466 313.383102416992 316.047668457031 316.102087497711 311.45699818929 308.159629503886 305.81788221995 311.160604159037 311.191876729329 311.6455078125 310.44065952301 308.652977148692 304.601629575094 281.877636909485 277.496616045634 298.96068572998 299.392819404602 290.040373802185 289.658963680267 289.79895512263 279.515306154887 288.37255636851 326.483408610026 342.362324396769 296.29377524058 235.039969285329 193.252484003703
337.995568911235 336.328307787577 336.484829584758 337.1235926946 335.199077924093 333.835204442342 333.662947018941 334.256807963053 336.762309074402 332.33779668808 325.910667578379 326.185007890065 328.519880771637 327.824950218201 324.692924817403 323.575695355733 317.685604095459 321.787615617116 321.112910906474 316.040794054667 316.449264685313 318.50000222524 315.074642499288 316.752592722575 316.666920979818 311.956405639648 314.342081546783 314.571956793467 313.479622205098 312.39515542984 310.95023949941 306.691805521647 288.4521484375 288.883050282796 299.648066361745 291.423638661702 276.515642801921 276.369829972585 283.410588900248 288.580318291982 303.817490736643 316.449801127116 327.775518099467 323.173801104228 278.186321258545 229.990283648173
339.53070640564 338.023503621419 339.8384253184 339.285572369893 335.179011027018 333.747744560242 333.538969357808 332.129915555318 330.930173397064 328.906218210856 327.16445128123 326.237618923187 327.836235364278 329.242030779521 329.27942276001 325.132270654043 322.098731994629 324.623227119446 326.559066772461 321.00115219752 318.36473941803 316.692153612773 314.879775047302 315.356612205505 317.492524782817 312.633554140727 308.693667252858 311.124841372172 311.860243479411 311.188479264577 309.324463208516 302.450915177663 295.442958672841 297.930359840393 297.387440999349 280.26415904363 264.949222405752 270.50660053889 285.100837548574 297.607163588206 306.016405423482 304.327646891276 299.635767936707 302.173455556234 285.022576649984 234.804113705953
331.247170766195 333.065231641134 337.926387786865 336.260596911112 337.153037389119 338.747262954712 338.701248168945 336.430112520854 330.039024353027 328.466216723124 330.681959788005 327.692727247874 325.881997744242 328.715483347575 328.192512194316 325.534383455912 326.651891072591 327.095826466878 326.491514841716 323.67471853892 319.247980912526 316.558619340261 313.865562280019 312.777161598206 313.755095005035 313.548048337301 308.951536814372 307.657519976298 309.521774450938 309.38196182251 304.634988307953 298.47260316213 298.714637756348 300.21725098292 287.753939628601 265.634814898173 260.801434516907 274.612009525299 293.688138326009 298.539578914642 298.098464806875 293.976406256358 285.95644235611 282.287061214447 273.28352133433 241.503437360128
331.006904443105 334.7274462382 336.212754249573 336.057941118876 336.673855781555 337.892095247904 337.753693262736 335.189938545227 333.260754744212 330.576578776042 331.771572430929 328.497191270192 326.611876487732 324.957251548767 323.874274889628 324.338336785634 320.999403794607 326.108614603678 326.292256514231 323.866168657939 320.200860500336 317.881842454274 316.465258598328 316.085020701091 313.296675682068 316.560387611389 317.450722058614 312.611937522888 310.633023579915 307.710548241933 300.023237864176 294.905781745911 295.02284526825 291.055639584859 278.969764709473 263.006269931793 264.650881290436 280.627767244975 295.577426751455 293.089767297109 294.812262058258 287.315467993418 274.806598822276 268.714904785156 266.540884971619 253.658950328827
335.527459780375 337.977329889933 335.747917493184 337.167898813883 335.848450660706 336.034973462423 336.359580357869 335.223158200582 336.354970932007 334.363142649333 332.35228061676 332.167784372966 328.599353631337 326.068838437398 324.587782224019 326.072374979655 322.560528914134 323.770046234131 326.253851254781 324.446042378743 321.731925010681 320.328493913015 317.248622576396 316.940188407898 314.772168795268 313.713451226552 317.022701104482 314.414978027344 311.180849870046 306.327402591705 300.020794073741 296.674847602844 293.411294619242 283.795098463694 270.488103230794 256.642639636993 262.347439924876 280.029018719991 287.29506333669 280.560652414958 285.772065321604 277.673681577047 266.394674777985 268.671135107676 277.197082837423 266.352355480194
335.548559824626 335.813482602437 337.043563524882 337.249279022217 336.911718050639 337.069352467855 337.552150090535 337.903618812561 335.75971921285 335.472663243612 334.257046381633 333.991765975952 331.075568993886 329.476078351339 328.264991442362 330.828348795573 328.211724758148 323.636790116628 326.881567637126 325.343728065491 321.152885754903 319.057583808899 319.190621376038 315.98021586736 318.336268266042 311.615685621897 311.459163824717 311.236798763275 309.299310048421 306.262612342834 301.453113555908 296.485304832458 291.831135749817 281.57901763916 269.126256306966 258.237103621165 265.628317991893 278.53657801946 276.880741119385 278.365989526113 284.698863824209 273.825705051422 270.022014776866 277.248442173004 285.210033257802 274.842540423075
331.588804721832 333.052118619283 335.503141085307 335.941354433695 337.491114934285 337.453365325928 336.571971575419 336.183468500773 335.721254348755 337.581833203634 336.290240287781 333.606600761414 332.960506280263 332.171817620595 331.075568993886 329.729437828064 326.864043871562 322.192887465159 323.352495829264 322.105288505554 320.586164792379 318.308472633362 319.075802961985 310.976246992747 312.771320343018 312.014698982239 307.667771975199 307.052393754323 307.030200958252 302.25948492686 299.512426058451 298.320174217224 289.734780788422 285.990496476491 279.89939848582 268.663823604584 270.70693174998 277.017712593079 279.264509677887 286.487956841787 283.106704552968 275.701642036438 278.039813041687 279.308001200358 278.435508410136 268.978079160055
327.450215816498 329.504450162252 332.087159156799 333.219647407532 336.570183436076 338.144858678182 335.799376169841 335.034211476644 337.605396906535 338.200807571411 337.282737096151 335.478583971659 333.993474642436 333.595593770345 332.364022731781 327.368199825287 326.019485791524 319.249212741852 321.163713932037 323.191960652669 321.67520125707 318.640033404032 320.462703704834 314.777493476868 310.48055489858 312.254865964254 306.785066922506 307.947119077047 308.20111433665 307.737787564596 309.074441591899 306.131839752197 296.195725599925 295.897742112478 290.004193782806 274.233877658844 274.539788564046 281.26722574234 284.792462984721 285.874783992767 276.221076647441 273.212492465973 272.22748597463 267.097314198812 264.520307381948 264.054258664449
326.818207899729 325.371960798899 327.644924322764 331.703225771586 334.791302680969 336.178620656331 336.695233980815 338.324944178263 339.309255282084 337.827285130819 338.106314341227 337.461352348328 335.957010587056 333.731730779012 330.665210882823 328.524688879649 325.155516465505 321.356137593587 322.666704654694 323.756496111552 323.752502600352 322.442273298899 317.634224891663 314.27538394928 311.052262783051 311.101237932841 308.503031730652 308.862745761871 311.600685119629 315.755248069763 316.396454970042 310.413082440694 303.566992282867 303.329885005951 293.878773848216 279.5103987058 273.720482985179 280.846059322357 285.798033078512 275.872389475505 264.902989069621 267.885009447734 267.774323622386 262.382964293162 261.63641611735 264.648934205373
327.63284444809 329.089264074961 330.201367537181 334.183255831401 333.871642748515 333.978494008382 338.054259618123 339.975754419963 340.00571568807 339.313586552938 339.36075369517 338.553110758464 335.988124211629 332.847913106283 331.930696964264 331.48197333018 327.495733896891 322.771390279134 320.818861325582 322.659532229106 324.345906575521 320.125778516134 314.952274163564 310.681124528249 307.304541269938 310.78694264094 314.256032307943 311.625639597575 313.557346661886 316.374977429708 317.651808261871 314.068953196208 305.327216784159 300.103147824605 289.711833000183 278.452555338542 274.590651194255 278.811573982239 277.616540590922 264.632880687714 261.411925156911 272.131562232971 271.47509654363 263.776004314423 262.980202833811 258.437136809031
327.082892258962 333.388487497966 333.909551302592 335.442940394084 333.687305450439 333.352367083232 337.487936019897 339.428305625916 339.418172836304 341.098745663961 339.273413022359 337.16893196106 336.161692937215 332.765142122904 330.986877282461 332.469662030538 327.862044175466 320.154130458832 315.82244237264 320.46099503835 318.636139233907 314.800302187602 312.390526135763 309.007962544759 306.539058685303 306.94967508316 309.270600477854 309.038003285726 309.621493021647 310.244937737783 313.923041025798 311.076859633128 298.818687597911 288.673758506775 263.910571734111 252.037147680918 263.378242651622 272.426247596741 271.723588307699 271.521369616191 278.473416964213 280.416289965312 264.810860157013 257.006506125132 264.704306920369 252.460261185964
328.26046148936 327.58229970932 326.923628648122 329.19575770696 332.941810290019 335.114240646362 335.482041041056 337.84031867981 337.024132410685 337.58536974589 337.948163350423 337.977290153503 336.943705876668 333.466450373332 328.719933827718 329.389949639638 326.209982236226 316.177566846212 309.925138950348 312.073985735575 311.297615369161 311.138729254405 310.463110605876 305.718779563904 305.44658501943 300.474226474762 300.882120927175 300.844252109528 300.041238466899 300.478835900625 303.667187690735 303.556223710378 282.293538252513 256.963610649109 230.31222820282 219.714363416036 233.71543486913 258.930087089539 275.282422701518 271.894653638204 272.854864597321 267.099956671397 253.233015537262 256.112575531006 261.047502358754 238.210399945577
331.142703692118 325.046896934509 323.335329691569 326.112389564514 333.270013332367 337.146202723185 335.079630215963 335.09095509847 336.478074391683 335.620880126953 334.944407145182 336.422324180603 335.195342699687 333.122849464417 330.012202262878 326.531946659088 323.234498500824 315.595726172129 311.756392319997 314.645608266195 311.415632565816 310.481588045756 306.550284226735 302.838424841563 301.252166430155 299.581090609233 298.55219523112 298.180381457011 296.565155188243 293.288767337799 287.154992421468 279.041171073914 257.741729418437 232.667406400045 222.824215888977 218.055446942647 210.349321365356 220.11144955953 236.510952313741 257.641096909841 264.34862613678 254.399458567301 249.58461523056 252.563377221425 243.377447128296 223.899940649668
332.155644893646 328.111370404561 325.917144616445 327.731708685557 332.959135373433 336.845278739929 337.619662284851 335.034608840942 335.301319758097 334.497650464376 335.394581158956 334.008057912191 335.095723470052 331.849157810211 328.398803869883 325.450360774994 324.787457784017 318.513135115306 314.010779062907 314.951419830322 314.685384432475 311.173220475515 308.561225732168 306.607087453206 303.071935971578 301.937739054362 299.87774292628 297.547280788422 294.243295987447 289.596339066823 280.252655347188 270.75586716334 249.609510103861 236.389378706614 239.879488945007 242.290377616882 233.597616354624 224.029024442037 214.986364046733 223.985552787781 240.564147631327 233.949104944865 227.625588575999 220.844825108846 216.659684975942 213.754336039225
333.917737007141 332.46644337972 329.263687133789 326.079169909159 329.466283321381 334.914882977804 334.682027498881 333.989540735881 333.72966448466 333.637595176697 335.430343945821 333.465019861857 331.847667694092 330.825964609782 326.843420664469 325.136621793111 326.510906219482 322.069704532623 317.251841227214 315.682470798492 314.154346783956 312.060256799062 311.146855354309 310.737510522207 307.121952374776 305.02462387085 300.735692183177 294.514536857605 288.611034552256 282.771170139313 280.544718106588 277.24285920461 257.067004839579 251.044352849325 255.259156227112 262.328783671061 271.948019663493 266.314586003621 250.932097434998 220.894495646159 219.837486743927 222.648461659749 219.972491264343 217.123250166575 222.471594810486 229.524493217468
335.403958956401 334.46208635966 332.435190677643 327.391823132833 324.201464653015 331.13839228948 333.66060256958 331.747690836589 329.602718353271 328.396201133728 333.397547403971 333.048601945241 330.137213071187 329.687158266703 328.934868176778 324.610590934753 325.062394142151 320.79557577769 318.928043047587 315.566261609395 316.123227278392 312.061587969462 310.844043890635 306.880791982015 307.24710226059 304.104963938395 290.12527068456 271.534403165181 267.014503479004 272.039532661438 278.457442919413 274.337391058604 258.517384529114 252.083281675975 259.546160697937 270.255128542582 285.690426826477 293.497463067373 284.950852394104 252.15615828832 225.606183211009 229.061762491862 237.450480461121 247.818370660146 257.559219996134 261.705935001373
334.212263425191 332.423806190491 332.75298277537 330.36063114802 325.480143229167 325.407922267914 331.053515275319 330.928385257721 326.233645280202 325.90130964915 330.483396848043 332.729081312815 329.270263512929 328.457077344259 329.91365591685 324.047446250916 321.586767832438 320.539275805155 317.28994846344 317.120333512624 316.427667935689 314.842661221822 311.247944831848 306.509534517924 307.868520418803 306.851506233215 290.584524472555 272.700687249502 271.94474140803 279.005169868469 285.634259382884 276.092251141866 266.350706418355 266.314228375753 279.310544331868 282.959302266439 288.420677185059 273.669203122457 243.512729803721 235.678931077321 245.96647421519 255.982021490733 250.99261601766 244.29581562678 245.208899180094 256.441632906596
326.963067054749 330.704470475515 330.196976661682 327.915986378988 322.783470153809 322.154998779297 327.585915724436 329.664806524913 327.093005180359 324.07420873642 328.325311342875 330.403447151184 328.361630439758 326.181630293528 325.88005065918 322.75269428889 318.923314412435 320.055603981018 316.278835137685 318.618178367615 318.402866522471 315.446654955546 313.777565956116 309.174537658691 308.091998100281 309.061487515767 302.171230316162 298.720399538676 294.310887654622 293.181618054708 290.930946667989 279.10190820694 276.851336161296 276.145080725352 272.513449192047 258.676846822103 240.047017733256 204.2316198349 186.535159746806 223.288416862488 259.876608848572 262.360771497091 242.874523003896 237.036426862081 248.132367928823 261.780222256978
320.171932379405 326.326409975688 326.316714286804 324.699362119039 320.608198642731 316.732148329417 322.908719380697 328.917602698008 329.187830289205 326.114455858866 326.103627681732 327.400366465251 328.446805477142 325.090209643046 323.588013648987 323.29793771108 318.589886029561 315.756579240163 312.931577364604 313.6225938797 314.454356829325 313.20599714915 311.982274055481 310.069302717845 310.063083966573 313.266714413961 314.385692278544 316.799898942312 303.769747416178 298.809945583344 291.204035282135 279.37106291453 276.516218980153 257.342159748077 231.287916501363 199.742456277212 188.368181387583 179.816762606303 174.491027990977 198.001742362976 225.675205389659 244.478444258372 244.430681069692 257.402181625366 287.608563899994 296.534736951192
