input/barkrak2/radiation/dir11224.grid
NCOLS 85 
NROWS 70 
XLLCORNER 665100 
YLLCORNER 4664600 
CELLSIZE 20 
NODATA_value -9999 
[rows 0 to 19 of 70, columns 0 to 45 of 85]
290.040691693624012 299.279689788818 308.70791276296 317.654391129812 319.287339846293 317.837019761403 310.646633307139 304.419636726379 307.560165723165 307.960351308187 306.294083595276 310.391704241435 312.614599863688 312.37538655599 314.329822858175 312.059660752614 304.319441318512 296.648879845937 294.635713100433 284.217894077301 268.034239610036 273.415982723236 295.961817105611 303.790032863617 302.780429522196 306.338985761007 304.435034592946 292.773465315501 275.019526481628 270.406822363536 268.235623836517 280.846496423086 306.962708632151 303.863525390625 309.677223364512 299.36291774114 302.281737327576 310.933272043864 302.20498641332 308.308919270833 297.766804695129 290.760258833567 299.686113993327 311.875919500987 311.712642510732 307.763636112213
272.543549537659 286.092003186544 297.116974989573 308.099965254466 315.155069033305 314.099510510763 308.414737383525 303.553322950999 309.573709964752 310.133556524913 305.491705735524 308.333138624827 312.738160292308 313.988784948985 313.75793615977 312.036514282227 310.207525889079 304.389794667562 300.6365497907 288.986682891846 282.525797684987 288.200418154399 301.688313484192 305.928230285645 307.028969128927 307.756205399831 303.912897904714 294.263263543447 278.369009494781 271.313667297363 272.070447603862 291.630427042643 305.346210797628 304.614166418711 310.01212199529 300.363441308339 300.972024599711 305.524567763011 301.154136657715 310.842712720235 306.868712107341 298.675000667572 301.822563012441 311.004896958669 313.105205694834 310.716847578685
240.239342053731 252.070327599843 263.079027334849 273.876031239827 284.271975358327 292.125900586446 297.047555446625 302.92675892512 307.129263877869 305.452724297841 300.727963447571 303.596337636312 312.766909599304 316.428780555725 313.30273548762 317.217568556468 320.793847242991 318.035503228505 310.888965924581 302.541613578796 303.807953993479 304.49374516805 304.583668708801 305.461446444194 307.686487833659 307.80835946401 302.713334560394 293.371359507243 281.25927845637 274.064958095551 277.252713839213 298.466781775157 298.025131225586 302.57240931193 309.532483418783 303.700029850006 296.983977158864 293.7304576238 301.40761534373 310.870389143626 307.98747142156 302.213350931803 298.556804656982 306.440075238546 317.117969195048 315.161267916362
224.333385626475 224.670112133026 232.367952664693 239.211181799571 246.468265851339 251.326819260915 256.821235020955 269.608020782471 285.214682420095 296.494166056315 301.460742950439 308.733661969503 315.808554490407 318.248967329661 317.358374595642 316.961010297139 317.620853583018 314.583818117778 309.919714927673 306.907375653585 305.46913544337 303.432404994965 308.177371819814 308.012227217356 307.518680890401 309.649686018626 304.708123207092 297.412017981211 291.188279787699 286.018371582031 281.436284383138 300.769964853923 298.357546329498 302.187164624532 304.122964541117 305.492242177327 302.194495995839 300.935387611389 310.039242108663 313.168307145437 306.052525838216 295.915067195892 291.428208351135 303.518394629161 317.538301150004 316.100796063741
244.359175364176 229.491909344991 216.40153725942 208.685517311096 212.741315364838 228.249311447144 247.275014718374 256.080468495687 265.060782432556 271.372576554616 287.70124912262 303.460021813711 312.571167945862 316.531558831533 318.301479021708 318.171819051107 314.014335473378 306.52242898941 305.054227511088 306.641538937887 303.791403770447 302.515248457591 309.837222099304 309.919774532318 308.674335479736 311.160405476888 307.105422019958 300.701518853505 294.542888800303 290.708541870117 293.705264727275 307.542423407237 304.931541283925 305.836002031962 302.608052889506 304.175913333893 310.504754384359 312.469959259033 313.771347204844 312.256693840027 309.663414955139 303.397377332052 301.206707954407 303.827226161957 308.971126874288 312.80130147934
282.664616902669 259.45508480072 234.662294387817 212.756037712097 203.392167886098 214.358369509379 238.476594289144 253.845711549123 257.379372914632 257.447520891825 266.02574189504 277.806917826335 285.898407300313 291.257262229919 297.488152980804 302.232007185618 300.399045149485 298.280874888102 301.492889722188 306.229690710704 306.224664052327 309.626380602519 314.280132452647 312.376141548157 311.392406622569 313.498377799988 310.069839159648 304.263691107432 297.502160072327 294.084270795186 301.769256591797 309.186359246572 310.652613639832 313.304841518402 308.323164780935 305.130521456401 310.034851233164 312.230944633484 309.61412191391 309.962491194407 309.879938761393 306.644002596537 305.857121944427 306.414703528086 300.916155179342 291.298349698385
300.050675868988 281.256874402364 263.973593711853 245.238403479258 225.845456123352 212.625086307526 220.179299513499 247.420271237691 259.45246219635 266.672015190125 264.164487520854 258.883734544118 255.125562349955 251.703222592672 253.814895947774 267.326196034749 277.225176493327 290.799578030904 302.34706401825 309.526324272156 310.436467329661 309.575935204824 312.976161638896 312.878966331482 312.9909435908 314.410150051117 313.526471455892 309.804379940033 303.997039794922 303.255657354991 307.62787659963 312.864720821381 319.593946139018 320.15186548233 317.33649969101 310.658236344655 309.764484564463 309.425075848897 309.258679548899 310.622851053874 307.866414388021 304.522931575775 305.625220139821 304.918825626373 287.607928117116 281.442582607269
304.766138394674 298.227508862813 290.140847365061 277.714848518372 258.09113184611 230.471889177958 209.031720956167 209.614972273509 241.809606552124 264.637370904287 271.264771620433 267.664909362793 259.398917357127 250.802516937256 239.282846450806 242.531061172485 253.96994749705 268.302400906881 286.974966526031 301.301737626394 307.65034755071 309.03567870458 312.709291776021 312.74950504303 311.94531917572 312.925656636556 313.020288944244 310.94096104304 307.931780815125 310.597995917002 314.885358015696 317.739049593608 320.167124271393 319.687247276306 316.354056199392 312.557657559713 311.020493507385 306.008179982503 299.295544624329 296.066224575043 300.233721733093 307.170708974202 314.411739508311 313.553591569265 300.821363925934 292.663991451263
298.851112524668 299.396713574727 296.779831250509 290.898640950521 280.230780442556 261.765440305074 234.548727671305 207.432925701141 219.00886297226 241.19488398234 259.458164374034 267.391045888265 268.374701340993 266.122857729594 256.146212418874 249.506672223409 247.092882792155 251.290579636892 264.266967773438 278.432627518972 291.278680165609 300.390680631002 305.191040039062 302.569925785065 303.850074609121 305.541674296061 306.529144446055 306.226193904877 305.972417195638 311.695953210195 314.911107222239 314.492801825206 314.534227053324 314.986904462179 313.542902469635 313.19789091746 310.961524645487 304.688254992167 292.860468228658 293.191691239675 307.960152626038 317.195415496826 320.093949635824 317.23016500473 307.0068359375 299.650510152181
275.802930196126 283.866941928864 287.939389546712 288.00360361735 285.646120707194 282.914638519287 269.698580106099 253.340363502502 223.291595776876 214.602748552958 227.961500485738 251.340289910634 270.103394985199 278.677364190419 280.21776676178 272.717376550039 259.580214818319 254.991332689921 254.359682401021 257.452468077342 264.436860879262 271.187424659729 278.565526008606 284.148693084717 290.591140588125 293.316781520844 294.832229614258 294.86354192098 295.907775561015 301.161249478658 301.997145016988 302.522083123525 307.437062263489 310.830473899841 311.7862145106 310.076812903086 307.809948921204 305.702745914459 294.076482454936 297.167420387268 313.794513543447 318.938632806142 318.096915880839 314.844965934753 304.364303747813 297.412832578023
229.360461235046 242.328385512034 253.840704758962 263.165354728699 271.508653958638 278.296371301015 280.180017153422 276.149849096934 251.990735530853 228.131075700124 213.485836982727 221.2153673172 247.104982535044 269.733488559723 282.157063484192 273.943106333415 267.427484194438 260.847210884094 253.622651100159 248.712837696075 249.014814694723 248.460451761882 251.904666423798 263.632595539093 274.367133776347 281.040251255035 282.83421198527 282.864948113759 287.432134151459 291.739682356517 293.679714202881 296.633780002594 303.958217302958 306.966622670492 306.302229563395 305.063923199971 307.16598033905 309.409519036611 304.802735646566 306.439181168874 314.143598079681 317.758619785309 318.358679612478 316.75773859024 309.222221374512 305.644154548645
189.101854960124 194.385250409444 202.436327934265 214.653472105662 230.169534683228 245.775997638702 262.68462340037 268.321573734283 269.172390302022 257.044692834218 232.924262682597 213.756700356801 215.248962243398 237.763504187266 262.243549029032 264.97475306193 271.027684211731 268.41942469279 259.86385345459 249.521692593892 243.440409501394 240.905443827311 241.055091222127 249.536474545797 256.838202476501 262.022117773692 264.624238014221 268.507281939189 274.531364440918 278.678139050802 282.660841941833 287.596662839254 292.398989200592 294.882337252299 294.666389624278 295.638084411621 302.852094173431 310.025533040365 311.046818892161 313.513696193695 316.121061642965 318.524400393168 318.459610144297 316.239396731059 311.246971289317 309.412161509196
177.069147427877 172.722339630127 170.403103033702 170.38502295812 178.209841251373 194.795648256938 218.896766503652 239.742259184519 266.309857368469 270.630240440369 260.389963785807 238.479812939962 211.700240770976 208.427747090658 231.191198031108 256.239831447601 270.397186279297 272.763888041178 268.539388974508 260.529597600301 251.771251360575 251.038153966268 250.59696038564 251.425127188365 251.728097597758 250.992258389791 254.51922416687 262.596686681112 265.855669975281 267.129004001617 271.719038486481 276.716450850169 277.710239092509 279.293060302734 281.450748443604 285.790880521138 295.554916063945 303.515434265137 305.133084456126 310.020883878072 312.661170959473 313.135246435801 311.721424261729 311.90687417984 306.908984978994 305.903971195221
169.710357983907 140.487670898438 122.763852278392 117.669840653737 115.275164445241 124.466627836227 142.181654771169 180.500308672587 217.836976051331 251.712520917257 268.396894137065 268.252333005269 251.012245814006 226.662258307139 222.84334897995 247.424801190694 263.075212637583 274.678806463877 280.465722084045 277.119894822439 266.533474127452 263.608574867249 260.583678881327 260.306159655253 259.969055652618 257.908781369527 260.784029960632 268.518924713135 267.549196879069 261.860330899556 266.836682955424 271.699746449788 273.306369781494 272.879441579183 276.118814945221 282.383481661479 287.821392218272 291.444361209869 294.048468271891 295.484701792399 299.040257930756 303.107778231303 306.64587020874 309.385240077972 304.611404736837 305.083870887756
153.828322887421 116.63493514061 91.5008584658305 86.7174764474233 87.2048139572144 92.7580098311106 102.148602406184 128.378619750341 159.726490577062 208.100934823354 258.475124835968 283.911426862081 287.484745184581 271.027286847432 247.455457846324 243.256370226542 247.435351212819 261.873503526052 277.441759904226 284.515341122945 282.826006412506 277.426679929097 274.717768033346 271.562735239665 268.299957116445 266.834477583567 268.918891747793 270.930449167887 266.062458356221 261.978030204773 264.977693557739 269.41172281901 269.549747308095 269.5605357488 273.073136806488 275.785505771637 277.416348457336 276.586214701335 280.032694339752 279.720346132914 284.682432810466 291.132390499115 295.838673909505 297.349770863851 296.263496081034 297.830859820048
132.974872986476 106.551597515742 76.9522190093994 66.5171841780345 81.4699580272039 105.059057474136 110.582868258158 121.203313271205 140.965114037196 174.439171950022 223.011593023936 274.130503336589 297.078649202983 295.045534769694 277.855555216471 249.979615211487 239.63451385498 241.209228833516 257.490038871765 279.910763104757 289.067268371582 284.668485323588 285.58615843455 280.269662539164 273.758471012115 274.255653222402 276.706695556641 273.224393526713 267.910003662109 270.281354586283 271.316111087799 270.755012830098 267.507513364156 266.264041264852 266.996006170909 266.401529312134 263.798912366231 260.069251060486 262.720366319021 264.570275942485 268.193999926249 273.432413736979 276.084462801615 276.541431744893 284.934480985006 289.417147636414
118.420581022898 107.046107451121 81.3460101683934 58.1904947757721 63.1063977877299 91.8195645014445 108.893593152364 121.491889158885 140.827705462774 154.790451129278 179.904500643412 225.422700246175 264.139652252197 288.049578666687 292.447606722514 280.638158321381 269.419074058533 255.384167035421 246.198336283366 255.59933980306 277.490973472595 287.831882635752 290.885547796885 286.874572436015 280.51350514094 281.043728192647 284.751057624817 280.996918678284 278.057257334391 282.727022965749 281.861662864685 272.087037563324 266.125718752543 262.64210542043 258.334199587504 257.301986217499 253.212213516235 251.220424969991 251.882513364156 255.114475886027 256.803631782532 259.649395942688 262.393434842428 264.040807882945 278.508404890696 285.910447438558
110.344121853511 111.403355995814 100.757310787837 69.7723080714544 55.9836576382319 82.8860600789388 109.197398026784 131.403227647146 149.636745452881 161.534041166306 170.272310574849 196.486214796702 231.885333855947 247.695247332255 265.505492687225 291.819095611572 293.935100237529 282.090862592061 263.491908709208 247.253278891246 257.880330085754 281.266848246257 285.86224714915 286.352097988129 286.79895401001 290.559927622477 293.932437896729 292.435069878896 289.756039778392 291.310568650564 286.113421122233 276.03820959727 269.084970156352 261.959195137024 256.270507971446 253.62503528595 251.291155815125 251.426418622335 250.741521517436 252.752105394999 255.192339420319 255.995233853658 256.199955940247 259.960869948069 269.599378108978 281.031608581543
116.658757130305 125.789453585943 128.130217393239 100.823034842809 81.9558948278427 103.877325852712 122.432639201482 141.860107580821 160.423616568247 179.791251818339 191.526810328166 194.674630959829 211.076577504476 225.116193294525 245.85098028183 261.39897108078 272.532999515533 286.235372225444 287.743369738261 271.424074967702 252.656996250153 265.236020088196 273.228287696838 281.657695770264 290.588855743408 296.224534511566 298.88254404068 299.251755078634 294.037222862244 292.139490445455 285.519699255625 279.204905033112 271.629532178243 264.150420824687 259.539365768433 255.25043408076 254.373788833618 251.659115155538 251.003940900167 253.336668014526 257.272779941559 258.885324001312 257.592221101125 260.314424832662 262.082060178121 273.681044578552
125.439544518789 129.307150840759 141.674647728602 139.96484875679 126.164277394613 122.286488612493 126.572986443837 136.768370866776 154.124786456426 176.729460557302 189.250330130259 188.428024450938 193.253874778748 202.994704246521 215.294897556305 236.629545688629 252.958536148071 261.38577858607 270.973324775696 282.269517580668 277.823805809021 264.448126157125 265.615562597911 274.382332960765 284.764130910238 293.065965175629 298.184275627136 298.613746960958 291.820148626963 290.680249532064 285.24653116862 277.914563814799 270.775894323985 265.754044055939 262.530446052551 258.193095525106 254.453996817271 246.684849262238 244.912187258402 253.176013628642 258.519331614176 260.449767112732 262.961427370707 261.547744274139 259.06229019165 267.284135023753
