input/barkrak2/radiation/dir12124.grid
NCOLS 85 
NROWS 70 
XLLCORNER 665100 
YLLCORNER 4664600 
CELLSIZE 20 
NODATA_value -9999 
[rows 20 to 39 of 70, columns 0 to 45 of 85]
152.239004770915 141.404151916504 154.125720262527 190.260867277781 185.542742411296 150.702446699142 140.606780846914 149.538705746333 162.837008635203 178.633491198222 192.87117322286 196.638862291972 203.012744585673 208.392898241679 218.690454959869 239.287416140238 254.655480384827 267.142991224925 280.61431646347 301.430821418762 309.951563676198 300.188541412354 298.496663570404 300.787647565206 302.446683247884 303.495089213053 306.777099768321 304.910620053609 301.824152469635 300.817966461182 293.677111466726 280.204137166341 267.663955688477 260.115047295888 257.143517335256 262.683649857839 262.562076250712 264.861861864726 269.782185554504 273.567934830983 274.777511755625 274.972120920817 276.88064177831 271.284957726796 276.7227490743 280.069728692373
183.13733736674 176.861564318339 185.20853916804 216.940601666768 213.27938636144 159.602801005046 150.978138049444 159.623006979624 168.541928132375 178.334474563599 186.259130636851 194.514393806458 198.029498259226 197.881658871969 210.21314462026 224.750856558482 242.296695709229 255.232115586599 271.416564782461 287.518719832102 296.784778436025 312.272429466248 317.308942476908 315.851747989655 309.965868790944 301.944295565287 296.445906162262 286.926647027334 289.87334171931 281.815747419993 267.69483089447 235.935131708781 213.352759679159 206.920484701792 213.271081447601 233.934044837952 242.437223593394 258.266746997833 269.603033860524 270.718097686768 267.740984757741 266.743918259939 260.450263818105 244.369804859161 266.195078690847 276.933630307515
228.014985720317 231.226166089376 227.649629116058 236.066818237305 235.86759964625 189.113438129425 176.450351874034 167.349874973297 164.60249821345 171.306967735291 186.760485172272 195.45567035675 203.464329242706 206.186294555664 212.98489967982 222.864151000977 234.049836794535 249.842544396718 261.059761047363 269.192377726237 274.360716342926 285.391132036845 286.571621894836 286.301493644714 286.898771921794 279.204428195953 261.067946751912 248.367448647817 245.477159818014 230.871478716532 199.171980222066 158.001790444056 134.706765413284 143.897434075673 172.136346499125 198.007861773173 218.044698238373 240.59134721756 254.704296588898 257.574578126272 261.410037676493 261.806885401408 237.780332565308 213.704963525136 244.174281756083 273.891488711039
255.862096945445 254.148403803507 240.935921669006 241.719841957092 240.867575009664 227.128605047862 198.998888333639 174.75426197052 161.00745399793 165.629277626673 185.487349828084 196.00381453832 209.582209587097 220.08341550827 217.672129472097 223.141491413116 230.55366675059 241.461853186289 247.100472450256 237.873752911886 234.467486540476 235.541025797526 247.865895430247 258.412063121796 263.202627499898 266.439835230509 252.25422779719 237.319668134054 215.773622194926 179.402768611908 150.635421276093 124.845733245214 88.2390141487122 65.92757999897 77.2388378779093 113.249739011129 159.093598524729 192.076802253723 211.527387301127 222.688297430674 221.304853757223 206.155399481455 194.231728712718 227.514088153839 229.975581169128 263.176798820496
249.591767787933 249.689916769663 248.343189557393 244.192957878113 232.808609803518 227.083166440328 205.634077390035 188.240110874176 172.510325908661 167.089025179545 178.817788759867 194.582263628642 206.056972344716 216.759423414866 220.174531141917 216.718951861064 219.356179237366 227.634886900584 236.851970354716 229.7323346138 230.882545312246 224.215666453044 232.711474100749 241.661866505941 245.114048322042 244.85969543457 236.488580703735 225.360035896301 194.148480892181 145.551025867462 124.907970428467 121.100793282191 97.5852409998576 50.5558451016744 43.6338285605113 66.4546589056651 105.243325233459 136.123309532801 163.72087597847 184.806625048319 173.718392848969 152.391642332077 173.504630724589 250.200887521108 245.657384395599 265.251119931539
240.19984404246 245.052854220072 251.651366551717 243.928750356038 234.024504820506 227.258404095968 216.506739457448 215.074678262075 210.661371548971 196.515878041585 193.441351254781 208.91265074412 218.655169010162 226.894875367483 226.93391640981 216.78630510966 218.25114885966 230.497539043427 233.066876729329 238.638937473297 243.684430917104 236.398597558339 230.723003546397 229.901472727458 232.94339577357 230.538606643677 225.383738676707 216.742197672526 180.918971697489 155.342022577922 151.936153570811 166.385779778163 165.623168150584 116.58501625061 81.7029774188995 84.408034880956 93.2449102401733 113.447884718577 143.384377161662 153.318107128143 145.416895548503 138.784756263097 182.386755943298 245.703597863515 263.829251130422 275.195976098378
241.115868091583 244.769116242727 250.25329987208 245.725492636363 248.692790667216 242.642839749654 237.074871857961 236.376980940501 239.244262377421 232.524275779724 217.586537202199 229.85843817393 233.684837818146 240.484317143758 237.367371718089 226.672212282817 224.659383296967 232.965211073558 240.204314390818 252.321461836497 252.247512340546 250.652372837067 241.165121396383 233.352164427439 230.608661969503 232.809901237488 223.071038722992 219.801266988118 191.238800684611 188.190817832947 206.827600797017 232.070247332255 238.67925008138 238.768577575684 195.022861162821 119.758327802022 111.771245797475 115.53422609965 136.606007814407 147.610267003377 159.595906734467 190.097729365031 206.055283546448 229.33034102122 253.862758477529 265.57187239329
244.915127754211 241.629600524902 244.118869304657 245.530645052592 274.622877438863 260.496258735657 252.728899319967 243.48254998525 245.592673619588 249.230603377024 234.990199406942 234.377980232239 237.865726153056 242.311735947927 243.33385626475 240.165988604228 232.163389523824 238.615691661835 249.494771162669 255.520741144816 254.838605721792 245.954116185506 240.61119556427 243.052701155345 240.135192871094 238.053977489471 232.602695624034 228.25829188029 222.889184951782 223.265449206034 243.505636850993 257.606506347656 260.103940963745 273.640215396881 275.921861330668 194.206754366557 137.707978487015 123.732149600983 128.277947505315 151.046295960744 193.316181500753 252.683381239573 220.314145088196 213.642239570618 231.067419052124 244.005143642426
243.673980236053 233.288606007894 236.761649449666 251.749575138092 292.205234368642 265.742818514506 247.080683708191 237.038731575012 238.617817560832 240.978558858236 235.871036847432 229.822913805644 236.16232474645 241.786440213521 246.788064638774 248.122711976369 244.326909383138 238.394538561503 250.128547350566 250.237186749776 249.109228452047 241.777459780375 241.056422392527 245.707790056864 247.284630934397 240.8194343249 241.618355115255 236.306567986806 232.255677382151 234.674334526062 255.389233430227 271.669924259186 273.126800855001 273.004213968913 286.198417345683 261.669039726257 163.278122742971 109.858791033427 98.1464187304179 127.751578887304 201.702694098155 237.07656065623 209.326684474945 182.024637858073 201.862235864004 213.500539461772
237.85811662674 225.225965181986 232.031305631002 261.950671672821 290.526111920675 262.646814187368 235.889414946238 217.287103335063 209.124068419139 208.767970403035 211.17103099823 211.962223052979 228.69606812795 240.566611289978 244.878947734833 251.132786273956 251.599907875061 238.690098126729 241.669297218323 243.447482585907 242.27100610733 244.35293674469 244.700411955516 249.102572600047 250.329772631327 244.37685807546 247.330745061239 241.378009319305 235.72846253713 242.739001909892 263.044953346252 280.172030131022 276.355147361755 274.05971288681 284.265776475271 292.555073897044 250.288208325704 165.993372599284 125.347783168157 133.306910594304 171.148717403412 187.30886777242 190.914114316305 157.710095246633 165.988107522329 185.900489489237
229.438940684001 237.429857254028 267.473697662354 313.425342241923 309.668640295664 268.739422162374 232.183039188385 200.775504112244 191.095948219299 200.628856817881 195.728043715159 191.583136717478 219.719688097636 240.532636642456 248.16236893336 257.856726646423 255.532383918762 243.75726779302 245.777547359467 246.055861314138 244.891285896301 247.768084208171 250.031232833862 252.38444407781 250.588059425354 254.462202390035 253.688871860504 250.958462556203 243.595739205678 254.054466883341 270.801266034444 282.744467258453 278.779288132985 281.807800134023 288.536826769511 292.336086432139 300.013760725657 287.541925907135 210.89380979538 163.752526044846 150.160610675812 145.019749800364 165.043244759242 156.984031200409 157.760302225749 184.040645758311
248.255093892415 279.332796732585 309.222122033437 321.110049883525 338.289022445679 308.6177110672 264.595965544383 225.349028905233 211.285392443339 223.668058713277 217.096269130707 196.235318978628 213.359653949738 238.34898074468 254.746953646342 259.444276491801 257.529695828756 254.861831665039 249.385933081309 247.770170370738 249.986787637075 250.688970088959 253.020644187927 252.11230913798 251.90411011378 261.306663354238 263.697425524394 265.713016192118 260.539750258128 266.854504744212 276.24104420344 282.42027759552 284.502824147542 291.088581085205 296.043872833252 285.024225711823 289.823114871979 313.833038012187 287.495255470276 214.680035909017 163.742542266846 146.925240755081 149.25628900528 162.360141674678 184.303065141042 212.506691614787
291.660030682882 310.364504655202 311.345160007477 306.025564670563 321.833610534668 331.460575262706 314.109861850739 282.282471656799 255.968272686005 253.048201402028 254.472891489665 230.220278104146 216.626127560933 239.45693174998 258.165637652079 263.442238171895 259.856661160787 260.10137796402 249.097367127736 245.938837528229 252.379616101583 254.331628481547 252.921024958293 252.26628780365 254.907051722209 265.084346135457 271.156668663025 275.807003180186 271.129667758942 270.868559678396 282.205144564311 289.104819297791 286.391099294027 286.636670430501 291.132767995199 279.708743095398 280.353387196859 291.019558906555 276.303291320801 236.60018046697 200.922588507334 171.181360880534 155.865728855133 162.417153517405 184.729357560476 220.435341199239
301.228165626526 302.621424198151 297.594706217448 288.27836116155 290.721893310547 307.775020599365 317.9944952329 304.689764976501 284.444232781728 276.954650878906 277.115881443024 262.272536754608 243.59393119812 244.588474432627 257.093071937561 260.069012641907 256.215810775757 256.359835465749 249.637285868327 251.988291740417 250.296036402384 250.067671140035 249.049842357635 248.367269833883 254.416108131409 261.360426743825 270.512580871582 271.513938903809 270.212749640147 275.317668914795 285.456120967865 285.614709059397 274.134278297424 269.107222557068 272.843639055888 255.378385384878 253.348271052043 247.768302758535 228.394349416097 218.591431776683 228.604674339294 205.072224140167 180.542647838593 168.805082639058 171.81662718455 195.789476235708
301.681717236837 296.789606412252 302.013397216797 290.521820386251 284.458120663961 294.11909977595 313.784182071686 323.23964436849 306.24532699585 287.589172522227 279.832363128662 275.202433268229 271.634260813395 261.991540590922 258.757551511129 258.189539114634 256.145536899567 254.268288612366 253.221333026886 255.166172981262 251.523156960805 248.97434314092 249.82758363088 249.515493710836 253.68078549703 258.676131566366 264.841179052989 262.858986854553 265.590667724609 276.458044846853 282.649318377177 274.930437405904 261.149863402049 262.442866961161 258.642514546712 240.753134091695 242.975850900014 241.916517416636 238.865554332733 242.488443851471 244.315107663473 241.457005341848 220.83854675293 204.343438148499 185.870846112569 180.809020996094
316.085120042165 313.537796338399 320.345024267832 316.216727097829 307.852208614349 309.724072615306 322.036226590474 335.558732350667 318.152685960134 291.969239711761 278.982639312744 278.526465098063 282.849947611491 271.599809328715 264.845490455627 267.129143079122 263.479550679525 253.813683986664 258.393804232279 259.500503540039 257.784426212311 250.472803910573 253.466327985128 257.079839706421 254.542390505473 257.988413174947 261.67631149292 258.534948031108 262.163579463959 274.734377861023 278.368433316549 271.648565928141 262.93800274531 264.099895954132 251.517375310262 245.526969432831 251.120368639628 254.192252953847 261.140962441762 269.318958123525 233.440577983856 227.940022945404 219.240705172221 209.986587365468 194.182435671488 174.447516600291
327.449440956116 326.551079750061 329.616705576579 329.746941725413 321.94064060847 316.640973091125 322.455843289693 334.74866549174 323.229094346364 292.808413505554 279.626369476318 279.704372088114 284.946282704671 272.5523908933 264.397184054057 270.486255486806 271.615127722422 262.46311267217 264.542023340861 266.405363877614 265.127619107564 260.597387949626 259.861985842387 261.900146802266 259.793480237325 258.725126584371 261.648615201314 265.527844429016 268.400569756826 277.081688245138 279.029528299967 274.133404095968 265.553156534831 262.611250082652 249.21852350235 253.162205219269 258.11101992925 260.632475217183 262.937227884928 264.499147733053 216.226617495219 181.802928447723 168.875316778819 163.747310638428 164.43462173144 161.58264875412
329.466859499613 331.069568792979 332.060615221659 331.098914146423 325.188100337982 321.173191070557 322.372476259867 329.089641571045 328.070918718974 301.45275592804 287.798821926117 284.938077131907 279.826641082764 271.155993143717 262.906769911448 267.278790473938 277.220050493876 271.149833997091 267.516513665517 270.19743124644 272.050658861796 267.376939455668 263.862649599711 265.202840169271 265.386303265889 262.991925080617 264.828642209371 270.337541898092 272.793134053548 275.541186332703 279.099742571513 275.651514530182 268.476585547129 253.214061260223 242.397089799245 259.312013785044 268.186529477437 267.806212107341 259.81863339742 261.727571487427 214.771628379822 149.535795052846 123.318781455358 113.223741451899 118.685593207677 125.753223896027
318.669060866038 324.724733829498 327.88614432017 327.129324277242 326.370298862457 327.747384707133 327.813406785329 327.888548374176 327.988982200623 312.249978383382 305.744131406148 293.3429479599 281.624833742778 276.214718818665 271.382391452789 266.257246335347 276.170571645101 276.413023471832 270.682334899902 270.300428072612 270.123521486918 266.924222310384 265.08233944575 265.063087145487 267.419298489888 270.514607429504 267.837365468343 269.978741804759 272.8045185407 273.122986157735 276.715755462646 277.848402659098 263.64262898763 240.830779075623 248.13441435496 273.406187693278 277.159730593363 271.496335665385 258.037050565084 260.242799917857 254.513025283813 190.471867720286 133.108645677567 112.058331569036 111.441572507222 111.297210057576
297.25456237793 302.090922991435 301.819801330566 308.274527390798 317.412694295247 326.265275478363 331.468105316162 334.112008412679 332.794149716695 322.507739067078 307.96738465627 290.511667728424 278.866569201152 279.25036350886 275.557895501455 269.296447436015 274.136602878571 274.400134881337 269.031842549642 267.945826053619 270.566662152608 272.840281327565 270.65098285675 266.075730323792 264.791786670685 266.801079114278 270.833909511566 271.898845831553 274.443825085958 274.015386899312 273.388028144836 275.050580501556 257.294376691182 242.507417996724 268.300096193949 284.738639990489 279.636919498444 273.644864559174 263.946274916331 264.695286750793 290.134151776632 287.561694780986 220.071931680044 166.122118631999 133.561581373215 112.459222475688
