input/barkrak2/radiation/dir17024.grid
NCOLS 85 
NROWS 70 
XLLCORNER 665100 
YLLCORNER 4664600 
CELLSIZE 20 
NODATA_value -9999 
[rows 40 to 59 of 70, columns 0 to 45 of 85]
344.354391098022 344.992558161418 344.958662986755 346.553802490234 350.41864713033 352.902889251709 354.868769645691 356.991132100423 357.050021489461 351.393461227417 344.407002131144 341.301838556925 339.010794957479 336.241443951925 333.29047759374 332.867562770844 330.132484436035 329.950869083405 324.453453222911 322.665790716807 322.517017523448 325.619637966156 324.514706929525 320.480724175771 317.218422889709 314.859489599864 319.666385650635 320.280432701111 320.543984572093 320.489625136058 319.334626197815 314.56180413564 288.855294386546 283.432443936666 303.878565629323 304.185907046 295.556008815765 295.905907948812 295.888642470042 283.7020556132 291.838804880778 331.983625888824 352.8045018514 310.286561648051 251.439849535624 206.967333952586
348.358074824015 346.84681892395 346.991141637166 347.599228223165 345.871527989705 344.631870587667 344.491521517436 345.569054285685 348.477204640706 343.814214070638 339.505871136983 338.980118433634 340.114990870158 339.314182599386 337.398409843445 335.09103457133 329.818824927012 334.663907686869 332.386453946431 327.435652414958 328.136066595713 327.899018923442 326.204876104991 325.930158297221 325.660487016042 320.943295955658 323.609034220378 323.676586151123 322.420756022135 323.164562384288 321.490605672201 315.35126765569 295.973877112071 294.789950052897 305.828770001729 297.013560930888 282.776296138763 283.578495184581 291.268229484558 295.651694138845 308.641692002614 321.017464001973 335.196892420451 335.464437802633 293.927888075511 244.095901648204
350.095152854919 348.331292470296 350.401918093363 349.488655726115 345.786134401957 344.52227751414 344.382802645365 343.683203061422 344.053467114766 341.384490331014 338.978926340739 339.087645212809 340.522805849711 341.756145159404 340.639630953471 337.98877398173 335.178295771281 335.899591445923 336.001396179199 330.561896165212 329.888502756755 326.659361521403 323.456188042959 325.088123480479 326.925158500671 323.459565639496 320.201019446055 321.737825870514 322.490374247233 321.586926778158 320.047477881114 312.688628832499 303.285539150238 303.863962491353 302.646954854329 286.444922288259 271.644651889801 277.80685822169 293.154040972392 305.351773897807 313.269197940826 311.209519704183 307.771364847819 313.619196414948 299.750109513601 250.357826550802
342.723290125529 344.400564829508 348.766644795736 347.232580184937 347.550710042318 348.994135856628 349.446614583333 348.084568977356 342.442313830058 341.006875038147 342.188278834025 340.418934822083 339.91014957428 340.132633845011 340.798298517863 337.05464998881 336.613297462463 336.880524953206 337.673107783 333.461205164591 329.249699910482 328.110913435618 325.484156608582 324.399590492249 323.575437068939 324.795206387838 320.066034793854 320.392330487569 321.702480316162 319.759567578634 315.314491589864 309.298475583394 307.154874006907 308.33625793457 294.634342193604 272.059162457784 267.437875270844 281.569043795268 301.267564296722 306.167721748352 306.311011314392 301.98593934377 294.314165910085 293.062845865885 287.702659765879 257.471342881521
342.610160509745 346.026023228963 347.322265307109 347.090641657511 348.075111707052 349.109450976054 349.04158115387 346.778829892476 345.208605130513 342.952489852905 343.180934588114 341.130375862122 338.284174601237 336.705605189006 335.650086402893 334.747711817424 332.864979902903 336.137453715007 336.263219515483 335.330406824748 331.883529822032 329.601327578227 328.219950199127 327.650328477224 323.218246301015 327.520430088043 326.447367668152 323.492010434469 321.372787157695 316.819866498311 310.604453086853 305.721163749695 304.163893063863 299.775342146556 286.730289459229 270.007193088531 271.233717600505 287.244737148285 302.815179030101 301.421125729879 302.912493546804 295.412957668304 282.833456993103 278.328796227773 279.656151930491 269.177854061127
346.283912658691 348.483840624491 346.903125445048 348.099907239278 347.325404485067 347.044547398885 347.796003023783 346.83632850647 347.94549147288 345.571875572205 344.551881154378 342.415571212769 340.136090914408 336.673935254415 335.15206972758 337.664087613424 332.926650842031 333.828647931417 337.632179260254 335.885445276896 333.312451839447 331.921954949697 330.448309580485 330.099364121755 327.998956044515 326.935668786367 327.857593695323 325.225571791331 321.957071622213 316.971182823181 310.614426930745 306.345880031586 303.914864857992 294.732630252838 279.239853223165 264.622449874878 269.858201344808 287.289241949717 294.992665449778 289.132873217265 294.745862483978 286.422689755758 274.528384208679 277.243733406067 288.086791833242 280.053397019704
346.298575401306 347.024401028951 348.078052202861 348.627050717672 347.806692123413 347.986857096354 348.361849784851 349.189718564351 347.384214401245 347.263216972351 345.343550046285 345.107158025106 342.397610346476 340.951442718506 339.733560880025 340.823690096537 339.537143707275 335.218787193298 338.196396827698 336.716492970784 334.15687084198 333.547949790955 330.650746822357 327.504416306814 329.412360986074 324.954986572266 322.728594144185 322.27877775828 320.209602514903 316.971401373545 311.952908833822 308.30325682958 302.195986111959 291.32600625356 277.708272139231 266.302267710368 273.89387289683 286.776423454285 284.775892893473 286.698599656423 293.52080821991 282.469232877096 278.061866760254 285.011827945709 294.246474901835 286.563038825989
343.816995620728 344.567696253459 347.277482350667 347.005605697632 348.323742548625 348.844607671102 348.113814989726 347.073356310527 346.624930699666 348.364512125651 346.34538491567 344.767411549886 343.184391657511 343.390067418416 342.35684076945 341.065486272176 339.605609575907 333.922704060872 336.328426996867 336.449384689331 332.165996233622 329.851567745209 330.416242281596 326.5247742335 326.156655947367 323.447187741597 319.298803806305 318.378170331319 318.068703015645 314.569115638733 312.48664855957 308.743913968404 300.093611081441 295.744478702545 288.68289788564 275.704344113668 278.342604637146 285.656034946442 287.585198879242 294.032295544942 291.418274243673 284.245272477468 286.056300004323 286.880751450857 286.584258079529 278.527458508809
340.136051177979 342.006683349609 344.292203585307 345.202525456746 348.127921422323 348.890066146851 346.722284952799 346.070766448975 347.704768180847 348.917762438456 348.097602526347 345.642805099487 345.117688179016 344.66548760732 343.547940254211 340.083559354146 338.835120201111 334.123531977336 334.30540561676 334.542751312256 333.051045735677 331.724067529043 331.673622131348 326.127727826436 321.945091088613 323.539574940999 321.932256221771 320.981462796529 322.349647680918 319.618582725525 318.853477636973 315.656880537669 305.853585402171 306.4058025678 298.139631748199 280.572533607483 280.920724074046 289.05196984609 293.632507324219 293.7118212382 284.416139125824 281.93336725235 280.931909879049 275.651196638743 273.128608862559 272.732893625895
339.582721392314 337.583939234416 340.341965357463 343.951940536499 346.661408742269 347.17869758606 347.521106402079 349.018732706706 349.954843521118 347.894430160522 348.824938138326 349.029739697774 346.872488657633 344.796260197957 343.037843704224 339.917103449504 339.318911234538 334.530591964722 334.029277165731 336.50533358256 336.412668228149 333.45623811086 328.794320424398 329.470912615458 324.419339497884 326.112151145935 323.614915211995 323.811630407969 323.907275994619 325.41424036026 325.233519077301 318.687081336975 312.158385912577 311.029275258382 302.337427934011 285.719037055969 279.383699099223 287.500739097595 293.278952439626 284.345666567485 273.275812466939 276.786049207052 276.645441850026 270.982166131337 270.486772060394 274.282574653625
339.701056480408 341.001749038696 342.722177505493 344.782551129659 345.21754582723 345.27051448822 348.23743502299 350.504040718079 350.535869598389 349.895517031352 349.947690963745 349.972367286682 347.759008407593 344.990173975627 344.154437383016 344.880660374959 338.760336240133 335.732777913411 335.597594579061 337.091565132141 335.15723546346 331.05997244517 330.031871795654 328.22968562444 322.943250338237 323.842465877533 324.853420257568 322.111924489339 323.662956555684 323.708315690358 324.335952599843 320.217351118724 311.822791894277 308.648745218913 299.552659193675 285.613318284353 280.741175015767 284.802655378977 284.663478533427 272.838552792867 269.908944765727 280.954639116923 279.862980047862 272.14918533961 271.353662014008 266.791939735413
339.881936709086 344.858884811401 345.269918441772 346.700270970662 345.038652420044 344.74511941274 347.713390986125 350.059628486633 350.056370099386 352.200587590535 350.572109222412 349.538842837016 347.833514213562 344.88042195638 343.308369318644 344.469944636027 341.714779535929 335.009574890137 331.074674924215 333.404342333476 331.574062506358 329.820414384206 327.687700589498 322.462936242421 317.863504091899 318.10071070989 320.121983687083 319.760759671529 317.802488803864 322.549978892008 323.093513647715 318.774819374084 306.013166904449 297.244509061178 273.996671040853 261.449376742045 271.675646305084 279.389977455139 277.667264143626 277.538418769836 285.423219203949 288.914640744527 273.359775543213 265.236020088196 273.147861162821 261.716067790985
340.130805969238 339.536905288696 338.927388191223 341.055870056152 343.754212061564 346.347570419312 346.682151158651 348.68844350179 348.676323890686 350.018699963888 349.402944246928 349.37858581543 349.365075429281 345.442851384481 342.603127161662 340.372165044149 341.665744781494 333.271503448486 327.683488527934 325.616558392843 326.673825581868 324.591378370921 321.788787841797 317.272126674652 316.855589548747 314.326882362366 312.263270219167 312.106172243754 308.786233266195 309.011658032735 311.950902144114 312.730153401693 289.319614569346 265.817284584045 240.586797396342 230.748534202576 244.480093320211 268.608947594961 282.81033039093 278.196136156718 278.636415799459 274.110515912374 262.180646260579 264.748593171438 269.189953804016 246.185620625814
342.87949403127 337.286829948425 335.684974988302 338.205933570862 344.756563504537 348.168730735779 347.895860671997 347.834189732869 348.228216171265 347.482403119405 348.682959874471 348.032434781392 347.85532951355 347.33768304189 342.329819997152 339.087724685669 339.184403419495 330.839574337006 325.307885805766 324.029644330343 324.853161970774 319.781939188639 320.209085941315 314.461827278137 312.817573547363 311.172068119049 310.096899668376 309.643626213074 308.023830254873 302.461783091227 296.771089235942 288.190941015879 266.698618729909 241.065224011739 232.082903385162 228.841364383698 221.972187360128 232.408344745636 247.78687953949 266.332070032756 271.304726600647 261.872947216034 257.767041524251 261.172970136007 252.016842365265 231.8235039711
343.245347340902 340.127229690552 338.045557339986 339.599331219991 345.235904057821 348.665992418925 349.309961001078 346.97429339091 349.021395047506 346.462766329447 347.193241119385 348.1072584788 346.759001413981 346.332629521688 340.75399239858 339.595437049866 337.282339731852 329.57669099172 325.247605641683 326.109608014425 325.815558433533 322.476426760356 322.054584821065 317.930221557617 314.495027065277 313.346286614736 311.322371164958 309.069991111755 305.89771270752 301.370143890381 290.364682674408 281.747698783875 257.922728856405 243.929127852122 247.801939646403 251.588185628255 245.165308316549 236.632307370504 227.498849232992 234.877467155457 250.083963076274 242.736637592316 236.455162366231 230.698625246684 226.327935854594 222.011685371399
345.447222391764 344.105124473572 341.10160668691 338.979641596476 342.091123263041 347.884813944499 348.523418108622 346.033652623494 345.798373222351 347.926338513692 348.353743553162 347.828467686971 345.083355903625 344.163338343302 339.198589324951 337.589025497437 337.097883224487 332.816481590271 328.232566515605 326.805810133616 325.356920560201 323.281705379486 322.244008382161 321.662267049154 318.225959936778 316.195706526438 312.169035275777 304.045478502909 300.585647424062 294.714073340098 292.353908220927 286.7751121521 265.348156293233 257.962048053741 261.767268180847 269.326090812683 280.810137589773 277.572154998779 261.308153470357 232.074876626333 230.79107205073 231.328984101613 228.458762168884 226.777374744415 232.47226079305 238.129337628682
346.794764200846 346.520066261292 344.779094060262 341.116547584534 338.42655022939 344.738125801086 346.752206484477 346.055030822754 343.327482541402 345.199982325236 347.9825258255 346.175114313761 340.664347012838 341.66940053304 339.316089948018 335.326592127482 335.63494682312 333.516399065654 329.848448435466 328.6345799764 327.154537041982 325.250426928202 321.884373823802 320.3204870224 316.073894500732 313.181519508362 302.263776461283 282.439986864726 277.977625528971 282.685160636902 290.370504061381 285.178442796071 267.102619012197 259.654879570007 266.233205795288 276.166379451752 292.37957795461 301.279703776042 292.480250199636 261.603315671285 236.000577608744 238.24679851532 245.308498541514 256.264964739482 266.562104225159 269.556323687236
346.224546432495 344.716827074687 345.877369244893 342.856049537659 338.351686795553 340.942025184631 344.575603802999 344.377676645915 343.12891960144 340.139309565226 344.110051790873 343.08910369873 339.903076489766 338.971058527629 340.231498082479 334.885835647583 334.241986274719 331.373333930969 328.213632106781 330.031752586365 327.18954483668 327.750265598297 322.169780731201 317.70791610082 316.77770614624 316.07441107432 302.197714646657 285.217185815175 284.686366717021 289.162735144297 295.270085334778 288.99472951889 275.001645088196 273.720582326253 285.576224327087 288.341363271077 294.448415438334 283.840219179789 252.138733863831 243.744154771169 254.945576190948 264.662881692251 259.668548901876 253.515283266703 255.244533220927 265.841484069824
340.232769648234 343.91729036967 343.709866205851 342.903137207031 338.635484377543 335.465431213379 344.128290812174 343.332211176554 339.699824651082 334.842165311178 338.933825492859 342.361847559611 340.498844782511 336.931308110555 336.541374524434 333.608229955037 331.860542297363 330.918987592061 329.232315222422 329.258501529694 328.920880953471 326.129078865051 324.512481689453 320.181330045064 319.090267022451 319.743514060974 313.947319984436 311.659137407939 308.055778344472 301.584303379059 299.605250358582 289.514382680257 285.516142845154 283.209959665934 279.786328474681 266.433397928874 248.244444529215 213.603615760803 197.06384340922 233.818570772807 269.297162691752 270.639777183533 249.683300654093 244.840304056803 257.939140001933 271.937648455302
333.603898684184 342.015067736308 341.433763504028 338.981827100118 338.369091351827 335.07764339447 336.066603660583 339.919130007426 341.413219769796 336.569468180339 338.582078615824 339.651226997375 340.558807055155 337.55898475647 336.126685142517 334.124485651652 329.658389091492 326.744119326274 323.970357577006 322.523017724355 325.437009334564 324.179689089457 322.945058345795 321.0342725118 320.887605349223 323.515633742015 323.608835538228 326.200604438782 311.248044172923 309.157093365987 299.659371376038 288.094898064931 285.879174868266 268.323679765065 239.637891451518 213.192164897919 196.524620056152 189.10692135493 185.645500818888 210.496127605438 237.534860769908 254.344920317332 251.49538119634 263.532042503357 294.379393259684 304.524699846904
