input/barkrak2/radiation/dir10724.grid
NCOLS 85 
NROWS 70 
XLLCORNER 665100 
YLLCORNER 4664600 
CELLSIZE 20 
NODATA_value -9999 
[rows 0 to 19 of 70, columns 0 to 45 of 85]
279.789388179778996 290.886521339417 301.482518513997 311.20236714681 314.658482869466 312.652806440989 305.04310131073 299.318432807922 302.175641059875 302.817861239115 301.414450009664 305.355807145437 307.000319163005 307.356615861257 308.92813205719 305.83788951238 297.444224357605 290.501058101654 286.892096201579 275.536894798279 261.415044466654 267.899990081787 291.256308555603 298.891762892405 299.103518327077 303.271611531576 300.251444180806 288.30365339915 272.113859653473 267.705758412679 265.173633893331 278.622508049011 307.549913724263 306.319296360016 308.232565720876 297.453463077545 301.564812660217 312.31552362442 304.823080698649 307.130932807922 296.359439690908 291.643559932709 300.739824771881 310.231308142344 309.905648231506 305.709560712179
261.623601118724 275.954842567444 287.790815035502 301.12361907959 308.956027030945 307.668328285217 302.685002485911 298.698961734772 305.170158545176 305.534799893697 301.00429058075 303.377091884613 307.278513908386 308.171232541402 307.951231797536 304.941078027089 302.446166674296 295.991539955139 293.045322100321 281.787196795146 275.570551554362 283.422887325287 298.300782839457 302.518089612325 303.934156894684 304.437220096588 300.247450669607 290.133357048035 275.778412818909 268.779913584391 269.564052422841 289.907495180766 306.47999048233 306.992590427399 308.816472689311 298.79754781723 300.932347774506 307.647228240967 302.416900793711 310.943762461344 305.709322293599 298.314193884532 301.30672454834 308.935443560282 310.420095920563 308.164815107981
229.514420032501 240.342895189921 251.759072144826 263.058145840963 275.09327729543 283.196568489075 288.745204607646 295.961737632751 301.427364349365 299.758593241374 295.607924461365 298.872828483582 308.052698771159 311.771909395854 308.903117974599 313.176194826762 316.65567557017 312.885185082753 303.46276362737 294.742782910665 297.075529893239 299.488166968028 300.868233044942 301.97662115097 305.394689242045 305.609862009684 299.055616060893 289.482593536377 278.220335642497 272.323727607727 275.157352288564 297.97242085139 300.835927327474 304.137905438741 308.907449245453 302.761912345886 298.197786013285 297.032952308655 302.918116251628 309.777855873108 306.461016337077 299.778521060944 295.331279436747 302.218695481618 312.473992506663 311.864177385966
211.7005387942 213.419775168101 219.977418581645 226.963957150777 234.28612947464 239.342967669169 245.760321617126 258.858581384023 275.531510512034 287.713328997294 294.441978136698 303.19090684255 311.098674933116 313.872694969177 313.487410545349 314.433693885803 314.659814039866 310.63969930013 303.898394107819 300.723870595296 298.950831095378 297.016104062398 302.822748819987 303.276161352793 303.045471509298 304.60125207901 301.412363847097 293.396194775899 287.619113922119 283.157189687093 279.36581770579 300.83175500234 300.353149573008 302.856187025706 304.536064465841 305.979629357656 303.36195230484 302.35763390859 309.951941172282 310.657183329264 304.376165072123 292.381087938945 288.076400756836 300.870378812154 314.690848191579 312.328815460205
232.349574565887 216.980715592702 204.910357793172 195.604006449382 199.58221912384 215.477208296458 235.156118869781 244.997640450796 253.820558389028 260.508000850677 278.119881947835 295.475383599599 305.703103542328 310.3346824646 312.810043493907 313.740193843842 308.837354183197 301.037629445394 298.978050549825 299.863239129384 296.702861785889 295.276800791423 303.16420396169 304.182211558024 303.539236386617 306.846082210541 303.174595038096 296.592175960541 290.879786014557 287.311772505442 291.026333967845 307.209233442942 305.017252763112 305.821259816488 302.635769049327 304.306030273438 309.408724308014 311.59508228302 310.954570770264 308.903912703196 305.806358655294 299.823542435964 298.562963803609 302.169005076091 307.012597719828 307.293792565664
272.133608659108 247.70845969518 222.018261750539 199.555933475494 190.100292364756 201.288441816966 225.999434789022 242.00717608134 245.764354864756 245.144168535868 254.736701647441 267.162998517354 275.76869726181 281.498531500498 288.345535596212 293.802638848623 292.494018872579 291.30220413208 295.199712117513 300.099909305573 300.119996070862 303.459743658702 307.13282028834 306.069811185201 306.262751420339 308.778385321299 305.348833401998 301.169673601786 293.935736020406 291.04212919871 300.136506557465 308.848440647125 310.852905114492 312.772552172343 307.18187491099 304.724156856537 308.813452720642 310.27893225352 306.574980417887 306.470930576324 306.233247121175 303.117593129476 302.62702703476 303.372740745544 297.297358512878 285.533467928569
290.867427984873 270.652651786804 252.413690090179 232.907116413116 212.95036872228 199.556032816569 207.258900006612 235.243995984395 247.848808765411 255.383849143982 252.740859985352 247.319122155507 243.412375450134 239.811400572459 241.983572642008 256.142954031626 266.77010456721 281.706611315409 294.988850752513 302.97448237737 304.694871107737 304.356515407562 307.04402923584 306.540071964264 307.003140449524 309.011936187744 308.608849843343 305.047154426575 299.925585587819 300.171693166097 305.947780609131 311.553041140238 316.897670427958 317.622125148773 314.002195994059 307.562251885732 306.803584098816 305.41721979777 305.355707804362 306.130150953929 302.576959133148 299.403925736745 301.240166028341 302.157779534658 284.774978955587 277.753988901774
296.831826368968 289.340178171794 280.302087465922 266.926725705465 246.254543463389 217.712501684825 195.950150489807 196.409165859222 229.439536730448 253.211339314779 260.24607817332 256.530006726583 248.4210729599 239.475309848785 226.90224647522 230.251967906952 242.155909538269 257.221182187398 277.711073557536 293.333311875661 300.348560015361 302.9904961586 307.162980238597 306.644797325134 305.701951185862 306.427677472432 306.677917639414 305.036703745524 302.64151096344 306.355516115824 311.606725056966 314.641992251078 316.614111264547 314.719359079997 311.075945695241 307.802458604177 306.54780069987 301.931699117025 294.591645399729 290.010571479797 293.522576491038 300.942003726959 310.380180676778 309.742172559102 297.635495662689 290.724118550618
290.443321069082 290.955861409505 287.892460823059 281.370063622793 269.841353098551 250.159939130147 221.854984760284 194.127082824707 206.190546353658 228.820204734802 247.785627841949 256.332079569499 257.867793242137 255.484064420064 245.026806990306 237.462302049001 234.959880510966 239.315768082937 252.826750278473 268.686493237813 282.324890295664 291.87552134196 297.782003879547 295.191387335459 296.574870745341 297.972778479258 298.935055732727 298.937380313873 299.068868160248 305.523236592611 309.632102648417 309.264977773031 308.442691961924 308.728416760763 307.501256465912 307.411094506582 305.33637603124 300.494452317556 287.944674491882 287.969589233398 302.594621976217 312.486926714579 316.233913103739 313.673237959544 303.347369035085 296.345035235087
265.433231989543 274.041056632996 278.416216373444 278.471370538076 275.919338067373 272.738675276438 258.481383323669 241.307218869527 211.651980876923 202.548563480377 215.152621269226 239.341139793396 259.089251359304 268.322626749674 269.794980684916 262.432436148326 248.656233151754 243.157009283702 242.486635843913 245.703101158142 253.924310207367 260.303994019826 268.367648124695 274.582763512929 281.652808189392 284.434099992116 285.891632239024 286.128461360931 287.444174289703 293.081124623617 294.377744197845 294.974168141683 300.352454185486 303.413927555084 304.839809735616 303.534924983978 302.07351843516 300.978382428487 288.844704627991 293.148577213287 310.129284858704 315.699537595113 315.937936306 311.561425526937 300.811549027761 294.271528720856
217.033505439758 230.119109153748 242.171724637349 252.024471759796 260.854562123617 268.02275578181 269.805312156677 265.279511610667 239.89067475001 215.272645155589 201.405088106791 208.237707614899 234.904408454895 258.668561776479 271.91416422526 263.177454471588 256.23873869578 249.280174573263 241.719325383504 236.620565255483 236.938655376434 237.154761950175 240.68679412206 252.571880817413 264.026761054993 271.143178145091 272.948801517487 273.069481054942 278.023620446523 282.589594523112 285.148024559021 288.32479317983 295.65833012263 298.906644185384 298.391779263814 297.468662261963 300.026834011078 302.678863207499 299.108723799388 302.963733673096 311.561326185862 315.461675326029 315.075357755025 313.274164994558 305.777192115784 303.028484185537
175.368189811707 180.751125017802 189.41342830658 201.908687750498 217.506448427836 233.63604148229 251.228094100952 257.140080134074 257.97438621521 245.198269685109 220.169027646383 200.527886549632 202.17768351237 225.235243638357 250.786105791728 253.859241803487 260.099669297536 257.229924201965 248.188018798828 237.463355064392 231.182297070821 228.6456823349 228.807687759399 237.580080827077 245.339353879293 250.892559687297 253.665884335836 257.740755875905 264.086604118347 268.46698919932 272.690812746684 277.809838453929 282.862881819407 285.564223925273 285.521507263184 286.768158276876 294.722775618235 302.705824375153 304.406265417735 308.656056722005 311.964233716329 314.236680666606 313.723663489024 311.205168565114 306.465665499369 304.754833380381
163.131535053253 158.723533153534 156.370321909587 156.34161233902 164.26165898641 181.098262468974 206.342359383901 227.247258027395 254.894574483236 259.520252545675 248.746514320374 225.893179575602 198.421041170756 195.172230402629 218.457877635956 244.47246392568 259.328524271647 261.863052845001 257.365822792053 248.889843622843 240.495562553406 239.135384559631 238.675355911255 239.521920681 239.946901798248 239.290754000346 243.389805157979 251.834690570831 254.838049411774 256.164352099101 260.980168978373 266.170839468638 267.891784509023 269.567290941874 271.260102589925 275.885423024495 286.236564318339 295.918881893158 297.765374183655 302.800973256429 306.143085161845 306.773066520691 305.935541788737 306.228319803874 300.806899865468 300.095836321513
152.678867181142 125.086665153503 108.636885881424 102.629174788793 99.554697672526 105.603237946828 125.524630149206 163.393388191859 205.528219540914 239.707509676615 257.377147674561 257.123013337453 238.861342271169 213.799854119619 211.020509401957 235.212385654449 251.525044441223 263.843536376953 270.029485225677 266.406714916229 255.884091059367 252.797722816467 249.628146489461 248.757521311442 248.524844646454 246.461431185404 249.356011549632 257.453779379527 257.035712401072 250.621914863586 255.757371584574 260.827362537384 262.442886829376 262.786388397217 266.185800234477 272.123595078786 277.811268965403 282.739917437236 285.519659519196 286.392490069071 290.372490882874 294.882555802663 299.69863096873 302.361289660136 297.666192054749 298.87984196345
138.853450616201 104.990134636561 77.7489840984344 71.0949202378591 70.0645446777344 76.1146545410156 85.3087504704793 113.523771365484 143.844892581304 194.852471351624 246.411999066671 273.557186126709 277.383168538411 259.751041730245 235.216915607452 230.874200661977 235.221644242605 250.235637029012 266.701579093933 274.409512678782 272.54577477773 266.788681348165 264.476676781972 260.547280311584 257.263580958049 255.814214547475 257.803400357564 259.931047757467 255.133807659149 250.746667385101 253.733138243357 258.37117433548 258.484443028768 258.461991945903 262.16334104538 265.067974726359 266.736626625061 265.879611174266 268.877923488617 269.436359405518 274.704833825429 281.584103902181 285.779674847921 288.653592268626 288.019378980001 290.121654669444
123.72284134229 97.07377354304 65.3030673662821 49.8840510845184 65.774271885554 88.8125995794932 94.9299931526184 107.545435428619 127.223640680313 158.427536487579 210.487544536591 258.607804775238 287.652929623922 285.470684369405 266.94389184316 237.774650255839 227.07078854243 228.779872258504 245.652238527934 269.254783789317 279.21466032664 274.577617645264 275.482753912608 269.251465797424 263.048072655996 263.610064983368 266.022861003876 262.404640515645 257.130742073059 259.46565469106 260.290682315826 259.067972501119 256.351153055827 254.987458388011 255.763014157613 255.139887332916 252.450227737427 248.561422030131 251.394848028819 252.666036287944 257.183372974396 262.685815493266 265.507141749064 266.18895928065 275.458812713623 280.322174231211
109.071870644887 97.5814561049144 70.833295583725 43.6257869005203 49.2282559474309 73.0849504470825 95.6725875536601 108.674784501394 128.776590029399 142.053663730621 164.621144533157 208.074847857157 236.13836367925 263.665795326233 281.213482220968 270.044843355815 258.043110370636 243.417859077454 232.812941074371 243.691941102346 266.746401786804 277.96204884847 281.227171421051 276.965459187826 269.83642578125 270.763516426086 274.569729963938 270.680745442708 267.840226491292 272.626678148905 271.485686302185 261.173923810323 254.951357841492 251.223901907603 246.729552745819 245.662728945414 240.637282530467 239.361921946208 240.087111790975 243.468423684438 245.254556337992 248.215953509013 251.104692618052 253.723879655202 268.289526303609 276.259899139404
100.924789905548 101.96183125178 89.3870790799459 55.30812839667 44.5355822642644 74.0160445372264 97.9290803273519 121.126194794973 137.293467919032 148.751199245453 158.018410205841 181.930899620056 210.88049809138 231.659094492594 246.520280838013 269.453306992849 277.883847554525 271.477580070496 251.829564571381 235.077520211538 246.077060699463 270.654400189718 275.800108909607 276.565333207448 277.043143908183 280.879378318787 284.405867258708 282.955487569173 280.26024500529 281.814773877462 276.257256666819 265.611569086711 258.113106091817 250.584224859873 244.62370077769 241.869946320852 239.397486050924 239.498893419902 238.881369431814 240.979373455048 243.484934171041 244.388580322266 244.619727134705 248.490333557129 258.69482755661 270.849426587423
106.31196697553 115.425954262416 117.195506890615 85.9660903612773 69.8705365260442 93.6094323794047 109.581371148427 134.192208449046 150.543262561162 167.883594830831 179.27497625351 183.317959308624 196.456213792165 206.505378087362 226.97122891744 248.474578062693 257.619460423787 264.704505602519 271.498839060466 260.138074556987 240.665555000305 253.725111484528 262.241701285044 271.312932173411 280.896345774333 286.900460720062 289.722760518392 290.378034114838 285.013715426127 282.905201117198 275.861461957296 269.238352775574 261.051893234253 252.954562505086 248.094777266184 243.586937586466 242.596586545308 239.737510681152 238.373160362244 241.570075352987 245.631317297618 247.325797875722 246.055404345194 248.836517333984 250.68320830663 262.941718101501
112.898210684458 118.504812320073 130.700081586838 126.674781243006 112.61452237765 112.523277600606 115.147372086843 127.700795729955 140.827178955078 164.580126603444 179.075181484222 177.97182003657 182.076712449392 188.009262084961 201.297879219055 225.71204106013 237.17459042867 248.461763064067 258.282760779063 262.939294179281 260.424196720123 251.33748849233 254.146019617716 262.713968753815 273.79184961319 282.63908624649 288.898885250092 289.701044559479 282.49321381251 281.25657637914 275.832494099935 268.10226837794 260.357399781545 254.506389300028 250.828464825948 246.175209681193 242.722709973653 234.608630339305 232.020437717438 240.479707717896 245.977441469828 248.077829678853 250.714282194773 249.050974845886 246.40303850174 256.199618180593
