input/barkrak2/radiation/dir19124.grid
NCOLS 85 
NROWS 70 
XLLCORNER 665100 
YLLCORNER 4664600 
CELLSIZE 20 
NODATA_value -9999 
[rows 20 to 39 of 70, columns 0 to 45 of 85]
202.40443944931 195.046087106069 211.271564165751 252.025604248047 247.001826763153 201.343735059102 182.487726211548 188.847283522288 201.628565788269 224.346141020457 237.070063749949 244.060138861338 253.102918465932 265.03050327301 281.623005867004 306.59685532252 328.879356384277 332.153538862864 336.999813715617 342.77606010437 344.937443733215 339.237809181213 338.288108507792 339.834252993266 340.839624404907 341.073036193848 342.887878417969 339.665214220683 335.121631622314 334.713856379191 328.776637713114 318.658630053202 310.538093249003 306.872308254242 305.476148923238 310.473541418711 310.690303643544 312.944054603577 317.407727241516 321.246882279714 320.92010974884 320.946415265401 322.963118553162 317.82207886378 321.987152099609 323.983669281006
227.982799212138 228.097558021545 246.791104475657 276.99210246404 272.691984971364 213.623821735382 195.135096708934 197.000980377197 204.251567522685 218.127687772115 227.985839049021 238.544901212056 246.791899204254 251.620809237162 267.823974291484 285.283664862315 307.84680445989 327.34739780426 332.518140474955 340.226451555888 342.94851620992 347.129464149475 348.432183265686 347.779671351115 344.754497210185 339.994827906291 337.296485900879 333.871086438497 333.060959974925 326.340556144714 309.887846310933 282.669583956401 263.539135456085 262.259980042775 269.977370897929 288.194080193837 295.426527659098 309.398531913757 317.422807216644 318.279961744944 316.637297471364 314.69847758611 309.508641560872 296.841939290365 313.872973124186 322.163542111715
266.922215620677 275.115688641866 283.626397450765 293.782869974772 293.896993001302 246.339281400045 218.356410662333 202.969590822856 199.10740852356 209.563692410787 229.623337586721 237.959007422129 249.797701835632 255.457719167074 265.950838724772 275.887389977773 292.282859484355 307.865579922994 327.082097530365 328.362107276917 331.207712491353 339.610815048218 344.637910525004 344.604889551799 342.029651006063 339.667042096456 336.527983347575 331.282258033752 319.19531027476 301.519989967346 259.264926115672 208.964586257935 188.613216082255 206.211447715759 234.278241793315 258.622368176778 275.245666503906 294.575214385986 306.168715159098 309.170881907145 310.988326867421 311.498641967773 290.617187817891 270.746111869812 296.782334645589 319.637974103292
286.01864973704 289.345264434814 291.031102339427 298.398594061534 298.224091529846 280.470470587413 240.933299064636 212.220470110575 196.914553642273 201.349278291066 226.269821325938 238.428155581156 254.878520965576 267.622788747152 271.564165751139 277.200738588969 290.287435054779 302.168468634288 309.639513492584 315.156877040863 315.577308336894 317.950467268626 328.667362531026 334.827264149984 332.816223303477 322.219491004944 310.09695927302 295.600414276123 269.32958761851 225.644250710805 187.774380048116 164.754122495651 137.008965015411 136.296669642131 148.767898480097 184.67899163564 227.040489514669 253.55996688207 269.615650177002 279.394686222076 278.889179229736 264.62310552597 250.489592552185 283.153414726257 279.601693153381 313.581109046936
278.042634328206 280.255993207296 290.667057037354 299.84712600708 291.423896948497 280.891160170237 251.007517178853 227.585077285767 210.612177848816 203.853944937388 218.473672866821 234.833220640818 248.47803513209 264.578580856323 270.868837833405 274.200479189555 282.82908598582 297.186255455017 304.141044616699 304.136117299398 309.797485669454 310.152590274811 312.836865584056 302.257339159648 294.6990331014 291.511058807373 284.555594126383 273.162404696147 239.740053812663 182.435154914856 161.558836698532 159.760475158691 141.776263713837 118.420531352361 110.058079163233 124.585211277008 170.795460542043 207.759479681651 232.912401358287 247.022112210592 236.1754377683 214.566846688588 235.747079054515 299.855331579844 292.819917201996 315.009653568268
272.526105244954 276.549696922302 289.031386375427 296.554207801819 292.99525419871 282.60068098704 259.968241055806 252.506872018178 242.478132247925 227.434913317362 227.346976598104 245.97163995107 260.398507118225 273.026843865712 277.615169684092 278.814097245534 282.158891359965 295.475602149963 299.829105536143 306.42439921697 312.866886456807 302.552024523417 284.964442253113 286.552945772807 287.19033797582 285.131732622782 273.452480634054 260.266065597534 217.460910479228 189.011931419373 187.718431154887 204.377849896749 208.597143491109 182.682394981384 147.716343402863 131.773541371028 147.58621652921 176.339487234751 213.829259077708 230.558713277181 212.242543697357 203.303217887878 243.829190731049 284.715592861176 304.832557837168 325.538476308187
274.447878201803 276.512344678243 284.888585408529 293.397525946299 305.219809214274 291.48530960083 275.26734272639 263.944089412689 262.45391368866 256.79357846578 247.894167900085 265.065828959147 274.608413378398 289.457857608795 287.99835840861 285.689512888591 286.515176296234 296.462734540304 297.48793443044 303.647299607595 303.178906440735 298.846920331319 293.544292449951 288.618822892507 286.476572354635 284.421602884928 272.315402825673 260.571718215942 224.316696325938 218.38253736496 240.082859992981 263.458490371704 267.776171366374 279.35791015625 258.671621481578 174.477299054464 160.674621661504 172.424654165904 197.310864925385 228.534619013468 220.97369035085 252.731124560038 248.882989088694 262.936949729919 294.968962669373 313.890079657237
278.640230496724 274.89572763443 278.119723002116 289.604783058167 326.319436232249 301.013151804606 280.207832654317 263.644556204478 264.292319615682 271.620909372966 266.494234402974 269.602020581563 282.197594642639 292.687157789866 294.188062349955 293.421149253845 292.991042137146 293.184240659078 296.355624993642 303.01034450531 300.009727478027 292.167286078135 289.212644100189 291.608850161235 295.209765434265 289.492925008138 281.313141187032 270.458976427714 247.23760286967 245.546599229177 269.696613152822 284.259676933289 282.839814821879 296.66793346405 321.598172187805 254.704217116038 190.863708655039 176.227529843648 189.828554789225 231.691916783651 258.770982424418 305.538376172384 260.329882303874 254.208783308665 281.778395175934 294.735054175059
275.882879892985 267.857193946838 271.825472513835 296.046833197276 337.792634963989 301.053901513418 270.986974239349 258.182644844055 263.284822305044 270.741403102875 268.484493096669 267.004271348317 283.185799916585 292.282303174337 297.464728355408 296.456297238668 290.991942087809 284.774839878082 292.087972164154 295.899927616119 293.233335018158 288.633247216543 288.832406202952 294.267654418945 295.116861661275 293.120225270589 288.518269856771 279.781778653463 258.185466130575 253.048797448476 275.851468245188 293.881893157959 292.724331219991 291.042764981588 312.32472260793 315.091451009115 225.890517234802 167.376359303792 158.436516920725 202.463348706563 267.748514811198 286.021908124288 251.642088095347 229.942719141642 255.301197369893 267.462094624837
268.564065297445 260.120948155721 268.670241038005 306.423246860504 334.725499153137 297.207613786062 263.982216517131 246.490041414897 244.115571180979 250.909010569255 249.918560187022 255.383014678955 276.434421539307 292.55622625351 293.575723965963 297.987719376882 295.539895693461 284.72630182902 287.402788798014 287.727991739909 286.657611529032 290.078262488047 289.470553398132 296.099623044332 298.467437426249 295.659800370534 296.806871891022 285.536825656891 265.20033677419 261.914610862732 280.924598375956 298.883716265361 294.215321540833 290.802121162415 299.942016601562 319.383839766185 305.22213379542 231.2992811203 183.35497379303 192.635516325633 228.32179069519 244.294504324595 241.696317990621 214.679936567942 227.205395698547 252.580364545186
256.861547629039 266.934812068939 296.402176221212 342.145601908366 343.644738197327 302.30708916982 265.523950258891 237.001856168111 231.541752815247 242.312033971151 237.417419751485 236.405630906423 270.220557848612 291.659792264303 296.347975730896 300.469299157461 300.595661004384 290.67987203598 288.07920217514 290.418366591136 289.685765902201 294.660786787669 295.611004034678 297.889709472656 299.776593844096 304.246743520101 303.028066953023 295.091271400452 277.585943539937 274.321496486664 286.687910556793 299.311916033427 296.689470609029 296.294649442037 300.017774105072 302.68927415212 325.276752312978 335.15210946401 270.38961648941 223.651627699534 211.491545041402 203.19934686025 219.345569610596 217.075884342194 223.155419031779 255.228281021118
275.411188602448 300.915877024333 319.554269313812 324.840704600016 352.625926335653 334.432244300842 298.309107621511 261.670708656311 246.203124523163 261.407872041066 255.581498146057 236.228883266449 256.061315536499 284.891605377197 297.068119049072 301.671028137207 302.656451861064 297.234912713369 293.423970540365 293.90287399292 295.909821987152 299.082279205322 300.247569878896 300.803661346436 301.011463006337 308.086176713308 309.898416201274 308.343629042308 295.101165771484 289.621611436208 293.391982714335 297.200242678324 298.888484636943 303.283115228017 305.875519911448 294.302940368652 302.653690179189 339.750170707703 336.005290349325 276.013255119324 227.739552656809 202.391982078552 203.697860240936 221.558233102163 243.199090162913 271.844744682312
306.130508581797 314.935942490896 304.743667443593 297.183454036713 315.760175387065 336.973150571187 331.143816312154 304.336587587992 279.700815677643 283.804794152578 285.408814748128 261.455257733663 257.231295108795 280.119319756826 298.707207043966 300.628463427226 300.481100877126 305.726746718089 295.119961102804 293.946703275045 299.776136875153 299.460351467133 302.880565325419 300.131420294444 302.885174751282 310.688336690267 315.055688222249 316.418210665385 304.825564225515 296.356320381165 302.833338578542 305.888374646505 301.799714565277 303.954243659973 308.149913946788 298.070847988129 297.373871008555 316.777288913727 320.70118188858 295.997341473897 266.608277956645 226.79603099823 206.946392854055 216.498672962189 237.881640593211 268.839319547017
297.145307064056 289.819757143656 282.576779524485 271.556476751963 272.080997625987 292.680223782857 313.595036665599 311.537861824036 300.202429294586 303.02768945694 302.059531211853 288.672347863515 279.079814751943 286.25229994456 301.15153392156 303.451796372732 299.725592136383 301.476041475932 295.941034952799 298.598607381185 298.941651980082 300.333082675934 298.720101515452 297.307133674622 301.78705851237 307.429790496826 313.734730084737 313.637733459473 307.179172833761 303.32072575887 308.208505312602 306.581397851308 295.814037322998 294.901172320048 298.196832338969 283.924420674642 281.174619992574 281.738181908925 275.549153486888 280.205210049947 289.121349652608 258.499244848887 230.837941169739 218.958814938863 220.403571923574 243.417223294576
290.274818738302 279.763102531433 286.030987898509 271.864036719004 263.882040977478 275.517344474792 301.702598730723 325.917998949687 321.561654408773 310.585538546244 299.461364746094 299.94144042333 306.297183036804 303.587595621745 306.347529093424 302.241583665212 303.858280181885 300.374309221904 298.914710680644 303.2572666804 301.117539405823 298.983693122864 297.344168027242 297.37913608551 300.582150618235 303.218007087708 307.921091715495 306.027094523112 305.627981821696 308.024525642395 309.080481529236 299.234012762706 284.017284711202 288.997709751129 288.031101226807 271.669765313466 272.526840368907 272.587656974792 279.338419437408 300.709128379822 300.933241844177 288.874089717865 267.423053582509 251.237193743388 233.185430367788 223.525027434031
310.286243756612 304.991443951925 314.459482828776 309.401075045268 299.317836761475 303.872227668762 320.457875728607 342.484752337138 336.532592773438 313.538869222005 298.766255378723 306.850691636403 320.829331874847 315.377811590831 311.065991719564 311.162829399109 308.359821637471 303.40439081192 307.241280873617 305.561343828837 304.617365201314 298.855841159821 300.95370610555 301.821072896322 301.689724127452 303.043007850647 304.079969724019 300.929506619771 303.737004597982 310.678680737813 308.455049991608 298.147737979889 285.611788431803 286.337951819102 279.098391532898 274.663925170898 279.784301916758 280.354698499044 291.978458563487 320.992668469747 288.843830426534 275.727311770121 265.863597393036 259.597579638163 242.755055427551 221.398989359538
335.275888442993 332.451860109965 334.497054417928 337.039271990458 328.233361244202 321.92208369573 326.589683691661 341.071168581645 338.097969690959 310.89460849762 302.336633205414 313.896874586741 326.026022434235 319.791734218597 311.865131060282 316.256244977315 318.497081597646 312.370995680491 310.241540273031 312.03571955363 310.855487982432 305.771390597026 304.602205753326 304.756800333659 303.037365277608 300.771514574687 301.42609278361 304.593443870544 305.997888247172 312.080860137939 309.422751267751 300.153930981954 288.191159566243 282.430907090505 274.389227231344 279.439568519592 285.831928253174 285.002708435059 288.010915120443 309.950729211171 278.786877791087 238.081455230713 224.942902723948 219.115197658539 216.274797916412 210.457742214203
347.794095675151 344.736099243164 340.215921401978 341.119964917501 335.762977600098 327.750086784363 324.539462725321 330.002943674723 336.614569028219 318.590641021729 316.211918989817 324.901262919108 323.690315087636 317.132751146952 315.167705217997 317.546804745992 323.757390181224 316.949903964996 315.914829572042 316.165169080098 315.396249294281 309.647142887115 306.346933046977 305.419564247131 305.954396724701 302.183270454407 303.253432114919 306.77870909373 307.973742485046 310.56425968806 311.616738637288 303.104360898336 291.033844153086 275.879442691803 267.464637756348 282.883644104004 292.528629302979 290.627857049306 280.715266863505 295.767148335775 279.735247294108 213.619510332743 183.2035779953 168.986479441325 171.455045541128 176.5442887942
349.981466929118 352.284510930379 351.292729377747 349.138696988424 345.505595207214 340.02697467804 333.229184150696 328.584452470144 331.057488918304 327.891786893209 335.701743761698 333.819468816121 326.249023278554 327.013929684957 319.327513376872 314.579606056213 322.688639163971 322.792728741964 317.012349764506 316.691716512044 313.639760017395 310.332357883453 307.650566101074 304.678877194722 306.830088297526 306.341330210368 304.98594045639 307.193954785665 309.186657269796 308.672487735748 311.077872912089 305.704812208811 286.897341410319 264.614184697469 273.082772890727 294.965386390686 297.609428564707 292.102376619975 275.330980618795 281.009097894033 302.979310353597 257.264931996663 199.807047843933 170.033395290375 159.361620744069 155.957619349162
340.353647867839 343.320846557617 343.637625376383 346.568624178569 351.310690244039 354.167977968852 354.004224141439 351.05299949646 349.149664243062 350.201527277629 346.110423405965 335.111935933431 330.643137296041 324.582358201345 323.55918486913 318.88347864151 321.382641792297 321.188509464264 315.463423728943 314.63356812795 314.317345619202 315.336505572001 312.70976861318 307.264586289724 304.811120033264 305.959065755208 308.832168579102 309.007267157237 310.714940230052 310.940702756246 309.479196866353 306.961496671041 282.238125801086 265.313625335693 287.637869517008 302.330772082011 298.229912916819 293.182531992594 280.207475026449 275.735219319661 310.483574867249 335.43586730957 283.255457878113 230.023125807444 188.210268815358 158.323496580124
