input/barkrak2/radiation/dir16524.grid
NCOLS 85 
NROWS 70 
XLLCORNER 665100 
YLLCORNER 4664600 
CELLSIZE 20 
NODATA_value -9999 
[rows 40 to 59 of 70, columns 0 to 45 of 85]
343.428770701091 344.087600708008 344.052354494731 345.658540725708 349.594593048096 352.129499117533 354.125102361043 356.295506159465 356.348117192586 350.593606630961 342.67262617747 340.381383895874 338.145216306051 335.304180781047 332.40016301473 331.945161024729 330.615739027659 329.063415527344 323.061108589172 321.70428832372 323.423504829407 324.307342370351 323.713461558024 319.676597913106 316.390474637349 314.034978548686 318.936924139659 319.5893963178 319.885571797689 319.24698750178 318.606575330098 313.896059989929 288.38437795639 283.146758874257 303.711195786794 303.986132144928 295.321146647135 295.547227064768 295.520842075348 283.538540204366 291.822791099548 331.769426663717 352.006117502848 308.982948462168 249.771813551585 205.51598072052
347.989638646444 345.967372258504 346.113284428914 346.710960070292 344.960252443949 343.711098035177 343.556841214498 344.643115997314 347.586711247762 342.861572901408 337.69687016805 338.879585266113 339.155912399292 338.369290033976 336.453954378764 334.128141403198 330.014030138652 333.738128344218 331.467886765798 326.490819454193 326.969981193542 326.997021834056 325.321078300476 325.098633766174 324.834624926249 320.116996765137 322.232564290365 322.273512681325 321.761230627696 321.942905584971 320.37099202474 314.705272515615 295.463343461355 294.510682423909 305.571556091309 296.710749467214 282.452583312988 283.150831858317 290.770371754964 295.244256655375 308.48503112793 320.902407169342 334.761182467143 334.433515866597 292.528688907623 242.563446362813
349.269986152649 347.902218500773 349.576354026794 348.650018374125 344.904025395711 343.614379564921 343.449791272481 342.724045117696 343.096137046814 340.406656265259 337.983171145121 337.050795555115 339.54906463623 340.8096631368 338.452299435933 337.019602457682 332.796414693197 334.966580073039 335.101366043091 329.610347747803 328.929702440898 325.702786445618 322.492221991221 324.164986610413 326.040963331858 322.585860888163 319.325824578603 320.948561032613 321.770091851552 320.894340674082 318.903644879659 311.993797620138 302.618563175201 303.506255149841 302.33637491862 286.083181699117 271.267294883728 277.36230691274 292.63436794281 304.873526096344 312.833746274312 310.804625352224 307.248791058858 312.698086102804 298.377990722656 248.821059862773
341.784397761027 343.478520711263 347.905874252319 346.357107162476 347.098151842753 348.156015078227 348.59569867452 347.196936607361 342.179258664449 340.02951780955 341.231226921082 338.398138682048 338.927984237671 339.174151420593 339.848438898722 336.080153783162 335.651914278666 335.935513178508 336.747566858927 332.511425018311 328.141411145528 327.152629693349 324.519415696462 323.426087697347 324.315428733826 323.887983957926 319.163858890533 319.527268409729 320.903182029724 318.99360815684 315.551241238912 308.532873789469 307.514309883118 307.793875535329 294.230898221334 271.686832110087 267.064929008484 281.168619791667 300.803144772847 305.806577205658 305.777609348297 301.437258720398 293.761034806569 292.218744754791 286.384046077728 255.893588066101
341.652472813924 345.103820164998 346.425374348958 346.206665039062 347.204327583313 348.259528477987 347.668210665385 345.898707707723 343.614498774211 341.996550559998 342.235684394836 340.163111686707 337.291836738586 335.70404847463 334.646860758464 333.74543984731 331.842462221781 335.16534169515 335.304498672485 334.364732106527 330.891092618306 328.522304693858 327.137629191081 326.682726542155 322.236061096191 326.632559299469 325.588325659434 322.633862495422 318.917075792948 316.011627515157 309.814731280009 304.917434851329 303.409000237783 299.054265022278 286.161522070567 269.59228515625 270.869135856628 286.88504298528 302.410761515299 300.929109255473 302.388072013855 294.847746690114 282.31292963028 277.619560559591 278.505126635234 267.69628127416
345.361987749736 347.597360610962 346.001068751017 347.228169441223 346.445083618164 346.162716547648 346.405545870463 345.954100290934 346.4195728302 344.656229019165 343.624830245972 341.47572517395 339.165409406026 335.671186447144 334.142287572225 337.914228439331 331.906159718831 334.362745285034 336.676518122355 334.920684496562 332.331915696462 330.9432665507 329.431593418121 329.139987627665 327.044745286306 325.901885827382 326.986749966939 324.370582898458 319.5614417394 316.153268019358 309.812645117442 305.505434672038 303.012430667877 293.956061204274 279.016534487406 264.094293117523 269.388675689697 286.857724189758 294.527153174082 288.648327191671 294.154226779938 285.814642906189 273.984471956889 276.655236879985 287.226776281993 278.806269168854
345.370769500732 346.112171808879 347.190419832865 347.760121027629 346.939365069071 347.115516662598 347.502986590068 348.34615389506 346.50981426239 346.374114354451 344.436963399251 344.195286432902 341.456929842631 339.991132418315 338.767965634664 339.884479840596 338.583628336589 334.226806958516 337.247490882874 335.76230208079 333.18551381429 332.587043444316 329.679906368256 324.627558390299 328.480501969655 323.987325032552 321.792125701904 321.383535861969 319.337964057922 316.134134928385 309.926092624664 307.490885257721 301.401019096375 290.582696596781 277.0809729894 265.766600767771 273.339152336121 286.231199900309 284.257471561432 286.138951778412 292.907198270162 281.853397687276 277.534107367198 284.523069858551 293.61359278361 285.597542921702
342.849493026733 343.615174293518 346.36914730072 346.115310986837 347.464283307393 348.5320409139 347.242752710978 346.78852558136 345.751762390137 347.500840822856 345.453937848409 343.851645787557 342.255353927612 342.462499936422 341.415087381999 340.116898218791 338.650027910868 332.913597424825 335.355401039124 335.492531458537 331.184605757395 328.871885935466 331.151107947032 323.59371582667 325.179894765218 322.474122047424 318.30491622289 317.434728145599 317.168136437734 315.07941087087 310.480813185374 307.934125264486 299.262146155039 295.731763044993 288.125296433767 275.285045305888 277.862966060638 285.078306992849 287.029365698497 293.546994527181 290.8642689387 283.639152844747 285.521507263184 286.414682865143 286.052068074544 277.82666683197
339.116255442301 340.367913246155 343.335072199504 344.274679819743 347.248673439026 348.039348920186 345.849394798279 345.182657241821 346.834500630697 348.061800003052 347.230831782023 344.742059707642 344.204187393188 343.755682309469 342.621564865112 339.121341705322 337.868094444275 333.114981651306 333.322008450826 333.588401476542 333.615660667419 330.76407512029 330.728630224864 325.15291372935 320.954918861389 324.431637922923 320.966998736064 320.045987764994 321.482598781586 318.803826967875 318.107088406881 314.943691094716 306.22132619222 305.705388387044 297.596414883931 280.234972635905 280.582904815674 288.403729597727 293.057342370351 293.451050917308 283.946474393209 281.444291273753 280.433177947998 275.057892004649 272.53536383311 272.131443023682
338.554223378499 336.536924044291 338.606754938761 342.99635887146 345.099012056987 346.295118331909 346.660256385803 348.172187805176 349.110841751099 347.020864486694 347.970326741536 348.174651463826 345.985849698385 343.888282775879 343.235015869141 338.963786760966 337.049802144368 331.927140553792 333.060622215271 335.575501124064 335.497379302979 332.534571488698 329.733411471049 328.537742296855 323.455393314362 325.186689694722 322.696963946025 322.917977968852 323.073506355286 324.664751688639 322.959959506989 318.113128344218 311.55526638031 310.379127661387 301.75107717514 285.357316335042 279.124855995178 287.143190701803 293.278376261393 283.764620621999 272.5723584493 276.203056176503 276.037593682607 270.356754461924 269.811669985453 273.623367150625
338.679234186808 339.993675549825 341.734409332275 344.622333844503 344.283739725749 344.347953796387 347.372174263 349.676489830017 349.708000818888 349.807063738505 349.107424418132 349.134405454 346.889138221741 344.085574150085 342.081030209859 343.998511632284 337.816913922628 334.778547286987 334.656238555908 336.188077926636 334.259907404582 333.788394927979 329.102098941803 325.202306111654 321.979641914368 322.925607363383 321.798384189606 321.238458156586 322.840730349223 325.07328192393 325.584669907888 319.730659325918 311.336398124695 309.204320112864 298.923134803772 285.132765769958 280.404508113861 284.712831179301 284.246186415354 272.28715022405 269.563515981038 280.328591664632 279.276331265767 271.585663159688 270.718932151794 266.797184944153
338.853319485982 343.900283177694 344.323833783468 345.77488899231 344.106515248617 343.807220458984 347.565531730652 349.217454592387 349.213441212972 351.393461227417 349.74726041158 348.707278569539 346.003135045369 343.985795974731 342.403213183085 343.611081441243 340.811808904012 334.06929175059 330.115477244059 330.62756061554 328.786909580231 328.885455926259 324.69654083252 321.49616877238 316.881279150645 317.139208316803 319.200873374939 318.85548432668 316.91704193751 319.443603356679 322.385191917419 318.261464436849 305.570483207703 296.646912892659 273.214558760325 260.699053605398 271.070420742035 278.969128926595 277.479330698649 277.325630187988 284.96265411377 288.32620382309 272.729913393656 264.640907446543 272.561649481456 261.560956637065
339.115341504415 338.512659072876 337.899287541707 340.054114659627 342.803120613098 345.427473386129 345.763603846232 347.817420959473 347.80482451121 349.176963170369 347.683389981588 348.555008570353 347.611467043559 344.570239384969 341.702620188395 339.464465777079 339.338183403015 330.441474914551 324.677507082621 322.648684183757 323.814491430918 321.58629099528 320.813139279683 316.265106201172 315.862596035004 310.975193977356 311.272362867991 311.130583286285 310.259858767192 308.061341444651 311.059951782227 312.044461568197 288.788417975108 265.257120132446 239.829897880554 229.832351207733 243.527054786682 267.77191956838 282.247165838877 277.855654557546 278.310497601827 273.637096087138 261.237581570943 264.079689979553 268.5320576032 245.606938997904
341.891368230184 336.232384045919 333.745082219442 337.168137232463 343.800902366638 347.272753715515 346.994241078695 346.944888432821 347.354491551717 346.604625384013 346.904993057251 347.193320592244 347.032189369202 345.367987950643 339.971979459127 338.177084922791 338.290969530741 329.880197842916 322.217086950938 325.06142059962 321.823060512543 320.938646793365 317.054589589437 313.443223635356 314.133067925771 310.15415986379 309.084514776866 308.642705281576 307.024379571279 301.445643107096 295.738180478414 288.945515950521 266.064465045929 240.469813346863 231.396416823069 227.95436779658 220.901211102804 231.323838233948 246.843775113424 265.659054120382 270.846585432688 261.187791824341 256.985326608022 260.504841804504 251.993715763092 231.225212415059
342.884222666423 339.104890823364 337.000687917074 338.582952817281 344.287951787313 347.77561823527 348.440011342367 346.079190572103 348.159591356913 345.579862594604 346.335848172506 346.179723739624 344.748298327128 345.506906509399 338.282704353333 338.709712028503 336.395899454753 328.633586565654 324.275930722555 325.153986612956 324.867884318034 321.506341298421 321.078737576803 316.948036352793 313.495993614197 312.350233395894 310.321847597758 308.062970638275 304.880142211914 300.348818302155 289.324482282003 280.844589074453 257.310569286346 243.437826633453 247.271498044332 250.899215539296 244.189341862996 236.441115538279 226.382295290629 233.873109022776 250.14595190684 242.146054903666 235.79732577006 229.926586151123 225.566585858663 221.625506877899
344.494620958964 343.133091926575 340.09325504303 336.986859639486 340.112209320068 346.057375272115 347.640117009481 345.133543014526 344.90430355072 345.959742863973 346.301118532817 347.012042999268 344.169735908508 343.33324432373 336.601138114929 336.711963017782 336.228291193644 331.914742787679 327.295045057933 325.856367746989 324.402232964834 322.320997714996 321.292757987976 320.727288722992 317.267517248789 315.229852994283 311.174829800924 303.011854489644 299.537777900696 293.675462404887 291.336576143901 285.905361175537 264.747500419617 257.551630338033 261.40300432841 268.909414609273 280.18581867218 276.740511258443 260.403672854106 231.052935123444 230.274061361949 230.683704217275 227.841059366862 226.033250490824 231.690088907878 237.514654795329
345.859249432882 345.576524734497 343.814134597778 339.168787002563 337.423284848531 342.703223228455 344.878196716309 344.157576560974 341.156999270121 344.330787658691 347.174406051636 343.977967898051 342.706759770711 340.833902359009 338.468631108602 334.4353834788 334.763685862223 330.635746320089 328.923384348551 327.703992525737 326.221525669098 324.317514896393 320.935030778249 319.367349147797 315.106829007467 314.473152160645 301.196376482646 283.172031243642 276.82501077652 281.579871972402 289.340019226074 284.300049146016 266.47941271464 259.171048800151 265.847861766815 275.87366104126 292.00420777003 301.697134971619 292.017261187236 261.207620302836 235.139032204946 237.588445345561 244.780719280243 255.679210027059 265.992363293966 269.035081068675
345.283269882202 344.374537467957 344.927708307902 341.895341873169 337.362925211589 339.988946914673 343.661705652873 343.473672866821 340.895891189575 337.553381919861 343.273440996806 342.259287834167 339.037895202637 339.765787124634 339.39532438914 333.983699480693 333.349267641703 330.463469028473 327.285965283712 327.055195967356 326.28192504247 324.650486310323 321.237564086914 316.740314165751 315.814693768819 315.139770507812 301.221251487732 284.115731716156 283.538063367208 288.053631782532 294.256428877513 287.041087945302 274.429698785146 273.331761360168 285.210013389587 288.366317749023 294.588685035706 283.121168613434 251.841187477112 243.19589138031 254.265904426575 264.04595375061 259.164412816366 252.891480922699 254.47275241216 265.225032965342
339.217146237691 342.220862706502 341.803153355916 341.941912968953 338.932752609253 334.471821784973 343.209028244019 341.116348902384 338.780681292216 333.929141362508 338.054418563843 340.059836705526 339.643120765686 336.041291554769 335.662722587585 332.704504330953 330.93398809433 330.004056294759 326.151212056478 328.364531199137 328.04149389267 325.228790442149 323.607087135315 319.240252176921 318.152904510498 318.87145837148 313.122908274333 310.730775197347 306.999802589417 303.07416121165 298.676490783691 288.674036661784 284.8894794782 281.87370300293 280.683139959971 266.937037309011 247.723519802094 213.183919588725 196.18022441864 232.970833778381 268.496712048848 270.067791144053 249.265054861704 244.322896003723 257.197141647339 271.13284667333
332.506755987803 340.181787808736 340.443690617879 337.994615236918 337.394634882609 334.072510401408 335.088531176249 340.458432833354 340.548157691956 333.726525306702 337.696154912313 338.782429695129 339.704632759094 336.676478385925 333.439032236735 333.226958910624 328.7220398585 325.804034868876 323.018987973531 321.563283602397 322.324017683665 323.247949282328 322.015444437663 320.101261138916 319.972296555837 322.696566581726 322.925209999084 323.423167069753 310.371279716492 308.279613653819 298.781275749207 287.244955698649 285.178184509277 267.688115437826 238.921682039897 210.446298122406 195.839722951253 188.376764456431 184.687217076619 209.678451220194 236.430664857229 253.549655278524 251.044789950053 263.206203778585 294.004559516907 304.010808467865
