input/barkrak2/radiation/dir15024.grid
NCOLS 85 
NROWS 70 
XLLCORNER 665100 
YLLCORNER 4664600 
CELLSIZE 20 
NODATA_value -9999 
[rows 40 to 59 of 70, columns 0 to 45 of 85]
334.33985710144 335.111061731974 335.066318511963 336.810866991679 341.281811396281 344.213445981344 346.026659011841 348.60881169637 349.335551261902 341.953992843628 333.114683628082 329.734067122142 325.81905523936 324.912170569102 322.924971580505 321.443021297455 320.428808530172 318.450729052226 313.041845957438 311.20099623998 313.592374324799 316.253443559011 316.768745581309 312.152485052745 308.799942334493 305.840531984965 312.950829664866 311.337689558665 311.918834845225 311.466693878174 310.577650864919 306.850592295329 283.208171526591 279.025713602702 300.591826438904 300.987819830577 291.729291280111 291.232963403066 291.671872138977 281.048138936361 290.127694606781 328.176081180573 343.243479728699 295.296410719554 234.444499015808 192.190706729889
338.86992931366 337.199409802755 337.358196576436 337.961117426554 336.009661356608 334.642926851908 334.437608718872 335.021217664083 337.540864944458 332.188010215759 326.519687970479 326.788643995921 328.106760978699 328.459103902181 326.51682694753 324.107130368551 318.23190053304 322.420020898183 321.52932882309 316.513657569885 318.786780039469 319.070776303609 317.059993743896 317.444543043772 317.348480224609 312.613606452942 315.101305643717 315.47753016154 314.483861128489 313.375910123189 312.951147556305 307.814538478851 289.800226688385 290.539423624674 301.676074663798 292.434473832448 278.075893719991 277.789811293284 284.787913163503 290.119171142578 305.517713228862 318.216542402903 329.286257425944 323.609133561452 278.02562713623 229.287604490916
340.474605560303 338.946978251139 340.778152147929 340.210556983948 336.059014002482 334.587772687276 333.763519922892 332.089006900787 332.451065381368 329.575856526693 327.797035376231 326.816240946452 328.443467617035 331.047574679057 328.639407952627 325.709283351898 322.640379269918 326.695760091146 327.172180016836 321.500142415365 318.863928318024 318.869312604268 315.45501947403 315.938035647074 317.916750907898 314.730326334635 309.3381524086 311.489741007487 312.78254588445 312.128444512685 311.789313952128 304.711699485779 296.533366044362 299.363613128662 298.81344238917 281.696895758311 266.388754049937 271.91028992335 286.46061817805 299.029946327209 307.48991171519 305.813948313395 301.034251848857 303.090532620748 285.105804602305 234.075248241425
332.038184007009 333.874781926473 338.81417910258 337.138454119364 338.071942329407 339.248498280843 339.590787887573 337.238232294718 330.716888109843 329.989155133565 331.366737683614 328.290899594625 327.702144781748 329.331040382385 328.812499841054 326.113283634186 327.236215273539 327.699283758799 327.105780442556 324.233591556549 319.757560888926 317.098081111908 314.395149548848 313.202758630117 312.457124392192 314.156154791514 309.364060560862 309.717277685801 310.274561246236 309.863825639089 306.59274260203 299.431204795837 299.625019232432 301.434954007467 289.75369532903 267.052551110586 262.219806512197 276.051640510559 295.087297757467 299.686948458354 299.459675947825 295.302232106527 287.292261918386 283.289551734924 273.535350958506 241.080244382223
332.246363162994 336.035092671712 337.524890899658 336.919943491618 337.541421254476 338.791131973267 338.640054066976 336.648861567179 334.032336870829 332.139074802399 332.468867301941 330.232361952464 327.172696590424 325.50722360611 325.6929119428 324.897507826487 321.488261222839 326.685210069021 326.905449231466 324.437022209167 320.738474527995 318.442722161611 317.022204399109 316.604455312093 312.030990918477 317.163149515788 316.346387068431 313.278675079346 311.364114284515 306.954741477966 300.836761792501 295.771539211273 295.831402142843 292.106688022614 280.195653438568 264.479319254557 266.087154547373 282.12966521581 297.211587429047 294.747074445089 295.772353808085 288.60992193222 276.149372259776 269.85639333725 267.085452874502 253.964145978292
336.315234502157 338.817715644836 336.56903107961 337.552189826965 336.706082026164 336.33828163147 337.225516637166 336.687048276265 337.184826533 334.297100702922 333.060105641683 332.853118578593 329.212665557861 326.651791731517 325.149496396383 327.919105688731 323.055525620778 324.282427628835 326.861421267192 325.035353501638 322.304666042328 319.421728452047 317.784508069356 317.466576894124 317.159712314606 314.198613166809 317.669292291005 315.118054548899 310.337483882904 307.113230228424 302.104254563649 297.522644201914 294.349451859792 285.672982533773 272.019664446513 257.937908172607 263.698240121206 281.454503536224 288.681666056315 281.831304232279 287.010769049327 278.90024582545 267.701745033264 269.946058591207 278.174181779226 266.718327999115
336.317618687948 336.602330207825 337.880214055379 338.117520014445 337.791363398234 337.375720342 338.430007298787 338.791569073995 336.588780085246 336.260080337524 335.940639177958 334.71671740214 332.820932070414 330.117702484131 330.096284548442 331.480542818705 328.79904905955 324.142297108968 327.492276827494 324.481109778086 321.725467840831 321.214397748311 319.748838742574 314.534664154053 318.877259890238 312.115867932638 312.020897865295 313.558578491211 310.016850630442 307.054777940114 301.06109380722 298.574725786845 292.76430606842 282.6047539711 270.028690497081 259.518027305603 266.921579837799 279.851377010345 278.224885463715 279.68289454778 285.931309064229 275.062561035156 271.356324354808 278.626958529154 286.4697376887 275.675614674886
332.883516947428 333.776156107585 336.89284324646 336.779197057088 338.381210962931 338.955680529277 337.412118911743 337.045470873515 337.257663408915 338.407595952352 337.069471677144 334.334294001261 333.673675855001 332.859834035238 330.460766951243 330.356856187185 328.839401404063 321.115334828695 323.90425602595 324.211537837982 321.157077948252 318.867882092794 319.631417592367 313.419918219248 315.235614776611 312.542378902435 306.304454803467 307.65829483668 306.042035420736 303.006867567698 301.64909362793 299.191474914551 290.657142798106 287.025014559428 281.650642553965 270.079076290131 272.078037261963 278.280317783356 280.557791392008 287.671029567719 284.618894259135 276.94966395696 279.371738433838 280.70867061615 279.777586460114 270.135621229808
328.055858612061 330.141425132751 332.792123158773 333.980401357015 337.404847145081 339.033444722493 336.658557256063 335.86843808492 338.445981343587 339.033524195353 338.109811147054 336.252927780151 334.713061650594 334.303379058838 331.836342811584 327.97114054362 326.602399349213 319.70485051473 323.298990726471 323.79013299942 320.637325445811 320.933938026428 319.207449754079 315.244893232981 310.920933882395 310.85475285848 307.313601175944 306.57837788264 308.895866076152 310.143053531647 310.009996096293 307.122548421224 296.042660872142 298.000872135162 291.917860507965 275.887588659922 276.041189829508 282.602349917094 286.501506964366 287.182112534841 277.4258852005 274.285952250163 273.438493410746 268.359084924062 265.783747037252 265.309532483419
327.40577061971 325.136184692383 328.251481056213 332.405567169189 335.564374923706 337.019284566243 338.165839513143 339.207887649536 340.174436569214 338.652491569519 338.950634002686 338.28071753184 335.679491360982 334.447264671326 331.328829129537 327.848533789317 325.731217861176 321.835736433665 321.418563524882 322.636504968007 324.367562929789 321.196039517721 318.163136641185 314.745008945465 309.314608573914 309.520184993744 311.176419258118 311.582783857981 314.3097559611 314.705431461334 315.684596697489 312.899212042491 304.686824480693 303.11906337738 295.03059387207 280.946572621663 275.300721327464 282.389163970947 286.478896935781 277.007540067037 266.141315301259 269.276559352875 269.062399864197 263.579646746318 262.763698895772 266.174534956614
327.637573083242 328.938583532969 330.814262231191 334.887385368347 334.6053759257 334.75136756897 338.917771975199 341.527422269185 340.90256690979 340.172608693441 339.332461357117 339.397072792053 336.76822980245 332.372784614563 332.624753316243 332.177440325419 326.618353525798 321.423252423604 319.318652153015 325.075030326843 323.116898536682 318.712592124939 315.448184808095 311.115523179372 307.729363441467 311.304946740468 312.619249025981 312.192638715108 314.210096995036 319.239735603333 320.463379224141 313.885887463888 305.476307868958 303.56486638387 292.780041694641 279.778480529785 276.061097780863 280.576268831889 278.987447420756 265.888909498851 262.595454851786 273.855209350586 272.660613059998 264.999727408091 264.133989810944 260.155916213989
327.641010284424 334.041317303975 334.573070208232 336.174329121908 335.123062133789 334.09055074056 338.292558987935 340.297381083171 339.513381322225 341.988364855448 340.138991673787 338.981628417969 336.965441703796 333.482185999552 330.176611741384 334.599693616231 328.504463036855 320.611159006755 318.333586057027 319.028119246165 317.212224006653 315.314451853434 312.856237093608 309.434990088145 306.946078936259 307.37708012263 309.76523955663 309.552133083344 307.788054148356 310.856620470683 314.713637034098 312.197724978129 300.091048081716 289.83207543691 265.5388712883 253.05183728536 264.574944972992 273.785332838694 273.192882537842 273.000299930573 279.814978440603 281.594057877858 265.97519715627 258.209546407064 266.447186470032 254.242976506551
328.803896903992 328.121602535248 328.335801760356 329.820056756337 332.975486914317 335.864464441935 335.373004277547 338.662068049113 337.830146153768 338.394323984782 337.793032328288 338.827133178711 336.652358373006 332.907478014628 329.333782196045 328.545987606049 326.839884122213 320.672035217285 312.479436397552 312.504450480143 311.751902103424 311.59253915151 310.909489790599 306.111454963684 303.474366664886 300.829211870829 301.269948482513 301.255285739899 300.46135187149 300.92324813207 304.236511389414 306.094229221344 283.498028914134 257.59893655777 231.366495291392 220.667858918508 234.423100948334 259.812513987223 276.485721270243 273.288051287333 274.290084838867 268.403053283691 254.565715789795 257.217526435852 262.120286623637 239.205002784729
331.777056058248 325.574119885763 323.82478316625 326.652050018311 333.123326301575 337.917486826579 336.740573247274 335.845232009888 336.256345113118 336.374918619792 335.716644922892 336.062908172607 337.189475695292 332.461933294932 329.070448875427 325.478553771973 323.82329305013 316.028436024984 312.146703402201 313.06779384613 313.9528632164 310.911178588867 306.957681973775 305.473585923513 301.595727602641 299.930055936178 298.90763759613 298.558135827382 296.94922765096 293.671349684397 287.575721740723 279.75982427597 258.084575335185 233.676234881083 223.743359247843 218.407173951467 210.835218429565 221.411287784576 237.991372744242 259.156982103984 265.078087647756 255.325337251027 250.802119572957 253.060062726339 245.027085145315 224.989891052246
332.840661207835 328.703463077545 326.435466607412 328.265349070231 333.599050839742 336.615165074666 337.393085161845 335.782885551453 336.059371630351 334.04282728831 336.160739262899 333.391427993774 334.594964981079 331.041852633158 327.326993147532 326.060573259989 325.411061445872 319.000661373138 314.427216847738 315.418759981791 315.185805161794 311.640322208405 309.004743893941 309.302647908529 303.434431552887 302.310148874919 300.245483716329 297.923604647319 296.914299329122 287.919322649638 278.862098852793 272.793074448903 250.765939553579 237.659414609273 241.116126378377 243.394633134206 234.741727511088 224.441568056742 215.38778146108 224.58279132843 241.784532864889 235.48968633016 228.589713573456 221.554140249888 217.475712299347 215.015927950541
334.650953610738 333.141525586446 328.925609588623 325.483441352844 328.859329223633 335.599144299825 335.405389467875 333.612521489461 334.447463353475 332.95609553655 334.744850794474 332.66540368398 331.031918525696 331.561684608459 327.472845713298 325.744728247325 327.165484428406 322.620391845703 317.722161610921 316.166996955872 314.655045668284 312.535603841146 311.604301134745 311.189770698547 307.539145151774 305.438001950582 301.135977109273 294.910689194997 289.021372795105 283.225417137146 281.054178873698 278.055886427561 258.256753285726 252.406060695648 256.684501965841 263.728419939677 273.146788279216 267.964243888855 251.055419445038 221.475064754486 220.135807991028 223.707735538483 221.085071563721 218.110799789429 223.429560661316 230.680803457896
335.562348365784 334.468086560567 332.159101963043 327.903012434642 324.601610501607 330.44030268987 334.365049997966 333.631118138631 328.782200813293 330.687999725342 334.109902381897 333.80126953125 330.864548683167 332.028806209564 329.600552717845 325.208942095439 325.697521368663 323.371609052022 317.312757174174 318.158427874247 314.549565315247 314.777692159017 311.27792596817 309.677720069885 307.683308919271 304.548263549805 290.514727433523 271.83739344279 267.312208811442 272.423267364502 280.756195386251 275.138914585114 259.701271851857 253.40614716212 260.963479677836 271.772821744283 287.528514862061 294.719576835632 285.677274068197 253.185431162516 226.453403631846 230.014940102895 238.699813683828 249.049186706543 258.773724238078 263.020634651184
334.954182306925 333.103617032369 333.389798800151 329.70009247462 324.527641137441 327.277660369873 330.3462266922 330.261866251628 326.796114444733 326.432704925537 331.136703491211 333.494981129964 329.983492692312 329.133033752441 328.815877437592 324.65257247289 324.103474617004 321.092228094737 317.787289619446 317.641456921895 316.951553026835 315.347294012706 311.716298262278 309.258421262105 308.334946632385 307.465712229411 291.229208310445 273.130774497986 272.213896115621 279.300808906555 283.825178941091 276.666442553202 266.404290994008 267.68567164739 280.746579170227 284.391780694326 289.83207543691 273.471792538961 244.476636250814 236.894885698954 247.069160143534 257.62532154719 252.50373284022 245.087742805481 246.234556039174 257.569253444672
326.863487561544 330.446978410085 329.638441403707 329.747160275777 321.544269720713 319.315214951833 328.169723351796 330.326914787292 327.655434608459 324.54252243042 328.906377156576 331.144769986471 330.666025479635 326.80881023407 326.523423194885 323.359370231628 319.464047749837 318.510949611664 318.978091080983 319.151679674784 318.951825300852 315.966228644053 314.297795295715 309.640248616536 310.846487681071 309.76676940918 304.375271002452 301.151812076569 297.207395235697 293.551166852315 291.478196779887 281.520624955495 277.878006299337 277.299364407857 273.998936017354 260.756770769755 241.82383219401 205.4030696551 187.253475189209 224.199593067169 260.813057422638 264.198203881582 244.175553321838 238.297045230865 249.201059341431 262.791335582733
319.663902123769 327.965100606283 325.483481089274 323.62292210261 322.759509086609 318.91659895579 323.406636714935 329.551815986633 329.785406589508 324.591418107351 328.517476717631 329.69331741333 329.16271686554 325.715065002441 326.045314470927 323.925753434499 319.1224137942 316.215793291728 313.352326552073 311.817586421967 314.954121907552 313.709060351054 312.492946783702 310.560186704 310.577750205994 314.034422238668 313.853840033213 317.599892616272 304.204821586609 301.958839098612 291.847427686055 278.281172116597 276.041388511658 260.808408260345 233.087420463562 201.518833637238 189.830799897512 180.700381596883 175.047675768534 198.66422812144 225.443820158641 245.44628461202 245.822310447693 258.861859639486 289.122064908346 298.303802808126
