input/barkrak2/radiation/dir17424.grid
NCOLS 85 
NROWS 70 
XLLCORNER 665100 
YLLCORNER 4664600 
CELLSIZE 20 
NODATA_value -9999 
[rows 0 to 19 of 70, columns 0 to 45 of 85]
357.189893722534009 359.033107757568 357.502420743306 351.779460906982 345.428347587585 340.555429458618 332.450290520986 326.255698998769 331.487774848938 329.999983310699 326.703111330668 335.100491841634 342.0197168986 341.814279556274 344.85137462616 355.858604113261 360.410451889038 359.984874725342 341.686089833577 329.156935214996 305.854062239329 299.392541249593 315.134624640147 321.538031101227 317.824999491374 314.589023590088 314.62154785792 306.499540805817 288.399378458659 280.757149060567 279.609004656474 283.439894517263 290.369133154551 295.973718166351 304.251154263814 297.462264696757 293.540040651957 301.180998484294 298.897683620453 301.838874816895 291.955788930257 271.679977575938 282.113611698151 308.766047159831 315.251549084981 305.406947930654
351.723949114482 356.612006823222 358.277996381124 353.467384974162 350.517590840658 345.768531163534 334.757685661316 323.521733283997 326.132873694102 328.050454457601 322.736481825511 329.732259114583 339.542786280314 341.148535410563 340.13819694519 347.989002863566 345.656673113505 342.72567431132 342.796762784322 335.669120152791 318.615476290385 307.975510756175 311.937749385834 316.975871721904 315.948049227397 311.650077501933 310.085773468018 305.805722872416 291.512111822764 280.930042266846 282.109161218007 290.27392466863 286.310454209646 289.686838785807 303.307751814524 295.421063899994 287.882606188456 290.261427561442 288.108189900716 299.193580945333 298.011402289073 285.2863073349 292.8812901179 313.8441046079 320.241669813792 308.261811733246
334.25239721934 335.450132687887 336.463371912638 340.116421381633 347.046295801799 348.056753476461 347.008387247721 340.708454449971 335.530082384745 330.939988295237 322.74341583252 322.858651479085 330.711722373962 332.758009433746 328.790505727132 332.191427548726 335.997899373372 340.620279312134 342.939376831055 340.467731157939 335.672299067179 324.416736761729 315.43896595637 313.626567522685 314.808964729309 315.557738145192 310.096104939779 304.080386956533 292.789816856384 280.111849308014 277.069211006165 288.317680358887 275.126814842224 281.521519025167 297.396878401438 291.89799229304 275.748372077942 268.665889898936 281.11998240153 299.873888492584 302.536805470784 303.404589494069 305.929144223531 321.559230486552 332.054018974304 317.403217156728
320.942918459574 315.596421559652 318.597694238027 322.356959184011 325.416346391042 326.975087324778 324.518620967865 331.760942935944 339.23598130544 341.870586077372 337.243556976318 333.55704943339 332.655529181163 331.664343674978 327.579240004222 321.333626906077 324.975689252218 330.969432989756 337.977528572083 339.496254920959 338.314612706502 335.339109102885 333.22811126709 325.765510400136 323.65490992864 325.520833333333 319.268484910329 310.323655605316 301.321347554525 291.053016980489 280.635257562002 286.650776863098 273.989319801331 280.822813510895 288.522183895111 289.71407810847 282.881577809652 279.624422391256 298.492173353831 313.711603482564 311.12931172053 303.74679962794 299.73316192627 307.868440945943 319.303611914317 322.436432043711
331.38644695282 319.245020548503 308.224717775981 300.835192203522 294.773002465566 306.319971879323 320.181747277578 325.303355852763 330.928603808085 334.480802218119 341.477394104004 345.111091931661 344.626625378927 343.020439147949 339.009523391724 336.646954218547 334.832747777303 330.815156300863 334.123373031616 339.525938034058 338.733514149984 338.076988855998 340.013742446899 335.026184717814 330.1007548968 328.810095787048 323.666612307231 314.503391583761 305.480261643728 299.891034762065 297.785500685374 293.930252393087 286.148985226949 289.041082064311 286.781152089437 290.592928727468 301.295320192973 306.640903155009 317.08965698878 323.072115580241 321.110725402832 313.260495662689 304.432352383931 299.807111422221 305.825074513753 328.183054924011
353.086074193319 340.706507364909 322.361687819163 297.301073869069 288.391689459483 295.572400093079 313.395301500956 325.734178225199 327.775379021962 327.024718125661 331.647197405497 338.37628364563 343.512336413066 344.773888587952 346.682508786519 345.840533574422 342.128753662109 334.305206934611 332.54744609197 335.658629735311 335.419217745463 338.461319605509 343.828996022542 340.200463930766 335.586508115133 334.648688634237 328.19139957428 318.600078423818 307.79101451238 300.620555877686 299.404263496399 294.773459434509 299.795945485433 306.406378746033 300.161262353261 297.135790189107 305.854161580404 313.379486401876 318.308730920156 318.616648515065 319.695989290873 316.000680128733 313.32270304362 311.931570370992 311.041831970215 318.562388420105
354.529937108358 347.661058108012 334.569454193115 321.689327557882 307.076573371887 295.43666044871 301.62521203359 322.659114996592 329.378445943197 332.798739274343 331.30935827891 328.385412693024 325.955351193746 323.812067508698 324.007451534271 332.527955373128 337.466756502787 341.444214185079 342.100222905477 341.245214144389 336.522301038106 332.191208998362 339.938958485921 342.055877049764 339.895248413086 340.581258138021 337.095499038696 328.934232393901 318.029463291168 310.269316037496 304.436882336934 305.039525032043 319.317599137624 326.249798138936 323.93753528595 316.556255022685 315.033654371897 318.903923034668 322.630345821381 328.950623671214 329.340259234111 325.04944006602 320.929904778798 314.488132794698 299.367169539134 293.063759803772
347.717881202698 348.44164053599 347.62175877889 342.685063680013 331.59726858139 311.909774939219 293.71452331543 292.344669500987 317.591865857442 332.760870456696 336.46035194397 333.174665768941 328.461547692617 324.228346347809 315.264344215393 317.551712195079 325.388848781586 334.061106046041 343.429088592529 346.787373224894 344.606518745422 337.441047032674 337.064067522685 340.920289357503 341.220458348592 343.118588129679 342.226227124532 337.820092837016 331.083714962006 326.196869214376 322.182377179464 322.892467180888 333.812157313029 337.23791440328 336.422761281331 332.82196521759 326.911290486654 323.653976122538 317.60028998057 325.624823570251 333.929459253947 336.813370386759 334.694584210714 324.79323943456 307.680249214172 291.089653968811
345.646222432454 346.614480018616 347.44914372762 346.628109614054 342.352946599325 333.55708916982 314.09219900767 292.287945747375 299.676140149434 316.156586011251 329.570889472961 333.544333775838 333.606958389282 332.513113816579 327.703098456065 323.660055796305 322.030067443848 323.621372381846 331.963161627452 340.654095013936 345.236380894979 346.197406450907 343.30423672994 341.254790623983 341.682036717733 344.655831654867 345.628023147583 343.453645706177 340.734163920085 340.604424476624 340.019941329956 338.890234629313 341.697772343953 343.177239100138 340.874632199605 338.886181513468 335.259596506755 327.391147613525 313.285926977793 316.778381665548 331.641614437103 334.252238273621 330.040395259857 326.450983683268 317.400256792704 308.142304420471
338.521917661031 342.143535614014 343.38641166687 343.512535095215 342.372218767802 343.223174413045 337.378859519958 327.049851417542 303.539176781972 299.161374568939 308.639784653982 325.420002142588 336.422522862752 340.014100074768 340.954105059306 338.038325309753 330.24936914444 327.375988165538 326.883574326833 328.89715830485 333.929022153219 336.174964904785 338.592092196147 339.544375737508 341.166814168294 343.205213546753 344.261328379313 343.076785405477 342.300057411194 344.808260599772 345.605929692586 345.523953437805 347.031116485596 347.60578473409 345.466613769531 341.497540473938 340.244809786479 335.240443547567 316.363970438639 311.955511569977 324.61420694987 325.031816959381 322.922269503276 322.050412495931 313.973744710286 304.668108622233
311.422944068909 319.592952728271 327.267328898112 331.788539886475 335.693796475728 339.345137278239 341.627637545268 341.838757197062 326.574683189392 309.018075466156 298.33996295929 303.314904371897 322.652061780294 336.393435796102 342.367768287659 338.349580764771 335.120399792989 332.237521807353 327.736973762512 324.412663777669 323.427299658457 323.330024878184 324.869513511658 330.695112546285 336.408813794454 339.486201604207 340.432564417521 339.906811714172 341.466784477234 343.586683273315 344.464421272278 346.009929974874 349.161863327026 349.353512128194 348.570426305135 344.779888788859 343.919515609741 343.279242515564 330.922285715739 317.278504371643 320.378561814626 323.850214481354 325.611273447673 325.950145721436 318.220734596252 309.087216854095
279.336929321289 283.654113610586 290.443519751231 299.946467081706 311.465362707774 322.443902492523 333.461403846741 336.796124776204 336.869160334269 329.846481482188 313.240786393483 298.060635725657 299.67333873113 315.891702969869 332.965095837911 333.218534787496 337.502241134644 335.975289344788 331.159949302673 325.02947251002 320.797185103099 318.563421567281 318.628191947937 323.545674482981 328.130443890889 331.108828385671 332.300086816152 334.559837977091 337.28830019633 339.495142300924 341.490030288696 344.730496406555 348.09136390686 347.979625066121 346.635262171427 345.629771550496 347.008466720581 347.781936327616 343.729654947917 333.038707574209 329.994002978007 333.151757717133 336.374402046204 336.522261301676 330.065608024597 327.778240044912
270.347913106283 266.671140988668 264.715174833934 264.758785565694 271.468162536621 285.328070322673 303.821523984273 319.146474202474 335.55261294047 337.650895118713 332.591493924459 317.314624786377 296.465178330739 294.60350672404 312.617361545563 329.501370588938 337.849617004395 338.903784751892 336.856285730998 332.574427127838 327.422340710958 326.452612876892 325.263142585754 325.899223486582 325.414299964905 324.225425720215 327.005664507548 332.153638203939 333.920995394389 334.026575088501 336.710850397746 339.965542157491 341.651837031047 342.473983764648 341.774264971415 343.789219856262 348.590691884359 350.538810094198 348.719040552775 346.925934155782 344.306111335754 343.449831008911 343.071858088175 341.863751411438 336.110671361287 332.940518856049
266.206781069438 242.091119289398 226.758897304535 221.740941206614 218.263864517212 223.991612593333 241.127034028371 271.570324897766 302.908043066661 327.009300390879 335.8074426651 336.411317189534 327.211121718089 308.993776639303 307.092726230621 325.350979963938 335.262179374695 340.948541959127 343.473235766093 341.618776321411 336.43635114034 334.41440264384 332.605262597402 332.619031270345 330.745816230774 328.892012437185 331.391433874766 336.05702718099 334.895332654317 331.77649974823 334.521412849426 337.575753529867 338.957587877909 339.271227518717 340.550422668457 343.060572942098 346.227566401164 347.923318545024 347.027579943339 346.890886624654 347.187519073486 347.783962885539 347.857356071472 344.831665356954 339.966853459676 335.060636202494
249.488949775696 216.936786969503 195.866962273916 192.082742849986 190.94181060791 194.234232107798 202.260533968608 225.77170530955 252.044498920441 295.566340287526 333.168784777323 346.148252487183 347.668250401815 340.784907341003 325.579583644867 321.261525154114 325.373272101084 334.783554077148 342.074195543925 344.280322392782 343.923807144165 341.415603955587 340.583086013794 339.338978131612 336.384614308675 334.867636362712 336.740016937256 337.810873985291 332.910895347595 331.202705701192 334.795276323954 336.596449216207 336.878140767415 337.092757225037 339.049657185872 341.141978899638 341.256022453308 340.723554293315 341.830293337504 340.718507766724 343.152642250061 346.070369084676 347.821513811747 345.735828081767 341.606537501017 339.249571164449
214.866677920024 191.263238588969 176.306525866191 173.451582590739 188.357353210449 208.041648070017 207.371294498444 212.579766909281 232.725123564402 262.25084066391 305.772463480632 344.214558601379 351.770639419556 350.313226381938 343.599041302999 326.519926389058 319.313804308573 321.067849795024 332.118093967438 344.598968823751 346.700350443522 344.328006108602 345.24675210317 343.037803967794 339.139024416606 339.126984278361 340.966900189718 338.718175888062 333.596070607503 336.023370424906 338.34175268809 338.0286693573 336.546023686727 335.255662600199 335.647980372111 335.299849510193 334.478894869487 330.99772532781 332.278311252594 333.183348178864 335.063378016154 338.075995445251 339.374343554179 338.196357091268 339.882135391235 341.334104537964
188.801189263662 180.180112520854 173.37965965271 165.83588719368 169.428467750549 192.381958166758 210.564990838369 211.060722668966 227.248628934224 238.91007900238 261.115690072378 311.62557999293 348.377863566081 349.568525950114 347.405036290487 344.81954574585 338.94956111908 329.768558343252 323.15848271052 330.851276715596 342.157204945882 345.704277356466 347.041368484497 345.110019048055 341.936270395915 342.858592669169 345.653692881266 342.423836390177 339.075167973836 342.55329767863 343.613704045614 338.320692380269 335.362990697225 333.881417910258 330.202360947927 329.496105511983 327.049513657888 326.341688632965 325.450321038564 327.448050181071 329.338510831197 330.051839351654 331.627090771993 333.100696404775 339.093446731567 341.967026392619
180.791437625885 184.67636903127 186.426103115082 177.246848742167 161.61913673083 168.960233529409 195.543646812439 212.628920873006 230.657696723938 241.384704907735 249.883651733398 275.897026062012 324.060499668121 347.666144371033 349.69703356425 350.565751393636 350.767374038696 345.543344815572 335.395812988281 324.939290682475 332.249760627747 344.661037127177 345.219413439433 343.796849250793 343.996961911519 347.437620162964 349.505543708801 347.723762194316 345.292528470357 346.238454182943 343.978603680929 338.670174280802 335.988958676656 332.902689774831 329.531828562419 327.827493349711 325.660864512126 325.979351997375 325.896302858988 326.101819674174 327.885886033376 329.006612300873 327.873905499776 330.531537532806 335.505286852519 341.110825538635
190.831979115804 201.530039310455 210.063576698303 205.620606740316 185.285151004791 176.439305146535 196.103692054749 215.494195620219 233.563383420308 255.738119284312 261.814693609873 271.380682786306 301.500121752421 333.166340986888 346.221208572388 349.839011828105 350.273768107096 349.311113357544 348.193605740865 340.132435162862 328.695972760518 337.045152982076 339.899778366089 343.310157457987 347.014625867208 350.174307823181 351.481397946676 349.69166914622 345.84101041158 345.609188079834 342.473268508911 338.76637617747 335.660060246785 332.978129386902 331.122140089671 328.686078389486 328.710516293844 326.156973838806 325.599471728007 327.662726243337 329.34166987737 330.300271511078 328.853130340576 330.842117468516 331.955214341482 338.06324005127
205.152948697408 209.812800089518 222.127159436544 238.443195819855 227.277537186941 191.176454226176 193.305273850759 204.584817091624 223.926504453023 247.054119904836 262.836416562398 265.27198155721 280.771414438883 299.139658610026 329.181889692942 343.783179918925 346.357107162476 346.350828806559 346.866846084595 347.003579139709 343.686898549398 336.470047632853 337.082703908284 340.903520584106 345.983743667603 349.635044733683 351.758718490601 349.373737970988 343.92257531484 343.5959815979 340.389172236125 335.801601409912 333.290298779805 333.308259646098 332.075715065002 329.86056804657 328.438480695089 323.641101519267 321.577767531077 327.336251735687 331.469019254049 331.396003564199 332.945068677266 332.950711250305 330.061554908752 335.841258366903
