input/barkrak2/radiation/dir19224.grid
NCOLS 85 
NROWS 70 
XLLCORNER 665100 
YLLCORNER 4664600 
CELLSIZE 20 
NODATA_value -9999 
[rows 40 to 59 of 70, columns 0 to 45 of 85]
335.315028826396 336.03306611379 335.991621017456 337.704539299011 341.98780854543 344.787240028381 346.519072850545 348.978241284688 349.707841873169 342.644174893697 334.091424942017 331.674218177795 328.186571598053 326.17199420929 323.94415140152 322.762608528137 321.734011173248 319.328248500824 315.618296464284 312.248746554057 314.859449863434 317.456821600596 317.505478858948 312.879145145416 309.577584266663 307.234227657318 312.496622403463 312.501867612203 312.936206658681 312.380750974019 309.923549493154 306.163847446442 282.959361871084 278.449098269145 299.689451853434 300.119360287984 290.987809499105 290.687561035156 290.737251440684 280.128518740336 288.899481296539 327.35687494278 344.071944554647 298.414607842763 238.675713539124 195.104757944743
339.689016342163 338.05239200592 338.206768035889 338.833888371785 336.944540341695 335.605065027873 335.434118906657 336.60360177358 339.143792788188 334.056615829468 327.671051025391 328.903257846832 330.198168754578 329.476098219554 327.601174513499 325.178662935893 320.705731709798 323.34969441096 323.976834615072 317.507068316142 317.865371704102 319.947282473246 318.198621273041 318.53316227595 318.059126536051 313.35194905599 315.689663092295 315.899113814036 314.782877763112 313.663383324941 313.71001402537 307.921886444092 289.598206679026 289.799908796946 300.948361555735 292.281528313955 277.504881223043 277.542849381765 284.692545731862 289.704481760661 304.575483004252 317.164937655131 328.988293806712 325.176775455475 280.378937721252 231.928626696269
341.191649436951 339.71381187439 341.495593388875 340.955058733622 336.922287940979 335.518360137939 335.314353307088 333.888173103333 334.275762240092 330.662568410238 328.911205132802 329.002579053243 330.605467160543 332.004646460215 330.866773923238 326.709787050883 325.104455153147 327.613353729248 328.031738599141 324.154257774353 319.92906332016 318.198323249817 316.436231136322 316.869099934896 318.951805432638 315.551022688548 310.13298034668 312.549312909444 313.723663489024 312.477866808573 312.124888102214 304.943442344666 296.636382738749 298.834542433421 298.158546288808 281.233270963033 266.036788622538 271.701872348785 286.418378353119 298.870722452799 307.191530863444 305.430789788564 300.976872444153 304.096798102061 287.359456221263 237.073242664337
333.056449890137 334.846655527751 339.62345123291 337.987462679545 338.860472043355 340.427001317342 340.868671735128 338.099002838135 332.579890886943 331.066727638245 332.37632115682 330.436289310455 329.945921897888 330.305457115173 329.764048258464 328.454554080963 328.193624814351 330.01979192098 327.981412410736 323.582331339518 320.79009215037 318.149248758952 315.466821193695 314.335286617279 315.27054309845 315.018753210704 310.451030731201 310.789962609609 310.920079549154 310.750166575114 307.464122772217 299.856245517731 300.004223982493 301.316956679026 288.696606953939 266.663829485575 261.875947316488 275.739312171936 294.930418332418 299.777448177338 299.421370029449 295.269767443339 287.332097689311 284.090081850688 275.886595249176 243.996024131775
333.320498466492 337.011138598124 337.941368420919 337.790171305339 338.862935702006 339.566906293233 339.405655860901 337.484041849772 334.961255391439 333.158055941264 333.447058995565 332.295477390289 328.249831994375 326.596736907959 326.776921749115 325.967033704122 322.610974311829 326.202114423116 327.835083007812 325.399816036224 321.75886631012 319.47257121404 318.031430244446 317.593038082123 314.815998077393 317.989190419515 318.845709164937 314.00340795517 312.036554018656 309.126536051432 301.466723283132 296.36557896932 296.434024969737 292.427281538645 280.194381872813 264.208197593689 265.717029571533 281.705061594645 296.683053175608 294.608215490977 296.079436937968 288.62210114797 276.124159495036 270.309388637543 268.754800160726 256.612181663513
337.289651234945 339.697519938151 337.485750516256 338.881214459737 338.047623634338 337.745189666748 338.038643201192 337.527434031169 338.003436724345 336.038112640381 333.986520767212 333.792130152384 330.231726169586 327.746510505676 326.250970363617 327.680687109629 324.172019958496 325.319548447927 327.793955802917 325.980722904205 323.285420735677 321.891148885091 318.762977917989 318.404316902161 318.076034386953 315.10333220164 318.378329277039 315.807282924652 312.598864237467 307.745238145192 302.7330438296 298.169394334157 294.849673906962 286.157449086507 271.895448366801 257.958928743998 263.577580451965 281.208574771881 288.631538550059 282.069087028503 287.37199306488 279.041727383931 267.733156681061 270.089348157247 279.020527998606 268.669327100118
337.3068968455 338.092684745789 338.758548100789 339.441537857056 338.605801264445 338.761289914449 339.209119478862 340.139865875244 338.119467099508 337.09994951884 336.805025736491 335.592269897461 333.761930465698 331.10914627711 331.089754899343 332.39088455836 329.747895399729 325.181762377421 328.405976295471 326.875646909078 322.680791219076 322.135547796885 320.673247178396 317.423224449158 319.68096892039 314.951260884603 312.862773736318 314.305186271667 312.265555063883 307.694474856059 302.901864051819 299.187918504079 293.295502662659 283.026258150737 270.522018273671 259.560028711955 266.992827256521 279.874324798584 278.172393639882 279.739499092102 286.35044892629 275.241335233053 271.346191565196 278.520425160726 286.706248919169 276.810586452484
333.986878395081 334.825793902079 337.824781735738 337.652961413066 339.17498588562 340.291500091553 338.217894236247 337.84008026123 338.053305943807 339.170694351196 337.893605232239 335.22089322408 334.58399772644 334.835847218831 332.653800646464 331.303854783376 329.793294270833 323.766907056173 324.882924556732 325.139105319977 322.128295898438 321.417073408763 320.514520009359 316.373666127523 316.14617506663 315.296133359273 309.133092562358 308.487673600515 308.449546496073 305.160741011302 303.439716498057 300.935705502828 291.194279988607 287.401417891185 282.08315372467 269.812365372976 271.958033243815 278.381069501241 280.589361985524 287.709712982178 284.410099188487 277.097662289937 279.34984366099 280.543009440104 279.772222042084 270.567695299784
329.97061808904 331.320067246755 334.518671035767 335.603276888529 338.2435242335 339.791417121887 337.46333916982 336.711804072062 339.230298995972 339.776436487834 338.881055514018 337.102611859639 335.59262752533 335.160493850708 333.938161532084 330.223341782888 327.586809794108 322.419106960297 324.292918046315 324.687798817952 323.165853818258 323.497394720713 321.874459584554 316.147685050964 313.920855522156 313.642303148905 308.187484741211 309.316198031108 309.516052405039 312.131981054942 310.328384240468 307.370762030284 297.523597876231 298.250615596771 291.825830936432 275.400122006734 275.576055049896 282.49990940094 286.534309387207 287.064294020335 277.518967787425 274.603943030039 273.647983868917 268.508076667786 265.945514043172 265.491604804993
329.36418056488 327.235738436381 329.459349314372 334.176143010457 336.490114529928 337.861776351929 338.942925135295 339.940985043844 340.899387995402 339.443246523539 339.690089225769 339.894413948059 337.526003519694 335.299968719482 332.207361857096 330.105463663737 326.701521873474 324.503421783447 324.124137560527 325.187643369039 326.814273993174 323.815862337748 318.990588188171 315.55449962616 312.378287315369 312.410195668538 309.772769610087 312.242567539215 314.800580342611 316.878120104472 317.427158355713 312.776684761047 304.67943350474 304.480652014414 295.01078526179 280.486583709717 274.653017520905 281.853516896566 286.972999572754 277.149776617686 266.245067119598 269.221246242523 269.132236639659 263.785123825073 263.068616390228 266.655027866364
329.513450463613 330.90619246165 331.955591837565 335.89502175649 335.578203201294 335.69590250651 339.702884356181 342.213153839111 341.586271921794 341.652790705363 340.91329574585 340.091586112976 338.518699010213 334.404230117798 333.460648854574 334.282557169596 329.006771246592 324.188013871511 322.183350721995 327.589472134908 325.6822625796 321.447471777598 316.248198350271 314.20511007309 308.594663937887 312.027553717295 315.455794334412 312.774340311686 314.65886036555 317.384600639343 318.566600481669 314.941147963206 306.28490447998 301.182905832926 292.860507965088 279.58611647288 275.570968786875 279.979805151622 278.669555981954 266.122202078501 262.790163358053 273.430605729421 272.71435658137 265.042086442312 264.318625132243 259.754021962484
328.907291094462 335.110902786255 335.594097773234 337.137699127197 336.096564928691 335.074067115784 339.135766029358 341.712554295858 341.007391611735 342.615683873494 341.638406117757 339.648842811584 337.677836418152 335.460106531779 332.45849609375 335.277358690898 329.302668571472 321.495334307353 321.256041526794 321.820060412089 319.986502329508 316.126624743144 313.678423563639 310.300230979919 307.829638322194 308.199365933736 310.47515074412 310.215095678965 310.762445131938 313.626289367676 314.87516562144 311.943272749583 299.734969933828 289.861957232157 266.075273354848 253.568053245544 264.718910058339 273.489038149516 272.627890110016 272.480229536692 279.566864172618 281.620621681213 266.154150168101 258.3380540212 265.938599904378 254.446744918823
330.029229323069 329.370280106862 329.582472642263 330.987711747487 334.699511528015 337.532877922058 337.151845296224 340.195616086324 339.439193407695 340.077797571818 339.467525482178 340.435385704041 338.413755098979 334.945360819499 330.137213071187 330.84640900294 329.233388106028 321.572204430898 315.589368343353 313.483436902364 312.711298465729 312.507192293803 311.790823936462 307.069182395935 306.750297546387 301.771700382233 302.158077557882 302.096327145894 301.272968451182 301.670511563619 304.827312628428 304.650207360586 283.360282580058 258.304079373678 231.923878192902 221.713662147522 235.467433929443 260.468204816182 276.453693707784 272.801915804545 273.752490679423 268.204967180888 254.539132118225 257.497409979502 262.314001719157 239.434858163198
333.643436431885 326.901117960612 325.199027856191 328.774452209473 334.996143976847 338.788906733195 337.624073028564 337.621331214905 338.046312332153 338.196237881978 337.556958198547 337.894519170125 338.897784550985 335.864941279093 331.426362196604 327.94847091039 326.380054155986 319.001138210297 313.111464182536 316.029926141103 314.85108534495 311.83926264445 310.082018375397 306.449214617411 304.919977982839 300.897181034088 299.853364626567 299.467186133067 297.849694887797 294.599731763204 288.561880588531 280.410766601562 259.013911088308 233.993331591288 224.308431148529 219.865759213765 212.260603904724 222.799738248189 238.182028134664 259.037295977275 265.451749165853 255.569060643514 250.874698162079 253.943463166555 244.744002819061 225.169281164805
333.969314893087 330.659925937653 327.738165855408 329.478005568186 334.621628125509 338.44264348348 339.181065559387 337.575515111287 338.915904362996 336.021900177002 338.023702303569 335.435310999552 336.520115534465 333.202679951986 329.765796661377 326.788485050201 326.115568478902 319.82813278834 315.322558085124 316.262205441793 316.00026289622 312.506874402364 312.0436668396 310.177644093831 306.722203890483 303.217609723409 301.158547401428 298.849622408549 295.590976874034 291.019876797994 281.775534152985 273.539543151855 250.956316788991 237.630506356557 241.179267565409 243.837972482046 235.876520474752 225.902597109477 216.850221157074 225.741187731425 241.981287797292 235.760748386383 229.02109225591 222.3974665006 218.200484911601 215.290109316508
335.711797078451 334.911425908407 331.03475968043 327.810327212016 331.135491530101 337.529897689819 337.306141853333 335.563659667969 336.394309997559 336.390256881714 338.154872258504 336.179892222087 333.199242750804 332.156141599019 328.148941198985 328.2657066981 327.809850374858 323.339184125264 318.527261416117 316.993832588196 315.488557020823 313.376684983571 312.412738800049 311.948657035828 308.352847894033 306.264340877533 302.032848199209 295.90247074763 290.0696794192 286.192039648692 282.035926977793 278.718729813894 258.410016695658 252.170244852702 256.319125493367 263.469656308492 273.338953653971 268.615305423737 252.606908480326 222.714940706889 221.52974208196 224.045137564341 221.372167269389 218.733886877696 224.132895469666 230.95049460729
337.173223495483 336.211681365967 334.984540939331 330.154577891032 327.128191788991 333.907763163249 336.309591929118 334.474245707194 331.105132897695 334.549824396769 334.686835606893 335.868676503499 333.011349042257 332.605997721354 330.197175343831 325.908859570821 328.17268371582 324.073831240336 320.210973421733 318.935553232829 317.429741223653 315.544803937276 312.081813812256 310.483713944753 308.5036277771 305.410325527191 291.626612345378 273.199121157328 268.69144042333 273.660977681478 281.777163346608 275.842249393463 259.921272595723 253.328998883565 260.634024937948 271.207332611084 286.65945927302 294.541736443837 286.00804011027 253.695845603943 227.325638135274 230.530043443044 238.744000593821 249.214986960093 259.044369061788 262.989103794098
336.56108379364 334.90248521169 334.426244099935 331.972122192383 327.055831750234 328.391075134277 332.574963569641 333.709081013997 327.678143978119 329.037408034007 333.470741907756 334.067702293396 330.636858940125 329.759339491526 331.178824106852 325.381278991699 324.7984846433 321.823318799337 318.556785583496 318.374156951904 317.652225494385 316.036581993103 314.74494934082 310.086846351624 309.145510196686 308.213353157043 292.148172855377 275.935133298238 273.558715979258 280.506551265717 287.054320176442 277.515192826589 267.623047033946 267.446557680766 280.297636985779 283.768614133199 289.343396822612 275.059123833974 244.787971178691 237.004379431407 247.435688972473 257.273475329081 252.820332845052 245.732386906942 246.875246365865 257.997075716654
329.479098320007 332.448740800222 332.912445068359 330.797294775645 325.871209303538 323.813060919444 329.05779282252 332.550009091695 328.494767347972 325.363953908284 329.631288846334 333.252628644307 331.295231978099 327.514807383219 327.191313107808 324.083387851715 320.254524548848 321.33956750234 319.701631863912 319.825291633606 319.580177466075 316.641132036845 314.978917439779 312.68717845281 309.328138828278 312.146286169688 304.901977380117 300.106207529704 298.057655493418 294.332921504974 292.162775993347 282.044629255931 279.187778631846 277.044892311096 273.393273353577 259.626229604085 241.93662405014 205.751995245616 188.257435957591 225.080192089081 261.371076107025 264.210263888041 243.945022424062 238.320549329122 249.760051568349 263.458391030629
322.940607865651 330.165286858877 329.207638899485 326.260725657145 326.999922593435 320.021033287048 324.382146199544 331.848820050557 332.231322924296 327.341039975484 329.233288764954 330.357035001119 329.794466495514 328.185359636943 326.73050959905 324.634194374084 319.922705491384 317.018568515778 314.177413781484 314.90417321523 315.721988677979 314.465880393982 313.237229983012 311.306357383728 311.271607875824 314.497053623199 315.527816613515 317.819873491923 304.75260814031 302.497923374176 292.409459749858 280.65824508667 277.675628662109 260.941783587138 232.583443323771 201.034982999166 189.658482869466 181.3618739446 176.320552825928 200.03221432368 227.616806825002 246.09649181366 245.57489156723 258.391737937927 288.708686828613 297.724147637685
