input/barkrak2/radiation/dir10224.grid
NCOLS 85 
NROWS 70 
XLLCORNER 665100 
YLLCORNER 4664600 
CELLSIZE 20 
NODATA_value -9999 
[rows 20 to 39 of 70, columns 0 to 45 of 85]
112.237056096395 100.713392098745 109.364062547684 137.793650229772 132.972170909246 112.733860810598 103.716492652893 114.725053310394 129.322131474813 138.516426086426 151.098748048147 155.70534269015 155.725111564 160.078684488932 168.490489323934 184.857070446014 197.744607925415 210.9614610672 227.118372917175 242.51401424408 249.529937903086 242.428421974182 244.605422019958 247.295737266541 248.776475588481 250.311990578969 244.611581166585 250.284910202026 247.941633065542 259.503106276194 256.318012873332 242.382963498433 226.815283298492 215.834259986877 211.273729801178 217.605531215668 217.150191466014 219.268341859182 223.236660162608 228.314181168874 229.788680871328 229.340573151906 232.800543308258 226.10342502594 230.932394663493 236.315210660299
144.408653179804 134.28470492363 134.281029303869 164.272924264272 161.695977052053 115.869174400965 115.673045317332 125.758270422618 134.5627506574 140.802999337514 147.262473901113 150.821844736735 150.458951791128 144.286930561066 151.768187681834 166.42689704895 184.043745199839 195.054888725281 208.271702130636 224.912643432617 231.24102751414 245.155473550161 246.294299761454 245.379130045573 237.421055634816 224.841594696045 214.731395244598 207.802136739095 222.18644618988 212.96505133311 199.325581391652 172.387500603994 167.433619499207 157.711078723272 163.016746441523 184.294859568278 193.382700284322 211.053888003031 222.675522168477 223.961412906647 221.832871437073 219.910343488057 213.314255078634 194.794714450836 218.625783920288 229.880472024282
191.423773765564 191.010971864065 178.981999556224 184.568226337433 183.980941772461 142.394959926605 139.446338017782 134.218504031499 131.882150967916 135.307023922602 146.834433078766 150.387148062388 153.602679570516 152.661432822545 155.859609444936 162.793656190236 175.908247629801 190.147201220194 199.190596739451 201.886554559072 205.844302972158 222.715198993683 234.742184480031 237.624605496724 235.623359680176 228.027999401093 211.448987325033 202.833195527395 200.046956539154 194.639801979065 161.064654588699 121.626138687134 85.2866371472677 80.2540679772695 116.910894711812 141.824354728063 166.092028220495 189.875562985738 204.479376475016 209.071815013885 213.62562974294 215.611219406128 187.935133775075 161.634971698125 194.377839565277 227.277994155884
224.726319313049 219.004114468892 196.119030316671 190.873185793559 189.376691977183 179.901798566182 162.715305884679 140.836556752523 128.16995382309 129.626482725143 144.382288058599 151.738107204437 159.32755668958 166.953424612681 165.667563676834 167.58668422699 177.029013633728 188.8827085495 196.104288101196 185.329814751943 186.150828997294 192.35501686732 204.226513703664 212.711950143178 218.454400698344 215.264638264974 204.830507437388 193.046232064565 172.585785388947 143.525938193003 116.657127936681 86.0518415768941 52.6826580365499 17.3630242546399 17.808818568786 47.4550078312556 91.0804470380147 121.85537815094 148.454507191976 161.348084608714 164.122690757116 150.898873806 146.567155917486 175.714433193207 184.187630812327 215.664426485697
219.796180725098 218.360662460327 208.720962206523 194.109082221985 181.054433186849 179.48983112971 164.823750654856 152.720799048742 139.158219099045 134.783744812012 140.555520852407 148.80379041036 156.480491161346 168.099423249563 168.374975522359 167.387962341309 175.395945707957 185.91586748759 193.475941816966 185.62658627828 184.886415799459 182.668288548787 190.522392590841 196.871797243754 196.886241436005 197.020431359609 190.565923849742 176.412224769592 154.978483915329 109.931657711665 93.593567609787 89.2821351687113 64.3215378125509 17.2109541793664 10.2178143958251 32.5825959444046 53.2996406157812 72.8323459625244 94.3390627702077 113.24088772138 105.917195479075 99.9758044878642 120.711694161097 201.865593592326 202.901760737101 219.962139924367
207.913835843404 213.159561157227 215.435862541199 197.177886962891 181.539595127106 180.648108323415 176.77899201711 181.100050608317 177.011926968892 163.729935884476 158.682634433111 165.940076112747 170.276125272115 179.720938205719 180.300017197927 174.009203910828 175.873796145121 188.421110312144 193.03564230601 196.659525235494 201.103667418162 196.842968463898 191.008369127909 187.478840351105 187.043011188507 186.847070852915 178.510785102844 162.677705287933 143.643200397491 124.088327089945 120.325068632762 132.690280675888 128.745853900909 69.5500373840332 39.5126144091288 49.2887943983078 55.2916824817657 64.0745212634404 82.7783644199371 80.0674657026927 76.7035235961278 83.5413336753845 127.874483664831 201.822658379873 217.954039573669 227.388958136241
208.0979347229 212.703108787537 215.92777967453 202.427287896474 197.694341341654 198.137005170186 201.712191104889 205.185393492381 210.903326670329 203.379591306051 184.369583924611 189.264555772146 189.18385108312 198.589146137238 196.277578671773 184.478064378103 182.265837987264 192.995409170787 200.170079867045 213.434835275014 216.174642244975 213.048756122589 200.665354728699 191.663304964701 188.807805379232 188.541372617086 179.238756497701 171.728134155273 156.099379062653 158.911168575287 174.888134002686 200.7115483284 208.807269732157 200.654228528341 139.363418022792 74.9030609925588 70.1676855484645 72.5045998891195 84.2704077561696 80.5075814326604 95.2064990997314 134.429186582565 163.512845834096 195.505499839783 219.391961892446 224.120497703552
211.182455221812 208.358685175578 210.43852965037 204.762816429138 227.125306924184 221.404691537221 221.537073453267 217.522581418355 220.890939235687 220.72821855545 201.904555161794 194.226125876109 198.576013247172 199.009736378988 204.487264156342 198.333779970805 193.582753340403 199.855367342631 212.349991003672 217.146178086599 214.832822481791 206.33856455485 202.283998330434 201.185822486877 199.986477692922 196.414967377981 191.506822903951 187.727332115173 186.496714750926 198.769271373749 215.665022532145 228.919784228007 234.810451666514 247.461597124736 232.982118924459 138.400375843048 91.2980238596598 80.074946085612 75.6565978129705 85.9231948852539 132.69970814387 203.53098710378 185.635328292847 182.40612745285 195.702532927195 199.890931447347
211.437463760376 199.826180934906 202.64200369517 210.618615150452 247.847616672516 231.487969557444 218.548973401388 208.063999811808 207.584877808889 206.946969032288 197.343130906423 189.087450504303 195.530672868093 200.390001138051 203.989883263906 207.088092962901 203.132092952728 199.273943901062 205.736021200816 209.133287270864 205.983420213064 197.947243849436 197.443425655365 204.236388206482 204.618851343791 197.637617588043 197.896877924601 194.155653317769 193.330725034078 212.018767992655 231.590867042542 246.060927708944 250.306049982707 250.69522857666 257.41974512736 212.516923745473 107.612242301305 67.1631097793579 56.8975557883581 67.094420393308 144.599169492722 193.249106407166 176.40213171641 147.562325000763 154.299159844716 160.918265581131
208.074112733205 191.930512587229 196.927269299825 220.370948314667 247.120181719462 229.057669639587 202.501078446706 183.192292849223 174.595812956492 169.373472531637 169.58353916804 173.630177974701 188.229282697042 199.096043904622 202.677230040232 208.925743897756 207.36837387085 194.819370905558 197.706480820974 199.518263339996 198.252280553182 198.683381080627 198.996067047119 204.347491264343 208.423872788747 202.150146166484 205.193678538005 200.368046760559 199.281374613444 217.440068721771 241.039077440898 256.869514783223 254.914323488871 252.743283907572 263.459980487823 263.099948565165 200.600345929464 109.667430321376 80.3207059701284 88.6320074399312 121.928185224533 141.65007074674 153.002818425496 121.701101462046 118.541449308395 125.192105770111
201.051334540049 207.286616166433 236.998736858368 282.142837842305 273.400823275248 234.089414278666 197.312653064728 164.732158184052 151.488751173019 160.149574279785 157.427817583084 152.243723471959 178.571859995524 199.407756328583 210.101326306661 216.186622778575 214.580496152242 202.562709649404 201.287170251211 202.257096767426 197.583019733429 203.690032164256 206.0440381368 207.532624403636 210.191388924917 214.032411575317 212.639848391215 210.005700588226 208.537459373474 226.693908373515 249.383449554443 261.231700579325 257.259368896484 261.949161688487 270.861725012461 275.084177652995 271.593987941742 241.748591264089 160.510758558909 115.627745787303 103.981365760167 106.242169936498 123.755196730296 118.305484453837 112.875521183014 134.3674659729
219.569722811381 254.148185253143 292.045116424561 309.186557928721 317.19164053599 277.017553647359 228.760600090027 186.727563540141 175.725837548574 186.863720417023 176.66620016098 158.003250757853 174.618522326152 196.644286314646 214.942733446757 218.178153038025 216.754237810771 212.591369946798 203.220367431641 203.881720701853 205.420056978861 209.495683511098 211.003621419271 210.428436597188 213.02721897761 224.542419115702 225.541671117147 228.03129752477 226.488331953684 238.337735335032 253.232022126516 262.252946694692 265.018125375112 272.684415181478 278.891722361247 271.185298760732 271.209359169006 284.663875897725 241.351445515951 161.961714426676 114.618788162867 108.778725067774 114.361027876536 124.784698088964 139.824529488881 168.576280275981
271.283050378164 297.936161359151 307.132522265116 303.90199025472 317.872107028961 316.473066806793 290.231287479401 252.833763758341 227.182348569234 221.506536006927 218.182623386383 192.46232509613 178.560853004456 194.158315658569 214.225272337596 220.292051633199 216.51566028595 219.211796919505 207.244654496511 205.762426058451 210.796713829041 212.786952654521 211.646497249603 211.450358231862 215.188562870026 229.304154713949 233.681976795197 240.442415078481 239.108165105184 240.728398164113 255.427837371826 266.011039415995 265.351057052612 264.333526293437 267.790953318278 256.380041440328 258.479396502177 262.404759724935 234.339793523153 184.955815474192 148.671895265579 131.311545769374 123.143196105957 126.494765281677 141.76869392395 171.648403008779
294.972360134125 304.381052652995 300.309439500173 292.29074716568 297.861615816752 311.40794356664 311.78605556488 287.31515010198 261.24894618988 247.476498285929 246.001859505971 228.87267669042 204.046547412872 200.980484485626 213.980237642924 217.136025428772 213.657339413961 216.422438621521 208.944857120514 209.833304087321 209.683855374654 211.345275243123 209.58024263382 208.180030186971 216.611643632253 225.447138150533 237.985412279765 237.675527731578 239.228665828705 246.593554814657 257.927238941193 260.586261749268 248.539527257284 240.679264068604 244.106451670329 225.118339061737 223.896125952403 213.796734809875 185.400366783142 166.226516167323 178.332110246023 164.707134167353 146.815170844396 130.118598540624 130.010376373927 151.532709598541
301.901121934255 302.429993947347 305.953661600749 296.447952588399 293.15439860026 301.282187302907 314.412971337636 311.44247452418 283.492465813955 258.069694042206 250.194032986959 241.294920444489 234.819153944651 219.019512335459 218.068619569143 219.034314155579 214.096109072367 211.368044217428 211.415032545725 215.350528558095 210.939367612203 209.37317609787 210.315644741058 212.057868639628 216.707428296407 223.29177459081 230.945249398549 230.405608812968 235.010107358297 246.48662408193 255.854507287343 247.856378555298 235.098739465078 233.729660511017 227.032502492269 209.51114098231 212.675054868062 210.823198159536 200.844168663025 191.675106684367 199.744701385498 205.83705107371 185.287535190582 162.748495737712 144.833306471507 128.354082504908
311.748286088308 311.319927374522 315.572698911031 312.128921349843 305.227021376292 305.38813273112 314.367969830831 319.509983062744 293.8551902771 262.249191602071 250.177800655365 247.815032800039 252.21061706543 233.757774035136 223.828434944153 225.054800510406 221.377491950989 212.788303693136 218.19402774175 218.06671222051 217.641194661458 213.492393493652 216.831624507904 220.357457796733 217.974960803986 223.161598046621 226.489106814067 224.104126294454 228.411853313446 245.729247728984 250.361323356628 243.01286538442 237.578372160594 238.7375831604 222.063740094503 215.445756912231 221.229751904806 226.091225941976 229.414761066437 222.615698973338 191.014806429545 191.633323828379 177.793463071187 163.446108500163 141.034662723541 117.149035135905
311.931769053141 312.560598055522 315.432488918304 313.491702079773 307.401398817698 303.112546602885 310.160418351491 319.451133410136 298.680663108826 263.280550638835 249.403138955434 249.009013175964 250.157614549001 234.234531720479 222.219248612722 229.171593983968 230.472187201182 219.665765762329 223.531683286031 225.170890490214 226.171553134918 220.6183274587 218.965411186218 222.292462984721 219.793041547139 220.746874809265 225.353995958964 230.472008387248 234.953264395396 245.185474554698 249.809165795644 246.589223543803 239.869395891825 239.044010639191 221.976697444916 225.013713041941 228.808840115865 233.77537727356 235.139608383179 222.142934799194 166.744271914164 140.128751595815 125.091602404912 112.592091162999 106.693665186564 105.827540159225
304.820020993551 309.396465619405 314.212520917257 312.380790710449 307.353079319 306.771337985992 311.524987220764 317.376414934794 307.774424552917 273.602704207102 259.777327378591 248.328705628713 236.518502235413 228.71208190918 220.166186491648 225.233912467957 236.519912878672 228.093723456065 226.122379302979 227.248132228851 228.728493054708 224.029342333476 220.687985420227 222.037712732951 222.671429316203 221.589128176371 224.144657452901 233.286798000336 236.055413881938 240.418394406637 247.17511733373 248.813927173615 242.62535572052 228.072961171468 215.422650178274 233.045895894368 241.420865058899 242.003083229065 235.585232575734 227.513194084167 160.956919193268 103.116979201635 77.0488977432251 64.3433183431625 67.4452483654022 75.8716563383738
283.071458339691 291.671276092529 296.774129072825 299.007693926493 301.772952079773 308.554291725159 313.775420188904 316.752334435781 312.618851661682 290.717124938965 273.604273796082 252.350131670634 238.404492537181 235.752940177917 228.44143708547 220.383405685425 233.047167460124 232.211351394653 225.309153397878 223.155776659648 225.202222665151 219.798962275187 217.176973819733 217.997054258982 222.894410292308 224.894722302755 223.656872908274 229.6488682429 233.976642290751 234.793146451314 242.937803268433 250.549753506978 238.969206809998 214.845617612203 221.104661623637 248.298704624176 253.146131833394 246.675034364065 236.169258753459 236.102640628815 210.347831249237 133.104672034582 79.0099849303563 64.0694350004196 62.0644787947337 61.7297788461049
253.29601764679 259.478787581126 259.846170743306 268.257260322571 281.138320763906 294.244647026062 303.130904833476 309.613446394602 308.571557203929 290.5180255572 268.906493981679 246.100187301636 235.322117805481 231.204589207967 226.390997568766 221.227904160817 225.8473833402 225.76234738032 219.266454378764 216.954628626506 219.810128211975 224.002321561178 220.16712029775 214.903950691223 213.383754094442 216.806590557098 222.190737724304 224.811613559723 230.484028657277 229.673107465108 234.468460083008 241.799235343933 230.611185232798 217.23872423172 245.06676197052 262.049575646718 256.863872210185 249.509294827779 243.169546127319 248.614271481832 265.660246213277 241.686244805654 161.223361889521 107.921818892161 79.8634191354116 62.8688087066015
