input/barkrak2/radiation/dir15924.grid
NCOLS 85 
NROWS 70 
XLLCORNER 665100 
YLLCORNER 4664600 
CELLSIZE 20 
NODATA_value -9999 
[rows 20 to 39 of 70, columns 0 to 45 of 85]
207.640548547109 200.593670209249 216.882983843486 257.870415846507 252.266585826874 202.924609184265 187.947312990824 191.9025182724 207.468052705129 227.399547894796 240.382611751556 250.30775864919 259.067336718241 272.263586521149 289.009888966878 318.354229132334 333.523392677307 336.704730987549 341.386953989665 347.670753796895 349.709828694661 343.479712804159 342.56919225057 344.043175379435 345.007022221883 346.155802408854 346.880396207174 343.708038330078 339.141368865967 338.776151339213 333.138902982076 323.107123374939 315.460046132406 312.277734279633 311.117808024089 315.41653474172 315.637846787771 317.855993906657 322.21116622289 325.932880242666 325.571179389954 325.625896453857 327.606042226156 323.719084262848 326.527754465739 329.805433750153
232.895116011302 233.489513397217 252.645611763 282.689352830251 277.967234452565 217.918495337168 198.303699493408 199.793497721354 207.008043924967 220.934728781382 234.723190466563 242.523233095805 250.020941098531 256.976246833801 271.587570508321 291.009783744812 318.03967555364 332.030574480693 337.03871568044 344.449917475383 347.938179969788 350.897987683614 352.073232332865 351.491212844849 348.704695701599 345.063130060832 341.561873753866 338.237643241882 337.263345718384 330.592751502991 314.674417177836 287.565350532532 268.839299678802 267.754137516022 275.454084078471 293.499410152435 300.647258758545 314.400235811869 323.355893294017 323.044260342916 321.452995141347 320.627053578695 314.435839653015 301.915367444356 318.515340487162 326.698978741964
271.426300207774 280.002534389496 289.230287075043 299.359838167826 299.301107724508 252.978046735128 221.424619356791 205.314914385478 204.678336779277 215.411901473999 232.98442363739 241.832216580709 255.035519599915 262.595136960347 271.239817142487 284.535924593608 299.177924791972 319.077551364899 331.680576006571 332.881549994151 335.639754931132 344.883640607198 348.590771357218 348.532994588216 346.043666203817 344.516197840373 340.829769770304 335.634072621663 323.367853959401 306.460340817769 264.171063899994 213.890512784322 194.159169991811 211.97905143102 239.941815535227 264.152447382609 281.729757785797 299.708485603333 311.15718682607 314.149498939514 315.910180409749 316.441635290782 295.865337053935 277.343392372131 301.456888516744 324.124852816264
289.854149023692 293.582538763682 296.347260475159 303.928256034851 304.521203041077 285.204847653707 246.342043081919 214.804828166962 199.476798375448 204.085369904836 229.232649008433 243.639270464579 257.938345273336 274.827480316162 278.533935546875 280.87192773819 294.106264909108 309.631824493408 319.578846295675 321.757793426514 320.331613222758 323.997398217519 333.164910475413 339.236219724019 340.161601702372 331.076045831044 316.329737504323 299.595793088277 273.39772383372 229.968110720317 193.955103556315 169.131795565287 142.57272084554 141.891221205393 155.482957760493 193.246901035309 232.556283473969 258.930643399556 276.306947072347 284.701665242513 284.232258796692 270.113249619802 256.035765012105 289.728740851084 285.852591196696 317.954858144124
281.731983025869 284.131566683451 295.446117719014 305.742263793945 296.870032946269 285.670240720113 254.668374856313 232.74290561676 213.038166364034 206.326425075531 221.612572669983 238.304356733958 253.679215908051 267.892837524414 276.323894659678 281.146784623464 289.995769659678 300.98698536555 310.827612876892 310.785710811615 317.992687225342 314.907828966777 317.442357540131 309.636871019999 298.822144667308 297.722399234772 288.646320501963 277.293105920156 243.896385033925 188.303788503011 166.628648837407 164.153705040614 146.542280912399 124.073356389999 115.868250528971 129.39128279686 175.476094086965 213.469942410787 238.670706748962 252.568125724792 242.681384086609 220.889965693156 242.350995540619 304.160594940186 296.313961346944 319.140056769053
276.536246140798 280.484835306803 293.449978033702 302.006145318349 298.533797264099 287.381013234456 263.506531715393 255.231380462646 244.799435138702 229.562858740489 229.649345080058 251.120487848918 263.374229272207 279.870410760244 284.843325614929 282.444794972738 289.001405239105 300.939758618673 307.45655298233 314.645250638326 321.352422237396 308.265089988708 289.903541405996 290.841102600098 291.542490323385 289.445618788401 277.720391750336 264.45472240448 221.444487571716 193.002343177795 191.896279652913 208.748857180277 213.366488615672 188.613494237264 154.683490594228 135.633726914724 152.321229378382 180.472234884898 221.224288145701 236.221551895142 218.044519424438 209.107756614685 248.971501986186 290.457765261332 310.287276903788 331.134100755056
278.536895910899 280.46856323878 289.086759090424 298.54953289032 310.636421044668 295.854508876801 278.291702270508 266.151984532674 264.30348555247 258.65908463796 250.089685122172 267.505923906962 278.540889422099 292.583346366882 294.866979122162 289.271990458171 290.196696917216 303.245643774668 309.603909651438 312.142411867778 306.597928206126 303.384979565938 299.090107282003 295.588771502177 292.814095815023 288.774073123932 278.552174568176 264.702121416728 228.057503700256 222.127358118693 244.121511777242 267.386794090271 271.519859631856 284.017602602641 264.275272687276 178.947269916534 164.360682169596 176.246186097463 202.558279037476 234.25946633021 227.11189587911 258.339166641235 251.952012379964 264.881094296773 301.383018493652 319.139838218689
282.755374908447 278.998017311096 282.260676225026 294.509728749593 331.425031026204 306.230107943217 282.558659712474 265.323499838511 265.828728675842 273.421704769135 269.00460322698 272.044142087301 287.187993526459 295.830607414246 297.510425249736 298.28013976415 296.586990356445 300.129512945811 301.588277022044 306.344131628672 304.829637209574 298.184553782145 297.67898718516 299.836854139964 299.829383691152 295.583208401998 285.638809204102 275.596936543783 250.500480333964 248.670518398285 273.194948832194 287.9558801651 286.02812687556 299.953202406565 326.561411221822 259.914477666219 195.079604784648 180.041352907817 194.751222928365 237.531125545502 264.464875062307 310.087045033773 262.703716754913 256.235063076019 287.060300509135 298.316061496735
279.845237731934 272.026658058167 276.043474674225 300.971865653992 342.40718682607 304.124255975087 273.011267185211 259.879589080811 265.144069989522 275.281310081482 271.510660648346 270.208080609639 286.075174808502 295.431673526764 300.811767578125 306.06609582901 299.60302511851 290.380915006002 299.122909704844 299.298822879791 300.270438194275 293.736398220062 292.515397071838 300.487955411275 303.817629814148 299.069841702779 294.493575890859 283.949474493663 261.416335900625 255.842606226603 278.883616129557 297.206143538157 295.646071434021 293.899913628896 315.87286790212 320.378462473551 232.971648375193 173.686782519023 165.920396645864 208.344678084056 273.095826307933 289.875129858653 254.126350084941 232.453644275665 258.748094240824 272.795895735423
272.346397240957 264.302949110667 273.012359937032 311.351140340169 339.134891827901 300.176660219828 266.236662864685 248.663703600566 246.576845645905 253.438194592794 252.784808476766 260.860860347748 280.255595842997 295.678516228994 299.631853898366 301.266729831696 300.806562105815 289.525926113129 290.874421596527 293.085515499115 293.602108955383 293.72783501943 294.494370619456 299.831489721934 304.868320624034 302.056113878886 302.611132462819 289.793233076731 268.763899803162 264.809707800547 283.748507499695 301.783045132955 297.303795814514 293.544133504232 302.60827143987 322.9900598526 311.112880706787 236.73943678538 187.706470489502 196.770668029785 234.546224276225 248.247484366099 247.527778148651 218.177477518717 231.035570303599 258.527119954427
260.439296563466 270.712534586589 300.168077150981 345.893104871114 348.166068394979 305.248479048411 270.178318023682 241.894761721293 234.455764293671 245.303789774577 240.397731463114 239.265143871307 273.117701212565 294.812560081482 301.647067070007 303.705096244812 305.658380190531 294.109185536702 295.146048069 295.736889044444 294.972538948059 298.301100730896 301.242033640544 302.902102470398 304.933031400045 309.205174446106 307.864705721537 299.336016178131 281.758785247803 277.318835258484 289.351304372152 302.029391129812 299.467047055562 298.851370811462 302.292823791504 304.903864860535 328.766385714213 340.648611386617 275.26976664861 228.087941805522 215.876162052155 206.986864407857 222.577432791392 220.559199651082 227.941811084747 263.526479403178
278.99964650472 304.078996181488 321.798364321391 326.533198356628 355.262319246928 337.261199951172 303.020675977071 264.575878779093 248.843014240265 264.15224870046 258.535265922546 241.244375705719 258.546710014343 290.02312819163 301.870822906494 304.885109265645 306.015451749166 305.987576643626 296.947598457336 299.169818560282 299.58571990331 304.095367590586 305.815478165944 304.515421390533 307.58390824 313.029030958811 314.848383267721 312.626798947652 299.244980017344 292.8067445755 296.161750952403 299.757957458496 301.482240358988 305.639942487081 308.03257226944 296.292146046956 305.085917313894 343.280076980591 340.824921925863 282.669544219971 232.7774365743 205.913325150808 206.743041674296 224.901874860128 249.065518379211 276.219467322032
308.678825696309 316.691557566325 305.505315462748 297.727783521016 316.603084405263 338.578939437866 334.422866503398 306.544880072276 283.775389194489 286.154270172119 290.044089158376 266.097644964854 262.133797009786 285.335163275401 303.742408752441 305.940747261047 303.882002830505 307.391206423442 300.400257110596 299.349347750346 303.445398807526 306.354204813639 304.717759291331 306.955019632975 308.032989501953 315.633515516917 320.872088273366 321.378290653229 308.461407820384 299.689988295237 305.950522422791 308.544516563416 304.512977600098 306.647817293803 310.817837715149 300.848702589671 300.148169199626 320.303956667582 325.623095035553 301.580051581065 271.950999895732 230.492174625397 209.836522738139 219.563066959381 241.061329841614 272.811532020569
298.102855682373 290.047486623128 282.552818457286 271.367172400157 271.800100803375 292.766829331716 314.798573652903 312.866409619649 303.591787815094 305.263837178548 306.126654148102 290.679931640625 281.518578529358 291.500846544902 304.426292578379 304.941614468892 303.270856539408 306.715607643127 301.401356856028 302.342295646667 304.092625776927 305.408477783203 304.262518882751 302.82986164093 306.876301765442 313.682595888774 318.812370300293 318.007588386536 311.237851778666 306.68979883194 311.760008335114 309.507250785828 298.911134401957 298.330426216125 302.456657091777 287.591179211934 284.795224666595 285.848339398702 280.672709147135 285.986065864563 295.563578605652 262.229720751445 233.84282986323 224.589625994364 226.250410079956 246.350665887197
290.617406368256 279.641628265381 286.009728908539 271.566192309062 263.424674669902 275.26452143987 302.036821842194 327.162742614746 324.823419253031 312.778035799662 301.287055015564 301.742752393087 308.742145697276 308.738271395365 308.377842108409 305.802186330159 307.605048020681 302.552024523417 302.709261576335 307.055433591207 306.303242842356 304.082334041595 304.249922434489 301.206588745117 305.590530236562 308.150887489319 314.301172892253 311.696569124858 309.934020042419 311.655879020691 313.031633694967 302.44912703832 287.222027778625 292.521437009176 291.744589805603 275.557200113932 276.315331459045 276.456892490387 283.979733784993 306.770582993825 305.596470832825 292.274276415507 270.418683687846 254.281302293142 236.049254735311 229.33304309845
311.13342444102 305.606245994568 315.2849872907 310.100177923838 299.891213575999 304.666101932526 321.655690670013 344.538013140361 338.767250378927 315.559645493825 300.463040669759 309.220572312673 323.422809441884 320.420900980632 314.638177553813 316.109458605448 312.174280484517 308.78746509552 311.176359653473 312.306622664134 310.159246126811 303.879777590434 304.763952891032 306.823293368022 305.516521135966 306.803703308105 309.006949265798 307.162563006083 307.560384273529 314.698179562887 311.913847923279 301.540891329447 288.770616054535 289.517561594645 282.692273457845 278.410236040751 283.496658007304 283.883372942607 295.896947383881 326.267917950948 294.73215341568 280.973553657532 271.274030208588 262.93404897054 246.112287044525 224.64390595754
337.295929590861 334.241509437561 336.219271024068 338.869333267212 329.985400040944 323.606491088867 328.226466973623 342.918395996094 340.148369471232 312.665502230326 304.217497507731 316.226919492086 330.18547296524 323.434193929036 317.030529181163 318.568746248881 323.786695798238 315.135598182678 315.394659837087 315.89130560557 314.663847287496 309.595425923665 308.404882748922 308.521588643392 306.840618451436 307.492156823476 307.960510253906 310.793360074361 311.432003974915 316.843827565511 313.941756884257 304.105500380198 291.34734471639 285.394708315531 277.844071388245 282.968143622081 289.444088935852 288.343747456868 291.445891062419 314.956665039062 283.911267916362 242.051720619202 230.837941169739 225.074748198191 222.357054551442 216.521282990774
350.644747416178 347.497344017029 342.231631278992 343.237320582072 337.887048721313 329.564948876699 326.020975907644 331.435720125834 338.265776634216 320.303916931152 320.023576418559 327.887852986654 325.943092505137 322.297851244609 320.300857226054 321.576694647471 328.845123449961 324.756503105164 320.596059163411 319.022556145986 319.246550401052 313.477357228597 311.230560143789 309.239606062571 309.778412183126 308.880865573883 308.129747708638 313.019653161367 314.031978448232 314.852396647135 315.561711788177 306.40963713328 294.623414675395 278.983175754547 270.869453748067 286.194125811259 296.161929766337 293.780426184336 283.750255902608 299.944659074148 285.452008247375 218.323091665904 189.157764116923 176.601926485697 175.885041554769 180.729409058889
353.79155476888 356.329520543416 355.043609937032 352.549314498901 348.342577616374 342.447797457377 335.000435511271 329.9959897995 332.37224817276 330.63405752182 338.430325190226 338.101824124654 331.310967604319 332.07231760025 325.657804807027 322.366674741109 327.149430910746 326.867798964183 321.055054664612 320.740799109141 319.28942600886 314.287821451823 310.766796271006 309.51464176178 310.692111651103 312.922219435374 308.796187241872 311.913112799327 313.772360483805 313.019653161367 315.119544665019 310.283342997233 289.99650478363 267.885684967041 276.485164960225 298.082133134206 301.041960716248 295.110821723938 278.080840905507 284.080783526103 308.198710282644 263.924380143483 206.246872742971 176.325519879659 164.840201536814 159.238318602244
344.910065333049 348.283052444458 348.111629486084 351.318875948588 355.253577232361 357.66863822937 356.979211171468 353.75968615214 351.429661115011 353.849689165751 350.294669469198 340.008656183879 335.603316624959 330.974201361338 329.089065392812 324.573675791423 327.002743879954 325.996120770772 319.719910621643 318.833410739899 320.115526517232 318.675617376963 316.679358482361 312.423646450043 308.754881223043 309.859911600749 312.700231870015 313.724001248678 315.320432186127 314.763863881429 313.753128051758 312.069793542226 285.514891147614 268.522838751475 290.60290257136 305.475334326426 301.090359687805 296.155412991842 282.861868540446 277.928570906321 313.558379809062 340.470234553019 289.700090885162 235.15381415685 192.260384559631 163.857648770014
