input/barkrak2/radiation/dir14324.grid
NCOLS 85 
NROWS 70 
XLLCORNER 665100 
YLLCORNER 4664600 
CELLSIZE 20 
NODATA_value -9999 
[rows 0 to 19 of 70, columns 0 to 45 of 85]
343.155384063720987 347.190618515015 348.28249613444 346.316734949748 342.16046333313 336.927771568298 329.364677270253 323.091308275859 327.741742134094 326.844731966654 323.867380619049 331.244667371114 337.131500244141 337.061643600464 338.509678840637 344.693501790365 344.513893127441 336.537639300029 329.916914304097 318.872570991516 298.246920108795 294.904033342997 312.639077504476 320.037424564362 317.067086696625 315.937161445618 314.776202042898 304.6954870224 287.191609541575 280.654946962992 278.659145037333 285.210231939952 297.452092170715 302.989761034648 308.949510256449 300.860047340393 298.398375511169 307.555258274078 305.596033732096 305.346369743347 296.13870382309 279.240171114604 288.799603780111 310.403982798258 315.739512443542 307.857354482015
335.094372431437 341.90309047699 340.790351231893 343.771934509277 342.851718266805 339.83584245046 329.86714442571 320.839464664459 323.935627937317 325.522581736247 320.725162823995 326.210121313731 333.473165829976 334.408799807231 334.2125415802 338.683287302653 338.109254837036 335.134665171305 333.056708176931 325.643599033356 311.534762382507 305.296142896016 311.621765295664 316.799223423004 315.654277801514 313.213884830475 312.098066012065 305.482228597005 290.570636590322 280.739943186442 281.828920046488 293.14402739207 294.405023256938 296.872973442078 307.893653710683 299.669365088145 293.955107529958 293.981452782949 292.16730594635 304.676592350006 302.543699741364 291.091442108154 297.596017519633 315.106610457102 320.700804392497 310.599366823832
310.202757517497 311.436216036479 318.517943223317 323.204894860586 326.907535394033 332.67068862915 333.721280097961 332.559327284495 330.407579739888 327.406565348307 319.576462109884 320.318380991618 328.232228755951 330.555538336436 327.415843804677 331.026236216227 334.657112757365 337.305665016174 336.852749188741 332.121173540751 328.624029954274 321.483075618744 314.882755279541 313.853363196055 315.162817637126 315.629740556081 310.866038004557 303.931613763173 292.297740777334 281.054337819417 279.788176218669 293.522795041402 282.696406046549 289.157132307688 302.895168463389 297.58224884669 283.721029758453 277.371764183044 288.99484872818 304.534077644348 306.379159291585 305.432120958964 306.894938151042 319.864630699158 329.52098051707 316.901961962382
293.969790140788 289.359470208486 294.360637664795 294.631699721018 300.433953603109 304.111738999685 308.96778901418 317.744930585225 327.486475308736 332.475940386454 330.433249473572 329.406062761943 330.878734588623 330.931882063548 327.678958574931 323.036630948385 325.919369856517 330.095986525218 334.105412165324 334.928393363953 332.340677579244 329.092701276143 328.914920488993 323.419630527496 321.188191572825 322.682857513428 316.966434319814 308.866858482361 300.859987735748 292.132437229156 283.617238203685 292.960047721863 282.817999521891 288.34601243337 295.026083787282 296.187361081441 290.703932444255 287.759145100911 304.259975751241 315.149148305257 311.918040116628 304.23774321874 300.588031609853 309.296707312266 321.006576220195 321.072459220886
305.854598681132 288.74925772349 276.980499426524 269.512216250102 274.369120597839 286.797146002452 302.274902661641 309.502482414246 316.082855065664 320.385972658793 329.896608988444 336.843927701314 339.548707008362 339.003642400106 336.369713147481 334.194461504618 332.03395207723 327.104469140371 329.063614209493 333.507339159648 332.529544830322 332.136352856954 335.346221923828 330.717782179515 326.793074607849 326.487859090169 321.391145388285 313.466270764669 305.306176344554 300.095816453298 299.352924029032 300.224145253499 292.561690012614 295.589506626129 293.382366498311 296.907782554626 306.579947471619 311.127781867981 318.601707617442 322.333693504333 320.736149946849 313.071032365163 306.473890940348 303.311030069987 308.456838130951 325.450638930003
332.040846347809 313.722570737203 293.021241823832 274.52955643336 265.677034854889 275.218586126963 296.070694923401 308.382610479991 310.886224110921 311.121900876363 316.94104274114 325.082083543142 330.248574415843 333.45619837443 336.507638295492 337.003509203593 333.882610003154 327.254176139832 326.720277468363 330.133597056071 330.005387465159 333.509723345439 339.370687802633 336.607575416565 332.342108090719 331.535120805105 325.56680838267 317.18377272288 307.695647080739 301.581422487895 302.58442958196 300.742566585541 304.462790489197 310.629904270172 305.122911930084 302.232325077057 309.852500756582 316.541194915771 319.110929965973 319.437921047211 319.786190986633 316.345473130544 313.774963219961 313.375532627106 311.295886834462 313.756942749023
340.036630630493 329.318841298421 316.454410552979 301.982939243317 285.727818806966 274.957617123922 281.564652919769 303.323785463969 312.60359287262 317.894260088603 316.124757130941 312.679012616475 309.850255648295 306.359191735586 307.983716328939 317.894399166107 324.133018652598 330.650647481283 334.296226501465 335.286617279053 332.117080688477 328.740398089091 335.278431574504 337.177832921346 335.586627324422 336.642940839132 333.590269088745 326.588054498037 317.081034183502 311.042308807373 308.033426602681 309.975206851959 322.222749392192 327.741265296936 324.637472629547 317.730208237966 316.314816474915 319.394151369731 321.749329566956 326.252500216166 325.794001420339 321.869631608327 318.540414174398 313.449005285899 299.13318157196 292.587180932363
338.536381721497 337.140878041585 334.134499231974 326.931913693746 313.189446926117 289.444545904795 271.393835544586 272.87232875824 300.182501475016 317.484974861145 321.922580401103 318.376580874125 312.791466712952 306.615948677063 297.78786500295 300.372660160065 308.139125506083 318.493525187174 330.703735351562 337.68630027771 337.690869967143 332.627892494202 333.413441975911 335.926055908203 335.928122202555 337.989370028178 337.341547012329 333.527604738871 327.566901842753 324.650287628174 322.868307431539 323.987066745758 332.757850488027 335.755268732707 334.717591603597 330.925683180491 325.823624928792 321.615318457286 315.886974334717 320.279538631439 327.578743298848 331.661264101664 331.973016262054 324.139555295308 308.705071608226 294.235587120056
335.413217544556 336.337963740031 335.825125376383 333.446542421977 327.582935492198 315.796375274658 294.780353705088 271.308163801829 279.607236385345 299.182852109273 313.740352789561 318.599065144857 318.925817807515 317.526539166768 311.501920223236 306.973457336426 305.108666419983 307.238797346751 316.942532857259 327.41238673528 333.977739016215 336.968342463175 335.997541745504 333.452542622884 334.11979675293 337.125500043233 338.148395220439 336.381157239278 334.228118260701 335.757970809937 336.899558703105 335.616151491801 337.74463335673 338.357528050741 336.137731870015 334.609627723694 331.338246663411 323.644518852234 310.33319234848 313.035547733307 328.106184800466 333.399256070455 331.561843554179 326.407790184021 317.497928937276 308.579504489899
323.403517405192 328.352828820546 330.7004570961 330.807268619537 329.548895359039 329.097549120585 321.465710798899 309.368828932444 285.411238670349 278.533081213633 290.115555127462 308.575252691905 321.584184964498 326.422095298767 328.240275382996 323.724627494812 314.438939094543 311.180333296458 310.740371545156 311.869879563649 317.731122175852 321.873565514882 325.432936350505 327.508131663005 330.406626065572 332.72647857666 333.965301513672 333.030343055725 332.691291968028 335.654020309448 336.994965871175 337.064305941264 339.617331822713 341.696381568909 340.139547983805 336.036403973897 333.861907323201 329.75047826767 313.204983870188 310.578127702077 324.534694353739 327.089190483093 325.042883555094 322.552005449931 314.294974009196 305.444518725077
290.875474611918 301.051676273346 308.830479780833 315.621594587962 321.125408013662 325.672825177511 327.99764474233 326.661328474681 309.703608353933 289.189179738363 279.023130734762 284.438808759054 305.499970912933 321.488817532857 329.175571600596 323.99849096934 319.917559623718 315.460483233134 310.199737548828 306.422770023346 306.668182214101 306.410352389018 307.534595330556 315.57035446167 322.156329949697 326.256533463796 327.914595603943 327.481587727865 329.845229784648 332.143088181814 333.443204561869 335.407853126526 339.787125587463 341.387867927551 339.989503224691 337.164322535197 336.766203244527 337.04948425293 326.462308565776 316.994508107503 321.672956148783 325.2032995224 326.663593451182 326.269249121348 318.881034851074 310.931622982025
256.663699944814 261.285960674286 268.603424231211 278.936962286631 291.658560434977 304.015954335531 316.768745581309 320.770303408305 321.664432684581 313.317179679871 294.696172078451 277.189354101817 279.090523719788 298.129141330719 316.312948862712 317.203998565674 322.041670481364 320.867538452148 314.192096392314 307.068467140198 302.265127499898 299.880305926005 299.964964389801 305.764734745026 311.289529005686 314.384619394938 316.004017988841 318.743288516998 322.859168052673 325.626810391744 327.610492706299 331.278840700785 335.180481274923 336.424191792806 335.340778032939 334.845900535583 337.303400039673 339.845498402913 337.759653727214 330.595115820567 329.298118750254 332.272907098134 334.631363550822 334.142764409383 328.129728635152 325.550297896067
246.867020924886 242.971658706665 240.898648897807 240.930676460266 248.014668623606 261.844356854757 282.997926076253 299.98371998469 320.013523101807 322.616457939148 315.515637397766 299.194971720378 276.798764864604 273.475368817647 292.891879876455 312.12721268336 322.14746872584 323.562781016032 320.90562582016 314.67988093694 308.655858039856 307.798345883687 307.472348213196 308.171808719635 307.124018669128 306.134382883708 309.255540370941 315.273384253184 317.489266395569 318.438788255056 321.678857008616 324.709951877594 326.334575812022 327.380438645681 328.125417232513 330.804725488027 336.155017217 340.081612269084 339.818120002747 339.842398961385 338.645021120707 337.721665700277 337.178468704224 336.661259333293 331.104000409444 328.370829423269
242.380996545156 217.045704523722 201.093375682831 195.055365562439 192.45707988739 198.453982671102 217.751940091451 249.924898147583 282.095015048981 309.025724728902 320.030470689138 320.451458295186 309.04080470403 289.059738318125 286.900877952576 305.816233158112 317.54990418752 325.056552886963 328.555583953857 326.76887512207 319.411238034566 317.140221595764 314.968645572662 314.88577524821 314.052859942118 312.102417151133 314.754366874695 319.579482078552 318.677167097727 314.791520436605 318.741897741954 322.336475054423 323.81550470988 323.222955067952 325.109362602234 329.358061154683 333.229104677836 334.707697232564 335.516611735026 335.794488588969 336.98312441508 337.825457255046 339.091817537944 338.143388430278 333.188414573669 329.699456691742
226.39278570811 191.184500853221 168.772180875142 164.545247952143 164.213846127192 169.13910706838 176.261345545451 201.797465483348 228.564620018005 274.004518985748 314.683159192403 331.461111704508 333.583275477091 323.790927728017 305.935005346934 301.260113716125 305.826306343079 316.817442576091 327.205936113993 330.736041069031 330.017447471619 326.020876566569 324.78129863739 322.949846585592 319.957296053569 318.478107452393 320.945541063945 322.282254695892 316.76197052002 314.313352108002 317.794700463613 320.998946825663 321.252783139547 321.424643198649 322.888175646464 325.381318728129 326.714873313904 324.974119663239 326.890190442403 326.905687650045 330.067416032155 333.078861236572 335.670868555705 335.468093554179 331.589023272196 330.415189266205
192.220330238342 166.233758131663 147.653480370839 145.348201195399 160.393208265305 183.522899945577 182.44602282842 189.525504906972 208.476742108663 238.826354344686 286.048928896586 327.952444553375 339.253028233846 338.087161382039 328.471759955088 308.281461397807 298.954010009766 300.928175449371 313.602089881897 329.124550024668 333.781242370605 330.810487270355 331.750114758809 327.991922696431 323.517759641012 323.664883772532 326.194246610006 323.566794395447 318.280657132467 320.741295814514 322.786072889964 321.574568748474 319.766898949941 319.172223409017 319.65704758962 318.266193072001 317.124327023824 314.368565877279 315.037151177724 316.258072853088 319.594323635101 322.21249739329 323.93354177475 324.1841395696 327.689528465271 329.386671384176
169.58091656367 159.575323263804 145.358582337697 137.246479590734 140.708098808924 166.557610034943 185.834566752116 188.791155815125 204.328576723735 216.429273287455 241.665482521057 290.939231713613 333.317438761393 337.428569793701 334.888617197673 329.561650753021 322.746117909749 312.195579210917 303.436656792959 312.102635701497 327.279249827067 332.695265611013 334.522644678752 331.98759953181 327.892243862152 328.282395998637 331.308464209239 328.423976898193 325.108567873637 328.977108001709 329.555630683899 322.962482770284 318.545877933502 316.436032454173 313.259224096934 311.51803334554 308.544516563416 307.675619920095 307.001690069834 309.394955635071 311.426281929016 313.564836978912 314.418474833171 316.207408905029 325.381716092428 329.524616400401
161.478787660599 164.203117291133 160.400231679281 148.104637861252 131.640523672104 144.359002510707 175.950229167938 192.585825920105 209.452231725057 222.503860791524 229.114254315694 257.77010122935 302.096843719482 332.514345645905 337.17938264211 338.599761327108 337.637662887573 331.03475968043 318.51186354955 305.382291475932 313.738723595937 330.191512902578 331.802487373352 330.858012040456 331.127206484477 334.864457448324 336.699446042379 335.04064877828 332.572042942047 334.058841069539 330.956896146138 324.261883894602 319.752375284831 315.579930941264 311.508933703105 309.524257977804 307.979464530945 307.244042555491 307.238260904948 308.72917175293 310.726046562195 310.937146345774 311.0111951828 314.029335975647 320.343712965647 327.58899529775
170.155743757884 181.11785252889 187.657753626506 177.021225293477 155.74770172437 156.039446592331 176.412145296733 197.735249996185 216.629385948181 236.961444218953 245.840152104696 251.083334287008 278.537650903066 308.735251426697 330.597976843516 336.776653925578 337.52981821696 336.756626764933 334.537585576375 324.185649553935 309.652268886566 319.368362426758 324.443459510803 329.238454500834 334.420164426168 338.48230044047 339.512864748637 338.40266863505 334.209601084391 333.494544029236 329.36563094457 324.917058149974 320.818463961283 316.820621490479 313.624958197276 310.624440511068 310.345868269602 308.462262153625 307.859738667806 309.25464630127 312.378128369649 313.517212867737 313.168744246165 314.378380775452 315.677046775818 323.376019795736
182.395259539286 187.98702955246 200.686852137248 212.089399496714 198.910037676493 173.305730024974 175.743619600932 187.483648459117 204.956491788228 231.093506018321 243.165095647176 244.231561819712 255.414386590322 273.342867692312 292.77382294337 324.740946292877 331.555565198263 332.70126581192 333.526810010274 333.206911881765 328.567544619242 318.674504756927 319.577733675639 325.516819953918 332.098523775737 336.307525634766 339.485287666321 337.996602058411 332.222839196523 331.663350264231 327.831109364827 322.465062141418 318.596621354421 317.094842592875 315.711279710134 312.902351220449 310.202062129974 304.487486680349 303.235093752543 309.757550557454 314.520676930745 314.762075742086 316.588362058004 315.301795800527 313.474078973134 318.99239619573
