input/barkrak2/radiation/dir13524.grid
NCOLS 85 
NROWS 70 
XLLCORNER 665100 
YLLCORNER 4664600 
CELLSIZE 20 
NODATA_value -9999 
[rows 20 to 39 of 70, columns 0 to 45 of 85]
177.257001399994 169.287403424581 183.850983778636 223.064064979553 218.221028645833 176.129758358002 161.116470893224 170.100410779317 183.000882466634 201.355437437693 217.735191186269 221.728960673014 227.860569953918 236.067473888397 250.730951627096 275.035639603933 287.158270676931 311.115642388662 318.468193213145 326.951464017232 329.947193463643 322.194417317708 320.873300234477 321.88214858373 323.232392470042 324.793020884196 327.342768510183 324.739336967468 320.866962273916 320.160388946533 313.590248425802 301.678816477458 291.429738203685 285.980761051178 283.415039380391 288.904150327047 288.95902633667 291.258374849955 295.995394388835 299.233794212341 300.287087758382 300.388912359873 302.818238735199 296.980381011963 301.816840966543 304.507573445638
207.218547662099 203.855752944946 217.86367893219 249.052882194519 245.082537333171 187.740763028463 174.216389656067 176.943838596344 187.611043453217 199.211120605469 209.411720434825 219.807585080465 224.274079004923 224.301000436147 237.036029497782 256.511986255646 273.875117301941 289.552430311839 308.268388112386 321.970562140147 326.982378959656 333.231568336487 335.379441579183 334.321975708008 329.08300558726 323.466817537944 319.920639197032 315.895020961761 316.355546315511 309.961160024007 292.441884676615 262.345989545186 240.195135275523 236.588716506958 243.709286053975 263.26992114385 271.183053652445 285.670081774394 295.922001202901 296.912133693695 295.051832993825 293.117205301921 287.335395812988 272.904833157857 292.461812496185 302.011926968892
249.462227026621 255.144993464152 257.625261942546 267.097632090251 266.2087281545 219.30052836736 198.829631010691 186.517894268036 183.286547660828 191.258430480957 210.98671356837 219.639082749685 229.225814342499 233.879168828328 240.799168745677 249.306877454122 263.679007689158 278.810123602549 292.336404323578 300.067901611328 308.40136607488 322.587708632151 329.399486382802 330.050567785899 326.702316602071 320.827384789785 307.119270165761 292.73647069931 285.907169183095 263.292610645294 231.716434160868 185.800055662791 161.067306995392 176.71283086141 205.08861541748 229.821066061656 248.797158400218 269.86308892568 282.78128306071 285.157104333242 288.566946983337 289.379159609477 266.069690386454 244.372010231018 273.66437514623 299.228727817535
273.102800051371 273.902614911397 267.943282922109 272.255043188731 271.762847900391 255.748112996419 221.619387467702 192.580978075663 180.238942305247 184.72695350647 206.390659014384 219.998240470886 235.023597876231 245.508213837941 248.618086179098 252.449134985606 263.70112101237 275.407592455546 284.788866837819 280.074079831441 285.654664039612 287.096599737803 296.235044797262 298.651893933614 292.383253574371 286.864002545675 274.304270744324 264.550268650055 240.565776824951 199.946502844493 169.676204522451 145.15420794487 112.190057833989 102.477133274078 114.312003056208 148.191293080648 197.427233060201 225.445528825124 242.709577083588 253.228147824605 251.697878042857 238.140304883321 224.13432598114 257.560511430105 257.969677448273 289.696534474691
265.94599088033 267.107208569845 271.595418453217 274.214963118235 264.297684033712 255.952676137288 229.999442895254 209.562162558238 191.725134849548 185.486992200216 198.269724845886 216.564277807871 228.758017222087 243.815620740255 246.296326319377 249.476432800293 258.052329222361 272.93332417806 278.560916582743 272.174080212911 270.530800024668 252.926429112752 260.159313678741 270.969271659851 276.004513104757 273.071666558584 261.455039183299 248.356600602468 221.295992533366 164.76845741272 144.700318574905 141.305257876714 120.500167210897 84.7318470478058 75.7861534754435 96.5871115525564 136.816998322805 175.672809282939 203.603506088257 218.326687812805 207.431217034658 185.294091701508 206.816295782725 276.293814182281 271.36093378067 292.656302452087
258.455594380697 262.910008430481 272.477149963379 272.212147712708 265.682975451152 256.18044535319 240.021030108134 234.47197675705 228.351831436157 213.673949241638 212.141076723735 229.175408681234 241.636594136556 253.20965051651 257.190426190694 252.811173597972 257.687926292419 268.163780371348 265.25600751241 268.519878387451 270.504832267761 263.806502024333 259.345312913259 260.536789894104 262.753228346507 263.593812783559 251.781483491262 241.918305555979 197.584887345632 173.7273534139 171.323895454407 186.96254491806 188.602447509766 150.937507549922 116.077770789464 106.741686662038 119.539608558019 145.209739605586 176.361123720805 198.376019795736 180.850843588511 172.366658846537 215.885996818542 268.784840901693 289.053976535797 302.404503027598
259.878158569336 262.753029664357 269.701858361562 271.579643090566 279.194235801697 269.08677816391 257.147530714671 252.109905083974 252.829134464264 246.634244918823 234.631260236104 248.093008995056 258.674442768097 269.41192150116 268.756906191508 259.810268878937 253.274281819661 259.344617525737 266.268372535706 279.158373673757 278.101166089376 275.29239654541 265.722970167796 260.813593864441 260.842601458232 261.676430702209 254.418969154358 243.711054325104 210.947116216024 205.076118310293 225.35761197408 249.815940856934 255.309184392293 261.115471522013 228.274683157603 147.386153539022 136.379301548004 145.094076792399 170.928478240967 188.040693600973 192.387759685516 223.816831906637 230.66242535909 248.13586473465 280.233124891917 289.713541666667
263.822436332703 260.369300842285 263.22607199351 269.627153873444 302.490015824636 282.87527958552 268.504500389099 255.55008649826 256.906628608704 262.591123580933 251.707096894582 255.359431107839 265.68994919459 269.206364949544 270.045181115468 264.497617880503 258.61930847168 264.676928520203 274.580856164296 278.38663260142 277.303377787272 269.287943840027 265.949289004008 268.49752664566 267.064849535624 264.433920383453 260.373731454213 255.361994107564 236.998279889425 236.371636390686 258.691628774007 273.200949033101 273.659745852153 287.363111972809 301.005144913991 226.467887560527 165.102899074554 150.645037492116 161.202808221181 184.741536776225 229.554295539856 281.37868642807 243.869721889496 238.13792069753 261.620461940765 270.168681939443
262.053787708282 252.737104892731 256.363968054454 275.989731152852 317.382534344991 284.709235032399 261.023223400116 249.596178531647 253.227810064952 258.30614566803 252.028028170268 251.937528451284 262.061456839244 266.71842734019 268.151640892029 271.78430557251 268.120646476746 262.217998504639 273.722132047017 272.075712680817 271.222213904063 267.679532368978 267.126242319743 271.18448416392 274.233440558116 266.491015752157 265.784760316213 262.757539749146 248.309969902039 245.847940444946 267.733375231425 285.008688767751 285.164475440979 284.162680308024 301.544388135274 290.385405222575 196.361223856608 139.797101418177 128.920684258143 163.821270068487 238.46443494161 263.634244600932 233.909964561462 206.959128379822 229.582111040751 242.028792699178
255.78631957372 244.7909116745 252.389788627625 286.328673362732 314.978857835134 281.197230021159 251.860082149506 233.71696472168 228.505929311117 231.093605359395 232.27999607722 238.384028275808 254.853824774424 266.956607500712 272.099137306213 276.12829208374 273.549139499664 263.077616691589 264.315724372864 266.46629969279 267.056941986084 268.946707248688 267.187277475993 273.040513197581 274.172902107239 271.157006422679 274.34778213501 265.661537647247 253.455022970835 254.362801710765 274.100025494893 291.546622912089 287.335356076558 284.560481707255 294.288992881775 308.271845181783 280.116240183512 201.101462046305 155.986289183299 166.251003742218 203.441778818766 219.489296277364 220.054924488068 188.53497505188 199.0567445755 220.557351907094
245.174288749695 254.258513450623 284.155011177063 330.16179005305 329.033474127452 288.400650024414 250.750561555227 220.559239387512 210.386017958323 223.932524522146 217.06481774648 215.752085049947 245.130081971486 265.061954657237 272.98237880071 278.980831305186 280.634760856628 267.952223618825 268.58393351237 270.901322364807 268.24414730072 273.802399635315 275.731722513835 276.263435681661 276.956041653951 280.463000138601 281.660338242849 276.566982269287 264.521360397339 266.321241855621 280.875205993652 292.957365512848 289.99000787735 291.222035884857 296.494424343109 299.712975819906 314.961592356364 314.017017682393 244.115233421326 196.968138217926 182.974775632223 177.639762560527 194.090326627096 189.90151087443 192.676862080892 220.061063766479
263.947367668152 292.347649733226 316.587825616201 325.102647145589 347.763657569885 323.836108048757 283.57740243276 245.349963506063 230.499267578125 243.375321229299 238.203485806783 220.398565133413 235.853989919027 263.021032015483 275.641540686289 280.376156171163 280.965685844421 278.63864103953 272.4303205808 272.548000017802 274.751822153727 278.586387634277 280.647754669189 279.233554999034 279.705087343852 287.123461564382 289.287030696869 290.558298428853 282.207429409027 280.653258164724 287.020047505697 292.02655951182 293.927292029063 299.478272596995 301.974495251973 291.584134101868 298.406342665354 329.153974850972 314.121127128601 248.670021692912 198.109964529673 175.695796807607 176.500618457794 194.166521231333 214.669485886892 243.35382382075
301.13963286082 314.760486284892 310.033917427063 303.464313348134 320.709804693858 335.897286732992 324.903706709544 295.493563016256 269.895513852437 269.569337368011 271.998345851898 249.006867408752 237.527052561442 260.454257329305 281.061371167501 284.763177235921 281.867504119873 285.658717155457 275.506913661957 273.990571498871 278.876145680745 279.068211714427 279.336929321289 276.343027750651 279.983798662821 288.564205169678 293.549279371897 296.609918276469 290.75425863266 286.56933705012 294.772744178772 299.561778704325 296.568671862284 297.953506310781 301.969170570374 291.179537773132 291.046738624573 306.18679523468 300.71618159612 268.649856249491 237.035314242045 200.35328467687 182.73518482844 188.261787096659 209.990819295247 243.338624636332
301.233073075612 297.945618629456 292.103449503581 281.682848930359 282.894512017568 301.824768384298 317.761381467183 310.244878133138 294.51984167099 291.362822055817 292.7592198054 277.678072452545 261.024872461955 267.402549584707 281.231999397278 283.340076605479 282.079974810282 283.929288387299 274.489124615987 277.172982692719 277.38755941391 275.273740291595 274.203201135 273.286283016205 278.346439202627 285.596330960592 294.517775376638 294.434587160746 291.037937005361 292.145450909932 299.590845902761 298.203349113464 287.230273087819 284.263650576274 287.566979726156 271.762808163961 269.587775071462 267.124871412913 253.884851932526 251.691659291585 261.621197064718 233.564496040344 207.290530204773 194.230655829112 195.27659813563 219.392935434977
297.746400038401 289.835294087728 295.666098594666 282.802005608877 275.585075219472 286.29865248998 309.471090634664 326.377133528392 316.153486569722 300.460974375407 292.806466420492 289.039234320323 290.374159812927 285.25165716807 286.267717679342 286.575893561045 282.576302687327 278.751790523529 277.28799978892 280.307094256083 275.959332784017 276.604334513346 274.061481157939 274.716973304749 276.681482791901 282.071391741435 289.879063765208 285.865108172099 286.484917004903 295.369247595469 298.794686794281 289.602438608805 274.673998355865 277.925272782644 275.263567765554 258.303840955098 259.851316610972 259.350101153056 261.146565278371 273.905277252197 274.770895640055 267.339706420898 243.741452693939 225.694219271342 206.938902537028 202.570100625356
315.122763315837 311.115582784017 319.471259911855 314.77161248525 305.523614088694 308.719416459401 323.281288146973 341.232856114705 330.246090888977 305.07485071818 293.096502621969 295.126080513 306.192934513092 298.860291639964 291.942000389099 290.905435880025 290.098567803701 282.416601975759 281.391362349192 283.796687920888 282.512247562408 278.198659420013 278.944333394368 280.965805053711 277.733524640401 281.656583150228 283.538401126862 281.134247779846 283.55461359024 294.108589490255 296.008010705312 287.415285905202 276.503046353658 277.284741401672 267.410079638163 262.207547823588 267.546236515045 269.415815671285 278.751750787099 297.365387280782 263.17568620046 253.896772861481 243.300517400106 232.966681321462 217.578053474426 195.596019426982
333.576083183289 331.708788871765 334.377527236938 335.692326227824 327.307860056559 321.451822916667 326.67068640391 340.191245079041 333.483338356018 304.154435793559 294.322907924652 302.917222181956 309.938271840413 298.827588558197 289.306799570719 294.699668884277 298.425098260244 287.869989871979 289.265155792236 290.648500124613 289.380272229513 285.453577836355 282.620310783386 284.070173899333 282.195786635081 279.020269711812 283.447861671448 285.302420457204 288.690527280172 296.330650647481 296.716749668121 289.555112520854 279.013514518738 274.612744649251 263.92936706543 268.441677093506 274.165749549866 275.008618831635 277.652859687805 289.373616377513 249.46121374766 209.407051404317 195.749163627625 191.423137982686 191.297948360443 188.026189804077
340.798934300741 340.292572975159 338.704744974772 338.884671529134 332.864820957184 326.651374499003 325.575033823649 331.640144189199 335.369904836019 313.206632932027 306.352774302165 307.605485121409 304.06121412913 296.550492445628 289.305746555328 293.574929237366 301.345348358154 296.451350053151 293.090383211772 294.684191544851 293.084899584452 288.617253303528 284.347494443258 285.567919413249 285.367965698242 284.470399220784 283.360600471497 288.818001747131 292.176723480225 293.563048044841 297.018428643544 292.018413543701 281.800965468089 266.926328341166 257.012089093526 273.24910958608 282.447973887126 281.054377555847 272.444764773051 280.944128831228 248.404125372569 181.009372075399 150.456845760345 138.518363237381 142.550448576609 152.060955762863
336.84770266215 339.975436528524 341.72534942627 340.891718864441 338.296135266622 336.16844813029 332.696278889974 330.335974693298 332.10414648056 324.012855688731 321.749567985535 317.34037399292 302.857716878255 303.107957045237 297.799229621887 291.986087958018 300.652146339417 301.348785559336 294.837474822998 294.435242811839 294.074177742004 290.585041046143 286.84800863266 286.165674527486 288.712978363037 290.692528088888 288.370867570241 288.800597190857 292.578061421712 292.481621106466 296.644330024719 293.218870957692 277.715106805166 254.761874675751 262.713114420573 286.182602246602 289.232671260834 284.072875976562 268.206536769867 272.760987281799 280.81226348877 224.126716454824 165.557722250621 139.229834079742 134.41080848376 132.921189069748
321.941375732422 325.796027978261 325.564761956533 330.550730228424 337.2536500295 342.987537384033 345.777710278829 345.495740572612 343.591968218486 339.745879173279 330.50924539566 313.078939914703 305.986364682515 304.997563362122 300.222039222717 295.928577582041 299.493789672852 297.905286153158 292.37973690033 291.125655174255 293.435951073964 297.01832930247 294.667184352875 288.764595985413 288.463791211446 289.501070976257 292.946497599284 293.687085310618 295.287251472473 293.550173441569 294.256250063578 293.618579705556 271.762530008952 255.979498227437 280.130644639333 295.417507489522 291.040360927582 286.091228326162 273.635745048523 272.335370381673 302.553613980611 313.367048899333 252.152641614278 197.27877775828 159.595906734467 135.47749320666
