input/barkrak2/radiation/dir19724.grid
NCOLS 85 
NROWS 70 
XLLCORNER 665100 
YLLCORNER 4664600 
CELLSIZE 20 
NODATA_value -9999 
[rows 0 to 19 of 70, columns 0 to 45 of 85]
345.625440279642987 348.943471908569 349.186499913534 346.063057581584 341.243942578634 335.981289545695 328.374663988749 322.118063767751 326.943655808767 325.874924659729 322.79646396637 330.466310183207 336.663087209066 336.555560429891 339.597781499227 347.506403923035 348.592122395833 338.820536931356 330.368638038635 320.29527425766 298.721790313721 294.359564781189 311.370730400085 318.515181541443 315.329670906067 313.559850056966 313.458800315857 303.617755572001 285.354256629944 278.792162736257 277.281641960144 282.910466194153 293.608943621318 299.148499965668 306.005120277405 298.085788885752 295.186837514242 303.892234961192 301.83881521225 303.199648857117 293.167233467102 275.314331054688 285.177608331044 308.881441752116 313.553869724274 305.326660474141
338.419516881307 344.485441843669 344.622214635213 344.811042149862 344.342708587646 340.422868728638 329.927543799082 319.741626580556 322.80174891154 324.469725290934 319.432993729909 325.323045253754 333.028097947439 333.963473637899 333.103398482005 338.03912003835 338.931202888489 336.396416028341 332.965850830078 326.03641351064 311.808208624522 304.222782452901 309.629321098328 314.697742462158 313.313066959381 310.473660628001 309.584021568298 304.153084754944 288.623869419098 279.115478197734 280.153016249339 290.504654248555 290.319919586182 294.285257657369 304.775814215342 296.697020530701 290.431340535482 290.530939896901 287.700931231181 301.751712958018 299.56458012263 287.704745928446 294.50660943985 312.955915927887 318.999767303467 308.47422281901
318.585773309072 317.191382249196 323.791305224101 329.700668652852 331.850528717041 335.516691207886 335.690458615621 332.962354024251 330.021321773529 326.77948474884 318.618456522624 319.16469335556 327.515184879303 329.460104306539 325.757126013438 328.540841738383 332.699517409007 337.096095085144 337.442994117737 332.918326059977 328.762888908386 320.562402407328 312.860369682312 312.159816424052 313.491602738698 314.079920450846 308.552960554759 301.840364933014 290.765027205149 279.119114081065 277.267237504323 290.230373541514 278.322180112203 285.898904005686 299.635310967763 294.187227884928 279.537320137024 272.587974866231 284.446398417155 302.506387233734 303.640325864156 303.017516930898 304.88125483195 318.471948305766 328.427195549011 315.23867448171
300.039768218994 298.998475074768 300.737539927165 301.369309425354 302.998185157776 307.961583137512 312.467674414317 319.776157538096 328.815937042236 333.123842875163 330.420970916748 328.996082146962 329.779088497162 329.655230045319 325.565238793691 320.431391398112 322.825312614441 327.93668905894 333.38471253713 335.198163986206 332.517941792806 329.143166542053 328.401366869609 322.332421938578 320.016582806905 321.619729200999 315.757234891256 307.435075441996 299.169580141703 290.039261182149 281.068543593089 289.366443951925 278.978029886882 284.596602121989 291.45755370458 292.21232732137 286.414364973704 284.073928991954 301.256398359935 312.930643558502 309.880534807841 302.490452925364 298.67563645045 307.009220123291 318.918228149414 319.641808668772
313.393394152323 299.377818902334 285.752137502034 274.691144625346 277.952075004578 291.399419307709 306.249141693115 313.09566895167 318.32754611969 322.408000628154 331.190645694733 337.143977483114 339.083433151245 338.763316472371 335.738102595011 333.255648612976 330.665647983551 326.20108127594 328.528463840485 333.164314428965 332.416176795959 332.128624121348 335.386236508687 330.196479956309 325.94112555186 325.401663780212 320.164779822032 311.985492706299 303.559501965841 298.217356204987 297.054807345072 296.484410762787 290.260851383209 291.440804799398 289.507269859314 293.16657781601 302.426874637604 307.71944920222 316.45256280899 320.708950360616 319.087942441305 311.259071032206 304.159998893738 300.559560457865 305.926958719889 324.442863464355
338.744521141052 319.891015688578 298.973282178243 279.682219028473 272.597312927246 281.836708386739 299.077292283376 311.106999715169 313.530246416728 313.728233178457 320.24097442627 326.787730058034 331.596414248149 334.534247716268 337.271293004354 338.173270225525 334.687153498332 327.466368675232 326.526840527852 329.842825730642 329.681674639384 332.483291625977 337.942719459534 335.908651351929 331.740895907084 330.667754014333 324.434697628021 316.071669260661 305.880924065908 299.48494831721 299.83643690745 297.401070594788 301.664610703786 307.023743788401 301.338156064351 298.730810483297 306.707819302877 313.758015632629 317.238549391429 317.56458679835 318.021933237712 314.507047335307 311.678191026052 311.271071434021 309.492528438568 313.268343607585
342.481851577759 332.06307888031 321.021715799967 307.435234387716 290.539264678955 278.444985548655 284.920891125997 307.398438453674 315.141677856445 321.170548597972 319.513539473216 315.22395213445 312.535345554352 310.15940507253 311.735530694326 321.091810862223 325.941602389018 331.756273905436 334.538658459981 335.228681564331 331.564545631409 327.879389127096 334.837635358175 336.461981137594 335.178295771281 336.167216300964 332.796990871429 325.378060340881 315.48680861791 308.958152929942 305.208881696065 307.018061478933 320.098400115967 325.059195359548 322.760144869487 315.955221652985 314.223070939382 317.606349786123 320.30709584554 325.246870517731 325.047373771667 321.0369348526 317.363957564036 311.944385369619 297.55167166392 290.921747684479
339.624683062236 339.014649391174 336.207906405131 328.935345013936 315.83970785141 294.130007425944 276.593565940857 278.079350789388 303.270936012268 319.884657859802 324.120720227559 321.517725785573 316.228826840719 310.429930686951 300.889054934184 303.364276885986 311.868707338969 321.600556373596 332.837700843811 338.185032208761 337.606986363729 332.036137580872 332.450290520986 335.590680440267 335.676272710164 337.895790735881 337.15033531189 333.049396673838 326.704283555349 323.218444983164 321.208576361338 321.975191434224 330.629666646322 333.989461263021 333.328723907471 329.643825689952 324.501136938731 320.341308911641 314.677615960439 319.946666558584 327.600757280986 331.3982685407 330.978234608968 322.46071100235 306.674599647522 291.538238525391
336.552977561951 337.241609891256 337.290445963542 335.366209348043 330.141584078471 319.336950778961 299.344182014465 275.084276994069 284.545381863912 303.516904513041 317.358752091726 320.988873640696 321.271936098735 319.963832696279 315.131942431132 309.810439745585 308.027486006419 309.952040513357 320.391337076823 329.09228404363 336.033701896667 338.179349899292 336.468656857808 333.909869194031 334.210952123006 337.23521232605 338.21976184845 336.382190386454 334.113955497742 335.121273994446 335.910717646281 335.001269976298 337.379336357117 338.122447331746 335.762619972229 334.078749020894 330.722332000732 322.830577691396 309.317946434021 312.249441941579 327.241202195485 331.458628177643 329.371174176534 324.58617289861 315.698842207591 306.596378485362
325.961232185364 330.49879471461 332.62300491333 332.735280195872 331.618368625641 331.493477026622 324.682017167409 312.042236328125 288.690090179443 282.152454058329 293.584545453389 311.529099941254 323.940058549245 328.430434068044 330.177406469981 326.760808626811 318.019171555837 314.976116021474 313.373406728109 315.597653388977 321.118930975596 323.98122549057 327.261666456858 329.045176506042 331.571380297343 334.19140179952 335.979223251343 334.391752878825 333.867947260539 336.563984553019 336.976846059163 337.019125620524 340.217749277751 341.464956601461 339.74544207255 335.946838061015 333.807309468587 329.431374867757 312.37131357193 309.094528357188 322.70473241806 325.040558973948 323.403358459473 320.585985978444 312.44687239329 303.382019201914
295.403202374776 304.470757643382 312.429547309875 318.347891171773 323.516805966695 327.772398789724 330.03028233846 328.836222489675 312.644898891449 293.968458970388 282.765646775564 289.37699397405 309.613386789958 324.596087137858 331.631819407145 326.213459173838 322.38248984019 319.01079416275 314.06698624293 310.475925604502 310.683349768321 310.320973396301 311.941981315613 318.694651126862 324.707090854645 328.465084234873 330.108443895976 329.610625902812 331.687768300374 334.272265434265 334.959745407104 336.80522441864 340.841293334961 342.283527056376 340.135018030802 337.738434473674 337.041298548381 337.045073509216 326.159040133158 315.19873936971 319.533069928487 323.102672894796 324.655493100484 324.349363644918 316.908876101176 308.577318986257
262.296577294668 266.794482866923 273.055911064148 283.909956614176 296.178340911865 307.325581709544 319.501360257467 323.293050130208 324.871818224589 317.079603672028 298.213164011637 282.356858253479 284.191191196442 302.584071954091 319.745659828186 320.356885592143 325.03471771876 323.282976945241 317.800998687744 311.064720153809 306.434035301208 304.038405418396 304.110209147135 309.621393680573 314.777652422587 317.564924558004 319.04407342275 321.625133355459 325.48201084137 328.065554300944 329.857468605042 333.387017250061 337.118625640869 338.200887044271 336.984395980835 335.712750752767 338.244358698527 340.253472328186 337.714950243632 329.459547996521 327.756881713867 330.818235874176 332.875470320384 332.687695821126 326.782445112864 324.303030967712
251.935064792633 248.126308123271 246.096889177958 246.119876702627 253.039995829264 267.417212327321 287.96641031901 304.337600866954 323.405623435974 325.749933719635 319.094717502594 303.653081258138 282.047847906748 278.753240903219 297.518094380697 315.826217333476 325.254499912262 326.531986395518 324.097057183584 319.172322750092 312.524358431498 311.627268791199 311.317185560862 311.999678611755 310.824036598206 309.770743052165 312.774876753489 318.501055240631 320.568879445394 321.473220984141 324.528257052104 327.394922574361 329.03919617335 330.012540022532 330.548087755839 333.008726437887 337.937951087952 341.253598531087 340.739647547404 340.17280737559 338.523030281067 337.524096171061 336.9988600413 336.397727330526 330.708722273509 327.820261319478
247.700810432434 222.85654147466 207.160433133443 201.962232589722 199.467062950134 205.419619878133 224.411984284719 254.570861657461 287.177503108978 312.921146551768 323.095003763835 323.599696159363 313.087562719981 293.90960931778 290.392875671387 309.971392154694 321.071982383728 327.973484992981 331.156293551127 329.58710193634 322.693407535553 320.504307746887 318.453212579091 318.402489026388 317.478060722351 315.534313519796 317.400554815928 322.671413421631 321.686168511709 318.052609761556 321.866571903229 325.290938218435 325.855155785878 326.165099938711 327.852725982666 331.838448842367 335.536996523539 336.737593015035 337.286472320557 337.405165036519 338.289618492126 338.836431503296 339.742263158162 338.346362113953 333.345015843709 329.393486181895
231.940150260925 197.789788246155 175.932387510935 171.881775061289 171.637852986654 175.336837768555 183.512151241302 208.556056022644 234.870473543803 279.359757900238 318.481127421061 333.995858828227 335.924506187439 327.085912227631 310.154696305593 306.979278723399 309.98702843984 320.428748925527 330.049256483714 333.082556724548 332.496007283529 328.767736752828 327.659765879313 326.020399729411 323.041061560313 321.551362673442 324.092447757721 325.333118438721 319.75249449412 317.544202009837 321.056962013245 324.091533819834 324.366768201192 324.568390846252 325.866917769114 328.229784965515 329.549849033356 327.815254529317 329.464554786682 329.407254854838 332.332770029704 335.027058919271 337.356448173523 336.797793706258 332.618594169617 331.092039744059
198.171059290568 172.257363796234 155.977269013723 152.21185485522 167.915503184001 189.428071180979 189.506471157074 196.151733398438 214.736183484395 244.631548722585 290.894468625387 331.022103627523 341.099818547567 340.039412180583 331.46995306015 312.403043111165 304.608980814616 305.295348167419 317.403793334961 331.906914710999 335.936466852824 333.144148190816 333.462198575338 330.624639987946 326.338032881419 326.433817545573 328.991770744324 326.471050580343 321.168462435404 323.645869890849 325.016717116038 324.655791123708 322.954873243968 322.465519110362 322.91183869044 321.531891822815 320.497930049896 317.875345547994 318.364361921946 319.479723771413 322.683910528819 325.079341729482 326.662063598633 326.745132605235 328.945696353912 331.005990505219
174.023111661275 164.518574873606 153.446217377981 144.188265005747 148.491521676381 172.489126523336 192.857543627421 195.275485515594 210.343718528748 222.210963567098 247.028609116872 297.015090783437 335.990428924561 339.155197143555 336.734215418498 332.278947035472 326.131184895833 314.844290415446 307.684063911438 315.991441408793 330.124119917552 334.862391153971 336.53195699056 333.63926410675 329.849143822988 330.763936042786 333.714564641317 330.931623776754 327.549358208974 331.319113572439 332.107424736023 325.937708218892 321.746130784353 319.844524065654 316.826860109965 316.047032674154 312.302807966868 311.488886674245 311.758995056152 312.993168830872 314.977049827576 317.014316717784 317.727307478587 319.410900274913 327.836732069651 330.743829409281
165.898640950521 169.085224469503 167.789876461029 155.795603990555 139.53830798467 149.155825376511 180.514136950175 198.605398337046 214.868068695068 228.011171023051 234.342217445374 262.521922588348 307.595094045003 335.207144419352 339.02370929718 340.27107556661 339.675347010295 333.776712417603 321.040054162343 309.564391771952 317.55252679189 332.944134871165 334.113359451294 332.966446876526 333.211859067281 336.895902951558 338.617881139119 336.920022964478 334.465344746908 335.948864618937 333.113710085551 326.858838399251 323.422849178314 318.94721587499 315.110325813293 313.219825426737 311.799426873525 311.080356438955 311.04717652003 312.457084655762 313.314855098724 314.540545145671 314.586361249288 316.30019346873 323.360661665599 330.017824967702
175.310095151265 185.792366663615 192.970871925354 184.290170669556 163.404007752736 159.909615914027 182.260950406392 200.735886891683 221.688588460286 241.708795229594 250.736117362976 257.352272669474 284.288287162781 315.239210923513 333.645224571228 338.792244593302 339.444875717163 338.799039522807 336.992065111796 327.511727809906 313.653945922852 322.887420654297 327.479720115662 331.764121850332 336.453159650167 340.253273646037 341.170748074849 339.847485224406 335.764129956563 335.198601086934 331.384122371674 327.175239721934 323.540846506755 320.029377937317 317.050735155741 314.238508542379 314.060886700948 312.309642632802 310.712337493896 312.97775109609 315.995434919993 317.058722178141 315.658191839854 317.890286445618 319.115479787191 326.269904772441
188.584526379903 193.131367365519 205.685615539551 218.639651934306 206.022699673971 178.919494152069 178.793867429098 192.474365234375 208.853165308634 235.925098260244 247.929692268372 249.376058578491 262.706478436788 278.141438961029 302.917679150899 330.352942148844 334.125439325968 335.096120834351 335.810621579488 335.675001144409 331.624706586202 322.244008382161 323.028365770976 328.554530938466 334.615151087443 339.162588119507 341.240445772807 339.468995730082 333.802183469137 333.314955234528 329.683661460876 324.571510155996 321.133732795715 320.111314455668 318.990488847097 316.40217701594 313.873767852783 308.470686276754 307.303845882416 313.579758008321 317.027688026428 318.26384862264 319.989164670308 320.001403490702 317.049344380697 323.488493760427
