input/barkrak2/radiation/dir10324.grid
NCOLS 85 
NROWS 70 
XLLCORNER 665100 
YLLCORNER 4664600 
CELLSIZE 20 
NODATA_value -9999 
[rows 40 to 59 of 70, columns 0 to 45 of 85]
246.012568473816 247.998019059499 247.179547945658 249.33119614919 256.930232048035 263.498922189077 267.292936642965 270.535747210185 269.282122453054 255.406657854716 240.544517834981 235.694964726766 234.727025032043 229.2720079422 229.343156019847 226.698239644368 227.078954378764 222.959081331889 219.692389170329 215.750257174174 217.722614606222 226.817846298218 227.86537806193 221.132536729177 216.78481499354 216.324508190155 225.806772708893 228.557089964549 232.791562875112 232.54386583964 231.844842433929 235.367000102997 229.490955670675 232.844630877177 261.346717675527 260.424176851908 248.2497493426 241.12210671107 243.778884410858 247.956891854604 261.202017466227 283.901154994965 260.611494382222 184.462825457255 120.349228382111 87.6618921756744
252.884427706401 250.734011332194 250.188151995341 248.873849709829 245.799601078033 245.045562585195 241.888562838236 242.105106512705 247.995932896932 239.154458045959 228.085259596507 231.164197127024 231.875995794932 232.307513554891 229.209383328756 225.565473238627 220.170021057129 226.96061929067 227.582474549611 220.66201766332 222.144107023875 224.989692370097 223.549644152323 225.012958049774 225.213428338369 221.473117669423 226.462662220001 229.907353719076 231.320480505625 232.318679491679 234.860082467397 235.486805438995 231.328248977661 243.641674518585 256.60115480423 247.38997220993 229.790588219961 222.909847895304 225.287477175395 236.186941464742 266.59236351649 280.781308809916 271.325588226318 229.282736778259 161.670823891958 118.306457996368
256.081541379293 253.629565238953 254.434704780579 252.231220404307 246.221343676249 244.260827700297 239.789485931396 235.240499178569 235.415736834208 231.750925381978 228.632887204488 227.714022000631 230.299909909566 234.517216682434 232.665677865346 230.271319548289 226.004819075267 230.29625415802 233.34393898646 225.042561690013 221.759617328644 220.241665840149 218.288679917653 219.286104043325 223.195155461629 219.103475411733 215.467572212219 223.118503888448 227.488577365875 229.840199152629 230.35329580307 229.818224906921 233.153442541758 249.290585517883 254.330317179362 232.201933860779 215.345899264018 216.61118666331 225.54878393809 239.260375499725 249.931176503499 250.590761502584 238.526264826457 218.161920706431 172.305623690287 113.320787747701
239.946007728577 241.477608680725 249.384641647339 246.213674545288 248.767574628194 250.954508781433 248.751858870188 244.48017279307 233.20464293162 232.247153917948 233.985722064972 229.873279730479 228.813886642456 233.41304063797 232.961555322011 230.842312177022 230.624477068583 233.675340811412 233.257273832957 226.722141106923 220.514714717865 217.919329802195 216.653803984324 214.963177839915 217.268506685893 220.684965451558 214.909354845683 218.98627281189 223.72297445933 225.268522898356 223.330040772756 219.386359055837 229.05832529068 241.019467512767 239.215175310771 217.551986376444 211.707592010498 222.980797290802 236.671725908915 240.063766638438 236.178338527679 232.684135437012 223.303914070129 202.812393506368 167.46465365092 118.288507064184
237.086375554403 242.149293422699 244.089424610138 245.36007642746 247.058351834615 248.327036698659 248.662094275157 245.401382446289 239.650766054789 233.727514743805 235.547661781311 231.276492277781 227.881252765656 225.664834181468 224.556108315786 225.145121415456 219.935039679209 227.825303872426 228.830635547638 225.187222162882 222.17990954717 220.0555006663 220.228393872579 217.447618643443 216.159085432688 224.584341049194 227.024773756663 223.871866861979 224.98087088267 223.111192385356 217.503190040588 213.622013727824 218.318124612172 221.130470434825 219.302793343862 211.789111296336 215.811391671499 230.762839317322 240.454157193502 234.052896499634 234.027107556661 225.484649340312 215.296188990275 198.910395304362 172.992328802745 136.321524779002
242.271701494853 245.504081249237 243.436257044474 246.971348921458 244.662423928579 244.808495044708 246.428569157918 243.972639242808 243.519484996796 239.014267921448 238.00520102183 235.583265622457 231.302301088969 225.85916519165 223.621249198914 227.822760740916 219.885587692261 221.787333488464 228.660424550374 226.201792558034 222.736835479736 223.640481630961 221.361378828684 221.174418926239 223.375757535299 222.53292798996 228.971521059672 227.055609226227 224.494814872742 224.21270608902 218.607862790426 214.059511820475 216.748416423798 211.65931224823 203.790108362834 198.379357655843 207.14537302653 225.256601969401 229.29056485494 216.208199659983 220.759908358256 213.657339413961 206.623375415802 206.13572994868 198.163151741028 164.394835631053
240.322291851044 242.301205794017 245.331406593323 246.457238992055 246.56609694163 244.983752568563 246.827562650045 248.649895191193 244.099001089732 242.396513621012 239.494442939758 238.767007986704 233.825584252675 231.227914492289 228.871862093608 231.164395809174 228.598793347677 221.510032812754 229.499657948812 227.779785792033 224.203010400136 224.279602368673 224.124908447266 219.443380832672 226.570963859558 222.34696149826 223.229010899862 225.001593430837 224.285443623861 224.683483441671 221.698184808095 217.611352602641 215.591828028361 210.439006487528 205.104351043701 199.418346087138 205.213705698649 217.072685559591 217.72430340449 215.600808461507 218.248009681702 208.947877089183 210.699498653412 219.657778739929 218.508998552958 188.302059968313
234.75174109141 237.136602401733 241.556147734324 243.958373864492 247.5479443868 247.424483299255 245.520015557607 244.548579057058 244.568943977356 245.988329251607 241.444170475006 238.368471463521 235.505938529968 235.561708609263 231.167117754618 229.245205720266 228.839556376139 219.370663166046 226.17761294047 227.511783440908 223.456799983978 224.960684776306 226.454774538676 217.829644680023 221.082409222921 220.939040184021 217.805008093516 221.310019493103 225.165645281474 223.447700341543 222.993532816569 221.215267976125 214.829921722412 215.198318163554 220.623215039571 216.472725073496 214.093764623006 213.501950105031 217.070579528809 227.556844552358 220.045626163483 210.130969683329 216.333230336507 221.556643644969 217.523455619812 198.918481667837
227.388858795166 230.535705884298 235.207577546438 239.403486251831 244.177997112274 247.826377550761 245.378414789836 242.327809333801 245.173950990041 246.909081935883 244.110922018687 240.372836589813 236.840724945068 235.926469167074 233.564972877502 227.764209111532 227.710167566935 219.690263271332 223.042289415995 229.16841506958 227.465510368347 227.784673372904 228.519459565481 223.395228385925 220.706860224406 224.267204602559 222.064236799876 224.970857302348 230.240325133006 234.178105990092 237.46399084727 236.295898755391 225.245416164398 227.872014045715 231.452922026316 227.460980415344 226.309378941854 222.362319628398 221.468468507131 226.301749547323 215.01769622167 208.152413368225 205.995758374532 201.949536800385 199.827611446381 198.039889335632
226.137359937032 223.691801230113 227.367460727692 235.871573289235 240.090548992157 243.983229001363 246.898969014486 247.491478919983 247.860332330068 243.264118830363 245.587031046549 245.508889357249 240.27955532074 238.109032313029 235.014677047729 229.805986086527 228.57520977656 222.813010215759 225.248157978058 232.387661933899 233.081539471944 231.598317623138 227.676073710124 229.093511899312 224.645872910817 228.505571683248 228.778660297394 232.631623744965 238.42179775238 244.806925455729 250.838875770569 251.959840456645 241.314291954041 237.639466921488 232.599457105001 230.818291505178 230.708916982015 231.622437636058 226.444959640503 213.771760463715 203.218062718709 205.732981363932 204.069177309672 197.139382362366 194.1899061203 197.28418191274
227.356831232707 229.444662729899 230.343739191691 237.417101860046 239.207545916239 239.230334758759 246.732950210571 249.770005544027 249.756157398224 247.425476710002 247.193992137909 247.535010178884 242.534319559733 238.722046216329 237.23699649175 240.856071313222 230.239808559418 227.734843889872 228.15728187561 234.175443649292 236.828287442525 233.795285224915 229.830741882324 230.362852414449 223.288655281067 231.533805529277 234.746197859446 235.306859016418 239.752193291982 249.197204907735 256.063898404439 257.722457249959 250.075618426005 239.769816398621 227.046549320221 222.971161206563 227.23662853241 233.341097831726 225.341121355693 204.960942268372 198.176542917887 207.951903343201 209.561884403229 203.362902005514 197.594503561656 190.666476885478
225.565711657206 235.358734925588 236.033419768016 239.643851915995 239.458759625753 237.337946891785 244.011680285136 248.123864332835 248.031874497732 250.470817089081 249.063511689504 247.17770020167 245.102127393087 238.785564899445 237.385968367259 243.034303188324 235.763728618622 229.788263638814 226.919690767924 230.695803960164 231.38964176178 231.480956077576 229.137659072876 225.014090538025 222.249150276184 226.188639799754 228.16534837087 228.830357392629 230.840841929118 237.197518348694 248.669346173604 254.91338968277 244.321962197622 221.869210402171 183.59637260437 182.400365670522 200.809081395467 219.502111275991 226.601044336955 225.225269794464 224.259038766225 217.044850190481 200.473109881083 195.36417722702 203.215936819712 190.954824288686
226.683576901754 225.733478864034 224.840402603149 229.499618212382 237.004319826762 239.607334136963 239.638686180115 244.729260603587 244.67678864797 247.011621793111 248.300055662791 248.623033364614 248.685240745544 242.18753973643 238.544424374898 237.787445386251 238.290468851725 229.485591252645 223.929067452749 225.713928540548 225.148955980937 223.803818225861 226.003746191661 219.918608665466 220.625996589661 217.583835124969 218.928118546804 219.766577084859 219.573080539703 221.299668153127 224.744617938995 237.995803356171 221.270501613617 191.887895266215 159.46219364802 142.740468184153 154.419392347336 184.455752372742 215.046723683675 224.617660045624 226.015170415243 212.790509064992 192.719320456187 190.065423647563 194.357573986053 180.667916933695
232.145071029663 222.433686256409 218.050559361776 223.747193813324 235.678414503733 242.519497871399 241.722941398621 242.436687151591 244.853357474009 243.146200974782 246.302803357442 247.394482294718 249.815960725149 246.271729469299 240.638812383016 238.084594408671 239.135980606079 231.100539366404 226.06748342514 227.422038714091 228.561341762543 222.964902718862 221.069037914276 218.930621941884 217.874825000763 216.174840927124 215.577960014343 215.846339861552 214.392781257629 208.253602186839 198.991199334462 203.727821509043 191.733519236247 172.510325908661 157.873392105103 141.502996285756 125.97644329071 135.968446731567 158.425698677699 190.575480461121 209.485570589701 196.377158164978 187.665383021037 187.432209650675 177.190363407135 166.339099407196
233.697275320689 227.557420730591 223.21347395579 225.568095842997 235.742310682933 242.811540762583 246.122399965922 242.202738920848 246.277292569478 243.122776349386 245.104312896729 247.149566809336 247.639338175456 249.096353848775 241.244713465373 241.945703824361 241.605083147685 233.153144518534 229.730407396952 231.33252064387 231.398085753123 226.88502073288 223.90470902125 224.616368611654 220.599035422007 219.686547915141 217.532873153687 214.837769667308 208.625872929891 203.639606634776 191.909372806549 192.730784416199 184.258540471395 180.490374565125 182.634095350901 175.784548123678 152.800738811493 137.18169927597 128.849416971207 139.871786038081 172.913054625193 175.169269243876 165.097097555796 152.163922786713 149.348974227905 154.609342416128
238.467892011007 234.751184781392 228.275875250498 222.845832506816 229.821900526683 240.773499011993 244.584043820699 242.128650347392 243.377109368642 245.717803637187 251.381695270538 251.17031733195 250.856916109721 249.98531738917 244.409680366516 244.582215944926 244.531810283661 240.942815939585 234.637459119161 232.304314772288 230.426967144012 228.280305862427 228.196521600087 228.927195072174 224.278012911479 221.87860806783 216.070671876272 205.901145935059 201.292932033539 196.143488089244 195.044577121735 198.052922884623 195.099433263143 199.866871039073 206.91458384196 210.588057835897 207.366188367208 192.51557191213 173.316021760305 138.393193483353 143.980105717977 160.527755816778 159.395138422648 149.506787459056 152.346799770991 167.574683825175
240.729947884878 238.242924213409 235.017716884613 226.467728614807 225.631296634674 236.433764298757 242.809851964315 242.132683595022 240.556180477142 246.910174687703 253.406008084615 253.139535586039 250.478982925415 250.80132484436 250.135620435079 243.668337663015 247.135917345683 239.778081576029 234.556039174398 234.975258509318 233.346422513326 231.968601544698 225.792626539866 224.067409833272 221.69687350591 215.302308400472 197.592457135518 176.303287347158 171.942234039307 179.093798001607 190.626343091329 194.701155026754 193.76273949941 195.847113927205 209.000150362651 223.099807898204 235.667188962301 237.195134162903 230.310559272766 182.511786619822 149.21909570694 164.487342039744 179.445604483287 186.892807483673 192.068874835968 204.098542531331
240.038673082987 237.348437309265 236.914535363515 234.756390253703 227.818707625071 233.631114164988 242.329160372416 244.389414787292 240.158279736837 242.043018341064 251.441438992818 252.45330731074 247.202535470327 248.845477898916 249.640603860219 240.396102269491 240.450918674469 236.822108427684 232.910990715027 235.572993755341 235.531230767568 234.304944674174 229.478478431702 223.100185394287 222.386697928111 220.491409301758 204.540034135183 181.337455908457 178.462068239848 185.255328814189 196.428994337718 198.940217494965 201.882064342499 212.173501650492 222.117960453033 226.880629857381 225.448131561279 195.411344369253 181.694507598877 177.668770154317 180.554946263631 193.95766655604 192.656060059865 178.799668947856 169.904033342997 187.981088956197
229.831139246623 235.65802971522 234.278798103333 234.777987003326 230.389992396037 229.038198788961 241.405367851257 246.895829836527 241.999427477519 240.238606929779 245.815813541412 250.923613707225 248.359878857931 243.077317873637 245.368858178457 241.054038206736 236.039618651072 238.276918729146 237.36035823822 238.397498925527 239.048878351847 235.122005144755 233.22461048762 226.985812187195 226.088841756185 229.612290859222 224.809845288595 216.512302557627 213.267644246419 213.954269886017 212.746183077494 208.02096525828 213.52877219518 219.323376814524 218.800842761993 207.476854324341 187.255024909973 137.897044420242 114.935974280039 149.583766857783 189.203302065531 199.797828992208 191.658178965251 180.875698725382 178.085625171661 187.489072481791
217.640737692515 231.398165225983 233.467837174733 232.112209002177 232.021788756053 228.670457998912 234.755913416545 244.135657946269 249.132513999939 244.361917177836 246.990064779917 248.398065567017 248.467683792114 245.954632759094 244.536856810252 241.824428240458 237.536390622457 235.417326291402 232.409338156382 230.37193218867 232.165535291036 231.077710787455 230.035066604614 228.173534075419 229.149639606476 236.519038677216 244.612177213033 247.577647368113 229.659577210744 229.558785756429 217.517534891764 208.170215288798 212.832768758138 198.043624560038 170.026183128357 142.013291517893 130.957990884781 116.483440001806 100.74175397555 112.341662247976 136.053065458934 170.122504234314 190.505603949229 211.961627006531 236.467858155568 237.755139668783
