input/barkrak2/radiation/dir15624.grid
NCOLS 85 
NROWS 70 
XLLCORNER 665100 
YLLCORNER 4664600 
CELLSIZE 20 
NODATA_value -9999 
[rows 0 to 19 of 70, columns 0 to 45 of 85]
353.213826815287007 355.772773424784 355.092922846476 350.580135981242 344.927708307902 339.863499005636 331.885715325673 325.787325700124 330.835302670797 329.54200108846 326.330224672953 334.409395853678 341.007351875305 340.846498807271 343.878865242004 354.080160458883 356.226086616516 350.733796755473 336.028655370076 327.145457267761 303.799907366435 298.481265703837 314.683119455973 320.952534675598 318.162500858307 315.593361854553 314.456681410472 307.04269806544 288.357694943746 281.027992566427 280.055741469065 284.497459729513 293.088555335999 298.679312070211 305.968860785166 299.06952381134 295.579711596171 303.687771161397 301.497499148051 303.747753302256 293.806036313375 274.529894193013 285.061200459798 309.248487154643 315.549115339915 306.660711765289
346.840778986613 352.512280146281 353.030880292257 350.934902826945 349.596301714579 345.029552777608 333.926439285278 323.211928208669 326.104680697123 327.956318855286 322.643975416819 329.275965690613 338.136911392212 339.135964711507 337.430596351624 343.716184298197 342.13391939799 341.420968373617 339.74281946818 332.720398902893 317.113180955251 307.655016581217 312.274515628815 317.660808563232 316.140691439311 311.988731225332 311.260859171549 305.669526259104 291.547417640686 281.55771891276 282.538453737895 291.684667269389 289.466321468353 293.467362721761 305.274685223897 297.281205654144 290.318071842194 292.119344075521 286.712765693665 302.447577317556 300.150811672211 287.668188412984 294.941047827403 314.838250478109 320.677121480306 309.122184912364
328.107317288717 326.495865980784 331.336657206217 336.812337239583 342.840075492859 343.093395233154 342.374960581462 338.501373926799 334.191679954529 330.553948879242 322.278757890065 322.589457035065 330.705523490906 332.971692085266 328.624089558919 331.947167714437 335.37495136261 340.561985969543 343.210061391195 338.979721069336 333.974281946818 324.311316013336 315.659999847412 314.141909281413 316.008190313975 315.872450669607 310.430963834127 304.108262062073 292.9714123408 280.782381693522 278.424898783366 290.456732114156 277.822911739349 285.524845123291 300.24778842926 294.201155503591 278.690854708354 271.63032690684 283.265332380931 302.414695421855 304.075618584951 304.345766703288 306.925574938456 321.509162584941 331.860760847727 317.78625647227
311.984797318776 307.84793694814 312.446236610413 314.539273579915 313.664118448893 316.037813822428 320.467829704285 328.135232130686 336.309512456258 339.025735855103 335.421244303385 332.68012603124 332.818627357483 332.829674084981 328.38906844457 321.994841098785 325.404047966003 330.752313137054 337.452570597331 339.243729909261 337.192972501119 334.224661191305 332.216997941335 325.857679049174 323.416272799174 325.165073076884 319.079915682475 310.399810473124 301.708221435547 291.921575864156 282.210568586985 289.138952891032 277.499258518219 284.026821454366 290.968537330627 292.113204797109 285.403192043304 282.132307688395 301.09316110611 314.692298571269 312.064170837402 304.575721422831 300.670146942139 308.835069338481 320.959150791168 322.537163893382
324.592649936676 312.874476114909 302.201310793559 284.868021806081 288.312872250875 301.427582899729 314.564387003581 321.172992388407 327.099541823069 330.867807070414 337.853034337362 342.625141143799 343.622287114461 342.629233996073 339.795589447021 336.89816792806 334.401726722717 330.253501733144 332.865754763285 337.83225218455 336.809953053792 337.206522623698 339.844942092896 334.517280260722 329.799294471741 328.430453936259 323.48891099294 314.577698707581 305.868268013 300.488511721293 298.786739508311 296.210964520772 289.321045080821 291.378279527028 289.280633131663 292.874773343404 303.112347920736 308.788339296977 318.473915259043 323.866526285807 321.446041266123 313.812474409739 305.708626906077 301.506300767263 307.231644789378 327.949364980062
347.395380338033 332.658231258392 309.520939985911 290.084401766459 281.521101792653 288.96156946818 310.244023799896 320.34957408905 322.583357493083 321.770548820496 327.913026014964 335.076252619425 339.463353157043 340.992530186971 343.36256980896 343.876560529073 340.243816375732 332.703530788422 331.235984961192 334.446469942729 334.242582321167 337.18208471934 342.205206553141 339.502731959025 335.592786471049 334.514141082764 327.905217806498 318.693578243256 308.298170566559 301.458636919657 300.909300645192 296.947638193766 302.505175272624 307.99525976181 302.017311255137 299.295385678609 307.373722394307 314.973413944244 319.275597731272 319.593012332916 320.630431175232 316.684603691101 313.820719718933 312.877972920736 311.770955721537 317.574977874756
349.536617596944 340.261260668437 330.022553602854 315.84886709849 300.678094228109 290.432413419088 295.069475968679 315.649569034576 324.190576871236 328.95294825236 327.381173769633 323.209961255391 320.658683776855 318.359593550364 319.84547773997 328.781167666117 334.061980247498 338.754574457804 340.307633082072 339.752117792765 335.568110148112 331.578095753988 338.858048121134 341.252406438192 339.240153630575 340.069174766541 336.399714152018 328.736245632172 318.270246187846 311.022281646729 306.139469146729 307.284633318583 322.044531504313 327.565451463064 324.524144331614 317.715287208557 316.184997558594 319.771508375804 323.174436887105 328.74055703481 328.87464761734 324.70973332723 320.582926273346 314.658602078756 300.229072570801 293.440123399099
345.331430435181 345.370292663574 344.446261723836 338.957071304321 326.1931737264 302.6242852211 285.227020581563 287.211934725444 311.728755633036 327.710409959157 332.685530185699 329.31395371755 324.317614237467 318.768560886383 310.628573099772 313.019593556722 320.003549257914 329.287052154541 339.635292689006 344.707409540812 343.143741289775 336.286624272664 336.237629254659 339.725534121195 339.93395169576 342.780391375224 341.419776280721 337.128162384033 330.473144849141 326.212525367737 323.177913824717 324.1272966067 333.791693051656 336.808602015177 336.551109949748 332.896967728933 327.30487982432 323.54195912679 317.672689755758 324.472387631734 332.266549269358 335.844159126282 334.663311640422 325.151642163595 308.632175127665 292.598684628805
342.846949895223 343.563159306844 343.980709711711 342.162171999613 337.542454401652 327.456951141357 308.068553606669 283.957958221436 294.842084248861 311.775088310242 325.433135032654 329.580366611481 329.686860243479 328.503330548604 323.389848073324 318.047404289246 316.341400146484 319.352527459462 328.144172827403 336.193680763245 343.530019124349 344.059904416402 341.687440872192 339.218974113464 339.71913655599 342.990199724833 343.998352686564 341.463128725688 339.006861050924 339.367469151815 339.594443639119 338.648676872253 341.274976730347 342.703859011332 339.725414911906 337.908347447713 334.758043289185 326.747894287109 312.889516353607 316.143890221914 331.094940503438 334.458748499552 331.560671329498 327.018161614736 318.060020605723 308.795352776845
333.949645360311 338.301738103231 339.909633000692 340.02963701884 338.673750559489 338.759342829386 333.388964335124 322.767357031504 298.80964756012 292.507211367289 302.335898081462 319.885412851969 331.716159979502 335.828542709351 337.514440218608 334.362030029297 326.10555489858 323.145012060801 322.700500488281 323.524673779805 328.884820143382 332.479099432627 335.174759229024 335.933367411296 338.0206823349 340.102831522624 341.760595639547 341.083208719889 340.332468350728 342.713912328084 343.115250269572 343.090891838074 344.809373219808 347.097476323446 344.383319218953 340.843160947164 338.762680689494 334.043542544047 316.212872664134 312.043766180674 325.155138969421 326.770464579264 324.889818827311 322.790880997976 314.70775604248 305.443863073985
304.58668867747 314.007163047791 321.507652600606 326.98126633962 331.743021806081 335.682352383931 338.027358055115 336.411794026693 320.955554644267 302.666127681732 291.655898094177 298.270066579183 318.095584710439 332.456151644389 338.938554128011 334.560592969259 331.086575984955 328.071395556132 322.233140468597 318.731725215912 319.02293364207 317.792693773905 319.559216499329 326.662441094716 332.204878330231 335.628271102905 337.204655011495 336.688121159871 338.489850362142 340.831677118937 341.844002405802 343.55362256368 347.179969151815 347.665826479594 346.171617507935 343.076308568319 342.068274815877 341.726740201314 330.051481723785 317.704896132151 321.486671765645 325.150112311045 326.838711897532 326.640446980794 319.04939810435 310.155828793844
273.122350374858 277.531941731771 284.477750460307 294.233600298564 305.352787176768 316.804468631744 328.404704729716 331.965645154317 332.830329736074 325.428744157155 307.041128476461 292.79766480128 294.554173946381 311.186830202738 327.890455722809 328.42489083608 332.863489786784 331.989864508311 326.922257741292 320.551832516988 316.089570522308 312.776307264964 312.853177388509 319.001714388529 323.796331882477 326.263964176178 327.596247196198 330.014447371165 333.598017692566 335.984230041504 337.581555048625 340.962966283162 344.500462214152 345.39798895518 343.339562416077 342.540423075358 344.457546869914 345.801035563151 342.676599820455 332.717100779216 330.255409081777 333.280662695567 336.233735084534 336.244463920593 330.03960053126 327.617267767588
263.844907283783 259.190142154694 257.191439469655 256.24934832255 263.063450654348 277.177552382151 297.284722328186 313.187062740326 331.441779931386 333.659251530965 327.379643917084 312.437951564789 291.159411271413 289.274573326111 307.56022532781 325.02559820811 333.858132362366 334.28700764974 332.01809724172 327.343821525574 321.901639302572 320.969641208649 320.675532023112 321.342984835307 320.051471392314 318.927566210429 321.821749210358 327.2585272789 329.174081484477 329.330444335938 332.198242346446 335.607091585795 337.273279825846 338.169058163961 337.680737177531 339.917063713074 345.154563585917 347.744544347127 346.931258837382 345.004677772522 342.87162621816 342.143694559733 341.737826665242 341.081102689107 334.977587064107 331.981142361959
258.74396165212 233.390788237254 217.790265878042 212.567309538523 209.971050421397 215.732455253601 234.520018100739 265.589157740275 297.584573427836 322.295784950256 331.629435221354 332.227965195974 321.54659430186 302.588820457458 300.614356994629 319.570104281108 330.091436704 336.379607518514 339.224457740784 337.151408195496 331.494053204854 329.389890034993 327.460567156474 327.442487080892 326.42392317454 323.812127113342 326.330443223317 331.296006838481 330.21879196167 326.847016811371 329.732219378154 332.95484383901 334.340373675029 334.652225176493 336.131652196248 338.906685511271 342.25074450175 344.232320785522 344.49315071106 343.620697657267 344.234029452006 345.151901245117 345.61026096344 343.643625577291 338.234821955363 333.834052085876
242.464065551758 208.649118741353 186.82853380839 182.699660460154 182.34121799469 186.985373497009 195.002377033234 219.506700833639 244.333227475484 288.57950369517 327.739814917247 341.97465578715 343.69166692098 335.851113001506 318.386495113373 315.318544705709 319.588224093119 329.528073469798 338.377515474955 340.871691703796 339.798847834269 337.010780970256 336.044510205587 334.607044855754 331.639766693115 330.134292443593 331.935524940491 333.101749420166 328.255812327067 326.304376125336 329.862177371979 332.723259925842 332.096795241038 332.281649112701 334.393382072449 336.617747942607 336.747407913208 336.202224095662 337.576150894165 337.441364924113 339.209159215291 342.453956604004 344.478686650594 343.501806259155 338.954051335653 336.977322896322
207.679410775503 183.249890804291 167.375882466634 163.850098848343 179.63304122289 201.061844825745 200.898369153341 206.845084826152 225.282629330953 253.173669179281 299.39607779185 339.517990748088 348.305106163025 347.367922465007 339.927315711975 320.787270863851 313.256621360779 315.084020296733 326.678554217021 340.167284011841 342.90353457133 340.35050868988 341.259439786275 338.747580846151 334.659337997437 334.699392318726 337.294816970825 334.155996640523 329.059958457947 331.464449564616 333.612402280172 333.276152610779 331.686238447825 331.303636233012 330.726583798726 330.355703830719 329.42807674408 325.821081797282 327.265381813049 328.275144100189 331.344346205393 333.518226941427 334.955930709839 334.858775138855 336.316466331482 338.056643803914
183.2089026769 174.074490865072 164.728780587514 155.914684136709 160.357902447383 184.072772661845 201.979537804921 205.637673536936 217.993537584941 232.044418652852 256.80144627889 305.293023586273 344.077865282695 346.225659052531 343.939185142517 340.459108352661 334.983309110006 324.207504590352 317.307511965434 325.33194621404 337.662776311239 341.895977656047 343.393564224243 341.272791226705 337.802251180013 338.722149531047 341.593424479167 338.920752207438 334.985812505086 339.124759038289 339.40315246582 333.685795466105 330.490489800771 328.801413377126 325.943251450857 324.238975842794 321.617066860199 320.855577786763 320.036192735036 322.165767351786 324.103097120921 324.923078219096 326.625029246012 328.203161557515 334.950844446818 338.268677393595
174.653907616933 178.160548210144 178.634504477183 167.565226554871 151.107390721639 160.431573788325 190.232117970785 205.709795157115 224.099059899648 237.167537212372 243.562380472819 271.756013234456 317.860186100006 343.338449796041 346.231579780579 347.279707590739 347.102959950765 341.160416603088 330.135544141134 319.145898024241 326.808094978333 340.260108311971 341.264168421427 340.051372845968 340.275446573893 343.765616416931 345.947941144307 344.206015268962 341.761708259583 343.247214953105 340.713898340861 334.420323371887 331.307530403137 327.863176663717 324.260075887044 322.462658087413 320.184965928396 320.47027349472 320.413072903951 320.708076159159 322.545111179352 323.718825976054 322.621385256449 325.361986955007 331.95952574412 336.992581685384
184.629321098328 195.256372292837 203.101893266042 195.972144603729 173.202673594157 169.587274392446 189.455489317576 209.206382433573 227.594176928202 249.993503093719 258.839011192322 265.912135442098 291.710436344147 325.614015261332 341.851631800334 346.196373303731 346.734921137492 346.234997113546 344.1002368927 335.17583211263 323.074916998545 331.884165604909 336.016456286112 339.755296707153 343.341827392578 346.769094467163 348.195910453796 346.626758575439 342.663725217183 342.275142669678 338.815053304036 334.864497184753 331.747015317281 328.113933404287 326.02459192276 323.40133190155 323.325534661611 320.653816064199 320.09744644165 322.263280550639 325.176278750102 325.087388356527 324.775000413259 326.967179775238 326.83785756429 334.733327229818
198.474287986755 203.102389971415 215.590516726176 229.674478371938 215.712428092957 187.113483746847 187.174518903097 201.319317022959 218.288461367289 241.633872191111 256.815532843272 258.925100167592 275.044163068136 289.927224318186 322.43279616038 339.132944742839 342.146436373393 342.926422754924 343.51909160614 342.895189921061 338.998675346375 331.266840298971 331.981341044108 337.090929349263 342.596729596456 345.906972885132 348.373651504517 346.280376116435 340.721845626831 340.319673220317 336.907784144084 332.063714663188 329.109231630961 328.632156054179 327.141344547272 324.706832567851 323.096215724945 317.993481953939 316.907028357188 321.856617927551 326.190213362376 327.332278092702 327.869375546773 327.801485856374 326.183418432872 330.956180890401
