input/barkrak2/radiation/dir17724.grid
NCOLS 85 
NROWS 70 
XLLCORNER 665100 
YLLCORNER 4664600 
CELLSIZE 20 
NODATA_value -9999 
[rows 40 to 59 of 70, columns 0 to 45 of 85]
343.861023585002 344.486474990845 344.452818234762 346.062580744425 349.923451741536 352.40908463796 354.390462239583 356.035192807515 356.650114059448 350.991805394491 343.952735265096 340.846300125122 337.599356969198 335.846543312073 332.893113295237 332.537074883779 329.800804456075 328.261276086171 324.149509270986 322.783251603444 322.737097740173 325.411160786947 324.863533178965 320.868531862895 316.947460174561 315.295120080312 319.35703754425 318.314711252848 320.179104804993 319.57604487737 317.555010318756 313.10647726059 288.459499677022 282.953957716624 303.309341271718 303.813874721527 295.096198717753 295.222242673238 295.514583587646 283.389409383138 291.434725125631 331.501762072245 352.209528287252 309.87681945165 251.187225182851 206.957181294759
347.869594891866 346.343676249186 346.488237380981 347.119410832723 345.385432243347 344.134132067362 344.008485476176 345.097144444784 347.346345583598 343.384186426799 339.061220486959 337.636351585388 339.778542518616 337.841471036275 337.061484654744 334.793210029602 329.521874586741 333.027402559916 332.127670447032 327.23867893219 326.122542222341 326.201478640238 325.946072737376 326.134423414866 325.41278998057 321.269611517588 323.3509461085 323.347290356954 322.045922279358 320.805748303731 321.216583251953 315.009792645772 295.547962188721 294.228295485179 305.045545101166 296.6388463974 282.232960065206 283.048987388611 290.701746940613 295.058151086171 308.191994825999 320.565640926361 334.652264912923 334.862232208252 292.463620503743 242.207249005636
349.170764287313 347.821315129598 349.468191464742 348.989367485046 345.268328984578 344.009041786194 343.893488248189 343.223929405212 343.603571256002 340.191205342611 338.57254187266 338.711222012838 339.099009831746 340.306480725606 340.326110521952 336.404085159302 334.895014762878 335.652748743693 335.770130157471 330.387910207113 327.944974104563 326.44643386205 323.221325874329 325.127224127452 326.683262983958 323.212524255117 318.204502264659 319.87984975179 320.714354515076 321.820576985677 319.772342840831 312.34480937322 302.883187929789 303.511202335358 302.36287911733 286.033153533936 271.131455898285 277.279416720072 292.588671048482 304.791231950124 312.756498654683 310.727854569753 307.205140590668 312.962154547373 299.221316973368 248.665968577067
342.194398244222 343.412756919861 347.800612449646 346.280574798584 347.033699353536 348.484913508097 348.955988883972 347.61118888855 341.996312141418 340.576450030009 341.785987218221 339.034994443258 338.445822397868 339.828809102376 339.28370475769 336.785872777303 336.388190587362 336.657365163167 335.955023765564 333.331684271495 329.040785630544 326.520979404449 323.676625887553 322.491645812988 323.356727759043 324.553807576497 318.457345167796 318.471590677897 319.866021474202 317.904829978943 315.00768661499 307.71537621816 306.95633093516 307.120263576508 293.652753035227 271.60104115804 266.937216122945 281.044681866964 300.72408914566 305.654883384705 305.671910444895 301.493704319 293.745557467143 292.423685391744 287.06149260203 257.025202115377
342.098752657572 345.531304677327 346.305767695109 346.122622489929 347.109913825989 348.164121309916 348.542809486389 346.294005711873 344.740509986877 342.530806859334 342.783053716024 340.774695078532 337.974190711975 336.405038833618 335.3511095047 334.475914637248 331.157743930817 335.902849833171 336.020708084106 333.606362342834 331.648310025533 329.331119855245 327.969133853912 327.554484208425 323.032180468241 327.305098374685 326.247274875641 323.268453280131 321.105579535166 316.53352578481 310.636460781097 305.353283882141 303.953071435293 299.42395289739 286.322812239329 269.420623779297 270.736594994863 286.7298523585 302.123447259267 300.900260607402 302.182098229726 294.926385084788 282.279054323832 277.723093827565 278.976003328959 268.58514547348
345.794399579366 347.992539405823 346.398154894511 347.583452860514 346.80449962616 346.542755762736 346.792141596476 346.354087193807 346.850593884786 344.362258911133 344.154318173726 343.101660410563 339.807033538818 336.356639862061 334.856430689494 337.368090947469 332.691291968028 333.622495333354 337.372223536174 335.640827814738 333.068788051605 331.667164961497 328.652898470561 328.276733557383 326.008280118306 324.924568335215 326.038479804993 323.359211285909 320.162296295166 316.677610079447 310.263574123383 306.006173292796 303.554157416026 295.203963915507 278.782725334167 264.077305793762 269.332826137543 286.750952402751 294.453978538513 288.593510786692 294.23846801122 285.639643669128 273.982961972555 276.676714420319 287.445902824402 279.416441917419
345.819274584452 346.53635819753 347.577770551046 347.654104232788 347.302834192912 346.96904818217 347.882509231567 348.145723342896 346.930106480916 346.077005068461 344.969034194946 343.746423721313 342.055757840474 339.496890703837 339.433312416077 340.540647506714 339.277823766073 334.994554519653 337.943116823832 336.462140083313 332.451979319255 333.297928174337 330.463469028473 327.385803063711 329.32323217392 322.940985361735 322.652618090312 322.073618570964 319.971819718679 316.684027512868 311.610341072083 306.893865267436 300.842344760895 291.583697001139 277.207791805267 265.746474266052 273.334860801697 286.167939503988 284.246404965719 286.141514778137 293.010135491689 281.937857468923 277.511537075043 284.467756748199 293.657839298248 285.904665788015
342.761238416036 344.086209932963 346.787214279175 346.511642138163 347.326954205831 348.369836807251 347.643136978149 346.606294314067 346.181352933248 347.95347849528 345.969438552856 344.392458597819 343.816995620728 343.048969904582 340.853452682495 339.524785677592 339.330792427063 333.691835403442 334.638516108195 334.794998168945 331.933776537577 331.19926850001 330.255627632141 324.504733085632 326.04976495107 323.321719964345 319.151659806569 318.204045295715 317.860285441081 314.307689666748 310.993234316508 308.477123578389 299.733420213064 295.34254471461 288.235088189443 275.190472602844 277.798533439636 285.0221991539 287.054598331451 293.530722459157 290.68124294281 283.721089363098 285.529136657715 286.333243052165 286.018788814545 277.93417374293
339.02116616567 340.901931126912 343.810836474101 344.720681508382 347.080548604329 348.411480585734 346.810301144918 345.605572064718 347.284038861593 348.5107421875 346.880594889323 345.258355140686 343.748013178508 344.329555829366 342.081626256307 338.558872540792 338.545401891073 332.39487806956 334.093610445658 335.783163706462 332.839210828145 331.54821395874 331.520875295003 326.047639052073 323.900282382965 323.420464992523 318.116247653961 319.019118944804 318.803469340007 320.855259895325 318.616926670074 315.39523601532 305.61759074529 306.074142456055 297.087073326111 279.932717482249 280.417283376058 288.547873497009 293.24605067571 293.651541074117 283.882399400075 281.396011511485 280.599633852641 275.104482968648 272.559583187103 272.161742051442
339.098890622457 337.126612663269 339.176297187805 343.487501144409 345.561345418294 346.09584013621 347.052335739136 348.562955856323 348.801016807556 347.485661506653 347.617149353027 347.803950309753 346.505959828695 344.455321629842 342.720746994019 339.616258939107 336.384574572245 334.326426188151 333.860476811727 336.300889650981 336.217482884725 333.311835924784 328.694403171539 327.3912469546 322.294076283773 322.117706139882 321.537534395854 319.643398125966 321.877380212148 325.30556122462 325.090090433757 318.496346473694 310.76580286026 310.790439446767 302.025894323985 285.300294558207 278.884410858154 287.036160628001 292.87709792455 283.459941546122 272.753039995829 275.921245416005 276.142001152039 270.47199010849 270.042359828949 273.163259029388
338.612159093221 340.543031692505 341.519316037496 344.367543856303 344.777504603068 344.132741292318 347.788731257121 350.059747695923 349.414269129435 349.485794703166 349.543968836466 348.761240641276 347.379446029663 344.639698664347 343.830029169718 343.380610148112 338.513294855754 333.875417709351 335.451205571492 336.929837862651 335.019826889038 332.793037096659 327.994028727214 323.961098988851 318.582852681478 321.678380171458 324.825723965963 322.122057278951 323.658347129822 323.715726534526 324.302514394124 318.695803483327 311.572710673014 308.405975500743 298.28272263209 285.187125205994 280.288378397624 284.383833408356 284.225106239319 272.331674893697 269.419233004252 279.951473077138 279.446502526601 271.678924560547 270.91372013092 266.404410203298
338.705937067668 344.431320826213 344.862977663676 345.520575841268 344.586610794067 344.295700391134 347.292502721151 349.624077479045 349.621812502543 351.051568984985 350.15861193339 349.140961964925 347.46249516805 344.549417495728 341.726660728455 345.474004745483 340.09571870168 334.883650143941 332.858284314473 333.27313264211 331.445058186849 327.825764815013 323.494871457418 320.184330145518 317.86568959554 318.117658297221 317.836860815684 317.466735839844 317.847927411397 322.573284308116 320.97848256429 317.172745863597 305.737137794495 296.068290869395 273.57006072998 260.963400204976 271.199285984039 278.736432393392 277.223865191142 277.086695035299 285.010973612467 288.535118103027 272.910157839457 264.754792054494 272.164702415466 260.545631249746
340.515295664469 338.258067766825 338.518897692362 340.61336517334 343.302647272746 345.910906791687 346.258401870728 348.261078198751 347.488125165304 349.620819091797 349.008997281392 349.002281824748 348.082304000854 345.127979914347 342.360099156698 340.134700139364 338.520526885986 333.152929941813 327.597876389821 325.510561466217 322.774569193522 320.4319079717 321.74946864446 315.024534861247 314.555644989014 312.010486920675 312.289337317149 312.136749426524 308.846731980642 309.084316094716 311.984260876973 310.995042324066 289.015829563141 265.283902486165 239.994486172994 229.936182498932 244.020978609721 268.218874931335 283.082743485769 277.803838253021 278.247872988383 273.700137933095 261.492331822713 264.303962389628 268.844028313955 244.980990886688
342.432220776876 336.846033732096 334.410985310872 337.790091832479 344.322760899862 347.744226455688 347.477634747823 347.416838010152 347.831606864929 347.116947174072 347.399314244588 347.685694694519 347.5128809611 344.726800918579 342.097043991089 338.874856630961 338.989655176799 330.742001533508 325.24569829305 323.962469895681 322.748561700185 319.753646850586 318.025747934977 314.45433696111 312.838872273763 311.19175752004 310.123980045319 307.271758715312 305.648227532705 302.498281002045 296.737472216288 288.023034731547 266.304035981496 240.107496579488 231.537123521169 228.24760278066 221.497317155202 232.003509998322 247.374216715495 265.372435251872 270.87793747584 261.207222938538 257.26318359375 260.731220245361 251.629869143168 231.396476427714
342.775106430054 339.673161506653 336.76799138387 339.21472231547 344.833413759867 348.260283470154 349.693536758423 346.581339836121 347.75718053182 346.117337544759 346.863627433777 345.572074254354 346.449534098307 344.814578692118 340.556899706523 337.805986404419 337.124586105347 329.511523246765 325.217922528585 326.062877972921 325.756271680196 322.425305843353 319.900294144948 317.934195200602 314.522266387939 313.374876976013 311.354597409566 306.709508101145 303.593118985494 301.29220088323 290.230313936869 280.145744482676 257.445851961772 243.406077226003 247.260908285777 251.012643178304 244.662801424662 236.236770947774 227.103610833486 234.472632408142 249.656856060028 241.723696390788 235.449055830638 230.192939440409 225.819806257884 221.538921197255
344.396273295085 343.644062678019 340.68497021993 337.650775909424 341.715614000956 346.600294113159 347.266395886739 345.661481221517 345.456798871358 346.516331036886 348.065336545308 347.545703252157 344.824512799581 343.922773996989 339.04500802358 335.684657096863 335.196892420451 332.746307055155 326.071461041768 326.751748720805 325.287501017253 323.235789934794 322.234431902568 321.684837341309 315.884490807851 316.226899623871 312.179128328959 306.253691514333 300.505220890045 294.5317029953 290.357649326324 286.485314369202 264.863193035126 257.45952129364 261.268456776937 268.817683060964 280.032436052958 276.427169640859 260.868032773336 231.629451115926 230.284293492635 230.503439903259 227.932016054789 226.199944814046 231.87776406606 237.577060858409
346.298297246297 345.44571240743 344.346125920614 339.806278546651 336.947560310364 343.326131502787 346.37443224589 344.711780548096 343.026876449585 344.954291979472 346.404790878296 345.931728680929 341.923952102661 341.474970181783 339.190562566121 335.217436154683 335.524956385295 331.480662027995 327.7374903361 326.545596122742 325.051089127858 325.228750705719 319.592793782552 318.016330401103 316.105882326762 313.187599182129 300.127287705739 282.297293345133 277.828017870585 282.533228397369 288.379629453023 283.708294232686 266.587396462758 259.12211338679 265.734275182088 275.687336921692 291.565219561259 300.970355669657 292.09299882253 261.106352011363 235.462963581085 237.673163414001 244.779706001282 255.710283915202 266.009330749512 269.034604231517
345.721284548442 344.250599543254 345.448732376099 342.514316240946 338.067332903544 339.407165845235 344.250679016113 344.049731890361 341.564059257507 339.980125427246 340.734640757243 342.872540156047 339.700897534688 338.821490605672 338.375329971313 334.75649356842 334.130724271138 331.299245357513 328.175663948059 327.93394724528 327.167709668477 325.561424096425 322.181264559428 317.725618680318 316.786348819733 315.971434116364 300.492644309998 284.980456034342 284.574508666992 289.128402868907 295.201202233632 285.135587056478 274.288535118103 273.217737674713 285.152792930603 288.013557593028 294.090231259664 283.438483874003 250.922163327535 243.20121606191 254.43289677302 263.715068499247 258.537809054057 252.949992815653 254.642307758331 265.276988347371
339.720487594604 343.45555305481 343.316157658895 342.560052871704 338.372151056925 336.597363154093 342.628081639608 343.054533004761 341.007590293884 334.762255350749 338.80337079366 340.700030326843 338.767369588216 336.788376172384 336.405992507935 333.483537038167 329.87368106842 328.839182853699 329.206109046936 327.085375785828 328.910867373149 323.901434739431 324.510256449382 320.190270741781 319.092154502869 319.606304168701 312.37655878067 309.676806131999 305.564979712168 304.220795631409 299.614230791728 287.680685520172 284.042994181315 282.987177371979 279.605229695638 266.227384408315 247.077564398448 213.110725084941 196.502526601156 233.136296272278 268.905123074849 269.588887691498 248.949646949768 244.304418563843 257.335623105367 271.380384763082
333.163678646088 340.779542922974 341.071565945943 339.894413948059 338.124473889669 331.776877244314 337.359587351481 339.701334635417 339.58367506663 336.502432823181 338.449676831563 339.44571018219 338.845173517863 335.695465405782 335.99058787028 333.987593650818 329.569180806478 326.724886894226 323.978841304779 322.523633639018 323.253889878591 321.980754534404 320.73837518692 318.778892358144 320.88969151179 323.386669158936 323.404669761658 326.165040334066 311.429182688395 306.615134080251 299.634079138438 287.958343823751 285.673340161641 266.894380251567 239.326218763987 212.792992591858 196.170210838318 188.548266887665 184.799790382385 209.942519664764 237.074176470439 253.828525543213 251.016676425934 263.054430484772 293.862342834473 303.642650445302
