input/barkrak2/radiation/dir16924.grid
NCOLS 85 
NROWS 70 
XLLCORNER 665100 
YLLCORNER 4664600 
CELLSIZE 20 
NODATA_value -9999 
[rows 20 to 39 of 70, columns 0 to 45 of 85]
211.706757545471 205.148776372274 221.729636192322 263.466517130534 258.735140164693 207.08958307902 191.757718722026 195.789794127146 208.751738071442 230.77388604482 244.528194268545 254.246890544891 263.458847999573 276.728908220927 293.371955553691 324.938456217448 336.781064669291 339.789589246114 344.277342160543 350.219527880351 351.273059844971 346.243103345235 345.401763916016 346.811850865682 347.715775171916 348.800738652547 349.388917287191 346.072951952616 341.367880503337 341.055989265442 335.532267888387 325.896064440409 318.567077318827 315.769155820211 314.775109291077 318.974534670512 319.229404131571 321.447014808655 325.770914554596 329.409539699554 329.006791114807 329.038619995117 330.940624078115 325.98215341568 329.895456631978 333.058873812358
236.390213171641 237.647553284963 257.790307203929 288.543959458669 282.665471235911 222.479701042175 204.371730486552 202.937304973602 210.488120714823 224.435071150462 237.566649913788 245.352904001872 255.633314450582 263.389011224111 279.386778672536 295.346478621165 326.546887556712 335.362831751506 340.205073356628 347.268303235372 350.521961847941 353.10701529185 354.133208592733 353.620767593384 351.083437601725 347.745299339294 344.393173853556 341.041644414266 339.732090632121 333.145181337992 317.491094271342 290.877719720205 272.724092006683 272.031565507253 279.86474831899 297.671914100647 304.697950681051 318.2053565979 325.785756111145 326.604008674622 325.046320756276 323.106129964193 318.129738171895 305.944641431173 323.638478914897 330.063939094543
274.26544825236 283.287624518077 293.821394443512 303.808331489563 303.810079892476 255.90717792511 224.886834621429 208.260099093119 207.561016082764 219.207723935445 235.845565795898 244.603137175242 259.248852729797 267.007350921631 274.010022481283 287.281731764476 303.833206494649 326.94407304128 335.067868232727 336.214184761047 338.862260182699 346.511125564575 351.040323575338 350.843826929728 348.385612169902 347.085237503052 344.494938850403 340.514620145162 327.748497327169 312.132259209951 268.796881039937 218.351125717163 198.788682619731 216.978351275126 244.909803072611 268.8862880071 285.097241401672 303.87814839681 315.084040164948 317.994018395742 319.654107093811 320.116877555847 299.861073493958 281.846205393473 305.543303489685 327.555080254873
291.862964630127 296.036084493001 300.176461537679 308.275481065114 308.055977026622 289.444446563721 249.736666679382 217.883050441742 202.482978502909 207.598606745402 232.905288537343 246.274828910828 261.984566847483 279.062529404958 281.119346618652 286.790569623311 298.392454783122 313.70731194814 327.533980210622 325.4620830218 324.052532513936 327.59835322698 336.4497423172 342.242558797201 342.965126037598 337.969024976095 322.275598843892 304.390649000804 278.778612613678 234.876751899719 197.121361891429 172.287841637929 147.996008396149 148.414035638173 162.316739559174 197.195808092753 237.64447371165 263.744870821635 279.515306154887 289.133608341217 288.660208384196 275.336682796478 260.416626930237 292.68217086792 289.724071820577 321.666022141774
283.603250980377 286.186496416728 298.547148704529 310.005307197571 301.433602968852 291.434824466705 258.329888184865 233.620822429657 215.969840685527 209.161559740702 225.245575110118 242.688854535421 255.451619625092 274.080693721771 280.704140663147 283.844153086344 294.291337331136 306.86495701472 316.638052463531 318.151414394379 321.777284145355 318.733791510264 327.077031135559 317.908604939779 305.922448635101 298.76975218455 291.865229606628 280.486901601156 247.984011967977 191.274523735046 169.590989748637 167.197326819102 150.583426157633 129.715422789256 121.529599030813 135.287175575892 183.373888333639 218.89990568161 245.230654875437 257.463177045186 247.589627901713 225.887099901835 246.311108271281 307.851354281108 299.713830153147 322.669724623362
278.76228094101 282.627801100413 296.104649702708 306.019405523936 303.113500277201 291.656235853831 266.964236895243 257.980604966482 247.279485066732 232.002894083659 232.403993606567 251.762370268504 267.075916131337 280.375917752584 287.206371625264 286.722878615061 294.878760973612 303.405443827311 311.568856239319 317.117889722188 328.624129295349 318.612515926361 297.528525193532 294.381777445475 294.983188311259 292.809704939524 281.109491984049 267.597834269206 224.300821622213 195.533951123556 194.627324740092 211.653888225555 216.746290524801 193.981111049652 160.245229800542 140.076637268066 157.475292682648 185.514410336812 226.625959078471 241.312146186829 223.122000694275 214.297334353129 253.798166910807 290.507356325785 313.108285268148 334.277431170146
280.849556128184 282.635112603505 291.501522064209 302.150189876556 315.716584523519 299.66926574707 281.063834826152 268.176198005676 265.966852506002 262.862165768941 255.049288272858 270.248353481293 280.797759691874 294.574538866679 297.532121340434 293.494343757629 295.918186505636 305.691997210185 313.541372617086 319.72461938858 314.04447555542 308.631042639414 304.640611012777 299.10417397817 296.279470125834 292.138834794362 280.023773511251 267.529447873433 230.251630147298 224.262158075968 246.491293112437 269.544800122579 273.46404393514 286.985119183858 269.271691640218 183.866401513418 168.685893217723 182.697951793671 206.649045149485 239.33740456899 231.967886288961 263.25927178065 255.184412002563 267.19335714976 303.099572658539 322.254459063212
285.094638665517 281.305313110352 284.625947475433 297.781268755595 335.262934366862 307.715892791748 284.533301989237 266.705354054769 266.947706540426 275.198022524516 271.033962567647 274.719516436259 289.349138736725 299.616853396098 301.576554775238 302.409489949544 302.113811175029 307.548880577087 308.972318967183 309.992055098216 308.413664499919 300.708254178365 299.456497033437 305.44239282608 303.182721138 298.876245816549 288.911461830139 277.185718218486 251.852293809255 250.048518180847 274.879177411397 289.517720540365 287.394682566325 301.318009694417 329.887608687083 264.758070309957 199.55583413442 186.760346094767 198.9932457606 243.026494979858 269.291083017985 313.904503981272 265.109042326609 258.152544498444 290.788273016612 302.437782287598
282.023310661316 274.444222450256 278.515179951986 304.248809814453 345.749576886495 306.591729323069 274.6901512146 261.316617329915 266.972700754801 277.775565783183 273.728251457214 272.563298543294 289.409796396891 299.226959546407 304.828584194183 308.001677195231 305.210014184316 294.206738471985 302.936553955078 303.141156832377 304.1011095047 299.046615759532 297.674914201101 304.465671380361 307.873626550039 300.806085268656 297.710061073303 286.793291568756 263.025641441345 256.87579313914 280.050714810689 298.527836799622 296.726326147715 294.836103916168 317.486544450124 324.383576711019 236.34401957194 178.676803906759 170.46974102656 214.207847913106 277.860641479492 293.376127878825 256.775518258413 235.726714134216 263.068159421285 277.450680732727
274.344166119893 266.763309637706 275.63863992691 314.624349276225 342.380205790202 302.580157915751 268.307328224182 250.880579153697 249.303181966146 256.225764751434 255.644659201304 263.607839743296 283.571461836497 302.794675032298 305.130322774251 308.227757612864 304.607450962067 293.436169624329 294.876515865326 297.134399414062 295.968373616536 297.693570454915 299.615343411763 304.810961087545 307.015637556712 305.654644966125 304.299453894297 292.689164479574 270.69087823232 265.888690948486 284.688512484233 302.819987138112 297.954360644023 294.374048709869 303.339203198751 324.658453464508 314.818322658539 241.93129936854 192.60976711909 201.53671503067 236.889819304148 252.115448315938 250.910083452861 221.718033154806 235.663672288259 263.428250948588
262.254277865092 272.694965203603 302.052438259125 347.70127137502 350.511431694031 307.556410630544 272.704501946767 244.771997133891 237.620651721954 248.586932818095 243.584255377452 242.393136024475 275.704761346181 300.463676452637 304.901719093323 309.106151262919 307.698607444763 298.003554344177 299.12147919337 298.000435034434 297.365148862203 303.661704063416 306.333323319753 305.334369341532 308.311839898427 311.656733353933 310.903131961823 301.047801971436 283.389945824941 278.472205003103 290.115098158518 302.850524584452 300.395965576172 299.485405286153 302.653789520264 305.161039034526 330.289900302887 344.11875406901 279.828230539958 232.84105459849 220.610499382019 211.210191249847 226.234714190165 224.663019180298 231.653432051341 269.128680229187
280.759533246358 305.31370639801 322.053174177806 326.221724351247 355.844736099243 338.926394780477 305.48886458079 267.382045586904 251.572847366333 266.995549201965 261.598944664001 241.566677888234 263.396879037221 293.549954891205 305.686314900716 310.239255428314 309.825201829274 306.357343991597 300.898909568787 301.558454831441 303.543925285339 306.519707043966 308.859288692474 308.244705200195 309.821347395579 317.391932010651 319.464107354482 315.188368161519 301.248490810394 294.125020503998 297.011256217957 300.406833489736 302.078763643901 306.108315785726 308.385729789734 296.548883120219 305.575092633565 344.845573107402 344.306310017904 286.029696464539 237.502932548523 209.924697875977 210.375984509786 228.910187880198 253.275394439697 283.167481422424
309.290846188863 316.458761692047 304.347455501556 296.393672625224 315.516511599223 338.456233342489 335.320154825846 307.966709136963 285.421252250671 288.374006748199 292.413036028544 268.253485361735 264.443278312683 288.78923257192 305.612027645111 309.221545855204 307.767113049825 311.137616634369 304.39031124115 303.396662076314 307.33859539032 310.130854447683 308.483163515727 310.726841290792 311.678250630697 318.902909755707 323.798914750417 323.785205682119 310.329854488373 301.124612490336 307.057539621989 309.327960014343 305.162489414215 307.444850603739 311.663409074148 301.821490128835 300.999919573466 321.88093662262 328.858216603597 306.0595591863 276.778737703959 234.43877696991 215.814530849457 223.145544528961 244.827310244242 278.086503346761
297.155340512594 288.426140944163 280.664225419362 269.419034322103 269.75405216217 290.995637575785 313.45276037852 312.944253285726 304.478208223979 306.997676690419 307.663242022196 292.172173659007 283.89718135198 294.670323530833 308.120350042979 306.846042474111 307.25351969401 310.589631398519 303.729971249898 306.362827618917 306.618432203929 309.263328711192 309.474408626556 306.709806124369 309.278964996338 317.089021205902 324.186424414317 321.186343828837 313.309133052826 308.254520098368 313.030362129211 310.647288958232 300.170520941416 299.954454104106 304.525375366211 289.45255279541 286.572615305583 288.163085778554 284.270962079366 290.696938832601 300.025204817454 265.886346499125 237.158457438151 228.107949097951 229.7283411026 252.558052539825
289.107322692871 277.721305688222 284.154951572418 269.503275553385 261.227448781331 273.21587006251 300.490955511729 326.769987742106 325.603226820628 314.135770003001 302.347222963969 302.970031897227 310.899039109548 311.852514743805 310.608069101969 309.7851673762 310.118933518728 308.170119921366 308.250069618225 311.021327972412 308.904767036438 308.504144350688 308.165431022644 306.836028893789 309.305707613627 311.699112256368 317.565441131592 313.899258772532 313.19534778595 313.51492802302 313.883403937022 303.910831610362 288.620432217916 294.213831424713 293.696145216624 277.657508850098 278.291821479797 278.533558050791 286.941011746724 311.178465684255 309.564312299093 295.294185479482 273.325125376383 259.884317715963 239.246606826782 232.508699099223
310.066441694895 304.312984148661 314.186533292135 308.879971504211 298.562308152517 303.54114373525 320.899546146393 344.499508539836 340.749740600586 316.620230674744 301.362792650859 310.210287570953 324.892262617747 323.625763257345 318.373958269755 319.957454999288 314.512928326925 311.308165391286 313.663283983866 314.795434474945 312.74292866389 310.199737548828 308.605889479319 312.345186869303 309.22661225001 310.390253861745 312.446316083272 310.483892758687 311.244964599609 316.950261592865 313.729027907054 303.197284539541 290.129880110423 290.830969810486 284.504354000092 280.34762541453 285.384714603424 285.546580950419 297.957638899485 330.07691303889 298.600137233734 284.033079942067 274.417301019033 268.682261308034 252.215663592021 228.306452433268
337.331056594849 334.113200505575 336.28503481547 339.115381240845 329.775134722392 323.314766089122 327.875296274821 342.807531356812 340.77254931132 313.433070977529 305.121958255768 318.160573641459 331.910808881124 324.190676212311 319.488048553467 322.39427169164 326.134363810221 317.728042602539 319.207151730855 321.18300596873 318.359732627869 314.072410265605 312.141001224518 314.011454582214 310.515244801839 310.059110323588 311.436812082926 311.590353647868 314.448416233063 319.32000319163 315.887987613678 305.733621120453 292.72339741389 286.519149939219 279.43233648936 284.641782442729 291.245301564534 289.849797884623 293.003141880035 318.30886999766 289.741297562917 246.095240116119 234.789152940114 229.241490364075 226.407468318939 220.427413781484
351.309418678284 348.053534825643 342.435081799825 343.523422876994 338.032086690267 329.396764437358 325.534562269847 330.898920694987 338.274717330933 320.85249821345 321.331183115641 330.428878466288 329.383273919423 324.715813000997 324.133197466532 325.393358866374 331.229170163472 327.395757039388 323.29257329305 324.260989824931 322.824319203695 318.921148777008 314.905067284902 314.709862073263 312.29692697525 311.419049898783 311.622679233551 315.279225508372 315.57559967041 318.11777750651 317.76758035024 308.06303024292 296.114067236582 280.323068300883 272.457500298818 287.626008192698 297.686676184336 295.152982076009 284.957468509674 302.286525567373 290.350874265035 223.251243432363 193.865378697713 181.127687295278 181.063930193583 187.287231286367
355.919599533081 358.132521311442 356.490055720011 353.774984677633 349.199414253235 342.824816703796 334.782083829244 329.429050286611 331.898808479309 330.92455069224 339.798251787821 340.140064557393 332.582036654154 334.697246551514 328.402717908223 325.29745499293 330.755968888601 330.98973830541 326.259354750315 323.564787705739 321.991642316182 319.681604703267 313.514808813731 314.090152581533 313.30414613088 315.452575683594 312.272449334462 314.27405277888 316.863258679708 315.966248512268 317.693332831065 312.142054239909 291.379809379578 269.377807776133 278.050482273102 299.381951491038 302.268703778585 295.839369297028 279.110312461853 285.269419352214 311.845143636068 269.067486127218 211.637318134308 182.863493760427 169.023017088572 166.000664234161
347.967704137166 350.650827089945 351.01580619812 353.949507077535 357.436895370483 359.312136967977 358.060280481974 354.394753774007 352.392752965291 355.10516166687 352.235396703084 342.443307240804 338.545441627502 334.617853164673 333.898663520813 327.633321285248 330.590665340424 329.74104086558 323.396563529968 321.862578392029 323.691089948018 323.141992092133 320.203463236491 315.228521823883 312.35945224762 313.412626584371 315.183420976003 316.135287284851 318.437198797862 318.38047504425 316.939890384674 313.139081001282 287.098248799642 269.915302594503 291.657129923503 306.435585021973 301.806708176931 297.39898443222 283.794621626536 278.276960055033 314.678609371185 343.931913375854 294.482032457987 241.620103518168 198.738098144531 168.029189109802
