input/barkrak2/radiation/dir17124.grid
NCOLS 85 
NROWS 70 
XLLCORNER 665100 
YLLCORNER 4664600 
CELLSIZE 20 
NODATA_value -9999 
[rows 40 to 59 of 70, columns 0 to 45 of 85]
344.411849975586 345.047156016032 345.013300577799 346.608559290568 350.466012954712 352.94516881307 354.909022649129 357.027451197306 357.091625531514 351.444760958354 344.464063644409 341.361165046692 339.06348546346 336.306969324748 333.351174990336 332.93612798055 330.20031452179 330.011467138926 324.525952339172 322.745362917582 322.592457135518 325.693388779958 324.575165907542 320.539474487305 317.28200117747 314.922451972961 319.717307885488 320.324699083964 320.583462715149 320.537765820821 319.386204083761 314.60444132487 288.874348004659 283.425529797872 303.864856561025 304.179350535075 295.546571413676 295.909146467845 295.898795127869 283.695975939433 291.811406612396 331.969261169434 352.841973304749 310.388286908468 251.566469669342 207.112451394399
348.410050074259 346.898953119914 347.04315662384 347.653985023499 345.927953720093 344.688574473063 344.550530115763 345.628182093302 348.534067471822 343.878984451294 339.574734369914 339.051802953084 340.18349647522 339.382648468018 337.468862533569 335.166295369466 329.896648724874 334.732890129089 332.460045814514 327.516357103984 328.218619028727 327.974259853363 326.274772485097 325.993279616038 325.725595156352 321.008106072744 323.669970035553 323.724687099457 322.459697723389 323.211550712585 321.542938550313 315.39112329483 295.994440714518 294.784267743429 305.397709210714 297.017196814219 282.773772875468 283.582588036855 291.278163592021 295.655687650045 308.625280857086 320.995807647705 335.201342900594 335.524559020996 292.943795522054 244.227647781372
350.140372912089 348.379691441854 350.447575251261 349.537054697673 345.837593078613 344.576716423035 344.441254933675 343.746741612752 344.117283821106 341.450174649556 339.049736658732 339.161078135173 340.595205624898 341.826915740967 340.712110201518 338.064988454183 335.256497065226 335.975488026937 336.075186729431 330.645044644674 329.971432685852 326.740264892578 323.536038398743 325.162887573242 326.996386051178 323.529402414958 320.269803206126 321.792761484782 321.109394232432 321.631789207458 320.101579030355 312.733332316081 303.312738736471 303.874552249908 302.657802899679 286.451717217763 271.645744641622 277.813653151194 293.165405591329 305.359423160553 313.276092211405 311.21559937795 307.783126831055 313.664317131042 299.84970887502 250.490705172221
342.779517173767 344.455440839132 348.81599744161 346.839825312297 347.599228223165 349.041700363159 349.496841430664 348.140001296997 342.507521311442 341.073989868164 342.255671819051 340.490976969401 338.838696479797 340.20721912384 340.871294339498 337.133328119914 336.693088213603 336.959520975749 337.748527526855 333.54115486145 329.333404699961 328.373968601227 325.56031147639 324.480096499125 323.655009269714 324.86887772878 320.137759049733 320.459047953288 320.217510064443 319.814046223958 315.370043118795 309.349060058594 307.196398576101 307.449817657471 294.649879137675 272.063672542572 267.438371976217 281.571269035339 301.275134086609 306.179781754812 306.32491906484 302.005708217621 294.328093528748 293.101688226064 288.009425004323 257.597903410594
342.669725418091 346.083084742228 347.376267115275 347.141822179159 348.125219345093 349.157333374023 349.091132481893 346.832195917765 345.267216364543 343.018174171448 343.247493108114 341.202100118001 338.361501693726 336.784799893697 335.729360580444 334.829171498617 331.472913424174 336.218476295471 336.342295010885 335.410356521606 331.966241200765 329.680601755778 328.300992647807 327.732622623444 323.30334186554 327.594021956126 326.519131660461 323.562105496724 321.436663468679 316.880285739899 310.658514499664 305.775125821431 304.347515106201 299.822489420573 286.758224169413 270.013054211934 271.233201026917 287.243882815043 302.818993727366 301.433086395264 302.688856919607 295.434753100077 282.837808132172 278.356591860453 279.722730318705 269.283970197042
346.341172854106 348.537604014079 346.957286198934 348.150412241618 347.376545270284 347.097118695577 347.846945126851 346.890171368917 348.000089327494 345.632950464884 344.616492589315 342.485785484314 340.21008014679 336.751898129781 335.232178370158 337.741335233053 333.012382189433 333.914200464884 337.709705034892 335.965037345886 333.393613497416 332.00212319692 330.530742804209 330.181698004405 328.084667523702 327.021241188049 327.932357788086 325.29491186142 322.022279103597 317.032019297282 310.669362545013 306.405643622081 302.901526292165 294.782519340515 279.274662335714 264.636278152466 269.867221514384 287.29385137558 295.000652472178 289.152681827545 294.768869876862 286.447087923686 274.543801943461 277.262091636658 288.12704483668 280.13277053833
346.357385317485 347.081025441488 348.131100336711 348.677237828573 347.857713699341 348.0384349823 348.413745562236 349.240064620972 347.439448038737 347.321510314941 345.407724380493 345.17248471578 342.467824618022 341.023445129395 339.809099833171 340.897957483927 339.614590009054 335.302432378133 338.273763656616 336.794296900431 334.236820538839 333.626389503479 330.73498805364 327.594121297201 329.498708248138 325.043141841888 322.812040646871 322.353641192118 320.279955863953 317.034661769867 312.008698781331 308.359881242116 302.248477935791 291.370034217834 277.735332647959 266.316095987956 273.909449577332 286.791165669759 284.789880116781 286.714712778727 293.545762697856 282.492915789286 278.075277805328 285.020450750987 294.267813364665 286.612610022227
343.305706977844 344.628691673279 347.333351771037 347.059528032939 348.374009132385 348.896423975627 348.167459170024 347.127000490824 346.680760383606 348.421692848206 346.407890319824 344.832460085551 343.252619107564 343.458890914917 342.429161071777 341.139237085978 339.682221412659 334.007859230042 336.408376693726 336.526830991109 332.248111565908 329.935709635417 330.501397450765 324.694792429606 326.247274875641 323.536296685537 319.388389587402 318.460663159688 318.14436117808 314.637502034505 312.544822692871 308.802644411723 300.149023532867 295.789361000061 288.706839084625 275.709668795268 278.351724147797 285.674055417379 287.60290145874 294.044931729635 291.437149047852 284.2684785525 286.072095235189 286.88790400823 286.596814791362 278.555393218994
340.203245480855 342.071890830994 344.353755315145 345.261255900065 348.181366920471 348.941087722778 346.776247024536 346.126596132914 347.761869430542 348.974625269572 348.154743512471 345.70590655009 345.183412233988 344.732999801636 343.617757161458 340.158065160116 338.911771774292 334.208091100057 334.389289220174 336.103479067485 333.132366339366 331.808090209961 331.757922967275 326.220254103343 324.076851209005 323.627273241679 322.018524010976 321.065684159597 322.423676649729 319.685459136963 318.911612033844 315.709968407949 305.904348691305 306.452473004659 298.166751861572 280.574003855387 280.918478965759 289.06637430191 293.656607468923 293.730854988098 284.431258837382 281.955460707347 280.958334604899 275.670905907949 273.147265116374 272.752245267232
339.651187260946 337.656339009603 340.410232543945 344.014565149943 346.719185511271 347.233057022095 347.57387638092 349.070946375529 350.008646647135 347.952763239543 348.880966504415 349.086364110311 346.935272216797 344.863176345825 343.10785929362 339.991490046183 339.394609133403 334.615349769592 334.114551544189 336.584369341532 336.491028467814 333.53865146637 328.882316748301 329.559763272603 326.513826847076 326.197346051534 323.701639970144 323.896368344625 323.985735575358 325.482169787089 325.288414955139 318.731407324473 312.199632326762 311.077475547791 302.374104658763 285.725235939026 279.375493526459 287.503401438395 293.303847312927 284.371217091878 273.296455542247 276.806771755219 276.670396327972 271.008372306824 270.520210266113 274.314304192861
339.767535527547 341.070095698039 342.789769172668 344.847559928894 345.279773076375 345.329880714417 348.292191823324 350.555340449015 350.587209065755 349.950472513835 350.003282229106 350.027203559875 347.819050153096 345.056017239888 344.222148259481 344.947576522827 338.837623596191 335.817058881124 335.681756337484 337.170998255412 335.237781206767 331.145167350769 330.119073390961 328.319509824117 323.036869366964 323.932071526845 324.940462907155 322.20071554184 323.745608329773 323.784311612447 324.397722880046 320.254286130269 311.854044596354 308.691879113515 299.592614173889 285.631020863851 280.742446581523 284.802635510763 284.673889478048 272.857705752055 269.936462243398 280.389428138733 279.892007509867 272.172013918559 271.385868390401 266.830861568451
339.952150980632 344.119707743327 345.335920651754 346.761663754781 345.099647839864 344.806949297587 347.772320111593 350.112875302633 350.109974543254 352.251331011454 350.625395774841 349.594036738078 347.892681757609 344.94686126709 343.380014101664 344.53809261322 341.786940892537 335.095167160034 331.165115038554 333.489100138346 331.658720970154 329.906344413757 327.7774254481 322.557985782623 317.962646484375 315.847516059875 320.215821266174 317.519028981527 317.895154158274 322.633465131124 323.16525777181 318.816184997559 306.037902832031 297.279198964437 274.044613043467 261.489907900492 271.702229976654 279.400289058685 277.665019035339 277.538239955902 285.439968109131 288.946668306987 273.390809694926 265.261272589366 272.586663564046 261.747380097707
340.203483899434 339.61013952891 339.001377423604 341.124614079793 343.817273775737 346.408764521281 346.743861834208 348.745226860046 348.733067512512 350.074569384257 349.458734194438 349.434494972229 349.420666694641 345.508019129435 342.676162719727 340.446392695109 341.737826665242 333.358963330587 327.777326107025 325.709501902262 324.824810028076 324.683765570323 321.884373823802 317.371944586436 316.955784956614 314.428548018138 312.365174293518 312.206705411275 308.888713518779 309.112866719564 312.043130397797 312.788108984629 289.351264635722 265.835245450338 240.620215733846 230.800926685333 244.542896747589 268.665154774984 283.499618371328 278.202176094055 278.641323248545 274.12869532903 262.014389038086 264.78389898936 269.23131942749 246.213654677073
342.946529388428 337.360978126526 335.761586825053 338.280518849691 344.821294148763 348.228216171265 347.956418991089 347.893635431925 348.287661870321 347.544272740682 348.741134007772 348.091880480448 347.913384437561 347.39883740743 342.402855555216 337.616840998332 339.260260264079 330.929080645243 325.403432051341 324.124058087667 324.946085611979 319.880286852519 320.305784543355 314.563969771067 312.921722730001 311.276217301687 310.200909773509 309.746543566386 305.704375108083 302.566746870677 296.872814496358 288.268446922302 266.734023888906 241.089363892873 232.111851374308 228.887836138407 222.045699755351 232.48831431071 247.852106889089 265.837848186493 271.320223808289 261.885662873586 257.786830266317 261.208415031433 252.060115337372 231.853087743123
343.309998512268 340.197324752808 338.120301564534 339.67383702596 345.302065213521 348.726352055867 349.368890126546 347.036123275757 349.079608917236 346.526900927226 347.256024678548 348.167777061462 346.820553143819 346.395214398702 340.828776359558 339.671572049459 337.360382080078 329.667150974274 325.343449910482 326.202611128489 325.906793276469 322.570741176605 320.033808549245 318.029602368673 314.597547054291 313.448846340179 311.425586541494 309.173047542572 305.999398231506 301.467518011729 290.459752082825 281.818826993306 257.949968179067 243.940929571788 247.81596660614 251.61608060201 245.227376619975 236.716707547506 227.582812309265 234.94944969813 250.126361846924 242.761711279551 236.485699812571 230.739891529083 226.367950439453 222.040116786957
345.50682703654 344.169537226359 341.173092524211 339.054663976034 342.16296672821 347.947518030802 347.705324490865 346.097389856974 345.863819122314 347.989082336426 348.415851593018 347.890138626099 343.805948893229 344.229539235433 339.275280634562 337.667942047119 335.38822333018 332.902312278748 328.324536482493 326.897839705149 325.448155403137 323.375264803569 322.339216868083 321.758170922597 318.32488377889 316.295405228933 312.270065148671 304.14867401123 300.685405731201 294.81041431427 292.445758978526 286.841909090678 265.373726685842 257.965942223867 261.76796356837 269.331713517507 280.83594640096 277.624388535817 261.367519696554 232.145587603251 230.843444665273 231.356183687846 228.483001391093 226.809541384379 232.50812292099 238.151431083679
346.853017807007 346.579869588216 344.844659169515 341.188907623291 338.504552841187 343.712409337362 346.815784772237 346.118688583374 343.398491541545 345.269759496053 348.04622332255 346.23924891154 340.735832850138 341.739575068156 339.39258257548 335.408528645833 335.714817047119 333.600918451945 327.862322330475 328.72333129247 327.243745326996 325.342913468679 321.981112162272 320.417841275533 316.173772017161 313.281218210856 302.36425002416 282.545288403829 278.083006540934 282.785574595133 290.463387966156 284.078598022461 267.128149668376 259.665211041768 266.236186027527 276.161352793376 292.388161023458 301.309585571289 292.499005794525 261.642813682556 236.048499743144 238.271633783976 245.323578516642 256.283938884735 266.58821105957 269.571085770925
346.282919247945 344.780246416728 345.143040021261 342.928290367126 338.430643081665 341.015974680583 344.64430809021 344.445069630941 343.201239903768 340.21798769633 344.180941581726 343.157172203064 339.975754419963 339.046716690063 340.305765469869 334.967374801636 334.32392279307 331.459740797679 328.304290771484 330.119172732035 327.279527982076 325.648089249929 322.264631589254 317.806820074717 316.875616709391 316.161374251048 300.815482934316 285.311063130697 284.79395310084 289.272209008535 295.367240905762 287.882268428802 275.024632612864 273.727357387543 285.582641760508 288.348476092021 294.459879398346 283.883849779765 252.175390720367 243.759711583455 254.977067311605 264.158765474955 259.045720100403 253.536264101664 255.278786023458 265.871465206146
340.297818183899 343.982140223185 343.778848648071 342.975338300069 338.714798291524 336.944460868835 344.198624293009 343.402067820231 339.778820673625 334.928592046102 339.01317914327 342.429995536804 340.570092201233 337.010622024536 336.620132128398 335.457007090251 331.945697466532 328.974366188049 329.322059949239 329.3470342954 329.008857409159 326.219817002614 324.603756268819 320.276896158854 319.184899330139 319.8215564092 314.010421435038 311.74099445343 308.15867582957 301.691730817159 299.699465433757 289.587299029032 285.562614599864 283.242285251617 279.82352177302 266.472597916921 247.473696867625 213.644782702128 197.112262248993 233.86138677597 269.349535306295 270.670215288798 249.69216187795 244.853734970093 257.97031323115 271.978477636973
334.453026453654 342.084964116414 341.506958007812 339.06086285909 338.449716567993 333.645502726237 336.150646209717 339.995543162028 339.786728223165 336.652954419454 338.661750157674 339.724143346151 340.629617373149 337.637027104696 336.206118265788 334.204912185669 329.74640528361 326.837440331777 324.066837628682 322.619795799255 325.528840223948 322.079380353292 323.036948839823 321.128169695536 320.980032285055 323.589007059733 323.663036028544 326.271732648214 311.349511146545 309.25581852595 299.746076265971 288.170913855235 285.93502442042 267.194708188375 239.687621593475 213.23682864507 196.568131446838 189.140200614929 185.700058937073 210.568527380625 237.612783908844 254.387815793355 251.506249109904 263.530393441518 294.379929701487 304.544011751811
