input/barkrak2/radiation/dir12024.grid
NCOLS 85 
NROWS 70 
XLLCORNER 665100 
YLLCORNER 4664600 
CELLSIZE 20 
NODATA_value -9999 
[rows 0 to 19 of 70, columns 0 to 45 of 85]
308.095832665761009 314.406911532084 319.414416948954 325.34271478653 326.281766096751 324.510991573334 317.333281040192 311.337153116862 314.78621562322 315.009335676829 312.779545783997 317.739645640055 320.241332054138 320.435007413228 322.408080101013 321.10987106959 316.106379032135 308.828413486481 305.649320284526 294.728318850199 277.928094069163 280.938744544983 302.176435788472 309.672892093658 308.057983716329 309.133946895599 309.360504150391 298.276782035828 278.665284315745 274.22289053599 271.998941898346 283.356885115306 305.542667706807 302.663286526998 310.20732720693 301.559825738271 302.391111850739 312.245269616445 301.557600498199 309.616982936859 298.43133687973 288.736760616302 297.826766967773 312.806487083435 314.457515875498 310.279687245687
286.672552426656 299.012879530589 308.80864461263 317.873199780782 323.694586753845 323.372264703115 316.033363342285 309.905409812927 315.244158109029 316.360116004944 311.43844127655 314.938604831696 320.118526617686 320.786197980245 320.586740970612 320.867856343587 318.462491035461 314.637223879496 311.380585034688 300.954222679138 292.147696018219 294.463197390238 305.664479732513 310.188035170237 310.805360476176 310.556471347809 307.227730751038 299.911936124166 283.21631749471 274.94345108668 276.189068953196 293.323516845703 302.639643351237 303.043842315674 310.137788454692 301.553130149841 300.180077552795 304.688394069672 300.000727176666 309.740424156189 306.416730086009 297.906835873922 302.053888638814 314.487079779307 317.94544061025 313.006937503815
257.606387138367 268.832107385 277.76030699412 287.794470787048 298.770527044932 304.938415686289 309.489051500956 313.031395276388 315.278172492981 313.04403146108 307.758053143819 309.817214806875 318.775653839111 322.082678476969 318.668146928151 322.409113248189 326.142688592275 324.959595998128 319.186329841614 312.117377916972 312.625885009766 311.028858025869 308.899879455566 309.352437655131 312.361498673757 312.853872776031 305.936237176259 298.07456334432 285.774906476339 276.74146493276 279.227157433828 298.246542612712 294.82090473175 300.227383772532 309.119502703349 303.193827470144 294.45081949234 291.112840175629 298.261761665344 310.002108414968 308.193246523539 304.572900136312 302.247842152913 311.964233716329 322.85487651825 318.561196327209
242.636501789093 242.822130521139 250.285665194194 256.915291150411 262.935757637024 267.969389756521 273.709177970886 285.259246826172 299.163281917572 308.566252390544 311.416407426198 316.261331240336 321.899632612864 323.749959468842 321.708679199219 320.391933123271 321.152587731679 320.598006248474 318.618555863698 316.599369049072 314.945002396901 312.601606051127 315.846025943756 314.439237117767 312.992135683695 314.688146114349 310.17013390859 301.835000514984 295.434633890788 289.106011390686 283.258060614268 299.726168314616 295.33588886261 299.175063769023 302.906711896261 303.766310214996 300.223072369893 297.823746999105 309.206446011861 314.277430375417 308.61097574234 300.016562143962 295.713782310486 306.524078051249 320.406337579091 320.166647434235
261.613011360168 247.631589571635 236.50066057841 227.855006853739 232.102612654368 247.036159038544 265.023589134216 273.772776126862 281.388163566589 287.118554115295 301.461497942607 314.680635929108 321.96585337321 324.830909570058 325.501223405202 325.099945068359 321.149667104085 313.885629177094 313.48979473114 316.028594970703 313.696126143138 312.449395656586 318.950851758321 317.5976673762 315.071483453115 316.789885361989 312.780022621155 305.765052636464 298.922737439473 294.689973195394 296.848654747009 306.773026784261 302.229762077332 303.693254788717 300.982693831126 303.423841794332 310.189922650655 313.579499721527 316.324869791667 316.406528155009 314.316689968109 307.641923427582 304.304977258046 305.396914482117 310.627082983653 318.052887916565
297.627250353495 276.419361432393 253.119985262553 232.140401999156 224.15292263031 233.496944109599 256.701787312826 271.157046159108 274.375875790914 274.519602457682 283.179660638173 293.108940124512 300.36985874176 305.121223131816 310.414512952169 314.09760316213 311.495999495188 308.1982533137 310.222208499908 314.662973086039 314.712305863698 317.904472351074 322.187383969625 320.510109265645 318.607767422994 319.747348626455 315.555314222972 309.380054473877 301.717162132263 297.543783982595 303.281883398692 308.296203613281 309.44828192393 313.143134117126 308.357834815979 305.604557196299 310.919980208079 314.8379723231 313.740611076355 314.083099365234 314.661820729574 310.852905114492 309.615552425385 309.790174166362 305.16771475474 299.161811669668
313.02797794342 296.516418457031 280.753453572591 263.230621814728 244.719465573629 233.030398686727 239.03892437617 265.169779459635 276.377956072489 283.065915107727 280.770301818848 276.441733042399 272.223691145579 269.064168135325 271.052519480387 283.538659413656 292.351603507996 303.847153981527 313.251078128815 318.78403822581 318.358858426412 316.626866658529 321.262955665588 321.470995744069 321.063876152039 322.267651557922 320.629914601644 315.884391466777 309.040486812592 306.987822055817 309.080084164937 313.487966855367 322.219649950663 323.965907096863 321.142156918844 314.509232838949 313.147703806559 313.755949338277 314.446707566579 316.915313402812 315.152764320374 311.517278353373 310.693462689718 307.456692059835 292.064408461253 285.931944847107
315.965394179026 310.89969476064 304.257492224375 293.300151824951 275.304317474365 249.1042415301 229.512254397074 228.940586249034 259.909808635712 281.224290529887 287.245690822601 283.877889315287 276.732126871745 268.899281819661 258.277853329976 260.476628939311 271.198173364003 284.387946128845 301.605443159739 313.798149426778 318.15359989802 317.432622114817 320.354183514913 320.998072624207 320.422609647115 321.751117706299 321.618278821309 319.178422292074 314.984699090322 316.073218981425 318.735917409261 321.200907230377 326.131443182627 325.960516929626 322.689016660055 318.860173225403 316.290160020192 311.813990275065 305.696209271749 304.457147916158 309.526701768239 315.234065055847 320.311387379964 317.191859086355 304.286321004232 294.386823972066
310.846368471781 311.428666114807 309.487859408061 304.603576660156 295.293052991231 278.691709041595 253.159900506337 226.980110009511 237.588167190552 259.188214937846 276.441673437754 283.524870872498 284.570316473643 282.569726308187 273.855805397034 267.971138159434 264.775395393372 268.718918164571 280.791401863098 294.580360253652 305.80065647761 312.382380167643 315.525273482005 312.921305497487 314.026157061259 316.101392110189 317.100524902344 316.373507181803 315.568486849467 320.08425394694 323.032438755035 322.442213694255 323.165833950043 323.359966278076 321.140865484873 319.968183835347 316.568275292714 310.929298400879 299.132764339447 300.301750500997 315.230945746104 323.199590047201 323.943614959717 320.44772307078 311.280190944672 303.557197252909
290.928204854329 298.115094502767 301.700154940287 301.776846249898 299.730559190114 297.647575537364 285.997112592061 270.795702934265 243.25700600942 234.978298346202 246.736824512482 268.878042697906 286.119878292084 293.694019317627 295.280575752258 289.299368858337 277.2443095843 272.182404994965 271.570901075999 274.453222751617 281.765500704447 287.623206774394 293.301482995351 297.940770785014 303.399284680684 305.991848309835 307.551503181458 307.305057843526 307.952562967936 312.554359436035 313.715358575185 314.106623331706 318.553229173024 320.977965990702 321.252783139547 318.055888017019 316.221276919047 313.858389854431 300.805191198985 302.396496136983 318.25856367747 322.536369164785 321.291089057922 317.60972738266 308.467984199524 301.043192545573
248.625099658966 260.811030864716 271.383027235667 279.800156752268 287.092904249827 293.254594008128 295.229077339172 291.885693868001 269.6333527565 246.947745482127 233.916878700256 240.244130293528 264.921168486277 285.818735758464 296.952247619629 289.578815301259 283.717890580495 278.465469678243 270.898918310801 266.274412473043 266.597429911296 266.69184366862 269.626398881276 279.769579569499 289.381245772044 295.340438683828 297.081311543783 296.996176242828 300.952851772308 304.819146792094 306.887090206146 309.601525465647 315.523028373718 318.109234174093 317.277073860168 315.641442934672 317.042311032613 319.042046864827 312.343875567118 310.870369275411 317.614754041036 321.113487084707 321.957429250081 320.771972338359 313.683350880941 308.528900146484
209.684352080027 214.797516663869 222.976088523865 234.684626261393 249.436299006144 264.159778753916 279.940287272135 284.627715746562 285.474201043447 274.349729220072 251.663943131765 233.206788698832 235.611538092295 256.059507528941 278.959850470225 281.238079071045 286.93030277888 284.684220949809 276.863257090251 267.078618208567 261.369268099467 258.930345376333 259.067098299662 267.051378885905 273.636817932129 278.280993302663 280.621806780497 284.188429514567 289.681494235992 293.442289034526 297.02764749527 301.607926686605 305.892368157705 308.033307393392 307.618618011475 308.208107948303 314.231971899668 320.077359676361 320.047696431478 319.780925909678 321.221033732096 323.737521966298 324.377576510112 322.096665700277 317.41189956665 315.434654553731
198.556840419769 193.777720133464 191.5190021197 191.508571306864 199.142495791117 215.246617794037 239.019592603048 258.819580078125 283.569594224294 286.798318227132 277.410825093587 256.940801938375 231.234669685364 229.076564311981 249.887824058533 273.439844449361 286.475241184235 288.591980934143 284.787138303121 277.480800946554 269.190092881521 268.459061781565 268.050034840902 268.838306268056 269.014994303385 268.207391103109 271.943291028341 278.924842675527 281.902094682058 283.084611097972 287.298778692881 291.940371195475 293.647408485413 295.080145200094 296.07222477595 299.948751926422 308.686037858327 316.106836001078 316.345890363057 319.876253604889 321.436564127604 321.672439575195 320.942938327789 320.324142773946 315.521240234375 313.762247562408
193.145155906677 163.707415262858 146.076758702596 141.396065553029 139.59476351738 146.297405163447 166.578392187754 201.175491015116 238.1831407547 269.331336021423 284.515897432963 284.50866540273 268.753270308177 245.439310868581 242.888490358988 265.184998512268 279.846449693044 290.379524230957 295.547167460124 292.616208394368 283.603092034658 280.818561712901 277.35557158788 277.122338612874 276.691814263662 274.684945742289 277.472654978434 284.607291221619 283.977349599202 278.259754180908 282.933672269185 287.434895833333 288.980921109517 289.314687252045 292.117536067963 297.851781050364 301.998714605967 306.002040704091 307.987749576569 308.292766412099 311.199088891347 314.559658368429 317.973971366882 319.579879442851 314.180572827657 313.55228026708
175.096333026886 137.134571870168 113.379299640656 109.336902697881 110.729227463404 115.756650765737 125.305990378062 151.854068040848 179.904858271281 227.718790372213 275.699496269226 298.845549424489 302.017589410146 287.323673566182 265.201528867086 261.238098144531 265.188733736674 278.741776943207 292.953848838806 299.090504646301 297.660867373149 292.833805084229 290.943106015523 288.20921977361 284.35758749644 282.910227775574 285.049180189768 286.879479885101 282.045900821686 278.418898582458 282.002866268158 286.10748052597 285.553177197774 285.594662030538 288.80520661672 292.049845059713 292.66220331192 291.906615098317 294.930299123128 294.44674650828 298.903663953145 304.639180501302 308.74627828598 309.543132781982 307.878176371257 308.657268683116
152.359406153361 124.640047550201 94.7745939095815 89.9284978707631 106.343984603882 130.524973074595 131.998280684153 141.492207845052 162.414838870366 193.401177724202 240.882456302643 293.863733609517 310.492833455404 308.710634708405 293.560445308685 267.751971880595 257.99697637558 260.378897190094 274.649083614349 295.247296492259 303.208192189534 299.224893252055 300.134877363841 295.432607332865 289.80815410614 290.183226267497 292.138457298279 288.911064465841 283.668994903564 286.039312680562 287.288665771484 286.777218182882 283.669948577881 282.578508059184 283.248682816823 282.703757286072 281.126081943512 276.72682205836 279.139081637065 280.815800031026 284.057398637136 288.857718308767 291.250864664714 291.386763254801 298.480192820231 302.355488141378
132.464190324148 122.164706389109 97.9588727156321 80.9566328922908 86.3262514273326 111.999273300171 131.936093171438 143.114705880483 159.912526607513 175.293882687887 199.446082115173 251.586000124613 294.312119483948 309.251089890798 306.007663408915 295.95164457957 285.85418065389 272.695064544678 263.967951138814 272.829949855804 293.010711669922 302.030126253764 304.737627506256 301.150222619375 295.431077480316 296.389738718669 299.991726875305 295.884350935618 292.890230814616 297.308643658956 296.800176302592 287.919104099274 283.019344011943 279.988666375478 275.220811367035 274.255812168121 270.472268263499 269.366522630056 269.073327382406 272.075871626536 274.45650100708 277.112921079 278.720796108246 281.021654605865 293.902655442556 299.655814965566
124.518702427546 127.332846323649 117.342720429103 93.0561125278473 78.7282288074493 100.169698397319 127.900302410126 148.597528537114 169.101019700368 180.188516775767 190.207004547119 213.489333788554 248.442153135935 271.017670631409 305.390417575836 310.746669769287 307.782590389252 297.372659047445 280.380884806315 266.083916028341 274.914105733236 296.507775783539 300.35279194514 300.482014815013 300.879836082458 304.952998956044 308.118303616842 306.481242179871 303.389132022858 304.907321929932 300.304313500722 291.188398996989 285.064538319906 279.182374477386 273.9563981692 271.488189697266 268.663028875987 268.819332122803 268.865525722504 270.718514919281 272.202372550964 273.764391740163 273.901740709941 276.513477166494 286.237756411235 296.424110730489
132.34810034434 141.917357842127 144.825557867686 123.596568902334 104.036559661229 118.477006753286 136.811921993891 157.878667116165 176.593542098999 199.914733568827 209.53764518102 214.737415313721 233.014543851217 246.418595314026 263.241529464722 287.555734316508 306.551416714986 306.83555205663 302.429556846619 287.678778171539 271.162867546082 281.849900881449 289.146105448405 296.607395013173 304.495771725972 310.080627600352 312.501271565755 312.318007151286 307.262519995372 305.713593959808 299.464702606201 293.689211209615 287.065148353577 280.511260032654 276.8528064092 272.94381459554 272.306859493256 269.041975339254 268.415967623393 271.305600802104 275.067845980326 275.649189949036 275.233646233877 276.835322380066 278.482755025228 290.102064609528
141.603092352549 145.787020524343 158.40948621432 160.961339871089 147.188186645508 138.467053572337 140.339583158493 152.99258629481 170.518120129903 192.146817843119 206.206123034159 205.821355183919 211.752076943715 220.939954121908 241.209785143534 259.679575761159 274.055262406667 286.069750785828 300.872524579366 300.953964392344 293.510476748149 282.141268253326 283.051689465841 290.255824724833 299.598018328349 306.965072949727 312.04092502594 311.737438042959 305.053512255351 304.076413313548 299.033761024475 292.105396588643 285.869181156158 281.778971354167 279.031813144684 275.099436442057 272.276977698008 265.115559101105 262.71386941274 270.484805107117 276.30603313446 277.11550394694 279.443939526876 279.101729393005 275.659819444021 284.326831499736
