input/barkrak2/radiation/dir19924.grid
NCOLS 85 
NROWS 70 
XLLCORNER 665100 
YLLCORNER 4664600 
CELLSIZE 20 
NODATA_value -9999 
[rows 40 to 59 of 70, columns 0 to 45 of 85]
327.922940254211 328.74192794164 328.693270683289 330.477297306061 335.145473480225 338.224371274312 340.607603391012 342.856168746948 343.623081843058 335.880637168884 325.711528460185 323.201934496562 320.783734321594 318.340718746185 316.534837086995 314.899126688639 313.838064670563 310.957054297129 306.359092394511 304.532905419668 306.997656822205 310.433129469554 311.54727935791 307.771801948547 302.229185899099 301.66091521581 307.240684827169 307.355562845866 305.749893188477 305.31903107961 304.445147514343 301.04519923528 278.023620446523 274.738272031148 296.614587306976 296.936293443044 287.568509578705 286.678989728292 287.449141343435 277.715802192688 286.836365858714 323.947528998057 337.125539779663 289.164344469706 227.436741193136 185.973127683004
332.616647084554 330.902258555094 331.0653368632 331.655343373617 329.635679721832 328.233937422435 328.001399834951 328.604420026143 331.969738006592 325.699687004089 319.876094659169 321.175853411357 322.636544704437 321.925481160482 319.962402184804 316.072940826416 311.716198921204 317.213177680969 316.706875960032 311.727523803711 312.455554803212 312.331895033518 310.787260532379 312.542080879211 312.852442264557 308.232525984446 308.691561222076 309.185067812602 308.853189150492 308.673441410065 306.858857472738 301.555891831716 284.946799278259 286.221663157145 297.367215156555 287.995596726735 273.649473985036 272.979040940603 279.705325762431 285.325149695079 301.615277926127 314.388652642568 324.272692203522 316.852887471517 270.678162574768 222.590903441111
334.713935852051 333.122412363688 335.031429926554 334.029873212179 329.744279384613 328.615307807922 327.885945638021 325.580477714539 325.089891751607 323.004126548767 321.186323960622 321.27837340037 321.900248527527 324.579815069834 322.154561678569 319.161534309387 317.48902797699 320.221463839213 320.707003275553 314.979672431946 314.135193824768 312.269111474355 308.794180552165 309.319217999776 311.599850654602 308.372855186462 303.074717521667 305.435438950857 306.912700335185 306.341052055359 305.608789126078 298.301756381989 291.166424751282 294.732828934987 295.121788978577 277.121901512146 261.825243631999 267.073094844818 281.293034553528 293.952902158101 302.527785301208 300.962865352631 295.799831549327 296.663562456767 277.636329332987 228.05114587148
326.002756754557 327.899734179179 333.003679911296 330.842117468516 331.405738989512 333.048939704895 332.780301570892 330.91010649999 324.176430702209 323.426524798075 324.859996636709 321.722547213237 321.151475111643 322.843968868256 322.327931722005 320.935686429342 320.746143658956 321.248332659404 322.123408317566 317.726989587148 313.150763511658 310.415208339691 307.675798734029 306.504050890605 307.657778263092 309.092621008555 302.869856357574 303.420742352804 305.41201432546 303.820808728536 300.64058303833 294.419288635254 294.79992389679 297.009527683258 284.998635450999 262.654304504395 257.695019245148 271.352092425029 290.11482000351 294.753750165304 294.271091620127 289.988358815511 281.988104184469 277.122775713603 266.375641028086 234.278639157613
325.746178627014 329.643766085307 330.697596073151 330.602526664734 331.249078114827 332.554936408997 332.398037115733 330.330650011698 327.607274055481 325.63994328181 325.022975603739 323.716759681702 320.612172285716 318.909962972005 320.276737213135 318.294485410055 316.284656524658 320.174972216288 320.406536261241 317.902723948161 314.122955004374 311.782677968343 310.377279917399 308.236281077067 305.370926856995 308.871905008952 309.887568155924 306.869407494863 304.915229479472 302.078624566396 295.789460341136 290.630241235097 290.759205818176 286.192138989766 274.883170922597 259.790778160095 261.568367481232 277.547935644786 292.370756467183 289.585471153259 290.409783522288 282.745520273844 271.001180013021 264.128506183624 260.200142860413 246.329208215078
329.929192860921 331.998705863953 330.211599667867 331.761320432027 330.385208129883 330.573558807373 330.930133660634 330.364187558492 330.873906612396 327.884634335836 327.588756879171 326.415797074636 323.834617932638 320.04725933075 318.525433540344 321.372548739115 316.439827283223 317.705849806468 320.362408955892 318.508942921956 315.720975399017 312.814652919769 312.807679176331 310.892005761464 310.640076796214 307.677050431569 311.265746752421 308.70787302653 305.519262949626 302.164455254873 295.743981997172 289.933741092682 288.163344065348 279.631574948629 266.409774621328 252.88204352061 258.794903755188 276.617964108785 283.799171447754 276.440024375916 281.542400519053 273.712356885274 262.530008951823 264.613429705302 271.97786172231 259.549657503764
329.925000667572 330.229798952738 331.565539042155 331.838170687358 331.512451171875 331.651488939921 331.536730130513 332.562983036041 331.011772155762 329.917848110199 329.584538936615 328.339298566182 326.379040877024 323.61098130544 323.604305585225 325.054109096527 322.344402472178 317.595680554708 321.016629536947 317.96403725942 316.676656405131 314.654509226481 313.190976778666 309.884011745453 314.372956752777 307.499686876933 307.327270507812 305.41600783666 303.572217623393 300.680677096049 296.025653680166 292.25883881251 286.593914031982 277.373850345612 264.547447363536 254.418214162191 261.728366216024 274.606108665466 273.147225379944 274.407744407654 280.417164166768 269.609808921814 266.223212083181 273.573716481527 280.92215458552 269.204139709473
325.765570004781 327.301243940989 329.911450544993 329.843640327454 331.576764583588 332.713663578033 331.11298084259 330.750624338786 330.963174502055 332.147717475891 330.754339694977 328.89982064565 327.254970868429 327.524383862813 325.281838575999 322.585384051005 322.364012400309 314.513007799784 317.358771959941 317.679246266683 312.987049420675 313.891152540843 313.112139701843 306.825578212738 306.689937909444 304.022630055745 299.656132857005 299.284299214681 302.866995334625 298.10353120168 295.390168825785 292.966485023499 283.432920773824 281.886299451192 276.343921820323 265.344023704529 267.11775859197 273.074309031169 275.265634059906 282.583991686503 279.091676076253 271.665215492249 274.253090222677 275.738974412282 274.574438730876 264.431377251943
321.410298347473 323.554456233978 326.291183630625 328.200221061707 331.09054962794 332.798997561137 330.964624881744 329.522609710693 332.174142201742 333.611448605855 331.837137540181 329.903662204742 328.332901000977 329.026261965434 325.420657793681 321.451564629873 318.629741668701 314.728220303853 315.114458401998 315.672039985657 315.741697947184 312.654276688894 312.725484371185 306.648631890615 302.203297615051 304.3226202329 302.657763163249 302.02861626943 304.331501324971 303.939084211985 302.526632944743 301.217913627625 291.235705216726 291.059871514638 285.94179948171 271.425525347392 271.570781866709 277.387996514638 280.523180961609 281.998157501221 272.200147310893 268.598814805349 267.933885256449 262.924214204152 260.418434937795 259.918411572774
321.444451808929 319.230298201243 321.616689364115 326.63897673289 329.167564709981 330.695569515228 331.905941168467 333.62599213918 333.969990412394 332.380255063375 332.711597283681 332.031408945719 330.408612887065 326.92676782608 326.156179110209 321.344176928202 319.201052188873 313.553055127462 313.072323799133 317.907969156901 316.202362378438 314.782341321309 309.696575005849 310.492614905039 305.007576942444 305.184781551361 304.749131202698 305.218418439229 308.104713757833 310.617486635844 311.718881130219 307.489037513733 299.150248368581 298.738539218903 290.567616621653 276.373823483785 271.131833394368 277.781228224436 281.227687994639 271.718879540761 260.832667350769 263.915220896403 263.341943422953 258.329669634501 257.491707801819 260.409116744995
320.973455905914 323.105692863464 324.270844459534 328.457196553548 328.908721605937 328.328549861908 332.657933235168 335.377216339111 334.737102190654 333.983182907104 334.021727244059 332.241793473562 329.401592413584 327.182392279307 324.949900309245 327.204167842865 320.149640242259 314.980089664459 314.883867899577 316.868563493093 314.834972222646 312.322358290354 311.122794946035 307.006617387136 301.225066184998 307.115038235982 308.551887671153 308.214624722799 308.085759480794 311.26070022583 313.032567501068 308.759152889252 301.476856072744 296.93200190862 286.241054534912 274.300952752431 271.599988142649 276.236732800802 274.5574315389 260.898768901825 257.425129413605 268.358826637268 267.874181270599 259.648382663727 259.100735187531 253.961066404978
321.000297864278 327.604333559672 328.163584073385 329.78477080663 328.695019086202 328.347583611806 331.988433996836 334.804693857829 334.083080291748 335.002899169922 333.039442698161 332.78755346934 330.710728963216 325.860778490702 325.2854347229 326.939105987549 320.522844791412 316.197613875071 309.780061244965 310.548047224681 310.769200325012 308.856209119161 306.408524513245 302.943329016368 300.431211789449 300.917526086171 303.397178649902 303.224126497904 301.520725091298 304.768522580465 308.926542599996 306.990842024485 296.126465002696 284.355421861013 258.898138999939 247.262597084045 258.833686510722 269.340395927429 268.865366776784 268.513679504395 275.296409924825 276.166319847107 260.587016741435 253.154238065084 260.434687137604 248.460948467255
322.245478630066 321.524421374003 321.722785631816 323.225061098735 327.19616095225 329.46773370107 328.977942466736 331.559876600901 330.633918444316 332.175135612488 332.585215568542 331.585208574931 331.588546435038 325.200398763021 322.990318139394 320.563852787018 322.131892045339 310.156623522441 305.946628252665 305.914501349131 305.152297019958 305.038968722026 304.39301331838 299.518783887227 299.29530620575 296.63223028183 297.102451324463 297.133247057597 296.387771765391 294.496635595957 297.934273878733 300.33004283905 279.176036516825 252.579649289449 225.342154502869 214.569429556529 228.106578191121 253.696242968241 271.203478177388 269.252041975657 269.428153832753 263.891359170278 249.451677004496 251.485884189606 257.362802823385 234.002908070882
325.969119866689 318.872968355815 317.093690236409 319.99131043752 326.643308003743 330.75072367986 329.445779323578 329.499304294586 330.966949462891 328.945597012838 329.443176587423 329.835414886475 329.815288384755 327.635924021403 321.055769920349 317.315479119619 319.283266862233 311.653931935628 305.615544319153 308.58584245046 307.422995567322 304.358541965485 302.575906117757 298.860708872477 297.368725140889 295.686821142832 294.699788093567 294.369757175446 292.761703332265 289.410750071208 280.868490537008 275.026599566142 253.369450569153 228.420356909434 218.526740868886 212.481538454692 204.339444637299 214.794218540192 231.667002042135 253.59708070755 260.622918605804 250.708381334941 245.640158653259 246.961335341136 239.4131620725 220.228274663289
326.311786969503 322.068810462952 318.859358628591 320.65761089325 326.142211755117 331.284523010254 331.118106842041 328.39165131251 329.773644606272 327.713370323181 327.326019605001 328.52437098821 325.506409009298 326.389531294505 321.014205614726 319.739401340485 319.092174371084 312.59940067927 307.974020640055 308.972517649333 308.734536170959 307.235499223073 304.626186688741 302.792509396871 299.26719268163 298.146982987722 293.6825354894 291.325569152832 290.262659390767 283.347030480703 273.983279863993 266.425569852193 245.281895001729 232.845962047577 236.130058765411 237.873097260793 228.370130062103 217.713236808777 208.725790182749 218.900998433431 235.658387343089 230.240404605865 223.167379697164 215.677658716838 212.179044882456 209.878325462341
328.177412350972 326.629161834717 322.355528672536 318.902750809987 321.151256561279 328.127165635427 329.076806704203 327.233572800954 325.571000576019 328.08134953181 327.035466829936 328.048904736837 326.387723286947 325.361092885335 321.21346394221 321.335196495056 320.910811424255 316.324810187022 311.352054278056 309.728999932607 308.17578236262 306.050459543864 305.166443188985 304.815252621969 301.100353399913 298.969487349192 294.568121433258 288.2186571757 282.260219256083 278.412918249766 276.171743869781 271.76829179128 253.182530403137 247.792144616445 252.223630746206 259.032944838206 267.654458681742 261.820753415426 245.460391044617 215.026597181956 213.967164357503 218.387405077616 215.939064820608 212.533791859945 217.701395352681 225.453933080037
329.123695691427 328.728993733724 325.667758782705 318.935672442118 316.687325636546 323.969841003418 325.555483500163 324.768265088399 320.817053318024 322.727739810944 328.003684679667 327.665388584137 324.631690979004 325.847049554189 323.432544867198 320.781906445821 319.446563720703 315.04100561142 313.080191612244 309.65789159139 310.232043266296 308.388809363047 304.869492848714 303.249577681224 301.216661930084 298.004984855652 283.704857031504 264.853119850159 260.325749715169 265.52943388621 274.023572603862 269.952515761058 254.306356112162 248.529235521952 256.402730941772 267.493565877279 282.868425051371 290.43972492218 280.641516049703 247.704486052195 220.015048980713 224.763790766398 233.733316262563 243.821819623311 253.272891044617 257.999499638875
327.831208705902 325.781722863515 325.92515150706 323.263227939606 314.926187197367 317.803919315338 322.482685248057 323.858221371969 320.380528767904 320.170283317566 324.986775716146 327.326675256093 323.712567488352 322.909315427144 324.459393819173 318.312227725983 317.79146194458 314.753850301107 311.423659324646 311.292131741842 310.630599657695 309.045255184174 307.632386684418 302.787045637767 301.856458187103 300.977647304535 284.599741299947 267.768383026123 267.212927341461 270.078818003337 277.215838432312 270.48800388972 261.137942473094 262.440264225006 276.1549949646 280.592322349548 285.19332408905 267.793496449788 238.722721735636 231.856763362885 241.72306060791 252.23575035731 247.195402781169 239.863117535909 240.415453910828 251.953423023224
320.179879665375 323.881685733795 323.133687178294 320.576389630636 316.746294498444 312.799036502838 321.751117706299 323.967516422272 321.306069691976 318.317055702209 322.682122389476 324.91801182429 322.807987531026 320.504983266195 320.242623488108 317.005038261414 313.047607739766 314.249356587728 312.674641609192 312.882463137309 312.720040480296 309.671839078267 307.97678232193 305.519382158915 304.429789384206 305.222570896149 298.14080397288 294.647892316182 290.676653385162 287.107189496358 287.286400794983 276.91121896108 272.362649440765 272.32293287913 268.979509671529 255.885620911916 236.749211947123 199.844717979431 181.631704171499 218.281686306 255.53814570109 258.934140205383 239.546537399292 233.367323875427 243.454893430074 256.77631298701
311.78351243337 319.042404492696 318.922142187754 315.495808919271 314.569473266602 310.565630594889 316.921989123027 323.180774847666 323.609411716461 318.47753127416 320.394893487294 321.792125701904 322.900811831156 319.409787654877 319.744785626729 317.577242851257 312.698046366374 309.839308261871 309.239705403646 307.644903659821 308.553496996562 307.305375734965 306.086262067159 304.15286620458 304.213523864746 309.639930725098 311.025182406108 311.722278594971 298.082570234935 295.773883660634 287.641326586405 272.127370039622 270.17343044281 254.059890906016 227.520823478699 196.924448013306 185.167551040649 175.408144791921 169.155975182851 192.146460215251 218.808710575104 239.542146523794 241.141517957052 254.541218280792 284.433007240295 293.078422546387
