input/barkrak2/radiation/dir12124.grid
NCOLS 85 
NROWS 70 
XLLCORNER 665100 
YLLCORNER 4664600 
CELLSIZE 20 
NODATA_value -9999 
[rows 40 to 59 of 70, columns 0 to 45 of 85]
288.993040720622 290.421803792318 290.33370812734 291.824400424957 297.999223073324 302.62037118276 305.802345275879 309.165755907695 309.564232826233 297.519207000732 286.058803399404 281.774401664734 280.968606472015 277.512749036153 276.334802309672 275.769352912903 274.385253588359 274.114330609639 269.083241621653 267.810861269633 271.33576075236 275.573412577311 276.063124338786 269.66800292333 265.922069549561 263.737062613169 271.380643049876 273.074110349019 274.360597133636 275.125781695048 272.707184155782 272.566537062327 256.148854891459 256.552577018738 282.319327195485 282.318810621897 271.117170651754 266.743501027425 268.718679745992 265.977680683136 277.50559647878 307.276566823324 302.040100097656 240.509152412415 178.806165854136 143.074323733648
295.398652553558 292.775054772695 292.984545230865 293.170074621836 289.778192838033 288.18283478419 287.422279516856 287.969708442688 292.224844296773 284.826318422953 278.521756331126 280.147234598796 282.277961572011 282.748858133952 280.652523040771 277.916431427002 272.734701633453 279.600898424784 279.575824737549 274.278322855632 273.892025152842 274.22962586085 272.379299004873 273.436029752096 273.768583933512 268.633425235748 270.819544792175 274.579644203186 274.862547715505 275.415201981862 275.781989097595 272.296806176503 260.98358631134 268.186052640279 280.978778998057 270.983854929606 254.28432226181 250.347336133321 254.783034324646 263.35879166921 287.421425183614 301.108996073405 300.639351209005 275.513172149658 221.668163935343 175.519486268361
298.284689585368 295.632839202881 298.017879327138 297.104895114899 291.594445705414 288.672983646393 287.40660349528 285.531202952067 285.010874271393 282.448728879293 281.17565313975 280.182560284932 282.724479834239 286.241213480632 285.119950771332 281.645258267721 276.669561862946 282.079001267751 283.236940701803 276.446660359701 273.550947507222 269.850353399913 266.007383664449 268.643895785014 270.197590192159 266.453186670939 262.848516305288 267.064352830251 271.706799666087 272.002478440603 271.989782651265 267.727653185527 265.755931536357 275.800426801046 278.355121612549 257.207214832306 240.860184033712 244.159619013468 255.659143129985 269.318322340647 279.176493485769 279.215653737386 269.832253456116 258.575280507406 227.120439211527 174.816389878591
286.208212375641 288.010597229004 294.884781042735 292.781074841817 294.521013895671 296.620945135752 295.879006385803 292.922596136729 284.790515899658 282.959938049316 284.993489583333 280.985951423645 281.804462273916 283.025801181793 284.017125765483 280.815482139587 280.920068422953 281.914671262105 281.472563743591 274.170021216075 270.379741986593 267.479419708252 262.772738933563 263.142903645833 264.995952447255 265.817940235138 260.410229365031 260.145664215088 263.873596986135 268.165687719981 265.496949354808 258.914987246195 264.191687107086 273.158510526021 264.913936456044 242.458740870158 237.105091412862 249.630014101664 266.003092130025 270.08585135142 267.539779345195 263.526558876038 255.258361498515 241.755306720734 216.603716214498 178.203682104746
285.305658976237 290.189385414124 291.888395945231 292.267918586731 293.786744276683 295.702993869781 295.514543851217 292.679846286774 289.54553604126 285.789688428243 286.460141340892 283.59043598175 279.821455478668 277.87854274114 276.754955450694 275.926152865092 273.299654324849 276.935259501139 275.885860125224 274.476250012716 268.102745215098 265.875180562337 266.02441072464 263.458589712779 260.250230630239 265.434602896372 269.333958625793 266.205151875814 264.992733796438 262.761056423187 256.909012794495 252.511481444041 256.525675455729 256.148457527161 249.602238337199 238.012750943502 241.15256468455 257.051467895508 270.228803157806 264.846364657084 264.967461427053 256.4484278361 244.840443134308 233.056863149007 216.610173384349 192.214667797089
290.467222531637 294.129014015198 291.259169578552 293.763359387716 292.648355166117 292.85208384196 293.523848056793 291.931092739105 292.386333147685 289.09703095754 288.58349720637 285.990516344706 281.175454457601 277.767717838287 274.562319119771 278.260330359141 270.112574100494 271.848201751709 275.769869486491 269.757846991221 268.434961636861 267.261763413747 263.082126776377 262.602249781291 264.520804087321 263.541499773661 269.003490606944 266.962110996246 264.225343863169 261.838376522064 257.541239261627 252.935349941254 253.051042556763 246.905982494354 235.505342483521 227.148950099945 235.124528408051 253.805458545685 259.640097618103 249.183734258016 254.567484060923 245.750069618225 236.371517181396 237.246155738831 236.26975218455 212.259749571482
290.254235267639 291.598478953044 293.015579382579 294.479807217916 293.600936730703 292.868336041768 294.408738613129 295.092105865479 292.693018913269 291.894634564718 287.864565849304 287.371695041656 284.67204173406 278.147061665853 279.426515102386 278.123418490092 275.986830393473 267.723977565765 270.857433478038 271.150012811025 267.810066541036 267.65235265096 265.506486097972 260.933041572571 266.972601413727 263.443390528361 263.993442058563 263.205250104268 263.977646827698 262.14458545049 258.615374565125 255.985597769419 251.735289891561 244.94081735611 236.528138319651 228.81144285202 235.448559125264 247.653683026632 247.715532779694 247.454186280568 252.06583738327 241.4164741834 240.713516871134 249.006330966949 251.821160316467 230.537593364716
285.457452138265 286.759893099467 290.554583072662 291.800538698832 293.742775917053 294.243931770325 292.787710825602 292.643229166667 291.000743707021 291.753967603048 289.502680301666 285.606741905212 281.77950779597 281.91085656484 276.472151279449 274.669547875722 272.418439388275 263.810853163401 267.941474914551 268.987377484639 265.193164348602 266.543209552765 267.539064089457 259.446819623311 262.196977933248 261.964837710063 257.15978940328 261.876543362935 263.210117816925 260.983387629191 259.650647640228 257.573187351227 249.748289585114 250.412364800771 250.456213951111 243.24643611908 242.95179049174 245.198587576548 247.831066449483 256.931980450948 251.335302988688 242.896417776744 247.928023338318 251.63729985555 248.637596766154 232.795794804891
278.779884179433 280.665934085846 283.587098121643 286.705454190572 291.738828023275 294.470091660817 290.388206640879 288.034975528717 289.718588193258 292.585889498393 286.064028739929 282.926599184672 279.759128888448 278.78612279892 276.734868685404 271.519343058268 269.550601641337 264.123201370239 266.939361890157 270.44004201889 270.683606465658 266.879300276438 269.318620363871 264.408310254415 261.86732451121 264.914611975352 260.94643274943 263.199210166931 267.343004544576 268.610994021098 272.209525108337 270.334919293721 259.699026743571 260.411242643992 259.887456893921 252.310375372569 251.640756924947 251.91867351532 253.361125787099 256.031771500905 245.747844378153 239.787499109904 238.071084022522 234.351933002472 232.432246208191 232.166588306427
275.938034057617 272.802631060282 277.09287405014 284.102161725362 287.701507409414 287.310540676117 289.613465468089 291.449169317881 289.370854695638 286.86249256134 287.312547365824 287.274996439616 282.705028851827 279.103557268779 278.014282385508 273.319403330485 272.240738073985 266.847451527913 268.804709116618 273.183246453603 273.55166276296 271.955490112305 268.258730570475 269.348998864492 265.365064144135 268.614610036214 268.580377101898 269.757310549418 274.365743001302 279.136935869853 284.878691037496 282.528440157572 272.794147332509 269.987165927887 263.564189275106 256.426990032196 253.643135229746 257.043461004893 256.270964940389 244.61034933726 233.826418717702 236.61474386851 235.866030057271 229.177117347717 227.162102858225 231.566806634267
276.604115962982 277.838488419851 278.934995333354 282.276630401611 282.365103562673 283.423741658529 288.483738899231 292.257050673167 290.914257367452 288.87673219045 288.698613643646 287.407656510671 284.62016582489 279.670834541321 278.125286102295 281.217416127523 273.494780063629 268.864472707113 268.955866495768 276.471138000488 274.565955003103 273.861626784007 270.103553930918 268.130203088125 263.895213603973 268.942991892497 273.666898409526 273.84356657664 277.292887369792 282.73884455363 287.371794382731 286.320726076762 278.70899438858 270.929435888926 258.943955103556 251.350025335948 252.222081025441 257.624427477519 252.400517463684 234.500507513682 229.45898771286 240.222771962484 241.572340329488 233.904818693797 230.413059393565 225.161910057068
274.721403916677 279.217143853505 281.17311000824 282.787382602692 281.216899553935 280.605097611745 286.324401696523 289.591948191325 289.522965749105 291.427254676819 288.689295450846 288.494050502777 285.136739412944 279.479761918386 278.08932463328 282.772759596507 276.337365309397 270.495692888896 267.760058244069 271.288275718689 271.811385949453 269.783814748128 269.515554110209 265.636563301086 262.95135418574 264.0766898791 267.645100752513 267.953594525655 269.412557284037 274.467567602793 281.4013560613 283.974329630534 273.383577664693 257.837851842244 224.746982256571 215.336124102275 231.71192407608 247.157315413157 251.041193803151 249.739150206248 251.511216163635 249.856909116109 231.906096140544 225.259284178416 233.584304650625 223.466654618581
273.159305254618 270.810226599375 269.936839739482 274.035255114237 279.120246569316 282.600144545237 282.64852364858 286.775807539622 285.237689812978 286.943753560384 288.059075673421 288.091719150543 288.150906562805 282.396535078685 279.042363166809 278.345167636871 278.524994850159 268.122712771098 265.366494655609 265.251934528351 264.619330565135 264.926155408223 266.839822133382 261.217137177785 261.523147424062 258.610288302104 259.588062763214 260.083754857381 259.647727012634 260.884980360667 265.667716662089 269.047478834788 253.05312871933 225.480814774831 194.293816884359 178.607126077016 191.729505856832 220.647613207499 245.0363834699 249.576608339945 251.270095507304 241.056044896444 222.896635532379 222.471594810486 226.790289084117 205.907762050629
276.501536369324 268.002390861511 263.954102993011 267.440895239512 277.917663256327 285.105228424072 282.885432243347 283.325791358948 285.374681154887 283.658703168233 286.378184954325 287.057121594747 287.438174088796 285.865207513173 278.935650984446 276.629388332367 279.235005378723 269.823133945465 267.41228501002 268.590033054352 267.514804999034 264.124651749929 264.465034008026 260.36258538564 259.101132551829 257.387459278107 256.611227989197 256.620387236277 257.414579391479 251.404623190562 244.30924654007 243.169724941254 226.60235563914 198.573569456736 189.726134141286 177.683790524801 164.326796929042 174.735526243846 195.872147878011 223.314762115479 237.080613772074 226.601084073385 219.617247581482 219.125469525655 208.234588305155 192.933936913808
277.826944986979 272.515018781026 267.098387082418 268.792033195496 277.783354123433 283.747673034668 284.968634446462 283.125619093577 284.928739070892 283.652941385905 285.091718037923 286.828418572744 287.025034427643 288.233478864034 281.206409136454 279.865105946859 281.372129917145 273.59527349472 270.536482334137 271.893719832102 271.828333536784 267.665922641754 264.792323112488 265.343864758809 261.495669682821 260.481496651967 255.925277868907 255.743781725566 254.13970152537 248.743851979574 236.509442329407 233.208616574605 218.393405278524 209.18999115626 211.120227972666 208.081285158793 190.698027610779 176.669915517171 168.775339921316 180.357098579407 207.180758317312 201.106627782186 192.644457022349 182.012756665548 179.057161013285 182.448228200277
280.807177225749 277.383685112 269.833922386169 266.170640786489 270.598193009694 281.914134820302 283.705830574036 283.070246378581 282.434940338135 285.779694716136 288.72803846995 290.141860644023 288.226087888082 288.979252179464 283.895373344421 284.04970963796 283.839543660482 278.456966082255 272.561550140381 272.781312465668 268.877347310384 268.869439760844 268.433451652527 268.6967253685 264.407654603322 262.099941571554 259.218215942383 251.645108064016 246.893445650736 237.242043018341 232.019464174906 234.371582667033 225.67876180013 226.199229558309 232.123057047526 237.169285615285 239.229639371236 227.800031503042 209.699273109436 176.627298196157 180.27134736379 188.318053881327 188.964545726776 181.739548842112 185.676991939545 198.202927907308
281.438032786051 280.408918857574 275.881230831146 269.396980603536 266.417721907298 277.919391791026 282.219509283702 283.080101013184 279.898484547933 284.938812255859 290.199557940165 291.787584622701 287.962178389231 289.657076199849 286.993861198425 281.278987725576 282.369554042816 279.370943705241 274.596651395162 273.094693819682 271.525760491689 272.084454695384 268.305937449137 266.614377498627 261.936644713084 258.246958255768 241.660932699839 220.965007940928 218.143900235494 221.073587735494 229.586124420166 231.209874153137 224.498073259989 224.155128002167 235.531687736511 249.429742495219 263.004223505656 266.498208045959 258.483747641246 215.925395488739 186.047255992889 196.363429228465 208.98292462031 217.014789581299 224.21137491862 233.064611752828
280.887504418691 278.490960597992 277.466972668966 275.058011213938 268.146574497223 273.80375067393 281.794925530752 283.671418825785 279.376288255056 282.045145829519 288.45888376236 289.565285046895 286.680956681569 286.110997200012 288.31668694814 280.332287152608 280.110518137614 278.783917427063 275.155107180278 275.332967440287 275.020162264506 273.625095685323 269.242703914642 265.818774700165 262.645622094472 262.475291887919 246.523320674896 225.086092948914 223.283032576243 227.359433968862 236.99684937795 234.882791837056 234.222988287608 238.314112027486 250.282645225525 253.968218962351 260.159393151601 234.444936116536 207.389573256175 206.391751766205 212.510824203491 225.596805413564 223.399877548218 211.916625499725 207.480132579803 220.789353052775
272.109707196554 277.014136314392 275.056461493174 275.098323822021 270.466128985087 269.529461860657 280.845920244853 285.753627618154 280.731519063314 280.163089434306 285.354514916738 288.366754849752 287.654022375743 282.842477162679 282.914539178212 280.960996945699 278.364062309265 276.020745436351 276.953637599945 277.639289697011 277.94227997462 274.367531140645 272.543648878733 266.89201593399 265.910665194194 268.445392449697 264.10037279129 258.105595906576 253.525773684184 253.525376319885 251.726667086283 241.747816403707 246.005157629649 247.24159638087 245.031336943309 234.161059061686 210.851550102234 168.181657791138 147.493332624435 184.339960416158 224.567989508311 234.729945659637 218.741257985433 208.86109272639 211.904029051463 223.331371943156
261.083165804545 273.059149583181 274.57853158315 272.646486759186 273.914595444997 269.125461578369 274.700582027435 283.016423384349 286.49365901947 281.256099541982 284.726838270823 286.263028780619 287.754635016123 283.733586470286 282.225330670675 279.730061690013 275.925119717916 273.325483004252 270.294507344564 268.457134564718 272.188067436218 271.020412445068 269.89084482193 267.979582150777 263.695557912191 270.334819952647 277.97136704127 278.7264585495 261.646350224813 259.250978628794 251.232663790385 241.936723391215 238.818287849426 222.869435946147 197.156329949697 171.532988548279 159.523149331411 146.175255378087 134.180307388306 150.738735993703 177.864650885264 206.508835156759 218.963265419006 235.769232114156 263.321161270142 268.240173657735
