input/barkrak2/radiation/dir14424.grid
NCOLS 85 
NROWS 70 
XLLCORNER 665100 
YLLCORNER 4664600 
CELLSIZE 20 
NODATA_value -9999 
[rows 20 to 39 of 70, columns 0 to 45 of 85]
191.356678803762 183.884123961131 199.617783228556 239.504158496857 233.571628729502 189.586420853933 173.798302809397 181.052426497142 194.071511427561 213.96009127299 226.62232319514 235.764622688293 241.545478502909 254.55512603124 269.528865814209 291.20922088623 317.117273807526 324.217001597087 329.566478729248 337.031523386637 339.58375453949 332.925736904144 330.926378568013 332.616686820984 333.789547284444 335.158586502075 337.302247683207 333.742459615072 329.712013403575 329.158027966817 323.155085245768 312.182068824768 303.026099999746 298.471291859945 296.71436548233 301.966766516368 302.1226922671 304.426729679108 309.077580769857 312.038997809092 312.999506791433 313.038925329844 314.212679862976 309.804320335388 314.321478207906 316.657284895579
219.457507133484 217.864533265432 234.536310036977 265.357136726379 261.327266693115 202.796836694082 186.49697303772 187.389671802521 194.92503007253 207.980434099833 220.856706301371 228.523174921672 238.479773203532 241.003970305125 253.694335619609 273.367464542389 292.121847470601 310.25218963623 324.241995811462 332.850456237793 337.164163589478 342.281421025594 343.972404797872 342.308441797892 338.653484980265 333.946029345195 330.853740374247 327.359636624654 326.600770155589 320.010145505269 303.2253185908 274.493098258972 253.863612810771 251.613756020864 259.168446063995 278.091788291931 285.667896270752 299.419720967611 309.072812398275 309.99227364858 307.174245516459 306.302666664124 300.798137982686 286.161522070567 305.641869703929 314.508815606435
260.081867376963 267.098526159922 272.73166179657 282.271027565002 281.970759232839 235.153913497925 210.477391878764 196.529388427734 193.111300468445 202.251474062602 219.99716758728 230.470955371857 241.708477338155 246.875405311584 253.921667734782 265.821576118469 280.220786730448 296.501954396566 307.761232058207 318.772991498311 322.625895341237 333.373506863912 339.18027083079 338.731646537781 336.156924565633 333.821058273315 329.071203867594 317.744453748067 305.054446061452 286.194801330566 247.644384702047 198.99062315623 176.241556803385 193.62199306488 222.037514050802 246.105591456095 264.454821745555 284.681697686513 295.738736788432 299.01905854543 302.180767059326 301.909983158112 280.315200487773 260.026554266612 287.644028663635 311.897317568461
281.335711479187 283.492664496104 281.547764937083 287.638127803802 287.386000156403 270.428657531738 233.26967159907 203.000505765279 187.727610270182 195.070803165436 218.526403109233 231.316486994425 247.134069601695 257.943471272786 261.453588803609 267.152825991313 277.114510536194 291.534264882406 298.545738061269 298.587381839752 303.905109564463 309.681455294291 321.125825246175 322.970231374105 315.318624178569 304.903984069824 289.146840572357 285.248974959056 258.619884649913 216.674447059631 178.583959738413 155.255317687988 125.255743662516 120.85102001826 134.087294340134 169.95370388031 214.669724305471 240.584234396617 258.648971716563 267.611702283223 267.166992028554 253.709276517232 239.332377910614 272.851268450419 271.046280860901 303.64453792572
273.722112178802 275.458176930745 283.103585243225 289.3053094546 280.265748500824 270.759105682373 240.624090035756 220.472236474355 201.731661955516 195.077459017436 209.603269894918 227.752149105072 240.778108437856 256.403803825378 259.110967318217 264.039794603984 274.469594160716 286.070704460144 294.584492842356 291.317741076152 298.036535580953 289.372126261393 284.822344779968 285.74921687444 287.897686163584 284.828662872314 275.436242421468 262.095073858897 232.24683602651 173.82816473643 154.374460379283 152.256300052007 132.70632425944 103.115618228912 94.2451059818268 112.47996489207 155.923575162888 193.935811519623 220.79732020696 235.108176867167 224.133312702179 202.146510283152 223.641832669576 291.602075099945 283.491015434265 306.540369987488
267.286658287048 271.511614322662 282.663226127625 286.488910516103 281.716247399648 270.993073781331 252.048095067342 244.314511617025 234.885295232137 222.391764322917 221.662580966949 239.645540714264 250.978748003642 265.345434347789 268.090625603994 265.59046904246 272.209107875824 283.940593401591 289.440433184306 292.681912581126 288.164993127187 276.952783266703 275.722066561381 276.231487592061 277.729193369548 275.901218255361 266.158858935038 253.490527470907 207.336604595184 182.982325553894 181.166291236877 197.396715482076 200.388550758362 168.732782204946 134.158511956533 119.414786497752 134.40203666687 161.494394143422 195.871412754059 217.035710811615 199.031790097555 189.728279908498 232.37939675649 279.071489969889 299.054423967997 316.451489925385
268.978695074717 271.421472231547 279.14947271347 284.529308478038 294.563670953115 282.513340314229 267.223040262858 257.683475812276 259.457548459371 253.567099571228 243.214011192322 257.415493329366 266.070683797201 280.802051226298 280.602554480235 274.360656738281 275.203009446462 279.92061773936 280.062039693197 290.543496608734 292.146841684977 287.911931673686 280.096848805745 276.026825110118 279.744148254395 277.075509230296 264.971951643626 254.339039325714 219.27011013031 213.354825973511 234.460095564524 258.400460084279 263.270417849223 272.172669569651 245.33075094223 162.888467311859 148.213972647985 159.491459528605 186.258355776469 213.392814000448 208.856026331584 240.705927213033 241.97914203008 256.188650925954 289.937973022461 303.415179252625
273.086925347646 269.456386566162 272.503852844238 281.614681084951 316.382308801015 294.046600659688 274.271686871846 261.317630608877 262.364586194356 269.177635510763 259.75505510966 262.133181095123 276.132484277089 284.117738405863 285.722037156423 284.178992112478 275.967220465342 276.569724082947 287.781119346619 291.351954142253 290.116409460704 283.887346585592 280.83864847819 279.988825321198 283.854862054189 281.762659549713 274.169762929281 264.583150545756 243.745386600494 242.481112480164 265.85574944814 280.397295951843 279.910206794739 293.665369351705 313.398937384288 241.497655709585 180.028100808462 165.692041317622 178.74135573705 210.182229677836 246.130665143331 295.051515102386 252.789159615835 246.816158294678 275.213936964671 283.787190914154
270.756463209788 262.122015158335 265.932281812032 288.032790025075 329.069177309672 294.047951698303 265.76441526413 255.621075630188 260.10270913442 266.235669453939 260.898073514303 258.931716283162 274.836381276449 285.37658850352 284.213165442149 285.008529822032 279.910624027252 274.09416437149 285.336116949717 285.483360290527 284.69196955363 277.902881304423 278.852502504985 284.10017490387 285.694440205892 282.870829105377 281.489253044128 273.529251416524 255.170345306396 250.90213616689 273.348073164622 291.055639584859 290.329257647196 289.149065812429 308.679620424906 304.761310418447 213.588198026021 155.683646599452 146.172871192296 187.21083799998 254.895687103271 276.066740353902 243.453999360402 220.599969228109 244.74561214447 257.041096687317
263.90661795934 254.267454147339 262.383123238881 298.401554425557 326.149562994639 290.326793988546 257.678250471751 241.912166277568 238.518198331197 241.897284984589 242.997546990712 248.782356580098 267.841597398122 280.201812585195 285.162727038066 289.581716060638 288.698295752207 275.236924489339 278.074145317078 278.617123762767 279.290636380513 281.192620595296 280.832231044769 286.405940850576 288.854241371155 286.730488141378 287.640372912089 279.089450836182 260.95966498057 259.626030921936 279.013474782308 296.840230623881 292.416791121165 289.197067419688 298.60786596934 315.586984157562 294.961392879486 217.206656932831 171.696543693542 181.38841787974 218.158384164174 233.017484347026 234.358847141266 203.73147726059 215.364813804626 235.185364882151
252.679526805878 262.331048647563 292.056043942769 337.972521781921 338.351925214132 295.722424983978 260.02295811971 230.643928050995 222.206155459086 235.181629657745 228.050827980042 227.137506008148 260.906358559926 279.770533243815 286.318739255269 292.249580224355 292.08242893219 279.953857262929 280.7630499204 283.068915208181 282.206594944 284.080346425374 287.229339281718 289.56131140391 291.588306427002 293.153802553813 294.580399990082 289.662957191467 272.971987724304 271.82537317276 285.247127215068 297.633111476898 294.674396514893 295.212229092916 299.537142117818 302.573521931966 321.86233997345 326.850454012553 259.692092736562 212.414125601451 198.386530081431 191.26307964325 211.187561353048 205.63938220342 209.079424540202 237.16813325882
271.369973818461 298.254271348317 319.46208079656 326.204737027486 351.71365737915 329.858978589376 292.92102654775 255.424618721008 240.237275759379 253.29049428304 246.713995933533 230.235874652863 245.439787705739 276.260217030843 288.447280724843 293.560981750488 292.399346828461 292.200843493144 284.245232741038 283.114592234294 286.960164705912 290.106892585754 292.017976442973 292.488356431325 294.280211130778 299.233794212341 302.157839139303 301.063259442647 290.643632411957 286.681850751241 291.731874148051 296.099344889323 297.902166843414 302.711168924967 305.23669719696 294.430474440257 301.954964796702 336.208502451579 326.97848478953 264.719525973002 214.422504107157 190.946857134501 192.366600036621 208.018640677134 232.126355171204 260.9477241834
305.127084255219 316.090683142344 308.304568131765 301.180243492126 319.173336029053 337.547659873962 329.714814821879 301.699380079905 276.616632938385 277.612646420797 280.69814046224 257.161835829417 249.457796414693 271.393100420634 290.420154730479 292.475004990896 291.916946570079 295.431991418203 286.033511161804 284.796754519145 289.264460404714 294.241050879161 292.668223381042 291.388233502706 293.10804605484 301.996906598409 307.453354199727 310.065150260925 299.685537815094 293.151219685872 300.546606381734 304.524580637614 300.722122192383 302.320261796315 306.706150372823 296.277046203613 295.729597409566 313.224891821543 312.759757041931 284.367183844248 253.580649693807 215.594927469889 196.74406449 203.410844008128 224.851568539937 259.275317192078
300.182978312174 294.597109158834 288.017710049947 277.207692464193 278.006553649902 297.903160254161 316.743751366933 311.133166154226 299.045781294505 298.186818758647 299.287577470144 283.995727698008 272.167881329854 277.904411156972 292.599896589915 294.990579287211 290.891369183858 294.335802396138 286.83074315389 291.008432706197 289.718826611837 289.352476596832 288.223584493001 286.906659603119 293.166041374207 298.064013322194 304.751495520274 306.22386932373 300.51863193512 299.617290496826 305.121541023254 303.903043270111 293.203353881836 291.360894838969 294.754922389984 279.467205206553 277.100602785746 276.265819867452 266.721526781718 268.03727944692 278.412441412608 248.149275779724 221.066117286682 208.61162741979 209.946274757385 233.646849791209
294.779519240061 285.381356875102 291.458348433177 277.842799822489 270.171006520589 281.420191129049 306.327819824219 327.12459564209 320.54324944814 306.513408819834 297.903100649516 296.397149562836 298.300683498383 295.639415582021 296.240488688151 295.461853345235 294.849673906962 292.718847592672 291.18287563324 292.712906996409 290.133535861969 287.82727320989 288.153211275737 286.959807078044 291.713456312815 294.843792915344 300.697127978007 298.979242642721 297.007083892822 303.922772407532 305.940786997477 296.22224966685 281.029065450033 285.068353017171 283.354858557383 266.752620538076 267.93380578359 267.732342084249 272.184650103251 289.81872399648 290.185391902924 280.251661936442 256.561120351156 239.352524280548 220.789353052775 213.705162207286
313.655257225037 308.911800384521 317.894577980042 312.997221946716 303.276598453522 307.243565718333 322.943051656087 343.212048212687 335.105021794637 310.279905796051 297.657132148743 302.972793579102 314.294596513112 309.411108493805 303.906877835592 303.947965304057 302.264849344889 294.0687139829 296.776036421458 297.6962129275 294.224679470062 290.659070014954 291.840394337972 292.956233024597 291.627248128255 293.333172798157 294.811924298604 292.063772678375 294.961035251617 304.28159236908 303.866922855377 294.127941131592 282.74526198705 283.498068650564 275.016268094381 270.172655582428 275.396625200907 276.584267616272 287.171840667725 311.369836330414 279.777884483337 266.920348008474 256.738066673279 247.358540693919 229.74423567454 207.853277524312
335.676630338033 333.346645037333 335.540850957235 337.779005368551 329.074859619141 322.97416528066 327.883044878642 341.916640599569 337.406873703003 308.438499768575 299.200117588043 308.814684549967 319.391290346781 313.027262687683 303.030053774516 307.787895202637 308.953166007996 301.386475563049 302.108347415924 303.230663140615 303.116639455159 296.687086423238 296.635429064433 295.972466468811 294.175028800964 290.883441766103 293.642203013102 297.341465950012 300.160825252533 305.207033952077 304.860850175222 296.773235003154 285.321116447449 280.110796292623 270.820359388987 275.636891523997 281.610687573751 281.554738680522 284.517645835876 301.713426907857 266.496221224467 224.859476089478 211.366951465607 207.405467828115 204.667488733927 199.119130770365
345.694621404012 343.819538752238 340.818047523499 341.70921643575 335.740566253662 328.521529833476 326.243619124095 331.967949867249 336.734533309937 316.847582658132 314.188520113627 318.461139996846 318.072279294332 309.75353717804 304.681619008382 307.249486446381 314.300974210103 309.179306030273 306.096394856771 308.323601881663 306.734204292297 301.68749888738 298.336625099182 296.583275000254 297.234177589417 295.325636863708 294.902682304382 299.656907717387 302.18909184138 304.438849290212 305.194695790609 298.948228359222 288.234611352285 273.068467775981 263.871153195699 279.700915018717 289.264559745789 287.406285603841 278.02296479543 290.229042371114 266.843597094218 198.71324300766 168.349901835124 156.236380338669 156.479309002558 164.10689552625
345.65548102061 348.349610964457 348.135948181152 346.4169104894 343.533356984456 339.561859766642 334.242026011149 330.599407354991 332.635819911957 326.943039894104 332.996149857839 328.49508523941 316.93575779597 316.286404927572 310.829102993011 305.293659369151 314.055641492208 313.403447469076 309.347828229268 305.315434932709 305.533369382222 302.131374677022 298.490246136983 296.541631221771 298.035363356272 299.694021542867 298.327962557475 299.890677134196 303.252955277761 303.773125012716 304.938475290934 301.463504632314 283.571044603984 261.207620302836 269.552807013194 292.280515034993 295.165638128916 290.029803911845 273.392955462138 278.462509314219 293.970326582591 242.551247278849 184.231837590535 156.436185042063 147.592494885127 144.993255535762
332.538286844889 336.489121119181 336.730202039083 340.891758600871 345.969796180725 350.305596987406 351.503133773804 349.948644638062 348.505894343058 347.812414169312 339.619080225627 325.428744157155 319.952527681987 317.369739214579 313.946982224782 310.10643641154 312.399486700694 312.252938747406 304.555793603261 304.145534833272 305.77806631724 306.485692660014 304.474135239919 299.367785453796 298.335174719493 298.996229966482 302.18776067098 302.619973818461 304.67955271403 304.2880098025 304.676572481791 301.972428957621 278.906285762787 262.226382891337 285.434345404307 300.544480482737 296.26989364624 291.602075099945 278.543571631114 275.28170744578 308.142820994059 326.589961846669 269.600987434387 213.542739550273 173.721214135488 148.738483587901
