input/barkrak2/radiation/dir14524.grid
NCOLS 85 
NROWS 70 
XLLCORNER 665100 
YLLCORNER 4664600 
CELLSIZE 20 
NODATA_value -9999 
[rows 0 to 19 of 70, columns 0 to 45 of 85]
345.089872678121026 348.853747049967 349.618991216024 347.180287043254 342.745224634806 337.432980537415 329.898675282796 323.661208152771 328.383922576904 327.394803365072 324.393153190613 331.902245680491 337.92249361674 337.835788726807 340.018630027771 346.965511639913 345.831473668416 336.178342501322 331.466396649679 320.248544216156 299.334367116292 295.634071032206 313.132027784983 320.501764615377 317.440827687581 316.091219584147 315.991461277008 305.91881275177 287.459433078766 280.830899874369 278.895854949951 285.138885180155 296.693841616313 302.242914835612 308.434009552002 300.523440043132 297.935048739115 306.890587011973 304.88908290863 304.771959781647 296.136597792308 278.421620527903 288.4295185407 310.375173886617 315.591871738434 307.5257341067
337.308605511983 343.812068303426 343.342145284017 344.95210647583 343.777616818746 340.642293294271 330.91946442922 321.390986442566 324.624260266622 325.90925693512 321.128884951274 326.752305030823 334.260185559591 335.333704948425 334.886272748311 339.627663294474 339.164972305298 336.336612701416 332.824925581614 327.008048693339 312.566876411438 305.818021297455 311.47708495458 317.012190818787 315.793573856354 313.216269016266 312.185406684875 305.718859036763 290.803015232086 280.887881914775 282.210310300191 292.93421904246 293.551603953044 297.095457712809 307.357788085938 299.215416113536 293.345173199971 293.192923069 291.438480218252 304.11551396052 302.029351393382 290.788849194845 297.113219896952 315.00248114268 320.757389068604 310.36239862442
314.913590749105 316.683332125346 320.599516232808 325.10769367218 331.173459688822 334.279735883077 335.9428246816 333.634734153748 331.173102060954 328.086892763774 320.128480593363 320.808788140615 329.067289829254 330.949982007345 327.383995056152 330.752631028493 335.041960080465 339.147488276164 337.852001190186 333.267589410146 330.249826113383 321.981211503347 314.629813035329 313.98610273997 316.004653771718 315.739035606384 311.009844144185 304.13806438446 292.473991711934 281.055887540181 279.587586720784 293.010334173838 281.707564989726 288.289268811544 302.302002906799 297.043164571126 282.830039660136 276.333530743917 288.177132606506 304.900546868642 305.95197280248 305.497845013936 306.991219520569 320.192774136861 329.838911692301 316.823641459147
296.552280584971 293.0894891421 296.382168928782 296.906510988871 302.711069583893 306.363840897878 311.148047447205 319.725930690765 329.180141290029 333.866159121195 331.481834252675 330.319027105967 331.297397613525 331.242303053538 327.282687028249 322.371125221252 325.351595878601 330.498735109965 335.465709368388 335.917512575785 333.298901716868 330.009400844574 329.585194587708 323.842108249664 321.563978989919 323.062638441722 317.275245984395 309.112429618835 301.005303859711 292.088866233826 283.36759408315 292.313794294993 281.858821709951 287.476857503255 294.321576754252 295.476218064626 289.871752262115 287.608842055003 303.70956659317 315.660099188487 311.848163604736 304.191629091899 300.803701082865 309.277951717377 320.871710777283 321.082949638367
309.792737166087 296.755154927572 280.644098917643 272.048274676005 276.984751224518 289.302865664164 304.597496986389 311.714231967926 318.175117174784 321.455359458923 331.567724545797 338.09232711792 340.486685434977 339.747667312622 337.65967686971 334.637721379598 332.552870114644 327.75342464447 329.888542493184 334.464430809021 333.575963973999 333.224991957347 336.82640393575 331.390023231506 327.350358168284 326.904515425364 321.736296017965 313.730359077454 305.470108985901 300.201932589213 299.311379591624 299.582481384277 292.858958244324 294.845859209696 292.671263217926 296.266357103984 306.081136067708 310.740570227305 318.604310353597 323.054532210032 320.878565311432 313.299695650737 306.4058025678 302.997489770253 308.172007401784 325.8136510849
333.921194076538 315.911968549093 296.863118807475 278.632541497548 268.328448136648 277.794162432353 298.481086889903 310.649752616882 312.206367651622 312.335709730784 319.021423657735 326.984127362569 332.00724919637 335.108955701192 338.011582692464 338.330705960592 335.124850273132 328.440546989441 327.694932619731 330.952902634939 330.812394618988 333.968083063761 340.240041414897 337.422211964925 333.007136980693 332.055568695068 325.967729091644 317.841211954753 307.828684647878 301.608463128408 302.335321903229 300.077696641286 303.913712501526 310.181736946106 304.665287335714 301.782449086507 309.529980023702 316.398938496908 319.223821163177 319.54824924469 320.021251837413 316.541393597921 313.810726006826 313.362816969554 311.420917510986 314.593275388082
342.323700586955 332.084874312083 318.611184755961 304.349362850189 288.251936435699 277.546981970469 282.522201538086 305.649916330973 314.801255861918 319.994290669759 318.260411421458 314.87770875295 312.097609043121 309.678037961324 310.227592786153 319.961826006571 326.029300689697 332.215746243795 335.476398468018 336.549003918966 332.821806271871 329.333146413167 336.00389957428 337.990959485372 336.326042811076 337.338368097941 334.174871444702 327.013929684957 317.352672417959 311.104555924733 307.755629221598 309.522986412048 322.054187456767 327.754596869151 324.677586555481 318.06347767512 316.323339939117 319.548408190409 322.043617566427 327.222128709157 326.350371042887 322.398126125336 318.885326385498 313.613057136536 299.26464955012 292.791207631429
339.802225430806 338.643630345662 335.866292317708 328.906118869781 315.438787142436 293.370604515076 273.972769578298 275.475025177002 302.59774128596 319.631357987722 323.971847693125 320.457776387533 314.981023470561 308.917999267578 300.211469332377 302.760124206543 310.384531815847 320.545772711436 332.415699958801 339.046398798625 338.764588038127 333.420475323995 334.060668945312 337.098360061646 336.732904116313 338.839252789815 338.158289591471 334.259430567424 328.173955281576 325.006703535716 323.253691196442 323.978225390116 333.007554213206 335.347016652425 335.248549779256 331.452151139577 326.185961564382 321.995198726654 316.321631272634 321.127156416575 328.560888767242 332.49843120575 332.445522149404 324.268539746602 308.684249718984 293.98113489151
336.820999781291 337.492028872172 337.34126885732 335.125684738159 329.489866892497 318.010111649831 297.284921010335 272.44758605957 282.200276851654 301.553030808767 315.956592559814 320.692380269368 320.98122437795 319.620927174886 313.758095105489 308.143556118011 307.463546593984 309.528509775798 319.064021110535 328.177452087402 336.536526679993 338.342706362406 337.116956710815 334.588686625163 335.224628448486 337.791363398234 338.756004969279 337.470213572184 335.239330927531 336.560726165771 337.568442026774 336.262702941895 338.481823603312 339.117964108785 336.86896165212 335.289001464844 331.966777642568 324.186742305756 310.783763726552 313.681483268738 328.749756018321 333.806951840719 331.716338793437 327.080468336741 317.615568637848 308.681527773539
325.341482957204 330.138882001241 332.40286509196 332.511266072591 331.306080023448 330.950299898783 323.568602403005 311.649640401204 287.92534271876 281.155467033386 292.670408884684 309.950828552246 322.949628035227 328.339993953705 330.153624216716 325.749019781748 316.651562849681 313.44481309255 313.00143400828 314.072668552399 319.845577081044 323.893507321676 327.299435933431 329.225977261861 331.960360209147 334.248304367065 335.998058319092 334.500432014465 334.102233250936 336.947401364644 337.857961654663 338.329752286275 340.758721033732 342.755635579427 341.098745663961 336.921493212382 335.195064544678 330.486873785655 313.725888729095 310.916781425476 324.715356032054 327.091256777445 325.517237186432 322.54413763682 314.386367797852 305.500308672587
292.737166086833 303.50923538208 311.679244041443 317.790567874908 323.158701260885 327.201247215271 329.919775327047 328.681687513987 312.049766381582 293.062885602315 280.25488058726 287.03902165095 307.881196339925 323.578953742981 331.046541531881 326.015889644623 322.044789791107 318.617622057597 312.475144863129 308.746695518494 309.003472328186 308.757344881694 310.563782850901 317.684650421143 324.081142743429 328.056931495667 329.69856262207 329.251567522685 331.512173016866 334.207932154338 335.454146067301 336.871266365051 341.086149215698 342.608014742533 341.195384661357 338.324507077535 337.428490320841 337.603608767192 327.463348706563 317.193726698558 321.675042311351 325.157423814138 326.654076576233 326.344430446625 318.966607252757 310.874342918396
259.587426980336 264.174997806549 271.432121594747 281.66941801707 294.249852498372 306.442062060038 318.983515103658 322.904268900553 323.791702588399 315.614898999532 297.249356905619 281.209150950114 281.706134478251 300.590833028158 318.514625231425 319.344878196716 324.106971422831 322.984973589579 317.360023657481 309.399445851644 304.671982924143 302.321314811707 302.404979864756 308.976173400879 313.512166341146 316.522538661957 318.098803361257 320.780813694 324.801007906596 327.499270439148 329.995354016622 332.99191792806 336.798389752706 337.984800338745 336.88227335612 336.333990097046 339.145580927531 340.890487035116 338.64684899648 331.052402655284 329.552292823792 332.5275182724 334.999163945516 334.153890609741 328.403194745382 325.984418392181
249.889453252157 246.019721031189 243.960022926331 243.991712729136 251.030087471008 265.672465165456 285.691618919373 302.480638027191 322.186509768168 324.721336364746 317.7703221639 301.695386568705 279.495596885681 277.555187543233 295.438090960185 314.411838849386 324.233591556549 325.608730316162 323.02188873291 317.81534353892 310.971220334371 310.12487411499 309.805035591125 310.495177904765 310.178180535634 308.428565661112 311.504165331523 317.41609176 319.583038489024 320.51557302475 323.686977227529 327.402790387471 328.236897786458 329.256633917491 329.952935377757 332.550366719564 338.620980580648 341.387351353963 341.051816940308 340.858300526937 339.488665262858 339.074373245239 337.991158167521 337.44736512502 331.888099511464 329.108238220215
244.7842558225 220.26381889979 204.379041989644 199.156939983368 195.731997489929 201.681892077128 220.886886119843 252.858956654867 285.969297091166 311.390300591787 322.146197160085 322.583158810933 311.407287915548 291.602253913879 289.465546607971 308.175345261892 319.743732611338 327.075958251953 330.471316973368 328.750967979431 322.379052639008 319.304625193278 317.175547281901 317.09760427475 316.262404123942 314.330895741781 316.956082979838 322.407285372416 320.745786031087 316.947042942047 320.834596951803 324.360092480977 325.819770495097 325.206279754639 327.038288116455 331.181248029073 334.951082865397 337.350447972616 337.067445119222 337.301214536031 338.385025660197 339.831113815308 340.218464533488 339.110294977824 334.18865998586 330.533444881439
229.379932085673 194.467922051748 172.154466311137 167.940179506938 167.599439620972 172.465940316518 180.897315343221 204.67867453893 231.336712837219 276.621560255686 316.949884096781 333.346962928772 335.400104522705 325.893143812815 308.282494544983 305.015126864115 308.183034261068 319.021006425222 329.185744126638 332.568685213725 331.890861193339 328.661402066549 326.77835226059 325.001358985901 322.047392527262 320.580224196116 323.037624359131 324.343641599019 319.37309106191 317.082285881042 319.920639197032 323.061406612396 323.315521081289 323.488811651866 325.838128725688 327.320158481598 328.621665636698 328.003446261088 328.74063650767 328.744192918142 331.815838813782 334.68492825826 337.172269821167 336.874961853027 333.414713541667 331.623295942942
195.436676343282 169.652163982391 151.745190223058 148.803691069285 164.802044630051 185.415585835775 185.710807641347 192.224641640981 213.404019673665 241.327166557312 288.769920667013 331.00833495458 340.871016184489 339.750329653422 330.468972524007 310.644408067067 302.619814872742 303.349693616231 315.852483113607 331.066131591797 335.533142089844 332.640767097473 333.573698997498 329.903542995453 325.518548488617 325.653453667959 328.163146972656 325.587272644043 320.3417857488 322.78972864151 324.847916762034 323.628425598145 321.859955787659 321.284651756287 321.75995906194 321.348289648692 319.242159525553 316.538492838542 318.145950635274 318.351169427236 321.62614663442 324.148078759511 325.826426347097 326.046784718831 329.348464806875 331.548651059469
172.492464383443 162.257611751556 149.123857418696 140.727539857229 144.180277983348 169.455985228221 188.771764437358 193.443159262339 206.99546734492 220.97917397817 243.934869766235 295.386433601379 335.17050743103 339.03694152832 336.558063824971 331.512331962585 324.8690366745 314.463873704274 305.765827496846 314.359883467356 329.260349273682 334.463000297546 336.22944355011 333.771347999573 329.791923364003 330.740034580231 333.134055137634 330.306887626648 327.003379662832 330.815056959788 331.438581148783 325.007220109304 321.439802646637 318.599979082743 315.481285254161 314.687053362529 310.813049475352 309.958835442861 310.287257035573 311.615188916524 313.615262508392 315.717319647471 317.583660284678 318.272709846497 327.209373315175 331.201771895091
163.949996232986 166.879971822103 164.014627536138 151.588539282481 134.940405686696 147.118945916494 178.56107155482 195.007562637329 213.967084884644 224.759459495544 233.777423699697 260.249098141988 306.485553582509 334.403236707052 338.825861612956 340.180595715841 339.330911636353 332.967797915141 320.714255174001 309.069474538167 315.95649321874 332.111577192942 333.617528279622 332.626978556315 332.888066768646 336.576422055562 339.011311531067 336.690783500671 334.250768025716 335.723956425985 332.727491855621 326.207677523295 322.479983170827 317.750831445058 313.757220904032 311.806519826253 310.291826725006 309.534966945648 309.530218442281 310.998062292735 312.964340051015 313.135981559753 313.210109869639 316.174447536469 322.327832380931 329.383214314779
172.972063223521 183.754742145538 190.523167451223 180.469830830892 158.988535404205 158.264478047689 178.647458553314 199.833869934082 218.641340732574 238.869190216064 247.639377911886 254.106144110362 281.483848889669 313.652773698171 332.834045092265 338.475426038106 339.193264643351 338.464299837748 336.36748790741 326.270858446757 313.24698527654 321.518262227376 326.495766639709 331.134061018626 336.136341094971 340.079069137573 341.747244199117 339.885910352071 335.769057273865 335.108439127604 331.108689308167 326.762636502584 322.822630405426 318.972905476888 315.826952457428 312.885661919912 312.621474266052 310.770312945048 310.177703698476 312.506794929504 314.589401086171 315.710008144379 315.368592739105 316.510577996572 317.789018154144 326.48632923762
185.679376125336 190.793494383494 203.466693560282 215.399523576101 202.038963635763 175.406853357951 177.726328372955 189.298848311106 206.747512022654 233.190437157949 245.278159777323 245.89737256368 259.652296702067 277.179718017578 298.740188280741 329.303046067556 333.451231320699 334.545175234477 335.334857304891 335.062106450399 330.549359321594 322.028795878092 321.741680304209 327.55442460378 333.957274754842 338.771144549052 341.034968694051 339.492718378703 333.805322647095 333.274086316427 329.532027244568 324.277341365814 320.561408996582 319.200793902079 317.888836065928 315.14714161555 313.308616479238 306.855956713359 305.623332659404 312.047680219014 316.731194655101 316.933631896973 318.727652231852 318.658729394277 315.616170565287 322.306354840596
