input/barkrak2/radiation/dir15524.grid
NCOLS 85 
NROWS 70 
XLLCORNER 665100 
YLLCORNER 4664600 
CELLSIZE 20 
NODATA_value -9999 
[rows 0 to 19 of 70, columns 0 to 45 of 85]
352.652708689371991 355.298638343811 354.723930358887 350.360512733459 344.79542573293 339.747826258341 331.765214602153 325.658480326335 330.683449904124 329.416851202647 326.214730739594 334.253231684367 340.810219446818 340.654691060384 343.686580657959 353.788415590922 355.849504470825 350.292801856995 335.612495740255 326.739192008972 303.497274716695 298.299431800842 314.572393894196 320.844491322835 318.082273006439 315.574904282888 314.423123995463 306.976099809011 288.310170173645 281.011780103048 280.02001841863 284.565091133118 293.367008368174 298.954864343007 306.158165136973 299.217025438945 295.770267645518 303.937474886576 301.760454972585 303.958197434743 293.990890185038 274.829824765523 285.368760426839 309.427579243978 315.631290276845 306.79718653361
346.186399459839 351.948777834574 351.996183395386 350.595076878866 349.340836207072 344.823916753133 333.771944046021 323.104540506999 326.033155123393 327.878991762797 322.564800580343 329.150239626567 337.960759798686 338.959455490112 337.256550788879 342.785994211833 343.280514081319 341.063578923543 339.363098144531 332.324763139089 316.829959551493 307.546297709147 312.260826428731 317.631403605143 316.131234169006 312.015891075134 311.273634433746 305.626293023427 291.510701179504 281.551619370778 282.534797986348 291.796088218689 289.77092107137 293.740014235179 305.477877457937 297.470092773438 290.556967258453 291.739881038666 286.949892838796 302.648643652598 300.351560115814 287.910878658295 295.139193534851 314.914504686991 320.698042710622 309.220790863037
327.092130978902 325.807730356852 330.699066321055 336.22682094574 342.303991317749 342.609604199727 341.957489649455 338.202555974325 333.995739618937 330.401519934336 322.152713934581 322.485287984212 330.608208974202 332.886060078939 328.554213047028 331.878304481506 335.283001263936 340.385675430298 342.922329902649 338.650147120158 333.723823229472 323.742389678955 315.637866655986 314.15049235026 315.277516841888 315.877954165141 310.431321461995 304.077823956807 292.952418327332 280.819574991862 278.503159681956 290.660818417867 277.8027455012 285.825411478678 300.473153591156 294.427454471588 279.007315635681 271.977623303731 283.533136049906 302.611351013184 304.248551527659 304.476638635 306.96694056193 321.458141009013 331.800619761149 317.832152048747
310.120701789856 307.066480318705 311.686237653096 313.805043697357 312.958657741547 315.351545810699 319.810191790263 327.546020348867 335.813919703166 338.631391525269 335.139354070028 332.51416683197 332.728127638499 332.77682463328 328.371584415436 322.038451830546 325.417101383209 330.675641695658 337.246576944987 338.972727457682 336.931347846985 333.97630850474 332.046250502268 325.296660264333 323.338031768799 325.042406717936 319.018403689067 310.361762841543 301.703572273254 291.976650555929 282.102624575297 289.388557275136 277.820964654287 284.329692522685 291.226426760356 292.37041870753 285.689572493235 282.425304253896 301.292995611827 314.790447552999 312.125742435455 304.643432299296 300.704757372538 308.889806270599 320.124566555023 322.552522023519
323.859890302022 312.095046043396 299.495697021484 284.066796302795 287.503043810527 300.653258959452 313.858230908712 320.505023002625 326.471050580343 330.27187983195 337.368567784627 342.275460561117 343.368490537008 342.441002527873 339.660882949829 336.80248260498 334.290107091268 329.813758532206 332.653482755025 337.575197219849 336.526870727539 336.909373601278 339.603583017985 334.346572558085 329.667309919993 328.338881333669 323.419511318207 314.536035060883 305.859943230947 300.500273704529 298.84672164917 296.448111534119 289.583683013916 291.640241940816 289.541780948639 293.112178643544 303.301811218262 308.279951413472 318.085392316182 323.520461718241 321.456650892893 313.838203748067 305.789351463318 301.654775937398 307.362119356791 327.879309654236
346.811493237813 331.955909729004 308.75301361084 289.265831311544 280.68999449412 288.161873817444 309.499780337016 319.664478302002 320.94927628835 321.103930473328 327.285170555115 334.50722694397 338.940858840942 340.506315231323 342.926303545634 343.494971593221 339.895685513814 332.420249780019 331.004977226257 334.23388004303 333.796977996826 336.971203486125 341.972192128499 339.290062586466 335.427204767863 334.391236305237 327.819228172302 318.652053674062 308.300713698069 301.496624946594 301.032920678457 297.185480594635 302.697559197744 307.35178788503 302.199840545654 299.221515655518 307.515203952789 315.061251322428 319.294035434723 319.611807664235 320.642511049906 316.699783007304 313.864807287852 312.933643658956 311.789989471436 317.384302616119
348.587274551392 339.688857396444 329.362452030182 315.12063741684 299.893538157145 289.622684319814 292.693515618642 314.939657847087 323.528230190277 328.321715195974 326.738039652507 322.551985581716 321.026583512624 317.671140034993 319.16469335556 328.159809112549 333.500107129415 338.303605715434 339.981277783712 339.515288670858 335.392316182454 331.439077854156 338.672796885173 341.037670771281 339.050491650899 339.891831080119 336.260279019674 328.6478916804 318.232595920563 311.050454775492 306.278586387634 307.460904121399 322.126070658366 327.593227227529 324.552953243256 317.762156327565 316.235661506653 319.778084754944 323.13859462738 328.653077284495 328.754464785258 324.601014455159 320.524911085765 314.655661582947 300.222913424174 293.421586354574
345.226049423218 344.937562942505 343.93318494161 338.361938794454 325.507640838623 301.86007420222 284.42108631134 286.390721797943 310.997486114502 328.147888183594 332.07368850708 328.691740830739 323.660651842753 318.073014418284 309.889594713847 312.291900316874 319.323221842448 328.672210375468 339.132150014242 344.31791305542 342.848658561707 336.085557937622 336.080511411031 339.527606964111 339.723666508992 342.5532579422 341.204563776652 336.943070093791 330.330908298492 326.148609320323 323.205272356669 324.172596136729 333.751916885376 336.719632148743 336.433966954549 332.787891228994 327.247262001038 323.474129041036 317.600886027018 324.256002902985 332.017779350281 335.626204808553 334.557175636292 325.149973233541 308.69048833847 292.724172274272
342.447956403096 343.162775039673 343.217770258586 341.675718625387 337.447007497152 326.791604359945 307.302157084147 284.751892089844 294.065912564596 311.046699682872 324.76403315862 328.957617282867 329.078555107117 327.881971995036 322.711368401845 317.345182100932 315.629919370015 318.656404813131 326.227188110352 335.628747940063 343.042373657227 343.666990598043 341.379284858704 338.907798131307 339.417695999146 342.671354611715 343.679666519165 341.166456540426 338.736772537231 339.161197344462 339.438676834106 338.499069213867 341.095407803853 342.512806256612 339.450478553772 337.742884953817 334.117492039998 326.61767800649 312.771856784821 315.99102417628 330.942312876383 334.374785423279 331.551869710286 327.041248480479 318.07670990626 308.81146589915
333.683133125305 337.51388390859 339.414954185486 339.534242947896 338.164250055949 338.216344515483 332.755883534749 322.067141532898 298.031270503998 291.695912679036 301.55732234319 319.18340921402 331.101516882579 335.26877562205 336.95387840271 333.756566047668 325.438698132833 322.458803653717 322.013378143311 322.854618231456 328.246474266052 331.876794497172 334.626436233521 335.43852965037 337.579210599263 339.670022328695 341.326793034871 340.660572052002 339.930176734924 341.921408971151 342.756986618042 342.739184697469 344.492872556051 346.803069114685 344.12407875061 340.607841809591 338.526407877604 333.849787712097 316.088457902273 311.986029148102 325.14613866806 326.81280374527 324.953019618988 322.835644086202 314.733306566874 305.473744869232
303.801536560059 313.267668088277 320.818225542704 326.339284578959 331.145485242208 335.120916366577 337.463140487671 335.815072059631 320.24880250295 301.885982354482 290.840903917948 297.469397385915 317.372361818949 331.834117571513 338.389158248901 333.963473637899 330.452481905619 327.405134836833 321.541984875997 318.023204803467 318.31306219101 317.088484764099 318.873405456543 326.033751169841 331.639349460602 335.103074709574 336.683630943298 336.172819137573 338.008006413778 340.375185012817 341.404477755229 343.131224314372 346.807360649109 347.319046656291 345.832109451294 342.755079269409 341.783364613851 341.47850672404 329.886337121328 317.691763242086 321.537454922994 325.205902258555 326.882739861806 326.325158278147 319.078803062439 310.231904188792
272.219439347585 276.641011238098 283.607761065165 293.396512667338 304.568449656169 316.074589888255 327.743788560232 331.330994764964 332.196712493896 324.737071990967 307.450771331787 291.970630486806 293.739358584086 310.433804988861 327.231685320536 327.789882818858 332.250912984212 331.357955932617 326.248268286387 319.838881492615 315.353353818258 312.037587165833 312.11531162262 318.294584751129 323.12552134196 325.623571872711 326.97061697642 329.407632350922 333.02237590154 334.848801294963 337.054491043091 340.457439422607 344.022750854492 344.939271608988 342.892607053121 342.112859090169 344.094832738241 345.510244369507 342.438618342082 332.618912061055 330.226580301921 333.245972792308 336.164752642314 336.149056752523 329.959491888682 327.528893947601
262.909829616547 258.252580960592 256.249308586121 255.313158035278 262.142161528269 276.291747887929 296.461959679921 312.429785728455 330.791115760803 333.033045132955 326.704084873199 311.676402886709 290.326913197835 288.43746582667 306.776940822601 324.334144592285 332.474271456401 333.679556846619 331.386844317118 326.672434806824 321.196873982747 320.263644059499 319.967786471049 319.727857907613 319.356799125671 318.235357602437 321.144004662832 326.615432898204 328.547219435374 329.412241776784 331.602692604065 335.033496220907 336.702982584635 337.607264518738 337.140878041585 339.403669039408 344.70001856486 347.365776697795 346.578280131022 344.724734624227 342.647552490234 341.944654782613 341.4306640625 340.874592463175 334.996183713277 331.90393447876
257.800082365672 232.405384381612 216.780801614126 211.549977461497 208.951354026794 214.724679787954 233.542799949646 264.678160349528 296.759963035583 321.579774220784 330.999592940013 331.591447194417 320.829451084137 301.804900169373 299.82058207194 318.845907847087 329.427182674408 335.776408513387 338.003357251485 336.56366666158 330.853521823883 328.737159570058 326.794147491455 326.773683230082 325.009127457937 323.146820068359 325.671931107839 330.672860145569 329.600175221761 326.19963089625 329.107920328776 332.352062066396 333.742062250773 334.054867426554 335.553805033366 338.36571375529 341.738979021708 343.751668930054 344.036380449931 343.182444572449 343.830506006877 344.786961873372 345.291495323181 343.378067016602 337.964773178101 333.619078000387
241.550842920939 207.64156182607 185.781021912893 181.643585364024 181.284368038177 185.941576957703 194.005310535431 218.593279520671 243.016242980957 287.758986155192 327.049473921458 341.416041056315 343.1556224823 335.215886433919 317.668080329895 314.585407574971 318.864464759827 328.858156998952 337.785959243774 339.75342909495 339.248100916545 336.427489916484 335.447390874227 333.990335464478 331.013898054759 328.873892625173 331.310967604319 332.48762289683 327.635407447815 325.658281644185 329.221208890279 332.10289478302 331.479609012604 331.663171450297 333.792368570964 336.033741633097 336.175044377645 335.625251134237 337.021907170614 336.892485618591 338.692585627238 341.977834701538 344.036022822062 342.345794041951 338.575442632039 336.639165878296
206.849614779154 182.313640912374 166.312982638677 162.771910429001 178.568184375763 200.036287307739 199.951410293579 203.995625178019 224.455853303274 252.386490503947 298.664192358653 338.918924331665 347.832202911377 346.880992253621 339.326739311218 320.06847858429 312.501172224681 314.338088035583 325.991253058116 339.586536089579 342.391649881999 339.81458346049 340.724627176921 338.178555170695 334.063410758972 334.108114242554 335.926612218221 333.556254704793 328.451891740163 330.858548482259 332.997520764669 332.658231258392 331.055541833242 329.661687215169 330.095092455546 329.721550146739 328.784724076589 325.165172417959 326.62292321523 327.642540136973 330.730338891347 332.933366298676 334.386110305786 333.393335342407 335.833271344503 337.607026100159
182.457685470581 173.268755276998 163.668602705002 154.824157555898 159.30700302124 183.150808016459 201.052864392598 204.50496673584 217.216869195302 230.971237023671 256.080210208893 304.669956366221 343.52179368337 345.759312311808 343.454718589783 339.878956476847 334.340413411458 323.516011238098 316.587448120117 324.640373388926 337.074359258016 341.38019879659 342.897176742554 340.752243995667 337.245066960653 338.16659450531 341.052254041036 338.362852732341 334.892471631368 338.583072026571 338.847041130066 333.077847957611 329.855442047119 328.146576881409 325.269599755605 323.565602302551 320.925672849019 320.159018039703 319.347421328227 321.490605672201 323.436776796977 324.272851149241 325.987279415131 327.576994895935 334.409157435099 337.776740392049
173.897703488668 177.369515101115 177.630702654521 166.471461455027 150.048971176147 159.594267606735 189.405719439189 204.940219720205 223.379929860433 236.450711886088 242.868304252625 271.120806535085 317.264497280121 342.77331829071 345.752318700155 346.821665763855 346.606016159058 340.586940447489 329.469899336497 318.429629007975 326.128164927165 340.595563252767 340.732375780741 339.537461598714 339.76415793101 343.267321586609 345.4669713974 343.723972638448 341.272672017415 342.761317888896 340.194185574849 333.848476409912 330.6898077329 327.208419640859 323.579251766205 321.770866711934 319.486618041992 319.771031538645 319.714645544688 320.022205511729 321.868141492208 323.048373063405 323.069949944814 324.711898962657 331.358631451925 336.459239323934
183.819651603699 194.435040156047 202.198624610901 194.899121920268 172.17481136322 168.823679288228 188.722014427185 208.518008391062 229.405045509338 249.384582042694 255.770484606425 264.895896116893 291.180511315664 325.033605098724 341.275771458944 345.699071884155 346.249262491862 345.139185587565 343.560616175334 334.547400474548 322.377264499664 331.229786078135 335.401296615601 338.579575220744 342.84245967865 346.306085586548 347.749869028727 346.198757489522 342.214306195577 341.807762781779 338.306744893392 334.324320157369 330.697913964589 327.473680178324 325.360457102458 322.717289129893 322.6344982783 319.955249627431 319.396595160166 321.574489275614 324.502905209859 324.425121148427 324.110885461171 326.315184434255 326.19720697403 334.151943524679
197.597722212474 202.221671740214 214.7296667099 228.661894798279 214.726746082306 186.411023139954 186.508675416311 198.177576065063 217.67795085907 241.068124771118 256.280819574992 258.377114931742 271.719654401143 289.383192857107 319.201032320658 338.526725769043 341.584046681722 342.382391293844 342.987140019735 342.349131902059 338.403344154358 330.613295237223 331.326206525167 336.479266484578 342.044591903687 345.410505930583 347.91890780131 345.848361651103 340.266307195028 339.855154355367 336.41529083252 331.536869208018 328.532099723816 327.497859795888 326.492846012115 324.035227298737 322.407126426697 317.271649837494 315.136392911275 321.163276831309 325.521687666575 326.672077178955 327.224294344584 327.154636383057 325.526813666026 330.344239870707
