input/barkrak2/radiation/dir12224.grid
NCOLS 85 
NROWS 70 
XLLCORNER 665100 
YLLCORNER 4664600 
CELLSIZE 20 
NODATA_value -9999 
[rows 20 to 39 of 70, columns 0 to 45 of 85]
154.090911149979 143.404990434647 156.391640504201 192.821304003398 187.899033228556 154.162754615148 142.026722431183 150.769313176473 163.98678223292 182.225445906321 195.016145706177 197.935501734416 204.470117886861 211.327652136485 222.293575604757 240.772525469462 258.384883403778 268.597920735677 285.742223262787 304.789225260417 311.447183291117 301.840782165527 300.170520941416 302.426218986511 304.063101609548 305.972317854563 308.300058046977 306.447287400564 303.345799446106 302.361210187276 295.274217923482 281.929532686869 269.559343655904 262.143135070801 259.212454160055 265.14999071757 264.575302600861 266.858259836833 271.727462609609 276.499549547831 276.642123858134 276.846985022227 279.654562473297 273.162961006165 278.529683748881 281.820774078369
184.974054495494 178.955276807149 187.750935554504 219.725628693899 216.663400332133 161.499232053757 152.410050233205 160.860697428385 169.633587201436 179.452955722809 187.475303808848 195.86710135142 199.479858080546 199.454267819723 211.810847123464 226.292888323466 243.810574213664 256.720205148061 272.907793521881 290.35625855128 300.414562225342 314.164678255717 318.656663099925 317.233999570211 311.466534932454 304.363568623861 299.233376979828 290.235201517741 293.049077192942 285.982231299082 269.402782122294 237.836639086405 215.460658073425 209.254086017609 215.599695841471 236.159821351369 244.613488515218 261.1257036527 271.539628505707 272.646268208822 270.621677239736 268.690784772237 262.456675370534 246.470073858897 268.066724141439 278.738121191661
229.729771614075 233.126203219096 229.998687903086 238.465030988057 238.210757573446 192.637860774994 177.872538566589 168.469985326131 165.661305189133 174.846291542053 187.972108523051 196.78392012914 204.895575841268 207.718988259633 214.56253528595 224.448800086975 236.627260843913 251.36798620224 262.571612993876 270.729223887126 279.08319234848 288.794934749603 292.919437090556 295.229315757751 289.564192295074 281.470815340678 267.334898312887 249.643127123515 246.730287869771 234.545131524404 203.818341096242 159.597188234329 136.612673600515 146.446754535039 174.616992473602 201.135754585266 220.332185427348 242.740114529928 256.766577561696 259.605169296265 263.422131538391 264.564534028371 239.944040775299 215.955018997192 247.910579045614 275.681873162587
257.267355918884 255.744576454163 243.063191572825 244.086782137553 243.196368217468 229.15643453598 200.457235177358 175.985793272654 162.140319744746 166.720410188039 186.598598957062 199.495911598206 210.959494113922 221.543113390605 220.610956350962 224.695245424906 234.026849269867 243.910690148671 252.18266248703 242.210845152537 239.718457063039 236.904561519623 250.384330749512 259.630302588145 265.799323717753 269.007643063863 253.61567735672 238.665004571279 217.162807782491 180.919349193573 152.201443910599 126.477638880412 89.9596710999807 68.6839669942856 79.55069343249 115.661640961965 161.464154720306 195.572177569071 213.802138964335 224.939862887065 223.551313082377 209.878007570902 196.580668290456 229.699035485586 233.823537826538 264.822999636332
250.923772652944 251.100480556488 250.201543172201 246.697545051575 235.174218813578 229.132056236267 207.26486047109 189.521968364716 173.633595307668 170.613646507263 182.355602582296 195.840716362 207.448442776998 218.235592047373 221.720039844513 223.292768001556 223.874489466349 232.048114140828 240.203221638997 232.986847559611 232.326487700144 225.642005602519 234.086116154989 240.85811773936 246.435622374217 246.204654375712 241.493046283722 226.837754249573 195.582270622253 147.119730710983 126.456081867218 122.682332992554 99.2951989173889 53.0512581268946 45.9414621194204 68.1078980366389 107.530931631724 139.060388008753 170.671900113424 187.201738357544 176.160534222921 155.091524124146 176.556607087453 251.941760381063 249.805589516958 266.793409983317
241.677165031433 246.498743693034 253.327945868174 246.155103047689 236.430644989014 230.57222366333 218.076268831889 218.366742134094 211.709598700205 197.476168473562 194.489359855652 210.108796755473 219.997704029083 229.963938395182 228.373308976491 218.211134274801 219.668567180634 231.882194677989 236.507177352905 241.947452227275 245.049178600311 237.747629483541 233.171164989471 232.653299967448 234.357674916585 233.311772346497 226.812541484833 219.873547554016 182.332893212636 156.782726446788 153.451393047969 167.998214562734 167.416214942932 119.265864292781 85.4804118474324 85.783580938975 95.3174928824107 115.553836027781 145.367483297984 158.49757194519 148.069034020106 141.35080575943 184.612294038137 246.889472007751 264.951308568319 279.441773891449
242.632985115051 246.228734652201 251.82056427002 247.769355773926 251.021027565002 244.525372982025 240.190784136454 237.314760684967 239.985585212708 233.28024148941 218.546410401662 233.294467131297 234.87921555837 241.737802823385 238.678614298503 228.076934814453 226.08745098114 234.323779741923 241.555730501811 253.605405489604 255.032976468404 253.286480903625 242.514967918396 236.597577730815 235.197365283966 235.681474208832 225.696782271067 221.126794815063 192.509770393372 189.549545447032 208.313425381978 233.504911263784 240.026493867238 240.55286248525 198.385198911031 121.547977129618 113.289068142573 119.031687577566 138.489534457525 150.278667608897 162.769744793574 192.527095476786 207.343061765035 230.048358440399 254.81261809667 266.812284787496
246.445119380951 243.144730726878 245.660940806071 247.45120604833 277.238726615906 262.047469615936 253.717025121053 244.138022263845 246.149480342865 249.927322069804 238.285978635152 238.348762194316 238.996466000875 243.550717830658 244.634807109833 241.549750169118 233.536879221598 242.063641548157 252.562661965688 256.773889064789 256.117184956868 247.306744257609 243.578712145487 244.463562965393 241.532901922862 241.067151228587 235.500554243724 233.264962832133 224.055906136831 224.346856276194 244.745016098022 258.87938340505 261.379798253377 274.776518344879 277.922113736471 196.518739064535 139.492750167847 125.350266695023 130.125602086385 153.150290250778 195.620357990265 254.535635312398 224.237720171611 214.391052722931 234.630127747854 245.431184768677
245.116035143534 234.812359015147 238.341748714447 253.682335217794 294.121225674947 267.012476921082 247.910539309184 237.705131371816 239.352186520894 241.927822430929 236.972788969676 230.94387849172 237.315992514292 243.029415607452 248.09334675471 249.448339144389 245.675484339396 239.732623100281 251.453181107839 251.571575800578 250.481088956197 244.794448216756 242.482403914134 247.10073073705 248.685995737712 242.25240945816 243.049780527751 237.620492776235 234.726587931315 235.611458619436 256.419618924459 272.775053977966 274.087011814117 273.941258589427 287.462770938873 263.877987861633 165.633171796799 113.342126210531 101.520796616872 130.598654349645 204.598764578501 238.637030124664 213.306804498037 183.064421017965 203.342099984487 215.167820453644
239.176491896311 226.907650629679 233.665903409322 263.889650503794 292.357246081034 265.44576883316 236.865301926931 218.243658542633 210.208296775818 212.151308854421 212.465484937032 215.582251548767 229.870398839315 241.780241330465 246.16801738739 252.433896064758 252.935608228048 240.098158518473 243.09120575587 244.896213213603 245.388627052307 244.131724039714 246.162037054698 250.530600547791 251.730064551036 246.898253758748 248.741944630941 242.75020758311 236.870249112447 243.710815906525 263.977309068044 281.152943770091 277.250727017721 274.945735931396 285.11772553126 293.851733207703 252.840618292491 168.424725532532 127.231538295746 136.989464362462 173.024773597717 188.900828361511 192.177712917328 162.341068188349 167.645335197449 190.581301848094
230.716745058695 238.79212141037 268.833577632904 314.803858598073 311.106483141581 271.475791931152 233.375211556753 201.994697252909 192.761441071828 201.981504758199 197.048942248027 192.766388257345 220.837771892548 243.895649909973 251.056432723999 259.164134661357 258.576134840647 247.096379597982 247.22957611084 247.516632080078 246.387620766958 250.881373882294 252.885460853577 253.817975521088 256.268302599589 256.963849067688 257.309873898824 252.331932385763 244.730691115061 255.046327908834 271.661281585693 283.729434013367 279.671569665273 282.609403133392 289.197285970052 292.968432108561 301.255663235982 289.517203966777 214.513580004374 165.773282448451 152.055790026983 148.787995179494 166.972915331523 159.184753894806 159.347315629323 188.564340273539
249.53814347585 280.422747135162 309.882283210754 321.513017018636 339.071790377299 309.700707594554 265.868266423543 226.645509401957 212.475915749868 224.988698959351 218.426962693532 199.862559636434 214.364190896352 239.530642827352 256.015082200368 260.737458864848 260.444204012553 258.024215698242 250.84133942922 249.247670173645 251.473943392436 255.738774935404 254.410028457642 253.516693909963 256.362199783325 263.795812924703 265.012443065643 266.984343528748 263.002375761668 267.873664697011 277.26278702418 283.213675022125 285.512407620748 291.916728019714 296.949545542399 285.560329755147 290.572325388591 315.105219682058 289.448797702789 216.963907082876 165.836781263351 150.684545437495 153.017620245616 163.740923007329 185.756047566732 213.911652565002
292.447606722514 310.795307159424 311.313311258952 305.911580721537 321.837902069092 331.850965817769 314.840376377106 283.12212228775 256.786545117696 256.373922030131 255.556801954905 231.134096781413 217.617452144623 240.698456764221 262.835184733073 264.795541763306 261.268893877665 263.24991385142 250.559826691945 247.428178787231 253.840287526449 255.767166614532 254.339516162872 253.698627154032 256.315191586812 266.380290190379 272.411386171977 276.999990145365 272.200425465902 271.882315476735 283.320526281993 289.9303038915 287.164012591044 287.470757961273 291.969656944275 280.597964922587 281.26589457194 292.27606455485 278.253197669983 238.948086897532 204.566061496735 174.947917461395 159.692843755086 163.658559322357 186.088899771372 221.708039442698
301.285803318024 302.346289157867 297.156691551208 287.81662384669 290.196855862935 307.39414691925 317.965388298035 305.00469605128 285.009662310282 279.950022697449 279.884080092112 262.978156407674 244.769036769867 248.187224070231 260.346432526906 261.481563250224 257.68784681956 257.790803909302 251.157422860463 253.515124320984 251.793523629506 253.4206310908 250.527918338776 249.857842922211 255.859235922496 264.249344666799 273.246606190999 272.716323534648 271.308263142904 276.747186978658 286.378502845764 286.560912926992 275.176405906677 270.305633544922 274.014035860697 256.679554780324 254.628459612528 249.270558357239 230.40513197581 221.38512134552 230.767528216044 206.60388469696 181.804200013479 170.080383618673 173.112750053406 197.050591309865
301.463484764099 296.332458655039 301.590283711751 289.985179901123 283.849239349365 293.59229405721 313.585380713145 323.439558347066 306.864043076833 288.367331027985 280.428290367126 278.383950392405 272.503813107808 263.193309307098 261.944015820821 261.269489924113 260.502139727275 255.824665228526 253.496607144674 256.695051987966 253.063797950745 252.359688282013 251.355469226837 251.021405061086 255.152006944021 260.08141040802 269.027511278788 264.167149861654 266.819099585215 277.521709601084 283.632377783457 276.262064774831 262.255847454071 263.690114021301 259.976963202159 242.17810233434 244.344154993693 243.332624435425 240.641474723816 244.830826918284 246.213436126709 242.807487646739 222.039679686228 205.596884091695 187.066435813904 182.394603888194
316.100398699443 313.440223534902 320.332090059916 316.139320532481 307.742059230804 309.735874334971 322.225828965505 336.034178733826 320.085644721985 294.42177216212 281.657218933105 281.475385030111 286.855638027191 272.845009962718 266.283273696899 268.62891515096 265.31461874644 255.401929219564 259.9778175354 261.071403821309 258.436957995097 253.872712453206 256.777962048848 258.575697739919 256.02908929189 260.507384936015 261.931598186493 259.951194127401 263.513743877411 277.02385187149 280.266443888346 272.760113080343 264.031132062276 265.184839566549 252.809882164001 246.883749961853 252.4600426356 255.444089571635 262.570877869924 271.471063296 236.973385016123 231.542507807414 220.548411210378 211.399734020233 195.602258046468 175.83171526591
328.015128771464 327.043493588765 330.063025156657 330.223778883616 322.401463985443 317.098657290141 322.8759765625 335.22884051005 323.847194512685 293.331583340963 280.134876569112 282.822827498118 286.053458849589 273.950517177582 265.933632850647 272.040784358978 273.156841595968 264.082272847493 266.141792138418 267.091115315755 267.424742380778 262.817402680715 261.404534180959 263.412574927012 261.320153872172 260.241309801737 263.116637865702 266.946792602539 269.783079624176 278.338392575582 281.036535898844 275.76732635498 266.596396764119 263.60547542572 250.424027442932 254.418909549713 259.398599465688 261.790096759796 264.153222242991 266.483088334401 218.362251917521 183.450738588969 170.432070891062 165.346086025238 165.961762269338 162.986864646276
330.439766248067 331.894914309184 332.670489947001 331.748525301615 326.027989387512 321.690936883291 322.711944580078 329.398473103841 328.454613685608 301.903665065765 290.676871935527 286.025206247966 281.232098738352 274.19259150823 266.099433104197 268.879413604736 278.76208225886 272.751231988271 269.105911254883 271.759728590647 273.623784383138 268.348018328349 265.452722708384 266.792098681132 266.255835692088 264.529744784037 266.357362270355 271.779795487722 274.202664693197 276.87931060791 279.187242190043 277.340372403463 269.48336760203 254.249493281047 243.59126885732 260.460257530212 269.339124361674 268.869519233704 260.832667350769 263.274868329366 217.211564381917 151.524464289347 124.96022383372 114.719520012538 120.066871245702 129.401504993439
320.132195949554 326.041956742605 329.089264074961 328.274687131246 327.382783095042 328.490217526754 328.285813331604 328.164994716644 328.189094861348 312.628467877706 306.577781836192 296.353936195374 282.528181870778 279.138088226318 273.032248020172 267.968853314718 277.810831864675 278.02695830663 272.793710231781 271.932701269786 271.739919980367 270.201047261556 266.759018103282 266.703128814697 269.48759953181 272.089739640554 269.396563371023 272.844572861989 275.549471378326 274.532198905945 278.026839097341 278.946618239085 264.610648155212 241.97256565094 249.334752559662 274.247427781423 278.175870577494 272.512475649516 258.957286675771 261.281847953796 256.595889727275 192.944526672363 135.40455698967 113.82120847702 112.892687320709 114.738126595815
299.5711962382 303.846836090088 303.580005963643 310.406088829041 318.884909152985 327.511111895243 332.972248395284 334.899147351583 333.450754483541 323.392232259115 310.618937015533 292.094488938649 280.543446540833 280.980368455251 277.307252089183 272.112270196279 276.225507259369 276.114344596863 270.522077878316 269.652148087819 272.253712018331 274.184902509054 272.59620030721 267.73989200592 266.197184721629 268.430968125661 272.439062595367 273.446917533875 275.935689608256 275.508721669515 274.821480115255 276.320199171702 258.354961872101 243.622342745463 269.296546777089 285.649100939433 280.240376790365 274.665772914886 264.810025691986 265.328625837962 291.177173455556 289.591749509176 222.435832023621 168.266316254934 137.02259461085 113.909800847371
