input/barkrak2/radiation/dir15224.grid
NCOLS 85 
NROWS 70 
XLLCORNER 665100 
YLLCORNER 4664600 
CELLSIZE 20 
NODATA_value -9999 
[rows 0 to 19 of 70, columns 0 to 45 of 85]
350.755453109740984 353.690584500631 353.464444478353 349.597414334615 344.323039054871 339.334567387899 331.335544586182 325.198551019033 330.146531263987 328.969915707906 325.799584388733 333.702484766642 340.122183163961 339.98441696167 343.01479657491 352.784713109334 354.568560918172 344.22500928243 334.219694137573 324.281573295593 302.466909090678 297.664642333984 314.178625742594 321.159104506175 317.794919013977 316.430608431498 315.424919128418 306.737383206685 288.130124409993 280.934532483419 279.8779408137 284.761846065521 294.268091519674 299.846450487773 306.77322546641 299.364447593689 296.376665433248 304.742395877838 302.609403928121 304.643054803212 294.584016005198 275.801440080007 286.367197831472 310.000995794932 315.792083740234 306.408762931824
343.981226285299 349.759777386983 350.443840026855 349.46084022522 347.650090853373 343.712528546651 333.300213019053 322.716653347015 325.764079888662 327.592114607493 322.270075480143 328.294694423676 336.881637573242 337.797125180562 336.654822031657 341.317494710286 342.247207959493 339.866638183594 338.090181350708 330.990632375081 315.522193908691 307.15407927831 311.863938967387 316.867570082347 316.080729166667 313.112000624339 311.365882555644 306.304574012756 291.367173194885 281.192461649577 282.496889432271 292.138775189718 290.761788686117 294.632911682129 305.61770995458 298.068086306254 291.344364484151 292.652249336243 287.736932436625 303.305725256602 300.995091597239 288.713812828064 295.805136362712 315.189202626546 320.794999599457 309.551239013672
324.442923069 323.41480255127 328.568200270335 334.269007047017 337.785879770915 339.831153551737 339.882135391235 336.719075838725 333.31690231959 329.947888851166 321.702738602956 322.107533613841 330.258150895437 332.576056321462 328.297515710195 331.628282864888 334.964076677958 339.786291122437 341.950178146362 337.535500526428 332.869410514832 323.332150777181 315.539360046387 314.226408799489 315.368076165517 315.935512383779 310.491820176442 303.957343101501 292.868336041768 280.921041965485 278.828998406728 291.313290596008 278.262138366699 285.589098930359 300.84216594696 295.154134432475 280.038317044576 272.324999173482 285.64727306366 303.25057109197 304.798662662506 304.879188537598 307.067294915517 321.254849433899 330.664316813151 317.982256412506
305.456678072612 304.299831390381 309.11248922348 309.559861818949 307.884256045024 314.323544502258 317.607661088308 325.56688785553 333.379507064819 337.297161420186 334.174235661825 332.191407680511 332.86847670873 332.025806109111 328.321973482768 322.178840637207 324.709852536519 330.450097719828 336.613098780314 338.750799496969 336.607336997986 333.12447865804 331.455190976461 324.964960416158 323.053618272146 324.054499467214 318.79323720932 310.212095578512 301.663716634115 292.135079701742 282.470901807149 290.203948815664 278.883496920268 285.321672757467 292.062878608704 293.206373850505 286.628405253092 284.18227036794 302.719434102376 315.093199412028 312.366127967834 304.509917894999 300.900101661682 309.042036533356 320.347825686137 322.596768538157
321.408808231354 307.639638582865 292.407234509786 279.781341552734 284.805198510488 296.772917111715 311.497489611308 318.269292513529 324.364562829336 328.272342681885 335.73575814565 341.089447339376 342.502435048421 341.837167739868 339.228789011637 335.824489593506 333.949486414591 329.283654689789 331.920623779297 336.696147918701 336.109757423401 335.895935694377 338.778376579285 333.753188451131 328.870236873627 328.011790911357 323.165734608968 314.373056093852 305.806219577789 300.364077091217 299.017469088237 297.215421994527 290.448288122813 292.496105035146 290.388703346252 293.880661328634 303.913235664368 309.443096319834 318.736910820007 323.473393917084 321.11132144928 313.623627026876 306.103030840556 302.16779311498 307.804902394613 327.69517103831
343.645334243774 326.792279879252 305.018961429596 286.539038022359 277.923941612244 287.117640177409 305.662353833516 317.371209462484 318.727533022563 319.93426879247 325.183550516764 332.599262396495 337.186336517334 338.874538739522 341.457645098368 342.200716336568 338.711977005005 331.447760264079 330.205976963043 333.497563997904 333.077629407247 336.244185765584 341.177821159363 339.185873667399 334.850390752157 333.47209294637 327.504356702169 318.489074707031 308.282256126404 301.594793796539 301.416079203288 297.960599263509 302.180349826813 307.895302772522 302.793383598328 300.094167391459 308.407882849375 315.814852714539 319.634159406026 319.708665211995 320.651849110921 316.796024640401 313.977400461833 313.157677650452 311.913172403971 316.718538602193
346.806049346924 337.765733400981 327.15098063151 312.687814235687 298.698743184408 285.295744736989 290.089507897695 312.568287054698 321.310142676036 326.207041740417 324.583848317464 321.388940016429 318.756520748138 315.368235111237 316.888133684794 326.077818870544 331.612169742584 336.779435475667 338.869015375773 338.701844215393 334.779183069865 330.947677294413 338.031689325968 340.295155843099 338.395039240519 339.278658231099 335.77028910319 328.139265378316 318.002422650655 311.117430528005 306.744674841563 308.028062184652 321.434080600739 326.7476161321 324.65261220932 317.940235137939 316.429674625397 319.83741124471 323.066453138987 328.413903713226 328.418850898743 324.312309424082 320.398688316345 314.704795678457 299.553453922272 293.331503868103
343.768278757731 343.85359287262 341.535091400146 334.727764129639 322.11180528005 302.190244197845 281.74082438151 283.437053362529 309.779703617096 325.984259446462 329.101622104645 326.604783535004 321.457803249359 315.743982791901 307.419896125793 309.859971205393 317.04701979955 326.610823472341 337.439338366191 343.000531196594 341.308275858561 335.388580958049 335.531155268351 339.265425999959 339.409311612447 341.247002283732 340.464194615682 336.300134658813 329.828143119812 325.906654198964 323.307931423187 324.319899082184 333.620309829712 336.436708768209 336.076418558757 332.468827565511 327.098250389099 323.215206464132 317.437132199605 323.504348595937 331.316252549489 334.866881370544 333.725094795227 325.104971726735 308.93220504125 293.108840783437
340.896209081014 341.57661596934 341.750661532084 340.032458305359 335.092425346375 324.561754862467 304.74317073822 281.988183657328 289.695839087168 308.617691198985 322.524189949036 326.866209506989 327.033082644145 325.793623924255 320.437391599019 316.208243370056 313.252548376719 316.329598426819 325.354317824046 334.913333257039 340.448220570882 342.336932818095 340.328574180603 337.844928105672 338.38693300883 341.585199038188 342.029690742493 340.153932571411 337.811152140299 338.449041048686 338.954369227091 338.037689526876 341.031511624654 341.911435127258 338.904062906901 337.163011233012 333.691318829854 326.160113016764 312.415381272634 315.450310707092 330.405433972677 334.071358044942 331.500430901845 327.12056239446 318.173050880432 308.834930260976
331.451535224915 335.750500361125 337.373932202657 337.859074274699 336.829423904419 336.936712265015 330.631852149963 318.431158860524 295.439302921295 287.441511948903 300.285398960114 316.833138465881 329.037626584371 333.384792009989 335.068980852763 331.726749738057 323.205192883809 320.163528124491 319.716195265452 320.61509291331 326.10962788264 329.854647318522 332.12286233902 333.768765131633 336.084842681885 338.675260543823 340.42223294576 339.228868484497 338.564833005269 340.686241785685 341.540455818176 341.544032096863 344.045400619507 345.05554040273 343.239386876424 339.797099431356 337.714910507202 333.182334899902 315.150896708171 311.763346195221 325.087010860443 326.944351196289 325.147211551666 322.989881038666 314.863999684652 305.543780326843
301.172256469727 310.789167881012 318.503320217133 324.179867903392 329.132974147797 332.793037096659 334.991812705994 333.812117576599 317.885597546895 299.284180005391 288.126309712728 294.799228509267 314.953962961833 329.744497934977 336.539109547933 331.955790519714 328.323463598887 325.172583262126 320.400814215342 315.656244754791 315.940121809642 315.71638584137 317.372600237529 324.574629465739 330.245653788249 333.80381266276 334.926724433899 334.433635075887 336.803356806437 339.282671610514 340.364813804626 341.701110204061 345.545570055644 346.144358317057 344.679991404216 341.660579045614 340.809345245361 340.626279513041 329.310576121012 317.617456118266 321.714818477631 325.379252433777 326.480587323507 326.409598191579 319.2058801651 310.517191886902
269.203384717305 273.66437514623 279.858549435933 289.797047773997 301.942467689514 313.628156979879 325.52433013916 329.198638598124 330.068707466125 322.419265906016 304.847041765849 289.213915665944 289.52411810557 309.164841969808 325.021048386892 325.654764970144 330.192188421885 329.23682530721 323.989927768707 317.454278469086 311.822195847829 309.564848740896 309.644321600596 315.925697485606 320.875227451324 323.471506436666 324.867188930511 326.779802640279 330.50940434138 332.996726036072 335.277875264486 338.754137357076 342.413862546285 342.553536097209 341.384490331014 340.667247772217 342.864116032918 344.519178072612 341.621915499369 332.484086354574 330.149074395498 333.138684431712 335.949182510376 335.859696070353 329.736451307933 327.203631401062
258.913060029348 255.122621854146 252.178311347961 252.18935807546 260.034402211507 273.334125677745 293.712516625722 309.895833333333 329.428950945536 330.929756164551 324.437816937764 309.130469957987 287.551760673523 285.648345947266 304.159601529439 321.175416310628 330.388029416402 331.638813018799 329.268197218577 324.422736962636 318.836490313212 317.897578080495 317.59504477183 317.380706469218 317.026893297831 315.912663936615 318.869431813558 324.454843997955 325.758238633474 326.639076073964 329.601963361104 333.105087280273 334.787527720133 334.786693255107 335.326194763184 337.675889333089 343.169768651326 346.086422602336 345.382213592529 343.770583470662 341.877977053324 341.32452805837 340.80179532369 340.161720911662 334.298372268677 331.156671047211
253.905455271403 229.117115338643 213.414311408997 208.158989747365 205.555399258931 211.371004581451 230.290095011393 261.644303798676 294.008096059163 319.178680578868 328.879872957865 328.86670033137 318.430006504059 299.19175306956 297.175089518229 316.425442695618 327.199816703796 333.027044932048 336.103041966756 334.588925043742 328.704992930094 326.547265052795 324.558099110921 324.53050216039 322.791775067647 320.913255214691 323.462287584941 328.580439090729 327.520847320557 324.025372664134 327.012320359548 330.328782399495 331.734915574392 332.050859928131 333.613077799479 336.549003918966 340.021053949992 342.135826746623 342.497905095418 341.704964637756 342.467387517293 343.550841013591 344.20903523763 342.470725377401 337.039868036906 332.875470320384
238.267083962758 204.27417755127 182.287017504374 178.124626477559 177.766044934591 182.470778624217 190.608958403269 215.495427449544 240.072210629781 284.713963667552 324.738442897797 339.534958203634 341.349204381307 333.086371421814 315.270205338796 312.13903427124 316.445628801982 326.61497592926 335.019032160441 337.944348653158 337.393363316854 334.466099739075 333.440184593201 331.920584042867 328.211843967438 326.776564121246 329.214791456858 330.425520737966 325.548450152079 323.488195737203 327.071070671082 329.152643680573 329.40944035848 329.589247703552 331.776261329651 334.075212478638 334.257364273071 333.691199620565 335.160613059998 335.047682126363 336.956063906352 340.376019477844 342.54531065623 340.975483258565 337.291240692139 335.486570994059
204.089820384979 179.180900255839 162.766536076864 159.181465705236 175.025463104248 196.628252665202 194.961547851562 200.720608234406 221.684773763021 249.743044376373 295.810580253601 336.911241213481 346.236348152161 345.237930615743 337.311029434204 317.665636539459 309.978067874908 311.847309271495 323.692202568054 336.787740389506 340.66637357076 338.008801142375 338.923692703247 336.264610290527 332.058588663737 331.505080064138 334.730505943298 331.540942192078 326.405207316081 328.820427258809 330.933213233948 330.584208170573 328.939239184062 327.534357706706 327.979306379954 327.595869700114 326.629837354024 322.970390319824 324.470043182373 325.521032015483 327.635169029236 330.97384373347 332.474271456401 331.534604231517 334.203640619914 336.088379224141
179.953098297119 170.594414075216 160.128384828568 151.195744673411 155.725300312042 178.696970144908 197.927077611287 201.701164245605 214.63801463445 228.468537330627 253.299156824748 301.90900961558 341.655810674032 344.182372093201 341.816465059916 337.927341461182 331.152399381002 321.206311384837 314.184228579203 322.327931722005 335.097988446554 339.641054471334 341.222524642944 338.99716536204 335.368076960246 336.295406023661 339.230259259542 336.48419380188 332.561771074931 336.206515630086 336.976607640584 331.035931905111 327.723403771718 325.95157623291 323.012133439382 321.309407552083 318.611145019531 317.827800909678 317.042291164398 319.229563077291 321.205814679464 322.096447149913 323.851585388184 324.386974175771 332.589109738668 336.120406786601
171.376744906108 174.733757972717 174.273610115051 162.828395764033 146.538197994232 154.843012491862 186.653971672058 202.389617760976 220.994353294373 234.069208304087 240.352590878805 266.768137613932 315.248111883799 340.875228246053 344.133059183757 345.272779464722 344.287951787313 338.660637537638 327.242334683736 316.038290659587 323.855618635813 337.77117729187 338.941216468811 337.802688280741 338.038404782613 341.586351394653 343.845129013062 342.096249262492 339.619874954224 341.119766235352 337.913950284322 331.922888755798 328.613877296448 325.011213620504 321.29697004954 318.566262722015 317.147771517436 317.431032657623 317.376017570496 317.726254463196 319.602231184642 320.804278055827 319.730440775553 322.537740071615 329.344550768534 335.652073224386
181.111057599386 191.689292589823 199.188431104024 190.796395142873 168.766478697459 165.730158487956 186.295092105865 206.244250138601 224.823971589406 247.363845507304 253.85574499766 263.013978799184 288.181682427724 322.237114111582 339.340329170227 344.020287195841 344.055493672689 343.461791674296 341.745098431905 332.443753878276 320.046941439311 329.039295514425 332.549830277761 336.702346801758 341.157793998718 344.743887583415 346.24449412028 344.749609629313 340.692083040873 340.226491292318 336.589336395264 332.165777683258 328.712781270345 325.322469075521 323.132614294688 320.423165957133 319.36514377594 317.617356777191 317.051033178965 319.26832596461 321.1470246315 322.20862309138 321.887274583181 324.134826660156 324.055234591166 332.204878330231
194.681028525035 199.279308319092 211.843589941661 225.27547677358 211.454192797343 184.104124704997 184.33274825414 197.33860095342 214.816232522329 239.195605119069 253.865122795105 255.662679672241 267.854432264964 285.903712113698 315.60887893041 336.411674817403 339.691400527954 339.95525042216 340.635220209758 340.511361757914 336.408893267314 328.427573045095 329.129854838053 334.425210952759 339.423219362895 343.738754590352 346.385717391968 344.385862350464 338.723063468933 338.281393051147 334.748307863871 329.572240511576 326.322019100189 325.40241877238 324.314753214518 321.781893571218 320.096711317698 314.855376879374 312.713424364726 318.84225209554 323.28474521637 324.461082617442 325.063983599345 324.99106725057 323.332210381826 328.297833601634
