input/barkrak2/radiation/dir14124.grid
NCOLS 85 
NROWS 70 
XLLCORNER 665100 
YLLCORNER 4664600 
CELLSIZE 20 
NODATA_value -9999 
[rows 0 to 19 of 70, columns 0 to 45 of 85]
341.082056363423987 345.403591791789 346.839229265849 345.376928647359 341.510891914368 336.365342140198 328.580578168233 322.458465894063 327.035526434581 325.990875562032 323.150475819906 330.145418643951 335.670272509257 334.938645362854 337.680498758952 343.544324239095 341.911315917969 334.067106246948 328.450798988342 317.396104335785 297.071973482768 294.103523095449 312.252302964528 319.520731767019 317.163089911143 316.580235958099 314.554274082184 304.344971974691 286.31850083669 280.443608760834 278.385440508525 285.258869330088 298.228700955709 303.755482037862 308.579484621684 301.191210746765 298.861503601074 308.234095573425 306.318720181783 305.93607823054 296.607136726379 280.080258846283 289.472957452138 309.774776299794 315.873344739278 308.186948299408
332.724610964457 339.428981145223 339.155117670695 342.500567436218 339.877208073934 337.78456846873 329.135795434316 320.288280646006 323.513944943746 325.384835402171 320.343434810638 325.832943121592 333.077331384023 334.266742070516 333.473960558573 337.661027908325 336.971720059713 332.276086012522 331.685543060303 324.176688989003 310.416599114736 304.742713769277 311.403493086497 316.549042860667 316.179553667704 314.11212682724 311.98251247406 305.209219455719 290.301322937012 280.559162298838 281.649688879649 293.338418006897 295.284390449524 297.680656115214 307.787537574768 299.90557829539 294.573207696279 294.799447059631 292.926748593648 305.252651373545 302.864114443461 291.739583015442 298.081676165263 315.192739168803 320.618212223053 312.073012193044
304.017186164856 309.086740016937 314.515312512716 319.620807965596 325.075248877207 330.947200457255 332.191904385885 331.394672393799 329.569697380066 326.42396291097 318.963567415873 319.770117600759 328.116536140442 330.671370029449 327.009081840515 330.638448397319 334.227403004964 336.601416269938 335.774501164754 330.885310967763 328.337629636129 320.930123329163 314.643502235413 313.686649004618 315.800189971924 316.390613714854 310.689389705658 303.689201672872 292.087614536285 281.028707822164 279.974261919657 294.037501017253 283.725678920746 290.059626102448 303.500016530355 298.181494077047 284.587502479553 278.455217679342 289.846897125244 304.966549078623 305.899620056152 305.303831895192 306.665201981862 319.488644599915 329.161862532298 318.455159664154
287.647604942322 285.115838050842 287.36666838328 290.420214335124 298.009872436523 302.882711092631 307.565947373708 315.626343091329 325.670301914215 330.978771050771 329.039732615153 328.667799631755 330.411692460378 330.577492713928 327.442526817322 323.029299577077 325.803279876709 329.642176628113 333.203355471293 333.19765329361 331.300834814707 328.096489111582 327.599465847015 322.396914164225 320.765237013499 322.255710760752 317.327757676442 309.079170227051 300.681054592133 292.153676350911 283.856709798177 293.616731961568 283.817648887634 289.24681742986 295.748015244802 296.917696793874 291.56494140625 288.659731547038 304.822166760763 315.152327219645 311.576843261719 304.251313209534 300.45880873998 309.258977572123 320.106248060862 321.044862270355
305.089950561523 286.68483098348 272.498647371928 266.685843467712 271.588265895844 285.323401292165 299.799342950185 307.142535845439 313.848495483398 318.252662817637 328.10386021932 335.496822992961 337.911049524943 338.190674781799 335.74640750885 333.700060844421 331.457356611888 326.387941837311 328.162391980489 332.833011945089 331.394791603088 330.957094828288 334.376891454061 329.980631669362 326.176365216573 325.432936350505 321.000615755717 312.73074944814 304.816047350566 299.956540266673 299.368917942047 300.565044085185 293.360491593679 296.357055505117 294.110457102458 297.561804453532 306.537667910258 310.829520225525 318.670550982157 322.154959042867 320.671180884043 312.976837158203 306.517382462819 303.616901238759 308.73441696167 325.042982896169
329.008996486664 310.079673926036 290.418565273285 271.741966406504 262.860655784607 272.481064001719 293.504516283671 305.963893731435 308.515588442485 307.778080304464 314.720352490743 323.048969109853 328.365921974182 331.684907277425 334.892829259237 335.573673248291 332.541465759277 326.237956682841 325.828989346822 329.447050889333 329.322556654612 332.618276278178 338.425000508626 335.718631744385 331.610957781474 330.958326657613 325.115422407786 316.878418127696 307.528018951416 301.525433858236 302.819609642029 301.425496737162 305.028001467387 311.083118120829 305.581529935201 302.493512630463 310.168206691742 316.206812858582 318.963686625163 319.292962551117 319.771548112233 315.91526667277 313.704907894135 312.93652455012 311.136146386464 312.928716341654
338.402986526489 328.016002972921 315.175334612529 299.461901187897 283.043424288432 272.20630645752 278.867979844411 300.845563411713 310.257951418559 315.651456514994 313.844263553619 310.33198038737 307.451764742533 303.93785238266 305.590788523356 315.686285495758 322.103341420492 328.968485196431 332.665801048279 334.316651026408 331.343114376068 328.084270159404 334.483106931051 336.289644241333 334.777116775513 335.880359013875 332.947611808777 326.108197371165 316.608965396881 310.947259267171 308.299024899801 309.839606285095 322.380820910136 327.704310417175 324.569821357727 317.688047885895 316.277941068013 318.886876106262 321.4098016421 325.751940409342 325.178404649099 321.283300717672 318.07533899943 313.251336415609 298.968474070231 292.344788710276
337.169090906779 335.524042447408 332.277297973633 324.820140997569 309.707601865133 286.810457706451 268.652240435282 270.098904768626 297.609329223633 315.193216005961 318.895618120829 316.152195135752 310.453196366628 304.160217444102 295.206030209859 296.678860982259 306.754370530446 317.151288191477 328.868707021077 336.221814155579 336.528023084005 331.760287284851 332.70009358724 335.479100545247 335.424860318502 337.063789367676 336.450656255086 332.72514740626 326.89501841863 324.126601219177 322.7645556132 323.970993359884 332.469344139099 335.293809572856 334.128777186076 330.33949136734 325.411836306254 321.184436480204 315.224428971608 319.353103637695 326.508482297262 330.472747484843 331.445475419362 323.978066444397 308.701415856679 294.476727644602
333.895643552144 334.561586380005 334.193706512451 331.643521785736 325.540582338969 313.432574272156 292.113661766052 266.97568098704 276.999274889628 296.659191449483 311.375141143799 316.360831260681 316.726724306742 315.286258856456 309.093376000722 304.493804772695 301.486372947693 304.797927538554 314.678510030111 325.384239355723 332.216103871663 335.488518079122 334.785342216492 332.221945126851 332.922498385112 335.880796114604 336.908260981242 335.200905799866 333.12984307607 334.880669911702 335.737983385722 334.904034932454 336.937149365743 337.526400883992 335.336287816366 333.862622578939 330.082853635152 323.045194149017 309.829036394755 312.322835127513 327.39528020223 332.939724127452 331.371585528056 326.318204402924 317.346195379893 308.443069458008
321.327269077301 326.436400413513 328.872263431549 328.977545102437 327.663421630859 327.111780643463 319.218595822652 306.93797270457 282.729347546895 275.7448554039 287.396232287089 306.080241998037 319.359242916107 324.36748345693 325.559079647064 321.560800075531 312.077323595683 308.765292167664 307.149469852448 309.521416823069 315.474192301432 320.48092285792 323.433180650075 325.664003690084 328.735450903575 331.089437007904 332.34574397405 331.448296705882 331.48467540741 334.624052047729 335.607290267944 335.312445958455 338.383277257284 340.54970741272 339.09805615743 335.07227897644 332.903166611989 328.945795694987 312.628706296285 310.190955797831 324.314435323079 327.060421307882 325.097839037577 322.535614172618 314.171473185221 305.357933044434
288.109878698985 298.429807027181 306.901494661967 313.301761945089 318.947950998942 323.613742987315 325.938443342845 324.500203132629 307.201703389486 287.788192431132 276.199817657471 281.672636667887 302.96128988266 319.254020849864 327.17110713323 321.219762166341 316.935022672017 313.116808732351 307.773490746816 303.946057955424 304.178933302561 303.014914194743 305.097838242849 313.310046990712 320.094585418701 324.325601259867 326.001107692719 325.106660525004 327.623148759206 330.453594525655 331.809361775716 333.833694458008 338.387568791707 340.071638425191 338.687658309937 335.479497909546 335.26333173116 335.675319035848 325.735688209534 316.757241884867 321.642816066742 325.226346651713 326.648592948914 326.162437597911 318.762203057607 310.962875684102
253.554066022237 258.212665716807 265.592753887177 276.027103265127 288.896401723226 301.427106062571 314.402461051941 318.488717079163 319.390296936035 310.865084330241 291.977047920227 274.363140265147 276.309450467428 295.507649580638 313.961247603099 314.914703369141 319.832483927409 317.845066388448 311.822414398193 304.583390553792 299.699743588765 297.277569770813 296.522736549377 303.284009297689 308.915992577871 312.099138895671 313.763578732808 316.563487052917 320.211668809255 323.052942752838 325.695832570394 329.442222913106 333.445231119792 334.749341011047 332.989652951558 333.245853583018 335.930228233337 338.713884353638 336.793820063273 330.082794030507 329.001108805339 331.97695016861 333.627184232076 333.169043064117 327.461938063304 325.062155723572
243.653953075409 239.731788635254 237.645030021667 236.84561252594 243.956049283346 258.777519067128 280.130008856456 297.322332859039 317.69186258316 320.36562760671 313.10764948527 296.531041463216 273.931403954824 270.619928836823 290.180782477061 309.68834956487 319.9170033137 321.37393951416 317.903459072113 312.31685479482 306.186238924662 305.316030979156 304.983735084534 304.824630419413 304.673930009206 303.684810797373 306.854029496511 312.983572483063 315.250754356384 316.218316555023 318.858027458191 322.654922803243 324.299216270447 325.372974077861 326.168437798818 328.933517138163 334.503412246704 338.676452636719 338.487943013509 338.741660118103 337.725480397542 336.852629979451 336.291154225667 335.802793502808 330.245912075043 327.561656634013
238.47766717275 212.975144386292 196.92321618398 191.575805346171 188.983241717021 195.030709107717 214.42586183548 246.80894613266 279.271602630615 306.502302487691 317.767242590586 318.171779314677 306.517501672109 286.355217297872 282.781402269999 303.30232779185 315.207699934642 322.896122932434 325.867176055908 323.931376139323 317.14258591334 314.828177293142 312.612275282542 312.524060408274 311.692615350087 309.093991915385 311.675290266673 317.361195882161 316.464801629384 312.487959861755 316.504895687103 320.172667503357 321.672717730204 321.103036403656 323.046108086904 327.406406402588 331.385711828868 332.977255185445 333.852410316467 334.176500638326 334.740877151489 336.456338564555 337.87480990092 337.09442615509 331.732710202535 328.583280245463
223.069667816162 186.678071816762 165.183285872142 160.944779713949 160.624712705612 165.61417778333 172.723531723022 198.360681533813 225.614090760549 269.78600025177 312.265018622081 329.441289107005 331.635693709056 321.545163790385 303.434471289317 298.734982808431 303.315579891205 314.466039339701 325.087984402974 328.771710395813 327.392896016439 323.927362759908 322.64502843221 320.756793022156 317.722638448079 316.230197747548 318.709154923757 319.305260976156 314.536948998769 312.011182308197 315.523465474447 318.794469038645 319.048444430033 319.219370683034 320.75713078181 323.308527469635 324.676990509033 322.934508323669 324.910422166189 324.93778069814 327.304085095723 331.357260545095 334.059357643127 333.188951015472 330.159604549408 329.109827677409
189.467291037242 163.220743338267 144.069800774256 141.685585180918 157.796094814936 178.731878598531 179.309368133545 186.656534671783 205.726106961568 235.732515652974 281.938870747884 325.836340586344 337.515751520793 336.302042007446 326.336701711019 304.630875587463 296.342790126801 298.349281152089 311.201949914296 327.047308286031 331.902186075846 328.848421573639 329.187750816345 325.945059458415 321.37660185496 321.536421775818 324.087897936503 321.405510107676 316.075106461843 318.549513816833 319.772760073344 319.379528363546 317.530473073324 316.916088263194 316.456437110901 316.029767195384 314.863642056783 310.968816280365 312.77471780777 314.022858937581 317.423601945241 320.144375165304 321.909805138906 322.191079457601 325.28547445933 327.730596065521
167.122840881348 156.978944937388 141.659438610077 132.729391256968 137.260258197784 160.641173521678 182.382067044576 185.989717642466 201.734443505605 213.905612627665 238.899270693461 288.134137789408 331.326285998027 335.699955622355 333.095173041026 327.473441759745 320.478916168213 308.507243792216 300.956606864929 309.696157773336 325.159668922424 330.799202124278 332.69065618515 329.551895459493 325.350324312846 326.271951198578 329.352657000224 326.407074928284 323.077837626139 327.006975809733 327.539285024007 320.054908593496 316.290418306987 314.125378926595 310.887296994527 309.151450792948 306.124647458394 305.240948994954 305.57914574941 307.026028633118 309.090892473857 311.267852783203 313.206414381663 314.002354939779 323.425610860189 327.726463476817
158.994913101196 161.600798368454 157.189418872197 144.411742687225 128.146549065908 141.009430090586 170.147260030111 190.013786156972 206.926723321279 219.892859458923 226.826330025991 255.634029706319 299.118240674337 330.481807390849 335.411032040914 336.900512377421 335.820953051249 328.965981801351 316.161592801412 302.909851074219 311.374624570211 328.137119611104 329.856753349304 328.95968357722 328.81885766983 332.460304101308 334.941148757935 333.269317944845 330.769340197245 332.270979881287 328.527251879374 321.682929992676 317.545135815938 313.261091709137 309.108893076579 307.088534037272 304.579734802246 304.801026980082 304.793794949849 306.308547655741 308.338264624278 308.591425418854 308.665156364441 311.740835507711 318.224549293518 325.668692588806
167.475481828054 177.984575430552 184.633910655975 173.36118221283 152.317732572556 153.296073277791 173.430323600769 193.19091240565 214.491228262583 234.930733839671 241.07958873113 249.25152460734 276.680906613668 301.780819892883 328.36918036143 334.953467051188 335.74382464091 334.924300511678 332.577586174011 321.958800156911 307.236234347026 317.073980967204 322.249035040538 327.207942803701 332.030673821767 336.137016614278 337.872266769409 336.807290712992 332.532405853271 331.760207811991 327.494521935781 322.937647501628 318.672239780426 313.906788825989 311.273058255513 308.210492134094 307.917435963949 306.000332037608 304.432968298594 306.841532389323 310.01885732015 311.177353064219 309.792796770732 312.104284763336 313.424209753672 321.328322092692
179.511109987895 184.460461139679 197.744846343994 208.571116129557 195.594410101573 171.096285184224 173.293550809224 185.129503409068 201.560159524282 226.771771907806 241.44846200943 242.453634738922 253.550966580709 269.610246022542 289.977808793386 320.711612701416 329.525252183278 330.725312232971 331.58814907074 331.21919631958 325.348635514577 316.392521063487 317.267199357351 323.338707288106 329.343914985657 334.506114323934 337.82152334849 336.387435595195 330.521066983541 329.931517442067 326.003551483154 320.519884427388 316.49128595988 314.841628074646 313.383996486664 310.504754384359 307.774583498637 301.961739857992 300.689339637756 307.315131028493 311.087230841319 312.444408734639 314.304729302724 313.04395198822 311.189711093903 316.854159037272
