input/barkrak2/radiation/dir18724.grid
NCOLS 85 
NROWS 70 
XLLCORNER 665100 
YLLCORNER 4664600 
CELLSIZE 20 
NODATA_value -9999 
[rows 0 to 19 of 70, columns 0 to 45 of 85]
352.896928787230991 355.263948440552 354.360938072205 349.571784337362 343.771656354268 338.937838872274 330.824176470439 324.616173903147 329.696853955587 328.359703222911 325.135906537374 333.273450533549 339.938402175903 339.768648147583 342.804829279582 353.194077809652 357.23082224528 352.894226710002 336.515029271444 326.407074928284 303.360362847646 297.434488932292 313.762466112773 319.736361503601 316.909849643707 314.258476098378 314.260482788086 305.790066719055 287.124117215474 279.770155747732 278.828342755636 283.108989397685 291.375637054443 296.953479448954 305.129011472066 297.529816627502 293.985486030579 301.992833614349 299.786925315857 302.118976910909 292.22826162974 272.835373878479 283.325095971425 309.212783972422 314.246435960134 305.125812689463
346.752087275187 352.204243342082 353.313565254211 350.135087966919 348.632057507833 343.977689743042 332.798540592194 322.009245554606 324.844459692637 326.70126358668 321.399887402852 328.094760576884 337.031960487366 338.568607966105 336.928884188334 342.787345250448 341.238220532735 340.617974599202 338.969866434733 331.963340441386 316.189169883728 306.476493676503 310.939093430837 316.336989402771 314.791083335876 310.600797335307 309.899608294169 304.387132326762 290.289918581645 280.28404712677 281.258622805278 290.213306744893 287.577748298645 291.089157263438 303.650736808777 295.697808265686 288.670539855957 290.404796600342 286.117196083069 301.213105519613 299.049894014994 286.025583744049 293.343385060628 313.372035821279 320.140739281972 307.647546132406
328.399121761322 328.776200612386 332.496205965678 335.125724474589 342.418591181437 344.716946283976 342.966794967651 337.721824645996 332.853853702545 329.156776269277 321.105261643728 321.342368920644 329.472343126933 331.71812693278 327.746510505676 330.669144789378 334.139267603556 338.14279238383 342.270493507385 338.104923566182 332.968274752299 323.107719421387 314.330736796061 312.780340512594 314.629673957825 314.512292544047 309.089501698812 302.811185518901 291.684985160828 279.450039068858 276.995460192362 288.856665293376 275.786618391673 282.619833946228 298.256556193034 292.629778385162 276.963710784912 269.873877366384 281.607846419017 300.812045733134 302.969813346863 303.156634171804 305.532813072205 320.216178894043 330.56636651357 316.372275352478
312.315344810486 309.37659740448 312.609732151031 316.482504208883 316.426595052083 317.02184677124 320.282657941182 327.787458896637 335.761189460754 338.278214136759 334.480921427409 331.551929314931 331.573267777761 330.953558286031 327.046672503154 321.212073167165 324.020862579346 329.493145147959 336.389978726705 338.271220525106 336.206793785095 333.220859368642 331.604103247325 324.616372585297 322.156389554342 323.908388614655 317.79936949412 309.101204077403 300.380289554596 290.532151858012 280.753970146179 287.482539812724 275.765637556712 282.306392987569 289.555390675863 290.441254774729 283.707618713379 280.438303947449 299.489120642344 313.203493754069 310.626407464345 303.182164827983 299.303531646729 307.40495522817 319.490691026052 321.162700653076
325.69952805837 313.110450903575 304.47773138682 289.530793825785 288.577914237976 301.559885342916 314.506053924561 321.013967196147 326.846400896708 330.537517865499 337.281703948975 341.796676317851 341.870228449504 340.742786725362 337.882041931152 335.665941238403 333.195428053538 329.114377498627 331.808606783549 336.840589841207 335.860252380371 335.734923680623 338.824391365051 333.388765652974 328.616658846537 327.691197395325 322.215040524801 313.611884911855 304.537236690521 299.14128780365 297.373414039612 294.557690620422 287.650366624196 290.291587511698 287.608027458191 291.519423325857 301.514406998952 307.226220766703 317.01664129893 322.505354881287 320.080022017161 312.434315681458 304.258783658346 299.964745839437 305.704712867737 326.674779256185
348.415613174438 333.226879437764 310.366253058116 288.802564144135 281.869570414225 289.212703704834 308.91615152359 320.234676202138 322.421868642171 321.609139442444 327.663421630859 334.691087404887 338.977972666423 340.431014696757 342.697978019714 343.105554580688 339.41380182902 331.77391688029 330.220222473145 333.393176396688 333.18297068278 336.117426554362 341.171344121297 338.435769081116 334.010044733683 333.312670389811 326.652785142263 317.387064297994 306.947390238444 300.0714580218 299.400389194489 295.295079549154 299.785673618317 306.419372558594 300.428549448649 297.70682255427 305.831849575043 313.493033250173 317.888895670573 318.204760551453 319.250146547953 315.498252709707 312.412858009338 311.75035238266 310.398538907369 316.50040547053
348.911643028259 340.438922246297 329.859515031179 315.866589546204 300.868769486745 290.718754132589 296.956896781921 315.613627433777 324.019173781077 328.708330790202 327.165762583415 323.026617368062 320.51153977712 318.252285321554 319.721062978109 328.510085741679 332.769652207692 338.118314743042 339.442332585653 339.131752649943 334.453145662944 330.409785111745 337.7525806427 339.611887931824 337.645729382833 338.948965072632 335.22375424703 327.308813730876 316.964030265808 309.630672136943 304.539144039154 305.136322975159 319.636185963949 326.160331567128 323.115408420563 315.979957580566 314.515431722005 318.402608235677 321.864247322083 327.497204144796 327.681263287862 323.505938053131 319.30673122406 313.309987386068 298.904458681742 292.152365048726
344.527959823608 344.711105028788 343.334515889486 338.639696439107 326.094587643941 305.780688921611 285.524845123291 287.514011065165 313.001831372579 327.493786811829 331.447720527649 329.043487707774 324.128667513529 318.676312764486 310.656825701396 313.019315401713 321.009119351705 328.997552394867 339.101394017537 343.951463699341 342.220266660055 335.4678551356 335.408131281535 338.639934857686 338.86730670929 341.208020846049 340.359608332316 336.023767789205 329.310933748881 324.934323628743 321.774363517761 322.187801202138 332.474668820699 336.388826370239 335.344910621643 331.684211889903 326.021254062653 322.274883588155 316.527724266052 323.434034983317 331.453124682109 334.789037704468 333.43247572581 323.776920636495 307.207047939301 291.104257106781
342.413783073425 343.162337938945 343.328277269999 342.040220896403 337.140599886576 327.296316623688 308.184246222178 285.921315352122 293.293992678324 311.810453732808 325.283050537109 329.312105973562 329.38555876414 328.231235345205 323.254386583964 317.983746528625 316.300610701243 319.270769755046 327.933212121328 335.803429285685 341.995517412821 343.310356140137 340.787212053935 338.327844937642 338.810165723165 341.582377751668 343.11306476593 340.53913752238 338.040590286255 338.29398949941 337.900320688883 336.995005607605 340.16760190328 341.613531112671 339.132308959961 336.773753166199 333.712259928385 325.559556484222 311.680595080058 315.016686916351 329.94266351064 333.194295565287 329.570889472961 325.612485408783 316.677371660868 307.422955830892
333.576480547587 337.423324584961 339.630047480265 339.495976765951 338.57524394989 338.318586349487 332.27135737737 321.393231550852 299.00715748469 292.782346407572 302.489717801412 319.815258185069 331.429859002431 335.419456164042 337.107062339783 334.057569503784 325.946271419525 321.831484635671 322.603503863017 324.692765871684 328.660368919373 332.162002722422 334.737102190654 335.885405540466 337.366064389547 339.428702990214 341.085990269979 339.918494224548 339.604775110881 341.91616376241 342.299540837606 342.263619105021 343.915541966756 345.410744349162 343.391378720601 339.438796043396 337.734858194987 332.945148150126 315.030475457509 310.776352882385 323.795000712077 324.846525986989 322.891036669413 321.35937611262 313.318928082784 304.058233896891
304.730693499247 314.028004805247 321.402867635091 326.764484246572 331.425408522288 335.285107294718 337.633848190308 336.942434310913 320.908447106679 302.839537461599 291.940371195475 298.493901888529 318.085312843323 331.367969512939 338.509519894918 334.235350290934 330.845554669698 327.912390232086 322.142859299978 318.690876166026 318.976600964864 318.738659222921 319.436430931091 326.403200626373 331.805169582367 335.142294565837 336.708585421244 336.181084314982 337.91438738505 340.2046362559 341.183344523112 342.858870824178 346.390803654989 347.593704859416 345.319986343384 342.194398244222 341.462373733521 341.045101483663 328.916748364766 316.36259953181 320.158263047536 324.106415112813 325.405716896057 325.234373410543 317.649086316427 308.70380004247
273.62056573232 277.989665667216 284.867982069651 294.523457686106 306.270917256673 316.799441973368 328.230758508046 331.729789574941 331.781605879466 325.333178043365 308.372557163239 291.641672452291 293.299873669942 311.267495155334 327.708562215169 328.185975551605 332.572201887767 331.744571526845 326.780637105306 320.512096087138 316.104928652445 312.79049317042 312.864820162455 318.934440612793 323.636690775553 326.032678286235 327.330847581228 329.705993334452 333.220283190409 335.557381312052 337.685863176982 341.115037600199 343.913952509562 344.773252805074 343.384941418966 341.851433118184 343.647638956706 344.863812128703 341.652154922485 331.701815128326 328.924278418223 331.953942775726 334.955414136251 335.006952285767 328.790247440338 326.372722784678
264.448821544647 260.728557904561 257.826268672943 257.860759894053 263.630747795105 277.627825737 297.540465990702 313.259323438009 331.246435642242 333.403468132019 327.240904172262 312.5306169192 291.482349236806 289.614776770274 307.710607846578 324.924310048421 333.599170049032 334.700663884481 331.769824028015 327.193935712179 321.834146976471 320.900479952494 320.610880851746 321.271936098735 319.950481255849 318.819880485535 321.67794307073 327.032208442688 328.909337520599 329.756001631419 331.859072049459 335.220336914062 336.880803108215 337.757547696431 338.023662567139 339.398503303528 344.51953570048 346.964836120605 346.103191375732 344.046672185262 341.821908950806 341.066439946492 340.671300888062 340.003569920858 334.119280179342 330.988943576813
259.374578793844 235.0053191185 219.546397527059 213.517387708028 210.946520169576 216.675241788228 235.337356726329 266.168157259623 297.871430714925 322.257836659749 331.38366540273 331.996699174245 322.582344214122 302.785277366638 300.83445707957 319.574137528737 329.930464426676 336.070537567139 338.837385177612 337.554454803467 331.268429756165 329.191148281097 327.294607957204 327.282647291819 326.252142588298 324.31964079539 326.140503088633 331.022957960765 329.935272534688 326.629360516866 330.265561739604 332.632422447205 334.009448687236 334.319829940796 335.753520329793 339.382410049438 341.736515363057 343.652168909709 343.860228856405 343.76335144043 343.494892120361 344.342231750488 344.717820485433 342.660824457804 337.599317232768 332.778175671895
243.041674296061 209.930757681529 187.926630179087 183.843195438385 183.499852816264 188.124179840088 196.068147818247 218.577901522319 246.772507826487 288.930992285411 327.653149763743 341.571648915609 343.240261077881 335.628588994344 319.779872894287 315.368870894114 319.592634836833 329.384843508403 338.043411572774 340.424338976542 340.015331904093 336.652596791585 335.717638333638 334.324836730957 331.375698248545 329.875429471334 332.50480890274 332.809507846832 327.977697054545 326.083282629649 329.62954044342 332.443674405416 331.809143225352 331.998288631439 334.069530169169 336.256186167399 337.539076805115 335.826754570007 337.144096692403 336.99631690979 339.600483576457 341.856678326925 343.815724054972 342.77065594991 338.170131047567 336.125691731771
208.121160666148 184.048235416412 169.025858243306 165.120263894399 180.837452411652 202.136754989624 201.909561951955 205.752631028493 226.039826869965 255.699157714844 299.585660298665 339.227636655172 347.725749015808 346.816261609395 339.625795682271 321.965177853902 313.342988491058 315.14714161555 326.583504676819 339.811245600383 343.01479657491 339.890480041504 340.796709060669 338.358203570048 334.328055381775 334.357619285583 336.94593111674 333.829959233602 328.754484653473 331.151703993479 333.321511745453 332.991500695546 331.430315971375 331.069052219391 330.472191174825 330.107748508453 329.204301039378 326.755324999491 327.032625675201 328.017830848694 331.045508384705 333.151340484619 334.555268287659 334.427316983541 335.730751355489 337.404410044352
183.50758155187 174.543221791585 166.19199514389 157.261004050573 160.138656695684 185.165365537008 203.329006830851 206.530292828878 218.730727831523 232.683976491292 257.256805896759 305.320680141449 343.686739603678 345.631281534831 343.381325403849 340.101559956868 334.782044092814 324.143449465434 317.329506079356 325.256884098053 338.122248649597 341.393987337748 342.851479848226 340.779940287272 337.38652865092 338.302373886108 341.143568356832 338.505466779073 335.038065910339 338.674624760946 338.98119131724 333.37656656901 330.243468284607 328.602055708567 325.788597265879 324.08215602239 321.505963802338 320.758124192556 320.958455403646 322.009980678558 323.927839597066 325.836916764577 326.378703117371 327.929218610128 334.484378496806 337.698539098104
174.992461999257 179.049432277679 179.631968339284 168.866852919261 152.479231357574 161.57873471578 191.215654214223 206.514557202657 224.751015504201 235.4363600413 244.045476118724 272.017161051432 317.76640812556 342.958370844523 345.662673314412 346.668481826782 346.570690472921 341.617345809937 329.988678296407 319.149613380432 326.709528764089 340.802709261576 340.794881184896 339.545885721842 339.76403872172 343.226631482442 345.3741868337 343.633492787679 341.204365094503 342.682123184204 340.217510859172 334.560751914978 331.019719441732 327.661633491516 324.120799700419 322.350243727366 321.081002553304 320.378998915354 320.317804813385 321.630120277405 322.397192319234 323.554933071136 322.442273298899 325.151324272156 331.629812717438 336.509466171265
185.092608133952 195.715884367625 203.764021396637 197.656750679016 176.154136657715 170.625408490499 192.641933759054 209.903240203857 228.116790453593 250.352501869202 259.092926979065 266.109307607015 293.670396010081 325.448453426361 341.488560040792 345.664421717326 346.178929011027 345.708648363749 343.656579653422 334.944128990173 323.027670383453 331.709504127502 335.73317527771 338.722467422485 343.369563420614 346.159895261129 347.554445266724 345.948815345764 342.029094696045 341.67472521464 338.298241297404 334.415992101034 331.409831841787 328.538537025452 325.843592484792 323.269307613373 323.212146759033 320.560574531555 320.00720500946 322.143038113912 323.888421058655 324.902594089508 324.594060579936 326.766232649485 326.608339945475 334.363023440043
199.061453342438 203.686753908793 216.087897618612 230.821271737417 216.722170511882 188.003102938334 187.995791435242 201.998074849447 218.813955783844 241.965730985006 257.02844063441 259.151101112366 275.238712628682 289.995928605398 322.32137521108 338.839093844096 341.750224431356 342.490553855896 343.057195345561 343.162536621094 338.694532712301 331.101059913635 331.797381242116 336.802085240682 342.175841331482 346.13307317098 347.751021385193 345.610062281291 340.101202329 339.716672897339 336.363315582275 331.594367822011 328.744351863861 328.369498252869 327.592114607493 324.543317159017 322.976489861806 317.95608997345 315.831621487935 321.752349535624 326.025545597076 327.144662539164 328.743656476339 327.587882677714 325.996617476145 331.968208154043
