input/barkrak2/radiation/dir16524.grid
NCOLS 85 
NROWS 70 
XLLCORNER 665100 
YLLCORNER 4664600 
CELLSIZE 20 
NODATA_value -9999 
[rows 20 to 39 of 70, columns 0 to 45 of 85]
210.703432559967 204.01265223821 220.561961332957 262.22836971283 255.884309609731 205.913106600444 190.660039583842 194.25759712855 207.083026568095 229.845960934957 243.217249711355 252.410193284353 262.709558010101 276.071707407633 291.035175323486 324.132025241852 335.960149765015 339.020172754924 343.558390935262 349.589427312215 350.677132606506 345.551729202271 344.689766565959 346.11443678538 347.03516960144 348.136027654012 348.759690920512 345.504363377889 340.850154558818 340.523600578308 334.976196289062 325.263977050781 317.822178204854 314.908345540365 313.861469427745 318.770825862885 318.324685096741 320.537149906158 324.857592582703 328.511456648509 328.118483225505 328.16219329834 330.087920029958 325.083295504252 329.017281532288 332.213719685872
235.543290774027 236.622214317322 256.824751694997 286.788900693258 281.423310438792 221.260845661163 203.294177850087 202.009956041972 209.075887997945 223.534226417542 236.76719268163 244.58126227061 253.387133280436 260.797957579295 275.263845920563 294.731140136719 323.528607686361 334.519584973653 339.401801427205 346.555670102437 349.875966707865 353.393872578939 353.627761205037 353.098114331563 350.497722625732 347.075422604879 343.678871790568 340.350866317749 339.146971702576 332.534372806549 316.816647847493 290.078441301982 271.774033705393 270.96164226532 278.73965104421 296.606163183848 303.663770357768 317.229549090068 324.860533078512 325.685918331146 324.122627576192 322.179357210795 317.183593908946 304.897209008535 322.689791520437 329.186240832011
273.596704006195 282.50112136205 292.466918627421 302.682816982269 302.643875281016 254.649857680003 223.887860774994 207.38293727239 206.703682740529 218.308786551158 235.035061836243 243.842879931132 258.572002251943 264.575978120168 273.331701755524 286.621312300364 302.722096443176 323.705156644185 334.194660186768 335.351506868998 338.02851041158 346.961617469788 350.428819656372 350.28080145518 347.822388013204 346.456607182821 343.791246414185 340.508500734965 327.053507169088 311.43327554067 267.997801303864 217.432677745819 197.630027929942 215.701262156169 243.618746598562 267.654458681742 283.934632937113 302.789966265361 314.063350359599 317.001144091288 319.795986016591 319.180170694987 298.851490020752 280.668377876282 304.496030012767 328.217188517253
291.414260864258 295.470555623372 299.24605290095 307.179490725199 306.912362575531 288.309137026469 246.581653753916 216.982285181681 201.577305793762 206.708908081055 234.659989674886 245.550274848938 261.32337252299 276.629249254862 280.501425266266 284.435470898946 297.799865404765 311.502834161123 324.16178782781 324.502944946289 323.079387346904 326.655606428782 335.600177447001 341.483076413472 342.2745068868 334.271629651388 321.489810943604 303.56232325236 277.922471364339 235.442638397217 196.363786856333 171.509146690369 146.704455216726 146.951009829839 159.516990184784 197.170237700144 236.295104026794 262.467126051585 279.699325561523 287.975907325745 287.50870625178 274.193545182546 259.318808714549 292.946557203929 288.789709409078 320.759654045105
283.186495304108 285.72420279185 297.809720039368 308.941046396891 301.221271355947 290.309468905131 257.310231526693 232.701480388641 215.104460716248 208.308517932892 224.399447441101 241.896053155263 254.756470521291 271.532893180847 280.091087023417 283.192416032155 293.658455212911 304.633100827535 314.192672570546 317.271550496419 320.786515871684 317.724645137787 324.088136355082 314.610203107198 306.251625219981 300.026734670003 290.979385375977 279.615819454193 247.206886609395 190.537055333455 168.871998786926 166.507164637248 149.612367153168 128.232727448146 119.998276233673 133.188128471375 181.466321150462 217.005471388499 243.888080120087 256.179094314575 246.322274208069 224.606374899546 246.017316977183 306.840936342875 298.887888590495 323.718547821045
278.254707654317 282.140413920085 295.485854148865 305.03769715627 302.736759185791 290.537675221761 265.995979309082 257.189393043518 246.542970339457 231.253981590271 231.615602970123 253.549536069234 265.248517195384 281.622926394145 286.65421406428 284.427801767985 291.028877099355 302.836060523987 309.232989947001 316.573023796082 326.974352200826 311.793744564056 294.917305310567 293.407658735911 294.051051139832 291.899899641673 280.185321966807 266.755779584249 223.645687103271 194.937268892924 193.975766499837 210.960904757182 215.926686922709 192.603945732117 158.734927574793 138.819674650828 155.406842629115 183.579623699188 225.36559899648 239.978690942129 221.818288167318 212.956746419271 254.366358121236 289.71000512441 311.965564886729 333.573182423909
280.318895975749 282.144924004873 290.946483612061 301.281452178955 314.609309037526 298.650364081065 280.288974444071 267.579118410746 265.457034111023 262.320240338643 254.261791706085 269.063591957092 280.197620391846 294.112801551819 298.528949419657 291.112462679545 293.683091799418 305.123011271159 313.033163547516 319.226543108622 312.947690486908 307.894349098206 303.74139547348 298.14879099528 295.345664024353 291.233857472738 279.112756252289 266.801555951436 229.731857776642 223.770101865133 245.941201845805 269.054571787516 273.030559221904 286.282916863759 267.961402734121 182.401776313782 167.466660340627 179.325620333354 207.382798194885 238.016804059347 230.735103289286 261.97357972463 254.234433174133 266.642868518829 302.654584248861 321.804265181224
284.556070963542 280.776123205821 284.080982208252 296.999891599019 334.297339121501 308.462897936503 283.963720003764 266.277670860291 266.59764846166 277.086476484935 270.439743995667 274.095594882965 288.783351580302 297.364751497904 301.20579401652 301.931182543437 300.012111663818 303.455829620361 308.476706345876 309.504449367523 307.833929856618 300.061424573263 298.746208349864 303.293128808339 302.283028761546 298.000752925873 288.036823272705 277.59579817454 251.491765181224 249.757965405782 274.511297543844 289.12893931071 287.103235721588 301.037669181824 329.087833563487 263.461172580719 198.316077391307 185.54413318634 199.77084795634 241.677403450012 268.048445383708 312.880098819733 264.376123746236 257.574121157328 290.241996447245 299.964686234792
281.529863675435 273.886243502299 277.941505114237 303.465843200684 344.905535380046 305.917839209239 274.194876352946 260.873635609945 266.229033470154 277.247707049052 273.101607958476 271.900494893392 288.817127545675 298.740108807882 304.450730482737 307.597736517588 302.954355875651 293.56320699056 302.40652958552 302.645802497864 303.547859191895 296.951552232107 297.011653582255 303.774893283844 307.033161322276 301.486591498057 296.860059102376 286.059578259786 262.651880582174 256.673077742259 279.820342858632 298.252701759338 296.50741815567 294.666131337484 317.143559455872 323.376496632894 234.98797416687 177.364865938822 169.230341911316 211.805423100789 276.598354180654 292.401949564616 255.977352460225 234.914501508077 260.850608348846 276.811877886454
273.893793423971 266.192475954692 275.026381015778 313.842614491781 341.54999256134 301.92232131958 267.699241638184 250.212053457896 248.552997907003 255.44395049413 254.831473032633 262.828270594279 282.904942830404 300.671954949697 301.997085412343 305.765827496846 304.07440662384 291.412929693858 294.288218021393 296.595255533854 295.400977134705 297.096689542135 298.942844072978 302.965581417084 307.879229386648 304.817875226339 303.476870059967 291.947523752848 270.235975583394 265.678485234578 284.516076246897 302.613317966461 298.069755236308 294.226368268331 303.221106529236 324.299335479736 313.777128855387 240.545133749644 191.079139709473 199.940979480743 237.888137499491 251.038293043772 249.927401542664 220.706820487976 234.708706537882 262.566943963369
261.850496133169 272.251129150391 301.637132962545 347.307840983073 349.920789400737 306.927422682444 271.992842356364 243.942360083262 236.715018749237 247.703433036804 242.664237817129 241.43922328949 274.985631306966 299.92687702179 303.066353003184 307.145814100901 307.223379611969 299.454053243001 296.951254208883 297.46949672699 296.793520450592 301.614344120026 304.425497849782 304.73800500234 306.498050689697 313.010215759277 310.115118821462 300.326605637868 283.340255419413 278.24201186498 289.984484513601 302.703976631165 300.215442975362 299.391547838847 302.627722422282 305.166999499003 329.970101515452 343.2537317276 278.643886248271 231.64161046346 219.374418258667 210.016945997874 227.783004442851 223.616679509481 230.663160483042 267.287532488505
280.37299712499 305.066208044688 322.05984989802 326.374431451162 355.757355690002 338.491717974345 304.807861646016 266.579906145732 250.776549180349 266.001045703888 260.615468025208 243.218978246053 262.71641254425 292.976379394531 305.294255415599 309.865355491638 307.53215154012 305.81655104955 300.318499406179 301.023701826731 302.966952323914 305.923680464427 307.609140872955 307.659506797791 309.303561846415 316.899100939433 318.728486696879 314.546147982279 300.781925519307 293.850700060527 296.860575675964 300.307015577952 301.995019117991 306.049883365631 308.344264825185 296.526531378428 305.519143740336 344.51429049174 343.430916468302 284.796992937724 236.230115095774 208.783586819967 209.332426389058 227.91463136673 252.35370794932 282.31277068456
309.201717376709 316.592494646708 304.716070493062 296.806931495667 315.867006778717 338.530023892721 335.098505020142 307.567854722341 284.942626953125 287.4556183815 291.808168093363 267.606735229492 263.77934217453 288.167277971904 305.188715457916 308.85108311971 307.305018107096 310.626029968262 302.167932192485 301.154394944509 306.755165259043 309.512337048848 307.876845200857 308.76894791921 309.776782989502 318.435569604238 323.281606038411 323.177138964335 309.897840023041 300.823907057444 306.840678056081 309.377769629161 305.060545603434 307.302892208099 311.49677435557 301.622768243154 300.849715868632 321.54659430186 328.087389469147 304.9223224322 275.501469771067 233.330448468526 214.808503786723 222.017049789429 243.905564149221 274.816989898682
297.463854153951 288.91122341156 281.217793623606 269.984364509583 270.339548587799 291.520158449809 314.153730869293 312.920292218526 304.222464561462 306.593457857768 307.230472564697 291.727125644684 283.279577891032 294.023513793945 307.59871006012 306.440075238546 308.273692925771 308.420876661936 303.19599310557 305.801669756571 306.00384871165 308.626751104991 307.536502679189 306.095480918884 310.346126556396 315.366685390472 322.785278161367 320.554514726003 312.809785207113 307.904203732808 312.751173973083 310.400704542796 299.904465675354 299.591342608134 304.162561893463 289.033571879069 286.184032758077 287.634332974752 283.402005831401 289.505581061045 298.853993415833 264.870444933573 236.198902130127 227.096279462179 228.724320729574 251.666684945424
289.558629194895 278.279821077983 284.697631994883 270.09920279185 261.855125427246 273.810426394145 300.957957903544 326.909641424815 325.39971669515 313.751379648844 302.031675974528 302.690446376801 310.438374678294 311.262289683024 310.074806213379 309.329469998678 309.564173221588 305.984338124593 306.036273638407 310.45013666153 308.27267964681 307.855665683746 307.527740796407 304.437518119812 307.491461435954 311.108946800232 317.026933034261 313.37716182073 312.401195367177 313.069880008698 314.219832420349 303.579847017924 288.318316141764 293.839653333028 293.246626853943 277.184387048086 277.849137783051 278.066913286845 286.241968472799 310.070792833964 308.521548906962 296.321272850037 272.497753302256 258.975942929586 238.308866818746 231.573144594828
310.410062472026 304.716845353444 314.538101355235 309.259037176768 298.977633317312 303.90739440918 321.168144543966 344.571948051453 340.522289276123 316.320359706879 301.090816656748 311.769545078278 324.519197146098 322.006265322367 317.836801211039 319.471895694733 313.979943593343 310.676058133443 313.083529472351 314.210851987203 312.115093072255 307.675083478292 307.968457539876 308.706065018972 307.434817155202 309.773961702983 310.756206512451 309.920728206635 310.672561327616 316.40088558197 313.290059566498 302.814702192942 289.836128552755 290.580014387767 284.095505873362 279.913485050201 284.963409105937 285.187502702077 297.495325406392 329.14133866628 297.56772518158 283.176362514496 273.466070493062 267.579078674316 248.602787653605 229.992667833964
337.393124898275 334.239840507507 336.397568384806 339.192946751912 329.908788204193 323.476274808248 328.048129876455 342.907587687174 340.628345807393 313.207268714905 304.856876532237 319.088776906331 331.501265366872 323.689897855123 318.90865166982 321.886479854584 325.602571169535 317.111015319824 317.334910233815 320.563793182373 316.551208496094 313.417335351308 311.485707759857 313.386599222819 309.868494669596 309.422592322032 309.737801551819 312.498211860657 313.143610954285 318.727334340413 315.409282843272 305.354634920756 292.421559492747 286.292294661204 279.090881347656 284.280300140381 290.841420491536 289.523820082347 292.670607566833 317.505260308584 288.541793823242 244.948943456014 233.697056770325 228.130459785461 225.28350353241 219.32323773702
351.11673672994 347.975969314575 342.434724171956 343.505700429281 338.076829910278 329.524397850037 325.738072395325 331.104755401611 338.303327560425 320.695459842682 321.018000443776 329.936285813649 330.219268798828 324.153105417887 322.391629219055 324.772834777832 330.681423346202 326.761285463969 322.628120581309 323.625127474467 322.178483009338 317.225615183512 313.22056055069 314.062754313151 311.672210693359 310.789048671722 311.004797617594 314.73716100057 316.525836785634 317.512611548106 317.225714524587 307.667156060537 296.292682488759 280.032316843669 272.114912668864 287.326753139496 297.350029150645 294.850567976634 284.70786412557 301.751176516215 289.08908367157 223.51731856664 192.618072032928 179.877479871114 178.976317246755 186.146378517151
355.412006378174 357.710083325704 356.16942246755 353.525400161743 349.070906639099 342.804511388143 334.916989008586 329.649090766907 332.074165344238 330.858131249746 339.443922042847 339.652180671692 333.155989646912 334.077119827271 327.740291754405 324.580192565918 329.143722852071 330.321788787842 324.743469556173 324.493885040283 321.317573388418 318.981329600016 312.821984291077 313.402871290843 312.646170457204 314.8193359375 311.651666959127 313.698391119639 316.287795702616 314.795295397441 317.105352878571 311.681548754374 291.066904862722 269.05498902003 277.716835339864 299.102365970612 302.004277706146 295.546968777974 278.892715771993 285.032689571381 310.964703559875 267.728229363759 210.302293300629 179.837902386983 167.829672495524 164.876461029053
347.212473551432 349.942406018575 350.30738512675 353.313366572062 356.928586959839 358.951290448507 357.852180798848 354.299108187358 352.310140927633 354.803482691447 351.787249247233 342.780629793803 337.831934293111 333.950479825338 333.155115445455 326.86843474706 329.841236273448 329.012076059977 322.603861490885 321.088850498199 322.930057843526 322.447141011556 319.480379422506 314.514001210531 311.627825101217 312.732021013896 314.570168654124 315.544287363688 317.849894364675 317.207217216492 315.982560316722 312.6087586085 286.732713381449 269.623279571533 291.457136472066 306.243936220805 301.593244075775 297.121147314707 283.600389957428 278.253336747487 314.460436503092 343.092441558838 293.245474497477 240.124305089315 197.475214799245 166.838844617208
