input/barkrak2/radiation/dir10924.grid
NCOLS 85 
NROWS 70 
XLLCORNER 665100 
YLLCORNER 4664600 
CELLSIZE 20 
NODATA_value -9999 
[rows 20 to 39 of 70, columns 0 to 45 of 85]
125.43856104215 116.063008705775 125.858475764592 157.553374767303 153.25074394544 126.813411712646 118.695457776388 127.624938885371 139.665176471074 155.483355124791 170.145869255066 173.404097557068 173.669636249542 176.72206958135 190.319617589315 209.047178427378 221.800645192464 233.054498831431 248.21396668752 266.916692256927 276.929636796315 268.409848213196 270.834763844808 276.040017604828 278.528889020284 277.373154958089 281.216303507487 281.867881615957 280.318299929301 278.125405311584 272.061765193939 257.305324077606 242.800712585449 233.148813247681 229.25607363383 235.534449418386 235.259930292765 237.016320228577 241.884847482046 245.988329251607 247.368077437083 247.727910677592 250.049789746602 243.738889694214 249.566872914632 253.468553225199
159.259130557378 150.4079302152 153.386910756429 184.519032637278 181.358277797699 132.864455382029 128.725459178289 138.438413540522 146.870156129201 156.989604234695 163.735230763753 167.364100615184 168.971161047618 165.198802947998 180.520296096802 196.302135785421 211.137096087138 221.171021461487 238.742788632711 251.822233200073 261.08056306839 271.735767523448 274.105866750081 270.03675699234 264.775077501933 252.305905024211 244.339346885681 236.257334550222 237.201392650604 234.505236148834 219.68013048172 205.497860908508 183.961093425751 176.623741785685 182.279785474141 203.671495119731 212.618092695872 229.381322860718 241.531133651733 241.805175940196 239.720106124878 238.684972127279 231.314380963643 213.576376438141 237.939079602559 248.573859532674
205.624620119731 206.653714179993 197.619954744975 204.509675502777 203.617413838704 159.858067830404 154.401481151581 148.321251074473 144.213070472082 147.572835286458 161.280612150828 170.015196005503 175.46534538269 176.700969537099 178.837438424428 182.176252206167 195.645232995351 207.226475079854 218.417286872864 222.653746604919 225.322743256887 239.36919371287 248.798906803131 251.971244812012 251.444935798645 244.722942511241 231.150488058726 225.116431713104 221.811970074972 204.61364587148 179.20837799708 137.260019779205 104.547361532847 111.485570669174 138.616383075714 165.583848953247 186.405301094055 209.055006504059 224.142412344615 227.509140968323 231.838524341583 233.573397000631 208.18434158961 181.211650371552 214.637637138367 244.88619963328
237.054228782654 233.136057853699 213.426351547241 210.580050945282 209.478974342346 198.524951934814 176.403701305389 154.747168223063 140.721003214518 144.294877847036 158.593863248825 173.72320095698 181.357125441233 186.653594175975 182.301938533783 184.328118960063 192.033668359121 203.770617643992 210.88699499766 205.506920814514 203.941245873769 208.370804786682 219.951490561167 229.821264743805 236.928661664327 233.889679114024 220.864335695902 204.969763755798 190.21221001943 159.595012664795 130.230287710826 104.246030251185 66.7396932840347 28.9959460496902 31.0892065366109 65.1033818721771 109.966109196345 151.079704364141 178.38978767395 188.444157441457 188.415924708048 170.891722043355 164.609462022781 195.203383763631 201.900045077006 232.041557629903
231.579065322876 230.7035724322 224.185129006704 213.496883710225 200.931111971537 198.238591353099 181.321084499359 167.310098807017 153.386195500692 146.978586912155 154.937078555425 168.662329514821 173.783977826436 183.151125907898 185.166160265605 184.232552846273 190.610826015472 202.521363894145 208.348969618479 200.830260912577 201.411525408427 197.695295015971 206.580142180125 214.488466580709 214.643617471059 216.082712014516 207.369287808736 190.942029158274 171.739021937052 125.120123227437 105.41691382726 101.245979468028 76.4924933513006 26.0182370742162 19.8957286775112 44.5391684770584 67.4216101566951 93.7440395355225 119.976470867793 140.258848667145 133.733719587326 118.98202697436 140.765806039174 219.848016897837 219.828009605408 236.389994621277
220.619002978007 225.674490133921 229.670484860738 215.208431084951 201.938529809316 198.362151781718 192.812422911326 195.196568965912 192.465821901957 179.00017897288 172.283252080282 183.205087979635 186.1598889033 196.250955263774 197.017629941305 190.943658351898 190.951764583588 203.48600546519 210.085888703664 213.637471199036 215.962290763855 210.673292477926 205.798069636027 203.958332538605 203.53509982427 204.818288485209 194.539825121562 184.473713239034 158.117741346359 136.681209007899 132.44632879893 145.633220672607 142.799645662308 86.0626796881358 53.0200699965159 62.91830042998 67.9878642161687 80.0070663293203 101.52875383695 104.498873154322 101.456026236216 105.436633030574 148.063023885091 217.085580031077 235.188702742259 246.336917082469
221.086541811625 225.276013215383 229.538083076477 219.211439291636 217.576722304026 215.839942296346 216.317216555277 219.685792922974 224.593838055929 215.077837308248 197.501619656881 205.592135588328 204.598844051361 214.743753274282 211.013674736023 199.571132659912 197.377602259318 207.9891761144 215.239306290944 228.113055229187 230.566700299581 226.81725025177 217.015604178111 206.829607486725 205.563565095266 205.034633477529 195.605715115865 192.557056744893 171.249826749166 170.468211174011 187.401791413625 213.096459706624 220.685203870138 215.52566687266 161.075383424759 91.625988483429 85.820734500885 88.801642258962 102.850198745728 103.705863157908 118.550578753153 155.38282195727 178.944309552511 205.469350020091 231.856485207876 238.417307535807
224.206328392029 221.236089865367 223.583579063416 220.633625984192 245.796720186869 237.269004185994 234.039664268494 230.202317237854 233.384847640991 232.353727022807 215.256234010061 210.859437783559 211.436152458191 216.692626476288 219.300150871277 213.426450888316 207.276582717896 216.072936852773 227.032919724782 233.369648456573 230.864882469177 221.267700195312 217.42324034373 218.008319536845 213.675002257029 211.836179097493 205.047408739726 202.983736991882 198.217749595642 208.688060442607 226.807236671448 240.416089693705 245.163242022196 258.074561754862 249.763210614522 159.801542758942 108.893652757009 94.981720050176 96.4340666929881 114.442775646846 155.584812164307 221.761782964071 199.320793151855 192.810773849487 209.49250459671 215.206424395243
223.947167396545 212.887664635976 216.03270371755 226.645867029826 265.253186225891 245.673656463623 230.063041051229 221.264918645223 221.391240755717 220.459520816803 211.453139781952 201.104501883189 211.853981018066 214.50533469518 220.676183700562 223.476390043894 217.854976654053 213.971257209778 224.063813686371 225.618203481038 224.251846472422 216.434558232625 215.9104347229 220.820844173431 220.893343289693 214.439233144124 214.317043622335 208.909332752228 210.871477921804 221.666375796 241.28528436025 256.43402338028 259.723385175069 259.808421134949 269.028306007385 231.404105822245 127.202461163203 81.9545437892278 68.292498588562 93.2180384794871 167.822897434235 208.110312620799 187.535007794698 161.640326182048 173.739651838938 181.031505266825
219.990611076355 205.06743590037 210.6827100118 236.593266328176 264.898419380188 243.013203144073 217.07683801651 198.1001496315 188.050945599874 184.159974257151 184.770067532857 187.816719214121 203.601559003194 218.690236409505 220.427294572194 226.713538169861 227.195719877879 213.701526323954 212.815244992574 214.830279350281 213.598072528839 215.604444344838 215.91862042745 220.984955628713 222.801168759664 218.112349510193 222.717046737671 214.486320813497 212.444265683492 228.334228197734 250.081936518351 266.508460044861 263.761341571808 261.470476786296 272.098898887634 274.985512097677 219.695528348287 129.246850808462 94.5815046628316 102.798064549764 139.881660540899 158.899436394374 167.820493380229 133.968462546666 135.966032743454 148.550570011139
212.352315584819 219.261626402537 249.189456303914 294.752021630605 288.712620735168 249.452233314514 211.076358954112 178.784171740214 166.772325833639 174.660404523214 169.996658960978 169.167041778564 196.881949901581 218.875368436178 225.991606712341 232.096831003825 229.443748792013 218.262334664663 215.114275614421 219.158550103505 216.110269228617 220.589995384216 222.877899805705 224.20726219813 226.272622744242 227.906942367554 228.328903516134 226.548314094543 222.399532794952 238.384087880452 258.690396944682 270.113627115885 265.940407911936 270.227054754893 278.307914733887 282.627165317535 283.115744590759 259.438037872314 178.215066591899 131.968200206757 120.898962020874 121.638397375743 141.485323508581 130.985865990321 129.758338133494 155.025462309519
231.043974558512 264.418403307597 299.370408058167 314.595500628154 326.442817846934 290.592630704244 242.98224846522 203.031460444132 187.530696392059 198.795755704244 191.623151302338 176.978508631388 190.905392169952 212.420701980591 231.119096279144 235.996067523956 233.21674267451 229.322453339895 220.184365908305 219.329357147217 221.32267554601 225.226203600566 227.775533994039 227.099676926931 229.228138923645 238.270163536072 238.093852996826 241.593837738037 240.220765272776 248.40917189916 263.034721215566 270.669360955556 272.917052110036 280.428687731425 286.150515079498 276.965459187826 279.054423173269 296.495914459229 259.124477704366 180.934011936188 131.350974241892 124.025295178096 126.381407181422 138.228257497152 157.643268505732 187.620520591736
279.977063337962 303.516745567322 309.870819250743 305.806676546733 320.308049519857 323.591033617655 300.168633460999 264.158189296722 236.683408419291 231.56593243281 231.83532555898 210.672696431478 192.301789919535 209.913671016693 230.442007382711 236.493686834971 233.409106731415 235.249121983846 221.769670645396 221.617996692657 227.870345115662 227.953592936198 227.443754673004 227.027555306753 230.329950650533 242.178658644358 247.525652249654 252.185563246409 249.239643414815 252.62329975764 266.441444555918 275.745391845703 274.407903353373 273.231287797292 276.780029137929 266.262094179789 267.63904094696 273.975948492686 250.760515530904 204.844911893209 169.126431147257 147.333512703578 135.184446970622 141.264299551646 159.755766391754 195.058206717173
298.510710398356 304.634928703308 300.605575243632 292.006929715474 296.009759108226 311.043699582418 314.289887746175 294.340829054515 269.028604030609 257.486164569855 259.984354178111 243.052919705709 217.704594135284 219.052235285441 230.42772213618 233.769138654073 230.633099873861 231.688221295675 224.7394323349 224.374234676361 223.427931467692 224.069654941559 223.083674907684 223.719378312429 229.249517122904 238.928556442261 249.401191870371 251.218895117442 250.898698965708 256.227751572927 269.609808921814 270.761013031006 258.767426013947 252.276400725047 255.338390668233 236.886779467265 235.404849052429 226.6819079717 202.032764752706 186.436454455058 196.913043657939 181.089202562968 159.342179695765 147.395193576813 147.273600101471 172.037263711294
302.688399950663 301.198840141296 305.253763993581 295.38748661677 290.837864081065 299.43444331487 314.89900747935 315.871179103851 291.415095329285 269.389629364014 262.971977392832 257.615109284719 250.767409801483 236.992140611013 232.96731710434 234.536548455556 229.804555575053 226.194183031718 226.830999056498 230.17821709315 226.770281791687 225.873053073883 226.099689801534 225.11742512385 229.670544465383 236.568729082743 245.448430379232 242.519915103912 246.621012687683 258.247852325439 265.952110290527 258.465150992076 245.750228563944 245.33623456955 239.061951637268 221.889436244965 224.72095489502 223.148425420125 215.685884157817 211.122671763102 216.735680898031 219.389935334524 200.174609820048 182.965695858002 165.025373299917 156.875163316727
314.410785833995 313.219606876373 318.141619364421 314.337452252706 306.994795799255 307.912886142731 318.185110886892 326.438268025716 303.96435658137 277.086476484935 262.756943702698 259.311199188232 261.484583218892 246.768732865651 238.939901192983 239.217042922974 236.266573270162 228.053828080495 232.815066973368 235.462526480357 232.848485310872 228.849828243256 231.35781288147 235.291461149851 233.574211597443 236.957828203837 239.936153093974 238.136172294617 241.677244504293 257.776459058126 261.209408442179 254.191100597382 247.856736183167 249.006549517314 233.644982179006 227.423032124837 233.165701230367 237.375398476919 242.040892442067 240.810990333557 207.119743029277 205.163518587748 195.433835188548 184.769590695699 167.649527390798 146.229883035024
318.665146827698 318.732698758443 321.828742822011 320.685187975566 313.583274682363 309.255381425222 315.713405609131 326.537390549978 309.422771135966 275.352040926615 259.915093580882 258.69874159495 263.102730115255 246.228655179342 237.412512302399 243.809342384338 246.128757794698 237.190981705983 239.495714505514 241.76561832428 242.889205614726 238.027691841125 237.974544366201 239.92665608724 237.634102503459 237.35511302948 241.235931714376 245.061298211416 248.384098211924 257.953067620595 262.138326962789 257.267415523529 249.916712443034 248.64528576533 232.914964358012 236.307342847188 240.509629249573 244.574149449666 246.157844861348 238.667627175649 186.174511909485 156.237820784251 144.356588522593 136.120527982712 136.919150749842 130.424171686172
315.492729345957 318.747798601786 322.251121203105 320.463458697001 315.165360768636 313.195327917735 316.628456115723 323.099712530772 316.596190134684 285.078207651774 268.771966298421 260.688622792562 252.805213133494 245.793441931407 237.68142859141 243.949254353841 253.955602645874 245.655655860901 242.606997489929 247.169772783915 247.4471728007 242.559870084127 239.36132589976 240.830739339193 241.317272186279 239.793320496877 241.493225097656 248.902956644694 251.248180866241 254.861116409302 260.592559973399 260.560512542725 252.691249052684 238.149523735046 226.239303747813 243.654012680054 252.374211947123 252.382477124532 245.398640632629 241.13784233729 181.881507237752 121.829628944397 99.6887882550557 87.5274240970612 91.6020075480143 96.6001451015472
297.521690527598 305.235385894775 310.030559698741 310.700039068858 312.109688917796 316.883305708567 320.273200670878 321.9113945961 319.650928179423 299.172083536784 285.88475783666 271.372159322103 256.675899028778 254.227618376414 245.624979337056 239.828050136566 250.683585802714 251.189251740774 244.587918122609 243.862370649974 245.124618212382 240.103443463643 236.330370108287 237.005710601807 241.439541180929 244.917492071788 241.706411043803 245.685696601868 249.692579110463 251.676281293233 257.481217384338 262.322227160136 249.15478626887 225.289225578308 231.968482335409 258.355498313904 262.780249118805 256.708204746246 245.181520779928 245.933492978414 227.487862110138 156.1019718647 101.792713006337 86.2614909807841 86.482564608256 78.2107661167781
271.196007728577 276.891132195791 276.586254437764 284.898320833842 295.860548814138 307.463427384694 315.768202145894 320.970217386882 319.183945655823 307.2589635849 286.847313245138 266.600251197815 254.479904969533 251.76195303599 248.142917950948 243.377923965454 246.442953745524 246.031701564789 239.798148473104 237.725059191386 242.226998011271 244.702140490214 242.601374785105 237.445791562398 236.097613970439 237.346251805623 243.610660235087 245.850761731466 249.198973178864 248.576958974202 251.337627569834 255.636890729268 241.437792778015 227.438370386759 254.584451516469 271.339853604635 266.28436644872 259.329120318095 251.904487609863 255.575478076935 275.684158007304 260.529895623525 186.945736408234 135.303914546967 104.133288065592 81.6495716571808
