input/barkrak2/radiation/dir11624.grid
NCOLS 85 
NROWS 70 
XLLCORNER 665100 
YLLCORNER 4664600 
CELLSIZE 20 
NODATA_value -9999 
[rows 20 to 39 of 70, columns 0 to 45 of 85]
142.605801423391 131.194164355596 142.350961764654 176.969329516093 172.183314959208 140.548040469488 131.28869732221 139.207710822423 152.012507120768 171.807607014974 183.6030681928 187.698006629944 192.141135533651 196.665088335673 205.396215120951 226.129810015361 239.324748516083 252.477765083313 266.85243844986 285.94563404719 295.802553494771 290.761788686117 288.925210634867 291.345536708832 293.128331502279 294.313907623291 297.87947734197 296.355923016866 293.616712093353 292.495826880137 285.158892472585 271.12086613973 257.746160030365 249.352693557739 246.02617820104 252.150416374207 251.5469789505 253.828505674998 258.779903252919 263.761003812154 264.017005761464 264.259696006775 267.243385314941 260.461926460266 266.100466251373 269.689718882243
173.508683840434 166.105717420578 172.198136647542 204.072018464406 200.198233127594 148.349106311798 141.541590293249 151.24390522639 157.713413238525 169.597268104553 175.971210002899 182.673533757528 185.845871766408 186.565359433492 198.733945687612 213.517705599467 229.13920879364 242.317914962769 257.394194602966 274.366855621338 286.048312981923 297.437946001689 305.215895175934 307.760993639628 300.509651501973 289.604544639587 269.27121480306 262.914756933848 262.79628276825 261.261880397797 252.944747606913 225.280861059825 201.107283433278 194.881240526835 200.820088386536 221.842487653097 230.549216270447 247.598926226298 258.548180262248 259.709656238556 256.703078746796 255.681117375692 249.220291773478 232.518951098124 255.127867062887 265.100995699565
219.101866086324 221.377968788147 215.515553951263 223.326166470846 223.007241884867 178.275227546692 167.141060034434 159.216165542603 153.475224971771 162.635833024979 176.824450492859 184.077938397725 191.345890363057 195.026636123657 200.080613295237 209.84027783076 222.830533981323 236.811498800913 245.157500108083 249.164839585622 247.562030951182 259.062906106313 266.819536685944 268.312017122904 268.53221654892 261.683205763499 249.314745267232 241.66738986969 229.068676630656 224.193076292674 191.040913263957 149.701704581579 124.650080998739 130.384584267934 158.786157766978 185.015579064687 205.41109641393 228.454689184825 242.015580336253 246.058821678162 249.181886514028 250.63568353653 226.102650165558 201.099713643392 232.590238253276 261.745611826579
248.48069747289 245.804766813914 229.876697063446 229.162891705831 228.123982747396 215.330958366394 191.390554110209 166.252275307973 152.836302916209 153.65539987882 177.267630894979 189.501166343689 199.162503083547 209.152777989705 208.349267641703 210.191647211711 211.948653062185 222.662091255188 229.593853155772 223.325848579407 221.695383389791 223.722139994303 236.340244611104 245.819926261902 251.123706499736 250.511884689331 237.612585226695 230.268518129985 208.511491616567 171.497702598572 142.478972673416 116.428275903066 79.3421765168508 46.1367070674896 60.9669387340546 92.7738547325134 140.257040659587 177.19296614329 198.711355527242 209.217270215352 207.944313685099 192.175368467967 182.180146376292 214.018623034159 219.056049982707 250.606417655945
242.404798666636 242.250283559163 238.69381348292 231.952567895254 219.847957293193 215.189814567566 195.494870344798 179.46461836497 164.342989524206 161.57536705335 173.210461934408 185.120145479838 196.780840555827 205.797473589579 202.634612719218 199.058433373769 205.054918924967 216.850717862447 226.166109244029 218.821942806244 217.302719751994 212.307949860891 223.210533459981 229.848027229309 231.477816899618 232.465227444967 222.060640652974 211.800773938497 186.657627423604 137.381762266159 116.976131995519 112.997909386953 88.8439019521077 38.4211788574855 32.7119057377179 57.9723318417867 91.7130211989085 117.400815089544 142.65638589859 167.218486467997 158.108472824097 139.310359954834 160.315970579783 237.18931277593 235.917389392853 252.826412518819
232.358793417613 237.278401851654 242.904504140218 232.371290524801 221.013963222504 216.541131337484 206.634322802226 208.767135938009 202.962358792623 189.028859138489 185.474117596944 199.958860874176 205.179353555044 212.649861971537 213.199178377787 203.961988290151 207.351326942444 219.676375389099 224.42348798116 227.953632672628 231.621046861013 226.915458838145 221.184849739075 219.768861929576 222.61110941569 220.405062039693 212.688724199931 203.739603360494 172.234197457631 147.83388376236 144.069065650304 158.015092213949 156.376580397288 103.514184554418 68.5822715361913 75.7462580998739 81.9498846928279 102.370242277781 126.22328599294 130.016555388769 128.029882907867 125.108848015467 169.347405433655 234.085063139598 251.282930374146 266.291042168935
233.187933762868 236.948649088542 242.034236590068 235.083798567454 236.103733380636 231.629908084869 230.201005935669 229.370494683584 233.037908871969 226.122419039408 210.075338681539 221.970041592916 219.476958115896 228.228906790415 226.785719394684 215.827961762746 211.814781030019 223.857442537944 229.526042938232 241.965711116791 245.69704135259 240.431348482768 231.165985266368 222.866177558899 219.936549663544 220.788518587748 212.81776825587 208.69235197703 183.949828147888 181.12975358963 199.082891146342 224.553823471069 231.568038463593 229.480544726054 181.443254152934 109.053194522858 100.264648596446 105.339328447978 123.444378376007 131.844679514567 141.530166069667 175.976554552714 194.044669469198 218.519727389018 243.583758672078 251.85630718867
236.603001753489 233.251372973124 236.049214998881 235.570033391317 263.440092404683 250.957906246185 245.712518692017 237.874229749044 240.515907605489 243.190010388692 229.848663012187 221.687098344167 226.136346658071 232.151885827382 233.315745989482 227.750142415365 222.888032595317 230.173468589783 242.714842160543 245.290239651998 244.584063688914 235.411584377289 231.772224108378 230.814536412557 227.89454460144 227.642953395844 222.28999932607 220.140357812246 216.140230496724 217.556575934092 236.933887004852 250.845789909363 254.301846027374 267.568866411845 265.47376314799 179.685374101003 125.106036663055 111.668725808462 115.476946036021 138.145864009857 175.632278124491 239.624122778575 212.526162465413 201.86859369278 222.612182299296 233.080426851908
235.567053159078 225.005984306335 228.527386983236 241.7098681132 281.579693158468 257.476051648458 240.76521396637 231.176217397054 232.45511452357 233.170390129089 227.892498175303 216.662029425303 224.350293477376 231.612722078959 236.294547716777 237.593948841095 233.851234118144 230.081578095754 239.674687385559 239.729960759481 238.521456718445 230.992992719014 232.022742430369 236.698110898336 236.830989519755 228.655119736989 229.898492495219 225.345412890116 226.099292437236 229.68719402949 249.912083148956 265.760699907939 267.653365929921 267.89512236913 279.484530289968 249.758203824361 148.460706075033 99.1317232449849 85.6874883174896 113.81796002388 186.837752660116 224.543611208598 201.183259487152 173.299908638 189.708113670349 198.402444521586
230.947077274323 217.275639375051 223.525742689768 251.818060874939 280.174891153971 256.077190240224 228.815694650014 210.030674934387 201.260129610697 199.035207430522 201.479335625966 202.948689460754 219.302852948507 230.481505393982 234.402040640513 240.696847438812 239.658276240031 228.038052717845 230.884770552317 232.59158929189 231.396893660227 233.502388000488 232.187549273173 236.922562122345 239.953955014547 235.096176465352 238.336503505707 230.3200562795 226.110974947611 237.515449523926 258.029003938039 274.887919425964 271.133164564768 269.199093182882 279.59144115448 285.680890083313 238.12739054362 151.045431693395 112.569073836009 119.879057010015 156.191935141881 173.852801322937 181.159138679504 147.748947143555 154.042690992355 169.278840223948
222.692370414734 230.245967706045 260.275741418203 306.116461753845 301.242152849833 262.29202747345 224.137703577677 192.362507184347 182.549913724264 191.384494304657 186.606645584106 180.47708272934 209.819654623667 232.720414797465 241.43789211909 247.51079082489 246.849238872528 236.390312512716 233.217457930247 235.364993413289 232.427875200907 235.326866308848 239.027043183645 240.169684092204 241.574466228485 244.510451952616 244.812289873759 241.443276405334 234.966218471527 248.171905676524 266.15846157074 278.007467587789 273.60741297404 277.368108431498 284.617861111959 288.653115431468 293.424864610036 276.661455631256 198.540170987447 149.991611639659 136.833300193151 134.626597166061 153.230140606562 146.388580401738 146.011809508006 173.020561536153
241.482595602671 273.543457190196 305.579622586568 318.785448869069 333.741664886475 301.782290140788 256.331324577332 216.773966948191 203.020830949148 215.245227018992 206.043104330699 187.998255093892 204.809149106344 229.881227016449 246.394177277883 251.089711983999 248.858491579692 245.801746845245 236.885527769725 237.073302268982 235.94743013382 240.089615186056 242.513239383698 241.584976514181 241.602838039398 252.758304278056 254.084547360738 256.658355394999 252.805570761363 259.533166885376 271.413703759511 277.881999810537 280.308405558268 287.182867527008 292.594214280446 281.371215979258 285.729289054871 307.074705759684 275.872866312663 200.501024723053 149.74257349968 137.119422356288 140.631258487701 151.563743750254 174.485007921855 201.842506726583
287.15988000234 307.894130547841 311.045328776042 306.258618831635 321.549693743388 328.71146996816 308.985074361165 276.22244755427 249.624530474345 245.989521344503 244.728763898214 222.944438457489 208.507617314657 227.484802405039 249.591628710429 250.165084997813 247.748970985413 251.107652982076 239.747186501821 236.570874849955 239.928106466929 241.877814133962 242.359499136607 241.694271564484 243.013342221578 255.54096698761 260.421872138977 264.376004536947 262.131412823995 263.506730397542 276.242156823476 283.56663386027 281.709253787994 281.622191270192 285.412510236104 274.413148562113 275.471111138662 284.362355868022 266.11049969991 223.395566145579 187.808632850647 161.043544610341 146.949867407481 152.962843577067 174.278259277344 210.462133089701
300.400853157043 303.787549336751 299.042860666911 290.063182512919 293.182750542959 309.478918711344 317.298471927643 300.311128298442 279.505133628845 270.654737949371 270.786662896474 256.171941757202 233.446677525838 233.438114325205 248.133182525635 251.132527987162 246.849338213603 248.411317666372 238.706449667613 241.103887557983 238.871614138285 240.491112073263 239.489952723185 237.623373667399 245.199580987295 251.324772834778 261.034806569417 262.39279905955 262.889881928762 267.397463321686 279.318749904633 279.709180196126 268.25475692749 262.449383735657 266.108433405558 247.637271881104 245.993554592133 239.040454228719 217.95666217804 205.57830731074 214.722375075022 194.960554440816 171.409030755361 159.607122341792 162.303398052851 185.852865378062
302.510678768158 298.899054527283 303.768912951152 292.790214220683 287.355840206146 296.592394510905 314.757386843363 321.170687675476 299.968302249908 279.74792321523 272.448698679606 269.970695177714 262.189368406932 251.875321070353 249.609589576721 249.094585577647 246.589064598083 243.36043993632 243.444800376892 245.075225830078 239.923119544983 238.158981005351 239.018003145854 240.928332010905 243.113358815511 249.606092770894 257.852971553802 255.873640378316 257.670183976491 268.957257270813 275.849282741547 268.526017665863 255.056818326314 255.697906017303 250.403781731923 233.269572257996 235.757529735565 234.496553738912 229.607363541921 229.934175809224 232.916136582692 232.195874055227 212.057908376058 195.235053698222 179.627617200216 171.602586905162
315.749009450277 313.782056172689 319.900612036387 315.943837165833 307.956477006276 309.39394235611 320.798774560293 332.066337267558 311.611970265706 286.579608917236 271.85587088267 272.435088952382 276.696483294169 260.942916075389 252.703865369161 256.525079409281 251.213590304057 243.235806624095 247.512141863505 248.695731163025 247.81600634257 243.900080521901 243.677695592244 246.517519156138 244.924187660217 251.329342524211 252.985874811808 250.992258389791 254.949271678925 267.603079477946 270.989795525869 264.303227265676 257.206042607625 258.188863595327 244.20831600825 238.383134206136 244.040290514628 247.592270374298 253.602147102356 257.881959279378 224.203209082286 221.008976300557 209.3585729599 199.528872966766 183.816055456797 164.012302954992
324.254353841146 323.749581972758 326.595981915792 326.541781425476 318.990488847097 313.950737317403 320.038537184397 331.557114919027 317.491332689921 286.150415738424 272.00702826182 272.537748018901 274.060626824697 260.709285736084 252.145250638326 258.568068345388 262.163639068604 251.610517501831 253.799736499786 257.264256477356 255.328178405762 250.603516896566 249.952892462413 252.94558207194 250.02247095108 249.080697695414 253.431340058645 256.784359614054 259.8597407341 268.348375956217 272.28440841039 267.892420291901 259.467005729675 257.163564364115 242.816170056661 246.547679106394 251.155098279317 254.310309886932 256.519993146261 254.174073537191 203.781763712565 171.306689580282 158.474077781041 152.510782082876 153.393824895223 148.763875166575
324.202100435893 326.5074690183 328.477919101715 327.201743920644 321.388761202494 318.261563777924 320.37627696991 327.284713586171 323.895394802094 295.257608095805 281.749248504639 274.37416712443 268.224557240804 260.569552580516 252.844313780467 256.915152072906 266.833742459615 260.545174280802 259.642322858175 261.930088202159 261.613090833028 257.346709569295 253.794233004252 254.663983980815 257.098933060964 253.915766874949 255.307793617249 261.418461799622 264.072378476461 267.180283864339 271.693269411723 269.37876145045 261.941313743591 247.243205706278 236.052672068278 253.189861774445 261.754473050435 261.697888374329 254.156629244486 253.572503725688 201.356848080953 137.819588184357 113.267769416173 103.857109944026 106.007874011993 113.11282714208
310.898045698802 317.362527052561 321.167369683584 320.88565826416 320.907493432363 323.664406935374 325.12358824412 326.119840145111 325.10640223821 306.579271952311 297.158817450206 284.20486052831 271.292646725972 269.32966709137 260.642647743225 255.30352195104 265.62762260437 267.037610212962 260.501126448313 259.702086448669 261.577566464742 257.891158262889 254.362225532532 254.850010077159 257.77542591095 258.657932281494 258.683661619822 261.962513128916 265.104870001475 266.084412733714 269.160389900208 270.906488100688 258.03009668986 234.753827253977 241.795519987742 267.669836680094 271.358688672384 265.661259492238 253.116528193156 254.681805769602 243.672589461009 176.733136177063 120.247672001521 101.609607537587 102.225303649902 99.2476840813955
287.21151749293 292.392671108246 291.598359743754 298.581381638845 308.75704685847 318.760017553965 325.522581736247 328.577737013499 327.236592769623 316.295742988586 300.708611806234 281.407634417216 268.248518308004 268.598179022471 264.806886514028 260.328272978465 264.140407244364 263.731638590495 256.693959236145 257.905701796214 258.651157220205 262.340823809306 260.690033435822 255.461851755778 252.517104148865 255.090653896332 259.221474329631 261.234919230143 264.242251714071 263.08669646581 264.430185159047 267.279346783956 251.088758309682 236.583908398946 262.993991374969 279.502769311269 274.579246838888 267.942905426025 259.476045767466 261.399666468302 284.536421298981 276.752750078837 206.879337628682 155.10884920756 123.222092787425 101.325253645579
