input/barkrak2/radiation/dir13124.grid
NCOLS 85 
NROWS 70 
XLLCORNER 665100 
YLLCORNER 4664600 
CELLSIZE 20 
NODATA_value -9999 
[rows 0 to 19 of 70, columns 0 to 45 of 85]
328.676005204519015 334.618171056112 336.88739935557 338.407953580221 333.593924840291 329.822818438212 324.095527331034 318.229615688324 322.073260943095 321.853856245677 319.25626595815 325.092832247416 329.412460327148 329.470912615458 332.053403059642 333.555618921916 329.823434352875 320.624132951101 318.065762519836 307.443559169769 289.425253868103 288.996895154317 308.398882548014 315.505544344584 313.728928565979 314.223090807597 312.840203444163 303.546011447906 284.106036027273 278.470834096273 275.848607222239 285.018563270569 302.187820275625 305.893739064534 310.195505619049 301.626582940419 300.993859767914 310.130397478739 301.766455173492 307.915647824605 298.249125480652 284.406940142314 293.228685855865 311.216672261556 316.941897074382 310.476402441661
314.920544624329 318.619032700857 323.194126288096 330.055832862854 332.858602205912 331.796109676361 324.387351671855 316.466927528381 320.54873307546 322.041034698486 317.093094189962 321.60476843516 327.767531077067 328.919370969137 328.713933626811 330.389022827148 329.999923706055 326.028347015381 323.395888010661 314.476132392883 303.155362606049 300.948818524679 309.816837310791 315.121491750081 315.261960029602 313.498238722483 310.852328936259 303.178985913595 287.704527378082 278.629422187805 279.806673526764 293.928583463033 298.63033692042 299.533247947693 309.705634911855 301.498889923096 297.600944836934 299.153208732605 293.939650058746 308.160742123922 305.188655853271 295.337994893392 300.698061784108 315.835316975911 320.522209008535 314.128180344899
280.387918154399 286.973357200623 296.546578407288 303.92587184906 314.158280690511 320.599337418874 322.918355464935 324.168483416239 324.207365512848 321.329971154531 314.781506856283 316.072305043538 324.688593546549 327.044129371643 323.789497216543 327.325979868571 330.238620440165 332.107543945312 330.213805039724 324.843148390452 322.652399539948 317.915717760722 313.07182709376 313.035170237223 315.261483192444 315.880139668783 309.190014998118 301.173309485118 290.407141049703 279.956301053365 280.381838480632 296.464343865712 289.286017417908 294.907987117767 306.508123874664 301.049808661143 289.454023043315 283.495942751567 293.172200520833 308.483640352885 308.158715565999 306.24924103419 305.473903814952 316.777348518372 326.626400152842 319.804191589355
263.910909493764 264.523446559906 269.905885060628 276.302297910055 283.742785453796 287.538687388102 293.65344842275 303.585648536682 315.257608890533 321.855425834656 322.201609611511 324.049671490987 327.594598134359 328.024824460347 325.56273539861 322.48189051946 324.009696642558 325.521111488342 326.939960320791 326.59129301707 324.808279673258 321.850975354513 323.434293270111 319.712996482849 318.275292714437 319.954395294189 314.802865187327 306.454757849375 298.705637454987 291.358848412832 284.383614857992 296.864251295726 289.234538873037 294.037977854411 299.420615037282 300.660888353984 295.439521471659 292.62363910675 306.7320783933 315.030793348948 311.028321584066 303.855538368225 298.974394798279 308.57382218043 320.367435614268 322.056651115417
282.017866770426 267.564515272776 257.27117061615 250.827471415202 254.004120826721 268.462280432383 285.184025764465 293.16383600235 300.575216611226 305.542091528575 317.302008469899 327.228963375092 332.149783770243 333.603064219157 332.313179969788 330.949306488037 327.603379885356 321.697453657786 322.427272796631 325.568795204163 323.99050394694 323.309580485026 327.694058418274 324.718097845713 321.292877197266 321.632345517476 317.66680876414 309.987962245941 302.799661954244 298.408309618632 298.891663551331 303.831378618876 297.63122399648 299.620270729065 297.46945699056 300.486783186595 308.311263720195 312.58354584376 318.519393603007 320.83793481191 318.779687086741 311.628917853038 306.217312812805 304.862976074219 309.856474399567 322.225630283356
314.962426821391 296.41052087148 275.129795074463 254.081904888153 246.417701244354 256.468554337819 278.405924638112 290.799299875895 293.72227191925 293.845295906067 301.542063554128 310.923834641774 317.092776298523 320.126533508301 324.335475762685 326.845288276672 324.303209781647 318.897982438405 319.662312666575 323.692480723063 323.640724023183 326.944549878438 332.471628983815 329.108754793803 326.508263746897 326.003829638163 321.483771006266 314.153254032135 305.75837691625 300.522843996684 303.625067075094 304.928719997406 307.932476202647 312.424381573995 306.895474592845 304.266095161438 311.045368512471 316.420276959737 317.573070526123 317.598501841227 318.356255690257 314.460794130961 312.695980072021 312.359869480133 309.320072333018 307.519753774007
327.794929345449 314.266840616862 300.509929656982 284.607251485189 267.30082432429 256.114761034648 263.023813565572 286.229868729909 296.353181203206 302.328646183014 300.312638282776 296.418408552806 293.245732784271 289.623320102692 291.441023349762 302.565932273865 309.29958820343 318.377077579498 324.859182039897 328.201492627462 326.342006524404 323.751032352448 329.372763633728 330.642441908518 329.583962758382 330.964187781016 328.34666967392 322.271227836609 314.055601755778 309.862355391185 309.201677640279 311.986128489176 321.822007497152 325.139840443929 323.030352592468 316.915094852448 315.529664357503 317.26864973704 318.915784358978 322.349429130554 321.116824944814 317.384401957194 315.319279829661 311.632215976715 296.823143959045 290.270209312439
328.760266304016 325.701455275218 321.103473504384 312.220672766368 296.589473883311 272.616644700368 252.597272396088 253.572146097819 282.440145810445 301.591118176778 306.686123212179 302.918016910553 296.574314435323 289.631843566895 279.992202917735 282.829801241557 291.577339172363 303.255995114644 317.838986714681 326.687554518382 328.892012437185 326.054314772288 327.812552452087 330.068329970042 329.773326714834 331.638813018799 331.181585788727 327.562590440114 322.398980458577 321.344176928202 321.91264629364 323.855022589366 330.313742160797 332.13730653127 329.676191012065 326.095302899679 322.198450565338 317.86060333252 311.653971672058 313.483456770579 319.716354211171 324.399093786875 326.819062232971 321.879764397939 307.614366213481 295.177400112152
324.62336619695 325.277229150136 324.281652768453 320.76237599055 313.306132952372 299.40938949585 276.425361633301 250.502864519755 261.439740657806 281.81266784668 297.362208366394 303.027888139089 303.604185581207 301.933169364929 294.099112351735 288.864612579346 286.802132924398 290.378451347351 300.212025642395 312.307953834534 321.624318758647 326.470812161763 327.276070912679 324.596563975016 325.488368670146 328.189094861348 328.807413578033 327.555119991302 326.063315073649 329.014360904694 331.007321675618 330.262144406637 331.754565238953 332.791805267334 329.682230949402 328.057924906413 325.013697147369 318.567117055257 305.951813856761 307.711958885193 322.738428910573 329.457501570384 328.680296738942 324.623843034108 315.507928530375 307.030320167542
308.886408805847 314.900020758311 317.837039629618 317.932645479838 316.302041212718 315.195679664612 305.849810441335 292.587121327718 265.669484933217 258.12174876531 270.337482293447 290.526926517487 305.534263451894 311.175028483073 312.802255153656 307.880242665609 297.237992286682 293.52464278539 293.030540148417 294.507026672363 301.102221012115 306.120773156484 310.969769954681 314.233561356862 318.350414435069 320.830881595612 322.522858778636 321.446259816488 321.592112382253 325.336714585622 326.37357711792 326.606631278992 330.260753631592 332.817653814952 332.094768683116 328.187882900238 326.403041680654 323.186814785004 308.277388413747 307.408968607585 322.396020094554 325.904587904612 324.290911356608 321.256736914317 312.492311000824 304.20309305191
271.245996157328 282.417833805084 291.852633158366 299.172401428223 305.667281150818 311.002790927887 313.206295172373 310.975909233093 291.513065497081 269.446174303691 257.137358188629 264.280160268148 287.057399749756 304.684638977051 314.128915468852 307.860632737478 302.856345971425 298.352460066477 292.415499687195 288.242936134338 287.43839263916 287.505825360616 290.008346239726 299.329241116842 307.350258032481 312.347690264384 314.068575700124 313.78432114919 316.908458868663 319.779972235362 321.450332800547 323.770264784495 329.199572404226 331.300099690755 330.12600739797 327.801644802094 327.869792779287 328.97953192393 320.659856001536 314.83519077301 320.656021436055 324.275275071462 325.451334317525 324.612498283386 317.303697268168 310.580094655355
235.353251298269 240.209639072418 247.289379437764 258.311371008555 272.042711575826 285.566429297129 299.800674120585 304.378608862559 305.270512898763 295.610864957174 274.058083693186 256.581862767537 258.714238802592 279.000322024028 298.661669095357 300.856014092763 305.565257867177 303.780972957611 296.923915545146 288.931091626485 283.657173315684 281.18360042572 280.516346295675 287.825365861257 294.184426466624 297.989904880524 299.947420756022 303.091327349345 307.8799645106 311.133503913879 313.659886519114 317.75575876236 322.208841641744 323.879599571228 323.065221309662 323.053399721781 326.97331905365 331.095099449158 330.264449119568 326.340794563293 326.3933857282 329.21181122462 330.109814802806 329.150478045146 323.821485042572 321.581522623698
224.214116732279 220.146040121714 217.979828516642 217.997789382935 224.619885285695 240.02214272817 262.480894724528 280.861496925354 303.211788336436 306.396424770355 298.19659392039 279.927929242452 254.727005958557 252.654552459717 273.265103499095 294.541835784912 306.014657020569 307.754774888357 303.863306840261 297.479212284088 290.733754634857 289.897541205088 289.530316988627 290.279428164164 289.498686790466 288.612961769104 292.03204313914 298.785249392192 301.365156968435 302.430431048075 306.148886680603 309.676806131999 311.323324839274 312.557697296143 313.769400119781 317.029476165771 323.657512664795 329.274773597717 329.635580380758 330.635865529378 330.821514129639 330.754856268565 330.128888289134 329.844415187836 324.245671431224 322.049260139465
218.955000241598 192.662060260773 176.219940185547 170.708258946737 168.018460273743 174.189448356628 194.035311539968 226.277112960815 261.555254459381 290.929436683655 303.892771402995 304.133355617523 290.734171867371 267.886320749919 265.547970930735 287.399033705393 300.492187341054 309.404969215393 313.693583011627 311.375260353088 302.899936834971 300.386706988017 297.913432121277 297.767957051595 297.079046567281 295.069257418315 297.150035699209 303.484221299489 302.731076876322 298.213322957357 302.543739477793 306.594908237457 307.295362154643 307.612796624502 309.958716233571 314.923326174418 318.323294321696 321.597894032796 323.001801967621 323.665718237559 324.930926163991 327.375988165538 329.676568508148 329.971273740133 324.62618748347 322.613020737966
202.481031417847 164.834866921107 142.408629258474 139.545281728109 139.139413833618 143.186171849569 152.046809593836 178.741971651713 206.191082795461 251.761078834534 297.032992045085 316.798329353333 319.423715273539 307.351469993591 287.505626678467 282.598117987315 287.412166595459 299.609978993734 311.783154805501 316.514611244202 315.467158953349 310.805757840474 309.244195620219 306.962271531423 303.839147090912 302.345712979635 304.72062031428 305.562615394592 300.820549329122 297.788143157959 301.291882991791 304.933587710063 304.303109645844 304.379999637604 307.190855344137 310.044328371684 311.503569285075 309.739430745443 312.223792076111 312.384764353434 316.179275512695 320.108314355214 323.431015014648 324.085295200348 321.427623430888 320.735931396484
172.459642092387 145.307431618373 122.231731812159 119.96332804362 135.267833868663 157.650659481684 159.052391846975 165.93540708224 187.550981839498 217.712203661601 264.255166053772 312.243103981018 326.468785603841 324.99752442042 312.786261240641 289.895912011464 280.971805254618 282.040178775787 295.992573102315 313.909312089284 320.095539093018 316.088875134786 316.980302333832 313.080151875814 308.060487111409 308.323125044505 310.85987885793 307.255148887634 302.152951558431 304.500897725423 305.996894836426 305.551747481028 303.468604882558 302.661776542664 302.323400974274 301.845113436381 300.478835900625 297.373453776042 298.447926839193 299.899737040202 303.610702355703 307.829638322194 308.898766835531 309.494535128276 314.656356970469 317.714730898539
153.05350224177 142.245610555013 120.614896217982 110.882739226023 115.138997634252 140.329311291377 160.532236099243 167.613307634989 184.496243794759 196.824252605438 222.546497980754 271.825631459554 318.573375542959 324.86359278361 321.955879529317 314.422488212585 306.116461753845 293.144543965658 285.038352012634 294.366260369619 311.847964922587 318.42448314031 320.677558581034 317.649801572164 312.779009342194 313.708980878194 316.998700300852 313.789168993632 310.55869658788 314.734995365143 314.149498939514 306.452910105387 302.177548408508 299.602627754211 296.022693316142 294.27433013916 290.895402431488 289.906978607178 290.342847506205 292.999148368835 294.305364290873 296.696821848551 298.88904094696 299.952149391174 310.958425203959 316.228012243907
144.535303115845 146.823008855184 138.884037733078 122.51478433609 106.665790081024 122.658709685008 151.0236064593 172.513504823049 190.907796223958 203.388353188833 210.461397965749 238.494197527568 279.000322024028 315.315365791321 324.311157067617 326.203465461731 324.321905771891 315.913418928782 300.269325574239 287.079592545827 296.238203843435 315.086901187897 317.124625047048 316.808025042216 317.142049471537 320.945262908936 323.713024457296 322.082936763763 319.513261318207 321.039577325185 317.203362782796 309.31282043457 303.808530171712 298.786600430806 294.146756331126 291.92586739858 290.11329015096 290.360550085704 289.44609562556 291.118502616882 293.28457514445 293.710331122081 293.822765350342 297.125915686289 304.604907830556 313.30140431722
152.02252070109 161.988794803619 166.690945625305 151.816030343374 131.127168734868 136.222918828328 157.244026660919 177.278717358907 199.693580468496 218.938191731771 228.811462720235 234.85004901886 256.989498933156 272.574841976166 302.54598458608 323.47842057546 324.496229489644 323.388477166494 320.164720217387 306.721091270447 291.752815246582 302.463114261627 308.510343233744 314.548273881276 321.031451225281 325.250089168549 327.277719974518 326.641460259755 322.054266929626 320.934017499288 315.926512082418 310.808877150218 305.513103802999 300.32867193222 296.655774116516 293.205678462982 292.736252148946 290.568669637044 289.045373598735 291.670421759288 295.096278190613 296.397487322489 295.037150382996 297.491272290548 298.953115940094 308.025995890299
162.136683861415 167.051871617635 180.475870768229 187.997361024221 175.00110467275 156.005620956421 156.793296337128 171.32435242335 188.074231147766 213.835259278615 226.672470569611 227.409720420837 236.021558443705 247.689227263133 266.17952187856 289.849758148193 313.720703125 318.375964959462 319.479664166768 318.73220205307 312.86092599233 301.750719547272 302.707731723785 309.626698493958 317.529420057933 323.668003082275 327.030499776204 326.152642567952 319.968740145365 319.207727909088 314.798553784688 308.721979459127 303.724189599355 301.040530204773 299.039781093597 295.07052898407 292.658388614655 286.224047342936 284.794608751933 291.952570279439 296.226143836975 297.762294610341 299.829542636871 299.676537513733 296.471079190572 304.175913333893
