input/barkrak2/radiation/dir17824.grid
NCOLS 85 
NROWS 70 
XLLCORNER 665100 
YLLCORNER 4664600 
CELLSIZE 20 
NODATA_value -9999 
[rows 40 to 59 of 70, columns 0 to 45 of 85]
343.61990292867 344.245155652364 344.211300214132 345.825910568237 349.695483843486 352.188229560852 354.177435239156 355.835278828939 356.460809707642 350.027561187744 343.065142631531 340.783993403117 337.375640869141 335.627396901449 332.679867744446 332.335193951925 329.599857330322 328.053752581279 323.951343695323 322.598457336426 322.563290596008 325.242737929026 324.691335360209 320.689717928569 316.772202650706 315.120220184326 319.18611129125 318.145116170247 320.004681746165 319.404721260071 317.391773064931 312.942504882812 288.301984469096 282.801826794942 303.190549214681 303.698380788167 294.878125190735 295.069972674052 295.376102129618 283.292969067891 291.336536407471 331.358393033346 351.826270421346 309.604426225026 250.890175501506 206.759711106618
347.637414932251 346.10648949941 346.251090367635 346.886356671651 345.148086547852 343.892574310303 343.76851717631 344.226638476054 347.123980522156 343.154033025106 338.043411572774 337.412754694621 339.558720588684 337.631702423096 337.000211079915 333.353678385417 329.318881034851 333.013852437337 331.942975521088 327.06473271052 325.959404309591 326.035062472026 325.766086578369 325.957139333089 325.24311542511 321.099758148193 323.183337847392 323.17316532135 320.422212282817 320.638497670492 321.05561097463 314.842601617177 295.378466447194 294.083376725515 304.926017920176 296.508848667145 282.078047593435 282.868067423503 290.506958961487 294.885635375977 308.063725630442 320.444325606028 334.46458975474 334.58149433136 292.188425858815 241.991678873698
348.940213521322 347.586909929911 349.238475163778 348.758498827616 345.027208328247 343.765576680501 343.652367591858 342.985987663269 343.368450800578 339.956800142924 338.342110315959 338.487307230632 338.888247807821 340.102950731913 340.124408404032 336.207946141561 333.326121171315 335.468729337056 335.735241572062 330.341597398122 327.908078829447 326.26740137736 323.242664337158 324.945410092672 326.507349809011 323.036551475525 318.028807640076 319.699347019196 320.535182952881 321.648816267649 319.608112176259 310.944815476735 302.713016668956 303.37909857432 302.253186702728 285.886764526367 270.960768063863 277.094721794128 292.38498210907 304.596841335297 312.576413154602 310.559074083964 307.000637054443 312.683324019114 298.24956258138 248.285969098409
341.49165948232 343.16889444987 347.567160924276 346.042513847351 346.796671549479 348.251740137736 348.725557327271 347.379644711812 341.760357220968 340.343236923218 341.561913490295 338.818470637004 338.238040606181 339.627583821615 337.809562683105 336.590647697449 336.202422777812 336.477041244507 335.777203241984 333.153208096822 328.859170277913 326.329330603282 323.698004086812 322.505215803782 323.3855565389 324.607312679291 318.279425303141 318.294147650401 319.689174493154 317.733923594157 314.831475416819 307.531932989756 306.784947713216 306.975563367208 293.519715468089 271.442294120789 266.769607861837 280.869921048482 300.532917181651 305.467923482259 305.473685264587 301.303168137868 293.537974357605 292.159040768941 286.733309427897 256.707966327667
341.849088668823 345.290263493856 346.070488293966 345.884521802266 346.874157587687 347.930510838826 348.310391108195 346.060832341512 344.50618426005 342.302441596985 342.561483383179 340.560038884481 337.766965230306 334.930539131165 335.144917170207 334.27631855011 330.965300401052 335.715651512146 335.83390712738 333.423535029093 329.936385154724 329.134901364644 327.777226765951 327.374875545502 322.856108347575 327.348828315735 326.313455899556 323.357582092285 321.226914723714 316.689848899841 310.449282328288 305.159052213033 303.767085075378 299.243569374084 286.149402459462 269.251028696696 270.569860935211 286.559422810872 301.951666673024 300.565997759501 301.994601885478 294.735074043274 282.079259554545 277.48441696167 278.660893440247 268.246531486511
345.55462996165 347.75698184967 346.157471338908 347.344160079956 346.5629418691 346.30541006724 346.560080846151 346.121350924174 346.626281738281 344.141284624736 343.935370445251 342.889865239461 338.44526608785 336.146275202433 334.650119145711 337.165832519531 332.497815291087 333.438952763875 337.181647618612 335.452755292257 332.878470420837 331.474939982096 328.4725745519 328.105549017588 325.902183850606 322.823584079742 325.88408390681 323.365012804667 320.185780525208 316.498597462972 310.073494911194 305.813272794088 303.361038366954 294.074157873789 278.583745161692 263.877292474111 269.144594669342 286.56933705012 294.217586517334 288.38723897934 293.761352698008 285.441080729167 273.780723412832 276.463349660238 287.178774674733 279.098709424337
345.58113416036 346.298178037008 347.340146700541 347.4200963974 347.06723690033 346.73817952474 347.65346844991 347.922603289286 346.704959869385 345.858812332153 344.758192698161 343.541145324707 341.847896575928 339.291175206502 339.232047398885 340.346892674764 337.714354197184 334.807475407918 336.34893099467 336.273153622945 332.266847292582 333.10874303182 330.287416776021 327.221115430196 329.172571500142 322.783887386322 322.491367657979 321.994662284851 319.798469543457 316.503882408142 311.421910921733 306.708912054698 300.650000572205 291.378060976664 277.004877726237 265.546858310699 273.127973079681 285.967310269674 284.051299095154 285.934408505758 292.522549629211 281.729221343994 277.310311794281 284.273564815521 293.433547019958 285.619517167409
342.516819636027 343.844334284465 346.549153327942 346.275091171265 347.585638364156 348.142504692078 346.804658571879 346.378763516744 345.958948135376 347.739895184835 345.760146776835 344.180226325989 343.60400835673 341.75431728363 340.657035509745 339.330196380615 339.136838912964 333.500862121582 334.452827771505 334.607839584351 331.746200720469 331.01483186086 330.087701479594 324.345747629801 323.96141688029 323.160449663798 318.982501824697 318.035761515299 317.689418792725 314.128875732422 310.810029506683 308.294673760732 299.53928788503 295.148332913717 287.615239620209 275.012234846751 277.605215708415 284.816960493724 286.854207515717 293.346722920736 290.489713350932 283.515413602193 285.332242647807 286.144196987152 285.816570123037 277.6993115743
338.772932688395 340.657194455465 343.568325042725 344.481984774272 347.407460212708 348.183711369832 346.578001976013 344.728946685791 347.06723690033 348.298788070679 346.669713656108 345.045804977417 343.543450037638 344.127138455709 341.884215672811 338.359594345093 338.346282641093 332.207361857096 332.34711488088 335.597395896912 332.659681638082 331.376592318217 331.356962521871 325.896620750427 323.747197786967 323.263009389242 317.958156267802 318.86359055837 318.651517232259 319.170753161112 318.46010684967 315.236886342367 305.44239282608 304.822246233622 296.927571296692 279.784262180328 280.252516269684 288.360635439555 292.580604553223 293.470700581868 283.684412638346 281.187415122986 280.387878417969 274.889091650645 272.345105806987 271.945695082347
338.204741477966 336.877504984538 338.933865229289 343.249003092448 345.330834388733 345.868309338888 346.82552019755 348.341186841329 348.588864008586 347.271243731181 347.407619158427 347.596406936646 346.299846967061 344.252030054728 342.5213098526 339.41642443339 336.194674173991 334.144512812297 333.689451217651 334.559639294942 336.047291755676 333.153029282888 328.542550404867 327.251791954041 322.151978810628 321.97501262029 321.398099263509 319.513420263926 321.74942890803 325.17792781194 324.968278408051 318.373103936513 310.624241828918 310.645639896393 301.872829596202 285.152276357015 278.741399447123 286.877751350403 292.709787686666 283.27755133311 272.551337877909 275.72234471639 275.940954685211 270.267049471537 269.833525021871 272.964914639791
338.360508282979 340.298851331075 341.286698977153 344.141920407613 344.547986984253 343.903462092082 347.566286722819 349.84302520752 349.201917648315 349.275747934977 349.335074424744 348.55580329895 346.250136693319 343.389948209127 343.630989392598 343.194166819255 338.327566782633 333.712100982666 333.546241124471 336.769183476766 334.865808486938 332.640329996745 327.850381533305 323.830664157867 318.449278672536 321.548839410146 324.699521064758 322.00562953949 323.545257250468 323.615610599518 324.207882086436 318.593879540761 311.447242895762 308.266739050547 298.124472300212 285.021364688873 280.135591824849 283.98056825002 284.064869085948 271.934727827708 269.219279289246 279.770493507385 279.268781344096 271.491646766663 270.724018414815 266.223073005676
338.463107744853 344.200730323792 344.639301300049 345.296541849772 344.354112943013 344.06320254008 347.073117891947 349.40771261851 349.405407905579 350.846687952677 349.17414188385 348.934650421143 347.259680430094 344.350536664327 341.54466787974 345.292647679647 339.916427930196 332.92414744695 332.703053951263 333.115379015605 331.288715203603 327.675879001617 323.35889339447 320.049961407979 317.733069260915 317.991038163503 317.718942960103 317.352871100108 317.738254865011 320.209980010986 320.886969566345 317.072927951813 305.611610412598 295.908490816752 273.363629976908 260.747273763021 271.004935105642 278.578698635101 277.079006036123 276.936332384745 284.851133823395 288.365622361501 272.718807061513 264.560580253601 271.992087364197 260.373095671336
340.277155240377 338.027437527974 338.283936182658 339.598973592122 343.06796391805 345.683654149373 346.034367879232 348.042686780294 347.273945808411 349.41295782725 348.803122838338 348.802089691162 346.908092498779 344.935735066732 342.180808385213 339.955886205037 338.351885477702 332.995692888896 327.443401018779 325.350224971771 322.617173194885 320.287068684896 321.607808272044 314.886411031087 314.426044623057 311.880071957906 312.160869439443 312.01159954071 308.729112148285 308.972239494324 311.871111392975 310.868958632151 288.871963818868 265.08229970932 239.752650260925 229.686339696248 243.784109751383 268.013576666514 282.193879286448 277.664601802826 278.111577033997 273.538966973623 261.295278867086 264.108459154765 268.673141797384 244.812667369843
342.193722724915 336.599906285604 334.169824918111 337.551991144816 343.318382898966 347.523212432861 347.257256507874 347.198247909546 347.619771957397 346.912225087484 346.224506696065 347.490270932515 347.320556640625 344.54600016276 341.921250025431 338.701446851095 338.822603225708 330.58891693751 325.096448262533 323.813180128733 322.602331638336 319.611807664235 317.883392175039 314.314365386963 312.705934047699 311.058421929677 309.992829958598 307.146648565928 305.5233558019 302.369177341461 296.589434146881 287.862817446391 266.125023365021 239.914357662201 231.317182381948 227.987964948018 221.240897973379 231.761654218038 247.149527072906 265.179653962453 270.333230495453 261.032561461131 257.068951924642 260.536472002665 251.442909240723 231.214662392934
342.53207842509 339.428146680196 336.532473564148 338.98667494456 344.610452651978 348.044395446777 348.703463872274 346.367597579956 347.552617390951 345.916350682576 346.669753392537 345.388054847717 346.263726552327 344.640493392944 340.390563011169 337.647000948588 336.96703116099 329.368313153585 325.079321861267 325.922270615896 325.613756974538 322.281579176585 319.758315881093 317.801793416341 314.393162727356 313.246250152588 311.226526896159 306.581854820251 303.456664085388 299.056728680929 290.0576988856 279.962758223216 257.250448067983 243.216196695964 247.064769268036 250.783840815226 244.41256125768 235.992074012756 226.85976823171 234.241525332133 249.457796414693 241.535703341166 235.247870286306 229.969402154287 225.597043832143 221.343477567037
344.154238700867 343.404054641724 340.450723965963 337.426463762919 340.53115049998 346.392234166463 347.057501475016 345.452149709066 345.255374908447 345.170259475708 347.885847091675 346.150795618693 344.650705655416 343.753457069397 338.890473047892 335.539261500041 335.051695505778 332.607169946035 325.940549373627 326.610346635183 323.100248972575 323.094685872396 322.103063265483 321.563204129537 315.766056378682 313.72477610906 312.046647071838 306.105891863505 300.344347953796 294.363558292389 290.189226468404 286.299109458923 264.667510986328 257.285416126251 261.101285616557 268.640776475271 279.830833276113 276.21587117513 260.641972223918 231.386482715607 229.383190472921 230.30153910319 227.724234263102 225.963751475016 231.631954511007 237.363636493683
346.054991086324 345.208168029785 344.11362806956 339.584668477376 336.679061253866 343.125263849894 346.163511276245 344.506820042928 342.83192952474 344.778617223104 346.242229143779 345.764478047689 341.756900151571 341.315786043803 339.045763015747 335.070808728536 335.380991299947 331.344981988271 327.603379885356 326.406856377919 324.912746747335 325.09704430898 319.471677144368 317.895253499349 315.982123215993 313.055555025737 299.96399084727 282.10836648941 277.636885643005 282.347877820333 288.20812702179 283.517162005107 266.381581624349 258.930901686351 265.564203262329 275.534470876058 291.422406832377 300.826827685038 291.938583056132 260.88805993398 235.219995180766 237.449367841085 244.583487510681 255.500137805939 265.790303548177 268.841048081716
345.475713411967 344.010591506958 344.446102778117 342.303872108459 337.866504987081 339.132150014242 344.050685564677 343.849976857503 340.015331904093 339.821259180705 340.586980183919 342.708746592204 339.53579266866 338.669737180074 338.23303381602 332.80344804128 333.983381589254 331.15816116333 328.040798505147 327.800432840983 327.039460341136 325.43949286143 322.057465712229 317.598561445872 316.657642523448 315.820376078288 300.303181012471 284.775535265605 284.392774105072 288.969894250234 295.047640800476 284.959634145101 274.102012316386 273.041049639384 285.002907117208 287.894050280253 293.955206871033 283.246298631032 250.747481981913 243.001619974772 254.220048586527 263.533711433411 258.355498313904 252.73323059082 254.396100838979 265.048960844676
339.462757110596 343.214909235636 343.092401822408 341.289440790812 338.177839914958 336.327910423279 341.1652247111 342.868010203044 340.833187103271 334.619442621867 338.653365770976 340.536117553711 338.607668876648 336.633920669556 336.254914601644 333.33146572113 329.725523789724 328.70356241862 329.07634973526 326.963365077972 328.789134820302 323.783040046692 324.386656284332 320.064644018809 318.965335687002 319.455722967784 312.203923861186 309.516231218974 305.447578430176 304.11571264267 299.490094184875 287.532269954681 283.907731374105 282.869299252828 279.494563738505 266.105850537618 246.918320655823 212.891618410746 196.251014868418 232.887228329976 268.704195817312 269.42656437556 248.78849585851 244.108060995738 257.093211015065 271.140356858571
332.911849021912 339.664896329244 340.852538744609 339.689254760742 337.934891382853 331.598063309987 337.174693743388 339.526295661926 339.436133702596 336.335023244222 336.541295051575 339.279254277547 338.683565457662 335.544109344482 335.838476816813 333.833495775859 329.421242078145 326.592723528544 323.851684729258 322.393357753754 323.124210039775 321.852425734202 320.610721906026 318.655610084534 320.766031742096 323.245147864024 323.263744513194 326.057116190592 311.352511246999 306.532919406891 299.50882991155 286.046981811523 285.529494285583 266.746958096822 239.155650138855 211.584210395813 195.993840694427 188.32129240036 184.537847836812 209.661543369293 236.816664536794 253.599246342977 250.84267059962 262.897332509359 293.68935028712 303.471128145854
