input/barkrak2/radiation/dir16224.grid
NCOLS 85 
NROWS 70 
XLLCORNER 665100 
YLLCORNER 4664600 
CELLSIZE 20 
NODATA_value -9999 
[rows 20 to 39 of 70, columns 0 to 45 of 85]
209.403475125631 202.558398246765 219.079375267029 260.291457176208 254.318555196126 204.599678516388 189.458727836609 193.206965923309 206.076085567474 228.838006655375 241.528928279877 251.496533552806 261.790931224823 275.198737780253 290.187458197276 321.594516436259 334.921717643738 338.035980860392 342.636108398438 348.775625228882 350.752512613932 344.670375188192 343.786954879761 345.232089360555 346.171696980794 347.292979558309 347.959955533346 344.74766254425 340.13577302297 339.792331059774 334.208091100057 324.398080507914 316.827178001404 313.793063163757 312.694509824117 316.946983337402 317.179620265961 319.392879803975 323.724548021952 327.405651410421 327.025850613912 327.076077461243 329.026381174723 325.196941693624 327.947080135345 331.179579099019
234.424610932668 235.291540622711 255.008399486542 285.290241241455 279.932061831156 219.852646191915 202.101528644562 201.024293899536 208.152294158936 222.099900245667 235.871215661367 243.686934312185 252.506872018178 258.185485998789 274.372518062592 292.163948218028 320.846597353617 333.457708358765 338.393131891886 345.657745997111 349.05203183492 352.688908576965 352.969805399577 352.418065071106 349.738081296285 346.219937006633 342.776536941528 339.455366134644 338.356018066406 331.717054049174 315.914630889893 289.018114407857 270.531912644704 269.596636295319 277.334570884705 295.277337233226 302.373766899109 316.018462181091 324.882249037425 324.553390343984 322.978913784027 322.16093937556 316.007653872172 303.616265455882 321.542203426361 328.116854031881
272.685050964355 281.448900699615 291.092971960704 301.264762878418 301.209568977356 254.914323488871 222.798148790995 206.460456053416 205.800433953603 216.597636540731 234.134276707967 242.96764532725 257.727225621541 263.741314411163 272.447367509206 285.743335882823 301.919897397359 322.16093937556 333.117167154948 334.291776021322 337.003628412883 346.073508262634 349.647720654805 349.542260169983 347.073157628377 345.635811487834 342.889507611593 337.799708048503 326.177855332692 308.947463830312 266.956011454264 216.243505477905 196.149269739787 214.108824729919 242.03876654307 266.149302323659 283.629059791565 301.464716593424 312.814871470133 315.778215726217 318.600277105967 318.009575208028 297.577639420827 279.237389564514 303.054749965668 325.559874375661
290.767252445221 294.68047618866 298.021217187246 305.793384710948 305.500189463298 286.96612517039 245.514929294586 216.016431649526 200.640896956126 205.77073097229 230.838676293691 244.717975457509 259.005506833394 275.874714056651 279.674172401428 282.027761141459 295.231382052104 310.727914174398 321.94709777832 323.324799537659 321.897347768148 325.511713822683 334.555705388387 340.525031089783 341.379165649414 332.274854183197 319.438338279724 302.600502967834 276.927312215169 233.813246091207 195.386668046316 170.500159263611 145.089487234751 145.187636216482 157.771170139313 195.474247137705 234.68005657196 260.939260323842 278.237541516622 286.567469437917 286.1008644104 272.766868273417 257.921099662781 290.158947308858 287.245492140452 319.678107897441
282.583812872569 285.062789916992 296.816090742747 307.580570379893 299.764116605123 287.433465321859 256.15648428599 231.700400511424 214.185436566671 207.423011461894 223.496953646342 239.405314127604 256.139934062958 268.938978513082 279.26641702652 282.330195109049 292.807062466939 303.860187530518 313.432315985362 316.271821657817 319.584051767985 316.510160764058 321.330229441325 311.903794606527 304.033656915029 299.02458190918 289.961596330007 278.605083624522 246.255834897359 189.588189125061 167.92356967926 165.511786937714 148.372838894526 126.439948876699 118.204404910405 131.748686234156 179.972648620605 215.477049350739 242.285430431366 254.623810450236 244.760394096375 223.015030225118 243.465483188629 305.673599243164 297.944962978363 322.342117627462
277.53887573878 281.451125939687 294.633746147156 303.796807924906 301.273345947266 289.197603861491 264.904499053955 256.325662136078 245.765169461568 230.493545532227 230.655789375305 249.620199203491 264.439086119334 280.887087186178 285.896837711334 283.592283725739 290.175755818685 302.044987678528 308.503309885661 315.751115481059 325.066347916921 310.677091280619 293.799519538879 292.288104693095 292.961438496908 290.834486484528 279.112776120504 265.759209791819 222.802937030792 194.124897321065 193.100293477376 210.029721260071 214.842796325684 190.894722938538 156.973471244176 137.419333060582 154.0573934714 182.230512301127 223.856687545776 238.361020882924 220.20161151886 211.305240790049 252.830644448598 291.544854640961 311.233401298523 332.715074221293
279.575765132904 281.447887420654 290.170609951019 300.129095713298 312.487920125326 297.441204388936 279.415170351664 266.944924990336 264.938255151113 261.776288350423 253.557741641998 268.37831735611 279.482881228129 293.47441593806 297.878841559092 290.343324343363 291.339914004008 304.338614145915 312.292476495107 316.936433315277 309.774359067281 305.392622947693 302.246689796448 297.036051750183 294.247726599375 290.167490641276 279.95495001475 265.901684761047 229.028284549713 223.083992799123 245.180130004883 268.360495567322 272.404352823893 285.331507523855 266.373912493388 180.893898010254 166.103412707647 177.979230880737 204.26615079244 236.401995023092 229.187349478404 260.409712791443 253.222902615865 266.082485516866 302.109837532043 321.173131465912
283.804476261139 280.034482479095 283.321022987366 295.951803525289 333.073417345683 305.919289588928 283.341030279795 265.847186247508 266.249855359395 274.345020453135 269.803325335185 272.897978623708 285.911679267883 296.723564465841 300.614615281423 301.231801509857 299.203356107076 302.685300509135 305.936495463053 308.850487073263 307.103753089905 299.259126186371 297.875761985779 301.075239976247 301.220218340556 296.95600271225 286.99912627538 276.742259661357 250.979741414388 249.312361081441 273.968120416005 288.743436336517 286.661783854167 300.59560139974 328.0228972435 261.925399303436 196.902533372243 183.988571166992 196.506341298421 239.670276641846 266.512433687846 311.670184135437 263.626615206401 256.974816322327 287.964026133219 299.284021059672
280.828952789307 273.109535376231 277.147809664408 302.416165669759 343.840360641479 305.135607719421 273.669044176737 260.425945123037 265.744904677073 274.353881676992 272.403558095296 271.158595879873 288.101732730865 298.078974088033 301.662981510162 306.971987088521 300.62214533488 292.769054571788 300.060907999674 301.971912384033 301.254073778788 294.797837734222 296.176115671794 301.778733730316 305.429140726725 300.445934136709 295.839031537374 285.154978434245 262.13538646698 256.337265173594 279.441237449646 297.82501856486 296.157479286194 294.361015160878 316.622257232666 322.099367777507 233.388562997182 175.627668698629 167.790691057841 210.317194461823 275.086045265198 291.294038295746 255.146821339925 233.518660068512 259.950637817383 275.927543640137
273.250957330068 265.402277310689 274.183372656504 312.792102495829 340.517322222392 301.163256168365 267.045815785726 249.518513679504 250.093201796214 254.565358161926 253.93142302831 261.963625748952 282.123247782389 300.004363059998 301.399032274882 305.172920227051 303.371469179789 290.607194105784 293.524225552877 295.861780643463 294.644316037496 296.314974625905 295.589168866475 302.170793215434 305.948952833811 303.796092669169 302.47954527537 291.025539239248 269.618193308512 265.32769203186 284.209569295247 302.276829878489 297.759890556335 293.957352638245 302.98105875651 323.760708173116 312.911291917165 238.898396492004 189.609964688619 198.560436566671 236.57371600469 249.817768732707 248.86300166448 219.592650731405 232.520322004954 260.023415088654
261.265734831492 271.612842877706 301.029721895854 346.724629402161 348.25058778127 306.198159853617 271.197378635406 243.039886156718 235.719521840413 246.535738309224 241.657455762227 240.478754043579 274.169603983561 297.774692376455 302.483340104421 304.520567258199 306.569516658783 298.674205938975 296.18889093399 296.744287014008 296.028017997742 299.338380495707 303.63404750824 303.961555163066 305.772403875987 311.430414517721 309.149066607157 299.427707990011 282.677272955577 277.86773443222 289.736370245616 302.43577559789 299.913724263509 299.182415008545 302.505930264791 305.07755279541 329.477568467458 342.146317164103 277.237415313721 229.900161425273 217.720150947571 208.68327220281 224.00563955307 222.049117088318 229.48698202769 265.146831671397
279.805560906728 304.665764172872 321.971158186595 326.466917991638 355.565746625264 337.963064511617 304.029663403829 265.696505705516 252.126653989156 265.190402666728 259.701550006866 242.335697015127 261.967480182648 292.267223199209 302.677830060323 307.237943013509 306.902885437012 306.974212328593 299.557725588481 298.536896705627 300.626317660014 305.149972438812 306.850751241048 305.545449256897 308.586080869039 315.135697523753 316.728234291077 313.729325930278 300.1389503479 293.424169222514 296.584566434224 300.093392531077 301.797767480214 305.894335110982 308.227002620697 296.440561612447 305.356025695801 344.008485476176 342.321077982585 283.197780450185 234.733204046885 207.518815994263 208.153227965037 226.322372754415 250.454227129618 278.52205435435
308.999756971995 316.659013430278 305.077294508616 297.223150730133 316.205541292826 338.566859563192 334.813555081685 307.120263576508 284.42637125651 286.887049674988 291.1270459493 266.932864983877 263.0535364151 287.421961625417 304.588198661804 308.28062693278 304.785529772441 308.324078718821 301.427523295085 300.400157769521 305.982212225596 307.416439056396 307.092984517415 308.007458845774 309.047738711039 317.776004473368 321.806391080221 322.410265604655 309.297879536947 300.359884897868 306.481003761292 309.127231438955 304.847121238708 307.161688804626 311.222453912099 301.307876904805 300.571441650391 321.037173271179 327.051003774007 303.494970003764 273.969014485677 232.086499532064 213.719765345256 220.933477083842 242.361704508464 273.943642775218
297.758221626282 289.420028527578 281.812071800232 270.597875118256 270.983437697093 292.076806227366 314.446866512299 312.895079453786 303.944746653239 306.132793426514 306.723376115163 291.258613268534 282.346308231354 292.466064294179 305.354793866475 305.825332800547 305.755813916524 307.707826296488 302.448590596517 305.032193660736 305.19711971283 307.80416727066 306.720952192942 303.925156593323 309.575279553731 314.662237962087 319.706241289775 319.586118062337 312.147080898285 307.400763034821 312.341948350271 310.033043225606 299.497445424398 299.068669478099 303.64191532135 288.434604803721 285.610953966777 286.890129248301 282.250344753265 288.003822167714 297.436753908793 263.711074988047 235.152781009674 225.991606712341 227.631171544393 247.553507486979
290.031214555105 278.883039951324 285.28223435084 270.749131838481 262.549201647441 274.455487728119 301.442821820577 327.031254768372 325.152973333995 313.321808973948 301.70069138209 302.386224269867 309.91009871165 309.666951497396 309.361418088277 306.739330291748 307.172973950704 305.214564005534 305.265009403229 308.120052019755 307.441592216492 307.01208114624 305.373032887777 303.614338239034 306.68693780899 310.340305169423 316.313147544861 312.67249584198 311.186194419861 312.47482697169 313.722610473633 303.109804789225 287.867029507955 293.294330437978 292.619585990906 276.508390903473 277.212778727214 277.398327986399 285.292367140452 308.664838473002 307.244340578715 295.366068681081 271.583080291748 255.530695120494 237.305700778961 230.577270189921
310.742417971293 305.121203263601 314.88025188446 309.643149375916 299.393137296041 304.257829984029 321.401278177897 344.57794825236 340.235034624736 315.988341967265 300.810277462006 309.62461233139 324.052174886068 322.400629520416 315.632303555806 318.766156832377 313.229024410248 308.437546094259 312.286337216695 313.413461049398 311.289846897125 306.81969722112 307.143052419027 307.909289995829 306.621332963308 308.981537818909 310.021678606669 308.180014292399 309.912423292796 315.631965796153 312.7095301946 302.282869815826 289.397358894348 290.157636006673 283.512592315674 279.289722442627 284.355322519938 284.650643666585 296.831925710042 327.924132347107 296.343485514323 282.21474091212 272.505561510722 264.246582984924 247.505823771159 226.067841053009
337.374726931254 334.290146827698 336.448510487874 339.204072952271 329.96787627538 323.56059551239 328.151802221934 342.935721079508 340.429107348124 312.970280647278 304.573913415273 316.788613796234 330.949465433757 322.998583316803 318.121552467346 319.583316644033 324.848373730977 316.281358400981 316.518565018972 318.177978197734 315.753777821859 310.725688934326 310.650944709778 309.592405954997 307.933131853739 308.604021867116 308.990836143494 311.784466107686 312.423388163249 317.822972933451 314.789493878682 304.832458496094 291.977981726329 285.927832126617 278.577923774719 283.739944299062 290.261626243591 289.037863413493 292.16855764389 316.431899865468 285.81710656484 243.687152862549 232.449352741241 226.867218812307 223.946849505107 218.045055866241
351.103862126668 347.792466481527 342.365105946859 343.409419059753 338.022669156392 329.569558302561 325.885077317556 331.270118554433 338.299512863159 320.526123046875 320.478856563568 329.326589902242 328.212956587474 323.377827803294 321.5105732282 322.721580664317 329.91631825765 325.917343298594 321.767687797546 320.124685764313 321.349680423737 315.608402093252 312.374214331309 310.337444146474 310.869177182515 309.979875882467 309.187670548757 314.014911651611 314.99707698822 316.351195176442 316.537261009216 307.138065497081 295.252799987793 279.600083827972 271.602114041646 286.863386631012 296.858906745911 294.408361117045 284.317115942637 300.998489061991 287.530263264974 220.274607340495 191.175162792206 178.447981675466 177.621781826019 184.879163901011
354.730685551961 357.133746147156 355.704347292582 353.129029273987 348.786910374959 342.676877975464 334.978620211283 329.821864763896 332.21971988678 330.762585004171 339.009841283162 339.000622431437 331.257919470469 333.236575126648 326.862911383311 323.644439379374 328.305244445801 329.45175965627 323.850413163503 323.59250386556 320.456286271413 316.347002983093 311.947087446849 310.681919256846 311.814407507579 314.013103644053 309.852401415507 312.944829463959 314.76088364919 315.652966499329 316.364924112956 311.088403065999 290.622135003408 268.573383490245 277.21099058787 298.682908217112 301.608622074127 295.689543088277 278.560201327006 284.647464752197 309.797644615173 266.093015670776 208.7042927742 178.309659163157 166.512886683146 163.651118675868
346.236268679301 349.546631177266 349.379062652588 352.472027142843 356.228272120158 358.421881993612 357.501228650411 354.090094566345 352.139870325724 354.404171307882 351.165056228638 341.988484064738 336.891730626424 333.058615525564 330.372929573059 325.89324315389 328.268428643544 328.077673912048 321.614225705465 320.125162601471 321.365574995677 319.857597351074 317.858497301737 313.621679941813 309.936841328939 310.987631479899 313.778201738993 314.774990081787 316.328267256419 316.426753997803 314.7900501887 311.922550201416 286.224325497945 269.172926743825 291.11385345459 305.932561556498 301.259318987529 296.721080938975 283.298810323079 278.135557969411 314.096510410309 341.985146204631 291.724264621735 238.604704538981 196.028192838033 165.522545576096
