input/barkrak2/radiation/dir13724.grid
NCOLS 85 
NROWS 70 
XLLCORNER 665100 
YLLCORNER 4664600 
CELLSIZE 20 
NODATA_value -9999 
[rows 20 to 39 of 70, columns 0 to 45 of 85]
180.377344290415 172.775109608968 187.64986594518 227.055350939433 221.937616666158 178.845405578613 165.868441263835 172.104239463806 185.097336769104 206.443349520365 219.711184501648 225.931962331136 230.069140593211 238.372306029002 256.773173809052 277.314881483714 295.687556266785 315.919041633606 320.99586725235 329.225798447927 332.112193107605 324.623167514801 323.341111342112 325.212438901265 326.50883992513 327.09147532781 329.560240109762 326.960146427155 323.052565256755 322.38248984019 315.903663635254 304.283897082011 294.273813565572 289.035598436991 287.023742993673 292.501827081044 292.003730932872 294.278562068939 298.938492933909 303.212900956472 303.10195684433 303.215444087982 305.603702863057 300.930857658386 304.543614387512 308.433949947357
210.176030794779 207.230627536774 221.864481767019 253.334860006968 248.706142107646 190.899988015493 176.617701848348 181.219975153605 189.34033314387 201.65208975474 212.243835131327 221.942186355591 228.040675322215 228.28741868337 241.272250811259 258.865972359975 278.054237365723 291.814168294271 313.592314720154 325.360357761383 329.250812530518 335.256576538086 337.297002474467 336.296041806539 332.024196783702 326.675673325857 322.373191515605 318.383316198985 319.102029005686 312.324364980062 295.017242431641 265.294631322225 243.503113587697 240.186413129171 247.312068939209 266.691406567891 274.517059326172 289.71004486084 298.85600010554 299.83127117157 298.010567824046 297.078291575114 290.38417339325 276.1310338974 295.311411221822 304.734985033671
252.056399981181 258.047103881836 261.303861935933 270.790298779805 270.69874604543 222.710371017456 201.09748840332 188.283344109853 184.931079546611 195.908864339193 213.786164919535 221.708556016286 234.821577866872 238.010724385579 243.195553620656 253.153443336487 270.024081071218 282.964428265889 294.627825419108 304.783860842387 313.800593217214 324.947734673818 331.585943698883 332.192699114482 329.434434572856 326.651533444722 314.920524756114 299.483517805735 291.881084442139 268.508394559224 236.219108104706 188.654164473216 164.408892393112 180.727362632751 208.988686402639 234.458327293396 252.347668011983 273.174226284027 285.936792691549 289.316078027089 291.628479957581 292.437354723612 269.95462179184 249.005575974782 276.571313540141 301.941514015198
275.13309319814 276.24781926473 271.243830521901 275.889813899994 275.353709856669 258.93779595693 223.904490470886 196.877698103587 182.004233201345 186.440606911977 208.74685049057 221.935113271077 237.12948958079 251.200218995412 250.935077667236 254.818002382914 266.070028146108 277.694483598073 288.828492164612 285.396834214528 290.319919586182 297.578434149424 303.796807924906 303.001443545024 299.161434173584 291.140178839366 278.860628604889 266.671597957611 244.974315166473 203.97561788559 172.043840090434 147.640943527222 115.349382162094 106.517612934113 119.277725617091 154.947648445765 201.281984647115 229.109525680542 246.258775393168 256.721615791321 256.215949853261 241.762101650238 227.769613265991 260.949492454529 260.473589102427 292.809804280599
267.863651116689 269.154667854309 274.401505788167 277.809302012126 267.958601315816 259.178241093953 232.574244340261 211.64749066035 193.549652894338 189.838310082754 202.897349993388 219.253420829773 232.090334097544 246.041774749756 250.118533770243 251.830736796061 260.403831799825 275.270581245422 283.669511477153 279.297788937887 278.809587160746 263.055682182312 264.285961786906 275.903741518656 278.383513291677 275.418639183044 263.759096463521 250.646015008291 224.920392036438 167.139808336894 147.120664517085 143.776228030523 123.418112595876 88.8832906881968 81.3077539205551 100.09691119194 141.065577665965 181.636691093445 207.528233528137 222.121516863505 211.959560712179 189.26211198171 210.68278948466 281.049787998199 276.323060194651 295.503934224447
260.621249675751 265.029708544413 274.970253308614 275.675336519877 269.402384757996 260.792156060537 242.47004588445 238.499303658803 229.947129885356 215.157111485799 213.837107022603 230.984707673391 243.666092554728 255.319714546204 259.410500526428 258.34999481837 260.045607884725 270.434379577637 271.282990773519 274.41132068634 273.99084965388 265.912175178528 261.502623558044 262.776772181193 269.242068131765 266.098996003469 254.255692164103 245.968778928121 199.688673019409 175.970276196798 173.706332842509 189.494252204895 191.444198290507 155.3948422273 120.028475920359 109.197249015172 124.710390965144 149.739921092987 180.273195107778 204.696297645569 185.969829559326 176.425337791443 219.441692034403 270.616412162781 290.768980979919 304.414788881938
262.107888857524 264.886736869812 272.021174430847 274.727781613668 282.769680023193 271.993279457092 259.111881256104 253.480931123098 253.896156946818 247.723698616028 236.067553361257 249.624152978261 260.500013828278 273.048520088196 272.895773251851 265.562494595846 257.568260033925 263.095577557882 268.271406491597 281.07092777888 281.38800462087 277.208904425303 271.273235479991 264.350593090057 265.482266743978 266.372581322988 256.982664267222 246.021012465159 212.988436222076 207.107702891032 227.577169736226 251.92125638326 257.264534632365 263.811548550924 232.12464650472 150.564481814702 139.396011829376 148.738304773966 174.016654491425 195.476253827413 196.308592955271 227.65854994456 232.734342416128 249.727169672648 283.031980196635 293.172478675842
266.137659549713 262.595613797506 265.494465827942 272.54056930542 305.723448594411 285.215119520823 269.924759864807 256.449302037557 257.643798987071 263.874073823293 253.069698810577 256.898363431295 267.462134361267 276.434202988942 274.480561415354 269.535899162292 262.188176314036 266.677439212799 278.396606445312 283.715466658274 281.317273775737 272.749940554301 271.50430281957 270.609656969706 271.857043107351 269.312640031179 264.187852541606 257.616837819417 238.61821492513 237.88587252299 260.463654994965 275.014142195384 275.172432263692 288.935601711273 304.030458132426 230.107446511587 168.162941932678 154.108683268229 165.385564168294 191.230396429698 234.069049358368 284.267425537109 245.314240455627 239.336450894674 265.750368436178 273.776729901632
264.197071393331 255.038797855377 258.702178796132 278.921822706858 320.244987805684 286.586920420329 262.20432917277 250.530064105988 254.285136858622 259.693046410878 255.943020184835 253.6581158638 266.039888064067 272.464752197266 273.827294508616 275.373737017314 270.119031270345 267.81956354777 275.665958722432 277.679324150085 274.92352326711 269.813100496928 267.324725786845 274.769147237142 276.345213254293 271.443784236908 271.417816480001 265.089790026347 249.908745288849 247.113704681396 269.137581189473 286.518037319183 286.460121472677 285.446226596832 303.309082984924 294.263482093811 200.188299020131 143.151044845581 132.650911808014 170.985738436381 242.128650347392 268.285652001699 235.501825809479 211.67512734731 234.02992884318 245.944817860921
257.788081963857 247.109373410543 254.825333754222 289.273937543233 317.716479301453 284.643689791362 253.290514151255 235.167026519775 230.717500050863 235.30375957489 234.264135360718 240.246633688609 257.535497347514 268.7908411026 274.01340007782 278.033634026845 279.070913791656 265.18311103185 266.394734382629 268.571118513743 269.202808539073 271.115203698476 269.32551463445 275.143682956696 279.464443524679 276.218374570211 277.89443731308 270.437399546305 255.305627981822 255.678296089172 275.332987308502 292.818446954091 288.512965043386 285.761674245199 295.385996500651 310.089627901713 283.636411031087 204.996764659882 159.313897291819 169.577459494273 206.459482510885 222.193201382955 224.864025910695 193.495372931163 201.766630013784 223.397652308146
247.024496396383 256.239930788676 286.100804805756 332.095424334208 331.101318200429 290.206213792165 252.534608046214 222.469290097555 215.577840805054 226.121068000793 219.140907128652 220.742444197337 249.419013659159 268.994589646657 274.827758471171 282.40966796875 282.581329345703 273.502310117086 270.706395308177 273.045976956685 272.071878115336 275.954782962799 279.265602429708 278.372446695964 280.679066975911 285.142958164215 284.957091013591 279.560287793477 266.935388247172 267.697771390279 281.982640425364 294.297695159912 291.170537471771 292.239467302958 297.282596429189 300.448675950368 316.682398319244 317.003726959229 247.534573078156 200.216849644979 186.257819334666 180.346846580505 197.9012688001 192.432502905528 197.512408097585 224.619567394257
265.785257021586 293.821434179942 317.34037399292 325.428525606791 348.716656366984 325.338264306386 285.448332627614 247.331241766612 232.336163520813 245.204329490662 240.261892477671 222.18135992686 237.440307935079 267.108559608459 279.489358266195 284.276386102041 282.909234364827 280.662914117177 276.121815045675 274.716635545095 276.94308757782 280.718525250753 284.144838651021 283.021728197734 283.39676062266 290.639201800029 292.549888292948 292.503456274668 283.630629380544 282.157679398855 288.189510504405 293.035447597504 294.89936431249 300.236701965332 303.240080674489 292.179266611735 299.318512280782 330.912848313649 317.080140113831 252.21327940623 201.65886481603 180.49951394399 181.622385978699 197.556952635447 217.072188854218 246.941447257996
302.131136258443 315.141320228577 309.676547845205 302.972892920176 320.398132006327 336.721897125244 325.827062129974 296.634296576182 271.056850751241 272.972226142883 273.570855458577 250.409622987111 241.697430610657 262.285490830739 284.734129905701 284.658749898275 283.902068932851 287.682751814524 277.690827846527 276.239514350891 281.059424082438 284.39998626709 282.864312330882 281.852463881175 283.550103505452 291.958073774974 295.367976029714 298.321723937988 292.352835337321 288.213690121969 296.111802260081 301.073749860128 297.56106932958 299.059768517812 303.055961926778 292.360246181488 292.230665683746 307.939271132151 303.660194079081 272.323171297709 240.710695584615 205.117026964823 187.415798505147 191.010455290476 214.836041132609 246.961931387583
301.028609275818 297.195792198181 291.124860445658 280.700584252675 281.766295433044 300.931453704834 317.446172237396 310.506224632263 295.234143733978 294.345021247864 293.89226436615 278.700550397237 262.440204620361 269.185662269592 285.010238488515 285.396794478099 284.418046474457 286.17795308431 278.175830841064 279.429316520691 279.638707637787 281.202991803487 276.397426923116 276.927212874095 280.471285184224 288.979172706604 296.352326869965 297.471324602763 293.709754943848 293.99844010671 300.972620646159 299.48091506958 288.659572601318 285.955270131429 289.202491442362 273.633897304535 271.439770857493 269.373456637065 256.998181343079 255.558053652445 266.325791676839 236.068367958069 209.375500679016 196.398973464966 197.450339794159 221.368392308553
297.089378039042 288.814127445221 294.70423857371 281.657954057058 274.330675601959 285.173793633779 308.768173058828 327.12185382843 316.915472348531 303.250749905904 293.609241644541 289.762556552887 291.640440622966 289.190987745921 288.071831067403 290.462871392568 284.854849179586 281.037112077077 282.55832195282 282.705664634705 279.505511124929 278.90278895696 278.06689341863 276.952465375264 280.663967132568 285.411616166433 291.836142539978 290.411988894145 289.167145888011 296.968400478363 300.503472487132 291.125078996023 276.199758052826 279.696504275004 277.487377325694 260.383069515228 261.838177839915 261.413772900899 263.844211896261 277.965903282166 279.235243797302 271.498103936513 248.095532258352 230.347096920013 211.748659610748 204.524298508962
314.829468727112 310.642679532369 319.149454434713 314.553062121073 305.040995279948 308.423260847727 323.260307312012 341.697057088216 331.192751725515 307.591219743093 293.781121571859 298.007686932882 308.36009979248 300.756772359212 295.680582523346 294.335424900055 292.454938093821 284.834663073222 285.239636898041 287.701725959778 286.569794019063 280.519008636475 283.025205135345 283.156752586365 281.798303127289 283.779720465342 285.609126091003 284.463842709859 286.667386690776 296.80856068929 298.062105973562 289.081573486328 277.991731961568 278.771281242371 269.246518611908 264.170428117116 269.522567590078 271.188199520111 280.819296836853 300.875922044118 267.653206984202 256.001512209574 245.37988503774 235.251088937124 219.856202602386 200.613220532735
334.103544553121 332.145969072978 334.553837776184 336.161494255066 327.74817943573 321.880499521891 327.0250360171 340.656876564026 334.245045979818 306.436757246653 295.012056827545 302.736858526866 311.587452888489 302.422900994619 293.222586313883 296.973645687103 299.486100673676 291.338860988617 293.231328328451 292.935431003571 291.63118203481 287.752091884613 286.753177642822 287.331521511078 284.410794576009 282.297134399414 284.357011318207 288.536389668783 290.668706099192 298.140327135722 298.948228359222 291.836102803548 280.498246351878 275.952339172363 265.639384587606 270.213822523753 276.008725166321 276.635766029358 279.347836971283 292.384843031565 252.914388974508 214.145441850026 198.39878877004 194.155037403107 193.904836972555 188.675363858541
341.725985209147 340.993841489156 339.035471280416 339.818040529887 333.60497156779 327.164232730865 325.797816117605 331.777950127919 335.753917694092 313.770771026611 309.373696645101 311.046818892161 310.118516286214 297.569970289866 293.219824632009 297.362963358561 304.910242557526 300.339420636495 297.118703524272 296.981970469157 297.145426273346 291.927536328634 287.498414516449 287.825326124827 287.582397460938 286.698242028554 287.180960178375 290.836850802104 292.719960212708 296.297709147135 298.716167608897 293.841163317362 283.861835797628 268.384079138438 258.711218833923 274.855256080627 284.374177455902 282.955745855967 273.8383213679 283.226490020752 253.096401691437 184.442281723022 155.908326307933 141.731878121694 145.466029644012 155.663917462031
338.912487030029 342.34086672465 343.822558720907 342.423637708028 339.620033899943 337.042490641276 333.131353060404 330.46160141627 332.610348860423 325.683395067851 326.209485530853 320.294439792633 305.091341336568 306.738793849945 302.412033081055 295.166174570719 303.055663903554 305.233478546143 299.513697624207 297.392268975576 295.784691969554 292.984286944071 289.257486661275 288.506925106049 291.011373202006 292.915880680084 291.48264726003 293.386936187744 296.060125033061 295.285761356354 298.531850179036 296.295046806335 279.123584429423 256.361822287242 264.401495456696 287.62678305308 291.046837965647 285.452465216319 269.807497660319 274.186929066976 284.016410509745 228.017210960388 169.385254383087 142.387260993322 137.150665124257 135.093659162521
324.678579966227 328.80699634552 328.19942633311 332.986195882161 339.409907658895 344.928661982218 347.168127695719 346.760551134745 345.042824745178 340.990861256917 332.04185962677 315.34747282664 309.145967165629 308.806041876475 302.761177221934 300.010482470195 302.045126756032 300.980607668559 294.961810112 294.109404087067 295.912305514018 299.029151598612 297.080099582672 292.533814907074 290.299832820892 292.52427816391 295.231143633525 295.900185902913 297.396242618561 297.101815541585 296.31249109904 295.425216356913 273.487567901611 257.529715696971 281.461973985036 296.597758928935 292.281627655029 287.469744682312 275.207777818044 273.097038269043 303.954879442851 316.668152809143 255.835274855296 200.779398282369 162.469168504079 138.041396935781
