input/barkrak2/radiation/dir12324.grid
NCOLS 85 
NROWS 70 
XLLCORNER 665100 
YLLCORNER 4664600 
CELLSIZE 20 
NODATA_value -9999 
[rows 40 to 59 of 70, columns 0 to 45 of 85]
293.35629940033 294.188916683197 294.103721777598 296.148498853048 302.164177099864 306.649208068848 309.778173764547 313.078045845032 312.563637892405 301.944196224213 289.644877115885 286.500076452891 284.610271453857 281.107068061829 279.903769493103 279.267887274424 279.372890790304 277.677098910014 272.62290318807 271.273235479991 274.695138136546 280.464231967926 279.461026191711 274.536708990733 271.08112970988 268.735190232595 276.117324829102 277.664025624593 278.769532839457 278.109649817149 275.616904099782 275.333364804586 258.524278799693 258.746743202209 284.3945423762 284.068206946055 273.111303647359 269.083142280579 270.962715148926 267.537911732992 278.874754905701 309.362610181173 305.910428365072 245.947003364563 183.206637700399 146.664589643478
299.612740675608 297.033886114756 296.648879845937 296.810507774353 294.194261233012 292.6012078921 291.141351064046 292.492906252543 295.737862586975 289.491017659505 282.279054323832 283.861696720123 285.891791184743 286.345859368642 284.19284025828 282.823403676351 277.694821357727 283.135135968526 284.432530403137 277.611414591471 278.919378916423 279.206116994222 277.30518579483 278.310139973958 276.917457580566 271.815021832784 275.705814361572 277.645846207937 277.88899342219 278.370380401611 278.66671482722 276.25560760498 263.70757818222 270.305315653483 282.856782277425 272.9785044988 256.762305895487 252.94017791748 257.581651210785 265.884339809418 289.267897605896 302.905678749084 303.375979264577 279.802362124125 226.360042889913 181.054413318634
301.866630713145 299.788415431976 302.143792311351 300.670365492503 295.299748579661 293.025215466817 291.134258111318 289.256155490875 289.655526479085 286.201159159342 284.944256146749 283.86265039444 287.474354108175 289.755980173747 288.580854733785 286.445021629333 282.995740572612 286.896506945292 286.48175795873 281.438767910004 278.596301873525 274.886767069499 271.070599555969 271.947423617045 275.173286596934 271.500587463379 267.880221207937 271.86906337738 274.81750647227 276.597340901693 276.480237642924 270.680864651998 269.037087758382 278.517146905263 280.220508575439 259.3741218249 243.383308251699 246.766110261281 258.530696233114 272.149046262105 281.749208768209 281.699657440186 272.744913895925 262.572169303894 232.524315516154 179.640173912048
290.069937705994 292.38482316335 299.113909403483 296.454866727193 298.158923784892 300.206283728282 300.126751263936 296.513597170512 288.54242960612 287.602225939433 289.628982543945 285.779058933258 286.601026852926 289.093236128489 288.770397504171 286.979893843333 285.783509413401 286.75772746404 286.316613356272 280.942022800446 275.455256303151 270.868897438049 267.874042193095 268.281896909078 270.079771677653 270.831008752187 263.635138670603 266.972502072652 270.446419715881 271.245320638021 268.594106038411 263.298233350118 268.105665842692 276.504417260488 267.09767182668 244.927843411764 239.488462607066 252.138475577037 268.72730255127 273.038427035014 270.355502764384 266.307314236959 258.231739203135 245.489398638407 221.624195575714 184.110343456268
289.175391197205 293.941597143809 296.23814423879 296.546399593353 297.434429327647 299.307982126872 299.745460351308 296.974082787832 293.228844801585 290.392200152079 291.073421637217 288.324236869812 285.946091016134 282.777269681295 282.96556075414 280.866821606954 278.318524360657 281.898021697998 284.096201260885 279.472410678864 273.203651110331 272.638221581777 269.329130649567 268.62621307373 263.423899809519 272.501905759176 274.296700954437 271.151959896088 269.836783409119 265.825947125753 260.053118069967 257.014632225037 260.694245497386 259.992599487305 252.288897832235 240.446507930756 243.525703748067 259.444892406464 272.704879442851 267.846842606862 267.699460188548 259.24297173818 247.632205486298 236.390829086304 221.017559369405 197.713593641917
294.207632541656 297.791123390198 295.617858568827 298.017779986064 296.916445096334 296.524087587992 297.795136769613 296.276152133942 297.59407043457 292.659978071849 292.137563228607 290.680150190989 286.000470320384 282.644689083099 279.526670773824 283.154646555583 273.463567097982 276.932934919993 278.98641427358 276.733458042145 275.330503781637 272.320151329041 268.24293533961 269.885738690694 269.690891106923 266.493678092957 271.904190381368 269.927302996318 267.233490943909 266.530553499858 260.679165522258 256.099005540212 256.13526503245 250.906487305959 238.433619340261 230.12771209081 237.785220146179 256.398181120555 262.27194070816 252.305249373118 257.467408974965 248.709400494893 239.187518755595 240.252097447713 240.028977394104 217.006723086039
294.689019521077 295.314033826192 297.345538934072 298.728187878927 297.866443792979 297.88213968277 298.69822661082 299.38147465388 296.208600203196 295.401513576508 293.679594993591 292.037864526113 289.404133955638 283.053874969482 282.78919061025 283.070762952169 281.001726786296 272.92001247406 277.880509694417 276.204784711202 270.958801110586 270.782748858134 270.641684532166 266.188144683838 272.114853064219 266.439934571584 266.998132069906 268.140316009521 267.00093348821 265.180508295695 263.081789016724 259.093125661214 254.833976427714 248.003919919332 239.463249842326 231.615364551544 238.350371519725 250.798304875692 250.656604766846 250.330686569214 255.397458871206 244.618276755015 243.558406829834 251.772145430247 255.002558231354 234.538197517395
290.000339349111 291.297018527985 295.729517936707 296.147286891937 298.02938302358 298.573215802511 297.16831445694 296.173373858134 296.337346235911 296.270469824473 294.102946917216 291.569908459981 286.59858306249 286.744236946106 281.471292177836 281.468590100606 275.558531284332 269.058605035146 271.064281463623 274.0718126297 270.32725016276 269.681890805562 272.649606068929 264.735579490662 265.134453773499 267.102678616842 262.300928433736 264.957447846731 266.254762808482 264.047384262085 262.686133384705 261.952598889669 255.00484307607 253.447552522024 253.678540388743 245.733062426249 245.621621608734 248.053352038066 250.971674919128 259.476125240326 254.708727200826 246.204157670339 250.897526741028 254.277110099792 251.50195757548 236.036737759908
283.520897229513 285.393555959066 289.194524288177 291.25456015269 296.153744061788 298.782388369242 295.690417289734 293.526450792948 295.430223147074 297.090331713359 294.757048288981 289.172172546387 287.823359171549 283.719380696615 283.486247062683 276.596426963806 274.669071038564 267.300327618917 270.046591758728 275.500655174255 273.797233899434 272.010048230489 272.282004356384 269.614855448405 264.80903228124 267.884830633799 263.970275719961 266.15705092748 272.107283274333 273.156543572744 274.962306022644 273.050467173258 262.563745180766 264.411687850952 263.291875521342 254.510919253031 253.895918528239 255.012154579163 256.079316139221 259.270290533702 248.44491481781 242.623547712962 240.959127744039 237.180531024933 235.347628593445 235.168695449829
281.739910443624 278.793811798096 282.936831315358 288.756310939789 292.273422082265 293.984055519104 294.098337491353 297.014117240906 297.75329430898 290.099839369456 291.981220245361 290.434618790944 287.538627783457 284.024755160014 281.168182690938 276.507318019867 275.430937608083 269.952615102132 273.967802524567 276.188214619954 278.565208117167 277.009208997091 273.380060990651 272.159616152445 268.258611361186 271.5030113856 271.422863006592 272.524833679199 279.112935066223 283.632536729177 287.249247233073 284.83380873998 275.288303693136 273.918410142263 267.167210578918 258.605579535166 255.650361378988 259.257038434346 259.532034397125 247.927804787954 236.964722474416 239.430010318756 238.722523053487 232.042491436005 230.631470680237 234.462002913157
281.398296356201 283.724308013916 284.994562466939 288.358092308044 287.135342756907 288.118799527486 294.267912705739 295.468966166178 294.090231259664 293.522795041402 293.360590934753 292.099912961324 287.751416365306 284.567832946777 283.067067464193 284.25254424413 278.544147809346 274.048368136088 274.125258127848 279.364963372548 279.577036698659 276.723265647888 275.199095408122 273.274779319763 269.075115521749 273.98951848348 276.350537935893 276.458581288656 279.815514882406 285.083969434102 291.553397973378 289.928654829661 282.090544700623 273.384988307953 261.585195859273 253.828605016073 254.398008187612 260.148485501607 254.722555478414 237.596233685811 232.374807198842 243.652621905009 244.271318117777 236.608485380809 233.803729216258 227.92249917984
279.65917189916 286.867578824361 284.563501675924 287.591675917308 287.277321020762 285.406529903412 289.622406164805 294.197599093119 292.713046073914 296.023150285085 293.343861897786 293.143630027771 289.884924888611 284.385740756989 283.067762851715 287.624637285868 281.322121620178 273.367782433828 272.958000500997 274.190008640289 276.859859625498 274.860004583995 272.373100121816 268.49885781606 268.155614535014 266.853372255961 272.725323836009 273.006657759349 276.755928993225 276.877403259277 285.893758138021 287.599563598633 276.651899019877 260.446230570475 228.689153989156 218.462944030762 234.946370124817 249.969700972239 253.09157371521 251.86812877655 253.884971141815 252.476871013641 234.697222709656 228.980839252472 236.966451009115 226.135551929474
276.698390642802 275.908052921295 275.034368038177 279.004196325938 283.946474393209 287.38933801651 285.981714725494 291.465322176615 289.973855018616 291.667719682058 292.726953824361 292.76184240977 291.176319122314 287.234246730804 282.029370466868 281.370202700297 283.460577329 273.320615291595 268.334607283274 268.309473991394 269.783437252045 270.094017187754 269.771059354146 264.186163743337 264.402488867442 263.863424460093 264.799396197001 265.264749526978 262.409150600433 263.568659623464 268.287857373555 271.488388379415 255.392909049988 228.140652179718 197.496473789215 182.161370913188 195.734739303589 223.875939846039 248.415807882945 252.256333827972 253.2892425855 243.48654349645 225.688735644023 225.356558958689 231.60982131958 208.367307980855
281.44375483195 271.666745344798 269.147038459778 274.106283982595 282.845079898834 288.389464219411 287.71565357844 288.122912247976 288.551211357117 288.474678993225 289.482851823171 290.085434913635 292.116582393646 290.612896283468 283.895552158356 281.612435976664 284.160733222961 274.978200594584 270.404080549876 271.601577599843 272.649725278219 269.32434240977 267.460346221924 263.354380925496 262.026210625966 260.315696398417 261.870443820953 261.852284272512 260.306239128113 256.635308265686 247.376759847005 246.195733547211 229.313333829244 204.063018163045 192.80751546224 181.337157885234 168.121139208476 179.11305030187 199.356913566589 226.816197236379 239.422202110291 229.047417640686 222.85799185435 221.99414173762 211.706658204397 195.505241552989
282.700856526693 276.139736175537 272.256592909495 275.613685448964 282.75473912557 288.578728834788 289.766669273376 286.341985066732 289.708455403646 288.466771443685 289.873282114665 289.837876955668 291.732748349508 291.167736053467 286.109030246735 284.78882710139 284.285386403402 278.671582539876 273.447553316752 274.800519148509 274.73920583725 270.608325799306 269.94788646698 268.230020999908 264.3696864446 263.342976570129 261.200527350108 258.638262748718 257.147431373596 251.882950464884 241.573810577393 236.438194910685 221.228738625844 211.825648943583 213.875273863475 211.256663004557 194.652815659841 180.463453133901 172.571778297424 184.5530072848 210.16667286555 203.635434309642 195.336937904358 188.012361526489 181.974728902181 185.133973757426
284.346580505371 282.300889492035 276.588539282481 271.400610605876 275.72246392568 285.091280937195 288.527429103851 286.289572715759 287.281394004822 288.822690645854 293.448328971863 293.054779370626 292.914489905039 291.901230812073 286.769072214762 286.923885345459 286.698540051778 283.431013425191 277.66231695811 275.689085324605 273.975412050883 273.969709873199 271.246651808421 271.405895551046 269.594351450602 267.302413781484 262.107789516449 254.695276419322 250.102082888285 242.406626542409 237.068136533101 237.415730953217 228.489180405935 228.68017355601 234.453320503235 239.675581455231 242.534041404724 231.77448908488 213.141858577728 180.298109849294 183.678984642029 192.738175392151 191.871047019958 184.976200262705 189.02866045634 201.144814491272
286.243478457133 285.258968671163 280.886391798655 274.557054042816 271.626353263855 281.065881252289 287.072499593099 286.30006313324 284.822881221771 287.89621591568 294.902125994364 294.674833615621 292.643706003825 292.563180128733 289.786616961161 286.178390185038 287.221749623617 282.178501288096 277.420580387115 278.136094411214 276.57687664032 274.882833162944 271.067043145498 269.376118977865 267.142772674561 263.455092906952 246.912519137065 226.223071416219 221.660892168681 226.237972577413 234.646697839101 234.302560488383 227.29899485906 226.712743441264 237.917224566142 251.634240150452 265.228708585103 269.845128059387 260.828574498494 219.102362791697 189.482927322388 199.388285477956 211.717883745829 219.937105973562 227.324982484182 235.853215058645
285.688519477844 283.379395802816 282.448490460714 278.300027052561 273.33144346873 276.96414788564 286.669353644053 286.878546079 284.333010514577 284.957846005758 291.281282901764 294.214824835459 289.670745531718 290.878732999166 293.038686116536 283.256491025289 285.012563069661 281.643748283386 280.187726020813 278.130431969961 280.027170976003 278.660972913106 274.348060290019 268.641193707784 267.814517021179 265.415191650391 249.848047892253 228.629728158315 226.69126590093 232.739130655924 242.142697175344 237.859308719635 236.856579780579 241.367816925049 252.315938472748 258.708834648132 262.642006079356 237.759073575338 209.922015666962 209.186414877574 215.606351693471 228.895584742228 225.948850313822 215.138534704844 210.735479990641 223.909636338552
277.049601078033 281.940976778666 280.097703138987 278.350134690603 275.618513425191 272.836367289225 285.763780275981 288.904249668121 285.675485928853 283.009787400564 288.224220275879 293.025692303975 290.627539157867 285.768389701843 287.750442822774 283.910592397054 281.346638997396 281.029919783274 279.713948567708 280.349791049957 282.896200815837 277.048806349436 275.234381357829 272.014081478119 271.014889081319 273.194849491119 267.111976941427 261.141419410706 258.783479531606 256.12332423528 254.457930723826 244.547208150228 248.42111269633 252.254565556844 247.017681598663 236.324946085612 213.145613670349 171.142339706421 151.468813419342 187.847157319387 227.817972501119 237.35390106837 221.087376276652 211.568832397461 215.243895848592 226.835985978444
266.312042872111 278.110345204671 277.969936529795 275.900324185689 277.085026105245 272.3202308019 279.809315999349 287.867863972982 291.315197944641 286.185324192047 287.615418434143 290.976881980896 290.740549564362 288.553357124329 287.076512972514 284.609436988831 278.87624502182 278.409004211426 275.436818599701 273.611009120941 275.008042653402 273.822883764903 272.680501143138 270.733078320821 273.622612158457 275.071521600087 282.198866208394 283.421734968821 263.885358969371 261.565009752909 256.072541077932 244.734823703766 242.955426375071 229.927798112233 199.827333291372 174.406329790751 162.360777457555 149.204254150391 137.686173121134 154.638717571894 181.753555933634 209.785004456838 221.479932467143 237.978200117747 265.740116437276 270.880917708079
