input/barkrak2/radiation/dir10824.grid
NCOLS 85 
NROWS 70 
XLLCORNER 665100 
YLLCORNER 4664600 
CELLSIZE 20 
NODATA_value -9999 
[rows 40 to 59 of 70, columns 0 to 45 of 85]
258.742233117421 260.579506556193 260.467807451884 262.660622596741 269.941131273905 275.390307108561 279.041667779287 283.983866373698 283.454060554504 270.506183306376 256.054759025574 251.327673594157 250.413378079732 245.465536912282 244.199156761169 243.396321932475 243.440608183543 240.863263607025 236.45148674647 231.296102205912 237.032453219096 241.947710514069 241.11940463384 237.980544567108 235.648453235626 231.496612230937 240.560253461202 242.939889431 246.655821800232 246.326446533203 245.539486408234 247.758348782857 237.866898377736 240.147809187571 267.52636830012 267.201900482178 255.327681700389 248.968104521434 251.471936702728 253.831744194031 266.470889250437 291.21325413386 274.280766646067 204.145848751068 139.390389124552 99.7125407059987
266.07205470403 263.889769713084 264.124115308126 264.103333155314 260.309338569641 258.585254351298 256.74295425415 257.239143053691 262.985984484355 254.637122154236 246.520777543386 247.104962666829 250.687003135681 248.54830900828 248.775800069173 242.531100908915 238.653024037679 243.571579456329 244.501392046611 238.169550895691 235.570689042409 238.327145576477 238.680164019267 238.120297590892 238.368928432465 234.727402528127 239.407261212667 240.784188111623 243.749658266703 244.629681110382 247.005263964335 246.849020322164 240.606407324473 251.810908317566 264.644622802734 254.755695660909 237.358748912811 231.236577033997 234.190324942271 244.471808274587 273.158272107442 287.243942419688 280.280907948812 242.339313030243 178.224364916484 131.73508644104
269.709686438243 267.298956712087 269.957860310872 268.188158671061 262.083073457082 258.610566457113 255.90177377065 253.315766652425 253.678560256958 248.828927675883 246.089378992716 246.94303671519 246.854225794474 252.376715342204 249.30739402771 246.930698553721 239.424924055735 247.211436430613 244.54273780187 238.428076108297 235.19895474116 233.656366666158 229.833086331685 230.686803658803 236.403246720632 232.375423113505 228.741685549418 234.232842922211 238.352259000142 242.277801036835 242.651244004567 240.121980508169 243.211150169373 257.089694341024 262.507398923238 239.925662676493 223.167459170024 224.948604901632 234.622061252594 248.481790224711 259.487867355347 259.514629840851 248.39448928833 230.073034763336 186.422447363536 128.147751092911
254.475196202596 257.748206456502 265.541752179464 262.547552585602 264.017721017202 265.389104684194 264.732460180918 260.924239953359 250.350773334503 246.880253156026 251.374940077464 243.270536263784 243.928750356038 246.671557426453 246.199349562327 242.358326911926 241.996069749196 244.96457974116 244.490444660187 238.020102183024 231.941322485606 231.363693873088 228.263656298319 228.453437487284 230.642199516296 233.874440193176 228.174209594727 230.216224988302 234.723309675852 237.881104151408 235.742231210073 231.412788232168 239.019691944122 251.054306825002 247.164924939473 225.21702448527 219.435413678487 231.081485748291 245.620131492615 248.983184496562 245.769619941711 241.413732369741 232.605457305908 213.779846827189 181.536197662354 134.715219338735
252.984881401062 258.181154727936 260.136564572652 260.115663210551 259.722650051117 263.11997572581 263.498902320862 258.11904668808 252.63508160909 248.434940973918 248.728473981222 244.601170221965 241.327166557312 239.139993985494 238.016724586487 238.593777020772 233.505149682363 241.168240706126 242.093205451965 238.526066144307 235.59174935023 233.43167702357 231.723467508952 230.858147144318 229.583303133647 237.709621588389 237.941563129425 236.829876899719 235.941072305044 234.020988146464 228.422184785207 225.794732570648 229.943613211314 231.105625629425 228.220542271932 219.670693079631 223.53321313858 238.688151041667 249.543368816376 243.613680203756 243.638515472412 234.716057777405 223.893404006958 208.949585755666 185.833136240641 153.139462073644
255.237778027852 260.651469230652 256.296912829081 259.64484612147 257.402936617533 257.5523853302 259.103993574778 256.74823919932 257.723192373912 252.052088578542 251.103460788727 248.761614163717 244.632442792257 239.318331082662 238.868733247121 241.193254788717 235.422134399414 235.240399837494 241.933087507884 239.508231480916 236.088116963704 236.92520459493 234.696964422862 234.492262204488 234.464128812154 233.567992846171 239.813685417175 239.865223566691 237.186173597972 235.061009724935 229.443192481995 224.889318148295 226.088007291158 221.950590610504 213.406920433044 207.099060217539 215.579847494761 233.682413895925 238.010863463084 226.081351439158 230.836788813273 223.067879676819 215.566873550415 215.436339378357 209.556559721629 178.65131298701
254.636804262797 255.262017250061 258.136073748271 259.159048398336 259.231090545654 258.970578511556 259.499490261078 261.243939399719 258.239944775899 255.306005477905 254.109044869741 251.82968378067 247.035721937815 244.523366292318 242.222845554352 244.406302769979 241.92351102829 234.998822212219 240.749796231588 241.033792495728 237.511297067006 237.521211306254 237.395902474721 232.826352119446 239.706834157308 233.439803123474 234.275499979655 235.956112543742 235.167622566223 235.497574011485 232.389767964681 229.661166667938 226.109087467194 220.55059671402 214.197754859924 208.231369654338 214.240153630575 226.18293762207 226.209362347921 225.259145100911 227.746188640594 218.768934408824 219.980835914612 228.702445824941 228.35377852122 199.595888455709
248.005032539368 250.308334827423 255.813598632812 256.767054398855 260.176757971446 260.087629159292 258.275349934896 258.573591709137 257.315675417582 257.227599620819 254.398087660472 249.775330225627 248.651425043742 246.932506561279 244.449536005656 242.550889650981 240.153610706329 232.922414938609 237.527747948964 238.810459772746 234.805444876353 236.288825670878 237.578153610229 228.98276646932 234.373370806376 234.137018521627 229.03976837794 232.387542724609 234.367767969767 234.288434187571 233.620961507161 233.074386914571 225.319882233938 225.27007261912 229.661583900452 224.445462226868 222.938517729441 222.778419653575 226.210395495097 236.318508783976 229.862729708354 220.101058483124 225.937346617381 230.820119380951 227.100610733032 208.841999371847
240.915020306905 243.966619173686 248.433689276377 252.427538235982 256.993651390076 260.461767514547 258.08040301005 255.153199036916 256.468574206034 258.10178120931 256.932377815247 251.728077729543 249.95227654775 249.043385187785 244.846701622009 241.11266930898 239.116549491882 233.236849308014 236.457010110219 240.412632624308 238.687475522359 238.963067531586 239.553650220235 234.39880212148 234.010338783264 237.350245316823 233.181536197662 235.917826493581 242.742697397868 244.636038939158 247.570554415385 246.222138404846 236.476759115855 237.745066483816 240.396499633789 235.033313433329 234.012802441915 231.180707613627 231.453041235606 235.881785551707 224.565247694651 218.046923478444 215.457955996195 212.373594443003 210.109909375509 209.403475125631
239.714245001475 237.350503603617 240.878343582153 247.688750425975 253.102898597717 255.447665850321 258.256554603577 260.145624478658 259.027481079102 256.133039792379 258.35108757019 256.661931673686 253.266354401906 249.385237693787 246.291120847066 243.087410926819 239.964107672373 234.119852383931 238.597989082336 243.477642536163 246.132850646973 244.664629300435 240.825513998667 239.886264006297 235.582073529561 241.477390130361 241.681893666585 243.260423342387 248.756428559621 254.729966322581 260.225236415863 260.955611864726 250.574151674906 248.518526554108 242.852628231049 239.120741685232 237.831950187683 239.459077517192 235.305905342102 222.902456919352 212.307095527649 214.889963467916 213.325043519338 207.446197668711 203.518748283386 205.766161282857
240.857044855754 241.516609986623 243.7983751297 249.099234739939 250.892102718353 252.252558867137 258.074820041656 262.360672156016 260.861118634542 260.128239790599 258.263150850932 258.605241775513 253.684163093567 250.004192193349 248.452464739482 251.93319718043 243.480344613393 238.806704680125 241.405169169108 247.205317020416 247.636616230011 244.623998800913 242.916782697042 241.124331951141 238.722264766693 242.217202981313 247.491399447123 247.979362805684 252.151052157084 258.867720762889 265.165249506633 266.16100470225 257.220864295959 248.935123284658 236.425439516703 230.816046396891 234.829703966777 241.358737150828 234.06050602595 214.162627855937 207.445085048676 218.64132086436 219.3856438001 212.814211845398 206.818679968516 200.39830605189
239.197810490926 247.106452782949 249.302983283997 251.252810160319 251.161615053813 250.464061896006 255.413254102071 260.807156562805 259.194890658061 263.055423895518 260.075906912486 259.854177633921 256.179571151733 251.793563365936 248.495618502299 253.898501396179 248.816708723704 240.721623102824 240.175147851308 243.843297163645 244.459748268127 244.542042414347 239.997923374176 238.203485806783 235.47093073527 236.969351768494 241.105477015177 241.693059603373 243.571559588114 249.609688917796 258.103847503662 263.456781705221 251.126368840535 233.635087807973 201.877613862356 192.299127578735 210.37894487381 228.835503260295 234.450697898865 233.089884122213 232.601940631866 228.132983048757 208.995223045349 203.280886014303 211.265703042348 197.71287838618
240.290284156799 237.760563691457 238.468329111735 241.489311059316 248.800933361053 252.680619557699 251.166224479675 257.56831963857 255.967438220978 259.752194086711 259.35024023056 261.241614818573 259.625911712646 255.064924558004 249.588867028554 248.876969019572 251.252373059591 240.501483281453 235.063115755717 237.009723981222 236.429413159688 237.064222494761 237.002650896708 233.24461778005 231.562495231628 230.87884982427 232.131520907084 232.891460259755 232.648571332296 234.274129072825 242.056290308634 247.535030047099 228.488127390544 198.432544867198 167.610506216685 153.178562720617 165.21555185318 195.466240247091 224.802136421204 231.276233990987 231.584509213765 220.87307771047 201.055943965912 199.408253033956 206.693271795909 187.868396441142
245.566805203756 234.680811564128 231.882234414419 235.840181509654 247.423926989237 255.505263805389 253.152012825012 253.793478012085 256.113072236379 256.05571269989 257.418950398763 260.078469912211 260.720769564311 258.978585402171 251.647134621938 249.158481756846 252.070267995199 242.160518964132 237.214843432109 238.563378651937 239.695529143016 236.258924007416 234.362761179606 230.062703291575 228.901326656342 227.194627126058 226.533492406209 226.728320121765 225.244919459025 219.104667504629 209.961871306101 215.64124027888 198.295692602793 179.987947146098 166.068285703659 150.288899739583 137.176543474197 147.245744864146 168.972909450531 199.958483378092 216.860334078471 202.636341253916 198.413113753001 196.08732064565 184.694290161133 174.159506956736
247.034112612406 239.687879880269 235.36084095637 237.468858559926 247.36483891805 254.153708616892 257.367650667826 255.165676275889 257.467230161031 254.326403141022 257.903416951497 258.106052875519 260.278820991516 259.892026583354 254.144529501597 252.849320570628 254.44229443868 246.264576911926 240.719238917033 242.281039555868 244.47492758433 240.054408709208 237.115840117137 235.546708106995 231.530030568441 230.583786964417 228.421489397685 225.765466690063 221.860110759735 214.714845021566 203.050851821899 203.318556149801 196.55179977417 190.074960390727 191.138684749603 185.325105985006 163.867473602295 148.675223191579 140.540381272634 152.49627828598 180.561621983846 182.612061500549 173.068722089132 160.714606444041 158.011466264725 162.924925486247
250.382900238037 246.656974156698 240.235686302185 236.529072125753 241.526881853739 252.147416273753 255.905588467916 253.493845462799 254.668037096659 256.768604119619 262.188533941905 261.923352877299 261.680722236633 260.747234026591 257.185320059458 255.359609921773 255.266825358073 249.506254990896 245.470603307088 243.243098258972 241.418361663818 241.41252040863 238.985240459442 241.958638032277 237.403730551402 235.021392504374 229.357401529948 221.368432044983 214.52271938324 209.179759025574 206.116159756978 208.516081174215 203.127086162567 207.453052202861 214.826822280884 218.714276949565 217.173973719279 203.005115191142 184.043089548747 149.902850389481 152.723292509715 168.654958407084 167.537748813629 158.934692541758 162.084927161535 177.123268445333
252.551774183909 250.036180019379 246.812045574188 240.047574043274 237.302621205648 247.762779394786 254.20872370402 253.499507904053 251.906037330627 257.883369922638 264.047841231028 263.818224271138 261.340220769246 261.526604493459 258.75182946523 254.485885302226 255.881011486053 252.657294273376 247.580945491791 245.940466721853 244.374314943949 242.856045564016 241.307576497396 237.199703852336 234.845221042633 230.848590532939 212.877790133158 191.323598225911 186.840136845907 193.873186906179 203.499813874563 203.826447327932 202.375908692678 204.422930876414 216.319700082143 231.225748856862 243.470509847005 246.833384037018 239.535291989644 192.418734232585 160.004754861196 172.500669956207 187.280913194021 195.860087871552 201.619664827983 212.741672992706
251.905182997386 249.27427371343 248.621682325999 246.354540189107 239.368120829264 243.280629316966 253.724535306295 254.163106282552 251.457472642263 252.936343352 262.131631374359 263.211647669474 259.856045246124 259.606957435608 262.192587057749 253.284951051076 255.282859007517 251.874128977458 245.94908952713 248.444596926371 250.645458698273 249.431192874908 242.348412672679 233.863870302836 233.136077721914 231.286883354187 214.201688766479 192.934433619181 190.02495209376 196.478585402171 207.290709018707 207.836786905924 212.703128655752 218.857328097026 232.705513636271 230.629106362661 231.140037377675 201.758066813151 188.874383767446 186.225930849711 190.028131008148 203.826268513997 199.222584565481 186.220685640971 183.607856432597 197.733581066132
242.08527803421 247.63556321462 246.032575766246 246.383229891459 241.872489452362 240.668058395386 252.711872259776 258.15753142039 253.15260887146 253.195504347483 258.602420488993 261.780281861623 260.961333910624 255.903343359629 258.093277613322 251.968900362651 249.047219753265 249.090373516083 248.020867506663 248.953024546305 249.49061870575 245.638271172841 243.756095568339 237.648049990336 236.734827359517 238.223612308502 235.333263874054 227.35188404719 223.925888538361 224.363446235657 223.177949587504 216.564158598582 225.502689679464 232.165018717448 223.430474599202 212.965210278829 193.923036257426 146.873553593953 124.415884415309 159.688870112101 199.385325113932 214.940448602041 197.983682155609 189.240217208862 188.041150569916 198.064764340719
230.145176251729 243.423163890839 243.674735228221 243.760069211324 245.384474595388 240.269680817922 246.250510215759 257.052779197693 259.906093279521 257.123907407125 257.803241411845 259.365181128184 259.337862332662 256.855527559916 255.39622704188 252.737959225973 246.509154637655 243.975341320038 243.212381998698 241.230249404907 242.939432462056 241.816798845927 240.742802619934 238.830129305522 239.689608414968 246.841887633006 254.315992196401 254.922727743785 236.634373664856 236.843844254812 229.848027229309 216.707785924276 220.735689004262 204.258302847544 177.729805310567 150.795350472132 139.302829901377 125.078042348226 110.234161218007 123.306145270665 147.718300422033 182.428022225698 200.592915217082 219.245135784149 244.841873645782 247.298657894135
