input/barkrak2/radiation/dir18524.grid
NCOLS 85 
NROWS 70 
XLLCORNER 665100 
YLLCORNER 4664600 
CELLSIZE 20 
NODATA_value -9999 
[rows 40 to 59 of 70, columns 0 to 45 of 85]
340.740243593852 340.900818506877 340.863307317098 342.491865158081 346.545775731405 349.167704582214 351.220369338989 353.479584058126 354.206959406535 347.628792126973 340.367873509725 336.314678192139 334.700028101603 331.876556078593 329.322079817454 328.483005364736 327.488362789154 324.196457862854 321.476995944977 318.163911501567 320.329070091248 321.280161539714 320.797224839528 316.077331701914 315.253635247548 310.391306877136 315.373202164968 316.089431444804 317.92684396108 315.901339054108 315.375487009684 310.699979464213 285.997986793518 281.142969926198 301.91840728124 302.131533622742 293.398439884186 293.367703755697 293.330291906993 282.244940598806 290.377298990885 329.824924468994 348.984122276306 305.272956689199 246.162792046865 202.10188627243
344.877481460571 343.291282653809 343.439141909281 344.106316566467 341.768821080526 340.499957402547 340.328017870585 341.432253519694 344.442884127299 339.613835016886 334.355433781942 334.656318028768 335.845073064168 335.040728251139 333.233555157979 330.883979797363 326.769729455312 330.531756083171 328.08252175649 323.307315508525 323.816577593486 323.871652285258 321.856598059336 322.093288103739 321.378548940023 318.9497590065 321.089645226796 319.528301556905 319.039384524028 318.620165189107 317.573646704356 311.687668164571 293.42915614446 292.498489220937 303.593754768372 295.058151086171 280.370612939199 280.853072802226 288.318574428558 292.962352434794 306.715846061707 319.179574648539 332.383851210276 331.025977929433 287.598192691803 239.076733589172
346.219380696615 344.818274180094 346.52578830719 346.027771631877 342.174172401428 340.874115626017 340.221802393595 339.46426709493 339.843312899272 336.340109507243 335.525274276733 333.721200625102 335.166772206624 337.568362553914 336.452086766561 333.7295850118 329.452613989512 331.671496232351 331.952452659607 326.393167177836 325.697203477224 323.966721693675 320.870677630107 320.980111757914 322.91567325592 319.496154785156 316.232721010844 317.4835840861 318.371454874674 318.096697330475 315.61549504598 308.886249860128 300.073206424713 301.327288150787 300.991972287496 283.92219543457 269.098281860352 275.042156378428 290.137887001038 302.436888217926 310.567259788513 308.501342932383 304.720977942149 309.473355611165 294.504900773366 244.768997033437
338.543176651001 340.266466140747 344.797213872274 343.220472335815 343.997955322266 345.499515533447 345.991094907125 344.048221906026 338.196992874146 336.731712023417 337.96763420105 335.093776384989 334.480802218119 337.109327316284 335.369070370992 332.79683192571 332.392652829488 334.167838096619 334.928592046102 329.276621341705 324.889024098714 323.893984158834 321.247537930806 320.147613684336 321.077068646749 322.326819101969 316.006302833557 316.425700982412 317.501505215963 315.622230370839 312.666257222493 305.300652980804 304.570396741231 305.237094561259 291.974981625875 269.531726837158 264.914492766062 278.929591178894 298.401415348053 303.363521893819 303.231279055278 299.128592014313 291.195650895437 289.137959480286 282.582660516103 251.833001772563
338.384985923767 341.900189717611 343.260566393534 343.05743376414 344.077189763387 345.166285832723 345.09547551473 342.751105626424 341.084599494934 338.736653327942 338.992158571879 336.891611417135 335.172096888224 332.381665706635 331.313570340474 331.747849782308 328.48984003067 331.890006860097 332.039097944895 331.088383992513 327.553908030192 325.238168239594 323.850353558858 323.404252529144 318.81856918335 323.484838008881 324.215670426687 319.527248541514 317.477901776632 314.49435154597 306.813398996989 301.618893941243 301.501055558523 296.156187852224 283.581058184306 267.351528008779 268.727401892344 284.717599550883 300.037860870361 298.469324906667 299.861590067546 292.54271586736 279.829859733582 274.791240692139 274.967312812805 263.699154059092
342.160900433858 344.453970591227 342.82648563385 344.099760055542 342.83177057902 343.013525009155 343.271613121033 342.803359031677 343.276063601176 341.457804044088 340.41166305542 339.304526646932 335.889458656311 332.340081532796 332.055151462555 333.388487497966 328.563372294108 331.069906552633 333.417812983195 331.645965576172 329.023520151774 327.627023061117 326.139986515045 324.154535929362 323.787689208984 320.778469244639 323.853532473246 319.579064846039 316.265940666199 312.873740990957 306.769967079163 302.258173624674 300.009508927663 290.962258974711 276.256044705709 261.637210845947 267.035861810048 284.544428189596 292.131682236989 286.041617393494 291.510581970215 283.15277894338 271.497845649719 274.049957593282 284.124732017517 275.303641955058
342.729131380717 343.454758326213 344.041109085083 344.640731811523 343.814452489217 343.985795974731 344.391465187073 344.667553901672 343.372543652852 343.218803405762 341.256578763326 341.009378433228 338.224252065023 336.726705233256 335.502823193868 337.910691897074 335.346380869548 330.935060977936 334.002415339152 332.500517368317 329.891363779704 327.823519706726 326.387504736582 321.320593357086 325.266321500142 320.683360099792 320.36304473877 318.186382452647 316.171924273173 313.018103440603 307.967702547709 304.416716098785 298.315902551015 288.382152716319 274.40337340037 263.291537761688 270.810484886169 283.695578575134 281.851013501485 283.573726812998 290.223439534505 279.184500376383 275.046726067861 282.096703847249 290.89613755544 282.327433427175
339.580138524373 340.367396672567 343.189716339111 343.459844589233 344.352165857951 345.436414082845 344.11362806956 343.662778536479 342.612028121948 344.387491544088 342.298110326131 340.655525525411 340.054551760356 339.251359303792 338.193416595459 336.879014968872 335.402488708496 329.590479532878 332.073052724202 330.799043178558 327.872852484385 327.142397562663 327.887376149495 320.270597934723 319.924831390381 319.173872470856 313.097735246023 315.86754322052 315.52787621816 310.530761877696 307.389219601949 304.86261844635 297.178626060486 292.829235394796 285.561660925547 273.021797339122 275.472203890483 282.481789588928 284.580906232198 291.11248254776 288.298507531484 281.162679195404 283.106545607249 284.028947353363 283.537288506826 275.01255273819
335.769494374593 337.050239245097 340.079188346863 341.05642636617 344.109217325846 344.941337903341 342.709938685099 342.019399007161 344.452301661174 344.962239265442 344.110568364461 341.566960016886 341.016411781311 340.575853983561 338.243007659912 335.855563481649 334.595282872518 329.790155092875 330.029765764872 330.324689547221 330.349286397298 327.494581540426 325.692216555278 323.849678039551 319.701294104258 321.16578022639 315.843045711517 316.7937596639 316.65160258611 315.73365132014 315.154135227203 311.966896057129 303.303440411886 301.803847153982 295.047640800476 278.132498264313 278.4743309021 286.169091860453 290.447612603505 290.62541325887 281.448721885681 278.808017571767 277.964154879252 272.488872210185 269.927660624186 269.508004188538
335.196216901143 333.149373531342 335.989395777384 339.028080304464 341.901659965515 343.143860499064 343.541185061137 345.081011454264 346.030235290527 343.891541163127 344.870090484619 345.076441764832 342.841704686483 340.70893128713 338.912963867188 335.708737373352 333.777666091919 328.631977240245 329.803208510081 332.3575258255 330.668330192566 329.334060351054 326.504290103912 325.335224469503 320.193807284037 320.029218991597 319.490472475688 317.707538604736 320.000906785329 319.894691308339 320.200065771739 316.825807094574 308.878640333811 307.615756988525 299.115141232808 283.197124799093 277.186274528503 284.981608390808 290.767510732015 281.158606211344 269.980629285177 273.31288655599 273.391882578532 267.910540103912 267.419934272766 270.648638407389
335.322737693787 336.666584014893 337.653994560242 341.399868329366 341.06183052063 341.135780016581 344.251394271851 346.620440483093 346.651474634806 346.744100252787 346.035559972127 345.229307810466 342.806935310364 340.908408164978 338.894605636597 340.859611829122 334.582050641378 331.556042035421 329.670389493306 331.295331319173 331.10241095225 328.824460506439 325.89594523112 321.999808152517 316.569685935974 317.578196525574 318.66188844045 318.130135536194 319.811443487803 322.189331054688 322.897752126058 317.294637362162 308.895230293274 306.550602118174 296.205262343089 282.728672027588 278.302788734436 282.474676767985 282.258292039235 269.761780897776 266.911466916402 277.638852596283 277.194142341614 269.340614477793 268.028418223063 264.071186383565
335.506200790405 340.668280919393 341.109712918599 342.577536900838 340.882460276286 340.574979782104 344.423254330953 346.139709154765 346.134146054586 347.620725631714 346.698045730591 345.643758773804 343.879739443461 339.677095413208 339.239279429118 340.513269106547 337.638179461161 330.879588921865 326.896945635478 327.410499254862 329.216043154399 325.661718845367 321.468830108643 316.035687923431 313.604950904846 313.896874586741 316.017886002858 315.697550773621 313.795725504557 316.432634989421 319.559355576833 314.267834027608 303.223570187887 293.994426727295 270.249466101329 258.21195046107 268.444180488586 276.788453261058 275.491714477539 275.280952453613 282.596230506897 284.937500953674 270.489752292633 262.041588624318 269.963582356771 258.336305618286
335.805217425029 335.18389860789 334.552725156148 336.732188860575 340.234200159709 342.228889465332 342.572848002116 344.694534937541 344.680706659953 346.105138460795 345.497131347656 345.504482587179 344.552238782247 341.442823410034 338.549971580505 336.284756660461 336.179494857788 327.217320601145 321.392476558685 321.227351824443 320.496360460917 318.290650844574 317.538519700368 312.94196844101 312.568664550781 307.657182216644 307.977775732676 307.85862604777 307.002107302348 307.313005129496 307.916581630707 309.224406878154 287.153462568919 262.734671433767 236.995100975037 226.733565330505 240.319887797038 264.711976051331 279.683490594228 275.660157203674 276.241362094879 271.691044171651 258.663376172384 261.818071206411 265.802323818207 242.826461791992
338.601191838582 332.841078440348 331.201990445455 333.801984786987 340.556303660075 344.852407773336 343.834161758423 343.794703483582 344.229022661845 343.475778897603 343.801418940226 344.11895275116 342.910567919413 342.285513877869 336.820602416992 336.475690205892 333.522717158 324.681063493093 318.926970163981 321.778515974681 320.596059163411 317.641297976176 315.905312697093 312.34868367513 308.474500974019 306.818922360738 305.756727854411 305.328945318858 303.709447383881 300.507326920827 292.347153027852 285.779257615407 263.482431570689 237.687051296234 228.46398750941 224.958916505178 218.135476112366 228.786508242289 243.63899230957 262.908736864726 268.514156341553 258.824785550435 254.618525505066 257.76994228363 249.21319882075 228.695114453634
339.602112770081 335.756897926331 333.635171254476 336.179733276367 341.07247988383 344.639380772909 345.331748326619 342.91942914327 344.149986902873 342.440565427144 342.110554377238 343.097805976868 341.673890749613 341.183423995972 336.654742558797 333.929856618245 331.517179807027 325.42606194814 321.032683054606 321.920394897461 321.635146935781 320.307374000549 315.668006738027 313.671747843424 310.198624928792 309.053063392639 307.014683882395 304.736455281576 301.523109277089 296.965499718984 287.767151991526 277.650475502014 254.994690418243 241.101940472921 244.846443335215 248.163779576619 240.947842597961 231.99458916982 222.8963971138 231.415311495463 246.698538462321 239.375392595927 232.918977737427 226.714789867401 222.487131754557 219.084938367208
341.24755859375 340.509613355001 336.787303288778 333.668192227681 336.848020553589 342.90345509847 343.615134557088 342.889904975891 340.64245223999 342.856327692668 343.259851137797 342.724243799845 342.469573020935 338.853041330973 335.218866666158 331.787168979645 333.118240038554 328.772823015849 324.104090531667 322.629352410634 321.153203646342 319.067041079203 318.06484858195 317.535519599915 314.036250114441 311.981618404388 307.868043581645 301.878571510315 294.003486633301 290.259838104248 287.950237592061 282.761931419373 262.414336204529 255.346854527791 259.284873803457 266.675412654877 277.504642804464 273.675978183746 257.239460945129 227.754175662994 226.596593856812 227.960666020711 225.28197367986 223.24283917745 228.816489378611 234.936436017354
342.64083703359 341.730952262878 340.568463007609 335.886081059774 334.095597267151 340.537905693054 341.704845428467 340.9796555837 339.216629664103 339.836875597636 342.804471651713 340.949296951294 338.214715321859 337.770223617554 335.407177607218 331.300298372904 331.654707590739 329.484462738037 325.742403666178 324.499388535817 323.008497556051 321.120063463847 317.721625169118 316.143353780111 314.2009973526 308.904806772868 297.743896643321 279.59930896759 273.250699043274 278.067847092946 285.933375358582 281.143605709076 263.830860455831 256.812850634257 263.683239618937 273.870984713237 289.800067742666 298.351546128591 288.923641045888 258.332411448161 232.111652692159 234.931429227193 242.370386918386 253.119508425395 263.281643390656 266.654372215271
342.052419980367 340.490738550822 340.895056724548 339.696168899536 334.121187527974 336.672345797221 340.479334195455 339.134971300761 336.30092938741 332.647999127706 338.644822438558 339.204072952271 335.921367009481 335.020263989766 336.345950762431 330.820520718892 330.203433831533 327.298581600189 324.102183183034 323.882738749186 325.248757998149 321.504632631938 318.045099576314 313.487907250722 312.560598055522 311.890284220378 297.885417938232 280.601024627686 279.970129330953 284.552792708079 290.885547796885 282.741447289785 271.423240502675 271.071434020996 283.039152622223 286.544541517893 291.889707247416 278.891404469808 248.666644096375 240.740776062012 251.757601896922 261.404474576314 256.278693675995 249.759912490845 251.568615436554 262.427767117818
335.283954938253 338.933229446411 338.547428448995 337.619702021281 334.43021774292 329.608122507731 337.484995524089 340.527971585592 333.991924921672 330.811242262522 334.954023361206 336.970408757528 336.541612943013 332.899987697601 334.262808163961 331.316749254862 325.822790463765 326.833466688792 325.173636277517 325.238426526388 324.938873449961 322.088619073232 320.452372233073 316.026628017426 314.937750498454 315.718432267507 310.033837954203 307.403147220612 303.715109825134 300.053079922994 295.457263787587 285.586476325989 282.210290431976 279.487391312917 277.183334032695 263.259092966716 245.057066281637 210.328499476115 193.332771460215 229.981482028961 266.284982363383 267.505685488383 246.925453344981 241.922736167908 254.340628782908 268.342773119609
329.048633575439 336.867888768514 337.167342503866 334.739128748576 332.727650801341 329.262475172679 330.21491765976 335.822621981303 337.481737136841 332.616806030273 334.583441416423 335.657914479574 335.064649581909 333.542704582214 332.103510697683 330.062131086985 325.506369272868 322.6092060407 319.813092549642 320.555567741394 321.300784746806 320.043941338857 318.810939788818 316.895127296448 316.793481508891 319.636066754659 320.094704627991 322.593748569489 307.319064935048 305.197815100352 297.764937082926 284.144759178162 282.440821329753 264.087994893392 237.077156702677 205.24521668752 193.231542905172 185.708006223043 181.463559468587 206.296006838481 232.990523179372 250.595450401306 248.886386553446 261.175950368245 291.784663995107 301.493704319
