input/barkrak2/radiation/dir10524.grid
NCOLS 85 
NROWS 70 
XLLCORNER 665100 
YLLCORNER 4664600 
CELLSIZE 20 
NODATA_value -9999 
[rows 0 to 19 of 70, columns 0 to 45 of 85]
275.731821854909015 287.436703840892 298.399825890859 308.781723181407 312.621692816416 309.982677300771 303.016344706217 296.918710072835 299.92268482844 300.313274065654 299.188613891602 303.056498368581 304.566125075022 304.948170979818 307.161927223206 303.162256876628 295.810759067535 285.992403825124 282.395243644714 272.187014420827 258.594473203023 265.603065490723 289.224684238434 296.438097953796 296.909073988597 301.874995231628 298.848410447439 286.696910858154 270.570496718089 266.30973815918 263.670841852824 277.505914370219 307.947834332784 306.635161240896 306.562483310699 296.901186307271 301.118314266205 312.335610389709 305.108447869619 307.014505068461 296.035408973694 291.852752367655 301.017244656881 311.000764369965 309.019148349762 305.171926816305
257.594962914785 272.222101688385 284.362693627675 297.04209168752 305.434962113698 305.223047733307 299.888074398041 296.361406644185 303.326646486918 303.714950879415 298.84131749471 301.209489504496 304.906268914541 305.836101373037 305.612881978353 302.905142307281 299.583276112874 292.932311693827 289.820571740468 278.432945410411 272.317826747894 281.471093495687 296.771903832753 300.980448722839 302.524348100026 303.308208783468 298.988083998362 288.639704386393 274.303277333577 267.433226108551 268.220782279968 289.063254992167 306.783616542816 306.235114733378 307.465434074402 298.581083615621 300.739129384359 307.042320569356 302.797158559163 310.789426167806 305.546502272288 297.577261924744 300.944526990255 308.53134393692 309.176564216614 307.493428389231
223.743438720703 236.062129338582 247.612476348877 257.822791735331 270.191152890523 278.713921705882 285.23063659668 292.719582716624 298.959096272786 297.002732753754 293.552498022715 296.848813692729 306.058128674825 309.870402018229 306.761046250661 311.376571655273 314.025203386943 309.722483158112 300.641854604085 291.661858558655 293.943782647451 297.478834788005 299.328863620758 300.548831621806 303.501983483632 304.25496896108 297.648807366689 287.32951482137 276.845673720042 271.231134732564 274.386942386627 297.617634137471 300.749520460765 303.651591142019 308.057467142741 302.555024623871 298.537731170654 297.84087340037 302.085677782695 309.566497802734 305.1731189092 298.138737678528 293.553133805593 300.662775834401 309.893329938253 310.930728912354
205.734729766846 207.44788646698 215.39843082428 222.457071145376 228.686988353729 233.997821807861 240.691224733988 254.542052745819 271.621823310852 284.278770287832 291.538914044698 300.825397173564 309.167385101318 312.130014101664 311.926742394765 313.247899214427 313.298066457113 308.724979559581 301.559011141459 297.873854637146 296.15326722463 294.064005215963 300.495346387227 301.38623714447 300.863901774089 302.767713864644 299.226760864258 291.243592898051 285.638531049093 281.382183233897 278.691013654073 300.701141357422 300.069272518158 303.254822889964 304.100294907888 305.468201637268 303.68318160375 301.883856455485 308.855692545573 309.761047363281 302.679797013601 290.314833323161 286.782960096995 299.690465132395 312.737305959066 311.269819736481
227.949500083923 211.093326409658 198.921382427216 190.767248471578 194.529493649801 209.811826546987 229.796528816223 239.853501319885 249.404807885488 256.215870380402 274.268428484599 292.252480983734 302.971959114075 307.313283284505 310.075720151265 311.234891414642 306.273579597473 298.489054044088 296.342253684998 297.069549560547 293.764551480611 292.080561319987 300.498525301615 301.442523797353 301.168223222097 304.939170678457 301.425774892171 295.010983943939 289.479156335195 285.403986771901 289.933939774831 307.107925415039 304.170250892639 305.988828341166 302.175521850586 303.730706373851 309.087495009104 310.318887233734 309.87411737442 306.974212328593 304.325103759766 298.440198103587 297.496477762858 301.515678564707 305.60706059138 305.537760257721
268.172840277354 243.248184521993 216.262380282084 193.573077519735 185.096045335134 196.36199871699 221.213360627492 236.783444881439 240.685443083445 240.583896636963 250.359833240509 263.026654720306 271.834592024485 277.720093727112 284.124970436096 289.949039618174 288.906693458557 288.164814313253 292.527993520101 297.371864318848 297.57950703303 300.691485404968 304.522077242533 303.103983402252 303.715487321218 306.706309318542 303.504983584086 299.082815647125 291.938424110413 289.320786794027 299.318035443624 308.046877384186 309.548437595367 312.399605909983 306.765834490458 303.970535596212 308.160980542501 309.330185254415 305.185695489248 305.550515651703 304.851472377777 301.222801208496 300.861775875092 302.231828371684 295.229236284892 283.135056495667
287.279069423676 266.501764456431 247.915327548981 227.343042691549 207.093675931295 194.661815961202 202.387849489848 230.551540851593 243.279457092285 250.350753466288 247.645397981008 242.789069811503 238.813678423564 235.168198744456 237.383186817169 251.765727996826 262.147923310598 277.734478314718 291.646321614583 300.306419531504 302.048722902934 302.147924900055 304.640928904216 304.000119368235 304.578145345052 306.664725144704 306.456526120504 302.613576253255 298.320333162944 298.873960971832 305.188496907552 311.154166857402 314.999798933665 315.544068813324 312.7454717954 306.347330411275 305.575569470723 303.975264231364 303.615033626556 304.150839646657 300.447781880697 297.322909037272 299.116671085358 300.680955251058 283.483346303304 276.313364505768
293.575008710225 285.736044247945 276.381134986877 262.680093447367 241.665144761403 211.888631184896 191.083113352458 191.443065802256 224.646210670471 248.750110467275 255.346099535624 251.635789871216 243.400454521179 234.237194061279 222.105344136556 225.504676500956 237.545808156331 252.852340539296 273.310661315918 289.458632469177 297.419548034668 300.236980120341 304.890215396881 304.179449876149 303.172528743744 303.837140401204 304.135998090108 302.255094051361 300.164500872294 304.529130458832 310.262938340505 313.456853230794 314.259310563405 312.86891301473 309.003154436747 305.352648099263 304.287493228912 300.123969713847 292.731245358785 287.421226501465 290.709137916565 298.343141873678 308.378279209137 308.387021223704 295.604705810547 289.411544799805
286.965588728587 287.476698557536 284.261484940847 277.50567595164 265.656451384227 245.583434899648 216.951946417491 188.079873720805 201.476216316223 224.105954170227 243.233640988668 251.90015633901 253.196577231089 250.745554765066 239.88672097524 232.827703158061 230.286558469137 234.69732205073 248.438815275828 263.764401276906 277.862668037415 288.501381874084 294.773320357005 292.146245638529 293.57922077179 294.920821984609 295.894662539164 295.973579088847 296.215971310933 303.00517876943 306.860506534576 306.556979815165 306.053419907888 306.297401587168 305.100699265798 305.086572964986 303.113301595052 298.41423034668 286.100069681803 285.700897375743 300.316611925761 310.62908967336 314.812819163005 312.42440144221 301.226357618968 294.573346773783
261.187434196472 270.010411739349 274.506688117981 274.559537569682 271.930893262227 268.626789251963 254.052042961121 236.714581648509 205.723583698273 196.582973003387 210.242589314779 234.647234280904 254.708488782247 263.804972171783 265.179653962453 257.500390211741 243.465065956116 238.597591718038 237.95086145401 240.308483441671 248.74218304952 256.044069925944 264.289995034536 270.700355370839 278.003633022308 280.839383602142 282.31010834376 282.590389251709 283.713440100352 289.453248182933 290.745476881663 291.378974914551 296.809573968252 300.562024116516 302.125831445058 300.899883111318 299.411873022715 298.611223697662 286.070545514425 291.365027427673 308.623751004537 314.53017393748 314.903994401296 310.434440771739 298.72328042984 292.535821596781
211.631417274475 225.218892097473 237.451354662577 247.484147548676 256.496628125509 263.822277386983 265.618006388346 260.985851287842 235.201021035512 209.438701470693 195.423642794291 203.293740749359 230.177680651347 254.278441270192 267.393112182617 258.451342582703 251.31352742513 244.796613852183 237.157762050629 232.010006904602 231.474717458089 231.854339440664 235.584537188212 248.15309047699 259.856939315796 267.147123813629 268.982827663422 269.117474555969 274.216552575429 278.524140516917 281.1478972435 284.355203310649 292.441089948018 295.818169911702 295.306166013082 294.428765773773 297.153214613597 300.014495849609 296.286384264628 301.319539546967 309.860746065776 313.569128513336 313.947896162669 311.978697776794 304.474095503489 301.60923798879
169.553597768148 174.976309140523 183.713555335999 196.323911348979 212.444504102071 228.780428568522 246.652444203695 252.672811349233 253.524422645569 240.53959051768 214.501440525055 194.564084211985 197.25622733434 220.439632733663 246.248483657837 249.3763367335 255.73201974233 252.273440361023 242.976546287537 232.819338639577 226.42582654953 223.813096682231 223.973651727041 232.318043708801 240.789612134298 246.439019838969 249.266187349955 253.419756889343 259.898742039998 264.377435048421 268.702765305837 273.397703965505 279.191553592682 281.973262627919 281.936049461365 283.247152964274 291.504422823588 299.214402834574 301.80553595225 306.719243526459 310.367226600647 312.661389509837 311.158180236816 308.616101741791 304.550389448802 302.850206693013
157.585700352987 153.152565161387 150.787244240443 150.762379169464 158.341119686762 175.223549207052 200.643320878347 222.334345181783 250.397662321726 255.097428957621 244.127949078878 221.003731091817 192.437569300334 190.153777599335 213.530778884888 239.832142988841 254.946609338125 257.528940836589 252.94287999471 243.705709775289 235.184331734975 234.451572100321 233.983079592387 234.844128290812 235.258936882019 234.259982903798 238.389869530996 246.949791908264 250.450034936269 251.800139745077 256.711423397064 262.010852495829 263.092954953512 264.803389708201 267.26907491684 272.010266780853 282.662113507589 291.871190071106 293.927252292633 300.016522407532 303.61678202947 304.303586483002 302.825649579366 303.185363610586 298.378189404805 297.705173492432
146.004468202591 117.776383956273 102.315445741018 96.9341099262238 92.9771463076274 99.2087324460347 120.184620221456 157.311330238978 199.647943178813 234.944542249044 252.915958563487 252.648850282033 234.137713909149 208.946267763774 205.089310805003 230.547388394674 247.028728326162 259.551644325256 265.873908996582 261.639575163523 250.86118777593 247.769792874654 244.545718034108 244.2294160525 243.976811567942 241.875886917114 244.342386722565 252.569297949473 252.262393633525 246.152182420095 251.3827085495 256.553471088409 258.208711942037 257.859408855438 261.400103569031 268.157482147217 274.017532666524 278.178254763285 281.179467837016 282.881200313568 287.006656328837 290.990928808848 296.011090278625 299.657344818115 294.880708058675 296.339988708496
134.588261445363 99.6183355649312 72.8292167186737 65.6932443380356 64.5970453818639 70.0836479663849 80.1978260278702 108.587592840195 138.759871323903 188.938657442729 241.449375947316 269.439856211344 273.361424605052 255.378842353821 230.590303738912 225.170334180196 230.56415716807 245.744665463765 262.474377950033 269.943912823995 267.988522847493 262.0876232783 259.690244992574 256.237049897512 252.875427405039 251.39856338501 253.42720746994 255.034387111664 250.432133674622 245.891034603119 249.325613180796 254.051744937897 254.170616467794 253.432154655457 257.211327552795 260.955333709717 262.690683205922 260.900358359019 264.887611071269 265.451351801554 270.849108695984 277.110318342845 282.307744026184 285.290241241455 284.72626209259 286.644816398621
120.429386695226 93.4278766314189 61.5383436282476 44.5277541875839 59.2207213242849 83.5898319880168 90.2017255624135 100.78634818395 122.895061969757 153.964777787526 202.953894933065 253.988782564799 283.268491427104 281.674762566884 262.714266777039 232.248663902283 221.403161684672 224.044481913249 241.116146246592 265.092591444651 274.815877278646 270.123759905497 270.992855230967 265.120387077332 258.778591950734 259.353001912435 261.814534664154 258.115470409393 252.506236235301 254.761437575022 255.363007386525 254.764219125112 251.99290116628 250.617643197378 250.680883725484 250.050723552704 248.101194699605 244.138360023499 246.287445227305 248.335401217143 252.946813901265 257.732748985291 260.637720425924 262.177089850108 271.705269813538 276.200075944265
105.277091264725 93.6988393465678 66.9689426819483 37.9237259427706 44.2234178384145 69.6617215871811 87.527592976888 104.982435703278 123.687754074732 136.485069990158 158.445547024409 200.311382611593 229.912380377452 253.121654192607 271.324316660563 265.837709108988 253.651916980743 237.892746925354 228.246529897054 239.168445269267 261.935353279114 273.590624332428 276.930272579193 272.595405578613 265.7244404157 266.667405764262 270.561794439952 266.577939192454 263.69720697403 268.175025780996 266.828576723735 256.338497002919 250.559071699778 246.776044368744 242.202401161194 240.469654401143 236.07458670934 234.784404436747 235.501865545909 238.260229428609 240.812520186106 243.822952111562 245.967308680216 248.640855153402 264.323830604553 272.499283154805
97.0706144968669 98.1041193008423 85.6520235538483 49.585352341334 40.9987419843674 69.9057579040527 92.704306046168 117.780913909276 133.27611486117 142.618308464686 153.264125188192 175.488034884135 203.580439090729 225.882093111674 241.001506646474 256.214737892151 269.047260284424 265.342175960541 246.521810690562 230.506082375844 241.61833524704 265.816112359365 271.33576075236 272.299448649089 272.790491580963 277.04530954361 280.669331550598 279.184341430664 276.432394981384 277.581016222636 271.902779738108 261.081556479136 253.314296404521 246.110022068024 240.050097306569 237.250665823619 234.107792377472 234.155595302582 234.283089637756 235.697666803996 238.19233973821 239.940365155538 240.163067976634 243.196487426758 254.550039768219 266.948322455088
102.546821037928 111.258844534556 112.774928410848 80.5539588133494 65.6617184480031 89.3020431200663 106.849253177643 128.316630919774 145.474255084991 163.89055053393 174.188594023387 179.322679837545 191.696365674337 203.279515107473 220.338384310404 239.798267682393 251.626352469126 256.976306438446 263.362725575765 251.879254976908 235.553443431854 248.434861501058 257.344126701355 266.743977864583 276.586333910624 282.622138659159 286.15661462148 286.346713701884 281.033138434092 278.834124406179 271.663546562195 264.969070752462 256.509184837341 248.088955879211 243.570844332377 238.441367944082 237.346430619558 234.396656354268 233.766396840413 236.275017261505 240.339795748393 242.08543697993 240.792373816172 243.485867977142 245.374818642934 257.865746815999
109.40549770991 114.126225312551 126.244525114695 121.364106734594 106.60711924235 109.297811985016 110.915760199229 125.632812579473 139.208843310674 158.650855223338 173.100392023722 173.893372217814 175.562977790833 182.472248872121 197.042107582092 219.119509061178 230.867485205332 240.110317866007 248.578766981761 255.966305732727 255.47335545222 243.875662485758 246.516545613607 257.81645377477 269.091228644053 278.140505154928 284.560084342957 285.662134488424 278.826355934143 277.54811445872 271.801094214122 264.087637265523 256.13268216451 250.108142693837 246.349891026815 241.120278835297 237.53035068512 229.252696037292 227.328777313232 235.098242759705 241.581459840139 243.695040543874 245.492060979207 244.788606961568 240.971525510152 250.940998395284
