input/barkrak2/radiation/dir11124.grid
NCOLS 85 
NROWS 70 
XLLCORNER 665100 
YLLCORNER 4664600 
CELLSIZE 20 
NODATA_value -9999 
[rows 0 to 19 of 70, columns 0 to 45 of 85]
287.804822127024011 297.683040301005 307.317793369293 316.577057043711 319.196661313375 316.973686218262 309.317489465078 303.49322160085 306.568026542664 307.054777940114 305.383880933126 309.399505456289 311.545113722483 311.330914497375 313.302199045817 309.71231063207 303.001602490743 295.204838116964 294.378320376078 282.670756181081 266.760090986888 272.390524546305 295.07585366567 302.947103977203 302.016198635101 304.884811242421 303.853551546733 292.089939117432 274.380624294281 269.838392734528 267.614960670471 280.44335047404 307.121376196543 304.127415021261 308.352092901866 299.200117588043 302.181820074717 311.065951983134 302.450974782308 308.33774805069 297.715504964193 290.975471337636 299.935221672058 310.657540957133 311.39600276947 307.608544826508
270.651618639628 284.351726373037 294.324179490407 306.75862232844 313.969294230143 313.009520371755 307.41274356842 302.687227725983 308.783968289693 309.353391329447 304.689029852549 307.39414691925 311.699608961741 312.956134478251 312.723755836487 310.813327630361 307.849824428558 302.9891649882 299.172341823578 287.474314371745 280.792395273844 287.349541982015 301.059524218241 305.772880713145 306.457797686259 306.410312652588 303.403476874034 293.636699517568 277.763803799947 270.769238471985 271.527608235677 291.328469912211 305.612524350484 304.899156093597 308.941940466563 300.284485022227 300.997932751973 305.798590183258 301.439126332601 310.903747876485 306.643009185791 298.168540000916 301.761587460836 310.636778672536 312.614957491557 310.495277245839
238.145212332408 250.045716762543 261.123994986216 270.695785681407 282.490889231364 290.3959552447 295.443097750346 301.588495572408 305.669148763021 304.44860458374 299.829284350077 302.703638871511 311.904152234395 315.611779689789 312.523166338603 316.46054983139 320.017397403717 317.05766916275 308.780034383138 301.135818163554 302.586654822032 303.618709246318 303.941448529561 304.874161879222 307.770033677419 307.27223555247 302.133778731028 292.127231756846 280.695796012878 273.643533388774 276.979704697927 298.410614331563 298.46719900767 302.921096483866 309.570471445719 303.355693817139 297.265370686849 295.192460219065 300.402541955312 310.878853003184 307.137588659922 301.927924156189 298.040449619293 305.690129597982 315.544009208679 313.452343146006
220.714688301086 222.406506538391 230.156977971395 237.071057160695 244.281609853109 248.37585290273 254.664023717244 267.581363519033 283.395330111186 294.615805149078 300.145526727041 307.687381903331 314.976851145426 317.509710788727 316.709101200104 316.503802935282 317.077696323395 314.153075218201 308.769424756368 305.646320184072 304.219722747803 301.927149295807 307.158907254537 307.196835676829 306.726654370626 308.456520239512 303.99888753891 296.209851900737 290.071129798889 284.945289293925 281.21014436086 300.824105739594 298.789540926615 302.493830521901 304.246584574382 305.630624294281 303.211311499278 301.257252693176 310.063322385152 312.846501668294 305.644234021505 294.672111670176 290.901223818461 303.053637345632 316.210150718689 314.166963100433
242.271860440572 227.305372556051 214.164892832438 206.372519334157 210.355083147685 225.886066754659 245.023687680562 253.918826580048 262.981255849202 269.357005755107 285.911023616791 301.98601881663 311.341822147369 315.451045831044 317.358434200287 317.337453365326 313.117543856303 305.267691612244 303.892890612284 305.381715297699 302.459597587585 300.960123538971 308.639367421468 308.491170406342 307.54433075587 310.348312060038 306.368549664815 300.035099188487 293.964008490245 289.632519086202 293.279488881429 307.607134183248 305.205603440603 306.029578049978 302.733143170675 304.243365923564 310.460607210795 312.338769435883 313.355664412181 311.635275681814 308.470408121745 302.829484144847 300.795396169027 303.619702657064 308.750887711843 311.323523521423
280.812203884125 257.347623507182 232.370555400848 209.298590819041 200.993378957113 212.002436319987 236.201246579488 251.641015211741 254.677216211955 254.646102587382 263.964335123698 275.869250297546 284.063438574473 289.500872294108 295.835693677266 300.176401933034 298.531889915466 296.980857849121 300.293227036794 305.074175198873 305.089990297953 308.299740155538 312.608520189921 311.241050561269 310.375332832336 312.606235345205 309.27699804306 303.596595923106 296.945830186208 293.141424655914 301.488041877747 308.561205863953 310.731132825216 313.241481781006 308.233221371969 305.031021436055 309.835275014242 311.886668205261 309.054374694824 309.405267238617 309.313972791036 306.068321069082 304.916640122732 305.366893609365 299.698193868001 290.228247642517
298.392494519552 279.313623905182 261.851648489634 242.985049883525 222.472051779429 210.283557573954 217.837770779928 245.195150375366 257.295231024424 263.930420080821 261.380473772685 256.745060284932 252.951820691427 249.505758285522 251.638829708099 265.266140302022 274.776875972748 288.796623547872 300.931016604106 308.328727881114 309.381584326426 308.606823285421 311.909993489583 311.744630336761 311.914006868998 313.383539517721 312.595009803772 309.001704057058 303.320527076721 302.732308705648 307.371656099955 312.782863775889 319.295783837636 320.544203122457 316.834886868795 310.176153977712 309.27695830663 308.462659517924 308.528264363607 309.775451819102 306.933124860128 303.61274878184 304.583231608073 304.323136806488 287.08537419637 280.840456485748
303.277055422465 296.563903490702 288.316408793132 275.723735491435 255.921721458435 227.102061112722 206.691384315491 207.239806652069 239.533185958862 262.534519036611 268.619914849599 265.064140160878 257.258653640747 248.591681321462 237.003703912099 240.277469158173 251.064499219259 265.638093153636 285.178383191427 299.763838450114 306.322356065114 307.916482289632 311.707973480225 311.652382214864 310.81634759903 311.766028404236 311.885078748067 309.876978397369 306.710282961528 309.696952501933 313.991129398346 316.712101300557 319.506525993347 318.891942501068 315.450350443522 311.658640702565 310.254573822021 304.697612921397 298.491756121318 294.908046722412 298.931399981181 306.007126967112 313.565055529277 312.999943892161 300.401329994202 292.417208353678
297.251582145691 297.796408335368 295.103013515472 289.103885491689 278.273324171702 259.605606396993 231.362283229828 203.916549682617 216.759502887726 238.977134227753 256.574849287669 264.873544375102 266.329328219096 264.050980408986 253.977358341217 247.310837109884 244.8770403862 249.103625615438 261.288324991862 276.538530985514 289.543747901917 298.839509487152 303.823630015055 301.184713840485 302.489380041758 304.152528444926 305.145581563314 304.535647233327 304.446955521901 310.23508310318 313.908219337463 313.500086466471 313.473502794902 313.90517950058 312.477012475332 312.169869740804 309.981942176819 303.800006707509 292.060633500417 292.198499043783 306.955913702647 316.397945086161 319.510658582052 316.729863484701 305.729607741038 298.726816972097
273.815413316091 281.988561153412 286.122381687164 286.185423533122 283.789157867432 280.994613965352 267.614583174388 250.184118747711 221.016108989716 212.238311767578 225.620905558268 249.11775191625 267.52777894338 276.341060797373 277.77103583018 270.716230074565 257.450262705485 252.834757169088 252.213736375173 255.33401966095 262.388984362284 269.186854362488 276.659687360128 282.342592875163 288.902958234151 291.655798753103 293.177445729574 293.231050173442 294.316411018372 299.297173817952 300.528804461161 301.068047682444 306.075135866801 309.538682301839 310.563842455546 308.894753456116 306.640724341075 304.675221443176 293.228467305501 296.413163344065 313.171327114105 317.740400632222 317.711889743805 314.403633276622 303.096731503805 296.483556429545
226.948499679565 240.00346660614 251.609702905019 261.027375857035 269.464135169983 276.332100232442 278.221507867177 274.1353114446 249.769330024719 224.77920850118 211.119592189789 218.854685624441 244.863450527191 267.669459184011 280.242721239726 271.454453468323 264.801820119222 258.731146653493 251.463929812113 246.527552604675 246.812562147776 246.915976206462 249.715924263 261.552929878235 272.415101528168 279.176553090413 280.985414981842 281.023561954498 285.664240519206 290.033340454102 292.444964249929 295.027832190196 302.483777205149 305.556098620097 304.894228776296 303.679943084717 305.865089098612 308.21168422699 303.819874922435 305.793384710948 313.674887021383 317.346374193827 317.918181419373 316.235899925232 308.695038159688 304.963688055674
186.039447784424 191.349625587463 199.882626533508 212.156534194946 227.759599685669 243.473887443542 260.526994864146 266.2193775177 267.078598340352 254.842122395833 230.566640694936 210.336963335673 212.895731131236 235.482931137085 260.103563467662 262.864748636882 268.975853919983 266.338706016541 257.000962893168 247.321168581645 241.18310213089 238.611419995626 238.760411739349 246.688008308411 254.690210024516 259.924689928691 262.5546058019 266.478002071381 272.56981531779 276.766578356425 280.800620714823 285.21982828776 290.695408980052 293.219308058421 293.007572491964 294.012427330017 301.378349463145 308.098991711934 309.880296389262 312.676807244619 315.451204776764 317.864298820496 317.708373069763 314.782679080963 310.420036315918 308.590690294902
174.399813016256 170.038898785909 167.71278778712 167.696376641591 175.547579924266 191.643397013346 216.437935829163 237.407763799032 264.190793037415 268.550495306651 258.209407329559 236.154973506927 209.276914596558 206.024646759033 228.84460290273 254.046440124512 268.33713054657 270.728786786397 265.889843304952 257.692853609721 249.570628007253 248.821119467417 248.375594615936 249.210953712463 249.009410540263 248.378376166026 252.348522345225 260.499914487203 263.791580994924 265.076835950216 269.715785980225 274.767915407817 275.802135467529 277.403354644775 279.586732387543 283.985555171967 293.900012969971 302.050789197286 303.714374701182 308.762351671855 311.531285444895 312.033692995707 310.617486635844 310.824195543925 305.826822916667 304.842114448547
166.77979628245 137.557129065196 120.100528001785 114.982336759567 112.579931815465 119.266053040822 138.156235218048 176.989475886027 215.430617332458 249.457498391469 266.29912853241 266.147394975026 248.774111270905 224.347233772278 220.506529013316 245.212276776632 260.954101880391 272.664745648702 278.521656990051 275.132596492767 264.459192752838 261.501908302307 258.447885513306 258.169054985046 257.823467254639 255.744854609172 258.110404014587 265.90762535731 265.502313772837 259.754141171773 264.778653780619 269.692699114482 271.318475405375 270.916104316711 274.187723795573 280.530830224355 286.054015159607 290.680627028147 292.398035526276 293.861587842305 297.490795453389 301.647345225016 305.310726165771 308.166027069092 303.35279305776 303.947985172272
151.551534732183 114.313622315725 88.8291299343109 83.5273464520772 83.4098557631175 89.1967018445333 97.8715519110362 125.131756067276 155.916670958201 204.650521278381 256.30925099055 281.987388928731 285.609503587087 268.96995306015 245.260636011759 239.936510721842 245.226283868154 259.75360472997 275.460024674733 282.627522945404 280.911346276601 275.442322095235 272.725641727448 269.537130991618 266.236503918966 264.757672945658 266.860584417979 268.892486890157 263.983408610026 259.456733862559 262.901782989502 267.380813757579 267.521222432454 267.53435532252 270.319044589996 273.857216040293 275.520205497742 274.671991666158 277.382691701253 277.857522169749 282.885015010834 289.430399735769 293.352663516998 295.800626277924 294.751167297363 296.402812004089
131.157100200653 104.685544967651 74.8143841822942 62.8796617190043 77.897921204567 101.65015856425 107.562839984894 117.899874846141 138.057599465052 171.097377936045 219.577749570211 271.18460337321 295.351982116699 293.283939361572 275.871276855469 247.75485197703 236.424465974172 238.959193229675 255.345404148102 277.961254119873 287.240445613861 282.781720161438 283.70730082194 277.790486812592 271.755814552307 272.259652614594 274.734059969584 271.211206912994 265.854318936666 268.239935239156 269.279797871908 268.070816993713 265.456636746724 264.205892880758 264.94308312734 263.571004072825 261.749029159546 257.981657981873 260.645906130473 261.798222859701 266.201774279277 271.496415138245 273.333489894867 274.663984775543 283.190031846364 287.74748245875
116.582641998927 105.18350203832 79.2564451694489 55.103932817777 60.3328396876653 88.3176326751709 106.130619843801 119.187871615092 138.45623532931 152.194629112879 176.791628201803 221.194048722585 259.151935577393 285.965343316396 290.668487548828 278.668363889058 267.351269721985 253.237326939901 242.864807446798 253.459274768829 275.507926940918 285.990516344706 289.088785648346 284.597396850586 278.190135955811 279.129306475321 282.880345980326 279.078801472982 276.120225588481 280.836582183838 279.948552449544 269.494950771332 264.058073361715 260.544657707214 256.196141242981 255.152980486552 250.277658303579 249.053716659546 249.713023503621 252.238055070241 254.705468813578 257.576584815979 260.341207186381 262.03179359436 276.654760042826 284.161349137624
108.491212129593 109.545946121216 98.6278057098389 66.9898440440496 53.5081128279368 81.4049144585927 107.317378123601 129.576106866201 147.56366610527 159.204035997391 167.982598145803 193.732937177022 227.070609728495 246.23429775238 264.12304242452 285.386840502421 292.152444521586 280.142148335775 260.4953845342 245.085000991821 255.772471427917 279.336074988047 283.988376458486 284.176508585612 284.631311893463 288.777709007263 292.198916276296 290.68511724472 287.978370984395 289.546489715576 284.270882606506 274.066825707753 266.560633977254 259.849588076274 254.109581311544 251.440485318502 249.090929826101 248.456517855326 248.564839363098 250.589112440745 252.220034599304 253.893315792084 254.094441731771 256.910085678101 267.651776472727 279.209554195404
114.654799302419 123.724192380905 125.896553198497 97.9061126708984 79.6979566415151 99.7923215230306 120.858321587245 140.367190043132 158.718903859456 177.717725435893 189.461628595988 192.409833272298 207.877576351166 221.218049526215 244.359274705251 260.011970996857 268.486539522807 283.025542894999 285.86749235789 268.470068772634 250.521659851074 263.160586357117 271.194517612457 279.725670814514 288.324097792308 294.531246026357 297.234098116557 297.624707221985 292.344351609548 290.407498677572 283.690571784973 277.298251787821 269.612948099772 261.605481306712 257.404923439026 253.077705701192 252.19855705897 249.466776847839 248.074173927307 251.180132230123 255.156000455221 255.93896706899 255.500574906667 258.271257082621 258.988777796427 271.788597106934
123.361339171727 127.18266248703 139.394621054331 137.310008207957 123.669296503067 120.699793100357 123.121837774913 134.928683439891 151.668965816498 172.903458277384 187.89545694987 187.005321184794 191.689789295197 195.837040742238 213.699320952098 235.114196936289 251.448929309845 259.865760803223 269.414107004801 278.545538584391 274.264494578044 262.391090393066 263.516465822856 272.36407995224 282.223482926687 290.623128414154 296.523849169413 296.976466973623 290.106991926829 288.945953051249 283.442536989848 276.026248931885 268.779853979747 263.667027155558 259.967923164368 255.533734957377 252.274592717489 244.446992874146 242.664893468221 250.174403190613 256.421208381653 258.359829584758 260.027686754862 259.515007336934 257.016797860463 265.339414278666
