input/barkrak2/radiation/dir12424.grid
NCOLS 85 
NROWS 70 
XLLCORNER 665100 
YLLCORNER 4664600 
CELLSIZE 20 
NODATA_value -9999 
[rows 40 to 59 of 70, columns 0 to 45 of 85]
295.217315355937 296.556115150452 295.938273270925 297.955870628357 304.492890834808 308.30172697703 311.379909515381 315.345128377279 314.018249511719 303.525606791178 291.378140449524 288.285354773204 286.383271217346 284.086545308431 281.783004601796 280.969301859538 281.020323435466 279.407918453217 275.952915350596 274.596631526947 277.862032254537 282.051086425781 282.644947369893 276.130775610606 274.353782335917 272.020022074382 279.491702715556 279.167373975118 279.887139797211 279.554049173991 278.455793857574 276.668806870778 259.665628274282 259.801348050435 285.244504610697 284.908513228099 274.072051048279 270.259916782379 272.04688390096 268.286029497782 279.527386029561 310.366253058116 307.715634504954 248.152911663055 185.367981592814 148.431162039439
301.40088001887 299.370328585307 299.038310845693 299.283941586812 295.99799712499 294.427772363027 292.95148452123 294.281383355459 298.42205842336 291.266242663066 285.1336201032 285.670856634776 288.780967394511 288.097063700358 287.212093671163 284.545103708903 279.461959997813 284.853239854177 286.095301310221 280.928989251455 280.502756436666 282.526751359304 278.920769691467 279.898921648661 278.447210788727 273.361365000407 277.20848719279 279.133439064026 280.820310115814 281.05757633845 281.562646230062 277.621467908223 264.963825543721 271.315892537435 283.760805924733 273.94050359726 257.846792538961 254.200577735901 258.945047855377 267.10706949234 290.154715379079 303.751687208811 304.700156052907 281.893769900004 228.652973969777 183.016180992126
304.118474324544 301.557501157125 303.881923357646 302.403926849365 297.102351983388 294.853170712789 293.704867362976 291.069348653158 291.456540425618 288.028200467428 286.779602368673 286.778569221497 289.232194423676 292.633215586344 291.540821393331 288.155992825826 284.709870815277 288.540363311768 289.641857147217 283.034523328145 280.194958051046 276.508529980977 272.727966308594 275.279899438222 276.733656724294 273.071726163228 269.466201464335 273.457407951355 276.333113511403 278.074065844218 277.92098124822 273.299793402354 270.346740881602 279.53847249349 281.119028727214 260.421792666117 244.533995787303 248.029808203379 259.924113750458 273.500223954519 283.16996494929 282.901068528493 274.161875247955 264.523983001709 234.9454164505 183.123866717021
291.949907938639 294.238845507304 300.889432430267 298.830628395081 299.928148587545 301.949759324392 301.865677038829 298.260311285655 290.368914604187 289.441267649333 291.415413220723 288.68176539739 288.351694742839 290.798187255859 290.456811587016 288.684050242106 287.423551082611 288.363397121429 287.907441457113 282.535930474599 277.080575625102 274.194121360779 271.212538083394 269.918660322825 271.685878435771 272.393484910329 267.069280147552 268.537839253743 273.630499839783 272.741834322612 270.101388295492 264.82613881429 270.49195766449 277.722517649333 268.820246060689 246.043642361959 240.642865498861 253.353496392568 270.040353139242 274.35181538264 271.721164385478 267.656445503235 259.681383768717 247.308055559794 224.105735619863 187.347034613291
291.662116845449 295.767565568288 298.042933146159 298.354744911194 299.208680788676 301.06125275294 301.49233341217 298.755764961243 295.021216074626 292.197426160177 292.842288812002 290.074785550435 287.69725561142 284.510413805644 284.716029961904 282.570421695709 280.023217201233 283.511797587077 285.717646280924 281.066795190175 276.600738366445 274.283766746521 272.717912991842 270.1815366745 267.009576161702 275.936186313629 275.761922200521 272.63996998469 271.335403124491 267.318189144135 261.584242184957 259.849766890208 262.203733126322 261.438767115275 253.592868645986 241.626063982646 244.674662748973 260.602871576945 273.903210957845 269.156674544017 269.024431705475 260.599474112193 249.410470326742 238.023499647776 223.177154858907 200.522283713023
296.705504258474 299.572745958964 297.431270281474 299.808243910472 298.721512158712 298.924724260966 299.567321936289 298.734386761983 299.337446689606 295.374075571696 294.897337754567 293.547471364339 287.709454695384 284.395595391591 282.660444577535 284.839351971944 278.580784797668 280.321220556895 282.324890295664 280.119260152181 276.923755804698 273.902257283529 271.76821231842 273.431261380513 271.158893903096 267.931818962097 273.316065470378 271.370788415273 270.525296529134 268.024325370789 262.20699151357 257.639765739441 257.636487483978 253.27867269516 240.569233894348 231.452743212382 239.078402519226 257.65456755956 263.547698656718 253.746310869853 259.217619895935 250.147223472595 240.555326143901 241.712987422943 241.862297058105 219.338814417521
296.522577603658 297.801772753398 299.137552579244 300.509572029114 300.238450368245 299.651682376862 300.43359597524 301.083823045095 298.796057701111 298.070470492045 296.472708384196 293.700317541758 291.091640790304 287.596186002096 285.979946454366 286.335090796153 284.342726071676 274.47102467219 283.085624376933 277.744829654694 272.492448488871 276.137451330821 272.149463494619 267.659385999044 273.511946201324 267.899672190348 268.461604913076 269.60951089859 268.472731113434 268.279512723287 264.586011568705 260.605871677399 256.342132886251 250.26814142863 241.153717041016 232.977509498596 239.760021368663 252.453605333964 252.004086971283 251.727561155955 256.834069887797 246.150692303975 244.944790999095 253.11412413915 256.557941436768 236.504077911377
291.884998480479 293.86434952418 297.534664471944 297.935048739115 300.447901089986 301.070749759674 298.892299334208 298.715154329936 298.89319340388 300.073881944021 295.751313368479 293.245216210683 289.672573407491 289.844473203023 284.79140996933 283.051292101542 279.044191042582 272.643764813741 274.625817934672 275.607148806254 271.873792012533 271.210889021556 274.133642514547 266.207218170166 268.859505653381 268.577476342519 263.816793759664 266.457994778951 267.737170060476 265.539050102234 264.163374900818 264.738460381826 256.533881028493 254.923741022746 254.996577898661 246.938109397888 247.038662433624 249.44015343984 252.815306186676 260.709782441457 256.043950716654 247.619907061259 252.248307069143 255.557278792063 252.953012784322 237.622320652008
286.228140195211 288.132667541504 291.887482007345 293.899317582448 298.712690671285 300.491333007812 298.230111598969 296.160856882731 297.083179155986 298.713246981303 296.383817990621 290.78733921051 289.430995782216 287.001649538676 285.051723321279 278.171161810557 276.225666205088 270.928919315338 273.649275302887 277.022778987885 275.313496589661 273.493409156799 275.869329770406 271.051784356435 266.242305437724 269.331494967143 267.509659131368 269.638895988464 273.525933424632 274.54932530721 276.299734910329 274.369517962138 263.956387837728 265.773952007294 264.523545900981 255.574742952983 255.203227202098 256.293972333272 257.399022579193 260.516206423442 249.754289786021 244.002024332682 242.363452911377 238.555610179901 236.764907836914 236.628254254659
283.637960751851 281.681954860687 284.801324208577 291.49341583252 294.985095659892 295.69282134374 296.805421511332 298.659106095632 299.374004205068 293.136815230052 294.971247514089 294.977784156799 289.084116617839 285.568356513977 284.512201944987 279.922207196554 276.984632015228 271.465301513672 275.461991628011 279.69624598821 280.018925666809 278.434594472249 274.8042345047 273.527979850769 269.66784397761 272.908945878347 274.972240130107 276.067137718201 280.425747235616 284.872472286224 288.398365179698 285.950342814128 276.497880617778 275.164922078451 268.39949687322 259.658892949422 256.900350252787 260.818282763163 260.779122511546 249.263366063436 238.350709279378 240.798036257426 240.110953648885 233.923474947611 232.084711392721 235.870281855265
284.181535243988 286.557137966156 286.783595879873 291.28642876943 290.096124013265 290.992856025696 297.046303749084 298.339903354645 297.029296557109 296.51419321696 294.893682003021 293.619155883789 289.274652798971 286.11687819163 284.591515858968 287.5883380572 280.066291491191 275.500098864237 275.56190888087 280.772964159648 280.968765417735 280.286153157552 276.598731676737 274.63702360789 270.481805006663 275.348444779714 279.926518599192 280.051430066427 283.309102058411 286.222020785014 292.610585689545 292.412916819255 283.165832360586 275.854388872782 263.924658298492 255.030155181885 255.450089772542 261.126557985942 255.846997102102 238.933344682058 233.792662620544 245.021402835846 245.582262674967 237.921953201294 235.185424486796 230.068584283193
282.643636067708 289.852142333984 287.71436214447 290.615280469259 290.19820690155 287.095328172048 292.644560337067 295.7657178243 294.264256954193 297.523697217305 296.372830867767 294.660409291585 291.398425896962 287.662943204244 284.5552166303 289.061506589254 284.725785255432 277.071535587311 274.366001288096 277.818739414215 278.294881184896 276.287277539571 276.028354962667 272.216200828552 269.562939802806 270.621101061503 274.050196011861 274.304608503977 275.668720404307 282.8502257665 286.988953749339 288.599709669749 277.682781219482 261.712312698364 230.188190937042 220.475077629089 236.331105232239 251.112083594004 254.081964492798 252.897302309672 255.035320917765 253.748973210653 236.702442169189 230.349997679392 238.252282142639 227.433184782664
281.381547451019 277.647872765859 278.275430202484 280.755082766215 286.952435970306 289.045075575511 287.603914737701 293.056646982829 291.548689206441 294.764836629232 294.244607289632 294.247508049011 292.647043863932 290.465195973714 283.482869466146 282.84227848053 284.917831420898 274.742563565572 269.779841105143 269.799113273621 271.292328834534 271.559834480286 271.198689937592 265.632847944895 268.171032269796 265.290439128876 266.204655170441 266.646206378937 266.17838939031 264.875551064809 269.562721252441 272.67332871755 256.527384122213 229.433616002401 199.058135350545 183.897157510122 197.513143221537 225.449363390605 249.652643998464 253.252486387889 254.264811674754 244.665106137594 227.046291033427 227.423151334127 232.924501101176 209.564407666524
283.183157444 274.908860524495 272.437850634257 275.867303212484 284.517725308736 291.481117407481 289.313038190206 289.706647396088 291.689833005269 290.009180704753 292.629917462667 293.255905310313 293.58301560084 292.078693707784 285.346070925395 285.020669301351 285.607020060221 276.418169339498 271.861453851064 273.068229357402 274.118781089783 270.780762036641 268.919467926025 267.074048519135 263.451596101125 264.095803101857 263.29896847407 263.265570004781 261.715392271678 258.066097895304 248.872756958008 247.669716676076 230.631788571676 207.141915957133 194.30927435557 183.039724826813 169.976592063904 180.966277917226 201.058169205983 228.23295990626 240.557750066121 230.761488278707 224.196275075277 223.390420277913 213.77948919932 196.757515271505
284.457802772522 279.303550720215 274.010062217712 277.314980824788 284.381985664368 290.1504834493 291.305899620056 289.516091346741 292.845726013184 290.004293123881 291.366040706635 291.301290194194 293.193399906158 294.361650943756 287.548422813416 286.216417948405 287.675638993581 280.092974503835 274.864951769511 276.215434074402 278.315603733063 274.230003356934 271.394670009613 269.635796546936 268.146574497223 264.737069606781 262.593905131022 262.407024701436 258.613367875417 253.413399060567 243.187705675761 238.012293974559 222.607851028442 213.106393814087 215.214510758718 212.817112604777 196.487069129944 183.069487412771 174.428661664327 186.915198961894 211.621503035227 204.866846402486 196.649392445882 190.381765365601 183.633625507355 186.442991097768
287.341475486755 285.384237766266 278.296887874603 273.068467775981 277.33059724172 288.372933864594 290.084838867188 287.856221199036 288.827300071716 292.063971360524 294.877111911774 294.470568497976 294.355233510335 293.321291605632 290.14911254247 288.321534792582 288.088579972585 284.810066223145 279.04599905014 277.104417483012 275.410075982412 275.403400262197 274.942398071289 275.155584017436 270.94554901123 271.052300930023 263.515671094259 256.182312965393 251.666903495789 243.969480196635 238.596618175507 240.210910638173 229.855497678121 229.876637458801 235.58908700943 240.894198417664 243.973692258199 233.381708463033 214.821179707845 182.092070579529 185.674428939819 195.468187332153 193.286856015523 186.556935310364 190.663754940033 202.577292919159
289.232134819031 286.956210931142 284.118215243022 276.204486687978 273.215711116791 282.595117886861 288.646797339122 289.474427700043 286.37291987737 289.334356784821 296.286960442861 296.077728271484 294.096688429515 293.975512186686 293.137451012929 287.584662437439 288.604517777761 285.699804623922 278.794725735982 279.547313849131 277.985990047455 276.244759559631 274.813175201416 270.720839500427 268.500924110413 264.855523904165 248.484710852305 227.934261163076 223.378936449687 227.885246276855 236.193617184957 235.809981822968 228.661437829336 228.281617164612 239.070574442546 252.677361170451 266.304135322571 271.005054314931 261.964420477549 220.64999739329 191.159923871358 200.861970583598 213.047504425049 221.364319324493 228.839914004008 237.207333246867
287.403206030528 285.095850626628 284.087916215261 281.712174415588 274.921456972758 278.500239054362 288.238267103831 290.048539638519 285.863200823466 286.371429761251 294.60601011912 295.643448829651 292.860547701518 292.289098103841 294.414718945821 286.67151927948 286.421497662862 283.035020033518 281.578660011292 281.718452771505 281.376262505849 279.980381329854 275.689979394277 270.015557607015 269.190947214762 268.868803977966 251.468559106191 230.359752972921 228.356003761292 234.285632769267 243.611772855123 239.30952946345 238.136430581411 242.505590120951 254.361828168233 260.554393132528 263.610442479451 239.138801892598 211.155235767365 210.545619328817 217.113514741262 230.273286501567 227.187156677246 216.562946637472 212.322195370992 225.440641244253
278.855363527934 283.665815989176 281.741201877594 281.75961971283 277.169326941172 274.393181006114 287.319779396057 290.436685085297 287.166178226471 284.393568833669 289.618333180745 294.48147614797 292.07315047582 289.134244124095 289.168238639832 285.345435142517 282.797972361247 282.421171665192 281.056781609853 281.66792790095 284.201502799988 278.353015581767 278.895795345306 273.36714665095 272.368590037028 274.603625138601 268.576979637146 262.61979341507 260.134120782216 257.389088471731 255.788187185923 247.614979743958 250.902791817983 253.246466318766 246.256291866302 236.039717992147 214.260915915171 172.588050365448 153.148204088211 189.567903677622 229.401131470998 238.628327846527 222.225308418274 212.89203564326 216.885844866435 228.543480237325
268.143693606059 279.828667640686 279.621660709381 279.354472955068 278.66526444753 275.904019673665 281.366725762685 289.396226406097 292.717893918355 287.510335445404 289.018630981445 292.455156644185 292.192180951436 289.99541203181 288.502971331279 286.04914744695 282.368381818136 279.795547326406 276.807566483815 274.997770786285 276.380439599355 275.186955928802 274.038354555766 274.424016475677 274.951080481211 280.236462752024 283.435344696045 286.788523197174 264.974474906921 265.5215660731 257.374664147695 246.097405751546 245.948851108551 229.733606179555 201.129416624705 175.808648268382 163.74550263087 150.684177875519 139.409412940343 156.55991435051 183.654725551605 211.382110913595 222.701251506805 239.047030607859 267.028391361237 272.161106268565
