input/barkrak2/radiation/dir14624.grid
NCOLS 85 
NROWS 70 
XLLCORNER 665100 
YLLCORNER 4664600 
CELLSIZE 20 
NODATA_value -9999 
[rows 20 to 39 of 70, columns 0 to 45 of 85]
194.454391797384 186.710198720296 202.599803606669 242.606143156687 237.976888815562 191.808899243673 178.011139233907 182.687600453695 195.642292499542 215.552906195323 230.662822723389 237.404704093933 243.271787961324 256.376067797343 273.221810658773 294.796566168467 322.834491729736 326.259970664978 331.493278344472 338.753223419189 341.217120488485 334.773222605387 333.692034085592 334.436376889547 335.577726364136 336.905956268311 338.981668154399 335.398117701213 331.332623958588 330.808361371358 324.892083803813 314.112186431885 305.177688598633 300.800542036692 299.111048380534 304.306407769521 304.471592108409 306.758443514506 311.353087425232 315.402944882711 315.175592899323 315.220892429352 316.341360410055 312.002082665761 316.431323687236 318.692525227865
221.778392791748 220.545689264933 237.663785616557 268.349607785543 264.178315798442 205.361008644104 188.46207857132 191.398620605469 198.958913485209 212.765276432037 223.123113314311 231.12420241038 240.229547023773 242.864191532135 257.462938626607 275.185684363047 293.876965840658 316.620866457621 327.234526475271 334.692239761353 338.885068893433 343.801101048787 345.405181248983 343.773166338603 340.273976325989 335.73039372762 332.724213600159 329.267660776774 328.338106473287 321.796576182048 305.183370908101 276.755968729655 256.454666455587 254.411260286967 261.98015610377 280.754685401917 288.258910179138 301.827788352966 311.34424606959 312.251150608063 309.444864590963 308.588147163391 303.159654140472 289.834221204122 307.858347892761 316.615700721741
262.064178784688 269.34278011322 275.567054748535 285.123606522878 284.77668762207 237.889508406321 212.3095591863 197.993497053782 194.47382291158 203.755895296733 221.538921197255 233.029842376709 243.395864963531 250.511984030406 255.752126375834 269.35621102651 283.982237180074 300.094644228617 315.135439236959 321.584661801656 324.656923611959 335.176428159078 340.832789738973 340.327739715576 337.797244389852 335.57649453481 331.945617993673 319.564719994863 310.227831204732 289.954980214437 250.898818174998 201.848844687144 179.597953955332 196.779867013296 225.109219551086 249.013543128967 267.235636711121 287.267883618673 298.174659411112 301.427483558655 304.555038611094 305.160800615946 282.885432243347 262.776772181193 289.912799994151 314.003666241964
282.854239145915 285.268088181814 284.111658732096 290.460328261058 290.186564127604 272.952179114024 235.098838806152 206.947505474091 191.701332728068 196.495274702708 220.382412274679 232.835868994395 248.757064342499 261.543691158295 263.215959072113 270.584305127462 278.900941212972 293.286204338074 303.745110829671 302.04439163208 307.104865709941 311.902324358622 323.212524255117 326.691667238871 320.16928990682 310.968359311422 290.815889835358 286.983132362366 262.439628442128 219.47580575943 180.408557256063 158.233612775803 128.028869628906 124.939461549123 137.281894683838 173.15548658371 217.722694079081 243.455866972605 261.439720789591 271.509746710459 269.896546999613 256.539285182953 242.165366808573 275.508920351664 273.445665836334 305.977443854014
275.152722994487 276.994029680888 285.26492913564 292.090614636739 283.126473426819 273.309985796611 244.60377295812 222.137848536173 203.192353248596 196.401615937551 211.028059323629 229.275008042653 242.396752039591 258.095363775889 260.855476061503 265.855312347412 276.292602221171 287.825584411621 296.324372291565 294.644673665365 300.092339515686 297.936499118805 290.797193845113 287.65086332957 289.761980374654 286.667982737223 281.784951686859 266.05220635732 234.071493148804 175.653497378031 156.234363714854 154.292245705922 135.016838709513 106.987595558167 99.2956757545471 114.987840255102 158.561229705811 196.74688577652 223.735948403676 236.956159273783 227.173924446106 205.268204212189 226.686517397563 293.743014335632 287.620981534322 308.799227078756
268.920580546061 273.105839888255 284.56191221873 289.181749025981 284.618477026622 273.556232452393 253.992756207784 245.766123135885 238.55052391688 223.590095837911 222.978274027507 241.070687770844 254.755318164825 268.742124239604 271.316011746724 270.662089188894 275.652090708415 287.491222222646 293.689092000326 296.13721370697 298.210819562276 281.264086564382 277.528603871663 278.682351112366 279.735565185547 277.868648370107 268.128395080566 255.366404851278 212.047417958577 184.722264607747 183.029294013977 199.364542961121 202.622612317403 172.393520673116 137.331674496333 121.813416481018 136.683305104574 164.555281400681 200.103322664897 221.162100632985 202.195088068644 192.931354045868 235.201418399811 280.513445536296 300.873319307963 319.37837600708
270.663738250732 273.027261098226 280.906955401103 286.967754364014 297.343730926514 284.799059232076 268.767098585765 258.723596731822 260.270277659098 254.421234130859 244.352022806803 258.611400922139 270.779073238373 282.255391279856 284.248391787211 279.364228248596 278.54194243749 283.355434735616 284.638305505117 293.640077114105 293.595532576243 290.521105130513 282.956083615621 279.739896456401 282.849589983622 279.077112674713 266.966223716736 256.130993366241 220.814108848572 214.902659257253 236.152311166128 259.989321231842 264.736374219259 274.245202541351 248.364249865214 165.573259194692 152.675360441208 164.19643163681 189.623733361562 218.253910541534 211.931606133779 243.729809919993 243.646661440531 257.035891215007 292.388339837392 304.789384206136
274.785796801249 271.138608455658 274.219294389089 283.862113952637 318.878014882406 295.872747898102 275.336941083272 262.001315752665 262.920339902242 269.911726315816 261.06450955073 265.734652678172 277.490039666494 285.570204257965 287.214318911235 287.413914998372 279.720028241475 278.095722198486 291.16427898407 294.468979040782 293.7091588974 286.867022514343 283.805092175802 282.963176568349 285.587112108866 284.280717372894 276.135504245758 266.305228074392 244.952142238617 243.597050507863 267.171442508698 281.718194484711 281.01638952891 294.800062974294 315.708061059316 245.925048987071 182.547350724538 168.099761009216 181.206862131755 215.791304906209 249.886790911357 297.315120697021 253.944357236226 247.764865557353 276.603003342946 287.376344203949
272.370020548503 263.867298762004 267.706592877706 290.286540985107 332.005123297373 295.498410860697 266.640305519104 256.33970896403 260.916233062744 267.286558945974 264.944593111674 263.180394967397 276.22385819753 286.855657895406 289.082904656728 290.016174316406 283.53226184845 279.284000396729 286.805033683777 286.946396032969 287.875592708588 283.017595609029 281.920154889425 285.703460375468 289.87455368042 285.230696201324 283.439894517263 275.332987308502 256.361484527588 251.806060473124 274.354894955953 292.143980662028 291.499177614848 290.025075276693 309.975584348043 307.361920674642 216.537892818451 158.364832401276 148.686548074087 189.965526262919 257.750948270162 280.221561590831 244.740804036458 224.938293298086 246.542274951935 258.986035982768
265.408635139465 256.030122439067 264.252344767253 300.667504469554 329.158405462901 291.723310947418 260.834236939748 243.053317070007 239.891091982524 243.476351102193 244.559645652771 250.246226787567 269.278526306152 283.479630947113 286.60523891449 291.018446286519 290.203193823497 278.199791908264 279.677073160807 281.99827671051 280.914525190989 282.50785668691 282.484014829 289.424200852712 290.441075960795 288.463552792867 291.156550248464 280.945460001628 262.339989344279 260.574777921041 279.889206091563 297.74804910024 293.254971504211 290.005366007487 299.360652764638 316.922187805176 297.686735788981 220.269024372101 174.47825272878 184.163212776184 220.542391141256 235.164205233256 236.114958922068 205.604612827301 217.51481294632 238.812426726023
254.063884417216 263.818422953288 293.50338379542 339.394648869832 339.918533960978 297.075112660726 261.413673559825 232.164184252421 226.069092750549 236.800948778788 229.721566041311 228.75436147054 265.374481678009 281.16363286972 289.337436358134 293.647388617198 293.543756008148 285.066882769267 282.376289367676 284.687201182048 283.879220485687 287.214239438375 288.845161596934 291.182319323222 293.162067731221 295.928756395976 297.520418961843 291.582226753235 274.446686108907 272.864878177643 286.013086636861 298.417786757151 295.77632745107 295.902788639069 300.191760063171 303.043206532796 323.106408119202 329.142828782399 262.341658274333 215.241432189941 201.086203257243 193.489631017049 213.085472583771 207.679331302643 213.360786437988 241.290132204692
272.73565530777 299.318512280782 319.93446747462 326.336642106374 352.354804674784 332.096477349599 294.368902842204 256.973922252655 241.685569286346 254.723568757375 248.307148615519 231.663088003794 249.316851298014 277.656018733978 291.869481404622 294.937133789062 293.851633866628 291.873196760813 287.750204404195 288.129766782125 288.616756598155 293.62150033315 293.613751729329 294.110933939616 295.871138572693 303.560833136241 303.688565889994 303.425411383311 292.094230651855 287.872195243835 292.554537455241 296.792149543762 298.566460609436 303.277492523193 305.687526861827 294.803897539775 302.559971809387 337.490081787109 329.252938429515 267.609119415283 217.168768246969 193.046311537425 196.717043717702 212.417980035146 234.08575852712 262.784461180369
305.80339829127 316.267609596252 307.898581027985 300.668398539225 318.805595239003 338.156382242839 330.368936061859 302.550792694092 277.49639749527 278.653820355733 281.910677750905 258.263945579529 250.681678454081 272.804220517476 291.803002357483 295.39277156194 295.035421848297 296.937565008799 289.349138736725 288.051883379618 292.410055796305 295.892914136251 294.298112392426 294.710914293925 296.158889929454 304.850737253825 308.874805768331 312.206705411275 301.986475785573 294.357339541117 301.516532897949 305.275599161784 301.404734452565 303.288181622823 307.46845404307 297.116756439209 296.552856763204 314.49693441391 315.008262793223 287.226676940918 256.478508313497 217.717826366425 201.006531715393 205.20822207133 226.611157258352 261.666655540466
299.90017414093 293.888092041016 287.136117617289 276.273349920909 277.008752028147 297.088404496511 316.392540931702 312.459667523702 299.560805161794 299.039483070374 300.141235192617 284.763753414154 273.293177286784 281.654874483744 294.082164764404 296.523670355479 294.007420539856 295.942842960358 290.236751238505 292.730748653412 293.166637420654 292.890548706055 291.29167397817 290.287435054779 294.817348321279 299.575845400492 308.554848035177 307.605048020681 302.48753229777 300.814568996429 306.698381900787 304.824074109395 294.240037600199 292.610685030619 295.967578887939 281.101902325948 278.477569421132 277.962247530619 269.141415754954 271.052579085032 281.131386756897 250.181357065837 222.779969374339 210.398991902669 211.748361587524 235.243837038676
294.139266014099 284.464875857035 290.58849811554 276.831209659576 269.07342672348 280.429244041443 305.658499399821 327.072997887929 321.078737576803 307.294964790344 298.493484656016 296.941538651784 299.261689186096 299.150586128235 300.939659277598 298.404693603516 296.566267808278 295.920590559642 292.941788832347 295.961538950602 291.879753271739 289.560417334239 289.880792299906 290.413379669189 293.393890062968 296.430210272471 303.387045860291 300.457795461019 300.296783447266 305.172661940257 307.079195976257 297.340512275696 282.146831353505 286.368946234385 284.783264001211 268.316467603048 269.417802492778 269.283354282379 274.245222409566 292.672256628672 293.935298919678 283.851683139801 260.443190733592 243.543883164724 225.18652677536 215.330878893534
313.298126061757 308.417161305745 317.519704500834 312.666038672129 302.772581577301 306.885202725728 322.801232337952 343.46608320872 335.769812266032 310.917258262634 298.152605692546 303.564806779226 316.113849480947 312.587936719259 305.541197458903 306.781808535258 304.038365681966 297.369162241618 299.926181634267 298.148989677429 297.213812669118 292.434473832448 293.564359347026 294.622778892517 293.310423692067 296.752770741781 297.622780005137 296.154816945394 296.45824432373 305.593391259511 305.962204933167 295.867502689362 283.833622932434 284.59103902181 276.385883490245 271.641413370768 276.824156443278 277.889827887217 288.719495137533 313.921650250753 282.077372074127 268.616298834483 260.68768898646 249.139726161957 234.217822551727 212.486644585927
336.094299952189 333.637674649556 335.973660151164 338.03669611613 329.303582509359 323.184013366699 328.034202257792 342.163284619649 337.92511622111 308.901906013489 299.69718058904 309.665163358053 320.615649223328 313.220918178558 306.134760379791 310.630997021993 310.664554437002 304.680705070496 302.737176418304 304.964125156403 304.84934647878 298.422932624817 298.373281955719 297.639588514964 295.865337053935 293.67325703303 296.469171841939 299.99965429306 301.677028338114 306.576987107595 306.646545728048 297.967215379079 286.407828330994 281.076371669769 272.073229153951 276.949246724447 282.970488071442 282.741705576579 285.765588283539 304.023583730062 269.245425860087 229.01713848114 215.702056884766 209.605832894643 206.799149513245 201.116005579631
346.555590629578 344.470302263896 341.20770295461 342.172265052795 336.203535397847 328.797856966654 326.292296250661 331.952691078186 337.59605884552 317.220270633698 314.881642659505 319.695671399434 319.911638895671 311.503152052561 306.549032529195 309.082825978597 317.261636257172 310.983777046204 308.775325616201 310.094714164734 308.452645937602 303.432404994965 300.090531508128 298.282623291016 298.923234144847 298.030694325765 296.52859767278 302.242795626322 303.695559501648 306.619107723236 306.982457637787 300.123631954193 289.289196332296 274.135788281759 265.1287317276 280.870278676351 290.4452085495 288.477857907613 279.205063978831 291.947782039642 269.900600115458 203.076163927714 172.784229119619 158.68083635966 158.643245697021 166.140715281169
347.194314002991 349.679827690125 349.290490150452 347.488363583883 344.452619552612 340.13024965922 334.457159042358 330.570816993713 332.586566607157 328.389763832092 333.899617195129 331.283410390218 318.652947743734 318.096915880839 314.099470774333 307.227293650309 315.900286038717 315.998335679372 311.242898305257 309.574703375498 309.752345085144 303.947826226552 300.31681060791 298.317233721415 299.75159962972 301.345348358154 299.992521603902 302.492360273997 304.797927538554 306.010027726491 308.308959007263 302.984813849131 284.623046716054 262.498021125793 270.797669887543 293.331305185954 296.152234077454 291.032731533051 274.247546990712 279.484868049622 296.446363131205 246.724387009939 188.63832950592 159.144908189774 149.702151616414 146.8619008859
335.16538143158 338.467995325724 338.729818662008 342.730045318604 347.564021746318 351.598699887594 352.489550908407 350.643396377563 349.06800587972 348.741054534912 341.04053179423 329.074184099833 321.920295556386 319.309135278066 316.555062929789 312.136709690094 314.331273237864 314.191460609436 308.130860328674 306.100209554036 307.134568691254 308.882077534993 306.286215782166 301.181097825368 300.159772237142 300.742089748383 303.880115350087 305.118759473165 306.252956390381 306.55292669932 306.811173756917 303.341488043467 280.094742774963 263.364354769389 286.379218101501 301.383594671885 297.155280907949 292.59071747462 279.334922631582 275.88673432668 309.137920538584 328.941663106283 272.518416245778 217.962503433228 176.106592019399 150.856147209803
