input/barkrak2/radiation/dir13124.grid
NCOLS 85 
NROWS 70 
XLLCORNER 665100 
YLLCORNER 4664600 
CELLSIZE 20 
NODATA_value -9999 
[rows 40 to 59 of 70, columns 0 to 45 of 85]
308.936337629954 309.596180915833 309.525867303212 310.964524745941 316.869894663493 320.277253786723 323.107282320658 325.965603192647 326.452692349752 316.138943036397 304.975827534993 302.087406317393 299.046297868093 296.507676442464 294.618288675944 293.658037980398 293.393135070801 292.212744553884 287.451962629954 285.394152005513 290.386875470479 293.985267480214 294.550796349843 290.001928806305 286.196231842041 284.190535545349 291.044116020203 291.411399841309 292.44609673818 290.229638417562 288.992722829183 286.738395690918 267.738620440165 266.537626584371 290.853063265483 290.679514408112 280.336578687032 277.530709902445 279.167135556539 272.489448388418 283.537924289703 316.735545794169 319.604277610779 263.608455657959 201.21443271637 162.111341953278
314.125219980876 312.18820810318 311.880012353261 312.241713205973 309.190630912781 307.688454786936 307.129263877869 307.659029960632 311.519722143809 303.878585497538 298.193673292796 298.575937747955 301.472763220469 300.712108612061 299.840092658997 297.168453534444 292.388637860616 298.657516638438 298.405448595683 293.344934781392 294.464588165283 294.565081596375 292.793114980062 293.449461460114 293.693979581197 288.909912109375 292.28142897288 291.978478431702 291.446526845296 292.046546936035 292.104283968608 287.489136060079 273.328999678294 278.216083844503 290.10005791982 280.599375565847 264.893174171448 262.296319007874 267.759700616201 275.042812029521 295.699755350749 309.037427107493 313.200096289317 295.758664608002 244.770487149556 197.737554709117
316.474755605062 314.569890499115 316.290279229482 315.51186243693 310.001313686371 307.980895042419 307.079533735911 304.740965366364 304.165144761403 301.854332288106 299.737453460693 299.687425295512 303.009986877441 303.827404975891 303.87681722641 300.623615582784 298.665463924408 302.166938781738 303.124646345774 296.910663445791 294.183373451233 292.243679364522 286.907414595286 287.643492221832 290.526926517487 286.990741888682 283.393025398254 286.773939927419 289.173165957133 290.629188219706 288.765052954356 283.755203088125 279.268622398376 286.629954973857 287.598073482513 268.492539723714 251.961847146352 256.203691164653 268.9541776975 282.244106133779 291.725277900696 290.82594315211 283.330082893372 277.321974436442 251.370251178741 200.120488802592
305.821220080058 307.992657025655 313.613037268321 311.667283376058 312.584658463796 313.8827085495 313.854376475016 311.310827732086 303.181846936544 302.323937416077 304.048279921214 301.457722981771 300.99626382192 304.425120353699 304.055015246073 302.414695421855 302.558620770772 303.411861260732 302.952826023102 298.034926255544 291.22531414032 288.399279117584 285.494069258372 284.24346446991 285.811106363932 288.006504376729 282.892644405365 282.354950904846 285.328070322673 285.788973172506 282.923638820648 277.238210042318 280.603150526683 285.531997680664 275.617758433024 253.167430559794 248.082538445791 261.16931438446 278.736432393392 283.047616481781 280.906955401103 276.809434096018 269.050220648448 259.258727232615 240.373512109121 205.072323481242
305.196603139242 309.050361315409 310.446163018544 310.698727766673 312.055687109629 313.094973564148 313.500841458638 310.993790626526 308.289806048075 304.879625638326 306.358496348063 303.798993428548 301.606118679047 299.819628397624 298.723181088765 299.303809801737 295.703371365865 300.450543562571 299.422144889832 296.611666679382 292.385220527649 288.403391838074 288.534224033356 288.12579313914 283.209919929504 289.628247419993 291.138549645742 287.993053595225 286.376694838206 282.190958658854 276.129404703776 271.391709645589 274.170239766439 272.563338279724 263.12392950058 249.426086743673 252.069930235545 268.06386311849 282.105088233948 277.892629305522 278.019845485687 269.834776719411 258.710265159607 248.654901981354 237.481276194255 217.938999334971
309.313416481018 312.548796335856 309.88476673762 312.043348948161 311.03918949763 311.23282512029 311.73700094223 310.983657836914 312.246263027191 309.516330560048 308.256189028422 307.003378868103 303.932070732117 299.651900927226 298.062225182851 300.108273824056 294.415434201558 294.401546319326 299.351970354716 295.705318450928 294.278184572856 291.339874267578 287.724117437998 287.415444850922 289.222876230876 286.207298437754 290.82985719045 286.658644676208 283.771733442942 281.043112277985 276.434620221456 271.815458933512 271.049916744232 264.078517754873 250.824570655823 240.022321542104 247.462332248688 265.849947929382 272.46501048406 263.240496317546 268.381953239441 260.26576757431 249.995489915212 251.234412193298 253.89822324117 234.805881977081
309.148848056793 310.327370961507 312.115093072255 312.695761521657 312.429368495941 312.485575675964 313.831766446431 314.457098642985 312.45756149292 311.125218868256 310.654898484548 309.311747550964 305.839478969574 302.639583746592 301.236510276794 303.052624066671 301.355083783468 294.224699338277 296.843270460765 296.870867411296 292.084654172262 290.012935797373 290.012300014496 283.984065055847 289.413392543793 281.858702500661 280.146380265554 283.071259657542 281.736314296722 281.190971533457 275.789141654968 271.870096524556 267.345905303955 261.531631151835 251.195470492045 241.999348004659 248.945415019989 261.744856834412 260.997891426086 261.321187019348 266.874253749847 255.947669347127 253.905773162842 261.808574199677 266.640325387319 249.404867490133
304.866949717204 306.700825691223 310.702582200368 311.549027760824 313.172658284505 314.450780550639 312.56494919459 312.26638952891 311.750610669454 313.840289910634 311.10546986262 307.766695817312 305.772364139557 306.014319260915 301.731705665588 301.633457342784 298.254390557607 288.87403011322 294.244388739268 293.203949928284 285.95091899236 289.036174615224 287.992576758067 278.139154116313 280.598918596904 280.358990033468 277.850111325582 278.192162513733 279.224554697673 278.497695922852 276.66962146759 274.447500705719 266.439874966939 265.37017027537 264.02469476064 254.95574871699 255.446890989939 259.247819582621 261.931478977203 270.811200141907 266.101757685343 257.848799228668 261.676947275798 264.157295227051 261.990904808044 249.094903469086
300.355494022369 302.110513051351 306.286136309306 308.027426401774 312.378366788228 313.940783341726 311.802744865417 310.730417569478 312.963008880615 313.698987166087 311.603963375092 307.977616786957 306.993365287781 305.148661136627 303.463816642761 297.288537025452 295.631289482117 287.247240543365 287.773648897807 288.924733797709 289.182285467784 287.394205729167 287.518699963888 282.72823492686 280.296603838603 283.087849617004 279.293378194173 281.17036819458 284.639080365499 285.307188828786 286.566138267517 287.213702996572 276.634812355042 276.987195014954 274.135490258535 262.636542320251 262.423058350881 265.015502770742 267.323931058248 269.218504428864 259.218255678813 254.919727643331 252.980470657349 248.812079429626 246.674001216888 246.375521024068
299.552798271179 296.978791554769 300.709247589111 305.955151716868 309.918125470479 311.274409294128 312.950670719147 314.151565233866 313.256700833638 311.164220174154 311.642706394196 309.358318646749 306.971609592438 303.936203320821 299.860040346781 293.827851613363 292.848269144694 285.680135091146 287.325441837311 291.369954744975 293.580889701843 289.883017539978 288.526912530263 287.203828493754 283.52415561676 284.278194109599 286.241273085276 287.115037441254 291.021764278412 294.855495293935 297.604918479919 294.634600480398 285.617152849833 284.586270650228 277.414441108704 267.347554365794 263.496100902557 268.54811112086 269.510269165039 259.007553259532 247.631231943766 250.554343064626 249.602556228638 243.942042191823 242.336670557658 246.48783604304
299.871663252513 301.512996355693 302.892585595449 307.945311069489 307.809770107269 307.39152431488 311.961233615875 314.394474029541 314.409573872884 311.982572078705 310.654918352763 310.844202836355 304.190834363302 301.307559013367 298.176646232605 300.952156384786 293.881197770437 289.422889550527 289.387345314026 294.260442256927 294.36053832372 293.73429218928 287.977337837219 285.898407300313 281.992077827454 286.487638950348 290.767868359884 290.716389815013 293.598492940267 298.055132230123 301.401416460673 298.800985018412 290.023525555929 284.854729970296 273.332118988037 263.321240743001 262.53483692805 267.330586910248 264.143427213033 248.150746027629 243.353088696798 255.011002222697 254.713892936707 247.389733791351 244.114855925242 240.215957164764
298.965354760488 306.785424550374 307.524462540944 307.664970556895 305.889089902242 305.400947729747 309.572219848633 312.381009260813 309.984008471171 313.043216864268 307.775298754374 307.594259579976 306.087295214335 301.103631655375 298.120538393656 302.219967047373 296.34294907252 290.846029917399 288.254459698995 291.505555311839 291.885097821554 289.919972419739 287.453651428223 283.729513486226 281.103332837423 281.950533390045 285.07125377655 287.550965944926 288.691480954488 292.962491512299 296.29643758138 296.73445224762 286.439617474874 272.697230180105 240.546325842539 230.475207169851 245.976448059082 258.893628915151 260.760943094889 259.82399781545 263.772368431091 262.870331605275 246.793925762177 239.606479803721 248.011251290639 236.521164576213
299.380838871002 297.418435414632 296.626190344493 299.788097540538 304.03608083725 306.347628434499 304.076671600342 307.608326276143 304.820815722148 307.784676551819 307.219564914703 308.666706085205 307.193915049235 302.008509635925 298.968156178792 298.267960548401 298.314154148102 288.619200388591 283.905148506165 283.920725186666 285.335381825765 285.497764746348 285.062313079834 279.733916123708 279.795547326406 276.981294155121 277.749280134837 278.047521909078 277.474284172058 275.925993919373 282.607714335124 285.525262355804 266.161342461904 239.230434099833 209.563692410787 195.635199546814 209.123134613037 237.310687700907 258.477131525675 260.722776254018 261.606812477112 252.762198448181 236.572563648224 237.204353014628 242.218057314555 216.752827167511
302.072882652283 294.484714667002 291.173299153646 293.204665184021 299.88165696462 306.270122528076 302.844325701396 304.59721883138 304.964125156403 303.34609746933 305.751105149587 306.245485941569 308.017293612162 305.088678995768 298.774202664693 298.496842384338 297.002037366231 290.2485926946 285.902539889018 286.998391151428 285.86091597875 284.762422243754 280.701915423075 278.964002927144 277.579724788666 275.878389676412 275.006731351217 274.873991807302 273.301601409912 267.379224300385 260.838389396667 258.808493614197 239.999194939931 215.944886207581 204.068620999654 194.156507651011 183.048129081726 193.841516971588 212.904671827952 237.40675052007 249.253412087758 238.904535770416 233.218550682068 233.708182970683 224.59344069163 204.047779242198
302.853385607402 297.319253285726 290.165146191915 291.73215230306 298.300484816233 305.133243401845 306.162615617116 302.962263425191 306.032220522563 303.344209988912 306.143879890442 306.057333946228 306.104123592377 305.470943450928 300.822635491689 299.507240454356 298.949937025706 291.543920834859 286.420385042826 289.925793806712 289.800862471263 285.861055056254 283.061285813649 283.503154913584 279.765089352926 278.705060482025 276.590247948964 274.085621039073 270.45069138209 265.447596708934 255.504012107849 250.660936037699 231.937925020854 221.414188543955 223.945418993632 223.000268141429 209.240814050039 196.986099084218 187.411725521088 198.51952791214 221.069852511088 218.011021614075 209.826469421387 200.576782226562 197.09591070811 194.316347440084
301.173090934753 299.38280582428 292.679945627848 289.34250275294 293.319344520569 301.947712898254 305.031498273214 302.916526794434 302.259802818298 305.238087972005 307.727217674255 307.274500528971 305.458764235179 306.136349836985 301.297068595886 299.442966779073 301.148533821106 295.95019419988 290.352503458659 290.765961011251 289.110442002614 286.944230397542 286.289056142171 286.266962687174 284.623742103577 282.393574714661 275.10138352712 270.366291205088 263.923585414886 260.021905104319 257.984399795532 255.112667878469 239.161372184753 237.550636132558 242.852469285329 248.72217575709 253.670910994212 244.588573773702 227.091252803802 195.049007733663 196.66576385498 204.875588417053 202.550649642944 196.956117947896 201.452235380809 211.956858634949
302.939156691233 302.088697751363 298.146982987722 290.585736433665 289.463559786479 298.291842142741 302.167137463888 301.372329394023 299.984037876129 302.578349908193 307.146330674489 308.740496635437 305.249154567719 306.734462579091 304.021418094635 298.766295115153 301.623026529948 296.822925408681 292.311092217763 290.915687878927 291.514496008555 289.772987365723 286.068240801493 284.404714902242 282.244046529134 278.722643852234 262.939830621084 241.004884243011 239.987472693125 244.083841641744 251.944939295451 245.614806811015 239.147245883942 237.047592798869 246.670027573903 259.354829788208 273.658951123555 279.40845489502 270.071546236674 231.17991288503 202.447732289632 210.710426171621 221.695760885874 230.669776598612 238.896290461222 245.97442150116
302.396237850189 300.364851951599 299.595455328623 295.734624067942 289.163072903951 292.532126108805 300.135016441345 301.904837290446 299.490988254547 299.729307492574 305.545846621195 308.343728383382 304.123818874359 305.195391178131 305.257101853689 298.005004723867 299.61754878362 296.377599239349 292.841156323751 292.89178053538 294.646302858988 290.920575459798 289.160529772441 283.766786257426 280.552128950755 280.320286750793 265.054802099864 244.829456011454 243.2861328125 246.719221274058 255.419751008352 251.777410507202 248.027940591176 249.805549780528 263.527830441793 269.809146722158 274.727980295817 248.796761035919 226.31706794103 219.404538472493 227.104246616364 239.602625370026 235.743006070455 225.789030392965 223.264237244924 236.103177070618
294.364809989929 297.740578651428 295.845945676168 295.782029628754 291.305919488271 288.650612036387 299.2049853007 303.752581278483 298.782289028168 297.770142555237 302.767475446065 305.622299512227 304.992894331614 300.414880116781 302.243173122406 298.629184563955 294.275720914205 293.658316135406 294.399321079254 294.882396856944 294.982155164083 291.621426741282 289.852400620778 286.90771261851 283.55085849762 285.653690497081 279.555896917979 275.968710581462 271.486977736155 271.068612734477 266.789317131042 258.290847142537 260.037163893382 262.361963589986 258.922259012858 242.714206377665 220.227380593618 184.636950492859 164.300839106242 200.916330019633 240.285595258077 247.462034225464 229.793747266134 221.464594205221 227.614005406698 239.842534065247
283.157149950663 294.151723384857 293.853004773458 291.675051053365 292.713105678558 288.203239440918 293.459673722585 302.792012691498 303.791840871175 300.569474697113 302.223404248555 303.760846455892 305.096626281738 301.251351833344 299.723148345947 299.279491106669 293.868482112885 291.095614433289 288.102269172668 288.690368334452 289.911806583405 288.705766201019 287.53666083018 285.597602526347 285.960137844086 290.926933288574 294.752717018127 296.400984128316 280.916730562846 275.754412015279 270.210425059001 256.76828622818 257.156411806742 237.381974856059 208.373427391052 184.303263823191 172.529141108195 160.181204477946 150.926768779755 170.024752616882 198.004563649495 222.431381543477 230.58158159256 245.927929878235 274.573604265849 281.39054775238
