input/barkrak2/radiation/dir11624.grid
NCOLS 85 
NROWS 70 
XLLCORNER 665100 
YLLCORNER 4664600 
CELLSIZE 20 
NODATA_value -9999 
[rows 40 to 59 of 70, columns 0 to 45 of 85]
277.834097544352 279.428601264954 279.331306616465 280.799170335134 288.089334964752 293.029367923737 296.421786149343 300.113479296366 300.582468509674 287.790099779765 275.588611761729 271.119634310404 270.275314648946 266.84029897054 264.361123243968 265.063305695852 263.640602429708 262.333750724792 256.882131099701 257.010559240977 259.083211421967 263.757069905599 264.336864153544 259.452323118846 255.745152632395 253.276526927948 261.681576569875 261.849999427795 264.961123466492 264.459013938904 263.522466023763 263.060589631398 249.990979830424 250.710467497508 277.176737785339 277.065813541412 265.557070573171 260.40240128835 262.505729993184 261.920968691508 273.696700731913 301.597535610199 292.249957720439 227.864027023315 164.83606894811 130.605747302373
284.605503082275 282.49736626943 282.716870307922 282.870491345723 279.345790545146 277.676065762838 276.8528064092 277.487655480703 281.989137331645 275.254786014557 267.63125260671 268.288016319275 271.647810935974 270.998358726501 268.755793571472 267.300605773926 260.536770025889 267.795046170553 267.683863639832 260.349671045939 261.768142382304 262.16846704483 260.408341884613 261.591951052348 261.893451213837 256.614089012146 260.898947715759 263.285199801127 265.368441740672 266.08270406723 266.624311606089 263.647715250651 253.754794597626 262.298007806142 275.271693865458 265.062928199768 248.234947522481 243.454198042552 247.331738471985 256.551782290141 282.417515913645 296.235998471578 293.334046999613 264.088054498037 207.583745320638 163.800656795502
287.793835004171 285.551905632019 288.062632083893 287.085314591726 281.279404958089 278.224408626556 276.838878790538 273.964246114095 274.377067883809 271.674414475759 269.404470920563 268.26806863149 272.13442325592 273.397167523702 273.454566796621 268.395841121674 266.12397034963 268.714706103007 271.523356437683 262.539029121399 259.500126043956 257.666369279226 253.781259059906 254.717628161112 258.212606112162 254.357576370239 250.717143217723 253.685414791107 257.27113087972 262.499749660492 262.623846530914 258.705000082652 257.923165957133 270.129422346751 272.518853346507 250.874956448873 234.556635220846 237.222294012705 248.040397961934 261.699716250102 272.023419539134 272.362649440765 262.080152829488 248.101949691772 213.821689287821 158.898641665777
275.523086388906 277.456164360046 284.714917341868 282.507002353668 283.832649389903 286.013762156169 285.075763861338 281.837046146393 273.207704226176 271.289189656576 273.393352826436 270.312527815501 268.595655759176 271.245896816254 272.305071353912 267.440736293793 269.052942593892 268.440763155619 267.984429995219 263.920744260152 256.277064482371 251.711150010427 252.198139826457 248.891393343608 248.898069063822 251.855989297231 248.246848583221 248.124917348226 254.01383638382 255.105674266815 252.788722515106 248.137394587199 255.535384019216 264.690736929576 259.030679861705 236.334443092346 230.744103590647 242.956658204397 258.703132470449 262.298842271169 259.726285934448 255.737145741781 246.95352713267 231.977562109629 203.550299008687 162.591427564621
274.525364240011 278.989831606547 281.512637933095 281.331539154053 282.227357228597 284.302830696106 284.736156463623 280.979216098785 277.482628822327 272.095084190369 274.921000003815 271.841327349345 266.40522480011 265.839318434397 263.233403364817 263.845264911652 257.699767748515 263.131260871887 263.90016078949 258.638521035512 255.849778652191 251.808762550354 250.058889389038 249.047180016836 247.873425483704 255.462785561879 257.499357064565 254.380901654561 253.356059392293 251.302560170492 247.148136297862 242.837309837341 246.189077695211 246.504704157511 241.937855879466 231.347103913625 234.81680949529 250.627358754476 263.350089391073 257.378617922465 257.294098536174 248.138149579366 237.341523170471 224.085211753845 205.170571804047 176.682114601135
279.256860415141 282.410720984141 280.159731705983 282.18799829483 281.050244967143 281.24475479126 281.880696614583 279.13490931193 280.313710371653 276.679237683614 273.566027482351 273.046533266703 267.849187056224 261.281847953796 260.85638999939 261.352837085724 255.917370319366 255.614956219991 259.991765022278 257.586856683095 256.24144077301 255.114197731018 252.851168314616 252.486904462179 252.293626467387 253.56258948644 257.172067960103 255.269050598145 254.49150800705 252.187331517537 246.473610401154 243.26878786087 243.735114733378 237.861851851145 227.496763070424 219.966073830922 228.044668833415 246.536215146383 251.956184705098 241.204142570496 246.536831061045 237.029771010081 228.744586308797 229.303042093913 226.446926593781 199.971556663513
278.178791205088 279.682993888855 281.994144121806 282.911360263824 281.973958015442 280.093451340993 281.733254591624 283.320625623067 279.646197954814 276.0209441185 275.027235349019 274.457236131032 268.542448679606 266.184469064077 262.337386608124 264.323174953461 259.972294171651 253.238956133525 260.743657747904 259.049117565155 255.624532699585 257.486005624135 255.387643973033 250.825842221578 257.201294104258 251.257697741191 254.037141799927 255.300323168437 254.242658615112 252.539197603861 249.148269494375 245.110929012299 241.319596767426 236.095229784648 228.421092033386 221.311688423157 227.721492449443 239.899555842082 239.938835302989 239.116529623667 243.254721164703 233.298977216085 233.1822514534 241.660972436269 243.416825930277 218.594292799632
273.119966189067 274.401664733887 278.406997521718 279.068152109782 280.125995477041 281.325280666351 280.768752098083 277.558108170827 276.390751202901 277.863085269928 273.804664611816 269.448280334473 268.401722113291 266.750852266947 264.433026313782 262.583792209625 260.258694489797 253.413538138072 257.70898660024 258.822282155355 254.950881004333 254.36786810557 257.516821225484 249.308586120605 252.200881640116 251.954694588979 247.021933396657 250.035981337229 251.680175463359 251.353065172831 250.258247057597 248.258352279663 240.515887737274 239.876449108124 242.768824100494 236.488779385885 235.538522402445 236.822148164113 240.031123161316 249.546925226847 243.719657262166 234.341601530711 240.006526311239 243.683377901713 240.479667981466 223.643402258555
264.871080716451 266.668836275737 269.607027371724 271.99004093806 278.561155001322 279.341002305349 277.08778778712 274.37158425649 277.089655399323 278.700788815816 276.113390922546 271.256069342295 269.634981950124 268.732905387878 264.743328094482 261.229793230693 259.283463160197 251.647214094798 256.701469421387 258.349299430847 258.625249067942 256.841242313385 257.243355115255 254.451950391134 251.858135064443 255.005935827891 250.94989935557 253.390312194824 257.856587568919 261.08451684316 263.386964797974 261.703292528788 250.918507575989 253.03186972936 253.170708815257 245.847682158152 245.359679063161 244.466642538706 245.477318763733 248.549997806549 238.112449645996 231.72398408254 229.275584220886 226.391434669495 224.464495976766 223.703622817993
260.2419257164 258.023579915365 261.290729045868 268.931766351064 273.925999800364 275.959273179372 277.230620384216 279.048085212708 279.513716697693 275.393843650818 277.429362138112 275.840818881989 271.002968152364 269.051551818848 266.09613498052 261.221210161845 260.085125764211 254.474302132924 256.549477577209 261.188606421153 261.624276638031 262.169023354848 258.418262004852 257.289787133535 253.204305966695 258.879164854685 258.938988049825 260.275324185689 265.22441705068 270.457545916239 274.993161360423 274.897933006287 264.881094296773 261.829117933909 256.848136583964 250.091830889384 247.922559579213 250.596980253855 248.763700326284 236.785292625427 226.026972134908 228.748818238576 227.404296398163 221.565087636312 219.327350457509 222.579995791117
261.26225789388 263.287385304769 264.088332653046 268.994688987732 270.617683728536 271.807829538981 277.164240678151 281.140903631846 279.723425706228 279.091993967692 277.333517869314 276.002029577891 271.289030710856 267.847577730815 266.246795654297 269.493103027344 261.419693628947 258.874972661336 259.07297929128 264.611800511678 264.924625555674 264.161249001821 260.36258538564 258.467078208923 254.061778386434 259.381035963694 264.321446418762 264.623324076335 270.572563012441 274.292588233948 279.559810956319 279.255350430806 270.318448543549 263.102869192759 250.874201456706 244.227945804596 246.044715245565 252.208828926086 245.652397473653 227.249383926392 221.457362174988 232.191999753316 233.823438485463 226.284941037496 222.947398821513 214.245061079661
259.807129700979 267.197827498118 269.251624743144 271.004716555278 270.83424727122 268.804907798767 274.791121482849 278.294920921326 276.682694753011 280.222475528717 277.366439501445 277.172128359477 275.336523850759 269.522786140442 266.181588172913 273.125171661377 266.454378763835 258.333126703898 255.516688028971 261.445581912994 261.999169985453 259.973526000977 257.471938927968 255.798697471619 253.094772497813 254.370033740997 258.162200450897 258.581578731537 260.20610332489 265.649418036143 273.18267027537 274.998247623444 265.261948108673 248.758614063263 216.695884863536 207.062780857086 224.219600359599 240.901927153269 244.738121827443 243.688503901164 244.510293006897 241.154531637828 223.789890607198 217.940330505371 226.619899272919 209.108610947927
260.837237040202 258.401334285736 257.518271605174 261.847277482351 267.254988352458 270.857711633046 269.293208916982 275.294423103333 273.687263329824 277.171671390533 276.701072851817 278.451800346375 276.832580566406 272.577822208405 267.178416252136 266.50736729304 268.738945325216 258.217255274455 253.007729848226 255.087276299795 254.471063613892 254.912336667379 254.689693450928 251.160502433777 251.606980959574 248.650908470154 249.736130237579 250.336150328318 252.332290013631 251.369734605153 256.430049737294 260.7608238856 244.627972443899 218.406538168589 185.683449109395 169.259190559387 181.931575139364 211.449464162191 238.312443097432 243.316292762756 245.254814624786 234.11351442337 215.188324451447 213.767389456431 217.826147874196 199.382106463114
264.372487862905 255.502661069234 251.298010349274 256.553967793783 265.893876552582 273.459951082865 271.128753821055 273.255189259847 273.805459340413 273.728589216868 274.902184804281 277.369439601898 277.852376302083 276.218930880229 269.147594769796 266.766746838888 269.492348035177 259.897271792094 255.131463209788 258.552392323812 257.517993450165 254.112740357717 252.22909450531 250.261664390564 249.081353346507 245.020826657613 246.644298235575 246.72798315684 247.518996397654 241.465270519257 234.186768531799 233.767807483673 214.632928371429 191.835562388102 179.229458173116 168.61613591512 154.379238684972 164.379467566808 186.182916164398 215.089917182922 230.154653390249 217.439075311025 212.460080782572 211.518168449402 198.758800824483 186.124642690023
265.809794267019 260.221978028615 254.549781481425 258.076230684916 265.717566013336 273.682872454325 275.03897746404 273.04877837499 275.052587191264 273.715555667877 275.32684803009 277.148048082987 277.431269486745 278.716882069906 271.505316098531 270.183781782786 271.719992160797 263.798852761586 260.640541712443 259.852270285289 262.016177177429 257.750689983368 254.851837952932 253.16854317983 249.209682146708 250.59578816096 248.448689778646 245.804031689962 237.34587430954 232.282042503357 222.785572210948 221.288959185282 210.863788922628 202.242116133372 203.842361768087 199.725846449534 180.711209774017 166.722297668457 157.702177762985 170.484999815623 193.10200214386 194.405575593313 185.5282386144 174.057284990946 171.373188495636 175.349374612172
268.961310386658 266.768177350362 259.122808774312 255.443274974823 260.108272234599 271.820604801178 273.696859677633 272.987643877665 272.44112888972 275.995353857676 279.222925504049 280.676643053691 278.713126977285 279.502113660177 274.332006772359 272.493422031403 272.330383459727 268.88652642568 262.864490350087 262.962758541107 259.02384519577 259.017109870911 258.713980515798 259.14078950882 254.745304584503 252.405563990275 246.995727221171 237.105170885722 230.585296948751 225.232581297557 223.853409290314 223.606089750926 217.436710993449 219.63361899058 225.901424884796 230.511844158173 231.438835461934 218.516627947489 200.097521146139 166.603982448578 171.070496241252 181.167105833689 179.925084114075 173.316458861033 176.955580711365 190.475106239319
270.983656247457 269.924541314443 265.374660491943 258.790890375773 255.914251009623 267.725308736165 272.127985954285 272.995948791504 269.821206728617 273.314992586772 280.851403872172 280.640025933584 278.416415055593 278.437872727712 277.62238184611 271.686772505442 272.895932197571 269.815186659495 264.925479888916 263.363818327586 261.794924736023 262.438337008158 258.646508057912 254.527688026428 252.237240473429 248.415907224019 233.256916205088 210.150520006816 205.620249112447 210.554440816243 219.47189172109 220.440626144409 216.481328010559 216.633796691895 228.421131769816 243.109186490377 256.049374739329 260.148862997691 251.447161038717 207.21310377121 176.866590976715 188.344538211823 201.777915159861 209.293345610301 215.946177641551 225.70808728536
270.392616589864 267.911016941071 267.04998811086 264.706333478292 257.76994228363 261.589705944061 271.702130635579 273.617386817932 269.332846005758 270.298580328623 279.047270615896 280.126214027405 277.055044968923 276.623666286469 277.013937632243 270.635445912679 270.509084065755 267.030239105225 265.495320161184 265.739579995473 265.51894346873 264.193673928579 259.680231412252 253.709892431895 252.921680609385 252.731362978617 236.378570397695 214.369436105092 210.621237754822 219.120065371195 229.142089684804 225.621600945791 226.472834746043 231.369972229004 240.99721511205 247.849623362223 250.81072251002 222.921967506409 200.6809314092 199.032624562581 204.30999994278 217.860877513885 210.181335608164 204.246362050374 198.630770047506 212.259391943614
261.200249195099 266.372263431549 264.572421709696 264.740188916524 260.166724522909 257.249732812246 270.754436651866 274.177809556325 270.826240380605 268.360575040181 275.781214237213 278.832634290059 278.079191843669 273.186167081197 273.343125979106 269.309163093567 266.565879185994 266.380866368612 265.145579973857 268.214106559753 268.628060817719 264.953156312307 263.104478518168 259.607136249542 256.315390268962 257.004996140798 253.284335136414 244.644622008006 238.688945770264 244.048794110616 240.032871564229 232.683380444845 235.148231188456 241.866787274679 239.702026049296 222.84605105718 204.748471577962 160.391380389531 138.802895943324 175.200124581655 215.543786684672 227.73665189743 208.195090293884 201.705674330393 203.127920627594 214.043955008189
249.831279118856 262.326141198476 262.326955795288 262.225608030955 261.705676714579 258.713165918986 264.432470003764 273.073732852936 276.980777581533 271.866122881571 273.122111956279 276.607612768809 276.455402374268 274.098455905914 272.612631320953 271.95793390274 266.104479630788 265.85320631663 260.603467623393 258.705894152323 257.923205693563 256.739993890127 255.615651607513 253.597875436147 254.252771536509 261.217256387075 267.780045668284 267.996251583099 252.794921398163 250.321606794993 242.068727811178 231.111844380697 232.29702313741 215.289036432902 190.096437931061 163.962890704473 152.055641015371 138.331731160482 124.983082214991 140.485415856043 166.937073071798 197.567184766134 212.317923704783 229.835430781047 256.712873776754 260.727683703105
