input/barkrak2/radiation/dir15324.grid
NCOLS 85 
NROWS 70 
XLLCORNER 665100 
YLLCORNER 4664600 
CELLSIZE 20 
NODATA_value -9999 
[rows 40 to 59 of 70, columns 0 to 45 of 85]
336.90615495046 337.649385134379 337.607185045878 339.311758677165 343.639771143595 346.464355786641 348.667860031128 350.651343663534 351.325829823812 344.985047976176 335.521697998047 333.100477854411 329.241593678792 327.610850334167 325.024763743083 324.127316474915 323.120911916097 320.772012074788 315.400501092275 313.51912021637 316.144943237305 318.365534146627 318.881094455719 314.272920290629 310.931881268819 307.933449745178 313.93571694692 315.557897090912 313.730438550313 313.941895961761 312.949379285177 308.586557706197 284.699817498525 280.248602231344 301.478962103526 301.886359850566 292.803545792898 292.504628499349 292.926510175069 281.797210375468 290.680766105652 329.261203606923 345.815459887187 299.566785494487 239.310125509898 195.249299208323
341.309189796448 339.680949846904 339.836279551188 340.433716773987 338.537295659383 337.204217910767 337.010065714518 338.172833124797 340.697844823201 335.561116536458 330.050885677338 330.363690853119 331.662436326345 330.855468908946 328.94229888916 326.48233572642 320.653915405273 326.136648654938 325.356046358744 320.571462313334 319.141864776611 321.279803911845 319.261233011882 319.595873355865 320.726275444031 314.718345801036 317.111372947693 317.412734031677 316.353956858317 316.673537095388 315.258463223775 309.565325578054 291.355709234873 291.71762863795 302.692095438639 293.542663256327 279.365499814351 279.349525769552 286.523600419362 291.616181532542 306.426266829173 319.049616654714 330.886960029602 326.790491739909 281.397442022959 232.401013374329
342.850089073181 341.368118921916 343.15017859141 342.603286107381 338.563998540242 337.140917778015 336.897929509481 335.410674413045 334.994395573934 332.164188226064 330.384890238444 329.359432061513 332.046548525492 333.455085754395 332.290927569071 328.095157941182 326.48241519928 328.940272331238 329.352657000224 323.721686999003 321.115215619405 319.540619850159 317.811548709869 318.235655625661 320.342282454173 316.929082075755 313.235501448313 313.566406567891 314.757227897644 315.512398878733 313.662687937419 306.566298007965 298.363308111827 300.566097100576 299.835960070292 282.974521319071 267.81702041626 273.496150970459 288.245836893717 300.726930300395 309.047102928162 307.270050048828 302.835822105408 305.818200111389 288.613418738047 237.82624801
335.097869237264 336.903174718221 341.696461041768 339.622100194295 340.517560640971 342.085798581441 341.982444127401 340.339740117391 334.094127019246 332.568069299062 333.870053291321 330.799202124278 331.361989180247 331.718881924947 331.176400184631 329.857150713603 329.571465651194 329.980591932933 329.367101192474 326.532999674479 322.05460468928 319.432417551676 316.74055258433 315.57426850001 316.460072994232 318.05948416392 313.309987386068 312.197883923848 313.618878523509 312.232454617818 308.991054693858 302.656928698222 301.641821861267 303.896387418111 291.044453779856 268.404603004456 263.638873895009 277.547955513 296.726604302724 301.609516143799 301.34258667628 297.067224979401 289.155960083008 285.827279090881 277.276317278544 244.907359282176
334.901372591654 338.596423467 340.042312939962 339.851458867391 340.492963790894 341.200908025106 341.585357983907 339.09265200297 337.23247051239 334.663192431132 334.943215052287 333.757162094116 329.637964566549 327.979783217112 328.184564908346 328.648308912913 323.943356672923 329.036970933278 329.236189524333 326.770027478536 324.635863304138 320.85790236791 320.927242437998 318.921188513438 314.267198244731 319.262782732646 318.364024162292 315.400063991547 313.481907049815 310.350139935811 304.35311794281 299.139241377513 298.042555650075 294.066468874613 281.897167364756 265.967647234599 267.486929893494 283.526678880056 298.690954844157 296.562929948171 297.879914442698 290.400624275208 277.926484743754 272.068619728088 270.29158671697 257.793049017588
338.869651158651 341.3006067276 339.581767717997 340.509494145711 339.178800582886 339.361548423767 339.652419090271 339.132308959961 339.583476384481 337.578217188517 336.447795232137 335.264126459758 331.656197706858 329.164783159892 327.651063601176 330.35941918691 326.921721299489 326.647639274597 330.58096965154 327.363530794779 326.136489709218 323.290348052979 321.751435597738 321.48015499115 319.379051526388 318.305532137553 319.752116998037 317.115267117818 313.925385475159 310.529867808024 304.104586442312 299.725115299225 296.446581681569 287.77821858724 274.011572202047 259.71523920695 265.344540278117 283.03054968516 290.449400742849 283.861955006917 289.138376712799 281.066795190175 269.514083862305 271.877646446228 280.744969844818 270.114163557688
338.871876398722 339.676936467489 340.359608332316 341.069340705872 340.232769648234 340.379556020101 340.824166933695 341.764688491821 339.708844820658 338.64418665568 338.324308395386 337.084531784058 335.235794385274 332.554558912913 332.512656847636 333.821376164754 331.123888492584 326.503117879232 329.799214998881 328.275899092356 324.05302921931 325.043578942617 322.022497653961 318.700750668844 320.969104766846 316.256244977315 316.056191921234 315.683623154958 312.111576398214 309.132675329844 304.38244342804 301.937798659007 295.867502689362 284.681856632233 271.94611231486 261.314590771993 268.772820631663 281.723876794179 279.967824618022 281.545480092367 288.126428922017 277.009586493174 273.14160267512 280.331869920095 288.524369398753 278.480172157288
335.528413454692 336.366176605225 339.402437210083 339.790344238281 340.805967648824 341.91640218099 340.481122334798 339.445511500041 339.654127756755 340.729157129924 339.423656463623 337.685743967692 336.075862248739 336.317380269368 334.076364835103 332.720637321472 331.186572710673 325.085858503977 326.237360636393 326.5300989151 323.504288991292 321.173350016276 323.592623074849 317.63231754303 317.422171433767 314.742207527161 310.457110404968 309.862494468689 309.870441754659 306.562860806783 304.990887641907 301.277120908101 292.787969112396 289.823472499847 283.365309238434 271.59591515859 273.756663004557 280.306915442149 282.366534074148 289.514064788818 286.416312058767 278.868158658346 281.145771344503 282.357335090637 281.583527723948 272.33632405599
331.461787223816 332.811633745829 336.055994033813 337.171196937561 339.833418528239 341.410398483276 339.685916900635 338.30467859904 340.809861818949 342.151443163554 340.443690617879 338.636716206868 337.080279986064 336.63002649943 335.38560072581 331.646084785461 328.973233699799 323.726077874502 325.627207756042 326.067407925924 326.112488905589 323.169509569804 323.208113511403 317.395468552907 313.080529371897 314.964135487874 309.496601422628 310.658137003581 314.442197481791 312.111914157867 311.87117099762 308.944225311279 299.125929673513 299.875855445862 293.538351853689 277.162114779154 277.377923329671 284.274319807688 288.277367750804 288.811643918355 279.298663139343 276.202241579692 275.401631991069 270.285288492839 267.726639906565 267.27161804835
330.843865871429 328.68480682373 330.930590629578 335.707545280457 338.04448445638 339.459339777629 340.567310651143 341.54752890269 342.48419602712 341.00870291392 342.045823733012 341.455022493998 339.032729466756 336.77617708842 336.060444513957 331.530511379242 329.512437184652 324.149608612061 325.426677862803 328.196207682292 328.197220961253 325.153768062592 320.278584957123 316.774249076843 313.609560330709 315.757691860199 315.27324517568 313.54280312856 316.167990366618 318.311274051666 318.928559621175 314.359923203786 307.434936364492 304.782013098399 297.626972198486 282.232125600179 276.438812414805 283.713142077128 288.089434305827 279.304603735606 267.984648545583 271.119813124339 270.94296614329 265.517512957255 264.768481254578 268.117050329844
330.375711123149 332.383751869202 333.410024642944 337.401310602824 337.850689888 337.256709734599 341.304779052734 343.831419944763 343.190511067708 343.238592147827 342.476844787598 341.647466023763 339.04767036438 335.876663525899 334.912260373433 335.733652114868 330.39661248525 325.46196381251 325.34650961558 328.941186269124 327.025731404622 322.753469149272 317.493398984273 317.641834417979 312.061687310537 315.482298533122 314.501543839773 314.025302728017 315.95504283905 318.731188774109 321.874499320984 316.524227460225 306.817432244619 305.153846740723 294.515073299408 281.319081783295 277.334690093994 281.731983025869 280.402183532715 267.872055371602 264.505644639333 275.696078936259 274.394830067952 266.748646895091 266.006429990133 262.03731695811
330.3435643514 336.580117543538 337.904771169027 338.658253351847 337.653080622355 337.328195571899 340.695381164551 342.604279518127 342.593312263489 344.194014867147 342.367569605509 342.121283213298 339.20156955719 335.754195849101 333.859046300252 336.725076039632 330.693205197652 326.588948567708 322.484751542409 323.105335235596 321.288486321767 317.395905653636 317.081292470296 311.496357123057 309.011419614156 309.382855892181 311.692754427592 311.437964439392 312.001486619314 312.535881996155 316.214819749196 313.47135702769 301.371574401855 291.517615318298 267.702678839366 255.218168099721 266.430715719859 275.213400522868 274.466931819916 274.239420890808 281.297246615092 283.290763696035 267.850399017334 260.048071543376 268.188218275706 256.504615147909
332.303841908773 330.779016017914 331.01358016332 332.464178403219 336.244185765584 339.080413182576 338.671127955119 341.018478075663 340.170780817668 341.618299484253 341.01668993632 341.997385025024 341.006437937419 336.414893468221 334.556500116984 330.732504526774 332.195381323497 322.811226050059 316.784799098969 314.718186855316 313.966333866119 313.747187455495 313.012599945068 308.260401089986 307.925164699554 305.314898490906 305.712918440501 303.271571795146 302.448689937592 302.850464979808 306.086738904317 307.746052742004 284.998198350271 260.753293832143 234.052141507467 223.252753416697 236.974557240804 262.044866879781 278.123597304026 274.490515391032 275.464375813802 269.907037417094 256.392697493235 259.164710839589 263.927519321442 241.042256355286
335.133632024129 328.325053056081 326.598366101583 330.208579699198 336.491505304972 341.093063354492 340.005159378052 339.147329330444 339.568257331848 339.706977208455 340.124487876892 339.408318201701 339.328368504842 335.994958877563 332.809348901113 327.626585960388 329.469621181488 320.23149728775 316.446741422017 317.286749680837 316.103835900625 313.057680924733 311.30450963974 307.64098962148 306.086122989655 304.425597190857 303.406496842702 303.031166394552 299.017171065013 295.775949954987 289.797524611155 283.455948034922 260.629296302795 235.628644625346 225.926319758097 221.434414386749 213.646988073985 224.16897614797 240.466197331746 261.135617891947 267.160534858704 257.27786620458 252.573112646739 255.601525306702 246.994018554688 226.761380831401
335.492968559265 332.136829694112 329.143563906352 331.823388735453 337.009827295939 339.940547943115 340.691804885864 339.096983273824 340.439716974894 337.500810623169 338.355302810669 338.203350702922 336.698611577352 337.527553240458 329.403142134349 328.124463558197 327.459235986074 323.107043902079 316.511730353038 319.604357083638 317.255655924479 315.864463647207 313.288331031799 311.380922794342 307.893335819244 306.767662366231 304.724752902985 302.398264408112 299.080014228821 292.28268067042 281.199236710866 275.02961953481 252.633531888326 239.328602949778 242.8826491038 245.53914864858 237.394710381826 227.242926756541 218.173782030741 227.172593275706 244.328538576762 237.394491831462 230.63866297404 223.976234594981 219.77436542511 216.900149981181
337.263822555542 336.429993311564 332.458019256592 328.086157639821 331.418037414551 338.996171951294 339.811285336812 337.053219477336 336.731354395549 337.846000989278 338.246027628581 339.108069737752 334.633191426595 335.134307543437 331.272701422373 329.606215159098 329.165617624919 324.610114097595 319.743096828461 318.234821160634 316.7511622111 316.746016343435 313.621640205383 315.471291542053 311.901688575745 307.435154914856 303.215305010478 297.113259633382 291.314125061035 287.494440873464 283.360262711843 280.241429805756 260.112226009369 253.900309403737 258.066117763519 265.23627837499 275.075018405914 270.226160685221 253.466169039408 224.150160948435 223.378578821818 225.658436616262 223.015666007996 220.36341826121 225.764075915019 232.638478279114
338.731606801351 337.739149729411 335.609793663025 330.438137054443 328.461547692617 334.102590878805 336.691300074259 337.072610855103 332.50226577123 334.399223327637 336.0728820165 335.784117380778 334.454337755839 334.031343460083 331.54555161794 327.223777770996 329.529603322347 325.360655784607 321.460445721944 320.208549499512 318.704028924306 316.771944363912 313.263158003489 311.667184034983 309.696197509766 306.626379489899 292.868971824646 274.426877498627 269.918243090312 274.93409315745 283.113519350688 278.50204706192 261.640131473541 255.07527589798 262.390077114105 272.985935211182 288.829803466797 296.192169189453 287.117958068848 255.359947681427 228.906472524007 232.187549273173 240.451375643412 250.954508781433 260.842204093933 264.755427837372
337.529857953389 336.419820785522 336.810191472371 333.342870076497 328.363259633382 331.149637699127 333.994150161743 333.881735801697 329.010168711344 328.487078348796 334.833860397339 335.512638092041 332.055727640788 332.844297091166 332.551678021749 326.713661352793 326.122959454854 323.103010654449 321.916202704112 319.62263584137 321.068704128265 319.515029589335 315.970460573832 311.289846897125 310.367385546366 309.571365515391 293.589373429616 275.71560939153 276.749193668365 281.681180000305 288.337647914886 278.786301612854 269.232014815013 269.221882025401 282.047212123871 285.453995068868 291.062672932943 276.695450146993 246.695478757223 238.699833552043 249.118606249491 259.451508522034 254.531562328339 247.439980506897 248.576581478119 259.730577468872
330.315152804057 333.924849828084 333.259463310242 332.151293754578 328.667442003886 323.352754116058 331.935822963715 333.974798520406 329.810778299967 326.59908135732 330.949207146962 334.706584612529 332.722306251526 328.861236572266 328.543504079183 327.249526977539 323.498527208964 322.609643141429 320.931593577067 321.065783500671 320.822656154633 317.869623502096 318.455894788106 313.916941483815 312.833786010742 313.571135203044 306.443254152934 303.301115830739 299.214899539948 295.446117719014 293.432335058848 283.494591712952 280.745247999827 278.586129347483 276.286383469899 262.144645055135 243.529637654622 207.584917545319 189.722339312236 226.68582201004 262.9714012146 265.866140524546 245.611429214478 240.035057067871 251.471559206645 265.159646670024
323.437809944153 331.582168738047 330.571909745534 327.550848325094 326.723376909892 321.253836154938 325.706601142883 331.744352976481 333.556731541951 328.573346138 330.550134181976 331.777632236481 331.210096677144 329.548637072245 328.080058097839 325.985590616862 321.205496788025 320.412039756775 317.634165287018 316.112140814463 316.961248715719 315.706292788188 314.482529958089 312.532007694244 312.505682309469 317.714810371399 318.518698215485 319.190621376038 305.850148200989 303.653120994568 293.736974398295 282.081643740336 279.172579447428 262.477040290833 234.981040159861 203.439315160116 191.699663798014 182.87056684494 177.722970644633 201.665838559469 228.286842505137 247.740387916565 247.275869051615 260.138769944509 290.554086367289 299.945513407389
