input/barkrak2/radiation/dir14224.grid
NCOLS 85 
NROWS 70 
XLLCORNER 665100 
YLLCORNER 4664600 
CELLSIZE 20 
NODATA_value -9999 
[rows 40 to 59 of 70, columns 0 to 45 of 85]
325.230916341146 326.139450073242 326.085289319356 327.922026316325 332.905650138855 336.208581924438 338.725725809733 341.184735298157 341.227650642395 332.704325517019 322.981576124827 319.377938906352 316.804091135661 315.361400445302 312.214970588684 311.895628770192 309.405426184336 308.331370353699 303.234219551086 301.41407251358 304.038306077321 309.446712334951 309.292316436768 304.984788099925 301.609992980957 298.768361409505 304.689347743988 304.97682094574 304.972906907399 304.627199967702 302.409589290619 299.07900094986 277.389407157898 274.789690971375 297.435442606608 297.435601552327 287.868539492289 286.540071169535 287.65348593394 278.380115826925 288.050333658854 324.360211690267 334.747870763143 283.639967441559 221.976717313131 180.488308270772
330.646137396495 328.8347919782 328.585724035899 329.134782155355 327.010730902354 325.035631656647 324.688335259755 325.230717658997 328.703681627909 322.922269503276 316.877404848735 317.22762187322 318.738619486491 319.11696990331 315.796593825022 313.173711299896 308.776100476583 314.426263173421 314.041992028554 308.84309609731 309.66854095459 309.586107730865 309.644063313802 310.185968875885 310.273687044779 305.519739786784 306.168715159098 307.376285394033 306.695878505707 306.621392567952 305.373549461365 299.948493639628 284.157752990723 286.337951819102 297.609070936839 288.589318593343 273.558894793193 272.447049617767 278.888960679372 284.912904103597 302.280902862549 315.206269423167 323.756337165833 313.665429751078 265.753547350566 217.295467853546
332.450966040293 330.774883429209 332.76774485906 331.725319226583 326.8035252889 325.120449066162 324.60089524587 322.756965955098 322.278400262197 319.251656532288 318.249007066091 317.253967126211 319.084644317627 320.720791816711 319.472213586171 316.396911938985 314.645667870839 317.573169867198 318.149507045746 313.940326372782 311.383028825124 309.446334838867 305.900990962982 306.510885556539 307.279864947001 303.927063941956 300.54118235906 302.927454312642 304.63969707489 305.708090464274 303.568462530772 296.906411647797 290.125747521718 295.206646124522 295.267264048258 277.286012967428 261.485159397125 266.471604506175 280.385116736094 293.232500553131 302.026649316152 300.606032212575 294.897298018138 293.973565101624 272.85248041153 220.964670181274
323.230624198914 325.205425421397 330.151915550232 327.892084916433 329.033652941386 330.748816331228 330.431938171387 328.401764233907 321.334461371104 319.682021935781 321.134686470032 317.687630653381 318.298856417338 320.132692654928 320.924599965413 318.190733591716 318.059662977854 320.091525713603 319.567680358887 315.027713775635 310.305913289388 307.524740695953 304.746846357981 303.632458051046 303.188006083171 304.92373307546 300.106008847555 299.075762430827 301.409522692362 301.737685998281 298.422555128733 292.300800482432 293.260375658671 296.183904012044 284.696479638418 262.39134867986 257.362802823385 270.932455857595 289.458632469177 293.908337752024 292.981048425039 289.281328519185 280.932645003001 274.782399336497 261.771202087402 228.442887465159
322.396953900655 326.420664787292 328.126053015391 327.595273653666 328.796903292338 329.654097557068 330.050031344096 327.240467071533 324.202656745911 321.973125139872 322.313626607259 320.929725964864 318.949480851491 317.265093326569 316.189328829447 316.707233587901 313.325305779775 317.457834879557 317.761957645416 315.203626950582 311.317960421244 308.958013852437 305.970092614492 305.448909600576 302.536805470784 308.135191599528 309.264938036601 304.440180460612 302.548031012217 299.76479212443 293.586313724518 288.489242394765 288.983861605326 285.488804181417 274.422268072764 259.308159351349 261.277000109355 277.3091395696 291.965365409851 288.812736670176 289.266169071198 282.066563765208 270.078380902608 262.390832106272 256.472627321879 240.940193335215
326.691846052806 329.474568367004 327.059944470723 328.801055749257 327.890614668528 326.890091101329 327.882866064707 327.25461324056 327.674229939779 325.287461280823 324.959754943848 323.767820994059 319.905916849772 318.263252576192 316.808025042216 318.583428859711 313.492516676585 314.884761969248 317.713578542074 314.30991490682 311.444640159607 310.096383094788 308.443506558736 306.390345096588 306.108434995015 305.085758368174 308.932562669118 306.397914886475 301.624397436778 298.523465792338 292.291740576426 288.898408412933 287.240823109945 277.77890364329 264.937619368235 251.906911532084 258.064150810242 276.075839996338 283.123711744944 275.280117988586 280.757109324137 272.480368614197 261.521955331167 263.405919075012 269.571046034495 255.301932493846
326.625764369965 327.590564886729 328.469793001811 328.826487064362 328.540603319804 328.639288743337 329.169154167175 330.262223879496 328.591247399648 327.437500158946 327.06356048584 326.781272888184 323.72776667277 320.872684319814 319.621404012044 322.449147701263 319.675286610921 313.180824120839 316.912690798442 315.332452456156 312.462051709493 310.425559679667 310.54675579071 305.236180623372 310.00030040741 302.939673264821 301.017642021179 301.293432712555 299.638787905375 298.497418562571 293.941140174866 288.855612277985 283.570190270742 275.64529577891 263.535777727763 253.407160441081 260.652522246043 273.586690425873 272.268335024516 273.259739081065 279.464721679688 268.449525038401 265.277187029521 272.789796193441 279.532591501872 266.32825533549
322.869082291921 324.483871459961 327.296157677968 327.322006225586 329.189618428548 330.362915992737 328.693747520447 328.350444634755 328.560888767242 330.602844556173 328.300952911377 326.337814331055 324.653883775075 323.84729385376 321.361581484477 319.916824499766 318.276683489482 309.953629970551 314.631899197896 313.495477040609 308.604935805003 309.596955776215 308.714012304942 299.888511498769 301.972071329753 299.392660458883 295.003632704417 298.6066142718 298.938552538554 294.395347436269 292.039553324382 289.680739243825 282.532811164856 279.437482357025 275.346537431081 264.862398306529 266.364375750224 271.670977274577 274.396042029063 281.854152679443 278.077085812887 270.200192928314 273.315747578939 275.055627028147 273.609856764476 262.729485829671
318.278729915619 319.778323173523 323.458830515544 324.851195017497 328.619360923767 330.463627974192 328.54292790095 327.040235201518 329.790472984314 331.294099489848 329.471965630849 327.406883239746 324.705719947815 324.249068895976 321.532825628916 317.360202471415 315.893491109212 310.188452402751 310.637990633647 313.069184621175 311.497886975606 308.211108048757 306.290209293365 301.861822605133 299.541215101878 301.817456881205 296.151041984558 297.643780708313 300.389885902405 300.414661566416 302.376488844554 299.717386563619 289.608895778656 289.562543233236 285.776933034261 271.297136942546 271.325329939524 276.335199673971 279.529213905334 281.099120775859 271.238227685293 267.508308092753 266.241172949473 261.796176433563 259.183784325918 258.649885654449
317.572315533956 315.189739068349 318.533698717753 323.826511700948 326.550265153249 328.217665354411 329.538623491923 331.326047579447 331.685960292816 329.165995121002 329.538861910502 328.749080499013 326.924045880636 323.17978143692 321.026166280111 318.670789400737 314.977586269379 308.928330739339 310.389161109924 313.679754734039 311.933199564616 308.409531911214 307.201504707336 303.626577059428 300.245006879171 302.795469760895 302.42516597112 303.006708621979 306.174377600352 309.035837650299 310.553809007009 306.621929009755 299.274444580078 297.53589630127 289.574563503265 276.508112748464 271.295289198558 277.204473813375 281.007885932922 270.62193552653 259.599626064301 262.747367223104 262.091318766276 256.377001603444 255.99459807078 258.972485860189
317.834734916687 320.040106773376 321.300625801086 325.707952181498 326.208968957265 325.67956050237 330.276230971018 332.495808601379 331.777532895406 330.867131551107 329.901476701101 329.99986410141 325.875282287598 323.483943939209 321.081360181173 322.033941745758 314.298113187154 312.343796094259 310.314814249674 312.54518032074 310.478329658508 307.867149511973 304.394662380219 302.262663841248 300.953507423401 302.599946657817 304.168065388997 303.864121437073 306.227743625641 309.758186340332 311.978856722514 308.2155585289 299.762666225433 294.644673665365 285.042504469554 274.112383524577 271.205306053162 276.288251082102 274.13676182429 259.878953297933 256.126582622528 267.112215360006 266.793847084045 258.772412935893 257.174293200175 252.576371033986
317.825853824615 324.758529663086 325.394690036774 327.108959356944 325.305898984273 324.921409289042 327.87032922109 331.039309501648 330.153028170268 332.87779490153 329.839507738749 328.51654291153 327.327211697896 322.069644927979 321.344653765361 321.585913499196 316.318313280741 309.597929318746 304.95951573054 308.038711547852 308.319926261902 306.395967801412 303.934375445048 300.397495428721 297.855496406555 298.442622025808 301.106293996175 301.010767618815 301.825900872548 305.330753326416 307.555834452311 307.903071244558 295.726617177327 284.137845039368 256.675759951274 245.421687761943 257.988512516022 268.52152744929 269.136389096578 268.542925516764 274.747371673584 275.857865810394 258.874257405599 251.538316408793 259.4220439593 247.99104531606
319.143493970235 318.381110827128 317.705273628235 319.375356038411 322.928369045258 326.017578442891 325.413922468821 328.255335489909 327.246944109599 328.838129838308 329.355915387471 327.043096224467 327.06489165624 319.815417130788 317.153970400492 314.669668674469 316.371540228526 305.363059043884 303.204754988352 303.18142970403 302.448749542236 302.410085995992 301.819682121277 296.819686889648 296.671708424886 293.971061706543 294.530749320984 294.639647006989 293.943663438161 294.604102770487 298.148572444916 299.023846785227 277.338703473409 250.98983446757 223.110198974609 211.90345287323 225.394308567047 252.348343531291 270.938277244568 269.142667452494 269.345184167226 262.738664944967 248.275339603424 249.490141868591 256.044566631317 233.48081111908
322.264552116394 315.597693125407 312.843958536784 315.871993700663 322.916865348816 327.300190925598 324.750900268555 325.989286104838 326.453328132629 324.032505353292 324.629187583923 326.363344987233 325.049459934235 322.483658790588 316.887160142263 314.871370792389 315.104484558105 306.968589623769 302.910844484965 303.896367549896 304.821074008942 301.708579063416 299.918492635091 296.131829420726 294.665078322093 292.984127998352 292.032023270925 289.363006750743 290.16774892807 284.398277600606 278.124292691549 272.867838541667 251.462241013845 227.550466855367 216.857453187307 209.606309731801 201.492349306742 211.519678433736 229.051192601522 251.518925031026 259.83202457428 249.740779399872 244.568049907684 246.1177110672 237.839579582214 219.01923418045
322.719633579254 318.14189751943 315.631906191508 316.456158955892 321.063081423442 326.724310715993 327.623466650645 323.574384053548 324.962496757507 324.017643928528 322.112560272217 323.438763618469 323.342104752858 322.698394457499 316.875020662944 317.42521127065 316.814462343852 310.121377309163 305.385629336039 306.465029716492 308.352410793304 302.575965722402 302.049895127614 297.92312781016 294.25303141276 293.14911365509 291.057864824931 288.678367932638 285.293777783712 280.623495578766 271.159013112386 265.353441238403 244.090835253398 231.991867224375 235.114574432373 236.196498076121 225.514054298401 214.30762608846 205.335477987925 215.197642644246 233.954389890035 229.491035143534 222.103675206502 214.16171391805 210.254391034444 208.660264809926
324.070036411285 322.148422400157 317.201137542725 313.289741675059 316.906929016113 323.022087415059 324.183464050293 322.250525156657 320.244689782461 321.27179702123 324.897189935048 324.389259020487 322.690268357595 323.268572489421 318.986316521962 319.113194942474 316.864609718323 311.935802300771 308.91231695811 305.076797803243 305.680215358734 303.542296091716 302.714546521505 302.447040875753 298.640847206116 296.48745059967 291.967670122782 285.461684068044 279.413322607676 275.602340698242 273.444712162018 269.60011323293 251.967986424764 247.287432352702 251.9225080808 258.546948432922 266.611516475677 259.707033634186 243.007242679596 212.58157491684 211.731314659119 217.137396335602 214.562078317006 210.591673851013 215.611358483632 224.090814590454
324.938495953878 323.543270428975 321.794450283051 314.557333787282 310.556372006734 318.363189697266 320.256193478902 319.453120231628 318.258543809255 320.389707883199 324.25053914388 325.638016064962 322.495261828105 322.136342525482 321.339249610901 316.651185353597 317.276914914449 312.754094600677 308.543880780538 307.243506113688 305.706759293874 303.730587164561 302.427927652995 300.802906354268 298.744142055511 295.460601647695 280.753016471863 261.510888735453 256.960431734721 264.146983623505 271.166602770487 267.721136411031 253.129998842875 247.731626033783 256.049116452535 267.548302809397 282.645285129547 289.726833502452 280.770877997081 245.177308718363 217.439254124959 223.207791646322 232.744892438253 242.605904738108 251.787722110748 257.104496161143
323.520382245382 321.076075236003 319.571236769358 316.195487976074 310.27215719223 311.577479044596 319.935282071431 319.927175839742 316.115955511729 317.768315474192 322.853724161784 323.706209659576 319.884141286214 320.763687292735 320.588628451029 314.094344774882 313.570082187653 312.431653340658 309.039394060771 308.966437975566 308.357656002045 309.066732724508 305.292228857676 300.300598144531 299.397567907969 298.619627952576 283.392051855723 264.58744208018 263.887206713359 269.203662872314 274.407804012299 267.009576161702 259.824713071187 260.960042476654 276.257872581482 279.801269372304 285.024742285411 264.307101567586 238.136112689972 230.765144030253 240.151762962341 250.998377799988 246.071755886078 238.230387369792 237.896203994751 250.262459119161
314.443012078603 317.771176497142 316.292762756348 314.663092295329 310.406466325124 308.043917020162 317.570726076762 321.561018625895 317.057033379873 313.864231109619 318.553646405538 321.18825117747 320.6454316775 316.380461057027 318.025946617126 314.692457516988 310.62513589859 309.797982374827 310.368259747823 310.657302538554 310.56954463323 307.442088921865 305.734892686208 303.149183591207 302.083611488342 303.125639756521 296.169181664785 292.289773623149 288.153966267904 284.701943397522 285.053511460622 273.283282915751 272.513826688131 271.737774213155 268.33047469457 252.416888872782 236.569742361704 198.094705740611 179.104308287303 215.894103050232 253.586749235789 257.922232151031 239.267726739248 232.416570186615 241.565346717834 254.670898119609
306.019504865011 313.370486100515 313.008368015289 310.870488484701 311.724444230398 307.606120904287 312.410195668538 319.142699241638 321.368118127187 316.197554270426 318.090816338857 319.5720911026 320.743342240651 317.148804664612 315.627892812093 315.289715925852 310.259183247884 307.402451833089 304.488937060038 305.161158243815 306.168119112651 304.936627546946 303.737044334412 301.800986131032 301.94765329361 305.962562561035 308.224777380625 310.249845186869 298.836131890615 291.047692298889 283.50442647934 270.134011904399 269.068459669749 254.007518291473 223.166207472483 195.143342018127 183.592220147451 173.474570115407 166.435182094574 188.529988129934 215.434034665426 237.738688786825 240.538577238719 254.440387090047 284.168601036072 292.309025923411
