input/barkrak2/radiation/dir11124.grid
NCOLS 85 
NROWS 70 
XLLCORNER 665100 
YLLCORNER 4664600 
CELLSIZE 20 
NODATA_value -9999 
[rows 40 to 59 of 70, columns 0 to 45 of 85]
266.632258892059 268.331428368886 267.645100752513 269.808709621429 277.526259422302 282.783349355062 286.389509836833 290.418843428294 290.973623593648 277.454098065694 263.404726982117 259.856104850769 257.883389790853 255.478223164876 251.772046089172 252.379298210144 250.960369904836 249.724547068278 244.101921717326 242.470324039459 246.283968289693 251.192450523376 250.260571638743 247.034311294556 243.081490198771 240.707536538442 247.802893320719 251.590092976888 253.510653972626 254.54584757487 253.730018933614 255.003174146016 242.492139339447 244.285782178243 271.445314089457 271.228591601054 259.120961030324 253.523627916972 255.700389544169 257.087310155233 269.355257352193 295.300324757894 281.471689542135 214.621186256409 150.627791881561 116.319715976715
273.766616980235 271.560450394948 271.789749463399 271.918018658956 268.26810836792 266.521235307058 264.885346094767 265.49510161082 270.16270160675 263.073484102885 254.077772299449 255.803207556407 259.309967358907 257.350822289785 256.251672903697 253.239850203196 247.757991154989 252.549529075623 255.204478899638 245.688021183014 249.087830384572 249.597291151683 246.085544427236 247.381726900736 249.527474244436 244.032025337219 248.599171638489 249.658226966858 250.664512316386 254.673381646474 255.333542823792 254.379669825236 245.804250240326 256.064097086589 268.984417120616 258.567670981089 241.514682769775 235.984702905019 239.287555217743 249.147534370422 276.801208655039 290.744523207347 285.36856174469 251.466592152913 191.888531049093 143.098254998525
276.602466901143 274.256070454915 276.855945587158 275.139490763346 269.176443417867 266.501466433207 264.092803001404 261.744499206543 262.146671613057 258.439660072327 254.816552003225 255.731821060181 257.204910119375 261.124034722646 259.755313396454 254.368980725606 252.006808916728 256.288866202037 255.698581536611 249.881704648336 242.670953273773 241.141279538473 241.023659706116 242.011229197184 241.752803325653 239.769518375397 236.151019732157 241.437594095866 247.069676717122 247.441093126933 249.476949373881 246.628324190776 248.819549878438 262.613455454508 266.113082567851 243.983189264933 227.547705173492 229.712804158529 239.824195702871 253.676871458689 264.259854952494 264.897962411245 253.70732943217 236.995995044708 196.522990862528 136.793325344721
263.118326663971 265.657067298889 273.272832234701 270.360906918844 271.783073743184 274.010340372721 273.589173952738 270.078857739766 259.991188844045 256.820996602376 260.005831718445 255.263845125834 254.597187042236 257.346431414286 256.94344441096 254.932840665181 251.321256160736 254.205326239268 253.740111986796 245.44628461202 241.495331128438 238.888025283813 235.801815986633 234.006683031718 236.102441946665 239.267786343892 235.58654387792 237.532734870911 241.866151491801 243.150571982066 241.043527921041 238.157371679942 245.23804585139 256.585339705149 251.948535442352 229.487339655558 223.825871944427 235.703368981679 250.802954037984 254.25128142039 251.31618976593 246.908922990163 237.889349460602 221.088369687398 189.793189366659 143.791993459066
261.874238650004 266.326447327932 268.240352471669 268.160303433736 269.804100195567 272.030134995778 272.444566090902 267.452657222748 262.414216995239 259.792308012644 260.328412055969 255.258500576019 252.216935157776 246.684670448303 248.966534932454 246.12029393514 241.089820861816 246.625522772471 249.480287233988 245.950778325399 241.103629271189 239.036520322164 239.205698172251 238.325635592143 235.016147295634 242.949346701304 245.147009690603 244.031548500061 243.063549200694 241.065700848897 235.393802324931 232.646187146505 236.470480759939 237.277587254842 233.720103899638 224.299629529317 227.917373180389 243.508676687876 255.103389422099 248.90927473704 248.568991820017 239.723742008209 229.17515039444 214.642286300659 193.212370077769 161.881347497304
265.676120917002 268.870572249095 265.715062618256 268.839995066325 268.593947092692 267.882764339447 267.363131046295 263.931294282277 267.389237880707 260.797023773193 258.444050947825 257.752617200216 252.095182736715 246.864219506582 246.423919995626 248.667935530345 241.03985230128 242.755115032196 249.324103196462 246.915817260742 243.530114491781 244.34494972229 242.130160331726 241.893510023753 241.826454798381 240.910649299622 249.061822891235 246.98136250178 242.44745572408 242.026448249817 236.324409643809 231.750110785166 233.893831570943 228.287398815155 218.618750572205 211.998820304871 220.407565434774 238.649586836497 243.239283561707 232.074240843455 237.543284893036 228.662530581156 220.779101053874 220.791419347127 216.038664182027 187.183181444804
263.148526350657 263.7659907341 265.346626440684 268.546958764394 267.480313777924 266.118327776591 266.612370808919 268.307109673818 265.397349993388 262.535293896993 259.799043337504 259.126166502635 256.106197834015 251.959979534149 249.671399593353 253.674924373627 249.330719312032 244.589388370514 248.128135999044 248.411774635315 244.926472504934 244.897246360779 244.778374830882 240.252157052358 246.959865093231 240.787049134572 241.555651028951 243.107358614604 242.233097553253 242.419838905334 239.160458246867 235.095699628194 231.535454591115 225.929200649261 219.769438107808 213.302810986837 219.475746154785 231.145997842153 231.854756673177 230.712711811066 233.506381511688 223.987857500712 225.082953770955 233.679433663686 234.415431817373 207.271416982015
256.718476613363 257.738292217255 263.09859752655 265.145818392436 267.281373341878 268.443485101064 265.43386777242 265.704532464345 264.46521282196 265.903373559316 261.62972052892 258.743723233541 255.99483648936 256.058315436045 251.844147841136 249.957382678986 247.572461764018 240.471621354421 244.972248872121 246.200203895569 242.238322893778 243.691980838776 244.920452435811 238.708893458048 241.738120714823 239.343484242757 236.408650875092 239.606320858002 241.438508033752 239.649494489034 240.342239538829 238.42312892278 230.761289596558 231.45051797231 234.528124332428 229.169150193532 227.738042672475 228.320399920146 231.678287188212 241.603334744771 234.727482000987 225.151181221008 230.752269426982 235.4802886645 232.115348180135 214.332063992818
248.565276463827 251.552085081736 255.886356035868 259.767313798269 265.47110080719 267.549991607666 265.221138795217 262.356638908386 265.117307504018 266.773382822673 264.09254471461 258.996685345968 257.265528043111 256.343603134155 252.204537391663 248.556733131409 246.566236019135 238.680303096771 243.917147318522 247.770488262177 246.044913927714 246.315081914266 246.854901313782 241.753339767456 239.124993483225 242.531696955363 240.471442540487 243.095338344574 247.869034608205 249.696493148804 254.033446311951 252.537945906321 241.605559984843 243.917365868886 245.035926500956 239.455302556356 238.512555758158 236.456970373789 236.312687397003 240.517238775889 229.927480220795 223.124841849009 220.554729302724 217.900693416595 215.795675913493 214.982211589813
247.393190860748 245.079100131989 248.506247997284 256.508549054464 260.412851969401 263.979395230611 265.37291208903 267.22784837087 267.645299434662 263.318081696828 263.891597588857 263.804356257121 258.724490801493 256.679654121399 253.623147805532 250.492890675863 247.398734092712 241.604646046956 245.997587839762 250.768045584361 251.307884852091 249.736507733663 248.09851249059 247.12477127711 242.885788281759 246.534506479899 248.813350995382 250.310997168223 255.587458610535 261.269529660543 266.383488972982 266.722639401754 256.422877311707 253.138105074565 248.52176507314 243.196845054626 241.640309492747 243.590553601583 240.706086158752 228.420456250509 217.689355214437 220.344603061676 218.884825706482 212.986469268799 209.456622600555 210.610111554464
248.503665129344 249.13489818573 251.364668210348 258.027692635854 258.265614509583 258.199155330658 265.221079190572 267.920871575673 267.909248669942 267.205238342285 265.363216400146 265.695373217265 260.874668757121 257.286389668783 255.736867586772 257.207810878754 250.839749972026 246.177971363068 246.426363786062 254.40239906311 254.792054494222 251.812875270844 250.142375628153 248.338997364044 243.764619032542 249.34595823288 252.225259939829 252.601206302643 258.926490942637 265.350818634033 271.235565344493 271.65162563324 262.638012568156 253.377854824066 241.148670514425 235.951542854309 239.306430021922 245.154122511546 238.891144593557 219.113826751709 212.584098180135 223.631421724955 225.539406140645 218.135476112366 213.857968648275 207.644025484721
246.891041596731 254.591147104899 256.736973921458 258.622626463572 258.523146311442 256.40869140625 262.648344039917 267.889936765035 266.296068827311 270.050267378489 267.123957475026 266.907274723053 263.30425341924 257.211784521739 255.765537420909 261.009514331818 256.058732668559 248.032132784526 245.190918445587 248.92270565033 251.694202423096 249.67755873998 247.246940930684 245.492398738861 242.777566115061 244.206508000692 248.217364152273 248.749772707621 250.539064407349 256.364027659098 264.475146929423 267.250756422679 259.133537610372 238.200823465983 207.285503546397 197.849452495575 215.415974458059 233.133296171824 238.749464352926 237.081189950307 237.624764442444 232.81455039978 215.341548124949 208.076437314351 215.847253799438 202.136794726054
247.940639654795 245.443781216939 246.151010195414 249.082505702972 256.220320860545 258.517702420553 258.512079715729 263.206541538239 263.15971215566 265.180389086405 266.419112682343 268.256068229675 266.65472984314 262.221952279409 256.828725337982 256.117125352224 258.436560630798 247.83859650294 242.489298184713 244.436303774516 241.755445798238 244.419952233632 244.319160779317 238.402962684631 238.903164863586 235.904653867086 237.090071042379 240.136404832204 239.857316017151 241.408149401347 246.728698412577 251.968443393707 237.939616044362 202.79457171758 173.646648724874 159.320453802745 171.335796515147 201.75834496816 229.365885257721 236.725986003876 237.983226776123 226.072669029236 206.962505976359 204.39471801122 211.447676022848 192.335764567057
253.127455711365 242.440720399221 239.691694577535 243.547161420186 254.887680212657 261.213878790538 260.449330012004 261.04478041331 263.304829597473 261.547088623047 264.544208844503 265.43406645457 267.716606458028 264.24769560496 258.845448493958 256.392220656077 257.241149743398 249.488612016042 244.614322980245 245.922764142354 247.035066286723 241.402506828308 241.734842459361 237.475434939067 238.605399926504 236.889084180196 233.893394470215 234.046339988708 232.547720273336 226.42187277476 221.569339434306 223.799963792165 202.723741531372 184.578776359558 170.997222264608 158.937474091848 143.685261408488 153.610755999883 175.502399603526 204.932630062103 221.035003662109 211.389263470968 203.106462955475 201.038102308909 189.467430114746 178.794205188751
254.560073216756 247.351447741191 243.099172910055 245.111505190531 254.818936189016 261.421899000804 264.55549399058 260.820547739665 264.624039332072 261.53427362442 265.017092227936 265.181104342143 267.291645208995 266.88285668691 259.298205375671 259.989380836487 259.580234686534 253.511389096578 248.03759654363 249.553104241689 249.573548634847 247.351745764414 244.436065355937 242.854038874308 238.872071107229 237.909058729808 235.748847325643 233.100791772207 226.936082045237 219.932536284129 208.455363909403 208.699444929759 202.283203601837 194.782018661499 196.049273014069 190.856118996938 170.251647631327 155.114283164342 147.403875986735 159.635146458944 185.412287712097 187.183479468028 177.888671557109 165.862927834193 163.166652123133 167.730073134104
257.826189200083 254.170616467794 247.871339321136 242.393751939138 249.094605445862 259.442528088888 263.134022553762 260.755121707916 261.899669965108 263.909022013346 269.176642100016 268.888513247172 268.654624621073 267.713765303294 264.245967070262 262.431403001149 262.311478455861 256.636619567871 252.687652905782 250.498731931051 248.686412970225 248.681167761485 246.218939622243 246.708770593007 242.194255193075 239.826560020447 234.315435091654 226.572652657827 219.91378068924 214.615225791931 211.491326491038 213.787813981374 207.967003186544 212.432364622752 219.143211841583 223.300496737162 222.752134005229 209.351380666097 190.012196699778 156.482567389806 158.069560925166 173.493901888529 172.329684098562 164.440631866455 167.775472005208 182.257095972697
259.946167469025 257.47162103653 254.315793514252 245.859722296397 244.904577732086 255.184233188629 261.483490467072 260.761737823486 259.204566478729 263.103286425273 270.968059698741 270.727753639221 266.577283541362 268.470803896586 265.725910663605 261.581758658091 262.909134229024 257.607877254486 252.540588378906 253.142476081848 251.577417055766 250.043749809265 246.14139397939 246.815125147502 244.456946849823 238.134483496348 220.41912873586 198.904554049174 194.39035654068 199.612379074097 208.929240703583 210.562348365784 207.294503847758 208.980202674866 220.456679662069 236.626148223877 249.586284160614 252.290646235148 244.628389676412 197.994391123454 167.229394117991 177.361170450846 194.061418374379 201.044758160909 207.139432430267 217.794219652812
259.312172730764 255.367855230967 256.081422170003 252.014438311259 246.889233589172 250.78809261322 261.035164197286 261.409739653269 258.757650852203 260.105351607005 267.150123914083 270.139733950297 265.146414438883 266.606231530507 267.164647579193 258.436342080434 260.396381219228 256.911158561707 253.133992354075 255.656619866689 255.533973375956 254.2884349823 251.959919929504 245.834747950236 244.894007841746 240.503748257955 222.87791967392 200.342615445455 195.66810131073 206.138531366984 216.656068960826 215.889592965444 217.372874418894 223.047455151876 236.491858959198 242.704927921295 242.270588874817 206.292589505514 193.451205889384 191.166838010152 195.524394512177 209.516823291779 203.482508659363 190.907557805379 189.288735389709 203.213711579641
249.708493550618 253.750840822856 253.543794155121 252.046565214793 249.358912309011 246.330440044403 260.049303372701 263.710677623749 260.3946129481 258.227149645487 265.638768672943 268.747965494792 267.955044905345 263.004461924235 263.249516487122 261.027773221334 256.253759066264 256.247599919637 255.147397518158 256.025234858195 254.117170969645 250.300526618958 248.429516951243 242.393434047699 241.482277711233 245.182851950328 240.504582722982 232.511480649312 228.616853555044 228.825310866038 230.18475373586 221.445024013519 229.869246482849 235.962390899658 228.472669919332 216.819882392883 198.131859302521 152.084350585938 129.945307970047 165.61566789945 206.001838048299 219.723006089528 201.962053775787 194.049457708995 193.831185499827 204.207082589467
238.0277911822 251.035491625468 251.233617464701 249.43729241689 250.92875957489 245.838363965352 253.640611966451 262.58651415507 266.943077246348 261.983513832092 264.923830827077 266.403834025065 266.34281873703 263.933976491292 262.478192647298 259.854197502136 253.737727801005 251.192410786947 248.085776964823 246.153473854065 247.823019822439 246.668934822083 245.571712652842 243.592321872711 244.363824526469 251.610239346822 258.840799331665 259.069879849752 243.537088235219 240.97873767217 234.592656294505 221.5855717659 225.230813026428 208.544274171193 182.51496553421 155.875792105993 144.191851218541 130.133191744486 115.885009368261 129.847099383672 155.551671981812 188.137054443359 205.143312613169 223.377267519633 249.290068944295 252.084255218506
