input/barkrak2/radiation/dir10024.grid
NCOLS 85 
NROWS 70 
XLLCORNER 665100 
YLLCORNER 4664600 
CELLSIZE 20 
NODATA_value -9999 
[rows 40 to 59 of 70, columns 0 to 45 of 85]
236.715992291768 238.885362943014 239.534656206767 240.865210692088 248.618324597677 253.509879112244 258.258779843648 262.398660182953 259.311000506083 244.911154111226 229.959050814311 223.574658234914 224.072376887004 218.243618806203 216.620842615763 215.250651041667 214.133501052856 215.098659197489 208.276510238647 205.858906110128 211.878379185994 217.09938844045 218.333085378011 213.428576787313 210.938433806101 208.56253306071 218.242208162944 221.128880977631 225.515762964884 225.32594203949 224.679827690125 229.92479801178 223.801672458649 228.213548660278 256.89023733139 256.482283274333 243.596235911051 236.256619294484 239.021341005961 244.170546531677 257.770180702209 279.235164324443 253.288090229034 175.719837347666 110.662976900736 80.9986839691798
242.532690366109 239.543239275614 240.731378396352 240.203658739726 234.827041625977 233.345746994019 231.850107510885 231.816689173381 236.320515473684 227.13973124822 220.151384671529 220.335384209951 224.037249883016 222.866177558899 219.608028729757 217.696626981099 212.238470713298 220.876395702362 219.805439313253 212.838490804036 216.484983762105 217.244366804759 215.810378392537 217.33566125234 217.573444048564 213.775078455607 218.889315923055 222.483654816945 224.024991194407 226.812124252319 227.71954536438 228.721578915914 225.602944691976 238.718231519063 251.626551151276 241.767585277557 224.905510743459 217.684725920359 219.725251197815 230.984965960185 262.382944424947 276.531537373861 265.677412350972 221.2841908137 151.418715715408 108.822951714198
245.829939842224 243.417104085286 245.958209037781 243.633369604746 237.691362698873 234.60058371226 230.813225110372 227.405627568563 226.105014483134 223.883787790934 222.189346949259 219.802220662435 222.466826438904 226.76016887029 226.67384147644 222.470879554749 218.166430791219 224.460264046987 225.673854351044 217.287540435791 216.078917185465 212.453325589498 208.595216274261 211.518108844757 215.52312374115 211.407939592997 209.701577822367 215.583026409149 220.115482807159 222.552975018819 223.145226637522 222.913463910421 227.89853811264 244.889418284098 249.292294184367 227.649648984273 210.369149843852 211.385627587636 219.863613446554 233.521382013957 244.479417800903 245.385269323985 232.84383614858 210.82216501236 162.711958090464 101.976563533147
231.235424677531 233.767469724019 240.702370802561 238.631765047709 240.144352118174 242.326577504476 241.226295630137 235.44313510259 225.3604332606 224.3865331014 226.1843085289 221.998532613118 220.960815747579 223.858873049418 225.209931532542 221.238692601522 220.933039983114 224.051217238108 223.626732826233 218.975106875102 212.700724601746 210.094749927521 206.979235013326 207.134127616882 209.508061408997 213.018079598745 209.095338980357 211.358586947123 216.246326764425 217.887739340464 216.040929158529 213.618238766988 222.42279847463 236.099203427633 233.907183011373 212.654173374176 206.839919090271 217.889070510864 230.645140012105 233.765363693237 230.202376842499 226.746181646983 217.349112033844 195.826331774394 158.261120319366 108.301957448324
228.148519992828 233.197033405304 236.428638299306 236.573000748952 238.286674022675 240.80616235733 239.854435125987 236.551562945048 231.94295167923 225.920120875041 226.181447505951 223.458270231883 218.198517958323 217.78929233551 216.690580050151 217.290500799815 212.047278881073 220.060388247172 221.107125282288 217.44292974472 212.398330370585 212.261319160461 210.554242134094 211.750348409017 208.38193098704 216.96941057841 219.492157300313 218.290309111277 217.520952224731 215.725501378377 211.641490459442 207.72115389506 212.601045767466 214.554111162821 213.447233041128 206.726173559825 210.941990216573 225.629528363546 234.866499900818 226.866126060486 227.388203144073 219.44793065389 209.599216779073 192.755937576294 165.152172247569 126.543253660202
233.291427294413 237.865110238393 234.51175292333 238.18975687027 237.05780506134 235.942324002584 237.600306669871 236.369570096334 235.919276873271 231.310725212097 230.278690656026 227.842926979065 221.726536750793 217.978795369466 215.740064779917 220.010538895925 212.006529172262 213.976979255676 220.934291680654 218.469679355621 214.98175462087 215.898633003235 213.620046774546 213.470816612244 215.707341829936 214.887162049611 221.47007783254 219.593624273936 218.855818112691 216.895739237467 211.378335952759 208.167632420858 209.786117076874 204.948445161184 197.619795799255 188.384513060252 201.872448126475 220.209161440531 223.580777645111 210.737605889638 215.341091156006 207.63369401296 201.145390669505 200.349430243174 191.285212834676 156.578481197357
232.563078403473 234.588027000427 236.413637797038 238.882640997569 239.003856976827 237.400829792023 239.28564786911 241.150995095571 236.514389514923 234.763264656067 231.829206148783 231.087644894918 226.084113121033 223.438322544098 221.085667610168 225.389937559764 220.861236254374 213.714043299357 221.790035565694 220.069845517476 218.415339787801 218.520224094391 216.425697008769 211.72700325648 221.255441506704 214.693903923035 215.633769830068 217.517495155334 218.618889649709 217.4045642217 215.888162453969 211.793541908264 208.678861459096 204.602658748627 199.147959550222 193.923592567444 199.545403321584 211.222728093465 212.02689409256 210.167765617371 212.062001228333 202.426751454671 204.948365688324 214.299877484639 212.57080634435 181.046585241954
226.880391438802 229.311287403107 233.852505683899 236.324826876322 240.006844202677 239.891866842906 237.939218680064 238.324662049611 237.00092236201 238.433003425598 233.818590641022 230.678836504618 227.793137232463 227.852384249369 223.428765932719 223.446587721507 221.092283725739 211.527009805044 218.412697315216 219.79421377182 215.709308783213 217.236161231995 218.793153762817 210.095763206482 213.419993718465 215.375065803528 210.135420163473 213.769793510437 217.757821083069 216.173271338145 215.902368227641 215.474804242452 207.953731218974 209.451814492544 214.777151743571 211.3090356191 208.872675895691 207.529862721761 211.160620053609 221.798320611318 214.061816533407 204.684674739838 209.723512331645 214.601914087931 210.906128088633 192.980229854584
219.3776567777 222.579757372538 227.370142936707 231.660226980845 237.903793652852 240.30594031016 237.811426321665 236.053248246511 237.603147824605 239.373246828715 236.543695131938 232.72305727005 229.155520598094 230.10657231013 225.86057583491 221.876283486684 219.932675361633 211.845616499583 217.340966065725 221.47794564565 219.781299432119 218.051354090373 220.893939336141 215.739528338114 213.038126627604 218.719840049744 212.47939268748 217.464983463287 222.928802172343 227.07188129425 230.588734149933 229.559461275736 218.53897968928 221.283157666524 224.665641784668 222.896377245585 221.661547819773 217.178106307983 216.195027033488 220.459004243215 209.788382053375 202.680071194967 199.256718158722 197.214484214783 194.479684034983 192.31641292572
218.10249487559 215.616305669149 219.383378823598 228.046059608459 233.772357304891 236.371239026388 239.364723364512 241.384287675222 240.347862243652 237.264712651571 238.051970799764 237.970074017843 232.662558555603 230.448345343272 227.32937335968 223.920345306396 220.809737841288 217.119773228963 217.530687650045 224.757850170135 225.498974323273 224.030435085297 222.258428732554 221.537152926127 217.034816741943 220.989882946014 221.30807240804 225.235482056936 231.216231981913 237.858454386393 246.107121308645 245.710591475169 235.004226366679 231.166660785675 226.436118284861 225.670456886292 226.02641582489 226.455827554067 221.38241926829 208.468079566956 196.978012720744 199.340124924978 198.104818662008 191.728154818217 188.657164573669 191.963752110799
219.346145788829 221.465408802032 222.417414188385 229.619165261587 231.445630391439 231.50634765625 239.174405733744 242.307285467784 242.291967074076 241.531093915304 239.693601926168 240.042308966319 234.961450099945 231.070001920064 229.591488838196 231.385846932729 224.522868792216 220.048745473226 222.754955291748 226.630091667175 229.322612285614 226.266940434774 222.274382909139 222.825805346171 217.958211898804 224.071065584819 227.385481198629 227.9993891716 232.588946819305 242.302298545837 249.537388483683 251.726150512695 242.789347966512 233.508845170339 220.769822597504 216.709991296132 221.654236316681 229.100406169891 220.620274543762 199.611087640127 192.209839820862 202.635069688161 205.150067806244 198.177893956502 192.344943682353 185.612420241038
217.523594697316 227.50461101532 229.825099309285 231.889386971792 231.70530796051 229.567726453145 236.378689606984 240.617136160533 240.521868069967 243.049144744873 241.607546806335 239.709357420603 237.5847697258 231.168568134308 229.76009051005 235.548337300618 230.120062828064 222.159107526143 219.268202781677 225.246111551921 223.814288775126 223.903795083364 221.567293008169 217.41396188736 216.924568017324 216.296931107839 220.72700659434 221.442619959513 223.530491193136 230.066736539205 241.881529490153 248.823086420695 235.433419545492 214.148918787638 178.337832291921 171.291172504425 195.387343565623 214.837590853373 221.714536348979 219.714244206746 218.653420607249 213.006695111593 195.12132803599 190.02244869868 198.149442672729 186.021327972412
218.686978022257 217.716733614604 218.3731396993 221.548577149709 229.199806849162 231.878737608592 231.911361217499 238.659540812174 237.087269624074 239.506602287292 240.825275580088 241.188148657481 241.251448790232 234.639843304952 230.94634215037 230.187674363454 232.688724994659 221.828460693359 216.211160024007 217.969795068105 215.397715568542 218.261977036794 218.374053637187 212.232649326324 212.993999322255 209.941407044729 211.338758468628 212.226629257202 212.068974971771 213.86182308197 217.455963293711 229.549606641134 216.695507367452 187.018016974131 153.94722421964 135.107566912969 147.741079330444 178.544223308563 210.087875525157 220.368981361389 221.828043460846 203.361550966899 187.369465827942 184.669037659963 189.381639162699 175.699750582377
225.638806819916 214.335600535075 211.446324984233 215.705513954163 227.842529614766 234.852115313212 234.039743741353 234.796802202861 237.265984217326 237.234870592753 238.779465357463 239.92915948232 242.410361766815 238.813281059265 233.073910077413 230.490624904633 231.599688529968 223.443925380707 218.356072902679 219.742099444071 218.803922335307 217.46434768041 215.567926565806 211.22799317042 210.201064745585 208.509842554728 207.94149239858 208.249628543854 206.814746061961 200.680136680603 191.433827082316 196.613729000092 186.798453330994 167.427659034729 152.466664711634 135.706524054209 119.185338417689 128.672003746033 152.214705944061 185.192207495371 201.029817263285 191.750288009644 182.745238145192 179.222822189331 171.918908754985 161.216874917348
227.11056470871 219.539443651835 215.139428774516 219.240128993988 227.932433287303 235.157032807668 238.536516825358 234.557012716929 238.72172832489 235.529681046804 239.32800690333 239.678661028544 241.956770420074 241.704126199087 235.689620176951 234.43482319514 236.063996950785 227.717439333598 222.090681393941 223.731100559235 223.820706208547 219.264467557271 218.428393205007 217.002967993418 212.966362635295 212.072670459747 209.923525651296 209.481060504913 201.019465923309 196.0635582606 184.40055847168 186.950902144114 179.241637388865 175.698300202688 177.3548523585 169.911742210388 146.030724048615 130.412956078847 119.001666704814 133.977999289831 167.569220066071 170.10219891866 159.790217876434 146.542767683665 143.723567326864 149.344017108281
230.629801750183 226.86227162679 220.292508602142 214.840273062388 221.948941548665 234.802444775899 236.956278483073 236.044585704803 235.756715138753 239.925722281138 243.98668607076 243.798712889353 243.473490079244 242.614289124807 238.9235496521 239.093800385793 239.067316055298 233.463327089945 229.267537593842 226.832389831543 222.686529159546 218.475421269735 220.646540323893 221.439818541209 214.29036060969 211.888611316681 206.180453300476 196.028014024099 191.648483276367 186.72243754069 185.815056165059 192.373971144358 185.009241104126 191.918194293976 202.279428641001 205.477197964986 201.254705588023 185.838282108307 166.588435570399 131.349354982376 138.174504041672 155.206789573034 154.122481743495 143.622716267904 145.903249581655 162.331134080887
232.935786247253 231.77711168925 228.646179040273 220.269799232483 217.732548713684 230.443994204203 235.117753346761 236.047824223836 232.880612214406 239.400506019592 246.076424916585 245.816508928935 243.086278438568 243.450125058492 240.787525971731 236.197272936503 235.724031925201 232.307771841685 227.023800214132 225.359797477722 223.796188831329 222.289323806763 218.262056509654 216.537992159526 214.156667391459 210.095365842183 191.880643367767 170.215904712677 165.853182474772 171.500484148661 183.160265286764 185.125549634298 183.807015419006 190.651814142863 201.819002628326 215.872764587402 230.359315872192 230.118910471598 225.554943084717 173.519810040792 143.469254175822 159.140427907308 174.513379732768 181.323210398356 186.164021492004 198.661724726359
232.232014338175 229.480187098185 230.609158674876 226.929942766825 221.837818622589 225.881993770599 234.628140926361 235.188523928324 232.485771179199 234.511395295461 244.078715642293 245.110193888346 239.764173825582 241.449157396952 242.305397987366 232.882837454478 235.00535885493 231.465299924215 227.63995329539 228.082935015361 228.079358736674 226.876080036163 221.99285030365 215.541779994965 214.846968650818 215.065121650696 197.101473808289 173.713068167369 170.712113380432 177.581032117208 191.011627515157 190.610488255819 197.808682918549 204.159677028656 217.977583408356 223.220686117808 221.55640522639 190.370678901672 176.616311073303 172.350645065308 174.7025847435 188.718914985657 187.886277834574 173.612495263418 164.199372132619 178.987860679626
221.832950909932 227.754473686218 227.977315584819 226.947665214539 222.56996234258 221.20867172877 233.697950839996 239.314317703247 234.383404254913 234.833061695099 240.291714668274 243.543207645416 242.665429910024 237.507243951162 237.924536069234 235.451380411784 230.472942193349 230.766177177429 229.888796806335 233.232418696086 233.979006608327 230.024218559265 228.11887661616 221.820016702016 220.921794573466 224.195977052053 219.183266162872 210.928241411845 208.188156286875 209.109981854757 207.653005917867 199.495553970337 208.846767743429 215.233127276103 214.699705441793 195.750892162323 182.542701562246 132.258137067159 109.195619821548 143.416782220205 182.180325190226 195.046544075012 187.174836794535 175.671378771464 171.952366828918 181.029836336772
210.758090019226 223.422169685364 225.552082061768 224.249720573425 226.068178812663 220.792671044668 226.941386858622 238.151292006175 241.703430811564 239.139199256897 239.491522312164 242.584844430288 242.749492327372 240.294893582662 238.94210656484 236.197352409363 229.960262775421 230.032006899516 227.100352446238 225.015461444855 226.844747861226 227.943082650503 226.936399936676 225.215534369151 226.311941941579 231.295148531596 239.609519640605 240.684946378072 225.24748245875 222.34845161438 212.421178817749 202.815115451813 207.85399278005 193.245867888133 164.750734965007 136.515329281489 115.058491627375 111.26505335172 95.044066508611 105.778306722641 129.99035914739 162.680755058924 185.897767543793 207.377950350444 231.557150681814 231.890896956126
