input/barkrak2/radiation/dir18324.grid
NCOLS 85 
NROWS 70 
XLLCORNER 665100 
YLLCORNER 4664600 
CELLSIZE 20 
NODATA_value -9999 
[rows 40 to 59 of 70, columns 0 to 45 of 85]
341.775218645732 342.405716578166 342.370430628459 343.492388725281 347.500403722127 350.086013476054 352.106213569641 354.323228200277 355.016827583313 348.495920499166 341.341495513916 338.185866673787 335.662444432576 332.829753557841 330.248951911926 329.37749226888 328.396360079447 326.438327630361 322.378218173981 320.749958356221 321.149667104085 323.878725369771 321.571131547292 317.554036776225 316.055874029795 313.020428021749 316.116770108541 316.832224527995 318.674027919769 318.089425563812 316.108127435048 311.410367488861 286.631166934967 281.723121802012 302.361230055491 302.88432041804 293.915232022603 293.968141078949 294.36202843984 282.611687978109 290.700018405914 330.358286698659 349.996407826742 306.491374969482 247.351209322611 203.116714954376
345.868349075317 344.301342964172 344.44801012675 345.105528831482 343.331098556519 341.523170471191 341.349601745605 342.439373334249 345.409711201986 341.371734937032 335.382501284281 335.656483968099 336.808244387309 335.981686909993 334.153095881144 331.787049770355 327.699462572734 331.436415513357 328.921894232432 324.123064676921 324.608206748962 324.66862599055 322.670896848043 322.892566521962 322.144309679667 319.736162821452 321.852842966716 320.277790228526 319.788813591003 319.348692893982 318.282822767893 312.396148840586 294.122576713562 293.053686618805 304.063578446706 295.569856961568 280.969778696696 281.562368075053 289.090851942698 293.639759222666 307.182212670644 319.61590051651 333.115418752034 332.203984260559 288.851221402486 240.160842736562
347.194115320841 345.810174942017 347.497820854187 347.006678581238 343.196948369344 341.911594072978 341.805855433146 340.484658877055 340.855439503988 337.355454762777 336.544990539551 335.751215616862 337.220867474874 338.491360346476 337.355613708496 334.647417068481 330.341617266337 332.512974739075 334.313154220581 328.94512017568 326.5141248703 324.811518192291 321.741422017415 323.475261529287 323.723097642263 319.906830787659 317.050715287526 318.287173906962 319.152394930522 320.312718550364 316.793918609619 309.630354245504 300.769607226054 302.408734957377 301.441351572673 284.491121768951 269.752979278564 275.761802991231 290.931185086568 303.198436896006 311.275064945221 309.153457482656 305.517892042796 310.616294542948 295.86128393809 246.061563491821
339.60215250651 341.308832168579 345.79074382782 344.232479731242 345.000386238098 346.485336621602 346.972386042277 345.030188560486 339.213411013285 337.743322054545 339.816093444824 337.110837300618 336.586475372314 338.027079900106 336.260954538981 333.685954411825 334.699034690857 335.014939308167 335.776646931966 330.109059810638 325.736204783122 324.785669644674 322.145044803619 321.014722188314 321.925600369771 323.162933190664 316.84011220932 317.247013250987 318.296651045481 316.389600435893 313.451647758484 306.107421716054 305.458982785543 305.864075819651 292.52678155899 270.298103491465 265.566329161326 279.611905415853 299.15193716685 304.106771945953 304.024418195089 299.90009466807 292.023440202077 290.212829907735 283.988098303477 253.267268339793
339.443961779277 342.921495437622 344.270467758179 344.071785608927 345.080812772115 346.157312393188 346.070885658264 343.736052513123 342.083732287089 339.726726214091 339.957435925802 337.840557098389 336.11790339152 333.313087622325 332.245091597239 332.672238349915 329.398353894552 332.75314172109 332.89776245753 331.938326358795 328.429281711578 326.131860415141 324.731349945068 324.245552221934 321.410298347473 325.965921084086 324.987510840098 321.997761726379 318.266491095225 315.295060475667 308.983445167542 303.655564785004 302.321056524913 297.852297623952 284.291009108226 268.02126566569 269.374370574951 285.36182641983 300.71214834849 299.210985501607 300.617913405101 293.321172396342 280.624131361643 275.746246178945 276.28622452418 265.179057916005
343.719959259033 345.44829527537 343.841830889384 345.102985699971 343.833009401957 344.013015429179 344.791054725647 343.788067499797 344.233155250549 342.427293459574 341.363986333211 340.236028035482 336.820840835571 333.284735679626 333.002209663391 334.301869074504 330.92741171519 331.940869490306 334.287643432617 332.510570685069 329.89756266276 328.508496284485 326.997915903727 326.693117618561 324.571967124939 321.538647015889 324.603994687398 322.027484575907 317.044258117676 313.667178153992 308.845678965251 304.30672566096 300.844788551331 291.807552178701 277.087728182475 262.420117855072 267.779250939687 285.257339477539 292.867561181386 286.872426668803 292.310973008474 283.966799577077 272.304534912109 274.902443091075 285.211622714996 276.666601498922
343.755086263021 344.476699829102 345.043063163757 345.637996991475 344.805161158244 344.974517822266 345.35813331604 346.216917037964 344.331026077271 344.17196114858 343.112508455912 341.928402582804 339.144627253215 337.660233179728 336.409131685893 338.799754778544 336.214184761047 331.802785396576 334.86262957255 333.365162213643 330.76286315918 328.677813212077 327.215413252513 324.012915293376 326.003829638163 321.480592091878 321.150302886963 318.974137306213 316.967686017354 313.827256361643 310.083190600077 305.25000890096 299.159487088521 289.240558942159 275.222818056742 264.088670412699 271.622697512309 284.499228000641 282.628277937571 284.421761830648 291.041533152262 280.189196268717 275.84578593572 282.864451408386 291.787564754486 283.500770727793
340.637524922689 341.986060142517 344.198187192281 344.470818837484 345.337271690369 346.408208211263 345.08216381073 344.639182090759 344.249645868937 345.306118329366 344.130078951518 341.583251953125 340.987284978231 340.161959330241 339.092016220093 337.773998578389 336.282968521118 330.475389957428 332.946181297302 331.659992535909 328.740239143372 327.998439470927 328.699628512065 321.053504943848 322.663029034932 319.95556751887 315.773049990336 316.678166389465 316.334406534831 311.341504255931 308.201789855957 306.856592496236 298.03212483724 293.662905693054 286.293884118398 273.706277211507 276.22123559316 283.308883508046 285.385390122732 292.004485925039 289.076228936513 281.997581322988 283.893624941508 284.774561723073 284.342348575592 275.965789953868
336.85306708018 338.765581448873 341.11475944519 342.651764551799 345.095078150431 346.448183059692 343.678951263428 342.995325724284 345.39540608724 345.87287902832 345.034837722778 342.491626739502 341.933886210124 342.535257339478 340.316732724508 336.769143740336 335.494955380758 330.678423245748 330.883026123047 332.67072836558 331.197837988536 328.305145104726 328.269322713216 324.611981709798 322.445670763652 321.943382422129 316.627939542135 317.560931046804 317.39072004954 316.467086474101 315.860648949941 313.987791538239 304.077744483948 302.537401517232 295.721371968587 278.714299201965 279.094497362773 286.906242370605 291.207830111186 292.142808437347 282.238920529683 279.651582241058 278.824170430501 273.337086041768 270.775636037191 270.363648732503
336.282134056091 334.228674570719 337.052981058757 340.761264165242 342.887918154399 344.124356905619 345.09285291036 346.021095911662 346.952637036641 344.815254211426 345.786611239115 345.98708152771 343.742609024048 341.606060663859 340.942621231079 337.826569875081 334.662556648254 331.103841463725 332.279364267985 333.16828807195 331.449508666992 331.834316253662 327.261606852214 326.051453749339 320.926249027252 320.755104223887 320.202509562174 318.384428819021 320.653696854909 320.497930049896 322.409252325694 317.391117413839 309.512714544932 308.25799703598 299.766659736633 284.079194068909 277.72976954778 285.586953163147 291.460454463959 281.914353370667 271.067519982656 274.109145005544 274.452308813731 268.747965494792 268.275539080302 271.475831667582
336.41791343689 337.719957033793 338.666677474976 342.390855153402 342.050433158875 342.133680979411 345.858573913574 347.539226214091 347.570141156514 347.657044728597 346.932768821716 346.964200337728 344.667037328084 341.81010723114 340.952793757121 341.710805892944 336.829423904419 332.353472709656 332.229336102804 333.784739176432 333.585739135742 331.364949544271 326.624492804209 322.687904040019 317.276378472646 320.416728655497 319.296459356944 318.742791811625 320.399800936381 322.727898756663 323.389013608297 317.771593729655 309.432029724121 307.173947493235 296.898782253265 283.390959103902 278.884510199229 283.005118370056 282.896955808004 270.53298552831 267.732620239258 278.402268886566 277.935028076172 270.104924837748 269.299288590749 264.843503634135
336.575150489807 341.6641553243 342.081189155579 343.559662501017 342.563470204671 341.573119163513 345.37927309672 347.746610641479 347.056190172831 349.268674850464 347.591797510783 346.530715624491 344.761768976847 341.703812281291 340.0825659434 341.313441594442 338.472445805867 331.638852755229 327.640334765116 330.018897851308 329.983393351237 326.41061147054 322.177290916443 316.731969515483 314.298510551453 314.565499623617 316.661576430003 316.324989000956 314.390559991201 316.981315612793 320.062736670176 316.255986690521 304.656247297923 294.683734575907 271.121561527252 259.118437767029 269.229888916016 277.422547340393 276.047865549723 275.861740112305 283.671637376149 285.628437995911 271.285216013591 262.823522090912 270.68954706192 259.066104888916
336.824655532837 336.215058962504 335.582097371419 337.769150733948 341.255942980448 343.929688135783 343.538681666056 346.360007921855 345.616738001506 346.998771031698 347.211201985677 346.369663874308 345.406373341878 342.296044031779 339.368581771851 338.513970375061 336.977601051331 327.967166900635 326.131065686544 323.999563852946 321.28514846166 319.037278493245 318.2586034139 313.67305914561 313.269734382629 310.714880625407 311.016142368317 310.89174747467 307.657678922017 307.944516340892 308.524171511332 309.831341107686 287.771860758464 263.605256875356 237.971365451813 227.790832519531 241.333842277527 265.594780445099 280.357778072357 276.656190554301 276.767730712891 272.347768147786 259.839336077372 262.636840343475 266.527752081553 243.537902832031
340.344866116842 333.91284942627 332.27793375651 334.843873977661 341.55527750651 345.815976460775 344.783822695414 345.509131749471 345.979571342468 344.369848569234 344.680229822795 344.972570737203 344.818393389384 343.109130859375 337.612628936768 337.292551994324 334.288040796916 327.317972977956 323.81816705068 322.53752152125 321.345130602519 318.379759788513 316.64651632309 313.087344169617 311.52480840683 307.524581750234 306.453128655752 306.017438570658 304.396529992421 301.210979620616 293.102741241455 286.54674688975 264.769117037455 238.479236761729 229.684213797251 226.039409637451 219.255526860555 229.864517847697 245.405256748199 263.721764087677 269.160747528076 259.752790133158 255.390365918477 258.573333422343 250.014464060465 229.437311490377
340.658068656921 336.816628774007 334.685881932576 337.197780609131 342.041929562887 345.572034517924 346.242666244507 343.846162160238 345.040520032247 343.323787053426 344.090183575948 343.931436538696 344.801505406698 341.968139012655 339.036186536153 334.682067235311 332.250912984212 328.143020470937 321.742415428162 324.709892272949 322.350819905599 321.045239766439 316.390514373779 314.364115397135 310.885310173035 309.736986955007 307.698984940847 305.434425671895 302.25129922231 297.746221224467 288.615107536316 278.495192527771 255.797425905863 241.841554641724 245.63064177831 249.093413352966 242.010255654653 234.064857165019 223.976155122121 232.43769009908 247.530897458394 240.137736002604 233.741442362467 227.623283863068 223.871986071269 219.888627529144
342.293699582418 341.553211212158 337.809006373088 335.657040278117 337.806145350138 343.815406163534 344.524701436361 343.817750612895 342.63543287913 343.69953473409 345.297853151957 343.501607577006 343.265533447266 339.608947436015 337.615648905436 334.317723910014 333.835442860921 329.464375972748 324.794034163157 323.342124621073 321.881194909414 319.78174050649 318.746050198873 318.18163394928 314.692238966624 312.642673651377 308.564444382985 302.632610003154 296.849290529887 291.080474853516 288.779576619466 283.594131469727 263.215402762095 256.02912902832 259.919047355652 267.366727193197 278.332432111104 274.590611457825 258.901158968608 228.805343310038 227.596422036489 228.794415791829 226.111610730489 224.209944407145 229.811509450277 235.795458157857
343.672911326091 343.379577000936 341.572205225627 336.865981419881 335.038264592489 341.533184051514 342.61163075765 341.881473859151 341.281890869141 340.622544288635 343.547503153483 341.694116592407 338.98123105367 338.508645693461 336.102406183879 332.013567288717 334.172646204631 330.179214477539 326.439539591471 325.212319691976 323.720514774323 321.797430515289 318.383733431498 316.806435585022 314.874370892843 311.888953049978 298.570851484935 280.528167883555 274.174908796946 278.961141904195 286.775628725688 282.006839911143 264.857987562815 257.555385430654 264.343818028768 274.452169736226 290.375173091888 298.953791459401 290.071229139964 259.245415528615 233.119944731394 235.824704170227 243.1520819664 253.961662451426 264.171878496806 267.427225907644
343.093434969584 342.161536216736 342.698693275452 340.643564860026 335.030436515808 337.569713592529 342.470566431681 341.181556383769 337.134122848511 336.798469225566 339.362780253092 339.954853057861 336.686213811239 335.741281509399 337.045113245646 331.556598345439 330.91922601064 327.998638153076 326.874295870463 324.56096013387 325.920740763346 322.143276532491 320.959846178691 314.15996948878 315.519332885742 314.54743941625 298.771103223165 281.554659207662 280.863384405772 287.596642971039 291.653792063395 283.551414807638 272.177000840505 271.764953931173 283.61988067627 287.022749582926 292.424321174622 279.689192771912 249.414165814718 241.540412108103 252.634207407633 262.166202068329 257.014791170756 251.138826211294 252.568741639455 263.358970483144
336.962620417277 340.694427490234 340.470433235168 339.657266934713 336.615840593974 331.985950469971 339.662273724874 341.381629308065 334.771275520325 333.407084147135 335.674643516541 339.208165804545 337.30149269104 333.637475967407 334.999640782674 332.062880198161 328.472077846527 327.532927195231 325.838307539622 325.88803768158 325.570325056712 322.728594144185 321.096420288086 316.687166690826 315.60077269872 318.205197652181 310.825983683268 308.184246222178 304.373999436696 303.129414717356 296.109139919281 286.304950714111 282.829761505127 279.986123243968 277.675688266754 263.795375823975 245.72213490804 211.241821448008 194.372137387594 231.01802666982 267.156819502513 268.194893995921 247.55718310674 242.690185705821 255.315740903219 269.340574741364
330.149273077647 337.882041931152 338.135679562887 336.895783742269 333.583354949951 330.123960971832 331.042647361755 338.106393814087 338.205536206563 333.285490671794 335.309743881226 336.427648862203 337.367415428162 334.283312161763 332.832852999369 330.800493558248 326.236347357432 325.439830621084 320.480604966482 321.247160434723 321.986198425293 320.724050203959 319.488048553467 317.559500535329 317.440946896871 320.314367612203 320.734600226084 325.125416119893 310.574014981588 305.716474850972 298.419038454692 284.849683443705 284.376621246338 264.735380808512 237.828731536865 207.332928975423 193.978170553843 186.63763999939 182.55494038264 207.505782445272 234.110713005066 251.542627811432 249.576767285665 261.778831481934 292.452752590179 302.197575569153
