input/barkrak2/radiation/dir11424.grid
NCOLS 85 
NROWS 70 
XLLCORNER 665100 
YLLCORNER 4664600 
CELLSIZE 20 
NODATA_value -9999 
[rows 40 to 59 of 70, columns 0 to 45 of 85]
273.669203122457 274.715860684713 274.614592393239 276.748438676198 284.19695297877 288.602709770203 292.047182718913 296.631336212158 296.193798383077 284.197588761648 270.556728045146 267.102976640065 265.166759490967 262.828270594279 260.477979977926 259.795943895976 258.390923341115 258.38045279185 251.58154964447 249.857723712921 255.41079044342 258.407155672709 259.201169013977 254.229307174683 250.340799490611 248.052140076955 256.455659866333 258.44003756841 260.168969631195 259.708603223165 260.224541028341 259.926279385885 247.16717004776 248.208602269491 275.116006533305 274.457732836405 263.243933518728 257.727563381195 259.932597478231 260.130484898885 272.026340166728 299.159745375315 287.993272145589 222.990870475769 158.886929353078 123.484720786413
280.588845411936 278.419375419617 278.068164984385 278.152823448181 275.270084540049 273.551026980082 271.986703077952 273.450791835785 278.083960215251 270.258367061615 262.503425280253 263.14123471578 266.559680302938 265.875359376272 263.548970222473 260.586539904277 256.611406803131 261.263430118561 262.449681758881 254.933555920919 258.241454760234 256.852428118388 255.085825920105 256.341497103373 258.442282676697 251.243670781453 253.797511259715 258.25838247935 260.525663693746 261.291265487671 260.298411051432 259.297410647074 250.787675380707 259.878555933634 272.408703962962 262.757897377014 245.456616083781 240.535378456116 244.183262189229 253.684222698212 280.243754386902 294.161438941956 290.217300256093 259.240845839183 200.537343819936 154.777159293493
283.836265405019 281.536897023519 284.112771352132 282.532751560211 276.646991570791 274.093826611837 271.988073984782 268.959085146586 270.320057868958 266.655166943868 263.270497322083 263.085087140401 265.790561834971 268.293003241221 268.339474995931 263.172507286072 260.861992835999 263.479669888814 266.336182753245 257.153332233429 252.070705095927 252.274632453918 248.384594917297 247.433622678121 250.961164633433 250.87716182073 245.34147977829 250.243981679281 253.913640975952 255.935152371724 256.13260269165 252.954522768656 254.221657911936 267.081995805105 270.349562168121 248.399496078491 231.718003749847 234.283884366353 244.813819726308 258.561730384827 269.099831581116 269.530574480693 258.7997118632 243.726412455241 207.035064697266 151.282072067261
270.760337511698 273.268759250641 280.091087023417 277.866462866465 279.23721075058 281.444032986959 280.3981701533 277.03328927358 268.20182800293 265.210012594859 268.351515134176 265.161017576853 263.368646303813 267.490029335022 265.693525473277 262.187560399373 262.142022450765 264.907022317251 262.730518976847 256.701946258545 250.826001167297 246.265212694804 245.029826958974 243.398169676463 243.427534898122 246.479570865631 240.906516710917 244.702458381653 248.853822549184 250.029385089874 247.823437054952 243.388473987579 251.268883546193 260.899206002553 255.870997905731 233.548363049825 228.045245011648 240.116039911906 255.672574043274 259.300669034322 256.557842095693 252.103567123413 243.369817733765 227.306703726451 198.125263055166 154.511580864588
269.679804642995 274.169723192851 276.038805643717 276.625216007233 277.51229206721 279.645959536235 280.07560968399 276.222507158915 271.64767185847 267.009675502777 269.899487495422 264.004111289978 261.120319366455 259.052673975627 257.920185724894 255.246142546336 252.254128456116 253.911296526591 258.581022421519 253.223538398743 248.444596926371 248.250186443329 246.541261672974 245.651682217916 242.366929848989 250.099162260691 252.201398213704 249.101022879283 250.029683113098 247.952202955882 242.207368214925 238.022247950236 241.645057996114 243.265926837921 238.924781481425 228.599349657694 232.125242551168 247.846722602844 260.244965553284 254.362642765045 253.699640432994 245.038231213888 233.898977438609 220.363358656565 200.441718101501 170.499364535014
274.428208669027 277.639031410217 274.576286474864 277.467767397563 276.318331559499 275.706132253011 276.271144549052 274.292906125387 275.45569340388 271.702607472738 267.080783843994 266.469120979309 261.035621166229 255.923767884572 253.819743792216 255.98281621933 248.471438884735 250.118553638458 256.557623545329 254.169762134552 250.822345415751 249.721725781759 249.41498041153 249.149441719055 249.045968055725 248.11186393102 253.998955090841 252.025961875916 249.368786811829 247.18576669693 243.043541908264 238.451739152273 239.143172899882 234.45067803065 223.620533943176 216.920872529348 225.057224432627 243.402679761251 248.731851577759 237.7121647199 242.938379446665 233.64269733429 225.632091363271 225.95626115799 222.345630327861 194.908738136292
272.362351417542 273.96293481191 276.418427626292 277.364134788513 276.374141375224 275.264998277028 275.885005791982 277.517855167389 273.608684539795 269.582390785217 268.464883168538 266.248186429342 261.627415815989 259.231448173523 256.9606701533 258.979837099711 256.582617759705 249.853571256002 255.352795124054 255.633950233459 252.189894517263 252.121110757192 252.010564009349 245.297233263652 251.777450243632 247.991005579631 248.68901570638 250.104467074076 249.14159377416 247.586011886597 244.362731774648 240.316569805145 237.927476565043 231.937487920125 225.153704484304 218.181331952413 224.417825539907 236.386696497599 236.563305060069 235.569794972738 239.681919415792 229.649027188619 230.018556118011 238.538463910421 239.882946014404 213.740408420563
266.220053037008 268.420179684957 272.479097048442 272.153278191884 274.192214012146 275.338391462962 273.658553759257 272.644837697347 271.427790323893 272.8577653567 270.243485768636 265.875558058421 263.168334960938 263.231078783671 259.078502655029 259.110748767853 256.829500198364 247.876822948456 252.266625563304 253.437399864197 251.489023367564 250.944852828979 252.114176750183 243.750234444936 246.711075305939 246.535321076711 243.635137875875 246.674656867981 248.352289199829 246.418436368306 245.51530679067 244.918862978617 237.114409605662 236.580411593119 239.178776741028 233.680129051208 232.571105162303 233.668287595113 236.948152383169 246.679445107778 240.071535110474 231.164216995239 236.955106258392 240.774750709534 237.261275450389 220.085779825846
258.526841799418 258.962333202362 264.46137825648 266.92267258962 272.463838259379 274.446646372477 272.171556949615 270.647486050924 272.087613741557 273.705323537191 271.070758501689 267.69483089447 264.408349990845 263.476808865865 261.304020881653 255.843639373779 253.862579663595 246.088564395905 251.229723294576 254.974007606506 253.250479698181 253.516058127085 254.006246725718 248.967448870341 246.361831823985 249.65234597524 245.591719945272 250.120759010315 254.659871260325 256.26140832901 258.773525555929 258.666574954987 247.728089491526 248.740196228027 250.309805075328 243.361790974935 242.504020531972 240.998764832815 241.741637388865 244.938751061757 234.590808550517 228.564143180847 226.09947125117 223.242183526357 220.735748608907 220.435579617818
256.20307524999 252.639134724935 257.322907447815 263.766864935557 268.871625264486 270.985384782155 273.558974266052 275.440116723378 274.547775586446 270.322640736898 272.41329352061 270.767649014791 265.798111756643 263.806382815043 260.792454083761 255.841652552287 254.678964614868 248.946607112885 251.060903072357 255.817135175069 258.393406867981 256.819605827332 253.009955088298 254.217187563578 250.046849250793 253.570973873138 253.653744856517 257.204651832581 262.250940004985 267.629305521647 272.347728411357 270.778437455495 262.069880962372 258.976360162099 252.942800521851 247.604032357534 245.61204512914 248.072663942973 245.130658149719 233.744780222575 222.882131735484 225.609521071116 224.259237448374 217.939873536428 215.486963589986 218.970417976379
255.976299444834 257.984896500905 258.760730425517 265.2614514033 265.46053091685 265.35439491272 273.530125617981 276.232182979584 274.770796298981 272.501846154531 272.28307723999 272.60434627533 267.891466617584 264.399349689484 262.855927149455 264.253576596578 258.041580518087 253.402988115946 253.616154193878 259.277105331421 261.788407961528 258.846700191498 254.97837861379 255.405863126119 250.908474127452 256.322602430979 259.085853894552 259.406606356303 263.270159562429 269.427200158437 275.033414363861 275.273064772288 267.84086227417 259.018858273824 247.914771238963 240.879376729329 243.168870608012 249.363303184509 243.019243081411 223.85448217392 218.215763568878 229.087849458059 230.190853277842 222.78755903244 218.661665916443 211.293339729309
254.416366418203 263.454178969065 263.995925585429 265.815695126851 265.70459206899 263.621807098389 269.70253388087 273.29428990682 273.213326931 275.233149528503 273.988842964172 272.135357062022 270.25181055069 264.294445514679 262.872715791066 267.951746781667 263.136426607768 255.195518334707 252.392669518789 256.051500638326 258.772015571594 256.766378879547 254.348238309224 250.35019715627 249.942044417063 251.300354798635 255.180319150289 255.656798680623 257.353683312734 262.956261634827 270.666241645813 272.688984870911 262.880166371663 245.865325133006 213.302652041117 203.195035457611 220.691521962484 237.777789433797 242.411494255066 240.865409374237 241.827050844828 238.253951072693 220.11657555898 214.510420958201 223.66738319397 206.38120174408
255.425194899241 252.95627117157 252.065579096476 256.507674853007 263.461947441101 265.685478846232 265.682876110077 270.216524600983 270.171840985616 272.107601165771 273.305614789327 273.44024181366 273.502290248871 267.413099606832 263.905247052511 263.193051020304 263.489345709483 255.027810732524 249.76259469986 249.612987041473 249.019742012024 251.628299554189 251.490434010824 245.658914248149 246.107538541158 245.460828145345 246.59123023351 244.886577129364 244.539697964986 248.401045799255 253.520528475444 258.021851380666 242.020706335704 214.849789937337 182.17142422994 165.295014778773 177.666385968526 207.198063532511 235.454539457957 240.350067615509 241.543749968211 230.866968631744 212.083419164022 210.610111554464 214.930971463521 196.62473599116
260.513563950857 250.038782755534 247.342745463053 251.093188921611 260.594626267751 268.313924471537 267.57021745046 268.118818600972 270.317395528158 268.578747908274 271.489898363749 272.321343421936 274.529238541921 271.138072013855 263.875047365824 263.461689154307 264.252642790477 256.665110588074 251.868426799774 253.133296966553 254.223565260569 248.63330523173 248.96377325058 244.751413663228 243.549704551697 241.835693518321 241.122444470723 241.232991218567 239.720602830251 235.977669556936 228.773236274719 230.428914229075 206.973751386007 188.993473847707 175.753355026245 164.818574984868 150.008092323939 159.790088733037 181.843956311544 211.902717749278 223.981817563375 214.792728424072 209.43009853363 207.813620567322 194.063226381938 183.253248532613
260.554075241089 254.84710931778 250.677148501078 252.609928448995 260.369718074799 268.514096736908 271.563112735748 267.902592817942 271.600782871246 268.567522366842 271.951893965403 272.078355153402 274.122913678487 273.694554964701 268.255452315013 266.961773236593 266.531407833099 258.425752321879 255.207737286886 256.673852602641 256.66606426239 254.498064517975 249.414026737213 250.019311904907 248.411575953166 247.438867886861 242.94372399648 240.305423736572 234.156906604767 227.124730745951 215.607702732086 216.583490371704 207.446535428365 199.308971563975 200.777411460876 196.231007575989 176.663517951965 161.993791659673 153.648475805918 166.6372915109 190.086940924327 191.577732563019 182.533323764801 170.839726924896 168.150703112284 172.362009684245
265.087167421977 261.509537696838 255.342880884806 249.927798906962 256.458063920339 266.595919926961 270.183444023132 267.840107282003 268.954555193583 270.873586336772 274.167974789937 275.672813256582 273.688117663066 274.500012397766 269.17040348053 267.295638720195 269.186079502106 263.607859611511 257.473309834798 257.601459821065 255.802114804586 253.627002239227 253.307163715363 253.736873467763 249.287048975627 246.935109297434 241.498450438182 233.833948771159 225.11088848114 221.806128819784 218.581895033518 220.295071601868 213.859975337982 216.679453849792 223.257859547933 227.689921855927 227.832555770874 214.924335479736 196.32891813914 162.623186906179 165.273954470952 178.158422311147 176.947474479675 169.811924298604 173.331061999003 187.240640322367
265.82944393158 264.728903770447 261.647899945577 253.312786420186 252.314905325572 262.433807055155 266.940474510193 267.847637335459 266.330718994141 270.066142082214 275.815486907959 277.45380004247 273.397286732992 275.233864784241 272.526939709981 268.508791923523 269.766608874003 264.560699462891 259.581844011943 258.025646209717 258.624911308289 257.081051667531 253.219564755758 251.510183016459 249.192516009013 245.282928148905 227.774302164714 206.379493077596 201.838711897532 206.921219825745 216.0458167394 217.080573240916 213.373382886251 212.778826554616 225.816508134206 240.715463956197 253.536343574524 257.437249024709 248.791257540385 203.711628913879 173.117379347483 184.300045172373 198.742190996806 206.048468748728 212.495068709056 222.607314586639
266.53516292572 262.679219245911 263.36814959844 259.327054023743 254.269421100616 258.026281992594 266.452471415202 268.479287624359 264.054417610168 267.105003197988 273.963610331217 276.883244514465 272.009472052256 273.428161938985 273.928642272949 265.418827533722 265.293955802917 263.892531394958 260.164380073547 260.432839393616 260.216116905212 261.216819286346 256.660997867584 250.628113746643 249.835292498271 249.40691391627 231.335838635763 209.099729855855 206.954101721446 213.537096977234 221.649010976156 220.918416976929 222.736934820811 227.042734622955 240.084489186605 245.749672253927 243.947307268778 217.384378115336 197.850108146667 195.936640103658 200.834453105927 214.745958646139 207.562923431396 201.008836428324 195.054054260254 208.824435869853
257.155358791351 261.104385058085 260.885675748189 259.364167849223 256.686508655548 253.665387630463 265.476862589518 270.717978477478 265.561699867249 265.218595663706 270.599106947581 273.83416891098 273.0593085289 268.012166023254 270.13631661733 266.071359316508 263.296703497569 263.244688510895 262.117803096771 262.940426667531 265.675604343414 261.973857879639 262.37032810847 251.73548857371 248.519778251648 249.948541323344 247.077584266663 239.457964897156 235.747496287028 235.86505651474 234.755257765452 229.589819908142 234.041114648183 238.025784492493 237.424035867055 220.495601495107 202.162424723307 157.127757867177 135.316769282023 171.414097150167 211.961090564728 224.299311637878 205.762247244517 198.711176713308 199.469566345215 210.131684939067
245.75020869573 256.944139798482 258.625229199727 256.793300310771 258.238752683004 253.239949544271 260.940154393514 269.625286261241 271.834095319112 268.833418687185 269.913931687673 273.26101064682 273.167649904887 270.837624867757 269.388258457184 266.801138718923 262.832462787628 260.513504346212 257.521907488505 253.270109494527 254.875163237254 253.71112426122 252.601166566213 250.624279181163 251.336693763733 256.173650423686 264.985899130503 265.43802022934 247.370759646098 247.750480969747 239.143908023834 228.058358033498 231.16393884023 212.651709715525 187.12455034256 160.787483056386 148.958494265874 135.089258352915 121.398866176605 136.295984188716 162.770907084147 193.645099798838 209.501067797343 227.321704228719 253.787418206533 257.243752479553
