input/barkrak2/radiation/dir11724.grid
NCOLS 85 
NROWS 70 
XLLCORNER 665100 
YLLCORNER 4664600 
CELLSIZE 20 
NODATA_value -9999 
[rows 40 to 59 of 70, columns 0 to 45 of 85]
279.870351155599 281.454761823018 281.358778476715 283.462683359782 289.989829063416 294.868270556132 298.207640647888 301.810065905253 302.226960659027 289.542575677236 277.519702911377 274.14071559906 272.245188554128 269.967555999756 267.581979433695 266.954203446706 265.62088727951 265.516857306163 260.238567988078 258.87805223465 260.876715183258 265.506625175476 266.073743502299 262.804965178172 257.52071539561 255.036870638529 263.382037480672 264.908075332642 266.609946886698 266.084055105845 265.127241611481 265.787899494171 251.359502474467 251.93202495575 278.170963128408 278.058310349782 266.676684220632 261.752068996429 263.754288355509 262.832283973694 274.503489335378 302.784860134125 294.272045294444 231.165548165639 168.464064598083 134.107619524002
287.18109925588 284.49014822642 284.707585970561 284.847855567932 281.337956587474 279.692590236664 278.868635495504 280.309081077576 283.896704514821 277.230481306712 269.661684830983 271.345774332682 273.603498935699 274.092713991801 270.649870236715 269.19146378835 262.457231680552 270.974695682526 269.504865010579 263.908604780833 265.340209007263 263.892849286397 262.173275152842 264.956692854563 263.577401638031 258.321841557821 262.564917405446 266.554395357768 267.026940981547 267.704685529073 268.194357554118 266.343474388123 255.19867738088 263.471285502116 276.329636573792 266.179362932841 249.466339747111 244.884928067525 248.866041501363 257.946173350016 283.466696739197 297.234972318013 294.849991798401 266.402959823608 210.057953993479 165.852814912796
290.264487266541 287.513136863708 289.991497993469 289.025823275248 283.291697502136 280.839244524638 278.859515984853 276.867032051086 277.305026849111 273.704886436462 271.422108014425 270.236770311991 274.068633715312 275.260706742605 275.309145450592 271.679778893789 267.986039320628 272.083759307861 274.872680505117 264.250457286835 263.126889864604 261.207004388173 255.575637022654 258.27556848526 261.750817298889 256.059527397156 252.43995587031 257.110397020976 262.163321177165 264.12969827652 264.225761095683 260.321279366811 260.022401809692 271.312713623047 273.568054040273 252.076923847198 235.865970452627 238.653401533763 249.613145987193 263.465285301208 273.444811503092 273.738662401835 263.678312301636 250.244955221812 216.444532076518 161.399632692337
277.615547180176 280.066609382629 286.681393782298 284.502724806468 286.359429359436 287.946899731954 287.735501925151 284.601310888926 275.218645731608 273.292859395345 275.340815385183 272.260189056396 271.839420000712 274.486283461253 274.141410986582 270.783623059591 272.41176366806 271.873037020365 271.43140633901 265.651047229767 258.017122745514 255.305965741475 254.013657569885 250.640074412028 252.589841683706 255.474448204041 251.837015151978 253.546853860219 255.670607089996 256.734331448873 254.427154858907 249.800900618235 258.129139741262 267.004589239756 260.255853335063 237.607538700104 232.057213783264 244.338870048523 260.178426901499 264.029880364736 261.269946893056 257.26060072581 248.559017976125 233.976165453593 206.212103366852 165.287633736928
276.620924472809 281.686087449392 283.507704734802 283.947984377543 284.889380137126 286.926488081614 287.370105584462 283.695062001546 279.44141626358 275.149981180827 276.85018380483 273.747165997823 268.266797065735 269.138058026632 265.093326568604 265.694161256154 259.505867958069 266.666293144226 267.403860886892 260.327955087026 259.467959403992 255.416830380758 251.780172189077 252.819379170736 249.562899271647 257.085680961609 259.089787801107 255.994617938995 254.982233047485 254.66509660085 248.84686867396 244.549512863159 247.83331155777 249.056835969289 243.406653404236 232.847889264425 236.125926176707 251.951634883881 264.71879084905 258.847137292226 258.792499701182 249.649405479431 238.850553830465 225.864430268606 207.500179608663 180.625379085541
281.266331672668 285.122116406759 282.144904136658 284.855405489604 283.714453379313 283.2017938296 284.584005673726 282.847185929616 283.194502194722 279.657940069834 277.926484743754 274.881521860758 271.160185337067 264.707803726196 264.285206794739 263.120889663696 259.554982185364 259.343485037486 261.670788129171 261.253873507182 257.94780254364 256.827592849731 254.531999429067 254.119157791138 256.106615066528 255.155960718791 260.847906271617 258.825759092967 256.118535995483 253.828545411428 249.584416548411 244.97785170873 245.404581228892 239.529013633728 229.085286458333 221.452097098033 229.500869909922 247.932096322378 253.386735916138 242.805639902751 248.43688805898 239.081263542175 230.26305437088 230.939308802287 228.458603223165 202.470064163208
280.985573927561 281.660139560699 283.956905206044 285.583237806956 284.672359625498 282.93381134669 283.597350120544 286.117752393087 282.562255859375 280.372500419617 278.207500775655 277.664661407471 270.319104194641 267.98274119695 264.074126879374 267.886320749919 263.663113117218 257.052977879842 262.407839298248 260.718782742818 259.284853935242 259.17645295461 257.039070129395 252.434452374776 258.734186490377 255.036155382792 255.659699440002 256.931900978088 255.877772967021 254.182120164235 250.802457332611 248.149116834005 244.135836760203 237.755497296651 230.016589164734 222.83931573232 229.285995165507 241.416792074839 241.425096988678 241.011798381805 245.403389135996 234.920342763265 234.72515741984 243.176321188609 245.142042636871 221.487065156301
275.155961513519 277.293086051941 280.341982841492 280.986626942952 282.990356286367 284.214973449707 282.636642456055 281.633973121643 278.187155723572 281.015753746033 277.084986368815 272.816340128581 271.784424781799 270.21857102712 266.136169433594 264.281709988912 261.935353279114 255.120793978373 259.394605954488 262.43535677592 258.59934091568 258.030752340953 259.143948554993 250.916639963786 253.785649935404 253.569404284159 248.678882916768 251.67973836263 255.094011624654 253.010769685109 251.902381579081 249.890108903249 242.178479830424 242.413898309072 244.237224260966 237.856050332387 237.187743186951 238.809208075205 242.007454236348 250.943263371785 245.205740133921 236.397822697957 241.494278113047 245.381375153859 242.050607999166 225.360492865245
267.949044704437 269.781688849131 272.733887036641 276.184717814128 281.507909297943 283.453047275543 278.915504614512 277.446369330088 278.857012589773 280.436456203461 277.851382891337 272.995909055074 271.36488755544 270.427425702413 268.31050713857 262.956698735555 262.909352779388 253.339111804962 258.377989133199 262.007315953573 260.288099447886 260.550200939178 260.992407798767 256.025811036428 253.444949785868 256.610552469889 252.581556638082 254.988511403402 261.273205280304 262.640595436096 264.886796474457 263.184289137522 252.47585773468 254.558602968852 254.563848177592 247.386475404104 246.608436107635 245.898425579071 246.962149937948 249.94295835495 239.585757255554 233.802735805511 230.826576550802 227.928936481476 226.031462351481 225.299576918284
264.726360638936 260.01105705897 264.580448468526 272.100647290548 275.784055391947 277.787208557129 280.262887477875 280.809919039408 281.247933705648 277.131120363871 279.154022534688 277.536809444427 272.686123847961 270.749767621358 267.783323923747 262.923975785573 261.788487434387 256.129304567973 258.159756660461 262.794673442841 265.307784080505 263.73557249705 259.980897108714 258.791267871857 257.050176461538 260.441740353902 260.477523008982 261.775096257528 266.675213972727 271.835843722026 278.108636538188 276.169617970784 266.249716281891 264.609396457672 258.240977923075 251.299818356832 249.042729536692 251.823008060455 250.157793362935 238.268395264943 227.562069892883 230.281074841817 228.939811388652 223.137756188711 220.944921175639 224.13162390391
263.25531800588 265.233238538106 267.438610394796 272.299985090892 273.832360903422 273.664355278015 280.268470446269 282.868425051371 281.430919965108 280.791064103444 279.008030891418 279.317657152812 274.719556172689 271.327535311381 269.794046878815 271.119217077891 263.070901234945 260.466535886129 260.625163714091 266.160468260447 266.456345717112 265.71136713028 261.900285879771 259.962757428487 255.60329357783 263.13308874766 265.777806440989 266.043583552043 271.963755289714 277.76962518692 280.749996503194 280.384103457133 272.821843624115 264.450828234355 252.316971619924 245.58961391449 247.251629829407 253.338535626729 246.932884057363 228.749791781108 223.040640354156 233.707149823507 235.295116901398 227.757732073466 224.490165710449 217.334886391958
261.754095554352 270.562529563904 271.065433820089 274.282892545064 272.688806056976 272.051771481832 276.559889316559 280.008514722188 279.931505521138 283.465762933095 280.656655629476 278.829534848531 277.007261912028 271.194179852804 267.798324426015 274.710814158122 268.075366814931 262.197037537893 259.41942135493 263.01521062851 263.576030731201 263.686676820119 261.287172635396 257.345080375671 254.636108875275 255.870342254639 259.618719418844 262.400766213735 264.002899328868 266.962468624115 274.407029151917 276.118954022725 266.418039798737 251.38254960378 218.35595369339 208.768288294474 225.768526395162 242.201228936513 245.86675564448 244.87034479777 246.470908323924 242.568771044413 225.305517514547 219.452937444051 228.060563405355 210.44115225474
262.725154558818 260.298252105713 260.997732480367 263.74622186025 270.508090655009 272.66005674998 271.057665348053 277.03074614207 276.98822816213 278.840661048889 279.995183149974 280.09440501531 280.154188474019 274.225393931071 268.777410189311 270.089745521545 270.343403021495 259.7762743632 256.891051928202 256.736973921458 256.122986475627 258.673707644145 258.50115219752 252.761463324229 253.160317738851 250.211159388224 253.597656885783 251.849015553792 253.842095534007 252.820452054342 257.850607236226 262.095391750336 245.89733282725 219.869176546733 187.403798103333 171.179632345835 183.857123057048 213.187197844187 239.705383777618 245.226860046387 246.956944465637 235.447267691294 216.704626878103 215.943654378255 219.240486621857 200.729529062907
266.259928544362 257.455309232076 254.815220832825 258.459746837616 267.710407574971 275.220294793447 272.867560386658 275.000194708506 277.135252952576 275.420387585958 276.568472385406 279.015123844147 279.474298159281 277.838269869487 270.744701226552 270.351886749268 271.085739135742 261.477112770081 256.726920604706 260.179261366526 259.128530820211 255.707383155823 256.033698717753 251.874407132467 250.65799554189 248.942673206329 248.205304145813 248.272935549418 249.078174432119 243.026932080587 235.835115114848 235.400795936584 220.160146554311 193.225463231405 181.525627772013 170.479238033295 156.419148047765 166.372269392014 188.046415646871 216.647823651632 231.438875198364 219.254573186239 213.939547538757 213.088432947795 202.370762825012 187.529067198435
267.718275388082 262.156168619792 258.0752770106 259.914934635162 267.484704653422 275.41450659434 276.736358801524 274.792393048604 276.738127072652 275.410493214925 276.974558830261 278.783361117045 279.046257336934 280.31321366628 273.092110951742 273.752172787984 273.301124572754 265.36093155543 262.214362621307 261.40554745992 263.591349124908 259.340703487396 256.436983744303 254.708170890808 253.133257230123 252.139369646708 249.9906818072 247.363766034444 241.103410720825 238.167385260264 224.498828252157 222.987075646718 212.419152259827 203.676780064901 205.339233080546 201.43981774648 182.697176933289 168.762604395548 160.305559635162 172.37401008606 194.578051567078 195.788164933523 186.994353930155 175.634662310282 172.953069210052 176.811913649241
270.855367183685 268.656035264333 262.631555398305 257.263998190562 261.872510115306 273.543318112691 275.413036346436 274.732788403829 274.144291877747 277.647753556569 280.803779760997 282.262523969014 280.307292938232 281.092365582784 275.893151760101 274.035811424255 275.876800219218 270.406345526377 264.385422070821 264.536341031392 260.598540306091 260.590632756551 260.235567887624 260.607222716014 256.227294603984 253.893355528514 248.534957567851 240.952412287394 232.24812746048 228.85783513387 225.534319877625 226.641615231832 218.945701917013 220.971961816152 227.193633715312 231.893042723338 233.049511909485 220.950384934743 201.944291591644 168.558756510417 173.148393630981 182.640095551809 181.5318663915 175.034046173096 178.732554117839 192.063768704732
272.854427496592 271.790564060211 268.790602684021 260.594526926676 257.655700047811 269.429087638855 273.861567179362 274.741291999817 271.526535352071 276.843110720317 282.385468482971 283.983329931895 280.023952325185 281.802435715993 279.142121473948 273.238122463226 274.423241615295 271.338899930318 266.455332438151 264.915684858958 265.502413113912 263.953725496928 260.140101114909 258.43870639801 253.725528717041 249.947985013326 234.986921151479 213.727494080861 207.475701967875 214.1033411026 223.026553789775 223.440329233805 218.596994876862 218.013326327006 229.688664277395 244.271020094554 257.269620895386 262.36222187678 253.500501314799 208.926419417063 178.705175717672 189.974784851074 203.263521194458 210.878670215607 217.633068561554 227.230111757914
272.278567155202 269.796411196391 268.849968910217 266.458471616109 259.480277697245 265.202701091766 273.428916931152 275.356074174245 271.016240119934 271.856268246969 280.583182970683 281.708240509033 278.680205345154 278.183142344157 280.503968397776 272.221684455872 272.06297715505 270.698507626851 267.025987307231 267.256100972493 267.005066076914 265.647013982137 261.155068874359 257.585068543752 256.772438685099 256.292164325714 238.168398539225 216.265638669332 214.318295319875 220.814307530721 230.759521325429 228.630820910136 227.906425793966 232.643028100332 242.095748583476 248.816609382629 253.541032473246 227.368136246999 202.06489165624 200.548271338145 206.001579761505 219.382186730703 211.459537347158 205.829262733459 200.382173061371 213.939269383748
263.17956050237 268.265763918559 268.040776252747 266.499976317088 261.867344379425 260.924696922302 272.465288639069 277.531305948893 272.467494010925 272.055725256602 277.340988318125 280.443469683329 279.696305592855 274.774710337321 276.836514472961 272.856811682383 268.162886301676 267.912487188975 268.918573856354 269.685387611389 270.068605740865 266.407529513041 264.563322067261 261.111557483673 260.127305984497 262.415448824565 254.898607730865 248.145222663879 242.676675319672 245.450635751088 243.773023287455 234.195669492086 238.015651702881 242.983957131704 240.809480349223 226.583520571391 206.010599931081 161.992251873016 140.515853961309 177.063941955566 217.296838760376 229.184210300446 209.57072575887 203.183690706889 204.928835233053 215.933978557587
251.829822858175 264.209071795146 265.833417574565 263.982971509298 263.398965199788 260.437985261281 266.13720258077 276.472369829814 278.530875841777 273.330330848694 276.679793993632 278.241117795308 279.797911643982 275.690237681071 274.186670780182 273.564298947652 267.70289738973 267.396966616313 262.108902136485 260.228017965953 263.970613479614 258.219838142395 257.088621457418 255.051016807556 255.677203337351 262.663722038269 269.141356150309 269.242227077484 254.010160764058 251.576522986094 243.497947851817 234.368443489075 233.645220597585 216.576834519704 191.550970077515 165.519634882609 153.583476940791 139.926910400391 126.745859781901 142.654279867808 168.983439604441 199.328621228536 213.694135348002 231.065313021342 258.17068417867 262.178738911947
