input/barkrak2/radiation/dir14824.grid
NCOLS 85 
NROWS 70 
XLLCORNER 665100 
YLLCORNER 4664600 
CELLSIZE 20 
NODATA_value -9999 
[rows 20 to 39 of 70, columns 0 to 45 of 85]
196.862677733103 189.366420110067 205.379287401835 245.820860068003 239.211539427439 193.900267283122 179.873883724213 184.230546156565 197.735329469045 217.351774374644 232.110659281413 238.93012603124 248.150706291199 258.057554562887 274.919768174489 296.425620714823 325.301388899485 328.888138135274 333.279987176259 340.347647666931 342.728614807129 336.485624313354 335.436105728149 337.083498636882 337.235609690348 338.525851567586 340.537150700887 336.928844451904 333.09264977773 332.607328891754 326.496342817942 315.897305806478 307.171543439229 302.963693936666 301.338732242584 306.480666001638 306.655128796895 308.926423390706 313.469787438711 317.453821500142 317.200223604838 317.250033219655 319.38244899114 314.04717763265 318.394780158997 320.586323738098
223.946213722229 223.049859205882 240.579009056091 271.138449509939 266.840239365896 207.754572232564 190.31286239624 192.841549714406 200.291196505229 214.167197545369 224.570353825887 235.030611356099 241.851409276327 244.583427906036 261.075695355733 278.601964314779 295.490781466166 323.718667030334 329.153954982758 336.401224136353 340.479413668315 345.206101735433 346.728245417277 345.126787821452 341.773152351379 337.384184201558 334.459026654561 331.035772959391 330.277383327484 323.449194431305 306.996981302897 278.855582078298 258.870343367259 257.015367348989 264.600237210592 283.23491414388 290.671090284983 305.059790611267 313.458164532979 314.353187878927 312.650899092356 310.714781284332 305.356860160828 292.178471883138 309.923867384593 318.576335906982
263.904909292857 271.430293718974 278.205136458079 288.310845692952 287.392616271973 240.443805853526 214.033762613932 199.365119139353 195.755064487457 205.861349900564 223.590652147929 234.539012114207 248.493631680806 252.174099286397 260.741194089254 272.614061832428 287.434001763662 303.521275520325 317.241152127584 324.763774871826 326.545596122742 336.849451065063 342.362642288208 342.512726783752 339.313546816508 337.201555569967 333.692232767741 324.814796447754 313.280363877614 294.048627217611 252.872586250305 204.039255777995 182.236909866333 199.726819992065 227.977375189463 252.754886945089 269.829531510671 289.679050445557 301.661531130473 303.670883178711 306.765079498291 307.361404101054 285.277267297109 265.343685944875 292.251487572988 315.96577167511
284.254709879557 286.921560764313 286.50426864624 293.087482452393 292.796194553375 275.309046109517 236.821353435516 208.431164423625 193.051973978678 197.847485542297 221.75528605779 234.249393145243 250.26003519694 264.733811219533 266.578714052836 272.289554278056 281.897823015849 294.896344343821 306.936581929525 304.010331630707 311.381598313649 313.971042633057 325.15283425649 329.830427964528 325.507442156474 312.563637892405 298.740347226461 288.603842258453 264.123797416687 221.307257811228 182.11164077123 161.142796278 130.527218182882 128.01053126653 140.274862448374 176.04394753774 220.577617486318 247.593263785044 264.045457045237 274.063487847646 272.442817687988 259.177009264628 244.803468386332 277.988910675049 275.289634863536 309.655030568441
276.471396287282 278.411547342936 287.268280982971 294.682184855143 285.793622334798 275.689860184987 246.520558993022 223.713099956512 204.559763272603 197.642048199972 212.360878785451 230.692525704702 245.211521784465 259.65561469396 264.040033022563 270.889321962992 279.709239800771 291.342854499817 299.669682979584 298.026303450267 304.106871287028 300.54239432017 296.65470123291 289.428969224294 291.503270467122 288.385967413584 281.356712182363 267.773528893789 235.773622989655 177.356600761414 157.968282699585 156.208246946335 137.183507283529 110.698252916336 102.383663256963 117.333839337031 161.024123430252 199.928939342499 226.478377978007 240.892867247264 230.011900266012 208.181778589884 229.529400666555 295.742948849996 289.211750030518 310.568769772847
270.430405934652 274.577736854553 286.318878332774 291.695535182953 287.322998046875 277.359286944071 255.810618400574 249.335666497548 239.728728930155 224.711219469706 224.2085536321 242.398679256439 256.213744481405 270.238041877747 274.77624018987 272.332568963369 277.347147464752 292.556722958883 297.228217124939 299.251616001129 299.839397271474 284.162263075511 279.896418253581 282.82376130422 283.60519806544 281.668543815613 269.969364007314 257.117847601573 214.831789334615 186.351458231608 184.760769208272 201.194922129313 204.718232154846 175.532221794128 140.30796289444 125.963389873505 139.058748881022 166.821122169495 203.70356241862 224.068621794383 205.147941907247 196.541766325633 237.842440605164 281.859437624613 302.120566368103 320.899208386739
272.221465905507 274.510165055593 282.531519730886 289.236545562744 299.932281176249 286.931832631429 270.203053951263 261.933167775472 261.040091514587 255.216956138611 245.414654413859 262.194454669952 272.078573703766 283.592800299327 285.675644874573 280.980110168457 280.209441979726 291.731953620911 290.876706441243 296.745975812276 297.479252020518 291.922191778819 285.400927066803 281.647841135661 284.768998622894 280.945996443431 268.828968207041 257.798989613851 222.244958082835 216.335415840149 237.725456555684 261.457482973735 266.088962554932 276.170790195465 252.349714438121 168.132523695628 154.86208597819 166.43550992012 191.910187403361 221.159716447194 214.79994058609 246.553381284078 245.210111141205 258.351624011993 293.407539526622 307.936350504557
276.356438795726 272.693514823914 275.817493597666 285.948534806569 321.811318397522 297.567586104075 278.29509973526 262.639462947845 263.433078924815 270.591000715892 264.480789502462 266.844848791758 278.745849927266 286.906758944194 290.805598100026 288.92570734024 284.688591957092 283.227225144704 292.500694592794 295.759777228038 296.493212381999 288.338303565979 286.609172821045 285.768787066142 289.097785949707 286.126414934794 277.969797452291 267.906248569489 246.064265569051 244.622667630514 268.382668495178 282.935082912445 282.031655311584 295.848846435547 317.849000295003 248.615940411886 184.949437777201 170.351624488831 184.198002020518 218.531171480815 252.713660399119 299.428045749664 255.040804545085 248.651285966237 277.886271476746 290.329575538635
273.860255877177 265.481909116109 269.357800483704 292.385677496592 334.043741226196 296.842535336812 269.503176212311 257.00565179189 261.669953664144 268.876592318217 266.113460063934 264.425416787465 277.507523695628 288.216471672058 290.522575378418 291.386882464091 286.466320355733 280.741751194 289.84663883845 290.174106756846 289.296408494314 286.014139652252 283.451120058695 291.726847489675 291.417241096497 288.598795731862 285.258650779724 277.011175950368 257.45968023936 252.632617950439 275.276402632395 293.141941229502 292.348424593608 290.82320133845 311.165809631348 309.780796368917 219.293018182119 160.871922969818 151.035408178965 192.531069119771 261.842211087545 282.063603401184 248.828530311584 226.258138815562 250.355025132497 262.174069881439
266.794939835866 257.661640644073 265.985091527303 302.768011887868 331.109901269277 293.017347653707 261.864244937897 244.116147359212 241.17108186086 247.186859448751 246.015111605326 251.609524091085 273.698051770528 288.414279619853 287.928104400635 292.336821556091 291.590730349223 279.715379079183 283.166825771332 283.483505249023 284.124433994293 284.032384554545 284.00997320811 290.940165519714 293.313880761464 290.057559808095 293.404777844747 282.671391963959 263.615727424622 261.442363262177 280.68733215332 298.576831817627 294.019917647044 290.740231672923 300.042589505513 318.148712317149 300.222138563792 224.601944287618 176.970183849335 186.511039733887 222.766598065694 237.238844235738 237.759530544281 210.257152716319 219.515820344289 243.97877852122
255.340397357941 265.191197395325 294.836739699046 340.701977411906 341.366052627563 299.930731455485 262.709617614746 233.581860860189 227.659622828166 238.391975561778 231.284499168396 232.694009939829 266.76470041275 284.526467323303 292.788147926331 296.524425347646 294.888238112132 286.557078361511 285.450836022695 287.926554679871 285.42153040568 290.60177008311 290.337304274241 292.677342891693 296.132783095042 298.698584238688 298.490564028422 293.302734692891 275.810182094574 273.775219917297 286.709209283193 299.131035804749 296.53787612915 296.526690324148 300.651590029399 303.459703922272 324.251711368561 331.271449724833 264.811555544535 217.651347319285 203.495721022288 195.586105187734 214.873949686686 209.585547447205 216.270625591278 246.439377466838
273.994088172913 300.291736920675 320.352872212728 326.435685157776 352.931102116903 333.119650681814 295.719146728516 258.432487646739 243.042488892873 256.057063738505 252.03412771225 233.007073402405 250.504692395528 280.225972334544 293.132901191711 297.779719034831 295.18594344457 294.842024644216 289.255658785502 289.653877417247 291.752060254415 295.134862263997 296.449919541677 295.606772104899 297.333339850108 304.932177066803 306.165913740794 304.858167966207 293.433864911397 288.875540097555 293.302476406097 297.418534755707 299.16642109553 303.785681724548 306.58213297526 295.134504636129 303.1032482783 338.66540590922 331.365843613942 270.211021105448 219.732006390889 195.029695828756 198.4570423762 214.240332444509 235.910872618357 264.490962028503
306.413551171621 316.409269968669 307.495276133219 300.166030724843 318.438331286112 338.288545608521 330.96307516098 303.333918253581 278.320590655009 279.617369174957 283.034841219584 259.291052818298 251.822610696157 277.526060740153 294.956684112549 298.748215039571 297.984004020691 300.127506256104 292.546312014262 289.614041646322 295.699338118235 298.757334550222 298.989494641622 296.236395835876 297.644515832265 306.200603644053 311.305582523346 313.500940799713 303.358713785807 295.439620812734 302.402873833974 305.956900119781 302.022079626719 303.988873958588 308.161417643229 297.882974147797 297.301133473714 315.670589605967 317.100246747335 290.492475032806 259.185632069906 219.7185754776 202.664256095886 209.541936715444 230.888803799947 263.154983520508
299.612243970235 293.20240020752 286.291658878326 275.377313296 276.054819424947 296.305398146311 316.044052441915 312.567671140035 300.030966599782 301.655511061351 300.928850968679 285.484850406647 274.339735507965 282.951732476552 295.448243618011 297.931253910065 293.966869513194 297.423422336578 291.81315501531 294.317404429118 296.157876650492 295.788009961446 292.871415615082 291.868011156718 296.339611212413 302.30700969696 309.862037499746 310.198148091634 304.949661095937 302.28445927302 307.618935902913 305.667459964752 295.18989721934 293.760677178701 297.08476861318 282.401303450267 279.745737711589 279.529949029287 271.398742993673 273.861885070801 283.668319384257 252.087235450745 226.822018623352 212.081015110016 213.442921638489 236.737767855326
293.517172336578 283.586700757345 289.753913879395 275.864640871684 268.029312292735 279.482881228129 305.012444655101 327.0050684611 321.564396222432 309.730728467305 299.035012722015 297.439455986023 302.35364039739 300.439417362213 302.424311637878 298.018554846446 298.147300879161 297.556519508362 295.978506406148 300.543467203776 295.228322347005 292.431732018789 292.834401130676 293.351213137309 294.945657253265 300.871908664703 304.765224456787 303.003112475077 302.49281724294 306.572496891022 308.127303918203 298.368493715922 283.173143863678 287.723660469055 286.410232385 269.760489463806 270.791749159495 270.715018113454 276.159008344014 295.328418413798 296.195467313131 285.472651322683 261.901338895162 245.091875394185 226.70046488444 219.791213671366
312.939961751302 307.93164173762 317.145784695943 312.223593393962 302.277525266012 306.525707244873 322.643915812174 343.680620193481 336.373686790466 313.11825911204 298.605561256409 304.580847422282 317.01918443044 313.924789428711 307.047247886658 307.122111320496 305.671572685242 299.06044403712 301.586111386617 299.758533636729 298.83861541748 294.076919555664 296.390473842621 297.975182533264 294.865647951762 299.440821011861 299.086252848307 297.634800275167 300.022701422373 308.374027411143 307.14358886083 297.003388404846 284.832696119944 285.592754681905 277.648488680522 272.995789845784 278.198023637136 279.09129858017 290.147304534912 316.506067911784 284.220476945241 270.195126533508 262.271722157796 253.244757652283 235.971331596375 214.246471722921
336.38588587443 333.838740984599 336.129744847616 338.554422060649 329.596479733785 323.353985945384 328.149914741516 342.369516690572 338.391621907552 309.322953224182 302.160163720449 312.403301397959 321.739633878072 314.688324928284 309.110740820567 313.683231671651 313.427885373433 307.945609092712 305.939078330994 306.564211845398 307.487924893697 300.028840700785 299.980700016022 301.013052463531 297.427495320638 297.07278807958 297.951698303223 301.436841487885 304.000635941823 309.815247853597 307.827830314636 299.067755540212 287.405769030253 281.959275404612 273.225625356038 278.157234191895 284.223814805349 283.995191256205 286.912381649017 306.174278259277 273.097038269043 231.132388114929 217.7907427152 211.661616961161 211.254040400187 205.663283665975
347.338914871216 345.384240150452 341.905832290649 342.58226553599 336.610992749532 329.030076662699 326.312601566315 331.913888454437 337.770263353984 317.560791969299 315.516630808512 320.833583672841 321.382522583008 314.442912737529 309.346775213877 312.235256036123 319.977700710297 312.650203704834 310.467024644216 311.732073624929 310.040473937988 305.046657721202 301.713188489278 302.718202273051 300.484081109365 299.601674079895 299.737552801768 303.670048713684 305.965940157572 307.983458042145 309.374113877614 302.017688751221 290.259162584941 275.1158674558 266.285578409831 281.949897607168 291.530986626943 289.462347825368 280.130704243978 293.535669644674 272.75154987971 205.661714076996 175.173421700796 163.022170464198 160.691916942596 170.534372329712
348.61413637797 350.909988085429 350.34966468811 348.467588424683 345.28660774231 340.636173884074 334.633151690165 330.520033836365 332.519312699636 328.645348548889 334.903399149577 332.64817794164 321.38454914093 323.072552680969 315.863033135732 309.015333652496 319.74579890569 317.697902520498 312.340219815572 311.285932858785 311.46240234375 306.54243628184 302.008211612701 301.823238531748 301.338990529378 302.871187527974 301.528712113698 303.97093296051 307.080050309499 307.456612586975 309.641261895498 304.327328999837 286.129673322042 263.58429590861 271.942555904388 294.294794400533 297.056794166565 291.95229212443 275.029301643372 280.420819918315 298.744638760885 249.642054239909 191.390057404836 161.733229955037 151.697734991709 148.627251386642
337.083578109741 340.301235516866 340.985854466756 344.430685043335 349.034667015076 352.952718734741 353.388786315918 351.270159085592 349.57214196523 350.445548693339 343.387842178345 330.695430437724 323.738793532054 321.533203125 319.65967019399 314.502557118734 316.119194030762 315.985242525737 309.967358907064 309.638241926829 308.87645483017 310.596982638041 307.964901129405 303.576310475667 301.850259304047 303.198218345642 305.442492167155 306.650956471761 307.701071103414 308.043956756592 308.276176452637 305.006225903829 281.177739302317 264.409263928731 287.248174349467 302.149077256521 297.963341077169 293.11329126358 280.057489871979 276.333073774974 310.046454270681 331.12355073293 276.29021803538 220.722039540609 180.378874142965 152.858912944794
