input/barkrak2/radiation/dir13924.grid
NCOLS 85 
NROWS 70 
XLLCORNER 665100 
YLLCORNER 4664600 
CELLSIZE 20 
NODATA_value -9999 
[rows 40 to 59 of 70, columns 0 to 45 of 85]
321.363548437754 322.306533654531 322.248975435893 324.144879976908 329.324682553609 332.7756524086 334.949572881063 336.897174517314 337.435841560364 328.396320343018 318.311472733815 314.598878224691 313.498616218567 310.55478254954 308.586120605469 307.268520196279 305.910050868988 304.784099260966 299.71832036972 297.978123029073 300.720473130544 304.185012976329 304.434736569722 301.728208859762 298.3491619428 295.556267102559 302.206099033356 302.057643731435 302.830259005229 301.819602648417 299.620429674784 296.466628710429 275.189598401388 272.820790608724 295.69677511851 295.944631099701 286.11155351003 284.395893414815 285.832464694977 277.111570040385 287.023703257243 322.560250759125 331.111590067546 278.951744238536 217.136800289154 176.306664943695
326.495051383972 324.661056200663 324.836373329163 325.400193532308 322.666903336843 320.637345314026 320.221066474915 320.732374986013 324.291010697683 318.267623583476 312.037030855815 312.369604905446 315.035760402679 313.088953495026 312.213540077209 309.583942095439 305.112361907959 309.414009253184 310.529927412669 305.566887060801 306.382139523824 306.529402732849 304.715057214101 305.326739947001 305.151422818502 300.824205080668 303.535620371501 304.386973381042 303.256769975026 303.789774576823 302.176634470622 297.320425510406 281.481643517812 284.434040387471 295.961697896322 286.802411079407 271.501501401265 269.991874694824 276.188651720683 282.554586728414 300.74135462443 313.772559165955 321.22399409612 309.341629346212 260.835687319438 212.805251280467
328.457037607829 326.724092165629 328.327973683675 327.648421128591 323.041160901388 320.790827274323 320.148527622223 318.128784497579 318.503161271413 315.414071083069 313.456892967224 312.358260154724 314.242243766785 315.938353538513 315.964500109355 314.182281494141 311.056653658549 314.143717288971 314.866900444031 310.544451077779 307.971199353536 304.404477278392 302.490333716075 303.098142147064 304.019033908844 300.470352172852 295.45780022939 298.187951246897 300.132751464844 301.286578178406 300.724983215332 293.710807959239 287.359615166982 292.720059553782 293.617149194082 274.914383888245 259.234269460042 263.99560769399 277.608613173167 290.570894877116 299.576381842295 298.307200272878 292.094071706136 289.879480997721 267.691334088643 215.851843357086
318.859775861104 320.881942907969 325.985391934713 324.162761370341 324.891726175944 326.648493607839 326.841473579407 324.033220609029 316.656589508057 314.944644769033 317.424555619558 313.989202181498 313.404977321625 316.583732763926 316.14092985789 314.636131127675 315.964023272196 315.268297990163 316.184520721436 311.617016792297 306.80787563324 302.421033382416 301.104923089345 300.107896327972 299.732168515523 301.600337028503 294.997791449229 295.949081579844 298.270483811696 296.879450480143 293.901244799296 288.034558296204 290.459036827087 293.843011061351 282.674789428711 260.242819786072 255.126595497131 268.577893575033 286.873718102773 291.341463724772 289.960443973541 286.306579907735 278.053005536397 270.976583162944 256.517847379049 222.83548116684
318.431437015533 322.015762329102 323.818683624268 323.851148287455 324.562708536784 326.034665107727 325.848837693532 322.914858659108 320.500572522481 317.291855812073 318.644464015961 317.251086235046 314.075688521067 312.343219916026 312.492112318675 311.781307061513 308.261771996816 312.533418337504 314.306855201721 310.234447320302 307.809313138326 303.903202215831 302.464703718821 300.254384676615 297.295530637105 303.121248881022 304.368774096171 299.492041269938 297.804673512777 295.071542263031 288.960456848145 285.092155138652 284.758667151133 281.693418820699 271.276434262594 256.979902585347 259.059647719065 275.093019008636 289.635439713796 286.242127418518 286.648650964101 278.223931789398 267.322182655334 259.02779897054 251.765350500743 235.322038332621
322.871565818787 325.185974438985 323.29539457957 324.561317761739 323.03508122762 323.219199975332 324.246724446615 322.91708389918 324.090838432312 321.635206540426 320.38015127182 320.166369279226 317.382236321767 313.403983910878 311.892787615458 313.720921675364 309.872468312581 309.867898623149 311.311980088552 310.897409915924 306.401948134104 305.073579152425 305.028180281321 303.100069363912 300.938129425049 299.914558728536 304.003397623698 301.553845405579 298.454801241557 293.839414914449 287.704110145569 284.404059251149 283.007582028707 274.637957413991 261.914928754171 249.16793902715 255.494276682536 273.604333400726 280.575156211853 272.397518157959 277.556697527568 269.561648368835 258.72391462326 260.439932346344 265.722453594208 250.264624754588
322.179536024729 323.208848635356 324.148217837016 325.17417271932 324.29164648056 324.366470177968 325.580060482025 326.050817966461 324.274698893229 323.855141798655 323.487381140391 322.252551714579 320.12011607488 317.242880662282 316.059331099192 317.704717318217 313.296735286713 308.076659838359 311.990896860758 310.392479101817 307.456453641256 305.409212907155 303.721904754639 300.000468889872 304.940501848857 299.748619397481 297.85696665446 298.136432965596 294.795393943787 292.355914910634 289.500077565511 285.658299922943 280.398309230804 271.847526232402 260.301907857259 250.630100568136 257.801532745361 270.659327507019 269.545038541158 270.413716634115 275.89738368988 265.442132949829 262.518445650737 270.130376021067 276.387214660645 262.156109015147
318.284630775452 319.957574208577 322.888592878977 323.61364364624 325.549225012461 326.148947079976 325.087487697601 324.728071689606 324.944972991943 326.301217079163 324.76532459259 321.805536746979 320.041378339132 319.177885850271 316.557347774506 313.625395298004 313.368896643321 304.768284161886 309.626678625743 308.513263861338 303.500235080719 304.541846116384 305.48620223999 296.68919245402 296.70250415802 296.233614285787 289.739509423574 291.717370351156 292.357643445333 291.236619154612 288.926601409912 285.245855649312 277.199109395345 276.391545931498 272.719343503316 262.470761934916 263.754407564799 268.662095069885 271.208882331848 278.929193814596 275.332490603129 267.141381899516 270.256400108337 272.457242012024 270.736813545227 259.388526280721
313.501040140788 315.816362698873 318.873524665833 321.061392625173 324.956794579824 326.868792374929 324.296593666077 323.368648687998 325.479288895925 327.013333638509 325.957993666331 322.937607765198 320.068935553233 320.804556210836 316.745976607005 312.438269456228 309.349417686462 305.011391639709 305.500725905101 306.339065233866 306.481738885244 304.981867472331 303.179105122884 296.566208203634 291.933417320251 294.585128625234 292.993267377218 294.567545255025 295.561790466309 297.521909077962 298.131465911865 295.628488063812 285.560349623362 286.767840385437 282.588601112366 269.272804260254 269.218862056732 273.773193359375 276.258726914724 278.170744578044 268.168449401855 264.291564623515 263.033409913381 258.777876694997 256.232539812724 255.671958128611
312.758982181549 311.114251613617 313.742220401764 319.260120391846 322.821358839671 324.536701043447 325.332363446554 327.149868011475 327.440857887268 324.780245621999 325.180530548096 324.326992034912 322.379847367605 318.474352359772 317.616144816081 312.35545873642 309.980014959971 303.718348344167 303.248842557271 308.693369229635 306.927581628164 303.311725457509 299.919068813324 298.399408658346 294.961889584859 297.685345013936 297.346234321594 297.990997632345 301.410317420959 306.490997473399 306.51181936264 302.980522314707 296.818693478902 295.011142889659 287.09735472997 274.149517218272 269.349892934163 275.131583213806 277.896821498871 267.914076646169 256.610631942749 259.511212507884 259.252508481344 253.453016281128 252.93093919754 256.065328915914
313.071409861247 315.296272436778 317.423224449158 321.937461694082 321.719805399577 321.912884712219 326.025764147441 328.322609265645 327.554742495219 326.551377773285 326.547205448151 324.549714724223 321.305215358734 318.804105122884 316.304306189219 317.299008369446 309.285163879395 303.167184193929 300.818125406901 307.529171307882 307.527601718903 304.90630865097 301.440834999084 299.381673336029 295.693596204122 299.736559391022 301.428437232971 298.853397369385 301.399270693461 305.224617322286 307.884792486827 306.305289268494 297.702034314473 292.273898919423 281.386911869049 271.726806958516 269.200583299001 274.085779984792 271.90895875295 256.933848063151 252.957125504812 264.315704504649 264.130850632985 256.101727485657 254.335165023804 249.764978885651
313.794990380605 320.137759049733 321.671068668365 322.607417901357 320.79553604126 319.561700026194 323.408703009288 326.755305131276 325.815796852112 327.630201975505 325.474460919698 324.101090431213 320.281604925791 317.338824272156 311.451633771261 316.849271456401 309.66313680013 302.234689394633 299.694955348969 302.884956200918 303.225258986155 303.356488545736 300.962289174398 295.107801755269 292.519728342692 295.54029305776 295.943041642507 295.886298020681 296.783030033112 300.500134627024 305.346588293711 304.413100083669 293.726185957591 280.707200368245 253.466308116913 242.166479428609 254.80459133784 266.29642645518 267.253835995992 266.329864660899 271.911243597666 272.517800331116 256.055474281311 248.735924561818 256.797194480896 244.656165440877
315.222541491191 313.51629892985 312.820275624593 314.580281575521 318.310618400574 321.478684743245 320.812483628591 322.780927022298 322.7552374204 324.392000834147 323.824147383372 322.562575340271 322.58943716685 316.641430060069 312.21870581309 309.701164563497 311.468561490377 302.320381005605 297.877430915833 297.894517580668 297.184725602468 297.152797381083 296.55659198761 291.441222031911 291.301846504211 290.928324063619 289.178431034088 289.328853289286 288.649996121724 289.365887641907 293.153663476308 296.554048856099 275.0443816185 248.230814933777 219.776848951975 208.063960075378 221.624493598938 248.921751976013 268.416146437327 267.228603363037 267.496228218079 260.414977868398 245.49400806427 246.578931808472 253.301242987315 230.893095334371
317.570686340332 309.774279594421 306.785106658936 310.921768347422 318.212032318115 321.718156337738 320.096929868062 321.422318617503 321.900486946106 319.362839063009 320.018549760183 318.940063317617 320.510586102804 317.810257275899 311.961392561595 309.906800587972 312.050819396973 303.893725077311 299.785931905111 300.759255886078 299.60823059082 296.415388584137 294.610540072123 290.737787882487 289.24306233724 289.90246852239 286.611874898275 286.376674969991 284.785072008769 278.955618540446 272.728661696116 269.788801670074 248.769382635752 224.795659383138 213.769614696503 205.882290999095 196.91409667333 206.73014720281 225.402037302653 248.553971449534 257.520238558451 247.322817643483 241.864025592804 242.619057496389 234.170277913411 216.32198492686
318.082769711812 313.299755255381 309.621175130208 310.218592484792 316.238602002462 322.135388851166 323.083400726318 317.560791969299 320.338785648346 316.41552845637 317.392567793528 318.780779838562 318.71763865153 319.685995578766 313.840508460999 312.547902266185 313.795785109202 305.004278818766 302.354554335276 301.278750101725 303.252100944519 299.511015415192 296.810368696849 294.93655761083 291.266560554504 290.174802144368 288.08073202769 285.660843054454 282.190283139547 275.282263755798 267.734746138255 260.823289553324 241.253515084585 229.421476523081 232.390364011129 232.956230640411 221.587200959524 210.220058759054 201.275944709778 211.399714152018 230.961541334788 226.330478986104 219.184517860413 210.908850034078 207.032362620036 205.684423446655
319.488267103831 316.481331984202 312.251349290212 308.182497819265 311.951319376628 316.804309686025 318.108598391215 316.10494852066 315.432031949361 318.130493164062 320.273300011953 321.403344472249 319.681704044342 318.650305271149 314.164161682129 314.297199249268 313.940684000651 309.048076470693 303.773363431295 302.08965142568 300.520737965902 298.333326975505 299.785514672597 299.627939860026 295.774400234222 293.602526187897 288.964788118998 282.277206579844 276.093443234762 272.213935852051 270.058910051982 266.366044680278 249.112764994303 244.939545790354 249.745905399323 256.167014439901 263.074100017548 256.332516670227 239.399949709574 208.612561225891 208.159406979879 214.172561963399 211.612025896708 207.234938939412 212.112923463186 221.118569374084
320.361455281576 318.87423992157 315.869073073069 306.43634001414 303.667902946472 311.832229296366 315.429429213206 316.120346387227 313.351730505625 315.557758013407 321.362058321635 321.086525917053 317.850689093272 317.484815915426 316.613038380941 311.757365862529 312.444746494293 309.864143530528 305.620133876801 304.274141788483 302.739183108012 300.855855147044 297.181248664856 295.539279778798 295.829931894938 292.449752489726 277.340312798818 257.761836051941 253.189305464427 256.966888904572 264.191448688507 263.151923815409 250.019749005636 245.14901638031 253.786941369375 265.584925810496 280.119101206462 287.451068560282 277.814129988352 241.940180460612 213.822225729624 220.160444577535 230.059663454692 239.693303902944 248.637080192566 254.404842853546
318.893233935038 314.047276973724 313.274919986725 311.179260412852 305.067539215088 308.279474576314 315.085411071777 316.609958807627 312.879145145416 312.845349311829 318.141500155131 319.107095400492 316.837668418884 316.028793652852 315.86213906606 311.088720957438 310.628135999044 307.426611582438 303.931295871735 306.075572967529 305.526634057363 304.020047187805 300.148963928223 295.034309228261 294.154326121012 293.612957000732 278.506755828857 257.750312487284 256.275852521261 261.271357536316 267.162005106608 262.640039126078 257.181882858276 258.669257164001 273.102124532064 278.103133042653 283.631801605225 261.400918165843 235.41671037674 227.994163831075 237.024029095968 248.229563236237 243.552108605703 235.278387864431 234.42002137502 246.954719225566
308.44513575236 312.860389550527 311.276813348134 309.58616733551 305.234471956889 304.565270741781 314.281682173411 316.797773043315 312.094748020172 310.933311780294 315.620541572571 318.179567654928 315.943459669749 313.381413618724 313.204566637675 309.773186842601 307.581305503845 306.878467400869 305.303414662679 307.864725589752 307.840605576833 304.671724637349 300.642748673757 297.97770579656 296.929995218913 296.509305636088 291.743397712708 287.35214471817 282.746056715647 281.990468502045 277.67276763916 270.379900932312 270.092646280924 269.773602485657 264.943738778432 247.518539428711 229.56375281016 194.638172785441 175.46139160792 212.193349997203 250.337898731232 255.38569688797 236.789504686991 229.748109976451 238.136072953542 250.92617670695
299.425601959229 308.271050453186 309.458057085673 307.457864284515 306.554694970449 302.310625712077 307.239810625712 314.279437065125 316.577275594076 311.293959617615 313.216328620911 316.507875919342 316.056728363037 314.148743947347 312.656084696452 310.405850410461 307.20975001653 304.481983184814 301.592787106832 299.949546655019 301.028768221537 299.792289733887 298.595070838928 298.937996228536 296.814501285553 301.314393679301 304.144581158956 305.766224861145 290.899336338043 288.634836673737 280.754566192627 267.28618144989 266.533553600311 250.415404637655 217.409988244375 193.133493264516 181.224564711253 170.257210731506 162.53450512886 184.118827184041 211.266001065572 234.050631523132 238.121032714844 252.395908037821 281.890134016673 289.767901102702
