input/barkrak2/radiation/dir17624.grid
NCOLS 85 
NROWS 70 
XLLCORNER 665100 
YLLCORNER 4664600 
CELLSIZE 20 
NODATA_value -9999 
[rows 20 to 39 of 70, columns 0 to 45 of 85]
211.441298325857 204.912006855011 221.302151679993 262.940367062887 258.875747521718 207.514643669128 189.883828163147 196.339249610901 209.310253461202 231.231808662415 245.539963245392 252.8049548467 264.732976754506 274.838924407959 293.078680833181 327.267368634542 336.655696233114 339.633862177531 343.331416447957 349.252859751383 351.139426231384 346.11435731252 345.285177230835 346.705277760824 347.603718439738 347.705324490865 349.280595779419 345.853845278422 341.078639030457 340.770085652669 335.218032201131 325.480878353119 318.267285823822 315.544247627258 313.972214857737 318.81844997406 319.088776906331 321.331222852071 325.709978739421 328.135430812836 328.980803489685 328.985154628754 329.76096868515 325.957675774892 329.905311266581 333.053052425385
236.089626948039 237.369934717814 257.596214612325 288.394649823507 282.758176326752 222.779015700022 202.544291814168 200.890342394511 211.041967074076 224.621812502543 234.532594680786 245.537261168162 255.633950233459 263.206521670024 275.877892971039 295.032242933909 325.625677903493 335.251251856486 340.10899066925 346.149285634359 349.469025929769 352.969964345296 353.992223739624 353.475014368693 350.928703943888 346.710801124573 344.288984934489 340.858737627665 339.463313420614 332.894265651703 317.214767138163 290.580968062083 272.435228029887 271.826485792796 279.75724140803 297.577659289042 304.603636264801 317.083736260732 325.751821200053 326.567073663076 324.994524319967 323.06174437205 318.058689435323 305.938978989919 322.178900241852 330.075840155284
273.934086163839 282.96301762263 293.27650864919 303.657213846842 303.777317206065 256.178836027781 225.334088007609 208.806872367859 205.437541007996 219.700376192729 236.823678016663 244.806071122487 259.198606014252 268.725355466207 273.825605710347 290.364782015483 303.479293982188 328.062653541565 335.031032562256 336.195349693298 338.841239611308 346.468170483907 350.920716921488 350.665330886841 348.169843355815 346.899588902791 343.521515528361 340.349912643433 327.574531237284 311.30987405777 268.325547377268 217.137296994527 198.556264241536 216.862758000692 244.900365670522 267.764886220296 285.090168317159 303.893029689789 315.079569816589 316.782275835673 319.609264532725 320.025185743968 299.718062082926 280.575970808665 305.702308813731 327.622989813487
291.526893774668 295.698861281077 299.864033857981 308.109243710836 308.003226915995 289.592047532399 250.106771787008 218.376060326894 203.0388712883 208.137929439545 232.896248499552 245.027939478556 261.976301670074 279.107312361399 280.986686547597 284.98653570811 298.063178857168 312.161087989807 327.106277147929 325.441201527913 324.076215426127 327.626864115397 336.426337560018 342.137296994527 342.783411343892 337.121764818827 322.104175885518 304.567058881124 278.955181439718 234.855651855469 196.932117144267 171.801090240479 147.373010714849 148.497561613719 162.487268447876 199.142436186473 237.763345241547 263.862371444702 279.585619767507 289.153933525085 288.656910260518 274.471640586853 260.21550099055 292.74187485377 287.57385412852 321.759899457296
283.270001411438 285.843114058177 298.217236995697 309.40177043279 301.400701204936 290.037473042806 258.650183677673 234.069546063741 213.94952138265 209.717154502869 225.909014542898 242.133975028992 255.512396494548 273.857156435649 280.447761217753 281.967202822367 294.027109940847 306.49745464325 316.241045792898 317.473212877909 321.807503700256 318.799018859863 325.727840264638 315.744519233704 306.085467338562 301.06649796168 292.091965675354 280.673086643219 246.956646442413 191.094060738881 169.335146745046 166.948119799296 150.048673152924 129.780520995458 120.242029428482 135.578900575638 181.72013759613 219.04577811559 243.841052055359 257.510781288147 246.673146883647 225.179314613342 246.302306652069 308.088302612305 299.958964188894 322.809120019277
278.421501318614 282.294909159342 295.763115088145 305.724342664083 303.035060564677 291.75853729248 267.273743947347 256.103833516439 247.72185087204 232.518474260966 232.898116111755 252.102732658386 267.183621724447 282.013535499573 288.803100585938 286.51640812556 293.07226339976 304.782549540202 311.109960079193 318.289438883464 327.203313509623 318.743924299876 298.7300157547 294.630368550618 295.155624548594 290.960669517517 281.306385993958 267.707626024882 224.1450548172 195.241312185923 194.339474042257 211.34881178538 216.449101765951 193.885842959086 158.76962741216 138.371010621389 157.852123181025 185.735205809275 226.736843585968 241.352021694183 222.406983375549 213.515182336171 254.026850064596 290.917913118998 310.887595017751 334.295352300008
280.510703722636 282.298465569814 291.154325008392 301.827530066172 315.593779087067 299.805283546448 279.368142286936 268.533647060394 266.34289820989 260.853707790375 252.920985221863 268.03986231486 280.873835086823 296.19022210439 297.15089003245 293.211360772451 295.720378557841 305.580258369446 313.128888607025 322.179039319356 316.293517748515 308.753331502279 304.846664269765 297.194957733154 294.473548730214 292.275746663411 280.173778533936 266.263584295909 230.004608631134 223.957022031148 246.171832084656 269.205033779144 273.125290870667 286.651770273844 268.079439798991 184.235791365306 169.146021207174 181.246081988017 207.80223608017 239.33200041453 231.820205847422 263.284603754679 255.690415700277 267.59946346283 302.042166392008 323.859254519145
284.761230150859 280.940055847168 284.290631612142 297.450423240662 334.438800811768 307.876686255137 284.801423549652 267.037928104401 267.463525136312 275.471309820811 268.916666507721 274.998505910238 288.351893424988 299.390157063802 301.098306973775 300.667544205983 301.924328009288 309.305608272552 308.264891306559 311.305900414785 308.345754941305 301.878611246745 300.468603769938 306.022961934408 303.309440612793 297.227263450623 289.018313090007 277.121543884277 251.596689224243 249.7252424558 274.544656276703 289.223412672679 287.091513474782 300.964991251628 329.578081766764 264.930705229441 200.071215629578 184.953927993774 199.187139670054 243.054310480754 269.227604071299 312.257707118988 265.620748202006 259.225169817607 290.736099084218 302.065114180247
281.69059753418 274.105827013652 278.183460235596 303.91788482666 345.630566279093 305.102864901225 274.978895982107 261.70281569163 267.292241255442 275.711894035339 274.503270785014 273.40559164683 287.308692932129 300.725837548574 304.36114470164 309.607724348704 305.042227109273 294.189830621084 302.347938219706 302.908261617025 303.915023803711 298.931976159414 298.813780148824 302.471796671549 308.496594429016 300.855100154877 296.130180358887 286.760767300924 262.315034866333 256.563285986582 279.726545015971 298.090934753418 296.433349450429 294.506072998047 317.136406898499 324.218650658925 236.733098824819 179.009954134623 168.841004371643 215.038577715556 277.966280778249 293.678442637126 257.29779402415 236.183325449626 263.058384259542 277.590394020081
274.013141791026 266.432364781698 275.299509366353 314.287920792898 342.312018076579 302.753448486328 268.633266290029 251.293838024139 249.698082605998 254.219313462575 255.987465381622 261.548618475596 283.697764078776 300.865491231283 304.677049318949 306.280334790548 304.434458414714 293.404738108317 294.726471106211 296.880503495534 297.404547532399 299.028873443604 298.273046811422 302.767217159271 306.677460670471 305.655439694722 302.812953790029 292.631049950918 270.469069480896 265.562733014425 284.348328908284 302.522718906403 297.699093818665 294.044176737467 303.000390529633 324.305176734924 314.627587795258 242.096245288849 192.928711573283 201.834003130595 237.171173095703 252.601504325867 251.381754875183 222.161372502645 235.767980416616 263.220051924388
261.928200721741 272.352914015452 301.69798930486 347.340226173401 349.525332450867 307.706395785014 271.053473154704 245.161394278208 238.046487172445 248.947481314341 244.004547595978 242.83508459727 276.506106058757 300.34331480662 305.169999599457 308.725774288177 309.195041656494 297.908743222555 298.966944217682 299.503127733866 298.780381679535 301.580329736074 302.924672762553 306.484897931417 308.076004187266 310.591499010722 310.889661312103 300.98291238149 283.163547515869 278.141399224599 289.789140224457 302.535057067871 300.107598304749 299.150745073954 302.335739135742 304.819107055664 329.929093519847 343.941926956177 279.976566632589 233.072638511658 220.896303653717 211.647848288218 226.732055346171 225.036978721619 232.726871967316 269.152601559957
280.420462290446 304.965376853943 321.711321671804 325.896779696147 355.361302693685 338.918646176656 305.652141571045 267.704168955485 251.977642377218 265.099406242371 261.947751045227 242.040395736694 261.699557304382 293.53145758311 305.345376332601 308.317303657532 309.532801310221 307.744701703389 300.725837548574 301.276246706645 303.323209285736 305.805424849192 307.469467322032 308.064679304759 309.532761573792 315.867483615875 317.972381909688 315.072635809581 300.594210624695 293.799916903178 296.680490175883 300.082325935364 301.702717940013 305.810729662577 308.149874210358 296.341737111409 305.240094661713 344.488779703776 344.164450963338 286.132911841075 237.94694741567 210.372010866801 210.891286532084 229.259451230367 253.458678722382 284.032622973124
308.961431185404 316.130956013997 304.036736488342 296.082297960917 315.199911594391 338.243921597799 335.286815961202 308.125654856364 283.703446388245 288.566430409749 290.602962176005 268.637537956238 262.702027956645 286.587715148926 305.327634016673 308.814903100332 307.456394036611 310.922821362813 304.14879322052 303.121089935303 307.136436303457 309.996326764425 308.340926965078 308.834969997406 311.42779191335 318.601648012797 323.579510052999 323.698997497559 310.074369112651 300.781408945719 306.722362836202 309.039314587911 304.715673128764 307.137290636698 311.412870883942 301.565647125244 300.663411617279 321.522335211436 328.523735205332 305.925627549489 276.878297328949 234.825332959493 213.804125785828 223.628520965576 245.176593462626 276.646832625071
296.853502591451 288.13644250234 280.377964178721 269.146164258321 269.486864407857 290.700654188792 313.254714012146 312.949438889821 302.98509200414 307.123303413391 306.019683678945 292.445600032806 284.206966559092 294.81029510498 307.946085929871 308.482706546783 306.933363278707 308.645447095235 301.867047945658 306.077897548676 306.042671203613 309.116045633952 307.547469933828 306.496500968933 310.37175655365 316.857755184174 321.562707424164 322.062810262044 313.121418158213 307.9860607783 312.316159407298 310.412247975667 299.879650274913 299.672484397888 303.919414679209 289.142409960429 286.238571008046 287.817041079203 283.950765927633 290.534238020579 300.074199835459 266.188184420268 237.618247667948 228.58601808548 230.311354001363 252.986570199331
288.82223367691 277.447164058685 283.870021502177 269.23280954361 260.97571849823 272.946079572042 300.187110900879 326.599478721619 324.336806933085 314.283649126689 302.56187915802 301.208396752675 311.029374599457 311.88843647639 310.400903224945 309.391617774963 309.827963511149 307.901124159495 306.471188863118 309.20664469401 308.708091576894 306.565920511882 306.262771288554 307.928502559662 309.172431627909 311.542352040609 315.756539503733 314.596235752106 313.132663567861 313.332358996073 313.712318738302 303.678254286448 288.328687349955 293.900231520335 293.420275052388 277.324736118317 277.950962384542 278.202056884766 286.60116593043 310.508211453756 309.640129407247 295.541346073151 273.682316144307 257.876654465993 239.776114622752 233.043074607849
309.758722782135 304.007490475972 313.874244689941 308.57906738917 298.261066277822 303.218205769857 320.567190647125 344.212015469869 339.657346407572 316.743473211924 301.551123460134 310.29886007309 325.701177120209 323.528071244558 316.570063432058 319.569845994314 314.170559247335 311.072031656901 313.360432783763 314.481377601624 312.54788239797 309.48539574941 308.451334635417 310.408810774485 309.115091959635 310.262163480123 312.249720096588 308.901250362396 312.011281649272 316.840807596842 313.571810722351 302.967925866445 289.846738179525 290.502667427063 284.206330776215 280.014952023824 285.052239894867 285.200874010722 297.607521216075 329.815705617269 298.721273740133 282.363514105479 274.743338425954 266.728440920512 252.637386322021 228.826661904653
336.998621622721 333.731611569722 335.774938265483 338.561375935872 329.412341117859 322.940607865651 327.514906724294 342.476367950439 340.694824854533 313.543279965719 305.377105871836 318.231701850891 331.737359364827 323.920945326487 320.59516509374 322.011530399323 327.165802319845 317.471563816071 320.459485054016 320.974389712016 318.203826745351 315.068364143372 312.030692895253 313.865979512533 310.406049092611 308.104634284973 309.639930725098 312.3978972435 314.942797025045 319.24968957901 315.763572851817 304.927130540212 292.458097139994 286.208669344584 279.073556264242 284.302552541097 290.938317775726 289.537370204926 292.666435241699 317.977050940196 288.545330365499 246.388375759125 235.231896241506 229.588945706685 226.832568645477 220.915595690409
351.038098335266 347.439527511597 341.698050498962 342.812061309814 337.653676668803 329.012711842855 325.180013974508 330.578804016113 338.113228480021 319.530487060547 321.414430936178 330.410758654277 329.120059808095 325.756172339122 322.569648424784 325.110077857971 330.901463826497 327.164749304454 324.635406335195 322.49504327774 322.695036729177 318.80929072698 314.822475115458 312.786201635997 313.272853692373 310.524046421051 311.484555403392 314.514259497325 315.427084763845 318.049848079681 316.498001416524 307.102898756663 295.899748802185 280.04910548528 272.122224171956 287.279228369395 297.402739524841 294.894496599833 284.652590751648 301.93551381429 290.289243062337 223.445097605387 194.162547588348 181.490143140157 181.541005770365 188.736399014791
355.705102284749 357.898155848185 356.238166491191 353.460033734639 348.811864852905 342.499097188314 334.421118100484 329.105218251546 331.658085187276 329.830765724182 339.954137802124 340.829928716024 333.461840947469 335.392395655314 328.173359235128 325.995703538259 331.743617852529 331.624666849772 324.575384457906 323.478698730469 321.869572003682 317.853132883708 313.425004482269 312.163770198822 314.193467299143 313.503901163737 312.146445115407 315.049688021342 316.719114780426 315.906266371409 317.629456520081 311.00994348526 290.640731652578 268.950939178467 277.722517649333 299.104909102122 301.623304684957 295.63973347346 278.872927029928 284.940620263418 311.522543430328 269.071221351624 211.759606997172 181.620379288991 169.489542643229 164.123833179474
347.779313723246 350.447257359823 350.287278493245 353.723923365275 357.157309850057 359.000603357951 357.723871866862 354.073842366536 351.74036026001 354.982296625773 352.64774163564 342.149496078491 338.315924008687 334.359685579936 333.71623357137 327.501614888509 329.058527946472 330.259581406911 323.3336408933 321.809609731038 323.636253674825 322.140216827393 320.165634155273 313.29733133316 312.34073638916 313.337008158366 314.271767934163 316.886266072591 318.293790022532 318.303783734639 316.91567103068 312.064369519552 286.878705024719 269.58179473877 291.321853796641 305.84055185318 301.175018151601 297.183314959208 283.566514650981 277.961532274882 314.333160718282 343.644738197327 293.513834476471 240.304032961527 199.082573254903 168.516437212626
