input/barkrak2/radiation/dir11524.grid
NCOLS 85 
NROWS 70 
XLLCORNER 665100 
YLLCORNER 4664600 
CELLSIZE 20 
NODATA_value -9999 
[rows 20 to 39 of 70, columns 0 to 45 of 85]
140.4194633166 129.087537527084 139.864712953568 174.233555793762 169.68431075414 138.888339201609 129.782110452652 136.925667524338 149.103830258052 168.209850788116 182.274103164673 184.193332990011 187.886913617452 193.682670593262 203.757762908936 222.271323204041 237.7570271492 250.899891058604 265.296399593353 283.753116925557 291.541675726573 288.260678450267 287.085910638173 289.543271064758 290.507038434346 292.584478855133 296.196420987447 294.654150803884 291.92845026652 290.785531202952 283.268392086029 269.225120544434 255.67893187205 247.149348258972 243.782917658488 249.562462170919 249.362190564473 251.661817232768 256.667892138163 260.713199774424 261.98947429657 262.220124403636 264.348864555359 258.421381314596 264.134387175242 267.781356970469
171.535034974416 163.897385199865 169.545710086823 201.172073682149 197.715799013774 146.376073360443 140.007515748342 149.969786405563 155.299345652262 168.394982814789 174.679776032766 181.252241134644 183.019717534383 183.158934116364 193.984985351562 211.836059888204 227.494259675344 240.694085756938 253.796497980754 271.966179211934 282.883763313293 296.06831073761 302.999277909597 302.48483022054 293.884535630544 281.043410301208 265.258987744649 259.263435999552 257.442553838094 253.211001555125 248.116413752238 222.554723421733 198.345442612966 192.412535349528 198.320190111796 219.445327917735 228.201409180959 244.628369808197 256.446321805318 257.616102695465 254.60422039032 253.568967183431 247.04643090566 229.341506958008 251.793126265208 263.158520062764
217.131813367208 219.332695007324 213.016907374064 220.747431119283 220.490097999573 174.712419509888 165.632615486781 158.016045888265 152.449895938238 157.663057247798 175.536652406057 182.682037353516 188.061316808065 193.365871906281 196.812589963277 206.845164299011 217.614154020945 231.222331523895 242.191175619761 245.617667833964 242.82044172287 255.760967731476 263.399004936218 265.681008497874 266.155918439229 259.660601615906 245.346903800964 237.666567166646 230.47149181366 220.232605934143 188.89307975769 147.980233033498 122.631559769313 127.398828665415 156.143188476562 182.484070460002 202.957451343536 225.188016891479 239.809314409892 243.862589200338 247.023979822795 248.470922311147 223.767836888631 198.688805103302 228.897710641225 259.821494420369
246.926963329315 244.066894054413 227.592388788859 226.614455382029 225.619514783223 213.161706924438 187.956829865774 164.947092533112 151.625057061513 152.598649263382 176.053027311961 185.953100522359 197.669605414073 206.136624018351 204.970876375834 205.192605654399 210.385123888652 222.067097822825 226.450204849243 218.429207801819 218.139549096425 222.255885601044 234.961450099945 243.150393168132 249.868154525757 249.230285485586 235.516707102458 226.116319497426 206.997176011403 169.854700565338 140.785564978917 114.717781543732 77.5319834550222 43.2261774937312 46.559676527977 86.3235493501027 134.840995073318 171.258151531219 195.276240507762 206.823627154032 205.556035041809 188.582380612691 179.714361826579 211.695551872253 217.314918835958 247.089624404907
240.89785416921 240.553657213847 236.687183380127 229.314784208934 217.308163642883 212.995092074076 193.747242291768 178.069313367208 163.137495517731 158.037642637889 167.540788650513 183.762907981873 192.083716392517 202.565630276998 196.462909380595 197.530488173167 203.550557295481 215.377589066823 224.693675835927 215.65177043279 215.769191582998 209.606289863586 218.210319677989 228.402356306712 228.511035442352 226.258118947347 220.665574073792 205.89272181193 185.09695927302 135.686079661051 115.345825751623 111.342708269755 87.0819787184397 36.4129493633906 30.1012396812439 55.2819818258286 87.8803730010986 113.136400779088 138.704667488734 163.921932379405 154.589682817459 136.092921098073 157.715241114298 235.336979230245 234.104593594869 249.275962511698
230.749209721883 235.641717910767 241.087396939596 229.980826377869 218.43014160792 213.148355484009 204.954624176025 205.381711324056 201.819141705831 187.975505987803 184.326330820719 198.287049929301 199.414054552714 209.250966707865 211.683849493663 202.43897040685 205.812891324361 216.352343559265 222.938557465871 226.463556289673 230.147222677867 223.216573397319 219.704349835714 218.246201674143 217.828710873922 218.913356463114 209.869901339213 202.314714590708 170.074582099915 146.285802125931 142.445027828217 156.282842159271 154.477675755819 100.968758265177 66.5448854366938 74.3631025155385 80.6156645218531 98.5011061032613 121.86457713445 124.808152516683 124.24510717392 122.404714425405 165.471255779266 231.536606947581 247.484008471171 261.886199315389
231.453537940979 235.295077164968 240.313867727915 232.885479927063 233.595987161001 229.60509856542 227.012654145559 228.274961312612 232.175707817078 225.279053052266 209.025899569194 220.823188622793 218.223015467326 226.878384749095 225.348830223083 214.298446973165 210.286180178324 220.777173837026 228.045086065928 240.552643934886 244.308153788249 239.047646522522 229.68856493632 221.320947011312 218.402842680613 219.266931215922 211.278935273488 207.285126050313 182.023763656616 179.657419522603 197.464207808177 222.978472709656 230.081578095754 227.556824684143 178.826212882996 105.597714583079 98.713626464208 103.640755017598 119.202742973963 129.658649365107 139.10436630249 173.406640688578 192.693531513214 216.69203042984 241.095105806986 250.52018960317
234.754820664724 231.54890537262 234.185636043549 233.499487241109 260.686755180359 249.2622534434 244.606773058573 237.126648426056 239.926854769389 242.055952548981 226.488292217255 220.617949962616 224.922517935435 228.765070438385 231.890400250753 226.257741451263 221.375246842702 228.702624638875 237.71878083547 243.910113970439 243.179897467295 233.93189907074 230.254530906677 229.289809862773 226.384123166402 224.430580933889 220.753868420919 215.262432893117 213.476498921712 216.351211071014 235.557774702708 249.430040518443 253.168304761251 266.287088394165 263.307849566142 177.256325880686 123.291263977687 108.23925336202 111.475100119909 133.578250805537 172.808428605398 237.65907684962 208.486278851827 201.079269250234 219.775279362996 228.061298529307
233.955125013987 223.375042279561 226.755499839783 239.625175793966 278.87366215388 256.074865659078 239.822427431742 230.418543020884 231.618424256643 232.118368148804 223.989963531494 214.890976746877 223.112861315409 231.828927993774 233.288586139679 236.136416594187 230.370819568634 226.480861504873 236.597875754038 238.264362017314 237.017412980398 229.435245196025 230.444232622782 235.151012738546 235.29330889384 227.104922135671 228.354374567668 222.242792447408 222.240447998047 228.627423445384 248.744368553162 264.47727282842 266.561150550842 266.824503739675 278.06164820989 246.973017851512 146.002660195033 95.7273840904236 83.7791860103607 108.910749355952 184.609929720561 220.600167910258 197.101016839345 168.375372886658 186.075826485952 194.815536340078
229.494690895081 215.607881546021 221.758643786112 249.714056650798 278.17306915919 253.189424673716 227.722724278768 208.978037039439 200.078288714091 197.418550650279 197.682817776998 198.826293150584 215.587139129639 229.150553544362 232.983509699504 239.263931910197 238.210479418437 226.504524548848 229.332029819489 231.006940205892 228.23836406072 230.28443257014 230.612476666768 235.377311706543 238.414724667867 233.507136503855 235.185921192169 228.052020072937 224.915226300557 236.429691314697 256.965478261312 273.768862088521 270.107964674632 268.181443214417 278.606216112773 284.228483835856 235.657453536987 148.490558067958 110.681474208832 117.726445198059 153.665602207184 171.575685342153 179.418722788493 146.064043045044 150.419950485229 167.416930198669
221.281329790751 228.744308153788 258.766055107117 304.572621981303 299.644728501638 260.917325814565 222.830772399902 191.026369730632 179.212292035421 187.293370564779 185.194691022237 179.244895776113 207.865198453267 229.283491770426 238.438208897909 244.098007678986 245.379050572713 234.8339955012 231.653014818827 232.112904389699 229.239424069723 233.771900335948 236.080209414164 236.954549948374 238.787531852722 241.924444834391 243.26761563619 238.339265187581 233.699023723602 247.094631195068 265.167872111003 276.987512906392 272.584497928619 276.435951391856 283.833086490631 287.895679473877 292.027413845062 273.951411247253 194.800357023875 147.920548915863 134.504506985346 133.02821914355 151.827623446782 144.50815320015 142.560293277105 168.706218401591
240.059117476145 272.310515244802 304.786801338196 318.258384863536 332.815607388814 300.55034160614 254.927774270376 215.360085169474 201.725939909617 211.560388406118 204.629858334859 186.823308467865 200.748205184937 227.259675661723 243.324398994446 249.646127223969 247.366666793823 242.859542369843 233.535687128703 232.323408126831 234.363893667857 238.550325234731 240.992506345113 238.381763299306 240.103006362915 250.161707401276 251.501202583313 253.700057665507 251.543780167898 258.452971776326 270.231187343597 276.959776878357 279.123683770498 286.177436510722 291.509668032328 280.720074971517 284.847776095072 305.641690889994 272.989749908447 198.138972123464 147.59823679924 135.587135950724 139.37571644783 149.725864330928 171.917160352071 200.323224067688
286.240994930267 307.334005832672 310.977717240651 306.277712186178 321.435670057933 328.200439612071 308.125178019206 275.265912214915 248.693744341532 242.835740248362 243.538896242777 219.433764616648 207.428475220998 226.153492927551 246.393084526062 248.714248339335 246.219038963318 249.5938539505 236.483931541443 234.851519266764 238.352199395498 240.329186121623 240.808228651683 239.826261997223 241.48831764857 252.536316712697 259.049316247304 263.086219628652 260.429342587789 262.390991051992 274.722417195638 282.622595628103 280.80944220225 280.658940474192 284.456769625346 273.394525051117 274.422744909922 282.952527205149 263.996243476868 220.890422662099 185.383955637614 159.427483876546 145.669460296631 151.695072650909 172.286252180735 207.862774531047
300.242781639099 303.973456223806 299.409449100494 290.453374385834 293.635904788971 309.782067934672 317.236264546712 299.917638301849 277.052621046702 267.776111761729 267.804821332296 252.993762493134 232.411106427511 232.149799664815 243.470927079519 247.963547706604 243.648926417033 245.106816291809 235.553960005442 237.884879112244 237.241824467977 238.880395889282 236.080368359884 234.367907047272 240.734100341797 249.843080838521 259.65815782547 261.05656226476 260.954221089681 266.296287377675 277.632296085358 278.661787509918 267.076770464579 261.110345522563 264.214754104614 246.226569016775 244.527757167816 237.209359804789 215.800742308299 202.954868475596 212.432185808818 191.154658794403 170.093377431234 158.282915751139 160.819798707962 183.976193269094
302.506605784098 299.27937189738 304.117163022359 293.257971604665 287.899692853292 297.048310438792 314.93091583252 319.983760515849 297.648231188456 278.878808021545 271.775146325429 264.490306377411 258.700728416443 248.218814531962 246.253450711568 246.075948079427 242.106735706329 240.036765734355 240.217367808024 243.390838305155 238.247811794281 236.503422260284 237.352291742961 238.230506579081 242.56573120753 246.388852596283 254.824976126353 253.12610467275 255.436837673187 266.546547412872 273.908873399099 266.870617866516 253.972748915354 254.308521747589 248.648802439372 231.717685858409 234.252750873566 232.936759789785 227.681676546733 227.048754692078 230.879604816437 230.727215607961 210.762560367584 193.88488928477 175.637602806091 170.215447743734
315.625131130219 313.777407010396 319.811244805654 315.925180912018 307.971755663554 309.279004732768 320.489565531413 330.962618192037 310.784339904785 283.896227677663 271.28658692042 271.767814954122 275.682727495829 259.578287601471 251.14893913269 253.542284170787 249.508738517761 241.491158803304 245.243350664775 245.395084222158 244.362831115723 240.364988644918 242.001672585805 244.884292284648 245.00568707784 249.697009722392 249.995132287343 248.239715894063 251.24583641688 266.289333502452 269.801080226898 263.090252876282 255.878726641337 256.967584292094 242.805937925975 236.883997917175 242.557247479757 246.169646581014 252.021531263987 255.547424157461 220.598896344503 217.342336972555 207.408607006073 197.408497333527 181.86084429423 162.342498699824
323.554873466492 323.126753171285 326.030770937602 325.359920660655 318.40568780899 313.368221124013 319.492757320404 330.955406030019 316.770037015279 285.552561283112 268.982787926992 269.22611395518 272.848169008891 259.192983309428 250.485380490621 256.883422533671 259.128292401632 249.844173590342 252.053797245026 254.85231479009 254.287600517273 248.258411884308 248.253762722015 251.257220904032 248.337984085083 247.405668099721 251.778125762939 255.199710528056 258.310953776042 266.95321003596 271.040181318919 266.107757886251 258.289039134979 256.037493546804 241.473396619161 245.149791240692 249.725520610809 253.015160560608 254.943490028381 252.030452092489 201.513886451721 169.217526912689 156.624664862951 150.587618350983 151.573836803436 147.16507991155
323.067883650462 325.420439243317 327.732841173808 326.045234998067 320.612013339996 317.614118258158 319.911599159241 326.747834682465 323.414484659831 294.726312160492 281.015117963155 273.187220096588 266.698559125264 258.864204088847 251.068472862244 255.152146021525 265.140970547994 258.794665336609 255.749424298604 258.566975593567 259.894251823425 255.603591601054 252.494593461355 252.930343151093 253.79204750061 252.701958020528 253.613909085592 259.809374809265 262.494881947835 265.676120917002 270.337959130605 269.001265366872 260.837773482005 246.06051047643 234.7159186999 251.896580060323 260.46351591746 260.501265525818 253.011842568715 251.869400342306 198.746085166931 135.765969753265 111.61936322848 101.225753625234 104.713559150696 111.900746822357
308.961033821106 315.882841746012 319.805363814036 319.582025210063 319.686472415924 322.771926720937 324.521501859029 325.571099917094 324.814041455587 306.118547916412 294.167717297872 282.749116420746 269.558628400167 266.245663166046 258.840620517731 253.438810507456 263.834118843079 265.661279360453 258.69890054067 257.921934127808 258.232633272807 254.513621330261 252.537846565247 253.045916557312 254.384080568949 256.957987944285 255.509575208028 258.963565031687 263.471404711405 264.464179674784 268.202662467957 270.628730456034 256.357590357463 233.444650967916 240.457932154338 266.302545865377 270.207464694977 264.512181282043 252.045849959056 253.496130307515 241.431911786397 173.158784707387 117.946445941925 99.8288194338481 98.8985598087311 98.0286399523417
285.219411055247 289.970596631368 289.121210575104 296.786109606425 307.134091854095 317.369302113851 323.78343741099 327.664117018382 326.465884844462 315.283894538879 297.828455766042 279.991467793783 266.413966814677 266.326944033305 262.899835904439 258.382459481557 262.26548353831 261.862556139628 254.793246587118 254.303137461344 256.819367408752 258.979837099711 257.254123687744 252.236525217692 250.724275906881 253.317217032115 255.963683128357 259.260296821594 262.576858202616 261.759479840596 262.829800446828 265.838841597239 249.860485394796 235.370655854543 261.861801147461 278.458913167318 273.494601249695 266.786475976308 258.53685537974 260.696033636729 283.349891503652 274.540106455485 204.347968101501 151.515026887258 121.478418509165 99.8644928137461
