input/barkrak2/radiation/dir15524.grid
NCOLS 85 
NROWS 70 
XLLCORNER 665100 
YLLCORNER 4664600 
CELLSIZE 20 
NODATA_value -9999 
[rows 40 to 59 of 70, columns 0 to 45 of 85]
338.410536448161 339.136719703674 339.096148808797 340.777595837911 345.019578933716 347.780187924703 349.936167399089 351.844271024068 352.489471435547 346.281210581462 337.850054105123 334.578315416972 331.071416536967 330.178320407867 326.428314050039 325.507760047913 324.519217014313 322.644074757894 318.366567293803 314.883391062419 317.476948102315 319.606026013692 320.120453834534 316.538751125336 312.182525793711 309.159914652507 315.089921156565 316.673179467519 315.577606360118 315.024415651957 314.040064811707 309.961358706156 285.563627878825 280.951698621114 302.173733711243 302.39999294281 293.418824672699 293.275237083435 293.19433371226 282.224436601003 290.986796220144 329.880356788635 347.223560015361 301.46990219752 241.259356339773 197.070896625519
342.738231023153 341.134627660116 341.287970542908 341.882824897766 340.019186337789 338.705738385518 338.518778483073 339.663585027059 342.120885848999 337.04682191213 331.598818302155 331.881801287333 333.125869433085 333.395640055339 330.367922782898 327.903548876445 323.517759641012 327.681422233582 326.692163944244 321.913659572601 322.505255540212 322.579503059387 320.553084214528 320.857485135396 321.946581204732 317.733724912008 318.288485209147 318.541467189789 317.441423734029 317.752242088318 316.322843233744 310.940206050873 292.377909024556 292.394757270813 303.276896476746 294.667283693949 280.10892868042 280.256072680155 287.530799706777 292.482217152913 306.942423184713 319.519519805908 331.812659899394 328.489581743876 283.391733964284 234.245280424754
344.240109125773 342.785278956095 344.53813234965 344.003756841024 340.031186739604 338.636795679728 338.408430417379 337.621847788493 336.488882700602 334.497610727946 332.819879055023 331.947207450867 333.507617314657 334.872364997864 333.693146705627 330.872337023417 327.903548876445 330.286622047424 330.660462379456 326.762676239014 322.553257147471 320.892532666524 319.19664144516 319.586793581645 321.6419617335 318.220734596252 314.920047918956 316.308756669362 315.908233324687 317.148804664612 314.754843711853 307.643214861552 299.319267272949 301.262537638346 300.427794456482 283.714175224304 268.642862637838 274.415373802185 289.285282293956 301.713049411774 309.948702653249 308.112363020579 303.881386915843 307.41415421168 290.681799252828 239.933590094248
336.642503738403 338.422735532125 343.134482701619 341.501196225484 341.949224472046 343.49246819814 343.91192595164 341.774582862854 335.608601570129 334.084113438924 335.342089335124 333.367188771566 332.822104295095 333.12596877416 333.855708440145 331.269264221191 330.949246883392 332.77569214503 332.181572914124 327.888389428457 325.037121772766 320.84318002065 318.160851796468 316.971361637115 317.984739939372 319.387714068095 314.64684009552 315.138558546702 314.830978711446 314.581831296285 310.176372528076 303.834239641825 303.735832373301 304.799238840739 291.794240474701 269.187132517497 264.459272225698 278.413454691569 297.735313574473 302.57378021876 302.391310532888 298.094530900319 290.239493052165 287.311236063639 279.365380605062 248.098293940226
336.458285649617 340.097904205322 341.517329216003 341.322501500448 342.382510503133 342.612028121948 342.991749445597 340.525070826213 338.701009750366 336.146672566732 336.398084958394 335.220138231913 331.091145674388 330.713431040446 329.653044541677 328.804612159729 326.853473981221 330.424726009369 331.998229026794 329.635302225749 326.047619183858 323.744515577952 322.340746720632 320.288399855296 317.419588565826 320.539315541585 321.378330389659 316.647529602051 314.725041389465 311.563650767008 305.282553037008 300.400892893473 299.239257971446 295.212427775065 282.890737056732 266.830126444499 268.298029899597 284.333109855652 299.547235171 297.532757123311 298.88254404068 291.443924109141 278.959214687347 273.361146450043 272.177735964457 260.051528612773
340.367317199707 342.755516370138 341.064810752869 341.953833897909 340.627789497375 340.808471043905 341.641942660014 340.565721193949 341.690540313721 339.018702507019 337.879300117493 336.682478586833 334.256569544474 330.645342667898 329.125622908274 331.797500451406 326.954245567322 328.044315179189 331.964115301768 330.198605855306 327.539662520091 324.688156445821 324.710150559743 322.824160257975 322.535634040833 319.589138031006 322.772244612376 318.340937296549 315.159539381663 311.760207017263 305.352489153544 301.013727982839 298.724909623464 289.010802904765 274.744391441345 260.748863220215 266.300479571025 283.943136533101 291.397372881571 284.963925679525 290.220995744069 282.178660233815 270.568211873372 273.002088069916 282.248695691427 272.110939025879
340.369860331217 341.161807378133 342.326362927755 342.50549475352 341.662883758545 341.810464859009 342.227141062419 343.149622281392 341.113567352295 340.044260025024 339.724977811178 338.476856549581 337.679902712504 333.989381790161 333.935856819153 335.200349489848 333.880225817362 327.897648016612 332.577288150787 329.643785953522 326.967120170593 326.417505741119 323.366483052572 320.029417673747 322.208146254222 317.555904388428 317.349851131439 317.014972368876 314.937074979146 310.37437915802 305.618027846018 303.215761979421 297.126412391663 285.895566145579 273.380875587463 262.365778287252 269.849836826324 282.788018385569 280.980904897054 282.628734906514 289.245824019114 278.144836425781 274.179498354594 281.32164478302 289.720892906189 280.127147833506
337.080717086792 338.501334190369 340.873996416728 341.251770655314 342.226266860962 343.31997235616 341.893434524536 340.852578481038 341.059406598409 342.910210291545 340.806206067403 339.09817536672 337.488412857056 337.721109390259 335.468808809916 334.113518397013 332.570771376292 326.506495475769 327.61538028717 329.372187455495 324.890573819478 324.166238307953 324.91276661555 318.966547648112 318.718314170837 317.938764890035 311.799744764964 311.166564623515 311.155577500661 309.356530507406 306.25714858373 302.525202433268 294.040262699127 291.020035743713 284.827709197998 272.474606831868 274.730801582336 281.404376029968 283.419887224833 290.467778841654 287.462552388509 279.986580212911 282.177666823069 283.313850561778 282.639940579732 273.62072467804
333.069761594137 335.071881612142 337.581793467204 339.268128077189 341.257492701213 342.803080876668 341.108759244283 339.733719825745 342.196226119995 343.5111840566 341.813286145528 340.036789576213 339.482704798381 339.101791381836 336.767911911011 333.064079284668 331.750551859538 325.139621893565 327.003101507823 328.957398732503 327.464520931244 326.191107432048 324.495792388916 318.67112716039 314.362426598867 316.240111986796 312.666038672129 313.821732997894 315.652847290039 314.813256263733 312.967459360758 310.016055901845 300.263126691182 300.976792971293 294.484198093414 277.898212273916 278.148969014486 285.246809323629 289.313435554504 289.760748545329 280.324776967367 277.657926082611 276.547153790792 271.407226721446 268.858075141907 268.414537111918
332.459350426992 330.305536588033 332.505603631337 337.220350901286 339.500069618225 340.889970461528 341.974139213562 343.573888142904 343.838612238566 342.391093571981 343.409895896912 342.805147171021 340.393543243408 338.146487871806 337.441523869832 332.929193973541 330.906391143799 327.192346254985 326.755106449127 331.081330776215 329.477469126383 326.407313346863 321.532249450684 320.077737172445 314.854681491852 318.976243336995 316.479206085205 316.807150840759 317.268908023834 319.326976935069 319.839378197988 315.21733601888 308.382252852122 307.060658931732 298.579176266988 282.976031303406 277.092198530833 284.693598747253 289.642492930094 280.346910158793 269.059598445892 272.380451361338 272.417604923248 266.648650169373 265.940944353739 269.496917724609
332.639892896016 333.957235018412 335.77823638916 338.87791633606 339.329600334167 338.726997375488 342.704057693481 345.181226730347 345.212578773499 344.578504562378 343.806068102519 343.852837880452 341.398477554321 337.239464124044 336.259444554647 338.323354721069 331.746776898702 326.761404673258 328.459580739339 330.184658368429 328.244785467784 323.972165584564 322.858293851217 318.839013576508 315.499583880107 316.659251848857 317.860325177511 315.114915370941 316.991527875264 319.6715315183 322.707712650299 317.258934179942 308.715621630351 304.932594299316 295.531551043193 282.215535640717 278.070171674093 282.398104667664 281.584143638611 268.909513950348 265.88253180186 276.772439479828 275.408744812012 267.769455909729 267.101407051086 263.139088948568
332.728008429209 338.071902592977 339.37680721283 340.116620063782 339.13775285085 338.818271954854 342.105031013489 344.675183296204 343.946735064189 345.487395922343 344.537536303202 343.435327212016 340.516010920207 338.290373484294 336.57169342041 337.977329889933 333.51465066274 327.85427570343 323.746720949809 324.358979860942 322.533329327901 318.630596001943 318.302949269613 314.980407555898 310.239891211192 310.576478640238 315.153876940409 312.559763590495 313.088059425354 315.90461730957 317.105770111084 314.21959400177 303.094903628031 292.504409948985 268.972516059875 256.487508614858 267.513970534007 276.042739550273 275.144100189209 275.063077608744 282.159288724263 284.283598264058 268.946588039398 261.121312777201 269.205609957377 257.534166177114
333.862503369649 332.342346509298 332.588712374369 334.018707275391 337.751626968384 340.539892514547 340.110222498576 343.164324760437 342.385292053223 343.861301740011 342.324654261271 343.286951382955 342.288573582967 337.714513142904 335.851232210795 333.555181821187 333.467086156209 324.079155921936 318.077147006989 316.031515598297 315.27986129125 315.025866031647 314.261476198832 311.769604682922 309.166848659515 306.567708651225 306.943635145823 306.879083315531 303.632318973541 303.998788197835 307.187120119731 308.719575405121 285.875419775645 261.826694011688 235.39404074351 224.770625432332 238.476196924845 263.357520103455 279.080967108409 275.187214215596 276.143173376719 270.782589912415 257.459362347921 260.304550329844 264.987806479136 242.044508457184
336.685101191203 330.745180447896 328.230698903402 331.800878047943 337.98344930013 342.514355977376 341.419458389282 341.421723365784 341.874678929647 341.055909792582 341.447154680888 340.688188870748 341.707468032837 338.599681854248 334.078113238017 330.595393975576 330.714384714762 321.492413679759 317.732294400533 318.572878837585 317.379633585612 314.332286516825 312.583823998769 308.929244677226 307.351847489675 305.694262186686 304.663022359212 304.273068904877 302.661955356598 297.029137611389 291.118045647939 284.694314002991 262.621462345123 236.702382564545 227.14110215505 222.947875658671 215.842127799988 225.796620051066 241.923868656158 261.854847272237 268.028219540914 258.198440074921 253.606200218201 256.738324960073 248.147666454315 227.798163890839
337.050040562948 333.735187848409 330.736736456553 333.367824554443 338.471134503682 342.240373293559 342.986981074015 340.486526489258 341.778635978699 338.833808898926 339.646816253662 339.46951230367 339.260896046956 338.748574256897 332.365830739339 329.345226287842 328.671097755432 324.341972668966 317.750016848246 320.841948191325 320.567866166433 317.122876644135 314.550499121348 312.616070111593 309.133648872375 308.00320704778 305.963039398193 303.65260442098 300.367474555969 295.695741971334 284.486571947734 276.349385579427 253.724535306295 240.299344062805 243.91770362854 246.791859467824 238.954921563466 228.897452354431 219.819744427999 228.69998216629 245.526055494944 238.449573516846 231.787085533142 225.270787874858 221.056759357452 218.001902103424
338.797052701314 337.970773379008 334.003408749898 330.730696519216 334.029873212179 340.379556020101 341.180483500163 338.425238927205 338.075558344523 340.384960174561 339.45902188619 340.317646662394 335.837284723918 336.332003275553 332.471628983815 330.797135829926 330.348531405131 325.78965028127 320.942759513855 319.462021191915 317.994753519694 317.988932132721 314.820647239685 316.635966300964 313.089470068614 308.624227841695 304.452697436015 298.422972361247 292.675773302714 288.877367973328 286.574363708496 281.529645125071 261.195441087087 254.770636558533 258.864839871724 266.110002994537 276.200811068217 272.259811560313 255.599459012349 225.726783275604 224.823514620463 226.800143718719 224.143544832865 221.681853135427 227.141122023265 233.780920505524
340.241392453512 339.90490436554 337.960640589396 333.034296830495 331.173638502757 335.472861925761 339.171528816223 338.444908459981 335.235198338826 337.18744913737 337.231874465942 338.492155075073 335.667808850606 335.21290620168 332.695603370667 330.289959907532 330.705225467682 326.539079348246 322.658975919088 321.42448425293 319.920281569163 317.956566810608 314.444065093994 312.851051489512 310.893575350444 307.861844698588 294.266760349274 275.963207085927 271.464288234711 276.423096656799 284.510393937429 279.82368071874 262.771884600321 256.044904390971 263.215700785319 273.684084415436 289.583464463552 297.986706097921 288.556694984436 256.961107254028 230.346083641052 233.622928460439 241.471032301585 252.064903577169 261.984606583913 265.764514605204
339.645504951477 337.944110234578 338.28059832255 335.931420326233 329.778770605723 332.533399264018 336.647113164266 336.514075597127 333.485722541809 331.549127896627 336.002747217814 336.702267328898 334.833304087321 334.03213818868 333.698431650798 327.933510144552 329.193711280823 324.295322100321 323.11354080836 320.798774560293 322.229345639547 320.655385653178 317.138890425364 312.497774759928 311.575531959534 310.81893046697 296.424806118011 278.81666024526 278.265317281087 283.096730709076 289.657175540924 281.577905019124 270.594557126363 270.103891690572 282.799979050954 286.067922910055 291.776021321615 277.864178021749 247.766216595968 239.75670337677 250.31707684199 260.519584019979 255.512634913127 248.597145080566 249.950647354126 261.053860187531
332.602719465892 336.291154225667 335.803389549255 334.816455841064 330.061594645182 326.502124468486 334.718585014343 335.276405016581 331.084986527761 329.739371935527 333.920240402222 335.919936498006 333.935300509135 330.075224240621 331.523458162944 328.475534915924 324.738184611003 323.803961277008 322.091460227966 322.202324867249 321.933845678965 319.000939528147 319.600363572439 315.097908178965 314.014534155528 314.763486385345 307.661632696788 304.573019345601 300.411224365234 296.577990055084 294.594566027323 284.661670525869 281.69192870458 279.340386390686 277.039527893066 262.959599494934 244.445463021596 208.865304787954 191.172917683919 228.142897288005 264.23986752828 266.841471195221 246.445933977763 241.04646841685 252.802848815918 266.546289126078
325.096805890401 334.079662958781 333.239714304606 330.427289009094 328.085164229075 322.628915309906 327.050725618998 333.038489023844 334.744215011597 329.714715480804 331.752300262451 333.007872104645 332.41879940033 330.760916074117 329.283555348714 327.204326788584 322.440246740977 321.611662705739 318.829218546549 317.322353521983 318.153282006582 316.892623901367 315.664708614349 313.704331715902 313.651998837789 318.836212158203 319.521844387054 320.133566856384 306.834280490875 304.66483036677 294.858992099762 283.242126305898 281.787971655528 263.4583512942 236.094733079275 204.57249879837 192.798614501953 184.143126010895 179.27618821462 203.433394432068 230.710248152415 249.085128307343 248.166819413503 260.875741640727 291.381140549978 300.900677839915
