input/barkrak2/radiation/dir15524.grid
NCOLS 85 
NROWS 70 
XLLCORNER 665100 
YLLCORNER 4664600 
CELLSIZE 20 
NODATA_value -9999 
[rows 20 to 39 of 70, columns 0 to 45 of 85]
204.602340857188 197.209775447845 213.458339373271 254.280547300975 248.788376649221 202.287375926971 185.457984606425 189.762473106384 202.776849269867 225.074410438538 238.463362058004 244.392732779185 254.400352636973 270.183622837067 283.39296579361 310.464223225911 331.103682518005 334.393183390299 339.215358098348 345.745404561361 347.890456517537 341.412822405497 340.458790461222 341.983596483866 342.987577120463 343.189676602681 345.007061958313 341.882030169169 337.379654248555 336.97772026062 331.244945526123 320.998291174571 313.061237335205 309.640725453695 308.384795983632 313.425759474436 312.971691290538 315.202653408051 319.607635339101 323.404689629873 323.074817657471 323.131720225016 325.159966945648 321.179668108622 324.098388353984 327.449758847555
230.241179466248 230.371276537577 249.052802721659 279.246131579081 274.624129136403 214.864114920298 195.83918650945 197.802642981211 205.164551734924 218.802730242411 228.806833426158 239.550828933716 248.027046521505 254.856685797373 269.460558891296 288.959980010986 309.99497572581 329.563935597738 334.698994954427 342.360536257426 346.003572146098 349.224805831909 350.504954655965 349.871079126994 346.900661786397 343.054135640462 339.458783467611 336.114645004272 335.338036219279 328.616996606191 312.497039635976 285.022795200348 265.889743963877 264.564494291941 272.217591603597 290.439824263255 297.675013542175 311.616996924082 319.593946139018 320.452968279521 318.830112616221 317.989071210225 311.731338500977 299.003481864929 315.940956274668 324.272572994232
269.21945810318 277.467767397563 285.995999972026 296.072105566661 296.029508113861 247.963070869446 219.151099522909 203.472256660461 202.488164107005 213.460743427277 230.450888474782 238.929907480876 253.103375434875 258.689562479655 267.498056093852 277.551392714183 295.391400655111 313.125193119049 329.212089379628 330.461502075195 333.297510941823 341.681241989136 346.753795941671 346.766034762065 344.235817591349 342.560450236003 338.719685872396 332.50093460083 321.341673533122 303.703943888346 261.715749899546 211.133301258087 190.753738085429 208.318591117859 236.3560795784 260.737975438436 278.477410475413 296.705981095632 308.318714300791 311.354696750641 313.182671864827 313.739657402039 292.908549308777 274.109681447347 298.747658729553 321.679949760437
288.22934627533 291.638573010763 293.43060652415 301.192224025726 300.386687119802 282.222072283427 241.915106773376 212.84298102061 197.579006354014 202.243765195211 227.011024951935 241.818785667419 256.095667680105 269.123752911886 273.131430149078 278.8378794988 292.103350162506 305.854678153992 314.715385437012 317.368030548096 317.654490470886 321.408967177073 330.777267615 337.007125218709 337.342659632365 325.56672890981 313.215533892314 297.502140204112 271.23232682546 227.653125921885 189.903338750203 166.758259137472 138.887465000153 137.969672679901 151.607851187388 189.468483130137 228.949129581451 255.518575509389 273.015777269999 281.514227390289 281.036098798116 267.572561899821 252.774556477865 285.231947898865 283.496161301931 315.561830997467
280.208150545756 282.470643520355 293.038268884023 302.187879880269 293.559233347575 282.657086849213 252.192894617716 228.375315666199 211.18438243866 204.549252986908 219.79018052419 235.708912213643 251.800219217936 266.043663024902 272.448599338531 277.445216973623 286.215623219808 299.067298571269 308.916568756104 307.351072629293 313.52965037028 312.176704406738 311.4106853803 304.191013177236 296.609838803609 293.424725532532 286.43794854482 275.08407831192 241.752048333486 185.283243656158 163.985669612885 161.788483460744 143.724540869395 120.045761267344 111.931512753169 126.279324293137 173.430482546488 209.482789039612 234.912077585856 249.062816301982 239.118794600169 217.240909735362 237.833480040232 301.614801088969 294.291178385417 316.8652455012
274.754305680593 278.76619497935 291.357775529226 298.958520094554 295.188268025716 284.386535485586 261.162638664246 253.42712799708 243.241786956787 228.052139282227 228.005429108938 246.864040692647 261.556764443715 276.259481906891 279.208342234294 280.426919460297 285.409092903137 297.297437985738 305.562436580658 311.083257198334 316.160082817078 301.749765872955 287.519256273905 288.411657015483 289.146840572357 287.099421024323 275.37590265274 262.244741121928 219.481031099955 191.04391336441 189.787030220032 206.519544124603 210.800568262736 184.699098269145 150.828649600347 132.688572009405 149.120459953944 177.502036094666 216.707170009613 232.572515805562 214.342435201009 205.343961715698 245.607137680054 288.610140482585 306.241671244303 329.200863838196
276.69370174408 278.731286525726 287.16649611791 295.797566572825 307.447850704193 293.170074621836 276.424527168274 264.851689338684 263.301034768422 257.586697737376 248.670140902201 266.051411628723 275.819460550944 290.997723738352 291.092137495677 287.369628747304 288.1853779157 298.237423102061 301.053325335185 307.353973388672 304.899334907532 300.536036491394 296.987970670064 293.148299058278 290.389120578766 286.415417989095 274.288614590963 262.642721335093 226.350744565328 220.434109369914 242.250243822734 265.655159950256 269.938945770264 281.705439090729 260.696053504944 175.584216912587 161.421040693919 173.344254493713 198.65208864212 230.596860249837 223.537186781565 254.804035027822 249.870975812276 263.800243536631 296.320537726084 315.725862979889
280.895233154297 277.158459027608 280.381083488464 291.983604431152 328.572531541189 302.522242069244 281.270881493886 264.501134554545 265.150487422943 272.562185923258 267.435828844706 270.619650681814 285.623590151469 294.243295987447 295.957505702972 295.176863670349 292.659441630046 294.836302598317 298.077523708344 304.780542850494 301.729242006938 293.892025947571 291.103045145671 296.744227409363 297.472695509593 293.250183264414 283.331712086995 273.620824019114 249.215404192607 247.508267561595 271.805703639984 286.380290985107 284.88153219223 298.781971136729 324.063837528229 256.508032480876 191.928605238597 177.126367886861 191.045641899109 233.874678611755 260.952134927114 307.403922080994 261.206010977427 255.031128724416 285.488545894623 296.573996543884
278.102974096934 270.108799139659 274.089912573497 298.436164855957 339.928110440572 302.421887715658 271.939059098562 258.99600982666 264.159739017487 271.748105684916 269.510467847188 268.04780960083 284.47691599528 293.835838635763 299.25129810969 299.633502960205 290.590087572734 288.578887780507 295.796036720276 297.673285007477 295.00271876653 290.413816769918 290.631890296936 296.146929264069 299.362182617188 296.720504760742 292.202413082123 281.880438327789 260.142624378204 254.932264486949 277.858515580495 296.080271402995 294.709722201029 293.03773244222 314.516266187032 317.40128993988 227.603753407796 170.424540837606 161.307364702225 204.204678535461 269.711852073669 287.500818570455 252.485791842143 230.702857176463 256.674150625865 269.253730773926
270.733873049418 262.358705202738 270.945509274801 308.824598789215 336.750467618306 298.522114753723 264.906585216522 247.262517611186 244.929492473602 251.54983997345 250.874757766724 259.021639823914 278.545339902242 294.086198012034 295.295457045237 299.739877382914 297.179102897644 286.29058599472 289.081195990245 291.31559530894 290.141701698303 291.885217030843 291.26379887263 297.97903696696 300.463477770487 297.937492529551 300.342559814453 287.672996520996 267.257968584696 263.855298360189 282.888829708099 300.875067710876 296.141783396403 292.763193448385 301.898916562398 321.598688761393 307.563046614329 233.079969882965 184.503932793935 193.757255872091 231.68808221817 245.521565278371 242.662688096364 215.548058350881 228.501836458842 254.364132881165
258.961399396261 269.105076789856 298.622449239095 344.39476331075 346.413850784302 303.656677405039 266.532242298126 240.001042683919 232.372641563416 243.248323599497 238.306244214376 237.25680510203 271.348834037781 291.719635327657 298.060794671377 302.226026852926 302.313645680745 292.309403419495 291.739682356517 292.213122049967 291.495064894358 296.477278073629 297.411878903707 299.765169620514 303.172528743744 306.527137756348 305.662830670675 297.251582145691 279.705941677094 276.311973730723 288.61939907074 301.26694838206 298.641304175059 298.213799794515 301.859319210052 304.532965024312 327.474693457286 337.415138880412 272.15564250946 226.877748966217 212.7672235171 204.176863034566 220.214108626048 218.067288398743 224.417944749196 258.112092812856
277.553339799245 303.002933661143 321.428179740906 326.569616794586 354.473114013672 336.041450500488 301.307837168376 262.702802817027 247.059007485708 262.415071328481 256.589651107788 236.993312835693 259.430368741353 286.250551541646 300.40975411733 303.434809048971 304.42597468694 300.851126511892 295.151074727376 295.742511749268 297.747731208801 300.888319810232 304.001967112223 302.702009677887 304.457604885101 311.405499776204 312.89796034495 310.715516408284 297.662635644277 291.683415571849 295.356055100759 299.11482334137 300.870617230733 305.139740308126 307.646175225576 295.989573001862 304.551800092061 341.9588804245 338.234623273214 277.980744838715 229.273736476898 203.259666760763 204.414029916128 222.52345085144 244.419455528259 273.2848127683
308.059175809224 316.671272118886 306.164781252543 298.521796862284 317.215541998545 338.543772697449 333.731094996134 305.574456850688 282.711724440257 284.919520219167 286.552647749583 262.335062026978 258.137782414754 281.404117743174 300.361156463623 302.40253607432 302.261730035146 305.738667647044 298.58124256134 295.797824859619 301.609456539154 303.168515364329 304.740269978841 303.711096445719 306.231379508972 314.017832279205 318.380395571391 318.696280320485 306.977172692617 298.473397890727 304.972767829895 307.822485764821 303.873658180237 305.906573931376 310.070037841797 300.00776052475 299.35355981191 318.975667158763 323.113719622294 298.27884833018 268.518547217051 227.848211924235 207.61517683665 217.295626799266 238.887965679169 270.067473252614
298.618793487549 291.053334871928 283.69277715683 272.620638211568 273.131688435872 293.880780537923 315.34747282664 312.801639238993 303.019940853119 304.278214772542 303.264558315277 289.743900299072 280.144532521566 289.859573046366 302.788416544596 305.289745330811 301.537791887919 304.954528808594 297.805686791738 300.476670265198 300.769448280334 303.48527431488 300.587554772695 300.898710886637 303.732554117839 309.220830599467 317.223489284515 315.677762031555 309.642116228739 305.417279402415 310.712337493896 308.556139469147 297.846913337708 297.009368737539 301.146725813548 286.086142063141 283.333241939545 283.999025821686 277.930935223897 282.504657904307 292.367180188497 259.740571180979 231.685201327006 219.762682914734 221.228003501892 244.363049666087
291.548689206441 280.881941318512 287.187536557515 272.903025150299 264.859298865 276.584347089132 302.984873453776 327.343424161275 324.248433113098 311.871588230133 300.603111584981 301.117638746897 307.606438795726 305.051108201345 306.642274061839 304.108301798503 304.274658362071 300.669252872467 302.264491717021 305.164118607839 302.980840206146 300.824860731761 297.449866930644 299.276073773702 302.486618359884 306.351184844971 309.881210327148 308.064103126526 308.292905489604 310.215373833974 311.10010544459 301.269272963206 286.058366298676 291.135350863139 290.191769599915 273.869077364604 274.712820847829 274.787306785583 281.683007876078 303.49471171697 302.782654762268 290.219148000081 268.505056699117 252.223889033 234.009126822154 224.276959896088
311.738769213359 306.364893913269 315.905133883158 310.808916886648 300.669411818186 305.286467075348 322.015126546224 344.403465588888 338.077465693156 314.832369486491 299.89222685496 308.10683965683 321.495115756989 318.822224934896 312.873482704163 314.340174198151 310.291707515717 305.289010206858 307.792623837789 307.478467623393 308.174928029378 300.689280033112 302.832166353862 303.708553314209 303.588489691416 304.962913195292 306.076645851135 304.321606953939 305.834710597992 313.076873620351 310.517509778341 300.222833951314 287.639260292053 288.39631875356 281.229178110758 276.839772860209 281.961401303609 282.500704129537 294.227540493011 323.383212089539 292.004684607188 276.941617329915 269.21268304189 260.739584763845 243.79821618398 222.292542457581
337.086915969849 334.166646003723 336.175044377645 338.740388552348 329.931298891703 323.594689369202 328.268428643544 342.81861782074 339.653809865316 312.147994836171 303.516964117686 315.262675285339 327.724774678548 320.320248603821 313.748041788737 317.845602830251 320.521136124929 312.879502773285 313.415050506592 313.963313897451 312.752922375997 307.628909746806 304.583231608073 306.64869149526 304.93418375651 302.682916323344 306.142171223958 306.620975335439 308.929244677226 314.800202846527 312.475423018138 302.816927433014 290.212829907735 284.418324629466 276.520291964213 281.577428181966 287.983536720276 287.092526753743 290.140370527903 312.368015448252 280.665198961894 239.282131195068 226.006547609965 220.168769359589 219.704429308573 211.355308691661
349.794944127401 346.580704053243 342.394113540649 343.284527460734 337.568203608195 329.468925793966 326.172312100728 331.644852956136 338.161985079447 319.915771484375 319.243530432383 326.499938964844 324.272950490316 319.063782691956 317.110319932302 319.547692934672 326.893130938212 320.342858632406 318.548043568929 317.092518011729 317.317525545756 311.53150399526 306.36199315389 307.323614756266 307.874361673991 304.090936978658 306.275109450022 310.322443644206 310.834924379985 313.168307145437 313.969194889069 305.127660433451 293.500701586405 277.871350447337 269.548892974854 284.978667894999 294.911324977875 292.651812235514 282.717347145081 298.072139422099 281.886299451192 215.01362323761 184.225142002106 172.62852191925 170.748829841614 178.094903628031
352.137009302775 354.894797007243 353.852311770121 351.483702659607 347.490390141805 341.949701309204 334.955890973409 330.217937628428 332.578976949056 329.30580774943 337.281306584676 335.654656092326 327.13387409846 329.062263170878 321.29712899526 317.866047223409 326.003015041351 324.802617232005 318.960706392924 318.638424078623 317.256490389506 312.254846096039 308.717687924703 306.580503781637 307.794411977132 308.252016703288 306.946595509847 309.194127718608 312.032103538513 312.267025311788 314.495921134949 308.879594008128 288.878639539083 266.646762688955 275.173405806224 296.996176242828 300.017456213633 294.072727362315 277.209977308909 283.039450645447 305.400530497233 259.243448575338 201.314191023509 171.109477678935 162.086695432663 156.774073839188
342.600584030151 345.563968022664 346.334854761759 349.297205607096 353.526075681051 356.31255308787 356.009682019552 353.121836980184 350.918014844259 351.984580357869 348.092555999756 337.18478679657 331.784149010976 327.772458394368 326.844791571299 320.888996124268 323.3855565389 323.218782742818 317.45719909668 316.600104173024 317.949891090393 317.294001579285 314.637939135234 308.477024237315 306.711932023366 307.897945245107 312.467316786448 311.008354028066 313.547551631927 312.967399756114 311.499655246735 309.248765309652 284.25528605779 267.343680063883 289.656321207682 304.27223443985 300.204475720723 295.140743255615 282.0645570755 277.50692764918 312.565485636393 337.820927302043 285.313963890076 231.587529182434 189.199467500051 161.122928063075
