input/barkrak2/radiation/dir13524.grid
NCOLS 85 
NROWS 70 
XLLCORNER 665100 
YLLCORNER 4664600 
CELLSIZE 20 
NODATA_value -9999 
[rows 0 to 19 of 70, columns 0 to 45 of 85]
334.041039148965979 339.301347732544 341.872652371724 342.056353886922 337.707082430522 332.47975508372 325.834850470225 320.09353240331 324.13504521052 323.658188184102 321.005940437317 327.303310235341 331.519226233164 331.53506120046 334.120074907939 338.874300320943 335.201144218445 327.410260836283 323.400338490804 312.35526005427 292.565981547038 291.264315446218 310.21652619044 317.625105381012 315.072437127431 314.970334370931 314.671556154887 303.920845190684 285.141110420227 279.288192590078 277.310311794281 285.227874914805 300.61282714208 305.512011051178 310.169279575348 301.667749881744 300.198455651601 310.298919677734 304.303844769796 306.722482045492 297.984639803569 282.674511273702 291.432102521261 310.764948527018 316.147327423096 309.116144975026
324.4282801946 326.712767283122 329.668958981832 333.010991414388 337.502320607503 334.195057551066 326.858421166738 318.258225917816 322.137733300527 323.722581068675 318.609754244487 323.616862297058 329.907695452372 331.044475237529 330.203274885813 333.157479763031 333.052098751068 329.433917999268 328.34804058075 318.313856919607 306.177020072937 302.71170536677 310.696641604106 316.062827905019 316.009402275085 313.856760660807 311.429083347321 303.310970465342 288.648804028829 279.363830884298 280.877908070882 293.78741979599 297.179003556569 298.499683539073 309.385081132253 300.685465335846 296.424329280853 298.283517360687 293.857196966807 305.894335110982 304.192741711934 293.708364168803 299.505829811096 315.941611925761 321.033259232839 312.696198622386
290.846705436707 296.76075776418 303.132653236389 308.906197547913 318.876206874847 325.086156527201 327.677766482035 327.699244022369 326.597273349762 323.76088698705 316.606422265371 317.750970522563 326.256692409515 328.990419705709 325.464983781179 328.581551710765 331.561883290609 332.861999670664 332.046985626221 327.474057674408 325.430651505788 319.320996602376 313.997844854991 313.790361086528 315.870543320974 315.752029418945 309.926152229309 302.056531111399 291.219651699066 280.313809712728 280.243813991547 295.544266700745 286.300778388977 292.92364915212 305.80339829127 300.017237663269 287.65461842219 281.923135121663 291.28889242808 306.485056877136 307.395259539286 306.284149487813 306.085209051768 318.03947687149 327.80134677887 318.532029787699
276.123404502869 272.056460380554 276.079912980398 282.333811124166 289.872050285339 294.73356405894 298.793733119965 308.450917402903 319.483657677968 325.836400190989 325.327515602112 326.222538948059 329.091986020406 329.763412475586 326.942880948385 322.820285956065 324.600656827291 327.4827003479 329.447646935781 329.501589139303 327.089567979177 324.610809485118 325.006544589996 321.193794409434 319.17949517568 320.659101009369 315.978010495504 307.461222012838 299.906631310781 292.044579982758 284.105817476908 295.594791571299 287.005265553792 292.696436246236 298.270920912425 299.168705940247 293.599506219228 290.666699409485 305.628041426341 314.791520436605 310.993254184723 304.070591926575 299.827953179677 309.042652448018 320.350964864095 320.821543534597
287.940561771393 275.479853153229 263.752738634745 257.687071959178 262.287358442942 276.300390561422 291.470309098562 299.185276031494 306.300540765127 311.032017072042 321.390887101491 330.333868662516 334.387342135112 335.31121412913 334.180911382039 332.502404848735 329.744398593903 323.804060618083 324.976702531179 328.830937544505 327.067156632741 326.494693756104 330.355922381083 326.823671658834 323.56321811676 323.722898960114 318.922400474548 311.5460673968 303.973734378815 299.066225687663 299.221992492676 302.546441555023 296.969453493754 298.749168713888 296.004454294841 299.206097920736 308.029234409332 311.937590440114 318.176209926605 321.215530236562 319.292227427165 312.415659427643 306.457618872325 304.439385732015 308.737854162852 323.520243167877
319.952209790548 302.293459574382 281.691670417786 262.419005235036 253.454585870107 263.32817475001 284.890115261078 297.81299829483 300.517280896505 300.746699174245 307.224214076996 316.163857777913 321.974118550618 325.65975189209 328.538775444031 330.655157566071 327.910681565603 322.154780228933 322.397510210673 326.251347859701 326.168795426687 329.467296600342 335.107723871867 332.116544246674 328.609665234884 328.326543172201 322.898765405019 315.678636233012 306.486447652181 300.985217094421 303.396185239156 303.531964619954 307.941238085429 312.42561340332 306.551655133565 303.783635298411 310.59197584788 316.435297330221 317.953646183014 318.27974319458 318.645040194194 315.15379746755 312.924067179362 312.717020511627 310.031990210215 309.987982114156
332.051753997803 319.502611955007 306.389272212982 290.991504987081 274.051705996195 263.006726900737 269.819319248199 292.51374801 302.345077196757 308.075328667959 306.146681308746 302.414317925771 298.501372337341 295.784473419189 297.531644503276 308.226307233175 315.218289693197 323.213676611582 328.596214453379 331.228216489156 328.579962253571 325.706899166107 331.654767195384 333.15114180247 331.901172796885 333.162625630697 330.239613850911 324.080348014832 315.377453962962 310.43666601181 308.974365393321 311.762849489848 322.74729013443 326.507608095805 323.501865069071 317.352553208669 315.623660882314 318.065226078033 319.707651933034 323.901236057281 322.947561740875 319.146533807119 316.630562146505 312.418878078461 297.516763210297 291.177074114482
332.44377374649 329.98122771581 325.950900713603 317.666371663411 302.704294522603 279.309868812561 259.473999341329 260.675311088562 288.960019747416 306.54780069987 311.548988024394 308.630307515462 302.558143933614 295.886357625326 286.530176798503 289.277176062266 297.676245371501 308.886110782623 322.622100512187 331.191758314768 332.484145959218 328.499952952067 329.880833625793 332.123219966888 331.94488286972 333.808422088623 333.308537801107 329.868415991465 324.46300983429 322.692135969798 322.517871856689 324.2307305336 332.03516403834 333.583196004232 331.984043121338 327.853798866272 323.53268067042 319.238781929016 313.412924607595 316.079258918762 322.662572065989 327.263871828715 328.999876976013 322.579165299733 307.932337125142 294.920007387797
328.672846158346 329.331676165263 328.600287437439 325.489322344462 318.602601687113 305.45429388682 283.162117004395 258.960604667664 268.128514289856 288.190007209778 303.399403889974 308.785378932953 309.275031089783 307.700792948405 300.967911879222 296.148935953776 293.116788069407 296.582539876302 305.939932664235 317.48362382253 327.046493689219 330.923279126485 330.576618512471 327.948153018951 328.758498032888 331.565817197164 332.610646883647 330.746531486511 329.064627488454 331.477761268616 333.12733968099 332.345287005107 334.065755208333 335.177381833394 332.486152648926 330.727775891622 327.621817588806 320.33367951711 307.4924548467 309.78262424469 324.833393096924 330.906550089518 330.045580863953 325.146476427714 316.196918487549 307.695547739665
314.272463321686 319.905002911886 322.6305047671 322.730263074239 321.233173211416 320.358475049337 311.619818210602 298.760294914246 273.778657118479 266.415516535441 277.13276942571 296.823600927989 311.211228370667 316.934903462728 318.662206331889 314.23940261205 304.111162821452 299.618462721507 299.105862776438 301.613489786784 307.857771714528 311.628142992655 316.114703814189 319.018085797628 322.726468245188 325.12096563975 326.799968878428 326.022406419118 325.945695241292 329.445362091064 330.464641253154 330.213129520416 333.570877710978 335.909207661947 334.942102432251 331.299265225728 329.047878583272 325.44473807017 309.979557991028 308.704753716787 323.274453481038 326.293508211772 324.46410258611 321.599741776784 313.111782073975 304.743965466817
278.811673323313 289.596716562907 298.567652702332 305.092612902323 311.252951622009 316.308081150055 318.503737449646 316.498637199402 297.81844218572 277.456402778625 265.455444653829 271.175225575765 293.445845444997 311.046600341797 319.836616516113 313.963929812113 309.308807055155 305.21031220754 298.529783884684 294.469257195791 294.759392738342 294.652998447418 296.174943447113 305.089096228282 312.647461891174 317.335546016693 319.010774294535 318.695286909739 321.563561757406 324.675818284353 326.214989026388 327.897270520528 332.89889494578 334.794163703918 333.595434824626 331.171452999115 331.339557965596 332.153697808584 323.136866092682 315.766533215841 321.341613928477 325.116634368896 326.413194338481 325.612286726634 317.92825460434 310.856660207113
243.148148059845 247.922778129578 255.504031976064 266.262988249461 279.609481493632 292.703529198964 305.815955003103 310.194551944733 311.064302921295 301.814397176107 281.860987345378 264.905651410421 267.004589239756 285.568197568258 305.333077907562 306.694944699605 311.788996060689 310.256063938141 303.829292456309 295.187373956044 290.107687314351 287.736316521962 287.840267022451 294.925967852275 300.202965736389 303.809801737467 305.663685003916 308.664759000142 313.21519613266 316.294928391774 319.181601206462 323.188821474711 326.701164245605 328.22980483373 327.381412188212 327.24408308665 331.19785785675 334.781686464945 332.930048306783 327.919602394104 327.445129553477 330.248773097992 332.080105940501 331.252157688141 325.371642907461 323.107878367106
232.911705970764 228.180289268494 226.044873396556 226.059933503469 233.324150244395 248.514711856842 270.510574181875 288.371245066325 309.110224246979 312.137564023336 304.304162661235 286.612927913666 263.09597492218 261.0711256663 280.052820841471 300.714393456777 311.701099077861 313.346167405446 310.317734877268 304.345190525055 296.965340773265 296.168367067973 295.81626256307 296.541313330332 296.410779158274 295.418580373128 298.7459897995 304.610987504323 307.071685791016 308.094382286072 311.641494433085 315.687278906504 317.402521769206 317.695399125417 318.798065185547 321.85431321462 328.869700431824 333.852132161458 333.162347475688 334.293246269226 333.962082862854 333.780686060588 332.603295644124 332.246204217275 326.964755853017 324.547509352366
227.610965569814 201.650341351827 185.380975405375 179.986735184987 177.421569824219 182.592988014221 202.218552430471 235.188682874044 269.784450531006 297.307809193929 309.675316015879 309.94971593221 297.093033790588 275.964736938477 273.691693941752 293.715198834737 306.426882743835 314.926664034526 318.961997826894 316.803415616353 309.476534525553 307.01744556427 303.889075915019 303.75341574351 303.072353204091 301.117062568665 303.797403971354 309.856673081716 308.974385261536 304.071426391602 308.240214983622 312.115609645844 313.601871331533 313.930034637451 315.233012040456 319.929977258046 324.110249678294 327.088316281637 327.321588993073 327.881713708242 329.618612925212 330.994447072347 332.930286725362 332.828164100647 327.977935473124 325.395623842875
211.375594139099 174.097935358683 152.82882253329 148.375749588013 147.928476333618 152.836372454961 161.535739898682 186.250547568003 213.826696077983 260.287563006083 303.140262762706 321.992516517639 324.447115262349 313.057899475098 293.780644734701 290.258765220642 294.873932997386 305.558621883392 317.200084527334 321.580350399017 320.631305376689 316.827734311422 315.407633781433 313.336968421936 309.537529945374 308.081110318502 310.414989789327 311.911265055339 307.001054286957 304.22588189443 307.847857475281 310.546716054281 310.764273007711 310.887177785238 313.548346360524 315.330406030019 316.697378953298 314.934293429057 317.291994889577 317.429920037587 320.998390515645 325.494031111399 327.616592248281 328.051884969076 325.242161750793 324.595669905345
179.290632406871 152.502516905467 131.394396225611 128.92281015714 144.933064778646 167.338728904724 166.978180408478 175.005217393239 194.343249003092 224.655787150065 272.312859694163 318.681120872498 330.987612406413 329.632659753164 318.232496579488 296.232541402181 287.574330965678 289.68737522761 302.047729492188 319.224238395691 324.955523014069 321.675419807434 322.597821553548 318.999965985616 314.117809136709 313.774804274241 316.248953342438 313.441812992096 308.206597963969 310.623546441396 312.379678090413 311.140795548757 309.155424435933 308.388292789459 308.935324350993 308.475871880849 306.204358736674 303.230245908101 305.137316385905 305.574138959249 309.127330780029 313.147743542989 315.057635307312 314.59786494573 319.270392258962 322.070221106211
159.027397632599 148.430724938711 129.436403512955 120.579779148102 124.785363674164 147.641897201538 169.66704527537 176.50846640269 190.882960955302 205.290277798971 228.804151217143 279.600024223328 324.602663516998 329.374094804128 326.625823974609 319.777488708496 311.869084835052 300.444960594177 292.62896378835 300.426999727885 317.2687292099 323.849300543467 325.951894124349 323.091765244802 318.49072376887 319.441099961599 322.031140327454 318.973441918691 315.788229306539 319.813787937164 320.023914178212 312.713623046875 308.665076891581 305.461406707764 302.026013533274 301.171084245046 297.972957293193 296.045343081156 296.47688070933 299.040754636129 301.218032836914 302.508234977722 304.617603619893 306.556761264801 316.786170005798 320.874849955241
150.781571865082 153.041412432988 146.48108681043 132.144629955292 116.554866234461 129.057506720225 160.363088051478 178.58632405599 196.811179320017 209.359248479207 218.630433082581 245.089054107666 286.556462446849 322.523554166158 328.913966814677 330.641647179921 329.031149546305 321.212987105052 307.234664758046 294.60330804189 302.194952964783 320.343613624573 322.704911231995 322.121302286784 322.43146498998 326.251288255056 328.274687131246 326.684832572937 324.197709560394 325.684388478597 322.114666302999 314.666211605072 310.072580973307 305.428405602773 301.012635231018 298.084934552511 296.340425809224 296.575168768565 296.560128529867 298.152009646098 299.314757188161 300.686895847321 299.749851226807 302.908678849538 311.062971750895 318.225125471751
158.335546652476 168.67991288503 174.232721328735 161.174982786179 140.95010360082 143.519431352615 163.216491540273 184.690217177073 205.028971036275 223.671595255534 233.475307623545 242.323835690816 263.401508331299 284.299592177073 314.131577809652 328.207453091939 329.137702782949 328.139185905457 325.207769870758 313.417176405589 297.824382781982 308.269242445628 314.108808835347 319.769382476807 325.805862744649 330.329676469167 332.262953122457 330.82389831543 326.788465181987 325.45801003774 320.779105027517 315.923094749451 311.018049716949 306.189020474752 303.33016316096 300.066947937012 299.731850624084 296.778718630473 296.176970005035 298.71012767156 301.056027412415 302.315274874369 301.947792371114 303.232391675313 304.646690686544 314.405659834544
169.171631336212 174.367189407349 188.031514485677 196.716845035553 183.110237121582 163.558622201284 164.121230443319 175.716121991475 192.451993624369 218.592842419942 231.568932533264 235.119044780731 243.887841701508 256.073196729024 276.015182336171 297.278145949046 322.022954622904 323.469281196594 324.486255645752 323.84733359019 318.252623081207 308.700203895569 308.566470940908 315.181573232015 322.644074757894 328.370670477549 332.138379414876 330.873111883799 324.693262577057 324.005246162415 319.759964942932 313.887635866801 309.335013230642 306.796133518219 304.96221780777 301.787495613098 299.588163693746 293.458104133606 291.202584902445 298.113505045573 303.207596143087 303.624471028646 305.613398551941 305.434703826904 302.231252193451 309.641738732656
