input/barkrak2/radiation/dir17524.grid
NCOLS 85 
NROWS 70 
XLLCORNER 665100 
YLLCORNER 4664600 
CELLSIZE 20 
NODATA_value -9999 
[rows 40 to 59 of 70, columns 0 to 45 of 85]
344.215313593547 344.842553138733 344.80889638265 346.410950024923 350.261529286702 352.73810227712 354.708194732666 356.829722722371 356.929381688436 351.287762324015 344.28608417511 341.18394056956 337.927619616191 336.162646611532 333.202302455902 332.824865976969 330.087761084239 329.864780108134 324.429869651794 323.03782304128 322.538753350576 325.643579165141 325.106302897135 321.122447649638 317.195415496826 315.540889898936 319.60388024648 320.190072059631 320.436120033264 320.418079694112 319.279452164968 314.473191897074 288.698573907216 283.195018768311 303.654452164968 303.997874259949 295.321345329285 295.458734035492 295.727610588074 283.543328444163 291.600704193115 331.731994946798 352.583169937134 310.260971387227 251.531024773916 207.204818725586
348.212281862895 346.694111824036 346.838315327962 347.461899121602 345.734357833862 344.489494959513 344.360113143921 345.4430103302 347.670038541158 343.717535336812 339.409073193868 338.911016782125 340.04545211792 339.252233505249 337.355573972066 335.074702898661 329.807539780935 333.30895503362 332.386116186778 327.476700146993 328.19277048111 326.427976290385 326.19845867157 325.901865959167 325.651069482168 321.506877740224 323.587854703267 323.599815368652 322.307169437408 323.088427384694 321.447213490804 315.255006154378 295.805553595225 294.457018375397 305.232365926107 296.841263771057 282.539526621501 283.330500125885 291.019280751546 295.413454373678 308.400193850199 320.764223734538 334.94504292806 335.277795791626 292.846520741781 244.250237941742
349.512815475464 348.168969154358 349.808931350708 349.331378936768 345.625241597493 344.368537267049 344.247579574585 343.570192654928 343.945900599162 341.278433799744 338.903546333313 339.031219482422 340.474367141724 340.594967206319 340.611696243286 337.974468866984 335.174004236857 335.908969243367 336.014628410339 330.617904663086 328.172624111176 326.692899068197 323.477784792582 325.379053751628 326.929092407227 323.458552360535 320.189853509267 320.138891537984 320.975561936696 322.068850199382 320.007125536601 312.599380811055 303.139170010885 303.713917732239 302.53012975057 286.260326703389 271.40200138092 277.566949526469 292.90384054184 305.097619692485 313.036561012268 310.990293820699 307.521243890127 313.381453355153 299.664656321208 250.435491402944
342.565178871155 344.243208567301 348.145643870036 346.632560094198 347.385485967 348.830898602804 349.296649297078 347.951134045919 342.338641484578 340.914169947306 342.109203338623 339.343150456746 338.739474614461 340.112606684367 340.771436691284 337.058385213216 336.645086606344 336.906512578328 337.682803471883 333.576560020447 329.28987344106 326.786736647288 323.946356773376 322.743038336436 323.60432545344 324.803312619527 320.405761400859 318.720817565918 320.118208726247 318.149030208588 315.260926882426 307.981451352437 307.205557823181 307.332555452983 293.853402137756 271.848420302073 267.199258009593 281.321048736572 301.02131764094 305.943608283997 306.071539719899 301.784416039785 294.065038363139 292.822996775309 287.540753682454 257.469991842906
342.46571858724 345.885674158732 347.172935803731 346.928358078003 347.458203633626 348.509947458903 348.886807759603 346.63712978363 345.083475112915 342.861533164978 343.1023756663 341.080665588379 338.266134262085 336.694916089376 335.640430450439 334.754427274068 331.422686576843 336.161414782206 336.27994855245 335.348963737488 331.910073757172 329.605162143707 328.235844771067 327.688058217367 323.272188504537 327.540914217631 326.472123463949 323.502699534098 321.352104345957 316.784262657166 310.528218746185 305.635710557302 304.221789042155 299.686868985494 286.582986513774 269.683678944906 270.997782548269 286.99791431427 302.577654520671 301.192959149679 302.468419075012 295.217792193095 282.58740901947 278.086384137471 279.442985852559 269.072333971659
346.146663029989 348.339239756266 346.752961476644 347.937901814779 347.162167231242 346.893111864726 347.133994102478 346.696615219116 347.179174423218 345.468640327454 344.470500946045 343.404849370321 340.103069941203 336.653232574463 335.145552953084 337.652246157328 332.958122094472 333.873470624288 337.638099988302 335.901975631714 333.332161108653 331.934730211894 330.479979515076 328.507999579112 328.072746594747 325.132111708323 327.898065249125 323.586940765381 320.402940114339 316.932717959086 310.538828372955 306.283672650655 303.8343389829 295.499384403229 279.080331325531 264.385958512624 269.624332586924 287.039756774902 294.749478499095 288.909236590068 294.542729854584 285.940229892731 274.294376373291 277.004182338715 287.848512331645 279.882172743479
346.168398857117 346.886475880941 347.928444544474 347.999811172485 347.651680310567 347.836017608643 348.220030466716 349.044601122538 347.260197003682 346.393624941508 345.272461573283 345.041513442993 342.351794242859 339.78811899821 339.716990788778 340.812921524048 339.543104171753 335.252046585083 338.204940160116 336.72555287679 332.707345485687 333.561023076375 330.702940622966 327.591001987457 329.507390658061 323.148349920909 322.868287563324 322.306434313456 320.213794708252 316.940148671468 311.882853507996 307.157317797343 302.102029323578 291.88867410024 277.515133221944 266.059835751851 273.653546969096 286.536534627279 284.547170003255 286.460240681966 293.319225311279 282.25568930308 277.822136878967 284.768144289653 294.001519680023 286.331911881765
343.11838944753 344.440301259359 347.137212753296 346.860408782959 348.167657852173 348.704775174459 347.979187965393 346.940517425537 346.506913503011 348.264296849569 346.27091884613 344.697674115499 344.122966130575 343.342661857605 341.129581133525 341.045618057251 339.602549870809 333.954771359762 334.894378980001 336.453199386597 332.192778587341 331.453601519267 330.482363700867 324.713071187337 326.257665952047 323.536515235901 319.378435611725 318.433086077372 318.095684051514 314.558863639832 312.426845232646 308.737178643544 300.014615058899 295.628329118093 288.509587446849 275.468309720357 278.098543485006 285.336216290792 287.362039089203 293.814659118652 291.205883026123 284.034311771393 285.83166996638 286.629954973857 286.333759625753 278.291285037994
340.015848477681 341.257969538371 344.165722529093 345.070759455363 347.417593002319 348.747452100118 347.153425216675 345.942099889119 347.600062688192 348.81869951884 347.186406453451 345.564802487691 344.040234883626 344.618121782939 343.509674072266 338.838775952657 338.825027147929 332.651714483897 334.344744682312 336.040814717611 333.085974057515 331.780950228373 331.74192905426 326.244473457336 324.100216229757 323.62965742747 318.325261274974 319.225668907166 320.658246676127 321.084558963776 318.838218847911 315.620998541514 305.865923563639 306.326011816661 298.003097375234 280.359903971354 280.677258968353 288.836002349854 293.855607509613 293.928563594818 284.187098344167 281.71443939209 280.92215458552 275.435407956441 272.888700167338 272.493104139964
339.466651280721 337.486942609151 340.233246485392 343.835274378459 346.532503763835 346.428632736206 347.385883331299 348.889072736104 349.11060333252 347.797274589539 348.719994227091 348.10471534729 346.802830696106 344.745596249898 343.003829320272 339.898029963175 338.016748428345 334.575374921163 334.091822306315 336.540261904399 336.450497309367 333.525617917379 328.894416491191 327.570537726084 322.475969791412 324.214021364848 323.720872402191 323.918600877126 324.000100294749 325.476129849752 325.257360935211 318.670531113942 310.969094435374 310.996651649475 302.250583966573 285.530209541321 279.14438645045 287.283857663472 293.129026889801 283.734281857808 273.061275482178 276.224037011464 276.447335879008 270.782947540283 270.356913407644 274.10618464152
339.57314491272 340.89720249176 342.624425888062 344.693620999654 345.111926396688 344.466805458069 348.115126291911 350.377957026164 350.410223007202 349.792003631592 349.847992261251 349.059661229451 347.678899765015 344.933350880941 344.113270441691 343.643267949422 338.772058486938 335.795521736145 335.669040679932 337.147394816081 335.226615269979 332.996686299642 328.18063100179 326.199909051259 323.076764742533 323.973298072815 324.986020723979 322.265724341075 323.79941145579 323.83930683136 324.423889319102 318.838218847911 311.755975087484 308.605710665385 298.512975374858 285.440067450206 280.527710914612 284.603178501129 284.472187360128 272.628823916117 269.721706708272 280.220667521159 279.713273048401 271.9633380572 271.198153495789 266.672452290853
339.779575665792 343.972086906433 345.186114311218 345.845540364583 344.925165176392 344.634373982747 347.611467043559 349.941372871399 349.938869476318 351.350863774617 350.464105606079 349.441250165304 347.755630811055 344.833612442017 341.980218887329 345.730304718018 340.344945589701 335.093140602112 333.06360244751 333.483854929606 331.654191017151 328.022221724192 327.803293863932 322.607000668844 318.030774593353 318.273286024729 317.979594071706 317.603846391042 317.979435125987 322.701235612233 323.21560382843 318.775455156962 305.923461914062 296.302994092305 273.873746395111 261.285583178202 271.493236223857 278.978625933329 277.452369530996 277.322987715403 285.254855950673 288.787464300791 273.197452227275 265.048940976461 272.422194480896 260.802149772644
340.859214464823 339.46172396342 338.85657787323 340.960105260213 343.644539515177 346.241513888041 346.583604812622 348.57980410258 348.567605018616 349.92261727651 349.308490753174 349.292794863383 348.365704218547 345.401883125305 342.609802881877 340.383450190226 341.670433680216 333.361625671387 327.799578507741 325.721681118011 322.980602582296 322.622974713643 321.930130322774 315.196891625722 314.714709917704 314.499537150065 312.446276346842 312.289496262868 308.986822764079 309.215903282166 312.121589978536 311.166485150655 289.228022098541 265.59317111969 240.360418955485 230.306247870127 244.366367657979 268.517057100932 283.33310286204 278.019547462463 278.45960855484 273.94558986028 261.792143185933 264.595786730448 269.094506899516 246.032655239105
342.778563499451 337.200880050659 334.756255149841 338.132301966349 344.658215840658 348.065892855326 346.989075342814 347.734649976095 348.138451576233 347.411870956421 347.689946492513 347.966591517131 347.789486249288 346.174478530884 342.341184616089 339.114348093669 339.218854904175 330.94322681427 325.438340504964 324.155588944753 324.971397717794 319.933156172435 318.206111590068 314.629435539246 313.002010186513 311.356067657471 310.28413772583 309.82901652654 305.798590183258 302.655319372813 296.925485134125 288.240790367126 266.570051511129 240.869104862213 231.869717439016 228.635907173157 221.868713696798 232.349177201589 247.699399789174 265.659213066101 271.127343177795 261.475086212158 257.560014724731 261.021892229716 251.904904842377 231.669485569
343.129237492879 340.027928352356 337.969501813253 339.540521303813 345.155119895935 348.573605219523 349.220077196757 347.713748613993 348.052581151326 346.405108769735 347.140868504842 346.980969111125 346.714536348979 346.30274772644 340.785582860311 338.021477063497 337.337811787923 329.69719171524 325.393954912821 326.243182023366 325.940092404683 322.609782218933 320.081075032552 318.098445733388 314.680139223735 313.531517982483 311.510821183523 309.252222379049 303.761800130208 301.496148109436 290.459990501404 281.735380490621 257.741113503774 243.699610233307 247.565348943075 251.360456148783 245.029409726461 236.584941546122 227.450768152873 234.804888566335 249.951481819153 242.007275422414 235.751330852509 230.526606241862 226.152718067169 221.833924452464
344.750642776489 343.993186950684 341.022491455078 337.969938913981 342.032194137573 347.805817921956 347.567558288574 345.962842305501 346.743543942769 347.873330116272 348.320404688517 347.797195116679 345.06893157959 344.159841537476 339.254140853882 335.877815882365 335.389574368795 332.926789919535 328.370412190755 326.934119065603 325.476745764414 323.416749636332 322.399040063222 321.833888689677 318.406542142232 316.377540429433 312.343180179596 306.441466013591 300.714532534281 296.727617581685 290.581425031026 286.748826503754 265.159825483958 257.730404535929 261.530915896098 269.093195597331 280.608216921488 276.735901832581 261.197666327159 231.980880101522 230.637033780416 231.125076611837 228.248238563538 226.556718349457 232.248703638713 237.902998924255
346.655448277791 345.792690912883 344.682653745015 340.12246131897 337.235768636068 343.610803286235 346.678495407104 345.98441918691 343.303124109904 345.199863115946 345.204591751099 346.166849136353 342.156648635864 341.694275538127 339.384396870931 335.4119459788 335.716446240743 331.656297047933 327.908237775167 328.749020894368 327.271521091461 325.395147005717 319.739540417989 320.491353670756 316.256562868754 313.351511955261 300.33948024114 282.548526922862 278.08274825414 282.780925432841 290.453275044759 283.979137738546 266.899963219961 259.418328603109 266.000350316366 275.929888089498 291.784564654032 301.182687282562 292.327364285787 261.432607968648 235.824545224508 238.015135129293 245.081682999929 256.032387415568 266.342480977376 269.332627455393
346.082210540771 344.600598017375 345.781008402507 342.813730239868 338.348348935445 340.920368830363 344.53562895457 344.334085782369 341.82341893514 340.195417404175 340.933442115784 343.09983253479 339.928269386292 339.026808738708 338.565309842428 334.9609375 334.326187769572 331.482768058777 328.347643216451 328.104217847188 327.329893906911 325.712462266286 322.334249814351 317.882100741069 316.945612430573 316.170851389567 302.206158638 285.261313120524 284.813284873962 289.329469203949 295.400102933248 285.382270812988 274.57062403361 273.492495218913 285.385390122732 288.197457790375 294.297218322754 283.721764882406 251.179794470469 243.507901827494 254.753967126211 263.985713322957 258.819798628489 253.280917803446 255.014697710673 265.622576077779
340.097506841024 343.80571047465 343.638022740682 342.860142389933 338.642954826355 336.871385574341 342.898329099019 343.317111333211 339.741269747416 334.948619206746 339.004556337992 340.926885604858 340.520620346069 336.996157964071 336.609045664469 335.440635681152 331.948558489482 329.013148943583 329.370339711507 327.236870924632 329.063693682353 326.280315717061 324.664235115051 320.345818996429 319.249848524729 319.808920224508 313.921133677165 311.717510223389 308.252771695455 304.339369138082 299.767712752024 287.880897521973 284.23398733139 283.15802415212 279.762784639994 266.40107234319 247.316002845764 213.437517484029 196.877221266429 233.609616756439 269.197980562846 269.829213619232 249.197820822398 244.607488314311 257.703602313995 271.740277608236
333.525498708089 341.113448143005 341.384092966716 340.184013048808 339.707930882772 332.018633683523 337.614297866821 339.943289756775 341.470718383789 336.677312850952 338.652690251668 339.675188064575 339.066902796427 335.898319880168 336.194952329 334.194223086039 329.763253529867 326.891322930654 324.136257171631 322.685360908508 323.416610558828 322.14101155599 323.087533315023 321.189602216085 321.04355096817 323.577046394348 323.602636655172 326.302945613861 311.504642168681 309.389491875966 299.792726834615 288.156926631927 285.874903202057 267.105460166931 239.572723706563 213.076631228129 196.428577105204 188.896139462789 185.188174247742 210.353116194407 237.445533275604 254.170457522074 251.285552978516 263.301889101664 294.133881727854 303.902745246887
