input/barkrak2/radiation/dir10424.grid
NCOLS 85 
NROWS 70 
XLLCORNER 665100 
YLLCORNER 4664600 
CELLSIZE 20 
NODATA_value -9999 
[rows 40 to 59 of 70, columns 0 to 45 of 85]
248.30694993337 250.285883744558 250.166932741801 251.56690677007 259.916444619497 266.372819741567 269.343276818593 273.521800835927 272.471268971761 260.114888350169 243.97341410319 239.142636458079 238.186061382294 232.86243279775 231.472929318746 228.742758433024 230.729003747304 228.155752023061 223.421514034271 219.579736391703 223.63555431366 230.654160181681 231.710473696391 223.049243291219 220.641096433004 220.139722029368 229.462067286173 230.414311091105 234.65096950531 235.977510611216 235.265056292216 238.395611445109 231.157104174296 234.352072079976 262.631336847941 262.321829795837 249.643544356028 242.697437604268 245.317916075389 249.172290166219 262.297491232554 285.417179266612 263.91081015269 186.911324659983 122.467388709386 91.2093420823415
255.885740121206 252.967496713003 253.207524617513 252.033889293671 248.962084452311 248.126765092214 245.134790738424 245.433966318766 250.100433826447 241.296728452047 232.978562513987 235.989491144816 236.954192320506 235.926667849223 232.932647069295 229.376832644145 223.951478799184 232.348561286926 229.517261187236 224.626580874125 226.128935813904 226.871411005656 225.46927134196 226.907352606455 229.070385297139 223.351200421651 228.304783503215 231.749256451925 234.848419825236 235.843122005463 236.640592416128 237.257142861684 233.020802338918 245.532194773356 258.764306704203 248.787403106689 231.298963228861 224.607308705648 227.112789948781 237.892111142476 267.94554789861 282.090942064921 273.157815138499 231.753627459208 165.542970101039 122.129619121552
259.042342503866 255.813101927439 257.522781689962 255.388538042704 251.137514909108 247.379163901011 243.117968241374 238.662997881571 240.295847256978 235.264758268992 233.627597490946 231.388509273529 234.005312124888 236.50719722112 236.409823099772 232.252478599548 227.980732917786 234.118700027466 235.219975312551 226.8994251887 223.613858222961 224.131147066752 220.251123110453 223.138590653737 227.045357227325 222.98409541448 219.319462776184 225.015004475911 229.347666104635 233.400901158651 233.886520067851 231.645047664642 235.703587532043 251.574337482452 255.64436117808 233.675360679626 216.923673947652 218.320071697235 227.396130561829 241.022765636444 252.032558123271 252.568999926249 241.019606590271 220.581670602163 175.72675148646 115.670959154765
243.097325166066 244.68998114268 251.498579978943 249.431947867076 251.932144165039 253.03590297699 252.064228057861 246.540427207947 236.733873685201 234.36564207077 237.564484278361 231.923580169678 232.568184534709 235.392888387044 234.919667243958 232.816656430562 232.54398504893 235.582768917084 235.147396723429 228.601892789205 224.43421681722 221.752603848775 218.637029329936 216.893553733826 221.145550409953 222.564816474915 218.732575575511 220.888415972392 225.592831770579 227.111379305522 226.808845996857 222.632209459941 230.854193369548 243.730803330739 240.701456864675 219.093720118205 213.288068771362 224.644958972931 238.405704498291 241.797546545664 237.977941830953 234.477003415426 225.112954775492 205.181876818339 170.352319876353 121.018558740616
240.368485450745 244.300464789073 247.409681479136 247.483611106873 249.164382616679 251.597205797831 250.718673070272 247.491478919983 243.078748385111 237.312257289886 239.132583141327 234.979033470154 231.654604276021 229.455490907033 228.341579437256 227.128068606059 223.834335803986 229.729851086934 232.665598392487 229.084690411886 224.100172519684 223.859667778015 222.180624802907 221.401572227478 218.048989772797 226.41376654307 228.823026021322 227.667252222697 226.840158303579 224.983294804891 219.416757424672 215.548853079478 221.392810344696 222.958405812581 221.022923787435 213.409185409546 217.391808827718 232.32223590215 242.734849452972 236.418267091115 236.296355724335 227.274656295776 217.060089111328 200.921098391215 175.825953483582 140.269339084625
244.415005048116 248.85501464208 246.751447518667 249.076704184214 247.954030831655 248.106320699056 248.510241508484 246.037562688192 246.974507967631 242.547214031219 240.026315053304 237.56605386734 233.303586641947 227.877497673035 225.618143876394 229.789257049561 223.81858030955 225.764493147532 230.55358727773 228.08309396108 226.615349451701 225.566287835439 225.241939226786 225.125074386597 225.185434023539 224.326252937317 230.749746163686 228.871166706085 228.132625420888 226.091583569845 220.52260239919 217.312137285868 218.659440676371 213.568568229675 205.637097358704 200.122535228729 208.870848019918 226.895570755005 230.94775279363 218.547344207764 223.840276400248 215.486268202464 208.566466967265 208.029011885325 200.49246152242 167.508165041606
243.748545646667 245.685001214345 247.430066267649 249.768257141113 248.647173245748 248.343010743459 250.175734361013 250.671943028768 246.116499106089 244.402249654134 243.112583955129 240.731457869212 237.541496753693 233.209550380707 232.695957024892 235.010226567586 230.467061201731 223.368843396505 231.377422809601 229.662040869395 228.068828582764 228.126684824626 225.983242193858 223.467191060384 230.58561484019 224.166492621104 225.056946277618 226.844529310862 227.894405523936 226.565877596537 223.593473434448 220.842580000559 217.511773109436 212.343553702037 206.966400146484 201.209425926208 207.029064496358 218.843976656596 219.465792179108 217.85302956899 220.038771629333 210.78097820282 212.69679069519 221.605022748311 220.687369505564 190.750698248545
236.90934975942 239.275336265564 244.983394940694 246.050079663595 249.620238939921 250.784496466319 247.557918230693 247.935930887858 246.592958768209 247.960130373637 243.39896440506 240.347762902578 237.467606862386 237.508614857992 233.06671778361 233.108798662821 230.729520320892 221.259375413259 228.074391682943 229.408760865529 225.359638532003 226.866900920868 228.289484977722 219.631830851237 225.096801916758 224.85738992691 219.68533595403 223.182817300161 227.049032847087 225.345234076182 224.880238374074 224.394738674164 216.755052407583 217.072407404582 222.363034884135 218.111793200175 216.052055358887 215.764959653219 219.334165255229 229.207873344421 222.45579957962 212.524573008219 218.033075332642 223.208904266357 219.293773174286 200.858036677043
229.579746723175 232.701639334361 238.700528939565 241.517702738444 247.581859429677 251.171052455902 247.438708941142 245.734751224518 247.165660063426 248.867948849996 246.068696180979 242.348750432332 238.778014977773 239.692906538645 235.465963681539 231.603860855103 229.630986849467 221.584836641947 227.001408735911 231.053233146667 229.340473810832 229.640980561574 230.329255263011 225.167353947957 224.724630514781 228.140672047933 223.922669887543 226.797799269358 233.85226726532 235.978643099467 239.211658636729 238.025029500326 228.224138418833 229.646643002828 233.118971188863 229.282001654307 228.148500124613 224.047581354777 223.184148470561 227.945685386658 216.719408830007 209.936022758484 207.804560661316 203.682541847229 201.571504275004 202.219486236572
229.688882827759 225.892643133799 230.941394964854 237.990160783132 243.565936883291 246.04062239329 248.945395151774 250.900427500407 249.81947739919 246.8275030454 247.532248497009 247.443993886312 242.192407449087 240.03525575002 236.924688021342 233.615656693776 230.494300524394 226.797898610433 229.243894418081 234.227915604909 234.893123308818 235.518415768941 231.648246447245 233.113567034403 226.408620675405 230.27507464091 232.663611570994 234.359900156657 240.10709921519 246.425529321035 254.238863786062 253.486593564351 242.935717105865 239.276270071665 234.224359194438 232.281108697255 232.099612553914 233.120401700338 228.08974981308 216.131071249644 204.994261264801 207.506835460663 206.36115471522 198.904712994893 195.996244748433 199.020187060038
230.84036509196 231.607377529144 233.986576398214 239.481170972188 241.294185320536 241.311589876811 248.757620652517 253.200431664785 251.710792382558 250.962217648824 250.749131043752 249.453743298848 244.446476300557 240.656733512878 239.138861497243 242.729107538859 234.1122229894 229.530155658722 232.1857213974 238.103667894999 238.593200842539 235.555768013 231.572508811951 232.080022493998 227.318584918976 233.25248559316 236.409187316895 236.932178338369 243.636886278788 250.717441240946 257.497290770213 259.104251861572 251.550575097402 241.368234157562 228.735407193502 224.584301312764 228.698054949443 234.711090723673 227.49650478363 207.022368907928 199.998239676158 209.684371948242 211.233675479889 205.051918824514 199.306646982829 192.315697669983
229.195058345795 237.424651781718 239.684402942657 241.695284843445 241.55992269516 239.416797955831 246.024390061696 251.593887805939 249.990224838257 254.005948702494 250.973482926687 250.737071037292 248.69034687678 242.498894532522 239.243110020955 244.844635327657 239.584823449453 231.544117132823 228.665947914124 234.654366970062 235.295037428538 233.278155326843 233.115474383036 226.759155591329 226.297577222188 227.906346321106 232.202569643656 232.873181502024 234.872778256734 243.590474128723 250.126441319784 256.296753883362 245.727340380351 226.072053114573 186.915119489034 184.35267607371 203.011314074198 221.708754698435 228.560825188955 226.658761501312 225.829541683197 220.706721146901 202.218314011892 197.10644086202 204.866230487823 192.56333510081
230.396231015523 227.84419854482 228.536705176036 231.634418169657 239.124596118927 241.650263468424 241.661965847015 246.707399686178 246.655623118083 250.584959983826 250.218828519185 250.504652659098 250.569383303324 244.064668814341 240.383684635162 239.648799101512 242.089629173279 231.268922487895 225.739479064941 225.507378578186 227.030316988627 227.765997250875 227.790355682373 223.85847568512 222.373346487681 221.643070379893 222.975810368856 223.814129829407 223.631123701731 222.939968109131 228.745917479197 239.586234092712 222.755392392476 193.475325902303 161.269128322601 144.840985536575 156.54910604159 186.390062173208 216.659287611643 225.992103417714 227.368950843811 214.347541332245 194.46458419164 192.380388577779 195.980290571849 182.289044062297
235.72313785553 224.61724281311 221.770326296488 225.88183482488 237.753351529439 244.519929091136 243.720551331838 244.42066748937 246.817211310069 245.072305202484 248.227755228678 250.976582368215 251.697858174642 248.12396367391 242.479165395101 241.859873135885 240.949690341949 232.908984025319 227.886974811554 229.256927967072 230.401674906413 226.963023344676 225.065171718597 220.740000406901 219.643712043762 217.94335047404 217.327972253164 217.580080032349 216.119726498922 209.976355234782 202.913542588552 205.5371205012 193.342943986257 174.170712629954 159.64404741923 143.406629562378 128.225028514862 138.169974088669 160.463730494181 192.333102226257 211.001475652059 197.882652282715 189.775009950002 189.202050367991 178.913633028666 168.013215065002
237.195750077566 229.728062947591 225.358386834462 227.632145086924 237.760722637177 246.416052182515 248.080571492513 244.184533754985 248.223225275675 245.052456855774 248.743971188863 249.020298322042 251.248896121979 250.927666823069 245.038767655691 243.762135505676 243.409136931101 237.102389335632 231.509486834208 233.113050460815 235.309958457947 230.823735396067 227.875034014384 226.374546686808 222.343027591705 221.422553062439 219.26478544871 216.586073239644 212.630351384481 205.47346274058 193.802197774251 194.62118546168 185.895880063375 182.162841161092 184.367557366689 177.725632985433 155.021538337072 139.40836985906 131.444940964381 141.808966795603 174.661040306091 176.824152469635 166.833281517029 154.007017612457 151.193797588348 156.337896982829
240.633606910706 236.880719661713 230.376283327738 224.887649218241 231.865266958872 242.750485738118 246.56069278717 244.112094243368 245.337923367818 247.604032357534 253.21900844574 252.992212772369 252.709289391836 251.811385154724 248.179395993551 246.368288993835 246.31005525589 242.698967456818 236.38641834259 234.087467193604 232.23074277242 232.22557703654 229.918917020162 232.994278271993 228.371957937876 225.973904132843 220.192551612854 209.899564584096 203.161120414734 199.868102868398 196.929474671682 199.908852577209 196.857253710429 201.666434605916 208.655575911204 212.203999360402 209.581216176351 195.072869459788 175.403237342834 140.506446361542 145.886391401291 162.269095579783 161.120494206746 151.41839782397 154.319395621618 169.289310773214
242.872635523478 241.733213265737 237.097521622976 230.269471804301 227.635244528453 238.367199897766 244.802097479502 245.702226956685 242.515166600545 248.767813046773 255.194385846456 256.716668605804 252.345561981201 254.394292831421 251.904348532359 245.462973912557 248.930096626282 241.516550381978 238.512317339579 238.925317923228 239.408691724141 235.9486023585 229.758977890015 225.734035174052 223.375916481018 219.390193621318 199.461042881012 178.29974492391 175.58483282725 182.735403378805 190.669635931651 196.580370267232 195.525527000427 198.052446047465 210.505803426107 224.465906620026 237.129171689351 238.751153151194 233.446717262268 184.684634208679 151.106009880702 166.237006584803 181.054790814718 188.711126645406 193.997780481974 205.870449542999
242.197434107463 239.502271016439 238.972087701162 236.758232116699 229.76956764857 235.582093397776 244.302213191986 246.391216913859 242.09201335907 245.869636535645 253.239293893178 254.294812679291 250.80277522405 250.656326611837 253.352344036102 242.204010486603 244.272410869598 240.732312202454 236.904919147491 237.298925717672 237.224578857422 235.961437225342 231.152256329854 224.800050258636 224.088907241821 224.31880235672 206.513007481893 183.394352595011 180.428306261698 187.092145284017 198.200305302938 200.758477052053 205.28769493103 213.714023431142 223.458111286163 228.060801823934 226.706027984619 197.056253751119 183.352549870809 179.405172665914 182.477017243703 195.666412512461 194.209674994151 180.49430847168 173.586467901866 190.122683842977
232.079923152924 237.818201382955 237.935225168864 236.781458059947 234.2316309611 231.005609035492 243.362963199615 248.868842919668 243.888974189758 244.139313697815 247.596979141235 252.795000871023 250.213166077932 246.829410394033 247.18169371287 242.878576119741 237.853427728017 240.042885144552 239.066878954569 240.077912807465 240.697781244914 236.781001091003 234.886487325033 228.668828805288 227.772315343221 231.376926104228 226.644138495127 218.334794044495 214.924474557241 215.533276398977 214.407165845235 209.769368171692 215.050975481669 222.036957740784 220.128993193309 208.895802497864 188.789923985799 139.756997426351 116.84329311053 151.617606480916 191.164831320445 201.344748338064 193.116088708242 182.578365008036 180.096884568532 189.603050549825
221.258759498596 233.539859453837 235.555469989777 234.115282694499 235.839704672496 230.638782183329 236.711084842682 247.74310986201 250.93142191569 246.088961760203 248.804529507955 250.290592511495 252.034227053324 247.797111670176 246.358056863149 245.540102322896 239.374736944834 237.171332041423 234.138786792755 232.117374738057 233.898719151815 235.046029090881 234.004855155945 232.185701529185 230.80970843633 238.218585650126 247.962156931559 249.08971786499 231.092592080434 231.054802735647 219.178219636281 209.917287031809 214.4535779953 199.606378873189 171.751499176025 143.830647071203 132.641017436981 118.219981590907 102.638016144435 114.538550376892 138.180365165075 172.829786936442 192.372838656108 213.461756706238 238.059401512146 239.456017812093
