input/barkrak2/radiation/dir18224.grid
NCOLS 85 
NROWS 70 
XLLCORNER 665100 
YLLCORNER 4664600 
CELLSIZE 20 
NODATA_value -9999 
[rows 0 to 19 of 70, columns 0 to 45 of 85]
355.248928070068018 357.313593228658 356.051405270894 350.722471872966 344.60973739624 339.681545893351 331.602215766907 325.446804364522 330.615103244781 329.164067904154 325.916330019633 334.200461705526 341.015458106995 340.827425320943 343.868295351664 354.603926340739 358.943859736125 356.519063313802 339.791774749756 327.972094217936 304.719706376394 298.44605922699 314.465781052907 321.018318335215 317.393024762471 314.436872800191 314.464569091797 306.173841158549 287.516077359517 280.088206132253 279.211401939392 283.204237620036 290.704290072123 296.298245588938 304.598073164622 297.276854515076 293.635050455729 301.42746369044 299.175937970479 302.214781443278 292.145470778147 272.083083788554 282.542586326599 308.867037296295 314.45058186849 304.837663968404
349.629958470662 354.482928911845 355.70748647054 352.483510971069 349.721511205037 345.001538594564 333.705067634583 322.75919119517 325.47124226888 327.392995357513 322.057942549388 328.919947147369 338.59125773112 339.550097783407 338.686267534892 344.691038131714 343.346834182739 341.866334279378 341.809670130412 333.526055018107 317.500591278076 307.231545448303 311.278343200684 316.655258337657 314.996918042501 311.623930931091 309.986213843028 305.524468421936 290.636122226715 280.581951141357 281.570533911387 290.152966976166 286.776105562846 290.263334910075 303.141633669535 295.54029305776 288.156032562256 290.354033311208 286.671360333761 299.637099107107 298.233767350515 285.63795487086 292.922715346018 313.3225440979 320.233623186747 308.547933896383
331.780115763346 332.490503787994 334.793527921041 337.177038192749 344.389677047729 346.607367197673 344.704747200012 339.497804641724 334.256370862325 330.028057098389 321.914156277974 322.062234083811 329.676727453868 332.258323828379 328.272819519043 331.755479176839 335.675994555155 338.799039522807 342.146873474121 339.433987935384 334.743698438009 323.79017273585 315.042078495026 313.502351442973 314.772884051005 314.635177453359 310.074369112651 303.774873415629 292.460501194 279.898921648661 276.94308757782 288.450280825297 275.219221909841 282.181680202484 297.693292299906 292.141377925873 276.238401730855 268.757939338684 280.647277832031 300.250947475433 302.640795707703 303.28381061554 305.775105953217 320.802807807922 330.939988295237 316.203971703847
317.04843044281 312.170445919037 315.277675787608 320.443312327067 321.876525878906 321.476141611735 322.70872592926 330.038925011953 337.714513142904 340.549230575562 335.777362187703 332.441369692485 332.135995229085 331.36526743571 327.347755432129 321.263213952382 324.165443579356 329.994678497314 337.357600529989 338.601430257161 337.364037831624 334.369778633118 332.471271355947 325.209041436513 322.689592838287 324.408570925395 318.852424621582 309.484799702962 300.671935081482 290.61226050059 280.609448750814 286.930521329244 274.729291598002 281.409621238708 288.892527421315 289.739668369293 283.454199632009 279.498676458995 298.898279666901 313.815752665202 310.662051041921 303.374071915944 299.591501553853 307.567755381266 319.363276163737 321.081757545471
328.39294274648 317.160765329997 306.138078371684 295.567413171132 291.120886802673 304.315408070882 318.267544110616 323.472062746684 328.06263367335 332.782427469889 339.96303876241 343.255480130513 343.731999397278 341.593941052755 338.552037874858 336.234132448832 333.864728609721 329.997638861338 333.175818125407 337.999741236369 337.099631627401 337.023059527079 339.165727297465 334.261655807495 329.387625058492 328.269998232524 322.707871596018 314.046800136566 305.070122083028 299.42786693573 297.510087490082 293.954312801361 286.789794762929 289.53339656194 286.934316158295 290.924290815989 301.027079423269 306.855877240499 317.045370737712 322.834392388662 320.933699607849 312.818427880605 304.344058036804 299.740056196849 305.452605088552 327.103137969971
350.716829299927 337.20592657725 318.740010261536 293.937643369039 286.368171374003 293.627361456553 311.520636081696 323.819756507874 324.915031592051 325.176199277242 329.955299695333 336.802085240682 340.938250223796 343.388636906942 344.374656677246 344.639817873637 340.90781211853 333.128929138184 331.462482611338 334.476510683695 334.254384040833 337.547938028971 343.008438746134 339.402119318644 334.85201994578 334.013144175212 327.223261197408 318.12862555186 307.254572709401 300.281743208567 299.295862515767 294.61395740509 299.131989479065 305.956939856211 300.020575523376 297.33677705129 305.987576643626 313.417911529541 318.136254946391 318.447589874268 319.514373938243 315.793931484222 312.973936398824 311.860978603363 310.664594173431 317.577143510183
352.810859680176 344.297170639038 332.30056365331 319.75930929184 303.599774837494 293.489138285319 299.69068368276 319.4819688797 326.467633247375 331.04807138443 329.53929901123 326.549649238586 322.987616062164 320.758541425069 322.190125783284 330.810288588206 335.811217625936 339.966615041097 340.891559918721 340.268174807231 335.661172866821 331.389844417572 339.102427164714 340.596477190654 338.561336199443 339.825391769409 335.997502009074 328.142066796621 317.455987135569 309.891005357107 304.459571838379 304.693977038066 319.445172945658 326.198478539785 323.225220044454 316.433072090149 314.644555250804 318.69900226593 322.322805722555 328.548053900401 328.87989282608 324.615915616353 319.937388102214 313.539564609528 299.136797587077 292.56143172582
346.378763516744 346.946636835734 345.357298851013 340.088129043579 329.697668552399 308.490912119548 289.967755476634 290.342589219411 315.650244553884 330.976068973541 333.727161089579 331.392069657644 326.594928900401 321.241974830627 313.315490881602 315.635780493418 323.521077632904 331.298192342122 341.056744257609 345.535755157471 343.525648117065 336.51073773702 336.275537808736 340.058048566182 339.878916740417 342.248439788818 341.370940208435 336.976766586304 330.165763696035 325.506687164307 321.986158688863 322.254717350006 332.793116569519 336.8901014328 335.992932319641 332.364400227865 326.546986897786 323.03390900294 317.177832126617 324.59278901418 332.806209723155 335.855046908061 334.085067113241 324.009994665782 307.276447614034 290.99969069163
344.17470296224 345.120350519816 345.600406328837 344.573895136515 339.920083681742 329.776446024577 310.914258162181 288.767337799072 295.896331469218 314.348697662354 327.741463979085 331.703344980876 331.758598486582 330.642104148865 325.789391994476 321.78141673406 318.854530652364 321.781039237976 330.257952213287 339.100281397502 343.840360641479 344.919602076213 342.159946759542 339.741945266724 340.186675389608 343.503395716349 344.495217005412 342.329581578573 339.63676293691 339.303414026896 339.279174804688 338.31520875295 341.072042783101 342.540184656779 340.060472488403 337.633450826009 334.526777267456 326.287269592285 312.32217947642 315.936406453451 330.823679765065 333.740631739299 329.799075921377 326.290229956309 316.925783952077 307.730456193288
336.285789807638 339.693864186605 341.702540715535 341.828266779582 340.679287910461 341.074029604594 335.550705591838 323.863983154297 301.670014858246 295.582254727681 306.627313296 323.471029599508 333.773334821065 337.619503339132 339.277784029643 336.326837539673 328.409194946289 325.533668200175 323.73841603597 327.121357123057 330.990513165792 334.442377090454 336.899995803833 337.917725245158 339.648842811584 341.217676798503 342.854698499044 341.667254765828 340.914011001587 343.03875764211 343.830188115438 343.774954477946 345.921198527018 346.634387969971 344.532132148743 340.549230575562 339.265505472819 334.425528844198 315.731465816498 311.344881852468 324.168880780538 324.928184350332 322.879215081533 321.954766909281 313.535888989766 304.305930932363
307.655910650889 316.818197568258 324.056049187978 329.284230868022 333.807627360026 337.545792261759 339.869419733683 339.236895243327 324.658493200938 307.033121585846 294.752180576324 301.299571990967 320.711811383565 334.567983945211 340.674519538879 336.552898089091 333.265662193298 330.384035905202 325.871626536051 321.222245693207 321.541885534922 321.362058321635 322.014967600505 328.825573126475 334.046403566996 337.25368976593 338.790496190389 338.258345921834 339.887062708537 342.081944147746 343.002120653788 344.606876373291 347.198327382406 348.241964975993 346.744894981384 343.608458836873 342.42578347524 341.894268989563 330.093801021576 316.781004269918 320.203304290771 323.749979337056 325.489322344462 325.446546077728 317.982574303945 308.806677659353
276.897648970286 281.233787536621 288.055419921875 297.615806261698 309.222757816315 320.315897464752 331.490417321523 334.882378578186 335.013111432393 327.90752251943 309.942344824473 295.990844567617 296.08960946401 313.946048418681 331.03221654892 330.654303232829 334.941228230794 334.143996238708 329.282184441884 323.108077049255 318.796356519063 316.479047139486 315.598527590434 321.564793586731 326.183219750722 328.514198462168 329.773783683777 332.087417443593 335.498412450155 337.759653727214 339.810291926066 343.139410018921 345.77739238739 346.579035123189 345.200141270955 344.200372695923 345.178683598836 346.132000287374 342.773596445719 332.378705342611 329.653163750966 332.835515340169 335.446198781331 335.635542869568 329.44118976593 327.048460642497
267.832656701406 264.138718446096 262.175480524699 262.225826581319 267.97612508138 281.890511512756 300.521532694499 316.04015827179 333.69509379069 335.804382960002 329.790949821472 315.284311771393 294.38579082489 292.524556318919 310.535967350006 327.5252978007 336.000482241313 337.068756421407 334.985653559367 330.658853054047 324.439843495687 323.541581630707 323.258976141612 323.907017707825 323.382914066315 322.16093937556 324.982166290283 329.505324363708 331.334809462229 332.162181536357 334.89994208018 338.23033173879 339.04771010081 339.896599451701 340.137600898743 342.213710149129 346.279859542847 348.475694656372 347.560365994771 345.907012621562 343.401829401652 342.046777407328 341.687281926473 341.004053751628 335.169196128845 332.006295522054
263.595382372538 239.397982756297 224.035938580831 218.09858083725 215.645134449005 220.160822073619 238.713522752126 269.320587317149 300.789952278137 324.954887231191 333.861986796061 334.477583567301 325.233558813731 307.020604610443 305.08953332901 322.177509466807 332.407693068186 339.111526807149 341.070493062337 339.845577875773 334.567149480184 332.497636477153 329.809506734212 329.796691735586 328.793207804362 326.897899309794 329.448441664378 334.195415178935 332.334399223328 329.117039839427 332.672317822774 335.790356000264 337.213714917501 336.567322413127 337.960004806519 341.467261314392 344.764749209086 345.476865768433 345.647613207499 345.518827438354 345.875183741252 345.840613047282 346.059123675029 343.847990036011 338.874181111654 334.058364232381
246.51046593984 214.056770006816 192.365566889445 188.446561495463 187.197208404541 191.695312658946 199.70045487086 223.46176703771 247.982501983643 293.327808380127 330.187320709229 343.768199284871 345.965464909871 338.000019391378 322.344144185384 319.377303123474 322.189211845398 331.852595011393 340.320706367493 342.579364776611 342.205921808879 339.629491170247 338.778416315715 336.667418479919 333.792130152384 332.320690155029 334.903001785278 335.990826288859 330.408036708832 328.57882976532 332.055608431498 334.799528121948 335.092902183533 334.307551383972 336.325605710347 338.446219762166 339.670141537984 339.10338083903 339.250405629476 339.104255040487 341.609319051107 344.634850819906 345.53333123525 344.427108764648 340.267260869344 337.965885798136
211.357593536377 187.586545944214 172.90864388148 169.782042503357 184.522747993469 205.605089664459 205.057799816132 208.537479241689 228.738645712535 258.352359135946 303.823888301849 341.434558232625 349.626104036967 348.770062128703 341.887315114339 324.586768945058 317.310611406962 319.093982378642 329.083402951558 342.03298886617 345.074454943339 342.625578244527 343.565384546916 341.289162635803 336.655696233114 336.678703625997 339.215596516927 336.908976236979 331.679463386536 334.148486455282 335.652828216553 335.333267847697 333.815137545268 333.456595738729 333.849509557088 332.468410332998 331.575512886047 329.18647925059 330.450634161631 330.389936765035 333.339174588521 336.412747701009 336.692730585734 336.562395095825 338.327964146932 339.853326479594
186.458468437195 177.689830462138 170.391003290812 162.060290575027 165.190567572912 188.260436058044 208.286702632904 209.230085213979 223.412156105042 237.319747606913 259.576042493184 309.991002082825 345.772782961528 347.556074460347 345.386942227681 342.364629109701 337.165276209513 327.95375585556 321.319043636322 327.743848164876 340.401649475098 344.049016634623 345.434387524923 343.43417485555 339.597940444946 340.497414271037 343.26159954071 340.703884760539 337.286194165548 340.840856234233 341.920177141825 335.706830024719 332.659622033437 331.054528554281 328.304390112559 327.581683794657 325.115144252777 323.314627011617 323.525647322337 325.539211432139 326.381782690684 328.251401583354 329.837123552958 330.250640710195 337.479511896769 340.446511904399
178.406516710917 182.185888290405 183.505455652873 173.560241858164 157.584249973297 164.196699857712 193.811456362406 211.298942565918 226.92612806956 239.966591199239 246.148963769277 274.5481133461 322.377403577169 345.107793807983 347.621281941732 348.556955655416 348.554253578186 343.836545944214 333.565751711528 321.673492590586 329.143146673838 342.991749445597 343.539158503215 342.102924982707 342.308163642883 345.832427342733 347.2873767217 345.584432284037 343.209703763326 344.66012318929 342.313488324483 336.85576915741 334.108273188273 330.977181593577 326.678395271301 324.94455575943 323.694288730621 324.036637941996 322.893420855204 324.186166127523 326.010286808014 326.01139942805 326.036512851715 327.504257361094 333.851416905721 339.559237162272
188.288470109304 198.954204718272 207.291563351949 202.119072278341 181.24908208847 172.842562198639 194.80703274409 211.876114209493 232.464373111725 252.529203891754 260.802944501241 267.841498057048 300.028224786123 331.238587697347 343.706130981445 347.667217254639 348.146200180054 347.719470659892 346.559166908264 338.399132092794 325.500746568044 334.101756413778 338.08970451355 341.569145520528 345.400373140971 348.680933316549 350.048303604126 347.72006670634 343.916138013204 343.61732006073 340.389808019002 336.631019910177 333.780805269877 331.037521362305 329.157670338949 325.848579406738 325.786014397939 324.215571085612 323.635379473368 324.687043825785 327.497601509094 327.334304650625 327.036122481028 329.119801521301 328.912536303202 336.492379506429
202.480216821035 207.130372524261 219.486514727275 234.943429629008 223.344663778941 190.013468265533 192.245423793793 203.690846761068 220.446944236755 246.126472949982 259.367763996124 264.160295327504 277.249177296956 295.493245124817 326.620479424794 341.141740481059 343.954006830851 344.651063283284 345.185081164042 345.320145289103 342.03839302063 333.457390467326 334.238131841024 339.128096898397 344.322562217712 348.100940386454 350.329836209615 347.397446632385 342.027187347412 341.673771540324 338.432470957438 333.800077438354 331.104556719462 330.843130747477 330.117265383403 327.871282895406 325.562516848246 320.628066857656 319.573144117991 324.286500612895 328.468203544617 329.580028851827 331.14755153656 331.20334148407 328.350067138672 334.202527999878
