input/barkrak2/radiation/dir16724.grid
NCOLS 85 
NROWS 70 
XLLCORNER 665100 
YLLCORNER 4664600 
CELLSIZE 20 
NODATA_value -9999 
[rows 0 to 19 of 70, columns 0 to 45 of 85]
357.022523880004996 358.946839968363 357.506314913432 351.913928985596 345.634380976359 340.743780136108 332.64942963918 326.468149820964 331.678013006846 330.20410935084 326.920072237651 335.287610689799 342.177629470825 341.977516810099 345.010280609131 355.933904647827 360.411246617635 358.147064844767 341.441035270691 329.98780409495 305.812875429789 299.552798271179 315.28643767039 321.599841117859 318.60093275706 314.638336499532 314.639846483866 307.414789994558 288.547515869141 280.966758728027 280.139088630676 283.78560145696 290.87362686793 296.475191911062 305.24088939031 297.819991906484 293.984293937683 301.673769950867 299.386938412984 302.130480607351 292.310277620951 272.182027498881 282.636364301046 310.034970442454 315.551559130351 305.576543013255
351.573308308919 356.378555297852 357.724746068319 354.275941848755 350.447297096252 345.846255620321 334.938247998555 323.74385992686 326.381623744965 328.282038370768 322.975794474284 329.939723014832 339.715957641602 341.323733329773 339.609861373901 347.98808892568 344.331383705139 342.371821403503 342.464248339335 335.461219151815 318.953990936279 308.195908864339 312.175174554189 317.722042401632 316.083550453186 311.732252438863 310.180246829987 305.879473686218 291.663110256195 281.412859757741 282.363514105479 290.655295054118 286.768972873688 290.00578324 303.661942481995 295.878310998281 288.361350695292 290.677646795909 286.034425099691 300.437390804291 298.683106899261 285.727759202321 293.305297692617 314.112881819407 320.397098859151 308.367788791656
333.817958831787 334.913810094198 337.238470713298 339.603265126546 346.643845240275 347.752213478088 346.854090690613 340.8123254776 335.357705752055 331.125636895498 322.947561740875 323.070804278056 330.830951531728 332.864701747894 328.949828942617 332.300623257955 335.973699887594 340.486208597819 344.013810157776 341.241319974263 335.634152094523 324.961920579274 315.641820430756 313.874125480652 315.71106115977 315.700173377991 310.268998146057 304.20176188151 292.956988016764 280.348261197408 277.425507704417 288.767218589783 275.584638118744 282.133936882019 298.18461338679 292.394419511159 276.329398155212 269.045134385427 281.324863433838 300.122737884521 302.910069624583 303.513586521149 306.33153518041 321.738362312317 332.153836886088 317.43335723877
320.269326368968 314.914961655935 317.923386891683 321.707626183828 323.158582051595 324.257175127665 324.933648109436 331.377347310384 339.749097824097 341.718633969625 337.255636850993 333.673079808553 333.303391933441 332.457959651947 328.332424163818 322.152256965637 325.158794720968 331.118961175283 338.009317715963 340.269804000854 338.264465332031 335.334459940592 333.78533522288 326.340357462565 323.805073897044 325.62917470932 319.382707277934 310.502727826436 301.553289095561 291.336437066396 281.146208445231 287.138779958089 274.319072564443 281.206965446472 288.942913214366 290.111104647319 283.240258693695 279.946009318034 298.735459645589 313.982605934143 311.419367790222 304.442683855693 300.125598907471 308.20236603419 320.32585144043 322.419802347819
330.827037493388 318.590044975281 308.817764123281 300.082524617513 295.371909936269 305.648962656657 319.614092508952 325.921376546224 330.462296803792 334.065477053324 341.218709945679 344.996213912964 344.561060269674 343.033194541931 339.869419733683 336.753328641256 334.992488225301 331.175863742828 334.196249643962 339.516162872314 338.690201441447 338.633894920349 340.7381772995 335.086981455485 330.54522673289 329.417506853739 323.817352453868 315.008004506429 305.727223555247 300.183931986491 298.118948936462 294.337232907613 286.390622456868 289.388914903005 287.222325801849 291.25855366389 301.614065965017 307.53227074941 317.79146194458 323.657135168711 321.653425693512 313.615103562673 304.848074913025 300.210535526276 306.127448876699 328.296502431234
352.776050567627 340.260148048401 320.338785648346 295.757095019023 287.574350833893 294.784744580587 314.197500546773 325.221220652262 327.307502428691 326.516111691793 332.38697052002 339.108069737752 343.151172002157 345.542073249817 346.414526303609 345.648368199666 342.035333315531 334.514538447062 332.661688327789 335.75971921285 335.525552431742 338.515400886536 343.76593430837 340.887308120728 336.164991060893 334.747950236003 328.344821929932 318.802297115326 308.065454165141 300.951798756917 299.794832865397 295.115749041239 299.970984458923 306.664109230042 300.527850786845 297.750314076742 306.180795033773 313.644369443258 318.592647711436 318.897763888041 319.969137509664 316.490709781647 313.481708367666 312.250336011251 311.374247074127 318.714718023936
355.218728383382 345.241626103719 333.630959192912 321.076015631358 306.354482968648 294.638792673747 302.482863267263 322.066466013591 328.892171382904 333.427667617798 330.820600191752 327.8901775678 325.44873158137 323.272188504537 324.708580970764 333.189427852631 337.11047967275 341.25538667043 342.05428759257 341.274738311768 336.632331212362 332.35756556193 340.009609858195 342.063546180725 339.941740036011 340.620875358582 337.215662002563 328.983028729757 318.304896354675 310.589591662089 304.848472277323 305.336753527323 320.450146993001 327.256321907043 324.153105417887 316.857914129893 315.356254577637 319.480379422506 323.178251584371 329.14533217748 329.510311285655 325.24844010671 320.979376633962 314.673066139221 300.114194552104 293.344616889954
347.680966059367 348.305304845174 347.368200620015 342.312455177307 331.074655056 311.210672060649 291.118721167247 293.048600355784 316.977779070536 332.275072733561 336.041808128357 333.698829015096 328.959147135417 323.712706565857 315.924167633057 316.941738128662 324.85701640447 333.633263905843 343.141992886861 346.60812218984 344.556927680969 337.775707244873 337.478439013163 340.975125630697 341.267585754395 343.71821085612 342.800855636597 338.262597719828 331.26429716746 326.440533002218 322.752376397451 323.129773139954 333.937207857768 338.122526804606 337.206999460856 332.98393090566 327.142655849457 323.885718981425 317.975203196208 325.773517290751 333.935896555583 337.137341499329 335.222045580546 324.993411699931 307.991663614909 291.466514269511
345.79332669576 346.555153528849 347.338438034058 346.447865168254 342.618385950724 333.030005296071 314.777374267578 291.616598765055 298.879563808441 317.041118939718 330.191135406494 333.944241205851 333.257993062337 332.145849863688 327.217698097229 323.079645633698 321.440895398458 324.333727359772 332.731465498606 340.215643246969 345.965266227722 346.745491027832 343.718687693278 341.254830360413 341.687520345052 344.592173894246 345.552245775859 343.424161275228 340.755939483643 340.665499369303 340.104500452677 339.0132188797 341.776013374329 343.228061993917 341.437538464864 338.980197906494 335.735479990641 327.506601810455 313.438614209493 316.983123620351 331.968267758687 334.364930788676 330.171843369802 326.677838961283 317.702492078145 308.450738588969
338.276783625285 341.953873634338 342.890381813049 343.011299769084 342.44434038798 342.96178817749 336.954832077026 326.451500256856 304.469545682271 298.393627007802 307.950437068939 324.885567029317 336.033980051676 339.717626571655 341.428279876709 338.635683059692 330.841263135274 328.041275342305 326.30709807078 328.332523504893 333.433747291565 335.765441258748 338.294585545858 339.333136876424 341.021696726481 343.051234881083 344.729065895081 342.921773592631 342.646598815918 344.726085662842 345.521211624146 345.448176066081 346.942027409871 348.327358563741 346.096674601237 341.970562934875 340.27886390686 335.276563962301 316.934108734131 312.219719092051 324.989100297292 325.245102246602 323.13330968221 322.294235229492 314.284761746724 304.990192254384
310.877680778503 319.222867488861 326.33771498998 331.44744237264 335.874954859416 339.549740155538 341.935078303019 341.46503607432 327.178756395976 308.306694030762 297.568599383036 302.584290504456 322.070479393005 335.994640986125 342.068711916606 337.996085484823 334.710399309794 331.744412581126 327.176948388418 323.816239833832 324.09922281901 323.831677436829 324.403921763102 331.067025661469 336.125135421753 339.248498280843 340.171893437703 339.664379755656 341.787139574687 343.401273091634 344.839096069336 345.844864845276 349.012533823649 350.037058194478 348.466634750366 345.20677725474 343.92523765564 343.318065007528 331.038852532705 317.568202813466 320.877651373545 324.568053086599 326.34566227595 326.468467712402 318.573991457621 309.475859006246
278.621355692546 283.894578615824 289.778590202332 299.328108628591 311.704317728678 321.955800056458 333.047866821289 336.412707964579 336.461027463277 329.3443719546 312.595725059509 297.298550605774 298.904319604238 316.599090894063 332.532028357188 332.858939965566 337.14505036672 336.435198783875 331.701238950094 324.461738268534 320.221702257792 318.023363749186 318.0926044782 324.014405409495 328.517059485118 330.739458401998 331.955850124359 334.235906600952 336.984713872274 339.213132858276 341.230114301046 344.468673070272 347.824454307556 348.579446474711 347.118179003398 346.030592918396 347.431262334188 348.278125127157 344.201485315959 333.423535029093 330.532014369965 333.344062169393 336.540937423706 336.70977751414 330.339848995209 328.014691670736
269.599636395772 265.911678473155 263.948659102122 263.987044493357 270.710825920105 284.604509671529 303.168098131816 318.57685248057 336.031476656596 338.048577308655 332.143465677897 317.884822686513 297.181646029154 295.334299405416 311.974147955577 329.024275143941 338.238795598348 338.539441426595 336.453994115194 332.098225752513 326.906402905782 325.963457425435 325.68359375 326.333940029144 324.9525030454 323.791821797689 326.582471529643 331.7658106486 333.556254704793 334.376096725464 336.360971132914 339.622100194295 341.283082962036 342.115044593811 342.262983322144 343.496600786845 348.324378331502 350.354750951131 349.33336575826 346.871137619019 344.32053565979 343.517263730367 343.033989270528 342.3885901769 336.421251296997 333.175937334696
265.482942263285 241.296549638112 225.920995076497 220.868786176046 218.471785386403 223.04900487264 240.204989910126 270.710905392965 302.183588345846 326.519906520844 335.467457771301 336.046616236369 327.729900677999 308.265586694082 306.35933081309 324.756940205892 334.794322649638 340.596159299215 342.502355575562 341.265002886454 336.009343465169 333.986878395081 332.161486148834 332.165360450745 331.094622612 329.171657562256 330.965459346771 335.669279098511 334.539969762166 331.384658813477 334.935506184896 337.190548578898 338.55672677358 338.866313298543 340.187231699626 342.709143956502 345.866441726685 347.609400749207 347.666700681051 346.659104029338 347.006400426229 347.642739613851 347.762147585551 345.389445622762 340.311884880066 335.162083307902
248.905221621195 216.206888357798 195.015768210093 191.174626350403 191.023647785187 194.590290387472 200.952410697937 224.83758131663 250.704765319824 294.792970021566 332.649489243825 345.85444132487 347.401897112529 340.341409047445 323.563536008199 320.606549580892 324.775060017904 334.286371866862 342.517614364624 344.604094823201 343.628485997518 341.081619262695 340.225219726562 338.942408561707 336.016734441121 334.515810012817 337.176521619161 337.418953577677 332.575599352519 330.823461214701 334.375222524007 337.086796760559 336.455265680949 336.657643318176 338.637471199036 340.739925702413 340.818603833516 340.296705563863 341.471870740255 341.286102930705 342.830578486125 345.782558123271 347.564260164897 346.299250920614 341.506481170654 339.216629664103
214.383840560913 190.64865509669 175.46812693278 172.504285971324 188.518226146698 207.011421521505 206.364353497823 211.622496445974 231.817682584127 261.434038480123 306.761225064596 343.769629796346 351.558009783427 350.721716880798 344.160596529643 325.933257738749 318.678796291351 320.43848435084 331.58020178477 344.238956769307 347.068071365356 344.061255455017 344.969232877096 342.716018358866 338.810920715332 338.811794916789 341.406106948853 338.356256484985 333.282589912415 335.6880346934 337.94109026591 337.625583012899 336.129744847616 334.796667098999 335.197408994039 334.847648938497 333.999395370483 330.492456754049 331.817944844564 332.746704419454 335.688869158427 337.657372156779 338.980555534363 338.762839635213 339.65257803599 341.143210728963
188.921312491099 180.228014787038 172.584891319275 164.834231138229 169.845561186473 191.438237826029 209.184646606445 211.896479129791 226.315756638845 237.659315268199 262.518286705017 311.04322274526 347.998062769572 349.403142929077 347.238461176554 344.499230384827 339.540918668111 329.175571600596 322.507341702779 330.283800760905 342.598915100098 345.458507537842 346.813996632894 344.865560531616 341.660459836324 342.574834823608 345.358769098918 342.793981234233 338.816006978353 342.865069707235 343.288540840149 337.947607040405 334.956645965576 333.429177602132 330.709894498189 329.01265223821 326.533099015554 325.813988844554 325.987756252289 326.956748962402 328.84015639623 330.690582593282 331.154346466064 332.644720872243 338.752309481303 341.69340133667
180.351197719574 184.211850166321 185.747365156809 176.294465859731 160.49403945605 166.991531848907 196.686784426371 211.628397305806 229.731818040212 242.81907081604 248.990297317505 276.943564414978 323.558290799459 347.305774688721 349.509835243225 350.401202837626 350.531816482544 346.015294392904 334.879159927368 324.306686719259 331.682145595551 345.206022262573 344.948927561442 343.581279118856 343.7846104304 347.203850746155 349.270780881246 347.517331441243 345.106244087219 346.578518549601 344.290057818095 338.383356730143 335.627277692159 332.474907239278 329.068620999654 327.352643013 326.148788134257 325.448354085286 325.377881526947 326.647241910299 327.367524305979 328.493714332581 327.361166477203 330.008506774902 336.225907007853 340.751091639201
190.36853313446 201.062937577566 209.514697392782 204.772969086965 184.182266394297 175.38050810496 197.407921155294 214.462002118429 232.638557751973 254.93190685908 263.507763544718 270.177841186523 301.0227282842 332.265635331472 345.87832291921 349.618275960286 350.06856918335 349.680264790853 348.666469256083 339.648644129435 328.092296918233 336.542805035909 339.509248733521 343.644698460897 346.784234046936 349.959095319112 351.27055644989 349.541465441386 345.70837020874 345.453818639119 342.286825180054 338.561256726583 335.846622784932 332.597215970357 330.695947011312 328.228573004405 328.220744927724 326.697150866191 325.078368186951 327.155212561289 328.823566436768 329.799115657806 329.498827457428 331.630925337474 331.42610390981 338.870644569397
204.634467760722 209.29088195165 221.629420916239 237.467527389526 226.259668668111 192.476908365885 192.275245984395 203.578313191732 222.934683163961 246.213495731354 262.095292409261 264.575918515523 279.046376546224 298.897365729014 327.907343705495 343.393802642822 346.055348714193 346.691568692525 347.190380096436 346.698681513468 343.23251247406 335.939407348633 336.61945660909 341.39088789622 346.448183059692 349.360346794128 351.523001988729 349.222143491109 343.799988428752 343.464414278666 340.245644251506 335.641384124756 333.065887292226 332.985977331797 332.361737887065 329.431017239888 327.966948350271 323.116183280945 321.022470792135 326.800664265951 330.953121185303 332.023461659749 332.458118597666 332.426965236664 330.889801184336 335.336367289225
