input/barkrak2/radiation/dir18024.grid
NCOLS 85 
NROWS 70 
XLLCORNER 665100 
YLLCORNER 4664600 
CELLSIZE 20 
NODATA_value -9999 
[rows 20 to 39 of 70, columns 0 to 45 of 85]
210.135897000631 203.477581342061 219.918390115102 261.507074038188 257.707893848419 206.812004248301 189.358373483022 195.448497931163 208.295087019602 228.206813335419 243.794083595276 251.36665503184 262.539227803548 273.938298225403 292.113204797109 322.930177052816 334.825436274211 337.925354639689 342.448949813843 348.460872968038 350.385824839274 345.271110534668 344.435056050618 344.909389813741 345.837076505025 346.929272015889 348.522106806437 345.032691955566 340.230027834574 339.910666147868 334.141095479329 324.486295382182 317.015131314596 313.985466957092 312.866846720378 317.744096120199 318.019926548004 320.284843444824 324.721276760101 327.214280764262 328.055739402771 328.040818373362 328.840255737305 325.023690859477 329.030454158783 330.846051375071
234.90031560262 236.029088497162 256.148238976796 286.44190231959 281.613310178121 219.927112261454 201.997399330139 200.582802295685 207.583387692769 224.279999732971 234.818975130717 244.970122973124 253.53463490804 262.299180030823 274.946749210358 294.064581394196 321.174303690592 334.276040395101 338.209549585978 345.340808232625 348.69643052419 352.263251940409 353.320956230164 352.781494458516 350.162069002787 345.905383427938 343.450586001078 339.956363042196 338.570197423299 331.995328267415 315.93386332194 289.442976315816 271.156589190165 270.521998405457 278.50600083669 295.531054337819 302.563865979513 316.041727860769 324.780782063802 325.60004790624 322.87460565567 322.078426678975 317.025820414225 304.878334204356 321.286837259928 329.203228155772
272.897720336914 281.807104746501 291.890422503154 301.76963408788 301.554044087728 255.141695340474 224.83229637146 208.530346552531 204.835732777913 216.124773025513 236.377060413361 245.287875334422 256.412227948507 267.846385637919 272.940357526143 287.848154703776 302.500247955322 324.72042242686 334.10898844401 335.303902626038 336.721976598104 345.696210861206 350.167512893677 349.895159403483 346.792896588643 345.379670461019 342.661341031392 339.442054430644 326.765437920888 308.7278008461 267.27298895518 215.959747632345 197.133819262187 214.962919553121 243.593732515971 266.54181877772 283.913135528564 302.814801534017 312.783400217692 315.760552883148 318.587025006612 318.978687127431 297.837932904561 279.44020430247 302.788893381755 326.784074306488
290.691634019216 294.748365879059 298.579812049866 306.822081406911 306.794365247091 288.615187009176 247.413794199626 215.561469395955 202.751437822978 207.382559776306 232.536276181539 244.548400243123 261.304537455241 276.323676109314 280.114869276683 284.092525641123 297.10175593694 311.187068621318 323.580145835876 324.451247851054 323.122501373291 325.306614240011 335.543314615885 341.252247492472 341.202974319458 334.977149963379 321.370283762614 303.926845391591 275.948365529378 233.980337778727 195.372700691223 170.795957247416 145.944774150848 147.125353415807 159.879108270009 196.099241574605 236.541330814362 261.184016863505 278.450608253479 288.012504577637 286.317924658457 273.218035697937 258.887549241384 291.658659776052 286.894639333089 319.011966387431
282.473047574361 284.989456335704 297.104358673096 308.109482129415 300.177415211995 289.054115613302 255.962332089742 233.642439047496 213.669737180074 206.826746463776 222.187161445618 241.6672706604 254.883885383606 271.155079205831 277.932365735372 281.088570753733 293.097853660583 305.526634057363 312.385439872742 316.164235273997 320.842862129211 317.855616410573 322.733084360758 313.922127087911 305.387914180756 300.394852956136 291.450281937917 277.89713939031 244.74952618281 189.690073331197 168.24471950531 165.91011484464 148.853202660879 128.368576367696 119.025369485219 133.714258670807 180.502792199453 215.969800949097 242.658257484436 256.274263064067 245.361129442851 223.800599575043 245.007395744324 307.335476080577 299.403309822083 321.977655092875
277.527689933777 281.427383422852 294.755359490712 304.408272107442 301.766673723857 290.747205416362 266.647458076477 255.755623181661 247.474849224091 232.341408729553 232.658187548319 251.724759737651 264.333585898081 281.232555707296 287.934184074402 283.969461917877 292.178273200989 303.846836090088 310.093681017558 316.228012243907 326.13209883372 315.331717332204 298.065066337585 291.635572910309 292.380591233571 290.238916873932 278.469880421956 266.979416211446 222.393870353699 194.318910439809 193.359375 210.32303571701 215.301791826884 192.399561405182 157.60483344396 137.647519508998 154.399255911509 184.688190619151 225.39077202479 238.909582297007 221.016108989716 212.128301461538 252.971927324931 290.64820210139 310.480852921804 331.813216209412
279.59406375885 281.427323818207 290.219028790792 300.592521826426 313.640793164571 297.375957171122 278.92138560613 268.322030703227 266.246994336446 260.773559411367 252.736985683441 267.746388912201 281.490047772725 293.695092201233 296.284159024556 292.319715023041 294.839759667714 304.689665635427 312.158207098643 321.301261583964 313.825984795888 305.645843346914 300.082047780355 296.461900075277 293.716112772624 291.515072186788 279.421905676524 265.500108400981 229.20149564743 223.116894563039 245.257496833801 268.33963394165 272.316614786784 285.57026386261 266.836484273275 183.290441830953 168.522953987122 180.429756641388 206.665515899658 238.000531991323 229.9924492836 262.021521727244 255.298495292664 264.496644337972 301.623344421387 321.497877438863
283.805151780446 280.041754245758 283.363461494446 296.29256327947 333.313345909119 307.217558224996 284.525036811829 266.974727312724 267.437299092611 275.353054205577 268.980403741201 274.682144323985 287.844816843669 298.652132352193 298.928141593933 299.76632197698 301.082034905752 302.909970283508 305.76499303182 309.086422125498 307.687183221181 301.193277041117 298.560400803884 302.352547645569 302.543123563131 296.457568804423 288.254062334696 276.357491811117 250.942985216777 249.073187510173 273.795564969381 288.497865200043 286.453286806742 300.296346346537 328.426738580068 263.82060845693 199.238836765289 184.192021687826 198.144376277924 240.310291449229 267.90863275528 311.413407325745 262.589295705159 259.081880251567 287.84191608429 301.165382067362
280.815601348877 273.165643215179 277.231971422831 302.759051322937 344.646732012431 304.628650347392 274.802088737488 261.637310187022 267.162203788757 275.426824887594 271.810094515483 273.021817207336 286.785244941711 298.26428492864 303.459544976552 307.466149330139 304.268797238668 291.263063748678 300.025681654612 302.150348822276 301.226556301117 298.163215319316 298.060854276021 301.467637221018 307.415127754211 300.040125846863 295.356472333272 285.982231299082 261.712511380513 256.00391626358 279.118339220683 297.462423642476 295.667747656504 293.952524662018 316.395858923594 323.021054267883 235.491991043091 176.043192545573 167.810201644897 213.567574818929 275.330126285553 293.037573496501 257.079720497131 235.879063606262 262.302180131276 274.67288573583
273.18545182546 265.484174092611 274.312873681386 313.135147094727 341.3987159729 300.621569156647 268.383383750916 251.081625620524 249.384919802348 254.215121269226 255.851705869039 261.455635229747 283.169368902842 300.151228904724 303.783158461253 305.450479189555 303.705751895905 292.704522609711 293.968359629313 294.251958529154 296.595633029938 296.303153038025 297.514061133067 302.012244860331 305.870632330577 304.435054461161 302.027424176534 291.815757751465 269.758264223735 264.989594618479 283.803939819336 301.772236824036 297.207136948903 293.519814809163 302.495857079824 323.54329029719 313.367784023285 240.889191627502 191.959579785665 200.91970761617 236.350695292155 249.58868821462 248.291452725728 221.644282341003 232.791980107625 262.125869592031
261.152446269989 271.535992622375 300.894856452942 346.5469678243 348.844408988953 307.240108648936 270.676831404368 242.598652839661 235.343774159749 248.463650544484 241.226712862651 242.426812648773 276.04474623998 297.777275244395 304.362336794535 306.382298469543 308.439513047536 297.188341617584 296.227733294169 298.67947101593 297.953506310781 300.809661547343 302.182296911875 303.82780234019 307.254513104757 309.401253859202 308.725158373515 300.180792808533 282.411098480225 277.513861656189 289.285182952881 301.90900961558 299.367109934489 298.675378163656 301.946361859639 304.447213808695 329.203764597575 342.248956362406 278.91727288564 232.10221529007 217.957854270935 208.624422550201 226.237237453461 224.407613277435 231.879969437917 268.152832984924
279.647568861643 304.320871829987 321.328322092692 325.672109921773 354.949116706848 338.468710581462 303.526977698008 267.257114251455 251.621603965759 264.712651570638 261.494676272074 241.737365722656 261.383175849915 290.8060948054 302.926699320475 307.525376478831 308.745920658112 307.000696659088 299.950222174327 300.423979759216 302.497386932373 305.05762497584 306.729892889659 307.275831699371 307.221670945485 315.068085988363 316.317617893219 313.320636749268 299.847483634949 293.071428934733 296.150088310242 299.612005551656 301.252106825511 305.41197458903 307.415902614594 296.08017206192 304.801980654399 343.751112620036 342.372894287109 284.899512926737 235.051771004995 209.729174772898 210.421959559123 228.652854760488 250.459909439087 280.299822489421
308.496475219727 315.88872273763 304.059823354085 296.195447444916 315.195997556051 338.07380994161 333.960215250651 307.891408602397 283.529659112294 286.215345064799 290.262858072917 266.079942385356 262.413760026296 286.056141058604 304.584185282389 306.509176890055 306.645194689433 310.16864379247 303.315579891205 300.619979699453 306.324899196625 307.32802549998 307.573040326436 308.02047252655 310.591955979665 317.795654137929 321.567416191101 322.9860663414 309.348483880361 300.089617570241 306.064546108246 308.566470940908 304.269949595133 306.643545627594 310.958127180735 301.07303460439 300.129532814026 320.783138275146 327.373445034027 304.633259773254 274.303336938222 234.1388463974 213.378647963206 223.15780321757 244.64339017868 276.114523410797
296.817262967428 288.2954676946 280.616184075673 269.401669502258 269.769350687663 290.893455346425 313.314954439799 312.923232714335 302.894155184428 306.853254636129 305.811504522959 290.21825393041 283.930818239848 292.027374108632 305.373986562093 306.181271870931 306.074996789296 307.846128940582 302.739500999451 303.621073563894 305.235703786214 308.31253528595 306.729753812154 305.641531944275 309.554636478424 316.057960192362 319.445967674255 320.51420211792 312.403957049052 307.327429453532 311.776379744212 309.422969818115 299.28070306778 298.986554145813 303.257405757904 288.368960221608 285.464564959208 286.906838417053 282.720148563385 288.662175337474 297.67103989919 263.502021630605 237.169325351715 225.584089756012 227.17958688736 249.795814355214
288.947323958079 277.691582838694 284.09210840861 269.518733024597 261.306246121724 273.229122161865 300.312956174215 325.952311356862 324.172377586365 314.057866732279 302.464008331299 301.103631655375 310.709416866302 309.284428755442 309.633413950602 308.49419037501 308.946251869202 305.458188056946 305.569231510162 308.335582415263 307.854076226552 307.030618190765 305.426160494487 307.089904944102 306.558231512706 310.774604479472 315.027197202047 313.827315966288 311.517934004466 312.674999237061 313.142816225688 303.079386552175 287.692387898763 293.02587111791 292.354166507721 276.471098264058 277.116139729818 277.353326479594 285.529712835948 309.204200903575 308.676362037659 294.970949490865 273.244261741638 257.44632879893 239.411930243174 232.820689678192
309.751033782959 304.068724314372 313.870429992676 308.615485827128 298.35573832194 303.286910057068 320.499956607819 343.76851717631 339.384118715922 316.564460595449 301.488399505615 310.117363929749 325.292686621348 321.113109588623 315.769990285238 318.649351596832 313.253362973531 310.174306233724 312.530199686686 313.598255316416 310.035109519958 308.66547425588 307.638863722483 309.621969858805 306.461215019226 309.500416119893 309.880574544271 308.089037736257 309.533178806305 316.112319628398 312.94858455658 301.82005961736 289.228697617849 289.855738480886 283.456762631734 279.20130888621 284.199674924215 284.460743268331 296.746214230855 328.583439191182 296.342333157857 281.827966372172 274.232188860575 266.186912854513 249.611417452494 228.352824846903
336.641073226929 333.553751309713 335.604508717855 338.369766871134 329.268515110016 322.849531968435 327.394843101501 342.199563980103 340.45684337616 311.884840329488 305.280963579814 317.930380503337 331.130544344584 324.530978997548 319.713552792867 321.074326833089 326.231797536214 317.878186702728 319.569905598958 320.119639237722 317.398269971212 312.457084655762 311.249415079753 311.292588710785 310.714403788249 307.33589331309 308.857540289561 311.620493729909 313.543220361074 318.575481573741 314.189751942952 304.321606953939 291.851580142975 285.62714656194 278.36138010025 283.5586865743 290.183186531067 288.717071215312 291.947464148204 316.800872484843 287.426908810933 245.6041375796 234.490434328715 228.864729404449 226.181904474894 217.726469039917
350.533803304036 347.136298815409 341.497739156087 342.593749364217 337.41549650828 328.871786594391 325.073997179667 330.419798692067 337.954481442769 319.442013899485 319.544633229574 329.893171787262 328.324735164642 324.857672055562 321.667790412903 324.17086760203 331.197996934255 324.933628241221 321.715831756592 321.688115596771 321.901738643646 316.252171993256 314.040819803874 312.010248502096 310.667514801025 309.767921765645 308.980345726013 313.769400119781 314.702232678731 316.873133182526 315.873583157857 306.535204251607 295.334756374359 279.179453849792 271.397391955058 286.596576372782 296.472072601318 294.295152028402 283.90767176946 301.004350185394 288.953145345052 222.362677256266 191.438833872477 179.947197437286 179.995695749919 184.758265813192
354.950070381165 356.725295384725 355.206847190857 352.677702903748 348.403056462606 342.073202133179 334.230701128642 328.959306081136 331.557591756185 329.719662666321 339.601914087931 340.131362279256 332.571228345235 334.456046422323 328.241507212321 323.751827081044 329.554498195648 330.75471719106 323.748548825582 323.438386122386 319.386422634125 317.05637772878 313.597361246745 311.387956142426 313.436925411224 312.771161397298 311.382412910461 314.28998708725 314.442674318949 315.213580926259 316.968500614166 310.437321662903 290.089348951976 268.291374047597 277.008473873138 298.507889111837 301.079531510671 295.116047064463 278.382360935211 284.322996934255 310.276250044505 266.764422257741 210.460623105367 180.588126182556 168.817400932312 163.150280714035
346.806446711222 349.504391352336 349.3412733078 352.336923281352 356.329679489136 358.284791310628 357.213735580444 353.511015574137 351.399381955465 353.700637817383 351.913253466288 341.242392857869 337.343255678813 332.347770531972 332.766274611155 326.586763064067 328.194141387939 328.002711137136 322.468022505442 320.973714192708 321.155110994975 321.352958679199 317.569673061371 313.356876373291 311.584949493408 310.728828112284 313.521484533946 316.122591495514 317.54461924235 315.415104230245 315.867066383362 311.416784922282 285.750647385915 268.909553686778 290.73969523112 305.352469285329 300.680637359619 296.656330426534 283.109605312347 277.540644009908 313.720802466075 342.479070027669 292.256096998851 239.149908224742 196.331004301707 167.86777973175
