input/barkrak2/radiation/dir14524.grid
NCOLS 85 
NROWS 70 
XLLCORNER 665100 
YLLCORNER 4664600 
CELLSIZE 20 
NODATA_value -9999 
[rows 40 to 59 of 70, columns 0 to 45 of 85]
329.246878623962 330.069442590078 330.019911130269 331.351021925608 336.151997248332 339.317202568054 341.727574666341 344.529827435811 344.700495402018 335.703810056051 327.317496140798 323.800663153331 321.142673492432 318.9364473025 316.848119099935 315.407633781433 312.906682491302 312.921106815338 308.363020420074 306.312024593353 309.16839838028 312.398652235667 312.178870042165 307.931005954742 304.034173488617 303.972979386648 307.402729988098 308.305899302165 308.269222577413 307.146648565928 305.465916792552 302.998661994934 280.11433283488 276.548902193705 298.758129278819 299.137055873871 289.431770642598 288.501958052317 289.466102917989 279.499212900798 288.937568664551 325.955748558044 338.278373082479 287.926733493805 227.906346321106 186.326543490092
334.020892779032 332.266807556152 332.432488600413 333.049813906352 330.991685390472 329.071422417959 328.791995843252 329.37103509903 331.994255383809 326.337814331055 320.422927538554 320.699373881022 323.208133379618 322.468479474386 320.451736450195 317.898531754812 313.431898752848 317.6296154658 317.173262437185 313.649336496989 312.655131022135 312.786142031352 312.918285528819 313.167373339335 313.178698221842 308.432837327321 311.096827189128 311.600804328918 310.722470283508 309.16573603948 307.871460914612 303.947826226552 286.535104115804 288.03692261378 299.076497554779 290.185928344727 275.40123462677 274.6555407842 281.322598457336 287.031213442485 303.639531135559 316.472729047139 326.046109199524 317.900975545247 270.256837209066 223.158121109009
335.746010144552 334.129770596822 336.057066917419 335.449894269307 330.680787563324 329.088489214579 328.098257382711 327.023228009542 326.603611310323 323.636730511983 321.763316790263 320.697585741679 323.582013448079 323.958237965902 323.980867862701 321.001629034678 317.914207776388 320.694863796234 322.736263275146 317.01656182607 314.422984917959 312.701443831126 309.080561002096 309.608578681946 311.951378981272 308.675010999044 305.302778879801 307.342688242594 308.823903401693 308.35751692454 306.126534938812 299.454271793365 293.038686116536 296.931544939677 296.739995479584 279.113034407298 263.507584730784 268.714785575867 282.891531785329 295.627911885579 304.344296455383 302.669107913971 297.423481941223 297.702431678772 277.572353680929 227.166414260864
326.841453711192 328.760266304016 333.962043126424 332.201858361562 332.821786403656 334.032495816549 334.298650423686 331.725438435872 325.652559598287 324.061751365662 325.501124064128 322.237809499105 321.627140045166 323.364516099294 324.150443077087 322.738329569499 322.63586918513 323.201497395833 322.645723819733 319.699704647064 315.105477968852 310.782055060069 309.552570184072 306.843439737956 308.052221934001 307.941754659017 303.185264269511 302.231848239899 304.248174031576 304.303069909414 301.183859507243 295.400500297546 295.77112197876 298.361877600352 286.51354710261 264.320552349091 259.372055530548 273.04861942927 291.784485181173 296.220461527507 295.861045519511 291.763365268707 283.552606900533 278.267959753672 266.573389371236 233.58565568924
326.523820559184 330.460965633392 331.552922725677 331.510980923971 332.156558831533 333.503802617391 333.322087923686 331.214686234792 328.374167283376 325.380643208822 326.651255289714 324.277818202972 321.066439151764 320.634086926778 319.558342297872 320.054690043132 318.050662676493 320.631305376689 322.31209675471 319.848974545797 316.06117884318 312.209645907084 310.779472192128 310.331086317698 307.46587117513 311.096827189128 312.134861946106 307.32939640681 305.408199628194 302.777926127116 296.396215756734 291.296601295471 291.80896282196 288.220783074697 276.797870794932 261.403799057007 263.268133004506 279.297510782878 294.057905673981 291.130065917969 292.071302731832 284.55650806427 272.581775983175 265.444080034892 260.794579982758 246.08580271403
330.739120642344 332.854628562927 331.062197685242 332.16138680776 331.28160238266 331.46854241689 331.183691819509 330.578049023946 331.714510917664 328.607459863027 328.276912371318 328.086276849111 324.389259020487 320.538481076558 320.218086242676 321.885863939921 318.231364091237 318.090716997782 322.273095448812 318.975806236267 316.166718800863 314.798394838969 311.560750007629 311.250408490499 310.97799539566 309.958517551422 313.561062018077 309.269388516744 306.138078371684 301.363428433736 296.549002329508 291.888177394867 290.079633394877 280.625760555267 267.678320407867 254.381716251373 260.388950506846 278.298914432526 285.418709119161 278.073370456696 283.330241839091 275.121251742045 264.068325360616 266.088287035624 273.093024889628 259.902000427246
330.707708994548 331.0333887736 332.434336344401 332.7450354894 332.436819871267 331.963161627452 333.085954189301 333.481788635254 331.87065521876 331.534743309021 330.313424269358 330.031494299571 328.046123186747 325.305084387461 324.136952559153 325.621068477631 322.815100351969 317.943831284841 319.999794165293 319.951812426249 315.594891707102 315.127491950989 313.600579897563 310.173193613688 312.804420789083 305.85644642512 305.867075920105 305.95068136851 305.766065915426 301.391979058584 296.842793623606 293.056527773539 287.44105497996 278.501451015472 266.204575697581 255.924344062805 263.228972752889 276.209195454915 274.724860986074 275.848766167959 282.125194867452 271.170496940613 267.772893110911 275.198837121328 282.385071118673 270.140926043193
327.082991600037 328.020254770915 331.344385941823 331.310212612152 332.493245601654 333.627343177795 332.664767901103 331.638435522715 331.843276818593 333.803097407023 331.512928009033 329.612950483958 328.921794891357 328.177253405253 325.83224773407 324.431320031484 321.420729160309 314.818104108175 317.773183186849 316.593587398529 315.00647465388 312.694609165192 313.509345054626 304.968237876892 306.954383850098 306.323091189067 301.897565523783 301.560203234355 301.839192708333 298.802534739176 294.874827067057 295.059084892273 285.427212715149 282.204210758209 277.722160021464 267.019013563792 268.717090288798 274.539192517598 276.934266090393 284.395535786947 280.556937058767 273.113409678141 275.812268257141 277.390201886495 276.152809460958 265.765070915222
322.679082552592 324.158549308777 326.978802680969 328.98086309433 331.944564978282 333.725134531657 331.871728102366 331.03350798289 333.025674025218 334.467967351278 333.480596542358 330.658853054047 329.004247983297 328.583757082621 325.990160306295 320.561210314433 320.538520812988 313.373287518819 313.713987668355 317.748745282491 314.530412356059 313.031891981761 314.969440301259 308.993617693583 304.582238197327 306.668758392334 301.076034704844 300.455451011658 303.098618984222 304.697394371033 304.902772108714 302.197098731995 292.244076728821 293.234308560689 288.025418917338 273.111561934153 273.328403631846 278.647859891256 281.967520713806 283.91706943512 273.671587308248 270.135819911957 269.142051537832 264.46799437205 261.854509512583 261.345247427622
321.282505989075 319.730182488759 322.17538356781 327.340642611186 330.646951993306 331.559618314107 332.833766937256 334.5601161321 335.587898890177 333.208282788595 333.558678627014 332.837045192719 330.050905545553 328.73938481013 325.488448143005 321.85427347819 319.652557373047 315.600613753001 315.237482388814 316.602170467377 316.642642021179 317.070066928864 312.050501505534 308.580021063487 303.010205427806 305.534521738688 305.118083953857 305.621027946472 308.664580186208 311.352213223775 312.655131022135 308.629552523295 301.497340202332 299.825449784597 291.816353797913 278.346578280131 272.939205169678 279.435992240906 283.26024611791 273.072719573975 262.152155240377 265.296459197998 264.663497606913 259.327749411265 258.773684501648 262.20707098643
321.561018625895 323.682427406311 325.680613517761 329.135358333588 329.649408658346 329.784075419108 333.548307418823 336.32763226827 335.661252339681 334.847291310628 333.950599034627 334.031462669373 330.117265383403 326.601405938466 326.862215995789 326.453427473704 320.613702138265 317.150334517161 315.162142117818 315.29970963796 319.10232702891 314.711848894755 309.311032295227 307.238360246023 303.71081829071 307.45941400528 308.942476908366 308.614412943522 310.797890027364 314.03911113739 315.824608008067 311.401943365733 302.799642086029 298.08787504832 287.404914697011 276.263932387034 273.479143778483 278.226415316264 276.140729586283 262.352744738261 258.785247802734 269.646644592285 269.205152988434 261.189977327983 260.405838489532 255.129992961884
321.495652198792 328.215698401133 329.649647076925 330.498655637105 329.457541306814 328.360617160797 332.795182863871 334.983507792155 334.153215090434 336.781064669291 334.836522738139 332.606057325999 330.348491668701 325.099428494771 324.323654174805 326.019008954366 322.64365752538 314.476807912191 307.743112246195 310.821175575256 311.107099056244 309.173325697581 308.863957722982 303.133845329285 302.918712298075 303.467154502869 303.664485613505 303.51314942042 304.251790046692 307.580987612406 311.772147814433 309.668739636739 297.527094682058 286.477665106456 260.618468125661 248.380919297536 260.550459225972 270.52519718806 270.820180575053 270.310759544373 276.838779449463 278.215130170186 261.792719364166 254.744152228038 262.433429559072 250.386297702789
323.605378468831 321.979959805806 322.21774260203 323.804279168447 327.187955379486 330.203851064046 329.667945702871 333.21072657903 331.401884555817 332.956512769063 333.412766456604 332.386712233226 331.222494443258 327.235798041026 321.786443392436 319.337328275045 320.974707603455 310.34904718399 306.086480617523 306.132276852926 305.402080217997 305.279890696208 306.801319122314 299.671332041423 299.437463283539 296.758810679118 297.270576159159 297.329167524974 296.593189239502 297.172983487447 300.626913706462 301.267464955648 280.505915482839 253.980755805969 226.432502269745 215.556263923645 229.390462239583 255.401571591695 273.219625155131 270.859142144521 271.507263183594 265.387753645579 250.795443852743 252.698063850403 258.53568315506 235.829393068949
326.587736606598 319.330096244812 317.500213781993 320.45571009318 327.266573905945 332.355777422587 330.127974351247 330.218513806661 330.673972765605 329.623162746429 328.920265038808 330.573717753092 327.888131141663 326.850791772207 319.711009661357 319.535791873932 319.748123486837 311.901946862539 307.946085929871 308.857063452403 307.689766089122 304.564436276754 302.783290545146 299.007534980774 297.482530275981 295.807639757792 294.826547304789 294.524470965068 292.923986911774 287.17823823293 283.242126305898 275.679230690002 254.53245639801 230.051000912984 219.666004180908 213.379522164663 205.303231875102 215.994437535604 232.384224732717 254.839698473612 262.390494346619 252.178013324738 247.264504432678 249.23449754715 240.520457426707 221.468567848206
326.984922091166 322.611649831136 319.271981716156 322.13020324707 326.696495215098 330.975532531738 331.831097602844 329.073270161947 329.263428846995 328.362266222636 326.522707939148 326.285719871521 326.147357622782 325.439989566803 321.48540019989 320.19833723704 319.566528002421 312.882324059804 310.355087121328 311.368405818939 311.137000719706 307.524522145589 304.881453514099 302.989383538564 299.403627713521 298.295120398204 296.224236488342 291.444679101308 288.138349850972 283.591071764628 274.294316768646 268.391489982605 247.042953968048 234.315236409505 237.584710121155 239.144841829936 229.098280270894 218.944052855174 209.054748217265 219.489614168803 237.066348393758 231.945713361104 224.758168061574 217.228134473165 213.191151618958 211.267749468486
328.914602597555 327.279090881348 321.793297926585 318.013926347097 322.826186815898 328.715920448303 328.537027041117 326.652963956197 327.500720818837 325.74192682902 329.218606154124 328.704476356506 327.038764953613 325.995167096456 323.51553440094 321.820616722107 321.423749128977 316.688100496928 311.604539553324 310.004393259684 308.475931485494 306.31144841512 305.394331614176 305.02728621165 301.266233126322 301.547626654307 297.084848086039 288.379867871602 282.455344994863 278.704802195231 276.543358961741 273.748993873596 254.553476969401 249.4016289711 253.890713055929 260.688364505768 269.298593203227 262.779434521993 246.296922365824 216.21032555898 215.368847052256 219.831625620524 217.239737510681 213.667253653208 218.796233336131 226.787050565084
329.156597455343 327.856739362081 326.224227746328 320.575495560964 315.440853436788 323.028286298116 327.427744865417 323.963602383931 321.271737416585 324.921250343323 328.603386878967 328.322052955627 326.838215192159 326.492408911387 323.957184950511 319.354057312012 319.927215576172 317.473530769348 311.216294765472 312.090039253235 310.568690299988 308.659672737122 305.061240990957 303.440471490224 301.412264506022 298.217177391052 285.916686058044 264.947970708211 262.221932411194 267.515122890472 276.142080624898 270.752171675364 255.831440289815 250.062942504883 258.082091808319 269.303381443024 284.48752562205 291.781743367513 282.793323198954 248.456120491028 221.133649349213 225.993613402049 235.174794991811 245.243191719055 254.642923672994 259.542445341746
328.550656636556 326.406955718994 325.340310732524 320.889433224996 316.774745782216 316.481113433838 322.97678788503 324.423472086589 320.796529452006 320.520202318827 327.272216478984 328.006307284037 324.320375919342 325.204809506734 325.029015541077 316.837052504222 318.237980206807 315.120697021484 311.710158983866 313.766280810038 313.154896100362 311.62440776825 307.907104492188 302.996695041656 302.096307277679 301.43678188324 286.590576171875 268.067419528961 267.272273699443 274.663388729095 277.333041032155 269.838174184163 262.938598791758 264.382183551788 278.116762638092 282.23725159963 286.766429742177 268.852114677429 240.607996781667 233.286619186401 242.990771929423 253.5094221433 249.183495839437 241.168558597565 241.603374481201 253.262996673584
319.921056429545 323.431849479675 322.326719760895 319.405972957611 315.289815266927 312.924166520437 322.202165921529 326.00857814153 321.715772151947 318.618019421895 323.149998982747 325.563112894694 325.047930081685 320.986270904541 320.741852124532 317.454616228739 315.391659736633 314.598361651103 312.971870104472 313.208997249603 313.062608242035 312.248011430105 310.559709866842 305.791060129801 304.726322491964 305.836359659831 298.969626426697 295.169194539388 290.802200635274 287.190914154053 287.667334079742 277.642985184987 274.711867173513 274.738252162933 271.464248498281 255.88313738505 238.728284835815 201.084752877553 182.432413101196 219.278077284495 256.544252236684 260.874966780345 241.292258103689 234.830478827159 244.682590166728 258.085966110229
312.084635098775 319.440960884094 317.804376284281 315.747360388438 314.758241176605 312.543392181396 317.192176977793 323.695460955302 324.050486087799 318.781793117523 320.816397666931 324.015458424886 323.508163293203 321.715990702311 320.233702659607 318.057000637054 315.041581789653 312.294542789459 309.456348419189 307.870427767436 308.840950330098 307.594994703929 308.6057305336 304.420272509257 304.508785406748 308.496832847595 310.530503590902 312.386790911357 301.015814145406 295.927266279856 288.15491994222 274.465878804525 272.671182950338 256.278693675995 229.346036911011 197.743852933248 186.141570409139 176.418423652649 169.949571291606 192.565004030863 219.247301419576 240.896284580231 242.718676726023 256.273110707601 286.221245924632 294.600705305735
