input/barkrak2/radiation/dir11324.grid
NCOLS 85 
NROWS 70 
XLLCORNER 665100 
YLLCORNER 4664600 
CELLSIZE 20 
NODATA_value -9999 
[rows 0 to 19 of 70, columns 0 to 45 of 85]
292.951226234435978 301.357905069987 310.070474942525 318.705280621846 320.135851701101 318.674921989441 311.514476935069 305.320541063945 308.526456356049 308.840374151866 307.178775469462 311.358014742533 313.657701015472 313.937624295553 315.331399440765 313.2430712382 305.614352226257 298.06657632192 296.105007330577 285.738110542297 269.283711910248 274.417241414388 296.822965145111 304.608464241028 303.520679473877 306.882758935293 304.993987083435 293.434143066406 275.636792182922 270.954251289368 268.834749857585 281.230390071869 307.132919629415 303.584575653076 309.630652268728 300.313194592794 302.361011505127 311.738848686218 301.944414774577 308.205544948578 297.799269358317 290.527284145355 299.419681231181 311.917026837667 312.007963657379 307.898779710134
274.407962958018 287.80476252238 298.675020535787 309.414505958557 316.314061482747 315.865675608317 309.391061464945 304.394404093424 310.502409934998 310.889025529226 306.269447008769 309.283634026845 313.750425974528 314.995229244232 314.765930175781 313.936909039815 311.481475830078 305.763880411784 302.073756853739 289.647301038106 283.755580584208 289.027472337087 302.104155222575 306.538542111715 307.577133178711 307.261109352112 304.400006930033 295.576214790344 278.952797253927 271.837174892426 272.592127323151 291.911383469899 305.061876773834 304.313659667969 309.977968533834 300.420701503754 300.982216993968 305.233796437581 300.854722658793 310.793836911519 306.878666083018 298.576891422272 301.863610744476 311.35102113088 313.572724660238 310.917854309082
243.739187717438 255.435188611348 265.024125576019 275.716364383698 287.151495615641 293.827633062998 298.623998959859 304.237405459086 308.190286159515 306.431353092194 301.941116650899 304.459830125173 313.604076703389 317.220787207286 314.057310422262 317.949811617533 321.545322736104 318.987468878428 312.139292558034 303.920110066732 305.002490679423 305.343786875407 305.202126502991 305.670380592346 308.189829190572 308.321634928385 302.697122097015 293.960452079773 281.801442305247 274.466037750244 277.505993843079 298.502862453461 298.359513282776 302.207946777344 309.474050998688 303.667108217875 296.684702237447 294.176737467448 301.056583722432 310.841997464498 308.223724365234 302.476187547048 299.050708611806 307.165582974752 317.810495694478 315.490285555522
226.524452368418 226.830859978994 234.499951203664 241.323252518972 248.627265294393 253.510455290476 258.9497367541 271.605869134267 287.005583445231 298.061688741048 302.748878796895 309.753616650899 316.615104675293 318.963269392649 317.554891109467 317.395110925039 318.140188852946 315.362453460693 311.043520768483 308.618267377218 306.691686312358 304.333090782166 309.169967969259 308.802704016368 307.967245578766 310.007055600484 305.393695831299 298.041820526123 291.729609171549 286.396284898122 281.642913818359 300.695995489756 297.910372416178 301.169435183207 303.980231285095 305.33500512441 301.904877026876 300.596515337626 310.843527317047 312.758545080821 305.679162343343 296.416560808818 291.933099428813 303.960263729095 317.847828070323 316.492835680644
246.420045693715 231.703559557597 220.059553782145 211.066643397013 215.100149313609 230.585058530172 249.498069286346 258.840362230937 267.727851867676 273.359497388204 289.462685585022 304.905951023102 313.773055871328 317.585508028666 319.218675295512 319.525917371114 314.885516961416 307.499766349792 306.188861529032 307.874302069346 305.095712343852 303.853193918864 311.411341031392 310.91715892156 309.595068295797 311.444024244944 307.818293571472 301.344394683838 295.099457105001 291.217128435771 294.109304745992 307.457804679871 303.501009941101 305.624107519786 302.46369043986 304.08900976181 310.528914133708 312.580684820811 313.615997632345 312.854290008545 310.254732767741 303.942481676737 301.596204439799 304.342746734619 309.170405069987 313.539087772369
284.488995869954 261.53439283371 236.926694711049 215.127229690552 205.764949321747 216.687838236491 240.724325180054 256.021777788798 259.530166784922 259.593923886617 268.817047278086 279.716273148855 287.704845269521 292.985220750173 299.112439155579 303.743521372477 301.826953887939 299.553910891215 302.676896254222 307.358304659526 307.332793871562 310.753663380941 315.436641375224 313.484708468119 312.671621640523 314.365108807882 310.838023821513 304.907321929932 298.035939534505 294.5370276769 302.028656005859 309.049169222514 310.556252797445 313.348094622294 308.392643928528 305.209676424662 309.648394584656 312.55308787028 310.150583585103 310.496687889099 310.422797997793 307.19655752182 306.35525782903 306.840697924296 301.444113254547 292.342921098073
301.680405934652 283.171017964681 266.06688896815 247.464001178741 228.158593177795 216.140369574229 222.468733787537 249.617397785187 261.581182479858 268.730998039246 266.24725262324 261.646151542664 257.270852724711 253.872692584991 255.96296787262 269.357721010844 279.146711031596 292.489012082418 303.972880045573 310.977896054586 311.465203762054 310.519377390544 314.33117389679 313.986559708913 314.041415850321 315.898219744364 314.432303110758 310.582319895426 304.649710655212 303.756197293599 307.86254008611 312.925974527995 319.870352745056 321.456213792165 317.814449469248 311.511039733887 310.229142506917 310.003916422526 309.964597225189 311.770220597585 308.774530887604 305.408000946045 306.383450826009 304.879724979401 288.109521071116 282.022913297017
306.226988633474 299.862345059713 291.936616102854 279.677073160807 260.232269763947 232.751429080963 212.622205416361 211.96174621582 244.058171908061 266.71161254247 273.27956755956 269.719441731771 262.049396832784 252.985060214996 241.534233093262 244.756897290548 256.1221520106 270.328521728516 289.314428965251 303.35263411204 308.950901031494 310.128470261892 313.684562842051 313.82010380427 313.047409057617 314.058462778727 314.128915468852 311.978856722514 308.869202931722 311.353464921315 315.404852231344 318.181733290354 321.54502471288 320.457518100739 317.232390244802 313.431521256765 311.310072739919 306.749721368154 300.07537206014 297.198077042898 301.4897108078 308.307329813639 315.758128960927 314.084152380625 301.220059394836 292.89048910141
300.422032674154 300.968527793884 298.427899678548 292.664368947347 282.159288724263 263.896644115448 236.854791641235 209.817409515381 221.230228741964 243.378361066182 261.579553286235 269.446651140849 270.752867062887 268.545468648275 258.894125620524 251.674671967824 249.28085009257 253.449638684591 266.307632128398 280.298451582591 292.985439300537 301.913698514303 306.530694166819 303.927580515544 305.182973543803 306.903103987376 307.884971300761 307.543436686198 307.234287261963 312.792420387268 315.888086954753 315.459529558818 315.568645795186 316.042264302572 314.582467079163 314.19970591863 311.376849810282 304.882725079854 293.636918067932 294.159670670827 308.938304583232 317.967772483826 320.653557777405 316.834986209869 307.529449462891 300.17211039861
277.761459350586 285.71605682373 289.727727572123 289.792915185293 287.474056084951 284.805774688721 271.753907203674 255.487084388733 226.78017616272 216.935058434804 230.274975299835 253.534694512685 272.133767604828 280.600587526957 282.13107585907 275.408426920573 261.68167591095 257.11977481842 256.477872530619 259.542942047119 267.347713311513 273.159782091777 280.442754427592 285.926063855489 292.250951131185 294.949412345886 296.458681424459 296.467582384745 297.470947106679 302.632689476013 303.868552049001 303.948442141215 308.771351973216 312.09522485733 312.981724739075 311.232050259908 308.400750160217 306.704680124919 294.90077495575 297.897716363271 314.393798510234 319.375236829122 319.279710451762 315.263708432515 304.863333702087 297.892947991689
231.744488080343 244.624892870585 256.042957305908 265.274465084076 273.524185021718 280.231575171153 282.109518845876 278.135677178701 254.183808962504 230.439802010854 216.945310433706 223.549385865529 249.318599700928 271.768848101298 284.042716026306 275.932093461355 269.489487012227 262.935101985931 255.753397941589 250.870585441589 251.189212004344 251.344084739685 254.597862561544 265.683809916178 276.290376981099 282.875219980876 284.654418627421 284.677704175313 289.171497027079 293.417572975159 295.750240484873 298.716286818186 305.404980977376 308.34972858429 307.682514190674 306.420425573985 308.439513047536 310.580631097158 305.760343869527 307.108779748281 315.049688021342 318.148454030355 318.776349226634 317.256331443787 310.244460900625 306.053539117177
191.703140735626 196.967244148254 205.41508992513 217.559456825256 232.551316420237 248.04961681366 264.813502629598 270.394702752431 271.237174669902 259.218613306681 235.254089037577 216.143727302551 218.713601430257 240.016520023346 264.354745546977 267.055888970693 273.050745328267 270.471354325612 261.990825335185 251.694103082021 245.669980843862 243.171493212382 243.321597576141 251.738250255585 259.496867656708 264.505505561829 266.665081183116 270.508011182149 276.463985443115 280.560851097107 284.492274125417 289.368728796641 294.841508070628 296.517153580983 296.296874682109 297.235389550527 304.297983646393 311.293443044027 312.714378039042 314.709226290385 316.766738891602 319.160461425781 319.186250368754 317.055980364482 312.049110730489 310.467998186747
179.712732632955 175.380229949951 173.06794722875 173.048198223114 180.846254030863 197.365522384644 221.957385540009 242.668906847636 268.399973710378 272.680819034576 262.541770935059 240.776797135671 214.097023010254 211.882392565409 233.510375022888 258.404692014058 272.428572177887 274.770259857178 270.591636498769 262.653668721517 254.668295383453 253.22687625885 252.789954344432 253.610928853353 253.917197386424 253.186901410421 257.122397422791 264.665007591248 267.891347408295 269.152323404948 273.693680763245 278.636455535889 280.355989933014 281.154414017995 283.286412556966 287.567893664042 297.182083129883 305.819312731425 306.524435679118 311.252693335215 313.764254252116 314.210414886475 313.421150048574 312.963585058848 307.96492099762 306.939860184987
172.353386878967 143.148819605509 126.293311516444 120.335717995962 117.948840061824 127.176026503245 144.793748855591 183.043440183004 221.141139666239 253.938893477122 270.465532938639 270.328243573507 253.222187360128 228.950579961141 226.276199022929 249.609649181366 265.167911847432 276.664098103841 282.380779584249 279.078225294749 269.248425960541 266.297777493795 262.690981229146 262.414813041687 262.085994084676 260.044058163961 262.894988059998 270.553747812907 269.567290941874 263.937910397847 268.866320451101 273.678183555603 275.265435377757 275.605460007985 278.021534283956 284.207979838053 289.560854434967 294.062415758769 295.671085516612 297.079940636953 300.562004248301 304.540574550629 308.707495530446 310.577710469564 305.842995643616 306.19357029597
156.064540147781 118.960519631704 94.1529969374339 89.411715666453 89.9561444918315 95.4750577608744 104.824562867482 130.900432666143 162.134945392609 210.406303405762 261.423091093699 285.806397596995 289.331376552582 273.055911064148 249.622603257497 245.451728502909 249.616622924805 263.96522919337 279.394686222076 286.3742907842 284.711877504985 279.382268587748 277.264912923177 273.559629917145 270.334819952647 268.882473309835 270.948688189189 272.939781347911 268.11275879542 264.07653093338 267.024993896484 271.414001782735 271.549801031748 271.558225154877 275.03494421641 278.53000164032 279.284576574961 278.472423553467 281.890233357747 282.285789648692 286.451617876689 292.806426684062 297.434608141581 298.871298631032 297.7481285731 299.231628576914
134.775300820669 108.401735623678 79.0736824274063 69.2053884267807 84.1708282629649 108.608176310857 113.042682409286 123.393793900808 144.716928402583 176.618794600169 225.090523560842 275.950113932292 298.776745796204 296.778241793315 279.811282952627 252.176403999329 241.901914278666 243.431707223256 259.606679280599 281.831542650859 290.865262349447 286.526481310527 287.436227003733 282.192488511403 276.190876960754 276.64836247762 278.650502363841 275.20885070165 269.936660925547 272.293885548909 273.323814074198 272.769391536713 269.530018170675 268.293579419454 269.020517667135 268.433094024658 266.70229434967 262.12881008784 264.766653378805 266.601979732513 270.158171653748 275.340298811595 277.964552243551 279.120405515035 286.650717258453 291.058659553528
120.241522789001 108.892391125361 83.444873491923 60.9010308980942 66.5222903092702 94.0627853075663 112.646679083506 125.740269819895 142.739633719126 157.073050737381 181.787629922231 229.011495908101 266.95305109024 292.80815521876 294.197877248128 282.578786214193 271.458347638448 257.503072420756 248.361468315125 257.71152973175 279.445052146912 289.644618829091 292.653401692708 288.700540860494 282.424549261729 283.391793568929 287.17428445816 282.886068026225 279.965281486511 284.588615099589 283.745765686035 274.088184038798 268.773972988129 264.711161454519 260.443866252899 259.422659873962 255.364159742991 253.359278043111 254.024048646291 257.232209046682 259.720842043559 261.694471041362 264.41756884257 266.891161600749 280.333936214447 287.631611029307
112.180411815643 113.244165976842 102.880011002223 72.7855364481608 58.5451771815618 84.3505362669627 112.536728382111 133.07923078537 151.347984870275 163.989921410879 172.715504964193 198.995113372803 233.484148979187 249.128460884094 271.495242913564 297.291060288747 295.689046382904 284.010787804921 265.583137671153 250.531713167826 259.960393110911 283.168892065684 287.707169850667 288.172245025635 288.613319396973 292.829076449076 296.240925788879 294.15629307429 291.50511821111 293.046216169993 287.927051385244 277.980844179789 271.117409070333 264.644225438436 258.403102556864 255.781054496765 253.46314907074 253.59179576238 252.890249093374 254.887004693349 257.302403450012 258.957028388977 258.277595043182 261.992931365967 271.519223848979 282.825628916423
118.645439545314 127.83936659495 130.26374578476 103.718588749568 84.2421054840088 105.89470465978 123.986800511678 145.372311274211 161.935140689214 182.39430586497 193.32754611969 196.08740011851 214.365641276042 227.689365545909 247.314731280009 262.757897377014 278.358658154805 290.77406724294 289.590100447337 273.431022961934 255.877196788788 267.283062140147 275.233387947083 283.560752868652 292.36368338267 298.489312330882 301.161328951518 300.85023244222 295.701305071513 293.842891852061 287.320097287496 281.082729498545 273.617267608643 266.234119733175 262.195765972137 257.394691308339 256.520787874858 253.823419411977 253.178318341573 255.4652094841 259.361584981283 260.964334011078 260.522882143656 262.330114841461 264.08576965332 275.545954704285
127.498239278793 131.41143321991 143.80278189977 142.61656999588 128.654003143311 123.857031265895 128.083636363347 138.9313240846 156.916886568069 178.070346514384 191.173613071442 191.974262396495 194.793204466502 204.632600148519 220.260997613271 243.411481380463 256.698548793793 262.876669565837 274.486064910889 285.009860992432 279.75606918335 266.477187474569 267.686108748118 276.371836662292 286.630531152089 294.812738895416 300.543189048767 300.222555796305 293.504615624746 292.385836442312 287.021636962891 279.774030049642 272.742867469788 267.812132835388 264.631668726603 260.337332884471 257.224678993225 248.894532521566 247.131486733754 255.32478094101 260.589639345805 262.511750062307 265.002230803172 263.552923997243 261.080265045166 269.201596577962
