input/barkrak2/radiation/dir14324.grid
NCOLS 85 
NROWS 70 
XLLCORNER 665100 
YLLCORNER 4664600 
CELLSIZE 20 
NODATA_value -9999 
[rows 20 to 39 of 70, columns 0 to 45 of 85]
190.028548240662 182.411193847656 197.973032792409 237.875481446584 232.044498125712 188.425898551941 172.783176104228 180.201749006907 193.260192871094 212.934652964274 225.81684589386 234.901388486226 240.63503742218 251.834134260813 268.565396467845 290.283004442851 313.310404618581 323.140303293864 328.550815582275 336.123069127401 338.72135480245 331.11576239268 329.943279425303 331.657290458679 332.846899827321 334.237138430278 335.474888483683 332.867681980133 328.85468006134 328.285415967305 322.237014770508 311.09752257665 301.891684532166 297.244966030121 295.453349749247 300.735513369242 300.886591275533 303.199867407481 307.880719502767 310.889522234599 311.854898929596 310.820619265238 313.092648983002 308.648626009623 311.885635058085 315.586825211843
218.242088953654 216.46648645401 232.89430141449 263.785620530446 259.831885496775 201.451480388641 185.469706853231 186.60831451416 194.204211235046 207.21830924352 220.05307674408 227.667848269145 237.55689462026 238.396426041921 251.010616620382 272.404571374257 291.191061337789 305.853327115377 323.16251595815 331.879516442617 336.256265640259 341.478149096171 342.380285263062 341.534018516541 337.797880172729 333.004911740621 329.867780208588 326.353172461192 325.24182399114 319.066961606344 302.192270755768 273.301025231679 252.506693204244 250.143388907115 257.691601912181 276.692608992259 283.519228299459 298.153817653656 307.878375053406 307.694216569265 305.980404218038 305.100758870443 299.556573232015 284.851292769114 304.477334022522 313.40096394221
259.036620457967 265.916069348653 271.240969498952 280.772149562836 280.497550964355 233.720580736796 209.521373112996 195.773879686991 192.406217257182 201.463023821513 219.187458356222 229.629437128703 240.81806341807 245.936075846354 252.954204877218 264.850974082947 279.283940792084 293.924589951833 306.813597679138 317.683060963949 321.557402610779 332.423726717631 338.307936986287 337.888399759928 335.29007434845 332.894643147786 328.08647553126 316.786249478658 304.149945576986 283.139963944753 246.537446975708 197.779059410095 174.795905749003 191.965421040853 220.426698525747 244.580189387004 262.99520333608 283.3238641421 294.459223747253 297.75329430898 300.93244711558 300.676027933757 278.964142004649 258.583744366964 284.634331862132 310.790499051412
280.53214152654 282.556156317393 280.200481414795 286.154647668203 285.914997259776 267.607112725576 232.309142748515 202.195386091868 186.985691388448 191.722512245178 217.766265074412 230.517188707987 246.277431646983 257.076899210612 258.718848228455 264.557222525279 276.168346405029 288.763582706451 297.622899214427 295.116623242696 302.233974138896 308.514475822449 320.027987162272 321.954150994619 314.393083254496 304.02672290802 288.271903991699 279.40692504247 257.684806982676 215.656240781148 177.626927693685 154.03813123703 123.91855319341 119.148860375086 131.242036819458 168.347895145416 213.070193926493 239.079177379608 257.185200850169 266.186634699504 265.734434127808 252.223193645477 237.843950589498 271.456718444824 270.016451676687 302.588105201721
272.964596748352 274.645765622457 281.972845395406 287.840783596039 278.76341342926 269.422908624013 239.56427971522 219.598889350891 200.976490974426 194.383978843689 208.179036776225 226.951241493225 239.924669265747 253.84533405304 258.187969525655 263.079901536306 272.063453992208 285.140415032705 291.812618573507 290.305137634277 296.951254208883 283.061563968658 281.365136305491 284.752368927002 286.91969315211 283.863743146261 272.208591302236 261.138776938121 231.288989384969 172.870377699534 153.398146231969 151.186992724737 131.494551897049 101.366321245829 92.5873915354411 109.431693951289 154.540042082469 192.460497220357 219.255248705546 232.432246208191 222.538272539775 200.508952140808 222.045063972473 288.425028324127 282.601714134216 303.678929805756
266.423285007477 270.670890808105 281.660834948222 285.072227319082 280.191957950592 269.661486148834 251.033226648966 243.55161190033 234.235723813375 221.773425738017 220.972577730815 238.896369934082 250.161945819855 264.498392740885 267.213781674703 264.657954374949 271.250089009603 283.013343811035 288.530508677165 290.664553642273 286.036133766174 276.082833607992 270.709236462911 274.478872617086 276.677012443542 274.869441986084 263.079464435577 252.50643491745 205.634772777557 182.068169116974 180.186072985331 196.361124515533 199.215173721313 166.982253392537 132.499794165293 118.318170309067 133.207052946091 160.234232743581 193.709850311279 215.417345364889 197.372674942017 188.049018383026 230.901598930359 278.314530849457 298.356751600901 315.604627132416
268.088440100352 270.572662353516 278.223951657613 283.251186211904 293.102780977885 281.315326690674 266.410152117411 257.140358289083 256.710886955261 253.117680549622 242.616355419159 256.785909334819 265.351871649424 278.22357416153 279.78785832723 274.925669034322 274.259984493256 277.611056963603 279.252429803212 289.782742659251 291.381041208903 287.125368913015 279.249350229899 275.106688340505 278.69987487793 276.025076707204 263.926029205322 253.396968046824 218.455851078033 212.544918060303 233.567317326864 257.560769716899 262.494921684265 271.086494127909 243.740101655324 159.517228603363 147.033393383026 158.262759447098 184.982279936473 211.774945259094 207.241892814636 239.120205243429 241.114358107249 255.743642648061 289.362907409668 302.684823671977
272.189497947693 268.567681312561 271.597762902578 280.430197715759 315.069238344828 293.084045251211 273.70955546697 258.798082669576 262.069801489512 268.789291381836 259.203334649404 261.514822642008 274.345457553864 283.3478252093 284.928699334462 281.818032264709 273.429870605469 275.763074556987 287.020881970723 290.619432926178 289.353907108307 283.059000968933 279.989043871562 279.136379559835 281.778971354167 280.743539333344 273.138086001078 263.677100340525 243.106404940287 241.888999938965 265.158613522847 279.69757715861 279.322663942973 293.062408765157 312.181750933329 240.002890427907 178.707480430603 164.430489142736 177.447100480398 207.73575703303 244.551837444305 293.863872687022 252.185543378194 246.318141619364 274.479548136393 282.937963803609
269.903500874837 261.200447877248 264.995535214742 286.844829718272 327.923397223155 293.282508850098 265.307625134786 253.031651178996 259.673019250234 265.68067073822 260.257283846537 260.600566864014 274.10352230072 284.592429796855 281.917730967204 284.236550331116 279.105504353841 273.283799489339 284.558355808258 284.707923730214 283.887604872386 277.054826418559 277.989427248637 283.251980940501 284.843385219574 281.940082708995 280.464768409729 272.580524285634 254.539748032888 250.420908133189 272.81246582667 290.477017561595 289.838274319967 288.681288560232 307.991882165273 303.393642107646 212.041656176249 154.191116491954 144.854972759883 184.473772843679 253.398776054382 275.047143300374 242.780844370524 219.870428244273 243.798573811849 256.012419859568
263.112127780914 253.337184588114 261.404494444529 297.214190165202 325.054864088694 289.589683214823 257.108012835185 241.31182829539 237.796743710836 241.067190965017 239.872733751933 248.012701670329 267.083684603373 279.45597966512 282.837331295013 286.783913771311 284.337679545085 274.384399255117 275.62423547109 277.775406837463 276.621282100677 280.321876207987 279.959082603455 285.550018151601 288.01308075587 283.445954322815 286.723713080088 278.112888336182 260.230322678884 259.120762348175 278.54585647583 296.127577622732 291.969617207845 288.764595985413 298.204263051351 314.878463745117 293.133536974589 215.602616469065 170.309901237488 180.081884066264 216.90692504247 231.891055901845 233.448763688405 202.749788761139 212.154587109884 234.032034873962
251.946965853373 261.544386545817 291.289587815603 337.218085924784 337.528427441915 295.008063316345 259.290218353271 229.845066865285 221.338371435801 232.006947199504 227.17406352361 226.296027501424 257.878323396047 279.033382733663 283.543686072032 291.506965955098 291.30760828654 279.122630755107 279.909869035085 282.21184015274 279.571692148844 283.226648966471 286.375006039937 288.703501224518 289.35960928599 290.954967339834 291.838924090068 288.699825604757 272.1928358078 271.300196647644 284.836967786153 297.213435173035 294.231792291005 294.841289520264 299.260238806407 302.317976951599 321.201384067535 325.643340746562 258.220712343852 211.068868637085 197.044253349304 190.106431643168 207.648634910583 202.111224333445 207.937061786652 236.021717389425
270.652453104655 297.687808672587 319.204707940419 326.125105222066 351.36866569519 329.278826713562 292.16190179189 254.608889420827 239.475786685944 252.536356449127 245.877027511597 229.491968949636 244.781374931335 275.522748629252 286.052385965983 292.82945394516 291.628738244375 291.380882263184 281.825284163157 283.86656443278 286.083122094472 287.850638230642 291.173736254374 290.202458699544 293.436249097188 298.469642798106 301.344752311707 299.64292049408 289.876520633698 286.104798316956 291.291932264964 295.727213223775 297.54505554835 302.176217238108 304.992318153381 294.226745764414 301.628748575846 335.531791051229 325.781087080638 263.261338075002 212.981422742208 189.848065376282 191.417495409648 207.007348537445 231.096466382345 257.727821667989
304.763535658518 315.987785657247 308.506806691488 301.438013712565 319.356004397074 337.459683418274 329.364399115245 301.247477531433 276.154259840647 277.062356472015 280.058344205221 256.582200527191 246.203521887461 270.64843972524 289.742529392242 291.737020015717 291.119257609049 293.030540148417 285.170515378316 283.908367156982 290.117998917898 291.536331176758 291.805843512217 290.521363417308 292.266309261322 301.230053106944 305.518368879954 307.400584220886 299.020012219747 292.529781659444 300.029695034027 304.122447967529 300.355752309163 301.910559336344 306.298573811849 295.42754093806 295.289079348246 312.549531459808 311.576843261719 282.864610354106 252.061247825623 214.481016000112 195.842385292053 202.469607194265 223.928491274516 255.873342355092
300.321002801259 294.958869616191 288.470685482025 277.687668800354 278.520325819651 298.320869604747 316.918849945068 311.064044634501 298.771580060323 297.734320163727 298.835317293803 283.589581648509 271.575510501862 277.177333831787 291.814863681793 294.176618258158 290.042142073313 291.884303092957 285.936137040456 290.09618361791 288.813948631287 288.467466831207 287.331362565358 286.009569962819 289.278388023376 297.262291113536 304.026563962301 303.409894307454 299.859960873922 298.982501029968 304.592827955882 303.412795066833 292.652010917664 290.698210398356 294.11252339681 278.727491696676 276.371200879415 275.36936601003 265.451610088348 266.453643639882 276.985387007395 247.086644172668 220.167398452759 205.051521460215 206.264038880666 229.935785134633
295.10498046875 285.852332909902 291.904886563619 278.363863627116 270.737210909526 281.933108965556 306.669175624847 327.143291632334 320.255875587463 306.098520755768 297.58894443512 296.106696128845 297.792434692383 294.913073380788 295.409003893534 294.606943925222 292.33189423879 291.792432467143 290.251354376475 291.808724403381 289.210259914398 286.911447842916 287.239591280619 286.060710748037 290.824929873149 294.003963470459 299.918015797933 296.850840250651 296.293099721273 303.256094455719 305.337429046631 295.134544372559 280.435522397359 284.379045168559 282.599190870921 265.925824642181 267.148713270823 266.912182172139 271.098077297211 288.318912188212 288.9271179835 279.357711474101 255.759517351786 238.503575325012 219.965596993764 212.883671124776
313.83216381073 309.160868326823 318.081180254618 313.222348690033 303.530593713125 307.42073059082 323.006669680278 343.069156010946 334.749102592468 309.94039773941 297.392586867015 302.656908830007 313.780148824056 308.652977148692 303.041418393453 303.070386250814 300.048828125 293.10937722524 295.836091041565 296.76087697347 293.307185173035 289.721449216207 290.929198265076 292.074879010518 290.737350781759 292.479773362478 293.98504892985 291.236758232117 294.165551662445 303.582866986593 303.135673205058 293.480237325033 281.905273596446 282.916963100433 274.291098117828 269.395470619202 274.641076723735 275.89225769043 286.352912584941 310.026705265045 277.07846959432 266.02836449941 255.8580438296 246.315519014994 228.784521420797 206.891139348348
335.491935412089 333.211203416189 335.432449976603 337.634483973185 328.9448817571 322.85350561142 327.79324054718 341.777086257935 336.154580116272 308.189908663432 298.934519290924 307.76039759318 318.740963935852 310.783127943675 302.112778027852 306.874175866445 306.823134422302 300.415575504303 301.162620385488 302.31374502182 302.200893561045 295.770208040873 294.681191444397 295.091052850087 293.281773726145 290.011525154114 292.804976304372 296.529710292816 299.35618241628 304.478903611501 304.216285546621 296.140730381012 284.743905067444 279.59684530894 270.156264305115 274.941225846608 280.890782674154 280.925055344899 283.855398495992 300.499379634857 265.053927898407 223.696132500966 210.233966509501 203.98622751236 203.558842341105 198.075592517853
345.234433809916 343.46882502238 340.604424476624 341.671903928121 335.487246513367 328.365921974182 326.20757818222 331.965605417887 336.625059445699 316.645840803782 311.820387840271 317.80747572581 317.224442958832 308.826506137848 303.694367408752 306.279857953389 313.390473524729 308.225254217784 303.493241469065 305.716296037038 304.117679595947 300.765951474508 297.410329182943 295.685092608134 296.34157816569 292.616903781891 294.042070706685 298.851529757182 301.390051841736 303.671300411224 304.512600104014 298.325896263123 287.675182024638 272.219061851501 263.204455375671 279.081662495931 288.638472557068 286.837538083394 277.489940325419 289.320508639018 264.450093110402 197.187662124634 167.024354139964 152.931710084279 155.358344316483 163.048605124156
344.841082890828 347.644090652466 348.060846328735 346.171617507935 343.041221300761 339.253266652425 334.118843078613 330.603977044423 332.652449607849 326.794147491455 331.102212270101 327.7188539505 316.025992234548 315.328339735667 309.830546379089 304.271976153056 313.080310821533 312.443832556407 306.106626987457 305.060803890228 304.580092430115 301.172415415446 294.881920019786 295.604169368744 297.128836313883 299.696862697601 297.447303930918 300.036946932475 301.523407300313 302.95995871226 304.196198781331 300.853053728739 283.013025919596 260.586619377136 268.892725308736 291.721920172373 294.641057650248 289.496739705404 272.937834262848 277.918616930644 292.66885916392 240.927199522654 182.700117429098 153.209308783213 144.321868817012 143.680353959401
331.455926100413 335.883259773254 335.675319035848 339.921196301778 345.381538073222 349.618991216024 350.976506868998 349.57480430603 347.711006800334 347.317854563395 338.86464436849 324.516654014587 317.78484582901 316.344797611237 312.913775444031 309.035360813141 311.379750569661 311.229427655538 303.51992448171 303.115049997966 304.773529370626 305.522004763285 304.048498471578 298.410892486572 297.372460365295 298.073728879293 301.292518774668 301.757117112478 303.845624128977 303.449749946594 303.853631019592 301.244000593821 277.699053287506 261.622250080109 284.930864969889 300.096829732259 295.79770565033 291.076223055522 278.121511141459 275.012850761414 307.612200578054 325.136303901672 266.989390055339 212.092916170756 172.480642795563 147.637893756231
