input/barkrak2/radiation/dir13624.grid
NCOLS 85 
NROWS 70 
XLLCORNER 665100 
YLLCORNER 4664600 
CELLSIZE 20 
NODATA_value -9999 
[rows 40 to 59 of 70, columns 0 to 45 of 85]
317.14657942454 318.12572479248 318.064312140147 319.551467895508 324.99102751414 328.159650166829 330.273032188416 333.527286847432 333.33420753479 324.820995330811 314.334491888682 310.550113519033 308.461705843608 305.169145266215 303.305745124817 301.98738972346 300.347447395325 299.552341302236 295.876920223236 294.228514035543 297.097722689311 300.698757171631 302.885433038076 298.161625862122 294.781088829041 292.46066013972 296.754519144694 297.363181908925 297.702372074127 296.729286511739 294.594824314117 292.022486527761 272.530277570089 270.638585090637 294.035494327545 293.836851914724 284.155527750651 282.024184862773 283.570349216461 275.203982988993 285.848736763 320.549269517263 327.137152353923 272.823294003805 212.042371431986 171.854714552561
322.465062141418 320.563952128092 320.319652557373 320.240875085195 317.973713080088 315.890312194824 315.404693285624 316.663801670074 319.540719191233 313.271959622701 306.852142016093 308.258434136709 308.765292167664 309.152026971181 306.943039099375 304.256002108256 301.121453444163 305.62295516332 305.298447608948 301.867445309957 302.671392758687 302.948633829753 300.877034664154 301.759501298269 301.926732063293 297.084907690684 298.465569814046 299.170712629954 299.172043800354 299.262742201487 297.678152720133 293.2421763738 278.471946716309 282.316426436106 294.12841796875 284.310122330983 269.22607421875 267.302612463633 273.241718610128 279.954175154368 299.01377360026 312.156478563945 318.42839717865 304.636041323344 254.40255800883 207.996090253194
324.515183766683 322.32924302419 324.423273404439 323.230644067128 318.494200706482 316.112875938416 315.347154935201 313.989837964376 313.521126906077 309.422016143799 308.321356773376 307.126561800639 310.292462507884 312.103231747945 312.14714050293 309.01167790095 305.784165859222 310.413002967834 311.249931653341 305.248538653056 302.607953548431 300.741771856944 297.047396500905 297.766784826914 300.45743783315 295.175174872081 291.709542274475 294.733941555023 295.313100020091 296.556313832601 296.088536580404 290.645956993103 284.641226132711 290.608048439026 291.037758191427 272.684534390767 256.753007570903 261.272529760997 274.585207303365 287.667651971181 296.874682108561 295.769413312276 289.025247097015 285.449663798014 261.518120765686 210.206349690755
314.131736755371 316.204110781352 321.475307146708 319.617430369059 320.90437412262 322.208841641744 322.328607241313 319.325029850006 311.634282271067 310.817778110504 312.414010365804 309.965034325918 310.669680436452 311.482071876526 312.319755554199 310.7683857282 310.837109883626 311.587373415629 311.097423235575 306.359608968099 301.421741644541 298.563202222188 294.128994146983 292.873700459798 294.323225816091 296.31112019221 291.337390740712 292.355577150981 293.227950731913 293.553034464518 290.692210197449 284.677704175313 286.241253217061 291.200995445251 280.444840590159 257.746815681458 252.662102381388 265.983204046885 284.005641937256 288.270731767019 286.889334519704 282.497147719065 274.894018967946 266.836643218994 250.723818937937 216.013689835866
313.61182530721 317.871669928233 319.163640340169 319.269140561422 319.985389709473 320.915182431539 321.309943993886 318.956156571706 315.678715705872 313.248376051585 314.647873242696 312.18699614207 308.870355288188 308.357914288839 307.27078517278 307.821750640869 304.326097170512 307.295223077138 309.161146481832 306.522905826569 300.873816013336 298.537214597066 297.065575917562 296.60564661026 291.758815447489 297.81703154246 299.163341522217 296.063045660655 294.35787598292 290.069897969564 283.985137939453 280.36508957545 281.456410884857 278.499643007914 268.425504366557 254.417618115743 256.614029407501 272.645672162374 286.877691745758 283.417165279388 283.776005109151 275.290131568909 264.306664466858 255.373895168304 246.692776679993 229.249755541484
318.148831526438 320.551653703054 317.990779876709 319.978435834249 319.024503231049 318.575660387675 319.651186466217 318.95770629247 320.18115123113 316.805879275004 316.439747810364 315.217057863871 312.314510345459 308.208664258321 306.645135084788 309.812128543854 304.520706335704 304.501950740814 307.629108428955 305.649320284526 302.683631579081 299.745758374532 299.672385056814 297.689954439799 297.495722770691 294.464329878489 298.793315887451 296.423554420471 293.39212179184 290.401895840963 284.20219818751 279.601097106934 278.391261895498 271.211306254069 258.612473805745 245.905299981435 252.689778804779 270.890911420186 277.651151021322 269.239366054535 274.470011393229 266.140023867289 255.663255850474 257.20622142156 261.544187863668 244.756579399109
317.383825778961 318.478683630625 319.48322057724 320.602774620056 320.326387882233 320.403218269348 321.019907792409 322.209358215332 320.36679983139 319.947818915049 318.698287010193 317.392289638519 315.170288085938 312.181254227956 310.928503672282 312.640249729156 309.618830680847 302.688539028168 308.342417081197 305.146793524424 302.146017551422 301.770567893982 298.336068789164 292.383392651876 297.491550445557 294.317464033763 294.427196184794 292.944629987081 291.399002075195 287.395119667053 283.402442932129 282.179991404216 275.883773962657 267.75074005127 257.111112276713 247.607191403707 254.695117473602 267.616470654805 266.550103823344 267.293830712636 272.738993167877 262.149930000305 259.492437044779 267.222344875336 272.966027259827 257.63879219691
313.344915707906 315.078457196554 318.831026554108 318.966666857402 321.024735768636 322.253743807475 321.151991685232 320.151070753733 320.359667142232 321.66729370753 320.031583309174 316.940248012543 315.098444620768 314.183274904887 311.433911323547 309.907913208008 308.148741722107 301.025549570719 302.630960941315 304.855128129323 299.841940402985 297.409892082214 300.146222114563 291.086634000142 293.333907922109 290.765225887299 284.198661645253 286.369442939758 287.188212076823 286.288102467855 284.205079078674 281.916519006093 273.802061875661 272.27121591568 269.840439160665 259.856025377909 260.891457398732 265.18851518631 267.900268236796 276.175459225972 272.044022878011 263.956268628438 267.162640889486 269.634465376536 267.70422856013 255.765279134115
309.117833773295 310.751974582672 314.691007137299 316.929856936137 320.338467756907 322.375098864237 319.709996382395 318.722784519196 320.833742618561 322.401742140452 321.319778760274 317.123631636302 315.107663472493 315.864145755768 311.643699804942 308.653771877289 305.638035138448 297.719637552897 301.876862843831 302.785813808441 299.357314904531 299.617648124695 297.790726025899 291.003127892812 288.625041643779 291.262149810791 287.548422813416 289.242804050446 292.367299397786 292.726993560791 295.130411783854 292.677720387777 282.427986462911 282.57809082667 279.884974161784 267.035603523254 266.89201593399 270.601173241933 273.335655530294 274.868905544281 265.24406671524 261.147379875183 259.446044762929 255.090514818827 253.00270318985 252.413749694824
308.361272017161 305.878837903341 309.424936771393 315.083861351013 318.065583705902 319.923460483551 320.787489414215 322.637756665548 322.865108648936 320.06448507309 320.496439933777 320.647497971853 316.281418005625 313.453396161397 311.134934425354 307.130714257558 302.99307902654 300.129036108653 299.799342950185 299.524664878845 301.639556884766 300.053596496582 296.654125054677 295.258720715841 291.718860467275 294.465184211731 294.179975986481 294.915397961934 298.470973968506 301.842252413432 304.004609584808 300.570964813232 291.780988375346 290.973921616872 283.41801961263 271.522144476573 267.324646313985 272.843897342682 274.504760901133 264.457921187083 253.554582595825 256.460030873617 256.14857673645 250.125666459401 248.781621456146 252.89261341095
308.651983737946 310.975968837738 312.370657920837 317.074457804362 316.88404083252 317.144711812337 320.676644643148 322.985112667084 323.00478219986 321.912447611491 321.893910566966 319.818496704102 316.420435905457 310.964743296305 311.218857765198 310.635844866435 305.736422538757 297.680795192719 297.568519910177 302.237451076508 302.270988623301 299.589097499847 296.029408772786 296.258131663005 292.458792527517 294.393976529439 296.184420585632 295.988440513611 298.65570863088 302.708506584167 305.617173512777 302.696963151296 295.43658097585 289.679209391276 278.565843900045 268.657207489014 266.985952854156 272.053281466166 269.002437591553 253.965814908346 249.780038992564 261.258204778035 260.570168495178 252.760648727417 250.34487247467 246.697942415873
308.629631996155 316.032886505127 316.761116186778 317.762156327565 315.940578778585 314.64284658432 318.615595499674 322.143395741781 321.153918902079 321.883241335551 320.793628692627 319.372236728668 315.388739109039 312.299986680349 308.029592037201 310.033063093821 304.407000541687 298.989295959473 296.433130900065 299.613217512767 299.945255120595 297.999064127604 295.535604159037 291.8994029363 289.312581221263 290.036876996358 292.941292126973 292.949199676514 293.933272361755 297.849178314209 302.938719590505 302.28449900945 290.532271067301 277.904729048411 248.506267865499 238.113423188527 251.741925875346 263.84824514389 264.615833759308 264.168341954549 268.98729801178 268.804351488749 252.43862469991 245.376984278361 253.279030323029 241.802493731181
310.082912445068 308.317184448242 307.588040828705 309.435963630676 313.349624474843 316.601951917013 314.765175183614 317.967772483826 316.779891649882 319.630364576976 316.43937031428 317.776958147685 314.900557200114 309.938152631124 306.994438171387 306.31277958552 306.278924147288 296.827216943105 292.266627152761 294.429341952006 293.715596199036 293.783148129781 293.274561564128 288.10046116511 288.063247998555 285.301685333252 285.970747470856 286.179184913635 285.547614097595 286.35702530543 287.908136844635 292.273243268331 271.592895189921 244.904537995656 216.06848637263 203.278263409932 217.534859975179 243.884007136027 264.922062555949 264.661431312561 265.452841917674 257.4715813001 242.453078428904 243.010958035787 250.307361284892 228.068312009176
312.522530555725 304.451624552409 301.353255907695 305.619657039642 312.076091766357 315.632283687592 315.120021502177 316.531181335449 314.389069875081 312.902649243673 313.619097073873 314.008335272471 315.672914187113 312.843223412832 306.749820709229 306.528945763906 306.878924369812 298.445125420888 294.235030810038 297.356386979421 294.119795163472 293.064216772715 291.249811649323 287.369191646576 285.945852597555 284.253239631653 283.342997233073 283.144891262054 279.148042201996 275.708516438802 269.287864367167 266.445636749268 245.37471930186 221.444308757782 210.407535235087 201.693455378215 192.449430624644 202.412664890289 220.759709676107 244.485378265381 254.448771476746 244.671861330668 238.906145095825 239.489118258158 230.993052323659 209.856192270915
313.090523084005 308.102607727051 303.086976210276 303.485711415609 311.077078183492 315.969149271647 314.126133918762 312.520722548167 313.950419425964 311.342120170593 313.982526461283 313.826441764832 313.799480597178 314.803024133046 308.7025086085 307.387312253316 308.696230252584 301.755706469218 296.879390875498 298.036098480225 297.877907752991 294.052879015605 291.300574938456 289.38090801239 288.033366203308 284.548024336497 284.858485062917 280.00811735789 276.540696620941 271.80951833725 262.227078278859 257.242937882741 237.559020519257 226.605415344238 229.431013266246 229.447543621063 217.326203982035 205.798923969269 196.046471595764 206.644912560781 227.705518404643 223.409672578176 215.628027915955 207.374056180318 203.531185785929 202.587723731995
313.723464806875 311.379790306091 305.695434411367 301.312029361725 301.892399787903 310.095985730489 313.066959381104 312.478582064311 311.889966328939 313.108245531718 315.359532833099 314.870993296305 314.796348412832 315.417548020681 309.061904748281 309.201041857402 308.868686358134 303.798933823903 300.60863494873 296.661953131358 297.234058380127 295.081079006195 294.344623883565 294.206877549489 290.266553560893 288.069089253743 283.362189928691 278.830369313558 272.500038146973 268.544634183248 266.39066139857 262.851019700368 245.628893375397 242.36390988032 247.346917788188 253.570596377055 259.512325127919 252.660532792409 234.881858030955 203.218758106232 203.619440396627 210.773408412933 208.423574765523 203.595042228699 208.343386650085 217.89155403773
314.521471659342 312.81848748525 308.079560597738 300.952911376953 298.099140326182 306.576371192932 311.820725599925 311.031063397725 309.790730476379 312.262117862701 316.489636898041 316.247522830963 314.577202002207 314.304351806641 311.610182126363 306.586643060048 309.313674767812 304.645895957947 300.276756286621 298.925598462423 299.518942832947 297.738174597422 294.093290964762 292.447527249654 290.334026018779 289.187550544739 271.640181541443 253.708263238271 249.112844467163 253.067016601562 260.547995567322 258.214056491852 245.754738648733 242.220203081767 251.316666603088 263.416747252146 277.874787648519 284.952680269877 275.372385978699 237.942278385162 209.586898485819 216.839194297791 227.12101538976 236.513495445251 245.206554730733 251.427114009857
310.779313246409 308.854202429454 308.0126841863 304.159899552663 299.594124158223 302.813847859701 311.48761510849 311.536471048991 307.642340660095 307.635883490245 313.152631123861 315.894563992818 311.863462130229 311.012228329976 312.794963518779 305.902103583018 305.450916290283 304.258406162262 300.790429115295 300.782402356466 300.245225429535 298.715154329936 297.077596187592 291.873097419739 288.652360439301 290.297349294027 273.324370384216 253.712872664134 250.356316566467 255.547324816386 263.777474562327 257.839103539785 253.274877866109 255.080898602804 269.22082901001 273.899435997009 279.512981573741 257.287383079529 231.73463344574 224.97832775116 233.611106872559 245.20480632782 240.752836068471 231.978019078573 230.295439561208 242.926557858785
303.137461344401 306.304196516673 305.942336718241 304.212669531504 301.617403825124 299.12269115448 309.086382389069 311.732669671377 306.842863559723 305.672585964203 310.508946577708 313.269515832265 312.681396802266 308.253347873688 309.994498888652 306.513508160909 302.295903364817 303.708036740621 302.240431308746 302.631537119548 302.642246087392 301.664451758067 297.651390234629 292.547663052877 291.518211364746 293.339947859446 287.02970345815 283.962627251943 279.65255578359 279.059032599131 274.638692537944 265.680313110352 264.840265115102 267.618616422017 262.83981402715 245.306432247162 224.677602450053 191.112657388051 171.513438224792 208.195408185323 246.802051862081 252.61127948761 234.347184499105 226.830204327901 234.423279762268 246.866722901662
293.769876162211 302.847345670064 304.061631361643 302.006344000498 301.127115885417 296.765267848969 301.85333887736 310.812532901764 311.505536238352 306.088924407959 310.028553009033 311.524430910746 312.781929969788 309.057295322418 309.42424138387 307.138284047445 301.908294359843 301.312824090322 296.140929063161 296.768347422282 297.887682914734 296.669324239095 295.485178629557 293.547411759694 293.807705243429 298.317968845367 301.39684677124 303.234140078227 288.372238477071 286.022444566091 275.636712710063 262.39009698232 262.199540932973 246.467391649882 213.651080926259 190.01692533493 178.158680597941 166.241407394409 158.421645561854 178.943435351054 206.173141797384 229.434490203857 235.480189323425 250.137388706207 279.386738936106 286.976079146067
