input/barkrak2/radiation/dir10624.grid
NCOLS 85 
NROWS 70 
XLLCORNER 665100 
YLLCORNER 4664600 
CELLSIZE 20 
NODATA_value -9999 
[rows 40 to 59 of 70, columns 0 to 45 of 85]
253.568549950918 255.477527777354 255.362192789714 257.552901903788 265.710930029551 271.280288696289 275.039931138357 278.367201487223 278.64017089208 265.358785788218 249.470810095469 244.690040747325 244.954625765483 239.902635415395 238.599201043447 236.170530319214 236.391186714172 233.806093533834 229.19104496638 225.495715936025 231.322785218557 236.360172430674 237.311323483785 230.623801549276 228.232820828756 227.649211883545 235.084811846415 237.593054771423 239.935119946798 239.628632863363 238.876740137736 244.251430034637 234.42018032074 237.296879291534 265.127539634705 264.810125033061 252.359767754873 245.952904224396 248.530268669128 251.542846361796 264.427940050761 288.368980089823 269.418617089589 196.764528751373 130.148530006409 94.4542288780212
261.025627454122 258.841792742411 259.079416592916 258.991837501526 255.904694398244 253.399749596914 251.46871805191 251.931289831797 256.661256154378 249.242027600606 239.849289258321 241.584837436676 243.924736976624 243.019620577494 240.239342053731 236.866374810537 231.391489505768 239.562292893728 237.104336420695 230.445742607117 229.810039202372 230.572541554769 231.183648109436 232.582449913025 232.746164004008 229.06897465388 233.92524321874 237.20928033193 238.488435745239 239.410698413849 241.864403088888 242.09996064504 236.337224642436 248.739759127299 262.12465763092 251.511931419373 234.247306982676 227.968116601308 230.693320433299 241.230547428131 270.602484544118 284.632424513499 276.773194471995 237.145264943441 170.505940914154 125.946700572968
264.788369337718 261.673172314962 263.521591822306 263.196667035421 257.026235262553 252.64984369278 249.618510405223 246.788283189138 247.095366319021 242.148538430532 239.252865314484 240.031937758128 239.683151245117 245.389501253764 240.302344163259 239.690244197845 233.734806378682 237.910211086273 240.896821022034 232.694327831268 229.435344537099 227.931439876556 226.007441679637 226.95537408193 230.762918790181 226.700723171234 223.074078559875 230.542878309886 234.740416208903 237.001776695251 237.432698408763 235.232889652252 239.090283711751 254.379133383433 259.146054585775 237.104932467143 220.013578732808 221.670428911845 231.055696805318 245.052357514699 255.916515986125 256.36488199234 244.757294654846 225.363155206045 181.117713451385 121.884475151698
249.247034390767 250.957608222961 259.675542513529 256.614069143931 258.091568946838 259.331663449605 257.283409436544 255.668580532074 242.322901884715 239.984611670176 243.156750996908 237.631499767303 236.553927262624 241.06772740682 240.594685077667 238.517343997955 238.262474536896 239.332358042399 238.862852255503 234.362165133158 228.23045651118 225.646714369456 224.396010239919 222.700357437134 224.933365980784 228.249748547872 222.519119580587 224.630971749624 231.086671352386 232.531726360321 230.499426523844 226.378420988719 235.542813936869 246.891796588898 244.320472081502 222.111463546753 216.394782066345 227.904597918193 242.117762565613 245.646516482035 241.506457328796 237.992723782857 228.662888209025 209.517141183217 175.996820131938 128.325492143631
244.770050048828 249.742766221364 253.886659940084 253.912885983785 254.486600557963 255.699455738068 256.032844384511 252.847711245219 247.22421169281 242.910842100779 243.195712566376 240.646839141846 235.636711120605 235.204497973124 234.08442735672 232.892592748006 229.652921358744 235.481282075246 238.357186317444 232.826749483744 229.875842730204 227.748771508535 226.022760073344 227.185686429342 223.843336105347 232.093056042989 234.446465969086 231.293519337972 230.495472749074 228.6643187205 224.698106447856 220.706880092621 225.103557109833 227.561593055725 224.896947542826 216.584066549937 220.495343208313 235.697070757548 245.846768220266 239.78865146637 239.763140678406 231.257696946462 220.521648724874 205.037732919057 180.851558844248 146.514862775803
249.86739953359 254.234830538432 250.968356927236 254.40392891566 253.287076950073 252.269466718038 253.849943478902 252.694408098857 252.390484015147 248.060743014018 245.60292561849 244.860351085663 239.002704620361 233.630140622457 233.175277709961 235.524078210195 229.650060335795 229.477147261302 236.275970935822 233.827153841654 230.389634768168 231.276790301005 229.002197583516 230.875690778097 230.94250758489 230.078081289927 236.359437306722 234.402557214101 231.794794400533 231.408973534902 225.718478361766 221.144239107768 222.417493661245 217.323203881582 209.26829179128 203.721721967061 212.256630261739 230.527321497599 234.818736712138 222.086032231649 227.384050687154 219.524562358856 212.110956509908 211.765726407369 204.917629559835 173.407375812531
249.233305454254 249.875942866007 252.825299898783 255.094150702159 253.982027371724 253.699461619059 254.224558671316 256.001273790995 252.927958965302 249.894281228383 247.030297915141 246.318519115448 241.447071234385 238.900860150655 236.54701312383 238.760769367218 236.227591832479 229.218900203705 235.069731871287 235.380232334137 231.832504272461 233.81636540095 231.720169385274 229.264756043752 234.036246935527 227.74463891983 230.718910694122 232.372879981995 231.574455897013 230.266372362773 228.706320126851 224.622786045074 221.287250518799 216.85000260671 210.626045862834 204.760789871216 210.723360379537 222.757498423258 222.882588704427 221.366027990977 223.554750283559 214.733103911082 216.191172599792 225.115935007731 224.56169128418 195.199290911357
242.494841416677 244.830449422201 249.123235543569 251.450101534526 254.941701889038 254.811882972717 252.958516279856 251.97027126948 251.995901266734 253.40348482132 248.937646547953 245.930234591166 243.095874786377 243.148843447367 238.791922728221 238.824228445689 236.476937929789 227.118770281474 231.805046399434 233.139395713806 231.100459893545 230.616450309753 234.009424845378 225.47181447347 228.647450606028 228.475431601206 225.37616888682 228.742659091949 230.751872062683 229.076027870178 229.955871899923 228.120485941569 220.541040102641 221.631785233816 225.776116053263 221.323450406392 219.420711199443 219.316363334656 222.817222277323 233.136872450511 225.865403811137 216.620405515035 221.942861874898 226.447542508443 223.062475522359 204.674283663432
235.282142957052 238.369921843211 242.917517820994 247.01205889384 251.649995644887 255.200703938802 252.801716327667 249.804198741913 252.604901790619 252.715547879537 251.541217168172 247.891366481781 244.401971499125 245.310842990875 241.151769955953 235.431532065074 235.378523667653 227.439125378927 230.709612369537 234.759231408437 235.040227572123 233.290553092957 236.035505930583 230.950911839803 228.278756141663 231.744845708211 227.577686309814 232.365588347117 237.427612145742 239.513695240021 244.190116723379 242.879112561544 231.807370980581 234.309673309326 236.383318901062 232.202927271525 231.126010417938 227.928837140401 227.370619773865 231.969753901164 220.6951379776 214.039782683055 211.359182993571 208.408832550049 206.188023090363 205.875217914581
234.056135018667 231.654783089956 235.235095024109 243.568321069082 247.666716575623 251.454472541809 254.287660121918 254.85614935557 255.229910214742 250.71640809377 252.982874711355 251.244843006134 247.767647107442 243.82092555364 242.579658826192 237.440228462219 236.230035622915 230.501333872477 232.857207457225 239.901900291443 240.54761727651 239.052812258402 237.347563107808 236.541867256165 232.15393225352 235.909561316172 236.136178175608 237.753649552663 245.494186878204 251.606106758118 257.277548313141 256.471574306488 246.111194292704 243.948737780253 238.592565059662 235.76549688975 234.813789526621 236.588915189107 232.134560743968 219.560662905375 208.86359612147 210.991382598877 209.885954856873 203.506330649058 198.825339476267 202.433188756307
235.248486200968 237.304051717122 238.151669502258 245.086630185445 245.397448539734 246.821264425913 252.735535303752 257.086277008057 257.073998451233 254.778683185577 254.553993542989 253.221372763316 249.974389870962 244.458933671316 244.758725166321 246.408383051554 237.825453281403 235.315362612406 235.680341720581 241.604288419088 244.212647279104 241.206924120585 237.277309099833 237.789988517761 233.051280180613 236.628035704295 241.986413796743 242.492397626241 249.049246311188 253.692984580994 262.417793273926 263.523618380229 254.431704680125 244.498133659363 232.0476770401 227.74467865626 231.554369131724 238.714416821798 231.085081895192 210.484504699707 203.90776793162 213.884731133779 214.515229066213 207.657674948374 203.493416309357 195.558349291484
233.494242032369 243.087927500407 243.71874332428 247.26665019989 245.691974957784 244.978586832682 251.507023970286 255.487302939097 255.398650964101 257.747530937195 256.375948588053 254.505475362142 252.482354640961 246.276219685872 244.889458020528 250.389138857524 245.199461778005 237.309495608012 234.452764193217 238.191803296407 238.851586977641 238.943934440613 236.599028110504 232.511659463247 229.757308959961 231.281737486521 237.852295239766 238.498250643412 240.448733170827 246.642311414083 255.30207157135 260.813732941945 248.471399148305 230.479498704275 198.164363702138 188.198188940684 206.525941689809 225.332419077555 231.281757354736 229.459941387177 229.580104351044 224.899629751841 205.648024876912 199.978788693746 208.106597264608 195.724328358968
234.567364056905 233.645180861155 232.744435469309 237.331608931224 243.2954510053 247.204343477885 247.235457102458 252.17878818512 252.128342787425 254.37718629837 255.632201830546 257.551868756612 255.97623984019 249.603927135468 246.019065380096 245.263516902924 245.720704396566 237.034757932027 231.557587782542 231.288512547811 230.731010437012 231.367965539296 233.528355757395 229.69792286555 228.161851565043 225.134015083313 226.422528425852 227.209786574046 226.980010668437 228.636980056763 234.299500783285 242.702384789785 225.663204987844 196.59411907196 164.832592010498 149.025390545527 161.034295956294 190.961162249247 219.821910063426 227.735877037048 229.056278864543 216.623902320862 197.424451510111 195.979714393616 203.419625759125 185.476243495941
239.954630533854 230.421841144562 226.076523462931 231.680790583293 241.83456103007 250.052491823832 247.646530469259 249.942183494568 252.303202946981 250.603755315145 252.008398373922 254.719575246175 255.391816298167 253.592312335968 246.093690395355 245.554447174072 246.547261873881 236.463129520416 233.674724896749 234.99459028244 236.117025216421 230.538487434387 228.642185529073 226.538638273875 223.122855027517 223.749438921611 223.124504089355 223.351995150248 219.516535600026 215.745409329732 206.475655237834 210.661013921102 196.506023406982 177.438139915466 163.134594758352 147.167364756266 132.674346367518 142.524401346842 164.487461249034 195.790310700734 213.972051938375 200.836300849915 195.180952548981 192.68411397934 182.306150595347 171.308676401774
241.478284200033 235.458572705587 229.582269986471 233.435094356537 241.743167241414 250.332375367483 251.927157243093 249.71475203832 252.045194307963 250.582317511241 254.210670789083 254.481355349223 254.925608634949 256.346484025319 248.63721927007 249.327301979065 248.964289824168 240.628242492676 237.261414527893 238.821824391683 238.862375418345 234.398782253265 231.433629989624 229.83056306839 225.772341092428 224.835932254791 222.670475641886 220.025102297465 216.149389743805 211.134473482768 199.347615242004 198.344508806864 191.073934237162 186.858753363291 187.793572743734 181.54909213384 159.40844019254 144.287079572678 136.216163635254 148.52378765742 178.104162216187 180.079797903697 170.2534755071 157.643715540568 154.834141333898 159.743964672089
244.894087314606 242.51385529836 234.5103820165 230.730315049489 237.616995970408 248.342315355937 250.44443209966 249.643385410309 249.190509319305 253.111859162649 256.824254989624 258.397539456685 256.344417730967 257.21287727356 251.729846000671 249.874095122019 251.822272936503 246.146480242411 239.821553230286 239.779710769653 237.913568814596 235.767900943756 235.639254252116 236.3068262736 231.708029905955 229.31828101476 223.63668680191 215.658207734426 208.864450454712 203.624467055003 202.431162198385 203.562478224436 199.79472955068 204.480389753977 211.802343527476 215.565542380015 213.565289974213 199.081500371297 179.52032883962 145.379811525345 149.651894966761 165.700227022171 164.519488811493 155.190656582514 158.221085866292 173.611442248027
248.387614885966 245.933175086975 242.766042550405 234.303494294484 233.448445796967 244.016607602437 248.715440432231 249.648531277974 246.365030606588 252.414544423421 258.701860904694 260.315140088399 256.008982658386 258.007884025574 255.374034245809 251.007874806722 252.451300621033 247.124036153158 244.162599245707 242.476801077525 240.919391314189 241.749246915181 235.564172267914 231.496453285217 229.13936773936 225.147048632304 205.219248930613 183.982412020365 179.580986499786 186.635752518972 199.779291947683 198.935826619466 198.991417884827 201.278746128082 213.454683621724 227.134267489115 240.671694278717 242.899974187215 236.53644323349 188.593029975891 154.831757148107 169.68431075414 184.218307336171 192.325949668884 197.852492332458 209.349950154622
247.709055741628 243.739485740662 244.620740413666 240.694502989451 235.561708609263 239.530205726624 249.889016151428 250.324964523315 247.702558835348 249.450445175171 256.746550401052 259.648660818736 254.501223564148 256.101191043854 256.834864616394 249.733686447144 251.756310462952 246.340215206146 242.572506268819 240.687886873881 240.54890871048 239.213029543559 234.439373016357 228.141009807587 227.434436480204 227.844456831614 210.39867401123 187.452991803487 184.308767318726 192.878921826681 203.8294672966 204.337219397227 209.483027458191 215.957621733348 230.074524879456 230.361064275106 229.161858558655 200.290660063426 186.613837877909 182.849665482839 186.282734076182 199.024935563405 197.260161240896 183.829347292582 179.714401563009 193.970123926798
237.705210844676 242.068509260813 242.03097820282 242.485801378886 238.098661104838 234.96558268865 248.922030131022 252.744416395823 249.485890070597 247.643033663432 253.112276395162 258.157749970754 255.629460016886 250.436186790466 250.740031401316 248.430569966634 243.486086527507 243.510544300079 242.416977882385 243.376056353251 243.932902812958 240.037123362223 238.148927688599 231.9748600324 231.079459190369 234.842975934347 230.248510837555 221.919238567352 218.182444572449 221.292416254679 217.672149340312 213.206887245178 222.485542297363 229.52804962794 222.725927829742 211.67516708374 191.803753376007 143.429865439733 120.64931790034 155.67813316981 195.027887821198 208.929757277171 195.974985758464 185.933868090312 184.105594952901 193.894724051158
225.748260815938 239.252805709839 239.661931991577 239.861011505127 239.695906639099 236.415902773539 242.380440235138 251.599669456482 254.461149374644 251.647531986237 252.361754576365 254.006346066793 255.73343038559 251.414100329081 251.866936683655 249.184886614482 242.98632144928 240.616142749786 237.535615762075 237.839798132579 239.574710528056 238.473912080129 237.415969371796 235.549469788869 236.467957496643 243.551254272461 251.184483369191 252.049386501312 236.754536628723 233.988444010417 224.54822063446 213.352640469869 217.635194460551 202.67524321874 175.149420897166 147.41716782252 136.0016365846 121.653745571772 106.43869638443 118.925293286641 143.47110191981 178.290565808614 197.482069333394 216.397047042847 241.754988829295 242.788056532542
