input/barkrak2/radiation/dir10124.grid
NCOLS 85 
NROWS 70 
XLLCORNER 665100 
YLLCORNER 4664600 
CELLSIZE 20 
NODATA_value -9999 
[rows 0 to 19 of 70, columns 0 to 45 of 85]
266.965428988139024 279.329876104991 291.147132714589 303.612132867177 308.220227559408 306.354681650798 298.131982485453 292.413989702861 294.91404692332 295.894781748454 294.736703236898 298.013011614482 298.985640207926 299.417813618978 301.560282707214 297.487159570058 288.41225306193 279.332260290782 274.378657341003 264.52378431956 252.976934115092 260.540843009949 284.849425156911 292.287290096283 292.56397485733 298.776626586914 296.723783016205 282.322605450948 267.547329266866 263.440946737925 260.488172372182 275.148113568624 307.497243086497 305.759072303772 307.410359382629 294.553498427073 299.928466478984 311.210374037425 303.931971391042 306.68032169342 294.082482655843 291.73352320989 301.938792069753 309.985101222992 307.739357153575 304.829279581706
248.108943303426 263.334314028422 276.102701822917 290.837168693542 298.95681142807 300.630609194438 295.083741346995 292.105635007222 299.319903055827 299.281537532806 294.835468133291 296.548167864482 299.588799476624 301.149010658264 300.901214281718 297.087510426839 294.414003690084 287.5048716863 283.052484194438 271.409730116526 266.548037528992 276.94966395696 293.312430381775 297.110716501872 299.848775068919 301.561236381531 296.170651912689 284.542838732402 271.561622619629 264.710466066996 265.522599220276 287.081837654114 306.519409020742 305.524865786235 306.815087795258 296.654065450033 300.03813902537 307.42746591568 301.719506581624 309.150258700053 303.936680157979 296.523690223694 299.928764502207 305.647055308024 306.381742159526 307.037035624186
213.375270366669 225.955903530121 237.817605336507 249.673227469126 261.215567588806 270.227869351705 277.484357357025 286.49890422821 293.453911940257 292.62501001358 288.727382818858 292.398810386658 301.58011118571 305.406053860982 302.465240160624 307.061711947123 310.076872507731 304.967304070791 293.914258480072 285.176912943522 288.260241349538 292.739808559418 295.636296272278 297.0316807429 301.077802975972 301.789820194244 293.960213661194 283.383409182231 274.418254693349 269.194483757019 272.571086883545 296.615382035573 301.845550537109 304.384390513102 306.70303106308 301.339089870453 298.583606878916 298.27340443929 301.412642002106 308.851500352224 304.709692796071 296.248813470205 290.733814239502 296.629548072815 307.097236315409 308.76624584198
196.29426797231 196.782946586609 204.847713311513 211.972236633301 219.248672326406 224.459211031596 230.824589729309 245.318214098612 263.21804523468 276.807188987732 285.240054130554 295.708497365316 304.664731025696 307.869692643483 308.078726132711 310.055951277415 309.771021207174 304.305454095205 295.777122179667 291.54360294342 289.957086245219 288.283467292786 295.212209224701 296.852707862854 296.901027361552 298.784156640371 295.001626014709 287.21026579539 281.958798567454 279.068827629089 277.066707611084 300.066033999125 301.161825656891 303.769171237946 303.852279980977 305.282235145569 303.241610527039 301.493485768636 308.211127916972 306.946059068044 299.537380536397 287.483791510264 283.35565328598 297.02494541804 310.667554537455 307.332893212636
217.640459537506 201.708634694417 188.041667143504 179.687738418579 183.495819568634 199.722409248352 220.104475816091 229.90745306015 239.767670631409 246.872305870056 265.934387842814 285.158852736155 296.73312107722 302.180190881093 305.493136246999 307.043612003326 301.332116127014 293.350756168365 290.826519330343 291.156073411306 287.409464518229 285.802165667216 294.84103123347 296.076774597168 296.314597129822 300.43351650238 297.614733378092 290.961941083272 285.791834195455 282.543301582336 287.069002787272 306.097825368245 304.637551307678 305.186053117116 301.952242851257 303.254326184591 307.425975799561 308.187445004781 306.851923465729 303.663571675618 301.052471001943 294.822692871094 294.647494951884 299.912552038829 303.178310394287 300.904969374339
259.002645810445 233.166873455048 206.462840239207 183.403333028158 173.890431722005 185.311178366343 210.610310236613 227.259973684947 231.247921784719 231.171190738678 240.662018458048 253.82125377655 263.02170753479 269.188026587168 276.729861895243 282.988488674164 281.858483950297 282.164851824443 286.828259627024 291.750371456146 292.000552018483 295.250137646993 298.446377118429 297.749161720276 298.499584197998 301.833271980286 299.500366051992 295.04136244456 288.963735103607 286.070505777995 297.398348649343 307.802160580953 307.860434055328 310.476740201314 305.098255475362 302.408655484517 306.552827358246 306.557854016622 301.699121793111 302.469472090403 302.296857039134 298.147300879161 297.466556231181 299.024323622386 291.484554608663 277.848521868388
279.199858506521 257.330397764842 238.010048866272 217.662572860718 197.121421496073 183.604955673218 191.456655661265 220.176537831624 233.368158340454 241.27072095871 238.476971785227 232.902705669403 228.820900122325 225.031971931458 227.283974488576 242.163598537445 253.586153189341 270.063281059265 285.107890764872 294.64320341746 296.706895033518 297.276715437571 299.162824948629 298.188944657644 299.055635929108 301.217913627625 301.401774088542 299.139300982157 294.313371181488 295.692225297292 303.13762029012 309.314052263896 313.060343265533 312.903145949046 309.29301182429 303.113083044688 302.477161089579 300.311466058095 299.68923330307 299.581269423167 295.870939890544 292.505304018656 295.195480187734 297.01958100001 281.477232774099 273.14430475235
286.538402239482 277.942538261414 267.825404802958 253.377755482992 231.546342372894 202.042142550151 180.021047592163 180.28716246287 214.137454827627 238.955974578857 246.429681777954 242.560962835948 233.610113461812 224.109709262848 211.594780286153 215.064346790314 227.465748786926 243.340194225311 265.275518099467 281.934062639872 290.853341420492 294.66187953949 299.728552500407 298.561890920003 297.449270884196 297.894736131032 298.322041829427 296.76475127538 295.176307360331 300.439516703288 306.899925072988 310.203552246094 310.785035292308 308.845241864522 304.015040397644 300.494511922201 300.432523091634 295.757969220479 288.228154182434 281.917095184326 284.70108906428 292.66877969106 303.665200869242 306.108196576436 293.192267417908 287.697513898214
279.57550684611 280.05462884903 276.480297247569 269.218643506368 256.699283917745 235.667129357656 206.194798151652 177.874525388082 190.576752026876 213.616808255514 233.2524061203 242.431799570719 244.185149669647 241.632640361786 229.929526646932 222.551862398783 219.946801662445 224.476516246796 238.608102003733 255.37105401357 269.387284914653 280.970851580302 288.139601548513 285.559813181559 287.06959883372 288.152436415354 289.096573988597 289.435108502706 290.000180403392 297.345221042633 301.989297072093 301.255762577057 300.41758219401 300.518771012624 299.517591794332 299.716413021088 297.860503196716 293.511668841044 281.396329402924 280.895511309306 295.438388983409 306.09937508901 310.920655727386 308.757722377777 297.436515490214 291.128436724345
252.2794008255 261.51849826177 266.246875127157 266.292015711466 263.513088226318 259.837806224823 244.42986647288 226.424972216288 195.919871330261 185.518483320872 199.396967887878 224.428296089172 245.258510112762 255.224406719208 256.644050280253 248.674035072327 233.534216880798 228.479266166687 227.789998054504 231.150428454081 239.7554119428 246.672987937927 255.479256312052 262.399931748708 270.194331804911 273.057421048482 274.466077486674 274.92348353068 276.543974876404 282.647808392843 284.005006154378 284.292221069336 289.956053098043 293.855130672455 295.808533827464 294.937392075857 293.470660845439 294.045408566793 281.935473283132 287.513693173726 304.956058661143 311.134934425354 311.713814735413 307.872871557872 295.015752315521 289.212961991628
201.229651769002 214.893937110901 227.542678515116 237.985551357269 247.371315956116 254.983067512512 256.675700346629 251.626372337341 224.884668986003 199.476798375448 184.339165687561 192.318081855774 219.792167345683 244.785110155741 258.961836496989 249.622484048208 242.210805416107 234.888037045797 226.97913646698 221.683323383331 221.99139992396 222.250163555145 225.630422433217 238.688190778097 250.954349835714 258.583585421244 260.415812333425 260.62947511673 266.030013561249 270.908236503601 273.68688583374 277.070899804433 285.049657026927 288.600325584412 288.228412469228 287.632306416829 290.721257527669 293.885548909505 290.929953257243 297.769904136658 307.172238826752 310.251911481221 310.495495796204 308.399776617686 300.941665967305 298.731903235118
158.46719344457 163.953095674515 172.804474830627 185.339947541555 201.779425144196 218.497137228648 236.872633298238 243.100086847941 243.92839272817 230.437417825063 204.423268636068 184.323191642761 186.200261116028 209.794004758199 236.456553141276 239.878356456757 246.355891227722 243.212441603343 233.017265796661 222.533663113912 216.00608030955 213.423331578573 213.595549265544 222.702145576477 230.976700782776 236.925601959229 239.888310432434 244.184911251068 250.90487798055 255.558470884959 260.065038998922 265.422304471334 270.828406016032 273.780544598897 273.903330167135 275.446732838949 284.275372823079 293.234129746755 295.735458532969 302.081962426503 306.263009707133 308.422187964122 307.368874549866 304.454902807872 299.980382124583 298.722684383392
146.01876338323 140.653391679128 137.366503477097 138.225177923838 147.145887215932 164.258350928624 189.621647198995 211.7533882459 240.621626377106 245.57101726532 234.193841616313 210.332632064819 182.162384192149 178.974747657776 202.75350411733 229.799926280975 245.445549488068 248.162845770518 243.362387021383 233.776569366455 225.006898244222 224.320689837138 223.83846839269 224.709888299306 225.24106502533 224.652409553528 228.565553824107 237.373014291128 241.010010242462 242.39856004715 247.477332750956 252.908488114675 253.962655862172 255.742212136587 258.42954715093 263.387044270833 274.462064107259 284.330805142721 286.678194999695 293.470819791158 297.632416089376 298.444310824076 297.55691687266 297.379692395528 292.758107185364 292.351146539052
132.379472255707 106.416245301565 90.2838309605916 84.6958061059316 79.4251610835393 85.1755936940511 106.437146663666 145.319143931071 188.546061515808 224.74197546641 243.49186817805 243.127226829529 223.787764708201 198.034087816874 194.176554679871 220.129390557607 237.134575843811 250.227987766266 256.863196690877 252.934515476227 241.19246006012 238.03448677063 234.703699747721 234.354436397552 234.206676483154 232.120215892792 235.058784484863 243.093053499858 242.886304855347 236.543357372284 241.87841018041 247.196714083354 248.843510945638 248.50191672643 252.237757047017 259.242792924245 265.264987945557 269.710918267568 272.991021474202 274.870077768962 279.333651065826 284.364322821299 289.075811704 293.267448743184 288.603027661641 290.669083595276
122.331420580546 88.0310336748759 63.5209530591965 53.4824629624685 51.1983732382456 58.5886389017105 69.3802535533905 96.2932010491689 125.730196634928 175.953229268392 231.288115183512 260.48481464386 264.601429303487 245.679577191671 220.134655634562 214.639782905579 220.142483711243 235.769927501678 253.211299578349 261.614720026652 259.557525316874 252.931614716848 250.402172406514 246.759315331777 243.411997954051 241.962869962056 243.884682655334 246.141970157623 241.0995165507 236.320853233337 239.682972431183 244.559089342753 244.65270837148 244.603256384532 247.817436854045 251.679281393687 253.423770268758 252.518713474274 255.884846051534 256.526827812195 262.154877185822 269.544223944346 274.203300476074 277.592877546946 277.429103851318 280.136942863464
112.550228834152 85.4128301143646 53.5889665285746 33.4195146958033 47.4691738684972 70.5470889806747 78.7353416283925 91.6599730650584 109.628091255824 140.423913796743 185.556968053182 231.51832818985 265.156328678131 273.312628269196 253.291130065918 222.673217455546 210.762699445089 213.462909062703 230.980594952901 255.88047504425 266.251564025879 261.390686035156 262.240628401438 256.069560845693 249.566276868184 250.195920467377 252.599676450094 248.809218406677 243.29153696696 245.497445265452 245.898127555847 245.278298854828 242.409904797872 240.92976252238 241.045455137889 240.395247936249 238.345086574554 234.267850716909 236.591915289561 238.738318284353 243.457754453023 249.266723791758 251.487612724304 253.205418586731 263.443072636922 268.748879432678
97.4018176396688 85.8948528766632 59.0997189283371 26.2139489253362 33.5593819618225 60.6963435808818 79.9963970979055 94.6949323018392 114.116092522939 124.923447767893 147.652407487233 187.376976013184 220.055679480235 233.990927537282 249.714334805806 253.149390220642 243.097106615702 227.667113145192 217.795213063558 228.030582269033 252.679169178009 265.023867289225 268.52152744929 264.003872871399 256.849368413289 257.780730724335 261.729101339976 257.185896237691 254.614293575287 259.439984957377 257.855693499247 246.971766153971 240.974048773448 236.990809440613 231.637458006541 230.547765890757 225.997885068258 224.660118420919 224.764327208201 228.335976600647 230.918347835541 233.209550380707 236.291686693827 239.057819048564 254.747192064921 264.074424902598
89.3831352392832 90.2331968148549 77.6043633619944 38.21895023187 33.5844481984774 63.6308242877324 84.0614636739095 107.69389073054 124.719589948654 134.495079517365 142.478227615356 163.089861472448 191.767076651255 215.282181898753 231.431126594543 242.776195208232 252.311905225118 247.833132743835 235.58900753657 220.091621081034 230.490426222483 256.637136141459 262.617647647858 263.818720976512 263.964891433716 268.076856931051 271.709760030111 270.414630572001 267.79842376709 269.298752148946 263.353188832601 252.11634238561 243.922213713328 235.817909240723 229.541023572286 226.673662662506 224.000036716461 224.011480808258 223.46423069636 225.67359606425 228.205482165019 229.167719682058 229.462107022603 233.363648255666 244.211872418722 257.254381974538
94.5623020331065 102.777769168218 103.948851426442 70.0884362061818 56.5853416919708 81.7053814729055 99.2028514544169 116.860071818034 134.805967410405 151.722590128581 163.298338651657 169.11115248998 183.63885084788 189.739942550659 204.97320095698 230.362772941589 240.042587121328 247.720777988434 246.554632981618 236.142079035441 220.323363939921 234.779636065165 247.086266676585 257.30820496877 267.641425132751 274.437805016836 277.402977148692 278.52725982666 273.133118947347 270.770390828451 262.945135434469 256.378253300985 247.445782025655 238.10487985611 233.293255170186 228.518346945445 227.322022120158 223.506033420563 222.931424776713 226.250648498535 230.394144852956 231.378297011058 230.926235516866 233.633955319723 234.52893892924 248.560468355815
101.424793402354 104.480604330699 117.257525523504 110.810329516729 96.882959206899 100.911865631739 103.369345267614 118.150701125463 131.809522708257 152.017831802368 161.937137444814 162.63273358345 165.753761927287 171.113828818003 186.811447143555 206.608653068542 217.948794364929 230.085253715515 238.796293735504 244.07430489858 241.255780061086 230.488459269206 230.294227600098 244.145333766937 258.852541446686 269.62274312973 276.384095350901 277.229090531667 270.591835180918 269.243558247884 263.409237066905 255.589326222738 247.17237552007 240.450243155162 236.304720242818 231.318930784861 227.551261583964 218.342304229736 216.302990913391 224.998315175374 231.643835703532 232.977986335754 235.747198263804 234.973549842834 231.091022491455 241.368095080058
