input/barkrak2/radiation/dir12924.grid
NCOLS 85 
NROWS 70 
XLLCORNER 665100 
YLLCORNER 4664600 
CELLSIZE 20 
NODATA_value -9999 
[rows 40 to 59 of 70, columns 0 to 45 of 85]
305.126388867696 305.824240048726 305.749952793121 307.738939921061 313.251872857412 317.34444697698 319.627324740092 323.281188805898 323.849360148112 313.319365183512 300.766428311666 297.841489315033 295.960744222005 292.180279890696 291.376749674479 290.63218832016 288.954317569733 288.872500260671 284.364978472392 282.626529534658 287.269175052643 291.414360205332 291.485786437988 287.14128335317 283.663590749105 281.337161858877 286.736210187276 287.33750184377 288.523415724436 287.245869636536 285.102566083272 283.958812554677 264.9098833402 264.734625816345 289.153198401133 289.269328117371 278.704524040222 275.583108266195 277.304768562317 271.271646022797 282.48252471288 315.043091773987 316.425005594889 258.63262017568 197.260141372681 158.798356850942
310.421506563822 308.479189872742 308.673123518626 308.420916398366 305.96790711085 303.773462772369 303.147753079732 304.459035396576 307.539463043213 300.727725028992 293.871939182281 295.358916123708 297.17880487442 297.600746154785 295.443415641785 294.11119222641 289.241313934326 294.310768445333 295.450468858083 290.427207946777 291.617174943288 291.733423868815 288.189570109049 290.623128414154 290.941774845123 284.370362758636 287.888844807943 289.349993069967 289.22579685847 289.530813694 288.163244724274 283.976038297017 271.199762821198 276.472886403402 288.568615913391 278.957486152649 263.025005658468 260.102609793345 265.377104282379 272.923509279887 294.231673081716 307.625571886698 310.913244883219 292.036692301432 240.631242593129 194.102942943573
312.908232212067 310.963749885559 313.198526700338 311.862250169118 306.785861651103 304.71662680308 303.114891052246 300.601760546366 300.968329111735 297.657748063405 296.474993228912 295.336405436198 298.736313978831 300.792256991069 300.856212774913 297.583480676015 295.584777990977 297.800103823344 300.26106039683 292.348066965739 291.312257448832 289.293507734935 283.87588262558 284.743110338847 285.969456036886 282.310485839844 278.852939605713 282.421370347341 285.008271535238 286.319096883138 286.250690619151 281.245032946269 276.585539182027 284.297088781993 286.072373390198 266.099850336711 249.963243802389 253.999392191569 266.516208648682 279.888252417247 289.37429189682 288.750648498535 280.850211779277 273.833493391673 247.008562088013 194.556951522827
301.965494950612 304.167787233988 310.449659824371 307.929396629333 308.886567751567 310.806274414062 310.784180959066 307.383636633555 299.939274787903 299.058000246684 300.877948602041 298.276702562968 297.88484176 301.367660363515 301.03079477946 298.085153102875 298.192719618479 299.062848091125 298.59866698583 293.527285257975 288.296480973562 283.77910455068 282.46666987737 279.515465100606 281.137843926748 283.445258935293 278.266648451487 279.535353183746 282.561779022217 283.143520355225 278.75429391861 274.522840976715 278.123120466868 283.43524535497 273.795326550802 251.254379749298 246.077418327332 259.058813254039 276.394724845886 280.7603875796 278.518418471018 274.447957674662 266.508559385935 255.9974193573 235.929131507874 199.67516263326
301.254272460938 305.123964945475 307.253142197927 307.501097520192 308.27009677887 309.999306996663 310.416420300802 307.844161987305 304.320375124613 301.67680978775 303.190648555756 300.658981005351 298.461000124613 296.672304471334 294.323126475016 294.906993707021 289.670725663503 296.020189921061 294.983168443044 292.087614536285 289.440472920736 285.43758392334 283.926526705424 283.439993858337 280.352850755056 285.036245981852 284.691552321116 283.490538597107 281.983117262522 279.475331306458 273.349026838938 268.587748209635 270.438313484192 269.158403078715 260.309835275014 247.370700041453 250.07704893748 266.062160332998 280.008514722188 275.608122348785 275.70374806722 267.455101013184 256.283561388652 245.76207002004 233.552734057109 213.22093407313
306.059718132019 308.709820111593 306.675473848979 308.878898620605 307.847698529561 307.42734670639 308.605134487152 307.833731174469 309.135178724925 305.526574452718 304.175853729248 303.922235965729 299.667517344157 294.018050034841 293.64013671875 295.712570349375 289.821902910868 289.751629034678 294.903377691905 291.160484155019 288.055578867594 286.780039469401 284.891347090403 282.694379488627 280.318101247152 283.552964528402 286.285817623138 284.032185872396 281.107068061829 276.758233706156 270.914077758789 269.012093544006 268.324951330821 261.362016201019 248.247901598612 237.689177195231 245.201826095581 263.640840848287 270.060578982035 260.70761680603 265.907227993011 257.707635561625 247.539321581523 248.652895291646 250.606417655945 230.557719866435
305.901090304057 307.09715684255 308.290998140971 309.548099835714 309.271375338237 309.330105781555 310.085733731588 311.394651730855 308.62017472585 307.161072889964 306.63388967514 306.274155775706 301.62254969279 298.323313395182 296.835005283356 298.684974511464 295.295774936676 289.589564005534 292.300502459208 290.647288163503 287.48341401418 285.395522912343 283.407330513 281.296253204346 284.692386786143 277.051568031311 277.534425258636 278.527994950612 277.296225229899 276.961167653402 273.11646938324 269.179344177246 264.666438102722 258.145829041799 248.370468616486 239.57629998525 246.457537015279 259.201606114705 258.426646391551 258.841296037038 263.590852419535 253.340363502502 251.473029454549 259.46185986201 263.90149195989 245.868404706319
301.522135734558 303.394993146261 307.477831840515 307.748893896739 310.032745202382 310.707668463389 309.459328651428 308.467964331309 308.663527170817 309.948643048604 307.076096534729 303.621868292491 301.551063855489 301.778256893158 297.30761051178 294.036587079366 293.732484181722 284.110347429911 289.638141791026 288.614650567373 283.16064675649 282.480180263519 283.27210744222 275.506556034088 278.012275695801 277.725577354431 273.088236649831 275.514860947927 276.584506034851 274.239699045817 274.0172346433 271.815200646718 263.753592967987 261.884748935699 261.712610721588 252.834856510162 253.180245558421 256.780803203583 259.238441785177 268.202463785807 263.422866662343 254.961729049683 259.072562058767 261.89794143041 259.552200635274 246.212323506673
296.162068843842 298.727929592133 302.240272363027 304.775496323903 308.548331260681 310.168166955312 307.999233404795 306.878248850505 309.0713818868 309.769113858541 307.612478733063 304.993212223053 300.063490867615 300.844033559163 295.934200286865 292.768537998199 289.307872454325 284.38796599706 285.010814666748 286.212126413981 284.504572550456 282.651642958323 284.917632738749 280.162870883942 275.402386983236 280.478596687317 276.633361975352 278.573294480642 282.119075457255 282.8395764033 284.204840660095 282.08315372467 274.118483066559 274.557014306386 271.95797363917 260.802288850148 260.518650213877 262.306650479635 264.335672060649 267.039517561595 256.894111633301 251.669685045878 250.071962674459 246.331254641215 244.118531545003 243.772427241007
295.328239599864 292.658388614655 296.492576599121 301.880677541097 305.971503257751 307.409505049388 308.436115582784 309.47866042455 309.308012326558 307.140409946442 306.44957224528 305.222948392232 302.727897961934 298.029859860738 297.040184338888 289.211710294088 288.19994131724 280.823906262716 284.66409444809 288.73598575592 288.965006669362 287.345786889394 283.786396185557 284.737527370453 278.694093227386 281.773467858632 281.585156917572 282.500684261322 286.613086859385 290.703137715658 295.594851175944 292.690714200338 283.499936262767 281.01787964503 274.180769920349 265.510400136312 261.675953865051 266.658425331116 267.328838507334 256.042758623759 244.874040285746 248.116036256154 246.649940808614 241.038044293722 239.209910233816 243.966142336527
295.69939772288 297.292590141296 299.614111582438 303.851981957753 303.743521372477 302.410960197449 308.039724826813 310.510198275248 309.459110101064 306.658168633779 306.545535723368 303.932070732117 301.430920759837 296.888450781504 295.438249905904 296.495238939921 289.239724477132 284.623583157857 284.591952959696 291.728456815084 291.859090328217 289.109706878662 285.484433174133 283.47126642863 279.481629530589 284.069418907166 286.158601442973 286.12095117569 289.150814215342 293.8418785731 297.555923461914 297.088781992594 288.182576497396 281.500240166982 271.052618821462 261.224627494812 260.720431804657 265.671531359355 262.169241905212 245.772461096446 240.846812725067 252.569874127706 252.406080563863 245.051085948944 241.697529951731 237.174053986867
295.563598473867 302.63497432073 302.28332678477 303.519030412038 301.755905151367 301.247477531433 305.48350016276 305.936396121979 305.880705515544 309.003412723541 305.077612400055 303.386906782786 301.825841267904 296.669920285543 293.553570906321 299.644529819489 293.694297472636 288.295686244965 283.41007232666 286.79100672404 289.30276632309 287.350237369537 284.946223100026 281.213343143463 278.590798377991 279.509663581848 282.712996006012 282.863239447276 284.064769744873 288.497189680735 294.375360012054 295.005261898041 283.613562583923 269.595364729563 237.87393172582 227.760334809621 243.506133556366 256.907105445862 259.060223897298 257.691244284312 261.745949586232 260.633766651154 243.170837561289 236.799716949463 245.719114939372 234.226663907369
294.998705387115 291.727105776469 292.166968186696 295.459687709808 299.854596455892 299.672802289327 299.765050411224 303.422252337138 301.999767621358 303.551296393077 302.992781003316 304.487069447835 302.965203921 299.329022566477 294.413765271505 295.593480269114 295.698006947835 283.79875421524 281.285007794698 281.230330467224 280.558963616689 280.710478623708 280.255675315857 277.118265628815 274.888356526693 274.429639180501 275.238235791524 275.580763816833 272.617121537526 273.593386014303 277.986963589986 281.795084476471 263.097623984019 236.289958159129 206.770221392314 192.476153373718 205.959697564443 234.469294548035 256.305495897929 257.892886797587 259.911318620046 250.703434149424 233.442902565002 234.124302864075 239.888548851013 214.072545369466
297.782778739929 288.864036401113 286.602397759755 285.761574904124 295.449793338776 302.013119061788 299.978534380595 300.293286641439 300.653874874115 300.594846407572 301.464994748433 303.581019242605 303.825259208679 300.767779350281 294.2214012146 293.970108032227 294.434348742167 287.653227647146 281.051198641459 284.352838993073 283.241013685862 279.939214388529 278.095205624898 274.0571697553 272.636453310649 273.295342922211 272.451023260752 272.346456845601 268.387993176778 264.845073223114 258.154253164927 256.179332733154 236.847400665283 213.55923016866 201.417545477549 191.127339998881 179.651816685994 189.792295296987 209.844628969828 234.920144081116 247.246384620667 236.796418825785 230.856617291768 231.20125134786 222.084720929464 201.866507530212
297.614534695943 290.486752986908 285.494446754456 287.060062090556 295.375287532806 300.794800122579 301.854828993479 300.124049186707 301.740288734436 298.963864644368 301.845192909241 301.75507068634 301.825483640035 302.919705708822 296.330451965332 294.989148775737 296.407441298167 289.014458656311 283.892671267192 285.178403059642 287.249406178792 283.276657263438 280.479788780212 278.662304083506 274.851580460866 273.796141147614 271.665851275126 271.53225739797 267.825762430827 260.667105515798 250.843346118927 246.678789456685 229.496717453003 219.158629576365 221.581339836121 220.220228036245 205.614308516184 192.754546801249 183.278679847717 195.353209972382 218.503812948863 214.585502942403 206.325213114421 197.80292113622 194.076975186666 192.030330499013
298.046966393789 294.968485832214 288.030048211416 284.608463446299 288.671175638835 299.142638842265 300.699432690938 298.54816198349 297.845641771952 300.881445407867 303.432464599609 304.743766784668 302.911082903544 301.846186319987 298.79226287206 296.96528116862 296.691060066223 293.501893679301 287.88967927297 286.043385664622 284.396688143412 284.389555454254 283.819874127706 283.890624841054 279.797454675039 277.548670768738 272.583762804667 265.485326449076 261.117418607076 257.087051868439 255.115489164988 252.343813578288 236.746589342753 235.483705997467 240.89902639389 246.600349744161 251.130342483521 240.985910097758 224.048097928365 191.771884759267 193.670690059662 202.322026093801 200.029949347178 194.110035896301 198.490798473358 209.406654040019
298.642416795095 297.744433085124 293.631354967753 287.608822186788 284.72093741099 293.66938273112 297.750850518544 298.560659090678 295.486569404602 299.999018510183 304.699957370758 304.501116275787 302.679439385732 302.460829416911 301.592290401459 296.271800994873 297.175784905752 294.370532035828 289.838353792826 288.404981295268 286.84937953949 287.321031093597 283.644576867421 279.565930366516 279.792507489522 276.192386945089 260.085701942444 237.918217976888 233.250617980957 241.048475106557 247.13671207428 242.948810259501 236.652692159017 234.683513641357 244.664549827576 257.562557856242 271.803855895996 276.433110237122 268.094857533773 227.968772252401 199.119985103607 207.985162734985 219.34833129247 228.137056032817 236.181080341339 243.596255779266
298.104723294576 294.634064038595 295.103669166565 292.855779329936 286.309838294983 289.769430955251 297.349174817403 299.105167388916 294.956147670746 297.191460927327 303.089578946431 304.123600323995 301.521559556325 300.845086574554 300.894637902578 295.451422532399 295.11966307958 291.779935359955 290.368457635244 290.444413820903 290.022730827332 288.575967152913 284.425000349681 278.937876224518 278.096040089925 277.739802996318 260.670761267344 241.682092348735 238.289793332418 243.930459022522 252.781867980957 247.705002625783 244.999368985494 247.838397820791 259.724199771881 266.95183912913 271.140197912852 246.343990166982 223.968227704366 217.000385125478 224.42634900411 236.765106519063 233.561913172404 223.287840684255 219.961444536845 233.323454856873
288.70153427124 293.268899122874 292.88653532664 291.154106458028 286.547660827637 285.846034685771 296.440720558167 299.377222855886 296.13451162974 293.157577514648 300.241470336914 303.048352400462 300.687472025553 297.862688700358 297.819296518962 296.054522196452 291.696170965831 291.186213493347 289.73001241684 292.514860630035 292.667190233866 289.276858170827 287.497997283936 282.153387864431 281.138936678569 283.152421315511 276.956935723623 271.495381991069 269.070585568746 268.778324127197 262.082715829213 255.833586057027 257.94776280721 259.301980336507 257.209261258443 240.912596384684 218.297123908997 180.610577265422 161.227971315384 197.811384995778 237.46532201767 245.21944920222 227.803568045298 219.129542509715 224.685569604238 236.80184284846
278.372665246328 289.546370506287 289.195756117503 288.820366064707 287.968277931213 285.389482975006 290.689667065938 298.370560010274 301.308314005534 296.036283175151 299.679279327393 301.143805185954 302.499870459239 298.695981502533 297.194480895996 296.697020530701 291.285514831543 288.628458976746 285.660843054454 283.910115559896 287.441154321035 283.978780110677 282.810727755229 280.832568804423 281.225899855296 286.636571089427 292.556544144948 294.385055700938 278.933107852936 273.726244767507 265.735467274984 254.33886051178 253.382722536723 235.309521357218 206.096609433492 181.841611862183 170.101126035055 157.573878765106 147.741287946701 166.390240192413 194.494187831879 219.545106093089 228.441854317983 244.080066680908 272.548953692118 279.133419195811
