input/barkrak2/radiation/dir13624.grid
NCOLS 85 
NROWS 70 
XLLCORNER 665100 
YLLCORNER 4664600 
CELLSIZE 20 
NODATA_value -9999 
[rows 20 to 39 of 70, columns 0 to 45 of 85]
178.828994433085 171.04971408844 185.767968495687 225.082914034526 220.100522041321 177.503943443298 164.68874613444 171.129286289215 184.159278869629 202.951689561208 218.736131985982 224.898060162862 228.980163733164 237.236400445302 253.787239392598 276.192625363668 293.012042840322 313.162227471669 319.748938083649 328.104436397552 331.044952074687 323.425233364105 322.123845418294 324.023465315501 324.42303498586 325.957973798116 328.466931978862 325.865526994069 321.975549062093 321.287413438161 314.763228098551 303.02482843399 292.870620886485 287.527660528819 285.477479298909 290.441155433655 290.500640869141 292.787551879883 297.485550244649 301.805396874746 301.712294419607 301.820019880931 304.228842258453 298.418561617533 303.197383880615 307.121237119039
208.711723486582 205.558896064758 219.887296358744 250.992437203725 246.915400028229 189.337929089864 175.427556037903 177.852193514506 188.4925365448 200.535317262014 211.274663607279 220.88897228241 225.406289100647 227.103690306346 240.081051985423 257.70624478658 275.026162465413 290.700813134511 310.419917106628 323.193550109863 328.132092952728 334.258715311686 336.352229118347 335.323413213094 330.954750378927 324.656546115875 321.163535118103 317.156096299489 317.965547243754 311.159133911133 293.746888637543 263.839224974314 241.869648297628 238.409320513407 245.532214641571 265.001396338145 272.870381673177 287.241399288177 297.407309214274 298.390110333761 296.549797058105 294.611612955729 288.878858089447 274.537404378255 293.904304504395 303.390721480052
250.776410102844 256.61289691925 259.486734867096 268.966297308604 268.909732500712 221.024433771769 199.973881244659 187.411685784658 184.11918481191 192.449827988942 212.795297304789 220.687508583069 230.334560076396 236.849009990692 242.014229297638 250.502069791158 266.923050085704 281.839271386464 293.499370416005 302.471856276194 311.652461687724 323.78355662028 330.50795396169 331.13698164622 328.348954518636 324.857334295909 308.281799157461 293.859541416168 289.636810620626 265.15527566274 233.02431901296 187.243978182475 162.755012512207 178.742925326029 207.060794035594 231.692691644033 250.593304634094 271.538476149241 284.378369649251 286.725838979085 290.116747220357 290.927449862162 268.305738766988 246.143897374471 275.136212507884 300.602078437805
274.132629235586 275.091330210368 269.614378611247 274.094482262929 273.579915364583 257.362047831217 222.776651382446 195.912082990011 181.132654349009 185.592293739319 207.859834035238 220.979591210683 236.091216405233 248.507936795553 249.793211619059 253.650506337484 264.902949333191 276.568353176117 285.955945650737 281.331260999044 287.9532178243 291.564246018728 300.061484177907 301.840782165527 298.09840520223 287.898441155752 277.821958065033 265.623390674591 243.880569934845 202.799081802368 170.873820781708 146.411796410879 113.684624433517 104.51877117157 117.318451404572 153.057793776194 199.376205603282 227.298696835836 244.504749774933 254.995505015055 254.479626814524 239.972670873006 225.973725318909 259.274999300639 259.23756758372 291.544179121653
266.91875855128 268.145461877187 273.016889890035 276.03409687678 266.150037447612 257.583995660146 231.299976507823 210.614462693532 192.618429660797 189.009249210358 199.432551860809 218.28422943751 229.816714922587 244.94473139445 248.971581459045 250.670452912649 259.245177110036 274.119436740875 281.554977099101 273.405492305756 273.483018080393 255.627016226451 263.014038403829 272.172331809998 277.208427588145 274.259408315023 262.620647748311 249.514758586884 223.757346471151 165.967961152395 145.924617846807 142.554998397827 121.975521246592 86.8294139703115 79.3596009413401 98.5630055268606 139.454474051793 178.625126679738 205.688238143921 220.245838165283 209.386587142944 187.300741672516 208.771665891012 279.704928398132 275.241533915202 294.321099917094
259.55339272817 263.984779516856 273.735781510671 273.960749308268 267.56493250529 257.813473542531 241.256574789683 237.571875254313 229.160447915395 214.42170937856 213.012456893921 230.092147986094 242.665410041809 254.280090332031 258.316874504089 255.555629730225 258.883774280548 269.315818945567 267.903963724772 271.238068739573 272.954146067301 264.873703320821 260.438442230225 261.672139167786 264.940877755483 264.861385027568 253.0331214269 244.775573412577 198.649446169535 174.862722555796 172.524849573771 188.240230083466 190.039197603861 153.290351231893 118.073642253876 107.992380857468 121.377438306808 147.705336411794 177.959978580475 201.277216275533 183.98384253184 174.418787161509 217.683672904968 269.712547461192 289.92360830307 303.42439810435
261.008401711782 263.834774494171 270.874222119649 273.167828718821 281.003733476003 270.559092362722 258.138140042623 252.801775932312 253.361880779266 247.18717734019 235.359231630961 248.869359493256 259.600361188253 272.082289059957 269.802153110504 262.649854024251 254.390199979146 262.075901031494 267.284909884135 280.129233996073 280.462801456451 276.264409224192 270.244340101878 263.268987337748 263.10799519221 264.24252986908 255.71604569753 244.880596796672 211.981316407522 206.105351448059 226.482172807058 250.883181889852 256.300727526347 262.481212615967 230.221788088481 148.986786603928 138.039827346802 147.165507078171 172.491669654846 192.164242267609 194.370806217194 225.75976451238 231.711268424988 248.680770397186 280.963480472565 292.27356115977
264.950672785441 261.497815450033 264.375845591227 271.101693312327 304.127216339111 284.06149148941 269.225597381592 256.007472674052 257.282078266144 263.080557187398 252.398212750753 256.139993667603 266.589045524597 273.585677146912 272.307276725769 267.262518405914 259.673635164897 265.691558519999 275.535305341085 281.093498071035 280.382792154948 270.301977793376 270.467539628347 269.569039344788 269.512871901194 267.15882619222 262.970268726349 256.503939628601 237.819989522298 237.14021841685 259.590665499369 274.121006329854 274.427930514018 288.161873817444 302.537500858307 228.308339913686 166.644175847371 152.646750211716 163.860907157262 188.272674878438 231.494863828023 282.840669155121 244.601349035899 238.745391368866 262.531479199727 271.240671475728
263.140320777893 253.90362739563 257.548928260803 277.469992637634 318.832496802012 285.65788269043 261.623362700144 250.071108341217 253.764967123667 259.010076522827 255.14421860377 252.809882164001 265.147964159648 267.658829689026 272.885203361511 274.413863817851 269.134203592936 263.231952985128 274.708469708761 274.871389071147 272.229154904683 268.761694431305 268.211424350739 272.237459818522 275.305112202962 270.356396834056 269.2897717158 263.938426971436 249.121050039927 246.491213639577 268.446862697601 285.775442918142 285.823067029317 284.790674845378 302.440285682678 292.087296644847 198.34566116333 141.483674446742 131.124546130498 169.296443462372 240.337431430817 267.052074273427 234.71200466156 210.815946261088 232.885599136353 244.684139887492
256.80144627889 245.965699354808 253.623843193054 287.820756435394 316.365996996562 283.729016780853 252.586086591085 234.452426433563 229.860583941142 234.295586744944 233.285268147786 239.327927430471 255.78119357427 267.887393633525 273.071090380351 277.095854282379 278.09085448583 264.145116011302 265.370309352875 267.534255981445 268.145660559336 270.046611626943 268.271803855896 274.10751581192 275.206724802653 273.746967315674 275.456209977468 267.608165740967 254.393378893534 255.031247933706 274.727086226145 292.193353176117 287.934203942617 285.190999507904 294.847548007965 309.194624423981 281.897981961568 203.070878982544 157.66970316569 167.839209238688 204.969108104706 220.85436185201 221.140642960866 189.704537391663 200.42876402537 221.996665000916
246.112585067749 255.263189474742 285.142262776693 331.143279870351 330.082774162292 289.317031701406 251.655379931132 221.52171532313 214.529951413473 225.041051705678 218.116243680318 217.361172040304 248.529096444448 265.966614087423 273.919582366943 279.92461125056 281.622767448425 271.0253794988 269.660592079163 271.989444891612 269.350310166677 274.8943567276 276.807904243469 277.333458264669 279.30748462677 281.497279802958 282.747546831767 278.486887613932 265.961905320485 267.020662625631 281.438926855723 293.743073940277 290.590604146322 291.740477085114 296.896974245707 300.089100996653 315.835575262706 315.529664357503 245.817303657532 198.612292607625 184.608479340871 179.007887840271 196.77338997523 191.182196140289 194.059530893962 223.250945409139
264.879723389943 293.096482753754 316.972613334656 325.271089871724 348.250031471252 324.599862098694 284.526546796163 246.354381243388 231.430172920227 244.302411874135 239.246487617493 221.30165497462 236.657838026683 263.932188351949 278.589884440104 284.908413887024 281.952381134033 279.665688673655 273.507912953695 273.648420969645 275.863488515218 279.668013254801 281.71310822169 280.307094256083 282.367646694183 288.093149662018 291.560053825378 291.546940803528 283.130546410878 281.417469183604 287.615100542704 292.540510495504 294.422686100006 299.816250801086 302.896976470947 291.88871383667 298.871556917826 330.047329266866 315.619846185048 250.46318769455 199.94068145752 179.232140382131 180.552363395691 196.360091368357 215.886076291402 245.804031689962
301.645000775655 314.957578976949 309.858163197835 303.220709164937 320.556918780009 336.558898289998 325.374563535055 296.073853969574 270.485500494639 272.284865379333 272.796253363291 249.718228975932 238.298575083415 261.382877826691 282.012820243835 282.21607208252 282.900333404541 286.68600320816 276.614884535472 275.131702423096 279.983719189962 281.501074632009 281.805773576101 279.0647149086 281.042734781901 289.522270361582 294.473389784495 297.480364640554 291.568239529928 287.422140439351 295.453449090322 300.105194250743 297.074198722839 298.516710599263 302.522440751394 291.780114173889 291.649281978607 307.076732317607 302.207410335541 270.508766174316 238.894204298655 203.817268212636 186.360239982605 189.933657646179 211.097121238708 245.218396186829
301.13422870636 297.571341196696 291.612843672435 281.165540218353 282.327592372894 301.377415657043 317.606250445048 310.38099527359 294.884463151296 291.942159334819 293.335239092509 278.197169303894 261.74251238505 268.30667257309 282.228370507558 284.384250640869 281.706710656484 285.115202267965 277.058223883311 278.3176501592 278.529326121012 278.277436892192 275.316119194031 274.404724438985 279.424568017324 287.987967332204 295.449634393056 296.58830165863 291.856865088145 293.238540490468 300.29284954071 298.852761586507 287.956436475118 285.122295220693 288.396934668223 272.711873054504 270.527362823486 268.264770507812 255.457540353139 253.647804260254 264.612356821696 234.832306702932 208.345870176951 195.327798525492 196.372469266256 220.392723878225
297.418971856435 289.323488871257 295.184254646301 282.228032747904 274.955213069916 285.734454790751 309.120217959086 326.41065120697 316.542506217957 300.998369852702 293.21559270223 289.407988389333 291.017274061839 288.291613260905 287.33613093694 289.362867673238 283.732414245605 279.911080996195 278.457045555115 281.453967094421 278.373877207438 277.769843737284 275.200565656026 275.850812594096 279.590646425883 284.379919370015 290.872613588969 288.191040356954 287.38663593928 296.183327833811 299.699187278748 290.375550587972 275.448759396871 278.824051221212 276.538650194804 259.358048439026 260.85486014684 260.396440823873 262.513081232707 275.752345720927 277.724802494049 268.425842126211 244.700233141581 226.694941520691 207.913895448049 203.555782636007
314.979334672292 310.88133653005 319.3133076032 314.56317504247 305.284380912781 308.574477831523 323.275367418925 341.471274693807 330.726146697998 307.149032751719 293.445865313212 297.607223192851 306.857109069824 299.822906653086 294.600109259288 293.245196342468 291.293998559316 283.642888069153 282.555421193441 284.96523698171 283.684194087982 279.375195503235 280.093451340993 282.077193260193 280.70996205012 282.733798027039 284.589389959971 282.180269559224 285.69225470225 295.976797739665 297.278761863708 288.261989752452 277.258992195129 278.039813041687 268.341581026713 263.203044732412 268.515169620514 270.311613877614 279.800355434418 299.034714698792 266.234258810679 254.962265491486 244.348108768463 234.155416488647 218.726535638173 196.739196777344
333.877642949422 331.950565179189 334.583679835002 335.934042930603 327.534933884939 321.673115094503 326.854427655538 340.431412061055 333.872596422831 304.495612780253 294.674595197042 302.174766858419 310.776134332021 301.379044850667 293.389578660329 295.853654543559 299.597521622976 290.149966875712 290.458957354228 291.808386643728 290.521721045176 286.618908246358 283.760229746501 285.180409749349 283.319095770518 281.214813391368 283.325354258219 287.532806396484 289.695203304291 297.250330448151 297.510047753652 290.984312693278 279.767413934072 275.293509165446 264.797270298004 269.34019724528 275.100767612457 275.834659735362 278.513212998708 290.897409121195 251.208424568176 210.776269435883 197.088917096456 192.805469036102 192.609866460164 187.463521957397
341.429273287455 340.795238812764 339.038968086243 339.263598124186 333.243529001872 326.915164788564 325.692395369212 331.714153289795 335.568388303121 313.495437304179 308.908263842265 310.23899714152 308.059096336365 297.717312971751 292.021910349528 296.171128749847 302.490969498952 299.155493577321 294.291436672211 295.849323272705 296.017527580261 288.954257965088 286.366184552511 286.712646484375 286.491016546885 285.600284735362 284.447312355042 289.842923482259 291.754126548767 296.771109104156 297.881821791331 292.766412099202 282.53169854482 267.666498819987 257.874310016632 274.064640204112 283.260981241862 282.229065895081 273.152768611908 282.101313273112 250.344773133596 182.730297247569 152.485986550649 140.342791875203 144.202838341395 154.451847076416
337.895194689433 341.45184357961 342.538237571716 341.670393943787 338.969866434733 336.615006128947 332.920908927917 330.404162406921 332.145114739736 325.457453727722 324.036717414856 319.856524467468 303.991218407949 305.558482805888 299.056967099508 293.916602929433 301.871140797933 304.02934551239 296.064058939616 296.187976996104 295.284271240234 291.801353295644 288.069446881612 285.539209842682 289.878368377686 291.820267836253 290.374477704366 292.329907417297 293.618718783061 294.28501923879 297.603189945221 295.034825801849 278.432051340739 255.573908487956 263.567904631297 286.916136741638 290.371576944987 284.773667653402 268.811007340749 273.485561211904 282.434682051341 226.09422604243 167.580326398214 140.819281339645 135.734587907791 134.024242560069
323.328296343486 327.501078446706 326.899945735931 331.785480181376 338.347554206848 343.886812527974 346.484780311584 346.012671788534 344.637354214986 340.379039446513 331.092099348704 314.23016389211 307.883381843567 306.304077307383 301.509439945221 298.705697059631 300.787011782328 299.74361260732 293.688197930654 292.397379875183 294.691046079 297.828574975332 295.890331268311 291.790207227071 287.883977095286 291.353483994802 294.105490048726 294.810076554616 296.357790629069 294.611970583598 295.30010620753 294.53710714976 272.525052229563 256.766478220622 280.807455380758 296.0178454717 291.671554247538 286.791761716207 274.200956026713 272.724211215973 303.264458974202 314.904630184174 254.015644391378 199.050068855286 161.042958498001 136.817157268524
