input/barkrak2/radiation/dir12624.grid
NCOLS 85 
NROWS 70 
XLLCORNER 665100 
YLLCORNER 4664600 
CELLSIZE 20 
NODATA_value -9999 
[rows 0 to 19 of 70, columns 0 to 45 of 85]
319.992959499359017 325.86262623469 330.710212389628 331.34384950002 329.9667040507 328.120330969493 321.490883827209 315.451463063558 319.094181060791 319.158514340719 316.632529099782 322.0507701238 325.5814909935 325.055023034414 327.09413766861 327.519198258718 322.5323955218 316.430151462555 314.283688863118 300.994515419006 284.508268038432 285.662869612376 305.693984031677 313.15157810847 311.116695404053 312.092403570811 311.503052711487 301.741401354472 281.848788261414 276.776532332102 274.341682593028 284.484664599101 304.051299889882 305.39592107137 310.268183549245 302.056352297465 301.803906758626 311.107198397319 301.09844605128 309.311906496684 298.465927441915 286.489228407542 296.017646789551 313.099126021067 315.977255503337 310.932536919912
300.155162811279 307.52032995224 316.425641377767 324.119408925374 329.043924808502 328.313926855723 320.887764294942 313.941160837809 318.606495857239 319.885094960531 314.853509267171 319.042146205902 325.056989987691 325.801332791646 325.590292612712 327.286283175151 325.663725535075 321.227113405863 316.983222961426 308.247566223145 298.474371433258 298.300623893738 308.196504910787 313.114901383718 313.457389672597 312.775711218516 309.838970502218 302.338381608327 285.533905029297 276.900887489319 278.579592704773 293.860952059428 300.690809885661 300.587375958761 310.003002484639 301.671226819356 298.925936222076 301.342864831289 297.61924346288 309.458692868551 306.511044502258 296.794633070628 301.618059476217 315.954943497976 320.309698581696 314.298371473948
268.352409203847 279.18016910553 289.128243923187 297.031124432882 306.243737538656 313.334246476491 317.240556081136 319.630940755208 320.470233758291 317.866384983063 311.896105607351 313.541988531748 322.310984134674 325.370371341705 322.067221005758 325.912197430929 329.236189524333 330.252448717753 326.004246870677 319.368243217468 318.657775719961 315.078298250834 311.564485232035 311.759034792582 314.693093299866 314.750552177429 308.612505594889 300.370117028554 288.519223531087 278.69313955307 280.06637096405 297.441860040029 291.460156440735 296.444773674011 307.839830716451 302.25948492686 291.540424029032 286.587556203206 296.811620394389 309.531370798747 307.962675889333 305.732409159342 304.313282171885 314.994215965271 325.688083966573 320.681095123291
254.110137621562 255.803922812144 261.456350485484 267.959952354431 275.315642356873 280.102729797363 284.651219844818 295.418779055278 308.121462663015 315.837760766347 317.58705774943 320.715387662252 324.94334379832 326.161444187164 324.081639448802 321.769197781881 322.960118452708 323.87367884318 323.811968167623 322.962562243144 320.697208245595 318.235397338867 320.711334546407 317.841529846191 316.167136033376 317.850152651469 312.97242641449 304.852426052094 297.465225060781 290.77943166097 284.053762753805 298.313240210215 291.147907574971 296.453515688578 301.136076450348 302.428682645162 297.701636950175 295.904695987701 307.993471622467 314.914266268412 310.506502787272 302.416602770487 297.85563548406 307.945569356283 320.154309272766 319.885790348053
272.30034271876 258.974671363831 248.307108879089 241.488218307495 244.558036327362 259.239554405212 276.529431343079 284.853716691335 292.655527591705 297.228376070658 310.254534085592 321.674446264903 327.591458956401 329.63224252065 328.920622666677 328.028877576192 324.988106886546 318.471491336823 318.576554457347 321.479280789693 319.59068775177 318.394223848979 323.858360449473 322.090268135071 319.028417269389 320.0776775678 315.726558367411 308.811565240224 301.481445630391 296.95850610733 298.123518625895 305.311421553294 299.791812896729 302.313367525737 299.533267815908 301.962534586589 309.958358605703 313.876211643219 317.975680033366 319.125751654307 317.058285077413 310.077667236328 305.634538332621 305.179595947266 310.120383898417 320.242245992025
308.033347129822 288.297812143962 266.124963760376 244.617740313212 236.805895964305 247.086664040883 268.397708733877 282.376646995544 285.43351093928 285.563309987386 293.684959411621 303.64994208018 310.294528802236 313.751260439555 318.440278371175 321.469366550446 318.8370068868 314.473628997803 315.73619445165 319.97819741567 319.9675877889 323.281168937683 328.093111515045 324.973305066427 323.002934455872 322.800099849701 318.747719128927 311.949372291565 304.160495599111 299.409806728363 303.675969441732 305.889169375102 309.294005235036 313.315649827321 308.175841967265 305.322527885437 311.403314272563 316.14484389623 316.079517205556 316.421786944071 317.106445630391 313.23766708374 311.363895734151 311.631679534912 307.662487030029 304.112911224365
321.82244459788 306.993424892426 292.388180891673 275.827248891195 258.049766222636 245.337903499603 252.430458863576 277.58248647054 288.078884283702 294.379035631816 291.443228721619 287.388424078623 284.071028232574 281.13184372584 283.044060071309 294.733305772146 302.072525024414 312.220195929209 319.988052050273 324.291030565898 323.060890038808 320.846398671468 326.034804185232 326.569815476735 325.840691725413 327.306151390076 325.124363104502 319.640576839447 312.039434909821 308.821618556976 309.351285298665 312.835176785787 321.753442287445 325.377841790517 322.769443194071 316.338439782461 314.691265424093 316.19934240977 317.315896352132 320.43997446696 318.851947784424 315.152585506439 313.302139441172 309.529582659404 294.84627644221 288.553555806478
323.321183522542 319.357335567474 313.826362291972 303.997874259949 287.279963493347 262.261192003886 243.204633394877 242.684264977773 272.564947605133 292.704959710439 298.23229710261 295.008619626363 288.306017716726 280.272682507833 270.09125550588 273.029287656148 283.167719841003 295.460065205892 311.163306236267 321.249385674794 324.401179949443 322.493612766266 324.760536352793 326.265394687653 325.848698616028 327.462295691172 327.153623104095 324.190258979797 319.348812103271 319.256464640299 320.571144421895 322.622994581858 328.68617773056 329.206824302673 327.062129974365 323.091228802999 319.780309995015 315.379738807678 309.361497561137 309.730807940165 315.386871496836 320.724864800771 324.433843294779 319.94632879893 306.292176246643 295.025984446208
318.756937980652 319.375296433767 317.949891090393 313.814202944438 305.521845817566 290.382067362467 266.213675340017 240.865031878153 250.986099243164 271.851321061452 288.224697113037 294.568101565043 295.368949572245 293.547749519348 285.683433214823 279.294808705648 277.143637339274 280.888398488363 292.299687862396 305.124640464783 314.406394958496 320.416827996572 322.288393974304 319.658180077871 320.642113685608 323.044836521149 324.069817860921 322.997947533925 321.758111317952 325.431724389394 327.88876692454 327.192366123199 327.925364176432 328.797062238057 326.372265815735 324.955344200134 321.432868639628 315.353492895762 303.104996681213 304.659843444824 319.649895032247 326.887170473735 326.737244923909 322.913587093353 313.807924588521 305.71037530899
301.148513952891 307.687481244405 310.913940270742 311.00070476532 309.184114138285 307.623386383057 297.21329609553 283.023158709208 256.556630134583 247.365653514862 259.958287080129 281.065662701925 297.103683153788 303.891440232595 305.551846822103 300.239721934001 288.150469462077 284.176508585612 283.61584742864 286.344746748606 293.201327323914 297.760744889577 303.326328595479 307.223737239838 311.94543838501 314.465880393982 316.087186336517 315.60605764389 315.941373507182 320.091366767883 321.197628974915 321.495532989502 325.010716915131 327.738185723623 327.475825945536 324.37938451767 322.076896826426 319.212754567464 305.13075987498 305.418610572815 320.786416530609 324.579974015554 323.105613390605 319.777607917786 310.880819956462 303.01574865977
261.700471242269 272.81645933787 282.816032568614 290.674904982249 297.653138637543 303.356806437174 305.440843105316 302.682121594747 281.93457921346 260.225156943003 247.61974811554 253.691713015238 277.360379695892 296.862483024597 307.01086918513 300.263444582621 294.911483923594 290.160139401754 282.980004946391 278.594434261322 278.892954190572 278.879443804423 281.500120957692 290.83643356959 299.583276112874 305.012444655101 306.734124819438 306.545992692312 310.045520464579 313.603182633718 315.451463063558 317.967057228088 323.305706183116 325.611591339111 324.609160423279 322.618047396342 323.49560658137 324.99897480011 317.168712615967 313.31072251002 319.845636685689 323.025663693746 324.051698048909 323.089599609375 315.901855627696 309.904098510742
224.105377991994 229.080637296041 237.014730771383 248.334447542826 261.962095896403 276.03155374527 290.953059991201 295.805076758067 296.668787797292 286.334713300069 264.791945616404 246.969620386759 249.255339304606 268.918772538503 290.480812390645 292.353908220927 297.811150550842 295.876145362854 288.647393385569 279.351433118184 273.892343044281 271.459539731344 271.580954392751 279.198229312897 285.871187845866 289.432466030121 291.566908359528 294.899741808573 300.002853075663 303.481956322988 306.778152783712 311.133921146393 315.122803052266 317.006150881449 316.391468048096 316.663066546122 321.822106838226 326.089481512706 325.926740964254 323.643247286479 324.291288852692 326.951225598653 327.385743459066 326.200127601624 321.194171905518 319.083432356517
212.719758351644 208.576122919718 206.366956233978 206.369400024414 213.859538237254 229.604105154673 252.657552560171 270.917892456055 294.373412926992 297.886252403259 289.147734642029 269.852379957835 245.064040025075 242.962181568146 263.003706932068 285.339891910553 297.521233558655 299.436569213867 295.959909756978 289.220293362935 282.145281632741 280.538817246755 280.152996381124 280.917545159658 280.949632326762 280.051708221436 283.06112686793 290.150741736094 292.911728223165 294.02885834376 297.968029975891 302.371859550476 303.264498710632 304.588377475739 306.084990501404 309.620261192322 316.751579443614 323.184907436371 323.902487754822 326.415280501048 327.172974745433 327.231526374817 325.965404510498 325.806498527527 320.76629002889 318.716724713643
207.95206228892 179.978569348653 163.483381271362 157.32142329216 155.700951814651 161.867509285609 181.906680266062 215.871771176656 251.887718836466 281.5154393514 295.505940914154 295.625646909078 281.115015347799 258.733828862508 256.286919116974 277.643839518229 291.476051012675 301.143109798431 305.832982063293 303.231616814931 294.925491015116 291.566431522369 288.950502872467 288.761456807454 288.208862145742 286.211927731832 288.968364397685 294.989009698232 294.362227121989 289.537529150645 294.012029965719 298.259158929189 299.791177113851 299.258013566335 301.859577496846 307.143270969391 311.791261037191 314.361770947774 316.121677557627 317.006786664327 319.41678126653 322.260896364848 324.310262997945 325.251678625743 320.423026879628 318.955739339193
190.080861250559 151.955952246984 129.710415999095 125.51486492157 126.607596874237 131.623178720474 140.898962815603 166.746556758881 194.480617841085 241.784671942393 288.609226544698 309.02365843455 311.895310878754 298.608998457591 277.693529923757 273.910939693451 277.649879455566 290.480017662048 303.600251674652 308.984478314718 307.76035785675 303.360939025879 301.013032595317 298.484285672506 295.376499493917 293.914834658305 296.158572038015 297.848264376322 292.947391668956 289.160251617432 292.579213778178 296.420574188232 296.608567237854 296.68923219045 299.670537312826 301.795204480489 303.259015083313 302.534997463226 304.314394791921 304.577072461446 308.666169643402 313.889980316162 317.564904689789 317.800641059875 315.621852874756 315.7879114151
163.677980502447 136.148850123088 109.706064065297 106.75377647082 123.437692721685 146.322826544444 147.097845872243 156.449337800344 178.065915902456 207.049071788788 254.369298617045 304.779311021169 319.570283095042 317.9638783137 304.404358069102 280.185222625732 270.883361498515 272.048433621724 286.636789639791 305.790742238363 312.798718611399 309.101263682048 310.022930304209 305.155237515767 299.924631913503 300.257205963135 302.725434303284 299.664775530497 294.392426808675 296.79673910141 298.286656538645 297.047972679138 294.836739699046 293.890098730723 294.507066408793 293.996910254161 292.566895484924 288.333634535472 290.522853533427 292.051533857981 295.065184434255 299.543579419454 301.732222239176 301.609555880229 307.666500409444 311.091621716817
144.913464784622 133.719921112061 109.972496827443 98.109225432078 101.22017065684 126.858711242676 148.238072792689 157.426913579305 173.792501290639 188.361823558807 212.177157402039 264.572322368622 310.129960378011 318.151513735453 315.10454416275 306.414226690928 297.261615594228 284.841577212016 275.190711021423 284.909347693125 303.661982218424 311.643560727437 314.099907875061 310.811320940654 305.553336938222 306.514302889506 309.352993965149 306.034247080485 302.935123443604 307.204922040304 307.016889254252 298.783898353577 294.238527615865 291.505773862203 286.936700344086 286.014755566915 282.478928565979 280.518750349681 281.038443247477 283.855656782786 286.160945892334 287.719567616781 290.069162845612 292.218685150146 303.20813258489 309.040864308675
136.293987433116 138.280789057414 128.96591424942 109.637985626856 93.9563910166423 112.122605244319 141.627530256907 161.771029233932 181.846578915914 192.529797554016 200.150688489278 227.740089098612 267.826676368713 299.207369486491 317.437012990316 319.556136926015 317.173858483632 307.856460412343 292.139331499736 278.551479180654 286.868453025818 306.998511155446 310.1926445961 310.004810492198 310.365676879883 314.353108406067 317.331194877625 315.643350283305 312.571624914805 314.085423946381 309.910078843435 301.480015118917 296.005725860596 290.649771690369 285.034020741781 282.704770565033 280.737400054932 280.93429406484 280.949274698893 281.835814317067 284.055451552073 285.540262858073 284.6999168396 288.085242112478 297.149082024892 306.451519330343
143.493761618932 153.132388989131 156.660974025726 139.374434947968 118.503332138062 128.938982884089 147.797187169393 169.99222834905 188.998738924662 209.727009137472 219.883461793264 225.782175858816 247.643987337748 264.519313971202 281.805098056793 314.045866330465 317.519823710124 316.242476304372 312.469760576884 298.979163169861 283.393025398254 293.434143066406 300.089200337728 306.784093379974 313.898205757141 319.052577018738 321.276346842448 320.264140764872 315.570155779521 314.247667789459 308.846195538839 303.443849086761 297.544578711192 291.7267481486 288.409650325775 284.772038459778 283.478418986003 281.14902973175 280.527333418528 283.270299434662 286.873459815979 287.318448225657 286.921143531799 289.56800699234 289.966543515523 300.809323787689
153.092920780182 157.289206981659 170.36251227061 176.136295000712 162.654062112172 147.066692511241 150.491187969844 163.037906090418 178.752223650614 204.841117064158 218.623876571655 218.783537546794 225.013415018717 237.132747968038 257.605175177256 275.500992933909 292.433798313141 309.23589070638 312.030951182048 311.030964056651 304.400245348612 293.788691361745 293.767352898916 301.192402839661 309.746940930684 316.432277361552 320.964177449544 319.740891456604 313.472867012024 312.616546948751 307.969828446706 301.599661509196 296.042641003927 292.704045772552 290.35214583079 286.740660667419 284.187376499176 277.459422747294 275.128106276194 282.552778720856 288.078725337982 288.723945617676 290.910621484121 290.652175744375 287.320137023926 295.463661352793
