input/barkrak2/radiation/dir15924.grid
NCOLS 85 
NROWS 70 
XLLCORNER 665100 
YLLCORNER 4664600 
CELLSIZE 20 
NODATA_value -9999 
[rows 0 to 19 of 70, columns 0 to 45 of 85]
354.682604471842012 357.008934020996 356.048663457235 351.138075192769 345.253586769104 340.417861938477 332.310577233632 326.103727022807 331.212679545085 329.849362373352 326.611876487732 334.798415501912 341.505448023478 341.330130894979 344.363451004028 354.830384254456 358.916163444519 354.903221130371 338.296095530192 328.21649312973 305.022656917572 298.939903577169 314.956386884054 321.224788824717 318.360050519307 315.631230672201 315.650900204976 307.207067807515 288.467407226562 281.051476796468 280.131757259369 284.293552239736 292.324344317118 297.922611236572 306.212643782298 298.656582832336 295.048455397288 303.000549475352 300.774614016215 303.174912929535 293.295641740163 273.708502451579 284.220218658447 310.309628645579 315.48668940862 306.283791859945
348.560333251953 353.99063428243 355.074644088745 351.826508839925 350.25950272878 345.552523930867 334.433873494466 323.471705118815 326.269904772441 328.137179215749 322.827935218811 329.584658145905 338.58048915863 340.116500854492 338.484525680542 344.451308250427 342.942674954732 342.369635899862 340.749859809875 333.760221799215 317.845722039541 307.918806870778 312.289138635 317.721883455912 316.151181856791 311.915775140127 311.210831006368 305.772264798482 291.6286389033 281.553069750468 282.526393731435 291.363775730133 288.495600223541 292.057573795319 304.717163244883 296.928505102793 289.656639099121 291.353762149811 287.103533744812 301.321069399516 299.742956956228 287.000974019368 294.390777746836 314.615031083425 320.60585419337 308.853030204773
330.201367537181 330.625534057617 334.346175193787 336.96440855662 344.258626302083 345.293482144674 344.755967458089 339.399735132853 334.43554242452 330.665588378906 322.588801383972 322.804391384125 330.943703651428 333.18030834198 328.790247440338 332.114020983378 335.611263910929 339.715242385864 342.759172121684 339.843233426412 334.624250729879 324.599385261536 315.699636936188 314.095437526703 315.941870212555 315.841575463613 310.411294301351 304.175655047099 293.004870414734 280.664920806885 278.111974398295 289.889395236969 277.075171470642 283.536632855733 299.287597338359 293.637971083323 277.835329373678 270.696103572845 282.549381256104 301.932275295258 304.304440816243 304.301699002584 306.783298651377 321.693261464437 332.003970940908 317.659219106038
314.144492149353 311.212738355001 314.466377099355 318.35130850474 318.327486515045 318.947573502858 322.210272153219 329.691191514333 337.613741556803 340.058565139771 336.150248845418 333.099683125814 333.040138085683 332.368691762288 328.415115674337 322.498857975006 325.351516405741 330.934782822927 337.23775545756 339.949051539103 337.87194887797 334.866285324097 333.167135715485 326.082865397135 323.605338732402 325.364112854004 319.227536519368 310.482124487559 301.699697971344 291.754404703776 281.868199507395 288.456161816915 276.634315649668 283.206423123678 290.519038836161 291.412194569906 284.628013769786 281.342883904775 300.55026213328 314.553956190745 311.87762816747 304.977456728617 300.545950730642 308.662513891856 320.75027624766 322.492976983388
327.531814575195 315.046370029449 306.322475274404 291.385809580485 290.471076965332 303.485552469889 316.43807888031 321.821749210358 328.763445218404 332.442919413249 339.128414789836 343.539158503215 343.525012334188 342.315912246704 339.396397272746 337.132573127747 334.674914677938 330.640316009521 333.408951759338 338.497559229533 337.54551410675 337.432463963826 339.765191078186 334.951996803284 330.127974351247 329.160590966543 323.654055595398 314.999540646871 305.868526299794 300.433735052745 298.601528008779 295.561889807383 288.613855838776 291.255533695221 288.566013177236 292.224407196045 302.593012650808 308.358609676361 318.273425102234 323.851068814596 321.911076704661 313.712060451508 305.463473002116 301.086266835531 306.865533192952 328.117410341899
350.243409474691 334.51517422994 312.262793382009 290.684700012207 283.73775879542 291.09392563502 310.834050178528 322.164595127106 324.349761009216 323.536932468414 329.576969146729 336.581786473592 340.844432512919 342.277447382609 344.513058662415 344.876885414124 341.152469317118 333.432873090108 331.825196743011 334.988911946615 334.774057070414 337.722857793172 342.811266581217 340.051730473836 335.568865140279 334.821224212646 328.113436698914 318.782905737559 308.268010616302 301.332116127014 300.556242465973 296.301146348317 300.857802232107 307.529131571452 301.511963208516 298.77895116806 306.977430979411 314.719259738922 319.200038909912 319.516658782959 320.572217305501 316.803395748138 313.875635464986 312.704205513 311.69182062149 318.055510520935
350.698630015055 342.311342557271 331.770300865173 317.783236503601 302.766482035319 292.591094970703 298.842151959737 317.535877227783 325.944324334462 330.623348553975 329.084455966949 324.953397115072 322.443048159281 320.185244083405 321.651180585225 330.426255861918 334.662199020386 339.936256408691 341.155012448629 340.760151545207 336.014588673909 331.924021244049 339.330673217773 341.226498285929 339.232126871745 340.521295865377 336.749315261841 328.766862551371 318.345904350281 310.922722021739 305.681804815928 306.239724159241 320.878505706787 327.478130658468 324.428975582123 317.257662614187 315.784414609273 319.727162520091 323.242028554281 328.948279221853 329.168637593587 324.971874554952 320.866306622823 314.644873142242 300.22786060969 293.464779853821
346.252997716268 346.501747767131 345.18043200175 340.527216593424 328.010280927022 307.678063710531 287.378529707591 289.400319258372 314.930180708567 329.410453637441 333.35554599762 330.958048502604 326.055328051249 320.611476898193 312.590916951497 314.95193640391 321.807424227397 330.913066864014 340.960264205933 345.728119214376 343.909621238708 337.052981058757 336.634596188863 340.232133865356 340.473453203837 342.83439318339 341.973702112834 337.598999341329 330.826540788015 326.357305049896 323.079903920492 323.47971200943 333.881100018819 337.028543154399 336.841146151225 332.678993542989 327.086567878723 323.694705963135 317.924122015635 325.020889441172 333.167811234792 336.374163627625 334.922671318054 325.13682047526 308.452030022939 292.239189147949
344.169139862061 344.920635223389 345.119635264079 343.871196111043 339.019894599915 329.217533270518 310.10510524114 287.794470787048 295.138776302338 313.713133335114 327.20559835434 331.223646799723 331.289649009705 330.141445000966 325.185199578603 319.91175810496 318.230410416921 321.199834346771 329.847276210785 337.690273920695 343.841791152954 345.089634259542 342.486381530762 340.024749437968 340.499560038249 343.297402064006 344.827175140381 342.233379681905 339.704314867655 339.895725250244 339.436491330465 338.522593180339 341.728806495667 343.189636866252 340.703129768372 338.325063387553 335.24493376414 327.075223128001 313.138961791992 316.52303536733 331.47668838501 334.662357966105 330.945293108622 326.937238375346 317.989349365234 308.724919954936
335.451165835063 339.270313580831 341.457406679789 341.327309608459 340.417941411336 340.188026428223 334.181269009908 323.299288749695 300.884306430817 294.668714205424 304.406523704529 321.746627489726 333.339333534241 337.302128473918 338.99195988973 335.961898167928 327.871759732564 323.757708072662 324.524462223053 325.304289658864 330.576618512471 334.071199099223 336.617906888326 337.231794993083 339.175899823507 341.235637664795 342.896858851115 341.716448465983 341.381430625916 343.666116396586 344.049056371053 344.00749206543 345.634977022807 347.10951646169 345.055421193441 341.072122255961 339.370965957642 334.540963172913 316.524883111318 312.171995639801 325.154046217601 326.147337754567 324.164191881816 322.651962439219 314.613123734792 305.338859558105
306.665778160095 315.962155659993 323.32718372345 328.672349452972 333.314220110575 337.157090504964 339.511394500732 338.837862014771 322.830478350321 304.742713769277 293.826937675476 300.400733947754 320.013741652171 333.279192447662 340.384403864543 336.134791374207 332.7610095342 329.835375150045 324.066996574402 320.613483587901 320.906380812327 319.658915201823 321.373403072357 328.322132428487 333.693226178487 337.008078893026 338.574330012004 338.04190158844 339.753031730652 342.028061548869 342.995087305705 344.659725824992 348.154028256734 349.337100982666 347.058216730754 343.910932540894 343.13960870107 342.365781466166 330.468595027924 317.713856697083 321.32476568222 324.981252352397 326.701839764913 326.550523440043 318.942646185557 309.923708438873
275.519013404846 279.895842075348 286.785085995992 296.45178715388 308.206657568614 318.734586238861 330.150504906972 333.640734354655 333.693901697795 326.286276181539 310.299197832743 293.536285559336 295.186161994934 313.187817732493 329.631586869558 330.0994237264 334.478775660197 333.659132321676 328.706860542297 322.442094484965 318.041443824768 314.733286698659 314.808050791423 320.873995621999 325.568576653798 327.952802181244 329.24477259318 331.612686316172 335.113207499186 337.43937810262 339.555501937866 342.974146207174 345.757842063904 346.604307492574 345.208485921224 343.660434087117 345.404664675395 346.556822458903 343.288540840149 333.174606164296 330.307682355245 333.351850509644 336.395661036174 336.473782857259 330.222348372142 327.827195326487
266.328235467275 262.600739796956 259.694814682007 259.728848934174 265.511949857076 279.531478881836 299.468616644541 315.194249153137 333.16167195638 335.311611493429 329.165975252787 314.459045728048 293.375849723816 291.503230730693 309.639195601145 326.854030291239 335.507949193319 336.604038874308 334.466298421224 329.120477040609 323.768516381582 322.837511698405 322.548826535543 322.283705075582 321.888546148936 320.755859216054 323.611617088318 328.956027825673 330.827196439107 331.671992937724 333.768129348755 337.120413780212 338.779330253601 339.652140935262 339.103698730469 341.269731521606 346.351623535156 348.738431930542 347.854733467102 345.732649167379 343.449711799622 342.64858563741 342.271248499552 341.61114692688 335.707743962606 332.553009192149
261.248866717021 236.823201179504 221.321920553843 215.274532636007 212.687194347382 218.418916066488 237.125058968862 268.016695976257 299.777090549469 324.18950398763 333.288451035817 333.906014760335 324.508289496104 304.676254590352 302.727381388346 321.492572625478 331.849793593089 337.970534960429 340.055902798971 338.701486587524 333.186944325765 331.114709377289 329.222778479258 329.211393992106 328.180313110352 325.568775335948 328.070422013601 332.941015561422 331.850091616313 328.555683294932 332.186281681061 334.546248118083 335.921049118042 336.231112480164 337.656895319621 341.268340746562 343.603571256002 345.500946044922 345.694740613302 345.586220423381 345.292210578918 346.107761065165 346.442302068075 344.331582387288 338.932077089945 334.382136662801
244.880278905233 211.682518323263 189.613382021586 185.510615507762 185.15682220459 189.771056175232 197.941362857819 220.595320065816 248.427470525106 290.763596693675 329.568823178609 343.445142110189 345.101197560628 337.530930836995 321.678956349691 317.268252372742 321.509718894958 331.301907698313 339.937965075175 342.291712760925 341.249227523804 338.548103968302 337.620178858439 336.235443751017 333.29031864802 331.789910793304 333.585818608602 334.723909695943 329.890469710032 328.00817489624 331.555406252543 334.361831347148 333.728869756063 333.91805489858 335.98256111145 338.161150614421 339.436809221904 337.729732195536 339.039484659831 338.889280954997 340.572237968445 343.708912531535 345.644434293111 344.571510950724 339.94205792745 337.85621325175
209.872583548228 185.729583104452 170.649250348409 166.72138373057 182.472348213196 203.800618648529 201.590398947398 207.148631413778 227.49133904775 257.259726524353 301.342209180196 341.103911399841 349.545915921529 348.646601041158 341.514428456624 323.883692423503 315.263052781423 317.064980665843 328.500429789225 341.699679692586 344.867984453837 341.760039329529 342.666347821554 340.2472337087 336.229562759399 336.256702740987 338.845451672872 335.738301277161 330.660939216614 333.061337471008 335.237344106038 334.908604621887 333.352963129679 332.993606726329 332.397182782491 332.034150759379 331.132213274638 328.689157962799 328.965822855632 329.948782920837 332.968771457672 335.064808527629 336.462656656901 336.328268051147 337.586045265198 339.23617998759
185.194989045461 176.205853621165 167.804896831512 158.82208943367 161.857893069585 186.533451080322 204.832434654236 207.905828952789 220.071713129679 234.078347682953 258.726338545481 307.484149932861 345.546801884969 347.446362177531 345.207611719767 341.987212498983 336.685299873352 326.044301191966 319.223403930664 327.167709668477 340.017795562744 343.251585960388 344.697117805481 342.640519142151 339.26781018575 340.183933575948 343.018730481466 340.389450391134 336.9167248408 339.974800745646 340.869426727295 335.289756457011 332.168320814768 330.533186594645 327.725529670715 326.021631558736 323.448916276296 322.701672712962 322.903255621592 323.95342985789 325.868189334869 327.774206797282 328.313767910004 329.860846201579 336.38060092926 339.564243952433
176.65700117747 180.258055528005 181.294202804565 170.477648576101 152.315507332484 162.675122419993 192.444324493408 207.915385564168 226.025899251302 236.77388827006 245.421687761943 273.945271968842 319.921274979909 344.829837481181 347.487449645996 348.478714625041 348.408182462056 343.499859174093 331.899801890055 321.050365765889 328.613181908925 342.687527338664 342.662811279297 341.400225957235 341.617027918498 345.074812571208 347.211599349976 345.470984776815 343.043605486552 344.521760940552 342.078447341919 336.451331774394 332.936823368073 329.593698183695 326.060652732849 324.292818705241 323.02580277125 322.323520978292 322.263598442078 323.574860890706 324.339747428894 325.495918591817 324.38462972641 327.086329460144 333.550850550334 338.401556015015
186.784585316976 197.436650594076 205.502231915792 199.36724503835 175.953527291616 171.639402707418 193.804303805033 211.074074109395 229.322095712026 251.984278361003 260.670701662699 267.449339230855 297.26246992747 327.663799126943 343.369841575623 347.502152125041 348.00910949707 347.548882166545 345.523277918498 336.840470631917 324.929078420003 333.61808458964 337.639848391215 340.605179468791 344.653606414795 347.984711329142 349.366823832194 347.747445106506 343.838890393575 343.498388926188 340.147137641907 336.281061172485 333.306749661763 329.803586006165 327.778855959574 325.210352738698 325.154721736908 322.505255540212 321.95371389389 324.0873614947 325.828492641449 326.841990152995 326.534549395243 327.373544375102 328.538358211517 336.273431777954
200.791974862417 205.430547396342 217.865129311879 232.357621192932 218.347628911336 189.009924729665 188.968777656555 203.014592329661 219.930092493693 243.155439694723 259.011785189311 261.90839211146 276.53710047404 294.668157895406 324.68318939209 340.733726819356 343.626777331034 344.357252120972 344.33658917745 345.032652219137 340.575536092122 333.000600337982 333.715081214905 338.706413904826 344.052235285441 347.213904062907 349.569002787272 347.411513328552 341.912150382996 341.534495353699 338.19588025411 333.442529042562 330.623845259349 330.282886823018 328.852911790212 326.48112376531 324.919601281484 319.904605547587 317.7809715271 323.695540428162 327.961981296539 327.960113684336 329.578677813212 329.517642656962 327.926278114319 333.887259165446
