input/barkrak2/radiation/dir12624.grid
NCOLS 85 
NROWS 70 
XLLCORNER 665100 
YLLCORNER 4664600 
CELLSIZE 20 
NODATA_value -9999 
[rows 40 to 59 of 70, columns 0 to 45 of 85]
299.387554327647 300.151725610097 300.071974595388 302.08832025528 307.850579420726 312.138597170512 314.487874507904 318.317989508311 318.841397762299 306.594908237457 295.881311098735 291.758437951406 290.98896185557 287.333905696869 285.174111525218 285.84216038386 284.381071726481 282.767454783122 279.356360435486 277.90621916453 281.047821044922 285.130302111308 285.516858100891 281.075437863668 277.502954006195 275.166233380636 282.48522679011 283.574640750885 284.063875675201 282.347579797109 281.209627787272 279.243727525075 261.855781078339 261.836449305216 286.87572479248 286.521911621094 276.079535484314 272.467494010925 274.322728315989 269.719223181407 280.770262082418 312.313834826152 311.223347981771 252.456247806549 189.61501121521 153.656373421351
305.421570936839 302.901148796082 303.101281325022 303.418318430583 300.224264462789 298.656185468038 298.026283582052 297.759175300598 301.776925722758 294.719000657399 288.730243841807 289.190451304118 293.325324853261 291.503528753916 290.601094563802 287.877917289734 284.266730149587 289.493143558502 289.343138535817 284.115751584371 285.407265027364 285.658419132233 283.673127492269 282.98298517863 283.212542533875 278.218527634939 281.925141811371 283.630649248759 283.692955970764 284.086108207703 284.295996030172 280.258218447367 267.123103141785 273.504455884298 286.102712154388 275.794386863708 260.036766529083 256.641070048014 261.603554089864 269.472122192383 291.856388250987 305.371860663096 307.260612646739 286.166230837504 233.130097389221 188.43678633372
307.531615098317 305.52073319753 307.815273602804 306.409319241842 301.186780134837 298.406958580017 297.266582647959 295.514682928721 294.959604740143 292.529066403707 290.350536505381 290.301422278086 292.65155394872 295.99392414093 294.850925604502 291.483998298645 289.421200752258 293.186028798421 294.280111789703 287.863214810689 283.303300539653 281.40910466512 279.223601023356 278.444409370422 281.576057275136 277.923802534739 272.548456986745 276.457985242208 280.785302321116 282.435615857442 282.245993614197 277.311265468597 272.872487703959 281.503637631734 282.848238945007 262.4458471934 246.760725975037 250.490546226501 262.640456358592 276.142537593842 285.604198773702 285.223126411438 276.926676432292 268.344759941101 239.673912525177 187.842845916748
296.163241068522 298.421581586202 304.339150587718 302.335699399312 303.939561049143 305.336733659108 305.244167645772 302.493413289388 293.921748797099 293.018857638041 295.866549015045 292.164007822673 292.96863079071 295.364340146383 295.03333568573 291.998744010925 292.116324106852 294.507026672363 292.583425839742 287.357131640116 281.99694554011 277.444362640381 276.121874650319 274.904092152913 274.812757968903 277.255336443583 271.988928318024 273.370007673899 276.633679866791 277.304927508036 273.023923238118 269.040167331696 273.248473803202 280.088742574056 270.882705847422 248.201608657837 242.88014570872 255.704959233602 272.582590579987 276.895304520925 274.720410505931 270.27173837026 262.493252754211 250.877618789673 228.928724924723 192.396521568298
295.360207557678 300.008575121562 301.551282405853 301.869769891103 303.30636103948 305.097579956055 304.886718591054 302.218695481618 299.299081166585 295.708556969961 297.271092732747 294.627825419108 292.338411013285 289.23495610555 289.404431978862 287.341237068176 284.874498844147 288.309415181478 290.429174900055 285.90182463328 281.505485375722 279.159029324849 275.887429714203 277.11820602417 273.988465468089 278.88282140096 280.572613080343 275.535225868225 274.25092458725 271.953523159027 267.562607924143 262.92097568512 265.138586362203 265.111804008484 256.12219174703 244.097371896108 246.897796789805 262.864768505096 276.220440864563 271.693865458171 272.020240624746 263.230363527934 252.069056034088 241.198082764943 227.417528629303 205.620805422465
300.277908643087 303.724447886149 301.598429679871 303.288261095683 302.23023891449 302.428523699443 303.647617499034 302.197098731995 303.506215413411 299.714207649231 298.293968041738 298.011183738708 293.604254722595 289.097785949707 287.413120269775 288.116574287415 283.491233984629 283.478001753489 287.134448687236 284.971435864766 281.812608242035 278.806090354919 278.618852297465 276.4017979304 276.184240976969 272.998869419098 278.193215529124 276.156544685364 273.406942685445 272.560556729635 266.619642575582 260.637919108073 261.789441108704 256.256659825643 243.68421236674 234.024882316589 241.608500480652 260.149419307709 266.482174396515 256.687839825948 261.979420979818 253.467897574107 243.209918340047 244.57182486852 245.450675487518 223.917841911316
300.087571144104 301.349540551503 303.27586332957 304.565787315369 303.712427616119 303.749442100525 304.533759752909 305.902262528737 302.984933058421 301.419317722321 300.840497016907 299.36291774114 295.64638932546 293.524622917175 289.199411869049 292.638977368673 287.420074144999 281.429509321849 286.138474941254 282.644629478455 279.399712880452 279.172043005625 277.13680267334 270.523905754089 276.230235894521 272.939006487529 273.41361840566 272.468467553457 273.157795270284 271.186550458272 267.511586348216 263.548731803894 259.275515874227 253.197391827901 243.955731391907 235.621750354767 242.522776126862 255.127708117167 254.675348599752 254.904468854268 259.62241490682 249.206364154816 247.634291648865 255.730211734772 259.577711423238 240.336239337921
296.235879262288 297.490179538727 301.747699578603 302.091499169668 304.502904415131 305.16787370046 303.085803985596 302.865505218506 302.255312601725 304.313977559408 300.1722296079 297.729591528575 296.829263369242 293.025612831116 291.208306948344 287.874738375346 287.559727827708 277.703503767649 279.620210329692 280.538976192474 276.8581310908 276.193996270498 277.021765708923 269.073049227397 271.678249041239 271.448711554209 268.815100193024 269.378940264384 272.415856520335 270.04744609197 268.469969431559 267.653584480286 259.507457415263 257.79269138972 257.552802562714 249.271670977275 249.576608339945 252.131978670756 255.467295646667 264.166355133057 259.238123893738 250.579476356506 254.868149757385 258.261640866597 255.678554375966 240.721821784973
289.985557397207 292.631526788076 296.289285024007 298.220574855804 302.896618843079 304.61577574412 302.385290463765 300.407449404399 302.458385626475 303.036908308665 301.904141902924 296.706875165304 294.070879618327 294.874707857768 289.832651615143 283.091187477112 283.048987388611 273.978173732758 276.62980556488 279.984951019287 280.238310496012 278.476436932882 278.709371884664 273.848652839661 271.36226495107 274.290442466736 270.410339037577 272.474447886149 278.136193752289 278.935273488363 278.896868228912 276.929954687754 267.904023329417 269.605755805969 267.749587694804 257.630070050557 257.334431012471 258.778591950734 259.959240754445 262.930810451508 252.294460932414 247.771839300791 245.682060718536 241.735855738322 239.886244138082 239.469806353251
289.115647474925 286.356667677561 289.414723714193 295.920809110006 299.329062302907 300.902783870697 301.989237467448 302.910844484965 303.665121396383 300.229648749034 299.418965975444 299.443920453389 292.088985443115 290.327111879985 287.532071272532 282.977004845937 281.932473182678 276.561538378398 278.358300526937 282.574931780497 284.879783789317 283.338665962219 277.575075626373 278.554062048594 274.725278218587 277.818898359935 277.694821357727 278.716623783112 282.975951830546 287.278652191162 290.624340375264 288.11115026474 280.134578545888 277.582108974457 270.788192749023 262.183785438538 258.7890625 262.910346190135 263.196090857188 251.855254173279 241.041898727417 243.897100289663 242.807785669963 237.090945243835 234.909971555074 239.159007867177
288.751979668935 291.132708390554 292.512476444244 295.82420984904 295.790672302246 295.466959476471 301.360189914703 304.939786593119 301.407376925151 300.938228766123 299.383759498596 298.141439755758 293.926556905111 290.850420792898 289.372603098551 290.492216746012 284.95975335439 280.537128448486 280.590097109477 285.658578077952 285.829385121663 283.026317755381 279.321988423665 279.639462629954 273.219684759776 280.249953269958 282.493849595388 282.552301883698 285.717765490214 290.666619936625 294.656495253245 294.351955254873 285.244305928548 278.187970320384 266.440729300181 257.887661457062 257.482647895813 263.013382752736 258.022944132487 241.853853066762 236.877242724101 248.27899535497 248.745262622833 240.472038586934 237.870236237844 232.709884643555
288.384338219961 294.453501701355 295.07048924764 296.431581179301 295.813282330831 294.173757235209 295.797407627106 300.196588039398 300.136148929596 301.946957906087 299.336592356364 297.607362270355 295.979241530101 290.648400783539 289.375464121501 293.752829233805 287.624518076579 279.824733734131 279.443144798279 280.599435170492 283.193469047546 281.215767065684 278.766830762227 274.961113929749 272.301991780599 273.283759752909 276.627024014791 276.828825473785 278.12397480011 285.179078578949 291.324416796366 290.532151858012 279.674470424652 264.167904853821 233.105878035227 223.47350915273 239.393572012583 253.741165002187 256.336649258931 254.885176817576 258.519013722738 256.217062473297 239.36927318573 233.009696006775 241.37024084727 230.592946211497
287.514944871267 284.008622169495 284.537374973297 286.864757537842 290.305515130361 293.661057949066 292.290846506755 296.149889628092 296.113928159078 297.734141349792 298.741976420085 298.748691876729 297.193308671315 293.40273141861 288.336952527364 287.671188513438 289.696176846822 279.796004295349 274.920523166656 274.879197279612 274.229526519775 274.413208166758 276.236116886139 270.757397015889 270.934164524078 268.0690685908 268.940448760986 269.335150718689 268.827398618062 269.913574059804 274.405221144358 274.972180525462 258.725782235463 232.603053251902 202.100475629171 187.520384788513 200.982213020325 228.513598442078 252.857387065887 255.176603794098 256.148278713226 246.948560078939 229.683796564738 230.183959007263 235.479791959127 210.785567760468
289.257049560547 281.179209550222 275.968194007874 280.801991621653 289.275427659353 294.62210337321 293.973803520203 294.334471225739 296.272218227386 294.658561547597 295.59713602066 296.149412790934 298.094153404236 294.926484425863 288.166205088298 287.907501061757 288.418551286062 279.220362504323 276.946504910787 278.087357680003 276.977698008219 273.615618546804 273.984213670095 269.945998986562 268.616159756978 266.907731691996 266.080876191457 266.017496585846 264.459391434987 260.853171348572 253.927965958913 250.538686911265 233.193814754486 209.785799185435 197.23379611969 186.361213525136 174.037158489227 184.58632628123 204.376737276713 230.987866719564 242.758572101593 233.090996742249 226.795653502146 226.715405782064 217.481116453807 198.423027992249
289.156496524811 284.13454691569 279.002626736959 280.62512477239 289.194464683533 294.812639554342 295.935372511546 294.154862562815 295.848647753398 292.992790540059 295.981685320536 295.917550722758 297.734538714091 297.164062658946 290.346145629883 290.983160336812 290.461897850037 282.857457796733 277.622977892558 281.197925408681 281.10408782959 279.197812080383 274.210492769877 274.703284104665 270.90460062027 269.865989685059 267.736236254374 265.186528364817 261.468966801961 256.395181020101 246.333440144857 242.242356141408 225.631992022196 215.592622756958 217.83447265625 215.859274069468 200.424194335938 186.734577020009 178.057114283244 190.377990404765 214.4535779953 206.611394882202 198.585629463196 193.43231121699 187.489827473958 188.424944877625
291.957378387451 288.765331109365 283.221364021301 278.113881746928 282.339195410411 291.410664717356 294.738332430522 292.543212572734 293.507615725199 294.973115126292 297.652363777161 299.019912878672 297.153830528259 297.869563102722 292.896211147308 291.037499904633 292.79363155365 287.490646044413 281.737327575684 282.063047091166 280.361235141754 278.192778428396 277.638753255208 277.751286824544 275.994082291921 273.725668589274 268.614709377289 261.287490526835 254.716376463572 247.016072273254 244.981070359548 243.132869402568 232.921520868937 232.194721698761 237.787048021952 243.254284063975 246.769805749257 236.510713895162 218.744079271952 185.595194498698 188.958406448364 198.289255301158 196.047643820445 189.647018909454 193.873445192973 205.382068951925
293.818255265554 291.63271188736 287.385185559591 279.416024684906 278.314054012299 287.529210249583 293.332358201345 292.554636796315 289.387265841166 294.065793355306 298.975825309753 300.576011339823 296.919127305349 298.507153987885 295.804917812347 290.318051973979 293.298979600271 288.385808467865 283.738195896149 284.439027309418 282.888770103455 281.208952267965 277.459561824799 275.780618190765 273.570319016774 269.927243391673 253.60361735026 233.067750930786 226.732671260834 232.805033524831 239.20993010203 238.745868206024 231.309831142426 230.883320172628 241.468151410421 254.692673683167 268.381873766581 273.250579833984 264.945606390635 223.662296930949 194.43017244339 203.730384508769 215.630332628886 224.156618118286 231.79570833842 239.834745724996
292.029062906901 288.435180981954 288.902084032695 284.822523593903 279.954751332601 283.418496449788 291.288276513418 293.116251627604 288.839280605316 291.186292966207 297.30345805486 300.125698248545 295.716981093089 295.028944810232 297.086775302887 289.468804995219 291.16694132487 287.87358601888 284.283320109049 284.396330515544 283.999065558116 282.545685768127 278.299868106842 275.06822347641 271.869659423828 271.686613559723 254.625121752421 235.263605912526 233.569224675496 237.302899360657 246.475120385488 242.13320016861 240.621527036031 244.710008303324 256.286203861237 263.440112272898 266.525248686473 241.822044054667 212.916294733683 213.193078835805 220.192988713582 232.950091362 230.102638403575 219.333132108053 215.412418047587 228.419065475464
283.62242380778 287.022213141123 286.61717971166 284.869074821472 280.204554398855 279.399812221527 290.345092614492 295.078853766123 290.064613024394 289.246181646983 294.362346331279 297.309180100759 296.638111273448 293.825844923655 293.844262758891 290.09876648585 285.619954268138 285.126050313314 285.958647727966 286.540349324544 286.73795859019 283.268451690674 281.471570332845 275.999267896016 275.002419948578 277.342478434245 271.425366401672 267.334083716075 267.690241336823 262.544671694438 258.37771097819 250.298619270325 254.633903503418 256.553173065186 248.09984366099 238.052407900492 215.242465337118 174.801011880239 156.445900599162 192.942539850871 232.482473055522 241.101702054342 224.638422330221 215.462148189545 220.087329546611 231.867134571075
273.207565148671 283.173183600108 284.547368685404 282.470325628916 281.673232714335 278.972943623861 284.392734368642 294.082224369049 295.442779858907 290.11736313502 293.777207533518 295.327603816986 296.741704146067 292.797446250916 291.274905204773 290.770252545675 285.193880399068 284.731268882751 279.473880926768 280.00815709432 281.33229414622 280.143360296885 278.992454210917 277.062217394511 277.534703413645 282.922784487406 287.495891253154 291.18674993515 272.895872592926 267.737706502279 259.907881418864 248.749077320099 248.322427272797 232.031484444936 202.50807205836 177.967349688212 166.277746359507 153.475970029831 142.803768316905 160.351832707723 187.974651654561 214.893639087677 225.069622198741 241.128524144491 269.315600395203 274.64081843694
