input/barkrak2/radiation/dir19824.grid
NCOLS 85 
NROWS 70 
XLLCORNER 665100 
YLLCORNER 4664600 
CELLSIZE 20 
NODATA_value -9999 
[rows 40 to 59 of 70, columns 0 to 45 of 85]
329.021334648132 329.832514127096 329.784830411275 331.551353136698 336.167414983114 339.206496874491 341.557025909424 344.252228736877 344.491124153137 336.823463439941 326.744337876638 324.268122514089 321.411967277527 319.370150566101 317.561308542887 315.875689188639 314.827919006348 311.943431695302 308.910528818766 305.144309997559 307.92103211085 311.029593149821 312.432328859965 308.686633904775 304.900805155436 302.562912305196 307.415425777435 308.187385400136 307.970484097799 306.114236513774 305.241783459981 301.817417144775 278.672913710276 275.333205858866 297.296206156413 297.390520572662 288.102626800537 287.32176621755 288.047949473063 278.106808662415 287.169396877289 324.495355288188 338.353594144185 290.480772654216 228.725075721741 187.112847963969
334.141373634338 331.971526145935 332.567731539408 332.716902097066 330.718557039897 329.331437746684 329.1002313296 329.679846763611 333.004891872406 326.758583386739 320.972124735514 322.258313496908 323.687195777893 322.960376739502 320.975144704183 317.067980766296 312.73231903712 318.204402923584 317.66277551651 312.664230664571 313.368320465088 313.237607479095 311.717867851257 313.455700874329 313.750485579173 308.746139208476 309.54106648763 310.019274552663 309.683859348297 309.48140223821 307.634830474854 302.313804626465 285.655776659648 286.796410878499 297.86209265391 289.042254288991 274.267713228862 273.70939652125 280.503173669179 286.027014255524 302.091240882874 314.834793408712 325.022161006927 318.381249904633 272.039691607157 223.808268706004
335.752606391907 334.179162979126 336.068073908488 335.487604141235 331.215103467305 329.721570014954 328.987181186676 326.662540435791 327.030142148336 324.096322059631 322.273631890615 322.350343068441 324.071983496348 325.588444868724 323.137223720551 321.515301863352 318.492194016774 321.179866790771 321.630219618479 317.611972490946 315.073907375336 313.228964805603 309.773405392965 310.272216796875 312.520384788513 309.298098087311 303.992847601573 306.332270304362 307.337661584218 307.166377703349 306.416153907776 299.098491668701 291.8994029363 295.296669006348 295.614083607992 277.723411719004 262.498259544373 267.808278401693 282.112797101339 294.740239779154 303.253690401713 301.645557085673 296.625733375549 297.848343849182 279.081702232361 229.470213254293
327.133238315582 329.013446966807 334.065318107605 332.333127657572 332.894444465637 334.081570307414 334.396918614705 331.94770415624 325.256725152334 324.514965216319 325.915495554606 323.854804039001 322.175145149231 323.838750521342 324.5929479599 321.93124294281 321.713089942932 322.19409942627 323.070168495178 318.678120772044 314.123729864756 311.41471862793 308.682024478912 309.139470259349 308.613181114197 310.022155443827 303.664108117421 304.340799649556 306.304395198822 304.684480031331 301.507910092672 295.298218727112 295.605778694153 297.736128171285 285.595456759135 263.297001520793 258.364081382751 272.054314613342 290.880084037781 295.518040657043 295.09570201238 291.037340958913 282.838066418966 278.2315214475 267.860313256582 235.834896564484
326.880514621735 330.740412076314 331.770042578379 331.67686065038 332.810362180074 333.59424273173 333.424091339111 331.379294395447 328.664660453796 326.706409454346 326.056520144145 324.750582377116 321.636319160461 321.203927199046 321.323970953623 319.313406944275 317.305405934652 321.14843527476 321.373780568441 318.865299224854 315.10188182195 314.233362674713 311.365385850271 309.179723262787 306.321680545807 311.566134293874 312.536875406901 309.483329455058 305.801769097646 302.971581617991 296.707948048909 291.557272275289 291.788260142008 287.027517954508 275.642772515615 260.483702023824 262.232442696889 278.21139494578 293.062726656596 290.341754754384 291.184544563293 284.072081247966 271.820187568665 265.108068784078 261.55698299408 247.905294100444
331.022302309672 333.594441413879 331.289728482564 332.823952039083 331.447958946228 331.634740034739 331.972718238831 331.412891546885 331.899265448252 328.916748364766 328.618466854095 327.429572741191 324.865142504374 321.094552675883 319.564819335938 322.389602661133 317.449669043223 318.673670291901 321.328103542328 319.471935431163 316.69549147288 315.302630265554 313.770194848378 311.81659301122 311.537742614746 308.557132879893 312.128126621246 309.591829776764 306.418697039286 303.067843119303 296.671112378438 290.861070156097 290.114720662435 280.53214152654 267.28888352712 253.690103689829 259.559512138367 277.352750301361 284.552772839864 277.284244696299 282.364805539449 274.565915266673 263.362069924672 265.484591325124 273.098826408386 260.977268218994
331.016004085541 331.304868062337 332.629720369975 333.407481511434 332.563777764638 332.701881726583 332.556823889414 333.572149276733 332.036972045898 330.93140522639 330.594579378764 329.338113466899 327.394843101501 325.741569201152 324.612776438395 326.031943162282 323.307891686757 318.564375241597 321.973065535227 318.914890289307 317.646344502767 315.608779589335 314.12410736084 310.795247554779 315.234303474426 308.394432067871 308.224618434906 306.307752927144 304.466684659322 301.580588022868 296.933650970459 293.174147605896 287.508428096771 278.277178605398 265.398522218068 255.239903926849 262.567639350891 275.429765383403 273.951172828674 275.25254090627 281.267364819845 270.481487115224 267.037034034729 274.364829063416 281.845092773438 270.411233107249
327.499171098073 328.402360280355 331.60267273585 331.505099932353 332.612454891205 333.736817042033 332.819739977519 331.780215104421 331.990440686544 333.954334259033 331.753631432851 329.917232195536 328.267633914948 328.529516855876 326.269030570984 324.882447719574 323.338667551676 315.490206082662 318.320155143738 318.638285001119 313.944975535075 314.8486216863 314.01930252711 307.727297147115 307.566364606221 304.907699426015 300.569891929626 301.928679148356 303.769548734029 299.003958702087 296.282569567362 293.853223323822 284.33221578598 282.772580782572 277.1115899086 266.05087518692 267.890512943268 273.923675219218 276.257356007894 283.329745133718 280.145764350891 272.534410158793 275.068561236064 276.507536570231 275.405565897624 265.407681465149
323.247690995534 324.682076772054 327.385743459066 329.28345600764 332.130233446757 333.821932474772 332.008043924967 330.565015474955 333.185156186422 334.603428840637 333.634614944458 330.915649731954 329.330921173096 330.014765262604 326.394359270732 322.444538275401 321.053882439931 315.708259741465 316.060741742452 319.75797812144 316.678941249847 313.561181227366 313.606480757395 309.59951877594 303.061862786611 307.161529858907 303.553958733877 302.893757820129 305.17170826594 304.763277371724 303.306420644124 303.287943204244 292.065521081289 291.860739390055 286.659995714823 272.031784057617 272.209068139394 278.149326642354 281.904915968577 282.735447088877 272.991279760997 269.791980584462 269.004384676615 263.901233673096 261.284371217092 260.791718959808
322.603821754456 320.387621720632 322.744369506836 327.732046445211 330.919047196706 331.741114457448 332.939664522807 334.640463193258 334.959705670675 333.386341730754 333.698034286499 333.901643753052 331.387956937154 327.896495660146 327.132284641266 322.322964668274 320.170919100444 316.235899925232 315.831621487935 318.809549013774 318.839927514394 315.640449523926 314.505736033122 311.315894126892 305.84990978241 306.015531222026 305.566191673279 306.011875470479 308.865745862325 311.331530412038 312.374313672384 308.125217755636 299.849549929301 299.461901187897 291.284680366516 276.979327201843 271.690467993418 278.405030568441 281.949102878571 272.965530554454 261.857708295186 264.739274978638 264.389157295227 259.202321370443 258.384426434835 261.34200890859
322.129189968109 324.234366416931 325.362086296082 329.521755377452 329.980432987213 330.06497224172 333.682457605998 336.370269457499 335.720618565877 335.758805274963 334.989468256633 334.154049555461 330.356438954671 328.155398368835 325.897653897603 328.130880991618 321.087737878164 319.509287675222 317.665537198385 319.578528404236 317.609588305155 313.1502866745 311.955869197845 307.807127634684 304.318229357402 307.914694150289 309.317052364349 308.958431084951 308.791319529216 311.909099419912 313.620527585347 309.307456016541 302.080512046814 297.620236873627 286.992609500885 275.871793429057 272.206028302511 276.793380578359 275.217970212301 261.703153451284 258.283714453379 269.17298634847 268.651485443115 260.430554548899 259.937067826589 254.776895046234
322.134077548981 328.67552836736 330.064038435618 330.838898817698 329.772591590881 329.42799727122 333.013534545898 335.803349812826 335.0723584493 336.82644367218 333.981911341349 333.735267321269 331.65842294693 328.080654144287 326.209485530853 327.819248040517 323.026061058044 317.057887713114 312.737683455149 313.446799914042 311.614394187927 311.737656593323 307.228088378906 306.016802787781 301.253358523051 301.715016365051 304.166853427887 303.977171579997 304.645657539368 305.440684159597 309.540271759033 307.544747988383 296.711186567942 285.096903642019 260.514378547668 248.205820719401 259.65146223704 270.006497701009 269.664645195007 269.106348355611 275.9823401769 276.915748914083 261.416832605998 253.983855247498 261.199911435445 249.22106663386
324.22262430191 322.635074456533 322.845935821533 325.110634167989 328.287859757741 331.269065539042 330.878853797913 332.555611928304 331.620057423909 334.12504196167 333.533763885498 332.503577073415 332.508285840352 327.511668205261 323.883016904195 321.459174156189 323.016961415609 313.098649183909 306.809385617574 306.806623935699 306.046446164449 305.906454722087 305.236438910166 300.376613934835 300.125400225321 297.468761603038 297.925631205241 297.9416847229 297.183891137441 297.711431980133 298.676272233327 301.031470298767 279.850920041402 253.397246201833 226.319889227549 215.675373872121 229.186157385508 254.648824532827 271.931687990824 269.823491573334 269.979596138 264.583885669708 250.266353289286 252.340853214264 258.158564567566 234.750628471375
327.085912227631 320.820013682048 318.25198729833 321.115394433339 327.706178029378 331.763068834941 330.447832743327 331.453442573547 331.945697466532 329.897284507751 331.521292527517 330.747008323669 330.712576707204 329.880138238271 321.926156679789 318.188230196635 320.141692956289 312.511165936788 308.625439802806 309.462348620097 308.29111735026 305.220127105713 303.44029267629 299.725949764252 298.214077949524 296.534498532613 295.538425445557 295.199493567149 293.589850266774 290.254791577657 281.758666038513 275.896648565928 254.1583776474 229.217092196147 219.426651795705 213.578720887502 206.014891465505 215.939442316691 232.710778713226 254.468500614166 261.305590470632 251.429359118144 246.434311072032 247.794349988302 240.267932415009 221.01887067159
327.437341213226 323.942383130391 320.913910865784 321.732421716054 328.20188999176 332.28063583374 333.107054233551 329.373995463053 330.720543861389 329.873045285543 328.230897585551 329.420288403829 327.8582294782 327.242414156596 321.867048740387 320.585608482361 319.932421048482 313.43400478363 310.977339744568 311.921318372091 311.647613843282 308.091799418132 305.482010046641 303.622921307882 300.095876057943 298.972566922506 294.499675432841 292.155226071676 291.128317515055 284.246603647868 274.940053621928 267.36189921697 246.553043524424 233.607093493144 236.936430136363 238.821804523468 229.495008786519 218.870997428894 209.876557191213 219.995975494385 236.893475055695 231.022159258525 224.008798599243 216.609676678975 213.113824526469 210.711896419525
329.290330410004 327.73228486379 323.445836702983 319.969455401103 323.396583398183 329.09764846166 331.145981947581 329.337974389394 326.510230700175 328.988134860992 327.878574530284 328.893919785817 327.239195505778 326.200127601624 322.039723396301 322.161515553792 321.733037630717 317.131241162618 312.163631121318 310.561935106913 309.022068977356 306.886633237203 308.215975761414 305.589457352956 301.886936028798 299.761394659678 295.394162336985 289.098461469014 283.181389172872 279.357969760895 277.119477589925 272.688488165538 254.019061724345 248.492240905762 252.875427405039 259.742538134257 268.512407938639 262.790103753408 246.494591236115 216.14807844162 214.995741844177 219.244956970215 216.805815696716 213.518897692362 218.718389670054 226.326982180277
330.211361249288 329.815804958344 327.663203080495 321.239948272705 319.112082322439 326.342105865479 326.512396335602 325.720945994059 323.293050130208 325.294534365336 328.818539778392 328.492283821106 327.036261558533 326.680978139242 324.232319990794 321.614265441895 322.119971116384 315.839807192485 313.895543416341 312.58233388265 311.061422030131 309.188961982727 305.659830570221 304.041067759196 302.018284797668 298.835376898448 284.651597340902 265.896677970886 261.376281579336 266.54589176178 274.984200795492 270.900050799052 255.170186360677 249.294221401215 257.079641024272 268.093466758728 283.478637536367 291.102349758148 281.29239877065 248.662829399109 221.25498453776 225.657105445862 234.526455402374 244.678378105164 254.194895426432 258.797287940979
328.917543093363 327.682773272196 326.957186063131 325.51113764445 319.049934546153 318.739155928294 326.264441013336 324.796577294668 321.29043340683 321.005781491597 327.537437280019 328.17002137502 324.573715527852 323.732952276866 325.260599454244 319.156110286713 318.61690680186 315.569241841634 312.229673067729 312.090277671814 313.590625921885 312.073429425557 308.420340220133 303.597887357076 302.669485410055 301.838139692942 285.577575365702 268.834849198659 268.238166968028 273.372610410055 278.10259660085 271.377205848694 262.421568234762 263.138810793559 276.766935984294 281.105399131775 285.76918443044 268.646836280823 239.5032842954 232.678552468618 242.63608455658 253.043591976166 247.943520545959 240.735411643982 241.445740063985 252.918759981791
322.07069794337 325.88001092275 324.158767859141 321.550806363424 317.690849304199 313.737511634827 322.676599025726 324.877421061198 322.190324465434 319.133758544922 323.504984378815 325.769305229187 323.654075463613 321.347812811534 321.072359879812 317.847053209941 313.891470432281 315.064946810404 313.459714253743 313.652356465658 313.472171624502 310.434858004252 310.992141564687 306.315739949544 305.227438608805 306.056280930837 299.01381333669 295.531431833903 291.468977928162 290.500958760579 288.079679012299 277.741213639577 273.050685723623 272.891740004222 269.537488619487 256.491740544637 237.430612246195 200.787782669067 182.684818903605 219.357450803121 256.473819414775 259.674270947774 240.206738313039 234.156509240468 244.453112284342 257.808327674866
312.932928403219 320.093154907227 319.931407769521 318.086187044779 315.490245819092 311.495840549469 317.849278450012 324.088295300802 326.211293538411 321.28902276357 321.23863697052 324.274857838949 323.750754197439 322.048346201579 320.580005645752 318.422575791677 313.54300181071 312.835176785787 310.044010480245 308.460752169291 309.360345204671 308.107693990072 306.885679562887 307.202974955241 304.985364278158 310.428301493327 311.755140622457 312.376121679942 301.466047763824 296.438654263814 288.416484991709 272.929072380066 270.894686381022 254.771153132121 228.333910306295 197.744786739349 185.981214046478 176.350394884745 170.25101184845 193.404614925385 219.993551572164 240.537186463674 241.861542065938 255.157629648844 285.11248032252 293.824672698975
