input/barkrak2/radiation/dir11024.grid
NCOLS 85 
NROWS 70 
XLLCORNER 665100 
YLLCORNER 4664600 
CELLSIZE 20 
NODATA_value -9999 
[rows 40 to 59 of 70, columns 0 to 45 of 85]
264.436721801758 266.14514986674 265.477557977041 267.67110824585 275.466859340668 280.785361925761 283.730189005534 288.566589355469 288.156390190125 275.552908579508 261.348307132721 256.681879361471 255.786379178365 252.196550369263 249.71999724706 248.95453453064 248.93711010615 246.351460615794 242.067495981852 238.79079023997 244.378805160522 247.488955656687 248.421132564545 243.485768636068 241.196036338806 237.070639928182 246.001740296682 248.141864935557 251.731733481089 252.769668896993 251.966774463654 252.289474010468 240.975161393483 242.929577827454 270.31797170639 270.104090372721 257.880846659342 252.027094364166 254.315694173177 256.025830904643 268.417676289876 293.959577878316 279.295921325684 210.199614365896 148.335715134939 108.76519481341
271.644711494446 268.839557965596 269.070307413737 269.116719563802 265.400131543477 263.676722844442 262.733737627665 263.388772805532 268.123348553975 259.942730267843 251.941005388896 253.688911596934 256.072402000427 255.322635173798 254.236439863841 249.724825223287 245.719770590464 249.071876207987 251.691857973735 243.836263815562 245.331088701884 247.75501092275 244.237720966339 243.728399276733 245.860517024994 242.224435011546 244.954387346903 247.906724611918 248.927632967631 251.387377580007 251.975973447164 251.412153244019 244.223356246948 254.496852556864 267.068803310394 257.320980230967 240.153114000956 234.418074289958 237.613638242086 247.614045937856 275.612413883209 289.603610833486 283.695975939433 249.035239219666 185.689667860667 135.540703932444
274.528602759043 271.548529465993 274.141311645508 273.078540960948 267.042835553487 263.670901457469 261.957327524821 258.628090222677 259.003579616547 255.292812983195 252.714733282725 252.415458361308 253.811339537303 257.775982220968 256.330589453379 252.433101336161 248.456021149953 252.721389134725 252.034783363342 246.115207672119 240.897297859192 237.329641977946 237.339933713277 236.341377099355 239.992340405782 235.966662565867 234.346866607666 239.649812380473 245.300869146983 245.743254820506 246.06200059255 244.919339815776 246.4479804039 261.31147146225 264.93497689565 242.653985818227 226.110835870107 228.148877620697 238.110224405924 251.810669898987 262.69523302714 263.379196325938 251.961787541707 234.714110692342 192.452847957611 132.910996675491
260.904451211294 262.83190647761 270.498812198639 267.549614111582 269.703388214111 271.199703216553 270.700454711914 267.089684804281 255.723476409912 253.563364346822 257.952908674876 251.846114794413 251.096367835999 253.844618797302 253.418147563934 249.706069628398 249.49045976003 248.579601446788 248.072187105815 243.67360273997 237.652997175852 235.130111376444 233.923733234406 232.178151607513 234.304785728455 237.492680549622 231.836358706156 235.735932985942 240.104834238688 241.417189439138 239.299635092417 235.024491945902 243.561903635661 254.064877827962 250.593145688375 228.087027867635 222.385505835215 234.187046686808 249.186793963114 252.652565638224 249.63124593099 245.265404383341 236.188054084778 218.972404797872 187.088270982107 140.13546705246
258.968075116475 264.194786548615 265.270213286082 265.213171641032 266.862610975901 269.122958183289 269.52588558197 265.427569548289 259.213308493296 256.529211997986 255.636652310689 251.761237780253 248.640735944112 244.776487350464 245.367924372355 244.224607944489 239.220420519511 244.829694430033 245.737552642822 244.156618913015 239.289303620656 237.191398938497 237.359960873922 236.543794473012 233.227471510569 241.225361824036 243.455211321513 240.327537059784 239.466647307078 239.303052425385 233.589172363281 229.501227537791 233.518660068512 235.566814740499 232.121249039968 222.819447517395 226.479391256968 241.874496142069 253.628631432851 246.83008591334 246.950427691142 238.078991572062 227.55221525828 212.768654028575 190.76536099116 159.094909826914
263.573308785756 266.827364762624 262.635946273804 265.836596488953 264.710366725922 264.8805975914 264.266192913055 261.972467104594 262.966275215149 257.433195908864 254.979868729909 254.242996374766 248.478611310323 244.934837023417 242.761452992757 244.975447654724 239.190459251404 240.97333351771 247.517863909403 245.119412740072 241.719404856364 240.631063779195 238.329788049062 238.021512826284 240.119874477386 239.219387372335 245.311597983042 245.252629121145 240.716675917308 238.622526327769 233.07744661967 229.934831460317 230.922281742096 225.570976734161 216.904540856679 210.388243198395 218.821883201599 237.137416998545 241.708517074585 229.971031347911 235.842267672221 226.953705151876 218.931635220846 219.020068645477 213.90308936437 184.577425320943
259.952167669932 260.559737682343 263.355890909831 265.479445457458 264.388124148051 264.150083065033 264.68288898468 266.393224398295 262.145121892293 260.631044705709 257.927596569061 257.258315881093 252.546449502309 250.069975852966 247.825980186462 251.857340335846 245.513836542765 240.711073080699 246.359388033549 244.651198387146 241.145431995392 243.102073669434 240.970015525818 236.302177111308 243.032475312551 239.07059431076 239.832441012065 241.372386614482 240.493635336558 239.064594109853 237.378021081289 233.307639757792 229.750156402588 224.159816900889 218.044400215149 211.611787478129 217.779795328776 229.515492916107 229.887386163076 228.628754615784 231.834451357524 222.271919250488 223.406453927358 232.0450146993 232.546905676524 205.086270968119
253.432512283325 255.701979001363 259.846945603689 261.994302272797 264.137744903564 265.271544456482 263.50192228953 262.499570846558 262.546042601268 264.034708340963 259.773512681325 255.231658617655 254.127303759257 252.451697985331 248.098174730937 248.152573903402 245.79131603241 236.562848091125 241.130232810974 244.412163893382 240.441918373108 239.909907182058 243.191758791606 234.730045000712 237.801313400269 237.630188465118 234.631240367889 237.839877605438 239.68764146169 237.885773181915 238.569517930349 236.663858095805 228.971083958944 229.692022005717 232.929726441701 227.672318617503 226.161857446035 226.651529471079 229.511539141337 239.407420158386 233.129521210988 223.491052786509 229.170719782511 233.95049571991 230.467955271403 212.525347868601
246.471146742503 249.484121799469 253.867824872335 256.481230258942 262.248118718465 265.6303246816 262.021025021871 260.414401690165 261.770884195964 263.39981953303 260.677258173625 257.141649723053 253.667076428731 254.538277784983 250.416040420532 244.807322820028 244.754672050476 236.888368924459 240.038514137268 245.995243390401 244.278192520142 242.484410603841 245.151698589325 240.082601706187 237.441937128703 240.827063719432 238.718390464783 241.375327110291 246.183435122172 248.033165931702 252.405047416687 250.928580760956 239.919622739156 242.261548837026 243.513286113739 238.105952739716 237.13485399882 234.340071678162 234.716415405273 238.995711008708 228.325287501017 221.455375353495 218.878785769145 215.728759765625 213.840365409851 212.84290154775
245.296398798625 241.592844327291 246.445814768473 253.138462702433 258.453627427419 260.723292827606 263.456245263418 263.947904109955 264.298597971598 261.463046073914 262.069980303446 261.9921763738 256.929596265157 253.031889597575 251.82714064916 246.777256329854 243.607441584269 239.849805831909 242.085834344228 249.037702878316 249.605933825175 248.068432013194 246.415317058563 245.506723721822 241.225401560465 244.871377944946 247.153878211975 246.525247891744 254.014690717061 259.768048922221 264.97209072113 263.791461785634 254.925588766734 251.621743043264 245.930333932241 241.861462593079 240.393916765849 242.236733436584 238.385558128357 226.154148578644 216.027398904165 218.685428301493 217.224101225535 210.870087146759 207.754929860433 209.016680717468
246.38839562734 247.092107931773 247.821092605591 254.577120145162 256.303489208221 256.242712338765 263.324538866679 266.093174616496 266.081968943278 263.795336087545 263.572891553243 263.900597890218 259.08221801122 253.666400909424 253.950337568919 255.473474661509 247.061093648275 244.487047195435 244.775573412577 250.574429829915 253.137707710266 250.160932540894 246.256828308105 246.726254622142 242.105841636658 247.73367245992 250.669499238332 251.08261903127 255.165020624797 261.706312497457 267.822325229645 270.397941271464 261.308372020721 251.920262972514 239.59747950236 234.478493531545 237.972378730774 243.911941846212 236.944397290548 217.486580212911 210.893829663595 221.991101900736 222.573220729828 216.538687547048 212.21125125885 206.051806608836
243.35511525472 252.644896507263 253.192901611328 256.694078445435 256.547451019287 254.452665646871 260.760505994161 264.548579851786 264.463663101196 266.64678255717 265.338937441508 263.474325338999 261.519153912862 255.429903666178 254.021803538005 259.315470854441 254.309773445129 246.380607287089 243.548174699148 247.252484162649 249.994039535522 247.988641262054 245.602289835612 241.555333137512 241.119762261709 242.59078502655 244.273602962494 247.206648190816 249.032139778137 254.936158657074 263.133267561595 266.008853912354 256.556411584218 236.701567967733 205.504973729452 196.021676063538 213.75979979833 231.723586718241 237.023532390594 235.773742198944 236.177166302999 231.276869773865 213.704367478689 206.499397754669 214.341402053833 200.681964556376
244.322121143341 243.436296780904 242.546101411184 247.066656748454 254.224419593811 256.597459316254 256.610532601674 261.352558930715 261.304934819539 263.396004835765 264.624933401744 264.832615852356 264.894286791484 258.655766646067 255.103051662445 254.370053609212 254.745920499166 246.160288651784 240.789294242859 240.57799577713 240.002691745758 242.693523565928 242.636561393738 236.705382664998 237.254858016968 234.250764052073 235.458493232727 236.167411009471 238.253076871236 239.845196406047 245.193024476369 250.513275464376 233.686824639638 201.360285282135 171.094338099162 157.285322745641 169.316788514455 199.899355570475 227.867086728414 235.473473866781 236.752033233643 224.631905555725 205.324669679006 202.753961086273 209.884166717529 190.866271654765
249.652822812398 240.372776985168 236.052612463633 241.527915000916 251.36144955953 259.336392084758 258.573730786641 259.183128674825 261.464416980743 259.741445382436 262.742340564728 263.673722743988 265.95934232076 262.515902519226 255.124727884928 254.649897416433 255.541125933329 247.787376244863 242.899139722188 244.194149971008 245.302140712738 239.710072676341 240.019162495931 237.962385018667 236.912727355957 235.195875167847 232.239564259847 232.408841451009 230.916082859039 222.384909788767 215.523342291514 220.703303813934 201.26728216807 183.067699273427 169.373075167338 156.328121821086 141.535540421804 151.508986949921 173.547883828481 203.295906384786 219.664732615153 209.953049818675 201.563100020091 199.408908685048 187.895754973094 177.26856470108
251.168290774027 245.299677054087 241.068482398987 243.161459763845 252.904852231344 259.574870268504 261.06729110082 258.960763613383 262.801826000214 259.725292523702 263.234575589498 263.432085514069 265.542248884837 265.173395474752 257.60410229365 258.288502693176 257.891317208608 249.659677346547 246.363759040833 247.879425684611 247.896790504456 245.640158653259 240.549226601919 238.880852858225 234.841068585714 233.879705270131 231.711347897848 229.089577992757 225.264986356099 218.214154243469 206.674456596375 206.927100817362 200.62522093455 193.2293176651 194.432377815247 189.02575969696 168.145378430684 152.987877527873 145.28101682663 157.663474480311 183.814585208893 185.679157574972 176.301161448161 164.165447155635 161.466836929321 166.147232055664
254.492541154226 252.163469791412 244.231363137563 240.46391248703 245.381732781728 257.613778114319 261.280695597331 258.8938275973 258.375783761342 262.143492698669 265.647808710734 267.189224561055 265.169064203898 266.010065873464 260.595361391703 258.727192878723 260.649621486664 255.014141400655 248.777369658152 248.823324839274 246.990283330282 244.826753934224 244.599898656209 245.147109031677 240.618745485942 238.246023654938 232.683877150218 224.859038988749 218.137959639231 212.824463844299 209.720393021901 212.052126725515 206.375320752462 210.92830101649 217.725813388824 221.78993622462 221.009850502014 207.445979118347 188.044567902883 154.092709223429 156.305491924286 171.899934609731 170.751372973124 162.612656752268 165.884971618652 180.554986000061
256.61438703537 255.485415458679 252.356052398682 243.94690990448 241.096874078115 253.369053204854 257.977922757467 258.900125821431 255.613803863525 261.387526988983 267.409900824229 269.040485223134 264.856398105621 266.775071620941 264.097889264425 257.871131102244 261.254866917928 255.980710188548 250.909944375356 249.314785003662 249.906818072001 248.429199059804 244.551877180735 242.837230364482 240.486939748128 236.488282680511 218.594491481781 196.941375732422 192.423224449158 197.719991207123 207.14012781779 208.802282810211 205.67653576533 207.482755184174 219.099322954814 234.195232391357 247.676889101664 250.842452049255 242.44232972463 196.158210436503 165.276815493902 175.76014995575 192.45707988739 199.335038661957 205.323060353597 216.141780217489
255.999545256297 253.362357616425 254.144211610158 250.152309735616 245.050271352132 248.969157536825 257.509211699168 259.55460468928 256.941914558411 258.416851361593 265.504479408264 268.423020839691 263.407746950785 263.017376263936 265.531341234843 256.742974122365 258.715649445852 255.255381266276 251.502156257629 254.017869631449 253.927210966746 252.716898918152 250.347375869751 241.754333178202 238.635838031769 236.765484015147 219.497978687286 196.885784467061 193.806886672974 202.208876609802 212.844034036001 212.672809759776 215.838074684143 221.672296524048 235.251247882843 241.613666216532 241.096357504527 204.800446828206 191.945175329844 189.532935619354 193.707823753357 207.87388086319 202.082355817159 189.364771048228 187.417109807332 201.409637928009
247.584521770477 251.73807144165 251.605351765951 250.183661778768 247.529486815135 244.401534398397 256.483515103658 261.884768803914 256.724576155345 256.578187147776 262.003024419149 267.001589139303 264.497637748718 261.285881201426 261.554857095083 257.394949595133 254.530012607574 254.592915376027 253.549476464589 252.121865749359 252.596934636434 248.768130938212 246.893326441447 240.832845369975 239.921053250631 243.548711140951 238.803863525391 230.813523133596 227.07321246465 227.357586224874 226.329187552134 219.839115937551 228.435238202413 234.717826048533 225.838681062063 215.55483341217 196.748534838359 150.365591049194 128.119111061096 163.649499416351 204.122424125671 218.151529630025 200.655659039815 192.463676134745 191.924035549164 202.182173728943
235.890845457713 247.495253880819 249.288698037465 247.570892175039 249.105830987295 244.006852308909 251.803576946259 262.411415576935 265.263438224792 260.396142800649 261.284867922465 264.63504632314 264.604469140371 260.330478350321 260.774950186412 256.197810173035 252.034306526184 249.568283557892 246.483286221822 244.534273942312 246.21719121933 245.073437690735 243.983864784241 242.026329040527 242.82705783844 250.043431917826 257.355809211731 257.709304491679 242.219865322113 239.620327949524 233.032445112864 219.980617364248 223.753571510315 207.135339577993 180.939078330994 154.20060356458 142.579555511475 128.453214963277 114.012748003006 127.673109372457 152.909169594447 186.255931854248 203.646103541056 222.016632556915 247.83190091451 250.513871510824
