input/barkrak2/radiation/dir19724.grid
NCOLS 85 
NROWS 70 
XLLCORNER 665100 
YLLCORNER 4664600 
CELLSIZE 20 
NODATA_value -9999 
[rows 40 to 59 of 70, columns 0 to 45 of 85]
330.079933007558 330.883622169495 330.836872259776 332.586407661438 337.152083714803 340.152899424235 342.471639315287 345.123688379924 345.3262646993 337.730964024862 329.612672328949 325.294812520345 322.385946909587 320.36034266154 318.326413631439 316.814700762431 315.779805183411 312.891999880473 309.865514437358 308.174192905426 308.808048566182 311.883727709452 313.734372456868 309.565921624502 305.768489837646 303.42956384023 308.222035566966 308.986981709798 308.745761712392 306.878129641215 306.006789207458 302.558938662211 279.495040575663 275.906443595886 297.738552093506 297.826886177063 288.616816202799 287.9412372907 288.624227046967 278.48207950592 287.489314874013 325.02285639445 339.373707771301 291.748960812887 231.570482254028 188.21116288503
335.162878036499 333.44578742981 333.162407080332 334.262371063232 331.761956214905 330.389300982157 330.159346262614 331.358631451925 334.001739819845 327.778240044912 322.027842203776 323.300401369731 324.698805809021 323.956390221914 321.948945522308 318.024675051371 315.150062243144 319.157640139262 318.581223487854 313.56410185496 316.019793351491 314.337511857351 312.611957391103 314.333478609721 314.316948254903 309.601207574209 310.79492966334 310.820519924164 309.897045294444 310.257335503896 308.379868666331 303.474485874176 286.33717695872 287.349820137024 298.337618509928 289.556721846263 274.863342444102 274.413685003916 281.272729237874 286.70346736908 302.549461523692 315.263787905375 325.751304626465 319.575528303782 273.351709047953 224.9782482783
336.753567059835 335.197687149048 337.067286173503 336.493889490763 332.265218098958 330.788234869639 330.048501491547 328.482846419017 328.064978122711 325.148542722066 323.320806026459 323.382258415222 325.071811676025 326.559166113536 325.386683146159 322.476963202159 319.457014401754 322.101434071859 324.07557964325 318.514545758565 315.975725650787 314.262986183167 310.714463392893 311.187962690989 313.404500484467 310.186823209127 304.87463871638 307.193875312805 308.156708876292 309.477011362712 307.19127257665 300.298909346263 292.603453000387 296.405752499898 296.086629231771 278.641700744629 263.147195180257 268.517335255941 282.903730869293 295.499225457509 304.054001967112 302.303036053975 297.421991825104 298.991938432058 280.475815137227 230.836967627207
328.223129113515 330.086906750997 335.088570912679 333.373665809631 333.914637565613 335.076649983724 335.389693578084 332.947134971619 327.129244804382 325.563331445058 326.931754748027 324.873805046082 323.160111904144 324.796001116435 325.54966211319 322.889228661855 322.643081347148 324.558893839518 323.980549971263 319.59209839503 315.058926741282 313.879330952962 311.168313026428 310.086945692698 309.531271457672 311.065514882406 304.724812507629 305.224458376567 307.161529858907 305.513739585876 302.340885003408 296.142995357513 296.380082766215 298.396746317546 286.169330279032 263.916333516439 259.00936126709 272.731522719065 291.617830594381 296.254575252533 295.890907446543 291.815956433614 283.663312594096 279.301683108012 269.294142723083 237.336138884226
327.974001566569 331.797182559967 333.321372667948 332.712113857269 333.834489186605 334.595839182536 334.988554318746 332.389891147614 329.683025677999 327.733417352041 328.045010566711 325.745463371277 322.621663411458 322.201152642568 321.117500464122 320.29390335083 318.287571271261 322.084466616313 323.695878187815 321.283439795176 317.577262719472 315.203507741292 312.315503756205 311.859766642253 309.030791123708 314.168552557627 313.383638858795 310.259977976481 308.263142903646 303.82897456487 297.590454419454 292.448163032532 292.648593584696 288.786927858988 276.374240716298 261.151731014252 262.872795263926 278.850913047791 293.729305267334 291.070202986399 291.930894056956 285.132785638173 272.610545158386 266.058683395386 262.872378031413 249.4269212087
332.075635592143 334.622780481974 332.328756650289 333.848039309184 332.983056704203 332.65749613444 333.549737930298 332.423369089762 333.593130111694 329.910337924957 329.60977156957 328.405280907949 325.857063134511 322.102824846904 321.793556213379 323.368231455485 319.848855336507 321.150203545888 323.66148630778 321.862498919169 317.632893721263 317.698220411936 314.695735772451 312.704503536224 312.399744987488 309.402306874593 312.955955664317 310.441374778748 307.2829246521 303.935726483663 297.562440236409 292.993068695068 290.991425514221 281.398971875509 268.136401971181 254.469891389211 260.297179222107 278.061191240946 285.279214382172 278.098384539286 283.157507578532 275.388876597087 264.164368311564 266.325195630391 274.180730183919 262.355546156565
332.067370414734 332.914928595225 333.65523815155 334.425687789917 333.576798439026 333.713928858439 334.19406414032 334.54426129659 333.024760087331 331.907431284587 331.567068894704 331.304510434469 328.372379144033 326.733390490214 325.583299001058 326.972742875417 324.234386285146 321.024417877197 322.892765204112 322.76439666748 318.578998247782 316.526313622793 315.021197001139 311.670243740082 316.061238447825 309.252361456553 309.086481730143 307.164470354716 305.326521396637 302.445471286774 299.015363057454 294.054786364237 288.38857014974 279.155671596527 266.219079494476 256.032844384511 263.377467791239 276.305556297302 274.726549784342 276.06741587321 282.399713993073 271.322091420492 267.822066942851 275.127947330475 282.735387484233 271.582961082458
328.583399454753 329.463442166646 332.636833190918 332.52880970637 333.610574404399 334.722598393758 333.814899126689 332.771976788839 332.98005660375 334.917187690735 332.715729872386 330.896735191345 330.235699812571 329.496920108795 327.218810717265 325.830360253652 324.276248613993 316.429734230042 320.77423731486 319.560567537944 316.465477148692 315.769135951996 314.890960852305 308.593332767487 308.407882849375 305.757562319438 303.357283274333 304.631074269613 304.637213548024 299.869894981384 297.141234079997 294.706245263418 287.286063035329 283.626198768616 277.851005395253 266.732374827067 268.635908762614 274.742762247721 277.053614457448 284.0482989947 280.930002530416 273.372749487559 275.85506439209 277.248859405518 276.207327842712 266.349891821543
324.36192035675 325.76851050059 328.440189361572 330.327192942301 333.768367767334 334.80707804362 333.013415336609 332.225263118744 334.158857663472 335.558215777079 334.602872530619 331.889986991882 330.291529496511 330.966035525004 328.565796216329 323.399901390076 321.998715400696 316.65035088857 316.970666249593 320.671459039052 317.579746246338 316.212713718414 314.452707767487 312.45877345403 308.16247065862 308.003683884939 304.414788881938 303.724964459737 305.978973706563 305.555403232574 304.05600865682 304.044564565023 292.863885561625 292.630891005198 287.350873152415 272.615790367126 272.824188073476 278.882920742035 282.670597235362 283.884425957998 273.753901322683 270.618756612142 269.85756556193 264.746685822805 262.119829654694 261.634389559428
323.7211505572 321.502725283305 323.830386002858 328.785300254822 331.945995489756 332.748512427012 333.935578664144 335.617780685425 336.644212404887 334.354877471924 334.64789390564 334.846576054891 332.330663998922 328.829447428385 328.071335951487 324.605345726013 321.103513240814 317.144513130188 318.495690822601 321.341872215271 319.69032684962 316.46454334259 315.339724222819 312.10587422053 306.658109029134 308.884501457214 306.349913279216 306.773066520691 309.596002101898 312.016427516937 313.002943992615 308.735529581706 301.692287127177 300.157070159912 291.974504788717 277.876536051432 272.228598594666 279.005686442057 283.281445503235 273.73605966568 262.663781642914 265.533824761709 265.196839968363 260.044078032176 259.24547513326 262.164572874705
323.243041833242 325.321793556213 327.261030673981 330.547074476878 331.012606620789 330.423831939697 334.669351577759 337.326765060425 336.667656898499 336.702346801758 335.921049118042 335.971077283223 332.374374071757 329.091608524323 328.123609224955 329.022248586019 321.989635626475 320.378522078196 318.503161271413 320.399721463521 318.411727746328 317.888955275218 312.755485375722 308.574895064036 305.115421613057 308.681686719259 310.050487518311 309.671600659688 309.467275937398 312.529881795247 314.183294773102 309.832791487376 302.660246690114 298.281570275625 287.715494632721 276.556134223938 272.78991540273 277.329087257385 275.854170322418 262.478888034821 259.111920992533 269.957542419434 269.400397936503 261.660436789195 260.743260383606 256.233195463816
324.026266733805 329.707562923431 331.084787845612 331.854383150737 330.810705820719 330.468773841858 334.000905354818 336.765050888062 336.0249598821 337.7366065979 335.839509963989 334.647377332052 333.614269892375 328.997890154521 327.097833156586 328.66499821345 325.432976086934 317.883610725403 313.573718070984 314.263304074605 312.42557366689 312.554577986399 310.206214586894 306.815266609192 304.348846276601 302.479783693949 304.904719193776 304.698685805003 305.345912774404 308.464149634043 310.127516587575 308.075169722239 297.272642453512 285.810152689616 261.414508024852 249.115506807963 260.43975353241 270.648121833801 270.210782686869 269.677261511485 276.64307753245 277.63710419337 262.216746807098 254.784067471822 262.638290723165 250.407616297404
325.293978055318 323.704759279887 323.927839597066 326.194286346436 329.339881738027 332.289159297943 331.879556179047 334.361791610718 333.494941393534 335.044185320536 334.446350733439 333.387136459351 333.393017450968 329.726318518321 326.328694820404 322.319447994232 323.86726140976 313.920120398204 307.646334171295 307.663321495056 306.905368963877 308.822592099508 306.045790513357 301.199952761332 303.234457969666 298.271119594574 298.715273539225 298.717141151428 297.947406768799 298.451324303945 299.387097358704 301.70484383901 280.500213305155 254.748404026031 227.628767490387 216.743191083272 230.227808157603 255.566875139872 272.632698218028 270.373543103536 270.881215731303 265.251100063324 251.051982243856 253.799140453339 258.925060431163 235.471129417419
328.161815802256 321.941117445628 319.36772664388 323.083241780599 329.593439896901 332.737644513448 332.383354504903 332.419355710347 332.887450853984 330.812871456146 332.430998484294 332.826018333435 331.575274467468 330.742736657461 322.762290636698 319.026410579681 320.965965588888 313.334047794342 309.460600217183 310.303886731466 309.124271074931 306.046764055888 304.269949595133 300.556560357412 299.025177955627 297.347764174143 296.343227227529 295.995493729909 294.384260972341 291.064461072286 282.613595326742 276.733199755351 255.611558755239 230.056782563527 220.361272493998 215.052604675293 207.161466280619 217.044174671173 233.717381954193 255.308747291565 262.504279613495 252.447267373403 247.432510058085 249.150435129801 241.091926892598 221.781571706136
328.521688779195 325.047969818115 322.004675865173 323.823710282644 329.198201497396 333.239436149597 334.045012791951 330.319205919902 332.756797472636 330.790321032206 330.452640851339 330.281774202983 328.698356946309 328.061620394389 322.686155637105 321.398138999939 322.541813055674 316.285669803619 311.786870161692 312.729716300964 312.457978725433 308.913707733154 306.303461392721 304.419736067454 300.890564918518 299.764513969421 297.702272733053 295.337200164795 291.959226131439 285.110692183177 275.860051314036 268.263220787048 247.36209710439 234.341541926066 237.714687983195 239.737550417582 230.580608050028 219.987650712331 211.871385574341 221.052328745524 238.195478916168 231.831947962443 224.865277608236 218.256711959839 214.091956615448 211.516499519348
330.363055070241 329.493264357249 325.437903404236 322.126030921936 325.538595517476 330.031434694926 332.085490226746 330.284078915914 328.740497430166 329.860011736552 330.249349276225 329.705754915873 328.057328859965 327.006141344706 324.635406335195 322.955091794332 322.522521018982 317.904988924662 315.088967482249 311.361054579417 311.894953250885 309.829433759054 308.998684088389 306.33157491684 305.029610792796 300.520698229472 296.186705430349 289.943158626556 284.066239992778 280.266443888346 278.030812740326 273.574411869049 254.825969537099 249.167621135712 253.503878911336 260.427037874858 269.625782966614 263.724267482758 247.491876284281 217.85561243693 216.436664263407 220.072547594706 217.642883459727 214.470426241557 219.707349936167 227.169990539551
331.888357798258 330.863157908122 328.69170109431 322.24182287852 320.077300071716 327.271739641825 328.713953495026 327.93915271759 325.672189394633 326.121012369792 329.600612322489 330.836037794749 327.862044175466 327.482024828593 324.999928474426 322.413245836894 322.904805342356 318.665782610575 314.677874247233 313.378651936849 311.857283115387 309.956292311351 306.417346000671 304.800033569336 302.786827087402 299.63211218516 285.561561584473 268.732070922852 262.387096881866 267.52370595932 275.90811252594 271.812399228414 256.176173686981 250.032146771749 257.732510566711 268.665989240011 284.065981705983 291.739503542582 282.641311486562 249.587337176005 222.741742928823 226.616819699605 235.296964645386 245.505094528198 255.084812641144 259.566982587179
330.646892388662 328.732430934906 328.989624977112 326.480170090993 319.98868783315 321.227133274078 327.181498209635 325.699011484782 322.164595127106 323.663016160329 328.32282781601 328.980286916097 326.964338620504 324.523727099101 326.029678185781 319.966415564219 319.409092267354 318.363865216573 313.003023465474 312.855839729309 314.34828042984 312.813500563304 309.175809224447 304.375648498535 303.449352582296 302.664816379547 286.518692970276 269.86163854599 269.224047660828 276.468217372894 278.95450592041 272.232949733734 263.957619667053 264.42410548528 277.659038702647 281.598508358002 286.322911580404 270.650903383891 240.601579348246 233.471930027008 243.517200152079 253.822386264801 248.967130978902 241.902669270833 242.440501848857 253.850340843201
323.176801204681 326.925277709961 326.319634914398 323.918064435323 318.623165289561 314.639210700989 323.566238085429 327.225148677826 323.039889335632 319.9170033137 326.082666714986 328.123291333516 326.097130775452 322.157382965088 321.86883687973 318.655769030253 316.67019923528 315.847297509511 314.21305735906 314.39071893692 314.193149407705 313.416798909505 311.736424763997 307.079354921977 305.992503960927 306.857109069824 299.853444099426 296.380678812663 292.228698730469 291.218439737956 288.84083032608 278.539180755615 275.006989638011 273.437698682149 271.024127801259 257.073799769084 238.184074560801 201.698442300161 183.702150980632 220.396339893341 257.375756899516 260.387202103933 240.843137105306 234.918196996053 245.42232354482 258.804182211558
314.039766788483 322.327931722005 322.280446688334 320.575177669525 318.141241868337 314.238647619883 318.74030828476 324.960807959239 327.00510819753 322.035352389018 323.897163073222 325.107157230377 324.567218621572 322.859247525533 321.382164955139 319.233953952789 316.333512465159 313.615123430888 310.815274715424 309.243043263753 310.134251912435 311.068375905355 307.652056217194 307.968576749166 305.725196997325 311.185161272685 312.456170717875 313.002427419027 302.084445953369 297.074834505717 289.160450299581 275.488058725993 274.560709794362 255.455056826274 229.117314020793 198.535601298014 186.766266822815 177.260935306549 171.319286028544 194.619695345561 221.136530240377 241.497337818146 242.522656917572 255.751927693685 285.773535569509 294.543524583181
