input/barkrak2/radiation/dir13824.grid
NCOLS 85 
NROWS 70 
XLLCORNER 665100 
YLLCORNER 4664600 
CELLSIZE 20 
NODATA_value -9999 
[rows 40 to 59 of 70, columns 0 to 45 of 85]
319.996456305186 320.951362450918 320.892492930094 322.809179623922 328.057169914246 331.143220265706 333.26256275177 335.806488990784 336.377024650574 327.238202095032 317.006369431814 313.285569349925 312.216540177663 309.270918369293 307.302037874858 304.536660512288 304.672181606293 303.527355194092 298.4738945961 296.762903531392 299.237688382467 303.055822849274 303.315420945485 300.573706626892 297.193884849548 294.417500495911 300.613303979238 301.019132137299 301.809668540955 300.819238026937 296.613911787669 295.026401678721 274.144391218821 272.11723725001 295.163154602051 294.957677523295 285.481929779053 283.630649248759 285.102804501851 276.654183864594 286.64896885554 321.913679440816 329.824129740397 276.219427585602 215.482155481974 174.850106239319
325.189073880513 323.333263397217 323.510229587555 323.550581932068 321.329692999522 319.293558597565 318.874259789785 319.413185119629 323.021511236827 316.952804724375 310.674508412679 311.035911242167 313.728392124176 311.811804771423 309.598386287689 308.32846959432 303.818126519521 309.505681196849 309.31955575943 304.367224375407 305.220325787862 305.369277795156 303.309977054596 304.171661535899 304.039676984151 299.682517846425 302.448709805806 303.324699401855 302.741328875224 302.781303723653 299.688915411631 296.381731828054 280.220945676168 283.753295739492 295.371532440186 285.640438397725 270.767529805501 269.118507703145 275.23003021876 281.714638074239 300.18679300944 313.254415988922 320.321400960286 307.81501531601 259.106238683065 211.23609940211
327.180008093516 325.424611568451 327.062884966532 326.37357711792 321.710646152496 319.448510805766 318.799376487732 316.786507765452 316.274762153625 314.05899922053 311.110059420268 311.035911242167 312.960942586263 314.694364865621 314.726312955221 312.922219435374 308.395286401113 312.933663527171 315.153181552887 307.700514793396 305.068552494049 303.20018529892 301.241179307302 301.891009012858 302.864988644918 297.548234462738 294.292767842611 297.070304552714 299.058119455973 300.250689188639 298.186262448629 292.72190729777 286.484917004903 292.027413845062 293.026983737946 274.194757143656 258.432825406392 263.115425904592 276.630838712056 289.631326993306 298.703869183858 297.487835089366 291.098018487294 288.443247477214 265.875081221263 214.053014914195
317.465464274089 319.045126438141 324.688533941905 322.843650976817 323.599596818288 325.377186139425 324.956297874451 322.750151157379 314.401904741923 313.606162865957 315.119326114655 312.683800856272 312.127590179443 315.330823262533 314.901769161224 312.06480662028 313.379605611165 314.074317614237 314.990262190501 310.414055983226 305.57769536972 301.169435183207 298.314253489176 297.184407711029 298.532704512278 298.737645149231 293.708682060242 294.784426689148 295.530637105306 295.803169409434 292.82401005427 286.949853102366 289.46046034495 293.007592360179 281.95466597875 259.477476278941 254.330555597941 267.739772796631 285.912732283274 290.428996086121 288.913985093435 285.339196523031 277.030984560649 269.631107648214 254.669189453125 220.064878463745
317.030231157939 320.672353108724 322.494665781657 322.008192539215 323.263684908549 324.754178524017 323.926707108815 321.631650129954 319.192210833232 315.980494022369 317.348380883535 314.868072668711 312.784890333811 311.050295829773 311.187326908112 310.496687889099 306.984424591064 311.316132545471 313.087423642476 309.030175209045 305.024524529775 302.655895551046 299.611945947011 299.069821834564 296.101768811544 301.986416180929 303.26122045517 298.379838466644 296.687066555023 293.959200382233 287.743449211121 282.761613527934 283.753911654154 280.660271644592 270.353694756826 256.151815255483 258.269945780436 274.303118387858 288.805544376373 285.32870610555 285.719454288483 277.274330457052 266.346653302511 257.83767302831 250.115593274434 233.347495396932
320.941170056661 323.879837989807 321.378171443939 322.6651151975 321.735004583995 321.921288967133 322.310407956441 321.633716424306 322.823643684387 319.472471872966 319.102605183919 318.894028663635 314.98775879542 312.086304028829 310.583869616191 312.452733516693 307.152807712555 308.652877807617 310.11704603831 309.693694114685 305.195132891337 303.861995538076 302.153845628103 301.940699418386 299.820423126221 298.806349436442 301.019231478373 300.450921058655 297.336300214132 292.724013328552 286.568224430084 283.245503902435 281.867921352386 273.527085781097 260.844985644023 247.91431427002 254.587233066559 272.714972496033 279.669165611267 271.375238895416 276.557505130768 268.279751141866 257.733424504598 259.388566017151 264.362215995789 248.420278231303
320.841908454895 321.226080258687 322.845578193665 323.882202307383 323.006590207418 323.081910610199 324.310342470805 324.806054433187 323.008259137471 322.588721911112 321.309606234233 321.000198523204 317.801574865977 315.961321194967 313.522756099701 316.485524177551 312.103529771169 306.875864664714 310.807108879089 307.598014672597 306.256413459778 304.22834555308 300.721267859141 298.86531829834 303.868353366852 296.632647514343 296.743492285411 295.238375663757 293.693006038666 291.252235571543 287.073572476705 284.530103206635 279.277284940084 270.746111869812 259.268482526143 249.651710192362 256.790439287821 269.6746190389 268.553197383881 269.404133160909 274.874786535899 264.376242955526 261.539399623871 269.190033276876 275.279621283213 260.688821474711
316.9038494428 317.895531654358 321.573317050934 322.302460670471 323.688824971517 324.886699517568 323.812127113342 323.446750640869 323.004603385925 325.064977010091 322.614312171936 320.543507734935 318.783283233643 317.94011592865 315.337816874186 312.419315179189 312.162836392721 303.553223609924 305.087625980377 307.326038678487 302.312632401784 301.630814870199 302.490909894307 295.562942822774 295.608361562093 295.121153195699 288.604577382406 288.671910762787 291.257957617442 290.122350056966 286.471724510193 284.165958563487 276.097297668457 275.314529736837 271.787683169047 261.62580649058 262.827257315318 267.654955387115 270.231088002523 278.038779894511 274.358709653219 266.110082467397 269.293109575907 271.544714768728 269.755621751149 258.214632670085
312.079270680745 313.641011714935 317.517320315043 319.721897443136 323.661843935649 325.006326039632 323.009848594666 322.070221106211 324.229558308919 325.78718662262 323.888619740804 320.72659333547 318.840225537618 318.376024564107 315.543591976166 311.210413773855 308.145006497701 303.793489933014 304.324428240458 305.185854434967 305.320779482524 301.962594191233 300.048669179281 295.492430528005 290.858546892802 293.50604613622 291.881302992503 293.483833471934 294.525106747945 296.500583489736 297.158618768056 294.672270615896 284.544885158539 285.779277483622 281.713922818502 268.550912539164 268.467803796132 272.863646348317 275.312483310699 277.287046114604 267.222086588542 263.273358345032 261.992971102397 257.741252581279 255.186796188354 254.616955916087
311.332285404205 309.675633907318 312.341690063477 317.906002203623 321.503063042959 323.235034942627 324.05827442805 325.898925463359 326.217909653982 323.547085126241 323.971649010976 323.134322961171 321.175535519918 317.278703053792 315.044343471527 309.626619021098 308.778802553813 302.553057670593 302.129209041595 303.793211778005 305.839856465658 302.2540807724 298.858900864919 297.379434108734 293.908476829529 296.639819939931 296.318272749583 296.992500623067 300.456623236338 303.698321183523 305.699785550435 302.200893561045 295.948306719462 294.117073218028 286.219159762065 273.425459861755 268.697202205658 274.393022060394 277.020295461019 266.95438226064 255.621155103048 258.523186047872 258.247156937917 252.417822678884 251.29775206248 255.037228266398
311.637938022614 313.895165920258 316.054066022237 319.8268810908 320.393184820811 319.896658261617 324.052433172862 326.329350471497 325.491686662038 325.36252339681 324.345151583354 322.226802508036 320.130089918772 314.876933892568 315.133631229401 314.598778883616 308.133443196615 302.073736985524 299.763421217601 306.475857893626 306.487500667572 303.862830003103 300.40047566096 298.367301623027 294.642964998881 298.727889855703 300.463000933329 297.923405965169 300.508975982666 304.4087489446 307.150403658549 305.626293023427 296.969791253408 291.433930397034 280.473232269287 270.413359006246 268.48574479421 273.430446783702 271.116316318512 255.973120530446 251.928071180979 263.325353463491 263.187249501546 254.717409610748 252.821405728658 248.770892620087
312.372008959452 318.806648254395 320.355216662089 321.300665537516 319.473465283712 318.247695763906 322.162747383118 325.544357299805 324.615597724915 325.398286183675 323.182165622711 322.949767112732 319.13948059082 316.174666086833 310.341238975525 315.772116184235 308.562318483988 301.180799802144 298.643171787262 301.822543144226 302.160382270813 302.285571893056 299.915532271067 294.065594673157 291.477878888448 292.139093081156 294.968167940776 294.932464758555 295.857747395833 299.639900525411 304.566164811452 303.724884986877 293.014367421468 279.79983886083 251.458565394084 240.485866864522 253.812591234843 265.505274136861 266.00174109141 265.632430712382 271.093646685282 270.694355169932 254.499514897664 247.427900632223 255.200147628784 243.731478850047
313.838064670563 312.135100364685 310.443182786306 313.209335009257 316.98211034139 320.190966129303 319.547295570374 321.570297082265 320.441047350566 323.230803012848 320.155243078868 321.445206801097 318.683207035065 313.914616902669 309.255162874858 308.60157807668 310.382743676503 301.248749097188 296.78338766098 296.769042809804 296.058177947998 296.058396498362 295.490701993306 290.355801582336 290.249705314636 287.503918011983 288.136223951976 288.305560747782 287.642002105713 288.388470808665 292.207936445872 295.680324236552 273.278176784515 246.906479199727 218.467652797699 206.404805183411 220.296422640483 247.738798459371 266.772588094076 266.08016093572 266.836861769358 259.180585543315 244.509021441142 245.134790738424 252.331058184306 229.9778064092
316.197276115417 308.353702227275 305.368681748708 309.535026550293 316.903690497081 319.359878698985 318.875372409821 320.201237996419 318.185647328695 316.779613494873 318.87807448705 317.839682102203 317.928353945414 316.725929578145 310.879667599996 308.810651302338 310.973485310872 302.810629208883 296.499689420064 299.654285113017 298.513571421305 295.326868693034 293.518980344137 289.643327395121 288.171708583832 286.483287811279 285.549640655518 285.326520601908 283.737460772196 277.900278568268 271.610418955485 268.703659375509 247.339646021525 223.821361859639 212.679127852122 204.375386238098 195.463101069132 205.326775709788 223.404328028361 247.024655342102 256.13264242808 246.464967727661 240.906139214834 241.604268550873 233.139793078105 213.643113772074
315.945684909821 311.900456746419 308.236956596375 307.579100131989 314.985950787862 319.727639357249 319.367289543152 316.37442111969 317.788163820903 315.274616082509 316.286663214366 316.084186236064 317.638913790385 316.998839378357 312.770088513692 311.48507197698 310.892323652903 303.949515024821 299.077073733012 300.225933392843 300.068914890289 296.27533753713 295.730650424957 293.885449568431 290.216128031413 289.128661155701 287.033677101135 284.599820772807 278.785328070323 274.153709411621 264.705042044322 259.661078453064 240.016957124074 228.510022163391 231.432199478149 231.818815072378 220.203518867493 208.782951037089 198.977669080098 209.392070770264 229.905188083649 225.383838017782 217.754165331523 209.761579831441 205.895980199178 204.680403073629
317.353208859762 315.149744351705 309.710125128428 305.470188458761 307.743509610494 314.104080200195 316.941102345784 314.928591251373 314.282953739166 315.396149953206 319.218794504801 318.729519844055 318.618992964427 317.602117856344 313.125967979431 311.341126759847 312.908848126729 305.896282196045 302.746017773946 301.0373711586 299.453516801198 297.277251879374 298.754056294759 296.250144640605 294.765571753184 292.587379614512 287.908454736074 281.157394250234 274.925768375397 271.021743615468 268.867214520772 265.225410461426 247.719705104828 244.094173113505 248.970965544383 255.326151847839 262.043237686157 255.141377449036 237.501502037048 206.061561902364 206.673224767049 213.124930858612 210.576017697652 206.054011980693 210.887889067332 220.067222913106
318.173050880432 317.563116550446 314.5778576533 303.538540999095 302.456219991048 310.67552169164 314.258933067322 314.943850040436 312.196413675944 314.488629500071 318.594992160797 320.053736368815 316.789150238037 316.453496615092 313.682198524475 310.72215239207 311.428984006246 306.745370229085 302.39858229955 303.228120009104 301.693816979726 299.843569596608 296.178340911865 294.534941514333 292.445143063863 291.390140851339 276.139994462331 256.444136301676 251.864035924276 255.699197451274 263.007521629333 260.607163111369 248.521049817403 244.232356548309 252.987662951152 264.876306056976 279.394527276357 286.643147468567 277.024626731873 240.300933519999 212.184945742289 219.083627065023 229.108134905497 238.661726315816 247.521758079529 253.446936607361
316.653827826182 311.518987019857 312.037726243337 308.340648810069 303.879459698995 306.98565642039 313.918232917786 313.952287038167 309.995810190837 309.806863466899 317.126393318176 318.065742651622 314.082423845927 314.996023972829 314.867297808329 308.087309201558 309.590498606364 306.398292382558 302.911539872487 302.880922953288 304.529070854187 303.043266137441 299.151698748271 294.007400671641 293.126364549001 292.536616325378 275.844037532806 256.438235441844 252.969324588776 260.090370972951 266.061822573344 261.558453241984 255.672951539358 257.45298465093 271.695454915365 276.711463928223 281.993488470713 259.404559930166 234.455704689026 227.017382780711 235.917766888936 247.249623139699 242.578744888306 234.130998452504 232.813815275828 245.319684346517
307.082116603851 310.299873352051 310.033599535624 308.389405409495 304.067035516103 301.552772521973 311.475853125254 315.660854180654 310.994525750478 307.824492454529 312.672396500905 317.116896311442 314.885497093201 310.434917608897 312.163313229879 308.715403079987 306.508223215739 305.849353472392 304.309169451396 304.65958515803 304.624021053314 303.695559501648 299.671431382497 296.97040716807 295.92243830363 295.480887095133 290.667533874512 286.251803239187 281.740605831146 281.03776772817 276.687204837799 267.789085706075 269.235988457998 269.076665242513 264.262874921163 246.801654497782 227.123856544495 193.493803342183 174.178818861643 210.895816485087 249.191006024679 254.4873158137 235.999683539073 228.802382946014 236.924688021342 249.678750832876
298.029363155365 306.982576847076 306.642472743988 306.235432624817 305.395642916362 301.138023535411 306.089440981547 313.154737154643 315.548519293467 310.317099094391 312.182645003001 315.425992012024 314.994772275289 311.240096886953 311.607678731283 309.345622857412 304.122825463613 303.453028202057 300.572832425435 298.916339874268 300.008893013 298.778335253398 297.585209210714 295.623302459717 295.838038126628 300.342500209808 303.254346052806 304.945309956868 290.078282356262 287.786225477854 277.630964914958 266.282955805461 264.04595375061 248.272140820821 215.593258539836 192.121287186941 180.229187011719 168.854435284932 161.19772195816 182.134588559469 209.799567858378 232.411662737528 237.26232846578 251.666982968648 281.081994374593 288.865188757579
