input/barkrak2/radiation/dir17724.grid
NCOLS 85 
NROWS 70 
XLLCORNER 665100 
YLLCORNER 4664600 
CELLSIZE 20 
NODATA_value -9999 
[rows 20 to 39 of 70, columns 0 to 45 of 85]
211.193362871806 204.64692513148 221.042573451996 262.672603130341 258.668879667918 207.403858502706 189.80876604716 195.787847042084 208.603243033091 231.174111366272 245.465874671936 251.834233601888 264.596740404765 274.666567643483 292.891462643941 324.368377526601 336.474855740865 338.68412176768 343.165795008341 349.103808403015 350.997408231099 345.956126848857 345.126231511434 346.551458040873 347.451289494832 347.561200459798 349.138657251994 345.696091651917 340.913017590841 340.60263633728 335.039536158244 325.287560621897 318.057854970296 315.331776936849 313.764731089274 318.616986274719 318.888982137044 321.13657395045 325.527985890706 327.967743078868 328.811804453532 328.811486562093 329.591870307922 325.787226359049 329.746882120768 331.535220146179
235.861480236053 237.115025520325 257.325073083242 288.139780362447 282.553712526957 222.629904747009 202.463467915853 200.857361157735 210.529923439026 224.579135576884 235.194603602091 245.441555976868 255.5011510849 263.034244378408 275.69983402888 294.843792915344 323.86036713918 335.06977558136 339.938402175903 345.999638239543 349.324822425842 352.83629099528 353.865067164103 353.343288103739 350.783427556356 346.560080846151 344.132741292318 340.68767229716 339.290459950765 332.721173763275 317.023853460948 290.362358093262 272.191166877747 271.581172943115 279.525379339854 297.359844048818 304.391741752625 316.892186800639 325.573960940043 326.389988263448 324.812769889832 322.881440321604 317.868133385976 305.745959281921 322.019060452779 329.917848110199
273.732940355937 282.739996910095 293.170869350433 303.414861361186 302.525897820791 256.001790364583 225.260774294535 208.778937657674 205.062568187714 219.051341215769 236.756225426992 244.716962178548 256.993492444356 268.557707468669 273.657381534576 290.186564127604 303.287128607432 327.877879142761 334.862112998962 336.032748222351 338.683207829793 346.326430638631 350.779334704081 350.518504778544 348.013718922933 346.049984296163 343.360185623169 340.178449948629 327.424049377441 311.142881711324 268.125474452972 216.914157072703 198.288182417552 216.601590315501 244.662324587504 267.542878786723 284.875869750977 303.697625796 314.891596635183 316.59593184789 319.421668847402 319.831490516663 299.498617649078 280.371189117432 305.549363295237 327.47342189153
291.36190811793 295.512874921163 299.618244171143 307.868639628092 307.781438032786 289.420346419017 250.019649664561 218.330899874369 203.008790810903 207.640449206034 232.848306496938 244.950393835704 261.853933334351 278.947075208028 280.819733937581 284.81521209081 297.875305016836 311.96928024292 326.925059159597 325.260480244954 323.903977870941 326.044301191966 336.265087127686 341.972510019938 342.612663904826 336.963136990865 321.973105271657 304.45788304011 278.841118017832 234.695871671041 196.137328942617 171.610434850057 147.108018398285 148.251076539358 160.932540893555 197.129547595978 237.545768419902 263.657450675964 279.382169246674 288.947264353434 288.445691267649 274.239738782247 259.965976079305 292.547345161438 287.459850311279 319.782674312592
283.111949761709 285.674512386322 298.001805941264 309.158841768901 301.176965236664 289.898773034414 256.502290566762 234.010259310404 213.920652866364 207.029283046722 225.111961364746 242.060363292694 255.400697390238 273.695568243663 278.64275376002 281.799515088399 293.847680091858 306.30624294281 316.043217976888 317.278703053792 321.633458137512 318.630278110504 325.561463832855 314.56845998764 305.96536397934 300.951838493347 291.984558105469 278.441071510315 246.81544303894 190.442204475403 169.141034285227 166.749477386475 149.823109308879 129.52599922816 120.03152569135 134.635428587596 181.537588437398 218.844493230184 243.631641070048 257.287780443827 246.432860692342 224.924921989441 246.066391468048 307.961185773214 299.868007500966 322.677413622538
278.245230515798 282.124141852061 295.566439628601 305.473228295644 302.801330884298 291.578571001689 267.172336578369 256.057600180308 247.694830099742 232.507089773814 232.874353726705 252.047737439473 267.082631587982 281.863967577616 288.634518782298 286.348601182302 292.901893456777 304.6000401179 310.906847318013 318.087100982666 327.031016349792 318.311055501302 298.621078332265 294.512331485748 295.026779174805 290.836652119954 281.18489185969 267.579674720764 223.986744880676 195.062398910522 194.149871667226 211.148917675018 216.226696968079 193.61154238383 158.569941918055 138.265371322632 157.24981824557 185.576597849528 226.533571879069 241.118311882019 222.15074300766 213.261127471924 253.844122091929 290.945887565613 310.823122660319 332.362214724223
280.330777168274 282.127022743225 290.971219539642 301.590184370677 315.361460049947 299.65082804362 279.299954573313 268.510123093923 266.340692838033 260.856707890828 252.906103928884 267.999370892843 281.916936238607 296.045263608297 296.978155771891 293.038010597229 295.552472273509 305.407782395681 312.935988108317 322.006742159526 316.170374552409 308.648308118184 304.304798444112 297.070284684499 294.342676798503 292.143126328786 280.043164889018 266.124129295349 229.848921298981 223.792235056559 245.99301815033 269.032100836436 272.965590159098 286.442081133525 267.855922381083 184.083878993988 169.036070505778 181.118408838908 207.627872625987 239.089488983154 231.559197107951 263.055920600891 255.639473597209 267.597556114197 301.968216896057 323.710640271505
284.530679384867 280.764162540436 284.108916918437 297.226786613464 334.228912989299 307.763536771138 284.762223561605 267.040054003398 267.471591631571 275.460998217265 268.893778324127 274.952411651611 288.262883822123 299.247006575267 300.914545853933 300.488730271657 301.763693491618 307.165662447612 308.11748902003 311.170160770416 308.22346607844 301.753560702006 300.317923227946 303.914705912272 303.175667921702 297.091643015544 288.883884747823 276.980360349019 251.467903455098 249.59276119868 274.3954261144 289.080103238424 286.963621775309 300.828337669373 329.356471697489 264.735678831736 199.934780597687 184.831321239471 199.025809764862 242.814878622691 268.985172112783 312.111179033915 265.609622001648 259.215613206228 288.320660591125 301.886757214864
281.518618265788 273.920953273773 277.997493743896 303.694188594818 345.447262128194 305.024524529775 274.95817343394 261.705696582794 267.281730969747 275.669515132904 274.450500806173 273.346781730652 287.216504414876 298.860112826029 304.178714752197 309.423565864563 304.895023504893 291.791717211405 302.215158939362 302.761276563009 301.829973856608 298.787693182627 298.674682776133 302.334268887838 308.360477288564 300.708969434102 295.99275191625 286.618272463481 262.198110421499 256.449361642202 279.60338195165 297.964950402578 296.321233113607 294.392744700114 316.988309224447 323.994259039561 236.535092194875 178.851842880249 168.68527730306 214.817007382711 276.260018348694 293.573975563049 257.279237111409 236.14631096522 262.920558452606 277.391533056895
273.849685986837 266.246914863586 275.104641914368 314.065416653951 342.143535614014 302.674770355225 268.601318200429 251.272082328796 249.657054742177 254.152178764343 255.922456582387 261.793911457062 283.606906731923 300.728698571523 304.49648698171 306.114355723063 304.295122623444 293.276250362396 294.582625230153 294.902523358663 297.249595324198 298.878252506256 298.13152551651 302.626033624013 306.524753570557 305.50225575765 302.672028541565 292.480746905009 270.331343015035 265.446424484253 284.237027168274 302.41197347641 297.599991162618 293.935934702555 302.895545959473 324.152886867523 314.390977223714 241.883238156637 192.772150039673 201.686342557271 237.033168474833 250.150779883067 248.667418956757 222.085038820902 235.61958471934 263.012687365214
261.774400870005 272.191782792409 301.538944244385 347.180684407552 349.398970603943 307.628591855367 270.998318990072 242.92250474294 237.98002799352 248.874068260193 241.592089335124 242.778519789378 276.432394981384 300.216197967529 305.008987585704 308.562537034353 309.048533439636 297.774096330007 296.840727329254 299.343784650167 298.621714115143 301.434775193532 302.785396575928 306.338747342428 307.917475700378 310.435136159261 310.741901397705 300.834616025289 283.018052577972 278.018097082774 289.684971173604 302.298764387767 300.00368754069 299.051503340403 302.25267012914 304.736038049062 329.782168070475 343.103567759196 279.796381791433 232.910255591075 220.7403977712 209.206620852152 226.661880811056 224.937538305918 232.578496138255 268.971761067708
280.266761779785 304.834584395091 321.628352006276 325.843453407288 355.275551478068 338.836868604024 305.567264556885 267.636020978292 251.929303010305 265.042424201965 261.879444122314 242.004374663035 261.656224727631 293.422261873881 305.191000302633 308.15867582957 309.378246466319 307.603100935618 300.578018029531 301.110068957011 303.16432317098 305.664976437887 307.33048915863 307.914197444916 307.885487874349 315.711498260498 317.828138669332 314.926425615946 300.449093182882 293.670058250427 296.571314334869 299.984236558278 301.608721415202 305.726846059163 308.084011077881 296.286324659983 305.147588253021 344.340682029724 343.969742457072 285.932699839274 237.765391667684 210.272967815399 210.826536019643 229.163070519765 253.335436185201 283.902287483215
308.864235877991 316.0746494929 304.029981295268 296.081165472666 315.186063448588 338.204940160116 334.168434143066 308.090150356293 283.683836460114 288.517753283183 290.5513048172 268.612543741862 262.664298216502 286.494672298431 305.181225140889 308.648387591044 307.296633720398 310.777286688487 303.987761338552 302.951236565908 306.981027126312 307.939529418945 308.19574991862 308.678885300954 311.265885829926 318.443139394124 323.432008425395 323.566277821859 309.93249018987 300.642391045888 306.600471337636 308.942198753357 304.623444875081 307.035545508067 311.32052342097 301.466246445974 300.553441047668 321.373244126638 328.301270802816 305.68524201711 276.669224103292 234.71595843633 213.747680187225 223.562280337016 245.093703269958 276.558975378672
296.835422515869 288.155078887939 280.411501725515 269.181847572327 269.527693589528 290.724953015645 313.256859779358 312.945326169332 302.975495656331 307.079513867696 305.990735689799 292.430281639099 284.169415632884 294.726113478343 307.808498541514 308.30983320872 306.764642397563 308.491031328837 303.449253241221 305.906256039937 305.890083312988 308.964312076569 307.392716407776 306.332647800446 310.215512911479 316.703220208486 321.421841780345 321.931560834249 312.983771165212 307.855824629466 312.209705511729 309.824109077454 299.75950717926 299.536804358164 303.789397080739 288.989663124084 286.084711551666 287.638564904531 283.713817596436 290.277202924093 298.572738965352 266.076346238454 237.554927666982 228.518009185791 230.246464411418 252.92839606603
288.834154605865 277.481277783712 283.89835357666 269.274830818176 261.026561260223 272.987882296244 300.197501977285 326.582650343577 324.309885501862 314.248919487 302.553117275238 301.196575164795 310.976723829905 311.789294083913 310.253202915192 309.212843577067 309.656242529551 307.730456193288 306.29555384318 309.037804603577 308.545152346293 307.697614034017 306.103825569153 307.769517103831 307.187676429749 311.396757761637 315.617521603902 314.44905201594 312.7121925354 313.20587793986 313.602328300476 303.560415903727 288.201590379079 293.754835923513 292.956550916036 277.15657154719 277.786374092102 278.034786383311 286.392589410146 310.264309247335 309.467891852061 295.447945594788 273.617466290792 257.815917332967 239.731113115946 233.123183250427
309.74547068278 304.007848103841 313.861568768819 308.574457963308 298.260649045308 303.204973538717 320.534427960714 343.954126040141 339.607119560242 316.716253757477 301.546951135 310.269792874654 325.62663157781 323.406179745992 316.41552845637 319.387058417002 313.990235328674 310.899535814921 311.765948931376 314.311067263285 312.386035919189 309.331734975179 308.297673861186 310.260454813639 308.968802293142 310.118734836578 312.097489833832 308.744966983795 311.862687269847 316.712816556295 313.452521959941 302.841564019521 289.72339630127 290.372312068939 284.058531125387 279.853979746501 284.893771012624 285.053451855977 297.437230745951 329.581300417582 298.561672369639 282.27831919988 274.66356754303 266.64404074351 252.556363741557 228.761374950409
336.928288141886 333.668867746989 335.724353790283 338.507215181987 329.347868760427 322.877923647563 327.457944552104 342.413226763407 340.648810068766 311.962604522705 305.366992950439 318.18014383316 331.620534261068 323.764105637868 320.424874623617 321.826140085856 326.982498168945 318.609595298767 320.288717746735 320.810695489248 318.051298459371 314.919730027517 311.88428401947 313.716729482015 311.341504255931 307.960311571757 309.490938981374 312.248965104421 314.802269140879 319.124539693197 314.68391418457 304.809848467509 292.337516943614 286.090950171153 278.931717077891 284.154375394185 290.788968404134 289.401014645894 292.522589365641 317.750175793966 288.345396518707 246.257583300273 235.11012395223 229.471226533254 226.731181144714 220.833301544189
350.936015446981 347.35361735026 341.642379760742 342.748602231344 337.569316228231 328.945477803548 325.13036330541 330.537577470144 338.078419367472 319.51783100764 321.377058823903 330.316166083018 328.965147336324 325.581709543864 322.398066520691 324.928124745687 331.934293111165 326.992869377136 322.894791762034 322.34255472819 322.545846303304 318.660855293274 314.677198727926 312.640825907389 313.128570715586 310.383160909017 311.338384946187 314.373075962067 316.044549147288 317.923069000244 316.382129987081 306.994497776031 295.788923899333 279.9285252889 271.977365016937 287.139376004537 297.271370887756 294.775426387787 284.531911214193 301.751573880513 290.043890476227 223.260243733724 194.007496039073 180.509368578593 180.614988009135 187.751789887746
355.559706687927 357.76408513387 356.117963790894 353.337526321411 348.691542943319 342.407782872518 334.357380867004 329.065263271332 331.630647182465 329.809943834941 339.891354242961 340.696414311727 333.288729190826 335.211674372355 327.996989091237 324.499507745107 331.566909948985 331.460376580556 324.421445528666 323.327541351318 321.716825167338 317.705094814301 314.245323340098 312.019864718119 314.053475856781 313.367565472921 312.002539634705 314.906219641368 315.026919047038 315.778056780497 317.506909370422 310.902853806814 290.532847245534 268.819769223531 277.57998307546 298.985640207926 301.515320936839 295.536935329437 278.774638970693 284.815510114034 311.28317117691 268.827478090922 211.545765399933 181.451578934987 169.385929902395 163.594245910645
347.59521484375 350.267847379049 350.107431411743 353.552341461182 356.996019681295 358.858386675517 357.603629430135 353.977759679159 351.670344670614 354.896187782288 352.504968643188 341.972907384237 338.129917780558 333.106716473897 333.536386489868 327.330152193705 328.897436459859 330.092628796895 323.173940181732 321.655710538228 321.813801924388 321.994841098785 320.02454996109 313.157280286153 312.20281124115 313.194493452708 314.131637414296 316.742459932963 318.151990572612 317.574938138326 316.788415114085 311.944584051768 286.75772746404 269.446531931559 291.203459103902 305.74232339859 301.076094309489 297.079126040141 283.474644025167 277.87971496582 314.208308855693 343.421538670858 293.284734090169 240.107258160909 198.936323324839 168.416659037272
