input/barkrak2/radiation/dir14424.grid
NCOLS 85 
NROWS 70 
XLLCORNER 665100 
YLLCORNER 4664600 
CELLSIZE 20 
NODATA_value -9999 
[rows 0 to 19 of 70, columns 0 to 45 of 85]
344.140052795409986 348.037838935852 348.964293797811 346.758445103963 342.460791269938 337.187250455221 329.638997713725 323.383907477061 328.069587548574 327.127198378245 324.137588342031 331.581910451253 337.536493937174 337.457935015361 339.646061261495 345.234513282776 345.185359319051 337.284922599792 330.788572629293 319.573124249776 298.801481723785 295.277714729309 312.892436981201 320.275902748108 317.259689172109 316.017905871073 314.874867598216 305.767317612966 287.330210208893 280.74703613917 278.781950473785 285.176972548167 297.070304552714 302.6136358579 308.690130710602 300.692141056061 298.166473706563 307.221035162608 305.240372816722 305.056949456533 296.370406945546 278.827826182048 288.376609484355 310.181736946106 315.667311350505 307.691673437754
336.221059163411 342.874844868978 342.586835225423 344.373305638631 343.324343363444 340.248187383016 330.592215061188 321.093400319417 324.127892653147 325.722018877665 320.93334197998 326.488534609477 333.823124567668 334.753076235453 334.557294845581 339.165170987447 338.647166887919 335.74648698171 333.707412083944 326.338489850362 312.061429023743 305.551429589589 311.716655890147 316.910048325857 315.727551778158 313.217639923096 312.145113945007 305.604815483093 290.691316127777 280.817786852519 282.14152654012 293.040633201599 293.974936008453 296.479423840841 307.624240716298 299.442450205485 293.648719787598 293.583273887634 291.798750559489 304.393966992696 302.285671234131 290.771861871084 297.354062398275 315.056482950846 320.732315381368 310.481071472168
313.02273273468 314.357280731201 318.264603614807 324.172218640645 327.77996857961 333.489457766215 335.238456726074 333.108067512512 330.799321333567 327.755391597748 319.85992193222 320.570588111877 328.84959379832 330.75879017512 327.212393283844 330.58907588323 334.855000178019 337.635676066081 337.362209955851 332.705557346344 329.087932904561 321.738839149475 314.988096555074 313.923875490824 315.964539845784 315.687874952952 310.941894849141 304.039200146993 292.389909426371 281.057953834534 279.689431190491 293.265918890635 282.415390014648 288.718660672506 302.596886952718 297.334889570872 283.271690209707 276.846667130788 288.581470648448 305.167992909749 306.16557598114 305.632789929708 306.978066762288 320.034464200338 329.684992631276 316.86407327652
295.282085736593 290.609320004781 297.041992346446 295.787592728933 301.591018835704 305.256406466166 310.076336065928 318.752706050873 328.348755836487 333.18434158961 330.96847931544 329.988439877828 331.092874209086 331.092476844788 327.189246813456 322.382867336273 325.965782006582 330.3036292394 334.52836672465 335.433125495911 332.829852898916 329.560975233714 329.257925351461 323.636968930562 321.381787459056 322.87855943044 317.125916481018 308.994392553965 300.936698913574 292.113085587819 283.493459224701 292.635242144267 282.333115736643 287.907123565674 294.671336809794 295.829097429911 290.283878644307 287.320991357168 303.983052571615 315.0541583697 311.885794003805 304.218510786692 300.760229428609 309.29172039032 320.940593878428 321.079572041829
307.0414463679 292.748669783274 278.23015054067 270.800789197286 275.697648525238 288.070321083069 303.455452124278 310.626943906148 317.146897315979 321.401019891103 330.747405687968 337.480505307515 340.027769406637 339.384317398071 336.659510930379 334.42234992981 332.300543785095 327.437301476796 329.485456148783 333.996057510376 333.063542842865 332.69194761912 335.801641146342 331.061939398448 327.079077561696 326.702237129211 321.569184462229 313.603281974792 305.392523606618 300.152619679769 299.33500289917 299.901366233826 293.241401513418 295.214454332987 293.02442073822 296.585202217102 306.329568227132 310.934007167816 318.647126356761 322.542508443197 320.812225341797 313.103318214417 306.442677974701 303.155163923899 308.315018812815 325.637598832448
332.997381687164 314.835329850515 295.649846394857 275.86168050766 267.023503780365 276.526808738708 297.29562997818 309.535245100657 311.124046643575 312.252481778463 317.998886108398 326.049526532491 331.143418947856 334.297259648641 337.273518244425 337.679982185364 334.515968958537 327.788631121318 327.172338962555 330.552538235982 330.418050289154 333.926995595296 339.814742406209 337.023933728536 332.682649294535 331.802368164062 325.773457686106 317.712585131327 307.766119639079 301.598350207011 302.461405595144 300.407628218333 304.185907046 310.405035813649 304.893712202708 302.007138729095 309.691866238912 316.472013791402 319.171547889709 319.497207800547 319.972614447276 316.484967867533 313.796877861023 313.372234503428 311.362683773041 314.220945040385
341.570695241292 331.137299537659 317.551096280416 303.185403347015 287.010093530019 276.272773742676 282.852371533712 305.714547634125 313.721120357513 318.962196509043 317.210773626963 313.796897729238 310.992777347565 307.513495286306 309.12443002065 318.94572575887 325.097819169362 331.447760264079 334.898273150126 335.741758346558 332.477927207947 329.044500986735 335.649768511454 337.593634923299 335.964918136597 336.9988600413 333.888133366903 326.807618141174 317.222118377686 311.077376206716 307.895878950755 309.748450915019 322.139541308085 327.75072256724 324.66067870458 318.059186140696 316.322485605876 319.475710391998 321.901917457581 326.482872168223 326.079428195953 322.141170501709 318.719029426575 313.535253206889 299.202819665273 292.693813641866
339.181820551554 337.90655930837 335.016051928202 327.936212221781 314.332922299703 292.142033576965 272.7037469546 274.195075035095 301.410039265951 318.576375643412 322.96488682429 319.435079892476 313.904802004496 307.786266009013 299.019555250804 301.586051781972 309.280435244242 319.537262121836 331.575135389964 338.379462560018 338.238755861918 333.033402760824 333.745042483012 336.319486300151 336.339672406514 338.423808415731 337.758938471476 333.90212059021 327.87831624349 324.834446112315 323.220471541087 323.985517024994 332.887331644694 335.967501004537 334.990262985229 331.196149190267 326.010922590892 321.811477343241 316.111147403717 320.713102817535 328.080813090007 332.089642683665 332.215944925944 324.207981427511 308.697700500488 294.109880924225
336.130817731221 336.800614992778 336.597760518392 334.301551183065 328.553259372711 316.922028859456 296.053210894267 272.666970888774 280.851264794668 300.38716395696 314.86721833547 319.663882255554 319.97150182724 318.591972192128 312.649051348368 308.15585454305 306.305607159932 308.40273698171 318.021098772685 328.377405802409 335.722287495931 337.668538093567 336.568593978882 334.032336870829 334.370295206706 337.232708930969 338.733434677124 336.937030156453 334.744493166606 336.168567339579 337.242364883423 335.947632789612 338.121891021729 338.746547698975 336.511929829915 334.957679112752 331.660548845927 323.922733465831 310.565153757731 313.366671403249 328.436116377513 333.609422047933 331.643362840017 326.441665490468 317.560831705729 308.634499708811
324.389676253001 329.26219701767 331.567247708638 331.674993038177 330.443600813548 330.040514469147 322.535196940104 310.528000195821 286.688367525737 279.865006605784 291.413883368174 308.810353279114 322.642544905345 327.398200829824 329.213897387187 324.754198392232 315.563956896464 312.331557273865 311.889807383219 312.98949321111 318.806111812592 322.900990645091 326.382736365 328.382849693298 331.198175748189 333.501895268758 335.252682367961 333.779414494832 333.410342534383 336.313327153524 337.650259335836 337.709665298462 340.199549992879 342.236677805583 340.629498163859 336.488723754883 334.311882654826 330.127020676931 313.472171624502 310.753345489502 324.629783630371 327.093323071798 325.007637341817 322.550892829895 314.344624678294 305.476089318593
292.194366455078 302.301188309987 310.543894767761 316.724975903829 321.769038836161 326.650738716125 328.975955645243 327.689270178477 310.896337032318 290.476600329081 278.959234555562 285.759766896566 306.710441907247 322.552104791005 330.127815405528 325.024863084157 320.999622344971 316.576858361562 311.35634581248 307.60403474172 307.855168978373 307.603518168132 309.432725111643 316.645820935567 323.135813077291 327.173034350077 328.822652498881 328.382591406504 330.694198608398 333.429892857869 334.217151006063 336.153268814087 340.449213981628 342.009822527568 340.604384740194 337.756156921387 336.919903755188 337.151964505513 327.137589454651 317.09889570872 321.677366892497 325.182874997457 326.661586761475 326.310575008392 318.927923838298 310.906151930491
258.148948351542 262.75376478831 270.040730635325 280.325452486674 292.975783348083 305.249273777008 317.895154158274 321.855862935384 322.746555010478 314.485490322113 295.99384466807 279.890418052673 280.419131120046 299.37998453776 317.432721455892 318.29297542572 323.092401027679 321.944614251455 316.259384155273 308.253347873688 303.488453229268 301.121075948079 301.205118497213 307.823657989502 312.419931093852 315.47208627065 317.06957022349 319.779932498932 323.847353458405 326.579829057058 328.519821166992 332.150717576345 336.004018783569 337.218920389811 336.125771204631 335.603992144267 337.952494621277 340.378801027934 338.213006655375 330.830415089925 329.430480798086 332.405149936676 334.224979082743 333.927949269613 328.188379605611 325.77387491862
248.402337233225 244.519948959351 242.453634738922 242.485543092092 249.546349048615 264.242668946584 284.36666727066 301.252941290538 321.118613084157 323.687175909678 316.66225194931 300.465742746989 278.168618679047 274.839560190837 294.185837109884 313.288946946462 323.208689689636 324.603617191315 321.982105573018 316.71816110611 309.832990169525 308.981160322825 308.658281962077 309.353093306224 309.040665626526 307.300984859467 310.399095217387 316.363175710042 318.554441134135 319.495260715485 322.700440883636 326.451261838277 327.30229695638 328.334967295329 329.055428504944 331.693172454834 337.858557701111 340.746680895487 340.446909268697 340.360720952352 339.076042175293 338.681856791178 337.594072024028 337.063074111938 331.505020459493 328.748285770416
243.280231952667 218.680103619893 202.761809031169 196.72030210495 194.119811058044 200.092752774556 219.343701998393 251.414954662323 283.44206015269 310.228069623311 321.106811364492 321.5358654658 310.243705908457 290.351490179698 288.204153378805 307.015160719554 318.665444850922 326.083858807882 329.530517260234 327.777286370595 320.491115252177 318.240960439046 316.090901692708 316.010594367981 315.176645914714 313.235759735107 315.87419907252 320.635000864665 319.729387760162 315.887808799744 319.806377092997 323.365787665049 324.834942817688 324.231684207916 326.090614000956 330.285767714183 334.105253219604 335.529724756877 336.306134859721 336.561878522237 337.697347005208 338.473200798035 339.666247367859 338.636994361877 333.699027697245 330.126086870829
227.910657723745 192.852099736532 170.489529768626 166.268765926361 165.932436784108 170.827587445577 179.348826408386 203.260918458303 229.973196983337 275.334775447845 316.839853922526 332.420945167542 334.507942199707 324.860135714213 307.127952575684 303.838769594828 307.024002075195 317.937751611074 328.213214874268 331.66895310084 330.970823764801 327.016353607178 325.797180334727 323.993325233459 321.020404497782 319.547593593597 322.009523709615 323.330680529277 318.342943986257 315.408964951833 318.875908851624 322.04790910085 322.301904360453 322.474420070648 323.902249336243 326.367378234863 327.684660752614 327.057480812073 327.83168554306 327.841063340505 330.957194169362 333.896398544312 336.435159047445 336.184899012248 332.26490020752 331.031362215678
193.538308143616 167.688727378845 149.368762969971 147.102226813634 163.12712430954 183.821141719818 183.945616086324 190.896431605021 210.153222084045 240.097165107727 287.245313326518 328.959584236145 340.076883633931 338.933944702148 329.4877409935 309.482673803965 301.403681437174 302.158713340759 314.746101697286 330.112298329671 334.673007329305 331.742028395335 332.678318023682 328.964591026306 324.535687764486 324.67661301295 327.19612121582 324.594696362813 319.329460461934 321.783483028412 323.834796746572 322.619160016378 320.8313981692 320.246378580729 320.72643438975 319.331447283427 318.201224009196 315.471748510997 316.114942232768 317.322532335917 320.627590020498 323.19700717926 324.896434942881 325.131833553314 328.534185886383 330.78537384669
171.165029207865 160.828510920207 147.07491795222 139.013290405273 142.56872733434 168.02974541982 187.32625246048 192.132731278737 205.783247947693 219.799319903056 242.818653583527 293.73824596405 334.260145823161 338.247855504354 335.738738377889 330.554366111755 323.825577894847 313.348392645518 304.620166619619 313.249905904134 328.287084897359 333.595275878906 335.391640663147 332.895855108897 328.859130541484 329.810818036397 332.237462202708 329.382161299388 326.072971026103 329.912563165029 330.513795216878 324.002683162689 319.619397322337 317.536354064941 314.389030138652 313.588043053945 309.69766775767 308.836301167806 309.167226155599 310.523569583893 312.539199988047 314.659277598063 315.485676129659 317.257603009542 326.311786969503 330.378274122874
162.677397330602 165.449490149816 161.956290404002 149.873147408168 133.315026760101 145.653327306112 175.29304822286 193.815608819326 212.848703066508 223.649740219116 230.207085609436 259.253124396006 303.949515024821 333.475351333618 338.01790078481 339.404980341593 338.499704996745 332.018256187439 319.631695747375 307.917873064677 314.866006374359 331.168393294017 332.726279894511 331.758697827657 332.023839155833 335.736036300659 337.533553441366 335.880796114604 333.426952362061 334.906737009684 331.858277320862 325.251956780752 321.45764430364 316.683967908223 312.652170658112 310.684581597646 309.15504693985 308.408677577972 308.403432369232 309.882541497548 310.785671075185 312.055051326752 312.128961086273 315.119942029317 321.352740128835 328.5018603007
171.44517103831 182.457248369853 189.112067222595 178.772250811259 157.392124334971 157.167434692383 177.54598458608 198.799669742584 217.651267846425 237.930734952291 246.754368146261 252.533853054047 279.418587684631 309.670766194661 331.89179499944 337.641557057699 338.376760482788 337.626059850057 335.468848546346 325.24581750234 312.122305234273 320.461332798004 325.487554073334 330.203056335449 335.293849309285 339.295506477356 340.290665626526 339.158415794373 335.004091262817 334.316492080688 330.253223578135 325.856586297353 321.838319301605 317.915380001068 315.480927626292 311.77419424057 311.502734820048 309.635519981384 309.038122495015 310.404817263285 313.502351442973 314.632137616475 314.287304878235 315.462271372477 316.750844319661 324.350873629252
183.779259522756 189.412732919057 202.096422513326 213.770786921183 200.498243172963 174.369156360626 176.750242710114 188.405235608419 205.863038698832 231.970429420471 243.983169396718 247.466345628103 257.568736871084 276.281932989756 294.796307881673 327.511270840963 332.520325978597 333.639701207479 334.447065989176 334.150950113932 329.575578371684 319.762031237284 320.678015549978 326.553245385488 333.044528961182 337.939182917277 340.274333953857 338.758627573649 333.028852939606 332.48382806778 328.697462876638 323.387781778971 319.596608479818 318.166216214498 316.81881348292 314.043998718262 312.18147277832 305.691520373027 304.449021816254 310.921768347422 315.644522507985 315.866033236186 317.676107088725 317.609190940857 314.562956492106 321.312705675761
