input/barkrak2/radiation/dir17924.grid
NCOLS 85 
NROWS 70 
XLLCORNER 665100 
YLLCORNER 4664600 
CELLSIZE 20 
NODATA_value -9999 
[rows 20 to 39 of 70, columns 0 to 45 of 85]
210.540413856506 203.944305578868 220.350583394368 261.955857276917 258.084952831268 207.052568594615 189.54610824585 195.593655109406 208.428343137105 228.351612885793 245.22602558136 251.554052035014 262.77760664622 274.21627442042 292.408684889476 323.235193888346 335.990826288859 338.217178980509 342.724521954854 348.707914352417 350.620746612549 345.534483591716 344.701131184896 346.139311790466 346.087018648783 347.173015276591 348.759412765503 345.285455385844 340.48867225647 340.17288684845 334.582249323527 324.790219465892 317.345043023427 314.32847181956 313.211977481842 318.079888820648 318.354566891988 320.613384246826 325.033605098724 327.507138252258 328.34933201472 328.339298566182 329.131325085958 325.320144494375 329.309463500977 331.114570299784
235.266705354055 236.444453398387 256.600896517436 287.455340226491 281.981368859609 220.213691393534 202.190200487773 200.703819592794 207.687079906464 224.408427874247 234.973073005676 245.158056418101 253.765642642975 262.580533822378 275.23418267568 294.360041618347 321.483830610911 334.582010904948 338.4929895401 345.595439275106 348.938544591268 352.482994397481 353.529254595439 352.996746699015 350.40028889974 346.157511075338 343.713641166687 340.23642539978 338.844021161397 332.271675268809 316.23379389445 289.793292681376 271.551708380381 270.928800106049 278.899828592936 295.897444089254 303.818603356679 316.371281941732 325.088500976562 325.9064356486 323.182543118795 322.389721870422 317.351698875427 305.215577284495 321.57309850057 329.481561978658
273.214757442474 282.162090142568 292.487740516663 302.172501881917 301.93163951238 255.475342273712 225.010057290395 208.640853563944 204.93749777476 216.249525547028 236.533085505168 245.46754360199 256.637632846832 268.118262290955 273.214717706044 288.131018479665 302.797536055247 325.024604797363 334.401210149129 335.58710416158 336.991469065348 345.940430959066 350.40291150411 350.133458773295 347.607692082723 345.636447270711 342.93007850647 339.724540710449 327.019592126211 310.70069471995 267.599165439606 216.325322786967 197.576820850372 215.896328290304 244.008878866831 266.931275526683 284.287393093109 303.158601125081 314.375042915344 316.085080305735 318.910539150238 319.308121999105 298.910617828369 279.803077379862 304.978807767232 327.054023742676
290.944159030914 295.037627220154 298.975845177968 307.224909464518 307.176947593689 288.932005564372 247.598687807719 215.687870979309 202.865262826284 207.495868206024 232.668459415436 244.710683822632 261.518081029256 276.578803857168 280.383865038554 284.368256727854 297.394474347432 311.482171217601 323.876261711121 324.76540406545 323.427100976308 325.594902038574 335.82349618276 341.529965400696 342.161893844604 335.237304369609 321.606357892354 304.137925306956 278.50733200709 234.258155028025 195.665955543518 171.107769012451 146.393666664759 147.564808527629 160.292764504751 196.503361066182 236.934761206309 261.550307273865 278.814474741618 288.376530011495 287.864784399668 273.612856864929 259.301821390788 292.005697886149 287.12006409963 319.267332553864
282.713611920675 285.247584184011 297.445297241211 308.512568473816 300.565143426259 289.405783017476 256.181041399638 233.796874682109 213.780879974365 206.919987996419 222.300251324972 241.827050844828 255.086382230123 271.412154038747 278.202851613363 281.360149383545 293.382922808329 305.820882320404 312.682191530863 316.48051738739 321.15109761556 318.158586819967 323.02325963974 314.176559448242 305.616656939189 300.615946451823 291.663845380147 278.113782405853 246.425787607829 189.97859954834 168.551325798035 166.230340798696 149.225264787674 128.81988286972 119.42313114802 134.018311897914 180.84321419398 216.331938902537 243.040144443512 256.669461727142 245.776792367299 224.235455195109 245.418906211853 307.584802309672 299.590229988098 322.21931219101
277.797162532806 281.690339247386 295.06242275238 304.815014203389 302.167197068532 291.07274611791 266.859372456868 255.883653958639 247.571508089701 232.418755690257 232.754627863566 251.85889005661 266.792774200439 281.473477681478 288.2000207901 284.234722455343 292.454878489176 304.132044315338 310.398737589518 317.506114641825 326.418916384379 315.588692824046 298.288663228353 294.159948825836 292.620718479156 290.475904941559 278.700093428294 267.21578836441 222.643891970317 194.601158301036 193.659742673238 210.637132326762 215.653816858927 192.868192990621 157.987415790558 137.886464595795 154.657552639643 184.988836447398 225.757161776225 240.471164385478 221.455176671346 212.567528088888 253.316680590312 290.774544080098 310.619950294495 332.027912139893
279.872377713521 281.691392262777 290.503601233164 300.972680250804 314.028362433116 299.211124579112 279.07661596934 268.404444058736 266.293068726857 260.816852251689 252.814213434855 267.852783203125 281.658391157786 293.916583061218 296.544810136159 292.592108249664 295.112133026123 304.962356885274 312.450627485911 321.56769434611 315.715789794922 308.226545651754 300.812721252441 296.703656514486 293.964107831319 291.762928167979 279.667317867279 265.742460886637 229.447364807129 223.372101783752 245.535830656687 268.600682417552 272.561291853587 285.901288191477 267.234365145365 183.595697085063 168.768266836802 180.692712465922 206.981082757314 238.423724969228 230.42885462443 262.424310048421 255.443612734477 264.53975836436 301.758885383606 321.72437508901
284.079750378927 280.314962069194 283.645371596018 296.647866566976 333.66604646047 307.434181372325 284.624298413595 267.008662223816 267.45863755544 275.402069091797 268.790781497955 274.794360001882 288.009444872538 298.877974351247 299.191852410634 300.038119157155 301.342606544495 303.154627482096 305.997431278229 309.304555257161 307.894190152486 301.410992940267 299.743433793386 303.284287452698 302.792390187581 296.706875165304 288.501699765523 276.598354180654 251.141011714935 249.265491962433 274.020791053772 288.717269897461 286.644558111827 300.495465596517 328.780810038249 264.180620511373 199.518620967865 184.450010458628 198.446770509084 241.82136853536 268.325606981913 311.688999334971 265.522519747416 259.144127368927 288.027505079905 301.43674214681
281.080941359202 273.449003696442 277.52161026001 303.114632765452 344.955245653788 304.787576198578 274.870137373606 261.673112710317 267.216841379801 275.527000427246 274.275680383046 273.155013720195 286.954879760742 298.490564028422 303.727825482686 307.734429836273 304.508328437805 291.468898455302 300.243278344472 302.382349967957 301.457305749257 298.403302828471 298.298140366872 301.703671614329 307.664195696513 300.301611423492 295.606136322021 286.228934923808 261.896967887878 256.16975625356 279.299298922221 297.650655110677 296.044230461121 294.115960597992 316.618124643962 323.395570119222 235.860904057821 176.348745822906 168.112734953562 213.956832885742 275.694628556569 293.253739674886 257.170299688975 235.994398593903 262.542466322581 274.983465671539
273.435791333516 265.772740046183 274.612526098887 313.488900661469 341.686964035034 302.437782287598 268.47638686498 251.166105270386 249.500612417857 253.932853539785 255.705853303274 261.596322059631 283.342778682709 300.371646881104 304.049491882324 305.699567000071 303.930759429932 292.926251888275 294.203698635101 294.499278068542 296.845217545827 298.48051071167 297.751804192861 302.248597145081 306.121289730072 304.70339457194 302.279313405355 292.073090871175 269.975940386454 265.159924825033 283.964892228444 302.138646443685 297.3539630572 293.673872947693 302.643338839213 323.772013187408 313.760916392008 241.279681523641 192.26735830307 201.209823290507 236.623028914134 249.816636244456 248.450001080831 221.826573212941 235.20032564799 262.465516726176
261.386553446452 271.783252557119 301.137288411458 346.785187721252 349.058588345846 307.395617167155 270.810186862946 242.735286553701 237.751285235087 248.632212479909 241.380095481873 242.574532826742 276.201824347178 299.879233042399 304.605007171631 308.154900868734 308.670739332835 297.413984934489 296.462853749593 298.931856950124 298.208236694336 301.049431165059 302.414298057556 305.951952934265 307.506720225016 309.656818707784 310.336152712504 300.433735052745 282.64182806015 277.689615885417 289.432962735494 302.053729693095 299.748420715332 298.813700675964 302.058060963949 304.55219745636 329.418063163757 342.577417691549 279.248515764872 232.410947481791 218.254288037618 208.862165609996 226.414640744527 224.623004595439 232.154945532481 268.471936384837
279.880205790202 304.512282212575 321.437040964762 325.731217861176 355.069597562154 338.612039883931 303.685466448466 267.412563165029 251.75146261851 264.849126338959 261.653025945028 241.85303846995 261.498173077901 290.989240010579 303.154309590658 307.762662569682 308.984696865082 307.231108347575 300.190230210622 300.683915615082 302.751382191976 305.291016896566 306.960642337799 307.519813378652 307.473222414653 315.311749776204 317.071278889974 313.559472560883 300.075848897298 293.347398440043 296.306093533834 299.749175707499 301.38353506724 305.527567863464 307.502309481303 296.155671278636 304.928521315257 343.971808751424 342.693567276001 285.260558128357 237.197796503703 209.951678911845 210.591971874237 228.859802087148 252.976417541504 280.533572038015
308.631797631582 315.953731536865 304.041604200999 296.164234479268 315.184434254964 338.119943936666 334.041357040405 307.973066965739 283.597032229106 288.362145423889 290.381530920664 266.158521175385 262.52027352651 286.228974660238 304.8095703125 306.750774383545 306.890865166982 310.400366783142 303.571164608002 300.882379213969 306.575238704681 307.563304901123 307.811836401622 308.271765708923 310.848037401835 318.040251731873 323.050141334534 323.209822177887 309.569617112478 300.296425819397 306.237796942393 308.705747127533 304.400602976481 306.788802146912 311.093270778656 301.220039526622 300.286491711934 321.001748243968 327.726046244303 305.038889249166 274.673501650492 234.372814496358 213.535169760386 223.327060540517 244.827151298523 276.29292011261
296.817421913147 288.23467095693 280.530651410421 269.308984279633 269.668698310852 290.821512540181 313.288430372874 312.932431697845 302.930255730947 306.944648424784 305.886844793956 290.26863972346 284.031450748444 294.479171435038 307.449022928874 306.435485680898 306.335349877675 308.091262976329 303.008337815603 305.465420087179 305.486480394999 308.562537034353 306.984047094981 305.905063947042 309.806942939758 316.303352514903 321.057160695394 321.226338545481 312.625189622243 307.526548703512 311.939875284831 309.574087460836 299.460132916768 299.193819363912 303.458253542582 288.602987925212 285.697837670644 287.183403968811 283.097306887309 289.089878400167 298.023482163747 265.735328197479 237.330734729767 228.278358777364 227.341592311859 249.939282735189
288.896838823954 277.60378519694 284.010350704193 269.417822360992 261.191964149475 273.129562536875 300.260504086812 326.553662618001 324.227849642436 314.136147499084 302.504340807597 301.144500573476 310.816923777262 309.456030527751 309.869408607483 308.763980865479 309.215386708577 307.289858659108 305.84462483724 308.602293332418 308.118085066477 307.28679895401 305.685460567474 307.350118954976 306.800365447998 311.012864112854 315.252999464671 314.064602057139 311.753749847412 312.877277533213 313.31745783488 303.261081377665 287.883539994558 293.242037296295 292.582472165426 276.729802290599 277.362505594889 277.610421180725 285.857319831848 309.612234433492 308.986186981201 295.162796974182 273.398518562317 257.600863774617 239.549259344737 232.951839764913
309.741854667664 304.03862396876 313.859403133392 308.592677116394 298.324704170227 303.276340166728 320.521712303162 343.8347975413 339.470465977987 316.626985867818 301.516652107239 310.179193814596 325.422604878743 323.081175486247 316.015521685282 318.926850954692 313.531617323558 310.450653235118 312.80638774236 313.86943658193 310.29212474823 308.921754360199 307.891408602397 309.867103894552 308.578332265218 309.737841288249 310.120781262716 308.33899974823 311.060865720113 316.368520259857 313.1409684817 302.51810948054 289.414445559184 290.048797925313 283.683717250824 279.447138309479 284.436543782552 284.683446089427 297.006408373515 328.96492878596 296.627144018809 282.010555267334 274.408121903737 266.373415788015 249.79301293691 228.524525960286
336.769819259644 333.626826604207 335.663080215454 338.435967763265 329.342166582743 322.91962703069 327.456633249919 342.275023460388 340.529998143514 311.919093132019 305.31899134318 318.029622236888 331.317047278086 324.776808420817 319.984118143717 321.357369422913 326.515396436055 318.156778812408 319.843868414561 320.383429527283 317.648530006409 314.522266387939 311.493833859762 311.533490816752 310.956120491028 307.575980822245 309.099733829498 311.860183874766 314.428865909576 318.787475426992 314.379632472992 304.507255554199 292.034427324931 285.800139109294 278.575678666433 283.782482147217 290.411512056987 289.059678713481 292.162934939067 317.161997159322 287.78612613678 245.865484078725 234.739581743876 229.109168052673 226.40593846639 217.918356259664
350.683967272441 347.255984942118 341.572205225627 342.679619789124 337.522427241008 328.950683275859 325.123091538747 330.458104610443 337.999264399211 319.47390238444 321.263829867045 330.057621002197 328.567385673523 325.132409731547 321.947157382965 324.458479881287 331.476906935374 325.204213460286 321.974118550618 321.93911075592 322.149117787679 316.494723161062 314.286430676778 312.252899010976 312.743306159973 310.004969437917 310.951034228007 314.000566800435 314.927200476329 317.087531089783 316.070040067037 306.710660457611 295.506417751312 279.356598854065 271.614968776703 286.799430847168 296.667218208313 294.475833574931 284.081518650055 301.283876101176 289.375782012939 222.706615924835 191.733598709106 180.231153964996 180.247028668722 187.440792719523
355.18205165863 356.93097114563 355.385859807332 352.854212125142 348.572174708049 342.194279034932 334.300438563029 328.995188077291 331.580479939779 329.754571119944 339.715282122294 340.347091356913 332.843462626139 334.743658701579 328.526079654694 324.038763840993 329.832196235657 331.025342146556 324.008047580719 323.694189389547 319.635351498922 317.306836446126 313.847740491231 311.631997426351 313.675204912821 313.001155853271 311.620593070984 314.526498317719 314.666966597239 315.431793530782 317.176441351573 310.616552829742 290.257175763448 268.490056196849 277.22289164861 298.687140146891 301.243623097738 295.275092124939 278.529485066732 284.506738185883 310.659925142924 267.183462778727 210.847079753876 180.915355682373 169.049779574076 163.335899511973
347.108761469523 349.796454111735 349.634289741516 352.608760197957 356.582085291545 358.500520388285 357.388019561768 353.776454925537 351.499994595846 353.833595911662 352.137724558512 341.519514719645 337.643583615621 332.637051741282 333.061277866364 326.872766017914 328.465302785238 328.27627658844 322.740991910299 321.237822373708 321.410497029622 321.601331233978 317.807892958323 312.77596950531 311.824957529704 312.810699144999 313.756585121155 316.360533237457 317.777415116628 315.638701121012 316.087086995443 311.620871225993 285.934329032898 269.110421339671 290.912250677745 305.498401323954 300.828993320465 296.815812587738 283.246358235677 277.646323045095 313.902258872986 342.838446299235 292.655825614929 239.510099093119 198.496540387472 168.093144893646
