input/barkrak2/radiation/dir19924.grid
NCOLS 85 
NROWS 70 
XLLCORNER 665100 
YLLCORNER 4664600 
CELLSIZE 20 
NODATA_value -9999 
[rows 0 to 19 of 70, columns 0 to 45 of 85]
343.769272168477016 347.326834996541 347.858746846517 345.163146654765 340.593576431274 335.413177808126 327.605724334717 321.477154890696 326.233983039856 325.249930222829 322.187582651774 329.738299051921 335.824608802795 335.732062657674 338.771263758341 346.413056055705 345.738132794698 335.985581080119 329.078356424967 318.978746732076 297.629555066427 293.575962384542 310.811519622803 317.99856821696 314.896643161774 313.3425116539 313.212772210439 303.255836168925 285.016437371572 278.523008028666 276.964763800303 282.847980658213 294.168670972188 299.701472123464 305.560111999512 298.281868298848 295.479555924733 304.36776081721 302.35501130422 303.64332596461 293.489038944244 275.932570298513 285.826941331228 307.671904563904 313.601652781169 305.546482404073
336.327870686849 342.671553293864 343.149264653524 343.679865201314 342.547655105591 339.107275009155 328.848322232564 319.166660308838 322.330117225647 323.823491732279 318.940738836924 324.704130490621 331.964492797852 333.103775978088 332.405626773834 337.118228276571 337.921380996704 333.721200625102 331.77649974823 324.733475844065 310.760279496511 303.643902142843 309.354503949483 314.411282539368 313.846389452616 310.398320357005 309.426585833232 303.849260012309 288.31946849823 278.873980045319 279.908239841461 290.566285451253 290.970762570699 294.905285040538 305.156648159027 296.775917212168 290.857056776683 291.172663370768 288.319269816081 302.19026406606 299.920717875163 288.175225257874 294.834832350413 312.955379486084 317.947745323181 307.353854179382
314.669708410899 315.151572227478 320.57132323583 326.190253098806 329.031268755595 332.077225049337 333.786805470784 331.882039705912 329.211672147115 325.833380222321 317.991216977437 318.5955286026 326.648672421773 329.002439975739 324.889699618022 328.146974245707 332.287311553955 336.448550224304 336.474617322286 331.800778706868 327.847838401794 320.003509521484 312.573870023092 311.399877071381 313.323716322581 312.95375029246 308.335999647776 301.560362180074 289.970298608144 278.617858886719 277.328054110209 290.566921234131 279.12978331248 286.222259203593 300.073722998301 294.462899367015 280.189156532288 273.450314998627 286.313752333323 301.969945430756 303.084909915924 303.126176198324 304.554720719655 318.053464094798 328.059136867523 315.264979998271
296.544174353282 295.446773370107 296.781758467356 298.060158888499 302.476783593496 305.885473887126 310.438434282939 317.927320798238 327.214181423187 332.32303460439 329.36551173528 328.05856068929 329.295734564463 329.275012016296 325.290163358053 319.662153720856 322.663525740306 328.018446763357 333.125551541646 334.20459429423 331.549326578776 328.208188215892 327.142616113027 321.843246618907 319.571753342946 321.180721124013 315.385540326436 307.109475135803 298.928836981456 289.97011979421 281.18489185969 289.826075236003 279.769678910573 285.294850667318 291.655917962392 292.757312456767 287.078062693278 284.779330094655 301.673769950867 312.839249769847 309.564749399821 302.383542060852 298.464099566142 306.901733080546 318.001012007395 319.59209839503
311.21559937795 295.375446478526 277.849396069845 272.400657335917 275.601585706075 289.105157057444 304.103891054789 311.039725939433 316.393951574961 320.553580919902 329.606850941976 335.928718249003 338.148276011149 337.996482849121 335.135221481323 332.75959889094 330.097138881683 325.497885545095 327.671786149343 332.200884819031 331.370890140533 331.044952074687 334.480206171672 329.482237497966 325.322031974792 324.372291564941 319.749315579732 311.250249544779 303.050458431244 298.000375429789 296.966334184011 296.955267588298 289.891620477041 292.028228441874 290.042281150818 293.638666470846 303.367078304291 308.603982130686 316.423197587331 320.463220278422 318.832457065582 311.065713564555 304.095109303792 300.73070526123 306.091686089834 324.030617872874
333.706577618917 315.467357635498 295.34912109375 277.306656042735 268.609801928202 277.948101361593 296.892364819845 309.022168318431 311.478495597839 311.680793762207 318.307677904765 326.081017653147 329.958240191142 332.989533742269 335.848848025004 336.884021759033 333.459456761678 326.396425565084 325.600624084473 328.982353210449 328.568557898204 331.651469071706 337.833285331726 335.075457890828 331.025640169779 330.090641975403 323.963423569997 315.372208754222 305.641611417135 299.335479736328 299.933711687724 297.911703586578 302.102784315745 307.348926862081 302.045186360677 299.248019854228 307.274142901103 313.782533009847 317.017018795013 317.345817883809 317.818323771159 314.041415850321 311.533411343892 310.807506243388 309.262315432231 312.455753485362
341.010808944702 330.266197522481 317.966818809509 305.17190694809 286.770065625509 276.12825234731 282.644371191661 305.260082085927 314.094762007395 319.211602210999 316.508968671163 313.196758429209 310.46466032664 308.056930700938 309.659063816071 318.14299027125 324.167092641195 330.256183942159 333.371718724569 334.312319755554 330.808202425639 327.217578887939 334.070245424906 336.143453915914 334.398865699768 335.431496302287 332.156499226888 324.868579705556 315.112372239431 308.773001035055 305.331349372864 306.7973057429 320.177137851715 324.971477190654 322.625378767649 315.553545951843 314.09740447998 317.075033982595 319.92361942927 324.735422929128 324.438353379567 320.449630419413 316.872477531433 311.704039573669 297.335902849833 290.613333384196
338.355620702108 336.675882339478 333.956241607666 327.956259250641 313.77903620402 291.878660519918 274.268786112467 275.710066159566 301.068683465322 317.905525366465 322.217146555583 319.566130638123 314.182122548421 308.291971683502 298.678775628408 301.186462243398 309.788127740224 319.679141044617 330.422143141429 336.878299713135 336.542685826619 331.399877866109 331.755042076111 334.789752960205 334.838310877482 337.023774782817 336.305618286133 332.27010567983 326.025168100993 322.766423225403 320.757607618968 321.881771087646 330.32238483429 333.534320195516 332.752903302511 329.05912399292 324.053128560384 319.876829783122 314.018686612447 319.044470787048 326.581041018168 330.517093340556 330.440640449524 322.244544823964 306.588113307953 291.642983754476
335.167447725932 335.855484008789 335.815032323201 333.75072479248 328.330198923747 317.273199558258 295.839349428813 272.687117258708 282.328287760417 301.353295644124 314.279516537984 319.036265214284 319.345315297445 318.004091580709 312.169333299001 307.684302330017 305.875937143962 309.030055999756 318.425854047139 327.337940533956 334.476153055827 336.841821670532 335.345188776652 332.495431105296 333.107570807139 336.100538571676 337.09184328715 335.29794216156 333.091934521993 334.28943157196 335.202932357788 334.304571151733 336.605985959371 337.336897850037 334.994355837504 333.35284392039 329.516033331553 322.232306003571 308.797299861908 311.538954575857 326.53687397639 331.380724906921 329.1321794192 324.43368434906 315.479695796967 306.374033292135
324.11257425944 328.782439231873 330.980102221171 331.091125806173 329.927861690521 329.727530479431 321.861743927002 309.967796007792 286.425809065501 279.796719551086 291.269520918528 309.379518032074 321.999609470367 326.621949672699 328.380544980367 324.864745140076 315.961460272471 311.781724294027 311.308006445567 313.566962877909 318.037072817485 322.102387746175 325.501481691996 327.405452728271 330.404857794444 332.709312438965 334.008733431498 332.95879761378 332.482973734538 334.849278132121 335.73321501414 336.248675982157 339.084068934123 340.425610542297 338.786522547404 335.033655166626 332.90296792984 328.66503794988 311.794281005859 308.654089768728 322.329719861348 324.482917785645 322.868883609772 320.496400197347 312.25198507309 303.203960259755
292.277336120605 302.199900150299 310.279428958893 316.314498583476 321.598847707113 325.952311356862 328.21786403656 326.95347070694 310.497383276622 291.659673055013 280.377606550852 287.00723250707 307.414412498474 322.630306084951 329.264958699544 324.324289957682 320.40274143219 316.969553629557 311.966220537821 308.33778778712 308.528224627177 308.140794436137 309.790333112081 316.701849301656 322.873214880625 326.739192008972 328.400393327077 327.912072340647 330.077966054281 332.736214001973 333.947738011678 335.888942082723 339.575052261353 341.091513633728 338.961601257324 336.579402287801 335.978905359904 335.746685663859 325.139800707499 314.889232317607 319.411238034566 323.042452335358 324.564139048258 323.78343741099 316.707730293274 308.496475219727
258.74650478363 264.14414246877 271.297991275787 281.388819217682 293.046573797862 305.084188779195 318.114817142487 321.956316630046 322.873473167419 314.072986443837 295.888841152191 279.942472775777 281.819502512614 300.326943397522 317.684551080068 317.785143852234 322.449366251628 321.315030256907 315.736889839172 308.912595113118 304.2111992836 301.774183909098 300.982038180033 307.460526625315 312.69766887029 315.550585587819 317.065020402273 319.696386655172 323.059181372325 325.706601142883 328.153073787689 331.753730773926 335.578044255575 336.70965830485 334.810177485148 334.284663200378 336.994647979736 339.210907618205 336.804946263631 328.924854596456 327.41113503774 330.482920010885 332.447369893392 332.158505916595 326.257010300954 323.781748612722
249.194025993347 245.36403020223 243.323822816213 243.34849913915 250.307997067769 264.780064423879 285.490771134694 302.028715610504 321.373740832011 323.769509792328 316.986938317617 301.351169745127 278.246521949768 276.317556699117 295.179963111877 313.696543375651 323.293566703796 324.602981408437 321.356991926829 316.19401772817 310.377021630605 309.462487697601 309.146920839945 308.951159318288 308.68132909139 307.62247244517 310.667673746745 316.486835479736 318.595786889394 319.515446821849 321.947614351908 325.582067171733 327.250003814697 328.246057033539 328.815619150798 330.574572086334 336.472431818644 339.993000030518 339.534799257914 339.155515034993 337.117473284404 336.701234181722 336.158196131388 335.580428441366 329.877595106761 327.025473117828
244.899868965149 219.942708810171 204.19442653656 198.989431063334 196.509122848511 202.513058980306 220.32235066096 251.942257086436 284.757077693939 310.718536376953 321.094155311584 321.589310963949 310.899416605632 291.597803433736 288.080751895905 307.802776495616 319.029927253723 326.069871584574 329.339504241943 326.991438865662 320.70783774058 318.479696909587 316.391885280609 316.338797410329 314.675529797872 312.795539697011 315.356214841207 320.721685886383 319.734672705332 316.02688630422 319.899876912435 322.580933570862 323.992252349854 324.307223161062 326.036711533864 330.117702484131 332.844475905101 335.211078325907 335.805813471476 335.958480834961 336.207310358683 337.598323822021 338.631868362427 337.371706962585 331.974387168884 328.331510225932
228.973229726156 194.496512413025 172.858039538066 168.068925539652 167.671740055084 172.380348046621 180.488169193268 205.587128798167 232.376098632812 275.520960489909 316.383143266042 332.207242647807 334.195057551066 325.126926104228 308.005650838216 303.435107072194 307.821969191233 318.385163942973 328.184545040131 330.76270421346 330.091536045074 326.919595400492 325.778424739838 324.096421400706 321.072737375895 319.567620754242 322.12883234024 322.611014048258 317.785143852234 315.516948699951 319.06646490097 322.157164414724 322.434465090434 321.68451944987 324.000616868337 326.413909594218 327.769954999288 326.034069061279 327.722291151683 327.670673529307 329.785088698069 333.501935005188 335.924386978149 334.680477778117 331.316510836283 329.887767632802
194.207866986593 168.935815493266 152.127454678218 149.116615454356 164.883901675542 186.544438203176 186.87915802002 193.763852119446 212.44357029597 241.944332917531 287.132461865743 329.180876413981 339.548746744792 338.447093963623 329.601565996806 310.226758321126 301.148533821106 303.075949350993 315.325101216634 330.080151557922 333.657344182332 330.836554368337 331.742405891418 328.816374142965 324.445605278015 324.549873669942 327.134827772776 324.565132459005 319.212079048157 321.133017539978 323.099493980408 322.730441888173 320.994913578033 320.494532585144 319.98211145401 319.578965504964 318.529387315114 315.860013167063 316.388885180155 317.523598670959 320.785303910573 323.269466559092 324.887216091156 324.086308479309 327.368537584941 329.51831817627
171.554903189341 161.881019671758 149.752954641978 141.084959109624 145.595610141754 169.42572593689 188.4858806928 192.95871257782 208.205004533132 220.127324263255 244.648973147074 293.410877386729 334.245959917704 337.60126431783 335.122028986613 330.434322357178 324.157198270162 312.78129418691 305.55921792984 313.913941383362 328.257819016774 332.620104153951 334.346214930216 331.94891611735 328.055918216705 328.979770342509 331.982334454854 329.143047332764 325.739026069641 329.564889272054 330.323954423269 323.279480139414 319.766938686371 317.825357119242 314.756989479065 313.03475300471 310.198664665222 309.373656908671 308.638791243235 310.928702354431 312.944094340007 313.918471336365 315.773606300354 317.485690116882 326.107819875081 329.160332679749
163.462897141775 166.45269592603 164.222319920858 152.652690807978 136.618296305339 148.862600326538 178.055087725321 196.503738562266 212.936361630758 225.801666577657 232.466518878937 260.742545127869 303.833425045013 333.420276641846 337.438742319743 338.743607203166 338.057239850362 331.955432891846 319.02007261912 307.441870371501 315.51339228948 331.139187018077 332.382619380951 331.266601880391 331.095496813456 334.686199824015 337.050994237264 335.334936777751 332.847535610199 334.347128868103 331.417838732402 325.006226698558 320.817629496257 316.915512084961 313.013037045797 311.092913150787 308.699011802673 308.958411216736 308.921058972677 310.349305470784 311.257680257161 312.501649061839 312.544385592143 314.332485198975 321.510354677836 328.325549761454
172.172745068868 183.303157488505 190.272808074951 181.151926517487 160.538643598557 158.027907212575 180.341422557831 198.968927065531 219.958821932475 240.050574143728 249.155779679616 255.173802375793 280.762771765391 309.496303399404 331.542213757833 337.165157000224 337.847749392192 337.164521217346 335.260192553202 324.477136135101 311.576147874196 320.89642683665 325.550814469655 329.96263106664 334.807554880778 338.090459505717 339.705189069112 338.409344355265 334.248304367065 333.635727564494 329.704662164052 325.401941935221 321.188549200694 317.373236020406 314.988772074382 312.127530574799 311.944047609965 309.148728847504 308.58051776886 310.877700646718 313.94366423289 313.964466253916 313.63312403361 315.919657548269 317.160924275716 324.484924475352
184.727708498637 190.48551718394 203.066011269887 215.371906757355 201.635400454203 177.129089832306 177.143216133118 190.943280855815 207.363406817118 231.71188433965 246.507227420807 247.888565063477 261.070768038432 274.956027666728 297.016084194183 328.208823998769 332.328915596008 333.341081937154 334.08522605896 333.914836247762 329.780379931132 320.270578066508 321.013828118642 326.643526554108 332.8564564387 336.796005566915 339.759270350138 338.018655776978 332.261820634206 331.749498844147 328.034083048503 322.819292545319 319.250682989756 318.116307258606 316.306153933207 313.591599464417 311.753551165263 306.273500124613 305.093010266622 310.39297580719 314.996977647146 316.246191660563 317.998468875885 316.811362902323 315.073768297831 320.334792137146
