input/barkrak2/radiation/dir11224.grid
NCOLS 85 
NROWS 70 
XLLCORNER 665100 
YLLCORNER 4664600 
CELLSIZE 20 
NODATA_value -9999 
[rows 20 to 39 of 70, columns 0 to 45 of 85]
134.370038906733 122.610847155253 132.931937774022 165.945470333099 160.96094250679 133.768190940221 123.322973648707 131.356418132782 145.481526851654 164.351354042689 175.085822741191 179.909189542135 179.992218812307 186.861515045166 198.676784833272 214.13254737854 229.795197645823 241.011102994283 255.679627259572 275.951663653056 285.24378935496 276.925146579742 279.113094011943 283.166249593099 285.049080848694 287.222484747569 290.128072102865 287.859718004862 285.848021507263 284.388383229574 277.843674023946 263.376037279765 249.343593915304 240.248103936513 236.615141232808 242.839674154917 242.629806200663 244.434555371602 249.371111392975 254.448036352793 254.773696263631 255.070288976034 257.296144962311 251.173396905263 256.944378217061 260.719855626424
165.469487508138 157.210528850555 161.511401335398 193.04629166921 190.099080403646 138.89479637146 135.314007600149 142.088522513707 150.242855151494 160.984357198079 170.034686724345 173.859000205994 176.89573764801 173.406322797139 187.112351258596 204.663157463074 217.093129952749 232.786595821381 246.068080266317 261.972447236379 273.529271284739 282.98032283783 287.794331709544 289.839307467143 282.327214876811 270.965357621511 250.341415405273 250.331143538157 250.452558199565 240.440249443054 226.923147837321 212.02556292216 191.031316916148 184.898575146993 190.375983715057 211.641490459442 220.495998859406 237.094819545746 249.082287152608 250.280698140462 247.254649798075 246.219515800476 238.889078299204 221.539398034414 245.606402556101 255.958358446757
211.506466070811 213.082234064738 205.400983492533 212.618152300517 212.141871452332 167.985757191976 159.09817814827 154.315680265427 149.876674016317 153.341720501582 169.356723626455 176.268339157104 181.959629058838 186.572750409444 188.51109345754 198.220054308573 207.871536413829 218.698561191559 231.940905253092 229.121406873067 234.022478262583 247.057497501373 256.140768527985 258.698185284932 260.026395320892 250.604391098022 237.31529712677 230.778137842814 226.372579733531 208.869516849518 184.136231740316 142.700930436452 112.312306960424 119.301269451777 147.639056046804 174.098889033 194.754640261332 217.200537522634 232.061127821604 236.235817273458 239.520668983459 241.114318370819 215.859532356262 189.561208089193 222.752928733826 252.443393071493
242.144187291463 238.698601722717 220.601280530294 218.601902325948 217.354853947957 205.298225084941 183.157245318095 158.839702606201 144.207497437795 147.704700628916 169.963479042053 180.087645848592 189.936061700185 197.874009609222 191.943148771922 192.46232509613 198.448956012726 212.042450904846 221.059739589691 210.296034812927 210.691332817078 212.96634276708 227.150102456411 239.137609799703 242.983380953471 240.668396155039 229.591727256775 214.412808418274 201.478997866313 164.808561404546 135.589420795441 109.513660271962 72.110652923584 34.9703580141068 38.2061873873075 78.9709637562434 122.097810109456 162.848472595215 186.898609002431 198.622028032939 197.414437929789 179.635544617971 172.218362490336 203.520814577738 209.533592065175 239.347139994303
236.231108506521 235.599676767985 230.533242225647 221.549510955811 209.51106150945 206.270734469096 186.773876349131 173.736115296682 159.408867359161 152.739415566126 160.633991161982 177.400529384613 183.365404605865 191.146413485209 190.007448196411 190.949221452077 198.885003725688 209.129532178243 216.585119565328 209.107518196106 207.674543062846 203.738669554392 212.525546550751 219.028413295746 224.190811316172 222.005923589071 213.846246401469 196.668982505798 178.27175060908 130.48388560613 110.417405764262 106.325646241506 81.7791074514389 30.8072119951248 24.5626196265221 50.0186582406362 75.6975114345551 103.484034538269 130.23434082667 154.397298892339 146.567185719808 127.988030513128 149.296094973882 227.660437424978 227.043867111206 242.291152477264
225.831250349681 230.841378370921 235.471864541372 222.686330477397 210.052748521169 206.404606501261 199.751754601796 201.312899589539 196.102738380432 182.346800963084 178.32354704539 192.017118136088 192.850291728973 202.823579311371 203.575034936269 197.718342145284 199.170847733816 210.021793842316 216.322859128316 219.906032085419 222.15594847997 217.499812444051 212.938209374746 210.219065348307 211.596508820852 210.998296737671 203.910569349925 188.598573207855 162.252644697825 141.541719436646 137.502004702886 151.019672552745 148.694276809692 93.4363802274068 59.5665276050568 68.5805728038152 73.6997127532959 91.0806755224864 112.977614005407 116.079191366831 114.57500855128 114.011545976003 156.81399901708 222.116430600484 240.23042122523 252.306421597799
226.299901803335 230.470577875773 235.02924044927 226.142466068268 225.891550381978 222.199479738871 222.611983617147 223.040302594503 227.339406808217 220.252712567647 203.313410282135 209.450503190358 211.013714472453 219.045698642731 219.194094340007 207.789460817973 204.176783561707 214.290181795756 219.956914583842 232.630809148153 236.511508623759 233.371535936991 221.713324387868 214.982847372691 213.640411694845 211.320360501607 205.047468344371 198.75156879425 176.307797431946 175.143977006276 192.521015803019 218.137542406718 225.472470124563 221.634964148204 170.018275578817 98.5737244288127 92.2307074069977 95.330148935318 112.314939498901 119.122932354609 128.250857194265 164.817333221436 185.858408610026 207.865417003632 235.22146542867 244.441072146098
229.705214500427 226.33037964503 229.058106740316 227.161725362142 253.557284673055 244.007567564646 239.403307437897 232.693235079447 235.610206921895 237.28734254837 220.947901407878 214.686473210653 217.737356821696 222.993830839793 223.851422468821 219.842712084452 213.393568992615 220.747987429301 233.360429604848 239.611069361369 237.294554710388 227.863689263662 223.835190137227 222.928782304128 221.689522266388 216.656386852264 211.512267589569 211.139182249705 209.02281999588 212.600946426392 231.28205537796 245.028694470723 249.276657899221 262.295842170715 256.642858187358 168.569306532542 116.074760754903 101.636479298274 104.254961013794 126.158783833186 163.230230410894 227.966825167338 202.409625053406 198.609968026479 215.882658958435 221.541523933411
229.220112164815 218.331853548686 221.433619658152 233.233133951823 272.481123606364 251.691102981567 235.018809636434 225.922326246897 226.785262425741 226.052641868591 217.800974845886 208.356817563375 216.866175333659 222.372810045878 228.884180386861 228.131155172984 225.860079129537 221.95291519165 232.131203015645 233.705004056295 230.695287386576 224.598288536072 224.062403043111 227.235694726308 227.503498395284 219.378590583801 220.431049664815 217.900395393372 217.582563559214 225.314617156982 245.109399159749 260.58828830719 263.139228026072 263.349095980326 273.664156595866 239.286045233409 137.260228395462 88.7957215309143 74.3691275517146 101.562400658925 176.551461219788 215.587576230367 193.860431512197 165.087113777796 181.270281473796 186.553378899892
224.65322415034 210.379779338837 216.309130191803 243.255178133647 271.280546983083 248.936692873637 222.47968117396 203.612705071767 193.941016991933 191.114743550618 191.343486309052 194.964786370595 211.683948834737 222.984830538432 227.035482724508 234.801908334096 233.707249164581 220.540761947632 222.780187924703 222.929994265238 223.362882932027 223.863502343496 224.281827608744 229.029357433319 229.422926902771 225.895702838898 230.368514855703 220.964113871257 217.93129046758 232.955674330393 253.631353378296 270.20521958669 266.888717810313 264.850238958995 275.503635406494 279.712398846944 227.652251720428 139.516085386276 103.401849667231 110.400259494781 146.061291297277 164.380967617035 172.74554570516 141.232917706172 144.067943096161 157.542645931244
216.904838879903 224.08926486969 254.075666268667 299.778401851654 293.875376383464 255.272090435028 217.031240463257 184.968252976735 173.054138819377 181.023001670837 176.587720712026 173.033634821574 201.258937517802 225.214501221975 232.076684633891 238.191604614258 237.523873647054 226.909140745799 223.253846168518 224.164744218191 221.170564492544 227.267364660899 229.565342267354 230.746110280355 232.353687286377 235.546767711639 235.893368721008 231.32320245107 228.182315826416 242.603043715159 262.052575747172 273.676713307699 269.371410210927 273.352364699046 280.983825524648 285.224378108978 287.682116031647 266.80068174998 186.555425326029 139.943857987722 126.91796819369 126.305590073268 147.937635580699 139.345427354177 137.535204490026 160.530120134354
235.639671484629 268.463452657064 302.210132280986 316.536545753479 329.596896966298 295.684178670247 249.036908149719 209.260662396749 195.750117301941 205.130537350973 195.990641911825 180.701812108358 196.932752927144 221.055467923482 238.985896110535 242.155532042185 239.587267239889 235.988040765127 225.541710853577 227.433105309804 229.446729024251 231.975098450979 234.472036361694 233.663519223531 235.435128211975 244.005143642426 245.464861392975 248.533924420675 246.155718962351 253.088017304738 266.806721687317 274.050017197927 276.285767555237 283.509830633799 289.123853047689 278.637250264486 282.061616579692 301.183223724365 265.760580698649 189.614454905192 139.472186565399 128.738611936569 135.498652855555 145.194639762243 165.409058332443 195.617258548737
283.067385355632 305.530905723572 310.36768356959 306.03688955307 320.968429247538 326.013207435608 304.254492123922 270.696381727854 243.841270605723 237.454334894816 235.557854175568 216.373304526011 201.404929161072 217.36075480779 238.637407620748 242.699464162191 238.340894381205 240.013062953949 229.88098859787 229.755302270254 234.70679918925 233.6838444074 234.214246273041 233.66775115331 235.254406929016 246.775229771932 253.278334935506 257.526536782583 255.228241284688 257.652680079142 270.516753196716 279.601732889811 277.428726355235 277.625878651937 280.742744604747 269.639273484548 271.12877368927 278.571963310242 257.485846678416 212.724069754283 176.690995693207 152.341604232788 141.714543104172 145.268867413203 164.70734278361 201.21951897939
299.277265866597 304.427901903788 299.749811490377 291.077971458435 294.901589552561 310.521086057027 316.283901532491 297.232111295064 273.13760916392 262.5373005867 262.893319129944 248.095671335856 223.678429921468 226.145923137665 237.036526203156 241.715848445892 238.667368888855 239.638268947601 230.330904324849 232.774217923482 230.421741803487 232.05844561259 231.086413065592 229.381104310354 235.888560612996 245.229025681814 255.359907944997 256.877541542053 255.621790885925 261.135538419088 272.979358832041 274.12074804306 262.600084145864 256.62636756897 260.183393955231 241.844892501831 240.256786346436 232.275386651357 209.203898906708 194.667458534241 205.400288105011 186.209082603455 165.962090094884 151.708652575811 154.198596874873 179.939647515615
302.789946397146 300.321777661641 304.803788661957 294.224103291829 289.443552494049 298.321465651194 314.939816792806 318.038880825043 293.766776720683 274.223764737447 267.465392748515 259.607513745626 253.59046459198 244.158903757731 239.700754483541 241.155922412872 235.46439409256 233.20605357488 232.280254364014 236.587882041931 232.195119063059 230.471948782603 230.528235435486 231.446544329325 235.843618710836 241.602857907613 250.262498855591 248.553196589152 249.781270821889 262.148718039195 270.481745402018 262.722452481588 249.9152024587 249.837915102641 244.211494922638 226.909657319387 229.586482048035 228.146890799204 221.77787621816 219.358801841736 223.132848739624 226.192196210225 204.285045464834 187.215665976206 171.71041170756 163.688560326894
315.129558245341 313.623229662577 319.101929664612 315.257132053375 307.610948880513 308.724979559581 319.441576798757 329.079846541087 306.762913862864 281.547327836355 267.041643460592 264.069040616353 269.462645053864 253.265817960103 244.611740112305 245.765964190165 241.694947083791 234.493335088094 239.892443021139 240.140616893768 238.331417242686 234.376072883606 237.574259440104 240.666647752126 238.191028436025 242.15575059255 246.064146359762 242.194434007009 247.707883516947 261.129260063171 266.055544217428 258.679668108622 252.158840497335 252.997318903605 238.449772198995 232.246498266856 237.945040067037 241.884231567383 247.129241625468 248.20868174235 214.763601620992 212.930262088776 202.476104100545 192.84709294637 174.928645292918 155.583570400874
321.240107218424 321.059763431549 324.191053708394 323.441445827484 316.125194231669 311.339497566223 317.713737487793 328.692694505056 313.204348087311 279.519339402517 264.688630898794 264.656186103821 268.156369527181 252.808670202891 243.788023789724 249.18653567632 253.885348637899 242.857257525126 244.359870751699 249.511778354645 248.991469542185 243.584970633189 242.985427379608 246.019661426544 243.699272473653 242.207010587056 245.80047527949 250.264604886373 253.482619921366 262.587745984395 266.273458798726 261.145412921906 254.380921522776 252.34317779541 237.2967004776 240.830699602763 245.12904882431 248.980502287547 250.777820746104 245.45149008433 194.556017716726 163.933118184408 151.273359855016 143.112897872925 143.728415171305 140.100032091141
319.408694903056 322.374780972799 325.12104511261 323.569516340892 318.131605784098 315.484742323558 318.378667036692 325.215935707092 320.75309753418 288.995782534281 273.611764113108 266.691247622172 260.323643684387 251.231670379639 245.563189188639 250.41256348292 258.610506852468 253.364026546478 250.320911407471 253.224809964498 254.562218983968 250.200430552165 246.619244416555 248.02553653717 247.922201951345 246.864159901937 248.884956041972 254.799902439117 257.579207420349 260.31764348348 265.060881773631 264.521718025208 257.34814008077 242.450694243113 230.584959189097 247.886776924133 256.439685821533 256.765524546305 249.148646990458 246.600647767385 190.740565458934 129.537800947825 106.54604434967 93.4688945611318 97.5070595741272 104.665815830231
303.57301235199 310.915033022563 314.873894055684 314.924081166585 315.958062807719 319.903532663981 322.406987349192 323.752462863922 321.873128414154 302.748680114746 291.000962257385 276.055594285329 262.212872505188 261.285722255707 252.418080965678 247.141142686208 258.270839850108 258.318940798442 251.92670027415 252.405226230621 252.717475096385 247.722109158834 245.013813177745 245.925386746724 247.317612171173 252.020100752513 249.746203422546 252.432982126872 256.287058194478 257.812698682149 263.531108697255 266.281247138977 252.889891465505 229.479670524597 236.301978429159 262.521624565125 266.204794247945 260.919054349263 248.712062835693 249.816258748372 234.557569026947 165.16915957133 109.815011421839 92.9872194925944 92.6588475704193 92.4746294816335
278.0575354894 283.543467521667 283.24693441391 290.672242641449 301.6171058019 312.540213267008 320.19313176473 324.065744876862 322.94483979543 310.620109240214 293.155292669932 273.306787014008 261.222918828328 259.33571656545 255.736033121745 251.049101352692 255.288739999135 254.449049631755 247.267285982768 246.996025244395 249.619762102763 251.873334248861 249.917646249135 245.00306447347 243.502418200175 246.251304944356 250.824749469757 252.592802047729 256.073037783305 255.276024341583 256.279269854228 260.359724362691 245.999157428741 231.490015983582 258.317371209462 275.180121262868 270.092129707336 262.891829013824 255.327721436818 258.237361907959 279.633323351542 267.718354860942 195.726990699768 143.415262301763 114.541937907537 89.7720158100128
