input/barkrak2/radiation/dir11724.grid
NCOLS 85 
NROWS 70 
XLLCORNER 665100 
YLLCORNER 4664600 
CELLSIZE 20 
NODATA_value -9999 
[rows 20 to 39 of 70, columns 0 to 45 of 85]
144.58030462265 133.277674516042 144.658297300339 179.675976435343 174.658040205638 143.99849375089 132.781426111857 142.208526531855 158.026188611984 173.058768113454 184.909145037333 189.082602659861 193.690558274587 198.294520378113 208.150625228882 230.055689811707 240.862806638082 254.025161266327 272.203346093496 287.415981292725 301.427324612935 292.549391587575 290.734390417735 293.118258317312 294.878522555033 296.919027964274 299.533367156982 298.027952512105 295.275092124939 294.17626063029 286.894162495931 272.98641204834 259.784738222758 251.525163650513 248.238762219747 254.320422808329 254.183808962504 255.964835484823 260.862052440643 265.783111254374 266.01509253184 266.269604365031 269.231597582499 262.472927570343 268.037676811218 271.56937122345
175.457259019216 168.288191159566 174.834450085958 206.709881623586 202.651262283325 150.302986303965 145.008116960526 152.496914068858 160.78053911527 170.778592427572 180.382947127024 184.071083863576 189.150035381317 188.237984975179 202.281634012858 218.278030554454 230.754514535268 243.911584218343 258.976896603902 277.49772866567 288.352211316427 300.166070461273 308.758517106374 309.272348880768 302.978316942851 292.115489641825 270.883401234945 266.017218430837 265.742619832357 264.947513739268 256.096164385478 227.275391419729 203.286190827688 197.333077589671 203.289866447449 224.209447701772 232.866505781809 249.794920285543 260.62015692393 261.773228645325 259.689152240753 257.763504981995 251.364191373189 234.754025936127 257.127980391185 267.014920711517
220.930834611257 223.394652207692 217.990040779114 225.874046484629 225.493570168813 180.487751960754 168.624858061473 160.395354032516 154.608945051829 166.655878225962 178.08985710144 187.583208084106 192.84999370575 198.071360588074 201.743801434835 211.51602268219 225.492338339488 238.44039440155 250.240127245585 251.886109511058 255.507389704386 260.332445303599 270.75719833374 271.391808986664 270.350674788157 263.485570748647 250.700493653615 243.05001894633 230.358521143595 225.570102532705 192.60835647583 151.403268178304 126.646856466929 132.990459601084 161.400735378265 188.214937845866 207.83527692159 230.738759040833 245.196223258972 248.225212097168 252.208689848582 252.77046362559 228.407164414724 203.481833140055 234.744767347972 263.641675313314
250.007430712382 247.528950373332 232.136646906535 231.680194536845 230.597257614136 217.468678951263 192.953844865163 167.541742324829 154.026875893275 154.918094476064 178.460538387299 190.849582354228 200.629591941833 210.7146581014 209.971646467845 211.830099423726 215.147932370504 226.377546787262 231.041590372721 224.843045075734 223.201553026835 225.163122018178 237.693885962168 248.592595259349 253.659427165985 251.768112182617 239.971419175466 231.721520423889 210.005362828573 173.120458920797 144.152194261551 118.141750494639 81.1583896478017 48.8568445046743 65.0065839290619 97.3616639773051 143.629391988118 180.72913090388 201.117853323619 211.581905682882 211.176534493764 194.583455721537 184.629499912262 216.313123703003 220.770319302877 252.348224322001
243.838210900625 243.780374526978 240.67097902298 234.465420246124 223.007241884867 217.352151870728 197.21374909083 180.835445721944 167.814453442891 162.717123826345 174.374381701152 186.454017957052 200.224916140238 207.369446754456 206.005493799845 202.111045519511 208.395759264628 220.250268777212 227.611541748047 220.346589883169 220.223248004913 216.034690539042 224.682112534841 231.267650922139 234.789232412974 233.865638573964 225.6773908933 215.033233165741 188.197672367096 139.057447512945 118.588219086329 114.635050296783 90.6033019224803 40.5405486623446 34.4680994749069 59.3340198198954 93.7025447686513 120.576272408168 149.33779835701 171.19022210439 161.747326453527 141.946365435918 162.888556718826 239.014903704325 237.418095270793 255.150993665059
234.064181645711 238.834420839945 244.707226753235 234.73072052002 223.566730817159 218.738357226054 208.297868569692 210.071325302124 204.081952571869 190.064032872518 186.60040696462 203.557034333547 208.852032820384 215.65047899882 214.688241481781 208.924035231272 208.863874276479 221.160372098287 225.881357987722 229.416529337565 233.068366845449 228.361964225769 222.640037536621 222.693045934041 224.126855532328 221.869985262553 215.413788954417 206.680516401927 174.575686454773 149.361977974574 145.672818024953 159.725189208984 158.253888289134 106.077293554942 71.9706515471141 77.1202395359675 83.2673062880834 104.025731484095 129.026591777802 134.316464265188 131.802320480347 127.785821755727 171.689550081889 235.331992308299 252.921342849731 267.737011114756
234.82604821523 238.513549168905 243.726948897044 237.263937791189 238.580048084259 233.622133731842 231.627643108368 230.385184288025 233.856797218323 226.944168408712 213.556627432505 223.093767960866 223.158995310465 231.619298458099 229.916930198669 217.331051826477 215.330521265666 225.330372651418 230.979979038239 243.351737658183 247.059683005015 241.78942044576 232.61692126592 224.384228388468 224.709630012512 222.282787164052 215.784430503845 210.071345170339 185.442586739858 182.586948076884 200.677315394084 226.103564103444 233.029127120972 231.387734413147 184.88605817159 110.86693406105 101.823041836421 106.968144575755 125.398496786753 136.175761620204 145.348678032557 178.518056869507 195.374210675557 219.276368618011 244.607329368591 258.657892545064
238.546590010325 234.852810700734 237.714012463888 237.610697746277 265.742699305216 252.622207005819 246.791183948517 238.598803679148 241.151054700216 243.965645631154 231.092751026154 225.348591804504 230.750679969788 233.485023180644 236.321489016215 230.920890967051 224.374691645304 231.618225574493 244.125247001648 248.475909233093 245.961904525757 236.864487330119 234.856347242991 232.31170574824 231.094717979431 229.149520397186 223.798076311747 221.486488978068 217.426637808482 218.739449977875 238.294005393982 252.235531806946 255.511303742727 268.835127353668 267.62177546819 183.411498864492 126.903792222341 113.48498860995 117.641031742096 140.368888775508 177.967389424642 241.58243338267 213.494082291921 206.736107667287 223.855237166087 236.557920773824
237.469355265299 226.856927076975 230.225801467896 243.764619032542 283.639212449392 260.367413361867 241.682410240173 231.910983721415 233.268757661184 234.198133150736 229.089379310608 220.360398292542 228.975733121236 234.560509522756 237.703581651052 239.023923873901 235.298633575439 229.372104008993 241.100351015727 241.168220837911 239.997923374176 234.106620152791 233.57347647349 238.216996192932 238.340179125468 231.946289539337 232.714494069417 226.734439531962 227.170427640279 230.724811553955 251.055578390757 266.993780930837 268.721540768941 268.941402435303 280.882398287455 252.115905284882 150.904337565104 100.912710030874 88.9913042386373 115.936040878296 189.648906389872 226.173162460327 202.229201793671 174.396693706512 191.259781519572 201.944728692373
232.374886671702 218.917727470398 225.272198518117 253.900349140167 282.143791516622 257.448156674703 229.882419109344 211.059053738912 202.41775115331 203.048984209696 203.280965487162 204.178969065348 220.558762550354 233.399907747904 235.793431599935 243.658860524495 242.954154809316 229.544997215271 232.410113016764 234.14808511734 234.612325827281 235.077540079753 235.455950101217 240.02065261205 241.464455922445 236.655453840892 238.690733909607 231.772502263387 227.277298768361 238.622446854909 259.079098701477 275.981962680817 272.134880224864 270.192742347717 280.552347501119 287.105143070221 240.56613445282 154.800991217295 114.447881778081 123.536020517349 160.046368837357 175.477385520935 182.476043701172 151.715616385142 157.687842845917 171.112815539042
224.079032739004 231.722315152486 261.758367220561 307.630896568298 302.807867527008 263.636390368144 225.417077541351 195.640961329142 183.902084827423 192.802826563517 187.988579273224 181.685427824656 211.647788683573 234.024941921234 242.838223775228 248.92524878184 248.291750748952 237.919211387634 234.754323959351 236.931542555491 234.013259410858 238.353451093038 240.549067656199 241.690953572591 243.071436882019 245.991826057434 246.32728099823 242.928286393483 236.203551292419 249.223351478577 267.128109931946 279.003103574117 274.606605370839 278.27650308609 285.379926363627 289.387663205465 294.79444026947 278.782308101654 200.744112332662 153.797517220179 140.615254640579 136.150340239207 157.096912463506 147.843698660533 147.660632928212 174.790660540263
242.880562941233 274.750490983327 306.348204612732 319.289724032084 334.642171859741 302.984337011973 259.225726127625 218.159794807434 204.295992851257 216.550707817078 207.442462444305 189.164022604624 205.867250760396 231.166084607442 247.780899206797 253.984312216441 250.322222709656 247.301002343496 238.427023092906 238.65815003713 239.158590634664 241.601328055064 244.006633758545 244.570136070251 246.154487133026 254.168152809143 255.509734153748 258.040189743042 254.037241141001 260.583122571309 272.447268168132 278.780817985535 281.193534533183 288.010279337565 293.328762054443 282.001117865245 286.595225334167 308.478951454163 277.949114640554 202.873726685842 151.871015628179 138.630330562592 144.402424494425 152.994175752004 176.039020220439 203.336675961812
288.054883480072 308.431665102641 311.094085375468 306.221763292948 321.643769741058 329.198777675629 310.935437679291 277.152101198832 250.530501206716 247.025728225708 245.893120765686 223.928113778432 212.251981099447 231.103559335073 251.001536846161 251.587967077891 249.250590801239 252.593557039897 242.732763290405 238.187948862712 243.22775999705 243.398785591125 245.148619016012 243.234038352966 246.032734711965 256.945351759593 263.115664323171 268.303394317627 264.774700005849 264.592309792836 277.598261833191 284.487664699554 283.073862393697 282.561659812927 286.344587802887 275.918861230214 276.494761308034 285.744567712148 268.208126227061 225.86977481842 190.20555416743 162.650406360626 150.785813728968 154.228766759237 175.694028536479 211.817463239034
300.540188948313 303.58483393987 298.662086327871 289.659122625987 292.715549468994 309.160550435384 317.341446876526 302.029351393382 280.279219150543 271.573185920715 271.667997042338 256.957650184631 234.460632006327 239.593088626862 249.582409858704 252.672632535299 248.445848623912 249.983648459117 240.338921546936 242.743154366811 241.5838042895 242.074032624563 239.893635114034 239.222586154938 246.769885222117 254.304448763529 265.252033869425 264.99354839325 264.107207457225 269.618233044942 280.343333880107 281.410912672679 269.407947858175 263.762791951497 267.391681671143 249.224305152893 247.371176878611 241.147398948669 220.087468624115 208.171089490255 218.356053034465 196.581880251567 172.709504763285 160.923133293788 163.64786028862 189.908067385356
302.365342775981 298.503518104553 303.405483563741 292.308747768402 286.79895401001 296.122233072917 314.567824204763 321.452716986338 300.655901432037 280.592978000641 275.242865085602 270.585954189301 263.128360112508 252.459565798442 251.124183336894 250.683903694153 248.245537281036 245.029906431834 245.15155951182 246.730466683706 241.569836934408 239.786386489868 241.719305515289 241.524895032247 244.692087173462 251.137435436249 259.308278560638 257.329881191254 259.024024009705 270.126024881999 276.934524377187 270.180583000183 256.302873293559 257.061501344045 252.072473367055 234.833757082621 237.236718336741 236.030300458272 231.504658857981 232.425491015116 234.926740328471 233.638405799866 213.338216145833 196.562647819519 180.906395117442 172.846396764119
315.85305929184 313.768009344737 319.970448811849 315.944353739421 307.923217614492 309.489727020264 321.086764335632 332.63365427653 313.78185749054 287.317752838135 272.405246893565 273.08189868927 277.686595916748 264.360785484314 255.963663260142 258.142113685608 252.888818581899 246.581236521403 249.211887518565 251.353224118551 249.512910842896 244.869669278463 247.086624304454 249.857028325399 246.536771456401 251.247445742289 254.551649093628 252.562006314596 255.439599355062 268.887003262838 272.148708502452 266.555289427439 258.385062217712 259.385387102763 245.84702650706 239.856501420339 245.497266451518 248.95966053009 255.155603090922 260.18496354421 226.10342502594 222.43599096934 213.116606076558 201.009412606557 185.29212474823 165.422896544139
324.929078420003 324.348509311676 327.418168385824 327.120085557302 319.552143414815 314.510385195414 320.562163988749 332.134823004405 318.188707033793 286.728739738464 272.563775380452 273.388127485911 277.229309082031 265.060444672902 253.775775432587 260.222375392914 263.841768105825 253.346860408783 255.515952905019 258.972704410553 256.990273793538 254.076540470123 254.037400086721 256.296157836914 252.61112054189 250.726540883382 255.054295063019 258.338669935862 261.377990245819 269.713660081228 274.353623390198 269.067029158274 260.615011056264 258.26636950175 244.142651557922 247.920036315918 252.558827400208 255.580365657806 257.852832476298 256.287058194478 207.399328549703 173.026541868846 160.076002279917 154.131273428599 154.939552148183 152.554859717687
325.309018294017 327.452381451925 329.19830083847 327.961345513662 322.383940219879 318.885326385498 320.818305015564 327.670991420746 325.39975643158 295.768320560455 282.461802164714 275.535941123962 270.703891913096 262.244900067647 256.869316101074 260.088940461477 269.439379374186 263.751864433289 261.40026251475 263.060410817464 263.827939828237 259.060343106588 255.515138308207 257.976492245992 258.817255496979 257.184465726217 256.9713195165 263.748447100321 265.619119008382 268.653968969981 273.017823696136 270.517826080322 263.370474179586 248.381594816844 237.37092812856 254.464904467265 263.020277023315 262.870152791341 255.277613798777 255.247473716736 203.937411308289 141.410271326701 116.603304942449 105.392316977183 107.284168402354 116.453508536021
312.512814998627 319.162269433339 322.788834571838 322.160760561625 322.045902411143 324.531118075053 325.703660647074 326.494216918945 325.378795464834 308.846890926361 298.064450422923 285.632391770681 272.996147473653 270.387172698975 262.414038181305 257.137596607208 269.289453824361 268.805305163066 262.273232142131 263.461371262868 263.72500260671 259.666681289673 256.15668296814 256.982862949371 259.139617284139 261.937439441681 260.401010513306 263.628443082174 266.707360744476 267.673810323079 271.163662274679 271.649897098541 259.476661682129 236.016432444255 243.108093738556 268.867492675781 272.485454877218 266.786138216654 254.163384437561 255.842745304108 245.897193749746 179.338912169139 122.546325127284 103.381792704264 103.701462348302 102.557162443797
289.172649383545 294.290900230408 294.006446997325 300.906141599019 310.35041809082 320.121864477793 326.651136080424 330.137133598328 327.983021736145 317.282557487488 302.200317382812 283.145010471344 271.252850691477 270.455678304036 266.682783762614 262.243251005809 265.65953095754 266.922831535339 260.035951932271 259.575764338175 261.709988117218 264.122466246287 262.467245260874 257.242858409882 254.280944665273 257.060706615448 260.923544565837 262.922883033752 267.224093278249 266.071557998657 266.000092029572 268.68877808253 252.287109692891 237.840433915456 264.101465543111 280.522346496582 275.639315446218 269.074598948161 260.463953018188 262.14466492335 285.703341166178 279.105762640635 209.380507469177 157.348791758219 126.662284135818 104.68660791715
