input/barkrak2/radiation/dir19624.grid
NCOLS 85 
NROWS 70 
XLLCORNER 665100 
YLLCORNER 4664600 
CELLSIZE 20 
NODATA_value -9999 
[rows 0 to 19 of 70, columns 0 to 45 of 85]
346.503814061483013 349.707841873169 349.814057350159 346.486806869507 341.548999150594 336.246530214945 328.659574190776 322.418729464213 327.276766300201 326.168020566305 323.082168896993 330.808480580648 337.057590484619 336.942950884501 339.986562728882 348.021427790324 349.214553833008 341.747124989827 331.043720245361 320.913890997569 299.235979715983 294.733305772146 311.63235505422 318.755567073822 315.530300140381 313.657224178314 312.490204970042 303.783893585205 286.029398441315 278.916080792745 277.427931626638 282.937328020732 293.340941270192 298.884173234304 305.817564328512 297.988772392273 295.044958591461 303.664306799571 301.592071851095 302.984436353048 293.418049812317 275.01779794693 285.592436790466 308.7384502093 313.526312510173 305.216749509176
339.408318201701 345.341602961222 345.314860343933 345.338463783264 344.770669937134 340.80429871877 330.248773097992 320.041398207347 323.237578074137 324.690381685893 319.662988185883 325.612763563792 333.985805511475 334.303935368856 333.724180857341 338.469743728638 339.391430219014 336.925268173218 333.52267742157 326.648871103923 312.301536401113 304.494122664134 309.755543867747 314.828753471375 313.407838344574 311.478614807129 308.628658453623 303.498864173889 289.315422375997 279.226402441661 280.265649159749 290.472467740377 290.008505185445 293.987592061361 304.587046305339 296.559691429138 290.221254030863 290.759146213531 287.401417891185 301.538268725077 299.391786257426 287.750283877055 294.337590535482 312.938054402669 319.043854872386 308.390895525614
319.74850098292 319.397767384847 324.700613816579 330.54240544637 332.612832387288 336.23731136322 335.800131162008 333.470344543457 330.400824546814 327.100058396657 318.91260544459 319.43158308665 327.758312225342 329.67217763265 325.95694065094 328.722357749939 332.8884045283 337.396621704102 337.8959496816 333.442767461141 329.882502555847 320.823132991791 312.991718451182 312.239289283752 313.547809918721 314.141949017843 308.624804019928 301.967879136403 290.884216626485 279.165645440419 277.235309282939 290.067871411641 277.935663859049 285.559435685476 299.423317114512 294.029653072357 279.406448205312 272.174835205078 284.116804599762 302.311261494954 303.508539994558 303.245921929677 304.979920387268 318.635404109955 328.580578168233 315.218925476074
301.161567370097 300.096611181895 301.787157853444 302.373468875885 303.966422875722 308.940291404724 313.424746195475 320.647875467936 329.570551713308 333.755850791931 330.917716026306 329.341689745585 330.003539721171 329.820891221364 325.681487719218 320.459206899007 322.891175746918 328.132311503092 333.753983179728 335.664709409078 332.972586154938 329.582174619039 328.734278678894 322.560032208761 320.223112901052 321.799159049988 315.928339958191 307.584881782532 299.279530843099 290.068109830221 281.009793281555 289.142707983653 278.598527113597 284.261663754781 291.202167669932 291.94974899292 286.095341046651 283.735076586405 301.053484280904 313.544849554698 310.09699900945 302.53795782725 298.813184102376 307.056784629822 318.89130671819 319.657862186432
317.184329032898 302.290558815002 289.67809677124 275.786300500234 280.580163002014 292.481640974681 307.260831197103 314.065257708232 320.250729719798 323.282023270925 331.936895847321 337.715625762939 339.521964391073 339.108149210612 336.700439453125 333.475192387899 330.912967522939 326.503276824951 328.930854797363 333.616574605306 332.907557487488 332.638303438822 335.811138153076 330.530802408854 326.230684916178 325.625419616699 320.357223351796 312.14835246404 303.682764371236 298.316836357117 297.093490759532 296.257535616557 289.955973625183 291.824916998545 289.249698321025 292.938748995463 302.252352237701 307.590842247009 316.540777683258 321.342507998149 318.983932336171 311.347107092539 304.162383079529 300.46021938324 305.835127830505 324.609855810801
339.616735776265 320.868968963623 300.034523010254 280.802210172017 272.129694620768 282.945911089579 300.10720094045 312.090198198954 314.49822584788 314.693987369537 321.151991685232 327.617426713308 332.367459932963 335.260947545369 337.939977645874 338.779250780741 335.268179575602 328.0943830808 327.034731705983 330.247124036153 330.080986022949 332.873443762461 338.34445476532 336.299022038778 332.075874010722 330.936789512634 324.653506278992 316.237012545268 305.99053700765 299.552500247955 299.787044525146 297.154684861501 301.451007525126 306.864460309346 301.185766855876 298.58261346817 306.609888871511 313.733418782552 317.319512367249 317.644715309143 318.23988755544 314.683596293132 311.742663383484 311.295131842295 309.567987918854 313.705722490946
343.174457550049 333.762963612874 321.974019209544 308.4690173467 293.0615345637 279.536783695221 286.012589931488 308.40661128362 317.104756832123 321.076393127441 320.451319217682 316.179951032003 313.511967658997 311.150968074799 312.714576721191 322.001298268636 326.77819331487 332.463165124257 335.087935129801 335.659106572469 331.919570763906 328.189730644226 335.197289784749 336.850961049398 335.543711980184 336.511452992757 333.096345265706 325.615763664246 315.660576025645 309.042811393738 305.137832959493 306.866526603699 320.055365562439 325.095017751058 322.81227906545 315.999070803324 314.261635144552 317.704677581787 320.460120836894 325.945854187012 325.301289558411 321.277519067128 317.558348178864 312.026341756185 297.648906707764 291.064957777659
340.222756067912 339.709917704264 337.687571843465 329.800665378571 316.811084747314 295.190970102946 277.704517046611 277.698357899984 305.48878510793 320.817728837331 325.018147627513 322.438339392344 317.194620768229 311.438719431559 303.115844726562 304.391344388326 312.849879264832 322.506427764893 333.605408668518 338.799556096395 338.107109069824 332.425713539124 332.775712013245 336.346983909607 336.069345474243 338.30459912618 337.546348571777 333.414912223816 327.022929986318 323.429584503174 321.281214555105 322.009881337484 331.554194291433 334.190805753072 333.579619725545 329.893966515859 324.687004089355 320.529778798421 314.88694747289 320.371051629384 328.041652838389 331.811944643656 331.22847477595 322.543899218241 306.687295436859 291.485190391541
337.366819381714 337.895313898722 337.98611164093 336.127916971842 330.996135870616 319.390654563904 300.427317619324 277.765532334646 285.602927207947 304.536461830139 318.329393863678 322.621981302897 322.181443373362 320.888578891754 315.236628055573 310.812950134277 309.041877587636 310.938636461894 321.317474047343 329.918066660563 336.766918500264 338.80869547526 336.997429529826 334.449251492818 335.032780965169 337.768872578939 338.750084241231 336.892088254293 334.59460735321 335.511763890584 336.223125457764 335.307399431864 337.721983591716 338.471452395121 336.100459098816 334.39580599467 331.013719240824 323.1094678243 309.560199578603 312.583347161611 327.571908632914 331.676423549652 329.473773638407 325.21665096283 315.776447455088 306.698858737946
326.834082603455 331.308841705322 333.398143450419 333.511034647624 332.764208316803 332.326630751292 325.610438982646 314.341326554616 289.752682050069 283.263107140859 294.676582018534 312.543431917826 324.85560576121 329.283654689789 331.024746100108 327.654719352722 318.989713986715 315.964261690776 314.346730709076 316.554447015127 322.044412295024 324.866890907288 328.091820081075 329.818665981293 332.278509934743 334.890405337016 336.674213409424 335.0670337677 334.520856539408 337.165355682373 337.562044461568 337.596535682678 340.750773747762 341.952681541443 340.195457140605 336.375792821248 334.661205609639 329.790055751801 312.640468279521 309.300482273102 322.840412457784 325.085004170736 323.416392008464 320.615728696187 312.511285146077 303.463200728099
296.539823214213 306.229631106059 313.445210456848 319.308380285899 324.422617753347 328.631520271301 330.885608990987 329.724113146464 313.657661279043 295.057237148285 283.89189640681 290.494799613953 310.650567213694 325.523634751638 332.471589247386 327.762186527252 323.31657409668 319.973369439443 315.057535966237 311.483919620514 310.533881187439 310.408214728038 312.201023101807 319.635291894277 325.572450955709 329.279363155365 330.913901329041 330.412268638611 332.447210947673 334.996660550435 335.654020309448 337.474465370178 341.436902681987 342.843770980835 340.686678886414 338.284015655518 337.541103363037 337.495724360148 326.498031616211 315.342307090759 319.576064745585 323.124508062998 324.691991011302 324.421564737956 316.981573899587 308.592160542806
264.418482780457 268.047054608663 274.274706840515 284.286975860596 297.313531239827 309.10720427831 320.472995440165 324.231723944346 325.075685977936 318.08857123057 300.430675347646 283.495644728343 285.309672355652 303.64857117335 320.718387762706 321.311096350352 325.954695542653 325.011452039083 318.774342536926 312.079906463623 307.482679684957 305.107156435649 305.179377396901 311.537365118663 315.759380658468 318.51597627004 319.978555043538 322.535932064056 326.352914174398 328.907291094462 331.258356571198 334.15675163269 337.843736012777 338.902831077576 337.683439254761 336.385409037272 338.832139968872 340.742985407511 338.142275810242 329.709271589915 327.902793884277 330.963353315989 333.625753720601 333.344578742981 327.003637949626 324.546853701274
253.230671087901 249.432245890299 247.407714525859 247.429966926575 254.331151644389 268.663128217061 289.13551568985 305.427670478821 324.364185333252 326.684514681498 320.08945941925 304.739276568095 281.819780667623 279.902140299479 298.621396223704 316.831370194753 326.17970307668 327.442387739817 325.034459431966 319.225351015727 313.53747844696 312.648971875509 312.341431776683 313.019712766012 312.604486942291 310.785293579102 313.76991669337 319.451749324799 321.50008281072 322.397331396739 325.423657894135 328.24965318044 329.882423082987 330.844879150391 331.364691257477 333.791335423787 338.627497355143 341.845909754435 341.30581219991 340.65047899882 338.930090268453 337.887763977051 337.369362513224 336.780667304993 331.098934014638 328.19398244222
249.025483926137 224.235077699025 208.56366554896 203.368425369263 200.865825017293 206.793347994486 225.746989250183 257.190187772115 288.344323635101 313.960909843445 324.039995670319 324.548681577047 314.119756221771 294.999400774638 292.947967847188 310.993790626526 322.035034497579 328.871250152588 332.013328870138 330.469568570455 324.478884538015 321.459571520487 319.425900777181 319.376091162364 318.455636501312 316.522538661957 318.365355332692 323.59113295873 322.607159614563 319.008628527323 322.794596354167 326.188981533051 327.652037143707 327.040870984395 328.70884736379 332.649191220601 336.299975713094 337.455948193868 337.983210881551 338.086088498433 338.928858439128 339.418490727742 340.263485908508 338.803966840108 333.824714024862 329.807241757711
233.251929283142 199.216604232788 177.387992540995 173.335512479146 173.081517219543 177.987098693848 184.853990872701 209.789017836253 236.0626856486 280.501902103424 319.470663865407 334.839582443237 336.740096410116 328.009645144145 311.167299747467 308.009843031565 311.007559299469 321.392476558685 330.928683280945 333.906769752502 333.335955937703 330.325384934743 328.547060489655 326.927880446116 323.969781398773 322.487771511078 325.018684069316 325.435002644857 321.219027042389 318.501353263855 321.995993455251 325.003902117411 325.277924537659 325.478593508403 326.746741930644 329.085290431976 330.387850602468 329.772313435872 330.285350481669 330.225507418315 333.113292853038 335.744897524516 338.029980659485 337.438543637594 333.718617757161 331.659197807312
199.363132317861 173.567831516266 157.83828496933 154.453019301097 169.349392255147 190.818170706431 190.761049588521 197.283864021301 215.820491313934 245.690842469533 291.914264361064 331.889569759369 341.830650965373 340.790033340454 332.350611686707 313.429454962413 305.679321289062 306.341687838237 318.383634090424 332.768062750498 336.725831031799 333.967804908752 334.272901217143 331.477383772532 327.231049537659 327.322701613108 329.867581526438 327.370226383209 322.092314561208 324.561337629954 326.768775780996 325.563708941142 323.87912273407 323.394974072774 323.83781671524 322.452545166016 321.42585515976 318.825562795003 320.289234320323 320.402046044668 323.578675587972 326.989710330963 327.498277028402 327.573736508687 329.689065615336 331.706960995992
175.091147422791 165.652771790822 155.12752532959 146.579742431641 150.099943081538 174.972097078959 194.102168083191 196.367661158244 211.348334948222 225.3777384758 247.973004976908 297.879914442698 336.807727813721 339.887976646423 337.494810422262 333.149015903473 327.061593532562 317.131082216899 308.685143788656 316.970566908518 331.00426197052 335.660219192505 337.30419476827 334.988276163737 330.695271492004 331.605533758799 334.531227747599 331.775148709615 328.404168287913 332.146803538005 332.948168118795 326.846698919932 322.679956754049 320.796767870585 317.80332326889 317.0299132665 313.295165697734 312.486390272776 312.757233778636 313.966910044352 315.935413042704 317.957778771718 318.648060162862 320.318500200907 328.651388486226 332.298596700033
166.982352733612 170.217871665955 169.21055316925 158.032834529877 140.941480795542 152.881801128387 181.577404340108 199.591716130575 215.966959794362 228.937228520711 237.554430961609 263.356526692708 310.933967431386 336.043516794841 339.771191279093 340.991179148356 340.437809626261 334.635337193807 323.106388250987 310.564299424489 318.513433138529 333.794633547465 334.929466247559 333.768685658773 334.010680516561 337.669650713603 340.024034182231 337.667187054952 335.228482882182 336.704174677531 333.913604418437 327.733556429545 324.349979559581 319.906075795492 316.099842389425 314.223607381185 312.813381354014 312.081058820089 312.050024668376 313.451329867045 315.378665924072 315.501948197683 315.54905573527 317.227244377136 324.232478936513 330.815096696218
176.475743452708 186.97468439738 194.258014361064 185.77629327774 164.757013320923 161.311993996302 183.90417098999 203.958908716838 222.497900327047 242.48476823171 251.474857330322 258.083740870158 285.050431887309 316.096047560374 334.523280461629 339.559435844421 340.197602907817 339.569489161174 337.80825138092 328.424036502838 315.964917341868 323.825716972351 328.389386336009 332.613825798035 337.229172388713 340.976476669312 342.559417088826 340.524991353353 336.479107538859 335.935791333516 332.176784674327 328.012684981028 324.441949526469 320.986648400625 318.023900190989 315.234879652659 315.059721469879 313.319524129232 312.721371650696 313.968400160472 316.962937513987 318.019767602285 316.612839698792 318.818469842275 320.036351680756 328.301111857096
189.833462238312 194.393197695414 206.934968630473 220.081647237142 207.33509461085 179.758926232656 182.402233282725 193.738202253977 210.349599520365 236.627817153931 248.594562212626 250.072499116262 263.476113478343 280.769387880961 305.113514264425 331.475257873535 334.972659746806 335.923910140991 336.624503135681 336.504856745402 332.493503888448 324.390788873037 323.978324731191 329.4557929039 335.444331169128 339.923103650411 342.709223429362 340.152223904928 334.529081980387 334.053754806519 330.462574958801 325.399398803711 322.023351987203 321.053504943848 319.958090782166 317.395567893982 314.874331156413 309.507648150126 308.34706624349 314.58055973053 317.984799544017 319.214979807536 320.927619934082 320.933083693186 317.98001130422 324.370821317037
