input/barkrak2/radiation/dir19024.grid
NCOLS 85 
NROWS 70 
XLLCORNER 665100 
YLLCORNER 4664600 
CELLSIZE 20 
NODATA_value -9999 
[rows 0 to 19 of 70, columns 0 to 45 of 85]
351.071317990621026 353.675842285156 353.063702583313 348.69114557902 343.137343724569 338.372111320496 330.115675926208 323.988179365794 329.000353813171 327.750086784363 324.550092220306 332.570354143779 339.116175969442 338.960925738017 341.994047164917 352.10919380188 355.908314387004 350.018421808879 335.217515627543 324.074069658915 301.879823207855 296.663244565328 312.962969144185 319.28551197052 316.529015700022 314.10551071167 312.981883684794 305.480380853017 286.820848782857 279.531677563985 278.53790918986 283.058683077494 291.930933793386 297.498325506846 304.794351259867 297.449429829915 294.285992781321 302.46502161026 300.296346346537 302.592277526855 292.573551336924 273.453493913015 283.967594305674 307.965020338694 314.240237077077 305.389146010081
344.701528549194 350.418488184611 351.843396822612 349.100112915039 346.967736879985 342.809518178304 332.207322120667 321.447789669037 324.386080106099 326.235930124919 320.915977160136 327.480693658193 336.284875869751 337.29608853658 336.21609210968 341.334660847982 340.347528457642 339.597304662069 337.871273358663 330.722073713938 314.838131268819 305.90816338857 310.379505157471 315.464278062185 314.625799655914 310.593485832214 309.912165006002 304.150323073069 290.021479129791 279.771327972412 281.031092007955 290.285627047221 288.232604662577 291.738470395406 303.566495577494 295.982738335927 289.131700992584 291.051427523295 285.774767398834 301.68479681015 299.271702766418 286.54013077418 293.73699426651 313.474774360657 319.27893559138 307.897627353668
325.769901275635 325.678606828054 329.362452030182 334.851026535034 339.649438858032 341.077287991842 340.348283449809 336.5345398585 332.344591617584 328.855554262797 320.492466290792 320.825318495433 328.990081946055 331.297934055328 326.960921287537 330.319305260976 333.805680274963 338.890790939331 341.37483437856 337.048133214315 332.101941108704 322.141706943512 314.073781172435 312.711199124654 313.867092132568 314.484854539235 309.056222438812 302.583972613017 291.465858618418 279.37513589859 277.047415574392 289.200743039449 276.602168877919 283.3584745725 298.713644345601 292.981346448263 277.659376462301 269.987940788269 282.342632611593 301.251292228699 302.794178326925 302.952567736308 305.373191833496 319.830318291982 330.332279205322 316.486001014709
309.964756170909 307.09167321523 310.469746589661 312.506794929504 311.66406472524 313.968598842621 318.350255489349 326.003511746724 334.217349688212 337.002356847127 333.471775054932 330.865323543549 331.135849157969 330.679635206858 326.861977577209 320.571144421895 323.205510775248 329.173942406972 335.733373959859 337.356011072795 335.296869277954 332.323590914408 330.426971117655 323.704779148102 321.744859218597 323.473672072093 317.470868428548 308.80747238795 300.163904825846 290.483951568604 280.673861503601 287.968635559082 276.583393414815 283.020536104838 289.843360582987 291.003545125326 284.395794073741 281.17311000824 299.948414166768 313.309291998545 310.689489046733 302.770674228668 299.280126889547 307.303468386332 318.693598111471 321.193734804789
323.554555575053 310.837050278982 298.292219638824 284.185608228048 286.332011222839 299.356361230214 312.466422716777 319.056193033854 324.98832543691 328.753888607025 335.774143536886 340.646743774414 341.015736262004 340.13040860494 338.130354881287 334.614038467407 332.756241162618 328.163782755534 330.994168917338 335.931936899821 334.88659063975 334.722876548767 337.97824382782 332.709987958272 327.704270680745 326.749841372172 321.834127108256 312.962094942729 304.29728825887 298.937380313873 297.29171593984 295.045971870422 288.320104281108 290.317853291829 288.154542446136 291.720489660899 301.901539166768 306.874056657155 316.566983858744 321.936925252279 319.525599479675 312.235395113627 304.322977860769 300.223628679911 305.950264135997 326.427241166433
345.313946406047 330.546816190084 306.018988291423 288.111011187236 279.587169488271 287.015159924825 306.827187538147 318.227668603261 319.482525189718 319.661676883698 325.83232720693 333.006580670675 337.414662043254 338.980913162231 341.362675031026 341.8896595637 338.242451349894 330.727219581604 329.313079516093 332.55789677302 332.130948702494 335.321187973022 340.38257598877 337.674061457316 333.78545443217 332.296967506409 326.212882995605 317.064861456553 306.725084781647 299.930731455485 299.509723981221 295.188069343567 300.280253092448 305.985550085704 300.774951775869 297.804196675618 306.082467238108 313.602169354757 317.797382672628 318.115393320719 319.059650103251 315.212408701579 312.283078829447 311.476667722066 310.329854488373 315.704186757406
347.490747769674 338.165839513143 327.916840712229 313.785970211029 298.675755659739 288.487652937571 291.530609130859 313.587864240011 322.070479393005 326.845288276672 325.274884700775 321.098446846008 318.539420763652 316.252668698629 317.749460538228 325.577477614085 331.080794334412 336.665590604146 338.311274846395 337.863524754842 333.736220995585 329.779664675395 337.032516797384 338.837862014771 336.929400761922 338.264226913452 334.206024805705 326.830744743347 316.54167175293 309.462666511536 304.734607537587 305.48616250356 319.773733615875 326.123396555583 323.068658510844 315.964976946513 314.505199591319 318.277716636658 321.62614663442 327.147126197815 327.255407969157 323.11338186264 319.061239560445 313.241859277089 298.120379447937 291.854282220205
343.306620915731 343.294580777486 341.738780339559 336.044470469157 324.094235897064 300.639152526855 283.334414164225 285.14168659846 309.651652971904 325.61465104421 329.635719458262 327.179869016012 322.171588738759 316.635290781657 308.533668518066 310.928881168365 317.897439002991 327.168146769206 337.552070617676 342.699925104777 341.197768847148 334.422548611959 334.437608718872 337.887605031331 338.078657786051 340.391437212626 339.568018913269 335.286339124044 328.65979274114 324.506123860677 321.382959683736 322.168986002604 332.250535488129 335.222005844116 334.224065144857 330.7865858078 325.387378533681 321.842769781748 316.104849179586 322.561105092367 330.326020717621 333.946466445923 332.929035027822 323.598066965739 307.26412932078 291.213572025299
341.044465700785 341.494003931681 341.893275578817 340.471426645915 335.403164227804 325.325707594554 306.00114663442 282.020409901937 291.126926740011 309.769670168559 323.3243227005 327.420930067698 327.514290809631 326.328714688619 321.242113908132 315.966963768005 314.258635044098 317.264755566915 324.808339277903 334.151744842529 340.526024500529 342.041015625 339.715242385864 337.227980295817 337.739229202271 341.013352076213 342.028896013896 339.509050051371 337.064862251282 337.508638699849 337.890346844991 336.948394775391 339.548230171204 340.969244639079 337.911248207092 336.105545361837 332.597355047862 324.996093908946 311.171174049377 314.318497975667 329.26881313324 332.770864168803 329.390784104665 325.537780920664 316.591779390971 307.209968566895
331.343452135722 336.141427357992 337.772925694784 337.51654624939 336.535533269246 336.623549461365 330.392420291901 320.71594397227 296.861072381337 288.968145847321 300.292710463206 317.765772342682 329.573432604472 333.684206008911 335.389653841654 332.253297170003 323.985795180003 321.047107378642 320.626517136892 321.467717488607 326.79961125056 330.352147420247 333.03169409434 333.808183670044 335.925062497457 338.02342414856 339.693069458008 339.000980059306 338.2568359375 340.259830156962 341.099262237549 341.079115867615 342.860341072083 344.441016515096 342.493136723836 338.573614756266 336.866895357768 332.220613956451 314.002672831217 310.354550679525 323.52336247762 324.81062412262 322.91454076767 321.350375811259 313.264429569244 303.888042767843
302.413523197174 311.821420987447 319.309989611308 324.781894683838 329.554339249929 333.510557810466 335.873643557231 334.294716517131 318.867425123851 300.653020540873 289.680043856303 296.244780222575 314.836879571279 330.305735270182 336.802244186401 332.405030727386 328.93031835556 325.946867465973 320.149699846904 316.664695739746 316.928327083588 315.658191839854 317.392249902089 324.489235877991 330.040395259857 333.482225735982 335.069020589193 334.547797838847 336.365818977356 338.730414708455 339.755694071452 341.485500335693 345.176140467326 345.709403355916 343.509872754415 340.614120165507 340.110063552856 339.808384577433 328.23254664739 316.069066524506 320.003867149353 323.690931002299 325.365583101908 325.128455956777 317.557692527771 308.737655480703
271.018226941427 275.414566198985 282.339890797933 292.072614034017 303.178826967875 314.623634020487 326.235016187032 329.072058200836 330.67778746287 323.28865925471 304.95681365331 289.352357387543 291.056434313456 309.124251206716 325.734039147695 326.23952627182 330.700993537903 329.84326283137 324.79190826416 318.442563215892 312.88343667984 310.620903968811 310.694416364034 316.846152146657 321.621159712474 324.074963728587 325.405557950338 327.235956986745 330.846031506856 333.248933156331 335.445205370585 338.855743408203 342.436710993449 342.503984769185 341.276367505391 340.473095575968 342.444578806559 343.867341677348 340.327382087708 330.979625384013 328.688144683838 331.716736157735 334.628542264303 334.600369135539 328.403691450755 325.865149497986
261.761864026388 257.123986879985 255.131582419078 254.201491673787 261.003216107686 275.096416473389 295.167982578278 311.048765977224 329.303940137227 331.50456349055 325.22048552831 310.334881146749 289.154469966888 287.280201911926 305.457631746928 322.863042354584 331.700483957926 332.135577996572 329.867422580719 325.207968552907 319.762587547302 318.805813789368 317.622343699137 318.277716636658 317.873954772949 316.732128461202 319.63179508845 325.078010559082 326.99445883433 327.163438002268 330.040395259857 333.470503489176 335.160493850708 336.05964978536 335.566600163778 337.817271550496 343.120336532593 345.765749613444 344.203392664591 343.091646830241 341.008504231771 340.39568901062 339.879512786865 339.223623275757 333.102961381276 330.114960670471
256.643672784169 232.163528601329 215.82959095637 210.646529992421 208.098491032918 213.887711366018 232.634345690409 263.641158739726 295.537273089091 320.122202237447 329.434116681417 330.041607220968 319.43533817927 300.599058469137 298.619051774343 317.493657271067 327.962021032969 334.227482477824 336.430589358012 335.015575091044 329.352100690206 327.233572800954 325.301428635915 325.288554032644 323.499202728271 321.625391642253 324.161569277445 329.137285550435 328.041593233744 324.663897355398 327.577153841654 330.813884735107 332.217335700989 332.533717155457 334.004124005636 336.815039316813 340.210239092509 342.19765663147 342.442750930786 341.579675674438 342.208862304688 343.15812587738 343.659321467082 341.140826543172 336.290121078491 331.934571266174
240.064263343811 206.626852353414 184.938132762909 180.867930253347 180.553793907166 185.264945030212 191.653470198313 217.823803424835 242.117126782735 286.561846733093 325.634857018789 339.839259783427 341.565171877543 333.743492762248 316.367467244466 313.302417596181 317.516605059306 327.419817447662 336.241563161214 338.157018025716 337.665239969889 334.864457448324 333.898862202962 332.467993100484 329.466879367828 327.32101281484 329.790790875753 330.956896146138 326.063354810079 324.113885561625 327.706694602966 330.576161543528 329.96787627538 330.161313215892 332.275966803233 334.513783454895 334.686716397603 334.12492275238 335.471073786418 335.325201352437 337.122837702433 340.398867925008 342.450022697449 340.725660324097 336.911082267761 334.955890973409
205.606977144877 181.268175443014 165.526807308197 162.099728981654 177.895128726959 199.351648489634 197.494447231293 205.432136853536 223.82116317749 251.567542552948 297.496835390727 337.466478347778 346.227884292603 345.276912053426 337.829152743022 318.708697954814 311.186273892721 313.019156455994 324.588676293691 337.19805876414 340.792059898376 338.215351104736 339.133222897847 336.609601974487 332.491993904114 332.528313000997 334.378004074097 332.005143165588 326.866666475932 329.286634922028 331.472337245941 331.133961677551 329.538981119792 328.176081180573 328.60279083252 328.22980483373 327.314595381419 323.711037635803 325.132012367249 326.133529345195 329.2209704717 331.417520840963 332.8537940979 331.834693749746 334.206859270732 335.967421531677
181.219855944316 172.104815642039 162.857472896576 154.239942630132 157.219727834066 181.256333986918 200.434188048045 204.036792119344 216.746687889099 230.421642462413 253.178735574087 303.557991981506 342.025518417358 344.121813774109 341.810743014018 338.31516901652 331.84560139974 322.174032529195 315.304279327393 323.268135388692 335.536479949951 339.772303899129 341.282685597738 339.141329129537 335.645437240601 336.572249730428 339.470386505127 336.122751235962 332.817713419596 336.414813995361 337.278207143148 331.532041231791 328.329761823018 326.65495077769 322.832226753235 322.09300994873 319.479723771413 318.722307682037 317.89759794871 320.020894209544 321.973363558451 322.808523972829 324.502984682719 326.08038187027 332.840800285339 336.176077524821
172.690371672312 176.176349322001 176.670034726461 165.798455476761 148.068825403849 158.575743436813 189.081390698751 204.599340756734 222.95206785202 233.637690544128 242.30436484019 268.107414245605 316.019117832184 341.252247492472 344.124595324198 345.186471939087 344.362179438273 339.053829511007 328.052083651225 317.124207814534 324.761112531026 338.167905807495 339.136799176534 337.90930112203 338.134050369263 341.655651728312 343.863566716512 342.098474502563 339.631080627441 341.127872467041 338.038841883341 332.248429457347 329.13339138031 325.696369012197 322.092890739441 320.292890071869 318.037470181783 318.336486816406 318.268835544586 318.570892016093 320.420424143473 321.596622467041 320.501645406087 323.269625504812 329.857726891836 334.907571474711
182.611048221588 193.202535311381 201.026717821757 193.487683931986 171.722769737244 168.171604474386 188.560922940572 208.264152208964 226.576169331868 248.840093612671 255.191743373871 264.668842156728 290.192067623138 323.601464430491 339.733123779297 344.088276227315 344.075004259745 343.538125356038 342.007358868917 333.110769589742 321.044286092122 329.80082432429 333.076258500417 336.995323499044 341.228365898132 344.696601231893 346.145669619242 344.557603200277 340.552767117818 340.153415997823 336.659789085388 332.682232062022 329.097549120585 325.928211212158 323.846340179443 321.225682894389 321.168104807536 318.519790967305 317.952752113342 320.119341214498 321.93911075592 322.964409987132 322.648406028748 323.582867781321 324.76278146108 332.660476366679
196.411569913228 201.025505860647 213.476022084554 227.57355372111 214.087128639221 186.329861481984 186.449885368347 197.405497233073 217.421352863312 240.624845027924 255.043466885885 256.839950879415 273.627599080404 286.617537339528 316.360533237457 337.013284365336 340.011119842529 340.788761774699 340.820074081421 340.779264767965 336.952169736226 329.215486844381 329.857130845388 334.95835463206 339.7110303243 343.832413355509 346.330563227336 344.206253687541 338.597377141317 338.18785349528 334.748188654582 329.873998959859 326.898415883382 325.921793778737 324.953138828278 322.522580623627 320.92555363973 314.850707848867 313.721398512522 319.732189178467 324.077010154724 325.205385684967 325.753569602966 325.717886288961 324.111262957255 328.895628452301
