input/barkrak2/radiation/dir11324.grid
NCOLS 85 
NROWS 70 
XLLCORNER 665100 
YLLCORNER 4664600 
CELLSIZE 20 
NODATA_value -9999 
[rows 20 to 39 of 70, columns 0 to 45 of 85]
136.407355467478 124.757448832194 135.247866312663 168.721338113149 163.495361804962 135.498156150182 124.839961528778 134.73038872083 146.648248036702 165.65861304601 179.547647635142 181.360423564911 181.558668613434 188.554644584656 200.397690137227 216.660380363464 231.413662433624 242.626031239827 261.502087116241 277.483403682709 286.765893300374 280.907948811849 281.92800283432 285.036623477936 286.8971824646 289.038598537445 291.878978411357 290.039916833242 287.744780381521 286.700665950775 279.681007067362 265.343447526296 251.48465236028 242.521981398265 238.927821318309 245.109756787618 244.903087615967 247.239152590434 251.549263795217 256.564736366272 257.847428321838 257.175405820211 260.266105333964 254.253923892975 258.973399798075 262.690842151642
167.514801025391 159.4491203626 164.199113845825 195.782721042633 192.6655570666 142.385592063268 136.89332207044 143.88769865036 151.328722635905 165.927191575368 171.374340852102 175.303181012472 178.477903207143 176.813364028931 188.863257567088 206.410566965739 219.551463921865 234.461983044942 247.717916965485 267.028331756592 275.032202402751 286.567012468974 295.299788316091 294.695099194845 286.19251648585 275.09731054306 255.261143048604 251.941978931427 251.905639966329 244.48702732722 242.448349793752 216.283837954203 193.937599658966 187.418520450592 192.939817905426 214.104036490122 222.909649213155 240.129788716634 251.248995463053 252.439260482788 250.319143136342 248.396555582682 241.890410582225 224.770565827688 247.695823510488 257.962902386983
213.398039340973 215.189894040426 207.958658536275 215.267141660055 214.723666508993 170.244614283244 160.625139872233 155.563324689865 150.975733995438 154.476056496302 170.680562655131 179.819862047831 183.518509070079 189.963459968567 192.006131013234 199.94060198466 213.041226069132 225.760479768117 234.992523988088 233.326653639475 237.582008043925 248.336553573608 257.320821285248 261.213560899099 262.374003728231 255.273997783661 241.914033889771 232.206543286641 227.758526802063 210.251450538635 185.741225878398 144.479304552078 114.564657211304 121.85083826383 150.338997443517 176.689247290293 197.269320487976 220.519582430522 234.330058097839 238.496065139771 242.621044317881 243.344744046529 218.650241692861 192.919135093689 224.828998247782 254.419008890788
243.760307629903 240.515152613322 222.954293092092 221.427917480469 220.520257949829 207.513372103373 184.772173563639 160.176068544388 145.762632290522 151.142249504725 173.558950424194 181.465605894725 191.458423932393 202.925662199656 196.73345486323 194.044927755992 201.882342497508 213.554660479228 222.571094830831 215.332965056101 213.60586086909 217.060049374898 228.565692901611 240.500152111053 245.727638403575 241.967936356862 231.823623180389 221.998810768127 203.908463319143 166.509727636973 137.340197960536 111.251393953959 73.9121933778127 37.3382121324539 39.8264204462369 82.2087277968725 128.501415252686 165.309886137644 189.367433389028 201.075255870819 200.695196787516 182.082792123159 174.733440081278 205.90207974116 211.578965187073 242.917279402415
237.733006477356 237.395942211151 232.605655988057 224.166512489319 212.138911088308 208.537499109904 188.551803429921 175.205111503601 160.663147767385 155.198285977046 162.134438753128 178.796867529551 189.051667849223 192.705591519674 191.573162873586 192.528307437897 200.465361277262 210.657715797424 218.09724966685 210.698366165161 211.212754249573 206.511576970418 214.040458202362 220.492680867513 225.656509399414 223.448614279429 216.482361157735 198.041836420695 180.575509866079 132.23656018575 112.075706322988 108.007709185282 83.5509896278381 32.5306728482246 27.0011375347773 52.7032961448034 81.1843375364939 107.452134291331 132.383306821187 157.598922650019 149.129251639048 130.68280617396 151.953041553497 229.560593763987 228.607614835103 245.91193596522
227.495670318604 232.466618220011 237.369477748871 225.140611330668 212.703287601471 208.680033683777 201.509038607279 202.746431032817 197.267651557922 183.420876661936 181.96572860082 193.336268266042 194.26167011261 204.32303349177 205.125788847605 199.31689898173 200.762132803599 211.569666862488 217.870076497396 221.458911895752 225.618243217468 220.239679018656 214.471459388733 211.778124173482 213.157574335734 214.150567849477 205.448667208354 189.959665139516 166.259258985519 143.13139518102 139.162331819534 152.793536583583 150.63621600469 95.9311525026957 62.6408954461416 69.9430157740911 76.6882201035817 94.4376587867737 116.16172393163 118.564854065577 119.20952796936 116.769373416901 160.710761944453 226.219415664673 244.086384773254 255.731423695882
228.116273880005 232.103943824768 236.812194188436 228.409012158712 228.48912080129 224.271655082703 224.100788434347 224.107325077057 230.43966293335 223.525881767273 206.86012506485 213.196794191996 212.296485900879 222.487986087799 222.395797570546 209.373672803243 205.763439337413 215.826590855916 225.00216960907 237.646381060282 237.94029156367 234.814663728078 224.716027577718 216.589152812958 215.254644552867 212.881008783976 205.14319340388 201.015015443166 177.561104297638 176.669339338938 194.19127702713 219.769954681396 227.033575375875 223.62623612086 173.50846529007 101.997484763463 93.778133392334 98.6791650454203 115.707039833069 122.710247834524 131.799230972926 167.444109916687 187.233408292135 211.923082669576 236.299375693003 245.841026306152
231.408695379893 228.287597497304 230.79256216685 229.298273722331 255.964001019796 245.783587296804 240.544398625692 233.474751313527 236.305991808573 240.407804648081 224.391877651215 218.413869539897 222.424666086833 224.388917287191 226.916273434957 221.397578716278 216.947038968404 222.256382306417 234.83943939209 241.07035001119 238.760590553284 230.893174807231 227.138062318166 224.516133467356 223.281443119049 218.210419019063 214.699188868205 211.72829469045 210.155367851257 213.873187700907 232.731640338898 246.521313985189 250.598569711049 263.652006785075 258.884092171987 171.038428942362 117.889901002248 105.071177085241 107.671797275543 129.077136516571 165.581911802292 231.917122999827 206.502278645833 199.450115362803 217.203517754873 223.129014174143
230.82309961319 220.037619272868 223.184545834859 235.385656356812 274.642686049143 253.182530403137 235.997637112935 226.713200410207 227.657457192739 229.328950246175 219.007194042206 212.483525276184 220.567564169566 225.318431854248 230.378945668538 231.581151485443 227.389375368754 223.487575848897 233.646353085836 235.251784324646 232.263406117757 226.237714290619 225.704828898112 230.330924193064 230.440636475881 222.759266694387 223.654528458913 219.375610351562 220.140914122264 226.441005865733 246.33647998174 261.90992196401 264.304002126058 264.480650424957 275.157034397125 241.727252801259 139.729787906011 92.1701590220134 76.9854287306468 104.681740204493 178.843716780345 217.274924119314 194.959382216136 166.200776894887 182.896137237549 189.565539360046
226.160724957784 212.103029092153 218.145410219828 245.433886845907 273.346741994222 250.377615292867 223.600407441457 204.699397087097 197.283804416656 194.643417994181 192.721803983053 196.226378281911 213.008105754852 226.41251484553 230.065723260244 236.316323280334 235.234797000885 222.135563691457 226.144909858704 224.557300408681 225.015302499135 225.509484608968 227.380096912384 232.203404108683 233.492970466614 228.514591852824 232.003033161163 224.205235640208 219.329992930094 234.097599983215 254.766682783763 271.387358506521 267.985701560974 265.928546587626 276.56231323878 281.240264574687 230.176091194153 142.118742068609 105.276683966319 112.249900897344 147.945622603099 166.019062201182 174.086610476176 142.645438512166 145.824670791626 161.193231741587
218.387285868327 225.665628910065 255.66573937734 301.397363344828 296.353757381439 256.69801235199 220.143953959147 188.296914100647 176.457583904266 184.49878692627 180.222868919373 176.753958066305 205.395797888438 226.595719655355 233.54693253835 239.678104718526 240.699728329976 228.50626707077 228.442172209422 227.36249367396 225.971937179565 230.579634507497 231.156647205353 232.338090737661 235.692063967387 237.102866172791 237.482865651449 234.537720680237 229.506532351176 243.681828180949 263.114909331004 274.759193261464 270.466526349386 274.345517158508 282.194038232168 286.310950915019 289.149185021718 269.004543622335 190.332611401876 142.026295264562 128.83252898852 127.823094526927 149.25080537796 140.842169523239 139.232496420542 163.697799046834
237.136324246724 269.766807556152 303.067564964294 317.134340604146 330.881953239441 296.968301137288 252.030928929647 210.717876752218 197.082936763763 208.611230055491 199.635088443756 184.413592020671 198.607643445333 224.596957365672 240.458905696869 243.638018767039 241.117894649506 236.169775327047 230.358878771464 229.090829690297 231.113334496816 235.389868418376 236.05219523112 235.263466835022 237.019081910451 245.489716529846 246.964812278748 249.990979830424 247.477650642395 255.307992299398 267.85014073054 275.043845176697 277.255495389303 284.423033396403 289.942542711894 279.353400071462 283.014674981435 302.689711252848 268.725911776225 192.036052544912 141.625831524531 130.284587542216 136.809289455414 146.668622891108 168.003420035044 197.210371494293
284.0482989947 306.154092152913 310.784022013346 306.259274482727 321.145256360372 326.582431793213 306.323786576589 271.700064341227 244.803547859192 240.702191988627 238.98983001709 217.415452003479 205.20689090093 218.715091546377 240.094343821208 245.977997779846 239.915390809377 243.384659290314 233.210583527883 231.482128302256 235.117296377818 237.150231997172 235.825459162394 235.297560691833 238.354285558065 249.624828497569 256.219148635864 260.421613852183 256.452639897664 258.811195691427 271.589914957682 280.658463637034 278.388023376465 278.660933176676 281.758149464925 270.717203617096 272.251506646474 280.049959818522 259.678641955058 215.29612938563 179.166833559672 153.978268305461 143.05172363917 149.102956056595 166.147043307622 202.626983324687
299.490412076314 304.294804732005 300.096293290456 290.733297665914 294.496099154154 310.266494750977 316.392620404561 297.666609287262 273.818453152974 263.488074143728 265.977839628855 248.906850814819 224.920988082886 227.495551109314 240.514000256856 243.331511815389 240.356067816416 241.864085197449 233.568509419759 234.505911668142 232.112030188243 233.729163805644 232.778429985046 231.07107480367 237.531403700511 246.795058250427 256.820638974508 258.298993110657 256.913145383199 262.779593467712 274.816155433655 276.289363702138 264.646569887797 258.026421070099 261.551996072133 243.330200513204 241.704821586609 233.938078085581 211.422979831696 197.358330090841 207.770864168803 187.87690003713 167.399048805237 153.065820535024 155.561606089274 181.305925051371
302.714188893636 299.991548061371 304.50302362442 294.149239857992 288.94446293513 297.913829485575 315.056761105855 318.374832471212 296.201904614766 275.131265322367 268.178979555766 263.248264789581 257.175882657369 245.537022749583 243.130207061768 244.266827901204 237.174530824025 234.945098559062 235.557834307353 239.935497442881 235.711832841237 234.020491441091 232.255796591441 233.170489470164 237.531622250875 243.226051330566 251.811464627584 250.106434027354 252.616306145986 264.118492603302 271.653652191162 264.524042606354 251.326580842336 251.28835439682 245.715339978536 228.537380695343 231.166958808899 229.765931765238 223.765830198924 221.951226393382 226.730306943258 227.724969387054 208.101511001587 188.588976860046 173.028826713562 164.951701958974
315.316140651703 313.68488073349 319.247921307882 315.329591433207 307.649393876394 308.896919091543 319.813132286072 329.731980959574 307.644248008728 282.35399723053 267.643968264262 267.929931481679 271.316091219584 257.617831230164 246.227900187174 247.440377871195 244.911968708038 237.914741039276 241.705000400543 241.92076921463 240.103880564372 236.163516839345 239.352683226267 242.402990659078 239.916423956553 244.744022687276 246.757169564565 243.839780489604 249.314705530802 262.504319349925 267.334043979645 260.571638743083 253.428280353546 254.450718561808 239.926397800446 233.808855215708 239.488363265991 243.337670962016 248.779018719991 250.786085923513 216.73721075058 214.419722557068 203.899562358856 194.390376408895 178.859015305837 157.014975945155
322.006344795227 321.748574574788 324.828783671061 324.105203151703 316.772182782491 312.132676442464 318.330804506938 329.677959283193 313.978155454 282.282630602519 267.813046773275 265.561938285828 269.437909126282 254.386723041534 245.511849721273 252.22392876943 255.662600199382 244.689226150513 248.473385969798 251.321097215017 250.785529613495 245.382030804952 244.769851366679 247.794111569723 245.488127072652 243.968586126963 247.520486513774 251.939694086711 254.229823748271 264.072855313619 267.591536045074 262.377222379049 255.615651607513 253.531416257223 238.713463147481 242.289046446482 246.619025866191 250.350217024485 252.183377742767 247.666776180267 196.899970372518 165.714720884959 152.901868025462 146.739453077316 145.240644613902 141.484707593918
320.61509291331 323.416650295258 325.93313852946 324.42033290863 318.983872731527 316.197653611501 318.913360436757 325.874050458272 321.2864001592 291.640480359395 274.743835131327 268.580873807271 261.912683645884 253.911296526591 247.427622477214 252.28226184845 260.372201601664 255.203902721405 252.159456411997 255.034387111664 256.368656953176 252.030253410339 248.456180095673 249.86469745636 249.7185866038 248.670856157939 250.690360864004 256.499866644541 259.248157342275 262.576798597972 266.489843527476 265.190919240316 258.541186650594 243.679682413737 231.985926628113 249.248226483663 257.80588388443 258.034964402517 250.351548194885 248.37992588679 193.437099456787 131.62769873937 108.258098363876 96.9565312067668 100.750774145126 105.896860361099
305.276970068614 312.467316786448 316.683669885 316.555301348368 317.292590936025 320.919871330261 323.195179303487 324.196974436442 322.204271952311 303.253750006358 291.974067687988 278.047879536947 264.622330665588 262.604455153147 253.735264142354 249.080379803975 260.155538717906 260.186314582825 255.005319913228 254.273295402527 254.585087299347 251.189470291138 246.887644131978 247.795442740122 250.783006350199 253.826479117076 251.964608828227 255.872547626495 258.901019891103 259.479184945424 265.118837356567 267.619033654531 254.075646400452 230.821053187052 237.708608309428 263.807038466136 267.830590407054 262.140989303589 249.841809272766 251.062115033468 236.865977446238 167.858958244324 113.335192203522 96.2470173835754 95.9627230962117 93.7359035015106
280.102928479513 285.526712735494 285.23466984431 293.105562527974 303.311924139659 314.001361529032 321.417530377706 325.758814811707 323.774596055349 313.183903694153 294.74131266276 276.333212852478 263.166546821594 261.280616124471 258.99342695872 253.062208493551 257.044235865275 257.715046405792 249.220410982768 250.485102335612 253.23885679245 253.729502360026 251.753230889638 246.87127272288 246.844967206319 248.090028762817 252.451697985331 254.358510176341 257.807771364848 256.987055142721 259.538809458415 263.042092323303 247.315446535746 232.797582944234 259.523510932922 276.297569274902 271.251082420349 264.108955860138 256.421148777008 259.079257647196 280.898213386536 270.022332668304 199.197014172872 147.023310263952 117.961714665095 95.0574378172557
