input/barkrak2/radiation/dir17724.grid
NCOLS 85 
NROWS 70 
XLLCORNER 665100 
YLLCORNER 4664600 
CELLSIZE 20 
NODATA_value -9999 
[rows 0 to 19 of 70, columns 0 to 45 of 85]
356.727083524068007 358.613610267639 357.138713200887 351.494232813517 345.191399256388 340.344230333964 332.139591375987 326.022406419118 331.244468688965 329.770525296529 326.476136843363 334.849278132121 341.743508974711 341.540614763896 344.584544499715 355.533202489217 360.044002532959 357.747157414754 341.431101163228 328.900873661041 305.577278137207 299.128949642181 314.946850140889 321.401059627533 317.708373069763 314.546525478363 314.582387606303 306.414862473806 288.276135921478 280.632615089417 279.487669467926 283.335904280345 290.380577246348 295.986851056417 304.303646087646 297.183096408844 293.502231438955 301.169594128927 298.898220062256 301.893611749013 291.954477628072 271.710614363352 282.15100367864 308.734734853109 314.457774162292 304.669380187988
351.348598798116 356.181621551514 357.915798823039 353.235642115275 350.309729576111 345.532377560933 334.630727767944 323.299944400787 325.932820638021 327.853957811991 322.533488273621 329.500257968903 339.278976122538 340.883652369181 339.891195297241 345.954378445943 343.981027603149 342.564304669698 342.599908510844 335.389693578084 318.337698777517 307.761073112488 311.538596947988 316.878994305929 315.870543320974 311.633785565694 310.049374898275 305.727005004883 291.398485501607 280.814707279205 281.973163286845 290.193299452464 286.363085110982 289.790352185567 302.883207798004 295.531431833903 287.867506345113 290.32297929128 287.284950415293 299.275358517965 298.018236955007 285.297294457753 292.858163515727 313.784003257751 320.187409718831 308.308601379395
333.69517326355 333.99506409963 336.125691731771 339.815616607666 345.543146133423 347.739219665527 346.674760182699 340.40355682373 334.918896357218 330.7017882665 322.512626647949 322.645386060079 330.535451571147 332.619627316793 328.63982518514 332.068701585134 335.923473040263 340.520183245341 342.774669329325 340.235114097595 335.446993509928 324.245711167653 315.312286218007 313.513338565826 314.735452334086 315.496345361074 310.015141963959 303.988575935364 292.685190836589 280.026336510976 276.98802947998 288.284679253896 275.222996870677 281.644066174825 297.419011592865 291.882634162903 275.80185731252 268.110334873199 280.051032702128 299.974759419759 302.743236223857 303.318540255229 305.770436922709 321.383098761241 331.044455369314 316.040893395742
320.512771606445 315.176129341125 318.20555528005 321.972568829854 323.386351267497 324.189086755117 325.033068656921 331.385989983877 338.895996411641 341.563026110331 336.959997812907 333.028316497803 332.512060801188 331.546187400818 327.47217019399 321.274399757385 324.209908644358 330.822587013245 337.767680486043 339.289824167887 338.085651397705 335.098584493001 333.032488822937 325.609902540843 323.500315348307 324.738343556722 319.149931271871 309.757868448893 301.196535428365 290.960152943929 280.584335327148 286.640226840973 274.129966894786 280.916968981425 288.556675116221 289.761583010356 282.975792884827 279.744744300842 298.561036586761 313.798149426778 311.044593652089 304.190695285797 299.570937951406 307.747304439545 319.30011510849 322.465042273204
330.955664316813 318.81844997406 307.808081309001 298.544526100159 294.380565484365 305.915633837382 319.785435994466 324.919799963633 330.559412638346 334.116538365682 341.136654218038 344.828248023987 344.414035479228 341.991424560547 338.8618628184 336.50283018748 334.645986557007 330.591897169749 333.877046902974 339.279095331828 338.478724161784 337.824900945028 339.812596638997 334.827820460002 329.90562915802 328.659892082214 323.520759741465 314.363261063894 305.343588193258 299.669206142426 297.670582930247 293.951511383057 286.2775127093 289.116740226746 286.808391412099 290.616412957509 301.316857337952 306.656102339427 317.014813423157 322.934190432231 321.220517158508 313.099424044291 304.300884405772 299.747049808502 305.799961090088 328.062812487284
352.672259012858 339.592854181925 320.477525393168 295.582254727681 288.003861904144 295.200089613597 313.023050626119 325.329681237539 327.364067236582 326.6361951828 331.297238667806 338.045159975688 343.188802401225 344.478607177734 345.371007919312 345.569332440694 341.839869817098 334.00571346283 332.260251045227 335.396925608317 334.957957267761 338.226318359375 343.634525934855 340.005954106649 335.396528244019 334.477066993713 328.027943770091 318.454682826996 307.650526364644 300.485253334045 299.322724342346 294.241905212402 299.893160661062 306.440095106761 300.151705741882 297.114014625549 305.826147397359 313.330133756002 318.183620770772 318.49330663681 319.570283095042 315.853973229726 313.190102577209 311.826348304749 310.89452902476 318.294624487559
354.142109553019 346.24187151591 333.741386731466 321.295519669851 306.684613227844 295.065184434255 301.251947879791 322.267949581146 328.982392946879 332.429448763529 330.93786239624 327.998161315918 325.559099515279 322.227418422699 323.633551597595 332.166353861491 337.104797363281 341.102679570516 341.805537541707 340.997894605001 336.292306582133 331.967830657959 339.720964431763 341.842571894328 339.14585908254 340.388139088949 336.896896362305 328.599830468496 317.826588948568 310.130079587301 304.359873135885 305.057009061178 319.335401058197 326.218287150065 323.857665061951 316.44872824351 314.919034639994 318.768918514252 322.466413180033 328.770538171132 329.141875108083 324.847797552745 320.777734120687 314.389586448669 299.281716346741 292.898813883464
347.388903299967 348.087747891744 347.253600756327 342.299342155457 331.19801680247 311.515768369039 293.345669905345 291.958649953206 317.195216814677 332.385122776031 336.082458496094 332.790891329447 328.061640262604 323.814670244853 314.866423606873 317.160983880361 324.99881585439 333.681186040242 342.231671015422 346.501429875692 344.344695409139 337.196310361226 336.852153142293 340.69816271464 340.99010626475 342.904051144918 342.012882232666 337.599555651347 330.849766731262 326.007147630056 322.065313657125 322.815795739492 332.936704158783 337.117751439412 336.264173189799 332.637349764506 326.740463574727 323.466420173645 317.383547623952 325.337688128154 333.638191223145 336.563587188721 334.525505701701 324.69113667806 307.582259178162 291.014571984609
345.287879308065 346.249500910441 347.076336542765 345.825592676799 341.94819132487 333.138724168142 312.49988079071 290.389478206635 299.331545829773 315.803468227386 329.188287258148 333.14041296641 333.195010821025 332.098225752513 327.294826507568 323.274453481038 321.639895439148 323.245167732239 331.613659858704 340.330044428508 344.935814539591 345.903754234314 343.025128046672 340.948661168416 341.062307357788 344.377994537354 345.356742540995 343.177636464437 340.457717577616 340.370655059814 339.823365211487 338.686386744181 341.488083203634 342.970768610636 340.663234392802 338.675340016683 335.064053535461 327.203969160716 313.106119632721 316.533048947652 331.417620182037 334.10918712616 329.963425795237 326.359311739604 317.265411218007 307.996054490407
338.08445930481 341.726223627726 342.990239461263 343.116521835327 341.978708902995 342.822988828023 336.98312441508 326.680660247803 303.183297316233 297.182997067769 308.236062526703 325.010041395823 336.021900177002 338.952898979187 340.584317843119 337.67294883728 329.862336317698 326.995333035787 326.515316963196 328.535238901774 333.561937014262 335.801283518473 338.212211926778 339.168349901835 340.808510780334 342.860420544942 343.937993049622 342.747171719869 341.971238454183 344.493945439657 345.298528671265 345.218380292257 346.767743428548 347.381194432576 345.242102940877 341.259082158407 339.995622634888 335.03250281016 316.194216410319 311.763087908427 324.466029802958 324.963212013245 322.874506314596 321.971197923024 313.843369483948 304.534157117208
309.397339820862 319.122672080994 326.795736948649 330.816467603048 335.264801979065 338.932752609253 341.230670611064 341.444770495097 326.177597045898 308.624585469564 296.359956264496 302.916626135508 322.25110133489 335.994680722555 341.98780854543 337.95154094696 334.716081619263 331.845641136169 327.351689338684 324.029505252838 323.040366172791 322.914183139801 324.438532193502 330.283800760905 336.001038551331 338.545242945353 340.059995651245 339.529871940613 341.101169586182 343.237638473511 344.123880068461 345.683415730794 348.87687365214 349.100232124329 347.621957461039 344.496170679728 343.252340952555 343.015631039937 330.699662367503 317.113558451335 320.262312889099 323.780179023743 325.538118680318 325.541436672211 318.070511023204 308.958311875661
278.829197088877 283.148547013601 289.941310882568 299.452086289724 310.984015464783 321.98170820872 333.028256893158 336.372852325439 337.259888648987 329.434235890706 312.818249066671 297.653039296468 299.281537532806 315.499941507975 331.68888092041 332.781990369161 337.087114651998 335.578123728434 330.762386322021 324.631333351135 320.379992326101 318.120062351227 318.182905515035 323.124667008718 327.707568804423 330.672204494476 331.254263718923 333.532611529032 336.884737014771 339.102109273275 341.107885042826 344.37088171641 347.76250521342 347.667654355367 346.307714780172 345.29709815979 346.705993016561 347.522020339966 343.489686648051 332.849244276683 329.84181245168 333.021998405457 336.224834124247 336.336692174276 329.850157101949 327.56785551707
269.82581615448 266.146302223206 264.189521471659 264.235595862071 270.952184995015 284.82977549235 303.354779879252 318.700532118479 335.153222084045 337.246259053548 331.31339152654 316.896557807922 296.056528886159 294.196705023448 312.18961874644 329.076170921326 337.443828582764 338.497638702393 336.446722348531 332.164446512858 326.99986298879 325.112779935201 324.834287166595 325.473586718241 324.972788492839 323.771317799886 326.560437679291 331.724067529043 333.495537439982 333.613991737366 336.308558781942 339.581648508708 341.284473737081 342.110236485799 341.411828994751 343.438069025675 348.284681638082 349.386612574259 348.451813062032 346.680402755737 344.079256057739 343.219518661499 342.34082698822 341.64563814799 335.862080256144 332.68807331721
265.65678914388 241.53063694636 226.197083791097 221.189220746358 217.739542325338 222.169518470764 240.655779838562 271.13131682078 302.482962608337 326.565901438395 335.369825363159 335.980137189229 326.796591281891 308.605790138245 306.697964668274 324.950794378916 333.876689275106 340.539971987406 343.072096506755 341.22641881307 336.030721664429 333.997011184692 332.182506720225 331.293841203054 330.318888028463 328.452209631602 330.967009067535 335.647702217102 334.472934405009 330.613871415456 334.116697311401 337.185303370158 338.579734166463 338.896632194519 339.279254277547 342.713594436646 345.915079116821 347.616314888 346.72220547994 346.582094828288 346.886316935221 347.499926884969 346.883614857992 344.592491785685 339.691877365112 334.796269734701
248.605410257975 216.319382190704 195.273677508036 190.656701723735 190.399090449015 193.743805090586 201.821943124135 225.829482078552 251.640141010284 295.158922672272 332.763155301412 345.100164413452 346.658945083618 340.393861134847 323.827842871348 320.885439713796 324.976185957591 333.307107289632 341.689149538676 343.894084294637 343.537131945292 341.017285982768 340.183814366659 338.940699895223 335.248589515686 333.800594011943 336.339791615804 337.412516276042 332.475781440735 330.765763918559 333.503802617391 336.207111676534 336.493015289307 336.713035901388 338.675101598104 339.743852615356 340.923428535461 340.380907058716 341.473579406738 340.366085370382 342.813889185588 345.753908157349 347.521861394246 345.436970392863 341.286857922872 338.934024175008
214.28519487381 189.811289310455 175.690988699595 172.01840877533 187.82901763916 207.580089569092 206.971228122711 212.238073348999 230.308393637339 259.919285774231 305.409709612529 343.860030174255 350.785454114278 349.962115287781 343.231717745463 326.121429602305 318.904598553975 320.66535949707 331.725180149078 343.363046646118 346.330881118774 343.94117196401 344.866514205933 342.647274335225 338.724613189697 338.086724281311 340.581258138021 338.318149248759 333.161989847819 335.602919260661 337.947328885396 336.73083782196 335.23698647817 334.872484207153 335.26357014974 334.913571675618 332.971314589183 330.618262290955 331.887980302175 332.79025554657 334.697008132935 337.721188863118 339.02104695638 337.840000788371 339.527090390523 340.991814931234
188.275575637817 179.621199766795 172.743837038676 165.27975598971 168.961644172668 191.966434319814 208.268721898397 210.75705687205 224.751532077789 238.643646240234 260.850310325623 311.310807863871 348.031600316366 349.197030067444 346.628705660502 344.417293866475 338.572820027669 329.400698343913 322.793165842692 330.46950896581 341.771443684896 345.326066017151 346.672614415487 344.7265625 341.532905896505 342.460950215658 344.541390736898 342.037677764893 338.665127754211 342.163920402527 343.237519264221 337.918480237325 334.951241811117 333.47495396932 329.797705014547 329.087376594543 326.640665531158 325.933615366618 325.043638547262 327.041904131571 328.944623470306 329.674045244853 331.248243649801 332.724054654439 338.73975276947 341.62708123525
180.25678396225 184.113482634226 185.790697733561 176.661491394043 159.576257069906 167.740305264791 195.262749989827 212.564984957377 228.076696395874 241.159578164419 249.676366647085 275.668998559316 324.211378892263 347.300410270691 349.324305852254 350.202043851217 349.762121836344 345.168987909953 335.013270378113 324.56773519516 330.55579662323 344.299077987671 344.838619232178 343.404730161031 343.605518341064 347.070177396138 349.156419436137 347.358226776123 344.445586204529 345.874786376953 343.597332636515 338.257908821106 335.570891698201 332.483033339183 329.105118910472 326.488614082336 325.243353843689 325.570484002431 325.481156508128 325.697163740794 327.4920185407 328.616400559743 327.488859494527 330.167353153229 335.158626238505 340.775648752848
190.258860588074 200.946787993113 209.447145462036 204.994559288025 184.838493665059 173.987070719401 195.928494135539 215.348442395528 233.423491319021 255.935072898865 261.681238810221 271.213432153066 301.201065381368 332.780003547668 345.835606257121 349.46616490682 349.352121353149 348.948001861572 347.831765810649 339.76944287618 328.327596187592 335.50484975179 339.503685633341 342.917998631795 346.644401550293 349.832534790039 351.154128710429 349.349896113078 345.468839009603 344.820459683736 342.070976893107 337.999939918518 335.23174126943 332.547724246979 330.692410469055 328.252851963043 328.287561734517 325.748324394226 325.183550516764 327.251633008321 328.955709934235 329.91228501002 328.473091125488 330.490529537201 331.603527069092 337.737957636515
204.557061195374 209.215084711711 221.53651714325 237.532099088033 225.24223725001 191.036800543467 193.190415700277 204.508344332377 223.84254137675 246.945222218831 260.186473528544 265.09557167689 280.45920530955 298.716505368551 328.762650489807 343.39181582133 345.288435618083 345.966537793477 346.484303474426 346.626838048299 343.340953191121 336.106697718302 335.684140523275 340.518236160278 345.616181691488 349.291801452637 351.436177889506 349.028905232747 343.538681666056 343.207716941833 339.979489644368 335.366288820903 332.839290301005 332.350134849548 331.642150878906 329.425056775411 328.008015950521 322.209715843201 321.156760056814 326.935350894928 331.082781155904 331.014732519786 332.566221555074 332.590003808339 329.715530077616 335.505167643229
