input/barkrak2/radiation/dir10124.grid
NCOLS 85 
NROWS 70 
XLLCORNER 665100 
YLLCORNER 4664600 
CELLSIZE 20 
NODATA_value -9999 
[rows 20 to 39 of 70, columns 0 to 45 of 85]
110.236306985219 98.5295176506042 106.99333747228 134.969850381215 130.36451737086 110.938459634781 102.241218090057 113.376677036285 125.886549552282 137.240121761958 149.694254000982 152.149230241776 154.046644767125 155.255814393361 163.91650835673 180.433352788289 195.403854052226 205.264846483866 221.123556296031 239.213585853577 244.805753231049 238.345841566722 238.521258036296 244.204978148142 244.72318092982 243.116656939189 240.030586719513 245.775163173676 246.158599853516 257.592499256134 254.065871238708 240.175724029541 224.466105302175 213.36289246877 208.770950635274 215.142746766408 214.686195055644 216.268062591553 220.875720183055 226.015369097392 226.501901944478 227.05090045929 230.528076489766 222.819070021311 228.72535387675 232.927620410919
142.248769601186 131.962170203527 131.549835205078 161.334931850433 158.956031004588 113.843828439713 114.04080192248 122.365484635035 131.071309248606 137.280017137527 143.687347571055 144.024054209391 146.836777528127 139.498551686605 150.068898995717 163.747886816661 180.851101875305 193.449298540751 206.687947114309 220.595479011536 229.835828145345 242.081542809804 245.054304599762 242.731293042501 234.641075134277 223.415434360504 213.287909825643 208.034773667653 221.741775671641 211.427311102549 197.118322054545 170.628031094869 158.43324859937 155.165255069733 160.090049107869 181.666413942973 190.798044204712 207.849582036336 220.329225063324 221.622169017792 218.574643135071 217.554748058319 210.897107919057 191.440204779307 216.370423634847 227.701385815938
189.33359781901 188.758254051208 176.282584667206 181.703368822734 181.190192699432 140.045056740443 137.812634309133 132.9658528169 130.670775969823 131.782114505768 141.164352496465 141.669690608978 148.368944724401 149.407168229421 152.449478705724 161.121507485708 174.248735109965 188.504199186961 197.57870833079 200.304210186005 204.307874043783 219.579517841339 229.462484518687 234.503328800201 232.567509015401 224.367121855418 210.057079792023 201.455970605214 192.30314095815 192.188779513041 158.964018026988 119.787315527598 83.7174455324809 78.0308345953624 98.6003478368123 139.129141966502 161.324501037598 185.026089350382 202.045957247416 206.64103825887 211.205681165059 212.489763895671 185.41685740153 159.029831488927 192.15985139211 223.687708377838
222.898801167806 217.039525508881 193.59435637792 188.032885392507 186.59245967865 177.533288796743 159.254918495814 137.389361858368 124.754766623179 128.416707118352 143.155306577682 146.959195534388 157.787591218948 165.336350599925 163.98490468661 165.883382161458 173.720002174377 185.708284378052 192.885537942251 183.63497654597 184.454003969828 187.324623266856 202.653507391612 211.225708325704 213.190813859304 213.847657044729 201.057632764181 186.82591120402 171.153644720713 137.663493553797 114.822904268901 84.6205949783325 51.2617031733195 16.2298381328583 16.0074569284916 44.935534397761 82.3957125345866 117.899179458618 142.654498418172 159.649193286896 160.237391789754 148.374537626902 143.97872487704 172.193666299184 182.247916857402 213.66802851359
218.056162198385 216.538747151693 206.440846125285 191.282629966736 177.749276161194 177.092909812927 162.957221269608 151.154279708862 135.282645622889 131.269296010335 136.940687894821 147.388716538747 154.915471871694 166.402628024419 166.636675596237 165.663689374924 172.118365764618 184.219340483348 191.787521044413 183.862944444021 183.146774768829 179.737826188405 188.838581244151 195.233762264252 195.307513078054 193.668564160665 187.530080477397 174.926896890004 153.487155834834 108.27781756719 89.0358090400696 87.5669717788696 62.6169492801031 16.117929170529 9.50945417086283 30.2545800805092 51.7591933409373 71.0935493310293 92.3542380332947 108.807901541392 102.42905219396 96.1851179599762 117.606202761332 199.81724023819 201.191941897074 216.281910737356
206.034382184347 211.31686369578 213.326334953308 194.544434547424 178.679287433624 177.184303601583 174.902200698853 179.610351721446 173.41148853302 160.079449415207 154.936214288076 164.563397566477 168.034752209981 178.072273731232 178.593695163727 170.941511789958 174.123803774516 186.684449513753 191.309372584025 194.924573103587 199.391484260559 195.14254728953 189.305345217387 185.747822125753 183.657924334208 183.626433213552 175.261398156484 159.432550271352 138.455897569656 122.492571671804 118.56550971667 130.807191133499 126.712222894033 67.283088962237 37.0066439112028 48.0670730272929 53.8565417130788 62.5394334395727 80.9157192707062 78.1809637943904 71.6851005951564 78.6626090606054 125.385095675786 197.735806306203 216.636300086975 225.768387317657
206.174691518148 210.85266272227 213.959336280823 199.973980585734 194.89578406016 194.726169109344 200.076679388682 203.973333040873 207.481582959493 199.816604455312 183.174590269725 188.01881869634 187.762300173442 197.01890150706 194.609920183818 182.726422945658 180.496692657471 191.263059775035 198.425014813741 209.961295127869 214.538872241974 211.40193939209 198.950012524923 189.88033135732 187.037269274394 186.806360880534 177.520116170247 170.277655124664 152.844409147898 157.019197940826 173.046926657359 198.870301246643 207.032183806101 198.472539583842 136.565715074539 73.2473433017731 68.7189201513926 71.076105038325 82.3606650034587 78.4820218880971 89.9659991264343 131.146530310313 162.03769048055 194.581389427185 215.561270713806 222.509523232778
209.282517433167 206.478476524353 208.505709966024 202.442427476247 224.496980508169 218.097647031148 220.234831174215 214.297751585642 217.61280298233 217.280427614848 198.214610417684 192.999263604482 196.183681488037 197.471221288045 202.79602209727 196.579972902934 190.583189328512 196.2997118632 210.66669623057 215.496897697449 213.181058565776 203.175981839498 200.500845909119 197.992622852325 195.225298404694 193.472464879354 188.057482242584 185.540795326233 183.418452739716 197.073022524516 213.996211687724 227.195600668589 233.248809973399 245.861828327179 230.507493019104 135.895311832428 89.5522236824036 78.4736772378286 72.6830412944158 82.6830367247264 127.778430779775 201.286514600118 184.511164824168 181.43355846405 194.206277529399 198.098381360372
209.62248245875 197.914481163025 200.624982515971 208.268781503042 245.45814593633 228.286544481913 215.345640977224 207.17320839564 206.175267696381 205.718557039897 193.645199139913 185.273687044779 194.107492764791 196.898877620697 200.85871219635 205.384234587351 201.424936453501 193.518996238708 204.087316989899 205.825328826904 204.257945219676 196.172972520192 195.666233698527 200.889070828756 202.847679456075 195.83268960317 196.125984191895 192.525506019592 192.278822263082 210.793157418569 230.121115843455 244.482219219208 248.846054077148 249.296883742015 255.672017733256 209.862768650055 105.217576026917 65.5389974514643 54.1366140047709 65.1602397362391 141.179402669271 191.423575083415 175.178368886312 146.314303080241 151.592552661896 157.23392367363
206.341445446014 189.985573291779 194.89187002182 217.984437942505 244.836310545603 225.849171479543 201.277275880178 182.02006816864 173.254688580831 167.90626446406 168.1294242541 172.277212142944 186.797300974528 197.571694850922 199.467519919078 207.270165284475 205.706934134165 191.110332806905 194.206416606903 196.210026741028 196.444094181061 196.882327397664 197.203497091929 202.577551205953 204.948465029399 200.343608856201 203.407446543376 196.127434571584 197.907408078512 216.245512167613 239.593664805094 255.441864331563 253.523707389832 251.391847928365 262.153029441833 261.315623919169 197.867035865784 107.039640347163 78.5276343425115 86.8065555890401 120.092809200287 140.007098515828 151.095648606618 120.24313211441 115.738530953725 121.904561916987
199.36203956604 205.50533135732 235.172947247823 280.248483022054 270.553052425385 232.525865236918 193.902254104614 163.269996643066 147.193749745687 158.631533384323 155.896931886673 150.892734527588 174.732108910879 197.911540667216 206.818282604218 211.115479469299 211.126903692881 198.903441429138 197.746733824412 198.937694231669 197.182734807332 201.895515124003 204.273184140523 205.756823221842 210.045695304871 210.565805435181 210.872292518616 208.268940448761 207.040548324585 225.467264652252 248.165845870972 259.903132915497 255.882461865743 260.699331760406 269.761681556702 274.01864528656 269.858837127686 239.318172136943 158.147255579631 113.520264625549 102.129797140757 104.614824056625 122.504661480586 114.865998427073 108.654568592707 131.105919679006
217.847605546316 252.588709195455 290.924330552419 308.310627937317 315.476516882579 275.543093681335 227.133293946584 185.181578000387 172.194083531698 185.180485248566 175.107538700104 156.738519668579 170.654733975728 192.868411540985 211.580137411753 216.532349586487 213.382601737976 209.007402261098 201.437652111053 202.044049898783 203.573882579803 207.697550455729 210.377216339111 208.642105261485 211.248795191447 222.832421461741 222.74245818456 226.362685362498 226.61954164505 235.62087615331 252.017418543498 261.036912600199 263.791600863139 271.521290143331 277.823388576508 270.190556844076 269.992252190908 282.882849375407 238.953173160553 159.377892812093 112.44609951973 107.201566298803 113.088687260946 118.303994337718 138.184040784836 166.900257269541
270.053446292877 297.042151292165 306.760430335999 303.6208152771 317.424456278483 315.679490566254 289.097845554352 251.681427160899 223.906874656677 220.219830671946 214.5636677742 191.364566485087 174.535532792409 190.265417098999 212.615132331848 218.596597512563 214.741110801697 217.456857363383 205.386579036713 202.386756738027 207.277198632558 209.173957506816 208.775679270426 209.612727165222 213.364978631337 226.291139920553 232.015589872996 238.829771677653 237.638036410014 240.688800811768 254.160900910695 264.451920986176 264.154771963755 263.070225715637 266.535341739655 255.066851774851 256.849447886149 260.665357112885 231.918156147003 182.169437408447 146.061917146047 129.598458607992 121.732652187347 122.436920801799 137.925883134206 170.225580533346
294.516126314799 304.050008455912 300.406237443288 292.413453261058 298.031270503998 311.426997184753 310.537974039714 286.682824293772 258.39102268219 244.24821138382 242.562095324198 227.94101635615 200.064222017924 199.522157510122 212.309241294861 215.350906054179 210.25945742925 214.568257331848 205.836951732635 207.890371481578 206.924080848694 208.659986654917 207.658648490906 207.228402296702 213.28326066335 223.635454972585 234.934826691945 237.206220626831 237.058361371358 245.179057121277 256.637175877889 258.511344591777 247.088074684143 239.046434561412 242.506841818492 223.411977291107 222.228984038035 211.948196093241 183.088858922323 163.330256938934 175.79577366511 162.91735569636 142.988900343577 128.671546777089 128.603418668111 150.215675433477
301.368276278178 302.518010139465 305.529812971751 296.646654605865 293.427507082621 301.449338595072 314.296623071035 310.866415500641 280.855278174082 256.980538368225 249.344150225321 240.543246269226 230.944613615672 217.51328309377 214.489857355754 215.802073478699 212.149441242218 209.395368893941 209.84282096227 214.208722114563 208.94734064738 207.404633363088 208.330670992533 209.308584531148 214.046994845072 221.382180849711 230.103572209676 227.5696794192 233.237862586975 244.974990685781 253.660996754964 246.409595012665 233.596980571747 232.045789559682 225.307881832123 207.666456699371 210.875689983368 208.986441294352 198.659718036652 188.860913117727 196.106533209483 204.122384389242 181.385298569997 161.303838094076 140.611231327057 127.147843440374
311.305423577627 311.006426811218 314.656217892965 311.093052228292 304.413060347239 304.655035336812 313.715775807699 318.601489067078 291.235824426015 261.318643887838 246.783037980398 246.974507967631 250.364085038503 232.111910978953 221.977333227793 223.134358723958 218.034307161967 210.735340913137 214.78933095932 216.044863065084 214.074869950612 211.447219053904 214.791297912598 216.851651668549 215.987324714661 221.196671326955 224.525113900503 222.148776054382 226.539691289266 244.019190470378 248.805284500122 241.480708122253 235.865990320841 237.212240695953 220.366418361664 213.667134443919 219.462056954702 224.410653114319 227.53647963206 219.88985935847 187.340120474497 187.946081161499 176.338315010071 159.394532442093 136.612077554067 115.90584119161
310.680111249288 311.395804087321 314.533233642578 312.574982643127 306.491216023763 302.202502886454 309.263348579407 317.985316117605 296.078324317932 262.514551480611 248.658259709676 247.314453125 246.644735336304 232.383549213409 221.074461936951 225.989063580831 227.245648701986 217.607716719309 220.050493876139 221.642136573792 222.598711649577 216.972390810649 216.968377431234 220.300038655599 217.406630516052 217.24392970403 222.123066584269 228.50247224172 232.989947001139 242.862403392792 248.199899991353 244.396428267161 238.373239835103 237.397154172262 220.335960388184 223.328789075216 226.920962333679 232.175866762797 233.519156773885 219.719409942627 164.297004540761 136.51575644811 121.322532494863 109.021584192912 105.398952960968 102.155556281408
303.371787071228 308.110594749451 313.148140907288 311.268846193949 306.240340073903 305.787940820058 310.727159182231 316.67153040568 307.057122389476 272.896329561869 256.333390871684 244.72439289093 234.743297100067 225.328226884206 216.644664605459 221.807996431986 234.50630903244 226.052125295003 222.51292069753 225.259403387705 225.112120310465 220.350801944733 218.356847763062 220.020612080892 220.677336057027 218.012849489848 222.132325172424 230.090022087097 234.136581420898 238.54390780131 245.461066563924 247.263272603353 241.175651550293 226.622482140859 213.804026444753 231.452604134878 239.63717619578 240.503450234731 234.141965707143 225.530127684275 156.861007213593 101.090610027313 73.8091170787811 63.0212873220444 66.2076324224472 74.6852407852809
280.552585919698 289.234220981598 295.128921667735 296.961088975271 300.006488958995 307.33335018158 312.490463256836 315.485735734304 312.080423037211 287.883341312408 270.236591498057 250.661949316661 234.986503918966 231.874763965607 224.892258644104 218.240857124329 228.157162666321 229.071040948232 219.95747089386 219.409863154093 221.510350704193 217.617233594259 213.439265886943 215.977946917216 217.513918876648 221.159180005391 221.6610511144 224.841296672821 232.030391693115 232.885003089905 239.8521900177 248.050411542257 237.49190568924 213.264485200246 219.469527403514 246.741890907288 251.635233561198 245.219389597575 234.796404838562 234.610279401143 207.843502362569 130.334546168645 75.6166279315948 59.4122757514318 60.8415106932322 58.5963775714239
251.060346762339 256.55742486318 256.24692440033 265.445053577423 278.535465399424 290.989875793457 300.761739412944 308.398842811584 306.107739607493 287.370642026265 267.148971557617 242.591639359792 233.151038487752 227.635363737742 224.292000134786 217.538118362427 223.645170529683 222.103575865428 215.546210606893 211.304624875387 216.027518113454 221.995691458384 216.256936391195 211.055278778076 209.583481152852 213.044861952464 218.524177869161 222.858627637227 228.575110435486 227.789262930552 229.659537474314 240.017235279083 229.050199190776 215.701063474019 243.621468544006 260.687629381816 255.46125570933 248.00972143809 241.82798465093 247.52805630366 264.140009880066 239.236533641815 156.20885292689 105.882028738658 78.3735265334447 59.7488532463709
