input/barkrak2/radiation/dir12024.grid
NCOLS 85 
NROWS 70 
XLLCORNER 665100 
YLLCORNER 4664600 
CELLSIZE 20 
NODATA_value -9999 
[rows 40 to 59 of 70, columns 0 to 45 of 85]
287.048498789469 288.488348325094 287.860592206319 289.269804954529 296.206057071686 300.888180732727 303.381860256195 307.571927706401 308.019757270813 295.864363511403 284.233669439952 279.912372430166 277.974287668864 275.723656018575 274.501125017802 273.972610632579 272.576749324799 271.044949690501 267.26488272349 265.940308570862 267.934103806814 273.912270863851 274.407267570496 268.159170945485 264.258503913879 260.308345158895 269.796371459961 271.494587262471 272.815426190694 272.222896416982 271.20570341746 270.09258667628 255.285541216532 255.438347657522 281.408905982971 280.895511309306 270.083645979563 265.534659226735 267.558415730794 265.431026617686 276.788353919983 306.193709373474 300.293167432149 238.22299639384 176.572998364766 141.25649134318
292.934358119965 290.891687075297 291.103462378184 290.592153867086 287.89355357488 286.274592081706 285.513877868652 286.101917425791 290.420969327291 282.973984877268 276.595215002696 278.242111206055 280.423899491628 280.903339385986 278.836309909821 276.121973991394 270.871857802073 276.52508020401 276.353935400645 272.580146789551 272.239367167155 270.801107088725 269.032041231791 271.774033705393 272.150039672852 265.176733334859 269.246578216553 271.410743395487 271.828234195709 273.892184098562 274.2946545283 270.853797594706 259.26794608434 267.107903957367 280.004302660624 269.950807094574 253.014842669169 249.021013577779 253.342032432556 262.05571492513 286.46449247996 300.199190775553 299.226721127828 273.316601912181 218.326608339945 173.515359560649
295.926888783773 293.781220912933 296.197930971781 295.27352253596 289.139330387115 286.762654781342 285.493632157644 282.732446988424 283.13155968984 280.524035294851 278.305311997732 277.168393135071 280.891100565592 283.264219760895 282.061676184336 279.861013094584 274.90238348643 280.364553133647 279.982030391693 273.009717464447 270.065347353617 268.157203992208 264.284332593282 265.221118927002 268.568833669027 264.81952269872 259.354790051778 263.782600561778 268.609881401062 270.464261372884 268.878360589345 266.206622123718 264.362851778666 274.71520503362 277.387678623199 256.087720394135 239.648163318634 242.816885312398 254.18096780777 267.896970113118 277.849078178406 277.93300151825 268.332481384277 256.533026695251 224.610269069672 171.238164107005
283.701618512471 286.073168118795 293.027400970459 290.8948858579 292.65288511912 294.205864270528 294.059634208679 291.078726450602 282.004634539286 281.041403611501 283.129056294759 279.138823350271 279.979129632314 281.266490618388 282.257974147797 277.625501155853 279.210150241852 278.635064760844 279.813329378764 272.528131802877 266.892850399017 264.069517453512 261.046051979065 257.70515203476 261.484344800313 264.190336068471 258.757332960765 258.535186449687 262.301246325175 263.250609238942 262.4125679334 257.319887479146 262.715995311737 270.965377489726 263.785819212596 241.282184918722 235.876063505809 248.336474100749 264.621178309123 268.703718980153 266.089876492818 261.670788129171 253.737727801005 239.849944909414 214.042782783508 175.562461217244
283.320625623067 288.263738155365 290.001809597015 290.376782417297 291.290481885274 293.246209621429 293.686668078105 290.816724300385 286.890665690104 282.953103383382 283.575316270192 281.764288743337 276.650488376617 276.072601477305 274.95006720225 274.151484171549 269.948105017344 275.253653526306 274.233063062032 272.815267244975 266.438086827596 262.398719787598 264.330188433329 261.84074083964 256.587445735931 261.805335680644 265.797336896261 262.707988421122 263.431429862976 261.188725630442 255.296210447947 249.53019618988 253.821273644765 253.698865572611 248.219748338064 236.758589744568 239.928424358368 255.815883477529 268.668393294017 263.094027837117 263.560573259989 254.564166069031 243.224044640859 231.352786223094 214.370807011922 189.306259155273
288.547476132711 291.585346062978 289.363662401835 291.890521844228 290.148417154948 290.347576141357 291.670163472493 290.085732936859 290.58164358139 286.281327406565 285.722374916077 284.213801225026 279.393553733826 274.602890014648 271.278580029805 275.01122156779 266.612847646077 266.351501146952 274.119754632314 268.152177333832 264.890154202779 265.614867210388 261.484205722809 261.050542195638 260.783235232035 262.027680873871 267.515063285828 263.488491376241 262.681861718496 260.28170188268 254.517833391825 249.949157238007 250.257035096486 245.325843493144 233.699043591817 225.762208302816 233.754932880402 252.30214993159 258.283972740173 247.449199358622 253.075897693634 243.706881999969 234.930078188578 235.701223214467 234.359224637349 209.848761558533
287.613650163015 289.005875587463 291.141986846924 291.974504788717 291.74808661143 291.035234928131 291.814049084981 292.463362216949 290.002306302388 289.122958978017 284.845133622487 284.324864546458 280.179142951965 276.421964168549 276.142656803131 276.484866937002 270.556350549062 266.11198981603 269.277632236481 267.597715059916 264.229734738668 266.047139962514 263.937473297119 259.403347969055 265.517910321554 259.740352630615 260.378738244375 261.675139268239 262.426416079203 260.586698849996 257.047057151794 254.391133785248 249.011337757111 243.368248144786 235.020001729329 227.369805177053 233.934144179026 246.224482854207 246.061722437541 245.513776938121 250.028014183044 239.885131518046 239.260156949361 247.582256793976 250.192979971568 227.700750033061
282.761991024017 284.831941127777 288.686394691467 289.203067620595 291.162053743998 291.582067807515 290.089170138041 289.998412132263 288.221677144368 288.828531901042 286.506871382395 281.072576840719 280.079166094462 277.004877726237 273.001452287038 271.16721868515 268.847207228343 262.18702395757 266.340057055155 267.388919989268 263.584057490031 264.933625857035 265.994012355804 257.917046546936 258.395671844482 260.430335998535 255.58344523112 258.415520191193 261.648098627726 259.411156177521 256.680031617482 256.026724974314 248.17168712616 247.144222259521 249.074240525564 241.964896519979 241.421143213908 243.730803330739 246.414323647817 254.982173442841 249.511619408925 241.415421168009 246.249953905741 250.044385592143 246.896684169769 230.875293413798
275.914192199707 277.767300605774 281.710882981618 283.901115258535 289.016683896383 291.825036207835 288.604458173116 285.179992516836 288.009583950043 289.659182230632 284.419655799866 281.259636084239 278.119623661041 277.180035909017 275.121649106344 269.879559675852 267.930189768473 262.494623661041 265.346169471741 268.85465780894 267.142136891683 265.335202217102 265.649179617564 262.913167476654 260.359048843384 263.391057650248 259.395956993103 261.681834856669 265.863597393036 267.156640688578 269.235173861186 268.938442071279 258.227229118347 258.986492951711 258.594115575155 251.173535982768 250.476241111755 250.572959582011 251.962780952454 254.723449548086 244.360248247782 238.330205281576 236.587385336558 232.898592948914 230.93310991923 230.628212292989
272.931476434072 270.852824052175 274.065216382345 281.205813090007 283.692717552185 284.369150797526 286.743919054667 288.553913434346 287.731230258942 283.728539943695 285.681366920471 284.097294012706 281.092445055644 277.494231859843 274.580319722493 271.684110164642 270.604292551676 263.136506080627 265.090624491374 271.641353766123 272.036552429199 270.470102628072 266.775866349538 265.567481517792 261.594752470652 267.132600148519 267.12167263031 268.336554368337 272.994577884674 277.838587760925 281.87350432078 279.839893182119 271.509428819021 268.680095672607 262.27072874705 255.301554997762 252.604424953461 255.358080069224 254.191517829895 243.21186542511 232.37665494283 235.167702039083 233.396728833516 227.705597877502 225.646317005157 229.270656903585
273.66711695989 275.930881500244 275.79653263092 279.126485188802 279.246866703033 280.392428239187 286.786278088888 289.285222689311 289.282321929932 287.270764509837 287.097076574961 285.820742448171 283.012330532074 278.055250644684 276.536027590434 277.790347735087 269.928356011709 267.353375752767 267.481446266174 272.861162821452 273.11493953069 272.392749786377 268.645087877909 266.711433728536 262.431144714355 267.526884873708 272.288699944814 272.500316301982 275.996208190918 281.531532605489 286.258975664775 285.271108150482 277.573903401693 269.664327303569 257.585108280182 249.526937802633 251.097957293193 256.58784310023 251.202801863352 233.100811640422 227.638483047485 238.103568553925 239.561855792999 232.51473903656 228.970050811768 223.744531472524
271.580497423808 277.460833390554 277.925431728363 281.05217218399 279.459158579508 278.843979040782 283.204992612203 287.953476111094 286.436200141907 289.858341217041 287.112772464752 286.909103393555 283.556361993154 277.896126111348 276.538530985514 281.272927920024 274.800995985667 266.71044031779 263.932267824809 269.799331823985 270.316024621328 268.297076225281 265.7790184021 264.168341954549 261.487086613973 262.652377287547 266.264418760935 266.600410143534 268.094738324483 273.228585720062 280.251940091451 282.917976379395 272.294263044993 256.495495637258 223.187148571014 213.732977708181 230.26442527771 245.95453341802 249.980926513672 248.638987541199 250.287671883901 247.634847958883 230.472306410472 223.844806353251 232.239603996277 222.095529238383
269.822220007579 269.001205762227 268.124798933665 272.211710611979 277.341961860657 279.425402482351 279.433687527974 283.634126186371 283.593773841858 285.365263621012 284.862716992696 286.539395650228 284.926851590474 280.837059020996 275.50486723582 274.850646654765 277.005195617676 266.642550627391 261.557281017303 263.684372107188 263.049403826396 263.400673866272 265.336414178212 257.41978486379 260.046641031901 257.126609484355 258.126378059387 258.646468321482 258.231540520986 259.50809319814 264.322320620219 267.791330814362 251.847684383392 224.114139874776 192.653218905131 176.789263884226 189.88702694575 218.993127346039 243.740022182465 248.52329492569 250.226199626923 239.804029464722 221.462289492289 220.990916093191 223.349372545878 204.645335674286
274.689575036367 266.124526659648 262.090027332306 265.628298123678 274.622758229574 281.917194525401 281.218945980072 281.67317310969 282.140572865804 282.057185967763 283.13535451889 285.501420497894 285.905619462331 284.334401289622 277.422845363617 275.099118550618 277.726372083028 268.32369963328 263.659318288167 267.045299212138 265.985548496246 262.609442075094 260.735889275869 256.567597389221 255.245884259542 255.886514981588 255.126317342122 255.15095392863 255.931973457336 247.573594252268 242.738127708435 241.617898146311 225.209832191467 197.268625100454 188.103159268697 175.920784473419 162.388900915782 172.82114426295 194.089353084564 221.176346143087 235.874553521474 225.342412789663 218.234300613403 217.653294404348 206.803321838379 191.615124543508
275.995949904124 269.259830315908 263.657887776693 267.043073972066 274.39804871877 282.107710838318 283.362110455831 281.474431355794 283.333738644918 282.048483689626 283.532818158468 285.28219461441 285.499095916748 286.725620428721 279.704531033834 278.375566005707 279.875973860423 272.114217281342 266.789178053538 268.198390801748 270.334680875142 266.156613826752 263.286709785461 261.560221513112 257.643659909566 259.014228979747 254.47682539622 254.260122776031 250.412444273631 245.115260283152 229.494671026866 229.215264320374 216.937383015951 207.839449246724 209.704836209615 206.45280679067 188.797692457835 174.732287724813 166.206777095795 178.544501463572 201.920727888743 199.80929295222 191.264589627584 180.238385995229 177.564223607381 181.071837743123
277.716517448425 275.592168172201 268.075942993164 264.437953631083 268.875002861023 280.285199483236 282.080749670664 281.417647997538 280.822058518728 282.443841298421 287.234842777252 286.860903104146 286.720315615336 285.704294840495 282.419105370839 280.582944552104 282.370626926422 277.018427848816 271.11953496933 269.108812014262 267.38303899765 267.376263936361 266.989926497142 267.306387424469 263.000945250193 260.687112808228 255.409598350525 250.08237361908 239.231407642365 233.811179796855 230.43437798818 232.811172803243 223.735729853312 224.942326545715 230.926712354024 235.887885093689 237.724423408508 226.127803325653 207.936783631643 174.751440684001 178.528408209483 186.931252479553 187.479555606842 180.099368095398 183.975577354431 196.693817774455
279.664615790049 278.639415899913 274.151484171549 267.682194709778 264.716347058614 276.302178700765 280.57724237442 281.427224477132 278.282384077708 283.419827620188 288.751761118571 288.54364156723 286.443610986074 286.390503247579 283.549149831136 279.811124006907 280.925631523132 277.929027875264 273.147106170654 271.62371079127 270.057419935862 268.35568745931 266.889035701752 265.197396278381 260.523200035095 256.790598233541 240.029851595561 219.193935394287 214.648683865865 219.36825911204 227.982620398204 228.288193543752 223.059833049774 222.839653491974 234.129329522451 248.32554658254 261.855006217957 265.2774254481 257.274587949117 214.296400547028 184.289177258809 194.812575976054 207.57790406545 215.514043966929 222.613056500753 231.642564137777
279.099563757579 276.702364285787 275.759100914001 273.394584655762 266.520241896311 272.066652774811 280.159056186676 282.02490011851 277.780751387278 280.553499857585 287.007749080658 288.071691989899 285.144905249278 284.63751077652 284.921685854594 278.830786546071 278.64021062851 275.20231405894 273.704965909322 273.896594842275 273.613075415293 272.249023119609 267.844577630361 262.019236882528 261.213024457296 260.967234770457 244.819720586141 223.27317794164 219.634930292765 225.75843334198 235.472818215688 233.356773853302 232.869187990824 237.11891969045 245.265364646912 251.596490542094 257.74888197581 231.773138046265 206.090648969014 204.956571261088 210.92277765274 224.157472451528 220.882852872213 210.431933403015 205.812116463979 219.194273153941
270.22922039032 275.216996669769 273.3447154363 273.434321085612 268.850266933441 267.893731594086 279.22401825587 282.495717207591 279.176870981852 276.53443813324 281.891882419586 286.845107873281 284.387687842051 281.339863936106 281.434257825216 277.503331502279 274.856150150299 274.570027987162 273.264765739441 276.247223218282 276.579757531484 272.990703582764 271.162132422129 265.482644240061 264.500677585602 266.97583993276 261.151651541392 256.548603375753 252.121905485789 249.52753384908 248.061100641886 240.311682224274 244.762420654297 246.208806832631 244.006951649984 233.046730359395 209.672709306081 166.66720310847 145.529429117839 182.545403639475 222.90168205897 233.380516370138 217.53317117691 207.478106021881 210.19180615743 221.534808476766
259.179651737213 271.270334720612 271.161079406738 270.9654768308 270.362476507823 267.485419909159 273.081421852112 281.421780586243 285.028735796611 279.870390892029 281.259973843892 284.718831380208 284.509082635244 282.22793340683 280.736247698466 278.227845827738 274.410347143809 271.880467732747 268.866638342539 267.01291402181 270.740767319997 269.581953684489 268.459061781565 261.776904265086 262.344439824422 266.860902309418 274.922490119934 275.277078151703 257.535894711812 258.062720298767 249.876618385315 240.501304467519 237.5581463178 220.316708087921 195.787469546 170.062442620595 158.070693413417 144.641737143199 132.412453492483 148.75653386116 175.502220789591 204.830388228099 217.680871486664 234.628995259603 262.072622776031 266.879399617513
