input/barkrak2/radiation/dir16924.grid
NCOLS 85 
NROWS 70 
XLLCORNER 665100 
YLLCORNER 4664600 
CELLSIZE 20 
NODATA_value -9999 
[rows 40 to 59 of 70, columns 0 to 45 of 85]
344.25409634908 344.895879427592 344.861745834351 346.457680066427 350.332419077555 352.823217709859 354.792316754659 356.92036151886 356.975277264913 351.305882136027 344.308773676554 341.200788815816 338.918129603068 336.135188738505 333.190759023031 332.760135332743 331.421534220378 329.851190249125 324.3421514829 322.548667589823 322.406013806661 325.064559777578 324.420869350433 320.387939612071 317.120989163717 314.762532711029 319.58395242691 320.204774538676 320.473571618398 320.410470167796 319.251755873362 314.489305019379 288.811306158702 283.41817855835 303.876399993896 304.177025953929 295.54675022761 295.87988058726 295.857310295105 283.695181210836 291.856070359548 331.978857517242 352.726380030314 310.131748517354 251.259207725525 206.773777802785
348.265409469604 346.753398577372 346.897919972738 347.503423690796 345.772941907247 344.53272819519 344.389677047729 345.467805862427 348.379691441854 343.70748202006 339.392900466919 339.760859807332 340.005159378052 339.205940564473 337.28833993276 334.976593653361 329.700946807861 334.556341171265 332.276066144307 327.318727970123 328.017989794413 327.788551648458 326.099177201589 325.832486152649 325.562040011088 320.845087369283 323.51545492808 323.596994082133 322.350859642029 322.537382443746 321.408013502757 315.281550089518 295.886357625326 294.775267442067 305.812239646912 296.990990638733 282.756547133128 283.547242482503 291.228353977203 295.621911684672 308.642268180847 321.024378140767 335.164666175842 335.355520248413 293.75966389974 243.782699108124
350.009838740031 348.2426404953 350.316405296326 349.400480588277 345.693071683248 344.425717989604 344.281474749247 343.576987584432 343.947132428487 341.275294621785 338.865041732788 338.971734046936 340.409517288208 341.645797093709 340.527852376302 337.873498598735 335.060675938924 335.786541302999 335.892120997111 330.4430047671 329.769015312195 326.541741689046 323.338607947032 324.976543585459 326.818625132243 323.354760805766 320.096909999847 321.648597717285 322.412113348643 321.510851383209 319.961826006571 312.612493832906 303.230067094167 303.83288860321 302.61888106664 286.416212717692 271.618843078613 277.772784233093 293.111582597097 305.314759413401 313.235561052958 311.17840607961 307.72876739502 313.527643680573 299.591859181722 250.166694323222
342.623194058736 344.302256902059 348.676204681396 347.140749295553 347.461303075155 348.906636238098 349.356412887573 347.988684972127 343.037128448486 340.896765391032 342.079559961955 340.305089950562 339.795072873433 340.01894791921 340.686202049255 336.936553319295 336.496035257975 336.764732996623 337.561011314392 333.344539006551 329.128364721934 327.996532122294 325.369079907735 324.280858039856 323.459188143412 324.685454368591 319.957991441091 320.290207862854 321.610867977142 319.672107696533 315.225919087728 309.213896592458 308.105727036794 308.278918266296 294.597049554189 272.031267484029 267.412702242533 281.540830930074 301.231543223063 306.127448876699 306.266148885091 301.936149597168 294.268031915029 292.980869611104 287.557244300842 257.28166103363
342.506647109985 345.926483472188 347.22634156545 346.997419993083 347.983598709106 349.020799001058 348.951856295268 346.684217453003 344.433744748433 342.844724655151 343.073527018229 342.026511828105 338.166117668152 336.586038271586 335.529923439026 334.626754124959 332.740147908529 337.443749109904 336.146473884583 335.212866465251 331.76193634669 329.482773939768 328.100144863129 327.531019846598 323.095897833506 327.412128448486 326.342165470123 323.3882188797 319.651405016581 316.725770632426 310.515820980072 305.631697177887 304.080684979757 299.695710341136 286.673744519552 269.975701967875 271.209677060445 287.221391995748 302.785754203796 301.380316416423 302.866677443186 295.360624790192 282.791097958883 278.26319138209 279.535015424093 269.008219242096
346.184253692627 348.388910293579 346.806685129801 348.008235295614 347.232858339945 346.950888633728 347.70397345225 346.741437911987 347.202777862549 345.469951629639 344.446897506714 342.306057612101 340.022007624308 336.554765701294 335.030953089396 337.547063827515 332.801401615143 333.705266316732 337.516665458679 335.767984390259 333.192884922028 331.803063551585 330.328047275543 329.980432987213 327.878216902415 326.815227667491 327.749828497569 325.12241601944 320.306499799093 316.876153151194 310.524264971415 306.250055631002 303.824782371521 294.647534688314 279.171586036682 264.577984809875 269.821683565776 287.257512410482 294.956167538961 289.080619812012 294.69112555186 286.365866661072 274.481892585754 277.192334334056 288.002590338389 279.917240142822
346.197525660197 346.925934155782 347.983201344808 348.535776138306 347.714980443319 347.894152005513 348.270018895467 349.100033442179 347.288966178894 347.165028254191 345.240195592244 345.002889633179 342.288215955098 340.839306513468 339.618841807048 340.711673100789 339.422146479289 335.096438725789 338.081320126851 336.60097916921 334.038774172465 333.431204160055 330.529808998108 327.378650506337 329.29257551829 324.831604957581 322.610636552175 322.168668111165 320.104499657949 316.873292128245 311.862210432688 308.211326599121 302.10816860199 291.247149308523 277.648409207662 266.257365544637 273.846526940664 286.730170249939 284.731904665629 286.650617917379 293.463170528412 282.412270704905 278.017640113831 284.97326374054 294.190287590027 286.465585231781
343.711694081624 344.463308652242 347.179571787516 346.910317738851 348.233024279277 348.753174146016 348.01975886027 346.97961807251 346.529404322306 348.268588383992 346.244176228841 344.66290473938 343.076944351196 343.282381693522 342.245817184448 340.95295270284 339.490969975789 333.798805872599 336.209932963053 336.333990097046 332.045614719391 329.730033874512 331.986904144287 326.396346092224 326.030830542247 323.322971661886 319.172819455465 318.260351816813 317.958354949951 314.465582370758 312.393546104431 308.650851249695 300.002793471018 295.665383338928 288.629750410716 275.673011938731 278.304576873779 285.605490207672 287.536402543386 293.991367022196 291.368762652079 284.189283847809 286.009987195333 286.844889322917 286.540468533834 278.462767601013
340.023040771484 341.896613438924 344.187180201213 345.101634661357 348.033666610718 348.799308141073 346.628308296204 345.974206924438 347.60848681132 348.822832107544 348.001559575399 345.540801684062 345.012784004211 344.559828440348 343.439817428589 339.969873428345 338.719606399536 333.999832471212 334.183772404989 334.425528844198 334.452191988627 331.60388469696 331.554313500722 326.000889142354 321.815450986226 323.417405287425 321.810185909271 320.86185614268 322.242299715678 319.519519805908 318.764905134837 315.574049949646 305.770675341288 306.327879428864 298.085312048594 280.549148718516 280.899743239085 289.008657137553 293.578048547109 293.664932250977 284.370581309001 281.878252824148 280.872285366058 275.598466396332 273.07665348053 272.679845492045
339.468439420064 337.46600151062 340.229034423828 343.846519788106 346.562147140503 347.083250681559 347.428560256958 348.92725944519 349.862853686015 347.797036170959 348.730603853862 348.935127258301 346.771319707235 345.715920130412 344.046433766683 339.80393409729 339.20427163442 334.407806396484 333.907604217529 336.390535036723 336.299578348796 333.33965142568 328.672210375468 329.349299271901 324.293414751689 325.993378957113 323.495825131734 323.695302009583 323.799292246501 325.319071610769 323.533058166504 318.619469801585 312.090615431468 310.953577359517 302.273790041606 285.690744717916 279.371937115987 287.475307782491 293.226937452952 284.28993622462 273.223400115967 276.7333984375 276.588241259257 270.922938982646 270.419478416443 274.217446645101
339.588403701782 340.888897577922 342.611233393351 345.459222793579 345.113833745321 345.169266064962 348.143339157104 350.414752960205 350.446422894796 349.80297088623 349.854747454325 349.87998008728 347.660621007284 344.8859055837 344.048738479614 344.77706750234 338.645895322164 335.612694422404 335.47842502594 336.978197097778 335.043509801229 332.800388336182 329.911748568217 326.015214125315 322.81631231308 323.721349239349 322.56813844045 321.994403998057 323.552886644999 323.607762654622 326.128860314687 320.160130659739 311.769684155782 308.579603830973 299.484133720398 285.569469134013 280.717790126801 284.983416398366 284.628649552663 272.789259751638 269.848883152008 280.891299247742 279.804348945618 272.096355756124 271.289706230164 266.721785068512
339.766581853231 344.751238822937 345.162947972616 346.59747282664 344.935576121012 344.641208648682 348.353465398153 349.967956542969 349.964618682861 352.112889289856 350.481748580933 349.446733792623 347.736994425456 344.776550928752 343.200127283732 345.652103424072 341.606458028158 334.889650344849 330.950359503428 331.447541713715 329.602181911469 329.700728257497 327.56499449412 322.334766387939 317.73163874944 317.970871925354 319.997847080231 319.63845094045 317.681511243184 320.151448249817 322.998364766439 318.712751070658 305.967072645823 297.181328137716 273.91242980957 261.37234767278 271.617412567139 279.354949792226 277.649144331614 277.517219384511 285.381277402242 288.85406255722 273.296991984049 265.179435412089 273.089190324148 261.654992898305
340.014378229777 339.419841766357 338.809450467428 340.943018595378 343.648632367452 346.245487531026 346.579551696777 348.592400550842 348.580280939738 349.92512067159 349.310040473938 349.286516507467 349.273125330607 345.341285069784 342.494090398153 340.261896451314 341.558456420898 333.149313926697 327.554603417714 325.487891832987 324.680745601654 324.46426153183 321.660081545512 317.138234774272 316.722333431244 311.847488085429 312.129020690918 311.973889668783 308.652818202972 308.880746364594 311.82982524236 312.64595190684 289.26287094752 265.767991542816 240.514000256856 230.652451515198 244.374473889669 268.515626589457 282.752553621928 278.169314066569 278.611461321513 274.066825707753 262.128035227458 264.680405457815 269.118368625641 246.128261089325
342.768629391988 337.166984875997 335.562348365784 338.087161382039 344.64955329895 348.069270451864 347.795367240906 347.735166549683 348.130385080973 347.382465998332 348.587354024251 347.936709721883 347.761710484823 347.240885098775 340.75935681661 338.97606531779 339.073975880941 330.715596675873 325.177888075511 325.836141904195 324.726045131683 321.798702081044 320.078412691752 314.325551191966 312.680204709371 311.034719149272 309.959769248962 309.50806538264 307.888408501943 302.323619524638 296.634197235107 289.719998836517 266.632556915283 241.00931485494 232.017834981283 228.751202424367 221.851487954458 232.282598813375 247.680366039276 266.263445218404 271.263877550761 261.832972367605 257.716755072276 261.104742685954 251.940846443176 231.76387945811
343.136707941691 340.012311935425 337.926069895426 339.481671651204 345.128417015076 348.56637318929 349.212567011515 346.873561541239 348.924994468689 346.36127948761 347.094456354777 348.010977109273 346.662561098735 346.235672632853 340.644836425781 339.485685030619 337.171077728271 329.453468322754 325.118700663249 325.983623663584 325.691322485606 322.348912556966 321.926554044088 317.79819726944 314.359565575918 313.211341698964 311.186532179515 308.934052785238 305.761754512787 301.236947377523 290.231664975484 281.64001305898 257.863620917002 243.888556957245 247.757256031036 251.523693402608 245.058874289195 236.501018206278 227.368315060933 234.762410322825 250.007351239522 242.680490016937 236.390928427378 230.619549751282 226.250429948171 222.181598345439
345.343828201294 343.997120857239 340.986808141073 338.861346244812 341.977675755819 347.782691319784 348.424474398295 345.931132634481 345.69509824117 347.827196121216 348.257382710775 347.732742627462 344.984372456868 344.063679377238 339.089155197144 337.477763493856 336.987972259521 332.698782285055 328.108568986257 326.681355635325 325.23238658905 323.155204455058 322.11701075236 321.53590520223 318.095962206523 316.064715385437 312.035302321116 303.907593091329 300.448993841807 294.580459594727 292.224566141764 286.672492822011 265.291114648183 257.932146390279 261.742492516836 269.294540087382 280.751287937164 277.48183409373 261.208176612854 231.959402561188 230.697214603424 231.267809867859 228.401402632395 226.706266403198 232.396165529887 238.073706626892
346.693436304728 346.417188644409 344.67073281606 341.001590092977 338.30734093984 344.629804293315 346.649686495463 345.952232678731 343.218723932902 345.0954357783 347.885847091675 346.078197161357 342.04379717509 341.566642125448 339.208523432414 335.212349891663 335.523247718811 333.400289217631 329.727113246918 328.513344128927 327.032685279846 325.12636979421 321.756362915039 320.191860198975 315.942605336507 313.04919719696 302.125414212545 284.173587958018 277.830322583516 282.544334729513 290.239751338959 285.076260566711 267.043948173523 259.61571931839 266.205668449402 276.150226593018 292.348861694336 301.225026448568 292.436858018239 261.527021725972 235.911111036936 238.186260064443 245.263298352559 256.213247776031 266.50083065033 269.511580467224
346.122860908508 344.610333442688 345.770875612895 342.743992805481 338.23291460673 340.828975041707 344.468911488851 344.272454579671 343.019088109334 340.02693494161 344.006776809692 342.98837184906 339.796781539917 340.512196222941 340.126395225525 334.771076838175 334.12766456604 331.254959106445 328.090926011403 329.912702242533 327.06884543101 327.630619208018 322.0441142718 317.577362060547 316.648125648499 315.954009691874 302.079359690348 285.080850124359 284.537752469381 289.015730222066 295.137345790863 288.896401723226 274.948279062907 273.687561353048 285.547475020091 288.316031297048 294.416268666585 283.763249715169 252.412954966227 243.697285652161 254.879335562388 264.601091543833 259.626090526581 253.459672133128 255.170166492462 265.858928362529
340.121507644653 343.808770179749 343.59876314799 342.791040738424 338.517109553019 335.343956947327 344.019929567973 343.225638071696 339.585979779561 334.723750750224 338.822285334269 342.260042826335 340.394139289856 336.818854014079 336.430152257284 333.493153254191 331.741809844971 330.799698829651 329.111417134603 329.139351844788 328.803439935048 326.008439064026 324.391086896261 320.054729779561 318.964421749115 319.63316599528 313.850144545237 311.542729536692 307.921310265859 303.903043270111 299.480160077413 289.409478505452 285.443206628164 283.156553904216 279.72815434138 266.371548175812 248.193701108297 213.525493939718 196.97250922521 233.733455340068 269.208749135335 270.581344763438 249.649524688721 244.796792666117 257.868905862172 271.856844425201
333.478093147278 341.901858647664 341.318408648173 338.863213857015 338.250398635864 334.953904151917 335.94540754954 339.807113011678 341.304540634155 336.455265680949 338.469664255778 339.544733365377 340.454777081807 337.448120117188 336.014628410339 334.010680516561 329.537232716878 326.619029045105 323.842326800029 322.39427169164 325.31350851059 324.055830637614 322.821577390035 320.90946038564 320.764660835266 323.41198126475 323.526819547017 326.104442278544 311.121582984924 309.032559394836 299.542804559072 287.987510363261 285.795052846273 268.251895904541 239.556789398193 212.068796157837 196.449875831604 189.036011695862 185.545086860657 210.373322168986 237.409174442291 254.263341426849 251.458009084066 263.51135969162 294.354160626729 304.477492968241
