input/barkrak2/radiation/dir15924.grid
NCOLS 85 
NROWS 70 
XLLCORNER 665100 
YLLCORNER 4664600 
CELLSIZE 20 
NODATA_value -9999 
[rows 40 to 59 of 70, columns 0 to 45 of 85]
340.92112382253 341.61643187205 341.578404108683 343.221306800842 347.315708796183 349.966764450073 352.0427942276 354.332208633423 354.425032933553 348.440011342367 340.261777242025 337.042609850566 335.374474525452 332.601388295492 330.039183298747 329.23412322998 326.857666174571 324.94056224823 320.701122283936 319.315433502197 319.350878397624 322.155157725016 321.655074755351 317.589024702708 316.07844432195 311.924517154694 317.012369632721 316.954453786214 317.361235618591 316.815157731374 316.337843736013 311.95072333018 286.986251672109 282.091975212097 302.985350290934 303.227802117666 294.412136077881 294.53315337499 294.380784034729 282.911558945974 291.455626487732 330.873906612396 349.703391393026 305.686473846436 246.310512224833 202.150623003642
345.11935710907 343.556761741638 343.706528345744 344.29939587911 342.491388320923 341.210762659709 341.037591298421 342.15235710144 345.19350528717 340.344349543254 335.062623023987 334.428350130717 335.625251134237 335.810343424479 334.022521972656 331.687490145365 326.159636179606 331.350107987722 328.931490580241 324.172496795654 324.707508087158 324.763456980387 322.714865207672 322.966933250427 322.264631589254 319.814244906108 320.253372192383 320.414900779724 319.940209388733 319.53626871109 318.559646606445 312.670111656189 293.949087460836 293.492992719014 304.229319095612 295.716802279154 281.319657961528 281.741102536519 289.185722668966 293.899754683177 307.763934135437 320.262273152669 333.326558272044 331.598003705343 287.943879763285 239.256759484609
346.967776616414 345.552643140157 346.847971280416 346.335172653198 342.474738756816 341.130534807841 340.929746627808 340.168436368306 339.810450871785 337.061087290446 335.38810412089 334.479133288066 335.960785547892 338.379899660746 336.049516995748 334.571520487467 330.291171868642 332.637151082357 332.857290903727 327.297806739807 324.812829494476 323.163827260335 321.729282538096 321.854174137115 323.821981747945 320.385336875916 317.107240358988 318.342566490173 319.243371486664 319.027841091156 317.041754722595 309.842586517334 301.054914792379 302.406112353007 301.399270693461 284.926255544027 269.992788632711 275.923788547516 290.994703769684 303.330779075623 311.426281929016 309.49205160141 305.600265661875 310.068488121033 294.1588362058 244.901716709137
339.218219121297 340.95565478007 345.528642336528 343.937794367472 344.724734624227 346.239805221558 346.260070800781 344.791889190674 338.143507639567 337.456464767456 338.727553685506 335.863471031189 335.275848706563 336.747765541077 336.214224497477 333.646972974141 333.270390828451 333.590149879456 334.393978118896 330.170412858327 325.759788354238 323.211550712585 322.080492973328 321.00788752238 320.278207461039 321.616590023041 316.887338956197 317.319770654043 318.392634391785 316.535592079163 312.147041161855 306.204676628113 305.690447489421 306.302348772685 293.030460675557 270.468751589457 265.799979368846 279.829144477844 299.305478731791 304.281115531921 304.11704381307 299.790263175964 292.032599449158 289.780298868815 282.864948113759 251.946151256561
339.056690533956 342.602769533793 343.975901603699 343.772013982137 344.801425933838 345.465381940206 345.334927241008 343.502283096313 341.154297192891 338.63107363383 339.76149559021 337.674299875895 333.536267280579 333.182652791341 332.123637199402 331.245521704356 329.314490159353 332.763294378916 332.926392555237 331.970055898031 328.424076239268 326.089640458425 324.715395768483 322.592318058014 319.716890652974 322.685519854228 323.460320631663 318.742394447327 316.806197166443 313.924471537272 307.71658817927 302.494168281555 301.381687323252 297.124067942301 284.538964430491 268.244624137878 269.622484842936 285.648723443349 300.950407981873 299.129605293274 300.78125 293.168346087138 280.670523643494 275.516410668691 275.340298811595 263.847331206004
342.866182327271 345.180551211039 343.537489573161 344.823837280273 343.563715616862 343.221545219421 344.027956326803 342.957615852356 344.054619471232 341.428399085999 341.193159421285 339.061737060547 336.690306663513 333.134055137634 332.846959431966 334.215720494588 329.395234584808 331.923842430115 334.292491277059 332.529445489248 329.904139041901 328.509132067362 327.036917209625 325.092514355977 324.751277764638 321.757256984711 324.852208296458 320.569932460785 317.423462867737 313.810189565023 307.687004407247 303.159018357595 300.927639007568 291.075070699056 277.1102587382 262.452324231466 267.878154913584 285.438001155853 292.955299218496 286.783476670583 292.013009389242 284.018635749817 272.306402524312 274.858355522156 284.751415252686 275.453289349874
342.870235443115 343.638817469279 344.763358434041 344.898422559102 344.555616378784 344.19576327006 345.158418019613 345.458348592122 344.151139259338 343.230247497559 342.070023218791 341.822862625122 339.03956413269 336.39931678772 336.328506469727 338.753978411357 336.204449335734 331.790129343669 334.884444872538 331.949174404144 330.776890118917 328.733861446381 327.31952269872 322.281420230865 326.275507609049 321.679492791494 319.534262021383 319.172739982605 317.152857780457 313.984274864197 307.814319928487 305.349886417389 299.220442771912 287.923812866211 275.250216325124 264.09790913264 271.625399589539 284.541229406993 282.649556795756 284.414649009705 291.098475456238 280.022839705149 275.888641675313 282.95761346817 291.697124640147 282.86882241567
339.67399597168 341.05650583903 343.903740247091 343.687295913696 345.098535219828 345.659255981445 344.8779185613 343.201239903768 343.404849370321 345.201849937439 343.120336532593 341.463247934977 339.856743812561 340.075572331746 337.809006373088 337.71550655365 336.253881454468 328.904569149017 331.481079260508 331.693549950918 328.765292962392 326.482355594635 327.144424120585 321.22939825058 320.917348066966 320.159018039703 314.073046048482 315.144161383311 314.945956071218 311.507860819499 308.356881141663 305.831174055735 296.135783195496 293.016314506531 286.494890848796 273.914873600006 276.33132537206 283.31337372462 285.159587860107 292.037109533946 289.189457893372 281.83646996816 283.878525098165 284.88544623057 284.38005844752 275.747835636139
335.760156313578 337.713281313578 340.132157007853 341.771443684896 344.278852144877 345.125277837117 343.481302261353 342.784325281779 344.512263933818 345.782915751139 344.103415807088 342.379927635193 341.830611228943 341.413140296936 339.08998966217 336.678584416707 334.120790163676 329.119046529134 330.914298693339 331.24049504598 329.745292663574 328.439394632975 326.675415039062 320.838133494059 318.655172983805 320.319871107737 316.836257775625 317.808151245117 317.697942256927 316.78299109141 316.218177477519 311.815480391185 303.267478942871 302.818874518077 296.052555243174 279.10041809082 279.405534267426 286.850810050964 291.030128796895 291.330218315125 282.24108616511 279.518445332845 278.444548447927 273.260474205017 270.726104577382 270.301938056946
335.162878036499 333.782990773519 335.93221505483 339.749693870544 342.646916707357 343.27773253123 344.320376714071 345.875461896261 346.100171407064 344.701290130615 345.687707265218 345.062295595805 343.671242396037 341.545581817627 339.759826660156 335.281650225321 334.633708000183 329.520285129547 330.721954504649 333.29576253891 331.639389197032 328.528761863708 325.617432594299 324.327349662781 321.211596330007 321.069180965424 320.545673370361 318.795084953308 319.137096405029 321.046471595764 321.374992529551 316.654145717621 309.964776039124 308.708767096202 300.166289011637 284.195164839427 278.150280316671 285.95240910848 291.740636030833 282.073398431142 270.838042100271 274.172564347585 274.248480796814 268.729050954183 267.889539400737 271.401365598043
335.348526636759 337.327321370443 338.351686795553 341.348727544149 341.801524162292 341.872612635295 345.038612683614 347.431381543477 347.462733586629 346.815387407939 346.866766611735 346.075296401978 343.656778335571 341.743350028992 339.76403872172 340.52828947703 335.470914840698 332.475860913595 330.626368522644 332.286874453227 332.109034061432 327.977061271667 326.913197835286 323.047439257304 317.610303560893 318.661749362946 319.775859514872 319.262981414795 320.96932331721 323.384344577789 324.116667111715 318.487226963043 310.027380784353 307.640671730042 297.227283318837 283.695220947266 279.271185398102 283.483763535817 282.942016919454 270.623326301575 267.743806044261 278.561234474182 277.09440390269 269.924521446228 268.921573956807 264.974574247996
336.138049761454 340.569615364075 341.840783754985 342.55588054657 341.618537902832 341.308315594991 345.193028450012 346.946914990743 346.941192944845 348.468462626139 346.736510594686 346.491773923238 343.766689300537 340.550422668457 340.123891830444 341.449419657389 338.546713193258 331.829289595286 327.865441640218 328.4010887146 326.575537522634 326.667110125224 322.503606478373 317.080438137054 314.653396606445 314.96932109197 317.119598388672 314.475019772847 314.943313598633 317.61912504832 320.778687795003 315.477212270101 304.339826107025 295.00408967336 271.093527475993 258.601864178975 269.309937953949 277.743756771088 276.453495025635 276.232620080312 283.581852912903 285.936673482259 271.362940470378 262.899875640869 270.895520846049 259.246607621511
336.474577585856 334.964553515116 335.228800773621 337.415814399719 340.272506078084 342.979033788045 343.329230944316 345.488468805949 345.474282900492 346.938371658325 345.468282699585 345.444242159526 345.437447230021 341.1545753479 338.031848271688 335.744778315226 337.125539779663 328.183611234029 322.360932826996 320.301373799642 319.449365139008 319.294671217601 318.565050760905 313.957969347636 311.285694440206 308.705806732178 309.043765068054 308.941046396891 308.09764067332 305.962920188904 309.065123399099 310.359259446462 287.335594495138 263.552089532216 237.631758054098 227.305591106415 240.992724895477 265.556613604228 280.672272046407 276.331424713135 277.254104614258 272.229154904683 259.501496950785 262.201547622681 266.758759816488 243.711988131205
339.280366897583 333.475510279338 330.969492594401 334.469517072042 341.273784637451 344.889243443807 344.603379567464 344.582200050354 344.159404436747 343.316078186035 344.659010569255 343.958894411723 343.827962875366 343.202829360962 337.760845820109 332.754234472911 334.500710169474 325.66757996877 319.918215274811 320.756872495015 319.547692934672 318.647980690002 314.76096312205 311.123967170715 309.511383374532 307.858844598134 306.80779616038 306.392709414164 304.777880509694 299.169798692067 293.367028236389 286.786278088888 263.448794682821 238.483945528666 229.161361853282 225.484907627106 218.648890654246 228.535830974579 244.370261828105 263.766686121623 269.45956548055 259.717365105947 255.316356817881 258.630514144897 250.073393185933 229.522566000621
339.65273698171 336.410482724508 334.281841913859 335.958321889242 340.919256210327 344.570159912109 345.262368520101 342.812856038411 344.989776611328 343.290766080221 343.006491661072 344.000697135925 341.355482737223 342.141191164653 334.453344345093 334.916512171427 332.528114318848 326.438009738922 322.044849395752 322.945058345795 322.666803995768 319.260915120443 316.697398821513 314.721206823985 311.249772707621 310.111840565999 308.076659838359 305.79286813736 302.561601003011 297.967215379079 286.855260531108 278.571764628092 255.534331003825 241.898596286774 245.624661445618 248.868346214294 241.566975911458 232.596039772034 222.593327363332 231.267372767131 247.524698575338 240.201413631439 233.697553475698 227.430999279022 223.196129004161 219.830930233002
341.920653978984 340.546727180481 337.46059735616 334.355394045512 337.582031885783 343.700091044108 344.430406888326 341.794610023499 341.502984364827 343.741456667582 342.892328898112 343.679626782735 339.376926422119 339.841564496358 334.498763084412 332.81288544337 334.142804145813 327.792684237162 325.136780738831 323.655486106873 322.176814079285 320.101380348206 319.124122460683 318.621853987376 315.116147200267 313.062131404877 306.565165519714 300.654510656993 294.992248217265 291.224221388499 288.908362388611 283.696333567301 263.243198394775 256.196935971578 260.170598824819 267.544587453206 278.350512186686 274.498204390208 257.994453112284 228.374302387238 227.23913192749 228.70792945226 226.01322333018 223.873297373454 229.433556397756 235.672374566396
343.326528867086 342.431982358297 340.476036071777 336.589972178141 334.819078445435 339.134216308594 342.527151107788 341.814875602722 338.828682899475 340.766628583272 340.803702672323 340.474208196004 337.712049484253 337.205449740092 336.440046628316 332.321604092916 332.694788773855 328.539570172628 326.776444911957 323.489944140116 324.046194553375 319.974303245544 318.790316581726 314.871410528819 312.937100728353 309.968034426371 296.642661094666 280.437370141347 274.088184038798 278.948525587718 286.877512931824 282.043973604838 264.646490414937 257.640242576599 264.567176500956 274.818698565165 290.820181369781 299.425641695658 289.954304695129 259.096841017405 232.748627662659 235.629757245382 243.153949578603 253.899534543355 264.046132564545 267.428517341614
342.732032140096 341.180642445882 341.623465220133 339.432040850321 333.594560623169 336.198409398397 340.16482035319 340.004563331604 337.193648020426 333.621342976888 339.64212735494 340.196132659912 336.907148361206 336.037874221802 335.637331008911 331.828157107035 331.230362256368 328.335543473562 325.147728125254 324.941635131836 324.203073978424 322.59730497996 319.129983584086 314.557552337646 313.634832700094 312.933603922526 298.792143662771 281.423469384511 280.841509501139 285.508851210276 291.901012261709 283.69681040446 272.315382957458 271.951238314311 284.0336561203 287.073711554209 292.94882218043 279.816349347432 249.551256497701 241.50550365448 252.307653427124 262.294451395671 257.131616274516 250.516712665558 252.232114473979 263.162970542908
335.927128791809 339.63402112325 339.286168416341 338.390469551086 333.861708641052 330.418845017751 338.358958562215 337.467312812805 334.929704666138 331.788579622904 335.949738820394 337.963223457336 337.531367937724 333.902438481649 333.555936813354 330.549816290538 326.839665571849 327.869733174642 324.066042900085 326.316793759664 326.035976409912 323.18252325058 321.548839410146 317.110220591227 316.026012102763 316.779971122742 309.710462888082 308.414359887441 304.808259010315 298.520664374034 296.576658884684 286.634186903636 283.279299736023 280.601302782695 278.300603230794 264.324963092804 245.967030525208 211.001356442769 193.604747454325 230.569799741109 267.136673132579 268.463174502055 247.820734977722 242.71430571874 255.022644996643 268.853187561035
328.808744748433 337.560931841532 336.851596832275 334.213574727376 333.555579185486 326.794465382894 331.101675828298 336.750268936157 336.75213654836 331.651568412781 335.574984550476 336.639682451884 336.065133412679 334.545214970907 331.320603688558 329.26728328069 326.522032419841 323.652803897858 320.864995320638 319.384217262268 320.182323455811 321.109970410665 319.884399573008 317.979454994202 317.895630995433 320.731699466705 321.206450462341 321.735660235087 308.528582255046 306.402266025543 296.768466631571 285.205960273743 281.901081403096 265.103757381439 237.960517406464 206.07848962148 194.002151489258 186.270117759705 181.888918081919 206.396877765656 233.551561832428 251.326084136963 249.633729457855 262.079258759816 292.731761932373 302.477777004242
