input/barkrak2/radiation/dir13424.grid
NCOLS 85 
NROWS 70 
XLLCORNER 665100 
YLLCORNER 4664600 
CELLSIZE 20 
NODATA_value -9999 
[rows 20 to 39 of 70, columns 0 to 45 of 85]
175.651967525482 167.501211166382 181.899666786194 220.999320348104 216.300050417582 174.736658732096 159.932216008504 169.100046157837 182.042479515076 199.622432390849 216.708242893219 220.668017864227 223.362406094869 234.865685304006 249.51712290446 271.852930386861 285.262366135915 309.202233950297 317.153453826904 325.766921043396 328.818917274475 320.930739243825 319.589515527089 320.64018646876 322.009821732839 323.596795399984 326.187868913015 323.581755161285 319.727043310801 318.766236305237 312.384347120921 300.36062002182 289.90360101064 284.092843532562 281.80334965388 287.328879038493 287.379066149394 289.691388607025 294.468283653259 297.76801665624 298.826158046722 298.921843369802 301.372090975444 295.50689458847 300.40164788564 303.140203158061
205.689410368601 202.118714650472 215.794165929159 247.068544228872 243.207732836405 186.12007300059 172.976354757945 176.013271013896 184.161404768626 198.278387387594 208.40577284495 216.425160566966 223.11129172643 223.066588242849 235.791007677714 255.283216635386 270.448644955953 286.354959011078 303.192774454753 320.715169111888 325.801372528076 332.175413767497 334.378282229106 333.291788895925 327.963451544444 322.245160738627 318.64474217097 313.923994700114 315.165460109711 308.73034397761 291.102369626363 260.815004507701 238.486349582672 234.725296497345 241.843899091085 261.497398217519 268.727838993073 284.060577551524 294.399778048197 295.397758483887 292.510449886322 291.585922241211 285.754203796387 271.233340104421 290.984511375427 299.295743306478
248.119990030924 253.640055656433 255.702435970306 264.757513999939 264.349599679311 217.544317245483 195.484757423401 185.601890087128 182.433029015859 190.327326456706 207.028150558472 218.563258647919 228.086908658346 230.794628461202 239.550411701202 248.077968756358 262.477119763692 275.619288285573 291.138708591461 297.82501856486 306.10853433609 321.360071500142 328.260203202565 328.260322411855 325.564761956533 318.328698476156 305.927018324534 289.202948411306 284.804284572601 262.198368708293 230.37713766098 184.323747952779 159.355531136195 174.637754758199 203.072468439738 227.907001972198 246.959467728933 268.148163954417 281.145791212718 283.550302187602 286.979258060455 287.792682647705 264.353315035502 242.559711138407 270.385960737864 297.821561495463
272.043983141581 272.681613763173 266.23257001241 270.372132460276 269.902904828389 252.642432848612 220.432619253794 191.593527793884 179.323097070058 183.849056561788 205.470482508341 218.991080919902 233.926554520925 242.443362871806 245.664278666178 251.213908195496 259.405632813772 274.212241172791 281.807998816172 278.780778249105 281.940996646881 285.785476366679 292.151709397634 289.495209852854 289.10630941391 285.804311434428 273.226300875346 263.452132542928 239.433487256368 197.094281514486 168.451408545176 143.86847615242 110.663543144862 99.7486710548401 112.287968397141 146.249264478683 195.43598095576 223.538736502329 240.873535474141 251.419961452484 249.894261360168 236.265420913696 222.251872221629 255.806426207225 256.669501463572 288.375417391459
264.945566654205 266.039967536926 270.137270291646 272.352417310079 262.402137120565 254.281798998515 226.802508036296 208.489318688711 190.809488296509 184.648732344309 197.386741638184 213.168819745382 227.670550346375 240.813732147217 245.098253091176 248.248974482218 256.825347741445 268.61709356308 275.772154331207 269.34285958608 267.434020837148 250.150879224141 259.038348992666 267.203271389008 274.771730105082 269.788523515065 260.262429714203 247.171898682912 220.089773337046 163.541495800018 143.448213736216 140.027493238449 118.992656469345 82.5916628042857 73.7409591674805 95.0005948543549 134.654968976974 172.377785046895 201.68928305308 215.343356132507 205.432116985321 183.242837587992 204.817473888397 274.8996814092 270.247717698415 288.864513238271
257.327755292257 261.81040207545 271.18718624115 270.422021547953 263.084610303243 254.507422447205 238.756736119588 233.527501424154 227.524300416311 212.906281153361 211.285769939423 228.23441028595 237.385272979736 252.108216285706 256.031473477681 251.603444417318 256.458222866058 260.341187318166 262.532273928324 267.440319061279 269.421954949697 262.710611025492 257.179061571757 255.035201708476 261.109332243602 262.296477953593 250.501036643982 240.680615107218 196.495195229848 172.093093395233 170.094231764475 185.660322507223 187.131603558858 148.753027121226 114.041656255722 105.525235335032 118.102629979451 141.937871774038 174.723029136658 196.373144785563 178.791880607605 170.269687970479 214.049140612284 267.833232879639 288.160045941671 300.323287645976
258.71733824412 261.641462643941 268.502553304036 269.951939582825 277.341524759928 267.576535542806 256.129364172618 251.399159431458 252.2794008255 246.06466293335 233.883500099182 247.294843196869 257.722020149231 268.401563167572 267.679909865061 257.21134742101 250.456293423971 258.278648058573 265.221695105235 278.158446153005 277.133941650391 272.994041442871 264.662464459737 259.685317675273 259.691476821899 260.154207547506 253.09149424235 242.512981096903 209.886113802592 204.025149345398 224.203824996948 248.719573020935 254.289746284485 259.714444478353 226.284245649974 145.763317743937 134.994059801102 143.609017133713 169.32737827301 184.619704882304 190.360109011332 220.883806546529 229.594906171163 247.575501600901 277.000844478607 288.76934448878
262.663662433624 259.210209051768 262.04526424408 268.115162849426 300.812602043152 281.656225522359 267.760634422302 255.076746145884 256.516873836517 262.085179487864 250.765124956767 254.556397596995 263.718763987223 268.224398295085 267.446160316467 261.523405710856 255.422373612722 263.63350947698 273.59793583552 277.436316013336 276.325325171153 268.244783083598 264.87942536672 267.395218213399 265.957276026408 263.314187526703 258.942584196727 254.191140333811 236.15288734436 235.580225785573 257.766505082448 272.21421400706 272.867937882741 286.539177099864 299.433708190918 224.586268266042 163.534373044968 149.150798718135 158.479978640874 183.006167411804 227.5696794192 279.883543650309 243.119140466054 234.399755795797 260.683218638102 269.064843654633
260.941346486409 251.539826393127 255.147357781728 274.471660455068 315.191785494487 283.735434214274 260.403414567312 249.105095863342 252.673109372457 257.009784380595 251.200834910075 251.040816307068 260.070006052653 265.750110149384 267.176032066345 270.777980486552 267.078042030334 261.175791422526 270.695745944977 271.072169144948 270.185530185699 265.025556087494 266.009986400604 270.100812117259 271.654645601908 265.37032922109 264.651338259379 261.417826016744 247.475485006968 245.183904965719 266.997118790944 284.217953681946 284.484108289083 283.513446648916 300.621072451274 288.642187913259 194.440523783366 138.092408577601 127.339710791906 162.09751367569 236.468036969503 262.364427248637 233.087460199992 206.071178118388 228.3908923467 240.711092948914
254.742980003357 243.585109710693 251.123309135437 284.798622131348 313.556293646495 280.249396959941 251.11186504364 232.960422833761 227.613627910614 230.051239331563 231.248219807943 237.415055433909 251.564979553223 265.998403231303 271.097282568614 275.130848089854 272.536714871724 261.980493863424 263.231058915456 265.367249647776 265.93687136968 266.25669002533 266.072034835815 271.942555904388 273.107846577962 270.035862922668 273.206392923991 264.557917912801 252.490599950155 253.672818342845 273.451745510101 290.878395239512 286.715984344482 283.954262733459 293.709794680278 307.321111361186 278.291543324788 197.7592309316 154.264112313588 164.625624815623 201.73180103302 218.098084131877 218.954841295878 187.33815352122 197.650869687398 219.080050786336
244.209408760071 253.225783507029 283.139268557231 329.150895277659 327.952822049459 285.929997762044 249.820013840993 219.573318958282 209.33343966802 222.79546658198 215.986927350362 214.725534121195 243.592778841654 264.130771160126 272.015949090322 278.007725874583 277.815620104472 266.876379648844 267.476777235667 269.781390825907 267.106056213379 272.679110368093 272.753198941549 275.162319342295 275.889654954274 277.812262376149 280.540029207865 274.490614732107 263.031303882599 265.599429607391 280.291239420573 292.367974917094 289.368748664856 290.657778580983 296.074748039246 299.319803714752 314.067622025808 312.465985616048 240.865687529246 195.284644762675 181.302746136983 174.029469490051 190.371652444204 188.590745131175 191.260397434235 218.636095523834
262.987891832987 291.574537754059 316.185315450033 324.921766916911 347.257216771444 323.04722070694 282.600363095601 242.394387722015 229.544123013814 242.422699928284 234.981199105581 219.472070535024 235.028843084971 260.658423105876 274.696866671244 279.415984948476 279.949227968852 277.581751346588 271.321674187978 271.415293216705 272.015889485677 277.473608652751 279.55162525177 278.128743171692 278.627614180247 286.122699578603 286.886811256409 288.464585940043 281.252384185791 279.865066210429 286.404132843018 291.4932568868 293.412844340007 299.017111460368 301.60395304362 291.26505057017 297.922233740489 328.232566515605 312.584618727366 246.833980083466 196.320434411367 174.393951892853 175.424456596375 190.473437309265 212.751805782318 242.169539133708
300.614873568217 314.549406369527 310.203770796458 303.703367710114 320.856193701426 335.715532302856 324.413398901622 294.893165429433 269.290546576182 268.857260545095 271.176775296529 248.275260130564 236.734827359517 259.499609470367 280.081152915955 282.274345556895 279.242356618245 282.863716284434 274.366577466329 272.816439469655 277.73650487264 277.960300445557 278.229832649231 275.24201075236 277.401725451152 287.575940291087 292.595545450846 295.710623264313 289.069811503092 285.744885603587 294.069667657216 298.670927683512 296.043813228607 297.370056311289 301.396012306213 290.558338165283 290.422757466634 305.275658766429 299.195190270742 266.747275988261 235.134522120158 199.017445246379 181.382358074188 183.8205854098 208.857814470927 239.70894018809
301.324427127838 298.317948977153 292.305906613668 282.201667626699 283.464312553406 302.272439002991 317.91098912557 310.097336769104 294.140021006266 290.76357682546 292.163789272308 277.148842811584 260.286847750346 266.473352909088 280.206163724263 280.382513999939 279.48268254598 282.802859942118 273.318409919739 275.995135307312 276.21336778005 274.140894412994 273.058672746023 270.446081956228 277.237157026927 284.559786319733 293.5564716657 292.222718397776 289.513429005941 291.35533173879 298.865755399068 297.532598177592 286.193331082662 283.379554748535 286.712388197581 270.7865635554 268.62100760142 265.961130460103 252.273301283518 249.690314133962 259.844104448954 232.264717419942 203.654229640961 190.452297528585 191.381176312764 218.36906671524
298.070967197418 290.348807970683 296.149094899495 283.379276593526 276.219328244527 286.865870157878 309.819956620534 326.334118843079 315.747896830241 299.908419450124 292.381664117177 288.655956586202 289.710839589437 283.456365267436 283.51354598999 285.422046979268 279.972672462463 277.559439341227 276.085376739502 279.127379258474 274.776577949524 272.381365299225 272.890309492747 273.550947507222 275.558372338613 280.993719895681 285.97366809845 284.860253334045 285.55303812027 292.377352714539 298.018614451091 288.805544376373 273.87543519338 276.850601037343 274.269640445709 257.220506668091 258.81963968277 258.274674415588 259.75767771403 272.014399369558 273.209194342295 266.224582990011 242.757797241211 224.669059117635 205.953081448873 198.606550693512
315.258781115214 311.344822247823 319.622576236725 314.974844455719 305.757800738017 308.857500553131 323.277056217194 340.980052947998 329.74773645401 304.612994194031 290.849963823954 294.706781705221 305.506447950999 296.824077765147 290.811002254486 289.761583010356 286.196708679199 281.156122684479 281.493663787842 281.353056430817 281.307597955068 275.134444236755 276.627739270528 280.956486860911 276.595115661621 280.548691749573 282.456040382385 278.739134470622 282.527804374695 293.228367964427 294.362107912699 286.547025044759 275.72367588679 276.506145795186 266.451795895894 261.183937390645 266.549527645111 268.495281537374 277.673602104187 295.654873053233 261.702100435893 250.606874624888 239.781737327576 231.829047203064 216.402014096578 194.439788659414
333.258191744487 331.451853116353 334.15699005127 335.43602625529 327.066202958425 321.217735608419 326.472759246826 339.936057726542 333.076953887939 303.79863580068 293.956657250722 300.373713175456 307.415584723155 296.182374159495 288.12309106191 293.51145029068 295.946339766185 285.077850023905 288.037836551666 289.455672105153 288.206477959951 282.390713691711 281.448622544607 282.9283674558 279.185970624288 277.890940507253 281.167447566986 284.254968166351 287.654836972555 294.53432559967 295.895159244537 288.596371809642 278.236071268717 273.90992641449 263.018588225047 267.516871293386 273.037473360697 273.990631103516 276.76651875178 287.81932592392 246.29149834315 208.004355430603 194.39043601354 190.015335877736 189.955870310465 184.22398964564
340.145826339722 339.76948261261 338.353753089905 338.488022486369 332.468469937642 326.371928056081 325.445274511973 331.554611523946 334.46192741394 312.903821468353 305.872857570648 306.760430335999 302.977204322815 293.997565905253 288.052757581075 292.327344417572 300.166289011637 295.212308565776 291.855971018473 293.486376603444 291.905562082926 287.427147229513 283.165733019511 284.391184647878 284.213026364644 281.514108181 282.242397467295 289.215087890625 291.137794653575 292.57611433665 296.126147111257 291.242798169454 281.051576137543 266.163269678752 256.124516328176 272.408604621887 281.610449155172 280.289232730865 271.714150905609 279.755274454753 246.419111887614 177.535235881805 148.934900760651 137.10414369901 141.263902187347 148.502796888351
335.769693056742 339.040358861287 340.886831283569 340.087215105693 337.598562240601 335.703015327454 332.456866900126 330.25598526001 332.053124904633 323.770682017008 321.13774617513 316.313366095225 302.777230739594 301.871518294017 296.506663163503 290.665725866954 298.585573832194 299.464801947276 293.577194213867 293.177405993144 292.83078511556 289.335668087006 284.375627835592 285.678029060364 287.515103816986 289.532780647278 287.215014298757 288.655877113342 290.631095568339 291.439652442932 295.654932657878 292.42467880249 276.972512404124 253.925840059916 261.833012104034 285.425782203674 288.520057996114 283.349732557933 267.58219798406 272.013405958811 279.160658518473 222.115317980448 163.679818312327 137.619763612747 131.074597438176 131.822874148687
320.517977078756 324.429134527842 324.194053808848 328.854024410248 336.12847328186 342.060486475627 344.829718271891 344.958345095317 342.44962533315 339.090863863627 328.299681345622 310.772160689036 304.664889971415 304.072896639506 298.899074395498 293.066064516703 298.165698846181 296.612699826558 291.036009788513 289.819876352946 292.147040367126 294.081111749013 291.674574216207 287.05640633901 287.199556827545 288.280010223389 291.754464308421 292.531271775564 292.80678431193 292.456686496735 292.551457881927 291.645626227061 270.97209294637 255.168616771698 279.431382815043 294.796625773112 290.387829144796 285.368164380391 273.051261901855 271.930158138275 301.823198795319 311.790366967519 250.246961911519 195.465902487437 158.117820819219 134.230007727941
