input/barkrak2/radiation/dir17024.grid
NCOLS 85 
NROWS 70 
XLLCORNER 665100 
YLLCORNER 4664600 
CELLSIZE 20 
NODATA_value -9999 
[rows 20 to 39 of 70, columns 0 to 45 of 85]
211.826622486115 205.288529396057 221.643805503845 263.623774051666 258.924762407939 207.278152306875 191.939870516459 195.963025093079 208.921511967977 230.930725733439 244.661966959635 254.369815190633 263.561169306437 276.803116003672 293.439447879791 326.425989468892 336.885015169779 339.884718259176 344.365477561951 350.295623143514 351.345896720886 346.329172452291 345.491607983907 346.900383631388 347.801685333252 348.884503046672 349.467953046163 346.136252085368 341.419776280721 341.110189755758 335.587660471598 325.960695743561 318.649252255758 315.872132778168 314.888159434001 319.086293379466 319.34400399526 321.5638200442 325.891852378845 329.530398050944 329.126616319021 329.155226548513 331.052780151367 326.103587945302 330.016175905863 333.174169063568
236.486295859019 237.769544124603 257.945358753204 288.697818915049 284.117639064789 222.665846347809 202.242811520894 203.10123761495 210.646986961365 224.591195583344 237.695515155792 245.470404624939 255.733052889506 263.47291469574 279.467264811198 295.409560203552 327.028532822927 335.470954577128 340.308666229248 347.359816233317 350.602189699809 353.172739346822 354.193210601807 353.682597478231 351.153333981832 347.828586896261 344.484090805054 341.124097506205 339.794476826986 333.21217695872 317.565182844798 290.967623392741 272.834996382395 272.164543469747 280.011653900146 297.81166712443 304.833193620046 318.33416223526 325.910210609436 326.727171738942 325.169523557027 323.229908943176 318.254351615906 306.087553501129 323.771218458811 330.185035864512
274.334847927094 283.373832702637 293.950239817301 303.952256838481 303.967376550039 256.093601385752 225.052754084269 208.415448665619 205.040136973063 219.3630139033 235.977828502655 244.720280170441 259.337782859802 267.08177725474 274.090548356374 288.914203643799 303.889175256093 327.038129170736 335.185090700785 336.331129074097 338.974912961324 346.606294314067 351.116299629211 350.909074147542 348.448514938354 347.159147262573 344.581206639608 340.601841608683 327.837367852529 311.552425225576 268.890798091888 218.460957209269 198.931813240051 217.145343621572 245.085696379344 269.054571787516 285.255869229635 304.027994473775 315.223415692647 316.936274369558 319.783091545105 320.239106814067 299.989660580953 282.00908501943 305.697023868561 327.683766682943
291.902601718903 296.090702215831 300.283014774323 308.414359887441 308.208882808685 289.609372615814 249.893466631571 218.038300673167 202.64341433843 207.7556848526 233.052611351013 246.38698498408 262.07427183787 279.123425483704 279.508630434672 286.867082118988 298.451483249664 313.757359981537 326.757113138835 325.591882069906 324.187219142914 327.729165554047 336.564580599467 342.339595158895 343.047817548116 338.055729866028 322.386840979258 304.515838623047 278.907577196757 234.990934530894 197.212676207225 172.38054672877 148.163845141729 148.619552453359 162.530342737834 197.398940722148 237.836917241414 263.927380243937 279.685060183207 289.29324944814 288.817564646403 275.48603216807 260.553518931071 292.842507362366 289.865851402283 321.796139081319
283.638417720795 286.227345466614 298.626204331716 310.136834780375 301.592926184336 291.595657666524 258.491198221842 233.775715033213 216.120958328247 209.316293398539 225.392580032349 242.81640847524 255.550483862559 274.146199226379 280.770719051361 283.918499946594 294.360160827637 306.916832923889 316.687643527985 318.242430686951 321.914990743001 318.876226743062 327.207922935486 318.037827809652 306.052466233571 298.90118042628 292.001525561015 280.618449052175 248.089730739594 191.363076368968 169.672608375549 167.284071445465 150.702555974325 129.922449588776 121.756911277771 135.478357474009 183.561205863953 219.086905320485 245.423038800557 257.641971111298 247.759878635406 226.056039333344 246.485590934753 308.005054791768 299.842774868011 322.791039943695
278.809348742167 282.672683397929 296.166896820068 306.134184201558 303.268869717916 291.816174983978 267.116864522298 258.116404215495 247.409403324127 232.139150301615 232.544302940369 251.88797712326 267.178316911062 280.437469482422 287.262976169586 286.797424157461 294.956048329671 303.46155166626 311.60694360733 318.748633066813 327.732185522715 318.751394748688 297.682662804921 294.5317029953 295.122047265371 292.944709459941 281.249006589254 267.720321814219 224.380294481913 195.595840613047 194.697658220927 211.728692054749 216.838876406352 194.163103898366 160.471300284068 140.280723571777 157.66453742981 185.688177744548 226.805706818899 241.497139135996 223.294615745544 214.477399984996 253.991703192393 290.643433729808 313.212037086487 334.374705950419
280.899941921234 282.679279645284 291.554570198059 302.247563997904 315.859834353129 299.818515777588 281.187494595846 268.280764420827 266.061305999756 262.96321551005 252.585689226786 270.354529221853 280.884703000387 296.47696018219 297.566890716553 293.554027875264 295.994877815247 305.749674638112 313.583473364512 319.77125008901 316.307922204336 307.844678560893 304.777264595032 299.24730459849 296.417037645976 292.271773020426 280.158301194509 267.626543839773 230.306605497996 224.30948416392 246.545592943827 269.58958307902 273.500820000966 287.059346834819 269.454101721446 184.072037537893 168.882787227631 183.248619238536 207.852701346079 239.517569541931 232.126792271932 263.436834017436 255.348026752472 267.295360565186 303.160707155863 322.297692298889
285.146435101827 281.355381011963 284.678518772125 297.866384188334 335.384925206502 307.840307553609 284.628927707672 266.785840193431 267.014602820079 275.273164113363 271.13672097524 274.823069572449 288.361112276713 299.667835235596 301.595489184062 302.448530991872 302.187025547028 307.61331319809 309.024453163147 310.045520464579 308.488309383392 300.794283548991 299.553235371908 306.022703647614 303.314169247945 299.001852671305 289.038439591726 277.275244394938 251.884977022807 250.067094961802 274.90754922231 289.551615715027 287.414709726969 301.333208878835 329.976499080658 264.946858088175 199.749747912089 186.95205450058 199.162224928538 243.212858835856 269.45686340332 314.054449399312 265.244126319885 258.25713078181 290.859341621399 302.478949228923
282.068471113841 274.498422940572 278.571804364522 304.334004720052 345.85710366567 306.694030761719 274.776895840963 261.399467786153 267.059524854024 275.571386019389 273.830314477285 272.6704676946 289.493501186371 299.278577168783 304.84926700592 308.026572068532 305.278559525808 294.293443361918 302.997748057048 303.193310896556 304.164469242096 299.126148223877 297.760268052419 304.556250572205 307.993253072103 300.927221775055 297.83042271932 286.891718705495 263.0628546079 256.883124510447 280.061940352122 298.544148604075 296.737134456635 294.838746388753 317.509492238363 324.510296185811 236.5429798762 178.878049055735 170.657018820445 214.377681414286 278.040289878845 293.529252211253 256.918867429097 235.86767911911 263.16903034846 276.096562544505
274.383982022603 266.819794972738 275.700132052104 314.708928267161 342.489242553711 302.68116792043 268.411993980408 250.999252001444 249.431788921356 256.351212660472 255.778312683105 263.735373814901 283.670703570048 302.850921948751 306.393722693125 309.410452842712 304.668704668681 293.524543444316 294.946789741516 297.191202640533 297.669291496277 299.261093139648 299.702207247416 302.950064341227 307.095328966777 305.769284566243 304.413735866547 292.787114779154 270.738661289215 265.89568456014 284.689525763194 302.828729152679 297.964851061503 294.372717539469 303.333222866058 324.684341748555 314.94802236557 242.13174978892 192.806204160055 201.72123114268 237.06309000651 252.285679181417 251.075347264608 221.885244051615 235.800842444102 263.532082239787
262.288173039754 272.733171780904 302.085916201274 347.731510798136 349.672476450602 307.651996612549 272.819578647614 244.912366072337 237.781425317129 248.731295267741 243.737578392029 242.544968922933 275.818467140198 300.529003143311 304.928024609884 309.134006500244 307.746946811676 298.080801963806 299.193024635315 298.055768013 297.428071498871 303.734103838603 306.412816047668 305.405457814534 308.372139930725 311.738689740499 311.010241508484 301.14217599233 283.442437648773 278.481960296631 290.111760298411 302.84986893336 300.40168762207 299.476246039073 302.636524041494 305.137793223063 330.309927463531 344.225645065308 279.999951521556 233.020186424255 220.798174540202 211.402992407481 226.410686969757 224.830488363902 231.797397136688 269.270161787669
280.790170033773 305.324673652649 322.029948234558 326.180458068848 355.837384859721 338.985284169515 305.592636267344 267.512897650401 251.709361871084 267.11642742157 261.736492315928 241.711099942525 263.509770234426 293.62690448761 305.717309315999 310.264488061269 309.868335723877 306.419213612874 300.966540972392 301.612794399261 303.608059883118 307.963788509369 308.937609195709 308.31257502238 309.872885545095 317.439874013265 318.341573079427 315.268615881602 300.881584485372 294.141093889872 297.010481357574 300.399303436279 302.068074544271 306.09667301178 308.375835418701 296.538392702738 305.560807387034 344.867467880249 344.416658083598 286.205132802327 237.69082625707 210.109968980153 210.552453994751 229.069193204244 253.413379192352 283.291021982829
309.281349182129 316.418011983236 304.276466369629 296.316663424174 315.447767575582 338.432192802429 335.350076357524 308.03108215332 285.502950350444 288.457870483398 292.509873708089 268.367230892181 264.936486879985 288.878281911214 305.651068687439 309.245308240255 307.809472084045 311.193188031514 306.142846743266 303.455630938212 307.4049949646 310.206294059753 308.556457360586 309.102336565654 311.737338701884 318.946739037832 324.043234189351 324.918905893962 310.372253259023 301.143229007721 307.065367698669 309.328556060791 305.155654748281 307.444095611572 311.669786771138 301.831980546315 300.998429457347 321.903189023336 328.941543896993 306.206226348877 276.959935824076 234.616657098134 215.984602769216 223.314960797628 244.976162910461 278.201798597972
297.093331813812 288.340469201406 280.569434165955 269.324044386546 269.656538963318 290.904323259989 313.401341438293 312.948067982992 304.521878560384 307.061235109965 307.734429836273 292.25105047226 284.002045790354 294.7678565979 308.180054028829 306.874533494314 307.300408681234 310.64627567927 303.78125111262 306.420683860779 306.689997514089 309.340476989746 309.550225734711 306.779603163401 309.343496958415 317.147294680278 324.243744214376 321.254412333171 313.365042209625 308.284858862559 313.052753607432 310.665667057037 300.187865893046 299.985527992249 304.556806882222 289.489646752675 286.604404449463 288.212458292643 284.368713696798 290.849149227142 300.188501675924 266.045033931732 237.319807211558 228.277564048767 229.897518952688 252.708077430725
289.026995499929 277.626554171244 284.062425295512 269.403676191966 261.124094327291 273.115992546082 300.407151381175 326.739907264709 325.632055600484 314.197977383931 302.40656932195 303.017357985179 310.970564683278 311.935464541117 310.667236646016 309.821347395579 310.17541885376 308.231314023336 306.823352972666 309.531966845195 308.978120485942 308.581312497457 308.239579200745 306.909918785095 309.384405612946 311.769425868988 317.626635233561 313.955724239349 313.264787197113 313.563883304596 313.922663529714 303.940832614899 288.642764091492 294.244448343913 293.739676475525 277.69935131073 278.329948584239 278.576155503591 287.014365196228 311.31786108017 309.711734453837 295.423885186513 273.46138159434 260.035196940104 239.411056041718 232.671737670898
309.999366601308 304.237167040507 314.118067423503 308.808286984762 298.486967881521 303.468664487203 320.841054121653 344.470779101054 340.777317682902 316.670695940654 301.412423451742 310.25367975235 325.7657289505 323.692679405212 318.430860837301 319.997986157735 314.562996228536 311.378836631775 313.722352186839 314.856648445129 312.81578540802 308.495322863261 308.68266026179 312.421381473541 309.308489163717 310.465931892395 312.511483828227 310.544868310293 311.309814453125 317.018389701843 313.778837521871 303.23467652003 290.151556332906 290.846625963847 284.54065322876 280.385176340739 285.420417785645 285.572787125905 297.997911771138 330.187439918518 298.749665419261 284.167548020681 274.557809034983 268.829723199209 252.380967140198 228.484531243642
337.300777435303 334.07187461853 336.249589920044 339.085499445597 329.732835292816 323.266943295797 327.826937039693 342.772046724955 340.787132581075 313.471794128418 305.168191591899 318.216542402903 331.955174605052 324.2413798968 319.549361864726 322.438279787699 326.183060805003 317.795236905416 319.279253482819 321.253736813863 318.435152371724 314.153611660004 312.223215897878 314.087073008219 310.596267382304 310.137212276459 311.503728230794 311.647454897563 315.141201019287 319.396237532298 315.945466359456 305.77160914739 292.74727900823 286.529799302419 279.456734657288 284.668187300364 291.280428568522 289.873917897542 293.026924133301 318.39656829834 288.634260495504 246.266007423401 234.959443410238 229.416012763977 226.58896446228 220.610280831655
351.318001747131 348.043878873189 342.419425646464 343.508760134379 338.000893592834 329.353928565979 325.483381748199 330.849707126617 338.260094324748 320.877114931742 321.379562218984 330.495079358419 329.433818658193 324.772795041402 324.212491512299 325.45926173528 331.282258033752 327.467183272044 323.372622330983 324.336647987366 322.904109954834 319.004436333974 314.993381500244 314.789573351542 312.373697757721 311.496575673421 311.697920163472 315.340101718903 315.641760826111 318.195780118306 317.835966746012 308.106422424316 296.143531799316 280.34496307373 272.482355435689 287.644267082214 297.408044338226 295.177499453227 284.971714019775 302.336732546488 290.519495805105 223.437905311584 194.055298964183 181.322375933329 181.259393692017 187.473396460215
355.975071589152 358.174363772074 356.517275174459 353.788018226624 349.193135897319 342.803676923116 334.739804267883 329.376896222432 331.859310468038 330.930133660634 339.846849441528 340.194304784139 332.638382911682 335.725784301758 328.477919101715 325.382391611735 332.058688004812 331.068893273671 326.349854469299 323.656519254049 322.075486183167 319.770614306132 313.603440920512 314.178049564362 313.388228416443 315.532306830088 312.348783016205 314.3417040507 316.932201385498 316.047290960948 317.769149939219 312.195976575216 291.408121585846 269.401669502258 278.075337409973 299.401978651683 302.287936210632 295.866370201111 279.124577840169 285.2809826533 311.944226423899 269.250969092051 211.8279337883 183.06177854538 169.216672579447 166.188289721807
348.058541615804 350.734233856201 351.098299026489 354.021708170573 357.487916946411 359.341025352478 358.06663831075 354.386727015177 352.388262748718 355.138659477234 352.279702822367 342.502514521281 338.627775510152 334.691961606344 333.988149960836 327.729165554047 330.685297648112 329.831004142761 323.500533898671 321.964681148529 323.791285355886 323.230425516764 320.299724737803 315.322438875834 312.458237012227 313.500622908274 315.257926781972 316.205660502116 318.507730960846 318.462908267975 317.029217878977 313.322921593984 287.133971850077 269.933442274729 291.661699612935 306.101381778717 301.81884765625 297.422826290131 283.806264400482 278.259376684825 314.685861269633 344.027837117513 294.648766517639 241.803208986918 198.93338282903 168.223718802134
