input/barkrak2/radiation/dir11924.grid
NCOLS 85 
NROWS 70 
XLLCORNER 665100 
YLLCORNER 4664600 
CELLSIZE 20 
NODATA_value -9999 
[rows 0 to 19 of 70, columns 0 to 45 of 85]
306.381801764170007 312.923789024353 318.195561567942 324.469606081645 325.590352217356 323.831836382548 316.625495751699 310.444792111715 313.985725243886 313.990493615468 312.057495117188 316.938837369283 319.376051425934 319.581925868988 321.569859981537 321.26118739446 314.933041731517 307.576278845469 304.365197817485 293.412744998932 276.838719844818 280.093610286713 301.481942335765 309.018234411875 307.476321856181 308.743198712667 308.939297993978 297.75740702947 278.195897738139 273.813664913177 271.546006202698 283.109784126282 305.734833081563 303.021232287089 310.356179873149 301.532785097758 302.438616752625 312.348107496897 301.89057191213 309.816241264343 298.511624336243 288.983503977458 298.193176587423 312.879681587219 314.290483792623 310.259242852529
286.370237668355 297.49604066213 307.443579037984 316.7431751887 322.717150052388 322.463234265645 315.220455328623 309.222380320231 314.636667569478 315.751175085704 310.669104258219 314.198533693949 319.283862908681 319.967269897461 319.766422112783 319.855014483134 317.386825879415 313.448786735535 310.131291548411 298.816521962484 291.083375612895 293.788592020671 305.219848950704 309.730410575867 310.40632724762 310.27481953303 306.882858276367 299.44117863973 282.024443149567 274.556756019592 275.799373785655 293.177386124929 303.582310676575 303.426265716553 310.291131337484 301.622192064921 300.343255201976 305.065254370372 300.373276074727 309.930443763733 306.53444925944 298.115988572439 302.131493886312 314.268628756205 316.824018955231 312.926650047302
255.710820357005 267.013271649679 277.471383412679 286.154170831044 297.196765740712 303.437610467275 308.096985022227 311.898112297058 314.385255177816 312.228480974833 307.032962640127 309.123416741689 318.108558654785 321.458657582601 318.078796068827 321.840763092041 325.554271539052 324.178477128347 318.134347597758 310.943226019541 311.614871025085 310.336212317149 308.436453342438 308.940410614014 311.426520347595 312.472979227702 305.534879366557 297.626078128815 285.366316636403 276.470303535461 279.095848401388 298.331737518311 295.358121395111 300.674279530843 309.235095977783 303.233683109283 294.851680596669 291.702429453532 298.692186673482 310.156305631002 308.231631914775 304.430445035299 301.908115545909 311.384896437327 322.311719258626 318.358898162842
240.617752075195 242.302715778351 248.323380947113 254.918138186137 260.980566342672 265.99524418513 271.772642930349 283.454934755961 297.563552856445 307.185391585032 310.294528802236 315.411150455475 321.253418922424 322.746654351552 321.242968241374 320.098996162415 320.785582065582 319.976210594177 317.665735880534 315.538684527079 313.896179199219 311.290363470713 315.017978350321 313.796103000641 312.3885790507 314.087649186452 309.632619222005 301.356275876363 295.032223065694 288.856943448385 283.170600732168 299.916525681814 295.860727628072 299.597640832265 302.764852841695 304.035186767578 299.844364325206 298.256436983744 309.365848700206 313.271582126617 308.367192745209 299.651463826497 294.984916845957 306.223392486572 320.227086544037 319.90251938502
259.726663430532 245.643158753713 234.435776869456 225.736677646637 229.913095633189 244.887848695119 262.991865475972 271.137992540995 279.528419176737 285.323361555735 299.890160560608 313.417494297028 320.938368638357 323.94548257192 324.747443199158 324.439525604248 320.058921972911 313.073635101318 312.528570493062 314.972201983134 312.570611635844 311.509390672048 317.952434221904 316.765785217285 314.593474070231 316.167136033376 312.217116355896 304.733117421468 298.506379127502 294.318318367004 296.389480431875 306.972285111745 302.608013153076 304.011086622874 301.239589850108 303.623994191488 310.287833213806 312.846620877584 316.075960795085 315.963625907898 313.871065775553 307.2389960289 303.822457790375 305.333197116852 310.554087162018 317.475159962972
295.986334482829 274.525761604309 251.039604345957 229.94863986969 220.712780952454 231.345434983571 254.6400030454 269.173264503479 272.419015566508 272.565583388011 280.517200628916 291.388253370921 298.750837643941 303.579290707906 308.975319067637 312.770009040833 310.249070326487 306.903163592021 309.222439924876 313.707292079926 313.765625158946 316.960871219635 321.815848350525 319.075961907705 317.793051401774 318.440874417623 314.949711163839 308.882872263591 301.323155562083 297.227263450623 303.159455458323 307.867328325907 309.647460778554 313.221712907155 308.413783709208 305.290222167969 310.872713724772 314.054230848948 313.348253568013 313.693006833394 313.787400722504 310.444712638855 309.259295463562 309.501270453135 304.779311021169 298.280398050944
311.584671338399 294.793546199799 278.851449489594 261.193215847015 242.588738600413 229.595541954041 236.928919951121 263.160467147827 274.442036946615 281.199097633362 278.879384199778 273.805717627207 270.269552866618 267.085015773773 269.094109535217 281.697869300842 290.622115135193 302.347302436829 312.031706174215 317.776262760162 317.336082458496 315.840939680735 320.381999015808 320.534427960714 320.182641347249 321.432689825694 319.88537311554 315.26126464208 308.535615603129 306.511183579763 308.978021144867 313.547670841217 322.072724501292 323.667784531911 320.223748683929 314.185241858164 312.825878461202 313.324352105459 313.894967238108 316.250920295715 314.098576704661 310.782651106517 310.105840365092 307.047088940938 291.694124539693 285.489559173584
314.690073331197 309.454401334127 302.653511365255 291.530390580495 273.353735605876 247.007032235463 227.364758650462 226.77622238795 257.849872112274 279.341220855713 285.423696041107 282.017290592194 274.795174598694 266.889293988546 255.346119403839 258.438487847646 269.236147403717 282.553573449453 300.009409586589 312.456826368968 317.018548647563 316.361427307129 319.313168525696 320.097347100576 319.491585095723 320.789853731791 320.680876572927 318.027019500732 314.211328824361 315.475900967916 318.363030751546 320.899804433187 325.634698073069 325.344840685527 321.981310844421 318.156083424886 315.711299578349 311.224202315013 304.713209470113 303.495466709137 308.458705743154 314.573327700297 319.655776023865 316.80965423584 304.019252459208 294.285297393799
309.46409702301 310.04544099172 308.029969533284 303.030133247375 293.559491634369 276.754339536031 251.041531562805 224.773009618123 235.544244448344 257.180472215017 274.511237939199 281.663775444031 282.731254895528 280.704061190287 271.888693173726 265.970985094706 262.774725755056 266.747792561849 278.938174247742 292.881389458974 304.262439409892 311.042626698812 314.364910125732 311.744113763173 312.87294626236 314.919670422872 315.923909346263 315.235038598378 314.484059810638 319.158971309662 322.210192680359 321.630318959554 322.287678718567 322.471817334493 320.27937968572 318.535923957825 315.806905428569 310.230453809102 298.503994941711 299.495895703634 314.386328061422 322.583774725596 323.537309964498 320.117155710856 310.897707939148 303.177098433177
289.165914058685 296.460628509521 300.105631351471 300.181130568186 298.0970342954 295.951048533122 284.135599931081 268.83586247762 241.161008675893 232.802669207255 244.60772673289 266.875068346659 284.283320109049 291.965007781982 293.559988339742 287.498434384664 275.313913822174 270.241995652517 269.638895988464 272.548794746399 279.913266499837 285.138130187988 291.615386803945 296.354015668233 301.928102970123 304.546554883321 306.111693382263 305.887798468272 306.57551685969 311.26610438029 312.442501386007 312.429110209147 316.839257876078 319.886803627014 319.59609190623 317.095438639323 315.259714921315 313.016136487325 300.130009651184 301.819423834483 317.809005578359 322.239458560944 321.062405904134 317.333479722341 308.107415835063 300.70157845815
246.416648228963 258.263607819875 269.023696581523 277.616341908773 285.274346669515 291.515390078227 293.494502703349 290.093322594961 267.630517482758 244.822442531586 231.732646624247 238.091786702474 262.896736462911 283.976991971334 295.259575049082 287.783821423848 281.849900881449 275.733987490336 268.955012162526 264.302055040995 264.610350131989 264.683087666829 267.056842645009 277.911245822906 287.650386492411 293.696840604146 295.451700687408 295.374433199565 299.403309822083 303.329467773438 304.977138837179 307.680606842041 314.255436261495 316.902697086334 316.07457002004 314.463714758555 315.512279669444 317.588130633036 311.546603838603 310.399055480957 317.309896151225 320.859690507253 321.676790714264 320.416172345479 313.314119974772 308.259050051371
207.27014541626 212.403913338979 220.618724822998 232.387542724609 247.230092684428 261.593778928121 277.506868044535 282.750070095062 283.604244391123 272.369126478831 249.522765477498 231.000959873199 232.231120268504 253.991921742757 277.042329311371 279.35266494751 285.10179122289 282.825430234273 274.131814638774 265.093763669332 259.328345457713 256.855765978495 256.992161273956 265.041470527649 271.709163983663 276.405374209086 278.774360815684 282.380898793538 287.941098213196 291.751126448313 295.387049516042 299.391428629557 304.400384426117 306.581377983093 306.172490119934 306.795597076416 312.966823577881 318.335056304932 319.077769915263 319.126963615417 320.725162823995 323.249717553457 323.803206284841 322.04415400823 316.766937573751 314.795235792796
195.551256338755 191.302756468455 189.03652826945 189.027488231659 196.68968518575 212.863365809123 236.757715543111 256.007631619771 281.021058559418 284.94252761205 275.453885396322 254.833519458771 229.018568992615 225.701828797658 247.755924860636 271.468063195546 284.637173016866 286.779562632243 282.928307851156 275.548775990804 267.207562923431 266.46214723587 266.048769156138 266.844213008881 267.019550005595 265.727460384369 269.467612107595 277.049005031586 280.059138933818 281.253655751546 285.516103108724 290.211101373037 291.936973730723 292.592108249664 294.424593448639 298.358698685964 307.241400082906 313.96210193634 315.130770206451 318.816661834717 320.501367251078 320.764581362406 320.020357767741 320.004045963287 314.240455627441 312.893350919088
190.63804546992 161.168793837229 143.528938293457 138.822336991628 136.379778385162 143.750806649526 164.086898167928 198.807636896769 234.972973664602 267.299691836039 282.644013563792 282.629132270813 266.734441121419 243.331631024679 240.763862927755 263.186494509379 277.944684028625 288.587530454 293.824831644694 290.850679079692 281.730135281881 278.914391994476 275.440176328023 275.205194950104 274.76845184962 272.744218508403 275.555074214935 282.765448093414 281.630635261536 276.374717553457 281.095623970032 285.646915435791 287.211159865061 287.548899650574 290.38546482722 295.413434505463 300.44162273407 304.507454236348 305.716872215271 306.879142920176 309.857785701752 313.304960727692 316.82558854421 317.910552024841 313.12221288681 312.612434228261
171.898722648621 134.077896674474 110.82856853803 106.079091628393 108.082592487335 113.166650136312 121.937175591787 148.469418287277 177.666048208872 225.582500298818 273.752053578695 297.143717606862 300.363540649414 285.485903422038 263.218482335409 259.226739406586 263.193130493164 276.839375495911 291.192889213562 297.424256801605 295.967678229014 291.071633497874 289.154092470805 286.385575930278 282.516002655029 281.056304772695 283.211290836334 285.062273343404 280.190825462341 276.515285174052 280.128260453542 283.581793308258 283.742845058441 283.785939216614 287.032385667165 289.439161618551 290.977676709493 290.205359458923 292.427599430084 292.798002560933 297.319193681081 303.147673606873 307.331204414368 308.201193809509 306.574503580729 307.435770829519
150.515258312225 122.129221757253 92.1629468599955 87.3098174730937 102.672477563222 125.928302605947 129.554023345311 138.564348220825 159.368971983592 191.096862157186 238.981684048971 292.103489240011 308.983862400055 307.168046633403 291.795094807943 265.743732452393 255.916953086853 258.320947488149 272.720177968343 293.517112731934 301.60129070282 297.559837500254 298.476914564768 293.702483177185 288.010656833649 287.934144337972 290.385882059733 287.119229634603 281.837463378906 284.221112728119 285.472770531972 284.235199292501 281.837622324626 280.7377576828 281.413237253825 280.861636002858 278.345962365468 274.853825569153 277.28134393692 278.973360856374 282.279074192047 287.135243415833 289.556344350179 290.48232237498 296.94942633311 300.89811484019
130.777974923452 119.736383358637 95.9441661834717 78.3353000879288 83.2770566145579 109.185953934987 128.98525595665 138.785233100255 157.312214374542 171.447396278381 197.603503863017 248.445192972819 292.164206504822 307.740569114685 304.449816544851 294.204592704773 284.005006154378 270.761450131734 261.987566947937 270.90311050415 291.248679161072 300.409535566966 303.160786628723 299.516717592875 293.714006741842 294.679959615072 297.71625995636 294.187029202779 291.175941626231 295.639197031657 295.106887817383 286.110719045003 281.153579552968 277.336478233337 273.301243782043 272.325456142426 268.509765466054 267.395496368408 267.120321591695 270.147323608398 272.553086280823 274.333755175273 276.883184909821 279.206474622091 292.245546976725 298.119127750397
122.815320889155 125.440975030263 115.190923213959 90.3717478116353 74.8546024163564 98.3825822671254 124.019920825958 146.506567796071 164.794464906057 178.48281065623 186.468660831451 210.361361503601 243.949671586355 268.907904624939 300.160984198252 309.257606665293 306.219140688578 295.644601186117 278.479218482971 264.104346434275 273.018419742584 294.795453548431 298.700074354808 298.855026563009 299.258708953857 303.373396396637 306.585252285004 304.444114367167 301.830609639486 303.361415863037 298.6820936203 289.439797401428 283.226072788239 277.274568875631 271.996378898621 268.835544586182 266.681094964345 266.84300104777 266.885538895925 267.953435579936 270.279844601949 271.856367588043 271.100163459778 274.665474891663 284.482836723328 293.935875097911
130.421201388041 139.954884847005 142.600486675898 120.852053165436 100.273579359055 116.982320944468 135.258386532466 156.254053115845 174.682378768921 195.450862248739 206.854164600372 210.035920143127 231.588800748189 244.990587234497 258.86466105779 284.117102622986 305.019815762838 305.258591969808 300.773521264394 285.860419273376 269.217709700267 279.990394910177 287.333865960439 294.897456963857 302.91223526001 308.587034543355 311.05109055837 310.891469319661 305.46494325002 303.857862949371 297.856648763021 292.005499204 285.272498925527 278.622150421143 274.9209801356 270.972847938538 269.592920939128 267.066856225332 266.431570053101 269.345978895823 272.252360979716 273.757775624593 273.336370786031 275.00194311142 276.661773522695 287.311871846517
139.675796031952 143.819193045298 156.121790409088 158.373405536016 144.746830066045 135.037024815877 138.929307460785 151.715497175852 166.856785615285 190.341929594676 202.966411908468 203.448017438253 210.315744082133 217.285692691803 237.61389652888 258.298436800639 270.62451839447 282.325267791748 299.238681793213 299.275080362956 291.765729586283 280.277848243713 280.358751614888 288.457910219828 297.922392686208 305.406848589579 310.5774919192 310.301025708516 303.311765193939 302.315612634023 297.283013661702 290.440400441488 284.098108609517 279.91650501887 277.125517527262 273.149530092875 270.298699537913 262.339909871419 260.683715343475 268.524607022603 273.440678914388 275.240381558736 277.590235074361 277.259945869446 273.823042710622 282.57030248642
