input/barkrak2/radiation/dir11924.grid
NCOLS 85 
NROWS 70 
XLLCORNER 665100 
YLLCORNER 4664600 
CELLSIZE 20 
NODATA_value -9999 
[rows 20 to 39 of 70, columns 0 to 45 of 85]
148.458749055862 137.372781833013 149.548053741455 185.038606325785 180.73570728302 147.311588128408 135.723829269409 147.012710571289 160.473932822545 175.495346387227 187.452554702759 193.97101799647 196.710705757141 203.417420387268 213.416655858358 234.107375144958 249.280015627543 261.545598506927 277.03062693278 294.955352942149 306.058824062347 296.791195869446 295.055349667867 296.573758125305 298.28945795695 300.266842047373 303.641219933828 301.282783349355 298.502405484517 297.447005907695 290.274143218994 276.658097902934 263.775189717611 255.77567021052 252.569516499837 258.566280206044 258.437097072601 260.771175225576 264.934778213501 269.73682641983 270.954449971517 270.198921362559 273.117482662201 267.435073852539 271.823942661285 276.476979255676
179.277678330739 172.612190246582 180.058578650157 211.891214052836 208.540022373199 154.161989688873 148.04137746493 154.939522345861 163.867125908534 175.51585038503 182.943423589071 188.775360584259 193.634907404582 194.648822148641 205.641488234202 221.574902534485 237.019419670105 252.160251140594 264.017144838969 283.757567405701 292.551716168721 305.301348368327 313.959320386251 312.208851178487 306.155939896901 297.638058662415 287.07746664683 278.849800427755 275.953769683838 271.603465080261 260.803878307343 231.209576129913 207.576950391134 202.171762784322 208.513061205546 228.850166002909 237.407902876536 254.094103972117 265.634596347809 265.809575716654 263.777295748393 262.754638989766 255.560298760732 239.133954048157 262.360294659932 272.031883398692
224.525570869446 227.362811565399 222.870250542959 230.873703956604 230.370581150055 184.847712516785 173.55748017629 165.045162041982 161.054799954096 169.023911158244 181.240200996399 190.309961636861 197.293619314829 203.033149242401 208.143790562948 216.508428255717 230.884730815887 244.546115398407 257.940491040548 259.980718294779 265.026946862539 271.822452545166 280.360062917074 278.366208076477 280.941108862559 270.697335402171 253.406902154287 245.75146039327 241.014838218689 228.262404600779 195.679843425751 154.744913180669 130.828698476156 138.191382090251 166.541874408722 193.174004554749 213.371237119039 236.196796099345 249.501725037893 253.416995207469 256.415168444316 257.715662320455 233.353515466054 209.10902818044 240.349054336548 268.822391827901
252.980271975199 250.892062981923 236.586491266886 236.882011095683 236.10665400823 221.672475337982 196.029285589854 170.070429642995 156.355907519658 161.843746900558 183.19829305013 193.47470998764 205.386598904928 215.63732624054 214.581946531932 218.244036038717 226.255834102631 233.279585838318 241.141319274902 231.75976673762 227.457364400228 230.484048525492 241.689542929331 251.108348369598 259.661217530568 257.354915142059 249.462803204854 234.563628832499 212.931374708811 176.303962866465 147.436598936717 121.516317129135 84.7369134426117 60.0043932596842 70.2556371688843 107.456455628077 148.395250240962 185.531636079152 205.842216809591 217.180828253428 215.849280357361 199.741343657176 189.470489819845 221.959312756856 226.665496826172 257.499635219574
246.645291646322 246.78647518158 244.564692179362 239.395558834076 227.97433535258 222.889721393585 200.580716133118 185.604592164358 170.198301474253 164.938718080521 176.638384660085 191.992262999217 203.19402217865 212.232788403829 210.858782132467 210.530122121175 214.581648508708 224.855005741119 230.420688788096 225.164930025736 225.229541460673 220.178604125977 227.547864119212 235.463122526805 239.049553871155 236.586968104045 228.424906730652 221.44889831543 191.215634346008 142.346908648809 121.776521205902 117.896616458893 94.1071212291718 45.4593002796173 38.296381632487 62.0580861965815 99.4234879811605 127.971122662226 156.058659156164 179.063141345978 167.186637719472 147.28922645251 168.52726538976 244.656463464101 242.794791857402 260.258058706919
237.177352110545 242.09455649058 248.234152793884 239.383538564046 228.575865427653 223.054766654968 213.293790817261 212.618549664815 206.251462300618 192.071199417114 191.280404726664 206.448276837667 213.853875796 220.130761464437 219.434062639872 211.92075808843 215.334316094716 224.047760168711 230.303963025411 235.834360122681 237.412571907043 233.621458212535 227.925817171733 225.641866525014 227.075775464376 227.719684441884 218.335409959157 212.067484855652 178.024450937907 152.394354343414 148.837933937709 163.087447484334 161.976993083954 111.266632874807 76.7576148112615 81.6321472326915 88.1620943546295 109.228452046712 135.019779205322 142.886479695638 138.354957103729 133.313626050949 176.293810208639 240.557769934336 260.28033097585 272.460718949636
238.02129427592 241.794466972351 247.03174829483 241.543710231781 243.931988875071 237.523754437764 234.39500729243 232.347766558329 235.428869724274 230.957329273224 215.605517228444 227.719088395437 227.901260058085 234.23707485199 232.699930667877 223.779002825419 218.300859133402 230.16611735026 235.732058684031 247.91274468104 249.706268310547 244.42865451177 236.951053142548 228.929062684377 227.71555185318 228.297074635824 220.154305299123 214.360415935516 188.535491625468 185.434401035309 203.792572021484 229.12593682607 235.905965169271 235.129872957865 190.017839272817 114.464928706487 106.81876540184 112.041900555293 130.319009224574 141.053835550944 150.682926177979 184.347589810689 200.75386762619 223.979870478312 249.285876750946 261.295139789581
241.76945288976 237.976551055908 240.961651007334 241.626878579458 270.249803860982 257.297654946645 248.869438966115 239.987373352051 244.613687197367 247.773885726929 233.087062835693 229.978919029236 233.136157194773 237.723290920258 239.078640937805 233.812352021535 229.334712028503 234.428445498149 246.864597002665 252.932290236155 250.651796658834 241.201957066854 237.789471944173 236.895243326823 237.252990404765 233.73407125473 229.697902997335 225.710829099019 220.183412233988 221.03754679362 240.950365861257 254.981160163879 257.856706778208 271.289547284444 271.825571854909 188.193678855896 132.316847642263 118.542532126109 121.388971805573 146.737684806188 185.518622398376 247.185269991557 218.446373939514 208.292206128438 228.707293669383 239.574472109477
240.497926870982 230.049908161163 233.54838291804 247.814655303955 287.66143321991 263.114909331004 243.442316850026 233.484705289205 237.083673477173 238.420526186625 231.408814589183 222.665846347809 231.408218542735 237.188160419464 240.439216295878 243.777811527252 238.113363583883 235.638320446014 245.782593886058 247.483293215434 244.591554005941 237.11766799291 236.590663592021 242.834806442261 242.68106619517 236.649076143901 235.69917678833 232.104102770487 229.225079218547 232.733527819316 253.270467122396 269.382854302724 271.135052045186 270.961801211039 283.595681190491 257.148067156474 157.135168711344 106.128424406052 94.1751996676127 122.40328391393 195.40806611379 231.671313444773 207.299729188283 176.535050074259 194.287021954854 207.102457682292
235.156734784444 222.124397754669 228.707571824392 257.974088191986 285.988926887512 260.099947452545 231.939017772675 215.200781822205 206.862231095632 205.750306447347 205.958167711894 209.068298339844 222.999612490336 238.06099096934 242.216547330221 248.445371786753 247.338354587555 235.790928204854 236.926833788554 237.175544102987 239.270408948263 241.329451402028 239.995419979095 244.628528753916 247.438867886861 241.42849445343 241.642316182454 235.514303048452 232.174913088481 240.72661002477 261.109391848246 278.095285097758 274.0678191185 272.109031677246 282.491266727448 289.876421292623 245.607753594716 159.825325012207 119.895388682683 129.089494546254 166.57609740893 181.008279323578 185.045977433523 154.524703820546 161.913891633352 179.279843966166
226.807912190755 234.626233577728 264.670650164286 310.579260190328 306.696037451426 266.235490640004 229.731639226278 198.260168234507 186.531007289886 195.562879244486 192.868749300639 186.578313509623 216.537495454152 238.072276115417 245.555778344472 251.669923464457 252.769430478414 242.782910664876 239.561458428701 241.547544797262 240.287880102793 244.797825813293 243.509809176127 244.648873806 247.762123743693 250.630398591359 250.826934973399 245.80705165863 241.507470607758 251.951098442078 269.011557102203 280.921677748362 276.92449092865 280.022819836934 287.151078383128 291.00634654363 297.44948943456 283.490697542826 206.611375013987 157.918165127436 144.466380278269 141.392360130946 159.646113713582 153.129716714223 153.946797053019 180.616478125254
245.610376199087 277.087310949961 307.814220587413 320.242047309875 336.647907892863 305.299977461497 261.962870756785 220.876415570577 208.827157815297 221.173306306203 212.326804796855 193.998714288076 207.92144536972 235.909740130107 252.126395702362 256.771564483643 254.761517047882 250.215450922648 243.218779563904 241.741120815277 242.225805918376 247.78805176417 250.15660127004 247.542202472687 249.087750911713 258.653004964193 259.853720664978 260.714371999105 256.758610407511 263.64012559255 274.392127990723 280.765255292257 282.89387623469 289.595087369283 294.730405012767 283.19909175237 288.25569152832 311.202168464661 282.786627610524 208.8303565979 157.822767893473 143.871963024139 146.868367989858 158.201932907104 181.320826212565 209.617594877879
290.015578269958 309.440771738688 311.361253261566 306.209186712901 321.77460193634 330.104450384776 312.574287255605 280.534068743388 254.260738690694 251.088837782542 250.289638837179 225.842336813609 214.355985323588 233.689506848653 253.738403320312 259.25076007843 255.337834358215 257.28702545166 244.424939155579 241.334676742554 246.280054251353 249.532282352448 249.997973442078 246.228337287903 250.512798627218 261.076390743256 267.256855964661 270.817557970683 267.040848731995 266.673723856608 279.640714327494 286.874175071716 284.777998924255 284.899771213531 288.712402184804 277.860581874847 278.46892674764 288.426200548808 272.308230400085 231.288234392802 196.285267670949 168.04047425588 153.30046415329 156.701693932215 178.458670775096 214.456915855408
301.064650217692 303.132176399231 298.439721266429 289.171119530996 291.741947333018 308.502991994222 318.00518433253 302.755951881409 283.247470855713 275.234659512838 275.399307409922 258.465091387431 239.08140261968 241.493821144104 254.34547662735 255.665342013041 251.674175262451 253.409862518311 245.001236597697 245.933294296265 246.581514676412 247.060000896454 246.005694071452 243.654529253642 248.490214347839 257.164061069489 266.517758369446 269.022464752197 267.933527628581 272.222419579824 282.304505507151 283.580521742503 271.976113319397 266.312956809998 269.882798194885 252.371072769165 250.478545824687 244.306206703186 224.290708700816 213.596562544505 222.847024599711 199.745873610179 177.872717380524 166.092773278554 166.281382242839 192.520578702291
302.026549975077 297.671318054199 302.826682726542 291.566371917725 285.649339358012 295.143127441406 314.260999361674 322.784582773844 303.522328535716 284.160514672597 276.532749334971 274.068295955658 269.827882448832 257.282217343648 255.885601043701 253.77357006073 253.001809120178 251.063545544942 248.474915822347 250.432352224986 246.599495410919 245.846052964528 246.682127316793 246.414005756378 248.897016048431 255.289455254873 262.132505575816 260.153671105703 261.641999085744 272.375166416168 279.844164848328 272.381107012431 258.6643298467 259.711066881816 255.427042643229 237.840294837952 240.168690681458 239.019115765889 235.238015651703 237.311402956645 240.440527598063 238.675753275553 215.842187404633 199.172854423523 183.428168296814 178.091983000437
316.004693508148 313.686271508535 320.321500301361 315.892259279887 307.805379231771 309.650897979736 321.600715319316 334.164579709371 316.635350386302 290.603041648865 277.931789557139 276.75720055898 281.878749529521 265.987594922384 258.973399798075 261.285642782847 259.108503659566 251.564939816793 252.521296342214 254.669189453125 252.818624178569 248.175183931986 250.335494677226 253.999014695485 252.390185991923 255.024909973145 256.119469801585 254.379272460938 258.3194176356 272.343277931213 276.168982187907 268.926242987315 260.736485322316 261.704345544179 248.556057612101 242.733021577199 248.332937558492 251.617471377055 258.196314175924 264.911651611328 229.826887448629 225.237468878428 215.86404244105 206.329425175985 191.279629866282 168.69576772054
326.25017563502 325.477004051208 328.449507554372 328.20854584376 320.608516534169 315.662225087484 321.552554766337 333.510637283325 320.780396461487 289.836307366689 276.021281878154 278.09864282608 280.730187892914 268.022219340007 259.692708651225 264.790614446004 265.954633553823 256.729026635488 259.633700052897 261.55960559845 261.970996856689 255.565861860911 257.364789644877 258.784770965576 255.838255087535 255.60208161672 259.613156318665 262.596786022186 265.542507171631 274.477104345957 276.751736799876 271.929383277893 263.053596019745 260.399540265401 246.731241544088 250.587701797485 255.456705888112 258.24119647344 260.44100522995 260.451972484589 211.86774969101 178.434352080027 165.330837170283 159.43522254626 160.227646430333 155.357281366984
327.441493670146 329.264362653096 330.565969149272 329.407890637716 323.833306630452 320.071816444397 321.637312571208 328.377882639567 326.282540957133 298.678239186605 286.133507887522 279.964546362559 273.641049861908 267.947614192963 260.343849658966 262.576182683309 272.704641024272 267.852306365967 264.825165271759 266.981343428294 267.148534456889 262.398838996887 258.868038654327 259.686231613159 262.162923812866 260.512550671895 261.67764266332 268.157541751862 269.879976908366 273.507912953695 275.576154390971 273.554384708405 266.151785850525 251.073578993479 239.933629830678 256.939133008321 265.47646522522 265.6063636144 257.448534170787 258.54500134786 209.789633750916 145.502438147863 119.913657506307 110.202719767888 112.503270308177 118.84010831515
315.302650133769 322.002132733663 325.394630432129 324.755032857259 324.241161346436 326.188882191976 326.80336634318 327.178319295247 326.752781867981 309.703091780345 299.80589946111 288.889090220133 278.365810712179 273.7903992335 266.525705655416 262.180030345917 272.793809572856 272.247274716695 265.726208686829 266.942461331685 266.797324021657 263.55520884196 259.655137856801 260.081728299459 262.510259946187 265.697300434113 263.743162155151 266.237676143646 269.818663597107 270.211378733317 274.001320203145 275.008300940196 261.618634064992 238.46447467804 245.65859635671 271.18718624115 274.665355682373 268.963555494944 256.186922391256 258.091568946838 250.255743662516 184.459726015727 128.477017084757 108.496824900309 106.623083353043 107.623000939687
293.520549933116 297.993381818136 297.718087832133 304.894804954529 313.950916131337 323.264718055725 328.826705614726 331.861853599548 330.461025238037 320.671041806539 305.172801017761 286.525249481201 275.414367516836 274.075031280518 271.960854530334 265.714188416799 270.65654595693 270.546118418376 263.726115226746 263.19694519043 265.569110711416 269.422252972921 267.298539479574 261.003494262695 259.469171365102 261.876463890076 265.766322612762 267.667293548584 271.364947160085 269.580245018005 270.427584648132 272.417267163595 255.082190036774 240.208903948466 266.24317963918 282.846013704936 277.686476707458 271.264553070068 262.370427449544 263.570666313171 287.970642248789 283.399860064189 215.242604414622 161.770522594452 130.140195290248 107.623000939687
