input/barkrak2/radiation/dir18124.grid
NCOLS 85 
NROWS 70 
XLLCORNER 665100 
YLLCORNER 4664600 
CELLSIZE 20 
NODATA_value -9999 
[rows 20 to 39 of 70, columns 0 to 45 of 85]
209.679404894511 202.986975510915 219.428976376851 260.998288790385 257.274071375529 206.528027852376 189.132928848267 192.699988683065 208.131035168966 228.030880292257 243.60046784083 251.14764769872 262.26677497228 273.625314235687 291.781783103943 322.58532444636 334.486484527588 337.594588597616 342.13662147522 348.181168238322 350.120186805725 344.972531000773 344.132979710897 344.621419906616 345.553159713745 346.652309099833 348.252852757772 344.748179117839 339.940349260966 339.335083961487 333.833614985148 324.145476023356 316.644152005513 313.598195711772 312.475840250651 317.363540331523 317.640403906504 319.03733809789 323.271691799164 326.879878838857 327.720959981283 327.700734138489 328.50859562556 324.685374895732 328.711251417796 330.53865035375
234.491586685181 235.560576121012 255.635380744934 285.959362983704 281.191031138102 219.592710336049 201.766689618429 200.432082017263 207.452813784281 224.122683207194 234.635829925537 244.751314322154 253.270824750264 260.259906450907 274.622956911723 293.733716011047 320.825159549713 333.92866452535 337.886850039164 345.051407814026 348.421851793925 352.014859517415 353.085398674011 352.538307507833 349.096059799194 345.619440078735 343.152046203613 339.639862378438 338.262995084127 331.269204616547 315.596520900726 288.922528425852 270.711044470469 270.061592260997 278.058429559072 295.114099979401 302.15839544932 315.666298071543 324.429869651794 325.250506401062 322.523375352224 321.723341941833 316.654841105143 304.492851098378 320.958177248637 327.485978603363
272.542158762614 281.408508618673 291.415333747864 301.312287648519 301.122784614563 254.756033420563 224.619626998901 208.392182985942 204.708238442739 215.970953305562 236.19149128596 245.077788829803 256.15519285202 267.539858818054 272.63081073761 285.840352376302 302.16783285141 324.377218882243 333.775798479716 334.980567296346 336.413939793905 345.417658487956 349.900762240092 349.626382191976 346.515973409017 345.089515050252 342.35676129659 339.122374852498 326.47709051768 308.421492576599 266.904930273692 215.54708480835 196.632862091064 214.462618033091 243.119696776072 266.096810499827 283.48579009374 302.421510219574 312.413314978282 315.390010674794 318.218012650808 318.603893121084 297.424852848053 279.024541378021 302.465697129567 326.474090417226
290.409942468007 294.424732526143 298.134009043376 306.365549564362 306.358555952708 288.250029087067 247.19379345576 215.405344963074 202.609221140544 207.241872946421 232.375820477804 244.357724984487 261.06075445811 276.036957899729 279.811958471934 283.782223860423 295.390864213308 310.857673486074 323.246757189433 324.092348416646 322.773873806 324.976126352946 335.223078727722 340.937217076619 340.891599655151 334.681749343872 321.099062760671 303.681592146556 275.698145230611 235.097706317902 195.040980974833 170.443952083588 145.435035228729 146.621813376745 158.0650806427 195.634484291077 236.089646816254 260.762651761373 278.033375740051 287.596166133881 285.901029904683 272.768755753835 258.418500423431 291.260600090027 286.632120609283 318.717579046885
282.205005486806 284.703314304352 296.721617380778 307.653367519379 299.734870592753 288.687169551849 255.704780419668 233.456015586853 213.530878225962 206.70759677887 222.047070662181 241.478463013967 254.651010036469 270.866433779399 277.628262837728 280.782540639242 292.777538299561 305.198192596436 312.055051326752 315.807938575745 320.489764213562 316.005071004232 322.400252024333 314.643899599711 305.12273311615 300.138096014659 291.201233863831 277.64489253362 244.470636049906 189.363916714986 167.899568875631 165.549596150716 148.436963558197 127.852002779643 118.565539518992 131.474554538727 180.109977722168 215.552985668182 242.218931516012 255.821843942006 244.887332121531 223.305960496267 244.537631670634 307.045519351959 299.184362093608 321.699500083923
277.229269345601 281.133770942688 294.411341349284 303.949892520905 301.311016082764 288.906733194987 266.398549079895 255.600154399872 247.354686260223 232.241868972778 232.5372894605 251.563986142476 264.122307300568 280.961255232493 287.63602177302 283.67022673289 290.251930554708 303.527315457662 309.754808743795 315.889139970144 325.807054837545 313.535173734029 292.88254181544 291.367411613464 292.101760705312 289.964040120443 278.202176094055 266.706883907318 222.110509872437 194.002509117126 193.022270997365 209.97029542923 214.905758698781 191.427528858185 157.161394755046 137.364168961843 154.096066951752 184.340278307597 224.970142046611 238.44184478124 220.516343911489 211.627741654714 252.573291460673 290.494541327159 310.316503047943 331.566870212555
279.282987117767 281.132161617279 289.900561173757 300.167759259542 313.200255235036 297.054926554362 278.736849625905 268.219669659932 266.185760498047 260.714491208394 252.638300259908 267.617503801982 281.295359134674 293.446441491445 295.994281768799 292.014320691427 292.908728122711 304.383754730225 311.832805474599 321.003337701162 311.369995276133 305.422723293304 299.830635388692 296.18098338445 293.42915614446 291.228890419006 279.137969017029 265.223503112793 228.92560561498 222.83144791921 244.946122169495 268.048028151194 272.043863932292 285.199006398519 266.380548477173 182.933966318766 168.23281844457 180.121580759684 206.303060054779 237.517317136129 229.497035344442 260.403017203013 255.1216284434 264.437814553579 301.467299461365 321.24392191569
283.497929573059 279.736161231995 283.048411210378 295.895675818125 332.913200060527 306.966423988342 284.405648708344 266.928414503733 267.405609289805 275.290588537852 268.880685170492 272.112329800924 287.654836972555 298.398494720459 298.636376857758 299.463550249736 300.788203875224 301.009595394135 305.504580338796 308.841188748678 307.451844215393 300.944745540619 298.298160235087 302.076657613118 300.394475460052 296.170194943746 287.968516349792 276.083509127299 250.72169303894 248.859524726868 273.544947306315 288.25302918752 286.240736643473 300.075809160868 328.028897444407 263.405561447144 198.911150296529 183.889031410217 197.7951725324 239.834825197856 266.593058904012 311.094542344411 262.497186660767 255.964537461599 287.630399068197 300.863007704417
280.519167582194 272.8497783343 276.907761891683 302.359580993652 343.497753143311 304.442505041758 274.716973304749 261.588275432587 267.09242661794 275.30692021052 271.672288576762 272.863705952962 286.589662233988 298.010190327962 303.162773450216 307.168285051982 303.998470306396 291.027824083964 299.780050913493 301.889936129252 300.966322422028 295.876145362854 297.790745894114 301.199316978455 306.698282559713 299.740115801493 295.069436232249 285.700837771098 261.505464712779 255.820790926615 278.918067614237 297.25323120753 295.489569505056 293.772498766581 316.148797671 322.596748669942 235.066334406535 175.686836242676 167.458732922872 213.122725486755 274.910966555278 292.783796787262 256.964723269145 235.737442970276 262.02783981959 274.325430393219
272.906084855398 265.161196390788 273.977120717367 312.737743059794 341.070810953776 300.44545729955 268.269658088684 250.975867112478 249.243855476379 254.032671451569 255.669414997101 261.286576588949 282.968163490295 299.90291595459 303.488294283549 305.173714955648 303.45207452774 290.253480275472 293.70238383611 293.974141279856 296.314497788747 296.029667059581 297.244012355804 301.744103431702 305.587450663249 304.129064083099 301.738460858663 291.522721449534 269.514143466949 264.801164468129 283.626437187195 301.597058773041 297.044277191162 293.350378672282 302.334249019623 323.289235432943 312.922636667887 240.439633528392 191.601395606995 200.582146644592 236.033658186595 249.319911003113 248.099545637767 221.426447232564 232.485850652059 261.742115020752
260.891715685527 271.259943644206 300.624847412109 346.281806627909 348.600745201111 307.05855290095 270.51709095637 242.433150609334 235.15796661377 248.263080914815 241.041700045268 242.248237133026 275.859872500102 297.546645005544 304.092248280843 306.116779645284 308.179974555969 296.932478745778 295.961817105611 298.396070798238 295.846084753672 300.538539886475 301.919142405192 303.560475508372 305.662949879964 309.113085269928 308.435638745626 299.892783164978 282.151917616526 277.319053808848 289.122899373372 301.749169826508 299.204468727112 298.523843288422 301.825086275737 304.333726565043 328.965703646342 341.876864433289 278.535644213359 231.744686762492 217.612723509471 208.344380060832 226.02379322052 224.153717358907 231.562733650208 267.787992954254
279.388646284739 304.10897731781 321.210662523905 325.610895951589 354.817032814026 338.30463886261 303.341289361318 267.072161038717 251.464347044627 264.549354712168 261.305948098501 241.594771544139 261.243939399719 290.596683820089 302.673240502675 307.261884212494 308.478991190592 306.740979353587 299.679338932037 300.132850805918 302.21164226532 304.793079694112 306.468526522319 307.000835736593 306.939760843913 314.795076847076 316.040416558584 313.04927666982 299.591183662415 292.862514654795 295.978426933289 299.461742242177 301.108141740163 305.285811424255 307.321111361186 295.997619628906 304.664075374603 343.50593884786 342.00914700826 284.485121568044 234.665771325429 209.465483824412 210.216581821442 228.408793608348 250.192681948344 280.029773712158
308.348496754964 315.820813179016 304.086327552795 296.236991882324 315.215051174164 338.024854660034 333.866755167643 307.793656984965 283.446113268534 286.09695037206 290.121674537659 265.980760256449 262.283901373545 285.856465498606 302.593489487966 306.241075197856 306.370576222738 309.908509254456 301.303764184316 300.325433413188 306.043028831482 307.061553001404 307.303150494893 307.737350463867 310.304542382558 317.522366841634 321.309189001719 322.731852531433 309.100886185964 299.840450286865 305.872758229574 308.412710825602 304.12636200587 306.483626365662 310.808340708415 300.910035769145 299.957056840261 320.54078578949 326.977570851644 304.172456264496 273.877819379171 233.863075574239 213.188608487447 220.364371935527 244.425892829895 275.905827681224
296.822865804036 288.370132446289 280.718545118968 269.513169924418 269.889096419017 290.98109404246 313.348412513733 312.911868095398 302.848855654399 306.74542983373 305.720229943593 290.153761704763 283.808648586273 291.844626267751 305.129905541738 305.898567040761 305.784026781718 307.570358117421 302.438318729401 303.32491795222 304.952045281728 306.201934814453 306.442618370056 305.344641208649 309.270064036051 315.782328446706 319.199522336324 320.266087849935 312.15496857961 306.764662265778 311.593810717265 309.254169464111 299.081524213155 298.755208651225 303.033034006755 288.107872009277 285.204887390137 286.597609519958 282.297611236572 288.176953792572 297.266999880473 263.242145379384 236.974934736888 225.384891033173 226.983328660329 249.622146288554
289.010425408681 277.797122796377 284.19037659963 269.639074802399 261.44140958786 273.347576459249 300.378044446309 325.947761535645 324.107011159261 313.964784145355 302.412887414296 301.052729288737 308.527529239655 309.086740016937 309.367875258128 308.194041252136 308.645129203796 305.161317189534 305.260757605235 308.03648630778 305.869360764821 306.740562121073 305.133243401845 305.519580841064 306.283791859945 310.505708058675 314.772804578145 313.560525576274 311.253170172373 312.447428703308 312.946120897929 302.39729086558 287.479837735494 292.784750461578 292.098482449849 276.182452837626 276.841123898824 277.066429456075 285.162170728048 308.741847674052 308.320562044779 294.745882352193 273.059626420339 257.260183493296 239.243547121684 232.658962408702
309.767663478851 304.108679294586 313.891212145487 308.64695707957 298.397064208984 303.304731845856 320.481518904368 343.697826067607 339.285254478455 314.909398555756 301.450848579407 310.044328371684 325.144171714783 320.889035860697 315.494259198507 318.340420722961 312.942445278168 309.863448143005 312.220354874929 313.293357690175 309.745033582052 308.375040690104 307.353536287944 308.103402455648 306.189596652985 309.231599171956 309.609929720561 307.80824025472 309.258659680684 315.872311592102 312.731703122457 301.604370276133 288.777788480123 289.641578992208 283.203502496084 278.927107652028 283.935228983561 284.212946891785 296.460886796315 328.152656555176 296.013315518697 281.612753868103 274.02385075887 265.966216723124 249.394098917643 228.145400683085
336.550315221151 333.476781845093 335.542837778727 338.29919497172 329.191009203593 322.776198387146 327.330907185872 342.120051383972 340.37439028422 311.842223008474 305.233061313629 317.815025647481 329.339861869812 322.811822096507 319.409807523092 320.759097735087 325.914800167084 317.56470600764 319.26155090332 319.822351137797 317.115505536397 312.180320421855 310.972332954407 311.020096143087 309.361040592194 307.063579559326 308.584312597911 311.350564161936 313.280542691549 317.031542460124 313.974440097809 304.113229115804 291.648030281067 285.435577233632 278.123279412587 283.309618631999 289.928654829661 288.493752479553 291.707714398702 316.395322481791 287.014742692312 245.299239953359 232.181290785472 226.39520963033 225.916703542074 217.496355374654
350.367824236552 347.004810969035 341.416398684184 342.500249544779 337.300618489583 328.788816928864 325.024545192719 330.382068951925 337.90655930837 319.403429826101 319.462517897288 329.70533768336 328.052838643392 324.549635251363 321.352382500966 323.848148187002 330.885847409566 324.628949165344 321.423212687174 321.404258410136 319.934328397115 315.976818402608 311.913907527924 311.735153198242 310.39963165919 309.498469034831 308.712760607402 313.50839138031 314.448098341624 316.630085309346 315.650363763173 306.337316830953 295.142690340678 278.982043266296 271.155575911204 286.371390024821 296.254515647888 294.093648592631 283.714413642883 300.692121187846 288.471897443136 221.965511639913 191.095153490702 179.615219434102 177.45699485143 184.507230917613
354.689041773478 356.494784355164 355.006178220113 352.481683095296 348.217566808065 341.944018999736 334.157546361287 328.924298286438 331.207633018494 329.679648081462 339.471379915873 339.888095855713 332.265794277191 334.133267402649 326.932688554128 323.427458604177 328.054428100586 330.449004968007 323.453803857168 323.147296905518 319.104035695394 316.771864891052 310.514072577159 312.049031257629 311.282475789388 312.509914239248 311.112662156423 312.41230169932 314.188679059346 314.965347448985 315.294901529948 310.233851273855 289.901256561279 268.070062001546 276.770114898682 298.308412233988 300.896525382996 294.938087463379 278.219024340312 284.119645754496 309.844752152761 266.284982363383 208.653231461843 180.207967758179 168.54190826416 162.926971912384
346.464991569519 349.174658457438 349.010547002157 352.030555407206 356.046954790751 357.883850733439 356.884717941284 353.367328643799 351.288398106893 353.550434112549 350.716551144918 340.93181292216 337.004582087199 332.0219318072 331.293225288391 326.262633005778 327.885905901591 327.692151069641 322.157065073649 320.673108100891 320.863882700602 319.329102834066 317.297677199046 313.080787658691 311.311145623525 310.459713141123 313.254614671071 315.85305929184 317.281305789948 315.161168575287 315.61666727066 311.184505621592 285.544335842133 268.690228462219 290.549119313558 305.190761884054 300.515691439311 296.478231747945 282.957712809245 277.425765991211 313.520491123199 342.074473698934 291.800022125244 238.73515923818 195.99703947703 167.600015799204
