input/barkrak2/radiation/dir15324.grid
NCOLS 85 
NROWS 70 
XLLCORNER 665100 
YLLCORNER 4664600 
CELLSIZE 20 
NODATA_value -9999 
[rows 20 to 39 of 70, columns 0 to 45 of 85]
202.796399593353 195.211291313171 211.417039235433 252.142250537872 246.737500031789 198.546012242635 184.015572071075 188.153386116028 201.059718926748 223.286430040995 236.877818902334 243.251860141754 253.196060657501 267.295718193054 280.284146467845 305.846174558004 329.65749502182 333.009282747904 337.913870811462 344.589312871297 345.975557963053 340.174913406372 339.195966720581 340.751647949219 341.778635978699 342.0170545578 343.884627024333 340.78057607015 336.311419804891 335.888107617696 330.097238222758 319.723645846049 311.616837978363 308.060387770335 306.750734647115 311.182717482249 311.379591623942 313.619832197825 318.057815233866 321.901281674703 321.590582529704 321.646730105082 323.702275753021 318.483511606852 322.655955950419 324.69501097997
228.65237792333 228.518843650818 246.911724408468 277.196764945984 273.96285533905 213.066458702087 194.417715072632 196.033199628194 203.736027081807 217.708309491475 227.728227774302 238.40590318044 246.835847695669 251.719276110331 266.428152720133 287.715236345927 307.554999987284 328.091184298197 333.302279313405 341.111103693644 344.843943913778 348.218560218811 349.560538927714 348.89562924703 345.816055933634 340.947230656942 338.20112546285 334.840218226115 334.174633026123 327.425420284271 311.18510166804 283.494512240092 264.121651649475 262.660086154938 270.291805267334 288.618981838226 295.905490716298 309.960464636485 318.043430646261 318.911870320638 317.269225915273 316.418806711833 310.121595859528 297.27558294932 314.416468143463 322.831948598226
267.88866519928 275.953074296315 284.061431884766 294.11240418752 294.086734453837 246.054351329803 217.838247617086 202.409783999125 201.232194900513 211.638569831848 229.345758756002 237.8169298172 251.945992310842 255.728781223297 266.242265701294 276.320556799571 294.196645418803 308.795511722565 327.743093172709 329.022308190664 331.904093424479 340.463757514954 345.651904741923 345.701773961385 343.1449731191 341.384132703145 337.455987930298 329.38543955485 320.132215817769 300.969163576762 260.041972001394 209.486166636149 188.742955525716 206.143339474996 234.231273333232 258.714119593302 275.476296742757 294.925967852275 306.633949279785 309.693455696106 311.560730139414 312.129934628805 291.145006815592 272.194266319275 296.940743923187 320.232272148132
287.240882714589 290.461281935374 291.686058044434 298.782825469971 298.466563224792 280.465245246887 242.757519086202 211.703797181447 196.069876352946 200.83220799764 225.035965442657 239.775518576304 254.993975162506 268.032113711039 271.944801012675 275.935530662537 290.885190169017 303.031802177429 310.547351837158 314.096609751383 316.066741943359 318.467557430267 329.356829325358 335.674921671549 332.002600034078 324.354529380798 303.166449069977 294.611930847168 269.960562388102 226.282556851705 187.796413898468 165.340850750605 136.698782444 135.655005772909 148.078064123789 184.208412965139 226.820389429728 253.5040974617 269.729773203532 279.625475406647 279.140512148539 264.909625053406 250.828544298808 283.394495646159 281.653622786204 314.14407491684
279.279828071594 281.460444132487 291.587193806966 300.29551188151 292.511681715647 280.891160170237 250.739792982737 227.173566818237 210.112412770589 203.34404706955 218.092878659566 234.641750653585 248.499353726705 264.923294385274 271.265308062236 276.206970214844 284.994502862294 297.894855340322 306.028525034587 306.018511454264 310.968935489655 310.559689998627 306.279758612315 301.2801806132 295.309642950694 292.141656080882 285.142421722412 273.785948753357 240.481734275818 182.603577772776 162.093212207158 160.372684399287 142.063985268275 117.667575677236 109.065065781275 123.763561248779 168.953537940979 207.489371299744 232.839147249858 246.988991896311 237.004995346069 214.527070522308 235.727568467458 300.118803977966 293.099780877431 315.17368555069
273.673017819722 277.722835540771 290.092627207438 297.131578127543 293.199102083842 282.612323760986 259.798387686412 252.383510271708 242.338220278422 227.181653181712 227.054715156555 248.36395184199 260.477423667908 273.430248101552 278.106908003489 277.578194936117 280.970056851705 296.119471391042 300.6711602211 308.246731758118 310.563405354818 297.345260779063 286.126037438711 286.986470222473 287.736773490906 285.717904567719 273.998479048411 260.941545168559 218.308726946513 189.865946769714 188.519557317098 205.181698004405 209.262172381083 182.37574895223 148.566544055939 130.669494469961 146.714508533478 173.761347929637 213.62578868866 230.413476626078 212.144354979197 203.112125396729 245.446900526683 284.901241461436 304.826160271962 326.232532660166
275.576372941335 277.679483095805 286.009669303894 294.146438439687 305.549363295237 291.584392388662 275.331755479177 264.107644557953 262.722134590149 256.970107555389 247.849901517232 265.198826789856 274.877806504567 288.201769193013 288.692434628805 284.421503543854 285.410205523173 297.086278597514 297.045807043711 305.498321851095 302.683770656586 299.473245938619 293.312768141429 291.310350100199 288.960079352061 285.025179386139 272.899687290192 261.418422063192 225.322167078654 219.409743944804 241.119027137756 264.604131380717 268.976430098216 280.311008294423 258.577863375346 173.683663209279 159.740636746089 171.350042025248 196.951746940613 228.426973025004 221.409996350606 252.710858980815 248.67175022761 263.177692890167 295.59059937795 314.795931180318
279.767990112305 276.043295860291 279.24241622289 290.470401446025 326.868653297424 302.805642286936 280.514975388845 264.025588830312 264.541705449422 272.061149279277 266.682902971904 269.784073034922 281.446834405263 291.513760884603 294.996321201324 294.108986854553 291.508575280507 289.902528127034 297.121942043304 303.831458091736 300.738235314687 292.818009853363 289.988319079081 294.66183980306 295.478304227193 291.871388753255 281.969865163167 272.4423011144 248.432437578837 246.794939041138 270.956953366597 285.524586836497 284.177819887797 298.059682051341 322.457094987233 254.500190416972 190.149664878845 175.418734550476 189.311901728312 231.708188851674 258.866131305695 305.8207432429 260.355015595754 253.680765628815 282.238761583964 293.524543444316
277.045607566833 268.94748210907 272.907773653666 296.917696793874 338.446537653605 301.412483056386 271.320442358653 258.453567822774 263.587673505147 273.292899131775 268.64888270696 267.128626505534 283.522645632426 292.865633964539 298.286120096842 298.486193021138 289.558410644531 285.22797425588 292.779564857483 296.685258547465 292.326072851817 289.314329624176 289.500117301941 295.032938321431 298.158526420593 295.328140258789 290.846506754557 280.650039513906 259.370426336924 254.368126392365 277.223646640778 295.386850833893 294.130166371663 292.498230934143 313.685675462087 315.623561541239 225.532134373983 166.561017433802 156.701326370239 201.106051603953 267.712752024333 286.111990610758 251.539051532745 229.686876138051 255.435625712077 267.954389254252
269.753515720367 261.182725429535 269.704818725586 307.302753130595 335.329572359721 297.548333803813 264.129439989726 246.449510256449 243.969599405924 250.440716743469 249.438722928365 255.306522051493 276.658892631531 293.120185534159 294.357419013977 296.747426191966 296.179930369059 285.187304019928 287.999371687571 290.240705013275 287.364224592845 290.772656599681 290.137648582458 296.862324078878 299.386064211528 296.685437361399 298.996190230052 286.410431067149 266.348123550415 263.263503710429 282.351851463318 300.312081972758 295.621812343597 292.271653811137 301.450252532959 320.745587348938 305.712381998698 230.922639369965 182.432274023692 191.65176153183 230.003555615743 243.993202845256 241.403738657633 214.195430278778 226.999163627625 252.811292807261
258.061329523722 268.126964569092 297.679007053375 343.477487564087 344.469348589579 302.716771761576 265.560726324717 238.906741142273 231.164733568827 242.044647534688 237.09491888682 236.086547374725 270.307262738546 290.767510732015 297.145485877991 301.316221555074 301.345407962799 291.227300961812 288.682500521342 291.147172451019 290.38679599762 295.375565687815 296.311815579732 298.666854699453 302.1000623703 303.25577656428 304.354250431061 296.008070309957 278.732200463613 275.688966115316 288.157264391581 300.788501898448 298.127591609955 297.808051109314 301.574865976969 304.283877213796 326.680123806 336.492339769999 270.315368970235 223.216017087301 210.939804712931 202.543099721273 218.838135401408 216.606994469961 222.878396511078 253.144760926565
276.670257250468 302.337229251862 321.179111798604 326.56055688858 354.104399681091 335.307876269023 298.636972904205 261.609653631846 246.034185091654 261.151274045308 255.449990431468 235.961278279622 255.662739276886 285.294751326243 297.851463158925 302.541534105937 301.623781522115 297.901272773743 294.065833091736 294.654369354248 296.634554862976 299.794316291809 301.579058170319 300.246516863505 303.395311037699 310.410777727763 310.217499732971 309.571544329325 296.298603216807 290.991564591726 294.856647650401 298.706312974294 300.480047861735 304.817318916321 307.394921779633 295.789976914724 304.206947485606 341.1465883255 336.686372756958 275.91876188914 227.334956328074 201.716979344686 203.059534231822 221.128543217977 243.039647738139 271.446386973063
307.663977146149 316.629151503245 306.5265417099 298.961321512858 317.549586296082 338.499307632446 333.308756351471 305.008788903554 282.092571258545 284.190138181051 285.712202390035 261.54750585556 256.896436214447 280.426979064941 299.452424049377 301.502803961436 301.271557807922 304.735561211904 295.826117197673 294.682403405507 300.498425960541 302.066485087077 303.626000881195 300.943970680237 303.792893886566 313.029070695241 317.39604473114 317.715922991435 306.076526641846 297.725141048431 304.26158507665 307.369589805603 303.294082482656 305.44106165568 309.604386488597 299.487074216207 298.854827880859 318.159580230713 321.601390838623 296.312053998311 266.489942868551 226.309696833293 206.341703732808 215.975324312846 235.023538271586 268.957575162252
298.894981543223 291.621426741282 284.372548262278 273.338119188945 273.894627888997 294.51576868693 315.219362576803 312.753399213155 302.679498990377 303.692082564036 302.67991622289 289.197127024333 279.340863227844 288.886388142904 301.796555519104 304.288109143575 300.480047861735 303.884824117025 296.687225500743 299.342632293701 299.618124961853 302.326162656148 299.434145291646 298.362632592519 302.625974019368 306.903521219889 315.248906612396 314.737518628438 308.598001797994 304.640809694926 309.565325578054 307.9714179039 297.192215919495 296.20349407196 300.349235534668 285.170078277588 282.442986965179 282.884339491526 276.28489335378 280.430257320404 289.195577303569 258.292098840078 230.431973934174 218.446592489878 219.929496447245 243.206302324931
292.07177956899 281.590104103088 287.858863671621 273.675878842672 265.684207280477 277.340531349182 303.519527117411 327.435274918874 322.579383850098 311.333854993184 300.201892852783 300.746083259583 306.931972503662 304.105222225189 305.591384569804 303.068896134694 303.146421909332 299.527327219645 299.46247736613 304.014960924784 301.79351568222 299.640556176503 296.297033627828 298.111319541931 301.35170618693 304.081380367279 308.890779813131 307.071328163147 307.289759318034 309.344987074534 310.359954833984 300.549944241842 285.345117251078 290.289203325907 289.24967845281 272.845586140951 273.737589518229 273.773153622945 280.299544334412 301.539679368337 301.113824049632 289.009769757589 267.386853694916 248.500645160675 232.829451560974 223.123828570048
312.067727247874 306.785841782888 316.243429978689 311.19966506958 301.100631554921 305.622299512227 322.197477022807 344.06578540802 337.656776110331 314.399282137553 299.568812052409 307.70868062973 320.848723252614 316.06670220693 310.255269209544 313.256164391836 309.144655863444 304.072737693787 306.607127189636 306.317845980326 305.233597755432 299.500425656637 299.85249042511 302.583694458008 301.297883192698 302.711069583893 305.014451344808 301.914691925049 304.782867431641 311.833222707113 309.675057729085 299.422164758046 286.945859591166 287.705540657043 280.338923136393 275.883873303731 281.026164690654 281.654477119446 293.21151971817 321.65390253067 288.902382055918 275.740663210551 265.787204106649 256.921609242757 242.44765440623 220.925291379293
336.933215459188 334.090312321981 336.121757825216 338.637590408325 329.865614573161 323.55143626531 328.25889190038 342.729449272156 339.348355929057 311.838368574778 303.177615006765 314.097126324971 326.917171478271 320.57644923528 312.594294548035 315.626899401347 319.381713867188 311.647613843282 310.984929402669 312.798182169596 309.878508249919 306.44824107488 303.430199623108 305.5206934611 303.787350654602 301.546295483907 303.930163383484 305.589238802592 307.89989233017 313.180406888326 311.591982841492 302.034695943197 289.518515268962 283.814330895742 275.709529717763 280.726313591003 287.094016869863 286.326189835866 289.342025915782 310.809393723806 278.745075066884 237.675825754801 224.44756825765 218.597213427226 218.152364095052 209.894319375356
349.265058835347 346.211314201355 342.199246088664 343.046307563782 337.344408035278 329.376538594564 326.229135195414 331.738114356995 338.080525398254 319.678882757823 317.077736059825 325.666010379791 324.510057767232 319.12358601888 315.844217936198 315.865774949392 323.431213696798 317.714810371399 315.744996070862 315.928896268209 314.452211062113 310.36239862442 305.196801821391 306.170841058095 306.728740533193 302.967806657155 304.118275642395 309.285203615824 309.808572133382 311.588486035665 313.010255495707 304.352442423503 292.320609092712 277.190089225769 268.740753332774 284.231384595235 293.83659362793 291.961252689362 282.08069006602 296.93603515625 279.768347740173 213.059624036153 182.405809561412 168.129940827688 168.396532535553 175.78121026357
351.136724154154 353.517293930054 352.540095647176 350.458900133769 346.948862075806 341.643373171488 334.896445274353 330.319364865621 332.68133799235 329.150259494781 336.689233779907 334.707975387573 325.996557871501 327.832420667013 320.045431454976 315.240025520325 323.4743475914 322.790741920471 317.703525225321 316.651920477549 314.356525739034 311.034739017487 305.645783742269 305.387596289317 306.645135084788 307.141045729319 305.831551551819 308.125654856364 310.17675002416 311.216413974762 311.672846476237 308.037221431732 288.197259108226 265.888571739197 274.371524651845 296.329438686371 299.388249715169 293.895026048024 276.673436164856 282.394528388977 303.728620211283 257.062951723735 199.232359727224 169.177075227102 158.370623985926 155.013531446457
341.215451558431 344.244003295898 344.99446551005 347.577412923177 352.478186289469 355.48202196757 355.404337247213 352.551341056824 350.595672925313 351.388851801554 347.162445386251 336.017966270447 330.448269844055 325.353145599365 324.849565823873 319.52170530955 321.442504723867 321.900904178619 316.102306048075 315.264642238617 314.364314079285 316.04540348053 312.680244445801 307.245453198751 304.690579573313 306.72013759613 308.783094088237 309.921781222026 311.693549156189 311.883350213369 310.442288716634 308.088620503743 283.490300178528 266.619106133779 289.067367712657 303.751826286316 299.655377864838 295.011957486471 281.572083632151 277.230322360992 311.948815981547 336.228768030802 283.26956431071 229.604820410411 185.447732607524 157.332867383957
