input/barkrak2/radiation/dir16824.grid
NCOLS 85 
NROWS 70 
XLLCORNER 665100 
YLLCORNER 4664600 
CELLSIZE 20 
NODATA_value -9999 
[rows 40 to 59 of 70, columns 0 to 45 of 85]
344.111561775208 344.756921132406 344.722628593445 346.320072809855 350.206653277079 352.706034978231 354.679703712463 356.815576553345 356.867671012878 351.182182629903 344.170133272807 341.058135032654 338.785370190938 335.988521575928 333.051741123199 332.614064216614 331.278363863627 329.712828000387 323.726534843445 322.393894195557 324.073791503906 324.926058451335 324.294030666351 320.261100927989 316.989362239838 314.631621042887 319.469650586446 320.097883542379 320.372700691223 319.742639859517 319.137513637543 314.386407534281 288.742164770762 283.382455507914 303.858757019043 304.152528444926 295.518676439921 295.830945173899 295.804917812347 283.675253391266 291.863183180491 331.955313682556 352.607528368632 309.924026330312 251.024564107259 206.531663735708
348.132371902466 346.61869208018 346.763372421265 347.366809844971 345.632632573446 344.390829404195 344.245274861654 345.324675242106 348.241885503133 343.558748563131 339.2360607783 339.60489432017 339.85447883606 339.057048161825 337.138811747233 334.82301235199 329.32452360789 334.409952163696 332.129001617432 327.165762583415 327.864547570546 327.643175919851 325.957894325256 325.700700283051 325.430393218994 320.713261763255 323.389410972595 322.778344154358 322.249948978424 322.434624036153 321.294943491618 315.182149410248 295.815030733744 294.740001360575 305.778404076894 296.949545542399 282.714168230693 283.488790194194 291.158775488536 295.566201210022 308.626810709635 321.016252040863 335.105180740356 335.198005040487 293.535431226095 243.552327156067
349.884589513143 348.113616307576 350.191076596578 349.272688229879 345.558404922485 344.286521275838 344.13754940033 343.427856763204 343.79788239797 341.123104095459 338.708718617757 338.813583056132 340.255419413249 341.496030489604 339.138587315877 337.718923886617 333.504279454549 335.636933644613 335.747440656026 330.288350582123 329.613407452901 326.387127240499 323.183417320251 324.828426043193 326.677004496257 323.214968045553 319.957256317139 321.524997552236 322.301069895426 321.403563022614 319.845159848531 312.504967053731 303.01837126414 303.781727949778 302.573800086975 286.365707715352 271.568258603414 277.71117289861 293.038566907247 305.248459180196 313.17526102066 311.122536659241 307.655175526937 313.389738400777 299.375573794047 249.917328357697
342.479268709819 344.160954157511 348.544994990031 347.007274627686 347.732384999593 348.778963088989 349.226196606954 348.410526911418 342.887242635091 340.743859608968 341.92943572998 340.149521827698 339.638988176982 339.866121610006 340.535004933675 336.780468622843 336.341182390849 336.612304051717 337.412476539612 333.19091796875 328.969577948252 327.843606472015 325.214982032776 324.124177296956 323.305984338125 324.540019035339 319.813768068949 320.152640342712 321.48532072703 319.551785786947 315.104126930237 309.095064798991 308.00457795461 308.196028073629 294.538021087646 271.980186303457 267.362753550212 281.486709912618 301.167170206706 306.058605511983 306.190431118011 301.856319109599 294.189651807149 292.855163415273 287.352522214254 257.028937339783
342.359224955241 345.784266789754 347.088774045308 346.862236658732 347.850720087687 348.891377449036 348.821878433228 346.549073855082 344.290653864543 342.695275942485 342.925310134888 341.874639193217 338.007767995199 336.42586072286 335.36958694458 334.465742111206 332.57532119751 335.861961046855 335.992217063904 335.057497024536 331.601878007253 329.325159390767 327.941616376241 327.374617258708 322.936276594798 327.269117037455 326.203564802806 323.250412940979 319.518307844798 316.597938537598 310.392757256826 305.506606896718 303.963601589203 299.583693345388 286.588509877523 269.918342431386 271.161297957102 287.173807621002 302.730619907379 301.310737927755 302.79153585434 295.277973016103 282.717764377594 278.159240881602 279.35924132665 268.775105476379
346.042037010193 348.252693812052 346.668124198914 347.875038782756 347.098429997762 346.815506617228 347.571055094401 346.605658531189 347.066640853882 345.327496528625 344.301780064901 342.157403628031 339.867830276489 336.394985516866 334.869503974915 338.619430859884 332.636555035909 335.071881612142 337.363282839457 335.612614949544 333.035091559092 331.645687421163 330.16973733902 329.824805259705 327.722509702047 326.660056908925 327.608625094096 324.985245863597 320.171296596527 316.746830940247 310.399115085602 306.118130683899 303.699334462484 294.527312119802 279.070099194845 264.502902825673 269.756515820821 287.198503812154 294.891615708669 288.99610042572 294.604500134786 286.276658376058 274.404088656108 277.107715606689 287.874579429626 279.724438985189
346.054156621297 346.785306930542 347.84726301829 348.403334617615 347.582300504049 347.760756810506 348.138213157654 348.970770835876 347.153941790263 347.027063369751 345.097899436951 344.85920270284 342.13916460673 340.687076250712 339.464743932088 340.561588605245 339.269002278646 334.936181704203 337.928970654805 336.447715759277 333.882292111715 333.276808261871 330.372015635173 325.328608353933 329.139272371928 324.673076470693 322.457591692607 322.024305661519 319.964826107025 316.74067179362 311.736385027568 308.084229628245 301.984786987305 291.131595770518 277.555664380391 266.181349754333 273.767312367757 286.652505397797 284.658153851827 286.570509274801 293.373068173726 282.322307427724 277.942816416423 284.905215104421 294.098734855652 286.320209503174
343.562285105387 344.315926233927 347.039620081584 346.773584683736 348.101655642192 348.621964454651 347.885926564534 347.429315249125 346.394220987956 348.134120305379 346.104423205058 344.518780708313 342.930197715759 343.135635058085 342.096010843913 340.8016761144 339.337825775146 333.635648091634 336.053411165873 336.180448532104 331.887344519297 329.571187496185 331.831773122152 324.304103851318 325.870255629222 323.163231213888 319.010158379873 318.106869856517 317.812879880269 315.703928470612 311.077177524567 308.523237705231 299.843351046244 295.552313327789 288.547456264496 275.615334510803 278.237660725911 285.52242120107 287.456353505452 293.922523657481 291.288594404856 284.100731213888 285.933434963226 286.780416965485 286.465386549632 278.360525767008
339.864532152812 341.741840044657 344.039003054301 344.958384831746 347.898721694946 348.668813705444 346.49380048116 345.837036768595 347.47326374054 348.689635594686 347.866932551066 345.399618148804 344.869017601013 344.41606203715 343.292713165283 339.816649754842 337.245464324951 333.836952845256 334.024786949158 334.271311759949 334.298610687256 331.447641054789 331.400116284688 325.839837392171 321.651299794515 325.105309486389 321.6526110967 320.709069569906 322.101970513662 319.388329982758 318.645755449931 315.461218357086 305.655539035797 306.218822797139 298.003772894541 280.503690242767 280.855456988017 288.936456044515 293.493211269379 293.590267499288 284.294605255127 281.790137290955 280.779242515564 275.51281452179 272.991279760997 272.593239943186
339.308381080627 337.996562321981 340.071002642314 343.698183695475 346.421003341675 346.947352091471 347.295999526978 348.796844482422 349.732398986816 347.661137580872 348.597923914591 348.802129427592 346.632122993469 345.573902130127 343.90131632487 339.651862780253 337.74467309316 334.247469902039 333.749691645304 336.24005317688 336.151321729024 333.189109961192 330.399413903554 329.195082187653 324.134071667989 325.84136724472 323.3442902565 323.547780513763 323.661903540293 325.196325778961 323.426465193431 318.52791706721 311.996340751648 310.85067987442 302.183349927266 285.640339056651 279.340147972107 287.426789601644 293.147603670756 284.203946590424 273.017207781474 276.648720105489 276.498854160309 270.830750465393 270.31813065211 274.118999640147
339.42989508311 340.731581052144 342.456857363383 345.312476158142 344.968398412069 345.02633412679 348.009785016378 350.287357966105 350.318988164266 350.421547889709 349.724173545837 349.74992275238 347.524682680766 344.743291536967 343.905051549276 344.636956850688 338.494221369425 335.45728524526 335.32456556956 336.831251780192 334.896683692932 332.651038964589 329.758743445079 325.859268506368 322.656412919362 323.569198449453 322.419583797455 321.847975254059 323.415497938792 325.589716434479 326.025704542796 320.082863171895 311.694423357646 308.484931786855 299.386699994405 285.499473412832 280.672490596771 284.945964813232 284.569521745046 272.709310054779 269.756476084391 280.796905358632 279.716451962789 272.013465563456 271.194299062093 266.620357831319
339.605847994487 344.601551691691 345.014731089274 346.453746159871 344.790935516357 344.495415687561 348.21613629659 349.837740262349 349.834084510803 351.988593737284 350.353995958964 349.31747118632 347.603321075439 344.635009765625 343.055526415507 345.516403516134 341.461896896362 334.735552469889 330.792148907979 331.293006738027 329.448282718658 329.547127087911 325.362304846446 322.17413187027 317.56728887558 317.809681097666 319.843610127767 319.486558437347 319.865743319194 320.013264815013 322.879731655121 318.630476792653 305.899779001872 297.09001382192 273.791948954264 261.258641878764 271.527866522471 279.295384883881 277.610659599304 277.474502722422 285.314281781514 288.764953613281 273.20263783137 265.09161790212 273.001233736674 261.564294497172
339.854677518209 339.258670806885 338.647683461507 340.786457061768 343.500693639119 346.102396647135 346.436460812887 348.457256952922 348.444978396098 349.794228871663 349.179824193319 349.158008893331 349.14485613505 345.203002293905 342.349529266357 340.115904808044 341.415882110596 332.992811997732 327.390789985657 325.323482354482 324.51730966568 324.302573998769 321.497758229574 316.970467567444 316.55619541804 311.678369839986 311.962723731995 311.81005636851 308.488885561625 308.720012505849 311.67995929718 312.535007794698 289.181510607402 265.687306722005 240.401903788249 230.512738227844 244.226336479187 268.385092417399 282.66712029775 278.121987978617 278.566400210063 273.997584978739 262.043654918671 264.57933584849 269.016802310944 246.041655540466
342.614452044169 337.00156211853 335.393905639648 337.923844655355 344.500382741292 347.929716110229 347.654819488525 347.596804300944 347.994009653727 347.244620323181 348.454157511393 347.8049437205 347.63240814209 347.108562787374 340.614477793376 338.829080263774 338.929454485575 330.557664235433 325.01353820165 325.674633185069 324.564735094706 321.634411811829 319.913327693939 314.155538876851 312.509795029958 310.86403131485 309.789876143138 309.340000152588 307.7206214269 302.152832349141 296.462257703145 289.576808611552 266.536136468252 240.921835104624 231.916546821594 228.617389996847 221.684078375498 232.111136118571 247.532765070597 266.161878903707 271.19767665863 261.765440305074 257.635851701101 261.003752549489 251.832167307536 231.674234072367
343.603213628133 339.852571487427 337.761759757996 340.223391850789 344.979763031006 348.427414894104 349.076708157857 346.733411153158 348.790327707926 346.222082773844 346.959114074707 346.793572107951 346.530795097351 346.104542414347 340.50190448761 339.34207757314 337.026794751485 329.297224680583 324.956953525543 325.825154781342 325.534383455912 322.187900543213 321.764906247457 317.633907000224 314.191937446594 313.043971856435 311.018466949463 308.765133221944 305.591861406962 301.068107287089 290.061096350352 281.495670477549 257.772823174794 243.819117546082 247.681756814321 251.42244497935 244.907935460409 236.323078473409 227.191249529521 234.604398409526 249.896188577016 242.593288421631 236.293037732442 230.502764383952 226.135452588399 222.090780735016
345.196803410848 343.846082687378 340.82825978597 338.70001633962 341.822703679403 347.641309102376 348.286390304565 345.789670944214 345.553914705912 347.691456476847 348.126808802287 347.60308265686 344.851811726888 343.930800755819 338.947176933289 337.334314982096 336.845755577087 332.549889882406 327.952643235524 326.523780822754 325.074394543966 322.995662689209 321.957965691884 321.378807226817 317.935029665629 315.902352333069 311.868925889333 303.735057512919 300.27574300766 294.40959294637 292.058050632477 286.534051100413 265.202462673187 257.876217365265 261.693676312764 269.236922264099 280.659417311351 277.353386084239 261.067668596904 231.799403826396 230.561912059784 231.172521909078 228.310982386271 226.596295833588 232.279817263285 237.984299659729
346.549352010091 346.271395683289 344.519853591919 340.8442735672 338.147719701131 343.381325403849 346.508105595907 345.810810724894 343.072334925334 344.956119855245 347.756822903951 345.948298772176 341.907660166423 341.431736946106 339.069843292236 335.066119829814 335.38035551707 333.252529303233 329.573849836985 328.359544277191 326.878428459167 324.971000353495 321.597317854563 320.032060146332 315.780103206635 312.884430090586 301.949342091878 283.985495567322 277.641256650289 282.363216082255 290.0710105896 284.93732213974 266.952256361643 259.547829627991 266.153454780579 276.112874348958 292.296091715495 301.145990689596 292.368829250336 261.413991451263 235.780119895935 238.09011777242 245.187878608704 256.128748257955 266.404628753662 269.437213738759
345.977862675985 344.460765520732 345.622460047404 342.591643333435 338.074604670207 340.677301088969 344.324111938477 344.129323959351 342.872103055318 338.193655014038 343.871394793193 342.854936917623 339.657227198283 340.373794237773 339.989900588989 334.623336791992 333.981037139893 331.104636192322 327.936907609304 329.762021700541 326.91764831543 327.480892340342 321.887969970703 317.415197690328 316.486934820811 315.800289312998 301.922520001729 284.902632236481 284.348547458649 288.831194241842 294.96955871582 287.657221158346 274.864256381989 273.663242657979 285.496493180593 288.272897402445 294.363121191661 283.652782440186 252.316375573476 243.618965148926 254.7780474027 264.508446057638 259.554505348206 253.369530042013 255.055844783783 265.756209691366
339.964350064596 343.656778335571 343.446373939514 342.638770739237 339.633266131083 336.585998535156 343.873739242554 343.082825342814 339.436928431193 334.572911262512 338.678399721781 342.125018437703 340.255896250407 336.673696835836 336.286425590515 333.344976107279 331.589738527934 330.648322900136 328.959822654724 328.990578651428 328.656613826752 325.857897599538 324.239770571391 319.897135098775 318.807701269786 319.490691026052 313.719173272451 311.391452948252 307.755510012309 303.739349047343 299.324711163839 289.273103078206 285.344004631042 283.081809679667 279.649138450623 266.28710826238 248.116115729014 213.751355806986 196.838398774465 233.606000741323 269.084354241689 270.494818687439 249.590754508972 244.723320007324 257.759590943654 271.735827128092
333.305478096008 341.744820276896 341.162006060282 338.70522181193 338.093519210815 334.791302680969 335.786898930867 341.110785802205 341.163555781047 336.310466130575 338.324824968974 339.404543240865 340.316931406657 337.304353713989 335.869908332825 333.863973617554 329.38285668691 326.462268829346 323.683043320974 322.23387559255 325.158317883809 323.900818824768 322.666605313619 320.753455162048 320.611476898193 323.278228441874 323.41746489207 325.983325640361 310.970584551493 308.882435162862 299.396554629008 287.848750750224 285.682837168376 268.152296543121 239.444573720296 211.955110232035 196.343839168549 188.927531242371 185.399035612742 210.200111071269 237.235804398855 254.142900307973 251.394311587016 263.468484083811 294.303953647614 304.402510325114
