input/barkrak2/radiation/dir16524.grid
NCOLS 85 
NROWS 70 
XLLCORNER 665100 
YLLCORNER 4664600 
CELLSIZE 20 
NODATA_value -9999 
[rows 0 to 19 of 70, columns 0 to 45 of 85]
356.652895609538007 358.646829922994 357.289632161458 351.81450843811 345.602552096049 340.718229611715 332.62312412262 326.439539591471 331.632614135742 330.175975958506 326.900581518809 335.237264633179 342.096487681071 341.900706291199 344.934026400248 355.778177579244 360.188086827596 357.864379882812 339.86222743988 329.692939917247 306.055426597595 299.480537573497 315.255840619405 321.55176003774 318.577289581299 314.640581607819 314.627548058828 307.391961415609 288.553714752197 281.005124251048 280.161162217458 283.903876940409 291.151205698649 296.754519144694 305.422087510427 297.988851865133 294.19751962026 301.931897799174 299.654126167297 302.321533362071 292.501012484233 272.471149762471 282.937407493591 310.247143109639 315.671980381012 305.719176928202
351.120551427205 355.993707974752 357.403039932251 354.039748509725 351.131478945414 346.191644668579 334.885636965434 323.730250199636 326.395293076833 328.288614749908 322.982569535573 329.911986986796 339.650710423787 341.258446375529 339.533607165019 347.228328386943 344.093481699626 343.711614608765 342.168172200521 335.181832313538 318.790634473165 308.181822299957 312.22140789032 317.741235097249 316.110610961914 311.771551767985 310.209234555562 305.872976779938 291.676580905914 281.46223227183 282.418886820475 290.808002154032 287.258187929789 290.982782840729 303.862929344177 296.091397603353 288.616120815277 290.939807891846 286.213457584381 300.521572430929 298.889696598053 285.97217798233 293.519715468089 314.221441745758 320.448180039724 308.454255263011
333.247760931651 334.380427996318 336.742321650187 339.147249857585 346.23905022939 348.324100176493 347.094456354777 340.763171513875 335.264007250468 331.080694993337 322.918832302094 323.056956132253 330.805242061615 332.839647928874 328.945736090342 332.286417484283 335.917393366496 340.355515480042 343.802928924561 341.014583905538 335.478981335958 324.924051761627 315.675357977549 313.938399155935 315.7719373703 315.739790598551 310.312529404958 304.213364919027 292.984803517659 280.424654483795 277.568856875102 288.989861806234 276.217103004456 282.854715983073 298.355638980865 292.639315128326 276.634593804677 269.337912400564 281.534552574158 301.137924194336 303.538044293721 303.683082262675 306.449135144552 321.762502193451 332.144618034363 317.471663157145
319.646735986074 314.15992975235 317.325234413147 321.127692858378 322.598139444987 322.694301605225 323.520441850026 330.946226914724 339.398582776388 341.452439626058 337.092041969299 333.601673444112 333.280026912689 332.464635372162 328.370034694672 322.232127189636 325.210611025492 331.110735734304 337.899128595988 340.092301368713 338.10035387675 335.692723592122 333.702484766642 326.320131619771 323.793848355611 325.571695963542 319.373766581217 310.52170197169 301.603476206462 291.433612505595 281.296630700429 287.395377953847 274.58264430364 281.471610069275 289.192299048106 290.354410807292 283.491353193919 280.192891756694 299.742480119069 314.101696014404 311.524172623952 304.57603931427 300.23713906606 308.314641316732 320.410629113515 322.429656982422
330.266912778219 317.981362342834 308.175762494405 297.669609387716 294.72154378891 305.045445760091 319.070935249329 325.415770212809 329.989810784658 333.623687426249 340.875109036763 344.764828681946 344.398736953735 342.928647994995 339.807391166687 336.723566055298 334.965507189433 331.077059110006 334.087530771891 339.362899462382 338.514089584351 338.448405265808 340.588013331095 335.001071294149 330.501079559326 329.396406809489 323.811729749044 315.033078193665 305.778602759043 300.256888071696 298.234184583028 294.569909572601 286.59975528717 289.623002211253 287.47695684433 291.498243808746 301.799297332764 307.691256205241 317.900458971659 323.721925417582 321.734070777893 313.707629839579 304.99146382014 300.3910779953 306.275208791097 328.284700711568
352.360169092814 338.378707567851 319.735527038574 295.102020104726 286.902228991191 294.138014316559 313.615997632345 324.702262878418 326.808969179789 326.009432474772 331.908166408539 338.680624961853 342.763026555379 345.180908838908 346.098343531291 345.382293065389 341.81022644043 334.360043207804 332.550644874573 335.656841595968 335.426410039266 338.403860727946 343.615969022115 340.762416521708 336.085279782613 334.698915481567 328.329463799794 318.824172019958 308.129370212555 301.048974196116 299.956361452738 295.334815979004 300.125340620677 306.824306646983 300.719896952311 297.955195109049 306.340177853902 314.279238382975 318.986157576243 319.302618503571 320.384502410889 316.580335299174 313.583413759867 312.642614046733 311.463256676992 318.635185559591
354.254762331645 344.823082288106 334.209203720093 320.509950319926 305.731177330017 295.669615268707 301.847835381826 321.512897809346 328.392863273621 332.953135172526 331.463237603505 327.391564846039 324.938416481018 322.745581467946 324.186265468597 332.721551259359 336.701591809591 340.948780377706 341.85250600179 341.142098108927 336.553692817688 332.313100496928 339.917023976644 341.939846674601 339.841683705648 340.526660283407 337.16098467509 328.974763552348 318.34481159846 310.678482055664 305.023610591888 305.508136749268 320.532063643138 327.307343482971 324.221352736155 316.955188910166 315.460324287415 319.555024305979 323.222796122233 329.140543937683 329.48112487793 325.232605139414 320.986906687419 314.542134602865 300.154407819112 293.396790822347
347.463448842367 348.019560178121 347.010533014933 341.880400975545 330.553531646729 310.598313808441 290.459950764974 294.010857741038 317.68004099528 331.78848028183 335.58976650238 333.239038785299 328.470826148987 323.186775048574 315.352598826091 316.379288832347 324.337065219879 333.17506313324 342.781225840251 346.340417861938 344.913880030314 337.68097559611 337.41549650828 340.871294339498 341.154853502909 343.587358792623 342.680732409159 338.175177574158 331.220845381419 326.457937558492 322.839041550954 323.211510976156 333.944876988729 338.095267613729 337.167739868164 332.959214846293 327.163537343343 323.796391487122 318.007429440816 325.679779052734 333.808422088623 337.037960688273 335.197369257609 325.039803981781 308.099170525869 291.63122177124
345.544576644897 346.303820610046 347.054560979207 346.116383870443 341.597636540731 332.532505194346 314.179301261902 290.948450565338 298.244595527649 316.463053226471 329.684098561605 333.491722742716 332.823057969411 331.698954105377 326.711436112722 322.536051273346 320.889910062154 323.796967665354 332.23819732666 339.78537718455 345.61018149058 346.479614575704 343.531688054403 341.071168581645 341.510693232218 344.391107559204 345.348795255025 343.242724736532 340.601642926534 340.558091799418 340.031544367472 338.955918947856 341.691335042318 343.130509058634 341.265439987183 338.903228441874 335.679451624552 327.45627562205 313.400626182556 316.940049330393 331.91454410553 334.344466527303 330.197076002757 326.744834582011 317.782918612162 308.528900146484
337.881724039714 341.60057703654 342.558185259501 342.939098676046 342.097798983256 343.160112698873 336.489280064901 325.908303260803 303.842167059581 297.744313875834 307.337502638499 324.351906776428 335.584282875061 339.32093779246 341.024835904439 338.185707728068 330.338100592295 327.516357103984 325.776358445485 327.81191666921 332.946936289469 335.320870081584 337.906161944071 339.497447013855 340.728282928467 342.761437098185 344.434261322021 343.193133672078 342.387398084005 344.49315071106 345.291058222453 345.223744710286 346.736152966817 348.1338818868 345.937331517537 341.841022173564 340.147574742635 335.171302159627 316.886941591899 312.244673569997 325.048824151357 325.319131215413 323.218782742818 322.377840677897 314.372539520264 305.0829966863
310.288329919179 318.676312764486 325.837870438894 330.991685390472 335.457722345988 339.161952336629 341.538667678833 341.0271803538 326.635301113129 307.688136895498 296.916206677755 301.952362060547 321.516950925191 335.540612538656 341.679652531942 337.566693623861 334.246834119161 332.295378049215 326.644519964854 323.265592257182 323.552926381429 323.29781850179 323.894699414571 330.611328283946 335.727294286092 338.885029157003 339.807828267415 339.881936709086 341.460506121318 343.09188524882 344.544649124146 345.560312271118 348.761320114136 349.801341692607 348.243872324626 345.008452733358 343.758662541707 343.180616696676 330.967863400777 317.625323931376 320.986966292063 324.662586053212 326.429804166158 326.555768648783 318.672776222229 309.606552124023
278.88556321462 283.213019371033 289.119044939677 298.69814713796 311.115463574727 321.41516606013 332.564612229665 335.952242215474 336.816708246867 328.826705614726 311.994989713033 296.644310156504 298.255721728007 316.011687119802 332.046290238698 332.403024037679 336.703459421794 335.971117019653 331.194996833801 325.092315673828 320.775349934896 317.466159661611 317.5368309021 323.484003543854 328.023910522461 330.278337001801 331.509013970693 333.804448445638 336.578647295634 338.825146357218 340.860684712728 344.111998875936 347.483396530151 348.255236943563 346.809029579163 345.74302037557 347.197016080221 347.55273660024 344.069480895996 333.410501480103 330.577532450358 333.369294802348 336.540142695109 336.698333422343 330.356597900391 328.015128771464
268.882850805918 265.187303225199 263.219952583313 263.257066408793 269.99302705129 283.915579319 302.536229292552 318.002601464589 335.549672444661 337.59327729543 331.644217173258 317.299048105876 296.520988146464 294.668515523275 311.371366182963 328.511873881022 337.784886360168 338.099400202433 335.991581281026 331.595698992411 326.374967892965 325.43687025706 325.155735015869 325.807571411133 324.438770612081 323.285698890686 326.087097326914 331.29878838857 333.104193210602 333.928465843201 335.931181907654 339.2067750295 340.864539146423 341.703613599141 341.874122619629 343.128522237142 347.997744878133 350.091099739075 349.097013473511 346.694707870483 344.192385673523 343.413988749186 342.930316925049 342.278957366943 336.329102516174 333.101848761241
264.762202898661 240.53148428599 225.131889184316 220.06760040919 217.660228411357 222.242812315623 239.425718784332 269.985258579254 301.538467407227 325.990458329519 335.021336873372 336.211760838826 327.18288898468 307.641228040059 305.727859338125 324.197332064311 334.29757754008 340.161283810933 342.770139376322 340.839147567749 335.535883903503 333.506067593892 331.668535868327 331.669012705485 330.609043439229 328.686237335205 330.481171607971 335.214654604594 334.095080693563 330.914437770844 334.477543830872 336.748838424683 338.114500045776 338.423569997152 339.765151341756 342.311938603719 345.484693845113 347.256541252136 347.341934839884 346.349438031514 346.728563308716 347.396492958069 347.553650538127 345.229466756185 340.159932772319 335.057775179545
248.232503732046 215.441763401031 194.200376669566 190.341850121816 190.181334813436 193.747758865356 200.132807095846 224.090933799744 249.9973376592 294.13229227066 332.126299540202 345.458785692851 347.025831540426 339.8677110672 322.998623053233 320.028682549794 324.214816093445 333.780447642008 342.089494069417 344.227234522502 343.237241109212 340.662717819214 339.792688687642 338.490009307861 335.564772288005 334.065834681193 336.717009544373 336.968700091044 332.133730252584 330.35679658254 333.903034528096 336.631059646606 335.996945699056 336.195627848307 338.190913200378 340.306003888448 340.383927027384 339.861671129862 341.065088907878 340.887467066447 343.363642692566 345.438083012899 347.246448198954 346.020261446635 341.260552406311 339.009523391724
213.773826758067 189.950029055277 174.645900726318 171.649575233459 186.513880888621 206.179877122243 205.58242003123 210.453112920125 231.126924355825 260.783076286316 304.499665896098 343.317588170369 351.231654485067 350.384871164958 343.716541926066 325.378517309825 318.091650803884 319.858233133952 331.054846445719 343.816161155701 346.710284550985 343.685030937195 344.591617584229 342.307964960734 338.385502497355 338.391661643982 340.981403986613 337.921182314555 332.852880160014 335.254907608032 337.488571802775 337.170839309692 335.664391517639 334.319829940796 334.72466468811 334.372560183207 333.513061205546 331.132670243581 331.33606115977 332.275827725728 335.230191548665 337.21927801768 338.55668703715 338.357488314311 339.316010475159 340.835173924764
188.368697961171 179.62779601415 171.773711840312 163.960327704748 168.970425923665 190.680603186289 208.41509103775 211.183329423269 225.647230943044 237.017889817556 261.91375652949 310.540556907654 347.585995992025 349.090615908305 346.914728482564 344.085137049357 339.058001836141 329.964896043142 321.938097476959 329.749623934428 342.170278231303 345.099091529846 346.470395723979 344.503402709961 341.269532839457 342.183192571004 344.97348467509 342.399597167969 338.90970547994 342.488129933675 342.887997627258 337.505181630452 334.490776062012 332.941591739655 330.206970373789 329.481542110443 326.009651025136 325.285017490387 325.465679168701 326.448321342468 328.335722287496 330.195943514506 330.672641595205 332.173625628154 338.356892267863 341.342210769653
179.792801539103 183.623174826304 184.999028841654 175.429364045461 159.613400697708 165.929933389028 195.980091889699 213.251034418742 229.104121526082 242.203136285146 248.384674390157 276.410162448883 323.088685671488 346.892277399699 349.185069402059 350.094238917033 350.186030069987 345.597505569458 334.371606508891 323.743720849355 331.155180931091 344.785610834758 344.574729601542 343.229095141093 343.435009320577 346.85750802358 348.934650421143 347.18656539917 344.775398572286 346.24723593394 343.932032585144 337.981263796488 335.181474685669 331.992626190186 328.56289545695 326.837956905365 325.621167818705 324.917097886403 324.849724769592 326.127111911774 326.852420965831 327.983736991882 326.854328314463 329.508582750956 335.772554079692 340.356628100077
189.774215221405 200.460334618886 208.847920099894 203.399082024892 183.320840199788 174.697518348694 196.749130884806 213.837087154388 232.056895891825 254.395922025045 262.989242871602 269.683798154195 302.536209424337 331.016957759857 345.462004343669 349.275509516398 349.735975265503 349.334518114726 348.277846972148 339.170654614766 327.546874682109 336.044987042745 339.881539344788 343.249678611755 346.437970797221 349.638183911641 350.960810979207 349.255243937174 345.412929852804 345.142960548401 341.944416364034 338.19568157196 335.43320496877 332.80203739802 330.208420753479 327.722132205963 327.703277269999 326.166192690531 324.548363685608 326.635400454203 328.313410282135 329.296549161275 328.99542649587 331.128537654877 330.930610497793 338.428616523743
203.996598720551 208.649973074595 221.005817254384 236.702084541321 225.442548592885 191.833277543386 191.660046577454 202.991207440694 222.372949123383 245.696008205414 261.612753073374 264.094948768616 278.619726498922 298.510352770487 327.464044094086 342.949271202087 345.655878384908 346.310377120972 346.820751825968 346.308469772339 342.780590057373 335.436344146729 336.129506429036 340.94230333964 346.052368481954 349.006533622742 351.202686627706 348.933378855387 343.50307782491 343.159914016724 339.921871821086 335.293134053548 332.673609256744 332.542995611827 331.891099611918 328.938225905101 327.454368273417 322.572648525238 320.470869541168 326.271911462148 330.443501472473 331.52449131012 331.969102223714 331.929047902425 330.380856990814 334.863305091858
