input/barkrak2/radiation/dir10024.grid
NCOLS 85 
NROWS 70 
XLLCORNER 665100 
YLLCORNER 4664600 
CELLSIZE 20 
NODATA_value -9999 
[rows 20 to 39 of 70, columns 0 to 45 of 85]
108.22457075119 96.3592231273651 104.637424151103 132.148365179698 127.750625212987 107.643147309621 100.750495990117 112.012207508087 124.588300784429 133.72877240181 148.27154080073 148.532768090566 150.685489177704 150.151709715525 161.015133062998 175.607442855835 191.585799058278 202.450335025787 216.17990732193 233.632326126099 243.253886699677 233.134031295776 232.040266195933 236.893653869629 242.041707038879 238.067150115967 235.366364320119 238.854626814524 242.809514204661 245.689610640208 250.123639901479 237.948894500732 222.094734509786 210.870365301768 205.962936083476 212.290267149607 211.777726809184 213.826338450114 218.493362267812 222.690323988597 224.206904570262 223.80785147349 227.336287498474 220.514833927155 225.292801856995 230.755488077799
140.0987803936 129.644761482875 128.823022047679 158.314168453217 155.42009472847 111.812323331833 110.739002625148 121.073544025421 129.855742057165 136.04062795639 142.294853925705 140.682458877563 143.31250389417 136.494557062785 145.516842603683 160.583913326263 174.875060717265 190.513253211975 201.514482498169 217.138965924581 228.40803861618 236.866513888041 242.145478725433 239.142219225566 231.979052225749 221.967260042826 210.792680581411 206.610004107157 215.19394715627 209.770560264587 195.494989554087 168.853561083476 148.103634516398 152.608394622803 157.354563474655 179.019490877787 187.718788782756 205.383817354838 217.961668968201 218.319714069366 216.212073961894 215.178231398265 207.724889119466 188.959836959839 212.801277637482 225.500841935476
187.224090099335 186.486144860586 173.570334911346 178.821583588918 178.381423155467 136.563748121262 136.169701814651 131.694634755452 127.192278703054 130.546808242798 137.319664160411 140.291472276052 146.805653969447 146.098087231318 150.765120983124 159.430394570033 172.569175561269 184.70839659373 195.94536225001 196.860571702321 202.750205993652 218.148350715637 226.247390111287 231.089572111766 231.226364771525 222.972909609477 208.644350369771 200.058480103811 191.009283065796 189.946532249451 157.304763793945 117.937505245209 82.1421941121419 74.2552578449249 91.4250016212463 134.141236543655 156.628976265589 181.62477016449 199.59282875061 204.190214474996 207.936962445577 210.059265295664 181.877056757609 155.638774236043 189.921319484711 221.527457237244
221.04940811793 215.053617954254 191.058814525604 185.175041357676 183.789928754171 175.14177163442 157.523651917775 135.972708463669 123.505532741547 124.891877174377 139.595369497935 143.021792173386 154.143442710241 163.700183232625 162.283102671305 162.425975004832 172.015786170959 182.047327359517 189.280867576599 181.9193760554 182.736754417419 185.678203900655 199.538588523865 209.717889626821 211.772004763285 212.408999602 198.226849238078 185.434063275655 169.702331225077 135.225375493368 112.803796927134 83.1834773222605 49.8381654421488 14.9053099254767 14.3828193346659 42.9950753847758 80.1920195420583 111.739963293076 136.649608612061 156.377375125885 156.168252229691 144.64259147644 141.38251543045 169.65526342392 178.033093611399 211.648503939311
216.133872667948 214.556594689687 204.160173734029 188.444117705027 174.920360247294 174.685438474019 159.53673919042 147.665073474248 134.055346250534 130.109449227651 135.780145724614 145.956307649612 153.33237250646 161.49166226387 163.241386413574 162.552913029989 170.38506269455 182.501971721649 190.077741940816 182.078162829081 181.386550267537 176.058431466421 183.855692545573 193.574567635854 193.707505861918 190.361738204956 184.422552585602 171.847303708394 151.975919802984 106.605211893717 86.1677924791972 85.858166217804 60.920442144076 15.0651410222054 8.57454227904479 28.1765162944794 49.1466869910558 69.1128422816594 87.4418616294861 105.122794707616 100.078443686167 91.2463466326396 114.819159110387 197.752118110657 199.461102485657 213.457643985748
204.134404659271 209.453344345093 211.209118366241 191.911737124125 175.445755322774 174.767851829529 171.43726348877 176.102081934611 172.149042288462 158.930639425913 153.68264913559 160.665134588877 164.200643698374 175.010800361633 176.867047945658 169.192632039388 172.353764375051 184.926748275757 189.561406771342 193.167785803477 197.657644748688 191.426396369934 187.581598758698 183.996001879374 181.947350502014 181.953370571136 173.610985279083 158.016502857208 137.008130550385 120.209713776906 116.794258356094 128.927598396937 124.677648146947 65.0408963362376 35.5544288953145 45.3958412011464 52.4118443330129 61.0228429238001 79.039454460144 76.2807776530584 69.6024398008982 74.5574235916138 122.022787729899 196.358978748322 215.297341346741 221.292535463969
204.183995723724 208.981355031331 211.96977297465 197.500328222911 191.740433375041 192.487935225169 196.667869885763 200.578093528748 206.487854321798 198.821425437927 179.435670375824 186.752994855245 186.32052342097 193.897287050883 192.920804023743 180.953880151113 178.706765174866 187.789698441823 196.65789604187 208.274265130361 212.880810101827 207.805057366689 197.212974230448 186.542530854543 185.245076815287 183.377961317698 175.780336062113 166.716694831848 151.519358158112 155.396163463593 171.196103096008 197.009106477102 205.254216988881 196.270624796549 133.753647406896 71.6037253538768 67.2625849644343 69.6365932623545 80.4371188084285 75.0134140253067 87.8854791323344 128.452082475026 160.554031531016 190.482258796692 214.286684989929 220.875163873037
207.361896832784 204.5778632164 206.552147865295 200.101395448049 221.847315629323 216.154138247172 216.99180205663 213.386396567027 216.786801815033 216.317772865295 197.049339612325 191.322684288025 192.403455575307 194.290161132812 199.648082256317 194.804092248281 188.818116982778 194.597820440928 207.314074039459 213.824927806854 211.50678396225 199.698110421499 194.026271502177 194.760700066884 193.447907765706 191.690544287364 185.148894786835 183.991551399231 182.3357741038 195.641855398814 212.306221326192 225.44914484024 231.671929359436 244.238495826721 228.02746295929 133.383135000865 87.8073175748189 76.0245621204376 71.0491240024567 78.0265827973684 123.860855897268 199.120899041494 183.368782202403 180.443406105042 190.485179424286 194.453100363413
207.787056763967 195.983072121938 198.6430088679 205.904881159465 242.439031600952 226.632416248322 214.234709739685 206.258157889048 205.18430074056 201.625804106394 192.323704560598 183.956225713094 191.622038682302 195.335547129313 197.680155436198 202.185412247976 197.838683923086 191.844125588735 203.923682371775 204.116304715474 200.935820738475 194.376786549886 193.867246309916 197.640975316366 199.789981047312 193.011025587718 192.671140034993 190.872331460317 191.204249858856 208.817760149638 228.629112243652 242.883324623108 247.366666793823 247.874915599823 253.899931907654 206.826527913411 102.825621763865 63.9187047878901 52.6248315970103 63.2141927878062 138.244420289993 187.446077664693 173.937598864237 145.050366719564 146.94881439209 154.270619153976
204.588691393534 188.022275765737 192.853411038717 215.578258037567 241.742591063182 224.242111047109 200.02822081248 180.825034777323 166.843970616659 166.417837142944 166.654666264852 168.469607830048 184.338708718618 193.986932436625 197.838286558787 204.042772452037 202.173749605815 189.38010931015 192.445397377014 194.40637032191 193.137367566427 195.059319337209 195.388952891032 200.785259405772 203.170577685038 198.513845602671 201.597690582275 194.421231746674 196.508765220642 215.035835901896 238.207499186198 253.990034262339 252.109070618947 250.02380212148 260.652502377828 259.510695934296 195.114513238271 103.370308876038 76.7596811056137 84.9670469760895 118.249942859014 138.346801201502 149.709939956665 118.770182132721 111.447791258494 117.421994606654
197.65434662501 203.713238239288 233.337104320526 278.328041235606 268.658995628357 230.934162934621 192.449112733205 159.765034914017 145.090162754059 157.092938820521 152.229964733124 147.089382012685 173.437416553497 192.821423212687 203.33723227183 211.257477601369 209.440926710765 197.143892447154 195.951600869497 195.58056195577 192.390183607737 200.078765551249 202.480057875315 202.367742856344 205.428560574849 208.808302879333 209.080735842387 206.507563591003 205.518166224162 224.221289157867 246.91782395045 258.550385634104 254.481355349223 259.425163269043 268.63702138265 272.928237915039 268.101811408997 236.864765485128 155.779947837194 111.408015092214 100.262820720673 102.972716093063 121.239215135574 110.840976238251 106.203456719716 126.729587713877
216.121157010396 251.004993915558 289.565662542979 307.40753809611 314.198772112529 274.038950602214 223.823328812917 183.624088764191 170.766711235046 181.613902250926 173.531611760457 152.857700983683 169.477721055349 191.407978534698 209.953109423319 213.212728500366 211.668014526367 207.266012827555 199.632962544759 200.183788935343 200.463771820068 205.876926581065 208.573301633199 206.832806269328 209.446946779887 219.514628251394 221.011281013489 223.841607570648 223.446051279704 234.293003877004 250.772714614868 259.630938371023 262.231389681498 269.822875658671 276.729782422384 269.171357154846 268.750250339508 281.075735886892 236.531734466553 156.779001156489 110.27600367864 105.614652236303 111.802011728287 113.402187824249 132.918695608775 162.049929300944
268.798927466075 296.12147808075 306.361893812815 303.313612937927 316.948612531026 314.85641002655 286.588986714681 250.501036643982 222.799162069956 218.907694021861 213.19321791331 187.491317590078 173.341492811839 186.33230527242 209.093034267426 216.877957185109 212.943454583486 215.679049491882 203.50593328476 200.473447640737 205.416142940521 207.343697547913 206.958631674449 206.602374712626 211.517810821533 224.543511867523 229.081392288208 235.814948876699 236.140608787537 238.005061944326 252.864499886831 263.261795043945 262.897590796153 261.782844861348 264.394342899323 253.730257352193 255.428651968638 258.905132611593 229.479412237803 179.364879926046 143.440186977386 127.867847681046 120.314697424571 117.283175388972 136.471132437388 165.165235598882
294.034282366435 303.915282090505 300.477763017019 292.511681715647 298.175136248271 311.116099357605 310.203274091085 286.022404829661 257.50587383906 243.097027142843 241.478800773621 224.268635114034 196.026702721914 198.04322719574 210.615754127502 213.542560736338 208.39919646581 211.052616437276 203.878283500671 205.924292405446 204.98381058375 206.740279992421 205.714325110118 205.262064933777 211.379726727804 220.66456079483 233.196298281352 235.498746236165 235.495607058207 243.735869725545 255.317886670431 256.647785504659 244.969447453817 237.390140692393 240.884323914846 221.684078375498 220.540384451548 210.07913351059 180.769284566243 160.417815049489 173.24032386144 161.106685797373 141.522278388341 124.80840086937 124.702195326487 137.842237949371
301.180084546407 302.45300134023 305.572470029195 296.210070451101 293.675382932027 301.589866479238 314.152280489604 309.176166852315 279.867609341939 253.762543201447 245.970249176025 239.769677321116 229.500472545624 215.98494052887 211.655159791311 212.552924950918 210.179209709167 206.517497698466 206.458767255147 212.173759937286 206.932266553243 206.090569496155 206.322411696116 207.302331924438 212.075471878052 219.448169072469 228.256066640218 225.734353065491 230.804304281871 243.435144424438 252.199530601501 244.35567855835 231.947779655457 230.343739191691 223.561743895213 205.802838007609 209.060629208883 207.129021485647 196.458915869395 186.028500398 193.829456965129 200.405577818553 179.927269617716 157.267779111862 133.777856826782 123.060683409373
310.835083325704 310.665567715963 314.23431634903 310.753564039866 304.10905679067 304.209808508555 313.039302825928 316.973626613617 290.112853050232 260.363141695658 246.051132678986 246.111273765564 246.711055437724 229.708234469096 218.459248542786 221.189439296722 216.013371944427 207.228382428487 212.728122870127 213.999231656392 212.042947610219 207.813243071238 211.22944355011 214.852571487427 212.469438711802 217.767755190531 221.331199010213 220.834632714589 225.40682554245 242.280602455139 246.504207452138 239.919006824493 234.373311201731 235.485196113586 218.647678693136 211.867352326711 217.67270565033 222.708185513814 225.635747114817 217.215915520986 185.217301050822 186.373074849447 171.942273775736 149.889975786209 132.255375385284 111.450850963593
309.620420138041 310.41427453359 313.605984052022 311.630666255951 304.997801780701 301.265517870585 308.299501736959 315.704087416331 293.372948964437 259.247044722239 245.184123516083 243.681013584137 245.133519172668 228.887498378754 217.592318852743 223.977545897166 225.249369939168 214.094360669454 216.525197029114 219.629844029744 218.981325626373 215.342700481415 214.948256810506 216.265956560771 213.801920413971 215.218861897786 220.121125380198 226.005514462789 230.018575986226 241.039633750916 246.561686197917 242.838104565938 236.849188804626 235.960841178894 218.673765659332 221.621950467428 225.181957085927 230.553964773814 231.876273949941 217.278103033702 159.335235754649 132.867137591044 115.663230419159 105.361074209213 101.787885030111 100.927223761876
301.896035671234 306.796868642171 312.055746714274 310.129046440125 305.10018269221 304.583350817362 309.901773929596 315.325935681661 304.738461971283 269.734481970469 255.390922228495 243.287285168966 232.144117355347 221.894721190135 214.596271514893 219.067593415578 232.467671235402 222.522894541423 220.456878344218 221.609810988108 223.126192887624 216.629862785339 212.976356347402 216.409007708232 217.380464076996 216.009636720022 218.414624532064 228.118062019348 231.007715066274 236.643155415853 243.846277395884 245.531996091207 239.737550417582 225.150465965271 212.164501349131 229.836781819661 237.997074921926 238.981068134308 232.356985410055 223.342518011729 153.360704580943 96.0928002993266 70.7913935184479 61.6894662380219 64.9604101975759 73.4887421131134
277.963360150655 287.451545397441 293.456514676412 294.833143552144 298.15661907196 305.499772230784 311.106940110524 314.114292462667 310.09982029597 287.184913953145 266.418933868408 246.618310610453 230.943977832794 229.815761248271 218.129436175028 214.618802070618 224.606057008108 225.505312283834 217.938939730326 217.401583989461 219.277083873749 213.867386182149 209.810574849447 212.274690469106 213.510513305664 217.46693054835 216.525594393412 222.883343696594 228.737473487854 229.577243328094 236.748337745667 246.383428573608 235.990266005198 211.682915687561 217.817266782125 245.161493619283 250.100513299306 243.740836779277 233.371198177338 233.095268408457 205.318252245585 124.544600645701 70.9501604239146 57.9695800940196 57.7716579039892 57.4801961580912
248.0695048968 254.376967748006 254.061798254649 262.569824854533 275.861839453379 289.303044478099 298.303286234538 306.146343549093 305.050492286682 284.135699272156 263.702392578125 240.502874056498 228.4015417099 225.522478421529 220.678965250651 213.808139165243 219.95880206426 216.713567574819 211.78795893987 207.408010959625 212.284247080485 216.484308242798 212.443828582764 207.171479860942 207.608977953593 211.1430366834 216.513315836589 220.917443434397 225.112517674764 224.299033482869 226.234475771586 237.20395565033 227.46741771698 214.142163594564 242.152790228526 259.301404158274 254.034618536631 246.48650487264 240.473727385203 246.418575445811 262.594938278198 236.054996649424 153.643469015757 102.20597187678 76.8915961186091 58.5493644078573
