input/barkrak2/radiation/dir13424.grid
NCOLS 85 
NROWS 70 
XLLCORNER 665100 
YLLCORNER 4664600 
CELLSIZE 20 
NODATA_value -9999 
[rows 40 to 59 of 70, columns 0 to 45 of 85]
313.68633111318 314.742088317871 314.676860968272 316.638588905334 321.755627791087 325.008233388265 327.74410645167 330.4749528567 331.017712752024 321.243822574615 310.498873392741 306.630929311117 305.804828802745 301.151812076569 300.378064314524 299.46623245875 297.671735286713 296.555678049723 293.136636416117 291.556000709534 294.513742129008 297.926525274913 298.505783081055 295.612235864003 292.231996854146 288.22120030721 294.41249370575 295.589566230774 295.495669047038 295.156796773275 292.449434598287 290.004094441732 270.469387372335 269.062876701355 292.825738588969 292.6358183225 282.611091931661 280.315438906352 281.773924827576 274.173537890116 284.978926181793 319.088677565257 324.102520942688 269.260028998057 208.43110481898 166.903674602509
319.592316945394 317.241787910461 316.957950592041 317.384878794352 314.444919427236 312.963207562764 312.472403049469 313.018679618835 316.775997479757 310.413400332133 302.859723567963 304.277360439301 305.952171484629 306.35271469752 304.229517777761 301.527599493663 298.281868298848 302.916963895162 302.586615085602 299.234350522359 300.24375518163 300.395210584005 298.307299613953 299.212177594503 299.446105957031 292.847573757172 296.299358208974 297.252058982849 295.439521471659 295.580804347992 295.542498429616 290.769259134928 276.284754276276 280.669689178467 292.233030001322 282.892505327861 267.586926619212 265.381952126821 271.136502424876 278.019527594248 297.754486401876 310.974061489105 316.417733828227 301.291565100352 250.674843788147 204.622626304626
321.331818898519 319.491326808929 321.186125278473 320.44780254364 315.107703208923 313.187638918559 312.408884366353 310.235222180684 309.699654579163 306.503017743429 305.386424064636 304.256240526835 306.28893772761 309.374968210856 308.160364627838 306.276003519694 303.037265936534 307.759861151377 308.6758852005 302.643517653147 300.017793973287 298.041462898254 292.774558067322 295.137683550517 296.246786912282 292.783637841543 289.173483848572 290.689945220947 292.95551776886 294.281601905823 293.863972028096 287.276228268941 282.671709855398 289.060850938161 289.725184440613 271.07959985733 254.970590273539 259.319802125295 272.420207659404 285.586476325989 294.933100541433 293.737212816874 286.838412284851 282.30607509613 257.591605186462 206.304669380188
311.093548933665 312.72687514623 318.645377953847 316.739936669668 317.58854786555 319.434225559235 318.915883700053 315.728982289632 308.720151583354 306.956708431244 309.565186500549 305.970629056295 306.66712919871 308.760742346446 309.601465861003 306.752800941467 308.160901069641 307.541052500407 308.503687381744 302.146792411804 298.753221829732 295.82138856252 291.41636689504 288.437147935232 289.930721124013 292.041182518005 287.002185980479 288.047115008036 290.868063767751 291.173239549001 288.185079892476 282.269418239594 284.082929293315 288.470466931661 278.841495513916 256.060024102529 250.900705655416 264.135678609212 281.983911991119 286.266227563222 284.637014071147 280.397772789001 272.635817527771 263.90810807546 246.717969576518 211.773733297984
310.560484727224 314.334392547607 316.277821858724 315.839827060699 316.536366939545 318.145374457041 318.550229072571 315.454542636871 312.830646832784 310.371140638987 310.849626859029 309.364477793376 306.068003177643 305.524925390879 304.438710212708 303.740978240967 300.107598304749 304.654598236084 305.073857307434 302.345077196757 296.567400296529 294.262846310933 294.388810793559 292.201081911723 287.271440029144 295.357962449392 296.763698259989 293.623963991801 290.226976076762 287.66127427419 281.494935353597 276.633580525716 279.002706209819 276.183863480886 266.386250654856 252.579510211945 254.869341850281 270.884772141774 285.048762957255 281.10933303833 281.719326972961 273.192683855693 262.148598829905 252.780775229136 243.115385373433 224.683741728465
314.602255821228 317.05105304718 315.114657084147 317.145725091298 315.559069315592 315.746366977692 316.847383975983 316.136578718821 316.651463508606 313.996374607086 313.634435335795 312.450408935547 309.500018755595 305.347720781962 303.804496924082 305.779993534088 298.731764157613 301.872452100118 303.478022416433 301.447033882141 298.438866933187 297.119776407878 295.367240905762 295.17940680186 293.067673842112 292.066633701324 294.516722361247 292.247891426086 289.22176361084 287.958204746246 281.701683998108 275.793751080831 274.91295337677 268.771549065908 255.493740240733 243.802011013031 250.681658585866 268.957078456879 275.660713513692 266.981919606527 272.263964017232 263.88011376063 253.474732240041 254.908740520477 258.585512638092 240.912218888601
314.470986525218 314.903954664866 316.644191741943 317.785521348317 317.500332991282 316.953619321187 318.251093228658 319.470445315043 317.582011222839 316.363135973612 315.002799034119 314.667224884033 311.325490474701 308.233300844828 306.889176368713 308.630565802256 305.476625760396 298.342068990072 304.195086161296 300.933718681335 296.140352884928 299.185713132222 295.828978220622 289.95269536972 293.028732140859 287.772715091705 288.0739569664 290.532847245534 287.279864152273 285.001496473948 280.996839205424 277.105549971263 273.448268572489 265.354116757711 254.834055900574 245.446562767029 252.483904361725 265.440106391907 264.430483182271 265.062848726908 270.482798417409 259.798427422841 257.338484128316 265.13934135437 270.522177219391 254.451155662537
310.340921084086 312.111477057139 315.271278222402 316.108485062917 318.215409914653 319.476882616679 317.691703637441 317.357281843821 316.883464654287 318.972965081533 316.377798716227 314.194003740946 311.245719591777 311.492721239726 307.366251945496 305.800557136536 303.974409898122 296.647290388743 298.312286535899 298.973818620046 295.525431632996 294.866720835368 293.831884860992 286.468883355459 288.795669873555 288.359105587006 281.745692094167 283.950428167979 284.806450208028 282.304763793945 281.819184621175 279.548605283101 271.385729312897 269.071479638418 267.781933148702 257.979869842529 258.857885996501 262.98733552297 265.761355559031 274.202307065328 269.479970137278 261.6814772288 265.054166316986 267.611086368561 265.534480412801 253.182133038839
305.273811022441 307.710647583008 311.714172363281 313.348889350891 317.514777183533 318.983455499013 316.904425621033 315.204997857412 318.110585212708 319.72873210907 316.819508870443 313.352942466736 312.436620394389 310.648759206136 307.58136510849 301.444093386332 301.411747932434 293.24875275294 293.715993563334 298.506379127502 295.002818107605 291.194339593252 295.417686303457 288.682460784912 283.981164296468 288.904825846354 285.143653551737 286.897540092468 290.09739557902 290.509323279063 291.492660840352 290.573974450429 280.196309089661 280.425071716309 277.205049991608 265.424807866414 265.217582384745 268.608152866364 270.632684230804 272.932787736257 262.914677460988 258.471131324768 257.177174091339 252.849618593852 250.696301460266 250.087420145671
305.234531561534 302.755415439606 306.355218092601 311.397512753805 315.194567044576 316.440939903259 318.008522192637 319.207092126211 319.343050320943 316.413243611654 316.854059696198 316.986282666524 312.397321065267 310.855269432068 305.502732594808 302.957018216451 298.679888248444 293.650090694427 295.339266459147 297.1484263738 297.291815280914 295.65159479777 292.171895503998 293.030778566996 289.418975512187 290.045837561289 289.778232574463 292.731662591298 296.380897363027 299.885789553324 302.213986714681 298.846304416656 289.896051088969 289.022187391917 281.497120857239 269.923528035482 265.861868858337 271.198650201162 272.58555094401 262.361268202464 251.372337341309 254.000862439473 253.933389981588 247.507452964783 246.444821357727 250.058571497599
305.509845415751 307.149668534597 309.394478797913 313.368380069733 313.996096452077 312.751034895579 317.131717999776 320.361256599426 319.490214188894 319.321890672048 315.91538588206 316.088636716207 312.547266483307 306.892812252045 307.144522666931 306.517064571381 297.771135965983 295.315523942312 295.242885748545 299.955328305562 300.017158190409 297.329366207123 293.778479099274 291.732370853424 287.899692853292 292.211333910624 294.094125429789 293.954213460286 296.705762545268 300.916453202565 303.996880849202 301.203668117523 292.609969774882 287.824789683024 276.552081108093 266.274094581604 265.078604221344 270.587066809336 266.918659210205 251.844684282939 247.249166170756 259.076158205668 257.974743843079 250.694135824839 248.178323109945 244.512995084127
305.538813273112 312.274197737376 312.991619110107 314.049780368805 312.235792477926 310.866932074229 315.903504689534 318.57426961263 316.43013159434 318.203886349996 317.104558149974 314.315279324849 311.477502187093 305.01115322113 303.795655568441 307.717800140381 302.020649115245 294.468502203623 291.867156823476 297.290861606598 295.551339785258 295.680483182271 293.271124362946 289.624730745951 287.039379278819 287.829518318176 290.812015533447 290.865222613017 291.910330454508 295.964976151784 301.222165425618 300.757785638173 289.937973022461 275.902231534322 246.071855227152 235.055406888326 249.858438968658 262.091596921285 263.141274452209 262.611746788025 267.192264397939 266.808390617371 250.264942646027 243.212620417277 251.251439253489 239.768306414286
306.146899859111 304.318467775981 303.561965624491 305.48878510793 310.460527737935 312.842051188151 310.871879259745 314.199070135752 314.169466495514 313.142875830332 313.979208469391 313.948055108388 312.51452366511 307.529131571452 302.715182304382 302.062133948008 303.923924763997 294.509987036387 289.904753367106 289.89565372467 289.205511411031 291.392922401428 288.72295220693 285.733004411062 285.767912864685 280.611554781596 281.320412953695 283.947030703227 283.348937829336 281.769633293152 285.862028598785 290.368755658468 268.987913926442 242.793222268422 213.545461495717 200.382312138875 214.635411898295 241.346637407939 262.966354688009 263.153592745463 263.981103897095 255.662838617961 240.002989768982 240.77308177948 246.432721614838 225.514709949493
308.67067972819 300.373037656148 298.281709353129 300.370752811432 308.114429314931 311.738650004069 311.198592185974 308.66527557373 310.431222120921 310.404181480408 311.164279778798 311.616679032644 311.77012125651 310.487588246663 304.404417673747 302.27937301 302.633802096049 296.101570129395 289.642075697581 292.887568473816 291.752378145854 288.499136765798 286.67422135671 282.714645067851 281.248946984609 279.553830623627 278.643131256104 278.469920158386 276.887953281403 273.409803708394 266.851862271627 264.072140057882 243.303577105204 219.324906667074 208.01697174708 198.553244272868 188.376386960348 199.358582496643 217.262625694275 241.622447967529 252.081712086995 242.775658766429 236.794590950012 237.260699272156 228.733321030935 207.144419352214
309.304436047872 303.114354610443 298.884431521098 299.205938975016 307.011385758718 309.172530968984 311.621348063151 308.505475521088 311.465481917063 308.864156405131 309.973359107971 311.448295911153 311.454733212789 312.489231427511 306.379636128743 305.082281430562 304.510533809662 297.331651051839 292.329629262288 293.546319007874 293.424805005391 291.718125343323 288.966437180837 287.110169728597 283.36505095164 282.289882500966 280.176043510437 277.718603610992 274.186333020528 269.350091616313 259.627640247345 254.701435565948 235.393941402435 224.600652853648 227.317969004313 226.949016253153 213.987072308858 201.885203520457 192.976216475169 203.034738699595 225.391209125519 221.329232056936 213.390032450358 204.521139462789 201.045791308085 198.63881667455
309.921065966288 306.309978167216 300.107439359029 296.952923138936 299.249867598216 307.571609814962 309.032082557678 308.462242285411 307.822227478027 310.699025789897 313.067078590393 312.600394090017 310.818294684092 311.465581258138 306.809226671855 304.993212223053 306.629141171773 301.59326394399 296.145180861155 294.385472933451 292.780935764313 292.773842811584 292.114158471425 292.060494422913 288.086831569672 285.876274108887 281.081676483154 274.2005387942 267.91900396347 265.945275624593 263.791084289551 260.353783766429 242.829819520315 240.531206130981 245.623767375946 251.710136731466 257.263561089834 249.316334724426 232.129057248433 200.237532456716 200.931270917257 208.49863688151 206.156134605408 201.024810473124 205.667694409688 215.604285399119
309.649209181468 308.895707130432 303.923487663269 296.567022800446 293.64267985026 303.988814353943 307.754417260488 308.476249376933 305.636763572693 308.118283748627 312.483410040538 312.286655108134 310.609400272369 310.308655103048 309.428373972575 304.341673851013 305.134097735087 300.301353136698 298.046370347341 296.660482883453 295.113881429036 293.254653612773 291.903336842855 290.254970391591 288.117309411367 284.633696079254 269.050498803457 249.088048934937 244.507193565369 250.307679176331 257.9678495725 253.558695316315 243.001500765483 240.228533744812 249.544521172841 261.863191922506 276.260217030843 282.251874605815 273.622035980225 235.092222690582 206.857860088348 214.475750923157 225.022673606873 234.26361878713 242.776075998942 249.330878257751
307.983974615733 304.786264896393 305.328786373138 301.563680171967 295.118014017741 298.480788866679 307.396213213603 307.474493980408 303.391873836517 303.334971268972 310.942967732747 311.956306298574 309.526483217875 308.769861857096 308.70113770167 303.603331247966 303.200761477153 299.92288351059 298.560500144958 298.575838406881 298.084616661072 296.600699424744 292.590399583181 289.631426334381 286.430835723877 286.002477010091 270.677129427592 250.85445245107 247.619291146596 253.006974856059 261.381983757019 255.4984887441 251.255055268606 252.578318119049 267.63508717219 272.578517595927 277.982354164124 254.46617603302 229.64612642924 222.826361656189 230.900088946025 243.047674496969 238.825102647146 229.73112265269 227.656523386637 240.40432771047
299.025595188141 303.510228792826 301.688234011332 299.875219662984 297.215839227041 294.696907202403 304.88646030426 309.263428052266 304.457863171895 301.321705182393 306.313395500183 310.959756374359 310.359517733256 305.957535902659 305.843452612559 304.19647693634 299.970885117849 299.351096153259 297.824124495188 300.49870411555 300.557712713877 297.277887662252 295.527935028076 290.369669596354 289.339025815328 291.087845961253 284.692962964376 279.755075772603 277.462104956309 276.983320713043 272.488335768382 263.463219006856 262.99113035202 266.074856122335 261.334955692291 245.258947213491 222.962081432343 188.610871632894 168.717384338379 205.377717812856 243.638336658478 250.630180040995 232.59824514389 224.765459696452 231.788814067841 244.157393773397
289.344588915507 300.055027008057 299.75567261378 297.616680463155 296.663403511047 294.179558753967 299.27655061086 306.679089864095 309.273143609365 303.975363572439 305.794457594554 309.174100557963 308.774888515472 306.759576002757 305.258055528005 304.815232753754 299.579580624898 296.870032946269 293.935457865397 292.240659395854 293.420056502024 292.193412780762 291.009207566579 289.027949174245 289.316852887471 294.288992881775 297.855118910472 301.430225372314 283.733646074931 281.439940134684 273.541649182638 260.21937529246 260.255376497904 244.566082954407 211.611926555634 187.808215618134 175.983607769012 163.897415002187 155.512303113937 175.534149010976 203.012069066366 226.829628149668 233.598152796427 248.520096143087 277.585923671722 284.56840912501
