input/barkrak2/radiation/dir16424.grid
NCOLS 85 
NROWS 70 
XLLCORNER 665100 
YLLCORNER 4664600 
CELLSIZE 20 
NODATA_value -9999 
[rows 20 to 39 of 70, columns 0 to 45 of 85]
210.321982701619 203.585108121236 220.125257968903 261.767148971558 255.416909853617 205.514331658681 190.294146537781 193.935592969259 206.772486368815 229.539513587952 242.942611376444 252.13627020518 262.437283992767 275.816917419434 290.789127349854 322.307467460632 335.654139518738 338.730812072754 343.287388483683 349.350611368815 350.451985994975 345.292448997498 344.42392985026 345.8544810613 346.781015396118 347.887714703878 348.52413336436 345.283587773641 340.643167495728 340.311447779338 334.753751754761 325.012644131978 317.531963189443 314.581175645192 313.518106937408 317.747712135315 317.987183729808 320.199449857076 324.52255487442 328.183968861898 327.79461145401 327.840805053711 329.773942629496 324.755787849426 328.69952917099 331.906994183858
235.21622021993 236.231962839762 256.364484628042 286.346435546875 280.979156494141 220.838367938995 202.932993570964 201.708833376567 208.793143431346 223.240474859873 236.49662733078 244.31308110555 253.126402695974 260.534803072612 275.003810723623 294.486323992411 323.237160841624 334.206541379293 339.104135831197 346.290866533915 349.633773167928 353.187521298726 353.434920310974 352.898716926575 350.274960199992 346.823771794637 343.41295560201 340.088407198588 338.916778564453 332.295993963877 316.553632418315 289.768755435944 271.410206953685 270.559906959534 278.324445088704 296.213269233704 303.282519181569 316.871543725332 324.522753556569 325.350383917491 323.784192403158 322.969555854797 316.835761070251 304.517328739166 322.348495324453 328.868647416433
273.331801096598 282.194256782532 292.063395182292 302.264591058095 302.218914031982 254.208366076152 223.554968833923 207.100431124369 206.427176793416 217.2545393308 234.762589136759 243.580043315887 258.322517077128 264.332294464111 273.072779178619 286.365230878194 302.490929762522 322.813789049784 333.87557665507 335.037310918172 337.724765141805 346.699158350627 350.199103355408 350.064675013224 347.603718439738 346.216122309367 343.526204427083 339.158177375793 326.795359452565 311.168392499288 267.692526181539 217.083732287089 197.194377581278 215.230604012807 243.149916330973 267.20788081487 283.512592315674 302.396337191264 313.692986965179 316.638886928558 319.442212581635 318.83430480957 298.475861549377 280.243198076884 303.910513718923 327.892621358236
291.228195031484 295.242031415304 298.887928326925 306.771020094554 306.494235992432 287.90819644928 246.258815129598 216.687858104706 201.290647188822 206.421812375387 231.761872768402 245.30025323232 261.082430680593 276.410102844238 280.260364214579 284.185608228048 295.802970727285 311.280131340027 323.05520772934 324.15368159612 322.728256384532 326.315681139628 335.290710131327 341.200590133667 342.011968294779 332.90429910024 320.100029309591 303.273896376292 277.624030907949 235.134641329447 196.07683022817 171.213030815125 146.227300167084 146.426200866699 158.995966116587 196.664532025655 235.813657442729 262.011726697286 279.264549414317 287.557601928711 287.09089756012 273.77188205719 258.907417456309 291.1283771197 287.994742393494 320.437331994375
283.01328420639 285.533547401428 297.520538171132 308.540940284729 300.789733727773 289.908369382222 256.963034470876 232.397278149923 214.823683102926 208.036959171295 224.123994509379 241.62753423055 254.507839679718 271.308461825053 279.851078987122 282.940646012624 293.41051975886 304.410576820374 313.974658648173 316.979249318441 320.429265499115 317.363222440084 323.745091756185 314.289510250092 304.746528466543 299.726366996765 290.673454602559 279.31280930837 246.924718221029 190.258284409841 168.594638506571 166.21595621109 149.246633052826 127.699504295985 119.461278120677 132.756213347117 181.019922097524 216.549654801687 243.410249551137 255.716602007548 245.859503746033 224.13557767868 245.550235112508 306.490540504456 298.604289690654 323.417762915293
278.047939141591 281.941572825114 295.238713423411 304.661870002747 302.304148674011 290.138562520345 265.665054321289 256.927192211151 246.305028597514 231.016894181569 231.362243493398 253.297905127207 265.007177988688 281.408687432607 286.434491475423 284.183780352275 290.780107180278 302.607178688049 309.024751186371 316.306173801422 326.692044734955 311.459263165792 294.580519199371 293.071150779724 293.724755446116 291.581034660339 279.863715171814 266.458094120026 223.39806954066 194.701075553894 193.720618883769 210.689584414164 215.609848499298 192.098259925842 158.20715824763 138.396104176839 155.000398556391 183.17570288976 224.91596142451 239.497939745585 221.33990128835 212.46737241745 253.906945387522 289.447883764903 311.745226383209 333.318610986074
280.104100704193 281.94389740626 290.722151597341 300.944904486338 313.462098439534 298.289517561595 280.02542257309 267.385363578796 267.583648363749 262.152711550395 254.046261310577 268.856008847555 279.984633127848 293.927987416585 298.343181610107 290.889620780945 291.928768157959 304.895679155986 312.820712725321 317.434688409169 311.526576677958 306.846737861633 303.429245948792 297.815263271332 295.017302036285 290.915071964264 280.707319577535 266.535063584646 229.527115821838 223.571558793386 245.720684528351 268.854180971781 272.850553194682 286.006291707357 267.489473025004 181.948363780975 167.054752508799 178.920169671377 206.99401696523 237.537642319997 230.278174082438 261.508921782176 253.926316897074 266.470034917196 302.493135134379 321.621795495351
284.338633219401 280.561705430349 283.86116027832 296.694397926331 333.936889966329 306.594411532084 283.774654070536 266.144553820292 266.489863395691 274.646818637848 270.245711008708 273.887594540914 288.579821586609 297.178904215495 301.038801670074 301.730672518412 299.775858720144 303.23060353597 306.413769721985 309.313972791036 307.618737220764 299.824178218842 298.488080501556 303.000728289286 301.965455214183 297.689219315847 287.727097670237 277.34386920929 251.3441046079 249.631106853485 274.35576915741 289.139946301778 286.977390448252 300.912419954936 328.777194023132 263.002514839172 197.89069890976 185.128410657247 199.367066224416 241.190175215403 267.593661944071 312.518497308095 264.145731925964 257.390062014262 290.039956569672 299.769560496012
281.327764193217 273.661355177561 277.711609999339 303.159991900126 344.591538111369 305.683453877767 274.034241835276 260.735313097636 266.080657641093 277.068873246511 272.890667120616 271.676421165466 288.604478041331 298.548102378845 304.281910260518 307.420094807943 302.735845247904 293.328166007996 302.202423413595 302.450021107992 303.334176540375 296.717604001363 296.765287717183 303.520321846008 306.733032067617 301.177144050598 296.555896600087 285.791595776876 262.502133846283 256.578663984935 279.713690280914 298.131267229716 296.408494313558 294.581611951192 316.995084285736 323.000232378642 234.509984652201 176.910996437073 168.798764546712 211.363593737284 276.147802670797 292.068421840668 255.722423394521 234.649936358134 260.584314664205 276.555915673574
273.708562056224 265.963435173035 274.781823158264 313.536643981934 341.244498888652 301.694492499034 267.500142256419 249.996801217397 250.656604766846 255.178809165955 254.55907980601 262.566645940145 282.671173413595 300.477882226308 301.826894283295 305.597186088562 303.869128227234 291.17484887441 294.064402580261 296.382149060567 295.180380344391 296.868006388346 298.693378766378 302.732507387797 307.640612125397 304.514507452647 303.180495897929 291.674832503001 270.056347052256 265.580097834269 284.430821736654 302.518586317698 297.982633113861 294.152617454529 303.155541419983 324.145515759786 313.386797904968 240.053733189901 190.637985865275 199.52658812205 237.494051456451 250.670572121938 249.601940313975 220.369060834249 234.368681907654 262.239933013916
261.682450771332 272.067507108053 301.462908585866 347.140947977702 349.699894587199 306.708693504333 271.752556165059 243.668655554454 236.41308148702 247.406562169393 242.358167966207 241.147438685099 274.739901224772 299.723525842031 302.899897098541 306.979338328044 307.033916314443 299.224893252055 296.728134155273 297.258973121643 296.570519606272 301.388204097748 304.193079471588 304.510533809662 306.287447611491 312.750180562337 309.828658898671 300.060868263245 283.147712548574 278.136571248372 289.916773637136 302.629729111989 300.130883852641 299.335161844889 302.596986293793 305.146276950836 329.830229282379 342.928290367126 278.223991394043 230.873803297679 218.944668769836 209.614316622416 224.838634332021 223.261574904124 230.31222820282 266.003529230754
280.210336049398 304.953316847483 322.039326032003 326.407710711161 355.705817540487 338.333169619242 304.571588834127 266.310095787048 250.516792138418 265.756070613861 260.338922341665 242.949704329173 262.489358584086 292.766630649567 305.128574371338 307.634870211283 307.350913683573 305.607914924622 300.095995267232 300.81033706665 302.742381890615 305.696964263916 307.386974493663 307.434837023417 309.095919132233 316.700359185537 318.465928236643 314.305742581685 300.595382849375 293.729662895203 296.78475856781 300.24919907252 301.942229270935 306.008855501811 308.313528696696 296.504656473796 305.476466814677 344.370285669963 343.104044596354 284.357011318207 235.782384872437 208.398997783661 208.987812201182 227.57625579834 251.198927561442 281.443377335866
309.147397677104 316.618223985036 304.828683535258 296.935776869456 315.972904364268 338.543653488159 335.015058517456 307.432770729065 284.785528977712 287.284255027771 291.602671146393 267.397622267405 263.558983802795 287.945330142975 305.015603701274 308.688918749491 307.116230328878 310.425539811452 301.95293823878 300.935904184977 306.529581546783 309.27844842275 307.647009690603 308.547298113505 309.565385182699 318.24521223704 323.078572750092 322.951118151347 309.72413221995 300.692041714986 306.739747524261 309.308846791585 305.002629756927 307.347079118093 311.419765154521 301.533659299215 300.772786140442 321.401556332906 327.785611152649 304.501016934713 275.045116742452 232.95533657074 214.476366837819 221.687853336334 243.59409014384 274.55468972524
297.555545965831 289.067327976227 281.399130821228 270.171066125234 270.534078280131 291.690389315287 313.823024431864 312.911570072174 304.138123989105 306.455036004384 307.085315386454 291.583855946859 283.075968424479 293.797651926676 307.397206624349 306.264837582906 308.070302009583 308.214068412781 302.980144818624 305.578490098317 305.767913659414 308.385411898295 307.298123836517 304.488182067871 310.121575991313 315.162221590678 322.591344515483 320.065875848134 312.616407871246 307.759404182434 312.633832295736 310.295641422272 299.788574377696 299.441079298655 304.012835025787 288.861076037089 286.020000775655 287.419279416402 283.065597216288 289.062698682149 298.432608445485 264.521797498067 235.881129900614 226.760784784953 228.392024834951 251.371522744497
289.703408877055 278.463840484619 284.876306851705 270.296851793925 262.065708637238 274.006644884745 301.107048988342 326.948841412862 325.326502323151 313.621779282888 301.930467287699 302.598118782043 310.279627641042 311.050136884054 309.867004553477 309.137344360352 309.343059857686 305.761019388835 305.813272794088 310.223460197449 308.029592037201 307.608485221863 307.282984256744 304.196357727051 307.255625724792 310.8838001887 316.818654537201 313.172499338786 312.187989552816 312.896251678467 314.075628916423 303.444345792135 288.189311822255 293.683111667633 293.065110842387 276.989718278249 277.666032314301 277.87446975708 285.965820153554 309.65667963028 308.148165543874 296.034594376882 272.22067117691 258.673230806987 238.002816836039 231.268962224325
310.514092445374 304.842193921407 314.644614855448 309.378584225972 299.106478691101 304.017225901286 321.243127187093 344.578742980957 340.435862541199 316.22040271759 301.004608472188 311.67733669281 324.381291866302 322.885950406392 317.624668280284 319.269239902496 313.763240973155 310.430427392324 312.852323055267 313.979347546895 311.87379360199 307.423849900564 307.726442813873 308.472414811452 307.195941607157 309.541384379069 310.542364915212 309.699793656667 310.450911521912 316.114008426666 313.120623429616 302.660822868347 289.710621039073 290.460526943207 283.927500247955 279.734194278717 284.788489341736 285.034080346425 297.304153442383 328.784465789795 297.20268646876 282.886405785878 273.176232973735 267.269452412923 248.270332813263 229.592204093933
337.393442789714 334.260900815328 336.418072382609 339.201370875041 329.932729403178 323.508203029633 328.085462252299 342.921813329061 340.57076772054 313.135663668315 304.770628611247 317.087372144063 331.340670585632 323.489665985107 318.679908911387 321.676294008891 325.38515329361 316.869378089905 317.096829414368 320.324738820394 316.317876180013 313.171168168386 311.240315437317 310.148179531097 309.626003106435 309.182127316793 309.520184993744 312.290926774343 312.933544317881 318.332552909851 315.227508544922 305.203338464101 292.294442653656 286.189397176107 278.944333394368 284.125765164693 290.674408276876 289.384841918945 292.527556419373 317.192037900289 288.110355536143 244.569977124532 233.321746190389 227.750142415365 224.814116954803 218.88142824173
351.028521855672 347.92697429657 342.418432235718 343.481739362081 338.067452112834 329.544544219971 325.787901878357 331.159432729085 338.304042816162 320.643782615662 320.722063382467 329.755842685699 330.020586649577 323.928356170654 322.134296099345 323.306202888489 330.460111300151 326.515237490336 322.375774383545 323.38273525238 321.935057640076 315.17763932546 312.971393267314 310.908377170563 311.436553796132 310.551424821218 310.770869255066 314.526617527008 316.313068072001 317.287802696228 317.022959391276 307.512819766998 296.164870262146 279.908756415049 271.968404452006 287.195165952047 297.209103902181 294.723709424337 284.597039222717 301.533699035645 288.627525170644 221.529761950175 192.18514362971 179.447531700134 178.56768767039 185.762941837311
355.213562647502 357.543190320333 356.035868326823 353.413224220276 348.9936987559 342.773040135701 334.941625595093 329.706251621246 332.121690114339 330.83047469457 339.315334955851 339.462399482727 331.80304368337 333.832740783691 327.484091122945 324.3062098821 328.899423281352 330.066959063212 324.480970700582 324.228564898173 321.064352989197 316.971043745677 312.564214070638 313.146809736888 312.401036421458 314.582129319509 311.417579650879 313.478092352549 316.068708896637 314.573446909587 316.887279351552 311.507324377696 290.93869527181 268.917282422384 277.572631835938 298.982580502828 301.891287167867 295.427799224854 278.79810333252 284.924308458964 310.623705387115 267.242848873138 209.826072057088 179.37958240509 167.430837949117 164.502680301666
346.925934155782 350.20120938619 350.035627683004 353.067636489868 356.725454330444 358.799497286479 357.754111289978 354.242563247681 352.263689041138 354.687452316284 351.607282956441 342.551231384277 337.557236353556 333.690643310547 332.224249839783 326.581577459971 328.927954037984 328.737775484721 322.311460971832 320.804119110107 322.020908196767 322.188059488932 318.47737232844 314.250568548838 311.360458532969 311.576584974925 314.337849617004 315.319061279297 317.626476287842 316.977878411611 315.747638543447 312.407533327738 286.585489908854 269.49542760849 291.361172993978 306.156039237976 301.498572031657 297.006030877431 283.514817555745 278.223872184753 314.358234405518 342.768748601278 292.794664700826 239.671508471171 197.033445040385 166.438927253087
