input/barkrak2/radiation/dir18824.grid
NCOLS 85 
NROWS 70 
XLLCORNER 665100 
YLLCORNER 4664600 
CELLSIZE 20 
NODATA_value -9999 
[rows 20 to 39 of 70, columns 0 to 45 of 85]
205.092330773671 197.988589604696 214.226047197978 255.094468593597 249.743064244588 201.194206873576 186.498562494914 190.610448519389 206.11051718394 225.917120774587 238.909065723419 247.935076554616 256.018737951914 270.455459753672 285.222947597504 310.405512650808 330.983380476634 334.191759427388 338.924725850423 345.305442810059 347.388386726379 341.060241063436 340.137044588725 341.634829839071 342.612028121948 343.781193097432 344.539761543274 341.356674830119 336.810151735942 336.429595947266 330.755611260732 320.646564165751 312.903920809428 309.648096561432 308.464566866557 312.78536717097 313.004394372304 315.230309963226 319.615205128988 323.37216536204 323.017120361328 323.061267534892 325.05073149999 321.14432255427 324.00502761205 327.29975382487
230.381786823273 230.858345826467 249.876280625661 279.915690422058 275.377074877421 215.914845466614 196.804424126943 198.549290498098 205.769220987956 219.349503517151 231.828888257345 240.01141389211 248.440126578013 255.252798398336 269.752462704976 289.059698581696 309.916178385417 329.479277133942 334.536949793498 342.042366663615 345.58101495107 348.639249801636 349.859635035197 349.252661069234 346.38253847758 342.665473620097 339.130759239197 335.776646931966 334.867517153422 328.17542552948 312.190632025401 284.991582234701 266.181508700053 265.036582946777 272.723873456319 290.790359179179 297.953089078267 311.75555785497 320.761839548747 320.460855960846 318.854073683421 318.020403385162 311.80465221405 299.25807317098 315.972487131755 324.177841345469
268.990139166514 277.44201819102 286.473651727041 296.599765618642 296.616236368815 250.566363334656 219.90038951238 204.1042248408 203.077654043833 214.070796966553 230.947256088257 239.370385805766 253.469586372375 260.89729865392 267.797907193502 282.617787520091 297.208587328593 310.975988705953 329.16259765625 330.390453338623 333.17498366038 342.506011327108 346.267938613892 346.219778060913 343.704064687093 342.122793197632 338.38693300883 333.170672257741 320.948700110118 303.360084692637 261.665066083272 211.399992307027 191.566983858744 209.297637144725 237.232645352681 261.435786883036 279.015799363454 297.04882701238 308.52480729421 311.513940493266 313.284357388814 313.80707025528 293.165683746338 274.651050567627 298.984487851461 321.627298990885
287.626425425212 291.212022304535 293.658316135406 301.174362500509 301.822404066722 282.819906870524 244.677821795146 213.491996129354 198.276360829671 202.857712904612 227.485756079356 242.2194480896 256.403863430023 271.285116672516 276.743153731028 279.036104679108 292.176981767019 305.782516797384 315.659801165263 317.46111313502 317.782024542491 321.479002634684 330.673535664876 336.763858795166 337.705334027608 328.654805819194 313.931405544281 297.21995194753 271.007577578227 227.568288644155 191.663066546122 166.869024435679 140.114525953929 139.442602793376 153.052906195323 190.703749656677 229.920029640198 256.286183993022 273.627718289693 282.012303670247 281.530598799388 267.383674780528 253.320256868998 287.06016143163 283.74445438385 315.568069616954
279.565910498301 281.897763411204 292.904098828634 302.985926469167 294.174611568451 283.256729443868 252.823313077291 231.265266736348 211.784601211548 205.130577087402 220.296422640483 236.144006252289 249.969204266866 266.268134117126 272.666454315186 277.6753505071 286.345481872559 299.04709259669 308.805346488953 308.448433876038 313.668409983317 312.371154626211 313.569068908691 305.13604482015 296.411236127218 295.305788516998 286.245663960775 274.881561597188 241.528292496999 186.036785443624 164.418756961823 161.912868420283 144.228478272756 121.661067008972 113.626768191655 127.685646216075 173.459887504578 211.120327313741 235.830763975779 249.872704346975 239.955683549245 218.187312285105 239.632209142049 301.801164944967 294.332444667816 316.807746887207
274.263481299082 278.230885664622 291.021823883057 299.279471238454 295.805831750234 284.996151924133 261.675079663595 253.726959228516 243.463099002838 228.328665097555 228.362580140432 249.681452910105 261.825442314148 278.210798899333 279.317220052083 280.626038710276 287.102957566579 297.30898141861 305.462678273519 309.306899706523 314.814209938049 305.365085601807 287.546952565511 288.404146830241 289.068798224131 286.979039510091 275.272687276204 262.038270632426 219.19983625412 190.842747688293 189.674496650696 206.432898839315 210.92410882314 185.953716437022 152.372221151988 134.133915106455 150.424222151438 178.674558798472 217.701574166616 233.528256416321 215.341210365295 206.424911816915 246.436357498169 288.581490516663 308.449387550354 328.946630160014
276.233732700348 278.205076853434 286.731839179993 295.898000399272 307.924707730611 293.608923753103 276.620070139567 264.78119691213 263.042211532593 257.398466269175 248.757084210714 266.077478726705 275.869568188985 290.941715240479 293.151656786601 287.462294101715 288.327058156331 299.855510393779 304.038107395172 307.065387566884 304.624815781911 300.302624702454 296.862065792084 293.116192022959 290.322879950206 286.295413970947 276.073733965556 262.326041857402 225.922624270121 220.016717910767 241.874317328135 265.152255694071 269.345641136169 281.519691149394 261.579255263011 176.975131034851 162.697682778041 174.545268217723 200.673162937164 231.547077496847 224.398334821065 255.621234575907 250.245134035746 263.567586739858 298.426528771718 315.371712048848
280.436515808105 276.694496472677 279.933094978333 291.928986708323 328.788697719574 304.229855537415 281.103650728862 264.118949572245 264.665246009827 272.166152795156 267.348349094391 270.597239335378 285.605808099111 294.165869553884 295.81352074941 296.482662359873 294.725855191549 298.256397247314 299.748619397481 304.460088411967 302.87778377533 294.965008894602 294.295787811279 297.554771105448 297.346790631612 293.09336344401 283.166686693827 273.234784603119 248.525579770406 246.764977773031 271.110574404399 285.660107930501 284.03651714325 297.920644283295 323.945204416911 257.381975650787 193.081359068553 178.323527177175 192.152698834737 234.858751296997 261.706471443176 307.656327883403 261.224190394084 254.934668540955 285.415271917979 296.446065107981
277.582108974457 269.702792167664 273.695528507233 298.382341861725 339.935223261515 302.36695210139 271.682580312093 258.686482906342 263.897319634755 273.905316988627 270.047704378764 268.705487251282 284.486333529154 293.765803178151 299.089908599854 304.263273874919 297.758102416992 288.547138373057 297.271847724915 297.423561414083 296.721339225769 290.260155995687 290.47429561615 297.174096107483 299.114425977071 296.559433142344 292.009095350901 281.539916992188 259.42075252533 254.055698712667 276.972730954488 295.202573140462 293.744087219238 292.03865925471 313.725411891937 317.670186360677 230.346302191416 171.773831049601 163.636843363444 205.320338408152 270.459612210592 287.776350975037 252.642313639323 231.071432431539 257.018943627675 270.861903826396
270.156741142273 261.981944243113 270.624756813049 308.754801750183 336.753288904826 298.463225364685 264.868934949239 247.370044390361 245.205442110697 251.929620901744 251.247545083364 259.302874406179 278.647522131602 294.014930725098 296.685953934987 299.511690934499 298.990507920583 287.657419840495 289.001623789469 291.179239749908 290.002624193827 291.739344596863 292.441487312317 297.748506069183 301.419893900553 298.174262046814 300.118327140808 287.354350090027 266.63076877594 262.973189353943 281.914035479228 299.883842468262 295.450568199158 291.72670841217 300.809582074483 320.817033449809 307.916363080343 234.183510144552 185.761968294779 194.903572400411 232.556780179342 246.191461881002 245.811184247335 216.274340947469 229.212403297424 256.410002708435
258.340179920197 268.528501192729 297.957678635915 343.669931093852 346.062978108724 303.529322147369 266.684730847677 240.452984968821 232.960561911265 243.754287560781 238.847215970357 237.753431002299 271.514674027761 291.649242242177 299.922585487366 301.957706610362 302.098472913106 292.245388031006 291.656136512756 293.804486592611 291.369537512461 296.307722727458 299.208203951518 299.523890018463 302.830437819163 306.161840756734 305.387775103251 296.898146470388 279.54359849294 275.422612826029 287.572026252747 300.206383069356 297.616263230642 297.100444634755 300.646364688873 303.283909956614 326.634526252747 338.056008021037 272.859851519267 226.00797812144 213.833848635356 205.186903476715 220.940391222636 218.859374523163 226.090788841248 261.312425136566
276.875336964925 302.08820104599 320.149381955465 325.10777314504 353.553771972656 335.476001103719 301.264484723409 262.996991475423 247.39408493042 262.642800807953 256.946464379628 237.369120121002 257.121066252391 288.381775220235 300.175348917643 303.142746289571 304.189463456472 302.236040433248 295.042415459951 295.592586199443 297.5981036822 300.703306992849 303.780198097229 302.448709805806 304.117262363434 310.925841331482 312.472383181254 310.242493947347 297.017415364583 290.815194447835 294.332305590312 298.003733158112 299.740215142568 303.952058156331 306.409140427907 294.747034708659 303.376197814941 341.129382451375 338.255842526754 280.094146728516 230.302234490712 204.248507817586 205.247859160105 223.266621430715 247.277994950612 273.574312527974
306.918879350026 315.246264139811 304.47922150294 296.794295310974 315.535326798757 337.204217910767 332.857926686605 305.051227410634 282.387057940165 284.709970156352 288.484613100688 264.693717161814 260.709802309672 283.701837062836 300.146738688151 302.119096120199 302.051424980164 307.283560434977 298.461556434631 295.678714911143 301.450312137604 304.31870619456 302.678366502126 304.865896701813 305.92679977417 313.544650872548 317.850013573964 318.195223808289 306.265513102214 297.638773918152 304.007470607758 306.731979052226 302.751024564107 304.826617240906 308.988094329834 298.987805843353 298.308908939362 318.16287835439 323.023001352946 298.81344238917 269.359469413757 228.692948818207 208.394010861715 218.023796876272 239.427844683329 271.093726158142
297.004918257395 289.258678754171 281.891942024231 270.774304866791 271.242300669352 292.024572690328 313.756505648295 311.637659867605 302.252511183421 303.782780965169 304.619510968526 289.283553759257 280.01610438029 289.823114871979 302.639702955882 305.078446865082 301.393608252207 304.794212182363 297.696808973948 300.352931022644 300.661146640778 303.353905677795 302.190999190013 300.726056098938 303.467333316803 310.342530409495 316.699624061584 315.093398094177 308.985590934753 304.597695668538 309.77322657903 307.574371496836 296.936392784119 296.226223309835 300.350228945414 285.417397816976 282.647013664246 283.524135748545 278.040051460266 283.185044924418 292.992393175761 260.328988234202 232.292890548706 223.018447558085 224.638919035594 244.74557240804
289.7829413414 279.007792472839 285.323361555735 271.013458569845 262.950778007507 274.686972300212 301.186680793762 325.930873552958 323.355396588643 311.263918876648 299.912293752034 300.397237141927 307.170490423838 306.963245073954 306.508739789327 303.928971290588 305.632392565409 300.589044888814 300.706744194031 305.031935373942 302.892684936523 300.728102525075 300.795594851176 299.108882745107 303.456743558248 306.033730506897 311.063706874847 307.577828566233 307.721972465515 309.476276238759 310.954988002777 300.410469373067 285.220185915629 290.396849314372 289.539714654287 273.321509361267 274.118840694427 274.227559566498 281.48098786672 303.99497350057 303.203701972961 290.407021840413 268.759687741597 252.632896105448 234.501878420512 227.71551211675
310.067852338155 304.642160733541 314.227104187012 309.098760286967 298.946917057037 303.619126478831 320.432782173157 343.063394228617 337.162971496582 314.090689023336 299.129803975423 307.373623053233 321.772297223409 318.562229474386 312.713623046875 314.131200313568 310.156762599945 306.721846262614 310.494164625804 307.340820630391 308.057884375254 300.587058067322 302.675406138102 303.488691647847 303.381343682607 304.677128791809 306.853393713633 303.922295570374 305.356979370117 312.443832556407 309.75600083669 299.434224764506 286.782304445903 287.531793117523 280.5481950442 276.224553585052 281.316637992859 281.776050726573 293.633043766022 323.564112186432 292.487621307373 279.179513454437 269.5405681928 261.16547981898 244.350592295329 222.970048586527
335.733493169149 332.760135332743 334.763526916504 337.366382280986 328.515569368998 322.165052096049 326.810240745544 341.437975565592 338.602940241496 311.286091804504 302.742679913839 314.674695332845 327.267209688822 321.487069129944 314.991255601247 317.648410797119 320.306022961934 314.238647619883 313.282430171967 313.779234886169 312.561770280202 307.475288709005 306.295613447825 306.413968404134 304.710268974304 304.258286952972 305.799921353658 307.601928710938 308.44901005427 314.567625522614 311.751306056976 302.009642124176 289.352198441823 283.494055271149 275.780558586121 280.860324700673 287.286659081777 286.291162172953 289.359311262767 312.333206335704 281.399687131246 240.13896783193 228.935043017069 223.267038663228 220.557749271393 214.806973934174
348.743716875712 345.744013786316 340.644478797913 341.607451438904 336.265603701274 328.070441881816 324.671367804209 330.123364925385 336.865504582723 318.923354148865 318.511486053467 326.085468133291 324.008901913961 318.914949893951 318.138321240743 319.435318311055 327.800075213114 321.536699930827 318.410197893779 316.891233126322 317.100564638774 311.339696248372 309.06746784846 307.10115035375 307.626088460286 305.661896864573 305.959860483805 309.884707132975 310.354193051656 312.643488248189 313.322265942891 304.315626621246 292.630036671956 277.026871840159 268.822987874349 284.16633605957 294.094443321228 291.77983601888 281.82045618693 297.587037086487 282.708962758382 216.194748878479 187.325517336527 173.928221066793 174.192329247793 179.142951965332
351.530075073242 354.170004526774 352.997859319051 350.552042325338 346.445004145304 340.709328651428 333.534717559814 328.691124916077 331.104437510173 329.239090283712 336.546977361043 336.128195126851 328.043301900228 329.858819643656 322.486817836761 319.229344526927 325.831512610118 324.617346127828 318.826138973236 318.495631217957 317.080060640971 312.08868821462 308.569649855296 306.394040584564 307.554364204407 309.802492459615 306.627750396729 308.795968691508 311.577836672465 310.196280479431 312.528014183044 308.126012484233 288.014849026998 265.888611475627 274.430950482686 296.096007029216 299.081961313883 293.156981468201 276.256819566091 282.144486904144 305.520157019297 261.256694793701 202.62881120046 174.282530943553 163.384010394414 157.938500245412
342.411915461222 345.816930135091 345.642526944478 348.917206128438 352.963050206502 355.541706085205 355.043927828471 351.994514465332 349.768439928691 352.000792821248 347.575187683105 337.822079658508 332.660734653473 328.724424044291 326.765100161235 322.24581638972 324.697434902191 323.094646135966 317.393720149994 316.520810127258 317.817648251851 317.109107971191 314.444422721863 310.18457810084 306.533594926198 307.656029860179 310.495277245839 310.627937316895 313.111106554667 312.530100345612 311.48095925649 308.616836865743 283.468782901764 266.555567582448 288.704812526703 303.603808085124 299.202541510264 294.212381045024 281.067331631978 276.349325974782 311.587433020274 337.835907936096 287.030100822449 232.870697975159 190.430402755737 162.402838468552
