input/barkrak2/radiation/dir12224.grid
NCOLS 85 
NROWS 70 
XLLCORNER 665100 
YLLCORNER 4664600 
CELLSIZE 20 
NODATA_value -9999 
[rows 40 to 59 of 70, columns 0 to 45 of 85]
291.46150747935 292.322099208832 292.235334714254 293.681263923645 300.418794155121 304.320871829987 307.451188564301 310.728828112284 311.078766981761 299.143274625142 287.879089514414 283.60503911972 282.805323600769 279.326379299164 278.135895729065 277.534524599711 277.52681573232 275.912543137868 270.869473616282 269.557575384776 273.030817508698 277.204076449076 277.688125769297 272.910873095195 269.445637861888 267.101228237152 274.805386861165 276.129206021627 277.269879976908 276.633520921071 274.177511533101 273.965895175934 257.01121489207 257.63879219691 283.206045627594 283.204913139343 272.126356760661 267.926375071208 269.853393236796 266.768574714661 278.200884660085 308.332880338033 304.071366786957 243.70547135671 181.019186973572 144.879688819249
297.236720720927 294.625600179036 294.833282629649 295.006632804871 292.357325553894 290.058732032776 289.298315842946 290.671348571777 293.997248013814 287.683447202047 280.416587988536 282.020449638367 284.100691477458 284.563104311625 282.438119252523 281.070669492086 275.895436604818 281.386057535807 281.29255771637 275.95975001653 275.515913963318 275.85772673289 275.65856774648 276.690443356832 275.357762972514 270.238916079203 274.173259735107 276.127874851227 276.391128698985 276.908119519552 277.239382266998 274.966438611348 262.420932451884 269.269148508708 281.92945321401 271.993001302083 255.406260490417 251.65319442749 256.196220715841 264.634946982066 288.356840610504 301.99412504832 302.022298177083 277.675191561381 224.031567573547 179.065267244975
300.092061360677 297.986149787903 299.805382887522 298.904061317444 293.463667233785 291.164080301921 289.28683201472 287.409941355387 286.858439445496 284.341176350911 283.076286315918 282.038430372874 285.684525966644 288.014153639476 286.865810553233 284.702877203623 279.868165651957 285.22264957428 284.873843193054 278.081138928731 275.187810262044 273.242513338725 269.374847412109 270.316382249196 271.798074245453 268.058776855469 264.467259248098 270.278811454773 273.27162027359 275.075495243073 273.460487524668 269.219199816386 267.091969648997 277.470171451569 279.299298922221 258.302609125773 242.047429084778 245.476126670837 257.109006245931 270.769953727722 280.476669470469 280.471165974935 271.303117275238 260.590632756551 230.066498120626 177.24621295929
288.156092166901 290.496706962585 296.709736188253 294.634540875753 296.356399854024 298.4299659729 297.666430473328 294.734199841817 286.682883898417 284.846246242523 287.809809048971 283.975561459859 284.818649291992 287.356952826182 287.053147951762 282.543778419495 284.113824367523 283.560653527578 284.696678320567 277.590711911519 273.80116780599 269.188523292542 264.471411705017 264.817635218302 266.639808813731 267.418225606283 262.036065260569 263.590792814891 268.891970316569 269.719064235687 267.058908939362 261.741916338603 266.668756802877 274.416009585063 266.017933686574 243.611017862956 238.3092045784 250.897308190664 267.357468605042 271.697103977203 268.961588541667 264.930685361226 256.753027439117 243.638356526693 219.131668408712 181.515514850616
287.257413069407 292.082190513611 294.400115807851 294.126192728678 295.627117156982 297.522008419037 297.965486844381 294.51052347819 291.403571764628 287.641843159993 288.275082906087 286.541779836019 282.92061885198 279.654284318288 279.895623524984 277.671118577321 275.04567305247 278.588513533274 279.233773549398 276.109278202057 271.576046943665 269.288976987203 267.690757910411 267.043550809224 261.850396792094 269.000728925069 272.804796695709 269.637227058411 266.527613004049 264.306902885437 258.494635423024 254.110058148702 259.15652513504 258.518954118093 250.958661238352 239.242037137349 242.351651191711 258.261144161224 271.480182806651 266.509552796682 266.347130139669 257.859269777934 246.249834696452 234.731713930766 218.82700920105 195.085744063059
292.354106903076 295.97669839859 293.770949045817 296.193798383077 294.503370920817 294.704596201579 295.345107714335 294.478217760722 295.027454694112 290.894468625387 290.376385052999 288.946350415548 282.926936944326 279.561638832092 276.322146256765 279.986500740051 271.802306175232 275.317887465159 277.392168839773 273.279031117757 273.708860079447 268.881519635518 264.653702576955 266.275306542714 266.02303981781 265.030225118001 270.466605822245 268.457730611165 265.742540359497 265.009701251984 259.123901526133 254.530866940816 254.60676352183 248.458882172902 236.982683340708 228.776872158051 236.467977364858 255.115191141764 260.969519615173 250.665545463562 256.031294663747 247.243642807007 237.792909145355 238.763213157654 238.163371880849 214.646418889364
292.822043100993 293.472707271576 295.52020629247 296.310782432556 296.061952908834 295.411845048269 296.192049980164 296.841681003571 294.46671406428 293.663879235586 291.966279347738 289.077321688334 286.402543385824 281.368732452393 281.12256526947 281.470199426015 279.409249623617 269.326567649841 272.41059144338 274.63710308075 269.397993882497 269.231001536051 267.049431800842 262.437701225281 270.692666371663 264.954467614492 265.508770942688 266.644656658173 265.502492586772 263.675928115845 261.550048987071 257.552921772003 253.298342227936 246.486028035482 238.00919453303 230.226596196493 236.9131843249 249.407430489858 249.102373917898 248.906175295512 253.542264302572 243.126372496287 242.144465446472 250.402927398682 253.419975439707 232.551376024882
287.391702334086 289.4167304039 293.179074923197 293.637116750081 295.536478360494 296.000202496846 294.55840587616 294.424335161845 294.591903686523 293.432931105296 291.194319725037 288.625597953796 283.450822035472 285.096367200216 278.079251448313 278.10392777125 274.001975854238 265.408317248027 269.516189893087 272.509217262268 268.753528594971 268.126010894775 269.058227539062 260.951618353526 263.678113619487 263.473947842916 260.758459568024 263.430138429006 264.745672543844 262.528717517853 261.181831359863 259.092807769775 252.413054307302 251.943707466125 252.333958943685 244.502544403076 244.299908479055 246.639490127563 249.221424261729 258.216897646586 253.346820672353 244.350691636403 249.51966603597 252.970437208811 250.083724657694 234.43063100179
280.740300814311 283.493101596832 286.42737865448 289.438048998515 294.387598832448 296.22612396876 293.076197306315 290.817538897196 292.612195014954 294.252296288808 290.552298227946 286.085923512777 284.661293029785 282.150864601135 280.146022637685 273.131569226583 273.084799448649 265.725135803223 268.506248792013 271.998564402262 272.25387096405 270.500342051188 270.813186963399 265.87853829066 263.350665569305 266.412595907847 262.471258640289 264.69087600708 268.796662489573 271.737476189931 273.598829905192 271.705587704976 261.144618193309 261.810004711151 262.034793694814 253.422856330872 252.780636151632 253.704031308492 254.733383655548 257.998585700989 247.109452883402 241.218745708466 239.528318246206 235.779325167338 233.903408050537 233.681460221608
278.874655564626 275.833487510681 280.05055586497 286.926865577698 289.486686388652 291.250328222911 292.409261067708 294.269502162933 293.705940246582 288.495977719625 290.390133857727 288.869162400564 284.289578596751 280.685325463613 279.605070749919 274.927139282227 273.849586645762 268.413186073303 270.327091217041 274.698853492737 275.040725866954 275.557617346446 271.930317083995 270.76667547226 266.824285189311 270.071446895599 270.014226436615 271.153489748637 275.712390740712 282.367924849192 286.076009273529 283.693253993988 274.053831895192 271.26944065094 265.909492969513 257.528245449066 254.658401012421 258.162299791972 257.55512714386 246.565997600555 235.249976317088 238.035539786021 237.307449181875 230.622867743174 229.151586691538 233.027438322703
278.543889522552 280.81746896108 282.001594702403 285.354355971018 284.100274244944 286.383668581645 291.413366794586 293.877760569255 292.516827583313 291.956464449565 290.271659692128 290.552079677582 286.199947198232 281.258583068848 281.515022118886 282.748579978943 275.05362033844 272.570610046387 270.404458045959 277.930955092112 278.159499168396 275.305171807607 273.773769537608 271.887838840485 265.334725379944 272.605796655019 275.020857652028 275.163114070892 278.566102186839 283.923029899597 290.473202864329 288.913190364838 280.991017818451 272.169550259908 260.277330875397 252.601941426595 253.322064876556 259.14720694224 253.573834896088 236.233115196228 230.930248896281 242.257396380107 242.93460448583 235.26938756307 232.395966847738 226.55455271403
277.791599432627 283.806204795837 282.883286476135 284.493009249369 284.283419450124 283.687015374502 287.988245487213 291.201372941335 291.132648785909 292.967756589254 291.80649916331 290.050784746806 288.342893123627 282.83965587616 281.553069750468 284.246325492859 277.847230434418 271.944264570872 269.202709197998 272.751907507579 273.28105767568 273.40704202652 270.956794420878 267.080088456472 264.391223589579 265.477081139882 271.376192569733 271.684547265371 270.707031091054 275.683879852295 284.775674343109 286.576588948568 274.449348449707 259.154776732127 227.16365257899 216.912825902303 233.535170555115 248.802781105042 252.078096071879 250.815490881602 252.710322539012 251.179575920105 233.314434687297 227.585752805074 234.904666741689 224.813282489777
274.943888187408 272.60434627533 273.257672786713 275.828619798024 282.210091749827 284.29772456487 284.329990545909 288.408537705739 286.853035291036 290.12801249822 291.180809338888 291.248122851054 289.677460988363 283.928771813711 280.549148718516 279.871046543121 281.976759433746 271.87305688858 266.863445440928 266.793688138326 266.163229942322 268.602053324382 268.318176269531 262.714187304179 262.975096702576 260.069807370504 261.025627454122 261.497139930725 261.040250460307 262.238542238871 266.989648342133 270.279765129089 254.234810670217 226.823051770528 195.90828816096 180.397947629293 193.544348080953 222.275257110596 246.308286984762 250.607093175252 252.291063467662 242.283523082733 224.305510520935 223.926822344462 230.270485083262 207.148512204488
279.673477013906 269.849876562754 267.323394616445 270.807464917501 281.142433484395 286.762138207753 284.522891044617 284.949779510498 286.977390448252 285.232067108154 287.944575150808 288.585126399994 290.622035662333 287.368973096212 282.418251037598 280.117829640706 280.717432498932 271.29719654719 268.920997778575 270.108739535014 269.018451372782 265.614767869314 265.975534915924 261.871099472046 260.576049486796 258.863945802053 260.417024294535 260.414242744446 258.872667948405 252.86720196406 245.855530103048 244.695703188578 227.970163027445 200.622876485189 191.279709339142 179.420530796051 166.237701972326 177.23157008489 197.628140449524 225.373387336731 238.263169924418 227.836132049561 221.14223241806 220.572511355082 209.642191727956 194.230596224467
280.912399291992 274.342755476634 268.892566363017 272.229452927907 279.451211293538 285.359064737956 288.198570410411 284.748136997223 288.152019182841 285.229365030924 288.352211316427 288.346926371257 288.523733615875 289.714276790619 282.682200272878 283.334732055664 282.841960589091 275.05091826121 272.004703680674 273.359974225362 273.296674092611 269.149839878082 268.475472927094 266.799449920654 262.944976488749 261.92440589269 259.782711664836 257.203221321106 255.656123161316 250.32635529836 238.157947858175 234.836935997009 219.823817412059 210.520207881927 212.510506312052 209.682583808899 192.789196968079 178.580522537231 170.687158902486 182.14362859726 208.686411380768 202.38204797109 194.001873334249 184.56772963206 180.52742878596 183.802405993144
282.592256863912 279.145201047262 273.245910803477 269.67853307724 274.084409077962 283.514698346456 286.941150824229 284.694254398346 284.019748369853 287.315090497335 290.194312731425 291.611949602763 289.704918861389 290.453910827637 285.345494747162 285.499850908915 285.282135009766 279.870390892029 276.25318368276 274.247924486796 272.514939308167 270.337323347727 269.852419694265 270.06330092748 265.790502230326 265.920559565226 260.675291220347 253.182828426361 248.510897159576 240.817586580912 235.514183839162 235.906561215719 227.096815903982 227.458993593852 233.29504330953 238.431473573049 240.707794825236 229.444861412048 211.434483528137 178.476413091024 181.98835849762 190.043290456136 190.430243810018 183.368901411692 187.366366386414 199.686646461487
284.512042999268 282.14826186498 279.19598420461 271.083255608877 270.00770966212 279.507259527842 283.833305040995 284.704486529032 281.486948331197 286.431034406026 291.620949904124 293.244898319244 291.162749131521 291.123648484548 288.40313355128 284.745494524638 285.812417666117 280.787428220113 276.021162668864 274.540325005849 275.142093499502 273.49595228831 269.698619842529 268.007397651672 265.76030254364 262.030144532522 245.314081509908 224.484701951345 219.915787378947 224.56423441569 233.074267705282 232.769072055817 225.91112057368 225.446204344432 236.721336841583 250.566840171814 264.128684997559 268.660227457682 259.668330351512 217.527429262797 187.77867158254 197.888712088267 210.362990697225 218.489209810893 225.782036781311 234.472314516703
283.942818641663 280.249814192454 280.779679616292 276.693145434062 271.742463111877 275.39857228597 283.402820428212 285.289347171783 282.77466694514 283.517400423686 289.883553981781 292.758683363597 288.189629713694 287.558078765869 289.728919665019 281.807581583659 281.555116176605 280.226608117421 276.580055554708 276.744147141774 276.402672131856 277.316848436991 272.981643676758 267.242232958476 266.413549582164 263.958056767782 248.199502627055 226.871728897095 225.000242392222 231.167833010356 240.648945172628 236.383716265361 235.552132129669 240.206440289815 251.310189565023 257.833778858185 261.651595433553 236.354231834412 208.666682243347 207.801719506582 214.072068532308 227.491736412048 224.68642393748 213.688254356384 209.121386210124 222.357590993245
275.212287902832 278.781195481618 278.424779574076 276.733775933584 274.039268493652 271.250089009603 282.439390818278 287.343184153239 284.157395362854 281.599720319112 286.802927652995 291.541834672292 289.154589176178 284.318804740906 286.305705706279 282.449146111806 277.856469154358 277.446309725444 278.346260388692 279.006898403168 279.280443986257 275.720278422038 273.901204268138 268.277208010356 267.296731472015 271.759986877441 265.619655450185 259.636600812276 257.409354050954 254.835446675618 253.104031085968 243.159572283427 247.224708398183 248.253464698792 246.034820874532 235.253810882568 212.009191513062 169.673462708791 149.763921896617 186.107436815898 226.20689868927 236.054400602976 219.925940036774 210.220376650492 213.588178157806 225.098510583242
264.449417591095 274.818380673726 276.28892660141 274.287601312002 275.514185428619 270.737071832021 276.290774345398 286.311050256093 287.932276725769 284.834106763204 286.184787750244 287.779907385508 289.261400699615 285.212318102519 285.62327226003 283.143103122711 277.413785457611 274.745722611745 271.697958310445 272.199054559072 273.610492547353 272.434115409851 271.298050880432 269.368449846904 267.512540022532 273.736755053202 279.242833455404 282.265881697337 262.776017189026 260.418315728505 254.746894041697 243.347883224487 240.056077639262 228.709161281586 198.502977689107 172.981063524882 160.953263441722 147.701183954875 135.945588350296 152.69406636556 179.823358853658 208.1604997317 220.233897368113 236.885686715444 264.5436724027 269.573966662089
