input/barkrak2/radiation/dir15024.grid
NCOLS 85 
NROWS 70 
XLLCORNER 665100 
YLLCORNER 4664600 
CELLSIZE 20 
NODATA_value -9999 
[rows 20 to 39 of 70, columns 0 to 45 of 85]
199.100613594055 191.844900449117 207.952439785004 248.514513174693 243.280212084452 195.864101250966 181.624015172323 186.136225859324 199.134210745494 221.353630224864 234.197636445363 240.34063021342 251.143455505371 263.267318407695 278.194069862366 301.94362004598 327.120304107666 330.649375915527 335.693120956421 341.814557711283 344.118634859721 338.06300163269 337.042888005575 338.651299476624 338.763197263082 340.018113454183 341.969092686971 338.892062505086 334.474444389343 333.729426066081 328.124483426412 317.537148793538 309.145708878835 305.365939935048 303.395688533783 308.488011360168 308.671534061432 310.929040114085 315.426349639893 318.141043186188 319.071968396505 319.125394026438 321.225543816884 315.938353538513 320.210814476013 322.337508201599
225.947578748067 225.375294685364 243.496000766754 273.719986279805 269.310096899668 209.975679715474 192.044655481974 194.185376167297 202.003180980682 215.877811113993 225.912491480509 236.468513806661 243.345260620117 246.161679426829 264.249086380005 282.048761844635 299.958646297455 325.585583845774 330.925405025482 338.982979456584 341.947635014852 346.49662176768 347.942511240641 347.224950790405 343.151807785034 338.907480239868 336.058100064596 332.663277784983 331.764062245687 324.968079725901 308.66531531016 280.883888403575 261.108219623566 259.423096974691 267.025510470072 285.529812177022 292.90246963501 307.149151961009 315.412878990173 316.296696662903 314.620117346446 312.681416670481 307.388464609782 294.349292914073 311.83660030365 320.390005906423
265.610297520955 273.364663124084 280.642708142598 290.237585703532 290.795644124349 242.836654186249 215.635895729065 200.643579165141 196.949203809102 207.192858060201 227.486431598663 235.935032367706 249.970436096191 253.698945045471 264.090418815613 274.204631646474 290.924231211344 305.031458536784 323.49701722463 326.579729715983 328.290998935699 338.392655054728 343.769987424215 343.879103660583 341.274619102478 338.696201642354 335.301240285238 326.413830121358 316.553314526876 295.604705810547 256.30525747935 206.084330876668 184.70162153244 202.458620071411 230.638106664022 255.290846029917 273.281097412109 291.912972927094 303.779661655426 305.746873219808 308.809181054433 309.395352999369 288.148919741313 267.72403717041 294.224838415782 317.782560984294
285.537521044413 288.439492384593 288.711170355479 295.516490936279 295.211851596832 277.500887711843 238.424777984619 209.811429182688 194.326817989349 199.109931786855 223.277072111766 235.557436943054 253.11549504598 266.151070594788 268.089552720388 273.853659629822 285.208066304525 296.36538028717 308.456261952718 310.404658317566 313.377479712168 315.886120001475 326.945741971334 333.406090736389 328.114767869314 314.947724342346 300.225476423899 292.55622625351 265.689571698507 223.006327946981 183.691104253133 162.932554880778 132.91080792745 130.866716305415 144.267370303472 180.023451646169 223.230103651683 250.105500221252 266.463081041972 276.430666446686 275.932510693868 261.619289716085 247.522075970968 280.288696289062 279.329339663188 311.411341031392
277.678370475769 279.720266660055 289.112210273743 297.077298164368 288.26367855072 277.905186017354 248.313228289286 225.176692008972 205.833991368612 198.81550470988 216.352502504985 232.841690381368 246.615548928579 261.084894339244 269.229928652445 272.467871507009 281.268914540609 294.088800748189 302.993774414062 301.219840844472 306.910415490468 306.824584801992 301.194727420807 291.082123915354 293.1201060613 289.981265862783 282.963752746582 269.373516241709 237.351596355438 178.935368855794 159.573982159297 157.981634140015 139.209300279617 113.658130168915 105.215787887573 120.675444602966 163.969566424688 204.060117403666 229.260146617889 243.485351403554 232.64342546463 210.882941881816 232.166409492493 297.601501146952 290.684064229329 312.954107920329
271.816035111745 275.927642981211 287.933508555094 294.017255306244 289.826512336731 279.577096303304 257.497151692708 250.62902768453 240.826447804769 225.755413373311 225.468118985494 244.163811206818 257.558385531108 271.608392397563 276.20796362559 275.514920552572 278.901477654775 294.088045756022 298.712948958079 304.510593414307 304.187655448914 292.460282643636 282.628953456879 284.590462843577 285.360753536224 283.389310042063 271.680136521657 258.743246396383 216.31517012914 187.853813171387 186.35888894399 202.898661295573 206.653634707133 178.444186846415 144.767860571543 127.929310003916 143.901000420252 170.835137367249 207.796851793925 226.766626040141 207.886099815369 199.337065219879 240.298529465993 283.181071281433 303.27320098877 323.031385739644
273.656149705251 275.870124499003 284.0230067571 291.328012943268 302.326778570811 288.910289605459 273.486236731211 262.857516606649 261.753976345062 255.956073602041 246.402780214945 263.24055592219 273.274938265483 286.562482515971 286.976595719655 282.458901405334 283.352096875509 295.103391011556 293.684740861257 297.99085855484 300.972938537598 296.593228975932 288.981179396311 284.042676289876 286.550462245941 282.679994901021 270.558714866638 259.341657161713 223.561982313792 217.652678489685 239.179273446401 262.804905573527 267.328421274821 277.942935625712 254.998743534088 170.485198497772 156.921784083048 168.517072995504 194.027940432231 224.758346875509 217.457115650177 249.172727266947 246.665914853414 259.104212125142 294.342835744222 310.426592826843
277.831494808197 274.121065934499 277.286251386007 287.883003552755 323.970119158427 299.143195152283 279.238184293111 263.22877407074 263.90532652537 271.217286586761 265.417019526164 267.870962619781 279.900968074799 289.874772230784 292.065878709157 290.305078029633 286.136507987976 286.053538322449 293.722530206044 300.585806369781 297.746022542318 290.983080863953 288.017312685649 290.351351102193 293.073177337646 289.541304111481 279.670874277751 270.438770453135 247.082153956095 245.558540026347 269.490202267965 284.048199653625 282.956818739573 296.803216139476 319.820602734884 251.115798950195 187.157432238261 172.445436318715 186.352511246999 226.255933443705 255.333284536997 301.388462384542 258.943100770315 249.476214249929 280.640383561452 291.705926259359
275.227189064026 266.965289910634 270.87942759196 294.32467619578 335.92414855957 299.7039159139 270.277440547943 257.621069749196 262.626667817434 269.790808359782 267.193416754405 265.576521555583 279.771169026693 291.192273298899 293.006002902985 294.265866279602 287.79137134552 282.083074251811 291.105647881826 294.982075691223 290.597478548686 287.428975105286 284.856796264648 293.144543965658 294.008612632751 291.355967521667 286.944190661112 278.562545776367 258.465349674225 253.383060296377 276.115934054057 294.050653775533 293.119013309479 291.545271873474 312.251667181651 312.600453694661 222.009042898814 163.202365239461 153.669039408366 196.581999460856 264.338115851084 283.782482147217 249.966740608215 227.988243103027 251.907845338186 265.7177845637
268.065293629964 259.165426095327 267.578403155009 304.701904455821 332.911014556885 295.89573542277 262.821316719055 245.101869106293 242.359121640523 248.57101837794 247.363984584808 252.872963746389 274.962464968363 289.652248223623 291.277289390564 295.145789782206 292.861719926198 281.109869480133 284.539481004079 286.631306012471 285.51572561264 287.34568754832 286.85188293457 292.329827944438 296.200374762217 294.424215952555 295.304139455159 284.266253312429 264.787077903748 262.229959170024 281.409204006195 299.327850341797 294.713179270426 291.404147942861 300.655802090963 319.267630577087 302.564819653829 227.2869348526 179.284850756327 188.690602779388 225.107630093892 239.119946956635 239.29621775945 211.927235126495 221.366624037425 247.345010439555
256.50946299235 266.449411710103 296.056528886159 341.895341873169 342.694282531738 301.119963328044 263.922890027364 234.914024670919 229.135990142822 239.867409070333 232.754468917847 234.118978182475 268.049935499827 285.720467567444 293.981273969014 297.705173492432 296.116789182027 287.925203641256 286.836584409078 289.310495058695 286.834081013997 292.001406351725 293.109158674876 295.460323492686 297.477046648661 301.270365715027 301.326970259349 294.890364011129 277.06241607666 274.60245291392 287.339528401693 299.945513407389 297.226806481679 297.086040178935 301.058610280355 303.825259208679 325.299263000488 333.235164483388 267.099539438883 219.885806242625 205.732305844625 197.547733783722 216.547509034475 213.816523551941 218.185782432556 250.47242641449
275.145014127096 301.175951957703 320.719559987386 326.50492588679 353.445013364156 334.054231643677 296.964168548584 259.784360726674 244.313021500905 259.457528591156 253.432035446167 234.2569231987 254.148840904236 283.663153648376 294.283330440521 298.940936724345 299.971461296082 296.154816945394 292.482654253642 291.047692298889 293.170730272929 297.917783260345 297.821780045827 296.976407368978 298.667808373769 306.179940700531 308.441539605459 307.200233141581 294.662594795227 289.788722991943 293.977479139964 297.98024892807 299.7039159139 304.238279660543 306.940297285716 295.42483886083 303.587337334951 339.735706647237 334.050178527832 272.621909777323 224.055409431458 199.150780836741 200.079083442688 216.351211071014 239.932835102081 267.038444677989
306.959887345632 316.518584887187 307.098925113678 299.677173296611 318.075915177663 338.391780853271 332.582215468089 304.051339626312 279.081066449483 282.568335533142 284.292062123617 260.244170824687 252.881487210592 278.765261173248 296.13329966863 299.937307834625 297.709623972575 301.409780979156 292.238195737203 292.759160200755 298.589328924815 298.288603623708 300.403634707133 297.632892926534 300.530016422272 307.430108388265 313.546856244405 314.678092797597 304.525891939799 296.425402164459 303.20680141449 306.571165720622 302.576502164205 304.620226224263 308.787624041239 298.57736825943 297.976116339366 316.743572552999 319.025933742523 292.973399162292 263.064662615458 223.731160163879 204.21173175176 211.128532886505 232.432425022125 264.532268047333
299.322923024495 292.545040448507 285.488824049632 274.524907271067 275.149981180827 295.55865128835 315.702875455221 312.655091285706 300.458709398905 302.691996097565 301.652590433757 288.275301456451 275.309026241302 284.147957960765 296.698927879333 299.214204152425 295.313080151876 298.777957757314 293.254852294922 295.829256375631 297.6420323054 299.063781897227 296.112914880117 294.741531213125 297.733843326569 305.171608924866 311.054428418477 311.362147331238 306.053638458252 303.298473358154 308.457732200623 306.955019632975 296.054104963938 294.811507066091 298.107425371806 283.591012159983 280.905604362488 280.96878528595 273.480455080668 276.909033457438 286.020278930664 253.856917222341 228.353222211202 216.266433397929 217.757443586985 240.982631842295
292.917986710866 282.751679420471 288.959185282389 274.947802225749 267.045338948568 278.585374355316 304.392119248708 327.566206455231 322.003046671549 310.417453447978 299.530565738678 298.190911610921 303.183197975159 301.624894142151 303.784092267354 299.364030361176 299.593329429626 299.055894215902 297.476549943288 302.034854888916 298.078219095866 295.803646246592 294.319311777751 294.827500979106 296.369274457296 302.249709765116 307.184318701426 305.354535579681 304.478704929352 307.796359062195 309.086422125498 299.307286739349 284.109075864156 288.827300071716 287.628928820292 271.084725856781 272.057056427002 272.027850151062 277.931412061055 297.784487406413 298.286159833272 286.971092224121 263.25382788976 246.536771456401 228.111445903778 221.200982729594
312.58503595988 307.459632555644 316.777427991231 311.792016029358 301.796078681946 306.169251600901 322.474996248881 343.859076499939 336.926301320394 313.663899898529 299.018760522207 305.086235205332 319.736381371816 313.374797503154 306.968152523041 310.168067614237 307.165046532949 300.61012506485 303.107062975566 302.813688913981 300.329943497976 297.465999921163 297.874013582865 300.654371579488 297.483603159587 300.843457380931 303.184390068054 298.986117045085 301.320513089498 309.948563575745 308.225194613139 298.042833805084 285.743455092112 286.504546801249 278.804421424866 274.236460526784 279.413501421611 280.190110206604 291.460454463959 318.705360094706 286.213040351868 273.713847001394 263.740340868632 254.806598027547 237.602531909943 215.889612833659
336.54526869456 333.945751190186 336.004813512166 338.438153266907 329.750696818034 323.487321535746 328.233460585276 342.538595199585 338.80877494812 311.305264631907 302.597403526306 313.130656878154 323.916594187419 316.030462582906 310.607314109802 315.165778001149 317.41201877594 309.533317883809 307.448228200277 309.626539548238 307.919541994731 303.385059038798 301.457762718201 303.587555885315 298.862079779307 298.507730166117 300.496200720469 302.749315897624 305.304805437724 311.006009578705 308.903376261393 300.07537206014 288.315892219543 282.761216163635 274.278581142426 279.261211554209 285.559713840485 284.999152024587 287.958999474843 308.154702186584 275.500078996023 233.099341392517 221.822679042816 215.953528881073 213.135123252869 207.440833250682
348.334550857544 345.579703648885 341.848254203796 342.627724011739 336.965282758077 329.221665859222 326.30862792333 331.855297088623 337.91438738505 317.870179812113 316.09567006429 324.23730691274 322.72740205129 315.935671329498 312.350491682688 313.794712225596 321.461836496989 315.660119056702 313.651124636332 313.93426656723 311.497807502747 308.362642923991 303.204794724782 304.197510083516 301.917195320129 301.044106483459 302.236517270406 304.974834124247 307.263314723969 309.230069319407 310.911019643148 303.020695845286 291.14560286204 276.009619235992 267.342368761698 282.933672269185 292.52294699351 290.361046791077 280.972580115 294.992486635844 276.18016799291 208.059112230937 177.481353282928 165.190696716309 163.403213024139 172.360062599182
349.418560663859 352.031151453654 351.314703623454 349.356134732564 346.039970715841 341.081738471985 334.773461023966 330.450634161631 332.82063404719 328.868806362152 335.671186447144 333.076258500417 324.03431336085 324.651996294657 316.566030184428 313.00010283788 321.344534556071 320.6920226415 313.934167226156 312.860071659088 312.284529209137 308.080732822418 303.564488887787 303.348918755849 305.572787920634 305.239458878835 303.919275601705 305.324037869771 308.410803476969 308.780511220296 311.400254567464 305.348813533783 287.019471327464 264.576315879822 272.988220055898 295.172373453776 297.88064956665 292.789995670319 275.73957045873 281.271497408549 300.873955090841 253.376563390096 195.687452952067 165.917446215947 155.758808056513 150.292416413625
338.249564170837 341.988285382589 342.70191192627 345.505952835083 350.382129351298 354.042609532674 354.360898335775 351.98978583018 350.020925203959 350.364168485006 345.553318659465 332.178115844727 328.156888484955 323.171734809875 321.356495221456 317.18639532725 319.226960341136 319.648424784342 311.658104260763 311.323602994283 312.200327714284 313.914716243744 309.510072072347 305.1451643308 303.406755129496 304.706215858459 306.875348091125 308.054765065511 309.894661108653 309.409340222677 309.616684913635 306.186417738597 282.172580560048 265.361845493317 288.036028544108 302.842736244202 298.695663611094 293.93212000529 280.712644259135 276.728530724843 310.870011647542 333.344658215841 278.834660847982 224.755525588989 182.51637617747 154.740889867147
