input/barkrak2/radiation/dir13824.grid
NCOLS 85 
NROWS 70 
XLLCORNER 665100 
YLLCORNER 4664600 
CELLSIZE 20 
NODATA_value -9999 
[rows 20 to 39 of 70, columns 0 to 45 of 85]
181.888341903687 174.471020698547 189.486622810364 228.980580965678 223.732093969981 182.180861632029 167.019307613373 173.062225182851 186.011989911397 207.393527030945 220.660130182902 229.253093401591 231.127619743347 243.059058984121 257.911304632823 278.40268611908 298.446973164876 317.212740580241 322.208782037099 330.315550168355 333.148896694183 325.788060824076 324.52513774236 326.368550459544 327.646136283875 328.193465868632 330.622732639313 328.023334344228 324.098229408264 323.445916175842 317.011455694834 305.508037408193 295.639296372732 290.503879388173 288.530031840007 293.973644574483 293.468058109283 295.731127262115 300.354361534119 304.584383964539 304.455856482188 304.574290911357 306.942721207937 301.18715763092 305.854956309001 309.712469577789
211.610317230225 208.861172199249 223.794360955556 255.195717016856 251.673579216003 192.434112230937 177.785674730937 182.101905345917 190.166493256887 202.542225519816 215.644637743632 222.967068354289 229.125579198202 231.282273928324 243.921915690104 261.942028999329 279.148936271667 294.533570607503 314.85923131307 326.529403527578 330.337901910146 336.225549379985 338.213642438253 337.240099906921 333.062648773193 327.811777591705 323.55010509491 319.577018419902 320.206264654795 313.457131385803 296.252727508545 266.7116522789 245.100120703379 241.919537385305 249.048511187236 268.339415391286 276.122510433197 291.216969490051 300.267597039541 301.235477129618 299.433767795563 298.51096868515 291.851103305817 277.685006459554 298.101643721263 306.044538815816
253.302117188772 259.452561537425 263.075709342957 272.569338480632 272.443989912669 225.953996181488 202.198704083761 189.132908980052 185.722390810649 194.252689679464 214.751164118449 222.702304522196 235.898812611898 239.139199256897 244.343062241872 257.744093736013 271.148522694906 285.884857177734 298.665940761566 307.283500830332 315.065960089366 327.189763387044 332.633395989736 333.218038082123 330.488522847493 327.773451805115 316.053907076518 305.862367153168 295.536080996195 269.545356432597 237.488309542338 190.043250719706 166.58482948939 182.665387789408 210.87121963501 236.258149147034 254.059473673503 274.769504865011 287.456512451172 290.821393330892 293.101946512858 293.908655643463 271.562099456787 250.709434350332 277.969261010488 303.246855735779
276.104648907979 277.377128601074 272.836486498515 277.640442053477 277.083913485209 260.47956943512 225.014825661977 197.818398475647 182.997186978658 187.267204125722 209.610303243001 225.252787272135 238.138238588969 252.260406812032 252.043763796488 255.951623121897 267.202158768972 279.860456784566 289.939026037852 286.608695983887 291.589736938477 300.349513689677 305.051704247793 307.093620300293 301.550428072612 292.133589585622 279.873887697856 269.904990990957 248.404244581858 205.124417940776 173.185964425405 148.841092983882 116.81205034256 108.47270488739 121.194382508596 157.967587312063 203.144033749898 230.87743918101 247.970859209696 258.405963579814 257.910211881002 243.507941563924 229.521453380585 262.583633263906 261.677304903666 295.810381571452
268.780708312988 270.140806833903 275.749087333679 279.817998409271 270.551641782125 260.736107826233 233.815332253774 212.653795878092 196.85955842336 190.646111965179 203.757405281067 220.196763674418 233.105142911275 247.106552124023 251.231829325358 254.639347394307 263.339161872864 276.386777559916 284.781336784363 280.497074127197 280.018448829651 265.09431997935 265.361924966176 277.068297068278 279.529770215352 276.549379030863 267.018834749858 253.938953081767 226.054886976878 168.283641338348 148.288071155548 144.968450069427 124.827365080516 90.8925036589305 83.2133591175079 101.594865322113 143.743326266607 183.355808258057 209.323346614838 223.953346411387 213.840007781982 191.177487373352 212.549010912577 282.362182935079 277.37557888031 296.653966108958
261.658887068431 266.044795513153 276.170631249746 277.346670627594 271.194875240326 262.370030085246 243.651231129964 239.401241143545 230.712314446767 215.876837571462 214.640617370605 231.853246688843 244.638621807098 258.096992969513 260.471522808075 259.486218293508 264.333367347717 274.792393048604 275.901317596436 275.435507297516 274.99783039093 267.862101395925 262.537658214569 265.812734762828 270.466128985087 267.306526501973 255.449175834656 247.13279803594 200.70215066274 177.050610383352 174.861629803975 190.71638584137 192.82591342926 157.451262076696 123.515506585439 112.396419048309 126.205662886302 151.198069254557 182.372887929281 206.604023774465 187.909483909607 178.902447223663 221.15949789683 271.496335665385 292.079865932465 306.678970654805
263.176620006561 265.908618768056 273.135940233866 276.246766249339 284.491916497548 273.394683996836 261.980414390564 254.13978099823 254.404246807098 248.244007428487 236.756404240926 252.832154432933 261.373400688171 273.984948794047 275.233785311381 266.657968362172 262.092431386312 264.085412025452 271.002352237701 281.983594099681 284.485856691996 280.481080214183 273.50260814031 266.698320706685 268.601377805074 268.515229225159 258.218328158061 247.132420539856 213.968495527903 208.082795143127 228.64290078481 252.930144468943 258.200466632843 265.106161435445 235.069870948792 152.118653059006 140.730728705724 150.153557459513 176.359077294668 197.314878304799 198.200345039368 229.512512683868 233.731687068939 250.251313050588 283.72844060262 294.042487939199
267.225464185079 263.6625568072 266.58695936203 273.951013882955 307.861745357513 286.343634128571 270.602067311605 256.876071294149 257.992227872213 264.339546362559 256.158828735352 257.63475894928 268.309473991394 277.369817097982 277.618944644928 271.889328956604 263.196249802907 267.634510993958 279.306133588155 284.606357415517 282.223582267761 275.114794572194 272.510687510173 274.406949679057 272.903541723887 272.571980953217 265.831589698792 258.700489997864 239.392777283986 238.608717918396 261.310378710429 275.880297025045 275.893330574036 289.684812227885 305.48369884491 231.86457157135 169.651786486308 155.547618865967 166.872342427572 192.883769671122 235.933721065521 285.658478736877 246.009429295858 239.911198616028 266.621708869934 276.765942573547
265.223662058512 256.142477194468 259.823640187581 280.33717473348 321.619828542074 287.488520145416 262.766420841217 250.973741213481 255.047202110291 260.355333487193 256.718754768372 254.482289155324 269.008100032806 273.376365502675 274.739642937978 276.303549607595 273.170510927836 268.802106380463 276.594678560893 278.619885444641 275.884350140889 270.833651224772 270.289142926534 275.77539285024 277.353604634603 273.766318957011 273.263891537984 266.211410363515 250.673115253448 247.715651988983 269.805709520976 287.23680973053 287.075579166412 286.037564277649 304.150839646657 295.893669128418 201.986988385518 146.598438421885 135.857959588369 172.632038593292 245.240112145742 269.487162431081 239.1570409139 212.948262691498 235.143005847931 247.169355551402
258.746425310771 248.221596082052 256.005426247915 290.688474973043 319.030165672302 285.530885060628 253.973464171092 235.861122608185 231.551090876261 236.284752686818 235.216736793518 241.140524546305 258.423646291097 271.269957224528 274.925867716471 280.995468298594 280.021727085114 268.345137437185 270.985225836436 271.348694960276 270.228604475657 272.152324517568 272.281924883525 276.148915290833 280.466337998708 277.276476224263 279.989977677663 272.08000421524 256.191770235697 256.304164727529 275.917947292328 293.422122796377 289.445459842682 286.312143007914 295.904219150543 310.956577459971 285.331090291341 206.878463427226 160.91858347257 171.104947725932 207.912882169088 223.498662312826 225.913524627686 194.803675015767 203.070203463236 224.760333697001
247.909863789876 257.188399632772 287.03095515569 333.018084367116 332.093934218089 291.068136692047 253.388504187266 225.505868593852 216.598312060038 227.172871430715 220.149954160055 221.72349691391 252.707103888194 271.40200138092 279.467324415843 283.707817395528 283.510367075602 274.514575799306 271.721522013346 274.070799350739 273.127675056458 276.983996232351 280.293504397074 279.380480448405 281.665901343028 286.141872406006 287.034293015798 280.599494775136 267.881035804749 268.352786699931 282.506465911865 294.832348823547 291.730185349782 292.719304561615 297.651569048564 300.791998704274 317.5022204717 318.438847859701 249.161620934804 201.976815859477 187.827289104462 181.665142377218 199.001650015513 196.112275123596 199.615697065989 225.951711336772
266.663750012716 294.5223848025 317.690948645274 325.573066870372 349.163969357808 326.052149136861 287.957310676575 248.280763626099 233.217279116313 248.220026493073 241.250077883402 223.037838935852 238.20173740387 267.981151739756 280.360341072083 285.160859425863 283.836205800374 281.630198160807 277.150193850199 275.752604007721 277.990440527598 283.154904842377 285.161872704824 284.044543902079 284.393886725108 291.563312212626 293.508013089498 294.430673122406 284.88165140152 282.87414709727 288.743396600087 293.511430422465 295.5002784729 300.639688968658 303.568005561829 292.456110318502 299.747049808502 331.750750541687 319.198409716288 253.919661045074 203.335245450338 181.747078895569 182.66620238622 198.724170525869 220.56778271993 250.315388043722
302.598377068837 315.312167008718 309.490144252777 302.721699078878 320.233821868896 336.872498194377 327.363610267639 297.175049781799 273.577650388082 273.637771606445 274.322191874186 251.08136733373 242.442528406779 263.162116209666 285.640815893809 285.563588142395 284.872909386953 288.649360338847 278.73440583547 277.314345041911 283.597946166992 285.440504550934 283.89173746109 282.884339491526 284.558256467183 292.871991793315 297.585209210714 301.40882730484 293.108145395915 288.976033528646 296.748002370199 301.583409309387 298.02930355072 299.58301782608 303.570469220479 292.920390764872 292.791247367859 308.774749437968 305.073777834574 274.644215901693 242.484072844187 206.39040072759 188.448170820872 194.768786430359 215.90252717336 247.918089230855
300.916393597921 296.819746494293 290.639936923981 280.186335245768 281.209508577983 300.487359364827 317.281444867452 310.620884100596 295.569618542989 294.901212056478 294.430613517761 279.187639554342 265.659352143606 272.425393263499 285.960833231608 286.377747853597 285.462160905202 287.208755811055 280.95684448878 283.580660820007 280.715783437093 283.56138865153 277.4471839269 277.995685736338 283.186753590902 289.939820766449 298.504889011383 298.32512140274 294.494410355886 294.730285803477 301.630059878031 300.088246663411 289.339820543925 286.762773990631 290.536920229594 274.528920650482 272.325038909912 270.45085032781 258.504549662272 257.421811421712 267.997483412425 239.352623621623 212.903956572215 197.444061438243 198.508739471436 222.530861695608
296.758274237315 288.307984670003 294.226904710134 281.092683474223 273.71209859848 284.617900848389 308.415512243907 327.144046624502 317.272663116455 303.769846757253 293.991347153982 290.103435516357 292.243957519531 290.063818295797 290.786067644755 291.529277960459 285.943627357483 285.141944885254 285.147766272227 285.316308339437 282.384554545085 280.003388722738 279.153923193614 278.021852175395 281.705578168233 286.412437756856 292.769690354665 291.355192661285 290.018876393636 297.724843025208 301.234722137451 292.314946651459 276.92711353302 280.542631944021 278.408368428548 261.378804842631 262.79487212499 262.401858965556 265.139619509379 279.735922813416 280.706306298574 272.543708483378 249.024252096812 231.325705846151 212.692697842916 205.476959546407
314.673960208893 310.400446256002 318.980495134989 314.337134361267 304.794112841288 308.266599973043 323.236366113027 341.909011205037 331.64103825887 308.018247286479 294.102867444356 298.392573992411 308.990061283112 301.66232585907 296.728511651357 295.392135779063 293.581207593282 284.760594367981 286.349713802338 288.816352685293 287.688533465068 281.630357106527 284.122109413147 284.20486052831 282.854934533437 284.794906775157 286.597530047099 285.464664300283 287.61104742686 298.463761806488 299.377957979838 289.876262346904 278.70124578476 279.618263244629 270.124594370524 265.109598636627 270.44544617335 272.038420041402 281.808813412984 302.4715979894 269.043227036794 259.165167808533 248.785714308421 238.839268684387 220.962464809418 201.717257499695
334.370295206706 332.355856895447 334.729750951131 336.37547492981 328.119476636251 322.074214617411 327.182571093241 340.868234634399 334.601283073425 306.762337684631 295.522967974345 303.280075391134 312.372585137685 306.082149346669 294.319947560628 298.059503237406 300.57688554128 292.493502298991 294.370551904043 295.665740966797 294.454534848531 288.852790991465 287.841856479645 288.393060366313 285.47074397405 285.175899664561 286.594331264496 289.508541425069 291.611353556315 299.000958601634 300.230940183004 292.60774453481 281.206170717875 276.589334011078 266.455988089244 271.067976951599 276.889701684316 277.412156263987 280.160049597422 293.832619984945 254.580934842428 215.480287869771 201.929330825806 195.47180334727 195.168415705363 192.468265692393
342.306057612101 341.452201207479 339.333335558573 340.167323748271 333.949486414591 327.398578325907 325.891653696696 331.832468509674 335.927128791809 314.032991727193 309.821983178457 313.555677731832 311.146457990011 298.656523227692 294.38308874766 299.567957719167 306.000967820485 301.489353179932 298.26549688975 298.89182249705 298.241078853607 293.020188808441 290.477951367696 288.90597820282 288.642048835754 287.764191627502 288.216471672058 291.799982388814 293.655296166738 297.215739885966 300.183812777201 294.56102848053 284.552534421285 269.079009691874 259.522716204325 275.621056556702 285.145958264669 283.659338951111 274.501800537109 284.319758415222 254.962186018626 187.790433565776 157.393038272858 143.098016579946 146.703879038493 156.847854455312
339.89953994751 343.202471733093 344.592014948527 343.151609102885 340.24707476298 337.454716364543 333.327770233154 330.50807317098 332.637051741282 325.896839300791 328.265945116679 321.235338846842 307.464957237244 307.884097099304 303.625623385112 296.379884084066 305.587073167165 306.403160095215 300.698339939117 298.008441925049 297.604819138845 294.764777024587 290.412366390228 290.420651435852 292.111933231354 293.97968451182 292.558153470357 294.411778450012 297.048985958099 296.255528926849 299.43041006724 297.041515509288 279.883762200673 257.125695546468 265.21372795105 288.314600785573 291.700104872386 286.109248797099 270.37779490153 274.865369002024 285.55699189504 231.02879524231 171.146591504415 143.93342534701 138.363202412923 138.464073340098
325.490792592367 330.077230930328 329.852799574534 334.153453509013 340.440988540649 345.778902371724 347.827553749084 347.242991129557 345.430850982666 341.58182144165 334.104379018148 317.345996697744 311.524391174316 310.052752494812 305.307388305664 301.278869311015 304.774403572083 302.182674407959 297.801931699117 295.325696468353 297.545433044434 298.490424950918 298.236648241679 293.706476688385 291.448970635732 293.661713600159 295.534253120422 296.957711378733 298.402726650238 298.111319541931 297.293563683828 296.2832848231 274.221777915955 258.269190788269 282.094279925029 297.568698724111 292.870879173279 288.365046183268 275.739947954814 273.454089959462 304.622073968252 318.136473496755 257.611254851023 204.093933105469 165.825078884761 139.237274726232
