input/barkrak2/radiation/dir15424.grid
NCOLS 85 
NROWS 70 
XLLCORNER 665100 
YLLCORNER 4664600 
CELLSIZE 20 
NODATA_value -9999 
[rows 0 to 19 of 70, columns 0 to 45 of 85]
352.056066195169990 354.793508847555 354.329665501912 350.123484929403 344.650586446126 339.621225992839 331.633607546488 325.517535209656 330.518285433451 329.279899597168 326.087951660156 334.083596865336 340.597112973531 340.447147687276 343.478759129842 353.475173314412 355.44749101003 349.823713302612 335.172414779663 326.308190822601 303.174336751302 298.102955023448 314.451595147451 320.727447668711 317.994475364685 315.553188323975 314.385851224263 306.903262933095 288.256386915843 280.990958213806 279.978652795156 284.631947676341 293.656706809998 299.241701761882 306.355516115824 299.368480841319 295.966982841492 304.196715354919 302.033682664235 304.177800814311 294.182459513346 275.141974290212 285.689155260722 309.613029162089 315.714836120605 306.938846906026
345.491647720337 351.35014851888 351.507345835368 350.233753522237 348.220666249593 344.153722127279 333.603342374166 322.986284891764 325.952490170797 327.792743841807 322.476287682851 329.012592633565 337.305227915446 338.768561681112 337.069352467855 342.504382133484 342.954874038696 340.685288111369 338.960925738017 331.904609998067 316.5269891421 307.426730791728 312.242190043132 317.596971988678 316.118240356445 312.042196591695 311.284005641937 305.578072865804 291.468520959218 281.541407108307 282.526771227519 291.909178098043 290.088713169098 294.025540351868 305.175582567851 297.66458272934 290.80460468928 292.031645774841 287.19965616862 302.858928839366 300.559639930725 288.163185119629 295.344094435374 314.991474151611 320.716798305511 309.323151906331
326.255997021993 325.080394744873 330.024878184001 335.607886314392 340.537230173747 340.936740239461 341.513673464457 337.607622146606 333.784818649292 330.234964688619 322.014848391215 322.370370229085 330.501357714335 332.792123158773 328.47664753596 331.802308559418 335.184017817179 340.197761853536 342.616558074951 338.299671808879 333.456436793009 323.616127173106 315.610448519389 314.155141512553 315.290768941243 315.880656242371 310.427923997243 304.042855898539 292.929172515869 280.855278174082 278.610507647196 290.871977806091 278.158088525136 286.140322685242 300.708134969076 294.662157694499 279.337843259176 272.342264652252 285.034696261088 302.816649278005 304.426888624827 304.609497388204 307.004610697428 321.398834387461 331.73402150472 317.879199981689
309.265991051992 306.109488010406 310.8838001887 311.264872550964 312.213699022929 314.626216888428 319.11430756251 326.92156235377 335.287809371948 338.212052981059 334.837555885315 332.334935665131 333.094497521718 332.132458686829 328.349014123281 322.081089019775 324.677109718323 330.590685208638 337.024927139282 338.683843612671 337.22448348999 333.710233370463 331.862509250641 325.19535223643 323.251763979594 324.956794579824 318.950235843658 310.318032900492 301.694929599762 292.030811309814 282.223006089528 289.647579193115 278.159399827321 284.64686870575 291.495064894358 292.638460795085 285.989503065745 282.732645670573 301.501433054606 314.890265464783 312.186459700267 304.70867951711 300.735374291738 308.942794799805 320.197741190592 322.567721207937
323.084950447083 309.443831443787 298.641681671143 281.646768252055 286.648273468018 299.83514547348 313.11156352361 319.798370202382 325.80554485321 329.640587170919 336.854060490926 341.902812321981 343.097368876139 342.238148053487 339.5148118337 336.697657903035 334.167798360189 329.65083916982 332.42521683375 337.300300598145 336.77617708842 336.591958999634 339.345455169678 334.162314732869 329.523980617523 328.238765398661 323.342800140381 314.488152662913 305.847108364105 300.508141517639 298.905313014984 296.694715817769 289.859453837077 291.914145151774 289.813876152039 293.359239896138 303.49858601888 308.438658714294 318.150162696838 323.510388533274 321.462372938792 313.859780629476 305.868903795878 301.80682738622 307.496289412181 327.801386515299
346.191922823588 330.033183097839 306.759198506673 288.402020931244 279.813190301259 288.948794205983 308.713694413503 318.939586480459 320.247232913971 320.398767789205 326.620837052663 333.904504776001 338.387052218119 339.991331100464 342.463572820028 343.081871668498 339.524428049723 332.116564114888 330.756545066833 334.004918734233 333.573341369629 336.744546890259 341.723402341207 339.689970016479 335.248510042826 334.25764242808 327.724516391754 318.604409694672 308.299322923024 301.532367865245 301.158845424652 297.433853149414 302.899142106374 307.526369889577 302.388866742452 299.41056172053 307.661016782125 315.149982770284 319.308559099833 319.880863030752 320.650319258372 316.710472106934 313.905874888102 312.988181908925 311.804572741191 317.178150018056
348.109205563863 339.081843694051 328.66378625234 314.350922902425 299.065311749776 288.768231868744 291.868249575297 314.189434051514 322.827378908793 327.653626600901 326.057374477386 322.906454404195 320.309261480967 316.943049430847 318.444788455963 327.502091725667 332.904497782389 337.82422542572 339.632908503215 339.261492093404 335.202097892761 331.287900606791 338.473637898763 340.801000595093 338.846683502197 339.701334635417 336.109081904093 328.549981117249 318.114161491394 311.076482137044 306.420385837555 307.643830776215 322.210788726807 327.619870503743 324.57971572876 317.806760470072 316.284080346425 319.779932498932 323.095440864563 328.555782636007 328.622659047445 324.480811754862 320.458829402924 314.648409684499 299.589117368062 293.397545814514
344.597895940145 344.47705745697 343.388358751933 336.941957473755 323.670427004496 301.053424676259 283.571243286133 285.524169603984 310.224572817485 327.464361985524 331.425766150157 328.032851219177 322.96492656072 317.336817582448 309.108257293701 311.522583166758 318.60355536143 328.021208445231 338.598608970642 343.903541564941 342.533429463704 335.868914922078 335.910399754842 339.314579963684 339.910944302877 342.309832572937 340.973615646362 336.743434270223 330.176254113515 326.076567173004 323.229352633158 324.216783046722 333.706617355347 336.622794469198 336.3063732783 332.667887210846 327.181776364644 323.291679223378 317.51940647761 324.022670586904 331.915815671285 335.381666819255 334.441105524699 325.123270352681 308.747450510661 292.852024237315
342.02249844869 342.735926310221 342.756470044454 341.158469518026 336.84770266215 326.087276140849 306.492368380229 283.876001834869 293.247063954671 310.277581214905 324.056108792623 328.297873338064 328.433612982432 327.223201592763 321.992973486582 317.824244499207 314.877927303314 317.920565605164 325.552503267924 336.216608683268 342.525124549866 343.248804410299 341.050346692403 338.575124740601 339.095234870911 342.331012090047 343.339562416077 340.84939956665 338.447570800781 338.939507802327 339.269717534383 338.336666425069 340.901454289754 342.306772867839 339.258988698324 337.563753128052 333.961407343547 326.476573944092 312.663435935974 315.824608008067 330.776592095693 334.282318751017 331.53905471166 327.061752478282 318.089385827382 308.823804060618
333.072443803151 336.958726247152 338.888565699259 338.628053665161 337.62256304423 338.19842338562 332.08554983139 321.326931317647 297.210057576497 289.27473227183 300.735116004944 318.440397580465 330.450157324473 334.674994150798 336.35950088501 333.115796248118 324.732879797618 321.733117103577 321.286797523499 322.146157423655 327.571074167887 331.238369146983 334.044416745504 334.913015365601 337.109486262004 339.20963605245 341.4333264033 340.210755666097 339.50153986613 341.533859570821 342.375199000041 342.364231745402 344.155589739482 346.488992373149 343.847195307414 340.354839960734 338.273127873739 333.641807238261 315.953314304352 311.92006667455 325.132012367249 326.853374640147 325.016339619954 322.878996531169 314.755320549011 305.500706036886
302.970468997955 312.484840552012 320.087631543477 325.658361117045 330.511411031087 334.524631500244 336.284518241882 335.182825724284 319.501519203186 301.061948140462 289.980828762054 296.623865763346 316.607594490051 331.174572308858 337.806065877279 333.330353101095 329.780519008636 326.699693997701 320.811212062836 317.274252573649 317.562619845072 317.340056101481 318.147122859955 325.367172559102 331.039170424143 334.545214970907 336.130221684774 335.625052452087 337.495684623718 339.889645576477 340.936660766602 342.681527137756 346.410950024923 346.949815750122 345.470348993937 342.412074406942 341.478705406189 341.212670008341 329.708139101664 317.673087120056 321.586231390635 325.260917345683 326.390743255615 326.345602671305 319.104393323263 310.30660867691
271.265069643656 275.699337323507 282.687882582347 291.698892911275 303.738792737325 315.301795800527 327.043096224467 330.658078193665 331.525047620138 324.004749457041 306.627074877421 291.097581386566 292.879164218903 309.638122717539 326.533695062002 327.116390069326 331.601560115814 330.688377221425 325.534621874491 319.08506155014 314.574658870697 311.256090799967 311.334292093913 317.546049753825 322.415133317312 324.944655100505 326.307356357574 328.763922055562 331.828057765961 334.265232086182 336.49476369222 339.92075920105 343.515634536743 343.605756759644 342.41779645284 341.658234596252 343.708435694377 345.199783643087 341.72268708547 332.510729630788 330.191393693288 333.20544163386 336.087703704834 336.0435962677 329.869310061137 327.430347601573
261.032938957214 257.26177295049 255.253831545512 254.324277242025 261.168956756592 275.355656941732 295.592208703359 311.628719170888 330.1020860672 333.065708478292 325.988570849101 310.871124267578 289.447784423828 287.554065386454 305.948853492737 323.60178232193 331.815918286641 333.03568760554 330.718100070953 325.961709022522 320.450901985168 319.516221682231 319.218218326569 318.986197312673 318.62090031306 317.502021789551 320.425947507222 325.933615366618 327.882766723633 328.05875937144 330.971499284108 334.425171216329 336.098432540894 337.011893590291 336.568713188171 338.858882586161 344.217777252197 346.963326136271 346.202611923218 344.425717989604 342.40714708964 341.730038324992 341.211875279744 340.652545293172 334.779620170593 331.70477549235
256.046652793884 231.364369392395 215.714792410533 210.475862026215 207.875192165375 213.661591211955 232.511818408966 263.716777165731 295.888801415761 320.821384588877 330.331325531006 330.916027228038 320.07094224294 300.977289676666 298.982779184977 318.080325921377 328.723688920339 335.136651992798 337.404171625773 335.940758387248 330.175181229909 328.045884768168 326.088011264801 326.065282026927 324.309190114339 322.44199514389 324.974258740743 330.012540022532 328.944464524587 325.513561566671 328.446547190348 331.713457902273 333.108484745026 333.422263463338 334.941506385803 337.79243628184 341.196656227112 343.241930007935 343.551794687907 342.717130978902 343.401710192362 344.398419062297 344.951868057251 342.49472618103 337.67573038737 333.388010660807
240.344484647115 206.57620827357 184.674580891927 180.528620878855 180.16920487086 184.840798377991 192.954242229462 217.629730701447 243.832488854726 286.892453829447 326.319177945455 340.823173522949 342.586437861125 334.543307622274 316.909193992615 313.81094455719 318.099240461985 328.149358431498 337.158759435018 339.183370272319 338.663339614868 335.809071858724 334.814111391703 333.337028821309 330.350399017334 328.212380409241 330.649316310883 331.836859385173 326.97719335556 324.973543485006 328.542232513428 331.445693969727 330.825845400492 331.008017063141 333.155790964762 335.415283838908 335.569024085999 335.014184315999 336.434602737427 336.310585339864 338.144858678182 341.472864151001 343.566338221232 341.914574305216 338.172157605489 336.277842521667
205.976088841756 181.323071320852 165.190080801646 161.633998155594 177.444934844971 198.955198129018 197.147289911906 202.680329481761 223.583976427714 251.556078592936 297.890921433767 338.284850120544 347.330093383789 346.36386235555 338.690519332886 320.47567764918 311.702787876129 313.549896081289 325.26433467865 338.114301363627 341.848293940226 339.245716730754 340.157151222229 337.575236956279 333.431164423625 333.480715751648 335.307081540426 332.920432090759 327.80667146047 330.215771993001 332.345902919769 332.00349410375 330.387532711029 328.989505767822 329.426725705465 329.050064086914 328.10386021932 324.471573034922 325.942715009054 326.972524325053 330.080091953278 332.314590613047 333.782394727071 332.806805769602 335.320075352987 337.12911605835
181.662340958913 172.422766685486 162.548114856084 153.673748175303 158.199419577916 182.178676128387 200.076003869375 203.619182109833 216.398616631826 230.177442232768 255.31933705012 304.01082833608 342.932860056559 345.263640085856 342.939416567485 339.263757069906 333.659569422404 322.785317897797 315.8265153567 323.909004529317 336.450735727946 340.832511583964 342.37011273702 340.199669202169 336.653629938761 337.577104568481 340.47790368398 337.770779927572 334.299763043721 337.448954582214 338.257233301799 332.433482011159 329.182426134745 327.453335126241 324.556450049082 322.852671146393 320.193986097972 319.422086079915 318.618734677633 320.776303609212 322.731753190358 323.584934075673 325.312455495199 326.914091904958 333.834926287333 337.254722913106
173.097193241119 176.5323082606 176.569004853566 165.316998958588 148.934334516525 158.712565898895 188.535352547963 204.130291938782 222.622692584991 233.409901460012 242.137531439463 270.450373490651 316.633641719818 342.174609502157 345.242897669474 346.33461634318 346.078276634216 339.979251225789 328.765650590261 317.672789096832 325.409352779388 339.083592096965 340.168158213298 338.991522789001 339.221000671387 342.737913131714 344.956239064534 343.211571375529 340.752641359965 342.244863510132 339.64212735494 333.241661389669 330.034951368968 326.514561971029 322.858532269796 321.038285891215 318.747460842133 319.031278292338 318.975607554118 319.296479225159 321.151773134867 322.338958581289 321.252624193827 324.024577935537 330.722332000732 335.894187291463
182.963967323303 193.565209706624 201.245427131653 193.228006362915 171.092549959819 168.023288249969 187.950670719147 207.794308662415 226.275324821472 248.743414878845 255.162378152212 264.299015204112 290.618737538656 323.610901832581 340.665260950724 345.170577367147 345.733046531677 344.611048698425 342.988212903341 333.882689476013 321.639915307363 330.537478129069 334.749301274617 337.987820307414 342.312177022298 345.814426740011 347.276012102763 345.743099848429 341.73595905304 341.310620307922 337.766567866008 333.750049273173 330.072283744812 326.794902483622 324.657181898753 321.992774804433 321.903069814046 319.216211636861 318.65527232488 320.845703283946 322.678029537201 323.724428812663 323.408166567485 325.625677903493 325.519720713298 333.536823590596
196.673810482025 201.289137204488 213.818033536275 227.591017882029 213.688174883525 185.672640800476 185.812771320343 196.830630302429 217.047373453776 240.473051865896 255.717615286509 257.799426714579 271.138409773509 288.803994655609 318.582018216451 337.884426116943 340.98752339681 341.80478254954 341.856042544047 341.769854227702 337.773124376933 329.922199249268 330.632428328196 335.830926895142 340.686957041423 344.883600870768 347.436189651489 345.388491948446 339.781522750854 339.360396067301 335.891246795654 330.976287523905 327.918728192647 326.837062835693 325.805604457855 323.323885599772 321.677267551422 316.508173942566 314.370314280192 320.429424444834 324.81441895167 325.973292191823 326.541523138682 326.470573743184 324.832598368327 329.69723145167
