input/barkrak2/radiation/dir14524.grid
NCOLS 85 
NROWS 70 
XLLCORNER 665100 
YLLCORNER 4664600 
CELLSIZE 20 
NODATA_value -9999 
[rows 20 to 39 of 70, columns 0 to 45 of 85]
193.189084529877 185.319344202677 201.133867104848 241.377313931783 235.052247842153 190.71106115977 177.031616369883 181.877275307973 194.868803024292 214.769423007965 227.401693662008 236.599008242289 244.445085525513 255.483011404673 272.318780422211 293.92929871877 318.235655625661 325.256824493408 330.547491709391 337.908347447713 340.415596961975 333.866357803345 331.875582536062 333.543062210083 334.699829419454 336.048324902852 338.157415390015 334.586024284363 330.537954966227 329.998970031738 324.040134747823 313.165227572123 304.121434688568 299.656669298808 297.9336977005 303.156971931458 303.317805131276 305.612881978353 310.23496389389 313.151001930237 314.106424649556 314.149022102356 315.295537312826 310.922145843506 315.394620100657 317.692538102468
220.632970333099 219.228188196818 236.126403013865 266.878724098206 262.77619600296 204.100171724955 187.495430310567 188.147326310476 195.624152819316 212.027688821157 222.360074520111 229.3501496315 239.370703697205 241.951644420624 254.644354184469 274.294495582581 293.017129103343 312.625209490458 325.285156567891 333.78791809082 338.040431340535 343.055645624797 343.854824701945 343.05477142334 339.478929837545 334.85468228658 331.805864969889 328.331212202708 327.485839525859 320.920030275981 304.222385088603 275.644938151042 255.177934964498 253.036479155223 260.598103205363 279.445966084798 286.985456943512 300.644437472026 310.228069623311 311.141451199849 308.329045772552 307.465016841888 301.999310652415 287.430028120677 306.768894195557 315.580487251282
261.0910932223 268.240888913472 274.173935254415 283.721725145976 283.397297064463 236.544271310171 211.40331029892 197.272837162018 193.800648053487 203.015704949697 220.780928929647 232.232769330343 242.567698160807 249.629378318787 254.854261875153 266.7569120725 283.105432987213 299.228409926097 312.876264254252 320.555329322815 323.659161726634 334.291219711304 340.021888415019 340.235193570455 336.992780367533 334.715167681376 331.020891666412 318.670491377513 309.369564056396 289.079666137695 249.855875968933 200.693249702454 178.217788537343 195.226947466532 223.598559697469 247.583587964376 265.868365764618 285.996536413829 296.977361043294 300.243814786275 303.388158480326 303.103566169739 281.622449556987 261.424422264099 288.797815640767 312.968512376149
282.10973739624 284.395893414815 282.849828402201 289.073506991069 288.809994856517 271.709064642588 234.199643135071 203.780889511108 188.447237014771 195.794522762299 219.262421131134 232.089380423228 247.960607210795 260.730504989624 262.351870536804 269.678692022959 278.025408585866 292.427917321523 301.191806793213 301.057457923889 305.435438950857 310.810724894206 322.187383969625 325.736423333486 316.213448842367 306.551178296407 289.994875590007 286.130309104919 261.553486188253 218.511025110881 179.511348406474 156.521817048391 126.734405755997 123.325109481812 135.709444681803 171.510338783264 216.220776240031 242.043296496073 260.067303975423 270.163754622142 268.554468949636 255.14809290568 240.77304204305 274.201989173889 272.042532761892 304.981748263041
274.451414744059 276.240885257721 284.203966458638 290.721952915192 281.720221042633 272.05487092336 243.594745794932 221.317867437998 202.473700046539 195.749998092651 210.327128569285 228.526790936788 241.602142651876 257.266084353129 260.000189145406 264.964858690898 273.936072985331 286.965787410736 295.472184816996 292.292336622874 299.083550771077 291.42548640569 289.78709379832 286.71540816625 288.845062255859 285.763462384542 276.367863019307 265.146374702454 233.174383640289 174.755930900574 155.31998872757 153.291543324788 133.880585432053 105.328569809596 97.7088212966919 113.753964503606 157.264103492101 195.364673932393 222.291012605031 236.628115177155 225.678602854411 203.733106454213 225.189129511515 292.69011815389 286.781152089437 307.500779628754
268.119176228841 272.323966026306 283.63025188446 287.858903408051 283.191800117493 272.305051485697 253.033498922984 245.052675406138 235.514263312022 223.000546296438 222.331166267395 240.370333194733 251.767516136169 266.161104043325 270.494401454926 268.100798130035 273.133277893066 284.832835197449 291.861653327942 295.280933380127 295.99392414093 280.420045057933 276.640832424164 277.691264947255 278.74888976415 276.900966962179 267.159581184387 254.443943500519 209.108769893646 183.865964412689 182.114084561666 198.397914568583 201.52356227239 170.740763346354 135.769337415695 120.748162269592 135.56095957756 163.361728191376 197.800993919373 218.604524930318 200.639406840007 191.355923811595 233.812928199768 279.804507891337 299.728333950043 318.572243054708
269.837061564128 272.239804267883 280.044813950857 285.767436027527 295.977393786112 283.672451972961 268.008649349213 258.208294709523 259.871284166972 254.001577695211 243.792494138082 258.023957411448 270.090361436208 281.54335419337 281.38546148936 278.504689534505 277.656356493632 283.911128838857 283.87180964152 292.92627175649 292.885104815165 289.778927961985 282.154460748037 279.860615730286 281.481266021729 278.092821439107 265.985508759816 255.25047381719 220.056176185608 214.14307753245 235.321799914042 259.209911028544 264.017562071482 273.225247859955 246.872286001841 164.252499739329 151.538948218028 162.78996070226 187.493443489075 214.960853258769 210.419436295827 242.242654164632 242.824614048004 256.619373957316 290.491620699565 304.116606712341
273.952424526215 270.313362280528 273.377696673075 282.758712768555 317.652006944021 294.976135094961 274.814009666443 259.476621945699 262.647986412048 269.551694393158 260.540803273519 262.730638186137 276.824096838633 284.858504931132 286.483883857727 285.008490085602 276.808361212413 277.347207069397 290.452798207601 293.781638145447 292.994618415833 286.086718241374 283.004542191823 282.159705956777 284.737110137939 283.307751019796 275.16899506251 265.45927921931 244.360605875651 243.050376574198 266.526679197947 281.070828437805 280.474722385406 294.244567553202 314.574360847473 244.508941968282 181.308110555013 166.915317376455 179.994702339172 211.632390817006 248.396833737691 296.202023824056 253.374139467875 247.29843934377 275.921761989594 284.603814284007
271.578729152679 263.010998566945 266.835908095042 289.180060227712 330.176413059235 294.78657245636 266.207973162333 253.752529621124 260.517001152039 266.770899295807 262.016197045644 262.522419293721 275.543053944906 286.130964756012 287.148515383403 285.750508308411 282.776713371277 278.511424859365 286.08493010203 286.229511102041 287.11998462677 280.686656634013 279.68434492747 284.91731484731 287.840902805328 283.768395582835 282.480974992116 274.446805318197 255.777597427368 251.363833745321 273.862262566884 291.611095269521 290.800154209137 289.596915245056 309.340834617615 306.084195772807 215.087215105693 157.045841217041 147.45020866394 188.611706097921 256.346563498179 277.060667673747 244.107584158579 221.307357152303 245.660185813904 258.032341798147
264.672140280406 255.165139834086 263.333698113759 299.55514272054 328.125854333242 291.03813568751 260.289470354716 242.492616176605 239.216268062592 242.700298627218 243.791937828064 249.526858329773 268.57316493988 280.919909477234 285.899043083191 290.31495253245 289.465427398682 276.059369246165 278.89092763265 281.208296616872 280.118505160014 281.698167324066 281.673868497213 287.230372428894 289.663592974345 287.606438000997 289.934734503428 280.033707618713 261.662940184275 260.11065642039 279.461165269216 297.304093837738 292.845149834951 289.610584576925 298.993229866028 316.26832485199 296.347618103027 218.762278556824 173.040449619293 182.926615079244 219.370226065318 234.108587106069 235.250016053518 204.683045546214 216.458320617676 237.728774547577
253.385146458944 263.089060783386 292.794068654378 338.698108990987 339.149594306946 296.411454677582 260.730703671773 231.416900952657 225.230912367503 235.9619140625 228.900015354156 227.959175904592 262.239058812459 280.480583508809 287.028114000956 292.962988217672 292.827665805817 282.225708166758 281.585156917572 283.894022305806 283.059179782867 286.411702632904 288.05277744929 290.387590726217 292.391200860341 293.949445088704 295.44601837794 290.672620137533 273.723185062408 272.329330444336 285.639087359111 298.034509023031 295.098265012105 295.566082000732 299.94128147761 302.815278371175 322.497208913167 328.016976515452 261.03929678599 213.970998922984 199.817180633545 192.392071088155 212.15166648229 206.675966580709 210.184772809347 238.275825977325
272.065897782644 298.797825972239 319.705367088318 326.275070508321 352.042436599731 330.416639645894 293.654024600983 256.212910016378 240.973889827728 254.019498825073 249.730030695597 230.956176916758 246.077120304108 276.971220970154 291.195114453634 294.263521830241 293.140351772308 291.122555732727 286.950389544169 285.69241364797 287.80472278595 292.8173939387 292.831321557363 293.315450350444 295.09174823761 301.459272702535 302.939196427663 302.663067976634 291.382829348246 287.235895792643 292.152563730876 296.454171339671 298.242529233297 303.001821041107 305.468360582987 294.622639815013 302.265365918477 336.862762769063 328.135907649994 266.131341457367 215.818385283152 192.013521989187 193.287134170532 211.458365122477 233.122785886129 261.882364749908
305.473645528158 316.183725992839 308.101534843445 300.923407077789 318.989594777425 337.62796719869 330.049514770508 302.133818467458 277.062058448792 278.143147627513 281.315485636393 257.72233804067 250.080168247223 272.111614545186 291.125774383545 294.704794883728 294.29026444753 296.199679374695 288.541436195374 285.652120908101 291.598161061605 295.082926750183 293.498794237773 292.222917079926 295.368134975433 304.130395253499 308.178941408793 310.767292976379 300.336043039958 293.748060862223 301.042119661967 304.908911387126 301.071683565776 302.911241849263 307.096044222514 296.706140041351 296.150684356689 313.873926798503 313.901801904043 285.821219285329 255.053301652273 216.673791408539 200.135072072347 204.323728879293 225.745856761932 260.077714920044
300.042569637299 294.240037600199 287.572602430979 276.73594156901 277.502417564392 297.492225964864 316.56801700592 312.396426995595 299.309134483337 298.621753851573 299.722790718079 284.387052059174 272.740423679352 278.606514135997 293.355623881022 295.772830645243 293.213526407878 295.155247052511 289.397994677226 291.886587937673 292.318761348724 292.060852050781 289.083162943522 287.770966688792 294.007897377014 298.835178216298 307.857831319173 306.928892930349 301.148851712545 300.227959950765 306.206981341044 304.373363653819 293.732603391012 291.998227437337 295.37312189738 280.179560184479 277.80278523763 277.13006734848 267.948905626933 269.570469856262 279.794494311015 249.177734057109 221.936941146851 209.519565105438 210.858205954234 234.458307425181
294.45739587148 284.918586413066 291.019399960836 277.33172972997 269.61628595988 280.919392903646 305.99057674408 327.100972334544 320.817470550537 306.912004947662 298.204521338145 296.675304571788 298.790415128072 298.466960589091 300.150275230408 296.283821264903 295.724968115489 295.051217079163 292.079607645671 293.583552042643 291.023194789886 288.710276285807 289.033611615499 287.826061248779 292.569756507874 295.652488867442 301.446557044983 299.733757972717 298.720101515452 304.561674594879 306.521316369375 296.79262638092 281.599402427673 285.731534163157 284.08279021581 267.549574375153 268.69010925293 268.522699673971 273.233731587728 291.269898414612 291.402558485667 281.122485796611 259.674370288849 240.174988905589 221.588412920634 214.502274990082
313.477098941803 308.663646380107 317.707320054372 312.889893849691 303.023755550385 307.064652442932 322.874228159587 343.34409236908 335.445165634155 310.605525970459 297.910312811534 303.275386492411 314.788858095805 310.141245524089 304.740230242411 304.791887601217 303.169210751851 296.47042353948 297.681490580241 298.597276210785 296.351373195648 291.563351949056 292.718787988027 293.805499871572 292.484859625498 294.155279795329 296.844045321147 295.366187890371 295.725286006927 304.951826731364 304.514288902283 294.751385847727 283.300717671712 284.055928389231 275.714337825775 270.921190579732 276.12425883611 277.250011761983 287.960648536682 312.668263912201 280.945400396983 267.783105373383 257.589856783549 248.263955116272 233.295321464539 208.786825338999
335.931539535522 333.522041638692 335.882425308228 337.912877400716 329.19438680013 323.084314664205 327.963352203369 342.045148213704 337.672710418701 308.675765991211 299.454152584076 309.248606363932 320.016125837962 313.849230607351 303.913434346517 309.777935345968 309.825956821442 302.322288354238 303.01974217097 304.11422252655 303.999523321788 297.571281592051 297.520677248637 296.82191212972 295.036256313324 291.723668575287 295.680463314056 299.233913421631 300.934513409932 305.906295776367 306.015769640605 297.382076581319 285.875598589579 280.604004859924 271.459321180979 276.30619208018 282.303929328918 282.16024239858 285.154243310293 302.886068820953 267.893413702647 225.985884666443 214.626650015513 208.523571491241 205.746650695801 200.131277243296
346.134940783183 344.153165817261 341.019074122111 341.947635014852 335.979104042053 328.665415445964 326.271653175354 331.96359872818 337.497194608053 317.038913567861 314.542512098948 319.090624650319 318.888505299886 310.645778973897 305.633187294006 308.183828989665 316.410660743713 310.098807017008 307.016332944234 309.225837389628 307.609875996908 302.576164404551 299.230058987935 297.448952992757 298.094789187113 297.196765740712 295.731385548909 301.482876141866 302.957594394684 305.89234828949 306.334853172302 299.547413984935 288.772543271383 273.613135019938 264.512558778127 280.295968055725 289.866705735524 287.953098615011 278.71052424113 291.104694207509 268.397609392802 200.106839338938 169.634719689687 157.478282848994 157.577355702718 165.133764346441
346.439917882284 349.02818997701 348.725318908691 346.964240074158 344.003756841024 339.854081471761 334.354718526204 330.588062604268 332.61372645696 328.249077002207 333.457350730896 329.242289066315 317.81142950058 317.209243774414 313.163379828135 306.278606255849 314.995666344961 314.32831287384 310.313026110331 307.944019635518 308.84571870168 303.056518236796 299.420396486918 297.445873419444 298.909544944763 300.535460313161 299.176275730133 301.705618699392 304.040869077047 305.240372816722 306.254426638285 302.404244740804 284.107724825541 261.805236339569 270.187795162201 292.816956837972 295.669337113698 290.541748205821 273.829579353333 278.984606266022 295.230289300283 244.125167528788 185.715635617574 157.81240661939 148.661404848099 145.937263965607
334.149599075317 337.496836980184 338.13222249349 341.828227043152 346.782525380452 350.96538066864 352.007468541463 350.304841995239 348.794341087341 348.286628723145 340.344230333964 327.219287554423 320.954998334249 318.357904752096 314.943194389343 311.140219370524 313.383420308431 313.240210215251 307.666877905528 305.140594641368 306.211690107981 307.415703932444 305.396775404612 300.291260083516 299.264232317607 299.885630607605 303.05023988088 303.450842698415 305.481950441996 305.094679196676 306.031763553619 302.671531836192 279.518067836761 262.807110945384 285.917083422343 300.973355770111 296.7223127683 292.106906572978 278.947989145915 275.536795457204 308.651328086853 327.786922454834 271.084030469259 216.590205828349 174.929996331533 149.808833996455
