input/barkrak2/radiation/dir13024.grid
NCOLS 85 
NROWS 70 
XLLCORNER 665100 
YLLCORNER 4664600 
CELLSIZE 20 
NODATA_value -9999 
[rows 20 to 39 of 70, columns 0 to 45 of 85]
168.749610582987 159.408350785573 173.795620600382 212.145864963531 206.90780878067 166.945119698842 154.966543118159 162.268420060476 177.545428276062 195.196012655894 209.980924924215 213.032881418864 218.590974807739 227.867265542348 238.937119642893 261.577049891154 276.442488034566 294.573883215586 310.366729895274 320.713738600413 323.999881744385 314.777175585429 313.315192858378 315.350413322449 316.801488399506 317.552149295807 320.373316605886 318.174421787262 314.666966597239 313.855548699697 307.112534840902 294.743915398916 283.670385678609 277.421057224274 274.973014990489 280.650099118551 280.68212668101 283.048987388611 287.078320980072 291.553934415181 292.631983757019 291.722397009532 294.307291507721 289.259632428487 293.16383600235 297.338545322418
199.267506599426 194.845100243886 207.013309001923 238.299051920573 234.143038590749 177.653650442759 167.787472407023 172.067860762278 180.221279462179 191.284378369649 201.127727826436 210.013886292775 214.875737826029 214.35159444809 228.61913839976 246.286273002625 260.3706518809 276.912311712901 291.749358177185 311.002353827159 320.763965447744 326.85798406601 329.292893409729 328.108429908752 323.180298010508 317.038695017497 312.350531419118 308.462242285411 310.085872809092 302.090545495351 285.190939903259 254.339059193929 231.310904026031 226.852834224701 233.96772146225 253.375649452209 261.481682459513 277.246316274007 287.949661413829 287.967145442963 286.065379778544 285.098075866699 278.208633263906 263.141493002574 283.352216084798 293.361783027649
242.448071638743 247.290889422099 247.695128122965 256.733854611715 256.498376528422 210.176050662994 190.642793973287 179.309149583181 178.8090467453 185.850024223328 202.003677686056 210.924943288167 221.829195817312 224.137345949809 231.081545352936 242.826044559479 255.400816599528 267.591853936513 281.759699185689 289.004107316335 296.468834082286 312.862594922384 322.554171085358 321.783820788066 317.365527153015 305.863340695699 296.416699886322 278.475125630697 272.559920946757 252.543270587921 218.493938446045 177.991131941477 151.995927095413 165.737768014272 193.901101748149 219.838758309682 239.204426606496 259.832839171092 273.171385129293 276.750246683757 279.315213362376 280.302306016286 257.092575232188 234.914680322011 263.895869255066 290.414373079936
267.550985018412 267.491777737935 259.044051170349 262.075463930766 261.313736438751 245.772818724314 215.432127316793 187.435646851858 173.051873842875 177.643338839213 198.812703291575 214.703102906545 227.28298107783 235.735952854156 237.006107966105 241.075416405996 252.362509568532 265.226364135742 273.920019467672 270.701467990875 273.035148779551 270.66695690155 272.849361101786 280.231515566508 283.383727073669 281.311949094137 268.666545550029 253.95397345225 234.656691551208 190.649847189585 163.28634818395 138.452748457591 104.249358177185 90.5267596244812 101.926227410634 137.98850774765 185.930649439494 214.320103327433 231.977502504985 242.775122324626 242.28181441625 227.839132150014 214.209417502085 247.211416562398 248.555541038513 281.435052553813
260.682960351308 261.480450630188 263.989090919495 264.478464921315 254.397749900818 245.900273323059 221.289018789927 203.942676385244 186.920821666718 181.089739004771 193.634589513143 208.960791428884 223.034123579661 234.356085459391 236.362079779307 241.493880748749 250.244418780009 260.006745656331 264.928102493286 256.644467512767 252.115170160929 243.176996707916 248.921871185303 258.96688302358 264.855762322744 264.699161052704 252.978444099426 242.170254389445 204.520503679911 158.367216587067 138.169000546137 134.643206993739 112.702985604604 72.9053964217504 65.4118607441584 84.924707810084 126.117050647736 163.817058006922 192.350109418233 207.149167855581 196.428100268046 174.306015173594 195.701877276103 269.011755784353 265.511751174927 283.379336198171
252.541263898214 257.143318653107 265.697717666626 262.880742549896 255.017260710398 247.458418210348 231.609622637431 229.498902956645 221.744100252787 207.149545351664 205.121378103892 224.226176738739 233.007868131002 244.013746579488 247.817158699036 246.442119280497 245.929797490438 245.77925602595 251.83109442393 259.207884470622 261.500199635824 253.633479277293 249.15599822998 249.099930127462 250.765522321065 253.447870413462 245.095451672872 235.450108846029 191.888312498728 167.250712712606 164.910475413005 180.162131786346 180.965224901835 139.57158724467 105.510860681534 100.40204723676 111.560662587484 135.5339884758 165.451417366664 185.19651889801 168.829520543416 161.448746919632 204.694867134094 261.154770851135 281.444291273753 294.113675753276
253.793835639954 256.942550341288 263.390978177388 263.081232706706 268.94756158193 259.887278079987 251.782457033793 246.265669663747 247.657060623169 241.199692090352 228.169659773509 243.88062953949 250.536481539408 262.341320514679 260.178029537201 247.198144594828 242.23256111145 251.759847005208 255.172034104665 268.568456172943 270.815968513489 267.614106337229 257.484833399455 251.6068816185 252.165297667185 253.165284792582 244.642416636149 237.435758113861 205.258250236511 199.58237806956 219.311416149139 244.065304597219 249.936481316884 253.806114196777 217.898945013682 137.26927836736 127.2927125295 135.42307416598 159.718145926793 172.152618567149 181.683937708537 212.583740552266 222.455521424611 242.126166820526 271.296282609304 281.209210554759
257.724543412526 254.29246822993 257.022281487783 261.730551719666 293.703357378642 276.47856871287 262.747804323832 250.938415527344 252.329488595327 257.599055767059 247.759342193604 248.341679573059 255.503336588542 258.458872636159 259.5467766126 255.306124687195 250.852266947428 255.585134029388 267.625749111176 271.45109574 269.120117028554 260.251661141713 258.823037147522 257.968326409658 259.841680526733 257.554193337758 253.141303857168 247.901260852814 232.534110546112 232.183794180552 253.818253676097 268.196364243825 269.460141658783 283.012966314952 292.802651723226 215.270320574443 155.130008856455 140.540897846222 149.734834829966 172.767202059428 219.202558199565 271.884977817535 237.066010634104 228.026171525319 252.859155337016 262.860755125682
256.224592526754 246.491193771362 249.989589055379 268.051822980245 308.935860792796 279.557645320892 255.863030751546 244.838794072469 248.038013776143 253.932436307271 247.243861357371 244.486451148987 251.658797264099 257.966736952464 262.979447841644 264.461735884349 259.118437767029 253.170291582743 264.777580897013 266.766170660655 264.041403929393 256.911079088847 256.381869316101 263.964533805847 263.952354590098 259.203871091207 257.633586724599 254.563450813293 243.902027606964 242.32014020284 263.834039370219 280.815561612447 281.286239624023 280.696590741475 296.653151512146 281.262278556824 184.894541899363 129.377583662669 118.849337100983 153.314530849457 227.299094200134 256.98991616567 226.730942726135 199.334144592285 219.937602678935 232.008794943492
249.588012695312 238.493621349335 245.75153986613 278.349359830221 306.710680325826 276.217420895894 245.981951554616 227.596203486125 223.805209000905 225.426475207011 224.476834138234 230.985462665558 244.3541487058 259.851495424906 263.169010480245 269.291659196218 266.242146492004 253.896713256836 257.014711697896 258.923689524333 257.796367009481 261.475364367167 259.877542654673 264.256318410238 268.532375494639 262.556254863739 266.153335571289 257.848719755809 248.619715372721 250.69393714269 270.641227563222 288.129230340322 284.028947353363 281.317830085754 291.195193926493 303.263564904531 270.284235477448 189.375599225362 145.428796609243 155.996382236481 193.26251745224 210.057735443115 211.674511432648 179.681619008382 188.903490702311 210.042119026184
240.102211634318 248.817404111226 278.790533542633 324.819048245748 322.477459907532 281.999468803406 244.02133623759 215.373535950979 204.911351203918 215.903222560883 209.205090999603 210.411310195923 237.206339836121 258.000791072845 266.25390847524 270.225485165914 271.82416121165 260.85102558136 261.234660943349 263.311386108398 260.584115982056 264.662683010101 268.492122491201 269.032756487529 269.630968570709 273.296932379405 270.749509334564 268.769105275472 258.514980475108 262.431104977926 277.747054894765 289.979298909505 286.383748054504 288.32753499349 294.030924638112 297.481735547384 310.224374135335 305.349389712016 233.555555343628 186.394135157267 172.455648581187 166.077196598053 183.068950970968 180.083950360616 181.405266125997 209.730664889018
258.913159370422 288.236578305562 314.390222231547 324.053406715393 344.784498214722 318.602720896403 278.421719868978 238.136192162832 223.447660605113 238.213340441386 230.515996615092 213.209271430969 225.854317347209 255.477249622345 268.949627876282 273.735463619232 273.77583583196 269.717852274577 264.806032180786 264.849404493968 267.177045345306 269.549489021301 273.088455200195 270.323395729065 271.058301130931 279.108087221781 278.888324896495 280.05580107371 275.079945723216 276.373823483785 283.726096153259 289.017299811045 291.159152984619 296.98250691096 300.497690836589 289.836506048838 295.791029930115 324.295361836751 305.399139722188 237.797101338704 187.143623828888 166.730662186941 168.366312980652 181.660056114197 201.208154360453 230.700492858887
298.18207025528 313.560704390208 310.806274414062 304.59725856781 321.360806624095 334.846218427022 322.253982226054 290.718774000804 266.687591870626 265.411456425985 265.655855337779 242.841521898905 230.43159643809 253.123740355174 274.191637833913 277.998705705007 272.965272267659 276.866217454274 267.919957637787 264.720797538757 271.231969197591 269.513189792633 269.906103610992 269.099771976471 272.789637247721 280.465920766195 285.836637020111 288.172046343486 284.13454691569 281.821131706238 290.757397810618 296.242435773214 293.069740136464 294.607857863108 298.433204491933 287.435531616211 287.720561027527 301.368832588196 292.745689551036 258.217016855876 224.579215049744 191.284696261088 174.376686414083 176.588773727417 201.117694377899 234.594543774923
301.473458607992 299.771745999654 294.269839922587 284.27521387736 285.753667354584 304.052670796712 317.902565002441 308.21015437444 292.444189389547 287.839988867442 287.674744923909 272.703846295675 254.365086555481 259.419043858846 274.005889892578 275.814632574717 274.646957715352 274.946630001068 266.887247562408 266.406774520874 267.74670680364 267.410337924957 266.38392607371 265.581031640371 269.489606221517 277.193645636241 286.70463959376 287.002364794413 283.5560242335 287.020742893219 295.158127943675 294.018467267354 282.993753751119 279.321769873301 283.045550187429 266.418933868408 264.480809370677 261.016964912415 245.484054088593 240.580956141154 251.10654036204 224.772791067759 196.622172991435 183.177292346954 186.751107374827 211.181620756785
299.32447274526 292.402863502502 298.075934251149 285.701791445414 278.783539930979 289.147635300954 311.182181040446 326.052784919739 312.59298324585 297.502140204112 288.674791653951 284.497459729513 284.109950065613 279.48526541392 278.862675031026 277.965168158213 276.374717553457 269.298772017161 269.514362017314 272.514879703522 267.983535925547 265.519460042318 266.153732935588 265.587429205577 268.949707349141 273.404439290365 280.387183030446 279.270549615224 280.331671237946 288.084407647451 293.401439984639 285.377462704976 270.440379778544 272.92279402415 270.020107428233 252.63367096583 254.41179672877 253.720462322235 253.85852654775 263.654629389445 265.185832977295 259.509344895681 233.586351076762 217.69513686498 201.788306236267 194.436192512512
315.719286600749 312.197645505269 320.149620374044 315.440237522125 306.571424007416 309.327860673269 323.148469130198 339.506228764852 326.460301876068 302.585979302724 289.304892222087 292.865534623464 300.62202612559 289.027651151021 281.545996665955 285.127639770508 278.29780181249 272.678256034851 276.313026746114 274.698475996653 273.401359717051 268.166343371073 269.854545593262 273.18153778712 269.873102506002 272.917966047923 275.085091590881 272.898038228353 277.002374331156 288.584431012471 290.354033311208 282.263875007629 272.10263411204 273.152410984039 262.35044002533 256.83186451594 262.286802132924 264.5489970843 273.06737502416 288.225710391998 253.88111670812 243.818044662476 235.312422116598 224.522809187571 208.892007668813 189.581831296285
331.813931465149 330.262939135234 333.122313022614 333.840727806091 325.715700785319 320.133884747823 325.54550965627 338.686188062032 330.313146114349 302.236557006836 290.412803490957 295.796672503154 299.108882745107 290.352344512939 281.557778517405 284.632623195648 288.393755753835 279.244641462962 280.258337656657 283.667504787445 282.363851865133 274.585942427317 274.584392706553 276.268442471822 274.306893348694 273.060202598572 274.955332279205 278.406719366709 280.877232551575 288.379867871602 290.73158899943 284.903724988302 274.890383084615 270.873506863912 259.224613507589 263.55258623759 268.959899743398 270.372271537781 272.960503896077 281.234741210938 237.448632717133 200.139443079631 186.49023771286 181.136210759481 182.003935178121 179.039021333059
337.301691373189 337.469220161438 336.975495020549 336.479107538859 330.613573392232 325.101574261983 324.790100256602 331.082979838053 333.504199981689 310.080488522847 301.906645298004 300.680736700694 296.805262565613 288.648347059886 280.214349428813 284.601271152496 294.794042905172 287.630359331767 284.94781255722 286.704579989115 286.868413289388 282.996594905853 277.056097984314 277.595142523448 278.352538744609 277.453045050303 279.037892818451 283.590376377106 285.314122835795 287.478486696879 290.510336558024 286.735971768697 277.756094932556 262.487928072612 252.32994556427 268.814365069071 278.012633323669 276.996235052745 268.383701642354 274.727443854014 236.360987027486 170.281032721202 142.638583978017 129.33161854744 133.301844199499 143.510371446609
330.739974975586 335.532585779826 337.705691655477 336.609840393066 334.5894018809 333.640336990356 331.345597902934 329.809943834941 331.255217393239 319.995363553365 316.549142201742 309.909383455912 296.442985534668 294.433216253916 288.895388444265 282.717486222585 291.936596234639 292.693356672923 287.081996599833 286.134282747904 286.346753438314 282.30361143748 278.494457403819 278.677980105082 280.660271644592 282.886604468028 280.721624692281 283.900141716003 287.454028924306 286.960979302724 289.527734120687 288.463493188222 272.954185803731 250.337858994802 258.057713508606 282.163083553314 285.443941752116 280.230840047201 265.248397986094 268.808265527089 272.176782290141 212.578694025675 154.293199380239 129.265487194061 126.001973946889 127.189218997955
314.463555812836 318.236927191416 317.990362644196 323.488434155782 331.100106239319 337.889870007833 341.094891230265 341.954906781514 339.78792031606 335.139989852905 323.021034399668 304.599384466807 297.899047533671 295.423607031504 292.481104532878 286.903818448385 290.67716995875 290.152986844381 283.357580502828 284.634947776794 286.235054334005 288.320283095042 286.373833815257 283.384740352631 282.199581464132 282.010813554128 285.163720448812 286.166071891785 288.124680519104 287.121494611104 288.023034731547 287.099738915761 266.803006331126 251.684149106344 276.405394077301 292.101760705312 287.251313527425 282.246152559916 270.516594250997 269.973655541738 298.661073048909 304.855386416117 241.171697775523 186.251123746236 151.983231306076 127.045333385468
