input/barkrak2/radiation/dir15824.grid
NCOLS 85 
NROWS 70 
XLLCORNER 665100 
YLLCORNER 4664600 
CELLSIZE 20 
NODATA_value -9999 
[rows 40 to 59 of 70, columns 0 to 45 of 85]
340.356111526489 341.058611869812 341.020107269287 342.671553293864 346.799770991008 349.475979804993 351.569970448812 353.885372479757 353.990117708842 347.954511642456 339.719216028849 336.488167444865 332.873145739237 332.056005795797 329.508622487386 327.296058336894 326.330224672953 324.423829714457 320.17457485199 318.437953790029 318.85157028834 321.67794307073 321.726739406586 317.121922969818 315.603772799174 310.746769110362 315.802951653798 316.543142000834 316.961824893951 316.413919130961 315.919975439707 311.290482680003 286.66873772939 281.839787960052 302.80743042628 303.045431772868 294.193208217621 294.253885746002 294.116298357646 282.760341962179 291.355768839518 330.655634403229 349.177638689677 304.956018924713 245.551149050395 199.465314547221
344.583789507548 343.011975288391 343.162616093953 343.755722045898 341.934998830159 340.647021929423 340.470472971598 341.591914494832 344.655235608419 338.973005612691 334.473729133606 333.853244781494 335.02209186554 335.266311963399 332.217534383138 329.750577608744 325.611174106598 329.500357309977 328.425983587901 323.660969734192 324.208796024323 324.269513289134 322.22710053126 322.491228580475 321.807821591695 319.344937801361 319.810668627421 319.994449615479 319.526513417562 319.136579831441 318.151593208313 312.282999356588 293.605049451192 293.250183264414 304.018119970957 295.483708381653 281.051417191823 281.410853068034 288.816928863525 293.584565321604 307.584504286448 320.100784301758 332.990050315857 330.957372983297 287.175456682841 238.535026709239
346.445600191752 344.613989194234 346.328973770142 345.810969670614 341.925303141276 340.569655100505 340.362151463826 339.594721794128 339.242895444234 336.483041445414 334.808588027954 333.906809488932 335.406263669332 336.714545885722 335.516850153605 334.028601646423 329.751372337341 332.035541534424 332.360585530599 326.789220174154 324.300646781921 322.650174299876 321.196873982747 321.341792742411 323.3296473821 319.896499315898 316.613733768463 317.885498205821 317.388594150543 318.605939547221 316.160360972087 309.431234995524 300.694247086843 302.151242891947 301.182548205058 284.656425317128 269.692997137706 275.587916374207 290.613492329915 302.9705286026 311.097502708435 309.185087680817 305.217107137044 309.471229712168 293.372790018717 244.086265563965
338.63894144694 340.385993321737 344.990452130636 342.955231666565 344.186703364054 345.711231231689 345.732172330221 343.63055229187 337.571899096171 336.880445480347 338.167746861776 335.299213727315 334.720969200134 334.957440694173 335.680723190308 333.108901977539 332.744697729747 333.088358243306 333.928426106771 329.692641894023 325.233896573385 322.676301002502 321.538507938385 318.790018558502 319.759329160055 321.112831433614 316.381355126699 316.827714443207 316.396196683248 316.096425056458 311.704357465108 305.754621823629 305.276294549306 305.964887142181 292.754133542379 270.183662573497 265.502174695333 279.514630635579 298.956036567688 303.805470466614 303.731977939606 299.411177635193 291.631658871969 289.223790168762 282.075603802999 251.074234644572
338.47184975942 342.039028803508 343.422849973043 343.221386273702 344.257791837056 344.933907190959 344.808022181193 342.961708704631 340.601642926534 338.070631027222 339.208205540975 337.120135625203 332.982818285624 332.624077796936 331.564644972483 330.692927042643 328.756868839264 332.233488559723 332.402229309082 331.441362698873 327.886044979095 325.549562772115 324.178536732992 322.070240974426 319.196919600169 322.199920813243 322.989662488302 318.268676598867 316.336671511332 313.457806905111 307.244261105855 302.024245262146 300.92457930247 296.693921089172 284.169316291809 267.929752667745 269.32833592097 285.356839497884 300.638159116109 298.773129781087 300.409992535909 292.782465616862 280.288894971212 275.033791859945 274.628520011902 262.989501158396
342.30367342631 344.635128974915 342.981378237406 344.280004501343 343.017379442851 342.678666114807 343.491236368815 342.419107755025 343.522310256958 340.885162353516 340.649048487345 338.524262110392 336.140235265096 332.57128794988 331.045349438985 333.66862932841 328.841884930929 331.386506557465 333.765586217244 332.001527150472 329.368432362874 326.510111490885 326.508005460103 324.578166007996 324.248512585958 321.265379587809 324.381351470947 320.097088813782 316.757639249166 313.348988691966 307.208736737569 302.676558494568 300.457040468852 290.605485439301 276.67623758316 262.072026729584 267.526030540466 285.105486710866 292.608062426249 286.376674969991 291.611711184184 283.606747786204 271.91823720932 274.443467458089 284.186939398448 274.699946244558
342.307329177856 343.081434567769 344.215075174967 344.36027208964 344.016790390015 343.659162521362 344.629128774007 344.938993453979 343.61986319224 342.699448267619 341.541051864624 341.293017069499 338.501413663228 335.854570070903 335.787336031596 336.994290351868 335.678339004517 331.253488858541 334.362109502157 331.426898638407 330.244958400726 328.208883603414 326.800882816315 321.769595146179 325.794259707133 321.174999078115 319.038808345795 318.684260050456 316.668291886648 312.094171841939 307.212471961975 304.86923456192 298.750042915344 287.467539310455 274.831334749858 263.711273670197 271.228889624278 284.149905045827 282.277047634125 284.015774726868 290.683746337891 279.602527618408 275.507171948751 282.59273370107 291.255255540212 282.252848148346
339.089949925741 340.481241544088 342.777291933695 343.13952922821 344.563523928324 345.133105913798 344.344655672709 342.67250696818 342.8768714269 344.685475031535 342.59831905365 340.929508209229 339.322010676066 339.543739954631 337.279677391052 337.182561556498 335.723400115967 328.360815842946 330.950955549876 331.167638301849 326.699693997701 325.9570201238 326.637903849284 320.71453332901 320.417046546936 319.654881954193 313.556472460429 314.641038576762 314.4557873408 311.021228631337 307.882825533549 305.361310640971 295.663317044576 292.567034562429 286.121487617493 273.594419161479 275.974690914154 282.90593624115 284.770588080088 291.686952114105 288.803378740946 281.422396500905 283.498605092367 284.5352490743 283.991853396098 275.271574656169
335.153619448344 337.117751439412 339.557449022929 341.20774269104 343.740542729696 344.602942466736 342.947562535604 342.244187990824 343.990643819173 345.271070798238 343.587279319763 341.851631800334 341.300884882609 340.891321500142 338.564912478129 336.136341094971 333.584348360697 328.574458758036 330.384453137716 330.723166465759 329.228142897288 327.929337819417 326.180239518483 320.344885190328 318.156123161316 319.82558965683 316.331644852956 317.318717638652 317.233761151632 316.336890061696 314.394255479177 311.408718427022 302.835464477539 302.403489748637 295.70076862971 278.833349545797 279.126902421315 286.492347717285 290.64534107844 290.978968143463 281.639317671458 279.102166493734 278.019547462463 272.846102714539 270.308593908946 269.880036513011
334.553162256877 333.166698614756 335.333466529846 339.179595311483 342.095772425334 342.740217844645 343.79251797994 345.357815424601 345.590988794963 344.180862108866 345.174709955851 344.553709030151 342.159032821655 341.023365656535 339.23602104187 334.749261538188 334.099253018697 328.991989294688 330.209136009216 332.793990770976 331.148982048035 328.04673910141 323.175430297852 323.855400085449 320.724109808604 320.593158404032 320.077379544576 318.342407544454 318.712075551351 320.655723412832 321.026762326558 316.329737504323 309.608240922292 308.336675167084 299.809257189433 283.923844496409 277.916649977366 285.672624905904 291.388312975566 281.686584154765 270.439942677816 273.771484692891 273.838420708974 268.306771914164 267.452081044515 270.973801612854
334.73801612854 336.729844411214 337.77129650116 340.791463851929 341.244578361511 341.316064198812 344.513018925985 346.925179163615 346.956610679626 346.311767896016 346.363623936971 345.574458440145 343.147357304891 341.220815976461 339.2493724823 340.029994646708 333.507021268209 331.970969835917 330.134232838949 331.809520721436 329.839328924815 327.504535516103 324.469943841298 322.580913702647 317.12939341863 318.20547580719 319.339176019033 318.837225437164 320.565164089203 323.018987973531 323.796550432841 318.210164705912 309.732476870219 307.290236155192 296.845595041911 283.364415168762 279.004613558451 283.24286142985 282.639185587565 270.240088303884 267.326931158702 278.15967798233 276.715815067291 269.543707370758 268.512924512227 264.561911424001
335.529963175456 340.006113052368 341.284990310669 342.006007830302 341.059684753418 340.747396151225 344.659447669983 346.435546875 345.697641372681 347.979068756104 346.241116523743 345.994075139364 343.266844749451 340.039809544881 338.289737701416 340.970357259115 335.210084915161 329.510688781738 327.375570933024 326.001385847727 326.092998186747 326.182623704274 322.02806075414 316.601534684499 314.172625541687 314.501961072286 316.671093304952 314.037521680196 314.51940536499 317.227562268575 320.431967576345 315.192699432373 304.060518741608 294.63259379069 270.615895589193 258.126537005107 268.907447655996 277.438104152679 276.001989841461 275.973439216614 283.263842264811 285.565058390299 270.952383677165 262.501358985901 270.516355832418 258.861978848775
335.885047912598 334.372440973918 334.632833798726 336.825132369995 339.704593022664 342.429598172506 342.783371607463 344.965060551961 344.176371892293 346.435904502869 344.972054163615 344.957749048869 344.950795173645 340.658187866211 337.538003921509 335.248827934265 336.637377738953 327.691594759623 321.858088175456 319.790959358215 318.93914937973 318.797171115875 315.903087457021 313.459197680155 310.802082220713 308.217803637187 308.563987414042 308.470090230306 305.193305015564 305.513759454091 308.63614877065 309.987803300222 287.007371584574 263.158818085988 237.129847208659 226.734936237335 240.424931049347 265.060484409332 280.314922332764 276.076376438141 277.007043361664 271.905620892843 259.103198846181 261.775334676107 266.359945138295 243.337432543437
338.695287704468 332.859516143799 330.350875854492 333.867033322652 340.707421302795 344.354192415873 344.066898028056 343.233625094096 343.644221623739 342.806100845337 343.162496884664 343.471646308899 343.34929784139 342.720826466878 337.273438771566 332.264423370361 334.021170934041 325.177629788717 319.420297940572 320.259730021159 319.053928057353 318.151315053304 314.26465511322 310.623447100321 309.01833375295 307.364722092946 306.31806453069 305.908679962158 304.294645786285 298.68072271347 292.854249477386 286.311745643616 263.994336128235 238.084495067596 228.707512219747 224.914729595184 218.015114466349 227.916200955709 243.817845980326 263.337274392446 269.139766693115 259.377936522166 254.933377106984 258.205393950144 249.639928340912 229.135394096375
339.066386222839 335.807204246521 333.674669265747 335.373441378276 340.366760889689 344.044884045919 344.749252001445 342.28789806366 344.481229782104 341.713229815165 342.514117558797 343.515157699585 340.881943702698 341.674645741781 333.979527155558 330.9419353803 332.060058911641 325.960954030355 321.561773618062 322.466095288595 322.189072767893 318.773945172628 316.208302974701 314.24089272817 310.766637325287 309.630552927653 307.594021161397 305.304268995921 302.061140537262 297.449946403503 286.316553751628 278.068641821543 255.128622055054 241.541624069214 245.243450005849 248.403032620748 240.977962811788 231.959879398346 221.965412298838 230.687022209167 247.074862321218 239.80842034022 233.268578847249 226.945042610168 222.714861234029 219.420790672302
341.340819994609 339.966336886088 336.872220039368 333.769917488098 337.018966674805 343.173742294312 343.910098075867 341.272115707397 340.99026521047 343.247493108114 342.428247133891 343.217611312866 338.91499042511 339.382410049438 334.038654963175 332.35498269399 331.895550092061 327.336668968201 324.669400850932 323.177754878998 321.693201859792 319.620331128438 318.655848503113 318.168600400289 314.653356870015 310.191591580709 306.082824865977 300.145467122396 294.464429219564 290.690322717031 288.37776184082 283.206085364024 262.588063875834 255.879700183868 259.880503018697 267.224411169688 277.648647626241 273.993968963623 257.454256216685 227.776249249776 226.695080598195 228.278895219167 225.594302018483 223.381519317627 228.91906897227 235.248923301697
342.755873998006 341.862638791402 339.908560117086 336.015502611796 334.258596102397 338.606357574463 340.96089998881 341.292262077332 338.312705357869 338.816126187642 340.358058611552 340.025544166565 337.248881657918 336.753884951274 334.199984868367 331.86012506485 332.242747147878 328.084309895833 326.310157775879 323.019544283549 323.573589324951 319.514016310374 318.328261375427 314.409951368968 312.470336755117 309.487541516622 296.101729075114 277.977665265401 273.491382598877 278.374254703522 286.339541276296 281.542142232259 264.226535956065 257.28444258372 264.266610145569 274.567643801371 290.544708569845 299.102425575256 289.641261100769 258.617222309113 232.208033402761 235.18027861913 242.77800321579 253.489295641581 263.599117596944 267.056743303935
342.157125473022 340.602993965149 341.064294179281 337.798198064168 333.048502604167 335.66943804423 339.645942052205 338.265856107076 336.684346199036 333.150664965312 339.192231496175 338.252226511637 336.437344551086 335.582892100016 335.1970911026 331.356684366862 330.767691135406 327.872713406881 324.684341748555 324.483593304952 323.753356933594 322.154561678569 318.675557772319 314.087390899658 313.164969285329 312.452693780263 298.255920410156 280.83203236262 280.255059401194 284.958720207214 291.38990243276 283.217231432597 271.929780642192 271.627863248189 283.758997917175 286.849856376648 292.687217394511 279.376665751139 249.149759610494 241.114735603333 251.861055692037 261.896014213562 256.769855817159 250.08503595988 251.720388730367 262.690504391988
334.687113761902 338.269948959351 338.725050290426 337.844769159953 333.325664202372 329.883992671967 337.844292322795 336.971362431844 334.43812529246 331.32266998291 335.48903465271 337.50049273173 335.517406463623 333.433787027995 333.094378312429 330.078502496084 326.361755530039 327.405830224355 323.615829149882 325.873732566833 325.602432092031 320.489366849263 321.10458612442 316.651244958242 315.567215283712 316.322227319082 309.246917565664 307.922780513763 304.338236649831 298.075517018636 296.124259630839 286.186595757802 282.920936743418 280.316948890686 278.015891710917 264.016727606456 245.625535647074 210.52090326945 193.053762118022 230.024476846059 266.655166943868 268.098950386047 247.513810793559 242.341856161753 254.525065422058 268.335123856862
328.175663948059 336.075107256571 336.28789583842 333.66870880127 331.515034039815 324.487566947937 330.579539140065 336.253046989441 336.296319961548 331.210871537526 335.110425949097 336.167216300964 335.600336392721 334.077835083008 330.857872962952 328.798611958822 326.042970021566 323.18776845932 320.400675137838 318.913996219635 319.719831148783 320.647339026133 319.42347685496 317.521353562673 317.447622617086 320.301373799642 320.825517177582 321.370661258698 308.139522870382 306.003987789154 296.333273251851 284.759938716888 283.117830753326 264.732281366984 237.539529800415 205.007354418437 193.589886029561 185.790141423543 181.297878424327 205.72825272878 232.909520467122 250.822385152181 249.306420485179 261.812051137288 292.431930700938 302.125136057536
