input/barkrak2/radiation/dir11624.grid
NCOLS 85 
NROWS 70 
XLLCORNER 665100 
YLLCORNER 4664600 
CELLSIZE 20 
NODATA_value -9999 
[rows 0 to 19 of 70, columns 0 to 45 of 85]
298.866152763366983 307.568232218424 314.063866933187 321.701844533284 322.532614072164 321.03971640269 313.96891673406 308.083434899648 311.437288920085 311.688681443532 309.748291969299 314.389169216156 317.116419474284 316.873868306478 318.908115228017 316.607574621836 309.576292832692 302.16391881307 301.680564880371 290.136396884918 273.422459761302 277.417778968811 299.259722232819 306.39394124349 305.600702762604 308.382292588552 307.556728521983 296.075781186422 276.672462622325 272.473017374674 270.072877407074 282.25831190745 306.508580843608 304.033656915029 309.401452541351 300.641000270844 302.481373151143 311.682184537252 301.081975301107 309.105336666107 298.662304878235 289.914985497793 299.216051896413 311.929166316986 313.681979974111 309.19873714447
279.834071795146 292.776385943095 303.183337052663 314.400355021159 319.632331530253 318.93926858902 312.63546148936 307.033856709798 312.676469484965 313.44731648763 308.667560418447 311.833759148916 316.631535689036 317.859013875326 317.634145418803 316.661874453227 315.142412980398 309.725642204285 307.324608167013 294.766267140706 287.291785081228 291.629989941915 303.760568300883 308.752477169037 308.397988478343 308.378577232361 306.585669517517 297.28106657664 280.578931172689 272.711316744487 274.034917354584 292.631109555562 304.65841293335 304.509917894999 309.732874234517 301.149249076843 300.739765167236 305.250604947408 299.877961476644 309.287448724111 306.788563728333 298.168937365214 301.873723665873 312.933544317881 315.714736779531 312.585254510244
249.851405620575 261.374711990356 270.652095476786 281.060536702474 292.302827040354 298.761943976084 303.183297316233 308.006008466085 311.217407385508 309.636175632477 304.445743560791 306.900878747304 315.740366776784 319.046080112457 316.174566745758 320.00070810318 322.729051113129 321.693162123362 314.823508262634 307.259658972422 308.426698048909 308.118879795074 306.919058163961 307.203809420268 310.216387112935 310.522437095642 304.210861523946 295.595864454905 284.026086330414 275.551954905192 278.601268927256 298.496663570404 296.911915143331 301.029324531555 309.68177318573 303.359031677246 295.977493127187 292.553583780924 298.564950625102 309.635202089945 308.418214321136 303.880492846171 300.772607326508 309.403856595357 319.746871789296 316.355446974436
232.937296231588 234.613617261251 242.172459761302 248.933533827464 254.935026168823 259.887834390004 265.776216983795 277.856250603994 292.584319909414 302.593549092611 306.650201479594 312.657256921132 318.885048230489 320.960303147634 319.7154601415 318.563560644786 319.560905297597 317.551712195079 314.256091912587 312.198797861735 310.198406378428 308.081428209941 312.386830647786 311.427334944407 310.442646344503 312.151968479156 307.311852773031 299.796322981517 293.223599592845 287.409504254659 282.810688018799 300.395965576172 296.488006909688 300.091862678528 303.444902102153 304.756760597229 300.938606262207 298.547585805257 309.755126635234 313.502033551534 306.674917538961 297.79322942098 293.764233589172 305.202047030131 318.65131855011 317.545195420583
253.892699877421 238.029678662618 226.614117622375 219.111899534861 223.168094952901 237.421870231628 255.993088086446 265.125215053558 273.763914903005 279.753307501475 294.997274875641 309.459805488586 317.697326342265 320.589919885 321.817338466644 321.836729844411 317.785521348317 310.278534889221 309.489369392395 311.643163363139 309.031367301941 307.871758937836 314.801116784414 313.755353291829 311.972300211589 314.163108666738 310.397247473399 303.136885166168 297.136684258779 292.615036169688 295.46848932902 307.479004065196 302.527527014414 304.885605971018 301.502823829651 303.719421227773 310.486853122711 312.794804573059 314.643820126851 314.508636792501 311.891456445058 305.908262729645 302.947362263997 304.79621887207 310.231268405914 315.609971682231
290.885965029399 267.601112524668 243.550976117452 222.076535224915 213.938295841217 224.708676338196 247.297366460164 262.375156084696 265.806317329407 265.858074029287 274.801949659983 286.04527314504 293.715596199036 298.777004082998 303.814212481181 308.108290036519 306.341330210368 303.449889024099 306.06883764267 310.68495909373 310.6782635053 313.975592454274 318.744917710622 316.651225090027 315.20140171051 316.816051801046 312.998572985331 306.700706481934 299.506405989329 295.768042405446 302.682141462962 308.530211448669 310.167908668518 313.363273938497 307.965854803721 305.330475171407 310.627420743306 313.392996788025 312.047739823659 311.963617801666 312.4653895696 309.096058209737 307.716528574626 307.989438374837 302.896440029144 295.489430427551
307.079275449117 289.441227912903 272.959132989248 253.968218962351 234.930952390035 222.996075948079 230.389018853505 256.94731871287 267.791748046875 274.732490380605 272.320171197255 267.861803372701 264.220635096232 260.961016019185 263.033131758372 275.991082191467 284.736096858978 297.384798526764 308.011690775553 314.365287621816 314.606308937073 313.308815161387 317.327400048574 317.570209503174 317.386905352275 318.257530530294 316.99937582016 313.255409399668 306.89259370168 305.316925048828 308.562874794006 313.62787882487 320.573647816976 321.761190891266 319.116234779358 312.776664892832 311.48890654246 311.602870623271 311.938544114431 314.118603865306 311.714172363281 308.224260807037 308.513760566711 306.439916292826 290.470818678538 284.043530623118
310.693740844727 304.941713809967 297.660450140635 286.036392052968 267.315546671549 239.422758420308 219.426393508911 220.087965329488 251.4834801356 273.506283760071 279.147783915202 275.70648988088 268.266956011454 260.047634442647 248.969296614329 252.138356367747 263.164202372233 276.23172601064 294.497907161713 307.759642601013 313.112517197927 313.443978627523 316.738923390706 317.242582639058 316.544751326243 317.751447359721 317.714114983877 315.267443656921 311.529040336609 313.545962174733 317.11874405543 319.375395774841 323.343495527903 323.361078898112 319.716254870097 315.902928511302 313.362081845601 308.832287788391 302.696267763774 300.457278887431 305.095255374908 311.558028062185 318.106810251872 316.321969032288 302.291830380758 293.87766122818
305.143197377523 305.721918741862 303.479790687561 298.129498958588 288.173317909241 270.753959814707 244.499603907267 216.808100541433 229.224324226379 250.967919826508 268.533865610758 275.43693780899 276.679793993632 274.552702903748 265.200058619181 258.930166562398 256.587942441305 260.649859905243 272.257109483083 286.705295244853 298.744797706604 306.852618853251 310.71945031484 308.047771453857 309.24912293752 311.209678649902 311.787287394206 311.330378055573 310.856660207113 315.923154354095 319.176872571309 318.672776222229 319.055815537771 319.656491279602 317.545533180237 316.561798254649 314.053157965342 307.296812534332 296.487549940745 296.934008598328 311.803917090098 320.59903939565 322.194039821625 319.006721178691 308.96516640981 301.604847113291
283.693154652913 291.313747564952 295.14068365097 295.212845007579 293.013731638591 290.676971276601 278.364181518555 262.772023677826 233.446637789408 224.958260854085 238.035877545675 260.678748289744 278.047939141591 286.193629105886 287.694931030273 281.210482120514 268.609841664632 264.235993226369 262.661178906759 265.643000602722 273.296475410461 279.607872168223 286.375164985657 291.413823763529 297.057727972666 299.675742785136 301.166633764903 301.10889673233 301.989813645681 306.879142920176 308.066785335541 308.525045712789 313.203970591227 315.727770328522 316.40746196111 314.060628414154 311.633010705312 309.561689694722 297.234416007996 299.95463291804 316.051483154297 320.551971594493 319.41944360733 316.390415032705 306.229948997498 299.203912417094
239.187479019165 251.76990032196 262.817402680715 271.692236264547 279.63129679362 286.11171245575 288.105805714925 284.530381361643 261.434813340505 237.198054790497 223.872303962708 231.45204782486 256.637235482534 277.698516845703 289.523482322693 281.722486019135 275.498747825623 269.853750864665 262.939254442851 257.173180580139 257.540822029114 257.769763469696 260.963718096415 272.150079409281 282.274603843689 288.584450880686 289.940615495046 289.941509564718 294.216096401215 298.278590043386 300.493518511454 303.327302138011 310.286402702332 313.119729359945 311.658958594004 310.324708620707 312.097072601318 314.433793226878 309.011618296305 308.855593204498 316.275179386139 319.982369740804 319.89848613739 318.61674785614 311.646262804667 307.151039441427
199.340601762136 204.545438289642 212.888757387797 224.857131640116 239.997804164886 255.168696244558 271.518329779307 276.928782463074 277.806242307027 265.564302603404 242.072105407715 223.139087359111 225.602746009827 247.604449590047 270.512223243713 273.121992746989 278.942843278249 276.451150576274 268.196702003479 258.954107761383 253.019372622172 249.795734882355 249.947090943654 258.168915907542 265.739381313324 270.592093467712 273.045500119527 276.772757371267 282.535970211029 286.034365495046 289.811988671621 294.511795043945 299.750546614329 302.052815755208 301.660855611165 301.857272783915 308.468600114187 314.934730529785 316.014011700948 317.026178042094 319.107214609782 320.928454399109 321.222464243571 319.358229637146 314.693709214528 312.738796075185
187.985281149546 183.691442012787 181.402742862701 180.875996748606 188.592036565145 204.907794793447 229.144275188446 249.475538730621 275.143841902415 279.187520345052 269.394040107727 247.49497572581 221.12246354421 218.922098477681 241.173605124156 265.364587306976 278.937021891276 280.612468719482 276.572008927663 268.850843111674 261.073629061381 260.283688704173 259.857535362244 259.993632634481 260.308702786763 259.594082832336 263.431747754415 271.235624949137 274.344325065613 275.575419267019 279.983460903168 284.840166568756 285.880366961161 287.388602892558 289.302031199137 293.411036332448 301.893989245097 310.014883677165 311.321993668874 315.480351448059 317.543546358744 317.279875278473 316.537062327067 316.611170768738 311.421553293864 310.137589772542
182.598690191905 151.973108450572 135.377327601115 129.54193353653 128.520101308823 135.938425858816 155.5561820666 190.514087677002 228.202303250631 261.014461517334 276.840170224508 276.801586151123 260.489900906881 235.649228096008 233.024855454763 257.006287574768 272.053599357605 283.025801181793 287.950158119202 284.777204195658 275.269567966461 272.415200869242 269.507567087809 269.267499446869 268.810431162516 266.733447710673 269.051710764567 276.482065518697 275.967955589294 270.533601442973 275.396466255188 280.099968115489 280.969421068827 281.296829382579 284.320414066315 290.320714314779 294.609924157461 298.923710982005 301.222165425618 302.467465400696 304.959873358409 308.673580487569 312.514940897624 314.688165982564 309.789399305979 309.365153312683
164.168775081635 126.937101284663 103.014538685481 98.2106824715932 99.5002786318461 104.446272055308 113.215893507004 141.296734412511 169.191559155782 217.500686645508 267.723441123962 291.85422261556 295.219381650289 279.787103335063 255.954285462697 251.870711644491 257.022639115651 270.947416623433 285.725851853689 292.24290450414 290.193200111389 285.072525342305 283.035695552826 280.089020729065 276.805281639099 275.308092435201 277.512749036153 278.792122999827 274.08641576767 270.195285479228 273.691078027089 277.961472670237 278.128405412038 277.377823988597 280.746301015218 284.117062886556 285.746733347575 283.960183461507 287.290414174398 287.673890590668 292.389810085297 297.659357388814 302.054405212402 304.007331530253 302.495320638021 303.268492221832
140.067607164383 113.850474357605 85.4892333348592 78.9967526992162 93.1225518385569 117.288490136464 122.390766938527 130.548139413198 152.003556489944 184.862037499746 231.713910897573 284.59886709849 304.279426733653 302.361130714417 286.315600077311 258.593916893005 248.532632986704 250.980118910472 266.749262809753 288.143734137217 296.084145704905 291.924118995667 292.810559272766 287.785112857819 281.990567843119 282.427350680033 284.944633642832 281.558672587077 275.839904944102 278.15459171931 279.171268145243 278.637150923411 276.156485080719 275.031785170237 274.920562903086 274.353861808777 272.657334804535 269.052505493164 271.524687608083 272.523522377014 276.764194170634 281.788726647695 283.433814843496 284.553269545237 292.181531588237 296.352505683899
125.596592823664 114.327053229014 89.7226432959239 69.8690563440323 74.8797257741292 102.461745341619 120.824108521144 132.826377948125 151.568363110224 165.608217318853 191.037178039551 238.703529040019 276.362677415212 302.317718664805 299.596150716146 288.77846399943 277.401248613993 263.688604036967 254.682342211405 264.94038105011 285.777886708577 294.906973838806 297.782381375631 294.002493222555 287.981152534485 288.925806681315 292.579213778178 288.912177085876 285.84897518158 290.448347727458 289.844552675883 279.915750026703 274.774332841237 271.514058113098 267.356832822164 266.348640124003 261.646787325541 260.485033194224 261.076271533966 264.176388581594 265.822390715281 268.574456373851 271.188457806905 272.725204626719 286.407252152761 293.333888053894
117.583483457565 118.942787249883 109.131038188934 81.4264714717865 67.3468808333079 88.7811879316966 118.107259273529 141.400128602982 158.942679564158 172.992666562398 180.830260117849 203.762908776601 238.113303979238 260.607123374939 286.880274613698 304.612159729004 301.349103450775 289.594451586405 271.682361761729 256.85316324234 267.149806022644 289.476235707601 293.559769789378 293.456753094991 293.88036330541 297.966420650482 301.234523455302 299.668947855632 296.975870927175 298.54542016983 293.634315331777 284.009297688802 277.038057645162 270.771304766337 265.311519304911 262.754003206889 260.549267133077 259.915232658386 259.995917479197 261.928995450338 263.460199038188 265.071034431458 265.243053436279 267.919321854909 278.112848599752 288.928071657817
124.582747618357 133.950769901276 136.535694201787 112.358202536901 92.6553209622701 110.611826181412 130.431304375331 149.820516506831 170.186638832092 190.61142206192 199.835399786631 205.377042293549 222.380677858988 237.226883570353 252.208968003591 272.025366624196 292.696197827657 300.348083178202 295.624136924744 279.2782386144 262.097040812174 274.228453636169 281.711419423421 289.58394130071 297.513385613759 303.361773490906 305.900355180105 305.996159712474 300.863265991211 299.139618873596 292.851090431213 286.77107890447 279.708345731099 272.308349609375 268.396854400635 264.295717080434 263.53653271993 260.955969492594 259.527881940206 262.514472007751 266.363660494487 267.029066880544 266.605178515116 269.323309262594 269.928296407064 282.084882259369
133.751173814138 137.596736351649 150.05350112915 150.53653717041 136.081914107005 130.412449439367 132.490903139114 147.754689057668 163.083761930466 183.20236603419 198.081831137339 197.258412837982 204.366763432821 211.427271366119 229.629258314768 251.039266586304 263.962388038635 272.229552268982 286.990443865458 292.947709560394 285.37905216217 273.48788579305 274.533708890279 282.879451910655 292.054752508799 299.879650274913 305.319825808207 305.387139320374 298.650801181793 297.592441240946 292.35432545344 285.261988639832 278.598586718241 274.141351381938 270.758092403412 266.59361521403 263.563136259715 256.093760331472 254.406909147898 261.598030726115 267.604927221934 269.432822863261 270.952761173248 270.51442861557 268.134792645772 275.994618733724
