input/barkrak2/radiation/dir14124.grid
NCOLS 85 
NROWS 70 
XLLCORNER 665100 
YLLCORNER 4664600 
CELLSIZE 20 
NODATA_value -9999 
[rows 20 to 39 of 70, columns 0 to 45 of 85]
187.249720096588 179.345568021139 194.720248381297 234.466195106506 228.853583335876 186.018029848735 170.669595400492 175.795038541158 188.637653986613 210.093140602112 224.127590656281 233.08918873469 238.719284534454 249.828616778056 266.530871391296 283.316572507222 306.884010632833 320.878068606059 326.41480366389 334.210117657979 336.076815923055 329.084118207296 327.876448631287 329.640328884125 330.863893032074 331.310868263245 333.62603187561 331.024050712585 327.046235402425 326.444884141286 320.301155249278 308.968106905619 299.506286780039 294.669588406881 292.806684970856 298.151055971781 298.293014367421 300.625920295715 304.374694824219 308.47829580307 309.454063574473 308.432678381602 310.742179552714 306.224564711253 309.579372406006 313.341081142426
215.692599614461 213.537991046906 229.456861813863 260.494589805603 256.703495979309 196.840445200602 183.342536290487 184.895316759745 192.535400390625 205.072780450185 218.36777528127 225.872357686361 234.200795491536 234.569807847341 248.957375685374 270.370841026306 284.335613250732 301.918228467305 319.85870997111 329.838713010152 334.345777829488 338.958342870076 340.79639116923 339.901208877563 335.995197296143 331.025282541911 327.794512112935 324.235697587331 323.32452138265 317.080855369568 300.019005934397 270.796775817871 249.660352865855 247.062007586161 254.598577817281 273.027678330739 280.688007672628 295.499861240387 305.373311042786 305.224041144053 303.476552168528 302.58047580719 296.0191766421 282.106816768646 302.037239074707 309.763709704081
256.838858127594 263.4383837382 268.115739027659 277.631282806396 277.412295341492 230.73273897171 205.334782600403 191.656708717346 187.972644964854 199.39378897349 217.490514119466 227.862338225047 238.943775494893 243.955194950104 249.29424126943 261.040469010671 275.506556034088 291.007320086161 303.326984246572 313.065628210704 319.31467851003 330.426891644796 335.59254805247 336.111187934875 333.463112513224 330.943802992503 324.017783006032 310.871561368306 300.957083702087 277.704874674479 242.754320303599 195.242524147034 171.786844730377 188.193241755168 216.241478919983 241.388857364655 259.940048058828 279.310921827952 291.778087615967 295.100410779317 297.289172808329 298.0877161026 276.131590207418 255.564749240875 282.156368096669 308.470527331034
278.843462467194 280.583659807841 277.375439802806 283.045768737793 282.833695411682 264.872113863627 230.303446451823 200.510819753011 185.45260032018 189.62291876475 215.464393297831 227.931300799052 242.423951625824 255.247155825297 256.776471932729 259.14857784907 272.345821062724 286.822319030762 295.670926570892 291.615684827169 297.290166219076 305.59241771698 317.72381067276 315.36869208018 310.307085514069 301.497995853424 282.75998433431 275.370399157206 253.402471542358 210.538188616435 176.441093285879 152.263482411702 121.165464321772 115.596791108449 126.680711905162 163.429021835327 208.461860815684 235.93270778656 254.123230775197 263.204276561737 262.735784053802 249.111215273539 234.725455443064 268.538316090902 267.856597900391 300.369322299957
271.365642547607 272.932410240173 279.59676583608 284.770607948303 275.617599487305 266.627093156179 237.359007199605 215.518812338511 199.399511019389 192.942837874095 206.200997034709 222.871482372284 238.129178682963 250.108122825623 256.240030129751 259.457627932231 270.050525665283 281.421462694804 289.883097012838 288.166304429372 287.829657395681 274.759709835052 275.390267372131 280.38756052653 282.792687416077 279.768367608388 270.217895507812 257.119715213776 229.283769925435 171.543002128601 151.614209016164 148.537456989288 128.960698843002 97.7163910865784 88.6655549208323 105.868319670359 149.964282910029 188.768982887268 215.821047623952 229.178865750631 219.201982021332 197.083671887716 218.705753485362 286.100169022878 280.359745025635 300.292491912842
264.603912830353 268.91036828359 279.566069444021 282.111525535583 276.297152042389 266.870220502218 248.904009660085 241.955657800039 232.880115509033 217.919886112213 219.527999560038 237.32449611028 247.388501962026 262.710213661194 265.361726284027 262.69127925237 269.226988156637 279.752572377523 284.242669741313 284.618159135183 282.508691151937 274.254103501638 268.802106380463 269.845227400462 274.475892384847 270.745873451233 258.851408958435 250.446955362956 203.586459159851 180.149833361308 178.145051002502 194.188634554545 196.754733721415 163.323183854421 129.042049249013 115.899582703908 130.168229341507 156.492680311203 189.381122589111 212.0334704717 193.902830282847 184.538384278615 227.815091609955 274.045467376709 294.431904951731 311.264554659526
266.213238239288 268.793682257334 276.286025842031 280.56675195694 290.040870507558 277.382334073385 264.716645081838 255.997737248739 255.833685398102 252.172728379567 241.363187630971 255.462805430094 263.837695121765 276.616315046946 278.062542279561 271.542032559713 270.347595214844 270.524541536967 277.541220188141 288.173735141754 289.76571559906 284.325798352559 276.363472143809 272.014816602071 272.415161132812 272.020181020101 261.737902959188 250.290036201477 216.743846734365 210.843125979106 231.68937365214 255.791703859965 260.859111944834 268.80290110906 240.413804848989 156.633963187536 144.587179025014 154.959489901861 182.307402292887 208.390911420186 203.592757383982 234.800239404043 236.590524514516 254.810114701589 285.686373710632 299.993316332499
270.298918088277 266.69575770696 269.689242045085 277.949114640554 312.313814957937 289.545436700185 272.524793942769 258.070131142934 261.2065076828 267.968535423279 258.04336865743 260.214885075887 270.698010921478 279.999196529388 283.246318499247 278.085549672445 268.170038859049 274.062474568685 281.862298647563 289.070387681325 287.745118141174 277.886807918549 278.197487195333 277.338147163391 278.867145379384 277.301569779714 270.977854728699 261.775275071462 241.757055123647 240.640600522359 263.694167137146 278.317968050639 277.916371822357 291.784087816874 309.602379798889 236.878871917725 173.949797948202 161.775608857473 173.514525095622 200.844208399455 241.247793038686 291.377822558085 250.92226266861 244.637747605642 272.93062210083 279.671708742778
268.122136592865 259.264051914215 263.023734092712 284.348905086517 325.51650206248 291.687389214834 264.343579610189 252.216478188833 258.766055107117 264.510234196981 258.909126122793 256.812373797099 272.558569908142 279.511551062266 278.891205787659 282.6020916303 277.408003807068 271.57723903656 280.897299448649 283.068597316742 280.501524607341 275.26585261027 276.16935968399 281.462152798971 283.046364784241 277.982811133067 278.290967146556 270.590265591939 253.2084385554 249.39888715744 271.675805250804 289.250950018565 288.795312245687 287.685394287109 306.535840034485 300.524989763896 207.113981246948 151.278118292491 141.333868106206 177.309016386668 250.268260637919 272.914628187815 241.392731666565 218.344191710154 238.29331000646 250.624100367228
261.450250943502 251.379410425822 259.345710277557 294.721404711405 322.755018870036 288.036823272705 255.908052126567 240.06313085556 236.28314336141 239.064276218414 237.917482852936 246.397217114766 265.488068262736 275.872111320496 279.107630252838 285.189787546794 282.698472340902 272.588829199473 273.860454559326 275.997519493103 274.827102820079 275.07495880127 278.118034203847 280.498147010803 283.281644185384 281.595746676127 283.974925676982 275.929490725199 258.693198362986 258.055031299591 277.550498644511 295.107146104177 291.018386681875 287.842333316803 297.341386477153 313.391943772634 290.522734324137 212.252179781596 167.409121990204 175.455570220947 214.076697826385 229.533235232035 228.918512662252 198.061982790629 208.884378274282 230.050384998322
250.406344731649 259.885450204213 289.670467376709 335.622509320577 334.893385569255 293.502112229665 257.749040921529 228.179017702738 219.520290692647 230.157991250356 225.35240650177 224.544505278269 255.197803179423 273.870786031087 282.000760237376 287.915925184886 286.12212340037 277.369817097982 278.109987576803 278.655330340068 276.102284590403 281.424939632416 283.191084861755 285.499135653178 286.077459653219 287.773191928864 290.017187595367 285.350282986959 270.551304022471 270.186007022858 283.961415290833 296.318332354228 293.289462725321 294.046680132548 298.662781715393 301.727732022603 319.801112016042 323.107997576396 253.789683183034 208.251138528188 194.235324859619 187.697847684224 204.769174257914 199.628869692485 205.542385578156 232.75363445282
269.137481848399 296.485364437103 318.645596504211 325.936734676361 350.629727045695 328.049878279368 290.562530358632 250.981787840525 235.720415910085 250.753382841746 244.051317373912 227.933367093404 243.040919303894 271.722753842672 284.543553988139 289.243757724762 289.997736612956 287.820080916087 280.048489570618 282.038370768229 282.546639442444 286.065697669983 289.392570654551 288.41491540273 288.577973842621 296.84849580129 297.304034233093 297.986606756846 288.220763206482 284.882287184397 290.353973706563 294.829150040944 296.779890855153 301.52428150177 304.464181264242 293.784022331238 300.927062829336 334.100643793742 323.266665140788 258.8871717453 209.847589333852 187.573691209157 188.899199167887 204.890747865041 224.871794382731 255.719343821208
303.889870643616 315.751135349274 308.908045291901 301.954368750254 319.716095924377 337.256034215291 328.614830970764 298.68479569753 275.177697340647 275.507132212321 276.658435662587 255.377928415934 244.553248087565 269.081075986226 286.375323931376 290.172576904297 287.600298722585 291.367908318837 283.348143100739 282.031893730164 288.272579511007 288.373629252116 288.161714871724 287.285447120667 290.486911932627 298.15012216568 302.681068579356 303.789416948954 297.600905100505 291.114906469981 298.931181430817 302.998383839925 299.571613470713 301.036198933919 305.000245571136 294.482429822286 294.34992869695 311.119715372721 309.089759985606 279.717028141022 248.883704344432 212.173163890839 193.957487742106 197.845160961151 219.358166058858 254.152774810791
300.58765411377 295.696477095286 289.211432139079 278.669555981954 279.574076334635 299.173871676127 317.265788714091 310.909231503805 298.195878664653 296.775619188945 297.823707262675 282.731751600901 267.871538798014 274.875362714132 286.772211392721 290.562848250071 289.943893750509 290.109475453695 284.04559691747 285.095810890198 285.144209861755 286.601444085439 283.66486231486 282.713095347087 287.480711936951 294.2134141922 301.000277201335 301.926414171855 297.654906908671 297.602911790212 303.471922874451 301.786382993062 291.24504327774 289.03337319692 292.755385239919 277.051071325938 274.830500284831 273.494303226471 262.785275777181 263.136744499207 272.758543491364 242.861390113831 215.845843156179 203.142205874125 204.334775606791 228.20645570755
295.76301574707 286.816636721293 292.817811171214 279.432674249013 271.900375684102 282.985111077627 307.361702124278 327.163954575857 319.639722506205 305.219133694967 295.062482357025 293.502390384674 296.719292799632 292.524139086405 293.653170267741 292.798459529877 290.4345591863 289.837201436361 286.862174669902 289.899627367655 285.520772139231 284.981409708659 283.576011657715 284.164269765218 285.940547784169 290.996869405111 296.653966108958 295.205235481262 294.775168100993 300.881803035736 304.060618082682 294.373154640198 279.178977012634 282.922903696696 281.005601088206 264.189700285594 265.492955843608 265.190879503886 268.81351073583 284.770846366882 286.296844482422 277.480026086171 251.68385108312 236.72753572464 218.244036038717 208.194315433502
314.179201920827 309.659898281097 318.449278672536 313.672701517741 304.039120674133 307.769338289897 323.117931683858 342.749794324239 332.88182814916 309.21745300293 294.998208681742 299.981494744619 312.689244747162 304.210404555003 302.498877048492 299.57107702891 296.753207842509 289.574106534322 292.398929595947 293.533106644948 289.652407169342 286.639630794525 287.217775980632 290.216028690338 287.691553433736 289.488673210144 290.66679875056 289.486785729726 291.442553202311 301.519393920898 301.617403825124 292.112032572428 280.691742897034 281.62282705307 272.760391235352 267.757892608643 273.046374320984 274.429639180501 284.625371297201 307.207226753235 274.584869543711 262.11013396581 251.683632532756 241.916954517365 226.777275403341 204.897363980611
335.083961486816 332.906186580658 335.184812545776 337.311903635661 328.651269276937 322.578489780426 327.582836151123 341.422915458679 335.576852162679 307.65704313914 298.367698987325 306.819240252177 317.363301912944 308.999021848043 298.770944277445 304.942091306051 304.925600687663 297.312577565511 297.585070133209 297.633866469065 298.566083113352 293.838500976562 290.915131568909 293.232599894206 288.461168607076 288.172622521718 291.035234928131 294.811725616455 295.343299706777 302.250285943349 302.424907684326 294.802864392598 283.521970113118 278.505285580953 268.75235637029 273.471236228943 279.370824495951 279.593189557393 282.454490661621 297.947466373444 260.737697283427 221.278786659241 205.657561620077 201.600392659505 198.79941145579 195.912381013234
344.252785046895 342.716097831726 340.138157208761 341.116905212402 334.935863812764 328.018565972646 326.110144456228 331.938167413076 336.377302805583 316.209534804026 311.068097750346 315.788646539052 315.432926019033 305.676738421122 300.213595231374 304.233868916829 311.467011769613 307.077407836914 301.503340403239 303.764224052429 303.09921503067 297.93647925059 293.61883799235 293.791989485423 294.459541638692 290.771047274272 292.22563902537 297.147969404856 298.799673716227 300.575892130534 302.50084400177 296.842455863953 286.491652329763 271.029432614644 261.805832386017 277.770638465881 287.314057350159 285.633603731791 276.359717051188 287.407040596008 261.118431886037 194.19793287913 164.251327514648 149.133761723836 150.289903084437 160.276194413503
343.122005462646 345.623731613159 346.74863020579 344.948649406433 341.991225878398 338.586330413818 333.838860193888 330.591042836507 332.667926947276 326.467076937358 330.099682013194 325.35982131958 311.676144599915 313.305974006653 308.464169502258 302.119731903076 309.686084588369 310.420632362366 304.046312967936 301.280717055003 300.836086273193 297.382632891337 292.899092038472 293.630003929138 295.219163099925 296.97980483373 294.625600179036 297.294199466705 299.8273173968 301.240384578705 302.623550097148 299.553434054057 281.830569108327 259.273449579875 267.497102419535 290.538052717845 293.528934319814 288.366675376892 271.97128534317 276.764333248138 289.948185284932 237.531046072642 177.756647268931 150.295307238897 141.858200232188 141.550997893016
329.180240631104 333.669900894165 333.455562591553 337.450742721558 343.587756156921 348.164836565654 349.855780601501 348.772565523783 347.066164016724 345.357219378154 336.720546086629 321.55179977417 315.019965171814 314.184069633484 309.449990590413 306.781570116679 307.769894599915 307.08372592926 301.340202490489 300.502777099609 302.65998840332 303.492983182271 302.010059356689 297.022064526876 295.34657796224 296.873033046722 299.403766791026 299.93466536204 302.082538604736 301.678379376729 302.11353302002 299.275676409404 276.424725850423 260.345935821533 283.860405286153 299.144268035889 294.514874617259 290.217518806458 277.223745981852 274.433294932048 306.48410320282 322.548548380534 263.814151287079 209.05735095342 169.9072321256 142.705231904984
