input/barkrak2/radiation/dir10524.grid
NCOLS 85 
NROWS 70 
XLLCORNER 665100 
YLLCORNER 4664600 
CELLSIZE 20 
NODATA_value -9999 
[rows 20 to 39 of 70, columns 0 to 45 of 85]
118.166794379552 107.280611991882 116.463998953501 146.276503801346 141.804109017054 118.090649445852 110.66476504008 120.761662721634 133.171707391739 146.128674348195 161.460340023041 163.260598977407 162.382582823435 166.646291812261 178.956945737203 200.278162956238 208.193381627401 223.346968491872 236.476262410482 255.27948141098 263.910591602325 253.121534983317 258.491973082225 262.515703837077 264.706552028656 266.132891178131 262.973129749298 262.717207272847 266.107439994812 267.909626166026 263.15305630366 248.904367287954 233.778893947601 223.450640837351 218.989213307699 225.280145804087 224.884947141012 227.052470048269 231.912076473236 236.132701237996 237.562298774719 237.967451413473 240.425785382589 233.897109826406 238.674481709798 243.938942750295
150.827835003535 141.22462272644 142.477800448736 173.110246658325 169.822990894318 123.331099748611 122.265021006266 131.715993086497 140.460093816121 146.775146325429 154.436330000559 157.406191031138 159.032374620438 155.262132485708 165.825794140498 179.679890473684 193.010886510213 205.862979094187 220.54930528005 232.693990071615 242.134749889374 253.48178545634 258.900125821431 255.142112572988 249.217867851257 234.707335631053 227.988958358765 225.137193997701 229.259848594666 219.724595546722 206.258277098338 180.478632450104 174.361745516459 166.367262601852 171.370585759481 192.539076010386 201.556086540222 219.104409217834 231.509447097778 231.841901938121 229.721109072367 228.672246138255 221.228619416555 203.04681857427 226.616362730662 238.886078198751
197.572787602743 197.836935520172 187.039176623027 193.222542603811 192.820231119792 150.583644707998 146.139750878016 140.085518360138 137.740612030029 141.27920071284 152.291089296341 159.082035223643 161.666184663773 162.154217561086 165.585468212763 171.148300170898 184.376060962677 196.4297691981 207.581361134847 210.088094075521 215.636293093363 228.552103042603 240.441222985586 244.878093401591 241.178433100382 233.360469341278 221.352378527323 208.901345729828 214.290420214335 201.052784919739 173.789501190186 127.070804437002 97.4744657675425 90.6859238942464 127.177665630976 154.266546169917 174.656351407369 198.300103346507 213.677922884623 217.191537221273 220.755736033122 223.501622676849 196.777542432149 170.199354489644 202.59169737498 233.700096607208
230.180203914642 225.216825803121 203.627328077952 199.427545070648 198.148906230927 188.09715906779 167.88520415624 147.112866242727 134.062190850576 135.534793138504 150.348136822383 160.568396250407 167.223254839579 175.255954265594 172.401130199432 174.386183420817 182.036181290944 193.806052207947 200.983087221781 195.498029390971 194.520970185598 197.242299715678 208.815654118856 222.502052783966 224.446952342987 221.043805281321 214.064061641693 198.556780815125 179.470936457316 150.594025850296 122.855305671692 97.1621473630269 56.9244921207428 21.8618859847387 23.267296453317 54.8268457253774 98.6308753490448 134.42732890447 165.608624617259 174.968222777049 175.326347351074 159.181962410609 154.335677623749 183.246294657389 189.880867799123 223.834852377574
224.884311358134 223.694523175557 215.449492136637 202.527721722921 189.446449279785 187.736868858337 172.150810559591 159.282743930817 145.999670028687 140.592277050018 148.847927649816 157.801965872447 163.314819335938 174.872358640035 175.178726514181 174.294412136078 182.238300641378 194.374203681946 199.933171272278 194.091280301412 191.44332408905 187.794407208761 195.446948210398 203.246613343557 205.113530158997 205.021719137828 195.137639840444 182.33456214269 162.816713253657 117.280880610148 98.6796021461487 94.4194197654724 69.4897870222728 20.7120652000109 14.4630732635657 37.7013633648554 59.5452338457108 80.0513426462809 106.116781632106 127.689758936564 118.622521559397 108.295202255249 129.017651081085 209.917525450389 210.592170556386 227.266132831573
213.506976763407 218.715985616048 221.643884976705 204.989691575368 190.418938795725 188.900808493296 183.929065863291 187.505920728048 183.075944582621 169.654270013173 164.901634057363 172.823905944824 177.146871884664 186.511317888896 187.084555625916 180.991689364115 184.240063031514 195.209801197052 200.084328651428 205.091694990794 209.44348971049 203.048984209696 197.222272555033 194.049219290415 193.644185860952 193.478624025981 186.625421047211 175.265749295553 148.003578186035 130.011806885401 125.56650241216 138.287166754405 134.809811909993 76.4972617228826 45.247420668602 54.5502156019211 61.0457609097163 70.2300618092219 90.6599164009094 92.2669967015584 85.375169912974 93.3439036210378 136.772155761719 206.752280394236 225.506107012431 234.312574068705
213.739434878031 218.285620212555 221.860627333323 209.710379441579 206.358472506205 205.958088239034 208.302676677704 210.881849129995 216.237604618073 208.832840124766 190.409660339355 195.589601993561 196.675101915995 206.736365954081 204.667290051778 192.870716253916 187.446057796478 199.595034122467 205.269038677216 218.345324198405 222.462296485901 219.264427820841 207.171758015951 198.461572329203 195.675154527028 195.031344890594 187.339822451274 182.651241620382 163.528462251027 163.924197355906 180.341939131419 206.124623616536 214.008967081706 207.129299640656 149.247388044993 81.4917335907618 76.2766053279241 78.6930471658707 92.3865735530853 92.830499013265 104.717542727788 143.315891424815 170.535445213318 198.170224825541 223.101178805033 228.811383247375
217.012107372284 213.872671127319 216.107904911041 211.659610271454 235.29040813446 228.4810145696 227.255940437317 222.460786501567 225.70679585139 225.98268588384 208.100378513336 200.490474700928 203.656077384949 208.731154600779 209.42364136378 205.175777276357 198.740541934967 206.265052159627 218.981385231018 223.675131797791 223.062078158061 213.21976184845 207.496225833893 208.089470863342 205.252885818481 203.387161095937 196.701546510061 194.370071093241 193.270007769267 203.180273373922 220.552563667297 233.965178330739 239.382763703664 252.151072025299 240.289171536764 147.194594144821 98.2716580231984 86.6630077362061 85.4774514834086 100.667138894399 142.829914887746 211.613456408183 191.987236340841 186.001161734263 200.065493583679 206.518252690633
217.089056968689 205.626388390859 208.465456962585 217.587073644002 255.510866641998 237.877428531647 223.866581916809 215.572158495585 212.917804718018 211.195806662242 203.594883282979 192.94943412145 202.060182889303 206.59746726354 210.333228111267 213.585356871287 210.035045941671 204.264561335246 215.86138010025 217.473725477854 212.721546490987 206.324239571889 205.807646115621 210.946917533875 211.107889811198 204.722225666046 205.91946442922 200.875480969747 198.776026566823 216.65354569753 235.863963762919 250.653525193532 254.473805427551 254.746357599894 262.532691160838 220.348576704661 116.132507721583 73.6061582962672 61.422457297643 81.2941690286001 157.126247882843 201.015909512838 179.964105288188 154.034982124964 162.412881851196 168.709377447764
213.147461414337 197.644968827566 202.919125556946 227.433303991954 254.653970400492 235.355178515116 210.302412509918 188.983778158824 178.48672469457 176.365296045939 176.837801933289 180.070638656616 197.189529736837 207.646509011587 212.588210900625 218.802829583486 217.445492744446 201.908349990845 204.310317834218 206.406116485596 205.144762992859 205.601473649343 205.951770146688 212.633371353149 214.864730834961 208.446363608042 213.170786698659 205.418725808462 205.233295758565 222.053249677022 245.048542817434 261.167248090108 258.788764476776 256.624718507131 267.23305384318 268.337249755859 208.906769752502 117.552777131399 87.2603158156077 95.6282019615173 129.521270593007 148.965756098429 159.668584664663 128.33970785141 127.279122670492 136.62788271904
205.996175607046 212.532182534536 242.350379625956 287.695507208506 279.86600001653 241.896073023478 203.559199968974 169.002175331116 158.757448196411 166.730165481567 161.939909060796 161.115457614263 186.272799968719 205.967287222544 216.555813948313 222.666283448537 221.299310525258 208.42170715332 206.550399462382 207.582791646322 205.983757972717 210.651497046153 214.311679204305 214.368542035421 216.599424680074 220.241665840149 218.903700510661 217.53470102946 214.871843655904 231.583853562673 253.940502802531 265.288790067037 261.024117469788 265.552322069804 274.014274279277 278.530498345693 276.680111885071 249.527951081594 167.507092158 123.531490564346 111.428161462148 113.069067398707 133.327851692835 122.796912988027 120.59298157692 142.625272274017
224.606434504191 258.679668108622 295.24956146876 311.651289463043 321.239153544108 282.626907030741 235.18160978953 193.249106407166 179.928680260976 191.131949424744 183.436950047811 169.395605723063 180.879751841227 203.259468078613 219.696243604024 226.291298866272 225.010633468628 220.800479253133 211.535493532817 212.251861890157 212.475975354513 215.38237730662 217.994868755341 217.296262582143 221.117397149404 230.708698431651 230.577647686005 232.880393664042 232.900738716125 242.218514283498 257.489562034607 265.86655775706 268.550455570221 276.278456052144 282.382011413574 273.558994134267 274.709443251292 289.888064066569 249.185661474864 170.842071374257 122.652600208918 115.584095319112 120.421409606934 129.868119955063 148.331383864085 177.709639072418
275.217155615489 300.480961799622 308.538854122162 304.937362670898 319.086333115896 319.502671559652 293.455878893534 258.069217205048 230.418999989827 227.205336093903 224.430322647095 201.16396745046 184.913317362467 201.802333196004 220.858871936798 228.520254294078 225.009719530741 225.008428096771 214.373191197713 211.370686690013 216.248472531637 218.147317568461 218.76855691274 218.454738457998 220.631817976634 234.391729036967 239.984611670176 245.121320088704 243.893524010976 246.296842892965 260.025064150492 270.182291666667 269.478797912598 268.657167752584 271.412054697673 260.853052139282 262.627502282461 267.508188883464 241.494874159495 193.617224693298 157.63258934021 138.467202583949 129.677514235179 133.071442445119 148.79180987676 183.486938476562
296.734650929769 304.565231005351 300.722400347392 292.428553104401 297.204494476318 311.192770799001 312.60484457016 290.68378607432 263.768792152405 253.24809551239 251.490712165833 234.28076505661 210.4678551356 210.847079753876 220.885654290517 223.911205927531 220.395723978678 221.841931343079 214.666883150736 218.136270840963 217.084666093191 217.903276284536 214.224994182587 215.337137381236 222.180207570394 232.152899106344 241.782546043396 242.486655712128 245.175004005432 250.665068626404 263.317763805389 264.831880728404 252.870162328084 245.833436648051 249.389290809631 230.104962984721 229.157745838165 219.688236713409 192.876060803731 174.984296162923 185.847004254659 172.054409980774 151.198049386342 139.2729083697 139.21840985616 158.331741889318
302.251060803731 302.074472109477 305.610219637553 296.234548091888 292.350252469381 300.629655520121 314.964175224304 314.072092374166 286.299645900726 263.305564721425 255.117217699687 249.530772368113 240.891019503276 226.472914218903 223.294854164124 224.59077835083 222.392459710439 218.744397163391 217.792610327403 221.181253592173 216.772854328156 215.906143188477 216.968437035879 219.452559947968 223.275065422058 227.973421414693 237.238049507141 235.753397146861 238.233427206675 252.634922663371 260.025759538015 252.579768498739 239.790320396423 238.860905170441 232.587218284607 214.921275774638 217.94327100118 216.214140256246 207.303543885549 200.257658958435 206.512212753296 210.841774940491 192.066629727681 172.194163004557 154.276480277379 143.484989802043
313.083052635193 312.337140242259 316.620568434397 312.93519337972 305.926044782003 306.507746378581 316.161354382833 322.73256778717 298.529982566833 269.446690877279 252.252161502838 253.598034381866 255.244394143422 238.550941149394 230.930089950562 233.252982298533 227.295200030009 218.801657358805 224.234859148661 226.238528887431 224.223951498667 219.484647115072 223.721305529277 227.747241655986 226.001679897308 231.04206720988 231.416424115499 230.822126070658 235.629796981812 249.859094619751 254.852791627248 247.957269350688 242.151280244191 243.191182613373 227.279225985209 220.700144767761 226.473172505697 231.05925321579 234.95078086853 230.494995911916 198.880672454834 198.658227920532 187.00651327769 171.252131462097 154.055337111155 129.9101014932
315.059026082357 315.285682678223 318.401237328847 316.845615704854 309.970915317535 305.949012438456 312.687973181407 322.566787401835 304.505129655202 270.271420478821 254.604657491048 252.167304356893 255.445043245951 240.399658679962 228.529254595439 233.91185204188 238.5533452034 227.180480957031 230.192343393962 233.193655808767 233.66516828537 228.653689225515 226.521770159403 231.327672799428 228.438794612885 227.662523587545 232.454101244609 237.324794133504 240.158518155416 250.944415728251 255.379656950633 251.053194204966 244.186381498973 243.203103542328 226.783792177836 229.983667532603 233.878990014394 238.622148831685 239.863872528076 229.331195354462 175.285895665487 147.273540496826 133.958737055461 123.649438222249 117.947151263555 108.792881170909
309.942921002706 313.822309176127 318.140824635824 316.081742445628 310.919443766276 309.712409973145 313.957571983337 320.370078086853 312.754094600677 280.309577782949 265.37557442983 254.670341809591 246.003091335297 235.942184925079 228.343645731608 232.661008834839 245.014607906342 237.02609539032 233.293215433757 236.374258995056 236.614068349202 231.605370839437 228.323101997375 229.56915696462 230.507433414459 229.05707359314 232.882102330526 240.279297033946 243.209540843964 247.117539246877 253.226637840271 254.126230875651 247.616668542226 232.789158821106 220.183352629344 237.727642059326 246.181587378184 246.83403968811 239.77933327357 233.549555142721 170.077045758565 110.617071390152 88.0332390467326 77.0981808503469 77.0303905010223 81.5478414297104
289.778292179108 297.483702500661 302.840193112691 304.097274939219 306.335091590881 312.274078528086 316.694955031077 319.202423095703 315.458416938782 294.763664404551 279.144505659739 260.963221391042 245.692610740662 244.497934977214 236.423254013062 229.282915592194 240.122934182485 240.092794100444 234.817405541738 232.742786407471 232.853690783183 230.634947617849 226.546963055929 227.528850237528 230.483571688334 232.260247071584 232.569913069407 237.011631329854 242.109020551046 243.10576915741 249.446153640747 255.252480506897 243.248820304871 219.448626041412 225.877384344737 252.724349498749 257.334450880686 251.344760258993 240.150888760885 240.441461404165 217.788279056549 144.138793150584 90.4954473177592 75.0174820423126 71.528434753418 67.253718773524
261.314074198405 267.290870348612 266.979217529297 275.743226210276 288.017114003499 299.894173940023 309.001763661702 314.975996812185 314.204374949137 299.420158068339 277.171671390533 256.282607714335 244.075735410055 241.377751032511 238.27584584554 230.587204297384 236.673494180044 235.13917128245 228.692332903544 226.407885551453 230.905334154765 231.789708137512 229.679564634959 226.305643717448 224.726299444834 226.266026496887 231.309374173482 235.255499680837 240.55141210556 241.207977135976 241.433660189311 248.029192288717 235.639850298564 221.722106138865 249.273419380188 265.988886356354 260.926365852356 253.864149252574 247.054000695546 251.733084519704 270.106315612793 250.349124272664 173.473417758942 118.968238433202 88.1841679414113 66.5725568930308
