input/barkrak2/radiation/dir15624.grid
NCOLS 85 
NROWS 70 
XLLCORNER 665100 
YLLCORNER 4664600 
CELLSIZE 20 
NODATA_value -9999 
[rows 20 to 39 of 70, columns 0 to 45 of 85]
205.436567465464 198.135713736216 214.397231737773 255.264321962992 249.736487865448 203.045765558879 186.12802028656 190.337022145589 203.326523303986 225.888927777608 238.984942436218 248.053530852 257.56045182546 270.757834116618 285.661657651265 313.132762908936 331.767678260803 335.028370221456 339.812199274699 346.275170644124 347.559769948324 341.980695724487 341.038386027018 342.549324035645 343.542218208313 344.725847244263 345.521688461304 342.385808626811 337.86686261495 337.474822998047 331.76851272583 321.580449740092 313.722451527913 310.365637143453 308.525502681732 314.158002535502 313.703278700511 315.930326779683 320.320804913839 324.096838633219 323.758284250895 323.814928531647 325.830300649007 321.874996026357 324.76286093394 328.094522158305
230.969687302907 231.227894624074 250.037709871928 280.189454555511 275.53653717041 215.6955798467 196.503539880117 198.338150978088 205.661574999491 219.312071800232 231.850862503052 240.079283714294 248.574018478394 255.440990130107 270.047883192698 289.527376492818 310.566842556 330.240607261658 335.340936978658 342.933972676595 346.535285313924 349.685430526733 350.937008857727 350.317517916362 347.397168477376 343.606273333232 340.036153793335 336.698611577352 335.869550704956 329.162001609802 313.097258408864 285.723010698954 266.700704892476 265.439728895823 273.104071617126 291.277786095937 298.489212989807 312.3792608579 320.307771364848 321.162442366282 319.54824924469 318.711658318837 312.472303708394 299.799799919128 316.644132137299 324.936191240946
269.828120867411 278.165221214294 286.884367465973 296.973347663879 296.924531459808 248.846014340719 219.762126604716 203.967869281769 202.965795993805 213.987946510315 230.962991714478 239.443898200989 253.634254137675 259.237507979075 268.072505791982 282.998144626617 297.742744286855 314.799984296163 329.888025919596 331.123928229014 333.938757578532 342.240691184998 347.258647282918 347.25300470988 344.73447004954 343.098759651184 339.299440383911 333.087384700775 321.897407372793 304.279685020447 262.390494346619 211.8901014328 191.682040691376 209.320624669393 237.336138884226 261.671225229899 279.366652170817 297.526876131694 309.095064798991 312.119523684184 313.929200172424 314.480245113373 293.719331423442 274.993101755778 299.48635896047 322.34779993693
288.679480552673 292.175968488057 294.23052072525 302.081227302551 302.160203456879 283.03587436676 244.694511095683 213.373045126597 198.087970415751 202.740371227264 227.506478627523 242.31485525767 256.601333618164 271.491785844167 277.079105377197 279.399394989014 292.658070723216 306.392153104146 317.792852719625 318.773547808329 318.386395772298 322.116533915202 331.430792808533 337.619066238403 338.623364766439 326.124469439189 313.785016536713 298.07170232137 271.821220715841 228.285531202952 192.320704460144 167.409718036652 139.895995457967 139.03933763504 152.66344944636 190.498431523641 229.932904243469 256.449182828267 273.914396762848 282.385190327962 281.909823417664 267.743786176046 253.669202327728 287.457247575124 281.771779060364 316.215515136719
280.630807081858 282.930791378021 293.702244758606 303.057392438253 294.464965661367 283.471961816152 252.865195274353 228.93359263738 211.683650811513 205.021977424622 220.282435417175 236.202577749888 250.11678536733 266.554872194926 272.988319396973 278.010904788971 286.772608757019 299.60024356842 309.447924296061 307.959834734599 314.836343129476 312.922596931458 312.106072902679 304.830034573873 297.211647033691 296.124339103699 287.038107713064 275.684992472331 242.337981859843 186.689178148905 164.992411931356 162.43847211202 144.494980573654 121.144582827886 113.002220789591 127.125342686971 174.921611944834 210.991859436035 235.869924227397 250.01992781957 240.093131860097 218.239486217499 238.804737726847 302.30712890625 294.841885566711 317.474047342936
275.247315565745 279.241939385732 291.935662428538 299.7967004776 296.104331811269 285.204668839773 263.72770468394 253.911276658376 243.662337462107 228.45866282781 228.448688983917 247.331043084462 262.053747971853 276.74796183904 279.709716637929 280.983805656433 287.504037221273 297.833700974782 306.089778741201 311.62703037262 315.476934115092 302.380343278249 288.165986537933 289.071877797445 289.799153804779 287.73832321167 276.013692220052 262.847046057383 220.01979748408 191.583414872487 190.367877483368 207.132558027903 211.506247520447 185.770014921824 151.876717805862 133.478740851084 149.901231129964 178.310910860697 217.611213525136 233.568946520487 215.355237325033 206.373115380605 246.522943178813 289.090355237325 306.673248608907 329.731047153473
277.203500270844 279.210944970449 287.695785363515 296.55381043752 308.321515719096 293.903311093648 276.92981561025 265.20033677419 263.57098420461 257.87478685379 251.635293165843 266.446312268575 276.252428690592 291.437089443207 291.544715563456 287.896275520325 288.740634918213 298.76184463501 303.337574005127 307.809948921204 305.366098880768 301.023523012797 297.561426957448 293.81255308787 291.049738725026 287.058234214783 276.824911435445 263.206442197164 226.821303367615 220.901926358541 242.767095565796 266.13438129425 270.377218723297 282.343188921611 261.67352994283 176.568826039632 162.200897932053 174.132327238719 200.445791085561 231.597781181335 224.516352017721 255.769828955332 253.172735373179 264.090975125631 296.655297279358 316.148022810618
281.409482161204 277.667303880056 280.900855859121 292.676349480947 329.355299472809 304.659962654114 281.620701154073 264.722585678101 265.332897504171 272.794842720032 267.785271008809 271.006544431051 286.052385965983 294.682880242666 296.391864617666 295.661667982737 295.196791489919 295.330782731374 298.512895901998 305.213093757629 303.613444169362 295.651793479919 294.996480147044 297.31277624766 298.115193843842 293.88686021169 283.96075963974 274.162610371908 249.571740627289 247.831781705221 272.191564242045 286.76970799764 285.200715065002 299.108763535817 324.773569901784 257.436275482178 194.847325483958 177.917997042338 191.846966743469 234.873871008555 261.913259824117 308.135390281677 261.608958244324 255.355477333069 285.920977592468 297.058204809825
278.585076332092 270.638982454936 274.629533290863 299.135108788808 340.608676274617 302.88690328598 272.225797176361 259.233733018239 264.425794283549 272.084335486094 269.909004370372 269.048889478048 284.915188948313 294.277727603912 299.687425295512 302.825351556142 295.141816139221 289.073685805003 296.244422594706 298.123300075531 297.415633996328 290.916641553243 291.150311628977 297.925432523092 299.915631612142 297.362585862478 292.827983697255 282.446920871735 260.494808355967 255.186915397644 278.14515431722 296.394228935242 294.971426328023 293.280184268951 314.893941084544 318.218171596527 230.218549569448 171.311517556508 163.133800029755 205.116868019104 270.63516775767 288.146535555522 252.927621205648 231.175760428111 257.243057092031 269.845962524414
271.18053038915 262.89580265681 271.515091260274 309.52113866806 337.404131889343 298.970858256022 265.266954898834 247.64084815979 245.375355084737 252.063075701396 251.393000284831 259.520848592122 279.01283899943 294.52657699585 295.720259348551 300.165057182312 299.600223700206 288.168589274089 289.575695991516 291.805386543274 290.64013560613 292.393783728282 291.779160499573 298.48978916804 302.241921424866 298.999150594076 300.963044166565 288.253823916117 267.673810323079 264.122446378072 283.130288124084 301.129122575124 296.376605828603 292.983333269755 302.099446455638 321.98562224706 308.413406213125 234.077274799347 185.375034809113 194.577137629191 232.466816902161 246.229370435079 245.916207631429 216.176152229309 229.194462299347 256.633003552755
259.371181329091 269.550482432048 299.051403999329 344.81139977773 345.991015434265 304.089486598969 266.982138156891 240.508576234182 232.933243115743 243.80624294281 238.872985045115 237.800399462382 271.830280621846 293.648342291514 300.554235776265 302.638153235118 302.75418361028 292.804817358653 292.235910892487 292.698740959167 292.000611623128 296.980659166972 297.915399074554 300.267259279887 303.660492102305 307.044406731923 306.265294551849 297.823150952657 280.585408210754 276.593426863352 288.826247056325 301.481564839681 298.872729142507 298.394620418549 301.984051863352 304.641127586365 327.834606170654 338.124910990397 273.005326588949 227.719803651174 213.613371054331 204.935193061829 220.853765805562 218.743999799093 226.029932498932 261.505464712779
277.954796950022 303.30361922582 321.536262830098 326.567014058431 354.636748631795 336.377223332723 301.775515079498 263.211766878764 247.540652751923 262.887159983317 257.117827733358 237.473686536153 257.402499516805 288.854638735453 300.816635290782 303.839166959127 304.867148399353 301.319380601247 295.646886030833 296.23814423879 298.255701859792 301.388482252757 304.502010345459 303.202629089355 304.940899213155 311.857004960378 313.511490821838 311.240394910177 298.100113868713 291.996677716573 295.580188433329 299.297014872233 301.044503847758 305.282533168793 307.756960391998 296.076873938243 304.704447587331 342.326879501343 338.945627212524 278.877993424733 230.169673760732 203.977048397064 205.044070879618 223.16962480545 247.352619965871 273.88068040212
308.235049247742 316.683828830719 305.991371472677 298.312067985535 317.054907480876 338.558753331502 333.922942479451 305.839002132416 282.998363176982 285.256187121073 286.941309769948 265.095472335815 261.020302772522 281.853675842285 300.773998101552 302.809675534566 302.711645762126 307.961722215017 299.084385236104 296.305914719899 302.116552988688 305.007656415304 305.249373118083 305.609921614329 306.730071703593 314.466794331868 318.827887376149 319.262405236562 307.387888431549 298.812429110209 305.246472358704 308.025737603505 304.054737091064 306.115249792735 310.279627641042 300.242801507314 299.577295780182 319.345474243164 323.805709679921 299.183487892151 269.455234209696 228.566467761993 208.213925361633 217.909296353658 239.478131135305 270.579874515533
298.484841982524 290.784895420074 283.373713493347 272.284289201101 272.773842016856 293.582538763682 314.771850903829 312.821288903554 303.176124890645 304.547746976217 303.534726301829 289.997418721517 280.517141024272 290.307799975077 303.240935007731 305.743952592214 302.018642425537 305.442055066427 298.314611117045 300.993184248606 301.295379797618 304.015417893728 301.114777723948 301.432033379873 304.237306118011 309.687614440918 317.663629849752 316.105206807454 310.082018375397 305.770397186279 311.003625392914 308.820923169454 298.14342657725 297.375897566477 301.509698232015 286.503275235494 283.738096555074 284.509400526683 278.685251871745 283.458987871806 293.240328629812 260.417898495992 232.269406318665 220.374623934428 221.895813941956 244.90080277125
291.300892829895 280.549466609955 286.87181075414 272.542277971904 264.47316010793 276.229600111643 302.732050418854 327.298700809479 324.40721988678 312.11922566096 300.788601239522 301.288346449534 307.916740576426 307.578245798747 307.121952374776 304.579675197601 306.252797444661 301.18985970815 301.331241925557 305.687745412191 303.523262341817 301.366587479909 301.465233167013 299.808402856191 304.201086362203 306.847771008809 311.965823173523 308.515508969625 308.748404184977 310.612897078196 311.437606811523 301.596581935883 286.381999651591 291.519959767659 290.621380011241 274.335702260335 275.156915187836 275.249640146891 282.315790653229 304.393331209819 303.551952044169 290.777722994487 269.023378690084 252.781093120575 234.558443228404 227.751135826111
311.580280462901 306.16416533788 315.742492675781 310.621956984202 300.463716189067 305.124282836914 321.924010912577 344.446460405986 338.268637657166 315.031329790751 300.046662489573 308.289011319478 322.628915309906 319.262762864431 313.362022240957 314.832091331482 310.8136455218 305.844187736511 309.751888116201 308.007558186849 308.722217877706 301.233569780986 303.364713986715 304.222842057546 304.119308789571 305.470248063405 307.709852854411 304.808874924978 306.313077608744 313.52424621582 310.902496178945 300.58761437734 287.953952948252 288.708964983622 281.634489695231 277.275025844574 282.38699833552 282.885015010834 294.690171877543 324.176371097565 292.749444643656 279.452284177144 269.77280775706 261.335631211599 244.425237178802 222.928543885549
337.151050567627 334.194739659627 336.193561553955 338.781714439392 329.954107602437 323.606431484222 328.265070915222 342.85302956899 339.791337649028 312.289814154307 303.673009077708 315.527280171712 328.092157840729 320.795019467672 314.27393356959 318.357110023499 321.038941542308 313.442230224609 313.961764176687 314.495444297791 313.279728094737 308.169941107432 307.004014650981 307.164827982585 305.459141731262 303.202946980794 306.64469798406 307.090918223063 309.398174285889 315.60472647349 312.879621982574 303.17344268163 290.528078873952 284.691075483958 276.888310909271 281.963924566905 288.38837146759 287.440260251363 290.502746899923 313.081463177999 281.551480293274 240.045626958211 226.728280385335 220.896859963735 220.424135526021 214.678088823954
350.033322970072 346.744775772095 342.478235562642 343.388279279073 337.663650512695 329.503496487935 326.138695081075 331.594884395599 338.195006052653 320.02321879069 319.457590579987 326.881726582845 324.735919634501 319.586594899495 318.761348724365 320.109009742737 326.318939526876 320.893923441569 319.112141927083 317.62437025706 317.848960558573 312.066912651062 309.788664182027 307.851254940033 308.398763338725 304.604887962341 306.78653717041 310.795148213704 311.303079128265 313.632965087891 314.408044020335 305.481553077698 293.811957041423 278.180480003357 269.915858904521 285.317540168762 295.258561770121 292.965312798818 283.005515734355 298.590401808421 282.861987749736 215.916117032369 185.067733128866 173.454304536184 171.521782875061 178.808649381002
352.593739827474 355.295737584432 354.183832804362 351.782162984212 347.731828689575 342.083652814229 334.975639979045 330.164432525635 332.526008288066 329.374750455221 337.551991144816 336.08603477478 328.764379024506 330.582718054454 321.868896484375 318.469246228536 325.675010681152 325.371702512105 319.536785284678 319.216132164001 317.815939585368 312.813818454742 309.28103129069 307.127058506012 308.320840199788 308.760702610016 307.45655298233 309.6817334493 312.512616316477 311.146477858226 314.948936303457 309.26517645518 289.188663164775 266.991098721822 275.538245836894 297.298431396484 300.302704175313 294.361114501953 277.452786763509 283.330639203389 306.171039740245 260.249495506287 202.275673548381 173.775792121887 162.828266620636 157.43883450826
343.235810597738 346.168597539266 346.505999565125 349.854548772176 354.00386651357 356.689651807149 356.281916300456 353.302995363871 351.063211758931 353.137254714966 348.515311876933 337.716023127238 332.394818464915 328.35712035497 327.463090419769 321.51593764623 323.987642923991 323.822617530823 318.078716595968 317.213118076324 318.544924259186 317.188799381256 315.198580423991 309.042453765869 307.272692521413 308.437625567118 312.990566094716 311.504642168681 314.037044843038 313.462773958842 312.443415323893 309.688528378805 284.603913625081 267.672161261241 289.921700954437 304.869612058004 300.45227209727 295.422494411469 282.287220160166 277.628382047017 312.84354130427 338.550408681234 286.256154378255 232.697904109955 190.027157465617 161.860972642899
