input/barkrak2/radiation/dir18924.grid
NCOLS 85 
NROWS 70 
XLLCORNER 665100 
YLLCORNER 4664600 
CELLSIZE 20 
NODATA_value -9999 
[rows 0 to 19 of 70, columns 0 to 45 of 85]
351.714173952738008 354.23481464386 353.519996007284 349.001010258992 343.360185623169 338.571071624756 330.318570137024 324.208637078603 329.24489180247 327.964266141256 324.755926926931 332.817494869232 339.405377705892 339.244922002157 342.278957366943 352.491140365601 356.37362798055 350.532492001851 335.655132929484 325.600822766622 302.247722943624 296.934346357981 313.147266705831 319.445451100667 315.949400266012 314.160982767741 313.041945298513 305.590788523356 286.928176879883 279.615660508474 278.640309969584 283.075491587321 291.733841101329 297.304888566335 304.645001888275 297.668198744456 294.179062048594 302.297433217367 300.115485986074 302.426020304362 292.451759179433 273.23446671168 283.739924430847 307.854433854421 314.291834831238 305.297255516052
345.424771308899 351.048549016317 352.362076441447 349.475304285685 348.110397656759 343.530098597209 332.454244295756 321.644981702169 324.546913305918 326.399326324463 321.083962917328 327.69638299942 336.547613143921 337.554852167765 336.461305618286 342.214504877726 340.664744377136 339.960296948751 338.261842727661 331.161399682363 315.529465675354 306.107580661774 310.775816440582 316.176990667979 314.685146013896 310.597836971283 309.943735599518 304.235259691874 290.116628011068 280.141413211823 281.110882759094 290.259162584941 288.00094127655 291.510164737701 303.916235764821 295.881013075511 288.978536923726 290.823360284169 285.536229610443 301.519453525543 299.143215020498 286.368111769358 293.614268302917 313.461184501648 319.304843743642 307.818730672201
326.838235060374 326.380888621012 330.006082852681 335.445324579875 341.400067011515 341.593980789185 340.817848841349 336.907943089803 332.738975683848 329.099595546722 320.707758267721 321.020881334941 329.160094261169 331.446389357249 327.098210652669 330.443481604258 333.925326665242 337.792793909709 341.692884763082 337.422450383504 332.408388455709 322.322964668274 314.164439837138 312.773108482361 313.905517260234 314.525544643402 309.110005696615 302.664975325267 291.543543338776 279.401620229085 277.020196119944 289.07843430837 276.313205560048 283.098816871643 298.552354176839 292.833169301351 277.413249015808 270.442922910055 282.085319360097 301.097174485524 302.69189675649 302.911500136058 305.428345998128 319.965938727061 330.441951751709 316.452145576477
310.796201229095 307.880461215973 311.227599779765 313.234766324361 313.851316769918 315.737028916677 319.033841292063 326.634128888448 334.763010342916 337.453206380208 333.82773399353 331.107338269552 331.290443738302 330.795089403788 326.945106188456 320.581436157227 323.979953924815 329.315026601156 336.005608240763 337.679823239644 335.618416468302 332.64038960139 330.660223960876 323.861797650655 321.890314420064 323.654373486837 317.587474981944 308.911224206289 300.240079561869 290.50076007843 280.624171098073 287.803212801615 276.295701662699 282.768825689952 289.65038061142 290.805141131083 284.152825673421 280.914743741353 299.787580966949 313.272217909495 310.698310534159 303.108215332031 299.344658851624 307.338198026021 318.658451239268 321.18558883667
324.313203493754 311.623096466064 299.0962266922 284.968574841817 287.127812703451 300.13644695282 313.188234965007 319.748918215434 325.645724932353 329.384764035543 336.307168006897 341.053287188212 341.318249702454 340.372085571289 338.325579961141 335.431178410848 332.94153213501 328.44603061676 331.281185150146 336.253007253011 335.230588912964 335.080623626709 338.277419408162 332.949678103129 328.232924143473 326.903382937113 321.968714396159 313.073257605235 304.381569226583 299.00856812795 297.319372495015 294.873674710592 288.083831469218 290.102044741313 287.96128431956 291.546781857808 301.765441894531 306.768039862315 316.566983858744 322.017292181651 319.933414459229 312.304437160492 304.338494936625 300.155282020569 305.879871050517 326.551914215088
345.947066942851 331.285357475281 306.782364845276 288.915534814199 280.396103858948 287.79411315918 307.567159334819 318.937579790751 321.141997973124 320.350706577301 326.480607191722 333.602865537008 337.968111038208 339.494705200195 341.835419336955 342.319925626119 338.656187057495 331.095735232035 329.63228225708 332.852145036062 332.648058732351 335.602243741353 340.662161509196 337.94363339742 334.022442499797 332.96134074529 326.36821269989 317.17836856842 306.802709897359 299.979408582052 299.470325311025 295.644243558248 300.107677777608 306.65385723114 300.657689571381 297.692497571309 306.004583835602 313.579758008321 317.8617755572 318.178753058116 319.126447041829 315.284411112467 312.327961126963 311.499118804932 310.399432977041 315.984189510345
348.423480987549 338.777263959249 328.604161739349 314.522643884023 299.452682336171 289.278467496236 293.881356716156 314.305186271667 322.760045528412 327.504436175029 325.943847497304 321.780721346537 319.237291812897 316.960295041402 318.447430928548 327.326099077861 331.677953402201 337.178468704224 338.710308074951 338.169813156128 333.988904953003 330.001413822174 337.286710739136 339.111526807149 337.182680765788 338.506062825521 334.836403528849 326.999068260193 316.729128360748 309.520939985911 304.682354132334 305.363337198893 319.726745287577 326.137860616048 323.099414507548 315.996170043945 314.536730448405 318.355778853099 321.74946864446 327.311674753825 327.453037103017 323.304235935211 319.195965925852 313.308596611023 298.788507779439 291.958590348562
343.737363815308 343.794624010722 342.302521069845 337.469657262166 324.802021185557 301.392118136088 284.111281236013 285.943190256755 310.392121473948 326.279640197754 330.276846885681 327.838997046153 322.863479455312 317.357281843821 309.285203615824 311.668833096822 318.597475687663 327.815274397532 338.099916776021 343.14235051473 341.558694839478 334.700425465902 334.667921066284 338.15332253774 338.357090950012 340.679963429769 339.847644170125 335.546255111694 328.888773918152 324.656387170156 321.734050909678 322.68750667572 332.342267036438 335.359811782837 334.40109093984 330.969532330831 325.525224208832 321.994682153066 316.274265448252 322.86814848582 330.661614735921 334.243377049764 333.106776078542 323.661704858144 307.281454404195 291.173974672953
341.527064641317 341.970245043437 342.399636904399 341.025312741597 336.016893386841 326.022684574127 306.773940722148 282.822986443837 291.87007745107 310.492773850759 324.017266432444 328.08917760849 328.175266583761 327.000836531321 321.953654289246 316.681027412415 314.981659253438 317.974944909414 326.732317606608 334.736784299215 341.046094894409 342.489719390869 340.093413988749 337.615728378296 338.117003440857 341.399312019348 342.411915461222 339.872678120931 337.409218152364 337.785760561625 338.120102882385 337.174932161967 339.799841245015 341.228286425273 338.160832722982 336.341460545858 332.815110683441 325.194954872131 311.361094315847 314.563751220703 329.506019751231 332.920491695404 329.455117384593 325.578431288401 316.657106081645 307.28276570638
331.97295665741 336.738348007202 338.581244150798 338.458180427551 337.110638618469 337.222258249919 331.056813398997 321.425974369049 297.62198527654 291.32886727651 301.070749759674 318.490783373515 330.229600270589 334.297021230062 335.996548334758 332.891623179118 324.67927535375 320.560256640116 321.326474348704 322.147369384766 327.458322048187 330.992023150126 333.63409837087 334.364493687948 336.43360932668 338.51949373881 340.185085932414 339.030504226685 338.732560475667 340.690970420837 341.523170471191 341.497262318929 343.233505884806 344.784299532572 342.81063079834 338.878870010376 337.173223495483 332.476576169332 314.67870871226 310.502330462138 323.618451754252 324.832181135813 322.910785675049 321.369051933289 313.3212129275 303.947071234385
303.232550621033 312.60089079539 320.049067338308 325.481792291005 330.214560031891 334.136923154195 336.495320002238 335.76754728953 319.589893023173 301.427582899729 290.48099120458 297.041257222493 315.569917360942 330.971340338389 337.405323982239 333.051681518555 329.607208569845 326.642195383708 320.855418841044 317.382236321767 317.65349706014 316.387454668681 318.115015824636 325.165430704753 330.663720766703 334.068417549133 335.648020108541 335.124373435974 336.912552515666 339.250922203064 340.259631474813 341.970523198446 345.605333646138 346.105456352234 344.5938428243 341.478745142619 340.467929840088 340.13040860494 328.473766644796 316.170652707418 320.03927230835 323.701600233714 325.386683146159 325.182437896729 317.620178063711 308.757563432058
271.93812529246 276.324689388275 283.233384291331 292.938649654388 303.996503353119 315.392593542735 326.940258344014 329.745709896088 330.557703971863 324.011603991191 305.740296840668 290.163258711497 291.851321856181 309.883157412211 326.431969801585 326.927065849304 331.361969312032 330.515444278717 325.495342413584 319.174865881602 314.720213413239 311.388115088145 311.461766560872 317.584455013275 322.333375612895 324.766357739766 326.085527737935 328.492522239685 332.060078779856 334.436337153117 336.604674657186 339.412569999695 342.95916557312 343.848864237467 341.775139172872 340.959946314494 342.869400978088 344.219525655111 341.086745262146 331.15565776825 328.795393308004 331.818163394928 334.76467927297 334.773063659668 328.578412532806 326.043248176575
261.809329191844 258.072892824809 256.084084510803 255.144715309143 261.932253837585 275.9916583697 296.007096767426 311.830520629883 329.990863800049 332.175691922506 325.934608777364 311.111807823181 289.978861808777 288.10703754425 306.254804134369 323.591709136963 332.371334234873 333.491325378418 330.53982257843 325.910309950511 320.495227972666 319.546262423197 319.253385066986 319.008866945903 318.607906500498 317.469557126363 320.354660352071 325.768411159515 327.670931816101 327.827095985413 330.683012803396 334.089001019796 335.768938064575 336.660106976827 336.150288581848 338.37632338206 343.615611394246 346.189975738525 345.359007517497 343.429168065389 341.295838356018 340.668400128682 340.159058570862 339.498956998189 333.382328351339 330.383459726969
257.608532905579 233.167628447215 216.843525568644 211.661477883657 209.105730056763 214.874108632406 233.591079711914 264.535824457804 296.363552411397 320.876876513163 330.122272173564 330.732027689616 320.173362890879 301.373799641927 299.40410455068 318.230191866557 328.658203283946 334.143241246541 337.045590082804 335.648059844971 330.029686292013 327.925562858582 326.005895932515 325.993537902832 324.952880541484 322.336634000142 324.86093044281 329.803884029388 328.710496425629 325.358390808105 328.242341677348 331.456859906514 332.851032416026 333.165486653646 334.622542063395 337.392568588257 340.750614802043 342.71248181661 342.944105466207 342.063903808594 342.663447062174 343.576947848002 344.033638636271 342.058738072713 336.633324623108 332.231779893239
241.276462872823 208.014527956645 185.993870099386 181.919435660044 181.59552415212 186.276872952779 194.215496381124 218.699336051941 242.954711119334 287.368675072988 326.348841190338 340.451240539551 342.156767845154 334.410270055135 317.086637020111 314.034521579742 318.251550197601 328.115046024323 336.878379185994 338.748852411906 338.267882664998 335.496385892232 334.54171816508 333.12451839447 330.141286055247 328.628420829773 330.454409122467 331.611891587575 326.739350954692 324.809432029724 328.38636636734 330.353995164235 330.619017283122 330.811023712158 332.910259564718 335.130294164022 335.281252861023 334.7274462382 336.062987645467 335.91616153717 337.678710619609 340.914726257324 342.933416366577 341.181357701619 337.355613708496 335.368474324544
206.493477026621 182.248731454213 166.603436072667 163.167258103689 177.796403566996 200.337926546733 198.381622632345 206.241985162099 224.596639474233 252.31675306956 298.218131065369 338.089942932129 346.757014592489 345.820506413778 338.464657465617 319.440583388011 311.949729919434 313.772479693095 325.294613838196 338.673035303752 341.358065605164 338.806867599487 339.721004168193 337.227423985799 333.140631516774 333.174347877502 335.785190264384 332.650025685628 327.533304691315 329.9454053243 332.126041253408 331.790506839752 330.207705497742 328.839500745138 329.264104366302 328.894178072612 327.983438968658 324.388444423676 325.8043328921 326.800088087718 329.866290092468 332.03113079071 333.455880482992 333.332896232605 334.745248158773 336.474895477295
182.025988896688 172.963877518972 163.941442966461 155.308187007904 158.207654953003 182.126641273499 201.309104760488 204.810599486033 217.452426751455 231.111367543538 256.036023298899 304.177602132161 342.613140741984 344.654520352681 342.36486752828 338.946143786112 333.556056022644 322.871784369151 316.021859645844 323.972344398499 336.166421572367 340.345144271851 341.836889584859 339.719931284587 336.260279019674 337.183316548665 340.061624844869 337.384462356567 333.433628082275 337.00958887736 337.88005510966 332.183877627055 329.006314277649 327.343424161275 324.497282505035 322.796622912089 320.196469624837 319.442530473073 318.61146291097 320.724606513977 322.665015856425 323.481142520905 325.166702270508 326.734602451324 333.422144254049 336.714267730713
173.500180244446 177.021781603495 177.714725335439 166.882971922557 149.056722720464 159.325569868088 189.83393907547 205.281456311544 223.592897256215 236.56815290451 242.924789587657 270.942171414693 316.627144813538 341.855525970459 344.667633374532 345.709681510925 345.559358596802 339.667558670044 328.737636407216 317.841728528341 325.451056162516 338.774601618449 339.722514152527 338.487068812052 338.709314664205 342.210531234741 344.39754486084 342.64063835144 340.186317761739 341.676553090413 339.151501655579 332.878172397614 329.799850781759 326.391061147054 322.80973593394 321.020166079203 318.763375282288 319.059252738953 318.99356842041 319.281578063965 321.119944254557 322.289526462555 321.188350518544 323.935767014821 330.485026041667 335.474411646525
183.484713236491 194.084127744039 201.990723609924 195.121983687083 172.68693447113 168.820182482402 191.482722759247 208.849668502808 227.12653875351 249.379595120748 258.172829945882 265.182574590047 290.736635526021 324.226180712382 340.353608131409 344.644983609517 345.178008079529 344.090342521667 342.590490976969 333.759903907776 321.74692551295 330.476442972819 333.727836608887 337.605396906535 341.785271962484 345.213770866394 346.643726030986 345.048824946086 341.073433558146 340.69021542867 337.23771572113 333.293755849202 330.205182234446 326.616803805033 324.552098910014 321.947852770487 321.890930334727 319.241801897685 318.679451942444 320.835113525391 322.629034519196 323.650240898132 323.336760203044 324.241737524668 325.416405995687 333.263456821442
197.345773379008 201.963762442271 214.396913846334 228.623708089193 215.021153291066 186.927338441213 187.002658843994 200.416445732117 217.919747034709 241.104483604431 255.509853363037 257.332603136698 274.198472499847 288.880308469137 320.217728614807 337.658802668254 340.625524520874 340.784390767415 341.974178949992 341.373761494954 337.568998336792 329.88319794337 330.543458461761 335.610191027323 341.078122456868 344.375212987264 346.832831700643 344.701965649923 339.127699534098 338.727076848348 335.317691167196 330.480376879374 327.549358208974 327.110707759857 325.649201869965 323.236624399821 321.650564670563 316.58395131429 315.511067708333 320.447067419688 324.76669549942 325.891296068827 326.422572135925 326.380213101705 323.413749535878 329.520960648855
