input/barkrak2/radiation/dir17124.grid
NCOLS 85 
NROWS 70 
XLLCORNER 665100 
YLLCORNER 4664600 
CELLSIZE 20 
NODATA_value -9999 
[rows 20 to 39 of 70, columns 0 to 45 of 85]
211.894075075785 205.370446046193 221.731702486674 263.720075289408 259.058117866516 207.424342632294 192.084769407908 196.104884147644 209.061404069265 231.057524681091 244.766195615133 255.213419596354 263.62951596578 276.841203371684 293.470342954 325.785120328267 336.94843451182 339.940627415975 344.416896502177 350.33925374349 351.388096809387 346.380511919657 345.546007156372 346.954186757406 347.853581110636 348.93544514974 349.515636761983 346.168120702108 341.440478960673 341.132442156474 335.609555244446 325.988193353017 318.689783414205 315.930108229319 314.955174922943 319.153527418772 319.413661956787 321.636398633321 325.969596703847 329.609831174215 329.205254713694 329.230109850566 331.124087174733 326.183478037516 330.097456773122 333.250959714254
236.536125342051 237.837592760722 258.03937514623 288.793087005615 284.237444400787 222.804427146912 202.385226885478 203.237593173981 210.7794880867 224.71938530604 237.795790036519 245.55758635203 255.799512068431 263.519982496897 279.509981473287 295.43666044871 326.3245622317 335.537552833557 340.373158454895 347.416241963704 350.650151570638 353.210051854451 354.226469993591 353.717088699341 351.192712783813 347.877820332845 344.539880752563 341.170469919841 339.823325475057 333.245158195496 317.601462205251 291.013280550639 272.895276546478 272.243241469065 280.104517936707 297.900358835856 304.918984572093 318.417072296143 325.991590817769 326.807856559753 325.249095757802 323.310534159342 318.334460258484 306.18276198705 323.861658573151 330.266257127126
274.365067481995 283.415834108988 293.893913427989 304.041067759196 304.070889949799 256.22832775116 225.184818108877 208.545088768005 205.169240633647 219.490150610606 236.081878344218 244.808157285055 259.394784768422 267.12159315745 274.135172367096 290.703336397807 303.909718990326 327.09268728892 335.261424382528 336.408178011576 339.049140612284 346.668004989624 351.161162058512 350.94424088796 348.480224609375 347.199559211731 344.631910324097 340.652187665304 327.892184257507 311.602075894674 268.942296504974 218.522667884827 199.016193548838 217.251221338908 245.202740033468 269.166986147563 285.361329714457 304.128766059875 315.316239992778 317.025303840637 319.867193698883 320.31637430191 300.068815549215 282.119393348694 305.80727259318 327.772875626882
291.913191477458 296.111543973287 300.339162349701 308.499177296956 308.308482170105 289.726634820302 250.015954176585 218.165218830109 202.776948610942 207.886318365733 233.172357082367 247.480909029643 262.133558591207 279.151916503906 281.308770179749 286.908149719238 298.474987347921 313.771943251292 326.810518900553 325.677454471588 324.278354644775 327.817877133687 336.639960606893 342.39935874939 343.094388643901 338.107029596965 320.29664516449 304.607649644216 279.00218963623 235.066135724386 197.264591852824 172.43238290151 148.269385099411 148.760745922724 162.681053082148 199.342588583628 237.971027692159 264.054795106252 279.801845550537 289.400855700175 288.922309875488 274.813334147135 260.635256767273 292.952537536621 289.971093336741 321.887652079264
283.645908037821 286.238034566243 298.663357893626 310.214618841807 301.697472731272 291.708091894786 258.614281813304 233.900328477224 216.245810190837 209.44607257843 225.691616535187 242.915451526642 255.619406700134 274.17920033137 280.802885691325 283.957521120707 294.393340746562 306.933919588725 316.701829433441 318.292200565338 322.00825214386 318.974276383718 327.295939127604 318.127950032552 306.14705880483 298.998316129049 292.103389898936 280.715266863505 248.159945011139 191.413859526316 169.714907805125 167.330006758372 150.438994169235 130.063712596893 121.921588977178 135.619848966599 181.838552157084 219.218671321869 245.55774529775 257.763544718424 247.871041297913 226.164162158966 246.601680914561 308.119138081868 299.940625826518 322.876513004303
278.82448832194 282.686809698741 296.192129453023 306.196530659993 303.369005521138 291.927774747213 267.233590284983 258.225440979004 247.517188390096 232.254862785339 232.661585013072 251.988033453623 267.25165049235 280.468742052714 287.287354469299 286.837100982666 294.997255007426 303.483446439107 311.610440413157 318.762362003326 328.774988651276 318.85019938151 297.799468040466 294.643561045329 295.223355293274 293.042699495951 281.351665655772 267.807602882385 224.425911903381 195.622642834981 194.730778535207 211.764017740885 216.886520385742 194.279948870341 160.636285940806 140.440225601196 157.808840274811 185.814678668976 226.930896441142 241.622447967529 223.405778408051 214.595278104146 254.13183371226 290.753682454427 313.291231791178 334.440588951111
280.917267004649 282.692114512126 291.573365529378 302.297333876292 315.949598948161 299.924631913503 281.283438205719 268.367071946462 266.142467657725 260.616620381673 252.691407998403 270.439306894938 280.946354071299 296.498676141103 297.571698824565 293.580174446106 296.036601066589 307.409723599752 313.591639200846 319.78702545166 316.35570526123 308.505098025004 304.878453413645 299.352367719014 296.516319115957 292.367140452067 280.255417029063 267.689446608226 230.331520239512 224.326491355896 246.566553910573 269.603212674459 273.508747418721 287.092844645182 269.578099250793 184.226890405019 169.036010901133 181.20539188385 207.96259244283 239.637573560079 232.225755850474 263.556599617004 255.481580893199 267.382880051931 303.201715151469 322.313189506531
285.165190696716 281.372646490733 284.697651863098 297.907292842865 334.774017333984 307.931224505107 284.705440203349 266.855458418528 267.073114713033 275.336464246114 271.221041679382 274.905562400818 288.421750068665 299.690842628479 301.585157712301 302.4556239446 302.226861317952 309.641738732656 309.048016866048 310.071905454 308.534721533457 300.85027217865 299.67600107193 306.116322676341 303.408205509186 299.089968204498 289.128243923187 277.33192841212 251.894513765971 250.064094861348 274.910549322764 289.560159047445 287.413656711578 301.32649342219 330.02112309138 265.081147352854 199.89687204361 187.098443508148 199.284295241038 243.338505427043 269.564350446065 314.161737759908 265.358904997508 258.345663547516 290.904323259989 302.488366762797
282.083511352539 274.518489837646 278.593798478444 304.375052452087 345.92334429423 306.769728660583 274.848679701487 261.470913887024 267.132858435313 275.641242663066 273.910264174143 272.754073143005 289.551317691803 299.302260080973 304.840564727783 308.021287123362 305.316249529521 294.350405534108 303.030530611674 303.216993808746 304.197748502096 299.173613389333 297.813355922699 304.613749186198 308.076421419779 301.010390122732 297.913750012716 286.955793698629 263.0774974823 256.87301158905 280.054191748301 298.539678255717 296.7302997907 294.824719429016 317.507525285085 324.587126572927 236.685514450073 179.02817328771 170.794904232025 214.491963386536 278.165141741435 293.645799160004 257.039626439412 235.983689626058 263.235847155253 278.015712896983
274.394889672597 266.841510931651 275.72504679362 314.749300479889 342.558622360229 302.756528059642 268.497427304586 251.098195711772 249.536395072937 256.44854704539 255.883892377218 263.836046059926 283.742904663086 302.878816922506 305.146376291911 308.256844679515 304.701209068298 293.582022190094 294.986605644226 297.216832637787 297.704418500264 299.302538235982 299.756487210592 302.999178568522 307.142039140065 305.845896402995 304.491301377614 292.849580446879 270.759960015615 265.884319941203 284.673968950907 302.820483843486 297.959645589193 294.356087843577 303.31297715505 324.684719244639 315.025488535563 242.273449897766 192.952493826548 201.858639717102 237.192134062449 252.416094144185 251.208265622457 222.018082936605 235.897282759349 263.591269652049
262.295206387838 272.742331027985 302.091340223948 347.734252611796 349.720478057861 307.723303635915 272.911767164866 245.024780432383 237.903952598572 248.844961325328 243.860125541687 242.667396863302 275.90545018514 300.566732883453 304.926613966624 309.134225050608 307.767291863759 298.127710819244 299.233396848043 299.833714962006 297.459383805593 301.838239034017 304.455876350403 305.44509490331 308.400988578796 311.786870161692 311.080892880758 301.202237606049 283.466597398122 278.472701708476 290.094097455343 302.834451198578 300.391872723897 299.454212188721 302.609880765279 305.105944474538 330.306053161621 344.288269678752 280.121604601542 233.150819937388 220.937232176463 211.552520593007 226.55181090037 224.960128466288 231.899917125702 269.365668296814
280.794461568197 305.315434932709 321.998059749603 326.137443383535 355.818192164103 339.024384816488 305.669685204824 267.615675926208 251.819809277852 267.211059729258 261.844972769419 241.830150286357 264.025787512461 293.677389621735 305.721561113993 310.262680053711 309.883177280426 306.451857089996 301.003456115723 301.635543505351 303.640246391296 308.00739924113 308.985014756521 308.349291483561 309.893409411112 316.207687060038 318.403840065002 315.316875775655 300.902942816416 294.13648446401 296.994249025981 300.378700097402 302.045027414958 306.074877580007 308.358132839203 296.521623929342 305.535197257996 344.865083694458 344.483534495036 286.327103773753 237.826466560364 210.254927476247 210.694849491119 229.191799958547 253.514031569163 284.132520357768
309.259374936422 316.374401251475 304.214199384054 296.250502268473 315.386871496836 338.406165440877 335.368394851685 308.081110318502 285.569767157237 288.523077964783 290.532966454824 268.461505572001 265.028913815816 288.940588633219 305.663466453552 309.241573015849 307.822982470195 311.220010121663 306.169708569845 303.481737772624 307.43944644928 310.250182946523 308.598558108012 309.137503306071 311.764518419902 318.961560726166 324.074745178223 324.964265028636 310.388406117757 301.139195760091 307.054420312246 309.315164883931 304.987331231435 307.428896427155 311.662097771962 301.826735337575 300.981263319651 321.90078496933 328.981041908264 306.297739346822 277.085741360982 234.753926595052 216.122031211853 223.451276620229 245.092233022054 278.287569681803
297.037661075592 288.269201914469 280.492266019185 269.247591495514 269.578735033671 290.829181671143 313.357710838318 312.950889269511 304.557204246521 307.109634081523 307.790756225586 292.316794395447 284.08682346344 294.839640458425 308.211425940196 306.873798370361 307.316303253174 310.672183831533 302.248040835063 306.44549926122 306.728581587474 309.384922186534 309.592624505361 306.815882523855 310.670952002207 317.175130049388 324.272374312083 321.293473243713 313.393652439117 308.292229970296 312.565704186757 310.666720072428 300.18558104833 299.992918968201 304.564694563548 289.499501387278 286.609768867493 288.228730360667 284.41858291626 290.942947069804 300.299902757009 266.165375709534 237.449546655019 228.413621584574 230.033675829569 252.828637758891
288.959920406342 277.550061543783 283.987204233805 269.324024518331 261.044243971507 273.038645585378 300.336718559265 326.711535453796 325.65180460612 314.246654510498 302.456537882487 303.055802981059 311.02454662323 311.992585659027 310.69670120875 309.82647339503 310.19914150238 306.662837664286 306.848426659902 309.559762477875 309.017399946849 308.624943097432 308.280030886332 306.950350602468 309.430638949076 311.808745066325 317.658623059591 313.982645670573 313.303530216217 313.587764898936 313.94104162852 303.94987265269 288.643717765808 294.249951839447 293.755412101746 277.711649735769 278.339187304179 278.588771820068 287.04696893692 311.401903629303 309.813936551412 295.521895090739 273.569305737813 260.155340035756 239.546676476796 232.806086540222
309.939801692963 304.171661535899 314.057509104411 308.746019999186 298.422694206238 303.405086199443 320.786158243815 344.437877337138 340.793172518412 316.710412502289 301.454603672028 310.286899407705 325.800160566966 323.732634385427 318.456530570984 320.006529490153 314.580003420512 311.41455968221 313.74728679657 314.883828163147 312.854925791423 308.543523152669 308.726370334625 312.464992205302 309.357762336731 310.510218143463 312.545418739319 310.574094454447 311.343550682068 317.058563232422 313.804745674133 303.248604138692 290.152549743652 290.841519832611 284.550786018372 280.394434928894 285.428524017334 285.573482513428 298.00800482432 330.248951911926 298.855205376943 284.26984945933 274.667203426361 266.645471254985 252.511541048686 228.628396987915
337.264657020569 334.026972452799 336.211522420247 339.051723480225 329.687337080638 323.217391967773 327.776749928792 342.732667922974 340.793212254842 313.502947489421 305.20623922348 318.257530530294 331.976532936096 324.262102444967 322.311679522196 322.449147701263 326.19837919871 317.827741305033 319.317142168681 321.290910243988 318.478008111318 314.201871554057 312.272588411967 314.13056453069 310.64514319102 310.182988643646 311.539232730865 311.6747935613 315.184950828552 319.443643093109 315.977851549784 305.786967277527 292.750616868337 286.522110303243 279.456774393717 284.669081370036 291.289210319519 289.875030517578 293.026546637217 318.438788255056 288.751343886058 246.393998463949 235.088487466176 229.54914967219 226.730366547902 220.755716164907
351.310888926188 348.022619883219 342.397411664327 343.486507733663 337.962071100871 329.307039578756 325.432260831197 330.801745255788 338.242729504903 320.895930131276 321.415841579437 330.538213253021 329.455057779948 324.796398480733 324.255267779032 325.489779313405 331.302066644033 327.503561973572 323.418498039246 324.379324913025 322.951058546702 319.05464331309 315.048277378082 314.836502075195 313.511749108632 310.747424761454 311.741511027018 315.371076265971 315.678656101227 318.244655927022 317.877610524495 308.127840360006 296.153028806051 280.346393585205 272.483070691427 287.639816602071 297.415475050608 295.181532700857 284.966588020325 302.353501319885 290.628949801127 223.57181708018 194.196363290151 181.46942059199 181.410551071167 187.619884808858
356.001893679301 358.191172281901 356.523235638936 353.781779607137 349.170446395874 342.772404352824 334.694306055705 329.325993855794 331.821183363597 329.869071642558 339.879473050435 341.08825524648 332.661847273509 335.75971921285 328.517178694407 326.315621534983 332.095046838125 331.113378206889 324.817597866058 323.713521162669 322.125653425852 319.825132687887 313.658197720846 314.231991767883 313.440203666687 315.580487251282 312.39386399587 314.37877813975 316.971242427826 316.098650296529 317.816774050395 312.227626641591 291.4164463679 269.402782122294 278.076430161794 299.402197202047 302.288373311361 295.874973138173 279.122670491536 285.273134708405 311.994969844818 269.373516241709 211.960951487223 183.207293351491 169.368187586466 166.338185469309
348.110198974609 350.780328114827 351.142605145772 354.059179623922 357.508818308512 359.345436096191 358.054717381795 354.366143544515 352.373679478963 355.155110359192 352.297107378642 342.527985572815 338.671604792277 334.729075431824 334.038972854614 327.786564826965 330.742736657461 330.535193284353 323.566913604736 322.030345598857 323.855598767598 323.28462600708 320.362130800883 315.382202466329 312.523086865743 313.555439313253 315.300941467285 316.245118776957 318.548003832499 318.514029184977 317.087531089783 313.367267449697 287.147402763367 269.929607709249 291.647950808207 306.096990903219 301.814655462901 297.428568204244 283.803244431814 278.23277314504 314.674119154612 344.077984491984 294.758220513662 241.93129936854 199.080010255178 168.377995491028
