input/barkrak2/radiation/dir19324.grid
NCOLS 85 
NROWS 70 
XLLCORNER 665100 
YLLCORNER 4664600 
CELLSIZE 20 
NODATA_value -9999 
[rows 40 to 59 of 70, columns 0 to 45 of 85]
334.450046221415 335.173845291138 335.131684939067 336.858789126078 341.183344523112 343.57758363088 345.779816309611 348.27450911204 349.02818997701 341.90821647644 333.275318145752 330.833077430725 326.955755551656 325.362165768941 323.150356610616 321.996788183848 319.543083508809 318.557937939962 315.203130245209 311.509450276693 314.139803250631 316.769957542419 316.821356614431 312.18550602595 308.886408805847 306.543469429016 311.845203240712 311.862746874491 312.306622664134 311.753312746684 309.304038683573 305.222392082214 282.431443532308 277.983625729879 299.333691596985 299.764732519786 290.475527445475 290.18493493398 290.27916987737 279.829442501068 288.642048835754 326.930165290833 343.236287434896 297.379235426585 237.65641450882 194.199661413829
338.86178334554 337.210337320964 337.365667025248 337.998549143473 336.091995239258 334.74059899648 334.569136301676 335.142771402995 337.605277697245 333.217402299245 326.811571915944 327.064990997314 329.379121462504 328.670541445414 326.809128125509 324.396709601084 319.912910461426 322.587768236796 321.882088979085 316.7924284935 317.175189654032 319.241801897685 317.47845808665 317.487776279449 317.380428314209 312.671562035878 315.032680829366 315.251767635345 314.147055149078 313.044865926107 313.09974193573 307.321925957998 289.038717746735 289.351999759674 300.046602884928 291.862746079763 277.021408081055 276.96947256724 284.065981705983 289.155165354411 304.205099741618 316.813508669535 328.39564482371 324.197987715403 279.308517773946 230.983813603719
340.380430221558 338.888049125671 340.686122576396 340.139706929525 336.070656776428 334.653337796529 334.447185198466 333.029707272847 332.652628421783 329.805155595144 328.058441480001 327.108323574066 329.793135325114 331.216851870219 330.092231432597 325.940350691477 322.906533877055 326.871236165365 327.313741048177 323.427398999532 319.113989671071 317.464093367259 315.677165985107 316.13165140152 318.240384260813 314.84313805898 309.431274731954 311.854620774587 312.555213769277 311.849057674408 309.971928596497 303.104778130849 296.054045359294 298.393209775289 297.78246084849 280.759910742442 265.501836935679 271.117587884267 285.774270693461 298.253118991852 306.617299715678 304.891844590505 300.321261088053 303.156574567159 286.217888196309 235.96586783727
332.172592480977 333.97654692332 338.794509569804 337.143977483114 338.026324907939 339.606364568075 340.050299962362 337.284048398336 330.927590529124 330.212334791819 331.549068291982 328.55220635732 327.964623769124 329.529802004496 328.997393449148 326.339522997538 327.44163274765 329.277237256368 327.254871527354 322.856267293294 320.038378238678 317.37353404363 314.685920874278 313.575545946757 314.531604448954 314.30184841156 309.720079104106 308.396299680074 310.238460699717 310.083130995433 305.331707000732 299.181302388509 299.375176429749 300.770441691081 288.236578305562 266.161024570465 261.350731054942 275.188247362773 294.323166211446 299.172560373942 298.77491792043 294.637739658356 286.65965795517 283.208688100179 274.507562319438 242.778718471527
332.426289717356 336.147387822469 337.09704875946 336.944023768107 337.542176246643 338.748812675476 338.598966598511 336.65923277537 334.131081899007 331.444382667542 332.629144191742 330.446441968282 327.450692653656 325.796802838643 324.714183807373 325.172464052836 321.824749310811 325.45397679011 327.082415421804 324.651837348938 320.999145507812 318.696777025859 317.267795403798 316.857874393463 314.075350761414 317.292789618174 318.165878454844 313.3252064387 311.352292696635 308.436234792074 300.7626136144 295.653541882833 295.745531717936 291.747053464254 279.596368471781 263.574401537577 265.195985635122 281.178375085195 296.142836411794 293.707589308421 295.460184415181 287.983616193136 275.480111440023 269.529938697815 267.672499020894 254.956603050232
336.428999900818 338.857253392537 336.636940638224 338.044246037801 336.724519729614 336.909929911296 337.218681971232 336.078723271688 337.198336919149 335.220297177633 333.188891410828 332.999348640442 329.435388247172 326.927820841471 325.439393520355 326.895932356517 323.385934034983 324.563880761464 327.042579650879 325.232148170471 322.527786095937 321.128904819489 318.024535973867 317.69073009491 315.491358439128 314.426203568776 317.717830340068 315.128684043884 311.907649040222 307.053883870443 300.768593947093 297.440310319265 294.148008028666 285.430709520976 271.207869052887 257.315357526143 262.976209322612 280.632019042969 287.912408510844 281.260867913564 286.452233791351 278.373241424561 267.078816890717 269.39582824707 278.129041194916 267.536799112956
336.448113123576 336.699565251668 337.920784950256 338.60965569814 337.778409322103 337.934891382853 338.399966557821 339.339097340902 336.594859759013 336.305300394694 336.014072100321 334.811051686605 332.967440287272 330.312192440033 330.302357673645 331.628700097402 328.998784224192 324.428240458171 327.662527561188 326.128443082174 321.935753027598 321.394642194112 319.950481255849 316.720048586528 319.025735060374 314.262131849925 312.17881043752 311.961432298024 311.564763387044 306.99622631073 302.195171515147 298.475205898285 292.580862840017 282.31950600942 269.839962323507 258.913199106852 266.324798266093 279.220581054688 277.541061242421 279.068112373352 285.402814547221 274.54948425293 270.69882551829 277.898589769999 285.972595214844 275.845567385356
333.101272583008 333.959658940633 336.98030312856 336.817026138306 338.352521260579 338.918606440226 337.414145469666 337.031126022339 337.246298789978 338.395118713379 337.111115455627 334.432999293009 333.791732788086 332.987268765767 331.88384771347 330.535769462585 329.034527142843 322.999318440755 324.1366147995 322.878897190094 321.376164754232 319.080412387848 319.813410441081 313.722173372904 315.463344256083 314.597090085347 308.418790499369 307.788054148356 307.757596174876 304.460565249125 301.446437835693 299.046297868093 290.481885274251 286.7125471433 280.954877535502 269.250929355621 271.343489487966 277.714848518372 279.9418369929 287.112673123678 283.773203690847 276.415308316549 278.709510962168 279.939293861389 279.118816057841 269.790550072988
328.394194444021 330.433368682861 332.988520463308 334.103584289551 337.4263048172 338.987310727437 336.650689442952 335.89243888855 338.436881701152 339.007139205933 338.100830713908 336.309671401978 334.8122437795 334.396998087565 333.170056343079 328.180730342865 326.822320620219 321.658353010813 323.550601800283 323.958436648051 322.439094384511 321.116884549459 321.186284224192 315.480172634125 311.182936032613 312.966148058573 307.503978411357 308.649102846781 308.875282605489 308.400213718414 309.717079003652 306.766668955485 296.875754992167 297.618130842845 290.594140688578 274.728616078695 275.069455305735 281.897604465485 285.90726852417 286.483387152354 276.88459555308 273.923933506012 272.953828175863 267.81839132309 265.248596668243 264.788667360942
327.764828999837 326.325674851735 328.573266665141 333.316842714945 335.660616556803 337.039868036906 338.129917780558 339.151819547017 340.123057365417 338.654319445292 338.917016983032 338.258862495422 336.760282516479 334.534724553426 331.455131371816 329.334159692128 325.947384039561 323.762138684591 323.413749535878 324.489871660868 326.121230920156 323.14654191335 318.329751491547 314.931770165761 311.732451121012 311.772704124451 309.154470761617 309.494694073995 314.217607180278 316.331346829732 316.925168037415 312.286953131358 304.136792818705 303.919514020284 294.458448886871 280.009746551514 274.177134037018 281.36138121287 286.399265130361 276.525775591532 265.589157740275 268.568396568298 268.468737602234 263.099829355876 262.36879825592 265.972177187602
328.594942887624 330.019036928813 331.099132696788 335.059285163879 334.744970003764 334.857106208801 338.897744814555 341.433087984721 340.814669926961 340.110301971436 340.155482292175 339.340607325236 337.756037712097 333.644946416219 332.714339097341 332.230130831401 328.269898891449 323.497811953227 321.51848077774 325.173477331797 325.031061967214 320.803602536519 315.617124239604 313.593486944834 307.966490586599 311.423679192861 314.871728420258 312.215288480123 314.122935136159 316.893378893534 318.121492862701 314.516266187032 305.818021297455 300.65647761027 291.249533494314 279.032429059346 275.091926256816 279.541432857513 278.155267238617 265.483736991882 262.116630872091 272.796273231506 272.109091281891 264.423469702403 263.664782047272 259.110828240712
328.016539414724 334.269881248474 334.771831830343 336.310267448425 335.249106089274 334.233442942301 338.33122253418 340.928276379903 340.231617291768 341.875314712524 340.884923934937 338.907758394877 336.93782488505 334.708293279012 331.740736961365 334.586461385091 328.600307305654 320.84200779597 316.501100858053 321.157773335775 319.328407446543 315.480550130208 313.051342964172 309.671143690745 307.201166947683 307.591021060944 309.889038403829 309.642354647319 310.207267602285 313.111583391825 314.412156740824 311.521470546722 299.288233121236 289.282123247782 264.673809210459 252.819975217183 264.063835144043 272.969881693522 272.186080614726 272.011558214823 279.032766819 281.032681465149 265.497843424479 257.687369982402 265.33579826355 253.087361653646
329.165816307068 328.497449556987 327.838261922201 330.112874507904 333.84116490682 336.701075236003 336.336533228556 338.667074839274 337.842583656311 339.330792427063 338.726083437602 339.702049891154 337.696512540181 334.223985671997 329.446315765381 330.136100451152 326.921264330546 318.84374221166 314.917763074239 312.796652317047 312.022487322489 311.84063355128 311.144193013509 306.411623954773 306.115468343099 301.140149434408 301.536997159322 301.486929257711 300.673385461171 301.090617974599 304.262677828471 304.117103417714 282.839735349019 257.646878560384 231.135924657186 220.626095930735 234.611411889394 259.717106819153 275.881807009379 272.358894348145 273.3140985171 267.665286858877 253.90100479126 256.820877393087 261.695663134257 238.836725552877
332.053442796071 325.995822747548 324.289043744405 327.037076155345 334.153294563293 337.986985842387 336.831013361613 336.835543314616 337.280988693237 336.408694585164 336.819012959798 337.176402409871 338.182727495829 333.846569061279 330.736835797628 327.257990837097 323.922375837962 318.342467149099 312.451461950938 315.35549958547 314.183672269185 311.177949110667 309.418400128682 303.528944651286 301.925500233968 300.256411234538 299.220124880473 298.840840657552 297.224362691243 293.961425622304 287.876486778259 279.742836952209 258.392691612244 233.345290025075 223.582843939463 218.980630238851 211.326638857524 221.893310546875 237.365821997325 258.355140686035 264.912803967794 254.997511704763 250.244200229645 253.26923529307 244.076470534007 224.549015363057
333.08353026708 329.047242800395 326.849341392517 328.625679016113 333.810249964396 337.662855784098 338.419079780579 336.790482203166 337.158441543579 335.278193155924 337.294896443685 334.739168485006 335.825363794963 332.542836666107 329.099595546722 326.136310895284 325.468381245931 319.187601407369 314.683854579926 315.623799959819 315.359810988108 311.857283115387 311.386525630951 307.268420855204 306.08872572581 302.594562371572 300.535241762797 298.215448856354 294.934789339701 290.326237678528 281.032979488373 272.806843121846 250.298162301381 237.023671468099 240.543742974599 243.081291516622 234.983305136363 224.987506866455 215.93983968099 224.883615970612 241.289019584656 235.125442345937 228.336314360301 221.638639767965 217.447400093079 214.440921942393
334.835608800252 333.374977111816 330.170055230459 326.96545124054 330.321033795675 336.754520734151 336.543321609497 334.795355796814 334.514935811361 334.377765655518 336.132963498433 334.152380625407 332.540571689606 331.507782141368 327.512939771016 327.629466851552 327.176928520203 322.720944881439 317.906320095062 316.355129082998 314.838508764903 312.735458215078 311.796466509501 311.359147230784 307.753761609395 305.661161740621 301.401336987813 295.226375261943 289.358834425608 283.531943957011 281.308929125468 277.998447418213 257.753690083822 251.619895299276 255.800942579905 262.911955515544 272.659242153168 267.850498358409 251.78869565328 221.825460592906 220.702687899272 223.362386226654 220.687826474508 217.946330706278 223.320603370667 230.253259340922
336.309194564819 335.357308387756 333.313524723053 329.32049036026 325.025677680969 331.929326057434 335.537751515706 332.535624504089 330.372393131256 332.273681958516 334.058483441671 333.720286687215 330.828150113424 331.961750984192 329.582254091899 325.276474157969 327.543536822001 321.440120538076 319.586277008057 316.228489081065 316.793402036031 314.933399359385 311.479310194651 309.880316257477 307.891805966695 304.774721463521 290.894826253255 272.387444972992 267.873644828796 272.870182991028 279.232402642568 275.107761224111 259.235123793284 252.719779809316 260.102232297262 270.741879940033 286.186337471008 294.032255808512 285.49204270045 252.943495909373 226.485153039296 229.812204837799 238.111515839895 248.532195885976 258.318384488424 262.361824512482
335.115989049276 333.320736885071 333.609580993652 331.185917059581 326.287309328715 327.642917633057 331.832826137543 332.961996396383 326.973756154378 326.578557491302 332.840065161387 333.415031433105 329.970717430115 329.124708970388 330.562273661296 324.731290340424 324.163854122162 321.197926998138 317.939798037211 317.76374578476 317.056119441986 315.455635388692 311.87379360199 307.154377301534 308.523754278819 307.549695173899 291.385372479757 275.101621945699 272.771775722504 279.774884382884 286.362290382385 276.821037133535 267.001569271088 266.893168290456 279.815514882406 283.373713493347 288.892944653829 274.380405743917 244.165142377218 236.356337865194 246.717611948649 256.642679373423 251.612861951192 245.030085245768 246.058603127797 257.23671913147
327.909151713053 331.597129503886 332.092920939128 330.01967271169 323.554992675781 322.938084602356 328.340212504069 330.406765143077 327.811499436696 324.735800425212 328.994949658712 331.095953782399 330.633123715719 326.865235964457 326.55260960261 323.435107866923 319.606045881907 320.714433987935 319.101691246033 319.237550099691 319.007039070129 316.059708595276 314.394096533457 309.807519117991 308.726270993551 311.502556006114 304.222067197164 299.430747826894 294.93925968806 293.773074944814 291.562994321187 279.762387275696 277.411897977193 276.606301466624 272.964596748352 259.163498878479 241.386214892069 205.008864402771 187.415341536204 224.176386992137 260.641276836395 262.963434060415 243.421912193298 237.690925598145 248.964250087738 262.638111909231
321.136832237244 328.297873338064 327.151775360107 325.499216715495 323.077420393626 317.487716674805 323.663830757141 329.656978448232 331.594308217367 326.74370209376 328.59194278717 329.686482747396 329.137523969014 327.534139156342 324.256638685862 323.983152707418 319.273432095846 316.404143969218 313.571035861969 314.280152320862 315.10470310847 313.852369785309 312.626421451569 310.704131921132 310.683449109395 313.897728919983 314.971188704173 317.323585351308 304.275254408518 299.33108886083 291.82247320811 280.030767122904 277.110417683919 259.237984816233 231.9508989652 200.403889020284 189.028044541677 180.606206258138 175.424496332804 199.03971751531 226.668139298757 245.30569712321 245.015641053518 257.90798664093 288.171013196309 297.143201033274
