input/barkrak2/radiation/dir18524.grid
NCOLS 85 
NROWS 70 
XLLCORNER 665100 
YLLCORNER 4664600 
CELLSIZE 20 
NODATA_value -9999 
[rows 20 to 39 of 70, columns 0 to 45 of 85]
207.354426383972 200.463155905406 216.903249422709 257.992188135783 251.995186010996 202.781240145365 187.851389249166 191.699862480164 207.164585590363 227.013150850932 240.007559458415 249.954402446747 258.781135082245 272.023320198059 290.09739557902 315.541704495748 332.726736863454 335.882981618245 340.521097183228 346.734801928202 348.746220270793 343.426744143168 341.666539510091 343.122998873393 344.077030817668 345.211744308472 346.856037775675 342.763861020406 338.221311569214 337.863167126973 332.272569338481 322.415033976237 314.750929673513 311.605254809062 310.455699761709 315.39640824 314.924657344818 317.125002543132 321.439544359843 325.124939282735 325.966000556946 324.807584285736 326.775670051575 322.912891705831 325.665195782979 328.920900821686
232.410947481791 233.178079128265 252.730985482534 282.951354980469 278.959631919861 217.777609825134 200.464506944021 199.531813462575 206.657191117605 223.201632499695 233.610868453979 241.199374198914 251.887222131093 256.815791130066 271.361569563548 292.056282361348 315.16428788503 331.244786580404 336.206475893656 343.542496363322 346.99547290802 350.731452306112 351.039886474609 350.471138954163 347.731312115987 344.135562578837 341.601769129435 337.359627087911 336.375196774801 329.705357551575 313.87335062027 286.933322747548 268.390536308289 267.350415388743 275.003751118978 292.943199475606 300.047079722087 313.705503940582 322.592735290527 322.260816891988 320.685545603434 319.867769877116 314.720590909322 301.252424716949 319.220324357351 325.834691524506
270.736952622732 279.397745927175 288.850843906403 298.941353956858 298.865000406901 252.650996049245 223.415831724803 207.562526067098 203.936874866486 215.063075224559 232.639869054159 243.932525316874 254.810571670532 264.117777347565 269.333839416504 284.21280781428 298.819820086161 318.268100420634 330.878376960754 332.061509291331 334.795236587524 343.960245450338 348.519841829936 347.559372584025 345.096826553345 343.594749768575 340.779423713684 335.670232772827 324.039459228516 306.836724281311 265.015562375387 213.450233141581 194.063146909078 211.864531040192 239.678879578908 263.762593269348 281.246721744537 300.356447696686 310.468554496765 313.449164231618 316.290001074473 315.718491872152 295.282483100891 276.837567488352 300.73744058609 324.831962585449
288.991769154867 292.788505554199 295.865694681803 303.48269144694 303.160985310872 286.30797068278 245.964884757996 214.490453402201 199.188888072968 206.400672594706 231.44789536794 243.308782577515 257.657210032145 274.575491746267 278.261184692383 280.564785003662 293.759862581889 307.37316608429 319.020966688792 322.212477525075 319.596707820892 323.231160640717 333.545645078023 338.365793228149 339.286843935649 332.036058108012 316.889981428782 298.533658186595 274.345616499583 229.692061742147 193.332413832347 168.637216091156 142.703106005987 142.991195122401 155.564894278844 193.173944950104 233.70099067688 258.53039820989 275.83255370458 285.40966908137 283.713301022847 270.43342590332 255.679269631704 289.162417252858 285.207490126292 317.151427268982
280.858238538106 283.276339371999 294.777433077494 305.300076802572 297.421554724375 285.194118817647 254.287362098694 232.397357622782 212.699592113495 205.967168013255 221.213281154633 237.96409368515 253.415783246358 267.677625020345 276.07657512029 279.21336889267 289.395173390706 300.610701243083 310.39822101593 310.312310854594 318.630576133728 314.193924268087 318.265716234843 312.064329783122 301.991562048594 296.699523925781 287.615776062012 276.279826958974 243.001103401184 187.684933344523 166.136801242828 163.707842429479 146.301001310349 124.34591849645 116.108914216359 129.597594340642 177.375972270966 213.343143463135 239.890336990356 252.226928869883 242.412825425466 220.733126004537 242.07882086436 303.382774194082 295.551339785258 320.175607999166
275.721927483877 279.653509457906 292.690396308899 301.603476206462 298.135181268056 286.960601806641 265.03066221873 254.699488480886 244.225859642029 231.615702311198 229.147970676422 250.651876131694 262.985865275065 279.571890830994 284.534553686778 282.133996486664 288.661420345306 301.908294359843 307.061890761058 314.185738563538 322.385907173157 311.818699042002 288.964649041494 289.906779925029 290.600339571635 288.485745588938 276.754419008891 263.487875461578 220.645229021708 192.396442095439 191.315392653147 208.175460497538 212.883671124776 188.674966494242 154.783358176549 135.784765084585 152.117063601812 180.537899335225 222.748537858327 235.98313331604 217.915813128153 209.015746911367 250.440677007039 289.536992708842 309.40459171931 330.262144406637
277.732173601786 279.643654823303 288.290778795878 298.005779584249 310.167690118154 295.344293117523 277.702689170837 265.42717218399 265.785733858744 260.314663251241 252.027968565623 266.876101493835 280.25209903717 292.178908983866 294.544021288554 290.464123090108 289.834936459859 302.827556927999 309.073825677236 312.993725140889 305.812140305837 302.471856276194 298.228164513906 294.665058453878 291.889309883118 287.826220194499 277.617653210958 263.773401578267 227.265954017639 221.390744050344 243.377685546875 266.575773557027 270.670612653096 283.330798149109 263.980011145274 178.934236367544 164.32719429334 178.436557451884 204.386035601298 234.041889508565 226.930280526479 258.010149002075 251.327117284139 264.040847619375 300.63396692276 316.611409187317
281.943122545878 278.190732002258 281.456092993418 293.885767459869 330.838680267334 305.613398551941 281.804780165354 266.612927118937 267.171760400136 274.903496106466 268.279075622559 271.382590134939 286.639014879862 295.397659142812 297.189990679423 297.94442653656 296.168585618337 299.621641635895 300.989945729574 305.66527446111 306.226034959157 299.639979998271 296.922624111176 299.000481764476 298.88242483139 294.640342394511 284.683545430501 274.654825528463 249.605536460876 247.790853182475 272.29913075765 287.019928296407 285.04075606664 298.975348472595 325.999041398366 259.580254554749 197.122097015381 182.226359844208 195.930123329163 237.34184106191 264.140566190084 309.388279914856 261.906663576762 255.487422148387 286.522448062897 297.884464263916
279.023766517639 271.251320838928 275.267541408539 300.34198363622 341.70929590861 303.423722585042 272.218803564707 259.054998556773 264.360249042511 274.628420670827 270.886997381846 269.609769185384 285.546024640401 296.716431776683 300.465067227681 305.683712164561 302.609244982402 289.789239565531 298.515896002452 298.693557580312 299.629787604014 293.09086004893 291.830658912659 299.727439880371 302.128831545512 298.153916994731 293.545762697856 282.988826433818 260.450641314189 254.913628101349 277.923226356506 296.20748758316 294.599692026774 292.88371404012 314.913054307302 319.813350836436 232.798059781392 173.75377813975 165.565470854441 207.583526770274 272.691051165263 291.391789913177 256.25733534495 231.955806414286 258.432586987813 272.566258907318
271.499991416931 263.542950153351 272.275408109029 310.714821020762 339.359561602275 299.472649892171 267.603437105815 250.33575296402 248.4237353007 253.00935904185 254.641234874725 260.326266288757 279.726127783457 296.994090080261 300.601323445638 302.373925844828 300.24532477061 288.955787817637 290.327449639638 292.559425036112 293.019831180573 293.11869541804 293.810625871023 299.113869667053 304.101665814718 301.874260107676 300.210992495219 288.854817549388 267.8235967954 263.866146405538 282.74921576182 300.723334153493 296.231846014659 292.517125606537 301.542480786641 322.021424770355 310.624798138936 236.555397510529 187.711616357168 198.756575584412 234.316229820251 247.835795084635 246.995806694031 217.547178268433 230.857352415721 259.769260883331
259.58263874054 269.870162010193 299.266934394836 344.951311747233 347.32993443807 304.510851701101 269.611040751139 241.479357083639 234.094003836314 244.904498259226 239.981849988302 238.818466663361 272.551119327545 296.351234118144 301.196793715159 304.789026578267 305.09094397227 295.604983965556 294.589936733246 296.953082084656 294.403513272603 297.675291697184 300.556778907776 300.879001617432 304.227928320567 307.603935400645 306.912958621979 297.26654291153 280.831694602966 276.349981625875 288.326382637024 300.959467887878 298.394163449605 297.78528213501 301.178614298503 303.789675235748 327.776630719503 339.953343073527 274.87717072169 229.826052983602 215.744872887929 206.797083218892 224.807659784953 220.295031865438 227.775931358337 263.193627198537
278.105894724528 303.075532118479 320.655445257823 325.341105461121 354.168931643168 336.323499679565 302.322606245677 264.051874478658 250.557005405426 263.625144958496 260.245184103648 240.752299626668 260.441740353902 289.491931597392 301.401098569234 305.945932865143 307.131032148997 305.405676364899 296.386182308197 298.656205336253 299.003700415293 302.046716213226 305.116653442383 303.81441116333 305.508971214294 312.2585217158 313.96484375 311.64014339447 298.287769158681 291.818340619405 295.133848985036 298.6820936203 300.404747327169 304.515719413757 306.854764620463 295.595645904541 303.996205329895 342.288653055827 340.12246131897 282.293955485026 232.387562592824 205.740849177043 209.039787451426 224.641541639964 248.75138203303 277.95406182607
307.626446088155 315.515617529551 304.268638292948 296.500682830811 315.360029538472 337.396780649821 333.36861928304 305.610179901123 282.944877942403 285.426080226898 289.327025413513 265.374600887299 261.528770128886 284.788390000661 301.351487636566 304.904997348785 304.986675580343 306.792537371318 299.866457780202 297.126988569895 304.599722226461 305.68265914917 304.030199845632 306.287288665771 308.841009934743 314.860939979553 319.987654685974 320.553521315257 307.467520236969 298.717399438222 304.919600486755 307.440181573232 303.421020507812 305.6960105896 309.688627719879 299.75430170695 299.108723799388 319.328347841899 324.967284997304 301.152487595876 271.624306837718 230.225761731466 212.089578310649 219.234546025594 240.667382876078 274.765690167745
296.898623307546 288.802047570546 281.293928623199 270.133594671885 270.554741223653 291.489799817403 313.546657562256 311.701039473216 302.570501963298 304.37978108724 305.192589759827 289.74856932958 283.103307088216 290.849685668945 303.874810536702 304.484268029531 302.791078885396 306.16573492686 299.168070157369 301.81888739268 303.49063873291 304.769237836202 303.637405236562 302.192529042562 307.811141014099 312.90743748347 317.937473456065 317.600349585215 310.879071553548 305.665075778961 310.670574506124 308.402061462402 297.877271970113 297.334988911947 301.898101965586 286.669055620829 283.901731173197 285.03555059433 280.140817165375 285.664180914561 295.132835706075 261.812806129456 235.864480336507 224.242111047109 225.85274775823 248.621960481008
289.383411407471 278.390308221181 284.744838873545 270.314971605937 262.186090151469 274.006406466166 300.768117109935 325.936913490295 323.742985725403 311.794976393382 302.094837029775 300.744891166687 307.866315046946 308.032711346944 309.529900550842 305.349032084147 307.116786638896 303.648213545481 303.695619106293 306.514461835225 305.709044138591 303.965926170349 303.627550601959 302.244464556376 304.862876733144 309.120376904805 313.464522361755 310.828884442647 309.017459551493 311.282058556875 311.940987904867 301.391025384267 286.414563655853 291.570385297139 290.801207224528 274.726907412211 275.456309318542 275.620718797048 283.2945783933 306.351065635681 306.437651316325 293.516476949056 269.821286201477 256.196816762288 235.535780588786 228.828112284342
309.902409712474 304.361601670583 314.04451529185 308.858017126719 298.657635847727 303.446233272552 320.435643196106 343.367139498393 338.7637535731 314.518709977468 301.205356915792 309.635897477468 322.538375854492 319.722553094228 314.087510108948 316.790362199148 311.661283175151 308.274865150452 310.642242431641 311.738272507985 309.535344441732 303.88218164444 304.102639357249 306.678930918376 304.779648780823 307.842135429382 308.219532171885 306.372761726379 307.858526706696 314.631899197896 310.83349386851 300.506234169006 287.762920061747 288.575490315755 281.763176123301 277.548511823018 282.60326385498 282.971064249674 295.022527376811 325.710237026215 294.259349505107 280.422210693359 272.864818572998 264.738281567891 248.167296250661 226.956605911255
336.124062538147 333.126485347748 335.261583328247 337.969024976095 328.812559445699 322.45010137558 327.051122983297 341.756542523702 339.010039965312 311.582207679749 304.940581321716 317.18905766805 328.295389811198 321.437100569407 316.479424635569 318.042914072673 323.206305503845 314.568877220154 316.270609696706 316.725691159566 313.975652058919 310.741384824117 307.695229848226 309.611101945241 306.092580159505 305.653671423594 307.180285453796 309.967835744222 311.928371588389 315.798978010813 312.856137752533 303.05004119873 290.624658266703 284.387906392415 276.929159959157 282.061318556468 288.646638393402 287.372529506683 290.509661038717 314.329425493876 284.838040669759 243.641336758931 230.627338091532 224.859833717346 222.067654132843 216.191411018372
349.539518356323 346.358815828959 341.020901997884 342.042644818624 336.758216222127 328.409234682719 324.825823307037 330.235103766123 337.069789568583 319.176554679871 319.001952807109 327.052215735118 325.32807191213 322.984437147776 319.7314341863 321.011980374654 329.303522904714 323.067466417948 319.908360640208 318.313479423523 318.51053237915 312.736928462982 310.487270355225 308.490971724192 309.00760491689 308.098097642263 307.328820228577 311.196486155192 313.139279683431 313.874940077464 314.484715461731 305.3191502889 294.169962406158 277.987917264303 269.965648651123 285.246173540751 295.157015323639 292.742927869161 282.748858133952 299.114425977071 285.960952440898 219.847023487091 189.232846101125 175.736347834269 175.85418621699 183.098653952281
353.355526924133 355.319102605184 353.989402453105 351.499478022258 347.307125727336 341.288487116496 333.827058474223 328.790624936422 331.145564715068 329.464395840963 337.3863697052 337.332169214884 329.544186592102 331.444223721822 325.295706590017 321.753720442454 326.479216416677 327.538748582204 321.922242641449 319.982747236888 318.543553352356 313.53759765625 310.022791226705 307.808597882589 309.894343217214 311.151663462321 307.985266049703 310.123642285665 312.876005967458 313.071290651957 314.084112644196 309.174497922262 288.946032524109 266.959289709727 275.577068328857 297.042369842529 299.974799156189 294.035712877909 277.030150095622 283.109605312347 307.650407155355 263.767997423808 206.347485383352 176.44743124644 164.929469426473 159.244875113169
344.121853510539 347.480535507202 347.31113910675 350.458939870199 354.342937469482 356.692910194397 355.944395065308 352.663079897563 350.738445917765 352.773110071818 349.461078643799 339.35534954071 334.338903427124 330.35538593928 328.410089015961 323.893010616302 326.285243034363 324.66987768809 320.5353418986 318.074663480123 319.339334964752 317.87916024526 315.871357917786 311.632672945658 309.874494870504 309.055070082347 311.869402726491 314.460217952728 314.430594444275 313.841382662455 314.30858373642 309.930682182312 284.49414173762 267.601132392883 289.605021476746 304.382165273031 299.688061078389 295.578320821126 282.197634379069 276.87003215154 312.528292338053 339.84120686849 289.410312970479 236.53237024943 194.182137648265 163.922071456909
