input/barkrak2/radiation/dir17824.grid
NCOLS 85 
NROWS 70 
XLLCORNER 665100 
YLLCORNER 4664600 
CELLSIZE 20 
NODATA_value -9999 
[rows 20 to 39 of 70, columns 0 to 45 of 85]
210.892955462138 204.324285189311 220.725397268931 262.344380219777 258.405347665151 207.249859968821 189.696252346039 195.706804593404 208.531061808268 228.465517361959 245.36124865214 251.709858576457 264.426112174988 274.458984533946 292.668183644613 323.949754238129 336.25316619873 338.470141092936 342.963258425395 348.92201423645 350.824475288391 345.762729644775 344.931364059448 346.362868944804 347.265044848124 347.383658091227 348.964929580688 345.50662835439 340.716520945231 340.40359656016 334.827621777852 325.05734761556 317.806879679362 315.074443817139 313.511312007904 318.370699882507 318.644205729167 320.897420247396 325.302561124166 327.758193016052 328.601320584615 328.596075375875 329.381942749023 325.574616591136 329.548319180806 331.344385941823
235.587199529012 236.806492010752 256.993254025777 287.826697031657 282.294750213623 222.432533899943 202.345351378123 200.795332590739 210.473636786143 224.508106708527 235.098322232564 245.315194129944 255.335132280986 262.825608253479 275.485197703044 294.619719187419 323.413948218028 334.846576054891 339.728673299154 345.814943313599 349.147915840149 352.674126625061 353.710532188416 353.184103965759 350.60719648997 346.375862757365 343.94093354543 340.480089187622 339.083989461263 332.513531049093 316.496094067891 290.099740028381 271.896620591482 271.281838417053 279.239614804586 297.090888023376 304.129978020986 316.654741764069 325.353046258291 326.169749101003 323.447167873383 322.657326857249 317.632516225179 305.504898230235 321.817298730214 329.719702402751
273.49325021108 282.472987969716 292.856812477112 303.117374579112 302.255670229594 255.756556987762 225.152790546417 208.723664283752 205.01309633255 216.345469156901 236.659407615662 244.598110516866 256.831367810567 268.355329831441 273.453672726949 288.377642631531 303.059995174408 326.501409212748 334.652066230774 335.829893747966 337.222139040629 346.150596936544 350.606560707092 350.341240564982 347.826401392619 345.859924952189 343.162933985392 339.970072110494 327.239076296488 310.939987500509 267.88334051768 216.643452644348 197.961648305257 216.27938747406 244.365135828654 267.264902591705 284.608244895935 303.452809651693 314.656734466553 316.363453865051 319.188793500264 319.592277208964 299.229522546132 280.113498369853 305.219749609629 327.283640702565
291.167676448822 295.292437076569 299.322187900543 307.573854923248 307.505865891774 289.200345675151 249.897321065267 218.256076176961 202.951033910116 207.581798235575 232.772390047709 244.844714800517 261.701146761576 278.754909833272 280.618866284688 284.609099229177 297.652304172516 311.743001143138 325.632472832998 325.035353501638 323.687434196472 325.840890407562 336.064179738363 341.770052909851 342.405478159587 336.768706639608 321.807165940603 304.314891497294 278.691867987315 234.496672948202 195.920725663503 171.379367510478 146.781474351883 147.940158843994 160.643895467122 196.846822897593 237.269560496012 263.39715719223 279.125054677327 288.688123226166 288.181781768799 273.953557014465 259.661396344503 292.301932970683 287.308057149251 319.484035174052
282.926559448242 285.47598918279 297.744552294413 308.862427870433 300.898452599843 289.676388104757 256.360987822215 233.919461568197 213.864465554555 206.987500190735 225.046257177989 241.95804198583 255.258699258169 273.501773675283 278.439621130625 281.597077846527 293.632944424947 306.08077843984 314.544399579366 316.825389862061 321.414629618327 318.416873613993 325.352191925049 314.39208984375 305.809120337168 300.801535447439 291.841983795166 278.29513947169 246.638496716817 190.229296684265 168.819348017375 166.510184605916 149.54865972201 129.205803076426 119.758506615957 134.273240963618 181.13108476003 216.639518737793 243.364691734314 257.007400194804 246.134022871653 224.610308806101 245.771964391073 307.793339093526 299.745122591654 322.424352169037
278.037130832672 281.92259867986 295.332849025726 305.170118808746 302.512109279633 291.349569956462 267.034312089284 255.98406791687 247.64476219813 232.473949591319 232.82653093338 251.96647644043 266.952315966288 281.683921813965 288.433452447255 286.146322886149 292.696158091227 304.383317629496 310.669859250387 317.848940690358 326.66798432668 315.806349118551 298.473834991455 294.355491797129 292.822639147441 290.675103664398 278.892834981283 267.415881156921 223.060886065165 194.848954677582 193.923274676005 210.912426312764 215.961535771688 193.272312482198 158.309161663055 138.08070619901 154.871016740799 185.242235660553 226.069450378418 240.824659665426 221.833368142446 212.945103645325 253.607352574666 290.8735871315 310.733914375305 332.210898399353
280.118048191071 281.924784183502 290.754278500875 301.305174827576 315.075715382894 299.452781677246 279.202779134115 268.46710840861 266.32430156072 260.844429334005 252.870599428813 267.937123775482 281.800786654154 294.110834598541 296.776135762533 292.831619580587 295.349657535553 305.201808611552 312.709867954254 321.802973747253 315.899252891541 308.393160502116 300.995548566182 296.906411647797 294.172823429108 291.972200075785 279.874523480733 265.950421492259 229.663173357646 223.597288131714 245.781064033508 268.831054369609 272.777557373047 286.191840966543 267.574191093445 183.84971221288 168.968995412191 180.910428365072 207.249542077382 238.78675699234 231.238385041555 262.769103050232 255.557298660278 267.580231030782 301.873783270518 321.923355261485
284.32156642278 280.555824438731 283.893783887227 296.959280967712 333.971381187439 307.61597553889 284.703254699707 267.030457655589 267.470041910807 275.438030560811 268.85191599528 274.884343147278 288.148780663808 299.076358477275 299.427568912506 300.278921922048 301.569680372874 305.417637030284 307.941476504008 309.495508670807 308.073004086812 301.597654819489 299.940804640452 303.487042586009 303.003191947937 296.918272972107 288.711587587992 276.805877685547 251.315991083781 249.43874279658 274.220784505208 288.91130288442 286.814649899801 300.672650337219 329.090754191081 264.485657215118 199.750562508901 184.662659962972 198.701957861582 242.181996504466 268.684446811676 311.921656131744 265.576879183451 259.188632170359 288.186967372894 301.677266756694
281.315326690674 273.701945940654 277.776877085368 303.426384925842 345.222155253092 304.919362068176 274.921675523122 261.695841948191 267.256617546082 275.607943534851 274.374743302663 273.263235886892 287.098566691081 298.689166704814 303.967475891113 307.973225911458 304.717103640238 291.645050048828 302.053928375244 302.586038907369 301.658312479655 298.611541589101 298.502763112386 301.907102266947 307.87585179011 300.524512926737 295.818289120992 286.440968513489 262.058834234873 256.318291028341 279.460966587067 297.818183898926 296.191493670146 294.262667496999 316.815495491028 323.71993859609 236.172755559285 176.603456338247 168.366392453512 214.290499687195 276.004672050476 293.432652950287 257.236699263255 236.083388328552 262.748579184214 277.154862880707
273.657262325287 266.027092933655 274.876018365224 313.799103101095 341.935078303019 302.569766839345 268.549084663391 251.229504744212 249.59139029185 254.056811332703 255.828678607941 261.709173520406 283.488631248474 300.564010938009 304.287334283193 305.920958518982 304.127216339111 293.116788069407 294.408361117045 294.71613963445 297.063191731771 298.69536558787 297.95777797699 302.45316028595 306.339224179586 304.933865865072 302.49426762263 292.294720808665 270.16693353653 265.312254428864 284.109274546305 302.283922831217 297.484755516052 293.81263256073 302.776495615641 323.975185553233 314.102073510488 241.611023743947 192.524393399556 201.452314853668 236.850599447886 250.004053115845 248.575230439504 221.973458925883 235.430359840393 262.761255105336
261.593858400981 272.00186252594 301.351984341939 346.996426582336 349.243521690369 307.525038719177 270.917316277822 242.843190828959 237.881720066071 248.768945535024 241.501788298289 242.69179503123 276.330848534902 300.061543782552 304.820597171783 308.372219403585 308.87371301651 297.609210014343 296.667158603668 299.153288205465 298.431018988291 301.257769266764 302.615284919739 306.161145369212 307.727555433909 309.879819552104 310.557266076406 300.651709238688 282.844066619873 277.846614519755 289.566139380137 302.18372742335 299.883941809336 298.939069112142 302.160223325094 304.648458957672 329.611420631409 342.862327893575 279.529293378194 232.670903205872 220.522284507751 209.056119124095 226.556181907654 224.799573421478 232.387801011403 268.744885921478
280.086557070414 304.68358596166 321.537017822266 325.78827937444 355.178276697795 338.734745979309 303.816954294841 267.538825670878 251.853903134664 264.959057172139 261.781334877014 241.942008336385 261.589189370473 293.286363283793 303.355971972148 307.973802089691 309.195558230082 307.431797186534 300.399502118429 300.9126385053 302.973806858063 305.493474006653 307.16081460317 307.732621828715 307.694534460704 315.526326497396 317.28341182073 314.74777062734 300.276478131612 293.519139289856 296.44642273585 299.873133500417 301.502426465352 305.632392565409 307.580431302388 296.224474906921 305.043657620748 344.168265660604 342.970609664917 285.568018754323 237.48521010081 210.132837295532 210.726777712504 229.029973347982 253.174662590027 281.547427177429
308.75418583552 316.015621026357 304.031531016032 296.143372853597 315.18034140269 338.163773218791 334.110776583354 308.039347330729 283.648331960042 288.449724515279 290.477494398753 266.21679464976 262.603720029195 286.375145117442 305.008510748545 308.455089728038 307.108024756114 310.603181521098 303.795278072357 302.748620510101 306.793908278147 307.766954104106 308.019479115804 308.491269747416 311.072667439779 318.256020545959 323.25553894043 323.403298854828 309.764186541239 300.480524698893 306.459903717041 308.831055959066 304.518322149913 306.919475396474 311.214089393616 301.351070404053 300.427695115407 321.199635664622 328.035394350688 305.389682451884 276.403903961182 234.565218289693 213.658094406128 223.461786905924 244.977196057638 276.440997918447
296.823402245839 288.187861442566 280.462463696798 269.236207008362 269.588192303975 290.765325228373 313.269019126892 312.939842542013 302.95741558075 307.02006816864 305.946628252665 290.304938952128 284.110963344574 294.615904490153 307.642817497253 308.108230431875 306.565244992574 308.306316534678 303.245007991791 305.702149868011 305.704534053802 308.779617150625 307.204782962799 306.135535240173 310.027182102203 316.518406073252 321.253399054209 321.417272090912 312.81832853953 307.702759901683 312.084317207336 309.707919756571 299.619575341543 299.37740166982 303.635597229004 288.809895515442 285.904467105865 287.427226702372 283.429265022278 289.961695671082 298.324108123779 265.925427277883 237.459242343903 228.415509064992 230.147163073222 250.052670637767
288.858989874522 277.533531188965 283.945302168528 269.336541493734 261.098682880402 273.049076398214 300.221343835195 326.56733194987 324.273626009623 314.199765523275 302.533984184265 301.17533604304 310.905973116557 309.601684411367 310.076077779134 309.003571669261 309.452017148336 307.526628176371 306.086738904317 308.836261431376 308.348437150319 307.509144147237 305.911282698313 307.576775550842 307.010134061178 311.220228672028 315.449595451355 314.271807670593 311.960895856221 313.054283459981 313.470741113027 303.421437740326 288.053194681803 293.433248996735 292.783161004384 276.958107948303 277.593076229095 277.837554613749 286.144892374674 309.96561050415 309.250036875407 295.321822166443 273.522973060608 257.724106311798 239.655534426371 233.052651087443
309.739967187246 304.018219312032 313.856601715088 308.579087257385 298.303544521332 303.273320198059 320.546666781108 343.896547953288 339.544892311096 316.677371660868 301.536043485006 310.229937235514 325.533906618754 323.257227738698 316.230674584707 319.17275985082 313.777188460032 310.692350069682 311.557292938232 314.107060432434 310.515979925791 309.143920739492 308.111031850179 310.079952081044 308.789948622386 309.943874677022 310.330192248027 308.557550112406 311.274468898773 316.556930541992 313.308874766032 302.691558996836 289.579292138418 290.221055348714 283.884207407633 279.664715131124 284.646073977153 284.881055355072 297.236859798431 329.297661781311 296.867966651917 282.160560290019 274.551868438721 266.525665918986 249.939223130544 228.660722573598
336.851994196574 333.696126937866 335.718750953674 338.497877120972 329.412400722504 322.986483573914 327.516297499339 342.34615166982 340.594013532003 311.944901943207 305.347601572673 318.112889925639 331.480344136556 323.577503363291 320.221304893494 321.607907613118 326.765735944112 318.400661150614 320.083359877268 320.613741874695 317.866206169128 314.737796783447 311.705390612284 311.742206414541 311.16513411204 307.78427918752 309.310873349508 312.069574991862 314.631044864655 318.970362345378 314.544419447581 304.669916629791 292.196333408356 285.954693953196 278.765638669332 283.981104691823 290.613432725271 289.241909980774 292.354583740234 317.47845808665 288.092195987701 246.083299318949 234.946171442668 229.311207930247 226.58900419871 220.712622006734
350.817918777466 347.363948822021 341.639836629232 342.75762240092 337.621331214905 329.025109608968 325.171907742818 330.49746354421 338.040510813395 319.498976071676 321.326891581217 330.198546250661 328.780909379323 325.373709201813 322.190701961517 324.71090555191 331.722100575765 325.440287590027 321.206410725911 322.157283624013 322.36389319102 318.479379018148 314.498424530029 312.463025252024 312.951942284902 310.210227966309 311.160624027252 314.201772212982 315.879066785177 317.273259162903 316.239515940348 306.863844394684 295.657833417257 279.787540435791 271.808306376139 286.979933579763 297.117233276367 294.636050860087 284.39203898112 301.534493764242 289.739410082499 222.997546195984 193.79335641861 180.467049280802 180.453379948934 187.616586685181
355.385184288025 357.111533482869 356.100638707479 353.350083033244 348.724603652954 342.306216557821 334.366679191589 329.032103220622 331.604739030202 329.784651597341 339.811563491821 340.535402297974 333.082675933838 334.99550819397 328.774511814117 324.288050333659 331.354836622874 331.260402997335 324.232319990794 323.914845784505 319.85072294871 317.523062229156 314.063648382823 311.842600504557 313.880662123362 313.199937343597 311.827341715495 314.73175684611 314.86173470815 315.619846185048 317.355831464132 310.771783192952 290.405174096425 268.66626739502 277.413407961528 298.846403757731 301.38885974884 295.41536172231 278.660138448079 284.670889377594 310.995578765869 267.54226287206 211.176077524821 181.189676125844 169.239342212677 163.483838240306
347.371657689412 350.051085154216 349.889636039734 353.34591070811 356.804211934408 358.691771825155 357.54390557607 353.89765103658 351.590315500895 353.949387868245 352.334936459859 341.763059298197 337.905804316203 332.890152931213 333.318014939626 327.120463053385 328.699906667074 328.512708346049 322.976330916087 321.465015411377 321.629961331685 321.815172831217 319.849451382955 312.983552614848 312.030851840973 313.019057114919 313.959976037343 316.567222277323 317.979911963145 317.407329877218 316.276490688324 311.79678440094 286.095817883809 269.289433956146 291.066805521647 305.628299713135 300.960818926493 296.956757704417 283.367911974589 277.742505073547 314.064761002858 343.152642250061 292.998671531677 239.815851052602 198.741018772125 168.275972207387
