input/barkrak2/radiation/dir16024.grid
NCOLS 85 
NROWS 70 
XLLCORNER 665100 
YLLCORNER 4664600 
CELLSIZE 20 
NODATA_value -9999 
[rows 0 to 19 of 70, columns 0 to 45 of 85]
355.100512504577978 357.359091440837 356.317122777303 351.291020711263 345.339218775431 340.492169062297 332.387924194336 326.186756292979 331.312855084737 329.930047194163 326.684832572937 334.902366002401 341.640710830688 341.461499532064 344.494779904683 355.039119720459 359.191179275513 355.232318242391 338.619629542033 328.524212042491 305.244863033295 299.06443754832 315.028707186381 321.299076080322 318.412244319916 315.638820330302 315.669536590576 307.250777880351 288.493514060974 281.051735083262 280.14749288559 284.22615925471 292.094667752584 297.694901625315 306.056300799052 298.529843489329 294.88601287206 302.792966365814 300.556759039561 303.004582722982 293.141305446625 273.463686307271 283.968349297841 310.15274922053 315.410931905111 306.170105934143
349.052468935649 354.412794113159 355.424960454305 352.081418037415 350.446422894796 345.696210861206 334.541042645772 323.538343111674 326.308886210124 328.181147575378 322.872122128805 329.665501912435 338.700572649638 340.237100919088 338.606794675191 345.405499140422 343.176245689392 342.644770940145 341.041485468547 334.058006604513 318.051079909007 307.986478010813 312.286337216695 317.734042803446 316.149493058523 311.889866987864 311.191280682882 305.798212687174 291.646579901377 281.544884045919 282.515565554301 291.26234849294 288.251241048177 291.842023531596 304.549813270569 296.769777933757 289.455930391947 291.867693265279 286.918838818868 301.160454750061 299.577971299489 286.80012623469 294.223268826803 314.543525377909 320.580363273621 308.77298116684
330.802917480469 331.160505612691 334.839344024658 337.412595748901 344.66822942098 346.919894218445 345.071037610372 339.617490768433 334.573825200399 330.765088399251 322.669943173726 322.86924123764 331.00567261378 333.23468764623 328.831930955251 332.157035668691 335.677067438761 339.848240216573 342.976172765096 340.089877446492 334.807674090068 324.676235516866 315.704504648844 314.074317614237 315.916121006012 315.827488899231 310.399313767751 304.190278053284 293.009022871653 280.624667803446 278.012851874034 289.716780185699 276.800533135732 283.791760603587 299.104750156403 293.445487817128 277.578949928284 270.42156457901 282.340963681539 301.774283250173 304.158270359039 304.18852965037 306.731104850769 321.720759073893 332.040210564931 317.621131738027
314.769268035889 311.818758646647 315.052926540375 318.921148777008 318.878591060638 319.478710492452 322.713653246562 330.138723055522 337.987661361694 340.352892875671 336.354613304138 333.213905493418 333.09809366862 332.397838433584 328.415811061859 322.45280345281 325.33073425293 330.981036027273 337.383349736532 340.14880657196 338.06316057841 335.04593372345 333.286821842194 326.141675313314 323.65357875824 325.415670871735 319.265087445577 310.499707857768 301.690359910329 291.69903198878 281.761606534322 288.25056552887 276.380320390065 282.963792483012 290.304780006409 291.203121344248 284.398972988129 281.110644340515 300.389031569163 314.469854036967 311.816096305847 304.912130037944 300.498803456624 308.605988820394 320.685605208079 322.479565938314
328.096747398376 315.650105476379 305.730243523916 293.696939945221 291.099031766256 304.08243338267 316.980620225271 323.453366756439 329.243759314219 332.896649837494 339.493989944458 343.799034754435 343.711098035177 342.450102170308 339.489221572876 337.193846702576 334.746201833089 330.743590990702 333.559354146322 338.684479395549 337.753136952718 337.650060653687 339.941501617432 335.071444511414 330.215871334076 329.218645890554 323.695878187815 315.017441908518 305.861115455627 300.40967464447 298.539221286774 295.367280642192 288.406848907471 291.042705376943 288.351972897847 292.02938079834 302.43718624115 308.22875102361 318.207701047262 323.837717374166 321.889817714691 313.672224680583 305.381894111633 300.955772399902 306.753118832906 328.160127003988
350.686510403951 336.328705151876 313.994308312734 291.315654913584 284.383515516917 291.715085506439 311.404824256897 322.689056396484 324.859340985616 324.04750585556 330.058157444 337.016383806864 341.242631276449 342.647949854533 344.843506813049 345.162391662598 341.409603754679 333.636363347371 331.987539927165 335.138161977132 334.920446077983 337.872902552287 342.982848485311 340.205669403076 335.684458414714 334.903717041016 328.166862328847 318.801780541738 308.251440525055 301.287015279134 300.445437431335 296.109040578206 300.708770751953 307.389676570892 301.358858744303 298.62113793691 306.855897108714 314.638555049896 319.169243176778 319.485664367676 320.546627044678 316.772262255351 313.829640547435 312.645475069682 311.659216880798 318.191369374593
351.855516433716 343.377232551575 332.275072733561 318.343917528788 303.373436133067 293.219784895579 299.456755320231 318.082690238953 326.450864473979 331.105709075928 329.57649230957 325.457513332367 322.958668073018 320.713400840759 322.173873583476 330.901145935059 335.086425145467 339.691003163656 341.393828392029 340.930422147115 336.13657951355 332.016269365946 339.461167653402 341.380596160889 339.366674423218 340.646187464396 336.843530337016 328.820486863454 318.358957767487 310.885528723399 305.559674898783 306.096235911051 320.811172326406 327.448626359304 324.395080407461 317.207435766856 315.730532010396 319.705367088318 323.252101739248 329.000095526377 329.245368639628 325.038949648539 320.902466773987 314.633806546529 300.221482912699 293.46364736557
346.513191858927 346.823732058207 345.564405123393 340.171098709106 328.535596529643 308.276693026225 288.005928198497 290.037115414937 315.496246019999 329.901814460754 333.818872769674 331.431706746419 326.556404431661 321.144044399261 313.159505526225 315.511743227641 322.329560915629 331.382075945536 341.3405418396 346.019228299459 344.125668207804 337.194045384725 336.742520332336 340.37454922994 340.623259544373 342.997948328654 342.128078142802 337.728341420492 330.920577049255 326.390961805979 323.042988777161 323.433756828308 333.901524543762 337.087233861287 336.918393770854 332.748313744863 327.11515824 323.729554812113 317.958295345306 325.170894463857 333.348671595256 336.52385075887 334.990302721659 325.126131375631 308.391571044922 292.126059532166
344.464341799418 345.217108726501 345.853010813395 344.237526257833 339.991609255473 329.725424448649 310.695588588715 288.438697655996 295.738061269124 314.276317755381 327.717820803324 331.696132818858 331.087152163188 330.612063407898 325.703104337056 320.451935132345 318.777720133464 321.734646956126 330.340127150218 338.122844696045 344.209710756938 345.383167266846 342.711687088013 340.251247088114 340.718587239583 343.531092007955 345.061818758647 342.450539271037 339.899619420369 340.042273203532 339.542468388875 338.62312634786 341.85258547465 343.323310216268 340.830246607463 338.500777880351 335.346182187398 327.163477738698 313.204010327657 316.623429457347 331.579248110453 334.714889526367 330.94596862793 326.907118161519 317.9598848025 308.695197105408
336.263537406921 339.385906855265 341.43849213918 341.954350471497 340.801358222961 340.59731165568 334.660410881042 323.835333188375 301.488300164541 295.297523339589 305.007735888163 322.284857432048 333.806316057841 337.724685668945 339.416106541951 336.423317591349 328.381896018982 324.281414349874 323.746105035146 327.128688494364 331.066012382507 334.529638290405 337.031602859497 337.602734565735 339.504877726237 341.558535893758 343.221227327983 342.029372851054 341.678857803345 343.935529390971 344.313859939575 344.267090161641 345.869302749634 347.326954205831 345.244884490967 341.240247090658 339.540918668111 334.679245948792 316.608905792236 312.200446923574 325.145204861959 326.103587945302 324.105381965637 322.605133056641 314.576983451843 305.299599965413
307.265857855479 316.525717576345 323.850373427073 329.157630602519 333.764274915059 337.578892707825 339.936494827271 339.293797810872 323.373377323151 305.346051851908 294.458448886871 301.019549369812 320.569038391113 333.749214808146 340.119202931722 335.858861605326 333.242793877919 330.344577630361 324.597895145416 321.158885955811 321.451723575592 320.198178291321 321.896433830261 328.799287478129 334.119518597921 337.402661641439 338.966290156047 338.428894678752 340.113441149394 342.368920644124 343.32283337911 344.974676767985 348.431309064229 349.596540133158 347.309907277425 344.146728515625 343.34667523702 342.543919881185 330.582499504089 317.708969116211 321.268876393636 324.925541877747 326.655447483063 326.516111691793 318.901797135671 309.846182664235
276.213069756826 279.658754666646 287.452479203542 297.093073527018 308.809498945872 319.290896256765 330.652912457784 334.122578303019 334.17280515035 326.811790466309 310.898462931315 294.172326723735 295.81360022227 313.767969608307 330.133338769277 330.580453077952 334.942897160848 334.139823913574 329.221983750661 322.988947232564 318.605840206146 315.298517545064 315.37256638209 321.414530277252 326.07889175415 328.43812306722 329.717914263407 332.071204980214 334.945758183797 337.260444959005 339.365005493164 342.673818270365 346.118529637655 346.950093905131 345.545530319214 343.979914983114 345.673481623332 346.770207087199 343.459407488505 333.235323429108 330.314477284749 333.365599314372 336.435715357463 336.532155672709 330.26530345281 327.879329522451
266.125917434692 263.327141602834 260.420461495717 260.454793771108 266.221980253855 280.213832855225 300.100803375244 315.774480501811 333.657503128052 335.786978403727 329.680641492208 315.044303735097 294.019917647044 292.151172955831 310.241421063741 327.381074428558 335.982481638591 336.350123087565 334.948460261027 329.633196194967 324.307759602865 323.376595973969 323.089341322581 323.747793833415 322.418093681335 321.282227834066 324.126720428467 329.444189866384 331.302126248678 332.142889499664 334.219217300415 337.555329004924 339.212973912557 340.078870455424 339.512666066488 341.657996177673 346.695303916931 349.022467931112 348.117510477702 345.938444137573 343.611319859823 342.787027359009 342.418352762858 341.758290926615 335.848013559977 332.679231961568
261.973897616069 237.586895624797 222.10564215978 216.060618559519 213.476856549581 219.200869401296 237.883369127909 268.722951412201 300.413608551025 324.735283851624 333.7641954422 334.38777923584 325.061003367106 306.766251722972 303.341706593831 322.049518426259 332.357048988342 338.427623112996 340.483109156291 339.147090911865 333.674669265747 331.611514091492 329.730629920959 329.721351464589 328.685919443766 326.074282328288 328.571379184723 333.414316177368 332.318425178528 329.047242800395 332.663496335347 335.004329681396 336.376547813416 336.686174074809 338.095744450887 341.681241989136 343.993504842122 345.865964889526 346.039215723674 345.917542775472 345.594485600789 346.379995346069 346.678336461385 344.525098800659 339.127461115519 334.533254305522
245.576858520508 212.460180123647 191.064953804016 186.327000459035 185.97557147344 190.582791964213 198.725601037343 221.307357152303 249.111374219259 291.398326555888 330.097357432048 343.86666615804 345.505038897196 338.0153576533 322.236180305481 317.834377288818 322.066525618235 331.814547379812 340.386509895325 342.698136965434 342.309395472209 338.989694913228 338.072935740153 336.70433362325 333.764672279358 332.265317440033 334.899385770162 335.190852483114 330.359578132629 328.498204549154 332.0432305336 334.833701451619 334.19934908549 334.390123685201 336.440682411194 338.605960210164 339.876890182495 338.170687357585 339.460611343384 339.305520057678 340.964158376058 344.069361686707 345.97909450531 344.876805941264 340.222557385763 338.104168574015
210.506161053975 186.445236206055 171.472986539205 167.555848757426 183.298945426941 203.076124191284 202.324012915293 207.819104194641 228.136161963145 258.354147275289 301.907261212667 341.561873753866 349.900523821513 349.011937777201 341.971715291341 324.439207712809 315.844754378001 317.639390627543 329.027454058329 342.140396436055 345.255017280579 342.163801193237 343.069791793823 340.677618980408 336.680332819621 336.703379948934 339.290976524353 336.193283398946 331.119855244954 333.519657452901 335.705240567525 335.378885269165 333.83313814799 333.481192588806 332.87916580836 332.518378893534 331.624289353689 329.194287459056 329.456686973572 330.431262652079 333.43760172526 335.511048634847 336.896896362305 336.750825246175 337.949395179749 339.572906494141
185.771107673645 176.825126012166 168.624540170034 160.652369260788 162.680278221766 187.853415807088 205.560763676961 208.569427331289 220.679918924967 234.673301378886 259.28791364034 307.969292004903 345.969994862874 347.79413541158 345.568895339966 342.42590268453 337.176601092021 326.576928297679 319.779773553212 327.699244022369 340.466419855754 343.639572461446 345.069805781047 343.031803766886 339.687705039978 340.602954228719 343.427538871765 340.810378392537 337.33590443929 340.380271275838 341.290632883708 335.751334826152 332.651197910309 331.032653649648 328.239818414052 326.536277929942 323.978106180827 323.235392570496 323.433399200439 324.469665686289 326.378285884857 328.275104363759 328.801512718201 330.33953110377 336.79191271464 339.935859044393
177.238504091899 180.866102377574 182.062188784281 172.131697336833 154.76730465889 163.332442442576 193.092068036397 208.526849746704 226.591050624847 237.331509590149 245.966871579488 274.445752302806 320.382873217265 345.258911450704 347.845792770386 348.820288976034 348.781744639079 343.937277793884 332.409898440043 321.603039900462 329.136153062185 343.124151229858 343.063553174337 341.785629590352 341.999967892965 345.449527104696 347.573240598043 345.832308133443 343.409458796183 344.885468482971 342.468460400899 336.884578069051 333.405017852783 330.092171827952 326.579789320628 324.820737044017 323.563059171041 322.859128316243 322.798212369283 324.102977911631 324.858566125234 326.009651025136 324.894467989604 327.585637569427 334.010521570841 338.807503382365
187.404831250509 198.066592216492 206.198791662852 200.198292732239 178.475300470988 172.243237495422 194.395025571187 211.626291275024 229.830900828044 252.469440301259 261.136134465535 267.899791399638 297.681232293447 329.29668823878 343.806147575378 347.875237464905 348.372936248779 347.92439142863 345.932046572367 337.321758270264 325.466851393382 334.119240442912 338.106711705526 341.026147206624 345.028638839722 348.332285881042 349.701960881551 348.066568374634 344.173073768616 343.846758206685 340.526898701986 336.685339609782 333.753267923991 330.950776735942 328.283985455831 325.731794039408 325.682600339254 323.04052511851 322.489897410075 324.614425500234 326.341410477956 327.349066734314 327.043056488037 329.197923342387 329.030672709147 336.718519528707
201.459427674611 206.101059913635 218.519806861877 233.703633149465 219.117522239685 189.573228359222 189.501921335856 200.970013936361 220.415453116099 243.603825569153 259.886880715688 262.349943319956 276.967883110046 295.086443424225 325.140039126078 341.19455019633 344.051400820414 344.767053922017 345.317045847575 345.447421073914 341.031153996785 333.502292633057 334.21528339386 339.171568552653 344.470063845317 348.35422039032 349.911451339722 347.733338673909 342.250466346741 341.879566510518 338.562250137329 333.834886550903 331.056376298269 330.756346384684 329.345126946767 326.991935571035 325.445214907328 320.456624031067 318.336288134257 324.227372805278 328.474203745524 329.586406548818 331.173857053121 330.01454671224 328.431228796641 333.049893379211
