input/barkrak2/radiation/dir14024.grid
NCOLS 85 
NROWS 70 
XLLCORNER 665100 
YLLCORNER 4664600 
CELLSIZE 20 
NODATA_value -9999 
[rows 0 to 19 of 70, columns 0 to 45 of 85]
339.994192123412972 344.464619954427 346.08002503713 344.876845677694 341.160972913106 336.061716079712 328.263799349467 322.117606798808 326.656460762024 325.66503683726 322.837392489115 329.759975274404 335.21568775177 334.497928619385 337.23783493042 341.84734026591 341.549356778463 333.247284094493 327.681183815002 316.619873046875 296.451191107432 293.676157792409 311.952809492747 319.241642951965 316.93176428477 316.473166147868 314.430336157481 304.153958956401 286.150495211283 280.323604742686 278.233726819356 285.273293654124 298.622250556946 304.143746693929 308.844248453776 301.353255907695 299.091378847758 308.577219645182 306.684494018555 306.235194206238 296.841243902842 280.506769816081 289.911051591237 309.996803601583 315.933545430501 308.349450429281
331.481575965881 338.362812995911 338.295499483744 340.439875920614 339.357256889343 337.325572967529 329.112807909648 319.99005873998 323.519329229991 325.143933296204 320.092101891836 325.505614280701 332.676768302917 333.277642726898 333.079556624095 336.139758427938 334.975560506185 331.604599952698 330.964843432109 323.404689629873 309.824824333191 304.443796475728 311.279296875 316.945354143779 316.079676151276 314.089198907216 311.912576357524 305.058201154073 290.151953697205 280.455470085144 281.546652317047 293.428778648376 295.732180277507 296.072522799174 308.062076568604 300.135970115662 294.883628686269 296.114921569824 291.837374369303 305.544813474019 303.129196166992 292.066951592763 298.323790232341 315.227349599202 320.565601189931 312.186300754547
302.683134873708 307.856440544128 311.756769816081 318.568646907806 324.11515712738 330.04230260849 331.387241681417 330.778320630391 329.12290096283 326.025744279226 318.633675575256 319.473008314768 327.844520409902 330.426653226217 326.786418755849 330.426474412282 333.99494489034 336.22666200002 335.205356280009 330.233414967855 327.810287475586 320.631980895996 314.508597056071 314.07223145167 315.728763739268 316.307504971822 310.587088267008 303.553521633148 291.968822479248 281.005760033925 280.060609181722 294.294238090515 284.253636995951 290.522257486979 304.282128810883 298.585096995036 285.234232743581 279.754420121511 290.284474690755 305.245141188304 306.116104125977 305.799166361491 306.627333164215 319.280723730723 328.965147336324 318.481862545013
286.235451698303 283.632695674896 286.020874977112 289.171894391378 296.743293603261 301.616152127584 306.337356567383 314.515690008799 324.716289838155 330.189903577169 328.442374865214 328.272600968679 330.157558123271 330.382664998372 327.309012413025 323.015173276265 325.73260863622 329.394598801931 332.722703615824 332.635343074799 330.749770005544 327.568054199219 327.210704485575 322.143713633219 320.534904797872 322.023034095764 317.133843898773 308.919707934062 300.577839215596 292.154749234517 283.971349398295 293.947120507558 284.330805142721 290.308515230815 296.416858832041 297.701875368754 292.004644870758 289.120773474375 305.106222629547 315.24137655894 311.609228452047 304.76051568985 300.37921667099 309.245586395264 320.161024729411 321.023404598236
302.313208580017 282.613337039948 271.151383717855 265.28533299764 270.137627919515 282.737036546071 298.504551251729 305.907209714254 312.678118546804 317.134340604146 327.161510785421 334.78585879008 337.376435597738 337.757110595703 335.411826769511 333.43243598938 331.145922342936 326.11741622289 327.841560045878 332.275927066803 330.793917179108 330.333073933919 333.862463633219 329.586466153463 325.446883837382 325.182954470317 320.787310600281 312.563419342041 304.702560106913 299.873570601145 299.365957578023 300.894300142924 293.769776821136 296.748002370199 294.479211171468 297.891875108083 306.789398193359 311.020811398824 318.694810072581 322.049617767334 320.118844509125 312.91385491689 306.527972221375 303.764919439952 308.868984381358 324.820935726166
325.49512386322 308.86971950531 289.059201876322 270.287354787191 261.392136414846 271.053155263265 292.163590590159 304.698248704274 307.274699211121 306.546727816264 313.55752547582 321.983059247335 327.378153800964 330.755174160004 333.161155382792 334.819118181864 331.833362579346 325.630247592926 325.310985247294 328.965663909912 328.847666581472 332.143525282542 337.922890981038 334.751605987549 331.219732761383 330.094436804454 324.869275093079 316.708942254384 307.430148124695 301.485578219096 302.93067296346 301.77237590154 305.315375328064 311.310251553853 305.809597174327 302.715301513672 310.321807861328 316.261390844981 318.875114123027 319.205820560455 319.684406121572 315.82905848821 313.655654589335 312.922318776449 311.041136582692 312.486926714579
337.543765703837 326.19975010554 312.948067982992 298.144141832987 281.641801198324 270.770490169525 277.426024278005 299.5498975118 309.030095736186 314.476768175761 312.650322914124 309.103449185689 305.272797743479 302.671213944753 304.338872432709 314.529736836751 321.038683255513 327.592432498932 331.997076670329 333.801428476969 330.929398536682 327.731510003408 334.41702524821 335.816184679667 334.3452612559 335.47314008077 332.601487636566 325.596272945404 316.43549601237 310.887277126312 308.425426483154 310.06642182668 322.454452514648 326.760073502858 324.524462223053 317.654510339101 316.247344017029 318.777243296305 321.22141122818 325.479924678802 324.846684932709 320.966442426046 317.867656548818 313.137849171956 298.856198787689 292.208035786947
336.446762084961 334.672689437866 331.30156993866 323.713143666585 308.462878068288 285.434981187185 267.221808433533 268.649379412333 296.263813972473 313.993175824483 318.584163983663 315.736015637716 309.228618939718 302.875200907389 293.85636250178 296.498616536458 305.490295092265 315.151492754618 327.90486017863 335.450251897176 335.912386576335 331.297814846039 332.31786886851 335.028211275737 334.951996803284 336.57177289327 335.976560910543 332.29664961497 326.422373453776 323.906421661377 322.699328263601 323.952356974284 332.309504350026 335.043668746948 333.811124165853 330.023288726807 325.185557206472 320.948163668315 314.959744612376 318.85967652003 325.938483079274 329.988638559977 330.637097358704 323.883473873138 308.688580989838 294.590373833974
333.09535185496 333.760023117065 333.334604899089 330.695748329163 324.468493461609 312.194883823395 290.720144907633 266.981760660807 277.254899342855 295.333862304688 310.137212276459 315.187553564707 315.573632717133 314.111808935801 307.832499345144 303.196708361308 300.185084342957 303.52109670639 313.493450482686 324.321111043294 331.2908411026 334.70888932546 334.144075711568 331.570943196615 332.28862285614 335.222641626994 336.252768834432 334.57612991333 332.547148068746 334.413051605225 335.347533226013 334.522048632304 336.50549252828 337.083180745443 335.379878679911 333.462476730347 329.715212186178 322.722911834717 309.554696083069 311.94285551707 327.014227708181 332.930246988932 330.743412176768 326.261421044668 317.255874474843 308.361053466797
320.237378279368 325.429161389669 327.910999457041 328.015327453613 326.67217652003 326.069096724192 318.798343340556 305.666565895081 281.336426734924 274.282018343608 285.975555578868 304.774602254232 318.192919095357 322.786649068197 324.493090311686 320.426821708679 310.841282208761 307.50173330307 305.899421374003 308.292865753174 315.315047899882 318.581958611806 322.383364041646 324.694593747457 327.855328718821 329.826951026917 331.493258476257 331.001877784729 330.36994934082 333.521882692973 334.483067194621 334.59750811259 337.730805079142 339.943051338196 337.997714678446 334.559957186381 332.393864790599 328.517377376556 312.319020430247 309.978226820628 324.070552984873 326.542655626933 325.116376082102 322.516878445943 314.095596472422 305.301864941915
286.66365146637 297.057668368022 305.608808994293 312.085529168447 317.805548508962 322.532455126445 324.857592582703 323.36695988973 305.892904599508 285.085042317708 273.361206054688 280.228177706401 301.633636156718 318.082749843597 325.547893842061 320.097068945567 315.753400325775 311.88976764679 306.504309177399 302.651087443034 301.770945390065 301.715890566508 303.822159767151 312.125305334727 319.012602170308 323.311328887939 324.996153513591 324.11781946818 326.689998308818 329.564730326335 330.949346224467 333.004633585612 337.649583816528 339.377323786418 338.000257809957 334.822217623393 334.666649500529 335.142095883687 325.347145398458 316.622376441956 321.61549727122 325.228154659271 326.630393664042 325.66757996877 318.688333034515 310.966690381368
252.701640129089 256.608009338379 264.020323753357 274.506628513336 287.452061971029 300.072312355042 313.162644704183 317.292908827464 318.198581536611 309.581319491069 290.555953979492 272.888123989105 274.858355522156 294.13773616155 312.729398409526 313.714623451233 318.060080210368 316.669086615245 310.581743717194 303.28381061554 298.358122507731 295.070926348368 295.173207918803 301.985800266266 307.672917842865 310.901482899984 312.589208285014 315.420309702555 319.130003452301 322.008967399597 324.690282344818 328.477601210276 332.533717155457 333.868940671285 332.813580830892 331.840892632802 335.205594698588 338.115175565084 336.280902226766 329.805056254069 328.835209210714 331.812123457591 333.40318997701 332.887430985769 327.190498510997 324.796676635742
241.977214813232 238.04122209549 235.947450002035 235.980351765951 242.29633808136 257.176558176676 278.631687164307 295.930484930674 316.475768884023 319.185475508372 311.846534411112 295.138359069824 271.124879519145 269.130349159241 288.763801256816 308.411637941996 318.74805688858 319.558262825012 316.728154818217 311.079720656077 304.893930753072 304.017027219137 303.681155045827 303.538123766581 303.391297658284 302.402218182882 305.596311887105 311.783830324809 314.077417055766 315.054376920064 318.403999010722 321.577111879985 323.232134183248 324.320356051127 325.141370296478 327.950954437256 333.635409673055 337.936242421468 337.786118189494 338.158885637919 336.679259936015 336.389183998108 335.81821123759 335.34562587738 329.788307348887 327.129364013672
236.781597137451 211.205164591471 195.117930571238 189.762473106384 187.173326810201 193.247377872467 212.692499160767 243.890325228373 277.796745300293 305.181562900543 316.580772399902 316.976765791575 305.197437604268 283.545811971029 281.332711378733 301.987866560618 313.981433709462 321.763237317403 324.79997475942 322.828491528829 315.954267978668 313.617169857025 311.378101507823 311.287502447764 310.456315676371 307.857155799866 310.453573862712 316.198865572612 315.305173397064 311.281085014343 315.332631270091 319.038550059001 319.67681646347 319.992105166117 321.964144706726 326.382537682851 329.353491465251 332.068661848704 332.977652549744 333.325127760569 333.954056104024 335.734566052755 337.231914202372 336.538513501485 331.162452697754 328.102747599284
221.421559651693 184.873461723328 163.313279549281 159.069408973058 158.75572959582 163.779079914093 171.008626619975 196.773648262024 223.684986432393 268.340071042379 310.999492804209 328.38116089503 330.612977345784 320.368885993958 300.811409950256 297.415792942047 302.002588907878 313.235064347585 323.9772717158 327.182233333588 326.348265012105 322.829286257426 321.524997552236 319.607535998027 316.551208496094 315.051813920339 317.537248134613 318.923095862071 313.37042649587 310.804843902588 314.333697160085 317.639350891113 317.893346150716 317.130664984385 319.640378157298 322.222133477529 323.609133561452 321.865836779277 323.872148990631 323.905428250631 326.330145200094 330.452919006348 333.212415377299 332.399527231852 329.405983289083 328.420201937358
188.03991874059 161.660939455032 142.202903827031 139.778594175975 154.952625433604 176.950434843699 177.673598130544 185.159226258596 204.28995291392 234.352250893911 280.636568864187 324.727853139242 336.602210998535 335.363308588664 325.217405954997 303.325057029724 294.978082180023 297.001322110494 309.946119785309 325.957894325256 330.914914608002 327.271143595378 328.170339266459 324.871440728505 320.253749688466 320.419907569885 322.983165582021 320.272246996562 314.918140570323 317.400177319845 318.6274766922 318.22935740153 316.358764966329 315.734485785166 315.29023249944 314.858178297679 313.680211702983 309.767365455627 311.590095361074 312.852025032043 316.286663214366 319.060444831848 320.849001407623 321.14565372467 324.35820500056 326.859315236409
165.846486886342 155.630687872569 139.802038669586 130.823691685994 135.464350382487 159.076690673828 180.493950843811 184.528072675069 200.380285580953 212.587853272756 237.64822880427 287.032763163249 330.289085706075 334.790349006653 332.151830196381 326.377987861633 319.291492303212 307.253956794739 299.660583337148 308.437605698903 324.048260847727 329.802989959717 331.189831097921 328.555166721344 324.290633201599 325.216710567474 328.326066335042 325.348635514577 322.011729081472 325.972497463226 325.760106245677 318.918347358704 315.108716487885 312.91522582372 308.725833892822 307.912727197011 304.858485857646 303.967277208964 303.331752618154 305.78617254893 307.868599891663 310.065368811289 311.004896958669 312.8475745519 322.399199008942 326.005657513936
157.700459162394 160.256942113241 155.535986026128 142.489016056061 126.291692256927 139.61336016655 168.743411699931 188.672105471293 205.693085988363 218.652586142222 225.631554921468 254.516283671061 296.939313411713 329.097429911296 334.481000900269 336.006244023641 334.866126378377 327.88081963857 314.931392669678 301.617344220479 310.137748718262 327.059626579285 328.834851582845 327.547709147135 327.834069728851 331.50311311086 334.016879399617 332.337896029154 329.821527004242 331.330974896749 327.538013458252 320.598383744558 316.388070583344 312.046567598979 307.852586110433 305.813590685527 303.299963474274 303.523023923238 303.514758745829 305.04184961319 306.05145295461 307.363927364349 307.437260945638 310.543219248454 317.114512125651 324.661513169607
166.080713272095 176.551222801208 183.06823571523 171.453813711802 150.533596674601 150.032341480255 172.230005264282 192.058245340983 213.31661939621 233.480632305145 239.600936571757 248.292704423269 274.341106414795 297.266681989034 327.270865440369 333.99510383606 334.804733594259 333.961129188538 331.548651059469 319.713552792867 305.97311258316 315.87294737498 321.098645528158 325.551450252533 331.071098645528 335.242986679077 337.009310722351 335.967103640238 331.649502118429 330.847680568695 326.511104901632 321.897784868876 317.123472690582 312.711179256439 310.041268666585 306.946814060211 306.646664937337 304.712235927582 303.150375684102 305.578708648682 308.784286181132 309.952616691589 308.574954668681 310.914397239685 311.002790927887 320.255438486735
178.017258644104 182.933847109477 196.215987205505 206.735531489054 193.868001302083 169.951856136322 169.950922330221 184.151669343313 200.599610805511 225.636978944143 240.549941857656 240.953505039215 252.572298049927 266.69184366862 287.190814812978 319.681167602539 328.459699948629 329.687794049581 330.569843451182 330.175916353862 324.248949686686 315.198262532552 316.057165463765 322.196960449219 328.308681646983 333.55975151062 336.946487426758 335.540175437927 329.625189304352 329.020122687022 325.042148431142 319.497525691986 315.385818481445 313.660204410553 312.164525190989 308.570861816406 306.503772735596 300.640304883321 299.357732137044 306.037147839864 309.86366669337 311.23141447703 313.10913960139 311.862528324127 309.994796911875 315.735081831614
