input/barkrak2/radiation/dir18224.grid
NCOLS 85 
NROWS 70 
XLLCORNER 665100 
YLLCORNER 4664600 
CELLSIZE 20 
NODATA_value -9999 
[rows 40 to 59 of 70, columns 0 to 45 of 85]
342.229247093201 342.857758204142 342.822909355164 343.931237856547 347.919305165609 350.489536921183 352.495312690735 354.693690935771 355.372190475464 348.874648412069 341.767231623332 338.619311650594 336.084365844727 333.245853583018 331.879138946533 329.766968886058 328.791836897532 326.838552951813 322.770535945892 321.125129858653 321.505188941956 324.2214123408 323.663075764974 317.9003794988 316.404600938161 314.073781172435 316.441098848979 317.156831423442 319.00151570638 318.413933118184 316.42738978068 311.721682548523 286.910096804301 281.981190045675 302.558700243632 303.078969319661 294.145226478577 294.233997662862 294.607996940613 282.774706681569 290.845612684886 330.596228440603 350.442806879679 307.021776835124 247.865319252014 203.551014264425
346.303145090739 344.744602839152 344.89099184672 345.543622970581 343.778332074483 342.501123746236 341.797113418579 342.880328496297 345.832904179891 341.812372207642 336.661736170451 336.092631022135 337.228417396545 336.391806602478 335.774779319763 332.179447015127 328.104058901469 331.830064455668 329.286058743795 324.475665887197 324.950277805328 325.013319651286 323.02459081014 323.239703973134 322.476665178935 320.077578226725 322.18462228775 320.605019728343 320.116301377614 319.667140642802 318.591475486755 312.705953915914 294.42830880483 293.300529321035 304.271499315898 295.796354611715 281.235953172048 281.876941521962 289.432903130849 293.940126895905 307.390848795573 319.811383883158 333.440184593201 332.721590995789 290.531794230143 240.627507368724
347.622315088908 346.245924631755 347.924908002218 347.436626752218 343.646089235942 342.366973559062 342.260638872782 340.931177139282 341.29802385966 338.588118553162 336.990435918172 336.181481679281 337.636152903239 338.893334070841 337.748408317566 335.041324297587 330.727060635885 334.359248479207 334.670106569926 329.298118750254 326.866845289866 325.177669525146 322.118918100993 323.844114939372 325.447976589203 320.253372192383 317.4054423968 318.637688954671 319.493889808655 320.643742879232 317.10942586263 309.955477714539 301.74998442332 302.644352118174 301.639179388682 285.080591837565 270.0434923172 276.082952817281 291.282554467519 303.535997867584 311.588823795319 309.442083040873 305.875519911448 311.120092868805 296.453913052877 246.621668338776
340.066830317179 341.766357421875 346.227169036865 344.677011171977 345.440983772278 346.9185034434 347.402930259705 345.460375150045 339.65798219045 338.979919751485 340.248703956604 337.535619735718 336.998224258423 338.426470756531 336.648543675741 335.416436195374 335.076411565145 335.382223129272 336.145083109538 330.469191074371 326.102793216705 325.172742207845 322.534243265788 321.38995329539 322.293221950531 323.525627454122 317.201495170593 317.603429158529 318.643093109131 316.723863283793 313.794294993083 306.459963321686 305.786867936452 306.138316790263 292.769233385722 270.573774973551 265.855669975281 279.914756615957 299.484610557556 304.435849189758 304.375429948171 300.240715344747 292.389829953512 290.686964988708 284.833649794261 253.891666730245
339.908321698507 343.369483947754 344.71329053243 344.517310460409 345.521251360575 346.592664718628 346.978545188904 344.719847043355 342.520991961161 340.159296989441 340.378959973653 338.253736495972 336.529493331909 333.717823028564 332.649985949198 333.073973655701 329.792280991872 333.127081394196 333.269953727722 332.311669985453 328.808526198069 326.519747575124 325.113336245219 324.609160423279 321.774999300639 326.313853263855 325.32141606013 322.339435418447 320.18385330836 315.64337015152 309.3474706014 304.027040799459 302.679220835368 298.195898532867 284.60305929184 268.318116664886 269.661684830983 285.648067792257 301.010966300964 299.539049466451 300.951957702637 293.664832909902 280.975878238678 276.168127854665 276.866396268209 266.261140505473
344.171444574992 345.884243647258 344.287157058716 345.543503761292 344.758272171021 344.451506932576 345.225890477498 344.219525655111 345.327536265055 342.851241429647 341.779748598735 341.641863187154 337.226231892904 334.891438484192 333.414038022359 334.698836008708 331.322133541107 332.318147023519 334.665099779765 332.885384559631 330.276846885681 330.313781897227 327.369272708893 327.050089836121 324.909965197245 321.865876515706 324.928164482117 322.364270687103 318.960348765055 315.438528855642 309.213896592458 304.680446783702 302.233477433523 292.175928751628 277.453621228536 262.766599655151 268.10884475708 285.573482513428 293.193618456523 287.239710489909 292.664090792338 284.325917561849 272.661646207174 275.280435880025 285.690903663635 277.264853318532
344.204902648926 344.924847284953 345.974365870158 346.075892448425 345.239957173665 345.408280690511 345.781922340393 346.636613210042 344.750603040059 344.588875770569 343.520442644755 342.329104741414 339.545369148254 338.066776593526 336.803197860718 339.186429977417 336.590647697449 332.178473472595 335.235714912415 333.740472793579 331.140875816345 330.54506778717 327.573299407959 324.356138706207 328.226188818614 321.817139784495 321.490188439687 319.314738114675 317.312280337016 314.178744951884 310.449163118998 305.613160133362 299.528121948242 289.617280165354 275.583962599436 264.44152990977 271.983881791433 284.854769706726 282.972435156504 284.787754217784 291.402220726013 280.563255151113 276.199618975321 283.204674720764 292.186518510183 284.017662207286
341.100811958313 342.443943023682 344.640096028646 344.914356867472 345.76952457428 346.834739049276 345.506469408671 345.067421595256 344.671050707499 345.707654953003 344.533801078796 341.98796749115 341.394027074178 340.558648109436 339.483102162679 338.163177172343 336.665431658427 330.858647823334 333.324650923411 333.475271860758 329.116026560466 328.36910088857 329.050580660502 321.390092372894 322.994490464528 320.292254288991 316.123207410177 317.028641700745 316.683987776438 313.096423943837 308.555245399475 307.214419047038 298.405071099599 294.028560320536 286.616484324137 274.009744326274 276.55299504598 283.674657344818 285.741229852041 292.328993479411 289.419651031494 282.366236050924 284.241795539856 285.104970137278 284.698843955994 276.386896769206
337.327480316162 339.232603708903 341.568231582642 343.10245513916 345.527489980062 346.874833106995 344.706535339355 343.422849973043 345.807949701945 346.27103805542 345.439314842224 343.801657358805 342.333952585856 342.931071917216 340.707778930664 337.166547775269 335.885882377625 331.063310305278 331.252257029216 333.040277163188 331.5655986468 328.655441602071 330.34207423528 324.939787387848 322.777589162191 322.278380393982 316.966156164805 317.891716957092 317.709883054097 316.784739494324 316.16735458374 314.298828442891 304.416060447693 302.857438723246 296.017269293467 278.972089290619 279.370148976644 287.323196729024 291.542629400889 292.464832464854 282.588601112366 280.024329821269 279.203951358795 273.712197939555 271.155615647634 270.746807257334
336.7573817571 335.422515869141 337.518215179443 341.208616892497 343.319574991862 344.55418586731 345.519145329793 346.43300374349 347.35647837321 346.023003260295 346.187512079875 346.385320027669 344.135800997416 341.996828715007 341.335932413737 338.223377863566 335.046688715617 331.472078959147 332.635521888733 333.518981933594 331.78714911143 332.168221473694 327.587485313416 326.35889450709 321.240325768789 321.066796779633 320.508519808451 318.674365679423 320.933938026428 320.757170518239 322.654565175374 317.636609077454 309.789021809896 308.537205060323 300.986170768738 284.338315327962 277.971704800924 285.855293273926 291.765570640564 282.247165838877 271.427571773529 274.460434913635 274.814327557882 269.117514292399 268.65565776825 271.83989683787
336.897452672323 338.180581728617 339.108904202779 342.824260393779 342.482765515645 342.570622762044 346.279223759969 347.941756248474 347.972353299459 348.056594530741 347.324848175049 347.357789675395 345.059633255005 342.203060785929 342.451771100362 342.081109682719 337.204893430074 332.697828610738 332.563718159993 334.113200505575 333.91006787618 331.688443819682 326.937635739644 322.98219203949 317.578574021657 320.708115895589 319.567263126373 319.003999233246 320.650776227315 322.957615057627 323.599278926849 317.978024482727 310.718417167664 307.445526123047 297.201852003733 284.095009167989 279.142280419668 283.24019908905 283.179541428884 270.873586336772 268.094738324483 278.737644354502 278.261065483093 270.442267258962 269.647638003031 265.182534853617
337.042729059855 342.099587122599 342.505693435669 343.989213307699 343.005418777466 342.010021209717 345.797618230184 348.155935605367 347.45991230011 349.658052126567 347.982803980509 346.918225288391 346.07187906901 342.087348302205 340.44889609019 342.976967493693 338.834404945374 331.965764363607 327.959636847178 332.133611043294 330.31435807546 326.732993125916 322.480897108714 317.029535770416 314.594546953837 314.850330352783 316.935857137044 316.59209728241 314.643224080404 317.214051882426 320.277015368144 316.46207968394 304.891208807627 294.985552628835 271.503647168477 259.517133235931 269.575973351796 277.702867984772 276.294986406962 276.119768619537 283.9581767718 285.93107064565 271.635472774506 263.168195883433 271.008610725403 259.386698404948
338.120182355245 336.664915084839 336.901744206746 338.22242418925 341.703494389852 344.362815221151 343.960722287496 346.77509466807 346.026341120402 347.389300664266 347.604513168335 346.747795740763 345.779061317444 342.667420705159 339.723626772563 338.875452677409 337.323466936747 328.289349873861 326.465725898743 324.343164761861 321.624596913656 319.357653458913 318.567117055257 313.985824584961 313.568909962972 311.016499996185 311.312476793925 311.182022094727 307.936827341716 308.21281671524 311.117966969808 310.093402862549 288.042803605398 263.963023821513 238.402088483175 228.255709012349 241.777936617533 265.980879465739 280.653536319733 276.899755001068 277.000546455383 272.63742685318 260.193169116974 262.997011343638 267.685055732727 243.850509325663
340.80183506012 334.381024042765 332.747519016266 335.298498471578 341.991662979126 346.237738927205 345.19902865092 345.926364262899 346.385359764099 344.759861628215 345.063726107279 345.345099767049 345.184683799744 343.467593193054 337.955713272095 337.646722793579 334.61852868398 329.625447591146 324.145058790843 322.863419850667 321.666936079661 318.696220715841 316.964268684387 313.40350707372 311.830361684163 307.825565338135 306.749820709229 306.310613950094 304.689188798269 301.511287689209 293.426195780436 286.878844102224 265.101790428162 238.828718662262 230.081637700399 226.515392462413 219.746053218842 230.335334936778 245.836635430654 264.079074064891 269.445955753326 260.062952836355 255.731185277303 258.926351865133 250.365893046061 229.763845602671
341.120680173238 337.279717127482 335.144281387329 337.642073631287 342.465281486511 346.784869829814 347.473462422689 344.250917434692 345.429460207621 344.732522964478 345.526456832886 344.294548034668 345.165212949117 342.308759689331 339.377005894979 335.006992022196 332.566638787587 328.456342220306 322.046120961507 325.020511945089 324.704051017761 321.361760298411 316.699862480164 314.659555753072 313.539445400238 310.028294722239 307.990491390228 305.732250213623 302.562355995178 298.081517219543 288.981020450592 278.862377007802 256.15139802297 242.169717947642 245.977759361267 249.504069487254 242.476145426432 234.543919563293 225.416878859202 232.884665330251 248.316864172618 240.476171175639 234.109242757161 228.022575378418 224.27499294281 220.243116219838
342.752416928609 342.010180155436 338.255047798157 336.097160975138 339.250882466634 344.213207562764 344.921628634135 344.222903251648 344.066580136617 344.066262245178 346.820473670959 343.839248021444 343.611796696981 339.936216672262 337.937990824382 334.628025690715 334.144274393717 329.760988553365 325.089295705159 323.647618293762 322.193562984467 320.087790489197 319.037000338237 318.456749121348 314.971605936686 312.924007574717 308.861573537191 302.955567836761 297.19340801239 291.433850924174 289.137264092763 283.956050872803 263.568818569183 256.33172194163 260.200520356496 267.67353216807 278.697590033213 274.991412957509 259.330590565999 229.967892169952 228.03541024526 229.162057240804 226.477881272634 224.636872609456 230.250457922618 236.175676186879
344.125032424927 343.830625216166 342.010974884033 337.292909622192 335.448265075684 341.929872830709 344.006498654683 342.274705568949 341.668526331584 342.384974161784 343.86944770813 342.016975084941 339.313308397929 338.827888170878 336.40178044637 334.152936935425 334.479610125224 330.477515856425 326.738138993581 325.518290201823 324.026048183441 322.086930274963 318.665981292725 317.088882128398 315.161327521006 312.190016110738 298.926512400309 280.928989251455 276.445508003235 279.346505800883 287.139058113098 282.38300482432 265.228549639384 257.88422425588 264.637211958567 274.710913499196 290.629128615061 299.217343330383 291.072209676107 259.647230307261 233.834008375804 236.219425996145 243.49836508433 254.334251085917 264.565169811249 267.769336700439
343.549609184265 342.617869377136 343.13162167867 341.056903203328 336.661378542582 337.960124015808 342.863798141479 341.566880544027 337.494929631551 338.841994603475 339.672724405924 340.280055999756 337.016701698303 337.732871373494 337.346474329631 331.87347650528 333.061814308167 328.299164772034 327.17361052831 324.851254622142 326.208313306173 322.415510813395 321.243544419607 316.760917504628 315.813322861989 314.871211846669 299.155553181966 281.967918078105 281.247993310293 287.948966026306 291.983664035797 283.903499444326 273.053447405497 272.072513898214 284.179429213206 287.233928839366 292.660037676493 281.415204207102 249.741991360982 241.894245147705 253.020783265432 262.501060962677 257.34007358551 251.525521278381 253.013451894124 263.77010345459
337.444027264913 341.14670753479 340.89720249176 340.064207712809 337.006807327271 332.36700296402 340.038418769836 341.752807299296 335.107723871867 333.71635278066 337.721029917399 339.541713396708 337.63066927592 333.955407142639 335.317611694336 332.384785016378 328.791260719299 327.832897504171 326.122164726257 326.165636380513 325.839797655741 323.001702626546 321.371138095856 316.968599955241 318.135519822439 318.521817525228 311.170200506846 308.521529038747 304.654022057851 303.388555844625 296.387036641439 286.615331967672 283.099055290222 280.999302864075 278.836131095886 265.386780103048 246.014714241028 211.645424365997 194.82958316803 231.474717458089 267.538706461589 268.497347831726 247.836291790009 243.029753367106 255.746185779572 269.780198733012
330.629944801331 338.324785232544 338.557640711466 337.296565373739 333.953857421875 330.496271451314 331.400295098623 338.463226954142 338.517347971598 333.572467168172 335.622827212016 338.268915812174 337.698737780253 334.60275332133 333.147009213765 331.118623415629 326.54990752538 325.736304124196 320.764978726705 321.542700131734 322.279234727224 321.014980475108 319.777548313141 317.843000094096 317.71711508433 322.366654872894 322.416345278422 325.364649295807 310.783167680105 305.934389432271 298.699021339417 285.153488318125 284.665167331696 265.01723130544 238.157312075297 208.505650361379 194.305121898651 187.047799428304 183.04036060969 208.036601543427 235.308845837911 251.959204673767 249.882658322652 262.046992778778 292.749663194021 302.507758140564
