input/barkrak2/radiation/dir15424.grid
NCOLS 85 
NROWS 70 
XLLCORNER 665100 
YLLCORNER 4664600 
CELLSIZE 20 
NODATA_value -9999 
[rows 40 to 59 of 70, columns 0 to 45 of 85]
337.678909301758 338.41347694397 338.372111320496 340.064883232117 344.348986943563 347.140868504842 349.319974581401 351.264556248983 351.923942565918 345.651229222616 336.259802182515 333.859920501709 330.392320950826 328.351656595866 325.745940208435 324.836452802022 323.839088280996 321.974058945974 316.111822923024 314.219534397125 316.828628381093 319.002509117126 319.51771179835 315.940817197164 311.574240525564 308.563649654388 314.528981844584 316.131711006165 315.053681532542 314.498841762543 313.510457674662 309.457262357076 285.144368807475 280.611296494802 301.928738753001 302.151580651601 293.121178944906 292.901714642843 293.300370375315 282.017906506856 290.839890638987 329.581042130788 346.539576848348 300.543109575907 240.309655666351 196.182548999786
342.043479283651 340.428074200948 340.582291285197 341.178297996521 339.298645655314 337.975740432739 337.785124778748 338.938633600871 341.428677241008 336.324016253154 330.845634142558 331.142862637838 332.414110501607 331.592599550883 329.674184322357 327.211797237396 321.384648482005 326.848705609639 326.042175292969 321.260193983714 321.647266546885 321.946998437246 319.924632708232 320.592562357585 321.353336175283 315.352559089661 317.716161410014 317.99328327179 316.913505395253 317.228416601817 315.806011358897 310.087939103444 291.930874188741 292.066991329193 302.993655204773 293.872714042664 279.748797416687 279.816508293152 287.042101224263 292.062401771545 306.693335374196 319.292823473612 331.363995869954 327.663362026215 282.42031733195 233.346362908681
343.564430872599 342.096447944641 343.863407770793 343.323071797689 339.317838350932 337.909619013468 337.674021720886 336.187918980916 335.761984189351 332.94556538264 332.074066003164 331.213096777598 332.796474297841 334.182659784953 333.01055431366 330.182989438375 327.211916446686 329.631547133128 330.023964246114 324.404974778493 321.900884310404 320.234556992849 318.522711594899 318.929354349772 321.009635925293 317.592362562815 313.894967238108 314.19038772583 315.349062283834 316.598951816559 314.224402109782 307.120601336161 298.85588089625 300.924817721049 300.140738487244 283.355494340261 268.242617448171 273.969531059265 288.780967394511 301.234722137451 309.511562188466 307.704031467438 303.374171257019 306.638598442078 289.674798647563 238.906621932983
335.891485214233 337.22730477651 342.435439427694 340.369621912638 341.253360112508 342.808763186137 342.702388763428 341.077009836833 334.872047106425 333.346486091614 334.625959396362 331.557373205821 332.111418247223 332.441210746765 333.172798156738 330.581724643707 330.278396606445 330.670893192291 331.528127193451 327.228486537933 322.763442993164 320.156852404277 317.469537258148 316.291213035583 317.320823669434 318.74148050944 313.996434211731 312.862654527028 314.241766929626 314.010818799337 309.600512186686 303.262591362 302.197555700938 304.360647996267 291.430473327637 268.807689348857 264.061570167542 277.99383799235 297.271132469177 302.105943361918 301.88242594401 297.595779101054 289.713501930237 286.590158939362 278.348704179128 246.987521648407
335.70118745168 339.367747306824 340.800205866496 340.607245763143 341.234922409058 341.925859451294 342.308044433594 339.828530947367 337.986747423808 335.424979527791 335.690140724182 334.508180618286 330.383678277334 328.727940718333 328.938106695811 329.397261142731 324.687163035075 329.748888810476 329.941709836324 327.476223309835 325.360238552094 323.046584924062 321.652928988139 319.62263584137 316.75507624944 319.918036460876 320.775091648102 316.040456295013 314.120411872864 310.973842938741 304.684162139893 299.788057804108 298.657993475596 294.655124346415 282.408078511556 266.41188065211 267.905016740163 283.942381540934 299.132068951925 297.062198321025 298.396011193593 290.937383969625 278.457999229431 272.732694943746 271.258413791656 258.951981862386
339.639107386271 342.048128445943 340.343793233236 341.251532236735 339.92330233256 340.104977289836 340.383092562358 339.868625005086 340.306162834167 338.318069775899 337.182958920797 335.992137591044 332.395136356354 329.924543698629 328.407824039459 331.097384293874 327.669362227122 327.363928159078 331.290781497955 329.52477534612 326.856354872386 324.007471402486 322.460174560547 322.169562180837 321.864485740662 318.963944911957 322.170535723368 317.744612693787 314.559499422709 311.162253220876 304.746150970459 300.387422243754 298.125942548116 288.411339124044 274.610261122386 260.247131188711 265.836616357168 283.500611782074 290.937523047129 284.428973992666 289.695223172506 281.63868188858 270.056525866191 272.456208864848 281.51794274648 271.1394627889
339.641451835632 340.439796447754 341.106176376343 341.807246208191 340.967575709025 341.114719708761 341.545065244039 342.476407686869 340.430498123169 339.363257090251 339.043696721395 337.799469629924 336.983958880107 333.290994167328 333.243211110433 334.529161453247 333.207964897156 327.218492825826 331.910232702891 328.977783521016 324.758172035217 325.748403867086 322.711586952209 319.381713867188 321.604311466217 316.922565301259 316.719730695089 316.390891869863 314.323961734772 309.770484765371 305.017511049906 302.594284216563 296.514570713043 285.305500030518 272.522032260895 261.855622132619 269.327163696289 282.271544138591 280.489285786947 282.102942466736 288.702170054118 277.593493461609 273.675878842672 280.84139029185 289.139946301778 279.326637585958
336.325804392497 337.757269541423 340.158383051554 340.541124343872 341.535766919454 342.637618382772 341.206709543864 340.168515841166 340.376019477844 341.428915659587 340.133627255758 338.410933812459 336.800972620646 337.038079897563 334.790945053101 333.435614903768 331.896742184957 325.814505418142 326.94415251414 328.701178232829 324.215372403463 323.497811953227 324.269612630208 318.316181500753 318.086465199788 315.410097440084 311.14520629247 310.531099637349 310.534636179606 307.21112092336 305.629511674245 301.924824714661 293.431023756663 290.437857309977 283.87975692749 272.048433621724 274.258255958557 280.871510505676 282.908538977305 290.004948774974 286.954661210378 279.443522294362 281.676888465881 282.849848270416 282.126863797506 272.996842861176
332.287569840749 333.617210388184 336.839596430461 337.936639785767 340.564966201782 342.12589263916 340.41694800059 339.038769404093 341.522216796875 342.849969863892 341.147144635518 339.355707168579 338.80082766215 338.431119918823 336.095054944356 332.373778025309 331.065018971761 324.450929959615 326.332926750183 326.757311820984 326.805969079336 323.847393194834 323.868334293365 318.049073219299 313.737233479818 315.618256727854 310.159842173258 311.302502950033 315.063099066416 312.708119551341 312.43371963501 309.494435787201 299.709856510162 300.441165765127 294.024626413981 277.54153807958 277.775386969248 284.774720668793 288.810133934021 289.299805959066 279.826700687408 276.777009169261 275.990744431814 270.862579345703 268.308758735657 267.859578132629
331.673403580983 329.516887664795 331.73942565918 336.484432220459 338.791966438293 340.194185574849 341.290275255839 342.902660369873 343.179941177368 341.718912124634 342.746575673421 342.148383458455 339.731494585673 337.479631106059 336.769342422485 332.248369852702 330.227752526601 324.851314226786 326.107879479726 328.86524995168 328.853865464528 325.796405474345 320.921103159587 317.391713460286 314.247568448385 318.374514579773 315.89130560557 314.138611157735 316.732188065847 318.832139174143 319.395959377289 314.800262451172 307.921608289083 305.284063021342 298.116246859233 282.61544307073 276.776055494944 284.107883771261 289.183259010315 279.840687910716 268.537580966949 271.672825018565 271.507521470388 266.099194685618 265.371123949687 268.701394399007
331.852277119954 333.191812038422 334.193507830302 338.159680366516 338.610291481018 338.011860847473 342.023770014445 344.525059064229 343.879342079163 343.926906585693 343.159476915995 342.326005299886 340.742349624634 336.576143900553 335.603793462117 337.684551874797 331.08921845754 326.128125190735 327.835877736409 329.578777154287 327.650765577952 323.378364245097 318.115592002869 318.255305290222 314.894636472066 316.085298856099 315.074543158213 314.583500226339 316.485941410065 319.213012854258 322.301824887594 316.901624202728 307.220717271169 305.63231309255 295.037388801575 281.780302524567 277.713716030121 282.07540512085 281.183501084646 268.405795097351 265.079240004222 276.249349117279 274.915913740794 267.273585001628 266.569236914317 262.603481610616
331.949492295583 337.346037228902 338.660796483358 339.407245318095 338.415702184041 338.093439737956 341.419458389282 344.012975692749 343.288660049438 344.858407974243 343.897422154744 342.796285947164 339.876413345337 337.634881337484 335.929115613302 337.36797173818 331.356048583984 327.237606048584 323.131362597148 323.747913042704 321.926534175873 318.028608957926 317.707320054372 312.124093373617 309.640725453695 309.994180997213 312.27986017863 312.012453873952 312.557895978292 315.414488315582 316.671331723531 313.855548699697 301.756004492442 292.024771372477 268.354932467143 255.870401859283 266.987840334574 275.640388329824 274.81613556544 274.608016014099 281.740923722585 283.801019191742 268.413901329041 260.599970817566 268.711308638255 257.033745447795
333.104193210602 331.581632296244 331.822137037913 333.262542883555 337.018489837646 339.830001195272 339.410305023193 341.728607813517 341.712276140849 343.215942382812 341.688315073649 342.659711837769 341.664751370748 337.082028388977 335.22089322408 332.922498385112 332.847972710927 323.46115509669 317.447125911713 315.391182899475 314.639409383138 314.402381579081 313.652455806732 311.14254395167 308.561166127523 305.956463019053 306.343237559001 306.289474169413 303.054591019948 303.438385327657 306.650320688883 308.245619138082 285.449147224426 261.305669943492 234.739283720652 224.032421906789 237.745483716329 262.718876202901 278.615792592367 274.84937508901 275.814056396484 270.357410113017 256.941199302673 259.750465552012 264.472186565399 241.557419300079
335.930387179057 329.155961672465 327.436407407125 331.026037534078 337.257623672485 341.823180516561 340.731581052144 339.860677719116 340.264717737834 340.399583180745 340.803583463033 340.065439542135 339.974164962769 337.988456090291 333.460211753845 328.277707099915 330.108106136322 320.877651373545 317.105352878571 317.945758501689 316.757559776306 313.710729281108 311.960120995839 308.300912380219 306.734462579091 305.075267950694 304.050028324127 303.66712808609 302.057226498922 296.417653560638 290.473937988281 284.091095129649 261.172374089559 236.18072271347 226.550698280334 222.210029760996 215.028206507365 225.004057089488 241.214394569397 261.296451091766 267.607112725576 257.751603921254 253.104468186696 256.18573029836 247.586667537689 227.294246355693
336.292823155721 332.957625389099 329.96141910553 332.616229852041 337.760170300802 340.650757153829 341.385364532471 339.810490608215 341.127435366313 338.18511168162 339.01842435201 338.853200276693 337.334513664246 338.154276212056 331.763863563538 328.750451405843 328.080713748932 323.739945888519 317.146142323812 320.238530635834 319.965302944183 316.509445508321 313.935160636902 312.013626098633 308.528463045756 307.400345802307 305.35884698232 303.040564060211 299.739400545756 295.044004917145 281.909624735514 275.706768035889 253.194451332092 239.828169345856 243.415256341298 246.183276176453 238.195816675822 228.091597557068 219.018121560415 227.956334749858 244.943757851919 237.936854362488 231.228888034821 224.641223748525 220.433195432027 217.466572920481
338.051478068034 337.221344312032 333.251376946767 329.985022544861 332.169473171234 339.706500371297 340.514381726583 337.757547696431 337.421377499898 339.754660924276 338.868618011475 339.728832244873 335.251013437907 335.748910903931 331.887523333232 330.216944217682 329.772194226583 325.214644273122 320.35764058431 318.863610426585 317.388494809469 317.382911841075 314.235746860504 316.06795390447 312.509914239248 308.044115702311 303.849160671234 297.784169514974 292.011737823486 288.203179836273 284.060994784037 280.902445316315 260.66921154658 254.348715146383 258.477648099263 265.686273574829 275.653958320618 270.908673604329 254.194438457489 224.959393342336 224.120656649272 226.245244344076 223.595599333445 221.041023731232 226.470907529195 233.22602113088
339.507142702738 339.169104894002 336.375633875529 331.204533576965 329.208254814148 334.805885950724 337.393879890442 337.777058283488 333.189129829407 335.035840670268 336.667458216349 336.384137471517 335.076888402303 334.637562433879 332.135399182638 327.835122744242 330.13242483139 325.964669386546 322.07469145457 320.831616719564 319.327394167582 317.378878593445 313.867827256521 312.273462613424 310.309290885925 307.259182135264 293.585201104482 275.214195251465 270.710666974386 275.697231292725 283.829530080159 279.180328051249 262.222190697988 255.574425061544 262.815356254578 273.3460466067 289.218008518219 297.565996646881 287.54997253418 256.014426549276 229.646027088165 232.800583044688 240.976055463155 251.525680224101 261.462807655334 265.274743239085
338.905771573385 337.202509244283 337.565302848816 334.07461643219 329.089522361755 331.86000585556 334.685881932576 334.568421045939 332.840085029602 329.110364119212 335.43340365092 336.12318833669 332.683046658834 333.453496297201 333.139697710673 327.339073022207 326.735933621724 323.714097340902 322.529753049215 320.225397745768 321.663439273834 320.099314053853 316.568950812022 311.908463637034 310.986161231995 310.210982958476 294.304490089417 276.500066121419 277.526060740153 282.406270503998 289.013803005219 279.428005218506 269.762317339579 269.676148891449 282.434900601705 285.770217577616 291.430056095123 277.295788129171 247.245570023855 239.242374897003 249.73464012146 260.000586509705 255.036393801371 248.03505341212 249.282916386922 260.435521602631
331.820011138916 335.548798243205 335.087140401204 334.121783574422 329.382578531901 324.188609917959 334.064881006877 334.642648696899 330.464243888855 327.214658260345 333.335320154826 335.329294204712 333.344380060832 329.483826955159 330.937504768372 327.8781970342 324.13383324941 323.221524556478 321.525891621908 321.647922197978 321.391900380452 318.449219067891 319.042265415192 314.521789550781 313.438574473063 314.182658990224 307.068467140198 303.953170776367 299.827416737874 296.025315920512 294.02768611908 284.093062082926 281.231343746185 278.973480065664 276.673118273417 262.563188870748 244.000454743703 208.242615063985 190.467298030853 227.434515953064 263.622840245565 266.367475191752 246.040940284729 240.555504957835 252.153853575389 265.872279802958
324.289222558339 332.36563205719 332.521855831146 328.273455301921 327.42166519165 321.958820025126 326.395889123281 332.40815003713 334.165771802266 329.158405462901 331.166386604309 332.408746083577 331.830124060313 330.170412858327 328.697144985199 326.610525449117 321.838279565175 321.026682853699 318.246364593506 316.732247670492 317.571898301442 316.314021746318 315.088113149007 313.132504622142 313.092668851217 318.289856115977 319.03350353241 319.673856099447 306.353509426117 304.170827070872 294.31164264679 282.676637172699 279.693981011709 262.980937957764 235.552827517192 204.020698865255 192.263960838318 183.524449666341 178.520460923513 202.573200066884 229.14723555247 248.431324958801 247.734506924947 260.518610477448 290.980339050293 300.436973571777
