input/barkrak2/radiation/dir11824.grid
NCOLS 85 
NROWS 70 
XLLCORNER 665100 
YLLCORNER 4664600 
CELLSIZE 20 
NODATA_value -9999 
[rows 0 to 19 of 70, columns 0 to 45 of 85]
303.788820902506984 311.176240444183 316.954036553701 323.571880658468 324.875990549723 322.49504327774 315.894405047099 309.6817334493 313.161055246989 313.247164090474 311.311821142832 316.113730271657 318.99360815684 318.704168001811 320.707261562347 320.199926694234 313.482880592346 304.765323797862 303.054432074229 292.070289452871 275.724728902181 279.225130875905 300.764501094818 308.341085910797 306.873222192128 308.333277702332 308.498660723368 297.217647234599 277.707576751709 273.385882377625 271.074235439301 282.84482161204 306.007663408915 303.369581699371 310.489773750305 300.770064194997 302.470008532206 312.189936637878 302.213788032532 308.798253536224 298.57736825943 289.307812849681 298.547327518463 312.937696774801 314.106047153473 309.313356876373
284.655292828878 295.951088269552 304.712494214376 315.587401390076 321.714460849762 321.529229482015 314.383248488108 308.516303698222 314.120968182882 314.762592315674 310.025016466777 313.434541225433 318.424761295319 319.640835126241 318.92188390096 318.816622098287 316.285610198975 312.233885129293 308.855414390564 297.493497530619 289.99388217926 293.091734250387 304.754535357157 309.252222379049 309.987386067708 309.02357896169 306.519031524658 298.310955365499 281.562010447184 273.567418257395 275.391062100728 293.013672033946 303.954243659973 303.798417250315 310.43016910553 301.092624664307 300.491392612457 304.54804499944 300.736804803212 310.107171535492 306.636075178782 298.310081164042 302.193601926168 313.453674316406 316.474239031474 312.830030918121
253.786325454712 265.163858731588 275.688171386719 284.481426080068 295.594215393066 301.907857259115 306.676169236501 310.382644335429 313.467462857564 311.388850212097 306.284586588542 308.406352996826 317.417999108632 320.391913255056 317.467172940572 321.250081062317 323.997139930725 322.27881749471 317.056596279144 309.742132822673 310.577988624573 309.620380401611 307.952026526133 308.1174492836 311.043381690979 311.37079000473 305.113891760508 297.15770483017 284.938931465149 276.181976000468 278.948028882345 298.403223355611 296.588619550069 301.111121972402 309.400141239166 303.384145100911 295.240302880605 292.283952236176 299.113651116689 309.314469496409 307.48716990153 304.245849450429 301.546474297841 310.659448305766 321.746786435445 318.138976891836
238.569438457489 238.820612430573 246.330698331197 252.953966458639 258.995195229848 263.990064462026 269.804795583089 281.619389851888 295.933822790782 305.775741736094 309.005935986837 314.535995324453 320.583939552307 322.173873583476 320.755839347839 319.786270459493 320.398430029551 319.331804911296 316.267490386963 314.451952775319 312.821169694265 310.246745745341 314.165711402893 312.811732292175 311.762690544128 313.465078671773 309.073825677236 300.857186317444 294.610063234965 288.589994112651 283.067266146342 300.092160701752 295.481483141581 300.008654594421 303.006231784821 304.290195306142 300.221800804138 297.735253969828 309.510926405589 313.103000322978 308.103183905284 299.26723241806 294.597903887431 305.903216203054 320.029894510905 319.620708624522
257.810870806376 243.565042813619 230.836768945058 223.586916923523 227.695107460022 242.707848548889 260.928432146708 269.164502620697 277.637481689453 283.497234185537 298.289100329081 312.126477559408 319.884578386943 323.035180568695 323.969682057699 323.255658149719 319.325129191081 312.23730246226 311.541557312012 313.88924519221 311.418116092682 310.129900773366 316.928188006083 315.909584363302 313.569704691569 315.521935621897 311.632672945658 304.222206274668 298.070073127747 293.927729129791 296.101828416189 307.156880696615 302.976608276367 304.316302140554 301.482458909353 303.389171759288 310.370484987895 312.8462433815 315.8078789711 315.499941507975 313.40487798055 306.816200415293 303.550243377686 305.25275071462 310.464282830556 316.875676314036
294.31559642156 272.60148525238 248.928308486938 226.566692193349 218.483487764994 229.163070519765 252.546985944112 267.158091068268 269.839406013489 269.883950551351 278.642535209656 289.637506008148 297.102351983388 302.007933457692 307.507356007894 311.413884162903 308.974464734395 305.778721968333 308.197438716888 312.725822130839 312.680304050446 315.991620222727 320.81816593806 318.631768226624 316.953857739766 317.729671796163 314.321935176849 308.364590009054 300.909578800201 296.891649564107 303.018788496653 308.10288588206 309.834202130636 313.285072644552 307.928204536438 305.320421854655 310.808658599854 313.852667808533 312.935709953308 313.282608985901 313.36764494578 310.01611550649 308.883090813955 309.193193912506 304.371317227681 297.374725341797
310.111999511719 293.039858341217 276.918133099874 259.124497572581 239.301065603892 227.425138155619 234.78756348292 261.120061079661 272.474507490794 279.301067193349 276.218990484873 271.855155626933 268.28412214915 265.074491500854 267.10456609726 279.826164245605 288.861970106761 300.817747910817 310.564736525218 316.490232944489 316.451489925385 314.986268679301 319.195528825124 319.57213083903 319.276134173075 320.573290189107 319.117029507955 314.615507920583 308.009664217631 306.13374710083 308.858354886373 313.591321309408 321.907997131348 323.351124922435 319.875359535217 313.8414422671 312.484045823415 312.871734301249 313.321272532145 315.563639005025 313.32782904307 309.793670972188 309.496204058329 306.61795536677 291.305224100749 285.02760330836
313.386221726735 307.979544003805 301.019132137299 289.72981373469 271.371742089589 244.879186153412 223.843137423197 224.57883755366 255.75856367747 277.426997820536 283.57054789861 280.125240484873 272.260864575704 264.186064402262 253.251274426778 256.369034449259 267.243027687073 280.688166618347 298.383434613546 310.555676619212 315.493742624919 315.414686997732 318.480014801025 319.171329339345 318.535129229228 319.803019364675 319.717784722646 317.132373650869 313.413898150126 314.855734507243 317.969441413879 320.57915131251 325.116435686747 324.706653753916 321.249961853027 317.428708076477 314.614236354828 310.612618923187 304.063359896342 302.508413791656 307.380298773448 313.594082991282 318.977395693461 316.407481829325 303.733885288239 294.166882832845
308.052857716878 308.633367220561 306.542714436849 301.426728566488 291.794776916504 274.785260359446 248.891770839691 222.535371780396 233.468572298686 255.141615867615 272.549629211426 279.771486918132 280.860801537832 278.806805610657 269.890030225118 263.045211633046 260.743002096812 264.745752016703 277.054210503896 291.15237792333 301.934758822123 309.674322605133 313.177148501078 310.539623101552 311.692297458649 313.710570335388 314.719796180725 314.069390296936 313.372890154521 318.208336830139 321.363608042399 320.399800936381 320.916175842285 321.558634440104 319.393038749695 317.707280317942 315.022349357605 309.508959452311 297.853827476501 298.66615931193 313.550313313802 321.945389111837 323.110461235046 319.76705789566 310.495575269063 302.777131398519
287.372529506683 294.775386651357 298.480709393819 298.555215199788 296.432971954346 294.223626454671 282.242774963379 266.845067342122 239.026665687561 229.422926902771 242.447515328725 264.840761820475 282.415648301442 290.20490248998 291.808803876241 285.666525363922 272.587498029073 268.270532290141 267.676095167796 270.613610744476 277.114649613698 283.325095971425 289.898912111918 294.737080732981 300.427436828613 303.072134653727 304.642736911774 304.441352685293 305.169781049093 309.569319089254 310.725371042887 311.155517896016 315.654635429382 318.769077459971 319.180528322856 316.109498341878 314.272840817769 312.150100866954 299.43307240804 301.220218340556 317.338307698568 321.923096974691 320.815245310466 317.038575808207 307.727297147115 300.34069220225
243.72657140096 256.130635738373 266.986429691315 275.672972202301 283.424437046051 289.744853973389 291.728973388672 288.269738356272 265.596111615499 242.665966351827 228.347261746724 235.908766587575 260.841091473897 282.103896141052 293.536225954692 285.95769405365 279.354135195414 273.804446061452 266.980051994324 262.298822402954 262.592256069183 261.903822422028 265.056788921356 276.021679242452 285.888950030009 292.022744814555 293.791989485423 293.72235139211 297.432800134023 301.374177138011 303.511559963226 306.258042653402 312.960247198741 315.669020016988 314.84450896581 313.258548577627 314.821124076843 316.56269232432 310.725728670756 309.906423091888 316.985170046488 320.586880048116 321.377078692118 320.040186246236 312.924901644389 307.969689369202
204.823950926463 209.978183110555 218.229234218597 230.058213075002 244.532465934753 259.483615557353 275.542040665944 280.840714772542 281.702677408854 270.356913407644 247.350136439006 227.658629417419 230.051596959432 251.89330180486 275.093237559001 277.435620625814 283.241907755534 280.287206172943 272.184153397878 263.077775637309 257.256229718526 254.749417304993 254.885693391164 262.305915355682 269.750018914541 274.498422940572 276.895622412364 280.542274316152 286.16988658905 290.029307206472 293.210923671722 297.794302304586 302.879333496094 305.100540320079 304.697354634603 305.353999137878 311.673839886983 317.228158315023 318.082213401794 318.450192610423 320.20781437556 322.740495204926 323.206782341003 320.773382981618 316.099166870117 314.133127530416
193.060000737508 188.79626194636 186.522444089254 186.514814694723 194.205284118652 210.448344548543 233.785510063171 253.861566384633 279.092987378438 283.055305480957 273.465275764465 252.694487571716 225.662370522817 223.471124966939 245.592554410299 269.464711348216 282.768030961355 284.935692946116 281.038184960683 272.832294305166 265.193740526835 264.4335826238 264.016071955363 264.818648497264 264.992376168569 264.17617003123 267.4866716067 275.141994158427 278.18504969279 279.391606648763 283.702472845713 288.450976212819 289.416372776031 290.887236595154 292.746980985006 296.738942464193 305.768013000488 313.528001308441 313.888390858968 317.730863889058 319.540937741597 319.831589857737 319.072345892588 318.517585595449 313.325881958008 311.999917030334
188.098887602488 158.599664767583 140.576730171839 135.758618513743 133.78781080246 141.174842913946 161.565562089284 195.354521274567 232.747773329417 265.235940615336 280.740698178609 280.717889467875 264.683942000071 241.193274656932 237.411439418793 261.156837145487 276.011745134989 286.76434357961 292.071918646495 289.053916931152 279.826045036316 276.342511177063 273.493548234304 273.256818453471 272.813518842061 270.771821339925 273.60604206721 280.892431735992 280.260403951009 274.458607037862 279.226581255595 283.828457196554 285.410563151042 285.752415657043 287.900547186534 293.745458126068 298.855622609456 302.984078725179 304.247220357259 305.437127749125 308.488587538401 312.022944291433 314.918398857117 316.862384478251 312.037666638692 311.647097269694
169.671297073364 131.700336933136 108.250210682551 103.482474883397 105.407486359278 110.54864525795 118.179778258006 145.965874195099 175.395329793294 222.195903460185 271.773298581441 295.410911242167 298.679351806641 283.616920312246 261.204620202382 257.184366385142 261.16669178009 274.905999501546 289.401113986969 295.727511246999 294.243852297465 289.278467496236 287.333925565084 283.854484558105 280.643204847972 279.171268145243 281.342546145121 283.213873704274 278.304517269135 274.580200513204 277.558366457621 281.738758087158 281.901796658834 281.94659948349 284.406284491221 287.694970766703 289.263447125753 288.474241892497 290.744662284851 291.119575500488 295.705378055573 301.627516746521 304.993907610575 306.831260522207 305.242637793223 306.186775366465
146.412422259649 118.75174442927 89.9026989936829 84.6641659736633 99.0185538927714 122.372766335805 127.195358276367 136.441310246785 157.279272874196 189.048826694489 237.048427263896 289.365251859029 307.445367177327 305.595437685649 289.999127388 263.704220453898 253.80551815033 255.208253860474 270.760337511698 291.756252447764 299.964328606923 295.864045619965 296.788473924001 291.363775730133 285.706301530202 286.129256089528 288.602570692698 285.296440124512 279.974738756816 282.371679941813 282.920360565186 282.399535179138 279.974361260732 278.866032759349 279.547154903412 278.15310160319 276.479840278625 272.950172424316 275.392889976501 276.32337808609 280.470808347066 285.382807254791 287.831981976827 288.771351178487 295.389274756114 299.411733945211
129.070967435837 117.857088645299 93.8125749429067 75.6876766681671 79.8086573680242 107.028226057688 126.773446798325 136.811286211014 155.411342779795 169.519563515981 195.46236594518 246.056000391642 286.651333173116 306.20006720225 302.862068017324 292.426546414693 282.124876976013 268.797338008881 258.751352628072 268.945793310801 289.455672105153 298.758506774902 301.553944746653 297.852873802185 291.966279347738 292.465527852376 296.034018198649 292.459070682526 289.430936177572 293.939272562663 293.383002281189 284.271081288656 278.624335924784 275.426189104716 271.35044336319 270.363926887512 266.516109307607 264.541506767273 265.136142571767 268.187423547109 270.618955294291 272.443989912669 275.014996528625 277.360796928406 289.835512638092 296.553035577138
121.091266473134 123.532474040985 113.193293412526 87.6597762107849 72.380319237709 95.7874457041423 122.24085132281 144.816060860952 163.122703631719 176.761209964752 184.825718402863 208.85161558787 241.058150927226 267.555117607117 296.565055847168 307.738622029622 304.625570774078 293.885866800944 276.546478271484 260.921736558278 271.092255910238 293.052554130554 297.016839186351 297.197659810384 297.606905301412 301.763474941254 305.022180080414 302.881836891174 300.242225329081 301.785945892334 297.029753526052 287.660241127014 281.356434027354 275.335252285004 269.349634647369 266.839146614075 264.668027559916 264.83557621638 264.07116651535 265.975832939148 268.326600392659 269.917547702789 269.177953402201 272.78725306193 281.734426816305 292.295813560486
128.489136695862 137.9674077034 140.602906545003 117.958833773931 97.759226957957 113.653242588043 133.767157793045 152.707000573476 173.208077748617 193.987945715586 205.445845921834 208.674748738607 228.333512941996 240.158359209696 257.540921370188 278.115212917328 300.489048163096 303.651809692383 299.087405204773 284.01114543279 267.241835594177 278.09997399648 285.490393638611 293.156822522481 301.298399766286 307.064016660055 309.57152446111 308.965841929118 303.960522015889 302.314758300781 296.21817668279 290.291210015615 283.4485967954 276.70164903005 272.957384586334 268.356382846832 267.604947090149 265.060623486837 264.415820439657 266.548951466878 270.319819450378 271.835645039876 270.512680212657 273.138721783956 274.81069167455 285.598695278168
137.724320093791 141.607105731964 154.11181251208 155.772417783737 142.287065585454 133.529841899872 137.369632720947 150.416791439056 165.611982345581 189.058681329091 200.659195582072 199.934045473735 207.338293393453 215.773006280263 233.624994754791 256.197849909465 269.258499145508 279.271066188812 297.574520111084 297.565658887227 289.990743001302 277.326842149099 278.44778696696 286.629140377045 296.216368675232 303.818762302399 308.360060056051 308.376689751943 301.787634690603 300.77075958252 295.67023118337 288.744568824768 282.295743624369 278.022547562917 275.187651316325 271.167854468028 267.637928326925 260.288655757904 258.622288703918 266.533354918162 271.525541941325 273.334761460622 275.705854098002 274.308621883392 271.956503391266 279.616038004557
