input/barkrak2/radiation/dir17524.grid
NCOLS 85 
NROWS 70 
XLLCORNER 665100 
YLLCORNER 4664600 
CELLSIZE 20 
NODATA_value -9999 
[rows 0 to 19 of 70, columns 0 to 45 of 85]
357.071161270141999 358.923514684041 357.405225435893 351.699511210124 345.359404881795 340.493758519491 332.29011297226 326.186021169027 331.417759259542 329.932947953542 326.636373996735 335.028092066447 341.941396395365 341.736714045207 344.775954882304 355.769554773966 360.312700271606 359.878182411194 341.62704149882 329.096436500549 305.781622727712 299.317677815755 315.080265204112 321.499784787496 317.791819572449 314.576427141825 314.610799153646 306.476056575775 288.362383842468 280.718207359314 279.572069644928 283.402959505717 290.357053279877 295.963406562805 304.257829984029 297.195474306742 293.515642484029 301.163633664449 298.88379573822 301.845232645671 291.945397853851 271.673897902171 282.109459241231 308.74623854955 315.224707126617 305.400788784027
351.600170135498 356.504042943319 358.186960220337 353.410998980204 350.464383761088 345.703442891439 334.686795870463 323.456247647603 326.07231537501 327.991525332133 322.675546010335 329.664429028829 339.467406272888 341.072638829549 340.068260828654 347.219546635946 345.618963241577 342.693130175273 342.753966649373 335.60053507487 318.541566530863 307.912508646647 311.624685923258 316.946407159169 315.923631191254 311.643481254578 310.073594252268 305.782675743103 291.477680206299 280.893365542094 282.065769036611 290.242075920105 286.311427752177 289.705952008565 303.301771481832 295.555075009664 287.864883740743 290.266036987305 287.174542744954 299.209217230479 298.003196716309 285.276770591736 292.863051096598 313.820362091064 320.222814877828 308.271567026774
334.116180737813 335.356791814168 336.389144261678 340.051094690959 346.973975499471 347.980936368306 346.923987070719 340.62663714091 335.190494855245 330.871164798737 322.676062583923 322.795708974202 330.660303433736 332.718253135681 328.745722770691 332.155823707581 335.979064305623 340.597828229268 342.901825904846 340.410709381104 335.613330205282 324.368000030518 315.399547417959 313.589453697205 314.784049987793 315.537412961324 310.069779555003 304.052551587423 292.757232983907 280.08234500885 277.037401994069 288.296063741048 275.139451026917 281.545380751292 297.392149766286 291.88072681427 275.748689969381 268.693188826243 281.157076358795 299.883166948954 302.519102891286 303.370316823324 305.874228477478 321.505586306254 332.023402055105 317.411800225576
320.64425945282 315.50395488739 318.512638409932 322.273194789886 325.32799243927 325.862129529317 324.431896209717 331.671933333079 339.153210322062 341.793219248454 337.167580922445 333.494265874227 332.614163557688 331.629117329915 327.545603116353 321.312109629313 324.254473050435 330.925901730855 337.920586268107 339.444359143575 338.255127271016 335.275093714396 333.174447218577 325.720588366191 323.609471321106 325.481613477071 319.233576456706 310.2840979894 301.281452178955 291.020135084788 280.612528324127 286.634027957916 274.017532666524 280.837059020996 288.519501686096 289.715607961019 282.896637916565 279.647548993429 298.503816127777 313.820739587148 311.098376909892 303.694407145182 299.678524335225 307.826737562815 319.298624992371 322.444756825765
331.287761529287 319.15009021759 308.13455581665 300.741672515869 294.690390427907 306.231439113617 320.09236017863 325.216015179952 330.84366718928 334.39572652181 341.393907864888 345.039049784342 344.571987787883 342.970808347066 338.968992233276 336.605588595072 334.778308868408 330.751697222392 334.055741628011 339.460651079814 338.666995366414 338.012019793193 339.962124824524 334.97166633606 330.045123895009 328.766882419586 323.623458544413 314.460595448812 305.436730384827 299.75704352061 297.74542649587 293.924331665039 286.176522572835 289.051274458567 286.775966485341 290.587743123372 301.292141278585 306.637644767761 317.061960697174 323.027670383453 321.322282155355 313.207368055979 304.385284582774 299.779613812764 305.809875329336 328.147888183594
352.984666824341 340.595364570618 322.251915931702 297.213514645894 288.311918576558 295.495788256327 313.315272331238 325.641095638275 327.678998311361 326.935807863871 331.568280855815 338.300307591756 343.436439832052 344.70522403717 345.581332842509 345.773816108704 342.055638631185 334.224303563436 332.467516263326 335.586150487264 335.138996442159 338.397105534871 343.778967857361 340.149482091268 335.534294446309 334.60013071696 328.143537044525 318.55567296346 307.745615641276 300.574998060862 299.371461073558 294.778923193614 299.817045529683 306.408147017161 300.148328145345 297.118882338206 305.837412675222 313.358743985494 318.267126878103 318.575739860535 319.65446472168 315.952261288961 313.277999560038 311.894357204437 310.992995897929 318.486789862315
354.430437088013 347.316265106201 334.478378295898 321.601867675781 306.992888450623 295.360565185547 301.547725995382 322.57201274236 329.286773999532 332.713882128398 331.22444152832 328.296403090159 325.864354769389 323.72256120046 323.923806349436 332.444866498311 337.380647659302 341.358661651611 342.023015022278 341.17865562439 336.457808812459 332.126875718435 339.878877003988 341.998815536499 339.838306109111 340.528607368469 337.039232254028 328.875064849854 317.944486935933 310.223162174225 304.404536883036 305.035849412282 319.319148858388 326.23819510142 323.910037676493 316.518942515055 314.993957678477 318.859835465749 322.579125563304 328.896999359131 329.282343387604 324.989954630534 320.884585380554 314.456681410472 299.339989821116 293.011824289958
347.631374994914 348.351120948792 347.530841827393 342.59295463562 331.506053606669 311.824897925059 293.639759222666 292.264521121979 317.503770192464 332.674821217855 336.371779441833 333.084642887115 328.368186950684 324.132859706879 315.176069736481 317.465047041575 325.300057729085 333.972215652466 343.345920244853 346.716443697612 344.53821182251 337.3730580012 337.00438340505 340.859611829122 341.157793998718 343.061844507853 342.169284820557 337.758978207906 331.016222635905 326.139291127523 322.143018245697 322.865426540375 333.782037099202 337.203900019328 336.377700169881 332.767963409424 326.859037081401 323.597371578217 317.533910274506 325.543920199076 333.849589029948 336.744507153829 334.645867347717 324.760278065999 307.645201683044 291.058957576752
345.552563667297 346.518675486247 347.352981567383 346.529483795166 342.25328763326 333.458662033081 312.81312306722 292.205691337585 299.607336521149 316.082119941711 329.483926296234 333.447853724162 333.506941795349 332.412978013357 327.608267466227 323.57390721639 321.943004926046 323.537667592367 331.885139147441 340.580503145854 345.165769259135 346.124251683553 343.230923016866 341.17313226064 341.274460156759 344.583789507548 345.558087031047 343.38100751241 340.659976005554 340.540647506714 339.964985847473 338.832378387451 341.639757156372 343.120853106181 340.816577275594 338.82741133372 335.204839706421 327.338020006816 313.233474890391 316.707491874695 331.577718257904 334.210793177287 330.016195774078 326.42004887263 317.355672518412 308.094501495361
338.412125905355 342.037677764893 343.28564008077 343.411684036255 342.273314793905 343.123992284139 337.28567759196 326.968669891357 303.466419378916 299.078404903412 308.552046616872 325.326025485992 336.326996485392 339.917222658793 340.86537361145 337.953170140584 330.160776774089 327.290256818136 326.801975568136 328.817009925842 333.845416704814 336.087306340535 338.499426841736 339.450319608053 341.075539588928 343.117674191793 344.180782636007 342.993338902791 342.215855916341 344.726840655009 345.526377360026 345.444758733114 346.96364402771 347.549398740133 345.40851910909 341.43344561259 340.177416801453 335.18397808075 316.316167513529 311.895906925201 324.567039807638 325.007637341817 322.903593381246 322.022219498952 313.930133978526 304.623444875081
311.307549476624 319.481750329336 327.153265476227 331.677536169688 335.587898890177 339.242617289225 341.530323028564 341.744462649028 326.48499806722 308.93353621165 298.256615797679 303.229769070943 322.562058766683 336.29842599233 342.275023460388 338.253577550252 335.024476051331 332.147280375163 327.650328477224 324.327826499939 323.340853055318 323.2342004776 324.76794719696 330.596566200256 336.308320363363 339.388449986776 340.340693791707 339.813311894735 341.375072797139 343.499064445496 344.378511110942 345.927755037944 349.090178807576 349.290728569031 348.499139149984 344.706018765767 343.844095865885 343.207995096842 330.859700838725 317.22621122996 320.338209470113 323.824683825175 325.585265954336 325.908621152242 318.170587221781 309.041778246562
279.222110907237 283.539334932963 290.328621864319 299.832344055176 311.352928479513 322.334825992584 333.357731501261 336.694200833638 337.575833002726 329.751074314117 313.146750132243 297.973851362864 299.591024716695 315.806070963542 332.865357398987 333.112458388011 337.401827176412 335.881471633911 331.068297227224 324.939608573914 320.70251305898 318.460683027903 318.524956703186 323.448220888774 328.030467033386 331.002910931905 332.193791866302 333.848516146342 337.189475695292 339.398423830668 341.395735740662 344.642241795858 348.011573155721 347.903927167257 346.554040908813 345.545768737793 346.930782000224 347.714185714722 343.6652024587 332.983175913493 329.946259657542 333.111643791199 336.329857508341 336.467425028483 330.000241597493 327.715396881104
270.230193932851 266.552964846293 264.596978823344 264.641404151917 271.352291107178 285.215973854065 304.745674133301 319.043894608815 335.458993911743 337.554375330607 331.633925437927 317.22100575765 296.378493309021 294.517457485199 312.521676222483 329.401870568593 337.7525806427 338.805953661601 336.758613586426 332.478801409404 327.324350674947 326.349933942159 325.163006782532 325.800220171611 325.309852759043 324.116925398509 326.89909140269 332.050283749898 333.817879358927 333.927353223165 336.613575617472 339.873194694519 341.564416885376 342.387278874715 341.686964035034 343.704024950663 348.517020543416 350.470980008443 348.652044932048 346.862077713013 344.245354334513 343.38657061259 343.007683753967 341.80470307668 336.041649182638 332.869410514832
266.080896059672 241.964360078176 226.633052031199 221.618831157684 218.15021832784 223.886052767436 241.02787176768 271.478056907654 302.815437316895 326.905091603597 335.700511932373 336.306889851888 327.116588751475 308.911263942719 307.008703549703 325.261433919271 335.166732470195 340.849637985229 343.374808629354 342.263142267863 336.340506871541 334.315538406372 332.505226135254 332.520206769307 330.644249916077 328.786373138428 331.290463606517 335.959196090698 334.792852401733 331.672628720601 334.425052007039 337.482730547587 338.868379592896 339.183131853739 339.558959007263 342.978239059448 346.154928207397 347.850680351257 346.953948338826 346.815387407939 347.112496693929 347.712397575378 347.790201505025 344.76896127065 339.892943700155 334.987163543701
249.346911907196 216.793020566305 195.733070373535 191.956400871277 190.824250380198 194.132447242737 202.173809210459 225.690265496572 251.961966355642 295.479834079742 333.075483640035 346.051375071208 347.572565078735 340.693354606628 325.495402018229 321.180284023285 325.284798940023 334.692041079203 341.982046763102 344.18519337972 343.829234441121 341.31908416748 340.487003326416 339.244167009989 336.28253142039 334.121624628703 336.644927660624 337.715983390808 332.804401715596 331.097066402435 334.69823996226 336.504459381104 336.787621180216 337.004025777181 338.961720466614 341.056744257609 341.180006663005 340.644677480062 341.745336850484 340.63458442688 343.071699142456 345.994393030802 347.74911403656 345.661719640096 341.524203618367 339.166363080343
214.725335439046 191.117962201436 176.166256268819 173.325955867767 188.244938850403 207.948207855225 207.293609778086 212.516268094381 230.573495229085 260.192433993022 305.695633093516 344.132820765177 351.682702700297 350.226521492004 343.513210614522 326.43057902654 319.223046302795 320.978800455729 332.028806209564 343.645850817362 346.609155337016 344.232678413391 345.153450965881 342.943032582601 339.037815729777 339.025020599365 340.874433517456 338.622013727824 333.489338556925 335.920929908752 338.248332341512 337.934652964274 336.450815200806 335.166692733765 335.558454195658 335.209846496582 334.391196568807 330.911199251811 332.187592983246 333.091060320536 334.978461265564 337.993621826172 339.291532834371 338.111718495687 339.794158935547 341.248432795207
188.673377037048 180.044651031494 173.232734203339 165.716220935186 169.33544476827 192.298253377279 210.488041241964 211.008369922638 224.9729235967 238.86509736379 261.068721612294 311.558604240417 348.296364148458 349.47415192922 347.30597337087 344.721436500549 338.862975438436 329.687555631002 323.079804579417 330.765783786774 342.06485748291 345.610578854879 346.949537595113 345.014810562134 341.83661142985 342.760642369588 345.561504364014 342.329621315002 338.9732837677 342.457056045532 343.522787094116 338.224172592163 335.264801979065 333.786169687907 330.10854323705 329.401075839996 326.955517133077 326.248208681742 325.356801350911 327.353994051615 329.247792561849 329.965492089589 331.539789835612 333.013315995534 339.008927345276 341.88437461853
180.6614001592 184.539397557577 186.275978883108 177.117963631948 161.529242992401 168.911437193553 195.497393608093 212.760408719381 230.627278486888 241.350432236989 249.85412756602 275.857826073964 323.98647069931 347.579081853231 349.603096644084 350.473324457804 350.676973660787 345.453937848409 335.308869679769 324.858605861664 332.167367140452 344.575524330139 345.125754674276 343.698620796204 343.89865398407 347.346345583598 349.419196446737 347.632129987081 344.725092252096 346.147616704305 343.883911768595 338.568449020386 335.887789726257 332.803090413411 329.431315263112 327.726085980733 325.564344724019 325.885732968648 325.800478458405 326.008756955465 327.795724074046 328.917384147644 327.785929044088 330.449680487315 335.426131884257 341.031988461812
190.69230556488 201.387763023376 209.914763768514 205.477833747864 185.197710990906 176.419774691264 196.086664994558 215.48455953598 233.552773793538 255.716184775035 261.802752812703 271.357635656993 301.43404006958 333.075106143951 346.128384272258 349.745988845825 350.181182225545 349.221309026082 348.106424013774 340.049544970195 328.615287939707 335.789601008097 339.805245399475 343.214114507039 346.922477086385 350.089510281881 351.400295893351 349.604964256287 345.74564297994 345.512747764587 342.371543248494 338.310360908508 335.554043451945 332.874337832133 331.019759178162 328.583657741547 328.611731529236 326.063434282939 325.503448645274 327.56785551707 329.253733158112 330.211420853933 328.766465187073 330.76407512029 331.876715024312 337.989886601766
205.008765061696 209.668278694153 221.983830134074 238.291124502818 227.186997731527 191.169182459513 193.304399649302 204.593439896901 223.932067553202 247.049391269684 262.820800145467 265.245020389557 280.701319376628 299.033602078756 329.080681006114 343.690037727356 346.260627110799 346.256375312805 346.772352854411 346.911907196045 343.607703844706 336.38858795166 336.989164352417 340.812524159749 345.895290374756 349.551558494568 351.679523785909 349.286278088888 343.823830286662 343.496322631836 340.284109115601 335.689942042033 333.176493644714 333.198110262553 331.971486409505 329.756796360016 328.33735148112 323.540409406026 321.481506029765 327.244798342387 331.38104279836 331.308881441752 332.858085632324 332.869629065196 329.985717932383 335.766275723775
