input/barkrak2/radiation/dir15724.grid
NCOLS 85 
NROWS 70 
XLLCORNER 665100 
YLLCORNER 4664600 
CELLSIZE 20 
NODATA_value -9999 
[rows 20 to 39 of 70, columns 0 to 45 of 85]
206.221262613932 199.007153511047 215.281248092651 256.190717220306 250.632425149282 203.764041264852 186.763922373454 190.887709458669 206.487913926442 226.421018441518 239.478647708893 249.362746874491 258.096237977346 271.295825640361 286.19372844696 315.083503723145 332.392434279124 335.625251134237 340.373198191325 346.77255153656 348.027269045512 342.514594395955 341.583410898844 343.081037203471 344.063878059387 345.234990119934 346.00563844045 342.857956886292 338.322877883911 337.940414746602 332.258741060893 322.126130263011 314.342558383942 311.046858628591 309.840937455495 314.177930355072 314.391493797302 316.615204016368 320.992509524028 324.748873710632 324.402332305908 324.458440144857 326.461633046468 322.530070940654 325.389186541239 328.701933224996
231.654167175293 232.03323284785 250.965058803558 281.078080336253 276.398221651713 216.481943925222 197.138031323751 198.847572008769 206.134537855784 219.796081384023 232.328772544861 240.578353404999 249.088704586029 255.989074707031 270.598153273265 290.057937304179 312.586466471354 330.877403418223 335.944851239522 343.473513921102 347.035010655721 350.117882092794 351.34224096934 350.736300150553 347.863475481669 344.125191370646 340.579112370809 337.247371673584 336.367607116699 329.672932624817 313.660363356272 286.380191644033 267.462829748789 266.263206799825 273.93913269043 292.067329088847 299.256126085917 313.097318013509 320.980350176493 321.830809116364 320.225079854329 319.392244021098 313.169956207275 300.550719102224 317.307829856873 325.561900933584
270.39893468221 278.820991516113 287.71976629893 297.821998596191 297.768334547679 249.680717786153 220.348238945007 204.439401626587 203.420142332713 214.488963286082 231.448113918304 240.931371847788 254.133145014445 261.657536029816 268.611073493958 283.547560373942 298.257569471995 317.823350429535 330.524881680806 331.748227278392 334.542989730835 342.767596244812 347.733338673909 347.709695498149 345.202008883158 343.604445457458 339.844346046448 334.630330403646 322.420318921407 304.820954799652 263.024727503459 212.601999441783 192.561507225037 210.264980792999 238.260646661123 262.551585833232 280.205508073171 298.300802707672 309.827009836833 312.840362389882 314.633011817932 315.177400906881 294.482429822286 275.826652844747 300.184369087219 322.977860768636
289.100527763367 292.679111162821 294.983665148417 302.917917569478 302.998900413513 283.804476261139 245.275298754374 213.876684506734 198.575695355733 203.212857246399 227.97683874766 242.783586184184 257.076978683472 273.965835571289 277.599016825358 279.925465583801 293.176909287771 306.893626848857 318.584163983663 320.498883724213 319.076597690582 322.784046332041 332.046786944071 338.194648424784 339.171608289083 328.380525112152 315.343737602234 298.610587914785 272.378484408061 228.882332642873 192.902127901713 168.022632598877 140.846679608027 140.04980524381 153.661519289017 191.471775372823 230.862319469452 257.328311602275 274.762690067291 283.207138379415 282.734036445618 268.585622310638 254.511137803396 288.262804349263 282.374580701192 316.832383473714
281.025568644206 283.36101770401 294.324974219004 304.253896077474 295.318881670634 284.241199493408 253.501196702321 229.463299115499 212.15832233429 205.479303995768 220.750312010447 236.669580141703 250.596662362417 267.033418019613 275.403022766113 278.541088104248 287.29385137558 300.097723801931 309.943477312724 309.739371140798 316.274583339691 313.62650791804 316.232323646545 305.434187253316 297.781050205231 296.689609686534 287.606497605642 276.253739992778 242.89083480835 187.263786792755 165.575404961904 163.049519062042 145.22197842598 122.182498375575 114.015539487203 127.926260232925 175.765891869863 211.869676907857 236.774742603302 250.92351436615 241.011838118235 219.180703163147 240.673740704854 302.962263425191 295.362591743469 318.047900994619
275.708715120951 279.686987400055 292.477091153463 300.583998362223 296.967387199402 285.976568857829 264.33793703715 254.374563694 244.062225023905 228.8458943367 228.870431582133 250.301500161489 262.522280216217 277.256329854329 283.97540251414 281.505644321442 288.039008776347 300.027469793956 306.581079959869 313.72461716334 317.015290260315 306.806524594625 288.779099782308 289.697011311849 290.41596253713 288.342475891113 276.617209116618 263.416290283203 220.52675485611 192.08969672521 190.913160641988 207.708100477854 212.169289588928 186.779618263245 152.869035800298 134.233971436818 150.640944639842 179.075658321381 219.65503692627 234.509547551473 216.310222943624 207.343677679698 247.389117876689 289.545973141988 309.537450472514 330.229759216309
277.6806751887 279.659688472748 288.19348414739 297.264039516449 309.144337972005 294.595122337341 277.407586574554 265.535314877828 263.827900091807 258.14958413442 249.416669209798 266.82037115097 277.786413828532 291.847705841064 294.103662172953 288.388768831889 289.260824521383 300.886849562327 307.01204140981 308.236161867778 305.8047691981 301.482995351156 298.102955023448 294.440905253092 291.674355665843 287.665645281474 277.436415354411 263.737678527832 227.262735366821 221.340199311574 243.251343568166 266.582767168681 270.786702632904 282.941222190857 262.596070766449 177.409152189891 162.940233945847 174.878895282745 201.194564501444 232.542097568512 225.438714027405 256.681064764659 253.70983282725 264.368017514547 298.339168230693 316.542188326518
281.891067822774 278.143405914307 281.387388706207 293.330709139506 330.091834068298 305.217047532399 281.951864560445 264.933347702026 265.506645043691 273.015439510345 268.381754557292 271.37283484141 286.456147829692 295.093894004822 296.795169512431 296.113848686218 295.693556467692 297.621409098307 300.852179527283 305.617928504944 304.046988487244 296.122749646505 295.489688714345 298.844337463379 298.722306887309 294.48801279068 284.555157025655 274.672567844391 249.904632568359 248.133341471354 272.551635901133 287.133594353994 285.498181978862 299.412945906321 325.367569923401 258.313695589701 193.639159202576 178.667744000753 192.604343096415 235.816677411397 262.819369633992 308.826506137848 261.992891629537 255.664189656576 286.327083905538 297.509928544362
279.036144415538 271.135330200195 275.135199228923 299.790759881337 341.248472531637 303.325613339742 272.498925526937 259.460171063741 264.678319295247 274.693648020426 270.807226498922 269.458452860514 285.327692826589 294.69096660614 300.092816352844 305.304527282715 297.110120455424 289.538860321045 298.354347546895 298.54420820872 297.856211662292 292.871375878652 291.636983553569 298.410296440125 300.436615943909 297.968129316966 293.41846704483 282.980600992839 260.824501514435 255.423545837402 278.411547342936 296.68649037679 295.214613278707 293.504595756531 315.245827039083 318.986852963765 231.130321820577 172.151148319244 163.937707742055 205.977340539296 271.507104237874 288.757701714834 253.348271052043 231.625358263652 257.778346538544 270.400007565816
271.598180135091 263.398905595144 272.050321102142 310.174345970154 338.019768397013 299.394329388936 265.608767668406 248.000502586365 245.798528194427 252.54899263382 251.88414255778 259.993771711985 279.453635215759 294.938782850901 297.685662905375 300.561169783274 300.031383832296 288.651784261068 290.039340655009 292.263666788737 292.943100134532 292.870322863261 293.605208396912 298.968633015951 303.895274798075 300.347705682119 301.547944545746 288.800875345866 268.063326676687 264.370441436768 283.354063828786 301.36509736379 296.91739877065 293.186783790588 302.284439404805 322.346568107605 309.2134197553 235.01992225647 186.199307441711 195.352832476298 233.202815055847 246.899445851644 246.483941872915 216.771960258484 229.847550392151 257.308522860209
259.754101435343 269.967019557953 299.452086289724 345.199902852376 346.439917882284 304.49781815211 267.411967118581 240.99725484848 233.465353647868 244.334896405538 239.410559336344 238.316456476847 272.285521030426 294.063687324524 300.947149594625 303.021947542826 303.165872891744 293.269832928975 294.294357299805 294.907569885254 292.474011580149 297.452350457509 298.387785752614 300.737857818604 304.116507371267 307.530442873637 306.833227475484 298.3611424764 281.004746754964 276.854932308197 289.017081260681 301.680088043213 299.087484677633 298.561096191406 302.097856998444 304.739117622375 328.169981638591 339.434385299683 273.807724316915 228.515426317851 214.41388130188 205.656071503957 221.46087884903 219.384988149007 226.707776387533 262.223442395528
278.329730033875 303.583244482676 321.6339747111 326.559801896413 354.787151018779 336.692134539286 302.21684773763 263.693471749624 247.999429702759 263.334095478058 257.618149121602 237.930238246918 257.80576467514 289.270619551341 301.195681095123 304.215470949809 305.279155572255 303.318242232005 296.111623446147 296.701530615489 298.73126745224 301.85741186142 304.970860481262 303.671677907308 305.392384529114 312.277833620707 313.988586266836 311.733941237132 298.509657382965 292.288204034169 295.797089735667 299.464821815491 301.204264163971 305.413464705149 307.858188947042 296.156287193298 304.8441807429 342.669765154521 339.614470799764 281.11743927002 231.016476949056 204.657038052877 205.642203489939 223.781526088715 247.959554195404 275.183796882629
308.396935462952 316.691299279531 305.823425451914 298.109571139018 316.898862520854 338.569442431132 334.102114041646 306.088964144389 283.269663651784 285.573999087016 287.308792273204 265.448133150737 261.412938435872 282.277365525564 301.158964633942 303.188602129618 303.131779034932 308.393061161041 299.555083115896 296.780943870544 302.591522534688 305.488228797913 303.864419460297 306.091030438741 307.19651778539 314.885556697845 320.100943247477 319.695274035136 307.772119839986 299.128115177155 305.500725905101 308.213651180267 304.221411546071 306.308388710022 310.474177201589 300.461192925771 299.784223238627 319.69012816747 324.454466501872 300.03547668457 270.339806874593 229.246695836385 208.784937858582 218.491911888123 240.037143230438 271.913488705953
298.353989919027 290.527602036794 283.124347527822 271.962920824687 272.432386875153 293.297350406647 314.632256825765 312.838554382324 303.323209285736 304.80174223582 303.790311018626 290.237863858541 280.870219071706 290.730913480123 303.664743900299 306.167185306549 302.46776342392 305.897990862529 298.789978027344 301.476279894511 303.190171718597 304.51246102651 303.366382916768 301.931659380595 306.009411811829 312.875310579936 318.075180053711 316.504279772441 310.494641462962 306.100169817607 311.275362968445 309.067567189534 298.419733842214 297.718147436778 301.848948001862 286.893049875895 284.116228421529 284.988661607107 279.393672943115 284.35750802358 294.064243634542 261.058628559113 232.823749383291 223.511795202891 222.477396329244 245.411396026611
291.062792142232 280.231475830078 286.570111910502 272.199889024099 264.105002085368 275.891264279683 302.489538987478 327.25328207016 324.55587387085 312.35259771347 300.96435546875 301.449298858643 308.209538459778 307.990650335948 307.57083495458 305.019060770671 306.737263997396 301.677266756694 301.824629306793 306.177357832591 304.031590620677 301.874538262685 303.331176439921 300.307591756185 304.696977138519 307.313243548075 312.39116191864 309.984087944031 309.173842271169 310.985445976257 312.462866306305 301.902174949646 286.683718363444 291.879177093506 291.023413340251 274.77220694224 275.572021802266 275.681912899017 282.909234364827 305.239001909892 304.277221361796 291.305700937907 269.514441490173 253.309766451518 235.080520311991 228.367229302724
311.426480611165 305.970629056295 315.584560235341 310.441374778748 300.265192985535 304.966509342194 321.833709875743 344.483057657878 338.447133700053 315.218726793925 300.193349520365 308.460454146067 322.912057240804 319.676081339518 313.818871974945 315.290868282318 311.301350593567 307.846069335938 310.261785984039 308.502674102783 309.235354264577 301.74458026886 303.864220778147 304.70488468806 304.617603619893 305.946230888367 308.173755804698 306.323568026225 306.7600329717 313.943485418956 311.263660589854 300.928910573324 288.247267405192 288.999974727631 282.013515631358 277.681867281596 282.784779866536 283.243536949158 295.122583707174 324.921667575836 293.451845645905 279.990295569102 270.303090413411 261.900146802266 245.019972324371 223.532458146413
337.207078933716 334.216316541036 336.206833521525 338.816920916239 329.970399538676 323.612113793691 328.256666660309 342.880805333455 339.918533960978 312.42307027181 303.937792778015 315.776129563649 328.435639540354 321.238895257314 316.133141517639 318.834106127421 321.522275606791 314.195354779561 314.473827679952 314.994176228841 313.773850599925 308.677832285563 307.503581047058 307.64893690745 305.95197280248 303.691109021505 307.115177313487 307.530124982198 310.618917147319 316.046913464864 313.258687655131 303.507049878438 290.822247664134 284.944732983907 277.231633663177 282.324532667796 288.766662279765 287.764807542165 290.841042995453 313.750902811686 282.388011614482 240.755240122477 227.502862612406 221.586167812347 221.106310685476 215.327719847361
350.254416465759 346.895376841227 342.10471312205 343.077898025513 337.748249371846 329.530934492747 326.102038224538 331.543167432149 338.223179181417 320.123632748922 319.658716519674 327.240347862244 325.168410936991 321.407278378805 319.311340649923 320.634166399638 327.959656715393 322.771588961283 319.641490777334 318.123499552409 318.347573280334 312.569717566172 310.302456219991 308.346370855967 308.89085928599 306.145568688711 307.266136010488 311.237454414368 311.741391817729 314.068575700124 314.819713433584 305.813034375509 294.102728366852 278.468827406565 270.258367061615 285.632828871409 295.582711696625 293.25791200002 283.273537953695 299.075067043304 283.781806627909 216.768741607666 187.686999638875 174.235820770264 174.515247344971 179.48587735494
353.021860122681 355.665922164917 354.492863019307 352.059086163839 347.954352696737 342.204689979553 334.989587465922 330.109318097432 332.474966843923 329.438169797262 337.961832682292 337.364117304484 329.252143700918 331.115464369456 322.404861450195 321.324507395426 326.201955477397 325.905362764994 320.077796777089 319.759170214335 318.341215451558 313.339034716288 309.810280799866 307.640651861827 308.815101782481 311.093270778656 307.934641838074 310.138344764709 312.962969144185 311.593492825826 315.373301506042 309.626638889313 289.478341738383 267.312328020732 275.878528753916 297.580083211263 300.568362077077 294.630110263824 277.678807576497 283.601224422455 306.894361972809 262.185970942179 203.183690706889 174.752593040466 163.535197575887 158.070137103399
343.832453091939 347.253084182739 347.078760464986 350.377082824707 354.451060295105 357.041160265605 356.534004211426 353.469689687093 351.196646690369 353.392481803894 348.910053571065 338.212887446086 333.953261375427 328.904946645101 328.043103218079 322.10499048233 325.974563757579 324.389457702637 318.663080533346 317.789713541667 319.104095300039 317.718386650085 315.725684165955 311.454971631368 307.800094286601 308.944384256999 313.481132189433 311.969379583995 314.49552377065 313.927292823792 312.910596529643 310.224692026774 284.930010636648 267.978151639303 290.167907873789 305.088142553965 300.682425498962 295.685410499573 282.494167486827 277.739107608795 313.101649284363 339.235266049703 287.144919236501 233.568171660105 190.813799699148 162.564516067505
