input/barkrak2/radiation/dir18624.grid
NCOLS 85 
NROWS 70 
XLLCORNER 665100 
YLLCORNER 4664600 
CELLSIZE 20 
NODATA_value -9999 
[rows 20 to 39 of 70, columns 0 to 45 of 85]
206.648210684458 199.693083763123 216.131170590719 257.192472616831 251.299262046814 202.294866243998 187.435905138652 191.36913617452 206.844846407572 226.679762204488 239.671587944031 249.576310316722 258.346219857534 271.535495917002 287.745257218679 315.021137396495 332.185784975688 335.357904434204 340.025464693705 346.291144688924 348.32485516866 342.100660006205 341.192285219828 342.661460240682 343.622763951619 344.768285751343 345.481157302856 342.326164245605 337.781667709351 337.416648864746 331.799825032552 321.891148885091 314.175665378571 310.996651649475 309.837063153585 314.793944358826 314.328412214915 316.537221272786 320.874094963074 324.582139650981 325.423717498779 324.26659266154 326.241135597229 322.3650654157 325.151562690735 328.419367472331
231.778840223948 232.452829678853 251.926362514496 282.190521558126 276.904006799062 217.204431692759 200.043698151906 199.234426021576 206.389188766479 220.25195757548 233.280976613363 240.834176540375 251.459221045176 256.329854329427 270.860771338145 291.548689206441 313.389619191488 330.697059631348 335.688829421997 343.077739079793 346.556862195333 350.338141123454 350.673874219259 350.093205769857 347.312649091085 343.679507573446 341.125170389811 336.867968241374 335.905790328979 329.229295253754 313.349525133769 286.328633626302 267.70289738973 266.631046930949 274.296124776204 292.275210221608 299.397468566895 313.1010333697 322.025458017985 321.703314781189 320.117950439453 319.295247395833 314.124782880147 300.634860992432 318.680246671041 325.322210788727
270.190437634786 278.788348038991 288.11111052831 298.214157422384 298.168142636617 252.00758377711 220.763027667999 204.719503720601 203.677475452423 214.762190977732 232.313533624013 241.161306699117 254.395266373952 263.642728328705 268.856485684713 283.71673822403 298.316836357117 317.748486995697 330.347061157227 331.544280052185 334.293723106384 343.510071436564 347.197731335958 347.143411636353 344.663898150126 343.137502670288 340.295394261678 335.178732872009 321.94725672404 305.07904291153 264.439543088277 212.810834248861 193.283140659332 211.067279179891 238.920569419861 263.041476408641 280.555367469788 298.457463582357 309.866706530253 312.849561373393 315.695186456044 315.12572367986 294.625322024028 276.160518328349 300.196389357249 324.321071306864
288.564582665761 292.294243971507 295.178314050039 302.765786647797 303.382078806559 285.702705383301 243.371586004893 214.187741279602 198.91353448232 203.482985496521 231.143752733866 242.974678675334 257.269700368245 274.131496747335 277.788956960042 280.089378356934 293.266355991364 306.876460711161 318.495551745097 321.631689866384 319.035410881042 322.689155737559 333.027005195618 337.869008382161 338.79554271698 331.571002801259 316.455841064453 298.129677772522 273.919383684794 229.193786780039 192.810376485189 168.086806933085 141.983906428019 142.178406318029 154.787600040436 192.409594853719 231.558978557587 257.836321989695 275.150080521901 283.504009246826 283.037026723226 269.715785980225 254.945854345957 288.51181268692 284.757415453593 316.662589708964
280.452926953634 282.84619251887 294.193704922994 304.580807685852 296.708007653554 284.596025943756 253.838260968526 232.052465279897 212.422887484233 205.715417861938 220.935642719269 237.638672192891 253.030737241109 267.238974571228 275.604983170827 278.734942277273 287.415464719137 300.122539202372 309.900542100271 309.768299261729 316.262125968933 313.630481561025 317.726572354635 310.160438219706 299.427350362142 296.270469824473 287.194669246674 275.849501291911 242.545465628306 187.172293663025 165.601412455241 163.148502508799 145.654867092768 123.513549566269 115.341862042745 129.008014996847 176.728188991547 212.655742963155 239.166120688121 251.497785250346 241.650621096293 219.942669073741 241.320093472799 302.895983060201 295.177419980367 319.714903831482
275.266965230306 279.207070668538 292.17008749644 300.889770189921 297.412594159444 286.353786786397 264.594912528992 254.403670628866 243.995904922485 228.80631685257 228.911439577738 250.355919202169 262.628515561422 279.148578643799 284.083584944407 281.665126482646 288.176635901133 300.053397814433 306.561787923177 313.673237959544 321.877638498942 308.630088965098 288.529992103577 289.444665114085 290.128449598948 288.021524747213 276.29816532135 263.040582338969 220.19616762797 191.910525163015 190.80384572347 207.631687323252 212.2696240743 187.829852104187 154.039005438487 135.278592507044 151.596705118815 179.962933063507 222.05913066864 235.222538312276 217.11653470993 208.211779594421 249.773840109507 289.246559143066 309.112350145976 329.855918884277
277.264714241028 279.19473250707 287.80460357666 297.349194685618 309.471726417542 294.80908314387 277.370870113373 265.232821305593 265.645543734233 260.172625382741 251.820286115011 266.633292039235 277.702450752258 291.793882846832 294.108927249908 288.482666015625 289.366185665131 302.355488141378 308.59116713206 312.570671240489 305.444836616516 301.124533017476 297.807117303212 294.188022613525 291.406353314718 287.354091803233 277.141352494558 263.325234254201 226.847509543101 220.960815747579 242.908835411072 266.131599744161 270.256996154785 282.766381899516 263.236522674561 178.33157380422 163.827836513519 177.902420361837 203.790605068207 233.2683801651 226.143558820089 257.269958655039 250.997602939606 263.900180657705 300.372958183289 316.225012143453
281.473259131114 277.724007765452 280.979732672373 293.276051680247 330.202202002207 305.187582969666 281.59232934316 266.500333944956 264.853080113729 274.771273136139 268.076996008555 271.143853664398 286.320726076762 295.014480749766 296.758870283763 297.487835089366 295.720100402832 299.197475115458 300.603648026784 305.290639400482 303.705275058746 297.034939130147 295.231501261393 298.55352640152 298.40882619222 294.162690639496 284.215569496155 274.214704831441 249.268690745036 247.470279534658 271.928052107493 286.648015181224 284.727295239766 298.645714918772 325.296680132548 258.901158968608 196.555256843567 181.697646776835 195.347328980764 236.572166283925 263.385474681854 308.854043483734 261.702378590902 255.322098731995 286.179741223653 297.435343265533
278.572618961334 270.768284797668 274.774809678396 299.731353918711 341.159065564473 303.099572658539 272.05769220988 258.946756521861 264.222125212352 274.408082167308 270.631353060404 269.333938757579 285.219311714172 294.617176055908 300.034483273824 305.239458878835 298.666437466939 289.405067761739 298.129598299662 298.298358917236 299.221614996592 292.66885916392 291.410128275553 298.118650913239 300.767680009206 297.660827636719 293.070991834005 282.540202140808 260.130127271016 254.643062750498 277.625938256582 295.893569787343 294.332464536031 292.619109153748 314.54203526179 319.147686163584 231.922527154287 173.144121964773 164.970775445302 206.881920496623 272.000908851624 288.75720500946 253.180940945943 231.687903404236 257.995168368022 272.034684816996
271.076877911886 263.05615901947 271.760682264964 310.101290543874 337.90914217631 299.162348111471 267.38299926122 250.120302041372 248.153805732727 252.679467201233 251.981973648071 260.014295578003 279.394507408142 296.608825524648 298.841039339701 301.966468493144 299.855490525564 288.554092248281 289.915879567464 292.129794756571 292.587916056315 292.69007841746 293.386240800222 298.690219720205 303.566972414653 301.384071509043 301.193455855052 288.390000661214 267.452458540599 263.586819171906 282.487869262695 300.461192925771 295.987864335378 292.26948817571 301.312804222107 321.645319461823 309.921741485596 235.822180906932 187.11131811142 196.17505868276 233.774622281392 247.36209710439 246.63507938385 217.158496379852 230.34930229187 257.728676001231
259.194791316986 269.451340039571 298.858106136322 344.551126162211 346.937576929728 304.210027058919 269.316713015238 241.16712808609 233.746925989787 244.55334742864 239.636282126109 238.494614760081 272.23406235377 293.938994407654 300.798793633779 302.818497021993 304.697573184967 295.196970303853 294.169704119364 296.515027681987 292.335947354635 297.250548998515 300.138374169668 300.458371639252 303.792695204417 307.155509789785 306.441028912862 297.928432623545 280.430694421132 276.060005029043 288.09001048406 300.723930199941 298.151274522146 297.567903995514 301.011562347412 303.630630175273 327.419757843018 339.363932609558 274.254163106283 227.335731188456 215.156435966492 206.301669279734 224.412500858307 219.855109850566 227.255900700887 262.611409028371
277.72178252538 302.766859531403 320.496499538422 325.266639391581 353.976448376973 336.062510808309 301.998297373454 263.730108737946 250.259677569071 263.325492540995 257.701456546783 240.472753842672 260.179162025452 289.14886713028 301.018357276917 305.551687876383 305.072426795959 304.997821648916 295.968810717265 298.209230105082 298.56671889623 301.629702250163 304.70202366511 303.390145301819 305.075486501058 311.842978000641 313.530703385671 311.206658681234 297.892252604167 291.50511821111 294.882814089457 298.469603061676 300.196448961894 304.339309533437 306.715607643127 295.476218064626 303.799748420715 341.926614443461 339.543263117472 281.61346912384 231.743971506755 205.28240998586 208.656231562297 224.220156669617 248.297611872355 275.291442871094
307.376186052958 315.429945786794 304.332315921783 296.589811642965 315.412620703379 337.336262067159 333.211779594421 305.440743764242 282.776713371277 285.20800669988 289.070089658101 265.169541041056 261.280179023743 284.453511238098 300.975958506266 304.505070050557 304.569184780121 306.396106878916 299.429257710775 296.675841013591 302.409768104553 305.259505907695 303.610761960347 305.845379829407 306.895196437836 314.450681209564 319.584945837657 319.08905506134 307.093143463135 298.380434513092 304.634471734365 307.218869527181 303.211172421773 305.461446444194 309.470077355703 299.51536655426 298.856774965922 318.964282671611 324.361602465312 300.426224867503 270.923773447673 229.755997657776 211.729526519775 218.865712483724 240.288098653158 271.893282731374
296.929836273193 288.942058881124 281.477928161621 270.330965518951 270.766615867615 291.654169559479 313.611467679342 311.683535575867 302.475412686666 304.197788238525 305.018742879232 289.609332879384 280.527075131734 290.534337361654 303.491214911143 306.019365787506 302.355329195658 305.738766988118 298.709352811178 301.362295945485 303.043484687805 304.329971472422 303.18812529246 301.73655351003 307.366271813711 312.48676776886 317.552785078685 317.21818447113 310.490091641744 305.3324619929 310.391147931417 308.144350846608 297.583699226379 296.989381313324 301.095803578695 286.27868493398 283.509890238444 284.564018249512 279.485642910004 284.894049167633 294.470568497976 261.357525984446 235.503037770589 223.869323730469 225.483099619548 248.295029004415
289.50568040212 278.580149014791 284.922877947489 270.530223846436 262.421866257985 274.215976397196 300.896326700846 325.935145219167 323.625087738037 311.633904774984 300.149083137512 300.640483697255 307.653804620107 307.702918847402 307.414253552755 304.905454317729 306.654234727224 303.188840548197 303.221702575684 306.05278412501 303.909619649251 301.725188891093 303.167502085368 301.791926225026 304.426610469818 306.959946950277 313.064833482107 309.511562188466 308.614671230316 310.251275698344 311.634441216787 301.085849603017 285.91400384903 291.204174359639 290.408134460449 274.288237094879 275.038878122966 275.184988975525 282.728830973307 305.61892191569 304.490625858307 293.127417564392 269.497613112132 255.850613117218 235.222359498342 228.519558906555
309.951881567637 304.446955521901 314.099272092183 308.930973211924 298.745632171631 303.497910499573 320.4319079717 343.271454175313 338.600794474284 314.389268557231 299.316604932149 309.503654638926 322.302301724752 319.363156954447 313.659985860189 315.141558647156 311.192135016123 307.791709899902 310.163557529449 309.845825036367 309.076408545176 301.574925581614 303.659498691559 304.441710313161 304.346183935801 307.416061560313 307.79500802358 305.935700734456 307.432909806569 313.277125358582 310.49907207489 300.172646840413 287.45710849762 288.256327311198 281.384309132894 277.133365472158 282.201866308848 282.597740491231 294.5889433225 325.042466322581 293.712715307872 280.041476090749 270.360827445984 262.036999066671 247.770388921102 226.569135983785
336.000998814901 333.02774031957 335.181752840678 337.873578071594 328.718344370524 322.359303633372 326.974133650462 341.654141743978 338.884830474854 311.493436495463 303.073942661285 316.990435123444 327.976167201996 321.019371350606 316.016455491384 317.573269208272 321.349898974101 314.089079697927 314.314087231954 314.777155717214 313.536842664083 310.298720995585 307.261248429616 307.359755039215 305.664002895355 305.220643679301 306.751370429993 308.526237805684 310.12221177419 315.418024857839 312.513669331868 302.726586659749 290.316303571065 284.108738104502 276.570518811544 281.686186790466 288.125733534495 287.035048007965 290.150324503581 313.706398010254 284.162362416585 243.117372194926 230.133195718129 224.370916684469 221.60534063975 215.768774350484
349.291086196899 346.166610717773 340.903401374817 341.906507809957 336.601376533508 328.301747639974 324.77601369222 330.198407173157 337.006489435832 319.100379943848 318.852782249451 326.753894488017 324.917475382487 322.510023911794 319.236238797506 320.521036783854 327.737291653951 322.591423988342 319.443504015605 317.872146765391 318.073173364003 312.303920586904 310.047427813212 308.060050010681 308.579246203105 307.667354742686 306.904057661692 310.788849989573 312.73877620697 313.493529955546 314.124802748362 305.007656415304 293.875177701314 277.688304583232 269.608855247498 284.908731778463 294.825712839762 292.442798614502 282.45888153712 298.637866973877 284.408728281657 219.185292720795 188.645442326864 175.180514653524 175.337215264638 180.153807004293
352.417389551799 354.961474736532 353.681008021037 351.203997929891 347.037037213643 341.106494267782 333.734194437663 328.75782251358 331.132054328918 329.395810763041 337.175726890564 336.958408355713 329.076449076335 330.950856208801 323.575456937154 321.24137878418 325.998882452647 327.062924702962 321.45102818807 319.522023200989 318.08990240097 313.088734944661 309.572597344716 307.3703845342 308.501601219177 310.733517011007 307.56421883901 309.711575508118 312.473297119141 312.675893306732 313.352048397064 308.849692344666 288.656234741211 266.625046730042 275.219003359477 296.747366587321 299.696544806163 293.76216729482 276.788989702861 282.807767391205 306.986769040426 262.98987865448 205.630123615265 175.815065701803 164.454559485118 158.84601076444
343.59073638916 346.963206926982 346.792499224345 349.979599316915 353.913187980652 356.33381207784 355.663061141968 352.453907330831 350.573341051737 352.533936500549 349.079410235087 338.87767791748 333.81724357605 329.848090807597 327.8994957606 323.382318019867 325.792789459229 324.746012687683 318.492352962494 317.59379307429 318.868259588877 317.431092262268 315.429786841075 311.184604962667 307.511230309804 308.621764183044 311.443527539571 313.139061133067 314.021309216817 313.435018062592 313.904484113057 310.648500919342 284.175137678782 267.274479071299 289.323290189107 304.139335950216 299.763560295105 295.306007067362 281.561374664307 276.706496874491 312.232236067454 339.216868082682 288.672705491384 235.846261183421 191.687206427256 163.457204898198
