input/barkrak2/radiation/dir17224.grid
NCOLS 85 
NROWS 70 
XLLCORNER 665100 
YLLCORNER 4664600 
CELLSIZE 20 
NODATA_value -9999 
[rows 40 to 59 of 70, columns 0 to 45 of 85]
344.42679087321 345.059355099996 345.025777816772 346.621473630269 350.473721822103 352.949778238932 354.913115501404 357.029517491659 357.100605964661 351.459821065267 344.480554262797 341.379125912984 339.075724283854 336.331884066264 333.372632662455 332.966228326162 330.229759216309 330.033183097839 324.559847513835 322.78718551 322.632471720378 325.732707977295 324.602544307709 320.564309755961 317.311604817708 314.951479434967 319.736282030741 320.337812105815 320.592522621155 320.554673671722 319.406310717265 314.616739749908 288.868168989817 283.398409684499 303.83570988973 304.157098134359 295.518457889557 295.644005139669 295.88782787323 283.677200476329 291.773756345113 331.936875979106 352.838317553202 310.436566670736 251.639028390249 207.208851973216
348.421374956767 346.909761428833 347.05392519633 347.667574882507 345.942695935567 344.70280011495 344.567060470581 345.645109812419 348.550717035929 343.901872634888 339.59949016571 339.080691337585 340.210755666097 339.410503705343 337.499896685282 335.20233631134 329.934497674306 334.763010342916 332.496841748555 327.560802300771 328.2657066981 328.014592329661 326.309323310852 326.02204879125 325.757066408793 321.039418379466 323.698401451111 323.741058508555 322.467764218648 323.227365811666 321.564634641012 315.401514371236 295.987983544668 294.758061567942 305.382251739502 297.001719474792 282.748858133952 283.559699853261 291.258176167806 295.633852481842 308.592915534973 320.959250132243 335.178454717 335.535883903503 293.002923329671 244.30908759435
350.145816802979 348.387519518534 350.023110707601 349.54555829366 345.847090085347 344.588319460551 344.456990559896 343.767086664836 344.138463338216 341.472427050273 339.077750841777 339.192350705465 340.62651793162 341.858069101969 340.745687484741 338.101466496785 335.29524008433 336.01438999176 336.113373438517 330.692251523336 330.018003781637 326.783875624339 323.578238487244 325.477759043376 327.032446861267 323.564171791077 320.303122202555 321.813543637594 321.12455368042 322.203536828359 320.124904314677 312.746743361155 303.311705589294 303.865055243174 302.651524543762 286.436676979065 271.621962388357 277.792990207672 293.146173159281 305.337905883789 313.25626373291 311.196684837341 307.763993740082 313.663204511007 299.891193707784 250.564873218536
342.791795730591 344.467202822367 348.824540774028 346.850236256917 347.607056299845 349.049210548401 349.506974220276 348.154028256734 342.529853185018 341.098388036092 342.281500498454 340.521574020386 338.874578475952 340.242465337117 340.90518951416 337.173263231913 336.735010147095 337.00168132782 337.787270545959 333.664258321126 329.379141330719 328.413705031077 325.597445170085 324.522495269775 323.697825272878 324.906706809998 320.509056250254 320.49024105072 320.243358612061 319.835940996806 315.39245446523 309.365491072337 307.207465171814 307.458718617757 294.643719991048 272.044857343038 267.414251963298 281.547506650289 301.254232724508 306.163370609283 306.307991345723 301.995476086934 294.309616088867 293.097118536631 288.035492102305 257.660984992981
342.684984207153 346.097628275553 347.38822778066 347.151398658752 348.134199778239 349.164406458537 349.100510279338 346.844832102458 345.28390566508 343.041976292928 343.272844950358 341.232895851135 338.398655255636 336.823304494222 335.768183072408 334.870417912801 331.520080566406 336.26127243042 336.383461952209 335.452159245809 332.010487715403 329.720656077067 328.343033790588 327.777485052745 323.351701100667 327.632864316305 326.557477315267 323.598225911458 321.466445922852 316.906968752543 310.677627722422 305.793543656667 304.367542266846 299.837330977122 286.757568518321 269.993185997009 271.208504835765 287.218670050303 302.797257900238 301.416277885437 302.677750587463 295.42617003123 282.820920149485 278.346101442973 279.73461151123 269.326468308767
346.356272697449 348.549922307332 346.969525019328 348.159233729045 347.38544623057 347.108165423075 347.857077916463 346.903085708618 348.014036814372 345.653176307678 344.640652338664 342.516501744588 340.243895848592 336.788733800252 335.271914800008 337.778806686401 333.058575789134 333.961526552836 337.749203046163 336.00652217865 333.436330159505 332.043389479319 330.575366814931 330.276906490326 328.134735425313 327.071925004323 327.973783016205 325.330416361491 322.053114573161 317.058523495992 310.689250628154 306.429187456767 303.988873958588 295.670668284098 279.276092847188 264.619608720144 269.848942756653 287.27118174235 294.980267683665 289.140443007151 294.76010799408 286.439001560211 274.52806631724 277.247210343679 288.123329480489 280.15528122584
346.373597780863 347.095370292664 348.142663637797 348.686099052429 347.867409388224 348.049322764079 348.425388336182 349.250555038452 347.45458761851 347.339669863383 345.432996749878 345.198631286621 342.498222986857 341.055313746134 339.845418930054 340.933879216512 339.653929074605 335.347692171733 338.313102722168 336.834112803141 334.278504053752 333.668152491252 330.783247947693 327.647725741069 329.55143849055 323.193967342377 322.860777378082 322.394053141276 320.315579573313 317.06307331721 312.029421329498 308.381239573161 302.265107631683 292.080601056417 277.729610602061 266.298651695251 273.893078168233 286.774794260661 284.77410475413 286.699036757151 293.538053830465 282.483418782552 278.058091799418 284.99968846639 294.253925482432 286.61435842514
343.324581782023 344.646493593852 347.347338994344 347.072005271912 348.3833471934 348.908344904582 348.180890083313 347.140709559123 346.696774164836 348.440329233805 346.431811650594 344.858249028524 343.281348546346 343.488613764445 342.462619145711 341.174284617106 339.720169703166 334.053595860799 334.990859031677 336.565931638082 332.291960716248 329.982399940491 330.550730228424 324.75354274114 326.302846272786 323.589861392975 319.441258907318 318.507313728333 318.184792995453 314.67072168986 312.567969163259 308.826824029287 300.168931484222 295.800268650055 288.701434930166 275.688529014587 278.331796328227 285.659472147624 287.589510281881 294.029513994853 291.425327459971 284.259061018626 286.057591438293 286.866505940755 286.577959855398 278.545598189036
340.225140253703 342.092076937358 344.371755917867 345.277349154154 348.193685213725 348.952492078145 346.789956092834 346.141457557678 347.780227661133 348.993062973022 348.173101743062 345.729470252991 345.210075378418 344.761848449707 343.648831049601 340.192794799805 338.948845863342 334.253231684367 334.435224533081 336.144129435221 333.17639430364 331.855932871501 331.806937853495 326.278169949849 324.13524389267 323.68012269338 320.257445176442 321.115295092265 322.464366753896 319.720367590586 318.939208984375 315.732896327972 306.003570556641 306.467950344086 298.166851202647 280.553559462229 280.89306751887 289.052108923594 294.065952301025 294.132749239604 284.4158411026 281.944751739502 281.152844429016 275.682091712952 273.132701714834 272.737940152486
339.67383702596 337.682843208313 340.433557828267 344.034274419149 346.734960873922 347.246925036112 347.586870193481 349.084138870239 349.287668863932 347.972313563029 348.89821211497 348.270416259766 346.959749857585 344.891587893168 343.13960870107 340.026696523031 339.431166648865 334.662516911825 334.163665771484 336.627324422201 336.533943812052 333.586970965068 328.936576843262 329.615592956543 326.569934686025 326.249162356059 323.75568151474 323.949535687764 324.034055074056 325.522204240163 325.318237145742 318.751911322276 312.214275201162 311.098535855611 302.383740743001 285.709500312805 279.347578684489 287.482937177022 293.301105499268 284.366408983866 273.285349210103 276.795446872711 276.66304508845 271.001597245534 270.571172237396 274.312456448873
339.78807926178 341.093778610229 342.813730239868 344.871481259664 345.300396283468 345.34748395284 348.307212193807 350.568413734436 350.600282351176 349.96755917867 350.020964940389 350.044171015422 347.841262817383 345.083157221476 344.252069791158 343.763550122579 338.877518971761 335.865577061971 335.731188456217 337.216258049011 335.285027821859 331.197142601013 330.172797044118 328.376988569895 323.097109794617 323.990027109782 324.997226397196 322.260757287343 323.800623416901 323.835432529449 324.437518914541 320.271054903666 311.862885951996 308.709402879079 299.603621164958 285.622537136078 280.721783638 284.782687822978 284.6599817276 272.846122582753 269.931574662526 280.393501122793 279.891689618429 272.164881229401 271.386404832204 266.838391621908
339.977184931437 344.1454966863 345.360398292542 346.024592717489 345.119078954061 344.826817512512 347.791751225789 350.127816200256 350.124875704447 352.264761924744 350.641171137492 349.611759185791 347.914457321167 344.975193341573 343.414862950643 345.849553743998 341.822624206543 335.146506627401 331.221322218577 333.539565404256 331.708947817485 329.958220322927 327.834010124207 322.620193163554 318.02898645401 315.916478633881 317.963719367981 317.584872245789 317.959249019623 322.690705458323 323.213577270508 318.837066491445 306.041459242503 297.285834948222 274.056394894918 261.493941148122 271.697243054708 279.386162757874 277.64234940211 277.516643206279 285.431484381358 288.949867089589 273.390094439189 265.255153179169 272.589246431987 261.749108632406
340.232650438945 339.639107386271 339.031259218852 341.149648030599 343.837936719259 346.428592999776 346.765120824178 348.7628698349 348.750710487366 350.093126296997 349.477092425029 349.453806877136 349.439740180969 345.536629358927 342.713594436646 340.484778086344 341.774423917135 333.411971728007 327.835977077484 325.766523679097 324.88081852595 324.741303920746 321.946521600087 317.437390486399 317.023018995921 314.496636390686 312.434554100037 312.275509039561 308.960219224294 309.184014797211 312.106569608053 312.819262345632 289.357940355937 265.821854273478 240.614354610443 230.809509754181 244.563023249308 268.684128920237 283.499677975972 278.18755308787 278.626024723053 274.121224880219 262.005964914958 264.78636264801 269.242505232493 246.212422847748
342.970093091329 337.389667828878 334.931055704753 338.310400644938 344.843943913778 348.247607549032 347.976803779602 347.913344701131 348.308205604553 347.568353017171 348.761598269145 348.114927609762 347.936113675435 347.424308458964 342.440565427144 339.205225308736 339.301943778992 330.984552701314 325.464407602946 324.183781941732 325.004319349925 319.944818814596 320.368031660716 314.631978670756 312.992095947266 311.346749464671 310.271799564362 309.816737969716 305.776953697205 302.638749281565 296.939313411713 288.312335809072 266.738931337992 241.081833839417 232.104579607646 228.890478610992 222.072184085846 232.522507508596 247.875968615214 265.84255695343 271.310110886892 261.871019999186 257.775982220968 261.211117108663 252.070546150208 231.852412223816
343.33074092865 340.222398440043 338.150024414062 339.705149332682 345.327377319336 348.747332890828 349.389592806498 347.058653831482 349.09987449646 346.553007761637 347.28201230367 348.19221496582 346.847097078959 346.423864364624 340.869545936584 341.255267461141 337.4050060908 329.724411169688 325.406014919281 326.262633005778 325.965086619059 322.631160418193 320.096294085185 318.096101284027 314.667741457621 313.518683115641 311.496297518412 309.242924054464 306.067049503326 301.528990268707 290.517071882884 281.853238741557 257.945497830709 243.923763434092 247.799297173818 251.607179641724 245.244781176249 236.754357814789 227.619965871175 234.978218873342 250.134388605754 242.201626300812 236.482501029968 230.743368466695 226.370433966319 222.03654050827
345.522920290629 344.190677007039 341.200868288676 339.086254437764 342.192927996318 347.971320152283 347.729007403056 346.122264862061 346.899032592773 348.015149434408 348.443309466044 347.918033599854 345.179637273153 344.262520472209 339.319388071696 337.714433670044 335.436741511027 332.956353823344 328.384518623352 326.956808567047 325.505952040354 323.435684045156 322.402477264404 321.823477745056 318.392594655355 316.363592942556 312.33819325765 306.455711523692 300.748447577159 296.785295009613 292.500118414561 286.872744560242 265.367726484935 257.943669954936 261.744678020477 269.311209519704 280.828595161438 277.63831615448 261.386255423228 232.171674569448 230.854193369548 231.349488099416 228.474080562592 226.803084214528 232.503612836202 238.139867782593
346.868276596069 346.596638361613 344.868183135986 340.27890364329 338.541547457377 343.745390574137 346.840222676595 346.14352385203 343.43155225118 345.304886500041 346.725662549337 346.270640691121 340.774138768514 341.777284940084 339.437564214071 335.458238919576 335.762739181519 333.653489748637 327.92196671168 328.77912123998 327.300131320953 325.403789679209 322.04669713974 320.483644803365 316.242257754008 313.348074754079 300.372223059336 282.609045505524 278.146326541901 282.845457394918 290.518224239349 284.108897050222 267.120738824209 259.646614392598 266.214231650035 276.135186354319 292.374491691589 301.314949989319 292.493184407552 261.645515759786 236.054956912994 238.260944684347 245.30835946401 256.270130475362 266.579329967499 269.556244214376
346.297740936279 344.800313313802 345.168113708496 342.959960301717 338.469902674357 341.050863265991 344.674547513326 344.47455406189 343.236327171326 340.263207753499 342.648267745972 343.192338943481 340.014576911926 339.090347290039 338.615338007609 335.016012191772 334.373394648234 331.514139970144 328.363358974457 328.119973341624 327.338476975759 325.709660847982 322.328507900238 317.87379582723 316.941360632579 316.214462121328 300.858438014984 285.362501939138 284.860610961914 289.343635241191 295.429031054179 287.911415100098 275.017142295837 273.70806535085 285.566747188568 288.337826728821 294.450481732686 283.893684546153 252.18133131663 243.743777275085 254.973689715068 264.161507288615 259.032626946767 253.522634506226 255.27286529541 265.864570935567
340.316971143087 344.003438949585 343.806346257528 343.00696849823 338.755369186401 336.985270182292 344.230850537618 343.435684839884 339.82241153717 334.98227596283 339.059869448344 342.464526494344 340.608199437459 337.057073911031 336.666504542033 333.739201227824 331.997116406759 329.032162825267 329.380949338277 329.405347506205 329.067230224609 326.280395189921 324.664493401845 320.341229438782 319.24835840861 319.867253303528 314.039488633474 311.787724494934 308.229982852936 306.739866733551 299.763162930806 289.628227551778 285.582661628723 283.253292242686 279.839992523193 266.488989194234 247.474114100138 213.648676872253 197.117904822032 233.861982822418 269.365827242533 270.672579606374 249.676128228505 244.837244351705 257.96240568161 271.97923262914
334.482034047445 342.110991477966 341.538945833842 340.315262476603 339.823166529338 333.694497744242 336.197177569071 340.036193529765 339.833696683248 336.705446243286 338.708798090617 339.763005574544 340.666691462199 337.681690851847 336.252609888713 334.25243695577 329.801142215729 326.899151007334 324.131906032562 322.684546311696 323.420107364655 322.14234272639 323.097427686055 321.190734704336 321.042160193125 323.631803194682 323.689560095469 326.317667961121 311.426202456156 309.328595797221 299.803058306376 288.215001424154 285.962700843811 267.213821411133 239.705940087636 213.247656822205 196.580310662587 189.135690530141 185.70884068807 210.590461889903 237.642884254456 254.39178943634 251.490712165833 263.506670792898 294.355591138204 304.899652798971
