input/barkrak2/radiation/dir16124.grid
NCOLS 85 
NROWS 70 
XLLCORNER 665100 
YLLCORNER 4664600 
CELLSIZE 20 
NODATA_value -9999 
[rows 40 to 59 of 70, columns 0 to 45 of 85]
341.925382614136 342.607339223226 342.570424079895 344.198028246562 348.231236139933 350.836992263794 352.880954742432 355.123082796733 355.196913083394 349.302530288696 341.226577758789 338.028907775879 336.310704549154 333.823362986247 330.982804298401 330.513993899028 329.190572102865 327.175418535868 321.640113989512 320.261061191559 320.244252681732 323.007901509603 322.474420070648 318.421244621277 316.924214363098 312.76406844457 317.781448364258 318.471332391103 319.509347279867 318.154116471608 317.079424858093 312.651733557383 287.556926409404 282.53036737442 303.291916847229 303.544163703918 294.791917006175 294.848342736562 294.845799605052 283.173501491547 291.621426741282 331.250886122386 350.63362121582 306.993206342061 247.673809528351 203.435917695363
346.070528030396 344.523946444194 344.672123591105 345.265587170919 343.480110168457 342.212478319804 342.045863469442 343.148827552795 346.151192982992 341.348727544149 336.112419764201 335.455020268758 337.651252746582 336.890419324239 334.989945093791 332.65628417333 327.139000097911 332.300702730815 330.074111620585 325.088183085124 325.600842634837 325.647135575612 323.585192362467 323.815127213796 323.079228401184 320.65083583196 321.041961510976 321.160793304443 320.672829945882 320.856094360352 319.284598032633 313.354233900706 294.566512107849 293.915649255117 305.049041906993 296.125094095866 281.787912050883 282.320022583008 289.833744366964 294.451872507731 308.071295420329 320.537785689036 333.915869394938 332.73591597875 289.320747057597 240.554571151733
347.893754641215 346.497416496277 348.200996716817 347.264766693115 343.449791272481 342.126766840617 341.938893000285 341.189622879028 340.821504592896 338.849504788717 336.421688397725 335.500756899516 338.040828704834 339.345494906108 337.002476056417 335.542241732279 331.256488958995 333.559592564901 333.745837211609 328.20999622345 327.513754367828 324.082811673482 322.681268056234 322.770118713379 324.70178604126 321.258425712585 317.988455295563 319.154262542725 320.00595331192 319.776276747386 317.786375681559 310.57075659434 301.690220832825 302.854418754578 301.780541737874 285.399814446767 270.517547925313 276.513159275055 291.66454076767 303.962707519531 312.003016471863 310.030142466227 306.273718674978 311.128973960876 295.56280374527 246.555229028066
340.247273445129 341.967542966207 346.48331006368 344.909469286601 345.281799634298 347.177147865295 347.675085067749 345.755139986674 339.935143788656 338.482817014058 339.725295702616 336.870431900024 337.415297826131 337.709983189901 337.167978286743 334.610064824422 334.211866060893 334.524631500244 335.353016853333 331.095496813456 326.701521873474 325.691441694895 323.04847240448 321.964899698893 321.20688756307 322.516759236654 317.790726820628 318.19744904836 319.648365179698 317.787210146586 314.370413621267 307.002067565918 306.423823038737 306.901295979818 293.517490228017 270.968596140544 266.320963700612 280.380050341288 299.91892973582 304.90497748057 304.794410864512 300.459126631419 292.737682660421 290.765126546224 284.270763397217 253.507971763611
340.096394220988 343.604644139608 344.958146413167 344.749410947164 345.766504605611 346.849163373311 346.270879109701 344.462990760803 342.137614885966 339.630325635274 340.747555096944 338.663697242737 335.778037707011 334.181785583496 333.123207092285 332.234601179759 330.313205718994 333.712379137675 333.864808082581 332.916955153147 329.38692967097 327.054619789124 325.675288836161 325.243671735128 320.648451646169 323.554714520772 324.302315711975 321.338295936584 317.644496758779 314.755976200104 308.556020259857 303.630789120992 302.193800608317 297.899127006531 285.193502902985 268.797079722087 270.136515299479 286.158919334412 301.498035589854 300.016721089681 301.435430844625 293.849309285482 281.341294447581 276.368717352549 276.607036590576 265.378812948863
343.865712483724 346.149484316508 344.525257746379 345.789233843486 344.533840815226 344.7159131368 344.98127301534 343.91462802887 345.000982284546 342.395901679993 342.162807782491 340.021093686422 337.672869364421 334.140141805013 333.856105804443 335.193832715352 330.386539300283 332.886974016825 335.235873858134 333.47487449646 330.86367448171 329.4691046079 327.983816464742 327.71889368693 325.653930505117 322.640299797058 325.695355733236 323.07767868042 318.272054195404 314.630667368571 308.537065982819 304.015914599101 301.76321665446 292.70605246226 277.878860632579 263.121644655863 268.496513366699 286.020716031392 293.643792470296 287.597815195719 293.110013008118 284.74626938502 272.989849249522 275.589346885681 285.75074672699 276.794115702311
343.871156374613 344.629565874736 345.736861228943 346.329569816589 345.512310663859 345.685879389445 346.09858194987 346.381187438965 345.0954357783 344.948212305705 343.013008435567 342.767715454102 340.000589688619 338.507731755575 337.295651435852 339.695890744527 337.146123250326 332.751949628194 335.819244384766 334.3266248703 331.729094187419 329.674283663432 328.249573707581 323.202192783356 327.140867710114 322.586437066396 320.423384507497 320.046802361806 318.019032478333 314.839462439219 308.656811714172 306.204954783122 300.125539302826 289.365390936534 275.990684827169 264.77837562561 272.323509057363 285.230040550232 283.366521199544 285.116891066233 291.831076145172 280.765016873678 276.559829711914 283.598204453786 292.475918928782 283.967276414235
341.284950574239 342.080036799113 344.891468683879 344.660639762878 346.04819615682 346.593817075094 345.825433731079 344.791134198507 344.343781471252 346.120397249858 344.050447146098 342.414577802022 340.810775756836 341.02463722229 338.75560760498 338.667909304301 337.202946345011 331.411719322205 333.895921707153 332.635184129079 329.720775286357 327.424585819244 329.746246337891 322.156111399333 323.77831141154 321.069518725077 315.005878607432 316.04677438736 315.824091434479 313.752929369609 309.202253818512 306.668758392334 297.993699709574 294.5343653361 287.154714266459 274.476945400238 276.957889397939 284.031430880229 286.024292310079 292.65292485555 289.870003859202 282.567282517751 284.547487894694 285.524785518646 285.062630971273 276.589353879293
337.484796841939 338.773369789124 341.154972712199 342.77351697286 345.813035964966 346.053759256999 344.430088996887 343.74459584554 345.44046719869 346.693396568298 345.843990643819 343.321720759074 342.775781949361 342.344522476196 341.192007064819 337.647835413615 335.081060727437 331.611732641856 331.864198048909 332.167585690816 332.190871238708 329.355080922445 327.56519317627 323.766271273295 319.554766019185 323.053101698558 317.743718624115 318.688114484151 318.530817826589 317.581872145335 316.959222157796 312.54243850708 305.058221022288 303.559084733327 296.675006548564 279.56744035085 279.891908168793 287.482301394145 292.05322265625 292.539974053701 282.971481482188 280.365943908691 279.325544834137 273.991048336029 271.461923917135 271.045804023743
336.913069089254 334.88130569458 336.99909845988 341.464440027873 343.627413113912 344.858566919963 345.258076985677 346.795638402303 347.746888796488 345.627864201864 346.60013516744 345.968166987101 344.593445460002 342.477401097616 340.695301691691 337.5084400177 335.590203603109 330.46813805898 331.642667452494 334.195494651794 332.519312699636 329.395254453023 328.375438849131 327.211320400238 322.089632352193 321.92599773407 321.388562520345 319.610555966695 321.882208188375 321.749150753021 321.999351183573 317.233443260193 310.599525769552 309.372782707214 300.800919532776 284.671048323313 278.556227684021 286.442081133525 292.363107204437 282.757341861725 271.540999412537 274.880886077881 274.972816308339 269.474784533183 268.664260705312 272.158980369568
337.038954099019 338.391621907552 340.168197949727 342.341065406799 342.793107032776 342.862725257874 345.972696940104 348.330895105998 348.36212793986 347.711642583211 347.7623462677 346.966822942098 345.514059066772 342.675487200419 340.683579444885 342.640399932861 336.398681004842 333.382209142049 331.511378288269 334.863424301147 332.954883575439 330.687681833903 327.771405378977 323.888897895813 318.478306134542 321.637113889058 320.564329624176 320.032477378845 321.69904311498 324.043850104014 324.69246784846 318.981389204661 310.551385084788 308.264672756195 297.905882199605 284.278710683187 279.737750689189 283.904353777568 283.474286397298 271.299242973328 268.480519453685 279.272933801015 277.765373388926 270.597239335378 269.645651181539 265.706857045492
337.221463521322 341.573675473531 342.830856641134 344.295899073283 342.613021532695 342.306852340698 345.405101776123 347.855647404989 347.850680351257 349.338412284851 348.419427871704 347.377101580302 344.65750058492 341.46253267924 341.02729956309 342.305938402812 339.443882306417 332.709352175395 328.74721288681 329.274853070577 327.443242073059 327.537953853607 323.361078898112 317.944784959157 315.521458784739 315.813899040222 317.929963270823 317.609846591949 315.709948539734 318.327744801839 321.404973665873 317.486186822255 304.834842681885 295.663456122081 271.942893664042 259.444971879323 270.021597544352 278.281271457672 276.878992716471 276.684761047363 284.14245446523 286.596179008484 272.08948135376 263.60418399175 271.567126115163 260.548869768779
337.526043256124 336.907784144084 336.291948954264 338.468035062154 341.283440589905 343.957344690959 344.301263491313 346.41973177592 346.4062611262 347.832878430684 346.352060635885 346.310655275981 346.304535865784 342.041254043579 338.916420936584 338.100671768188 338.000019391378 329.068779945374 323.267261187236 321.220656236013 322.385946909587 320.191442966461 319.443265597026 314.858237902323 314.48757648468 309.588710467021 309.910714626312 309.792478879293 308.937966823578 306.776583194733 309.840718905131 311.024606227875 287.918289502462 264.245351155599 238.519906997681 228.319406509399 242.004334926605 266.440530618032 281.30575021108 276.779592037201 277.687271436055 272.800187269847 260.20481189092 262.957195440928 267.468253771464 244.620680809021
340.322494506836 334.574143091838 332.073469956716 335.543870925903 342.2824939092 345.841606458028 345.558166503906 345.526099205017 345.077435175578 345.225294431051 345.554272333781 345.87566057841 345.738569895426 344.063520431519 338.634133338928 336.819688479106 335.361202557882 326.54990752538 320.816298325857 321.652472019196 320.437371730804 319.543401400248 315.656244754791 312.027970949809 312.731683254242 308.752218882243 307.693421840668 307.267824808757 305.651624997457 300.054490566254 294.292489687602 287.637670834859 265.012184778849 239.42631483078 230.199833710988 226.496001084646 219.779193401337 229.643205801646 245.355705420176 264.528373877207 270.023385683695 260.315477848053 255.992591381073 259.384493033091 250.843405723572 230.208734671275
340.696652730306 337.485591570536 335.36438147227 337.002317110697 342.794378598531 346.360127131144 347.057898839315 344.663143157959 345.896005630493 344.201962153117 345.000028610229 344.86730893453 343.458573023478 342.975378036499 336.970925331116 337.39956219991 333.368857701619 327.297369639079 322.915991147359 323.808352152507 323.527852694194 320.138831933339 317.579587300618 315.58883190155 312.123656272888 310.982485612233 308.949748675029 306.67632818222 303.465485572815 298.899213473002 287.824372450511 279.47199344635 256.25209013621 242.526590824127 246.295750141144 249.690492947896 242.615342140198 233.733296394348 223.716537157694 232.303778330485 248.94924958547 241.117596626282 234.667897224426 228.634715080261 224.288463592529 220.556457837423
342.95121828715 342.216014862061 338.509321212769 335.400819778442 338.587403297424 344.638824462891 346.238215764364 343.719720840454 343.512455622355 344.62296962738 345.034082730611 344.505230585734 341.63494904836 340.663472811381 335.325280825297 335.437138875326 334.963242212931 330.633441607157 325.979908307393 324.516236782074 323.047677675883 320.968826611837 319.969971974691 319.441159566243 315.952837467194 313.905119895935 307.437737782796 301.573713620504 295.943856239319 292.185246944427 289.862195650737 284.57244237264 263.957182566325 256.753166516622 260.678092638652 268.105387687683 279.093543688456 275.395452976227 258.956472078959 229.441245396932 228.819330533346 229.559262593587 226.75351301829 224.743803342183 230.344355106354 236.419717470805
344.340721766154 344.051361083984 342.283765474955 337.614814440409 335.889975229899 341.263135274251 343.463023503621 342.747211456299 339.751362800598 341.624935468038 344.411691029867 342.746059099833 340.028047561646 338.0153576533 337.23771572113 333.151658376058 333.507140477498 329.359650611877 327.616274356842 324.337641398112 324.897666772207 323.014934857686 319.625318050385 315.705935160319 313.780784606934 313.110252221425 299.674570560455 281.511267026265 275.162180264791 279.981712500254 287.844916184743 282.940328121185 265.388508637746 258.265614509583 265.093425909678 275.256117184957 291.304051876068 299.999078114827 290.507594744364 259.947021802266 233.708441257477 236.423591772715 243.816296259562 254.622876644135 264.835397402445 268.082718054454
343.753854433695 342.208663622538 342.619736989339 340.410828590393 334.572076797485 337.144295374552 341.091275215149 340.923587481181 339.498360951742 336.24255657196 340.449293454488 341.012239456177 337.748805681864 336.854656537374 338.172872861226 332.675258318583 332.062443097432 329.168915748596 325.983146826426 325.767477353414 325.014531612396 323.39737812678 319.950699806213 315.40717681249 314.4837419192 313.798944155375 299.752612908681 282.484889030457 281.897902488708 286.502043406169 292.822261651357 284.554163614909 272.99690246582 272.51789967219 284.515420595805 287.466843922933 293.40922832489 281.947453816732 250.776688257853 242.193798224131 253.09815009435 263.000289599101 258.235911528269 251.77135070165 253.137449423472 263.997872670492
337.012847264608 340.6662940979 340.287446975708 339.365681012471 334.821581840515 331.37724796931 340.580185254415 339.755773544312 335.811535517375 332.627415657043 336.777448654175 338.791767756144 338.365793228149 334.743897120158 334.384560585022 331.396420796712 327.699561913808 328.705410162608 324.878851572673 327.116111914317 326.818307240804 323.980212211609 322.351137797038 317.940016587575 316.854576269786 317.602594693502 311.85774008433 309.29704507192 305.659492810567 301.788071791331 297.394315401713 287.437756856283 283.919394016266 281.108061472575 279.918948809306 266.109466552734 246.828039487203 211.907426516215 194.709499677022 231.536587079366 267.993648846944 269.108831882477 248.482267061869 243.370016415914 255.902369817098 269.77131764094
329.93878920873 338.604768117269 338.909864425659 335.18906434377 334.505955378215 331.057906150818 332.039256890615 337.641000747681 339.282393455505 332.482973734538 336.408853530884 337.486147880554 336.897929509481 335.384289423625 332.152426242828 330.1100730896 327.384213606517 324.492355187734 321.704129378001 320.233444372813 321.017464001973 321.944673856099 320.716182390849 318.806529045105 318.704883257548 321.504493554433 321.887532869975 322.394172350566 309.236963589986 307.12632338206 297.554055849711 286.007682482402 284.116427103678 266.685485839844 238.710621992747 207.575658957163 194.736421108246 187.120219071706 183.104554812113 207.872986793518 234.697560469309 252.220054467519 250.209470589956 262.545088926951 293.256123860677 303.099850813548
