input/barkrak2/radiation/dir14824.grid
NCOLS 85 
NROWS 70 
XLLCORNER 665100 
YLLCORNER 4664600 
CELLSIZE 20 
NODATA_value -9999 
[rows 40 to 59 of 70, columns 0 to 45 of 85]
332.424362500509 333.215435345968 333.168923854828 334.943175315857 339.518626530965 342.528541882833 344.412644704183 347.078522046407 347.845315933228 339.392940203349 330.345531304677 326.894481976827 324.064294497172 323.092977205912 319.827357927958 318.266908327738 317.262272040049 316.713114579519 311.282098293304 309.14036432902 311.927437782288 315.046946207682 316.435217857361 310.567061106364 306.640366713206 304.871181646983 311.485648155212 309.939761956533 310.554246107737 310.10103225708 307.743231455485 305.138687292735 282.053589820862 278.10134490331 299.912611643473 300.301512082418 290.910681088765 290.214419364929 290.724158287048 280.474623044332 289.693137009939 327.352325121562 341.447869936625 292.925000190735 232.030868530273 189.955910046895
337.047179539998 335.345228513082 335.506637891134 336.114605267843 334.122737248739 332.730730374654 332.517782847087 332.46914545695 334.949254989624 330.317914485931 324.575006961823 324.883202711741 326.262990633647 326.624194780986 323.42137893041 322.300533453623 316.426018873851 320.670982201894 319.847146670024 314.832945664724 317.151645819346 317.21423069636 315.680881341298 315.837482611338 315.781474113464 311.042348543803 313.597957293193 313.413242499034 313.076615333557 311.99324131012 311.611711978912 306.103487809499 288.469731807709 289.534727732341 300.904552141825 291.595935821533 277.098973592122 276.617805163066 283.489267031352 288.910965124766 304.822862148285 317.573487758636 328.076422214508 321.460982163747 275.527894496918 226.983348528544
338.697989781698 337.136824925741 339.004596074422 338.421861330668 334.187308947245 332.681119441986 331.854621569316 330.182174841563 329.717735449473 327.647844950358 325.870553652445 324.924846490224 326.611896355947 328.104972839355 326.883693536123 323.927303155263 320.859213670095 323.506991068522 325.475891431173 319.815317789714 317.19038883845 317.145387331645 313.698550065358 314.226190249125 316.289365291595 313.090225060781 307.717124621073 310.315171877543 311.299641927083 310.716191927592 310.382584730784 302.921871344248 295.317272345225 298.455655574799 298.040171464284 280.731777350108 265.309751033783 270.715037981669 285.124142964681 297.757426897685 306.314468383789 304.714401563009 299.677908420563 301.064292589823 281.838059425354 231.464962164561
330.083469549815 331.951459248861 336.990515391032 335.282882054647 336.243708928426 337.463617324829 337.243835131327 335.424860318502 328.810254732768 327.218274275462 329.50214544932 326.425194740295 324.626008669535 327.555775642395 327.055513858795 324.347118536631 325.501720110575 326.003611087799 325.417200724284 322.524646917979 318.003396193186 315.299352010091 312.582929929097 311.439315478007 310.880283514659 312.357942263285 307.680865128835 306.668241818746 308.7065021197 308.36808681488 303.645014762878 297.922094662984 298.262437184652 300.288736820221 288.128435611725 266.031761964162 261.155168215434 274.927020072937 293.851733207703 298.445502916972 298.112074534098 293.976366519928 285.8913342158 281.394441922506 270.909667015076 238.247195879618
330.265204111735 334.123055140177 335.171103477478 334.583600362142 335.712114969889 336.471915245056 336.858709653219 334.220170974731 332.179228464762 329.390744368235 329.679270585378 327.292064825694 325.340588887533 323.670069376628 322.594543298086 323.071797688802 319.666385650635 324.938774108887 325.173735618591 322.706977526347 318.974335988363 316.635549068451 315.250078837077 314.883490403493 310.308972994487 315.53453207016 314.714392026265 311.698158582052 307.969768842061 305.385152498881 299.013078212738 293.919245402018 294.325570265452 290.652592976888 278.920769691467 263.357083002726 265.034119288127 281.072775522868 295.914908250173 293.500741322835 294.486959775289 287.265499432882 274.813115596771 268.199563026428 264.711538950602 250.741978486379
334.408402442932 336.460947990417 334.154844284058 335.7226451238 334.859291712443 334.50702826182 335.413018862406 334.247310956319 334.660689036051 332.481761773427 331.259250640869 331.058283646901 328.513403733571 323.602795600891 323.290725549062 326.104799906413 321.23585542043 322.501401106517 325.13153553009 323.306719462077 320.552885532379 317.677656809489 316.064417362213 313.99005651474 313.640236854553 312.598605950673 316.12104177475 311.855594317118 308.756609757741 305.433054765065 300.473908583323 295.875291029612 292.777915795644 284.111976623535 270.529270172119 256.60232702891 262.459317843119 280.273874600728 287.460545698802 280.42205174764 285.62984863917 277.482231458028 266.340057055155 268.495976924896 276.257713635763 264.191746711731
334.411183993022 334.72462495168 335.484743118286 336.298267046611 335.442622502645 335.564931233724 336.031993230184 337.038199106852 334.814031918844 334.482272466024 333.234250545502 332.952916622162 329.961578051249 329.378326733907 327.084581057231 329.739530881246 327.071925004323 320.826152960459 325.778603553772 322.772920131683 318.422118822734 319.499611854553 318.063259124756 312.886655330658 315.339505672455 310.500840346018 310.409704844157 310.297111670176 308.395326137543 303.993920485179 299.447437127431 296.931525071462 291.169921557109 281.063497066498 268.59305302302 258.171021938324 265.53072532018 278.486669063568 276.914079984029 278.283337752024 284.50334072113 273.602485656738 270.014027754466 277.343690395355 284.933467706044 273.592531681061
330.328941345215 331.844389438629 334.428628285726 334.929704666138 336.047808329264 336.55591805776 335.626840591431 335.253357887268 334.789236386617 336.675723393758 335.314591725667 332.556982835134 331.884602705638 331.096450487773 328.716556231181 328.599194685618 325.716058413188 319.345374902089 320.607662200928 320.978860060374 317.857801914215 317.158341407776 316.195686658223 311.767299969991 311.634282271067 310.914138952891 304.639379183451 306.025087833405 304.457763830821 301.4222184817 298.794865608215 297.637621561686 289.068639278412 285.513937473297 280.3648908933 268.934925397237 270.813941955566 276.877303918203 279.199500878652 286.444703737895 282.770911852519 275.510629018148 278.038183848063 279.466946919759 278.4197529157 268.487016359965
326.031307379405 328.151802221934 330.14319340388 332.099437713623 335.592269897461 336.650689442952 334.858576456706 334.050019582113 336.681922276815 337.316274642944 336.368680000305 334.475755691528 332.949956258138 332.571188608805 330.102721850077 324.861407279968 324.841380119324 317.94544061025 319.9582695961 322.100222110748 318.964004516602 317.537347475688 317.607303460439 311.589976151784 309.325158596039 309.273143609365 303.712904453278 305.020213127136 307.39971001943 308.680474758148 308.625419934591 304.426074028015 294.61262623469 296.602368354797 290.03369808197 274.923423926036 275.029222170512 281.34548664093 285.169978936513 285.958409309387 275.843898455302 272.708217302958 271.96737130483 266.913612683614 264.325499534607 263.756394386292
324.621717135112 323.099811871846 326.256374518077 330.499291419983 333.714524904887 335.197567939758 335.789799690247 337.460517883301 338.450034459432 336.894273757935 337.227384249369 336.577494939168 333.967645963033 331.586718559265 329.609195391337 326.098243395487 323.989510536194 320.120334625244 319.766799608866 321.023404598236 322.771668434143 319.638252258301 314.608375231425 313.245932261149 307.777603467305 308.013478914897 307.555079460144 310.133735338847 312.933882077535 313.440263271332 314.543505509694 311.808586120605 303.488155206044 301.879982153575 293.823023637136 279.975612958272 274.435480435689 281.388878822327 285.271644592285 275.265097618103 264.758984247843 267.576575279236 267.226338386536 261.722505092621 261.264522870382 264.722565809886
325.597703456879 326.959172884623 328.88142267863 332.216004530589 332.740505536397 332.882523536682 337.135394414266 339.164972305298 339.193979899089 338.479598363241 337.655146916707 336.793382962545 335.0696961085 330.662786960602 329.654733339945 329.132397969564 324.932098388672 319.809635480245 317.752798398336 323.527375857035 321.601510047913 317.201197147369 311.778426170349 309.648871421814 306.209087371826 309.850970904032 311.229109764099 310.839692751567 312.920610109965 318.058371543884 317.547480265299 312.953412532806 304.472327232361 300.029873847961 290.547529856364 278.181552886963 275.097628434499 279.700398445129 277.92235215505 264.562686284383 261.164943377177 271.91690603892 271.363039811452 263.352692127228 262.733419736226 258.12965631485
325.629075368245 332.149306933085 332.719961802165 334.322134653727 332.562923431396 332.210958003998 335.745294888814 337.819536526998 337.803443272909 339.492599169413 338.476101557414 336.357275644938 334.221959114075 331.791301568349 328.537881374359 330.135603745778 325.306375821431 317.021648089091 312.492370605469 317.473610242208 315.668940544128 313.775181770325 311.346789201101 307.913422584534 305.422306060791 305.897613366445 308.34303299586 308.160662651062 306.449989477793 309.617777665456 313.602983951569 311.247626940409 299.130340417226 288.572112719218 263.26858997345 251.039445400238 262.843449910482 272.710382938385 272.308091322581 272.062242031097 278.700510660807 280.324995517731 264.105021953583 257.056554158529 265.143950780233 252.534906069438
326.846063137054 326.143622398376 325.490752855937 327.85040140152 331.074078877767 334.023237228394 333.560069402059 336.103836695353 336.084445317586 336.73373858134 336.144884427388 337.200959523519 333.855430285136 331.277887026469 326.102415720622 326.922456423442 323.554317156474 312.891900539398 310.882886250814 308.80339940389 310.114105542501 310.000042120616 309.356113274892 304.525117079417 301.94628238678 299.288213253021 299.756010373433 299.768964449565 298.996826012929 299.503326416016 302.871068318685 303.285082181295 282.374978065491 256.234089533488 229.67529296875 218.742251396179 232.525706291199 258.150815963745 275.259713331858 272.380510965983 273.402412732442 267.273207505544 253.051658471425 255.093137423197 260.771930217743 237.935900688171
329.823553562164 323.526501655579 321.761071681976 324.652632077535 331.245541572571 335.305730501811 334.036111831665 334.095994631449 334.549188613892 333.573579788208 332.878530025482 334.453860918681 334.429939587911 330.899079640706 325.74466864268 322.142601013184 322.285115718842 314.468820889791 310.558199882507 311.476071675618 310.286005338033 307.151257991791 305.378794670105 301.615138848623 300.038456916809 298.369348049164 297.362486521403 297.030886014303 295.424977938334 292.120198408763 285.935997962952 278.219064076742 256.748497486115 232.313394546509 222.206870714823 216.50489171346 208.747526009878 219.365954399109 236.152172088623 257.275780042013 263.964414596558 254.145483175913 249.474624792735 251.62144502004 243.559837341309 223.666071891785
330.862959225972 326.69198513031 324.420173962911 326.326807339986 330.766936143239 334.875027338664 335.692763328552 333.018720149994 333.227852980296 332.369387149811 333.303252855937 330.373644828796 331.660012404124 329.534729321798 325.787285963694 322.701513767242 323.892811934153 317.470808823903 312.88754940033 313.88779481252 313.65563472112 310.084462165833 307.445565859477 305.490394433339 301.908691724141 300.790270169576 298.722962538401 296.380678812663 292.983373006185 286.281685034434 277.134855588277 271.132588386536 249.367853005727 236.40509446462 239.791770776113 241.78949991862 232.767919699351 222.365180651347 212.422569592794 222.660581270854 240.275541941325 234.151264031728 227.143247922262 219.924926757812 215.861757596334 213.60703309377
332.122683525085 331.199129422506 326.985398928324 322.40508000056 325.835903485616 332.745711008708 332.549254099528 330.714325110118 331.548631191254 329.891324043274 333.22540918986 331.172366937002 329.526702562968 330.063462257385 325.979590415955 324.263691902161 323.8512078921 321.147958437602 316.228985786438 314.638336499532 313.105165958405 310.998598734538 310.114920139313 309.754431247711 306.076904137929 303.965369860331 299.602727095286 293.285250663757 285.213947296143 281.515757242839 279.348909854889 276.432156562805 256.866633892059 251.282036304474 255.640804767609 262.591580549876 271.702289581299 266.279021898905 249.262015024821 219.488501548767 218.339006106059 222.250203291575 219.64035431544 216.431359450022 221.686442693075 229.214469591777
332.999924818675 332.573771476746 330.283919970195 324.872612953186 321.402291456858 328.650156656901 331.480940183004 328.140417734782 325.590233008067 327.458123366038 330.99361260732 332.327564557393 329.34691508611 330.540915330251 328.158020973206 323.716799418132 324.234902858734 319.879750410716 315.830449263255 314.566552639008 313.044865926107 313.304742177327 307.448426882426 308.210055033366 303.831895192464 303.014715512594 288.775563240051 269.92404460907 265.386641025543 270.567198594411 279.012362162272 273.484985033671 258.248686790466 252.150555451711 259.886642297109 270.852625370026 286.546289920807 293.617049853007 284.596383571625 251.125673453013 224.624971548716 228.503207365672 237.385074297587 247.619926929474 257.223625977834 261.717200279236
332.397242387136 330.399612585704 329.480747381846 326.61904891332 321.220437685649 320.936898390452 327.229817708333 328.58685652415 325.153787930806 324.910799662272 329.679071903229 330.466687679291 328.444381554921 327.651341756185 327.38729317983 321.260293324788 322.607159614563 317.551732063293 316.306233406067 316.176931063334 315.516412258148 313.939372698466 310.275455315908 305.440525213877 306.834578514099 303.983946641286 289.478619893392 271.217405796051 270.343840122223 277.545134226481 282.196362813314 275.092403093974 265.102565288544 266.26972357432 279.764334360758 283.588190873464 288.903494675954 271.997332572937 243.124445279439 235.541085402171 245.53656578064 256.259242693583 251.258214314779 243.615587552389 244.493544101715 255.951702594757
324.062248071035 328.541815280914 327.806989351908 326.667567094167 318.072954813639 317.608932654063 326.504647731781 328.699151674906 324.331959088643 323.050061861674 325.589021046956 329.626341660817 327.55188147227 323.4770099322 323.192795117696 321.83446486791 317.925989627838 317.032217979431 317.534387111664 317.73720184962 317.569692929586 314.560294151306 312.884449958801 308.184146881104 307.119965553284 308.28320980072 302.837332089742 297.771672407786 295.728842417399 289.454778035482 290.036420027415 280.05705277125 276.686151822408 276.337623596191 273.046016693115 258.60067208608 240.660846233368 203.776796658834 185.435771942139 222.344636917114 259.205420811971 262.95014222463 243.095735708872 236.991882324219 247.50292301178 261.021951834361
316.564242045085 324.95923837026 322.252333164215 320.273240407308 319.300055503845 315.393765767415 320.013483365377 327.923576037089 328.306555747986 323.182543118795 325.163424015045 326.553026835124 327.642162640889 324.206034342448 322.702129681905 322.398861249288 317.580918471018 314.733346303304 311.878720919291 310.324549674988 313.470959663391 312.233448028564 311.023195584615 309.104601542155 309.154450893402 312.637388706207 312.602321306864 316.421727339427 302.99590031306 300.712625185649 290.451327959696 276.840051015218 274.770637353261 258.321225643158 231.677889823914 200.093885262807 188.440263271332 179.082036018372 173.124432563782 196.211218833923 223.333557446798 243.734240531921 244.660258293152 257.895747820536 288.039167722066 296.643316745758
