input/barkrak2/radiation/dir10024.grid
NCOLS 85 
NROWS 70 
XLLCORNER 665100 
YLLCORNER 4664600 
CELLSIZE 20 
NODATA_value -9999 
[rows 0 to 19 of 70, columns 0 to 45 of 85]
264.966924985249989 277.480284372966 289.475480715434 301.469326019287 306.322614351908 305.209199587504 296.984553337097 290.902197360992 293.651700019836 294.257322947184 293.382485707601 296.725749969482 298.003574212392 298.077583312988 300.237019856771 295.035560925802 285.546739896138 276.322106520335 272.63875802358 262.728631496429 251.41700108846 259.270071983337 283.690512180328 290.63093662262 291.53045018514 297.936757405599 295.872330665588 281.394124031067 266.634623209635 262.605011463165 259.598473707835 274.354100227356 307.013134161631 305.803179740906 307.20309416453 294.150988260905 299.566706021627 311.090270678202 302.365342775981 306.423246860504 293.795267740885 291.710694630941 301.300684611003 309.666752815247 306.361516316732 304.41693464915
245.98507086436 261.351923147837 274.267137050629 288.122395674388 297.506233056386 299.243013064067 293.815990289052 290.59104124705 298.250714937846 298.236966133118 293.428361415863 295.326590538025 298.265357812246 299.521704514821 299.290299415588 295.564909776052 291.955212752024 284.82186794281 281.294922033946 269.58970228831 264.533778031667 275.846282641093 292.413433392843 296.20889822642 298.547744750977 300.846795241038 295.402268568675 283.669908841451 270.682652791341 263.899226983388 264.712889989217 286.523719628652 306.540111700694 305.593331654867 306.589285532633 296.302378177643 299.807608127594 307.460784912109 301.798701286316 308.973034222921 303.637623786926 296.362618605296 299.611210823059 305.007874965668 305.617213249207 306.555847326914
211.077332496643 223.715523878733 235.63951253891 246.351937452952 259.192029635112 268.24293533961 275.598843892415 284.876942634583 292.084693908691 291.342854499817 287.567973136902 291.251460711161 300.444662570953 304.317057132721 301.427006721497 306.02365732193 309.021155039469 303.710361321767 292.372902234395 283.489286899567 286.772946516673 291.602452596029 294.732789198558 295.740644137065 300.266484419505 300.959229469299 293.125847975413 282.533844312032 273.589889208476 268.512050310771 272.057791550954 296.301265557607 301.22172832489 304.506361484528 306.499838829041 301.104923089345 298.624296983083 297.53589630127 301.541010538737 308.608333269755 304.313917954763 294.803241888682 289.401014645894 295.605540275574 306.107779343923 308.160662651062
192.631900310516 194.351315498352 202.45357354482 209.623773892721 215.912600358327 221.3942805926 228.431840737661 243.043581644694 261.139492193858 274.961034456889 283.415098985036 294.38845316569 303.560853004456 306.860248247782 307.160218556722 309.325635433197 308.952450752258 302.864491939545 294.050733248393 289.984583854675 288.424909114838 286.771655082703 293.913622697194 295.773923397064 295.843799908956 297.72158463796 294.024189313253 286.315401395162 281.157652537028 278.430024782817 276.601095994314 299.867153167725 301.374912261963 303.097089131673 303.726474444071 305.17170826594 303.274532159169 301.586409409841 307.98598130544 306.365072727203 298.861563205719 285.869538784027 282.581845919291 296.293159325918 310.084720452627 306.676864624023
215.345164140066 198.090513547262 185.613592465719 177.186171213786 180.851499239604 197.148859500885 217.626293500264 227.512001991272 237.44793732961 244.610766569773 263.884286085765 283.415536085765 295.23233572642 300.828337669373 304.27873134613 305.927058060964 300.180117289225 292.091906070709 289.342443148295 289.416948954264 285.584012667338 284.165918827057 293.359080950419 294.798950354258 295.110007127126 298.887630303701 296.595732371012 290.041228135427 284.963488578796 281.093597412109 286.393483479818 305.914461612701 304.694294929504 305.141448974609 301.833192507426 303.0713001887 307.133555412292 307.807703812917 305.532614390055 302.307705084483 300.1682360967 293.357253074646 293.982883294423 298.989335695903 302.716135978699 299.895405769348
256.906270980835 230.830947558085 203.9608558019 179.912288983663 171.308954556783 182.763417561849 208.120008309682 224.822560946147 228.409787019094 228.239039580027 238.362570603689 251.636385917664 260.934273401896 267.176032066345 274.815996487935 280.684689680735 280.153691768646 280.315717061361 285.358170668284 290.335913499196 290.34556945165 293.822129567464 297.006408373515 295.898278554281 297.199408213298 300.660967826843 298.432389895121 294.1073179245 287.454863389333 285.355150699615 296.854138374329 306.795159975688 307.713866233826 310.158630212148 304.757475852966 302.052915096283 306.085069974263 305.949091911316 300.382355848948 301.234404246012 301.452378431956 297.313094139099 296.697735786438 297.602593898773 290.693501631419 276.255230108897
277.278304100037 255.136132240295 235.650539398193 215.187986691793 193.691611289978 181.074937184652 188.92498811086 217.72837638855 230.973879496257 238.380750020345 235.550800959269 230.528811613719 226.414144039154 222.605029741923 224.878052870433 239.862402280172 250.956257184347 267.83017317454 283.194164435069 292.877833048503 295.393089453379 295.827706654867 297.82505830129 296.783407529195 297.707120577494 299.907962481181 300.189753373464 298.061589399974 292.798896630605 294.538855552673 302.622437477112 308.981736501058 312.508682409922 311.236123243968 308.529019355774 302.371184031169 301.305870215098 299.456795056661 298.47240447998 298.455834388733 294.659972190857 291.332026322683 294.149120648702 295.656522115072 280.689616998037 272.29114373525
284.776329994202 276.010831197103 265.74037472407 251.136620839437 229.144394397736 198.609113693237 177.503764629364 177.719632784526 211.640954017639 236.614286899567 243.623932202657 239.803036053975 231.232007344564 221.66899840037 209.097584088643 212.590793768565 225.054482618968 240.52103360494 262.721002101898 280.131697654724 289.255579312642 293.283998966217 298.455437024434 297.19336827596 296.048859755198 296.464284261068 296.915630499522 295.44452826182 293.957610925039 299.388766288757 306.090931097666 309.474627176921 309.848268826803 307.027141253154 302.842736244202 299.327850341797 299.401978651683 294.721007347107 287.16782728831 280.49369653066 283.161441485087 291.234393914541 302.527745564779 305.276036262512 291.506012280782 286.542534828186
277.704974015554 278.183460235596 274.535079797109 267.159998416901 254.485825697581 233.268241087596 203.647196292877 174.33492342631 188.132643699646 211.193819840749 230.867743492126 240.100979804993 241.872350374858 239.035387833913 227.526485919952 220.131893952688 217.508574326833 222.063581148783 236.305038134257 252.40820646286 267.39768187205 279.15487686793 286.502321561178 283.904135227203 285.438418388367 286.493837833405 287.443896134694 287.819862365723 288.439492384593 295.577009518941 300.204714139303 299.993773301442 299.087941646576 299.168785413106 298.182010650635 298.418581485748 296.614706516266 292.338788509369 280.348022778829 279.629230499268 294.062038262685 305.034001668294 310.074587663015 308.000127474467 296.647985776265 290.33903280894
250.035842259725 259.378830591838 264.165858427684 264.209866523743 261.393745740255 257.659395535787 242.100755373637 224.025170008341 192.378441492716 182.969868183136 196.849505106608 221.976161003113 242.952704429626 253.017365932465 254.448056221008 245.813250541687 231.170396010081 226.09414656957 225.418011347453 228.804071744283 236.700256665548 244.42865451177 253.320574760437 260.334928830465 268.24277639389 271.132568518321 272.548139095306 273.02626768748 274.686237176259 280.880192915599 282.253682613373 282.571852207184 288.327813148499 292.297621568044 294.318457444509 293.485542138418 292.00553894043 292.701244354248 279.961387316386 286.488751570384 304.06661828359 310.415267944336 310.157616933187 307.166377703349 294.252912203471 288.467605908712
198.338846365611 212.340116500854 225.072761376699 235.600670178731 245.073755582174 252.761324246724 254.46081161499 249.362111091614 222.435355186462 196.064472198486 181.781709194183 189.757426579793 217.326521873474 242.474993069967 256.791492303212 246.960838635763 239.429891109467 232.537726561228 224.594235420227 219.27676598231 219.565331935883 219.247460365295 223.209182421366 236.365755399068 248.750646909078 256.463785966237 258.310755093892 258.530994256337 264.001627763112 268.939693768819 271.756748358409 274.738987286886 283.312360445658 286.926786104838 286.555171012878 285.980602105459 289.151390393575 291.866719722748 289.700190226237 296.859224637349 306.433260440826 309.583147366842 309.798340002696 307.617127895355 300.157646338145 298.049648602804
155.382335186005 160.886496305466 169.77455218633 182.636062304179 199.150443077087 215.964317321777 234.472473462423 240.751445293427 241.588711738586 227.999905745188 201.195458571116 180.867036183675 183.65478515625 207.2993516922 234.076321125031 237.522443135579 243.672629197439 240.390419960022 230.649212996165 220.108866691589 213.527143001556 210.905571778615 210.610886414846 219.739059607188 228.592813014984 234.586397806803 237.574378649394 241.908649603526 248.692711194356 253.393749396006 257.545530796051 262.841661771138 268.870135148366 271.86119556427 271.985312302907 273.559510707855 282.536447048187 291.030506292979 294.301887353261 300.977985064189 305.329104264577 307.499825954437 306.353946526845 303.347170352936 298.380434513092 297.309676806132
142.268925905228 136.921346187592 134.560078382492 134.486893812815 143.995414177577 161.080648501714 186.956465244293 209.196527798971 238.260587056478 243.243992328644 231.773972511292 207.789301872253 178.697427113851 176.383217175802 200.195093949636 227.371533711751 243.139545122782 245.43829758962 240.557134151459 231.410145759583 222.577611605326 221.873005231222 221.386770407359 222.265084584554 222.397685050964 221.90934419632 226.158936818441 235.035200913747 238.702297210693 240.102231502533 245.226780573527 250.183800856272 251.809120178223 253.606239954631 256.314953168233 261.32861773173 271.752079327901 282.607833544413 284.997999668121 291.947106520335 296.236038208008 296.398897965749 295.543154080709 296.031892299652 290.886600812276 291.022042433421
128.658751646678 103.750079870224 87.6054565111796 81.9971263408661 76.7755607763926 82.5335830450058 103.167454401652 141.894310712814 185.940007368724 222.253759702047 241.145014762878 240.774611632029 221.321662267049 194.536169370015 191.647251447042 217.695991198222 234.776377677917 247.965037822723 254.225134849548 250.200092792511 238.877713680267 235.688289006551 232.330501079559 231.980741024017 231.821894645691 229.385276635488 232.243696848551 240.806519985199 240.594744682312 234.196722507477 239.577809969584 244.944751262665 245.967050393422 246.296962102254 250.061174233754 257.141550381978 262.333750724792 267.775217692057 271.086017290751 272.989968458811 277.52411365509 281.938592592875 287.479301293691 291.784326235453 287.078380584717 289.266010125478
120.349625746409 86.0326091448466 61.133086681366 50.8355150620143 48.5462695360184 54.8251221577326 65.5335287253062 93.1745966275533 122.083952029546 173.473715782166 228.618582089742 258.304635683695 262.467344601949 243.380347887675 216.754158337911 212.227523326874 217.713077863057 233.415842056274 250.428219636281 259.072542190552 256.953279177348 250.716169675191 248.16240866979 244.489868481954 241.103291511536 239.640275637309 241.045991579692 243.334233760834 238.793750603994 233.9715162913 237.367570400238 242.285947004954 242.38266547521 241.652925809224 245.606660842896 249.508480230967 251.286784807841 249.500532944997 253.773272037506 254.416982332865 260.107616583506 266.799330711365 272.345006465912 275.785664717356 275.655051072439 278.08666229248
110.551108916601 83.3852390448252 51.595280567805 31.225174665451 44.3920989831289 67.9834187030792 76.1947731177012 87.3406132062276 107.59292046229 136.832157770793 181.485017140706 227.488160133362 259.880403677622 270.780841509501 250.350594520569 219.443619251251 208.276232083639 210.997462272644 227.786898612976 253.049572308858 264.185150464376 259.265979131063 260.124325752258 253.885229428609 247.314274311066 247.564156850179 249.835948149363 246.076464653015 241.007049878438 243.228077888489 243.63919099172 243.012885252635 240.118344624837 237.934788068136 238.776723543803 238.119820753733 236.061771710714 231.169740358988 234.304785728455 236.462950706482 241.22816324234 246.297796567281 249.358753363291 251.083652178446 261.444469292959 266.31623506546
95.4445898532867 83.9513142903646 57.1793218453725 23.1693312525749 31.4440205693245 58.8619212309519 76.9592275222142 92.9761528968811 110.745002826055 122.546086708705 144.18430129687 181.805272897085 217.618981997172 230.717957019806 247.110883394877 246.972719828288 239.482124646505 225.320518016815 214.327295621236 225.689768791199 250.468134880066 262.94223467509 266.482730706533 261.909008026123 254.280845324198 255.176365375519 259.04506444931 255.034883817037 252.44144598643 257.313211758931 255.711197853088 244.164824485779 238.116999467214 234.016935030619 229.289094607035 228.188554445902 223.611911137899 221.541325251261 222.390691439311 225.982467333476 227.824807167053 230.929811795553 234.029392401377 236.815512180328 252.669294675191 261.419773101807
87.4726275602977 88.2764458656311 75.5702356497447 35.6169790029526 32.0402681827545 60.8320186535517 82.4930916229884 104.446003834407 121.185372273127 130.441109339396 138.959586620331 161.46332025528 186.513463656108 210.757454236348 226.899842421214 241.25881989797 247.781197230021 245.838105678558 229.325592517853 215.68908294042 228.181779384613 253.717064857483 260.005593299866 261.377135912577 261.898477872213 266.055742899577 269.737044970195 268.423199653625 265.778144200643 267.292400201162 260.815560817719 249.547481536865 241.186519463857 233.492732048035 227.169315020243 224.280377229055 221.594293912252 220.888018608093 221.085011959076 222.57794936498 225.071271260579 226.862649122874 227.152069409688 230.143169562022 242.052356402079 254.315714041392
92.5660232702891 100.759088993073 100.992659727732 67.6347265640895 54.6429653962453 80.1815042893092 97.68412510554 115.420877933502 133.311450481415 148.253490527471 159.687548875809 166.458944479624 178.574462731679 188.088854153951 202.737808227539 226.08604033788 237.952291965485 243.035991986593 244.793474674225 230.666100978851 216.536164283752 230.561117331187 243.116497993469 255.162080128988 265.61572154363 272.503634293874 274.755001068115 276.654203732808 270.802617073059 268.39284102122 260.893603165944 253.997047742208 244.914948940277 235.791643460592 230.94379901886 226.134677728017 224.939068158468 221.133967240651 220.548272132874 223.134795824687 227.237443129222 229.087551434835 227.770964304606 230.339884757996 232.317805290222 245.36923567454
99.4024475415548 102.460732062658 115.009526411692 108.193337917328 93.4881766637166 98.9790260791779 101.918280124664 114.811559518178 128.3793648084 148.463279008865 160.535206397374 161.124755938848 162.434687217077 169.377148151398 184.15113290151 204.248030980428 216.332137584686 228.431701660156 232.381661732992 242.302854855855 236.877163251241 226.391613483429 228.247006734212 239.508072535197 255.34059604009 266.399661699931 273.662030696869 275.365193684896 268.649995326996 267.281532287598 261.379281679789 253.477931022644 244.9605067571 238.157411416372 233.975370724996 228.43329111735 224.559704462687 215.92656771342 213.880658149719 221.7964331309 228.436509768168 230.704148610433 232.583125432332 231.685956319173 227.698683738708 238.056778907776
