input/barkrak2/radiation/dir11824.grid
NCOLS 85 
NROWS 70 
XLLCORNER 665100 
YLLCORNER 4664600 
CELLSIZE 20 
NODATA_value -9999 
[rows 20 to 39 of 70, columns 0 to 45 of 85]
146.53147260348 135.33741235733 146.96004986763 182.352324326833 177.10683743159 145.660986502965 134.263863166173 145.717412233353 159.26061073939 174.288034439087 186.192393302917 191.488444805145 195.213814576467 199.896156787872 209.754685560862 232.546369234721 244.809250036875 257.865885893504 275.520225365957 292.670627435048 302.994847297668 295.04652818044 292.513728141785 294.861117998759 296.598970890045 298.607766628265 302.028775215149 300.117532412211 297.076185544332 295.826693375905 288.599371910095 274.82149998347 261.792500813802 253.666321436564 250.419974327087 256.45915667216 256.326218446096 258.677661418915 262.913842995961 267.775177955627 268.99661620458 268.24947198232 271.18980884552 265.463908513387 269.945561885834 274.635831514994
177.380442619324 170.462548732758 177.453935146332 209.316611289978 206.122358640035 152.244458595912 146.536777416865 153.728703657786 162.74215777715 171.938975652059 181.674698988597 186.384956041972 192.121704419454 189.883132775625 203.976194063822 219.941437244415 233.15570751826 247.644603252411 262.4804576238 280.537247657776 291.132032871246 302.473445733388 310.873091220856 310.754934946696 304.582019646962 295.963883399963 280.113855997721 269.306222597758 270.803232987722 267.049431800842 259.057621161143 229.254047075907 205.4363489151 199.760655562083 205.729067325592 226.545612017314 235.152979691823 251.960059007009 263.603270053864 263.806700706482 261.748592058818 260.71298122406 253.477772076925 236.959258715312 259.099125862122 270.155966281891
222.742140293121 225.385705629985 220.44297059377 228.390117486318 227.948168913523 182.677944501241 170.092801253001 163.869460423787 158.953289190928 167.850573857625 179.332852363586 188.958823680878 194.328188896179 199.700951576233 205.06759484609 214.872797330221 229.255874951681 240.879456202189 255.368649959564 256.52539730072 260.043104489644 268.277684847514 273.397703965505 276.504675547282 274.711648623149 265.59849580129 252.064744631449 244.411389033 234.256088733673 226.926684379578 194.154739379883 153.084486722946 128.853460152944 135.593156019847 163.986255725225 190.709710121155 210.986653963725 232.993026574453 247.364302476247 251.290917396545 254.327396551768 255.622466405233 231.091419855754 205.834627151489 236.711839834849 266.962885856628
251.50740146637 249.224742253621 234.377503395081 234.412789344788 233.0388824145 219.587087631226 194.505194822947 168.817480405172 155.196805795034 156.668802102407 182.020445664724 192.174196243286 202.070871988932 212.248762448629 212.993125120799 213.44006061554 223.315874735514 230.656047662099 237.665355205536 230.235517024994 224.681158860525 227.85747051239 240.370293458303 249.863187472026 254.882037639618 255.169133345286 242.490410804749 233.153243859609 211.47874991099 174.722572167714 145.804901917775 119.835724433263 82.9568554957708 57.6138695081075 67.9395695527395 105.097492535909 146.025657653809 183.150331179301 203.494966030121 214.854518572489 213.528076807658 197.372357050578 187.061905860901 219.701727231344 222.457667191823 255.796452363332
245.248277982076 245.293974876404 242.629090944926 236.946721871694 225.507001082102 220.750530560811 198.903799057007 184.249023596446 169.010102748871 163.83824745814 175.517062346141 187.764525413513 201.722721258799 208.913922309875 207.559804121653 205.218176047007 211.622834205627 221.68763478597 229.029774665833 223.678072293599 223.737120628357 218.689461549123 226.127902666728 232.661366462708 237.683018048604 235.239545504252 227.064112822215 217.876593271891 189.71715370814 140.712608893712 120.181689659754 116.274853547414 92.3598806063334 42.796070377032 36.3481988509496 60.6834640105565 96.0727731386821 123.414913813273 153.169314066569 176.595568656921 164.693494637807 144.691437482834 165.432274341583 242.857336997986 241.324146588643 258.646527926127
235.63410838445 240.574638048808 246.485153834025 237.071633338928 226.087590058645 220.913330713908 211.650570233663 211.352090040843 205.178181330363 191.078027089437 187.705318133036 205.180029074351 210.248430569967 217.095295588175 217.976490656535 210.435688495636 211.890021959941 222.617506980896 228.88054450353 234.389464060465 234.489242235819 232.193470001221 226.488133271535 224.180897076925 225.615084171295 226.268609364827 216.887990633647 209.437410036723 176.083246866862 150.888313849767 147.255917390188 161.41277551651 160.127689441045 108.659515778224 74.2568324009577 80.2375326553981 86.2516363461812 105.860352516174 131.763050953547 139.853318532308 135.871311028798 130.673497915268 174.005230267843 239.335258801778 256.520469983419 271.050711472829
236.437221368154 240.051964918772 245.39174636205 239.419519901276 241.500775019328 235.583027203878 233.02561044693 231.375396251678 234.65363184611 230.147818724314 214.592198530833 226.614356040955 224.389851093292 232.941110928853 231.322050094604 220.46172618866 216.828962167104 226.776639620463 232.406695683797 246.565004189809 248.396098613739 243.121862411499 234.041194121043 225.874960422516 226.226568222046 225.334882736206 218.653321266174 213.008920351664 187.223831812541 184.021830558777 202.247262001038 227.627714474996 234.480301539103 233.273466428121 187.467336654663 112.67011364301 105.259994665782 108.589708805084 128.395507733027 138.862550258636 148.229042689006 181.843558947245 199.429710706075 223.238746325175 248.287340005239 259.990294774373
240.171710650126 236.427982648214 239.351550738017 239.628116289775 268.012682596842 255.651215712229 247.843404610952 239.301065603892 241.765360037486 247.013072172801 232.101420561473 228.924949963888 231.955389181773 236.426492532094 237.713833649953 232.380489508311 225.834925969442 233.036577701569 245.508472124736 251.597106456757 249.307453632355 238.29064766566 236.336867014567 235.433499018351 234.123667081197 230.627795060476 226.680636405945 224.393288294474 218.559106190999 219.899694124858 239.634811878204 253.599365552266 256.696263949076 270.075261592865 269.739747047424 185.816407203674 130.513459444046 116.936186949412 119.527767101924 142.561217149099 183.197220166524 245.26317914327 217.483858267466 207.522590955098 227.490981419881 238.080600897471
238.996823628743 228.461464246114 231.900811195374 245.80321709315 285.666724046071 261.756241321564 242.574572563171 232.623418172201 234.060148398081 237.410664558411 230.261425177256 221.524616082509 230.204025904338 235.887348651886 239.085157712301 242.387294769287 236.719409624736 234.220226605733 244.390706221263 246.063947677612 241.446773211161 235.626260439555 235.096096992493 241.355081399282 239.820679028829 235.145489374797 234.221438566844 229.113638401031 228.212316830953 231.740196545919 252.175052960714 268.201033274333 270.103136698405 269.963622093201 282.252788543701 254.441479841868 154.706239700317 102.688630421956 90.8135573069255 118.026634057363 193.116148312887 227.783401807149 203.257540861766 175.475060939789 192.78617699941 205.382883548737
233.778138955434 220.534106095632 227.003673712413 255.951523780823 284.081041812897 258.78894329071 230.923453966777 212.063630421956 205.718775590261 204.412539800008 204.632083574931 205.386439959208 221.790949503581 234.695653120677 239.261269569397 245.057543118795 245.934784412384 231.025318304698 235.439976056417 235.676129659017 237.726092338562 236.624280611674 238.466342290243 243.130226929983 244.701663653056 238.185008366903 240.181227525075 233.195602893829 229.818562666575 239.685912926992 260.106126467387 277.051011721293 273.113032182058 271.162768205007 281.568209330241 288.501421610514 242.972731590271 157.32749303182 118.006487687429 125.429133574168 161.929905414581 177.079459031423 183.771630128225 153.122852245967 160.195688406626 174.382885297139
225.455105304718 233.185291290283 263.227621714274 309.116144975026 304.341733455658 264.950633049011 228.46931219101 196.963667869568 185.229102770487 194.195648034414 191.503961881002 185.385882854462 215.36511182785 236.803650856018 244.210839271545 250.311553478241 249.706407388051 241.288383801778 238.059520721436 240.017811457316 237.139503161112 241.604626178741 242.043375968933 243.184049924215 246.304869651794 249.188383420308 247.812549273173 244.382917881012 240.264932314555 250.673393408457 268.081605434418 279.974460601807 275.961716969808 279.161194960276 286.119401454926 290.099660555522 296.135862668355 280.871291955312 202.922821044922 155.86730837822 142.549594243368 137.652844190598 158.378074566523 151.675194501877 151.222149531047 178.861796855927
244.253059228261 275.931715965271 307.093024253845 319.776117801666 335.516095161438 304.15674050649 260.605057080587 219.531893730164 205.553929011027 219.886461893717 210.947553316752 192.847688992818 209.583640098572 232.426027456919 250.774025917053 255.392253398895 251.757621765137 248.772164185842 241.712649663289 240.214109420776 240.70660273234 244.936684767405 246.832152207692 246.070345242818 247.635761896769 257.282058397929 256.905615329742 259.392221768697 255.571405092875 262.601812680562 273.429234822591 279.903133710225 282.05527861913 288.814266522725 294.040779272715 282.610257466634 287.437280019124 309.854507446289 279.994010925293 206.528107325236 153.982957204183 140.119731426239 145.64511179924 154.403229554494 179.792046546936 208.13383658727
288.926084836324 308.947185675303 311.34436527888 306.277334690094 321.718474229177 329.66289917628 311.767935752869 278.055389722188 253.370364507039 248.037000497182 249.146242936452 224.890907605489 213.314612706502 232.409099737803 252.383768558502 254.828711350759 252.327839533488 255.837043126424 244.309027989705 239.775955677032 244.768182436625 248.030066490173 246.661365032196 244.745453198751 249.035239219666 259.710808595022 264.449656009674 269.57501967748 265.922546386719 265.647967656453 278.634190559387 285.989324251811 283.937394618988 283.99646282196 287.816246350606 276.901463667552 277.493953704834 287.099083264669 270.274122556051 228.857795397441 192.574063936869 164.237866799037 152.053038279215 158.070166905721 177.087485790253 213.149110476176
300.661504268646 303.3660252889 298.844913641612 289.242049058278 292.234897613525 308.84838104248 317.366441090902 302.403251330058 280.90626001358 272.466719150543 272.525529066722 257.721841335297 238.086760044098 240.246772766113 252.929707368215 254.183650016785 250.013073285421 250.200072924296 243.410388628642 244.35297648112 244.999170303345 245.513002077738 241.450270016988 242.094914118449 248.311301072439 255.748649438222 266.610324382782 266.290644804637 265.295128027598 271.165589491526 281.338433424632 282.581289609273 270.536462465922 265.050629774729 268.649796644847 250.599980354309 248.725930849711 242.737054824829 222.204208374023 210.732420285543 220.615784327189 198.176999886831 176.578025023142 162.224272886912 164.97141122818 191.225290298462
302.203774452209 298.094173272451 303.027947743734 292.072395483653 286.229809125264 295.638620853424 314.478437105815 321.714361508687 302.85765727361 283.336917559306 275.898416837056 271.180987358093 264.045079549154 256.024161974589 252.610405286153 252.243598302205 249.872267246246 247.798959414164 246.828317642212 248.832643032074 244.989593823751 244.238118330638 243.345459302266 243.128836154938 246.2424437205 253.796855608622 260.734756787618 258.756637573242 260.3480219841 271.265308062236 278.803884983063 271.296123663584 257.496555646261 258.399248123169 253.482321898142 236.350198586782 238.690058390299 237.537801265717 233.379562695821 234.884719053904 236.906011899312 237.254559993744 217.110931873322 197.87476460139 182.175238927205 174.070437749227
315.938194592794 313.735763231913 320.021569728851 315.926829973857 307.872653007507 309.566915035248 321.353813012441 333.632707595825 314.581175645192 288.033207257589 275.225857893626 276.130477587382 280.915995438894 264.695386091868 257.483025391897 259.728988011678 256.030758221944 248.288015524546 250.881671905518 253.026266892751 251.180509726206 246.53704961141 248.725771903992 252.414226531982 250.797152519226 251.794079939524 254.632631937663 252.889712651571 256.894807020823 270.141065120697 275.02437432607 267.756303151449 259.535431861877 260.557154814402 247.214237848918 241.30392074585 246.928095817566 250.301400820414 256.682217121124 262.455801169078 227.973441282908 223.847369352976 214.50153986613 204.865972201029 189.794719219208 167.298316955566
325.615843137105 324.924210707347 327.944974104563 327.675441900889 320.091446240743 315.140306949615 321.068445841471 332.971155643463 318.862497806549 289.274096488953 275.482296943665 274.216612180074 279.563208421071 266.555925210317 255.376815795898 263.177394866943 265.489260355632 255.053162574768 257.202049096425 259.927610556285 258.623162905375 253.940920035044 255.71596622467 257.946054140727 254.239579041799 253.995299339294 256.647070248922 259.86248254776 264.066974322001 271.048923333486 274.682958920797 270.211100578308 261.732896169027 259.344816207886 245.449542999268 249.266703923543 253.936807314555 257.007658481598 259.159862995148 258.385598659515 209.644615650177 176.721513271332 163.738469282786 157.81702597936 156.466980775197 153.966933488846
326.388736565908 328.371246655782 329.894026120504 328.696688016256 323.120693365733 319.487373034159 321.238577365875 328.035155932109 325.851698716482 298.188110192617 285.44294834137 278.83247534434 272.186915079753 265.37028948466 258.622030417124 260.900775591532 271.087527275085 264.649709065755 263.12792301178 265.327612559001 265.503128369649 260.744412740072 257.206459840139 258.042136828105 260.505338509878 258.863707383474 260.055482387543 266.598343849182 267.550408840179 270.097255706787 274.312118689219 272.461215655009 264.449556668599 249.964515368144 238.66464694341 255.7146747907 264.2609278361 264.469881852468 256.374875704447 256.91028436025 206.486980120341 143.46319437027 118.261446555456 108.68247350057 110.492527484894 117.655952771505
313.762307167053 320.596953233083 324.106216430664 323.407868544261 323.15715154012 325.372636318207 326.264977455139 326.846957206726 326.508303483327 309.284567832947 298.946758111318 287.031690279643 274.6688524882 272.104581197103 264.154473940531 258.940517902374 271.057486534119 270.541926225026 264.014899730682 265.217185020447 265.088041623433 261.411885420481 257.921099662781 258.743703365326 260.840058326721 264.048496882121 262.087523937225 265.263020992279 268.2785987854 268.708964188894 272.597908973694 272.821207841237 260.159055391947 237.253586451213 244.395772616069 270.039975643158 273.58748515447 267.886737982432 255.186875661214 256.979425748189 248.090306917826 181.914687156677 124.843657016754 106.721291939418 105.16764720281 103.898644447327
291.102349758148 296.157677968343 295.877973238627 302.657544612885 312.402149041494 321.455220381419 327.752391497294 331.012149651845 328.705946604411 319.717208544413 303.732514381409 284.850796063741 273.63920211792 272.281388441722 270.113945007324 264.12703593572 267.458339532216 268.750309944153 261.89664999644 261.401732762655 263.807495435079 265.873710314433 265.831152598063 259.26665465037 257.744193077087 260.172784328461 264.105796813965 266.021331151326 268.491943677266 268.01077524821 267.539660135905 270.06737391154 253.930668036143 239.037712415059 265.184541543325 281.863649686178 276.67502562205 270.181755224864 261.428713798523 262.868225574493 286.849975585938 281.269133090973 212.778568267822 159.569521745046 128.412077824275 106.156051158905
