input/barkrak2/radiation/dir19024.grid
NCOLS 85 
NROWS 70 
XLLCORNER 665100 
YLLCORNER 4664600 
CELLSIZE 20 
NODATA_value -9999 
[rows 20 to 39 of 70, columns 0 to 45 of 85]
203.348775704702 196.077863375346 212.310214837392 253.104984760284 247.969508171082 202.048639456431 185.413221518199 189.328054587046 202.083508173625 224.833985169729 237.551649411519 244.582215944926 254.923899968465 267.602701981862 283.981204032898 309.04092391332 329.620639483134 332.871437072754 337.677915891012 344.188372294108 345.507701237996 339.880148569743 338.939905166626 340.469002723694 341.464440027873 341.675798098246 343.470454216003 340.260585149129 335.715134938558 335.316975911458 329.580088456472 319.357176621755 311.471025149028 308.125217755636 306.311090787252 311.287462711334 311.505198478699 313.749372959137 318.185925483704 321.996490160624 321.659823258718 321.692109107971 323.699057102203 319.757580757141 322.699427604675 324.670573075612
228.825469811757 229.066014289856 247.875889142354 278.020977973938 273.639361063639 214.434941609701 195.727646350861 197.444279988607 204.655388991038 218.56431166331 228.44785451889 239.064852396647 247.373779614766 254.035611947378 268.502195676168 285.951415697734 308.532436688741 328.098555405935 333.229740460714 340.866804122925 344.473600387573 347.661733627319 348.935643831889 348.298947016398 345.328251520793 340.61336517334 337.943077087402 334.542036056519 333.696285883586 326.985895633698 310.884118080139 283.485511938731 264.467597007751 263.236463069916 270.944277445475 289.108494917552 296.316345532735 310.229261716207 318.195919195811 319.048980871836 317.418793837229 316.573182741801 310.317893822988 297.693848609924 314.614335695903 322.874446709951
267.648537953695 275.928278764089 284.627377986908 294.774373372396 294.855157534281 248.920798301697 218.905250231425 203.376193841298 199.485679467519 212.6278479894 230.094432830811 238.459626833598 252.417167027791 257.847984631856 266.601065794627 278.070608774821 294.733325640361 308.527251084646 327.815850575765 329.077780246735 331.901868184408 340.225378672282 345.212856928508 345.173716545105 342.619180679321 340.28418858846 337.182919184367 331.94770415624 319.813768068949 302.168329556783 260.028640429179 209.820667902629 189.646561940511 207.297146320343 235.318919022878 259.613633155823 276.187260945638 295.447548230489 306.999524434408 309.996863206228 311.797777811686 312.312066555023 291.514197985331 271.671136220296 297.536532084147 320.340732733409
286.583105723063 290.000855922699 291.951855023702 299.375315507253 299.17585849762 281.299908955892 241.491357485453 212.674876054128 197.323560714722 201.755543549856 226.703921953837 238.8969262441 255.417227745056 268.211642901103 273.920158545176 277.846535046895 290.951351324717 304.5547803243 310.290336608887 315.932313601176 316.355446974436 318.6936378479 329.375227292379 335.509896278381 336.471478144328 322.829186916351 310.689349969228 296.174248059591 269.923845926921 226.322829723358 189.381202061971 165.497114260991 138.100763161977 137.40477959315 149.832546710968 187.055865923564 228.056093056997 254.521826903025 270.549297332764 280.317584673564 279.820124308268 265.594919522603 251.485029856364 284.043848514557 280.231416225433 314.261794090271
278.577446937561 280.832330385844 291.452884674072 300.816814104716 292.393267154694 281.727115313212 251.651962598165 228.079557418823 211.031854152679 204.232136408488 218.887388706207 235.299130280813 249.005317687988 265.172859032949 271.500945091248 274.840414524078 283.477028210958 297.839482625326 307.577232519786 306.022485097249 311.59770488739 310.935854911804 313.5773340861 302.908102671305 295.305450757345 292.110085487366 285.154541333516 273.771087328593 240.37100871404 183.899700641632 162.641972303391 160.523196061452 142.634203036626 119.561572869619 111.113518476486 125.398437182109 171.676059563955 209.272344907125 233.893831570943 248.026967048645 237.21037308375 215.636690457662 236.778795719147 300.544301668803 293.356955051422 315.645694732666
273.136019706726 277.140180269877 289.730330308278 297.511835892995 293.985148270925 283.446888128916 260.573029518127 252.942442893982 242.831488450368 227.756857872009 227.711399396261 246.39493227005 260.903875033061 273.586213588715 278.213302294413 279.451847076416 282.801528771718 296.119809150696 302.318513393402 308.060646057129 313.524881998698 303.191502888997 285.577178001404 287.208755811055 287.854870160421 285.785317420959 274.096767107646 260.892510414124 218.073010444641 189.654628435771 188.405116399129 205.09946346283 209.41432317098 183.833142121633 150.470862785975 132.473190625509 148.314346869787 177.140275637309 214.751899242401 231.605152289073 213.332990805308 204.402029514313 244.750142097473 285.139044125875 305.248320102692 326.098342736562
275.074859460195 277.106285095215 285.533428192139 294.275502363841 306.172311306 292.235851287842 275.748689969381 264.244019985199 262.667179107666 257.013201713562 248.20472796758 265.427112579346 275.055289268494 289.979815483093 288.56352965037 286.312798659007 287.152926127116 297.085543473562 299.409766991933 304.188628991445 303.68983745575 299.361904462179 294.948577880859 291.887859503428 289.083282152812 285.084148248037 272.974749406179 261.190474033356 224.880973498027 218.956192334493 240.711828072866 264.052331447601 268.322507540385 280.117253462474 259.69660282135 175.408780574799 161.392629146576 173.170804977417 199.101587136587 229.59574063619 222.426454226176 253.749628861745 249.369323253632 263.16503683726 295.326133569082 314.411004384359
279.271125793457 275.514344374339 278.756558895111 290.418207645416 327.188849449158 301.598350207011 280.528505643209 263.817389806112 264.429211616516 271.817962328593 266.800443331401 269.957343737284 282.636264959971 293.207546075185 294.757525126139 294.021348158518 293.601711591085 295.551518599192 296.871383984884 303.520937760671 301.936308542887 293.962955474854 291.050374507904 294.444143772125 296.132246653239 291.872143745422 281.968375047048 271.056691805522 247.690041859945 245.974123477936 270.192941029867 284.751832485199 283.260226249695 297.107597192128 322.422862052917 255.64960638682 191.649595896403 176.970740159353 190.628111362457 232.741435368856 259.804666042328 306.287070115407 260.651886463165 254.470308621724 284.54452753067 295.335650444031
276.479601860046 268.505295117696 272.482176621755 296.863873799642 338.547666867574 301.520307858785 271.237313747406 258.366167545319 263.50607474645 271.055022875468 268.858114878337 267.973740895589 283.646166324615 292.804559071859 298.034191131592 297.01445500056 291.528741518656 287.569006284078 292.602638403575 296.436091264089 293.776472409566 289.206504821777 289.41148519516 294.844686985016 295.707821846008 293.797115484873 290.797432263692 280.402064323425 258.620142936707 253.40211391449 276.241024335225 294.426659742991 293.082594871521 291.388948758443 312.813659509023 315.999090671539 226.856609185537 168.222943941752 161.107699076335 203.420758247375 268.704990545909 286.643981933594 252.001384894053 230.346302191416 255.907575289408 268.166542053223
269.123236338298 260.774393876394 269.35342947642 307.242393493652 335.440556208293 297.65377442042 264.300227165222 246.806383132935 244.505405426025 251.395344734192 250.392079353333 258.20004940033 276.901721954346 293.069879213969 295.667747656504 298.522671063741 296.063641707102 286.636153856913 287.966132164001 290.107448895772 290.747165679932 290.663341681163 290.049235026042 296.680668989817 299.053986867269 296.299775441488 298.893769582113 286.17783387502 265.703578790029 262.285927931468 281.271735827128 299.235125382741 294.537345568339 291.124403476715 300.24649699529 319.887101650238 306.170026461283 232.317050298055 184.200425942739 193.432509899139 231.159627437592 244.967679182688 242.212514082591 215.247273445129 227.914532025655 253.3820271492
257.380604743958 267.492334047953 296.946624914805 342.680335044861 344.177683194478 302.741487820943 265.93816280365 237.445096174876 232.047319412231 242.825428644816 237.927158673604 236.886541048686 270.680785179138 290.748476982117 298.939327398936 300.991753737132 301.124195257823 291.232069333394 288.639982541402 290.996929009755 290.278236071269 295.240779717763 296.177228291829 298.465569814046 301.745533943176 304.848611354828 303.665161132812 295.728365580241 278.121252854665 274.707853794098 286.995152632395 299.625873565674 297.015289465586 296.577254931132 300.238192081451 302.897651990255 325.753430525462 335.947950681051 271.25761906306 224.481741587321 212.320228417714 203.904867172241 219.913681348165 217.709044615428 223.875800768534 256.0107310613
275.925159454346 301.327288150787 319.762905438741 324.933886528015 352.878491083781 334.802428881327 298.762758572896 262.14325428009 246.625781059265 261.847853660583 256.067713101705 236.637155214945 256.439944108327 287.506222724915 299.22882715861 302.187502384186 303.195277849833 299.689511458079 293.994049231211 294.496953487396 296.503980954488 297.716617584229 302.734951178233 301.383117834727 301.59072081248 308.63893032074 311.373035113017 309.148569901784 295.62896490097 290.040810902913 293.719132741292 297.482132911682 299.159109592438 303.518176078796 306.063453356425 294.459720452627 302.907188733419 340.234518051147 336.798071861267 276.941617329915 228.638350963593 203.051567077637 204.250276088715 222.164769967397 246.108571688334 272.456586360931
306.407193342845 315.044442812602 304.650187492371 297.053376833598 315.680344899495 337.054848670959 332.448840141296 304.592569669088 281.924724578857 284.127811590831 285.773952802022 261.75977786382 257.591605186462 280.581732590993 299.213210741679 301.151394844055 301.032861073812 306.27453327179 297.369480133057 294.555445512136 300.365507602692 301.929990450541 301.621377468109 300.718506177266 303.472320238749 311.235209306081 316.853264967601 316.937983036041 305.332084496816 296.806494394938 303.207774957021 306.184927622477 302.07351843516 304.260611534119 308.444877465566 298.393368721008 297.701934973399 317.263762156169 321.516672770182 296.988646189372 267.578919728597 227.465113004049 207.460363705953 217.042088508606 238.43123515447 269.341309865316
297.09525903066 289.621353149414 282.317698001862 271.280924479167 271.785298983256 292.448838551839 313.502192497253 311.575770378113 301.984528700511 303.297400474548 302.310824394226 288.892904917399 279.414753119151 289.003272851308 301.675895849864 304.02272939682 300.311664740245 302.045881748199 296.557863553365 299.215416113536 299.547135829926 302.247881889343 299.324631690979 299.583812554677 302.378555138906 309.300800164541 315.734426180522 314.150551954905 307.685256004333 303.769787152608 308.581093947093 306.930919488271 296.208421389262 295.366863409678 299.509326616923 284.448981285095 281.691332658132 282.362818717957 276.42430861791 281.253536542257 290.026307106018 259.145696957906 231.356640656789 222.026447455088 220.98445892334 243.8911596934
290.101250012716 279.496510823568 285.781383514404 271.564225355784 263.553559780121 275.224427382151 301.52040719986 325.923641522725 321.728964646657 310.828646024068 299.624919891357 300.10594924291 306.608200073242 304.042716821035 306.909561157227 302.833616733551 304.481784502665 299.459874629974 299.54465230306 303.881287574768 301.742653052012 299.598256746928 297.957261403402 297.988533973694 301.174898942312 304.984092712402 308.45320224762 306.57285451889 306.166589260101 308.59915415446 309.492369492849 299.648026625315 284.43984190623 289.489169915517 288.561463356018 272.249797979991 273.085693518321 273.163417975108 280.090868473053 302.159825960795 301.735460758209 289.418598016103 267.899354298909 251.734872659047 233.655909697215 223.974744478861
310.208479563395 304.867962996165 314.377109209696 309.294005235036 299.190739790599 303.795079390208 320.454021294912 342.831254005432 336.756785710653 313.737074534098 298.898915449778 307.038187980652 321.163495381673 317.651391029358 311.645785967509 312.997023264567 308.991154034932 304.050703843435 307.885547478994 306.187351544698 306.905110677083 299.466172854106 301.560461521149 302.408734957377 302.286247412364 303.619186083476 304.652492205302 301.507691542308 304.307500521342 311.179916063945 308.913509051005 298.600514729818 286.023139953613 286.757111549377 279.607733090719 275.211910406748 280.322333176931 280.854105949402 292.559405167898 321.89667224884 291.087031364441 276.257733503977 268.588662147522 260.155141353607 243.323107560476 221.958875656128
335.436304410299 332.575897375743 334.5973889033 337.161461512248 328.356047471364 322.039604187012 326.687435309092 341.199437777201 338.277578353882 311.036308606466 302.48361825943 314.173817634583 326.463441054026 320.36300500234 312.48797972997 317.984004815419 319.132526715596 313.028434912364 312.116146087646 312.64982620875 311.456739902496 306.372384230296 305.199404557546 305.341084798177 303.62723271052 301.357626914978 304.723004500071 305.152416229248 307.437300682068 312.584340572357 310.885548591614 301.199555397034 288.59943151474 282.804230848948 274.861911932627 279.933830102285 286.342899004618 285.455385843913 288.483997186025 310.787618160248 279.708802700043 238.811194896698 225.628713766734 219.802459081014 219.345927238464 213.689883550008
348.128000895182 344.990650812785 340.376098950704 341.304858525594 335.965394973755 327.890038490295 324.600915114085 330.044627189636 336.703856786092 318.71086359024 318.111538887024 325.320521990458 324.251294136047 317.759454250336 315.836866696676 318.210919698079 325.48201084137 318.923731644948 316.549559434255 315.779089927673 315.997183322906 310.244182745616 307.953794797262 306.012670199076 306.543986002604 302.762309710185 304.888665676117 308.861374855042 309.360225995382 311.083674430847 312.101006507874 303.531328837077 291.420658429464 276.282668113708 267.941474914551 283.333778381348 292.968273162842 291.033069292704 281.103491783142 296.406229337056 280.782580375671 214.526891708374 184.017598628998 169.755697250366 172.165413697561 177.182674407959
350.526650746663 352.763334910075 352.284073829651 349.892775217692 345.866600672404 340.266267458598 333.348353703817 328.621387481689 331.074198087056 327.988088130951 336.001912752787 334.327697753906 326.879779497782 327.677726745605 319.986820220947 315.256396929423 324.617902437846 323.43590259552 317.65216588974 317.328234513601 315.933227539062 310.951987902323 307.429373264313 305.284023284912 307.423055171967 306.909521420797 305.564820766449 307.758529980977 310.561756292979 309.210518995921 311.589976151784 307.199160257975 287.290612856547 265.061636765798 273.553967475891 295.362850030263 298.389434814453 292.473594347636 275.656660397847 281.404554843903 303.868810335795 258.322497208913 200.784941514333 170.900642871857 162.154297033946 156.52659535408
341.078281402588 344.016949335734 344.343185424805 347.716689109802 351.891716321309 354.650735855103 354.382117589315 351.327896118164 349.3678967158 350.526491800944 346.625963846842 335.748553276062 331.353306770325 325.253744920095 325.480083624522 319.576958815257 322.051048278809 321.860690911611 316.144565741221 315.29966990153 316.622734069824 315.962255001068 313.322226206462 307.883640130361 305.419484774272 306.557933489482 309.418797492981 309.578617413839 312.078356742859 311.501622200012 310.023109118144 307.459870974223 282.67119328181 265.749414761861 288.012186686198 302.652100721995 298.571805159251 293.545087178548 280.510107676188 275.95063050588 310.871064662933 336.279471715291 284.256994724274 231.13606373469 188.992460568746 161.193559567134
