input/barkrak2/radiation/dir19124.grid
NCOLS 85 
NROWS 70 
XLLCORNER 665100 
YLLCORNER 4664600 
CELLSIZE 20 
NODATA_value -9999 
[rows 0 to 19 of 70, columns 0 to 45 of 85]
350.394487380980991 353.087147076925 352.583090464274 348.365108172099 342.902938524882 338.162144025167 329.901794592539 323.756178220113 328.742980957031 327.524562676748 324.333469072978 332.310239473979 338.811834653219 338.662107785543 341.694116592407 351.707379023234 353.734652201335 347.636143366496 334.035913149516 323.612749576569 301.491220792135 296.377857526143 312.768300374349 319.11559899648 316.385428110758 314.045011997223 312.916080156962 305.362383524577 286.706924438477 279.44282690684 278.050204118093 283.041377862294 292.13943084081 297.703206539154 304.9502770106 297.532021999359 294.399201869965 302.64272292455 300.48793554306 302.766581376394 292.701443036397 273.685574531555 284.208516279856 308.08162689209 313.525239626567 304.688294728597
343.939264615377 349.753419558207 351.295073827108 348.70187441508 346.648335456848 342.516342798869 331.947108109792 321.240484714508 324.216961860657 326.063791910807 320.739467938741 327.021658420563 336.007992426554 337.023218472799 335.956851641337 339.904348055522 340.009729067485 339.210708936055 337.456186612447 330.257256825765 314.465006192525 305.698454380035 310.289820035299 315.374414126078 314.561943213145 310.586810112 309.876879056295 304.059286912282 289.920528729757 279.693226019541 280.947168668111 290.314038594564 288.477142651876 291.978478431702 303.721010684967 296.090642611186 289.293706417084 291.291495164235 286.023338635763 301.857888698578 299.407283465068 286.721428235372 293.866197268168 313.488364219666 319.249987602234 307.978351910909
324.881394704183 324.935376644135 328.680475552877 334.221402804057 339.065790176392 340.530554453532 339.85165754954 336.140314737956 332.059224446615 328.597803910573 320.265968640645 320.619543393453 328.810274600983 331.140240033468 326.815406481425 330.187221368154 333.676934242249 338.677088419596 341.037074724833 336.652040481567 331.777632236481 321.94979985555 313.977519671122 312.645276387533 313.825070858002 314.440190792084 308.997849623362 302.497347195943 291.38320684433 279.346883296967 277.076403299967 289.330065250397 276.284575462341 283.631106217702 298.883219559987 293.137868245443 277.919093767802 270.314494768779 282.611469427745 301.412522792816 302.901943524679 302.996695041656 305.315772692362 319.687366485596 329.272210597992 316.518525282542
308.242579301198 304.874320824941 309.66717004776 311.73566977183 310.921887556712 313.231627146403 317.627330621084 325.336833794912 332.881192366282 336.525917053223 333.096086978912 330.610016981761 330.972035725911 330.556869506836 326.773484547933 320.55918375651 323.164244492849 329.024275143941 335.445165634155 337.013483047485 334.956606229146 331.989010175069 330.179969469706 323.538819948832 321.591019630432 322.644710540771 317.346612612406 308.697481950124 300.08331934611 290.466090043386 280.725797017415 288.143416245778 276.885410149892 283.285677433014 290.046652158101 291.212340195974 284.651160240173 281.444331010183 300.116856892904 313.347717126211 310.67943572998 302.735924720764 299.212515354156 307.267248630524 318.728804588318 321.199099222819
321.791112422943 310.00538667043 296.254575252533 283.356149991353 285.48934062322 297.232727209727 311.702609062195 318.323572476705 324.293076992035 328.08659474055 335.210800170898 340.216994285583 340.695222218831 339.874188105265 337.923447291056 334.450284639994 332.560102144877 327.92055606842 330.691238244375 335.592746734619 334.522644678752 334.345022837321 337.661663691203 332.456747690837 327.488780021667 326.587160428365 321.691513061523 312.844276428223 304.208159446716 298.737565676371 297.262926896413 295.227587223053 288.567443688711 290.54472843806 288.358092308044 291.903078556061 301.444888114929 306.984623273214 316.566467285156 321.85169061025 319.4473584493 312.163154284159 304.307023684184 300.29555161794 306.023796399434 326.294203599294
344.645301500956 329.766690731049 305.210947990417 287.259062131246 278.730273246765 286.189913749695 307.398100694021 317.476908365885 318.750580151876 318.932731946309 325.146357218424 332.375744978587 336.828867594401 338.437040646871 340.862194697062 341.434677441915 337.805469830831 330.338597297668 328.97679011027 332.24751551946 331.829647223155 335.024277369181 340.086102485657 337.388674418132 333.535273869832 332.099318504333 326.04843378067 316.945016384125 306.643048922221 299.879908561707 299.551904201508 295.389374097188 300.46006043752 306.120495001475 300.898273785909 297.921975453695 306.163827578227 313.625117142995 317.729155222575 318.048218886058 318.988958994548 315.136273701986 312.235951423645 311.452746391296 310.256580511729 315.409501393636
346.848209698995 337.519407272339 326.153854529063 313.006301720937 297.853092352549 287.650048732758 290.723164876302 312.828421592712 321.341554323832 326.148152351379 323.477427164714 320.376654465993 317.801535129547 315.504133701324 317.010978857676 324.89945491155 330.449263254801 336.124022801717 337.890386581421 337.54022916158 333.46954981486 329.545756181081 336.763938268026 338.547945022583 336.661815643311 338.008165359497 333.987911542257 326.653162638346 316.412448883057 309.401472409566 304.789801438649 305.61484893163 319.821298122406 325.21003484726 323.034723599752 315.931677818298 314.47160243988 318.195343017578 321.49600982666 326.972901821136 327.046235402425 322.911858558655 318.918287754059 313.170532385508 298.042396704356 291.744828224182
342.852354049683 342.766801516215 341.143290201823 335.376024246216 323.345303535461 299.841443697612 282.511174678802 284.292916456858 308.868130048116 324.911057949066 328.957974910736 326.483249664307 321.440060933431 315.872152646383 307.738582293193 310.146013895671 317.156851291656 326.483845710754 336.972792943319 342.23202864329 340.293606122335 334.129174550374 334.19414361318 337.60674794515 337.784330050151 340.086380640666 339.272220929464 335.011601448059 328.418672084808 324.230710665385 321.33013010025 322.149177392324 332.152525583903 335.074822107951 334.036032358805 330.59306939443 325.241307417552 321.682572364807 315.926392873128 322.237650553385 329.971790313721 333.621859550476 332.307020823161 323.507189750671 307.245254516602 291.255752245585
340.535640716553 340.991536776225 341.35905901591 339.47757879893 334.754705429077 324.588934580485 305.183529853821 281.170268853505 290.339310963949 309.003512064616 322.591205437978 326.715091864268 326.816280682882 325.619061787923 319.557309150696 315.211196740468 313.493768374125 316.513160864512 324.119627475739 333.532134691874 339.975595474243 341.566801071167 339.31569258372 336.499015490214 337.007721265157 340.605775515238 341.069579124451 339.124759038289 336.7018699646 337.215940157572 337.647318840027 336.708982785543 339.281558990479 340.695063273112 337.647358576457 335.855960845947 332.366824150085 324.785768985748 310.989340146383 314.060747623444 329.01922861735 332.611997922262 329.32186126709 325.494130452474 316.522439320882 307.135462760925
330.678979555766 335.511724154154 337.176601092021 336.926341056824 335.928678512573 335.991303126017 329.689860343933 318.669696648916 296.05499903361 288.132727146149 299.469192822774 316.998700300852 328.879992167155 333.036621411641 334.748148918152 331.578214963277 323.252320289612 320.301334063212 319.885691006978 320.747951666514 326.102515061696 329.675416151683 331.740578015645 333.221058050791 335.38814385732 337.499618530273 339.173277219137 338.482697804769 337.755044301351 339.804887771606 340.651949246724 340.126554171244 342.465917269389 344.077507654826 342.157085736593 338.251113891602 336.543162663778 331.949651241302 313.804527123769 310.199062029521 323.31116994222 324.787100156148 322.917739550273 321.330010890961 313.204447428385 303.82627248764
301.548639933268 310.997843742371 318.529446919759 324.043154716492 328.857223192851 332.849939664205 335.217316945394 333.62340927124 318.103055159251 299.833138783773 288.832028706868 295.401692390442 315.206905206044 329.602619012197 336.165030797323 331.721882025401 328.214923540751 325.211624304454 319.403012593587 315.905253092448 316.161274909973 314.88698720932 316.628932952881 323.774854342143 329.382618268331 332.86327123642 334.457715352376 333.938837051392 335.7888062795 338.180899620056 339.223424593608 340.973337491353 344.722191492716 345.290064811707 343.096574147542 340.208133061727 339.732448259989 339.468558629354 327.978094418844 315.962473551432 319.966733455658 323.679029941559 325.34271478653 325.071175893148 317.491809527079 308.7171514829
270.046393076579 274.452884991964 281.39591217041 290.351033210754 302.315235137939 313.811580340068 324.747204780579 328.360279401143 329.962571461995 321.581244468689 304.127891858419 288.493792215983 290.214538574219 308.321317036947 324.996431668599 325.51387945811 330.00252644221 329.132934411367 324.048101902008 317.667961120605 312.090297540029 309.810320536296 309.88339583079 316.065629323324 320.868611335754 323.344707489014 324.687838554382 327.130695184072 330.757975578308 333.178083101908 334.829052289327 338.267087936401 341.884175936381 341.976245244344 340.748906135559 339.958747227987 341.995596885681 343.495090802511 340.007265408834 330.793698628743 328.57471704483 331.609090169271 334.483901659648 334.417740503947 328.219691912333 325.677454471588
259.87317164739 256.121317545573 253.187000751495 253.204683462779 260.021130243937 274.150093396505 294.280966122945 310.222427050273 328.577955563863 330.795665582021 324.465791384379 309.513092041016 288.281798362732 286.405126253764 304.614742596944 321.251392364502 330.991546312968 331.445316473643 329.156816005707 324.465493361155 318.987945715586 318.023304144541 316.846112410227 317.50476360321 317.098617553711 315.953195095062 318.868279457092 324.34872786204 325.597087542216 326.462209224701 329.361240069071 332.81675974528 334.516922632853 334.494749704997 334.949612617493 337.226192156474 342.596610387166 345.316648483276 343.779444694519 342.734495798747 340.704361597697 340.106964111328 339.584072430929 338.448246320089 332.808434963226 329.831977685293
255.624790986379 230.32001654307 214.758515357971 209.574222564697 207.033753395081 212.844491004944 231.622358163198 262.694259484609 294.663429260254 319.324970245361 328.70743672053 328.727503617605 318.654914697011 299.778739611308 297.788202762604 316.714604695638 326.264540354411 332.819084326426 335.78093846639 334.347327550252 328.635891278585 326.502442359924 324.556767940521 324.543436368306 322.757363319397 320.874174435933 323.422431945801 328.433076540629 327.335000038147 323.21568330129 326.874136924744 330.134352048238 331.54704173406 331.865509351095 333.3500623703 336.204051971436 339.637875556946 341.652631759644 341.912468274434 341.067671775818 341.72785282135 342.715620994568 343.263387680054 340.79909324646 335.927804311117 331.62138859431
239.057183265686 205.531557401021 183.823804060618 179.757157961527 179.453015327454 184.19482310613 192.256728808085 216.896891593933 241.230050722758 285.707434018453 324.879546960195 339.192748069763 340.939998626709 332.063317298889 315.605799357096 312.527279059092 316.739141941071 326.684435208638 334.791978200277 337.531685829163 337.028384208679 334.196805953979 333.219647407532 331.774075826009 328.055262565613 326.609551906586 329.089442888896 330.264767011007 325.349589188894 323.379139105479 326.121687889099 329.01140054067 329.279204209646 329.473972320557 331.604599952698 333.861589431763 334.057291348775 333.487153053284 334.845145543416 333.815018335978 336.534778277079 339.853207270304 341.938455899556 340.243895848592 336.44171555837 334.520618120829
204.674283663432 180.234372615814 163.958231608073 160.149306058884 176.794866720835 198.308010896047 196.554561456045 202.606479326884 222.998778025309 250.772992769877 296.732465426127 336.806575457255 345.669110616048 344.702323277791 337.157169977824 317.934234937032 310.378392537435 312.221884727478 323.841611544291 336.54781182607 340.194185574849 337.590456008911 338.512301445007 335.956772168477 331.80703719457 331.846177577972 333.715279897054 331.323663393656 326.163033644358 328.591028849284 330.781241257985 330.439786116282 328.832189242045 327.474395434062 327.903389930725 327.527205149333 326.607326666514 322.994510332743 324.421028296153 325.42884349823 327.504376570384 330.768326918284 332.216838995616 331.209500630697 333.638111750285 335.431059201558
180.370211601257 170.730968316396 161.471426486969 152.139882246653 157.66833225886 180.33496538798 199.507355690002 201.123634974162 215.996603171031 229.688723882039 252.473731835683 302.900950113932 341.403404871623 343.559463818868 341.226100921631 337.648272514343 331.143915653229 321.435491243998 314.544081687927 321.26263777415 334.870576858521 339.167356491089 340.697526931763 338.53006362915 334.996143976847 335.92693010966 338.845610618591 335.483551025391 332.167466481527 335.786859194438 336.641947428385 330.843130747477 327.614982922872 325.926880041758 322.093705336253 321.349362532298 318.72171163559 317.960480848948 317.142764727275 319.276909033457 321.241954962413 322.09704319636 323.80082209905 324.298640092214 332.225998242696 335.607012112935
171.837011973063 175.285240014394 175.568580627441 163.856605688731 147.022912899653 157.779663801193 188.282310962677 203.873594601949 222.270170847575 232.956389586131 241.644024848938 267.486691474915 315.375069777171 340.614080429077 343.551397323608 344.634413719177 343.785683314006 338.404933611552 327.326675256093 316.364169120789 322.722812493642 337.526400883992 338.517824808757 337.299426396688 337.526718775431 341.069539388021 343.299667040507 341.52615070343 339.04496828715 340.548475583394 337.431748708089 331.583460172017 328.429480393728 324.962357680003 321.335275967916 318.636993567149 317.269961039225 317.57253408432 317.502379417419 317.819158236186 319.680591424306 319.71953312556 319.775064786275 322.564323743184 328.052242596944 334.307750066121
181.697686513265 192.273577054342 200.016856193542 192.348996798197 170.701543490092 167.486468950907 187.888026237488 207.639515399933 225.988864898682 248.265167077382 254.657030105591 263.688226540883 289.615412553151 322.941680749257 339.077234268188 343.50065390269 343.504905700684 342.954595883687 341.39084815979 332.423845926921 320.300320784251 327.939669291178 332.387447357178 336.350798606873 340.640107790629 344.150106112162 345.619201660156 344.038764635722 340.003212292989 339.586933453878 336.049874623617 331.702987353007 328.411459922791 325.200835863749 323.100348313649 320.462385813395 319.448888301849 317.756136258443 317.184189955393 318.319221337636 321.209013462067 322.238822778066 321.919878323873 322.885453701019 324.070513248444 332.022249698639
195.426901181539 200.036644935608 212.505360444387 226.465841134389 213.097711404165 185.694098472595 185.866256554921 196.878691514333 216.893970966339 240.11234442393 254.546125729879 256.315529346466 271.003941694895 285.982231299082 315.685967604319 336.330970128377 338.696082433065 339.562813440959 340.203007062276 340.151071548462 336.299061775208 328.508754571279 329.131801923116 334.269364674886 339.084386825562 343.258579572042 345.799326896667 343.682885169983 338.037570317586 337.619026501973 334.147691726685 329.051713148753 325.948337713877 325.204372406006 324.217756589254 321.768323580424 320.159475008647 315.040051937103 312.931974728902 318.976084391276 323.347568511963 324.479619661967 325.045585632324 325.016856193542 323.404252529144 328.233778476715
