input/barkrak2/radiation/dir13224.grid
NCOLS 85 
NROWS 70 
XLLCORNER 665100 
YLLCORNER 4664600 
CELLSIZE 20 
NODATA_value -9999 
[rows 20 to 39 of 70, columns 0 to 45 of 85]
172.11393515269 163.110683361689 177.907804648081 216.558337211609 210.990031560262 171.865741411845 157.489538192749 164.358536402384 180.06177743276 197.591404120127 212.177793184916 217.583100001017 221.035818258921 230.469504992167 246.987382570902 264.086683591207 278.86696656545 300.715446472168 314.42270676295 323.303480943044 326.470692952474 318.304479122162 316.087365150452 318.059384822845 319.469352563222 321.109712123871 323.785344759623 320.686936378479 317.146261533101 316.373944282532 309.874892234802 297.62081305186 286.859929561615 280.832330385844 278.464198112488 284.064511458079 284.105519453685 286.444346110026 290.356576442719 294.730623563131 295.79887787501 295.881072680155 297.416269779205 292.453289031982 296.202143033346 300.305565198263
202.537914117177 198.544979095459 211.436748504639 242.96776453654 239.334801832835 181.052883466085 170.431137084961 174.085259437561 182.056407133738 196.343620618184 205.697178840637 213.307201862335 219.292501608531 216.986179351807 231.313784917196 248.924851417542 267.999768257141 281.313896179199 297.428647677104 317.278603712718 323.345144589742 329.974750677745 331.471562385559 330.34880956014 325.632611910502 319.705764452616 315.994679927826 311.259269714355 312.689503033956 306.171099344889 288.08339436849 257.640937964122 234.965443611145 230.871737003326 237.987697124481 257.169783115387 265.182534853617 280.728022257487 291.24657313029 292.260050773621 289.359569549561 288.414200146993 282.479345798492 266.717493534088 287.925203641256 296.395500500997
245.350003242493 250.525832176208 251.782655715942 260.829965273539 260.50607363383 213.925878206889 193.106929461161 183.702747027079 180.663228034973 188.397149244944 204.141398270925 215.489904085795 224.286834398905 228.298485279083 235.390384991964 245.519042015076 258.015831311544 273.180047671 285.866578420003 292.8333679835 300.902525583903 317.42791334788 325.022419293721 325.956662495931 321.466247240702 315.292100111643 301.004628340403 282.925069332123 278.353114922841 255.472699801127 225.055237611135 181.081453959147 155.564208825429 170.355677604675 198.911329110463 223.954220612844 243.161857128143 264.601667722066 276.673416296641 280.224363009135 283.692002296448 283.706784248352 260.801255702972 238.815287748973 267.110884189606 294.906417528788
269.849518934886 270.143469174703 262.711683909098 266.111095746358 265.291055043538 249.276359875997 217.982769012451 189.562519391378 174.993256727854 179.507354895274 200.747152169546 216.89901749293 229.644735654195 238.15256357193 241.340776284536 245.477477709452 256.888031959534 269.795954227448 277.498602867126 275.025566418966 279.184500376383 278.642614682515 286.476771036784 286.185363928477 285.682102044423 283.608754475911 270.995736122131 258.828421433767 237.094183762868 193.203508853912 165.921399990718 141.214370727539 107.51685500145 94.8930482069651 106.168468793233 142.129550377528 191.328922907511 218.350728352865 237.081408500671 246.635576089223 246.16672595342 232.390224933624 218.360543251038 252.18125184377 253.973841667175 284.674863020579
262.86115248998 263.818224271138 267.130215962728 268.499116102854 258.483449618022 250.836809476217 224.096198876699 206.263422966003 188.91054391861 182.910700639089 195.554872353872 211.115161577861 225.409766038259 236.837168534597 240.795572598775 245.693723360697 252.902785936991 266.128798325857 273.315747578939 265.404085318247 256.790598233541 247.755885124207 255.765954653422 264.726003011068 271.407186985016 267.298817634583 257.796724637349 244.723339875539 212.578237056732 161.006977160772 140.861968199412 137.389103571574 115.888714790344 77.3974359035492 69.6511119604111 89.940865834554 131.233563025792 168.712099393209 197.73131608963 211.327274640401 201.305091381073 179.009477297465 200.6915807724 272.017598152161 267.936130364736 285.999655723572
254.982431729635 259.535392125448 268.507222334544 266.726752122243 259.135166803996 251.054664452871 236.13178730011 231.563746929169 223.491311073303 208.782315254211 206.941545009613 226.279377937317 235.251545906067 249.812483787537 250.29993057251 249.088625113169 250.463366508484 255.246341228485 258.22913646698 263.317227363586 263.814866542816 259.423752625783 251.514931519826 251.519481341044 255.615433057149 256.64613644282 247.85461028417 238.120913505554 194.241007169088 169.650733470917 167.549808820089 182.964901129405 184.105535348256 144.2491710186 109.851737817128 103.014479080836 115.135123332342 138.80318403244 169.897258281708 192.231317361196 173.175871372223 165.944208701452 208.596924940745 263.173898061117 283.851365248362 296.368002891541
256.303826967875 259.349465370178 266.009469827016 266.582071781158 273.50902557373 263.095239798228 254.010180632273 247.789839903514 248.839100201925 244.873483975728 232.32764005661 245.632509390513 253.582894802094 266.292293866475 263.832529385885 251.193284988403 244.646588961283 254.068493843079 261.134266853333 270.68970600764 275.117039680481 270.940204461416 262.454708417257 255.401353041331 257.294197877248 256.73504670461 248.4450340271 240.030904610952 207.683841387431 201.856076717377 221.80849313736 246.439814567566 252.167661984762 256.823062896729 222.174942493439 140.612443288167 130.149801572164 138.580848773321 164.428442716599 178.303122520447 186.008632183075 216.816306114197 224.721014499664 243.331829706828 275.453368822734 286.794463793437
260.254700978597 256.800452868144 259.590566158295 264.985124270121 297.336995601654 279.123206933339 264.346837997437 251.946171124776 253.440161546071 261.022090911865 249.303380648295 250.531335671743 261.814137299856 264.066795508067 263.884127140045 259.336352348328 253.195464611053 259.958148002625 269.765118757884 275.451382001241 271.216670672099 266.071657339732 262.650648752848 263.564805189768 263.648470242818 259.622057278951 257.27121035258 250.798583030701 234.3909740448 233.928263187408 255.837639172872 270.258903503418 271.212299664815 284.819881121318 296.194434165955 219.270308812459 160.322477420171 144.099742174149 153.552105029424 178.689122200012 223.470648129781 276.788870493571 238.663077354431 233.127236366272 258.729775746663 266.761302947998
258.641839027405 249.07644589742 252.619942029317 271.322985490163 312.136809031169 281.703571478526 257.179021835327 245.895266532898 249.23312664032 255.515257517497 249.037186304728 246.387223402659 258.160312970479 262.050807476044 265.13667901357 268.675963083903 263.440410296122 259.006818135579 266.954223314921 268.977761268616 268.023073673248 261.144518852234 261.811931927999 266.315519809723 266.282816727956 261.631985505422 262.287815411886 258.301456769307 245.736002922058 243.792514006297 265.455305576324 282.563110192617 282.787422339122 282.149354616801 298.692345619202 285.032788912455 190.472523371379 134.633670250575 124.072591463725 157.00501203537 232.573131720225 259.731312592824 228.486299514771 204.231917858124 224.615315596263 236.197888851166
251.803815364838 241.093635559082 248.493810494741 281.648258368174 310.605267683665 278.284867604574 247.573792934418 229.189137617747 225.757718086243 227.671444416046 226.654509703318 235.401074091593 247.209310531616 263.999323050181 265.325307846069 271.466036637624 270.425101121267 256.238599618276 260.971506436666 261.310636997223 261.938114960988 263.928453127543 264.145910739899 268.174866835276 270.883182684581 264.961818854014 268.579423427582 262.250463167826 250.758945941925 252.227445443471 272.090474764506 289.47522242864 285.414795080821 282.678882280986 292.48841603597 305.342892805735 274.199287096659 193.648199240367 148.996750513713 159.458925326665 196.569979190826 212.998112042745 214.00660276413 182.228763898214 191.879371802012 213.190535704295
242.200255393982 251.076360543569 281.021952629089 327.039877573649 325.697620709737 284.013787905375 247.894724210103 217.523992061615 207.175374031067 218.271295229594 213.756422201792 212.614019711812 241.699417432149 262.188116709391 268.360813458761 274.385869503021 274.010558923086 264.635463555654 263.635476430257 265.744090080261 264.734069506327 268.83860429128 270.474592844645 273.105978965759 273.661772410075 275.618652502696 275.846580664317 271.130681037903 260.564267635345 264.087716738383 279.061218102773 291.127264499664 287.761151790619 289.533297220866 294.986248016357 298.382441202799 312.200903892517 309.24928188324 237.298488616943 190.093795458476 175.988634427389 171.20627562205 188.051342964172 183.270653088888 185.329357783 215.679883956909
260.999977588654 289.955039819082 315.325578053792 324.517667293549 346.182465553284 320.310533046722 280.562241872152 240.3178413709 227.580666542053 240.440805753072 232.776820659637 215.156892935435 230.658094088236 257.483204205831 272.721509138743 277.40748723348 277.826110521952 273.858805497487 267.209788163503 269.053081671397 269.660313924154 273.739437262217 275.467276573181 274.371107419332 275.030394395192 282.907287279765 284.761110941569 284.371733665466 278.18500995636 278.107643127441 285.10844707489 290.367166201274 292.325854301453 298.03854227066 300.814469655355 290.582021077474 296.896358331044 326.31774743398 309.398134549459 241.705377896627 190.959572792053 171.718756357829 173.20324977239 186.963458855947 207.086503505707 235.477526982625
299.360016981761 314.083675543467 310.52170197169 304.164151350657 321.125825246175 335.310339927673 323.37474822998 293.629328409831 268.029967943827 267.367402712504 269.461691379547 246.77042166392 232.407410939535 255.18278280894 276.32882197698 280.196726322174 275.253931681315 280.847171942393 271.989246209462 268.721679846446 273.705124855042 275.651673475901 272.278527418772 272.94651667277 275.158286094666 285.508672396342 289.225359757741 292.689164479574 286.370635032654 283.678531646729 292.308131853739 297.497232755025 294.935703277588 295.908033847809 299.70912138621 289.253493150075 289.110064506531 303.377091884613 296.042283376058 262.812912464142 229.939043521881 196.273605028788 179.189562797546 181.602895259857 203.856984774272 237.644771734873
301.482081413269 299.053470293681 293.289283911387 283.240377902985 284.608582655589 303.166329860687 318.189521630605 308.565934499105 293.307900428772 289.50426975886 290.84438085556 273.851116498311 258.749306201935 263.796130816142 276.232719421387 278.161744276683 277.129530906677 278.825084368388 269.429882367452 270.455102125804 270.259976387024 271.781762440999 268.863956133525 268.07701587677 273.560464382172 280.84929784139 288.773020108541 290.312012036641 286.631365617116 288.686871528625 296.754717826843 296.125988165538 284.640510876973 281.53387705485 284.929017225901 268.539945284526 266.60559574763 263.550162315369 248.944640159607 245.215078194936 254.89616394043 227.520823478699 201.471110184987 188.194771607717 189.10547097524 216.248830159505
298.708021640778 291.377584139506 297.115008036296 284.539441267649 277.49760945638 288.006027539571 310.509423414866 326.216598351796 314.884702364604 298.745473225911 291.482289632161 285.699685414632 287.801384925842 281.523863474528 281.25003973643 281.769076983134 278.987288475037 273.501455783844 273.579915364583 275.073647499084 270.544310410817 269.94647582372 268.690784772237 269.392549991608 273.218592007955 277.014036973317 283.895293871562 281.455934047699 283.597310384115 290.731648604075 295.608580112457 287.1399919192 272.206405798594 274.93953704834 272.199690341949 254.979729652405 256.671865781148 256.049911181132 256.87583287557 267.706433931987 268.515865008036 261.876324812571 238.227645556132 219.865461190542 203.912973403931 196.552336215973
315.507352352142 311.785638332367 319.903254508972 315.36328792572 306.208829085032 309.110323588053 323.236405849457 340.427915255229 328.692078590393 303.636491298676 290.108104546865 293.819864590963 304.066240787506 293.001592159271 287.203510602315 287.646810213725 282.322406768799 276.991148789724 278.970241546631 277.273277441661 277.049382527669 272.647639115651 272.380928198497 275.659302870433 274.224758148193 276.442249615987 277.405381202698 275.210539499919 280.379414558411 290.501117706299 292.667925357819 284.209211667379 274.093906084696 274.877389272054 264.45480187734 259.05305147171 264.473477999369 266.575117905935 275.428394476573 291.906038920085 257.008194923401 248.375475406647 237.592796484629 229.471147060394 211.370309193929 192.051351070404
332.571466763814 330.890655517578 333.67129166921 334.877610206604 326.537509759267 320.707440376282 326.03927453359 339.378197987874 331.228673458099 303.048233191172 291.222890218099 299.127618471781 304.488698641459 293.929735819499 284.125447273254 288.425227006276 292.279124259949 282.517870267232 285.482982794444 286.282380421956 284.019529819489 279.027501742045 277.119835217794 278.743465741475 276.808897654216 275.538126627604 278.883099555969 282.065908114115 284.147044022878 291.331032911936 293.225407600403 286.664525667826 276.610811551412 272.437036037445 261.172771453857 265.587906042735 271.052400271098 272.231459617615 274.915913740794 284.595648447673 242.645462354024 203.089694182078 191.584984461466 184.052228927612 184.819936752319 181.677599747976
338.770826657613 338.661909103394 337.599754333496 337.640007336934 331.526875495911 325.767954190572 325.145920117696 331.345518430074 334.012508392334 312.254170576731 302.963634332021 302.497903505961 299.161116282145 291.523814201355 282.898962497711 289.728542168935 298.707048098246 291.807075341543 289.98076915741 289.29869333903 289.450764656067 284.950892130534 280.706445376078 281.941413879395 280.021031697591 278.199831644694 281.524499257406 286.983927090963 286.58523162206 290.511667728424 293.567816416423 288.407286008199 279.468099276225 264.158844947815 254.272977511088 270.653148492177 279.861350854238 278.689543406169 270.184795061747 277.302066485087 241.473933060964 173.959950606028 145.830313364665 134.221533934275 138.634204864502 146.04319135348
333.522478739421 337.087392807007 339.131474494934 338.509360949198 336.14190419515 334.712346394857 331.931233406067 330.058832963308 331.918438275655 321.950217088064 319.640040397644 312.607884407043 299.006819725037 298.363049825033 292.363107204437 287.918945153554 296.00449403127 295.392672220866 289.296249548594 288.852949937185 288.545171419779 285.005132357279 283.543546994527 283.108492692312 285.022099812826 285.401562849681 283.232152462006 286.342104276021 288.433392842611 289.262672265371 291.648268699646 290.19170999527 274.764100710551 252.180596192678 259.996453921 283.841967582703 287.027398745219 281.836072603862 266.654133796692 270.451605319977 275.738080342611 216.857552528381 158.294409513474 132.572511831919 128.5746494929 129.553784926732
317.129552364349 321.589092413584 321.346282958984 326.237897078196 333.551963170369 339.925010999044 343.30689907074 343.149542808533 341.54200553894 336.581945419312 326.196948687236 308.327356974284 300.763328870138 299.620191256205 296.146233876546 289.819717407227 293.519298235575 292.979836463928 287.823955217997 287.512401739756 289.467394351959 291.443089644114 289.089560508728 284.436762332916 284.57107146581 285.738408565521 289.270877838135 288.680076599121 290.529847145081 290.174007415771 290.350397427877 289.13535674413 269.038240114848 253.474712371826 277.964532375336 293.491959571838 289.017717043559 283.853530883789 271.823883056641 271.06910943985 300.290544827779 308.520436286926 245.234370231628 191.694060961405 155.096630255381 131.680826346079
