input/barkrak2/radiation/dir12824.grid
NCOLS 85 
NROWS 70 
XLLCORNER 665100 
YLLCORNER 4664600 
CELLSIZE 20 
NODATA_value -9999 
[rows 20 to 39 of 70, columns 0 to 45 of 85]
165.287226438522 155.608306328456 169.582962989807 207.565804322561 202.672759691874 163.933336734772 152.341465155284 160.087764263153 172.980149586995 190.101742744446 206.153770287832 209.733764330546 216.028491655986 219.959378242493 234.169185161591 256.955683231354 271.592458089193 286.055445671082 307.399491469065 317.250768343608 320.639967918396 311.917185783386 310.413400332133 312.513450781504 314.006606737773 314.842263857524 317.751030127207 315.536936124166 312.062680721283 311.210910479228 304.366747538249 291.699568430583 280.337075392405 273.861606915792 271.332522233327 277.088642120361 276.557087898254 278.849641482035 283.658862113953 288.239578406016 288.277367750804 288.433233896891 291.061679522196 284.877677758535 289.993643760681 292.998909950256
195.670286814372 191.027442614237 202.422380447388 233.890215555827 229.994436105092 174.15052652359 162.894169489543 169.960757096608 178.30216884613 189.008494218191 198.214213053385 206.738233566284 211.008052031199 211.589654286702 224.02415672938 240.266044934591 257.736881573995 272.267500559489 287.519772847493 305.689712365468 317.192236582438 324.446241060893 327.000518639882 325.75253645579 320.60585419337 314.244151115417 309.467593828837 305.53416411082 306.922594706217 299.324889977773 282.164613405863 250.903348128001 227.523465951284 222.607294718424 229.33026154836 249.427815278371 257.628917694092 273.618320624034 283.525347709656 284.577051798503 282.629907131195 280.695021152496 274.673203627268 259.419480959574 280.0532579422 290.195941925049
239.437460899353 243.921895821889 243.466595808665 252.473970254262 252.330541610718 204.818367958069 188.079158465068 177.28849252065 174.395422140757 181.232909361521 199.147264162699 207.503954569499 217.763861020406 217.864692211151 226.59170627594 236.538112163544 251.57086054484 264.938553174337 277.494013309479 283.425649007161 292.565087477366 307.109554608663 319.348116715749 317.386468251546 309.418519337972 300.743838151296 289.835393428802 271.966715653737 267.602821191152 248.620629310608 215.636610984802 171.687146027883 148.342867692312 161.153554916382 189.446687698364 215.565800666809 234.236498673757 256.018499533335 269.52451467514 272.142728169759 275.767743587494 276.752909024556 252.740820248922 229.829589525859 260.541160901388 287.267168362935
265.137791633606 264.726599057515 255.237241586049 257.877270380656 257.176280021667 242.133339246114 210.794965426127 185.235142707825 171.023825804392 175.694902737935 196.40052318573 208.370566368103 223.426123460134 233.195761839549 232.83996184667 236.664891242981 247.633735338847 259.50555006663 271.224598089854 264.583607514699 264.094332853953 260.956684748332 265.935480594635 275.345702966054 280.983924865723 278.914550940196 266.23922586441 251.542627811432 232.122500737508 187.999029954275 160.54959098498 135.587513446808 100.338280200958 85.4442318280538 96.6690182685852 131.33958975474 179.755687713623 210.124890009562 227.912147839864 238.762855529785 237.304051717122 223.675608634949 210.025509198507 243.31933259964 245.669464270274 276.801427205404
258.399705092112 259.04768705368 260.721822579702 260.095238685608 249.415258566538 242.220143477122 218.361576398214 199.433128039042 182.484984397888 176.676909128825 189.018706480662 205.943425496419 218.522349993388 229.939341545105 233.666777610779 235.456426938375 243.92694234848 254.026532173157 257.724543412526 249.75977341334 245.225310325623 238.293608029683 246.483683586121 254.347125689189 259.232183297475 261.991043885549 250.331421693166 237.327774365743 202.026188373566 155.625313520432 135.373055934906 131.793667872747 108.913660049438 68.0543680985769 60.6693625450134 79.5806745688121 121.613293886185 156.51747584343 187.924941380819 201.855659484863 192.007501920064 169.773896535238 191.284835338593 265.885631243388 260.253687699636 279.924114545186
249.984999497732 254.635254542033 262.783090273539 258.898675441742 250.735799471537 243.722120920817 228.81015141805 227.347056070964 219.908495744069 205.450435479482 203.123291333516 219.279627005259 230.654279390971 241.538008054098 245.207210381826 240.266362826029 236.909588177999 243.371824423472 247.844656308492 253.255367279053 256.269296010335 251.216272513072 245.5775141716 245.358030001322 247.029423713684 246.880988279978 239.643275737762 232.670187950134 189.439555009206 164.75240389506 162.178913752238 177.264392375946 177.724699179331 134.728143612544 99.5929539203644 95.8197712898254 106.369217236837 130.886018276215 161.831557750702 178.780992825826 164.323598146439 156.412978967031 200.649301211039 259.040733178457 276.955803235372 289.923071861267
251.165171464284 254.419048627218 260.666151841482 259.441236654917 264.819284280141 256.548961003621 247.623999913534 244.654973347982 246.402382850647 239.925404389699 226.474940776825 239.62140083313 248.404145240784 260.021249453227 252.984782059987 241.499940554301 237.675348917643 245.684742927551 252.83674399058 266.332844893138 265.732626120249 263.073980808258 255.106906096141 247.669140497843 247.862617174784 246.490279833476 240.165789922078 234.582722187042 202.872236569723 197.205901145935 216.71454111735 241.581281026204 247.617304325104 250.661532084147 213.461359341939 133.852501710256 124.052405357361 131.691684325536 154.252787431081 166.985193888346 177.196304003398 208.191474278768 220.118542512258 237.739761670431 269.596954186757 279.058674971263
255.074183146159 251.667539278666 254.349251588186 258.338510990143 289.914568265279 272.303581237793 261.073966821035 249.863644440969 251.433889071147 256.432930628459 243.745227654775 246.547639369965 253.465592861176 256.283164024353 255.703568458557 251.012206077576 246.960341930389 253.242095311483 261.681179205577 267.509361108144 266.912877559662 257.906933625539 254.855275154114 255.521972974141 254.339277744293 253.495832284292 247.558494408925 244.425813357035 230.582495530446 230.352461338043 251.701394716899 266.026536623637 267.455061276754 281.104604403178 289.283533891042 211.119512716929 151.781221230825 137.057681878408 145.356754461924 168.163776397705 212.787369887034 268.560469150543 232.473472754161 225.809574127197 249.138712882996 258.430699507395
253.690540790558 243.785341580709 247.241834799449 264.63790734609 305.590411027273 275.777081648509 254.463791847229 243.673364321391 246.768474578857 250.070552031199 245.355884234111 242.488741874695 249.616146087646 255.783200263977 256.986320018768 260.533690452576 256.775557994843 250.836412111918 262.487053871155 264.437079429626 259.857257207235 254.439075787862 253.903826077779 258.216679096222 259.91948445638 253.650526205699 255.103309949239 249.061723550161 241.973559061686 240.77304204305 262.122452259064 278.956631819407 279.694974422455 279.153784116109 294.513742129008 276.884456475576 180.58584133784 125.845611095428 114.904115597407 146.045684814453 223.079840342204 252.005378405253 221.994996070862 195.953607559204 217.28918949763 229.05433177948
247.26410706838 235.774040222168 242.897391319275 274.928530057271 303.515394528707 272.458116213481 244.308074315389 225.804607073466 218.82289648056 220.260699590047 222.195247809092 228.555599848429 242.26454893748 256.040871143341 260.8948747317 263.398369153341 262.365221977234 251.439372698466 252.634942531586 254.742503166199 255.271414915721 255.623062451681 257.339795430501 261.783401171366 262.683590253194 258.434057235718 260.987559954325 255.387961864471 245.586037635803 249.071538448334 269.103010495504 286.527852217356 282.556811968486 279.869457085927 289.815326531728 301.071604092916 266.208390394847 184.946815172831 141.78611834844 152.330497900645 187.864422798157 204.783837000529 206.574658552806 173.652509848277 183.792074521383 205.42049407959
237.905005613963 246.469736099243 276.467363039653 322.488049666087 320.02055644989 279.87277507782 241.949597994486 211.122473080953 200.205008188883 212.238589922587 206.832905610402 205.367048581441 233.382523059845 254.385888576508 261.953771114349 268.011470635732 267.78914531072 258.401433626811 256.872713565826 257.441540559133 256.396035353343 263.840079307556 264.186561107635 265.048185984294 265.905916690826 269.253313541412 268.29985777537 263.822694619497 254.990617434184 260.752638181051 276.346802711487 288.552761077881 284.919957319895 287.038226922353 293.00065835317 296.506663163503 308.137516180674 301.862438519796 228.216826915741 182.684143384298 166.974504788717 160.394529501597 180.093169212341 173.671841621399 173.824946085612 205.215632915497
256.719470024109 286.42596801122 313.385228315989 323.525071144104 343.555768330892 316.791315873464 274.636526902517 235.844612121582 221.334795157115 233.988801638285 228.108525276184 208.731770515442 224.066038926442 249.852498372396 266.775767008464 271.522164344788 269.840717315674 267.333984375 260.7634862264 260.781089464823 262.988984584808 267.043054103851 267.42289463679 266.349653402964 267.255624135335 275.683999061584 276.605506738027 277.85454193751 272.107640902201 274.517754713694 282.169540723165 287.740707397461 289.72589969635 295.846422513326 299.559017022451 288.385669390361 294.604102770487 322.160303592682 301.947236061096 232.47230052948 181.513130664825 163.92175356547 165.793200333913 175.428132216136 197.879274686178 227.143883705139
296.921094258626 312.97645966212 311.052441596985 304.997245470683 321.555177370707 334.318081537883 319.967150688171 289.340873559316 263.343890508016 261.753439903259 263.789852460225 241.213182608287 228.677332401276 249.964674313863 270.184576511383 274.20437335968 270.554065704346 274.474143981934 262.138684590658 260.582506656647 265.532533327738 265.697876612345 266.052226225535 264.906585216522 267.301201820374 278.218269348145 282.23838408788 286.15548213323 281.193355719248 279.66034412384 289.114097754161 294.904232025146 291.827102502187 293.222049872081 297.073721885681 285.974343617757 286.245067914327 299.250324567159 289.31866089503 253.466427326202 220.421294371287 188.384354114532 169.351875782013 173.857808113098 198.628008365631 232.355395952861
301.554322242737 300.466597080231 294.85301176707 285.140037536621 286.892056465149 304.925163586934 318.127671877543 307.798008124034 289.869725704193 286.425689856211 286.314288775126 269.229670365651 252.717653910319 257.341166337331 271.66211605072 272.007465362549 268.994748592377 272.404034932454 264.312525590261 263.783077398936 263.308525085449 264.835019906362 262.48029867808 259.904424349467 265.594919522603 274.846454461416 283.169527848562 284.895896911621 281.654675801595 284.153997898102 293.448726336161 292.450865109762 281.252483526866 276.954293251038 281.061748663584 264.190534750621 262.269735336304 258.365154266357 241.895536581675 236.161907513936 245.881776014964 219.835062821706 194.308320681254 180.793205897013 184.316456317902 208.903710047404
299.914479255676 293.418129285177 298.992534478505 286.786039670308 280.06919225057 290.28457403183 311.832388242086 325.838843981425 311.615844567617 296.175102392832 287.672420342763 283.60124429067 282.603800296783 277.339299519857 273.354053497314 273.720105489095 270.757873853048 266.616463661194 265.315274397532 269.826889038086 264.664828777313 262.86393404007 263.49014043808 262.475192546844 265.197078386943 270.974159240723 278.105358282725 275.636931260427 275.990267594655 286.262035369873 291.22257232666 283.042013645172 268.374065558116 270.800530910492 267.731189727783 250.173846880595 252.043743928274 251.277426878611 250.734428564707 259.050250053406 260.240435600281 254.945397377014 231.452167034149 215.440452098846 196.778913338979 192.23161538442
315.889159838359 312.574982643127 320.224821567535 315.76923529307 306.962609291077 309.504389762878 323.008338610331 338.832457860311 325.269440809886 299.820045630137 286.488433678945 289.220551649729 296.168267726898 284.907917181651 279.025495052338 281.207462151845 275.586128234863 268.759608268738 273.157179355621 271.994113922119 268.934786319733 265.456239382426 265.376269817352 268.785417079926 267.284452915192 270.424803098043 272.641062736511 270.459493001302 273.439029852549 285.598595937093 287.849466005961 280.159632364909 270.300189654032 271.3303565979 260.011295477549 254.500170548757 259.989937146505 262.416978677114 270.610908667247 284.186204274495 248.947103818258 241.436918576558 230.502188205719 221.984962622325 206.320663293203 187.020182609558
330.98179101944 329.56870396932 332.505981127421 333.161155382792 325.066149234772 319.493035475413 324.986577033997 337.999820709229 329.322596391042 299.739042917887 289.317965507507 292.321900526683 297.197242577871 286.329050858815 278.859992822011 281.973938147227 285.697241624196 276.419421037038 277.499159177144 280.039250850677 277.907252311707 271.930376688639 271.924336751302 274.603207906087 270.712892214457 268.695871035258 271.273255348206 275.994499524434 278.53254477183 286.269346872966 288.845976193746 282.731473445892 273.073156674703 269.075989723206 257.173856099447 261.411229769389 266.760130723317 268.412748972575 270.900030930837 277.736763159434 232.099493344625 195.038318634033 182.895282904307 177.43194103241 177.707930405935 175.720671812693
335.736354192098 336.188515027364 336.061120033264 335.488557815552 329.621692498525 324.364503224691 324.373086293538 330.76133330663 332.188566525777 309.343139330546 300.77463388443 296.845058600108 293.348749478658 285.910924275716 277.396241823832 281.790375709534 291.128317515055 283.306181430817 280.463218688965 282.941242059072 281.715035438538 277.808090051015 274.342854817708 274.920423825582 276.616156101227 275.666495164235 274.868925412496 279.775937398275 282.004833221436 285.215278466543 287.720203399658 284.479399522146 275.891304016113 260.451714197795 250.295360883077 266.875048478444 276.063700517019 275.208572546641 266.686956087748 272.02844619751 232.000688711802 164.835900068283 137.197146813075 126.103311777115 130.405604839325 140.63294728597
328.2710313797 333.333214124044 335.717399915059 334.712028503418 332.937339941661 332.483649253845 330.69384098053 329.507152239482 330.473939577738 317.906419436137 315.137068430583 305.981794993083 294.670701026917 290.349284807841 285.990277926127 279.727717240651 287.717600663503 289.237439632416 284.19707218806 282.787164052327 283.036669095357 279.471755027771 275.653103987376 276.419917742411 277.939518292745 280.245184898376 280.329744021098 280.503312746684 283.660451571147 284.533937772115 286.59317890803 286.621193091075 271.292209625244 248.397330443064 256.016651789347 280.388474464417 283.768594264984 278.111139933268 263.757824897766 267.070412635803 268.470486005147 207.036316394806 150.044043858846 125.891804695129 123.327414194743 122.542023658752
310.840129852295 315.14177719752 314.887205759684 320.964694023132 328.199485937754 335.214495658875 339.405695597331 340.245604515076 337.894121805827 332.423051198324 320.688625176748 301.916380723317 293.143550554911 292.409618695577 288.10703754425 282.36601750056 287.699063618978 287.570357322693 280.349850654602 279.640257358551 283.316075801849 285.446166992188 283.848226070404 278.802514076233 277.220924695333 279.199818770091 281.838615735372 283.521751562754 285.590847333272 285.224656263987 284.207920233409 284.940878550212 264.647901058197 249.805967013041 274.770100911458 290.624101956685 285.719712575277 280.284821987152 269.127905368805 268.981397151947 296.933650970459 301.305572191874 236.95041735967 182.268500328064 146.946211655935 124.295641978582
