input/barkrak2/radiation/dir16024.grid
NCOLS 85 
NROWS 70 
XLLCORNER 665100 
YLLCORNER 4664600 
CELLSIZE 20 
NODATA_value -9999 
[rows 40 to 59 of 70, columns 0 to 45 of 85]
341.444333394368 342.132727305094 342.095295588175 343.730211257935 347.792983055115 350.420554478963 352.479974428813 354.744752248128 354.827165603638 348.889430363973 340.764125188192 337.556441624959 335.862557093302 333.106736342112 330.530683199565 330.059846242269 327.346762021383 325.419167677561 321.189562479655 319.806694984436 319.815218448639 322.598397731781 322.081446647644 318.022211392721 316.518664360046 312.361280123393 317.412892977397 318.112909793854 319.170157114665 317.80332326889 316.724359989166 312.316318353017 287.278215090434 282.322029272715 303.146719932556 303.394059340159 294.611771901449 294.616003831228 294.623970985413 283.04926554362 291.544000307719 331.072231133779 350.188811620076 306.365847587585 247.018297513326 202.816665172577
345.614989598592 344.060619672139 344.209671020508 344.802737236023 343.006531397502 341.732581456502 341.562708218892 342.671434084574 345.692118008931 340.867161750793 335.608959197998 334.962328275045 337.172985076904 336.42049630483 334.52574412028 332.191248734792 326.669017473857 331.844687461853 329.634447892507 324.648181597392 325.171411037445 325.222651163737 323.167582352956 323.408186435699 322.688380877177 320.249557495117 320.663809776306 320.803642272949 320.322255293528 320.506930351257 318.937420845032 313.027163346608 294.265747070312 293.714900811513 304.873843987783 295.930643876394 281.565229098002 282.044092814128 289.524714152018 294.188876946767 307.926217714945 320.407768090566 333.635052045186 332.190950711568 288.65909576416 239.929993947347
347.450574239095 346.045255661011 347.327947616577 346.819718678792 342.982689539591 341.649611790975 341.455221176147 340.699911117554 340.336640675863 337.597250938416 335.925857226054 335.010329882304 337.563236554464 338.881929715474 336.544911066691 335.076133410136 330.793122450511 333.116590976715 333.319226900737 327.771544456482 327.070335547129 323.641399542491 322.224239508311 322.330276171366 324.279427528381 320.839365323385 317.565600077311 318.76544157664 319.641013940175 319.417834281921 317.429602146149 310.222427050273 301.386992136637 302.640497684479 301.598489284515 285.174051920573 270.26774485906 276.232202847799 291.345020135244 303.661445776622 311.728099981944 309.773604075114 305.952509244283 310.621619224548 294.888854026794 245.846708615621
339.754343032837 341.483036677043 346.026142438253 344.444274902344 344.826936721802 346.728603045146 346.748510996501 345.293680826823 339.444478352865 337.990522384644 339.24667040507 336.387077967326 335.791349411011 337.248086929321 336.709976196289 334.147373835246 333.759506543477 334.081689516703 334.865252176921 330.650925636292 326.249063014984 325.229903062185 322.583734989166 321.50528828303 320.760766665141 322.084625562032 317.357103029887 317.776302496592 319.248894850413 316.941996415456 313.992023468018 306.620438893636 306.072811285655 306.614518165588 293.284932772319 270.730396111806 266.072909037272 280.117710431417 299.626449743907 304.607391357422 304.47127421697 300.139745076497 292.401194572449 290.294130643209 283.596793810527 252.757589022319
339.598258336385 343.124667803446 344.487547874451 344.281435012817 345.304290453593 346.395611763 345.82241376241 344.002842903137 341.666380564372 339.150985081991 340.274532636007 338.188886642456 334.05073483785 333.701968193054 332.643151283264 331.759333610535 329.833308855693 333.256304264069 333.413998285929 332.461933294932 328.924278418223 326.591332753499 325.214425722758 323.078195254008 320.200761159261 323.137124379476 323.897937933604 320.929944515228 317.242244879405 314.357320467631 308.154046535492 302.928328514099 301.804820696513 297.530432542165 284.880479176839 268.533746401469 269.891738891602 285.916070143382 301.237066586812 299.716273943583 301.123201847076 293.523907661438 281.021336714427 275.961359341939 275.999168554942 264.643847942352
343.386729558309 345.685323079427 344.052275021871 345.327099164327 344.069202740987 344.251791636149 344.524542490641 343.455950419108 344.547430674235 341.93209807078 341.697653134664 339.560627937317 337.201197942098 333.657145500183 333.371559778849 334.724028905233 329.910059769948 332.424223423004 334.782759348551 333.020647366842 330.402473608653 329.008042812347 327.528794606527 325.571417808533 325.219829877218 322.215676307678 325.290262699127 322.670022646586 317.864576975505 314.237395922343 308.129727840424 303.605397542318 301.362991333008 292.307019233704 277.511239051819 262.802243232727 268.20170879364 285.743117332458 293.351868788401 287.253737449646 292.769809563955 284.39861536026 272.663652896881 275.240222613017 285.272657871246 276.151378949483
343.391537666321 344.154874483744 345.270435015361 345.869859059652 345.054388046265 345.227320988973 345.648288726807 345.939119656881 344.642917315165 343.722462654114 342.560728391012 342.3144419988 339.539448420207 336.905519167582 336.831172307332 339.243809382121 336.69368426005 332.289656003316 335.370143254598 332.435170809428 331.271489461263 329.222202301025 327.802240848541 322.75911172231 326.724489529928 322.149972120921 319.995880126953 319.626847902934 317.603170871735 314.42912419637 308.25287103653 305.795073509216 299.655437469482 288.97492090861 275.636613368988 264.453669389089 271.990338961283 284.901301066081 283.052504062653 284.781674544017 291.480958461761 280.410329500834 276.239554087321 283.292710781097 292.104025681814 283.441166083018
340.784589449565 341.589689254761 344.418406486511 344.194451967875 345.593452453613 346.14622592926 345.371643702189 344.338615735372 343.893845876058 345.680077870687 343.604405721029 341.958125432332 340.353012084961 340.569098790487 338.301022847493 338.210622469584 336.74693107605 330.94068368276 333.437283833822 332.182625929515 329.261680444082 326.971630255381 329.307019710541 321.709831555684 321.38454914093 320.629477500916 314.554651578267 315.61275323232 315.402130285899 311.959902445475 308.796624342601 306.266903877258 297.588706016541 294.150034586589 286.839286486308 274.209121863047 276.65913105011 283.688604831696 285.695393880208 292.359093825022 289.545059204102 282.218178113302 284.228165944417 285.230537255605 284.73707040151 276.187221209208
336.322546005249 338.265101114909 340.664784113566 342.293341954549 344.77686882019 345.608949661255 343.97562344869 343.284527460734 344.995578130086 346.256891886393 345.401525497437 342.869997024536 342.32234954834 341.897567113241 340.739885965983 337.182521820068 334.619839986165 331.140140692393 331.40754699707 331.721981366475 331.743657588959 328.914701938629 327.137152353923 323.336323102315 319.121519724528 322.623689969381 317.306995391846 318.264583746592 318.130234877268 317.197899023692 316.607435544332 312.193294366201 304.6875 303.20405960083 296.377281347911 279.344995816549 279.660582542419 287.180741628011 291.726807753245 292.24169254303 282.650689284007 280.013461907705 278.964797655741 273.642063140869 271.110574404399 270.690600077311
335.728208223979 334.354599316915 336.487491925557 340.278228123983 343.157490094503 343.775629997253 344.80889638265 346.354881922404 346.572120984395 345.183690388997 346.162875493367 345.533967018127 344.151139259338 342.03028678894 340.246359507243 337.049086888631 335.13077100118 330.012321472168 331.199804941813 333.762844403585 332.096219062805 328.9781610171 326.07114315033 326.800247033437 321.666677792867 321.513533592224 320.98267475764 319.217801094055 321.512440840403 321.411033471425 321.699142456055 316.955467065175 310.295164585114 309.05411640803 300.496737162272 284.444173177083 278.363327185313 286.208848158518 292.065680027008 282.430549462636 271.205067634583 274.542391300201 274.626612663269 269.118428230286 268.293639024099 271.796445051829
335.914413134257 337.881406148275 338.890433311462 341.865340868632 342.317859331767 342.388312021891 345.525185267131 347.900072733561 347.931345303853 347.28221098582 347.333033879598 346.539258956909 344.12944316864 342.228253682454 340.242147445679 340.991457303365 335.952917734782 332.946519056956 331.085463364919 332.7317237854 332.547883192698 330.277343591054 327.358245849609 323.4836657842 318.060119946798 319.088816642761 320.184389750163 319.661517937978 321.347335974375 323.726236820221 324.415266513824 318.744381268819 310.300449530284 307.965477307638 297.58075873057 284.000039100647 279.515643914541 283.704161643982 283.220291137695 270.976424217224 268.128395080566 278.932372728984 277.444263299306 270.275712013245 269.299149513245 265.356183052063
336.702028910319 341.091990470886 342.356085777283 343.065818150838 342.136184374491 341.828147570292 344.952424367269 347.420295079549 347.41489092509 348.921457926432 347.995162010193 346.952835718791 344.230095545451 341.02471669515 340.593576431274 341.894706090291 339.01309967041 332.285821437836 328.32278807958 328.854123751322 327.025632063548 327.118714650472 322.948098182678 317.528208096822 315.102895100911 315.406699975332 317.53925482432 317.227164904277 315.340141455332 317.985971768697 321.103135744731 317.241887251536 304.597894350688 295.347730318705 271.535933017731 259.041368961334 269.681413968404 278.024892012278 276.676714420319 276.469707489014 283.874710400899 286.280373732249 271.741986274719 263.267477353414 271.245837211609 259.602129459381
337.021748224894 336.398363113403 335.781931877136 337.963620821635 340.798854827881 343.488454818726 343.835274378459 345.973451932271 345.959583918254 347.40424156189 345.928271611532 345.895051956177 345.888694127401 341.615478197734 338.491360346476 337.671836217244 337.579886118571 328.642646471659 322.830677032471 320.778091748555 321.942071119944 319.759468237559 319.02015209198 314.424475034078 311.73845132192 309.163093566895 309.492528438568 309.38184261322 308.53275458018 306.383927663167 309.466620286306 310.704906781514 287.639300028483 263.914326826731 238.095164299011 227.833807468414 241.519272327423 266.016602516174 281.002640724182 276.565810044607 277.480820814768 272.527317206065 259.868661562602 262.595514456431 267.128268877665 244.058191776276
339.822689692179 334.047118822734 331.543604532878 335.028449694316 341.798941294352 345.385074615479 345.100482304891 345.073620478312 344.637195269267 343.789458274841 345.124880472819 344.411094983419 344.272017478943 343.650261561076 338.21447690328 336.3938331604 334.947506586711 326.125045617421 320.383489131927 321.221093336741 320.008814334869 319.112042586009 315.224766731262 311.592320601145 309.972663720449 308.321257432302 307.266334692637 306.845784187317 305.23024002711 299.627721309662 293.846547603607 287.228365739187 263.815840085347 238.852759202321 229.582826296488 226.012090841929 219.23698981603 229.111552238464 244.883000850677 264.163752396901 269.75405216217 260.029911994934 255.669434865316 259.023606777191 250.474532445272 229.880472024282
340.196291605632 336.970051129659 334.845066070557 336.501479148865 342.319369316101 345.057408014933 345.738132794698 344.212452570597 345.461408297221 343.764861424764 343.463738759359 344.451387723287 343.050599098206 342.574755350749 336.560408274333 335.357824961344 332.964380582174 326.883474985758 322.496195634206 323.392589886983 323.113163312276 319.715877374013 317.154506842295 315.170447031657 311.702350775401 310.56272983551 308.528780937195 306.250472863515 303.029755751292 298.450370629628 287.357807159424 279.039641221364 255.908886591593 242.226938406626 245.975454648336 249.297479788462 242.112755775452 233.187198638916 223.177154858907 231.806377569834 247.941136360168 240.564207235972 234.093983968099 227.880736192067 223.641355832418 220.20955880483
342.457453409831 341.084718704224 338.006297747294 334.899028142293 338.104923566182 344.188491503398 344.912926355998 343.270540237427 343.071222305298 344.199935595195 343.323707580566 344.108859697978 339.8064772288 340.268572171529 334.927638371785 333.239873250326 334.568381309509 330.236395200094 325.573603312174 324.101607004801 322.628458340963 320.550918579102 319.562315940857 319.046139717102 315.549333890279 313.498556613922 307.016968727112 301.130672295888 295.485436916351 291.722675164541 289.403220017751 284.151713053385 263.615926106771 256.488124529521 260.436495145162 267.838219801585 278.738439083099 274.965484937032 258.495231469472 228.929380575816 227.743089199066 229.104081789652 226.399600505829 224.327445030212 229.908625284831 236.06264591217
343.854864438375 342.95912583669 341.796398162842 337.122996648153 335.339784622192 340.807994206746 343.014041582743 342.300017674764 339.308301607768 341.212550799052 342.66471862793 342.358350753784 338.14267317454 337.626218795776 336.854020754496 332.752128442128 333.116412162781 328.964749972026 327.211638291677 323.929349581401 324.487566947937 322.61327902476 319.222708543142 315.303484598796 313.373784224192 312.690099080404 299.202640851339 280.994415283203 274.645229180654 279.484391212463 287.379423777262 282.510121663411 265.033821264903 257.967332998912 264.842728773753 275.048196315765 291.073322296143 299.724578857422 290.243148803711 259.540140628815 233.248829841614 236.04420820872 243.500153223673 254.277487595876 264.458258946737 267.770409584045
343.26450030009 341.715971628825 342.14198589325 339.940985043844 334.102392196655 336.690187454224 340.646505355835 340.482552846273 337.667306264242 335.83394686381 340.061187744141 340.620199839274 337.344249089559 336.461822191874 336.047848065694 332.267800966899 331.662019093831 328.767716884613 325.580755869548 325.369576613108 324.62352514267 323.011616865794 319.55486536026 314.997613430023 314.074397087097 313.382267951965 299.291133880615 281.974534193675 281.38929605484 286.023298899333 292.378524939219 284.142374992371 272.671024004618 272.247850894928 284.285704294841 287.279407183329 293.189585208893 280.223727226257 249.922732512156 241.865197817485 252.72007783254 262.662569681803 257.464726765951 250.915149847666 252.704501152039 263.598759969076
336.492379506429 340.171297391256 339.807113011678 338.897466659546 334.360321362813 330.91676235199 340.136289596558 337.928771972656 335.387468338013 332.223614056905 336.379249890645 338.393688201904 337.964773178101 334.339181582133 333.985606829325 330.989142258962 327.285548051198 328.303019205729 324.487268924713 326.730986436208 326.44122838974 323.595682779948 321.96448246638 317.539970080058 316.455245018005 317.206899325053 311.458170413971 308.872481187185 305.248896280924 301.396369934082 297.000050544739 287.051300207774 283.612211545308 280.864993731181 278.564612070719 265.846232573191 246.282577514648 211.445907751719 194.114764531453 231.07389609019 267.582933108012 268.799821535746 248.103062311808 243.057052294413 255.481739838918 269.331892331441
329.396446545919 338.104128837585 338.424324989319 334.720373153687 334.049145380656 328.985333442688 331.588387489319 337.212959925334 338.887055714925 332.098543643951 336.007754007975 337.079326311747 336.497584978739 334.980805714925 331.752200921377 329.704403877258 326.969146728516 324.087818463643 321.299513181051 319.824020067851 320.615073045095 321.542362372081 320.315361022949 318.407813707987 318.314770857493 321.132719516754 321.560482184092 322.076837221781 308.894534905752 306.776483853658 297.175467014313 285.622000694275 282.261967658997 265.448689460754 238.350848356883 206.479589144389 194.384376207987 186.713556448619 182.436347007751 207.296967506409 234.147648016612 251.792132854462 249.934713045756 262.323518594106 293.006479740143 302.802622318268
