input/barkrak2/radiation/dir17324.grid
NCOLS 85 
NROWS 70 
XLLCORNER 665100 
YLLCORNER 4664600 
CELLSIZE 20 
NODATA_value -9999 
[rows 0 to 19 of 70, columns 0 to 45 of 85]
357.273101806641023 359.112143516541 357.575496037801 351.844350496928 345.487515131633 340.608437856038 332.505961259206 326.315402984619 331.54688278834 330.057581265767 326.760828495026 335.161526997884 342.084010442098 341.878374417623 344.913323720296 355.928103129069 360.484600067139 360.062599182129 341.776529947917 330.277184645335 305.907030900319 299.454569816589 315.180838108063 321.568687756856 317.852338155111 314.600149790446 314.630230267843 306.518455346425 288.432319959005 280.793984731038 279.642542203267 283.480803171794 290.396014849345 295.998891194661 304.255068302155 297.490696112315 293.574213981628 301.211734612783 298.925459384918 301.844477653503 291.97625319163 271.702647209167 282.137274742126 308.79545211792 315.28244415919 305.420835812887
351.806879043579 356.684803962708 358.339548110962 353.502949078878 350.555102030436 345.820228258769 334.81752872467 323.578794797262 326.187133789062 328.102966149648 322.790662447612 329.790532588959 339.605410893758 341.211557388306 340.195735295614 348.042249679565 345.675826072693 342.737595240275 342.816829681396 335.712830225627 318.9936876297 308.030128479004 311.97859843572 317.596813042959 315.971275170644 311.650117238363 310.09836991628 305.825452009837 291.543523470561 280.964732170105 282.15100367864 290.310541788737 286.325991153717 289.685249328613 303.324659665426 295.458058516185 287.912845611572 290.272911389669 288.093288739522 299.189448356628 298.030157883962 285.309433937073 292.910158634186 313.871383666992 320.261160532633 308.258175849915
334.339141845703 335.500836372375 337.810635566711 340.146938959758 347.085873285929 348.102688789368 347.066044807434 340.770324071248 335.313399632772 330.998539924622 322.801311810811 322.913388411204 330.755611260732 332.791805267334 328.829646110535 332.222024599711 336.011052131653 340.632359186808 342.959443728129 341.431538263957 335.715055465698 324.457049369812 315.475821495056 313.663423061371 314.834117889404 315.578043460846 310.122112433116 304.105699062347 292.820076147715 280.142347017924 277.105847994487 288.349846998851 275.133709112803 281.515022118886 297.414044539134 291.927337646484 275.765895843506 268.658955891927 281.099100907644 299.875577290853 302.563190460205 303.444425264994 305.984755357107 321.60758972168 332.080582777659 317.397713661194
320.43065627416 315.641363461812 318.637271722158 322.396477063497 325.461030006409 327.029863993327 324.565887451172 331.813712914785 339.288194974263 341.923316319784 337.300817171733 333.608269691467 332.690358161926 331.695675849915 327.610711256663 321.356872717539 325.001815954844 331.007321675618 338.021357854207 340.395927429199 338.357528050741 335.386753082275 333.270351092021 325.803637504578 323.694129784902 325.554092725118 319.298426310221 310.359835624695 301.359395186106 291.087786356608 280.663768450419 286.680857340495 273.979822794596 280.825813611348 288.539369901021 289.726773897807 282.883067925771 279.618640740712 298.492213090261 313.736081123352 311.162829399109 304.066856702169 299.788256486257 307.911932468414 319.312373797099 322.429378827413
331.440567970276 319.292823473612 308.266202608744 300.878246625264 296.168208122253 306.362052758535 320.228377978007 325.3506620725 330.975691477458 334.529678026835 341.530561447144 345.160881678263 344.665169715881 343.058029810588 339.041352272034 336.681922276815 334.879318873088 331.0759862264 334.176898002625 339.574654897054 338.781992594401 338.123242060343 340.050299962362 335.069298744202 330.146908760071 328.847050666809 323.704123497009 314.542253812154 305.521527926127 299.935936927795 297.827442487081 293.949127197266 286.136786142985 289.045651753743 286.800762017568 290.611326694489 301.309148470561 306.652764479319 317.120353380839 323.114931583405 321.16025686264 313.313225905101 304.482738176982 299.842298030853 305.84728717804 328.213532765706
353.151082992554 340.773741404216 322.422663370768 297.33947912852 288.422226905823 295.601487159729 313.431302706401 325.785477956136 327.830632527669 327.073097229004 332.918842633565 338.417728741964 343.556125958761 344.812870025635 346.724470456441 345.88344891866 342.18160311381 334.367672602336 332.611342271169 335.716724395752 335.477391878764 338.511188824971 343.86400381724 340.238094329834 335.627436637878 334.688425064087 328.232924143473 318.640609582265 307.834585507711 300.666530927022 299.443026383718 294.781843821208 299.786190191905 306.414067745209 300.18405119578 297.364771366119 305.878361066182 313.404440879822 318.349937597911 318.657497564952 319.736798604329 316.048463185628 313.36772441864 311.970988909404 311.090409755707 318.62477461497
354.600191116333 347.312211990356 334.620356559753 321.732779343923 307.113389174143 295.464893182119 301.655888557434 322.703262170156 329.429666201274 332.845489184062 331.355532010396 328.434367974599 326.005498568217 323.859532674154 324.05036687851 332.573095957438 337.518572807312 341.501712799072 342.156489690145 341.296434402466 336.574633916219 332.245389620463 339.986562728882 342.098792394002 339.939554532369 340.622027715047 337.1422290802 328.836858272552 318.081577618917 310.315549373627 304.475784301758 305.052876472473 319.320638974508 326.262533664703 323.965768019358 316.595137119293 315.075139204661 318.946937719981 322.678049405416 328.997830549876 329.389671484629 325.101335843404 320.969859759013 314.518491427104 299.39329624176 293.112874031067
347.781459490458 348.504384358724 347.680727640788 342.740774154663 331.647137800852 311.948200066884 293.741424878438 292.376200358073 317.635913689931 332.808057467143 336.511850357056 334.168195724487 328.514993190765 324.281434218089 315.308471520742 317.594687143962 325.436015923818 334.112405776978 343.481262524923 346.834341684977 344.655950864156 337.494929631551 337.112704912821 340.967893600464 341.269135475159 343.160708745321 342.26914246877 338.218768437703 331.140875816345 326.248685518901 322.222014268239 322.921315828959 333.839098612467 337.266127268473 336.459914843241 332.868198553721 326.958775520325 323.704938093821 317.660868167877 325.690905253092 333.992123603821 336.867650349935 334.735631942749 324.824968973796 307.717740535736 291.126151879628
345.714330673218 346.683899561564 347.517331441243 346.695820490519 342.417279879252 333.614428838094 314.137200514476 292.320926984151 299.699246883392 316.188017527262 330.744365851084 333.602666854858 333.669265111287 332.574963569641 327.756841977437 323.703726132711 322.074135144552 323.663274447123 332.002580165863 340.693831443787 346.321582794189 346.246321996053 343.357483545939 341.315825780233 341.742157936096 344.707767168681 345.677932103475 343.506892522176 340.790748596191 340.654770533244 340.06400903066 338.938156763713 341.744224230448 343.221584955851 340.920408566793 338.934024175008 335.770090421041 327.435215314229 313.33049138387 316.838324069977 331.694444020589 334.287603696187 330.063124497732 326.482137044271 317.444642384847 308.189113934835
338.595350583394 342.21617380778 343.455592791239 343.581636746724 342.439254124959 343.28826268514 337.433735529582 327.089210351308 303.565939267476 299.196124076843 308.680792649587 325.471440951029 336.480259895325 340.075969696045 341.008424758911 338.086565335592 331.383903821309 327.420353889465 326.923946539561 328.93709341685 333.974003791809 336.226105690002 338.650862375895 339.60755666097 341.230074564616 343.265136082967 344.315012296041 343.133727709452 342.359066009521 344.866196314494 345.662434895833 345.580776532491 347.078879674276 347.643812497457 345.508257548014 341.546138127645 340.296506881714 335.283994674683 316.402872403463 312.009692192078 324.658970038096 325.057943662008 322.943806648254 322.080075740814 314.017653465271 304.712613423665
311.49015824 319.659034411112 327.338735262553 331.859588623047 336.231033007304 339.412649472555 341.690222422282 341.896017392476 327.783465385437 309.055745601654 298.374752203623 303.352514902751 322.698871294657 336.450179417928 342.426538467407 338.408867518107 335.177818934123 332.287569840749 327.781736850739 324.4549036026 323.471009731293 323.382755120595 324.928820133209 331.505974133809 336.474140485128 339.550892512004 340.492089589437 339.968283971151 341.528336207072 343.645850817362 344.522714614868 346.065759658813 349.210182825724 349.394639333089 348.620295524597 344.833095868429 343.976259231567 343.334277470907 330.973505973816 317.328015963237 320.420364538829 323.877930641174 325.638731320699 325.991849104563 318.271199862162 309.135397275289
279.397428035736 283.71524810791 290.505766868591 300.009787082672 311.529894669851 322.508335113525 333.524386088053 336.858669916789 336.926698684692 329.900165398916 313.28821182251 298.09824625651 299.707412719727 315.932393074036 333.024303118388 333.285212516785 337.564587593079 336.90079053243 332.240064938863 325.076540311178 320.847570896149 318.621218204498 318.686425685883 323.60033194224 328.189591566722 331.175049146016 332.367320855459 334.6266746521 337.35187848409 339.557647705078 341.551542282104 344.787200291951 348.14182917277 348.872582117716 346.688429514567 345.686634381612 347.062985102336 347.831169764201 344.219406445821 333.086768786112 330.03842830658 333.188652992249 336.413820584615 336.570183436076 330.12447754542 327.833771705627
270.409484704336 266.732633113861 264.776368935903 264.819184939067 271.527866522471 285.386184851329 304.912567138672 319.203098615011 335.606455802917 337.709148724874 332.651615142822 317.362407843272 296.502689520518 294.640024503072 312.665820121765 329.559008280436 337.908307711283 338.963945706685 336.915135383606 332.629203796387 327.477097511292 326.512078444163 325.32012462616 325.955589612325 325.476169586182 324.291427930196 327.070355415344 332.217415173848 333.985209465027 334.0878089269 336.771090825399 340.022603670756 341.70397122701 342.526038487752 341.828266779582 343.842585881551 348.636706670125 350.582997004191 348.763982454936 346.97155157725 344.35228506724 343.499739964803 343.122164408366 341.908971468608 336.166222890218 332.999070485433
266.275386015574 242.157737414042 226.823290189107 221.801221370697 219.439387321472 224.037051200867 241.168399651845 271.608670552572 302.951296170553 327.069719632467 335.875630378723 336.476564407349 327.262341976166 309.029479821523 307.129542032878 325.396796067556 335.316737492879 341.009974479675 343.536297480265 341.676791508992 336.492896080017 334.473530451457 332.66427119573 332.676947116852 330.806692441305 328.956286112467 331.451833248138 336.116711298625 334.959506988525 331.840296586355 334.579308827718 337.631662686666 339.010000228882 339.322924613953 340.605099995931 343.109687169393 346.269369125366 347.966432571411 347.966313362122 346.939166386922 347.237189610799 347.832600275675 347.904404004415 344.877163569133 340.022802352905 335.119247436523
249.574700991313 217.018624146779 195.936918258667 192.145069440206 190.995911757151 194.274226824443 202.28773355484 225.799302260081 252.074917157491 295.603334903717 333.220064640045 346.210400263468 347.730398178101 340.837597846985 324.23722743988 321.299115816752 325.418512026469 334.834535916646 342.130223910014 344.341913859049 343.984166781108 341.476202011108 340.64249197642 339.395761489868 336.447993914286 334.934115409851 336.796681086222 337.867895762126 332.978467146556 331.268310546875 334.853251775106 336.650570233663 336.930791536967 337.143699328105 339.10079797109 341.191291809082 341.297229131063 340.767582257589 341.880877812703 340.768814086914 343.201835950216 346.11705938975 347.866535186768 345.784584681193 341.664711634318 339.310725529989
214.955429236094 191.350340843201 176.381727059682 173.511882623037 188.406189282735 208.074768384298 207.3934674263 212.593197822571 232.74028301239 262.274185816447 305.805583794912 344.259818394979 351.828932762146 350.370009740194 344.616174697876 326.56600077947 319.359183311462 321.112275123596 332.165618737539 344.654520352681 346.759517987569 344.390114148458 345.306833585103 343.097448348999 339.202920595805 339.192271232605 341.812372207642 338.777303695679 333.665053049723 336.088260014852 338.397781054179 338.084618250529 336.602409680684 335.30588944753 335.698843002319 335.3511095047 334.527413050334 331.044713656108 332.329869270325 333.236893018087 335.110982259115 338.122924168905 339.422305425008 339.160561561584 339.939832687378 341.391444206238
188.881536324819 180.264532566071 173.461496829987 165.889799594879 169.45876677831 192.410846551259 210.586726665497 213.210384051005 227.250357468923 238.911211490631 261.121233304342 311.655143896739 348.425149917603 349.63321685791 347.47318426768 344.881494839986 340.056459108988 329.807957013448 323.193987210592 330.894847710927 342.213034629822 345.765868822734 347.101926803589 345.172762870789 342.00119972229 342.921733856201 345.711946487427 342.483599980672 339.142282803853 342.616041501363 343.670129776001 338.379581769307 335.421959559123 333.936810493469 330.255448818207 329.55010732015 327.101707458496 326.393067836761 325.502077738444 327.501038710276 329.388499259949 330.098668734233 331.675787766774 333.14969142278 339.144587516785 342.019319534302
180.873195330302 184.762438138326 186.514516671499 178.114036719004 161.646207173665 168.959935506185 197.674254576365 212.616244951884 230.647404988607 241.378506024679 249.873578548431 275.400519371033 324.097911516825 347.718477249146 349.760770797729 350.628932317098 350.826780001322 345.597545305888 335.442622502645 324.977238972982 332.291007041931 344.711701075236 345.280051231384 343.863010406494 344.06304359436 347.497423489888 349.561850229899 347.784956296285 345.358570416768 346.298933029175 344.040950139364 338.736057281494 336.05170249939 332.962095737457 329.590419928233 327.886680761973 325.714707374573 326.030671596527 325.949390729268 326.153179009755 327.934781710307 329.055031140645 327.921450138092 330.574413140615 335.548281669617 341.157158215841
190.920154253642 201.620121796926 210.155646006266 205.697397391001 185.311079025269 176.415840784709 196.079691251119 215.464989344279 233.538051446279 255.725602308909 261.79426908493 271.371006965637 301.532487074534 333.219965298971 346.278627713521 349.900921185811 350.335836410522 349.967400232951 348.247528076172 340.177178382874 328.734934329987 337.092041969299 339.956402778625 343.371510505676 347.075303395589 350.23025671641 351.534724235535 349.751313527425 345.907926559448 345.676024754842 342.543085416158 338.839451471965 335.728963216146 333.042363325755 331.183652083079 328.746418158213 328.766783078512 326.208313306173 325.652499993642 327.715814113617 329.388976097107 330.349087715149 330.048441886902 330.881059169769 331.995109717051 338.101545969645
205.242455005646 209.90260442098 222.216884295146 238.53200674057 227.308789889018 191.144526004791 193.268895149231 204.541941483816 223.846713701884 247.027417023977 262.821575005849 265.267153580983 280.807693799337 299.210608005524 329.244613647461 343.839009602865 346.418579419454 347.022771835327 346.928437550863 347.061117490133 343.729734420776 336.512128512065 337.136348088582 340.957283973694 346.038540204366 349.687814712524 351.809581120809 349.434018135071 343.992392222087 343.666156133016 340.462843577067 335.879405339559 333.367705345154 333.379467328389 332.1400086085 329.923033714294 328.497668107351 323.697884877523 321.630219618479 327.385703722636 331.516623497009 331.443210442861 332.992613315582 332.992772261302 330.098569393158 335.87920665741
