input/barkrak2/radiation/dir14924.grid
NCOLS 85 
NROWS 70 
XLLCORNER 665100 
YLLCORNER 4664600 
CELLSIZE 20 
NODATA_value -9999 
[rows 0 to 19 of 70, columns 0 to 45 of 85]
348.538676897684979 351.804971694946 351.973454157511 348.673741022746 343.732078870138 338.634252548218 330.797930558523 324.622690677643 329.481879870097 328.323562939962 325.275381406148 333.022753397624 339.284459749858 339.16703859965 342.19487508138 350.265463193258 351.45628452301 341.299692789714 334.02148882548 322.701255480448 301.250656445821 296.891212463379 313.960651556651 320.691148440043 318.060278892517 316.318511962891 315.263052781423 306.435108184814 287.88944085439 280.80807129542 279.269337654114 284.942249457041 295.257925987244 300.825317700704 307.451764742533 299.851576487223 297.025899092356 305.622259775798 303.54251464208 305.399954319 295.226534207662 276.870508988698 287.10925579071 310.01736720403 315.270702044169 306.873102982839
341.414372126261 347.555160522461 347.92689482371 348.110278447469 346.613725026449 342.837810516357 332.37357934316 322.224239508311 325.245261192322 326.680064201355 321.792284647624 327.738503615061 335.764805475871 336.140632629395 335.598985354106 340.270082155863 341.035922368367 338.481227556864 336.616555849711 329.433798789978 314.378519852956 306.656956672668 311.739007631938 316.694299379985 315.991044044495 313.166658083598 311.338206132253 306.095321973165 291.168570518494 281.098107496897 282.412091890971 292.485515276591 291.942437489827 295.628746350606 306.33141597112 298.317690690358 292.169372240702 292.599419752757 288.630525271098 303.055286407471 301.690955956777 289.564887682597 296.173950036367 315.40044148763 320.804397265116 309.889853000641
320.366322994232 320.78895966212 326.112528642019 331.498821576436 335.736791292826 336.90349260966 338.245670000712 335.524320602417 332.496960957845 329.245984554291 321.139752864838 321.62618637085 329.815824826558 331.611156463623 327.963729699453 331.307093302409 335.689624150594 340.283552805583 340.812603632609 336.228807767232 331.856290499369 322.824041048686 315.387189388275 314.161519209544 315.34739335378 315.882166226705 310.404360294342 303.787291049957 292.737225691477 281.000673770905 279.159486293793 292.015969753265 280.162711938222 286.675890286763 301.170249780019 295.911689599355 281.15310271581 273.602366447449 286.66232029597 303.873221079508 305.109779040019 305.286884307861 307.122866312663 320.714672406514 330.361107985179 316.64498647054
302.393794059753 301.328142484029 304.395318031311 302.126983801524 306.817750136058 311.662554740906 315.064152081807 323.272506395976 332.199951012929 336.330056190491 333.317716916402 331.48060242335 332.455039024353 331.74329996109 328.174650669098 322.280665238698 325.444420178731 330.663780371348 336.366295814514 337.653597195943 334.978580474854 332.109649976095 330.741027990977 324.547350406647 322.688738505046 323.689818382263 318.50125392278 309.499541918437 301.208813985189 292.276322841644 282.853921254476 291.072209676107 280.079523722331 286.430617173513 292.984545230865 294.130603472392 287.677069505056 285.274604956309 303.446074326833 315.242886543274 312.245150407155 304.019093513489 300.899505615234 309.167385101318 320.576786994934 321.067214012146
318.581521511078 302.952607472738 286.791960398356 278.504153092702 281.711518764496 293.822328249613 309.89674727122 315.687596797943 321.929077307383 325.001776218414 333.834727605184 339.695890744527 341.476202011108 341.036717096965 338.634848594666 335.381269454956 333.42715104421 328.624983628591 331.038951873779 335.651596387227 334.959983825684 335.137089093526 338.399012883504 333.033601442973 328.297078609467 327.599902947744 322.836438814799 314.14661804835 305.70258696874 300.329625606537 299.166142940521 298.357903957367 291.419287522634 293.448507785797 291.009426116943 294.723888238271 304.582019646962 309.981942176819 318.390309810638 323.266883691152 321.056207021077 313.652257124583 306.293805440267 302.641232808431 308.229962984721 327.341934045156
339.508851369222 320.537467797597 301.311492919922 281.893193721771 274.755160013835 282.450636227926 302.826503912608 314.723432064056 317.091981569926 316.297948360443 322.756985823313 330.391446749369 335.152784983317 338.061650594076 340.688546498617 341.439763704936 337.316433588664 330.287575721741 329.243342081706 332.609434922536 332.210222880046 335.370937983195 341.044147809346 338.309407234192 334.495981534322 332.938293615977 327.10991303126 318.261404832204 308.216770490011 301.660497983297 301.812648773193 298.821190992991 302.881081899007 308.491965134939 303.421537081401 300.720572471619 308.881382147471 316.07590119044 319.602171579997 319.678048292796 320.505499839783 316.684087117513 313.842356204987 313.270847002665 311.868607997894 315.908432006836
345.053434371948 335.535049438477 324.595332145691 309.816042582194 294.207036495209 282.228827476501 288.719137509664 309.838354587555 318.747460842133 323.762357234955 322.094639142354 318.825403849284 315.128763516744 312.712411085765 314.262827237447 323.671181996663 329.420626163483 334.447582562764 337.160507837931 337.729970614115 334.278583526611 330.33965031306 337.256709734599 339.412569999695 337.603608767192 338.537454605103 335.166613260905 327.727417151133 317.776838938395 311.145782470703 307.179232438405 308.645844459534 321.699996789296 326.802949110667 324.689706166585 318.021615346273 316.520690917969 319.756468137105 322.817107041677 327.97384262085 327.849229176839 323.77964258194 320.066829522451 314.597566922506 299.464325110118 293.183048566182
342.572768529256 341.679135958354 338.954607645671 333.203514417013 319.482485453288 297.877152760824 278.672854105632 280.349353949229 306.946317354838 323.483844598134 326.741695404053 324.188033739726 319.740772247314 313.055038452148 304.575761159261 307.059129079183 315.50403436025 324.225624402364 335.470596949259 341.458042462667 340.650240580241 334.789991378784 335.167328516642 338.435252507528 338.533520698547 340.319991111755 339.577953020732 335.521380106608 329.205135504405 325.582464536031 323.318858941396 324.417809645335 333.402832349141 336.029767990112 335.540811220805 331.948121388753 326.770504315694 322.866221268972 317.032436529795 322.594960530599 330.262919267019 333.963394165039 333.234985669454 324.440201123555 309.053778648376 293.511072794596
339.310526847839 339.986801147461 340.030908584595 338.113824526469 332.895696163177 321.983377138774 301.798860232035 278.8205742836 286.645948886871 305.827140808105 319.937745730082 324.440896511078 324.657797813416 323.369880517324 317.808429400126 313.484311103821 310.514231522878 313.647905985514 322.87609577179 332.709689935048 338.555415471395 340.779225031535 339.084386825562 336.584488550822 337.163766225179 340.301752090454 340.758562088013 338.955163955688 336.708982785543 337.592681248983 338.712294896444 337.767601013184 339.751958847046 341.089049975077 338.128566741943 336.452563603719 333.039482434591 325.108647346497 311.96129322052 314.78226184845 329.744557539622 334.128459294637 331.932127475739 327.132662137349 318.131864070892 308.811704317729
328.800559043884 333.691557248433 335.784753163656 335.900187492371 334.434111913045 334.256649017334 327.337940533956 315.755804379781 292.467157046 285.893281300863 295.975108941396 315.11793533961 327.390074729919 331.193566322327 332.879443963369 329.376657803853 320.624728997548 317.515651384989 317.068894704183 319.291472434998 323.642949263255 327.51190662384 329.99054590861 332.283695538839 334.717194239299 336.948394775391 338.695287704468 337.549328804016 336.600263913472 339.232246081034 340.108275413513 340.135892232259 342.769583066305 344.619711240133 342.777490615845 338.463187217712 336.744745572408 332.380493481954 314.612329006195 311.460375785828 324.972371260325 327.031254768372 325.321356455485 323.084771633148 314.854820569356 305.576423803965
298.137088616689 307.923416296641 315.820733706156 321.189045906067 326.364556948344 330.602526664734 333.351254463196 332.297921180725 315.161426862081 296.296159426371 285.012980302175 291.732311248779 312.165518601735 327.322165171305 334.386428197225 329.6244541804 325.856149196625 322.592477003733 317.71711508433 312.930524349213 313.204884529114 312.975287437439 314.693729082743 322.106639544169 328.012983004252 331.266681353251 332.879642645518 332.4054479599 334.477305412292 337.025721867879 338.174939155579 340.025901794434 344.065109888713 344.767053922017 343.324740727742 340.366721153259 339.651664098104 339.607914288839 328.608234723409 317.483166853587 321.812748908997 325.520157814026 327.114045619965 326.757152875264 319.208999474843 310.694793860118
264.864087104797 269.386986891429 276.532431443532 286.590993404388 298.911134401957 310.799400011698 322.953263918559 326.725920041402 327.60218779246 319.740772247314 301.848729451497 286.04914744695 287.908275922139 305.026471614838 322.462300459544 323.177019755046 327.802916367849 326.77948474884 321.380019187927 314.704199632009 310.050050417582 306.710521380107 306.791881720225 313.189069430033 318.270047505697 320.975085099538 321.848173936208 324.425160884857 328.270653883616 330.842137336731 333.208819230398 336.77089214325 339.683731396993 340.764919916789 339.624285697937 338.975588480632 341.416915257772 343.347072601318 340.194344520569 331.814924875895 329.944491386414 332.92547861735 335.602045059204 335.397601127625 329.132199287415 326.702177524567
255.347232023875 251.524845759074 249.489883581797 249.521474043528 255.534370740255 270.917614301046 291.509906450907 307.878017425537 326.083183288574 328.49109172821 321.815212567647 306.197583675385 284.366448720296 282.447874546051 300.026059150696 318.5133934021 327.969908714294 329.270780086517 326.813419659932 321.822126706441 316.110730171204 314.304133256276 313.99530172348 314.669251441956 314.332067966461 313.223302364349 316.235224405924 321.255306402842 323.33242893219 324.233651161194 327.279766400655 330.866813659668 332.566738128662 332.614541053772 333.218256632487 335.666974385579 341.388622919718 344.590504964193 343.235333760579 342.642347017924 340.95839659373 340.464393297831 339.92346127828 339.305241902669 333.243628342946 330.37668466568
250.302076339722 225.339392820994 209.550261497498 204.269886016846 201.664408047994 208.725094795227 226.565261681875 258.166869481405 290.845453739166 315.63667456309 326.416969299316 326.399286588033 315.662344296773 296.19175195694 294.137835502625 313.636819521586 324.624598026276 330.690224965413 333.894332249959 332.297066847483 326.217651367188 324.01180267334 321.970582008362 321.067214012146 320.224245389303 318.325678507487 320.903937021891 326.154927412669 324.449340502421 320.809880892436 324.584444363912 327.983657519023 329.410115877787 329.730093479156 331.362148125966 334.441820780436 338.030378023783 340.259154637655 340.705474217733 339.982271194458 340.87351957957 342.101335525513 342.934370040894 340.805252393087 335.939049720764 331.978440284729
234.762152036031 200.399319330851 178.276896476746 174.091041088104 173.737227916718 178.502678871155 186.843593915304 209.88521973292 236.776232719421 281.616787115733 322.070121765137 337.346235911051 339.245359102885 329.663972059886 312.51182158788 309.32605266571 313.659350077311 322.979132334391 332.728385925293 335.838437080383 335.236430168152 332.188248634338 331.111013889313 329.522013664246 325.790286064148 324.343244234721 326.786796251933 328.035672505697 323.124627272288 320.971647898356 323.732972145081 326.758106549581 327.013274033864 327.189822991689 329.441746075948 331.806778907776 332.040309906006 331.454277038574 333.001891771952 332.0325811704 334.939479827881 338.513453801473 339.848359425863 339.37398592631 335.782090822856 334.12492275238
200.215339660645 174.975454807281 157.912115255992 155.069013436635 170.972128709157 191.293100516001 191.091358661652 197.495698928833 218.160331249237 245.83500623703 293.035606543223 334.589600563049 344.373067220052 343.32005182902 334.047158559163 314.896802107493 307.073970635732 308.979948361715 319.899201393127 334.540645281474 338.656584421794 335.905949274699 336.827397346497 334.040602048238 329.729398091634 329.209009806315 331.685980161031 329.203009605408 324.026465415955 326.453566551208 328.54155699412 328.181525071462 326.488713423411 325.075030326843 325.532337029775 325.137615203857 324.140429496765 320.437053839366 321.981370449066 323.066294193268 325.270930926005 328.70610555013 329.218010107676 329.379518826803 332.303643226624 334.314147631327
176.815370718638 167.233427365621 156.060328086217 147.044678529104 151.56560142835 174.695312976837 194.418807824453 198.516011238098 211.44978205363 225.604136784871 248.02706638972 299.014131228129 339.492599169413 342.336853345235 339.526255925496 334.999521573385 328.679303328196 318.546613057454 311.42129500707 318.421582380931 332.805633544922 337.613741556803 339.268883069356 336.951494216919 333.182911078135 334.118127822876 337.111075719198 333.670377731323 330.384314060211 334.094285964966 334.804018338521 328.667998313904 325.253585974375 323.412517706553 319.47120030721 318.702280521393 315.939048926036 314.064025878906 314.381122589111 316.617806752523 317.54869222641 319.58399216334 321.384151776632 323.053578535716 330.47745625178 334.193269411723
168.287396430969 171.414375305176 170.407831668854 158.655067284902 140.993654727936 151.78057551384 183.285077412923 199.479838212331 218.076586723328 228.834907213847 237.749139467875 263.895908991496 311.589201291402 338.673154513041 341.754198074341 342.989206314087 342.347701390584 336.425622304281 324.671049912771 313.287576039632 319.946885108948 335.548162460327 336.85557047526 335.777997970581 336.023728052775 339.625636736552 341.953873634338 340.195258458455 337.238232294718 338.687658309937 335.883577664693 329.682409763336 326.205134391785 322.467605272929 318.657358487447 315.905034542084 314.447244008382 314.730763435364 313.650806744893 315.075774987539 316.987196604411 318.213939666748 317.161619663239 320.030172665914 327.016194661458 332.593162854513
177.643279234568 188.540021578471 195.745984713236 187.206784884135 166.512360175451 162.950019041697 183.532536029816 203.684449195862 222.283065319061 245.053331057231 251.670360565186 260.858277479808 286.140978336334 318.835099538167 337.092757225037 341.500918070475 342.154026031494 341.506163279216 339.635928471883 330.013851324717 317.364096641541 326.510051886241 330.171207586924 334.519306818644 339.192986488342 342.920025189718 344.486633936564 343.051910400391 338.907519976298 337.976098060608 334.211746851603 330.051382382711 326.403359572093 322.827935218811 320.552865664164 316.944758097331 316.709518432617 314.919590950012 314.343253771464 316.60528977712 318.563560644786 319.64894135793 319.32008266449 320.344865322113 321.585536003113 329.95484272639
190.700570742289 195.911188920339 208.522895971934 221.375187238057 207.718074321747 181.502958138784 181.879719098409 192.623813947042 212.599058945974 236.829280853271 249.382376670837 253.600637118022 265.73916276296 280.424853165944 309.040645758311 333.781798680623 337.490081787109 337.835391362508 338.55938911438 338.374853134155 334.103504816691 325.906376043956 326.590160528819 331.204295158386 337.279001871745 341.792941093445 344.597895940145 342.673063278198 336.913029352824 336.134433746338 332.556207974752 327.502508958181 324.066201845805 322.968224684397 321.789701779683 319.17275985082 317.425092061361 311.114370822906 309.918602307638 316.1647717158 320.702930291494 320.834596951803 322.569052378337 322.495838006337 320.803225040436 325.937271118164
