input/barkrak2/radiation/dir11024.grid
NCOLS 85 
NROWS 70 
XLLCORNER 665100 
YLLCORNER 4664600 
CELLSIZE 20 
NODATA_value -9999 
[rows 0 to 19 of 70, columns 0 to 45 of 85]
286.959211031595999 295.982261498769 305.90037504832 315.473238627116 318.284412225087 315.440595149994 308.409571647644 302.541216214498 305.54982026418 306.123733520508 304.447968800863 308.381140232086 310.449083646138 310.76713403066 312.248329321543 309.650679429372 301.605979601542 293.734649817149 291.617552439372 281.096816062927 265.461047490438 271.340886751811 294.164856274923 302.079478899638 301.227351029714 304.30402358373 303.24923992157 291.383584340413 273.719787597656 269.248127937317 266.972601413727 280.021627744039 307.260235150655 304.375271002452 308.30059448878 299.016992251078 302.060723304749 311.179379622142 302.68128712972 308.407028516134 297.644416491191 291.172087192535 300.16569296519 310.58257818222 311.057527860006 307.432611783346
268.73254776001 282.583971818288 292.73134469986 305.390616257985 312.756657600403 311.893264452616 305.889805157979 301.494876543681 307.968894640605 308.548192183177 303.861399491628 306.429485479991 310.63441435496 311.897079149882 311.257104078929 309.563120206197 306.539058685303 300.380825996399 297.681073347727 285.934865474701 279.52516078949 286.474386850993 300.406654675802 305.106639862061 305.221676826477 305.951694647471 302.871505419413 292.987088362376 277.13668346405 270.203212896983 270.963509877523 291.004757086436 305.859784285227 305.167416731517 308.943967024485 299.94148015976 301.003714402517 306.055009365082 301.708579063416 310.945232709249 306.601723035177 298.237899939219 301.680286725362 310.246348381042 312.101721763611 309.001286824544
236.025214195251 247.947573661804 259.14055109024 268.827219804128 280.682245890299 288.637737433116 293.810327847799 300.222973028819 304.567774136861 302.9691974322 298.905491828918 301.798562208811 311.015486717224 314.768731594086 311.443070570628 316.073934237162 319.215555985769 316.054085890452 308.307290077209 299.70242579778 301.33855342865 302.71848042806 303.275048732758 303.931554158529 307.212293148041 306.713322798411 301.530738671621 291.500985622406 280.110478401184 273.201366265615 276.686390240987 298.333684603373 299.675424893697 303.252756595612 309.590876102448 303.356687227885 297.528167565664 295.677463213603 302.063306172689 309.926509857178 307.003557682037 301.619331041972 297.066887219747 304.915646711985 314.813733100891 313.088695208232
218.497554461161 220.199426015218 227.977156639099 234.903295834859 241.020500659943 246.157765388489 252.479036649068 265.526334444682 281.547447045644 293.006956577301 298.802971839905 306.614498297373 314.119239648183 316.745281219482 316.034913063049 316.511631011963 316.510577996572 313.313583532969 307.592193285624 304.793834686279 302.943229675293 300.683935483297 306.114355723063 306.35658899943 305.90957403183 307.644089063009 303.265452384949 295.542180538177 289.492726325989 284.530997276306 280.963937441508 300.877948602041 299.205780029297 302.78205871582 304.720679918925 305.749257405599 303.461074829102 301.561415195465 310.067554314931 312.508205572764 305.222411950429 294.133722782135 290.351827939351 302.565773328145 315.86492061615 313.741306463877
240.158279736837 223.742604255676 211.901466051737 204.032480716705 207.937697569529 222.73329893748 242.088754971822 251.729289690653 260.87353626887 267.313222090403 284.0922276179 300.484081109365 310.085356235504 314.343829949697 316.388964653015 316.988786061605 312.195082505544 304.249505201976 302.704751491547 304.094473520915 300.905605157216 299.58047469457 307.414909203847 307.453413804372 306.58229192098 309.511144955953 305.607418219248 299.345215161641 293.362140655518 289.086659749349 292.831460634867 307.65167872111 305.462519327799 306.203941504161 302.43448416392 304.290811220805 310.395439465841 312.186280886332 312.916815280914 310.989598433177 307.840863863627 302.23814646403 300.361315409342 303.390562534332 307.854115962982 310.547471046448
278.931677341461 255.212664604187 229.05687491099 206.899543603261 198.569496472677 209.620753924052 233.898937702179 248.804171880086 252.489864826202 252.463698387146 261.875013510386 273.903012275696 282.200217247009 287.716329097748 293.50205262502 298.624614874522 297.063668568929 295.653661092122 299.066503842672 303.891976674398 303.92857392629 307.130396366119 311.411341031392 310.078899065654 309.332013130188 311.688303947449 308.459122975667 302.905917167664 295.789976914724 292.651077111562 301.184753576914 309.402306874593 310.79113483429 313.157240549723 308.122257391612 304.910282293956 309.613923231761 311.519881089528 308.471143245697 308.333973089854 308.724462985992 305.035869280497 304.379900296529 304.903447628021 299.133022626241 289.132654666901
296.705722808838 277.342160542806 259.701649347941 239.839831988017 220.129370689392 207.916855812073 215.499818325043 242.942651112874 254.506289958954 261.834919452667 259.26152865092 254.578491051992 250.750104586283 247.280339399974 248.691360155741 262.510180473328 272.816777229309 287.066102027893 299.486994743347 307.103912035624 308.065156141917 307.611246903737 310.817281405131 310.583313306173 310.810248057048 312.330683072408 311.098833878835 307.649830977122 302.620192368825 302.185575167338 307.092785835266 312.679827213287 318.97501150767 320.052981376648 316.309233506521 309.670646985372 308.765947818756 307.844440142314 307.773113250732 308.902700742086 305.974205334981 302.67725388209 303.785065809886 303.704003492991 286.541104316711 280.215859413147
301.759719848633 294.871707757314 286.463419596354 273.704012235006 252.943793932597 224.792679150899 204.344570636749 204.723358154297 236.441393693288 259.705603122711 266.567885875702 262.971977392832 255.090316136678 246.352970600128 234.69744126002 237.184703350067 248.87756506602 263.5750969251 283.353428045909 298.198103904724 304.966827233632 306.770284970601 310.680071512858 310.52839756012 309.660851955414 310.109714667002 310.287157694499 308.786292870839 305.732309818268 308.899919191996 313.432017962138 316.231032212575 318.821171919505 318.07146469752 314.52073653539 310.733735561371 309.463918209076 303.917467594147 297.663489977519 293.723424275716 297.633429368337 304.816842079163 312.692999839783 311.589618523916 299.075444539388 291.643420855204
295.623660087585 296.167691548665 293.397784233093 287.28046019872 275.914291540782 256.827235221863 229.024370511373 201.505223910014 214.48290348053 236.677686373393 254.418194293976 262.779613335927 264.255523681641 261.95083061854 251.780390739441 245.087444782257 242.633938789368 246.052225430806 259.213348229726 274.616519610087 287.78076171875 297.260085741679 302.428682645162 299.771726131439 301.101307074229 302.344898382823 303.289790948232 303.177197774251 303.143302599589 309.097647666931 312.879085540771 312.481125195821 312.386254469554 312.796850999196 311.384459336599 310.696880022685 308.976610501607 302.886803944906 291.236996650696 291.179776191711 305.925528208415 315.575182437897 318.174640337626 316.206037998199 305.169582366943 298.166751861572
271.799186865489 280.081748962402 284.276604652405 284.338672955831 281.903485457102 279.045800367991 265.502035617828 248.004595438639 218.714316685994 209.855914115906 223.253687222799 246.867299079895 265.459557374318 274.378418922424 275.818924109141 268.686652183533 255.292534828186 250.650723775228 250.040253003438 252.233624458313 260.313471158346 267.158031463623 274.725377559662 280.508041381836 287.186563014984 289.966464042664 291.057944297791 291.229605674744 292.42350657781 297.784964243571 299.03256893158 299.586097399394 304.685791333516 308.219492435455 309.314628442128 307.284474372864 305.444935957591 303.622285525004 291.573564211528 295.634309450785 312.195996443431 317.266364892324 317.303975423177 313.939531644185 302.560428778331 295.965413252513
224.509179592133 237.650533517202 249.350488185883 258.860846360524 267.39094654719 274.338920911153 276.234249273936 272.0920642217 247.520128885905 222.440560658773 208.727717399597 216.46777788798 242.594361305237 265.053232510885 277.856469154358 269.426922003428 262.702445189158 256.587068239848 249.277830123901 244.314968585968 243.719538052877 244.018912315369 247.499306996663 259.444753328959 270.434697469076 277.284363905589 279.108007748922 279.153724511464 283.867796262105 287.910521030426 290.350794792175 293.393870194753 300.981720288595 304.118037223816 303.458491961161 302.268147468567 304.132878780365 306.986967722575 302.251815795898 305.123329162598 313.182671864827 316.911101341248 317.454556624095 315.029621124268 308.144509792328 304.515302181244
183.407743771871 188.73651822408 197.302540143331 209.632833798726 225.322365760803 241.143882274628 258.340855439504 264.088888963064 264.956335226695 252.611557642619 227.411091327667 207.921624183655 210.516730944316 233.17539691925 257.935305436452 260.38392384847 266.450047492981 263.662755489349 254.838526248932 245.093405246735 238.89821767807 236.28968000412 235.869208971659 244.451324144999 252.514163653056 257.799069086711 260.456701119741 264.42031065623 270.579973856608 274.39816792806 278.46896648407 283.409019311269 288.963794708252 291.528344154358 291.320741176605 291.84478521347 299.344956874847 306.791524092356 308.687210083008 311.814526716868 314.756751060486 317.17977921168 316.170156002045 313.926955064138 309.567868709564 307.744085788727
171.705385049184 167.330682277679 164.99783595403 164.983212947845 172.397414843241 189.043561617533 213.952481746674 235.045552253723 262.043436368306 266.442239284515 256.000558535258 233.802676200867 205.843051274618 203.5959760348 226.470987002055 251.824895540873 265.700856844584 268.162409464518 263.800243536631 255.532920360565 247.342169284821 246.576150258382 246.126413345337 246.969004472097 246.784468491872 246.147195498149 250.149687131246 258.374830087026 261.698981126149 262.99661397934 267.683943112691 272.209227085114 273.865858713786 275.485614935557 277.694503466288 282.151957352956 291.394929091136 300.558845202128 302.268385887146 307.476679484049 310.374796390533 310.276408990224 309.486985206604 309.715171655019 304.718653361003 303.753972053528
164.107779661814 133.915474017461 117.416421572367 111.441045999527 109.864145517349 116.561790307363 135.523060957591 174.421151479085 212.96767393748 247.174223264058 264.172792434692 264.013965924581 246.508061885834 220.901489257812 218.174278736115 242.972473303477 258.804817994436 270.622253417969 276.059150695801 272.562940915426 262.356579303741 259.367068608602 256.28395875295 256.003737449646 255.64960638682 253.142674763997 255.9628089269 263.835450013479 263.427098592122 257.619758447011 262.692292531331 267.657478650411 269.302626450857 268.924673398336 272.22865819931 278.650025526683 284.258683522542 288.044810295105 290.719886620839 292.210479577382 295.913477738698 299.46098725001 303.948402404785 306.919991970062 302.067220211029 302.785456180573
149.35843149821 111.997713645299 86.1389537652334 80.821434656779 80.6445827086767 85.7916474342346 94.6074525515238 122.734616200129 152.246872584025 202.311893304189 254.075725873311 280.03450234731 283.705274264018 266.884426275889 241.968750953674 237.709959348043 242.989977200826 257.605751355489 273.449897766113 280.711114406586 278.488318125407 272.938291231791 270.705103874207 267.483294010162 264.144619305929 262.652456760406 264.773825804393 266.235709190369 261.565963427226 257.320483525594 260.797778765361 265.321811040242 265.464742978414 265.480160713196 268.32123597463 271.900872389476 273.596247037252 271.806597709656 275.488575299581 275.966743628184 281.059682369232 286.881665388743 291.719476381938 294.223745663961 293.211181958516 294.947147369385
129.322459300359 102.804084618886 72.5951095422109 59.9930534760157 74.6908336877823 99.0347663561503 105.07998863856 114.290525515874 135.88160276413 167.36368338267 217.465857664744 269.139250119527 293.596625328064 291.493693987529 273.858666419983 244.623641173045 234.125177065531 236.682196458181 253.173112869263 275.983273983002 285.385171572367 280.438303947449 281.31910165151 275.828897953033 269.724686940511 270.235061645508 272.733012835185 269.169549147288 263.77014319102 265.784859657288 266.58966143926 266.019503275553 263.377587000529 262.119928995768 262.106041113536 261.504054069519 259.671588738759 255.866448084513 257.800797621409 259.730935096741 264.181911945343 268.677492936452 271.417717138926 272.758920987447 281.417528788249 285.527348518372
114.72820242246 103.305131196976 77.1771421035131 52.379717429479 57.8376551469167 83.1247419118881 102.628916501999 116.651594638824 134.809444348017 149.536659320196 174.896876017253 219.47979927063 252.684076627096 284.363488356272 288.860638936361 276.669939359029 265.255351861318 250.030716260274 240.67082007726 251.291652520498 273.496369520823 283.687810103099 286.819398403168 282.731572786967 276.239236195882 277.186393737793 280.981222788493 277.132550875346 274.154623349508 278.91747156779 277.419785658518 267.456253369649 261.962314446767 258.419295152028 254.030267397563 252.291758855184 248.091399669647 246.859550476074 247.515877087911 250.085870424906 252.579867839813 255.47601779302 257.441282272339 259.99508301417 274.773399035136 282.38433599472
106.622199217478 107.672462860743 96.4976747830709 63.9024823904037 51.3698359330495 78.5134236017863 105.583637952805 126.119712988536 145.828117926915 157.428006331126 166.302700837453 192.080199718475 223.445614178975 244.745711485545 259.089847405752 281.889239947001 290.341118971507 277.518490950267 258.369584878286 242.889722188314 253.637135028839 276.638130346934 281.621674696604 282.315949598948 282.776415348053 286.967078844706 290.436963240306 288.906574249268 286.171952883403 287.753522396088 281.9850842158 271.724283695221 264.490286509196 257.711867491404 251.920660336812 249.228278795878 246.177176634471 246.25704685847 246.360679467519 248.39852253596 250.076254208883 251.764039198558 251.961429913839 254.844784736633 265.676558017731 277.35976378123
112.23965883255 121.661017338435 123.74871969223 94.9694812297821 77.4654845396678 97.9700287183126 119.264046351115 138.853708902995 155.143181482951 176.180203755697 184.883634249369 190.967996915181 204.81816927592 219.64289744695 237.317522366842 256.033877531687 264.829377333323 280.162771542867 281.461874643962 266.428013642629 248.359322547913 261.057515939077 268.535017967224 277.307391166687 286.509295304616 292.809585730235 295.55755853653 295.969446500142 290.623088677724 288.646916548411 281.832734743754 275.160471598307 267.300009727478 259.484072526296 255.242347717285 250.877102216085 249.995569388072 246.492266654968 245.86554368337 248.995979626973 253.011544545492 253.825763861338 253.381530443827 256.200691064199 256.951928138733 269.868731498718
120.312541723251 125.038673480352 137.249916791916 134.652425845464 120.028843482335 119.098573923111 121.6039955616 133.648186922073 147.536218166351 171.566863854726 185.409923394521 185.559709866842 186.84442838033 194.209237893422 212.077140808105 233.571370442708 244.902094205221 256.127258141836 265.65557718277 270.909031232198 272.313475608826 259.707689285278 261.389255523682 269.644856452942 280.318677425385 288.837552070618 294.835368792216 295.310914516449 288.365403811137 287.183284759521 281.449377536774 274.050037066142 266.657869021098 261.261800924937 257.829407850901 253.352681795756 250.067392985026 242.181539535522 239.66246843338 247.991840044657 254.295508066813 255.387405554454 257.952411969503 256.392657756805 253.830333550771 262.207329273224
