input/barkrak2/radiation/dir15424.grid
NCOLS 85 
NROWS 70 
XLLCORNER 665100 
YLLCORNER 4664600 
CELLSIZE 20 
NODATA_value -9999 
[rows 20 to 39 of 70, columns 0 to 45 of 85]
203.721026579539 196.237047513326 212.464849154154 253.239711125692 247.788588205973 201.493938763936 184.753696123759 189.163744449615 204.822321732839 224.061628182729 237.914045651754 243.83682012558 253.81463766098 267.936130364736 282.796223958333 309.849679470062 330.400208632151 333.720207214355 338.582595189412 345.183491706848 347.358862559001 340.810736020406 339.844703674316 341.384609540304 342.399795850118 342.6194190979 344.46124235789 341.346979141235 336.86105410258 336.448748906453 330.687801043193 320.379157861074 312.359432379405 308.872183163961 307.589888572693 311.995983123779 312.197089195251 314.432422320048 318.853159745534 322.672645250956 322.352210680644 322.40887482961 324.450612068176 320.444385210673 323.39600721995 325.408299763997
229.468544324239 229.469418525696 248.010575771332 278.24858824412 274.983684221904 213.987628618876 197.409490744273 197.240889072418 204.643746217092 218.268215656281 228.280742963155 238.993068536123 247.447629769643 254.236062367757 268.836081027985 288.355986277262 308.189908663432 328.847467899323 334.019462267558 341.752926508586 345.439831415812 348.735888799032 350.046237309774 349.397261937459 346.373637517293 341.561754544576 338.847001393636 335.495193799337 334.772904713949 328.038275241852 311.859647432963 284.280041853587 265.029887358348 263.637900352478 271.280169487 289.553582668304 296.813686688741 310.810685157776 318.839132785797 319.702565670013 318.070292472839 317.224721113841 310.947775840759 298.162043094635 315.198302268982 323.571006457011
268.572966257731 276.731650034587 285.054961840312 295.11833190918 295.083423455556 247.032483418783 218.510289986928 202.952921390533 199.343780676524 212.823470433553 229.911704858144 238.387624422709 252.540568510691 258.107264836629 266.888082027435 276.953955491384 294.812162717183 309.407909711202 328.497191270192 329.760869344076 332.619349161784 341.088732083638 346.218029658 346.249103546143 343.705932299296 341.294487317403 338.927706082662 330.037474632263 320.753196875254 301.608820756276 261.000533898671 210.331877072652 189.772506554921 207.25937684377 235.32102505366 259.752154350281 276.459217071533 295.838892459869 307.498236497243 310.545802116394 312.393089135488 312.95637289683 292.050460974375 273.176411787669 297.968169053396 320.974866549174
287.749807039897 291.067063808441 292.582392692566 300.251166025798 299.45182800293 281.366189320882 241.276502609253 212.286512056986 197.05069065094 201.722979545593 226.490517457326 238.835175832113 255.559901396434 268.594165643056 272.555311520894 278.240879376729 291.512370109558 303.632199764252 311.153690020243 316.609859466553 316.88133875529 319.249590237935 330.085714658101 336.359063784281 335.578004519145 324.976662794749 307.715892791748 295.23770014445 270.612041155497 226.985454559326 188.468277454376 166.068524122238 137.821594874064 136.841426293055 150.495151678721 188.382486502329 229.273915290833 254.536728064219 270.72137594223 280.594150225321 280.112783114115 265.905439853668 251.827637354533 284.336825211843 282.818416754405 314.871350924174
279.757916927338 281.980474789937 292.333324750264 301.267087459564 292.602022488912 281.79661432902 251.484433809916 230.065921942393 210.660576820374 204.053938388824 219.273606936137 235.188603401184 251.25519434611 265.499810377757 271.874368190765 276.843905448914 285.623013973236 298.498829205831 306.622882684072 306.704163551331 311.74115339915 311.388909816742 310.676634311676 301.983237266541 295.975724856059 292.79899597168 285.806020100911 274.450898170471 241.133252779643 183.920880158742 163.018862406413 161.099751790365 142.916152874629 118.886560201645 110.804130633672 125.388602415721 172.496537367503 208.511312802633 233.901739120483 248.052378495534 238.089303175608 215.631206830343 236.807584762573 300.885240236918 293.710430463155 316.221714019775
274.229427178701 278.259853521983 290.743410587311 298.070271809896 294.220010439555 283.522327740987 260.497530301412 252.917965253194 242.800414562225 227.6265223821 227.540830771128 246.372739473979 261.031329631805 275.739729404449 278.674066066742 279.835124810537 281.589607397715 296.726107597351 303.087015946706 308.854699134827 315.535446008046 298.412839571635 286.839207013448 287.716388702393 288.459261258443 286.425789197286 274.704138437907 261.609494686127 218.910614649455 190.471390883128 189.170877138774 205.869158109029 210.05247036616 183.567583560944 149.724980195363 131.862918535868 148.29894900322 175.927897294362 214.620629946391 231.520533561707 213.271975517273 204.25683259964 244.64213848114 285.426576932271 305.297156174978 326.82059208552
276.151299476624 278.22075287501 286.604821681976 294.994950294495 306.523700555166 292.39543279012 275.89205900828 264.488458633423 263.018210728963 257.285197575887 248.269180456797 265.6356493632 275.361279646556 288.690606753031 289.202153682709 285.007794698079 286.02659702301 297.67898718516 299.285292625427 307.887017726898 304.404517014821 300.020118554433 295.47522465388 292.448202768962 289.692501227061 285.737792650859 273.611446221669 262.046694755554 225.851019223531 219.936649004618 241.700907548269 265.144964059194 269.472002983093 281.027992566427 259.664098421733 174.657007058462 160.60084104538 172.211786111196 197.823643684387 229.539752006531 222.501595815023 253.784318765004 249.285181363424 263.495802879333 295.965671539307 315.275092919668
280.348022778829 276.617089907328 279.828329881032 291.248281796773 327.743649482727 301.911731561025 280.902445316315 264.268755912781 264.735738436381 272.317826747894 267.068386077881 270.212133725484 284.073948860168 293.775180975596 295.49249013265 294.659415880839 292.100628217061 292.580246925354 297.613898913066 304.3199578921 301.247636477153 293.369889259338 290.561040242513 295.283953348796 296.177327632904 292.578319708506 282.667915026347 273.04740746816 248.835663000743 247.162620226542 271.39421304067 285.965283711751 284.540712833405 298.432389895121 323.249717553457 255.529145399729 191.060821215312 176.293234030406 190.200507640839 232.819239298503 259.936332702637 306.632479031881 260.788162549337 254.691322644552 285.029768943787 294.065594673157
277.589738368988 269.544919331868 273.515899976095 297.697186470032 339.207291603088 301.930526892344 271.637280782064 258.746842543284 263.880451520284 271.393557389577 269.090453783671 267.599801222483 284.012834231059 293.365220228831 298.78431558609 298.991958300273 290.088872114817 288.054525852203 293.280561765035 297.193944454193 294.506549835205 289.87979888916 290.081878503164 295.609414577484 298.776467641195 296.042283376058 291.541834672292 281.281510988871 259.767790635427 254.659374554952 277.551432450612 295.74457804362 294.429302215576 292.777121067047 314.112722873688 316.536366939545 226.593852043152 167.533695697784 160.421709219615 202.111681302389 268.737693627675 286.820511023204 252.022941907247 230.206608772278 256.071627140045 268.623193105062
270.258227984111 261.78765296936 270.342946052551 308.085183302561 336.059252421061 298.04790019989 264.527440071106 246.865431467692 244.460860888163 251.009027163188 250.329315662384 258.495986461639 278.051336606344 293.617407480876 294.841190179189 299.285689989726 296.693901220957 285.754203796387 288.55574131012 290.794054667155 287.917296091716 291.344960530599 290.716608365377 297.436614831289 299.940745035807 297.328571478526 299.687008062998 287.058472633362 266.816079616547 263.569037119548 282.629390557607 300.602853298187 295.890212059021 292.525887489319 301.682571570079 321.185370286306 306.662678718567 232.028325398763 183.387895425161 192.893405755361 230.866948763529 244.77610985438 242.047905921936 214.887738227844 227.770129839579 253.609478473663
258.524835109711 268.630504608154 298.165003458659 343.950311342875 345.005790392558 303.199072678884 266.058444976807 237.27677265803 231.783250967662 242.66109863917 237.711131572723 236.685415108999 270.841161410014 291.257262229919 297.617495059967 301.785469055176 301.844080289205 291.783531506856 289.236068725586 291.695972283681 290.957093238831 295.94224691391 296.877384185791 299.231787522634 302.652359008789 303.811271985372 305.025617281596 296.646535396576 279.233018557231 276.010553042094 288.396557172139 301.03592077891 298.393030961355 298.018256823222 301.722844441732 304.413894812266 327.090005079905 337.291876475016 271.258890628815 224.142213662465 211.876054604848 203.379054864248 219.542185465495 217.354814211527 223.668098449707 256.111601988475
277.125100294749 302.680869897207 321.309089660645 326.567649841309 354.29569085439 335.685054461161 300.813774267832 262.166957060496 246.558825174967 261.91771030426 256.033778190613 236.489236354828 258.977770805359 285.785893599192 299.974799156189 303.002238273621 302.115698655446 300.353010495504 294.624070326487 295.214712619781 297.207256158193 300.357083479563 303.470989068349 302.169799804688 303.942461808523 310.923675696055 310.746411482493 310.159166653951 296.788593133291 291.348417599996 295.114954312642 298.917929331462 300.682644049327 304.98472849528 307.525634765625 295.893887678782 304.386178652445 341.565489768982 337.481578191121 277.033925056458 228.328744570414 202.504992485046 203.75253756841 221.843083699544 243.747115135193 272.655069828033
307.868917783101 316.65313243866 306.34335676829 298.738360404968 317.380547523499 338.523983955383 333.526492118835 305.297116438548 282.410085201263 284.564216931661 286.143044630686 261.950294176737 257.707178592682 280.928651491801 299.920757611593 301.967024803162 301.781753698985 305.251955986023 296.385228633881 295.256833235423 301.070014635722 302.633245786031 304.199020067851 301.508327325185 304.345508416494 313.538650671641 317.903081576029 318.220774332682 306.540111700694 298.110961914062 304.57333723704 307.60379632314 303.50383122762 305.681824684143 309.8450700442 299.755851427714 299.112737178802 318.580309549967 322.378853956858 297.321538130442 267.529924710592 227.095027764638 206.993162631989 216.650903224945 235.669612884521 269.526680310567
298.755764961243 291.332284609477 284.025986989339 272.971749305725 273.505409558614 294.191638628642 315.496921539307 312.779148419698 302.854379018148 303.993006547292 302.97972758611 289.477129777273 279.752473036448 289.385735988617 302.306969960531 304.804424444834 301.024953524272 304.435571034749 297.263244787852 299.926400184631 300.210277239482 302.922288576762 300.02748966217 300.33153295517 303.195436795553 307.419995466868 316.754341125488 315.221985181173 309.174795945485 305.040776729584 309.894820054372 308.272937933604 297.529896100362 296.618560949961 300.759891668956 285.641729831696 282.901545365651 283.457974592845 277.130762736003 281.495034694672 291.444937388102 259.034335613251 231.071273485819 219.119906425476 220.593829949697 243.798196315765
291.805942853292 281.229078769684 287.516633669535 273.281534512838 265.263140201569 276.954770088196 303.247412045797 327.38854487737 322.755654652913 311.609943707784 300.407628218333 300.936977068583 307.278116544088 304.590920607249 306.132256984711 303.60476175944 303.727348645528 300.114989280701 301.697472731272 304.60649728775 302.404304345449 300.249576568604 296.890040238698 298.710405826569 301.935394605001 305.82328637441 309.400618076324 307.58281548818 307.806690533956 309.792677561442 310.740788777669 300.920426845551 285.712838172913 290.725032488505 289.734462896983 273.37239185969 274.239659309387 274.295171101888 281.010826428731 302.543381849925 301.969905694326 289.629777272542 267.959495385488 251.638313134511 233.432869116465 223.713298638662
311.90147002538 306.572059790293 316.072245438894 311.001519362132 300.881703694661 305.452545483907 322.106420993805 344.353357950846 337.873617808024 314.62166706721 299.734711647034 307.913303375244 321.181297302246 318.353931109111 310.802102088928 313.814798990885 309.735516707102 304.698665936788 307.217280069987 306.915084520976 305.844267209371 300.111512343089 300.446291764577 303.162197271983 301.88395579656 304.423868656158 305.561165014903 303.802450497945 305.324594179789 312.311132748922 310.108304023743 299.834410349528 287.303348382314 288.061837355296 280.797262986501 276.376028855642 281.507849693298 282.090504964193 293.734709421794 322.542289892832 291.217903296153 276.356259981791 268.622656663259 260.111927986145 243.138869603475 221.624732017517
337.014436721802 334.132115046183 336.151361465454 338.692466417948 329.901893933614 323.576390743256 328.266501426697 342.777609825134 339.506387710571 311.997612317403 303.351839383443 314.982374509176 327.333092689514 321.121732393901 313.188294569651 316.202580928802 319.96876001358 312.281250953674 311.591585477193 313.397566477458 310.466170310974 307.055036226908 304.02284860611 306.100726127625 304.376880327861 302.130659421285 304.48442697525 306.12051486969 308.429678281148 314.314941565196 312.04617023468 302.437345186869 289.876302083333 284.126063187917 276.127378145854 281.16496404012 287.552098433177 286.721070607503 289.753496646881 311.610698699951 279.729624589284 238.499144713084 225.24615128835 219.402174154917 218.946993350983 210.641900698344
349.538962046305 346.403002738953 342.301368713379 343.170762062073 337.461829185486 329.426765441895 326.202611128489 331.69279495875 338.12419573466 319.801112016042 319.016734759013 326.094746589661 325.042366981506 319.720009962718 316.495478153229 317.713518937429 325.23504892985 318.330605824788 316.373884677887 316.527148087819 315.044621626536 310.963213443756 305.795768896739 306.763589382172 307.317733764648 303.54521671931 305.73167403539 309.819221496582 310.336788495382 312.674323717753 313.503364721934 304.751177628835 292.671243349711 277.541160583496 269.157151381175 284.616748491923 294.540564219157 292.317072550456 282.409131526947 297.520796457926 280.854900677999 214.061359564463 183.337887128194 169.768134752909 169.938325881958 177.344659964244
351.651390393575 353.961070378621 353.498061498006 351.163784662883 347.229441006978 341.803153355916 334.929466247559 330.269773801168 332.630892594655 329.231063524882 336.993892987569 335.195302963257 326.582173506419 328.465302785238 320.6893603007 315.912624200185 325.395385424296 324.198683102926 318.349619706472 318.025708198547 314.979334672292 311.661720275879 306.272347768148 306.000590324402 307.235936323802 307.712197303772 306.405007839203 308.675408363342 311.520934104919 311.7569287618 312.624335289001 308.470507462819 288.548211256663 266.279260317485 274.783670902252 296.673238277435 299.712657928467 294.223586718241 276.950240135193 282.727440198263 304.587741692861 258.18125406901 200.299680233002 170.167009035746 159.175604581833 156.077524026235
341.927131017049 344.922502835592 345.683614412944 348.705530166626 353.017489115397 355.910181999207 355.717182159424 352.925737698873 350.762208302816 351.695775985718 347.641706466675 336.618661880493 331.135332584381 326.006611188253 326.188564300537 320.224245389303 322.746853033702 322.578211625417 316.798369089762 315.950612227122 315.650939941406 316.686828931173 314.043621222178 307.877957820892 306.1177333196 307.325581709544 311.911523342133 310.480813185374 313.026944796244 312.440872192383 310.98610162735 308.569550514221 283.884108066559 266.992787520091 289.37158981959 304.020524024963 299.938937028249 295.332948366801 281.826297442118 277.374267578125 312.267343203227 337.046980857849 284.318327903748 230.621556440989 188.328464825948 160.352200269699
