input/barkrak2/radiation/dir14324.grid
NCOLS 85 
NROWS 70 
XLLCORNER 665100 
YLLCORNER 4664600 
CELLSIZE 20 
NODATA_value -9999 
[rows 40 to 59 of 70, columns 0 to 45 of 85]
326.441506544749 327.338894208272 327.285766601562 329.103906949361 334.025224049886 337.280909220378 339.76157506307 342.66209602356 342.168529828389 333.738366762797 324.129899342855 320.552666982015 317.921996116638 316.504220167796 314.671357472738 312.984665234884 310.497800509135 309.439599514008 304.333468278249 302.489439646403 305.076122283936 310.464421908061 310.288230578105 306.415935357412 302.126844724019 299.771209557851 305.626491705577 305.884738763173 305.845220883687 305.498917897542 303.275803724925 299.887180328369 278.272946675618 275.399168332418 297.895431518555 298.26815923055 288.41092189153 287.235637505849 288.281162579854 278.769433498383 288.361191749573 324.914574623108 336.106061935425 285.114089647929 223.463594913483 181.820472081502
331.809520721436 330.017944176992 330.186525980632 330.303092797597 328.203896681468 326.772471268972 325.891216595968 326.40939950943 329.837640126546 324.098745981852 318.098346392314 318.423012892405 319.897969563802 320.270895957947 316.918214162191 314.292430877686 309.817532698313 315.530776977539 315.120796362559 309.898793697357 310.697336991628 310.835242271423 310.693939526876 311.214327812195 311.275641123454 306.524435679118 309.264858563741 308.307111263275 307.602763175964 307.501256465912 306.237161159515 300.762136777242 284.898857275645 286.926865577698 298.118054866791 289.142489433289 274.196823438009 273.210684458415 279.729783535004 285.645584265391 302.753547827403 315.644999345144 324.54792658488 315.020620822906 267.301301161448 218.711495399475
333.587129910787 331.93165063858 333.90204111735 332.860350608826 328.426559766134 326.318045457204 325.806021690369 323.957443237305 323.46111536026 321.328004201253 319.459080696106 318.439483642578 320.233146349589 321.835557619731 320.572018623352 318.870802720388 315.770427385966 318.647483984629 319.227337837219 314.999461174011 312.407493591309 310.636460781097 306.996981302897 307.710429032644 309.995114803314 306.704938411713 301.581184069316 303.919752438863 305.590828259786 306.623657544454 304.452737172445 297.788143157959 291.562994321187 295.799950758616 295.777599016825 277.91827917099 262.184659639994 267.242689927419 281.250993410746 294.060587882996 302.891691525777 301.319857438405 295.770208040873 295.255541801453 274.475475152334 223.909020423889
324.47491089503 326.430678367615 331.748863061269 329.537451267242 330.184837182363 331.881046295166 331.555088361104 329.547146956126 322.533925374349 320.88045279185 322.29737440745 320.009390513102 319.444596767426 321.245392163595 322.035272916158 319.30536031723 319.144507249196 321.162104606628 320.627152919769 316.096782684326 311.402161916097 308.646579583486 305.876195430756 304.737945397695 305.992503960927 305.96387386322 301.167011260986 300.272742907206 302.389045556386 302.491724491119 299.376547336578 293.258229891459 294.12962992986 296.967724959056 285.32479206721 263.058702150981 258.057753245036 271.664341290792 290.262599786123 294.707457224528 293.846408526103 290.13862212499 281.835297743479 275.983810424805 263.422846794128 230.209708213806
324.143608411153 327.619969844818 329.307119051615 328.766604264577 329.954942067464 331.335067749023 331.17812871933 329.019864400228 325.361927350362 323.146760463715 323.463280995687 322.082420190175 318.881034851074 318.424900372823 317.349155743917 317.859431107839 314.472556114197 318.550070126851 318.845629692078 316.284855206807 312.41915623347 310.076614220937 307.068824768066 308.281620343526 303.611059983571 309.154470761617 310.25367975235 305.435399214427 303.53456735611 300.754070281982 294.614255428314 289.523224035899 289.959748586019 286.464174588521 275.24212996165 260.032534599304 261.965890725454 277.996897697449 292.689164479574 289.613246917725 290.082037448883 282.926241556803 270.94300587972 263.44233751297 257.955332597097 242.708742618561
327.887793382009 330.639680226644 328.238109747569 329.959432284037 329.059441884359 328.679243723551 329.02055978775 328.400075435638 329.563875993093 326.431214809418 326.102455457052 324.896057446798 322.200079758962 318.308413028717 317.981878916423 319.720208644867 314.628640810649 316.008369127909 318.795879681905 316.916942596436 312.528868516286 312.704980373383 309.51585372289 307.423790295919 309.043407440186 306.081771850586 309.900800387065 307.385663191477 304.229199886322 299.481292565664 293.265302975972 289.930085341136 288.248161474864 278.76094977061 265.882611274719 252.761284510295 258.867303530375 276.844441890717 283.916890621185 276.179790496826 281.645139058431 273.391604423523 262.401103973389 264.331658681234 270.781795183818 256.884495417277
327.820519606272 328.776895999908 329.632123311361 330.555379390717 329.686681429545 329.785128434499 330.292105674744 331.372062365214 329.721490542094 328.558921813965 328.183213869731 326.906482378642 324.857910474141 323.119958241781 321.990927060445 323.541442553202 320.756018161774 315.865417321523 317.975203196208 316.399772961934 313.540081183116 311.486760775248 311.597247918447 306.258678436279 310.964643955231 303.942481676737 303.952634334564 302.281657854716 302.275617917379 299.493193626404 294.939557711283 289.853155612946 284.562528133392 276.629706223806 264.456351598104 254.276096820831 261.541903018951 274.537444114685 273.116906483968 274.149676163991 280.382792154948 269.388556480408 266.137341658274 273.622095584869 280.517041683197 267.641643683116
324.103772640228 325.702309608459 328.470448652903 328.482468922933 330.328345298767 331.488231817881 330.501774946849 329.483727614085 329.692244529724 331.705788771311 329.407731691996 327.466050783793 325.779438018799 324.955364068349 322.454710801442 322.333057721456 319.359024365743 311.046659946442 315.712968508403 314.561585585276 312.934140364329 310.662627220154 309.727827707926 303.029417991638 302.958488464355 300.38579305013 299.908578395844 299.622476100922 299.936672051748 295.386572678884 293.015599250793 290.64929485321 283.529698848724 280.390957991282 276.166379451752 265.608092149099 267.177263895671 272.566318511963 275.272369384766 282.642205556234 278.933167457581 271.117568016052 274.177968502045 275.862435499827 274.488170941671 263.776381810506
319.551686445872 321.020166079203 324.671387672424 326.705495516459 329.765359560649 331.587910652161 329.690416653951 328.830977280935 330.905397733053 332.388122876485 330.571452776591 328.527410825094 326.893071333567 326.511343320211 323.919415473938 318.461894989014 318.439801534017 311.284104983012 311.69601281484 315.736929575602 312.541266282399 309.2254002889 307.267765204112 307.110945383708 302.695631980896 302.798867225647 299.16391770045 298.610468705495 301.321725050608 301.321725050608 303.2466173172 300.571858882904 290.516793727875 290.437261263529 286.553223927816 271.925091743469 271.979053815206 277.133782704671 280.370612939199 281.882703304291 272.078355153402 268.414755662282 267.168203989665 262.718160947164 260.10525226593 259.57981745402
318.849841753642 316.467821598053 319.787720839183 325.037062168121 327.717661857605 329.36950524648 330.674449602763 332.441012064616 332.77682463328 331.096231937408 331.48854970932 329.814652601878 328.001121679942 325.498044490814 323.434551556905 319.766720136007 316.056529680888 309.977372487386 313.276886940002 314.6852850914 312.910914421082 309.361676375071 308.165589968363 306.807736555735 301.19534333547 303.737382094065 303.350985050201 303.905685742696 307.031095027924 309.833208719889 311.278065045675 307.314515113831 300.041238466899 298.32528034846 290.348052978516 277.144332726796 271.86514933904 278.208196163177 281.785527865092 271.467566490173 260.480324427287 263.626893361409 262.978514035543 257.290919621785 256.952842076619 259.882112344106
319.118062655131 321.29446665446 322.515587011973 326.888680458069 327.394286791484 326.858838399251 331.404149532318 333.577871322632 333.6048523585 331.928133964539 331.936776638031 331.05081319809 326.926489671071 324.557503064473 322.130560874939 323.049008846283 315.33279021581 313.347240289052 311.285138130188 313.49249680837 311.405062675476 310.890515645345 305.323441823324 305.492520332336 301.901082197825 305.725733439128 305.029074350993 304.702083269755 307.028293609619 310.489654541016 312.63389190038 310.26417016983 301.572422186534 295.385519663493 285.857041676839 274.855573972066 272.283295790354 276.861786842346 274.82948700587 260.732849438985 257.043659687042 267.986257870992 267.625689506531 259.60648059845 258.062064647675 253.456354141235
319.089611371358 325.949569543203 327.410538991292 328.276832898458 327.191789944967 326.106448968252 329.851667086283 332.119842370351 331.224540869395 333.910862604777 331.895470619202 330.631931622823 328.368127346039 323.112865289052 322.370111942291 322.551568349202 319.092551867167 310.556570688883 305.930415789286 308.995465437571 309.278388818105 307.350834210714 307.064056396484 301.337937513987 298.796236515045 299.355924129486 301.985522111257 301.870703697205 302.659710248311 306.104600429535 310.441116491954 308.512628078461 296.348929405212 284.944951534271 257.681667804718 246.441205342611 258.872270584106 269.213994344076 269.71956094106 269.154985745748 275.470038255056 276.67103211085 259.755671024323 252.602358659108 260.242422421773 248.816748460134
321.244339148204 319.621046384176 318.94705692927 320.603330930074 324.908097585042 327.168881893158 326.545814673106 330.262064933777 328.329563140869 329.876204331716 330.39528131485 329.287886619568 328.06517680486 325.288494427999 319.891492525737 315.657734870911 317.346692085266 308.505972226461 304.200331370036 304.195880889893 303.464154402415 303.396662076314 302.781045436859 297.799686590831 297.622005144755 294.928809007009 295.472085475922 295.563697814941 294.853965441386 295.486668745677 299.000521500905 299.796799818675 278.054714202881 251.851677894592 224.155068397522 213.236927986145 226.57851378123 253.399511178335 271.725594997406 269.736647605896 269.918918609619 264.003157615662 249.144593874613 250.401397546132 256.903171539307 234.290480613708
323.493699232737 316.882650057475 314.12676970164 317.116459210714 325.018028418223 329.347868760427 326.96807384491 327.081461747487 328.628738721212 326.381146907806 326.959828535716 327.366729577382 326.027274131775 324.984490871429 317.858894666036 315.856456756592 316.062887509664 307.935118675232 306.052962938945 304.882685343424 305.807530879974 302.690307299296 300.90328057607 297.119994958242 295.63295841217 293.954153855642 292.992115020752 292.71121819814 291.114548842112 285.353064537048 279.135505358378 273.834963639577 252.305130163829 228.412429491679 217.824955781301 210.787097613017 202.802737553914 212.78836329778 230.197787284851 252.446671326955 260.552287101746 250.494996706645 245.412826538086 247.025450070699 238.763074080149 219.863514105479
323.95613193512 320.204893747966 316.885093847911 318.777183691661 323.389172554016 327.810009320577 329.793771107992 325.861612955729 325.996041297913 325.059473514557 323.103864987691 324.41912094752 324.308017889659 323.642452557882 317.82732407252 318.379521369934 317.761540412903 311.070760091146 306.338588396708 307.413697242737 309.309999148051 303.539594014486 303.023338317871 298.862894376119 295.193096001943 296.489675839742 294.416526953379 289.628565311432 286.270936330159 281.643291314443 272.236565748851 266.398787498474 244.97785170873 232.793887456258 235.967059930166 237.212876478831 226.747353871663 215.594172477722 206.613620122274 216.391980648041 234.892865022024 230.337162812551 223.018149534861 215.182344118754 211.26530567805 209.55894390742
325.964510440826 324.190557003021 318.396925926208 314.464131991069 319.351315498352 325.412432352702 325.23912191391 324.609239896138 321.275134881337 323.848783969879 325.841784477234 325.324793656667 325.22706190745 324.207305908203 319.917996724447 320.044954617818 319.659272829692 314.942141373952 309.837917486827 308.195392290751 306.641519069672 304.494162400564 303.635478019714 303.333858648936 299.542963504791 297.395487626394 292.91296005249 286.464254061381 280.458569526672 276.66848897934 274.509867032369 270.614902178446 252.859910329183 248.018165429433 252.600113550822 259.287257989248 267.538547515869 260.764996210734 244.139452775319 213.829457759857 212.853252887726 218.065818150838 215.485175450643 211.651066939036 216.708024342855 225.020527839661
326.886455217997 325.604319572449 322.962164878845 317.071974277496 311.653812726339 319.49774424235 321.305950482686 321.955144405365 319.295505682627 321.349183718363 326.863507429759 326.562205950419 323.446154594421 323.060512542725 322.240471839905 317.581176757812 318.188885847727 313.661734263102 309.462745984395 310.293356577555 308.77282222112 306.918362776438 303.333004315694 301.709334055583 299.661000569661 296.40789826711 281.827171643575 262.691577275594 259.930809338888 265.304446220398 272.246420383453 268.764277299245 254.061877727509 248.536745707194 256.752153237661 268.156369527181 283.282657464345 290.436267852783 281.469404697418 246.191362539927 218.574464321136 224.161982536316 233.583331108093 243.515729904175 252.772410710653 257.946332295736
325.520793596904 323.229153951009 321.971515814463 317.285796006521 313.063184420268 314.363161722819 320.982197920481 320.967455705007 318.842689196269 318.715473016103 323.765178521474 324.639161427816 320.839246114095 321.68976465861 321.480969587962 315.037945906321 316.460927327474 313.356598218282 309.95762348175 309.874693552653 309.247275193532 309.946099917094 306.191066900889 301.227251688639 300.325075785319 299.588362375895 284.492373466492 265.783588091532 265.050013860067 270.283957322439 275.412718454997 267.98270146052 260.650674502055 262.302656968435 276.901145776113 280.327280362447 285.627404848735 265.217900276184 238.987584908803 231.635093688965 241.130451361338 251.864194869995 247.445523738861 239.153981208801 238.985021909078 251.296977202098
316.641767819722 320.094486077627 318.826933701833 315.739989280701 311.478773752848 309.095760186513 320.219357808431 322.580456733704 319.814483324687 316.82147582372 319.473306337992 323.750853538513 321.593880653381 319.175978501638 318.960467974345 315.642793973287 311.581234137217 312.832256158193 311.263521512349 311.534821987152 311.426758766174 308.312694231669 306.61004781723 304.057319959005 302.992065747579 304.058392842611 297.133445739746 293.280084927877 289.063413937887 285.556375980377 285.951713720957 274.19513463974 273.271342118581 272.350589434306 268.935362497966 254.647175470988 237.306574980418 199.124058087667 180.249134699504 217.059393723806 254.605313142141 258.714814980825 239.967127641042 233.249564965566 242.638806502024 255.787372589111
307.286202907562 314.528028170268 314.123372236888 313.66628408432 312.768717606862 308.663964271545 313.447157541911 321.754932403564 322.291155656179 317.073404788971 319.044788678487 320.532917976379 321.695288022359 318.090120951335 316.560526688894 316.241959730784 311.216791470846 308.320581912994 307.701468467712 306.092460950216 307.086944580078 305.850386619568 304.647167523702 302.70125468572 302.827954292297 306.834797064463 309.019347031911 310.985346635183 299.584805965424 294.461826483409 286.48974498113 271.028896172841 269.863386948903 254.789888858795 226.814289887746 196.037650108337 184.469481309255 174.487789471944 167.643626530965 189.9174451828 216.74511830012 238.826473553975 241.2917415301 255.074779192607 284.879048665365 293.100674947103
