input/barkrak2/radiation/dir18324.grid
NCOLS 85 
NROWS 70 
XLLCORNER 665100 
YLLCORNER 4664600 
CELLSIZE 20 
NODATA_value -9999 
[rows 0 to 19 of 70, columns 0 to 45 of 85]
354.847987492878985 356.963634490967 355.761686960856 350.523710250854 344.463268915812 339.55196539561 331.466456254323 325.301547845205 330.455084641774 329.023559888204 325.776477654775 334.037303924561 340.828776359558 340.643843015035 343.683799107869 354.361335436503 358.65044593811 356.18789990743 339.528719584147 327.710310618083 304.488182067871 298.270662625631 314.343412717183 320.917387803396 317.310591538747 314.407606919607 314.431468645732 306.109110514323 287.448128064473 280.031621456146 279.143929481506 283.182899157206 290.811737378438 296.402712663015 304.686446984609 297.315498193105 293.688734372457 301.516969998678 299.272974332174 302.311956882477 292.211174964905 272.204279899597 282.668749491374 308.920343716939 314.458588759104 304.891367753347
349.079529444377 354.097167650859 355.388601620992 352.257569630941 349.53769048055 344.825903574626 333.547512690226 322.624584039052 325.358827908834 327.279984951019 321.941494941711 328.774233659108 338.417490323385 339.380065600077 338.520248730977 344.496170679728 343.163013458252 341.661334037781 341.581026713053 333.26381444931 317.276517550151 307.099183400472 311.217586199443 316.60004456838 314.961433410645 310.592651367188 309.971650441488 305.471956729889 290.575921535492 280.5282274882 281.513849894206 290.157794952393 286.905964215596 290.40139913559 303.224146366119 295.4208056132 288.236816724141 290.485103925069 285.386304060618 299.742221832275 298.305948575338 285.731514294942 292.989154656728 313.328584035238 320.217132568359 308.601121107737
331.061085065206 332.062721252441 334.411263465881 336.836934089661 344.061017036438 346.290191014608 344.410936037699 339.256246884664 334.08256371816 329.877058664958 321.772833665212 321.936170260112 329.572081565857 332.165241241455 328.181048234304 331.675310929616 335.606535275777 338.69194984436 341.967185338338 339.210748672485 334.553003311157 323.672334353129 314.978003501892 313.458025455475 314.747015635173 314.614335695903 309.232711791992 303.721865018209 292.406976222992 279.874424139659 276.946604251862 288.513441880544 275.385816891988 282.337546348572 297.782858212789 292.217989762624 276.374657948812 268.944680690765 280.811369419098 300.344745318095 302.691360314687 303.292214870453 305.727740128835 320.710221926371 330.87678750356 316.235661506653
316.311160723368 311.705311139425 314.834276835124 320.004185040792 321.444610754649 321.049968401591 322.303195794423 329.660832881927 337.385813395182 340.270717938741 335.556268692017 332.288225491842 332.038938999176 331.294000148773 327.294707298279 321.252703666687 324.139555295308 329.908271630605 337.192853291829 339.232881863912 337.167859077454 334.174076716105 332.322816054026 325.106461842855 322.59730497996 324.322958787282 318.144996960958 309.41766500473 300.619502862294 290.59495528539 280.629575252533 287.016868591309 274.902244408925 281.557023525238 288.999974727631 289.854804674784 282.982766628265 279.656410217285 298.997461795807 313.696006933848 310.65305074056 303.33403746287 299.538413683573 307.534694671631 319.384455680847 321.099241574605
327.942788600922 315.532902876536 305.657804012299 295.083622137706 290.657520294189 303.856591383616 316.634714603424 323.061267534892 327.67794529597 332.406401634216 339.637160301208 343.009034792582 343.54563554128 341.450174649556 338.438471158346 336.13646030426 333.749055862427 329.844832420349 332.991242408752 337.802807490031 336.889584859212 336.804827054342 338.988622029622 334.112087885539 329.254269599915 328.170080979665 322.622577349345 313.969969749451 305.007557074229 299.37469959259 297.481596469879 294.052501519521 286.935210227966 289.658645788829 287.043770154317 291.020552317301 301.107188065847 306.91655476888 317.037045955658 322.774628798167 320.602317651113 312.759399414062 304.323554039001 299.773216247559 305.492877960205 327.030340830485
350.328922271729 336.751461029053 318.248331546783 292.474687099457 285.89274485906 293.170074621836 311.087767283122 323.392331600189 324.49734210968 324.762443701426 329.573114713033 336.44954363505 340.610464413961 343.080600102742 344.092726707458 344.381729761759 340.654333432515 332.8963915507 331.254323323568 334.290266036987 334.069848060608 337.368528048197 342.836976051331 339.238444964091 334.708015124003 333.892464637756 327.12443669637 318.049848079681 307.198305924733 300.241053104401 299.30571715037 294.727067152659 299.244205156962 306.034048398336 300.086081027985 297.394593556722 306.027154127757 313.427766164144 318.090180555979 318.402608235677 319.465517997742 315.738717714945 312.930385271708 311.837673187256 310.614744822184 317.392547925313
352.477868398031 343.907078107198 331.892172495524 319.320162137349 303.146481513977 293.030460675557 299.237509568532 319.055080413818 326.058169205983 330.656905968984 329.142451286316 326.139350732168 322.573721408844 320.34037510554 321.778357028961 330.425838629405 335.448781649272 339.654008547465 340.644836425781 340.073744455973 335.49698193868 331.242442131042 338.51949373881 340.429385503133 338.405251502991 339.675863583883 335.864305496216 328.028162320455 317.367931207021 309.841056664785 304.4779698054 304.766754309336 319.477995236715 326.192220052083 323.204676310221 316.404720147451 314.618468284607 318.644483884176 322.240869204203 328.440467516581 328.75261704127 324.074546496073 319.851299126943 313.498973846436 299.095988273621 292.487422625224
346.107085545858 346.635500590007 345.016201337179 339.709679285685 329.272369543711 308.040718237559 289.513786633809 289.873758951823 315.208653608958 330.576638380686 333.345532417297 330.998162428538 326.181372006734 320.812861124674 312.872250874837 315.199494361877 323.101401329041 330.913027127584 340.728163719177 345.268805821737 343.30411752065 336.331208546956 336.12585067749 339.439789454142 339.706103006999 342.071652412415 341.198881467183 336.812973022461 330.01705010732 325.405438741048 321.946203708649 322.241028149923 332.738618055979 336.804827054342 335.88182926178 332.246462504069 326.454162597656 322.928468386332 317.062099774679 324.39132531484 332.58718252182 335.668722788493 333.972215652466 323.968629042308 307.261149088542 291.011850039164
343.874494234721 344.621221224467 345.284144083659 344.230651855469 339.543739954631 329.361180464427 311.608672142029 288.295646508535 295.466482639313 313.927590847015 327.330589294434 331.301271915436 331.358591715495 330.236117045085 325.364629427592 321.35530312856 318.428993225098 321.362594763438 329.870581626892 337.523102760315 343.531489372253 344.648003578186 341.926455497742 339.500546455383 339.951753616333 343.266129493713 343.660434087117 342.101097106934 339.080174763997 339.130918184916 339.136679967244 338.174025217692 340.917189915975 342.382033665975 339.901407559713 337.486108144124 334.386626879374 326.162238915761 312.211076418559 315.776129563649 330.670952796936 333.646297454834 329.75955804189 326.258937517802 316.879868507385 307.67293771108
335.891962051392 339.331984519958 341.350873311361 341.476360956828 340.322812398275 340.706030527751 335.148334503174 323.453048865 301.229317982992 295.117954413096 306.165337562561 321.958641211192 333.379904429118 337.248722712199 338.912844657898 335.946798324585 327.997167905172 325.117468833923 323.332726955414 326.716780662537 330.601632595062 334.060033162435 336.535453796387 337.573806444804 339.332183202108 340.914924939473 342.555999755859 341.371138890584 340.625762939453 342.774589856466 343.570629755656 343.518654505412 345.690011978149 346.428394317627 344.3390528361 340.359608332316 339.070717493693 333.712140719096 315.610925356547 311.243951320648 324.100931485494 324.912130832672 322.879195213318 321.936766306559 313.494900862376 304.258604844411
307.165185610453 316.349506378174 323.609451452891 328.859051068624 333.405097325643 337.1635278066 339.492281277974 338.851531346639 324.226220448812 306.574563185374 294.285893440247 300.833284854889 320.273359616597 334.168314933777 340.309699376424 336.162726084391 332.85907904307 329.970558484395 325.449883937836 320.80074151357 321.11402352651 320.922911167145 321.582476298014 328.41819524765 333.668192227681 336.897134780884 338.439067204793 337.907393773397 339.553276697795 341.764211654663 342.694242795308 344.311157862345 346.943457921346 348.004102706909 346.504092216492 343.368331591288 342.203696568807 341.693758964539 329.936782519023 316.70480966568 320.172508557638 323.739012082418 325.472474098206 325.406769911448 317.931115627289 308.783173561096
276.349286238352 280.690709749858 287.521362304688 297.097583611806 308.727324008942 319.848537445068 331.060846646627 333.758632342021 334.606409072876 327.476302782695 309.480408827464 295.511186122894 295.627077420553 313.500046730042 329.782386620839 330.238441626231 334.542671839396 333.741267522176 328.863501548767 322.674592336019 318.346540133158 316.015839576721 315.140624841054 321.124076843262 325.755556424459 328.096290429433 329.362134138743 331.685860951742 335.114081700643 337.387839953105 339.451630910238 342.090566953023 345.4643090566 346.275409062703 344.893932342529 343.899170557658 344.919681549072 345.916946729024 342.582146326701 332.260409990946 329.578280448914 332.767049471537 335.361003875732 335.526307423909 329.326053460439 326.92962884903
267.266432444255 263.568242390951 261.602818965912 261.654158433278 267.418702443441 281.353573004405 300.023297468821 315.574804941813 333.284536997477 335.400819778442 329.36296860377 314.824680487315 293.903311093648 292.04136133194 310.064514478048 327.088832855225 335.596680641174 336.670279502869 334.576845169067 330.234408378601 324.003756046295 323.098758856456 322.81494140625 323.465247948964 322.937170664469 321.017901102702 323.831816514333 329.089442888896 330.926616986593 331.757187843323 334.507425626119 337.853312492371 338.684360186259 339.537858963013 339.782079060872 341.872533162435 345.9845383962 348.221778869629 347.314675649007 345.696965853373 343.220551808675 341.878970464071 341.513633728027 340.833107630412 334.988156954447 331.829905509949
263.012409210205 238.792936007182 222.579816977183 217.490434646606 213.922421137492 219.581087430318 238.152345021566 268.796821435293 300.303896268209 324.502189954122 333.443721135457 334.059437115987 324.790100256602 306.563019752502 304.625411828359 321.743528048197 331.99284474055 338.010549545288 340.694149335225 339.459975560506 334.156235059102 331.246892611186 329.387565453847 329.375147819519 328.366120656331 326.464076836904 329.02314265569 333.005527655284 331.930577754974 328.698754310608 332.267800966899 335.399945576986 335.887312889099 336.190899213155 337.589661280314 341.11746152242 344.439784685771 345.171491305033 345.34748395284 345.223307609558 345.595757166545 345.587889353434 345.832665761312 343.64644686381 338.656147321065 333.865682284037
245.925724506378 213.420887788137 191.729029019674 187.815765539805 186.580697695414 191.101928551992 199.141303698222 222.951153914134 249.280075232188 292.847832043966 329.763948917389 343.398054440816 345.007499059041 337.602853775024 321.917812029521 318.943242232005 321.756521860758 331.439971923828 339.937925338745 342.215617497762 341.836531956991 339.243054389954 338.386336962382 336.2744251887 333.385586738586 331.908822059631 334.500233332316 335.592746734619 329.998075962067 328.158736228943 331.648468971252 334.404230117798 334.698915481567 333.920995394389 335.947831471761 338.079531987508 339.314341545105 338.741660118103 338.897307713826 338.75040213267 341.271996498108 344.321767489115 345.245281855265 344.147761662801 339.990059534709 337.705413500468
210.810621579488 186.990042527517 172.257304191589 169.142564137777 183.909138043722 205.030103524526 204.537411530813 208.07933807373 230.339586734772 257.914205392202 303.395867347717 341.066042582194 349.305391311646 348.440329233805 341.508507728577 324.149350325267 316.855112711589 317.364533742269 328.666210174561 341.659982999166 344.726800918579 342.261870702108 343.204736709595 340.198318163554 336.263537406921 336.287538210551 338.834166526794 336.51594320933 331.269145011902 333.744724591573 335.261702537537 334.940512975057 333.414991696676 333.056926727295 333.450516064962 332.073430220286 331.179102261861 328.780213991801 330.044905344645 329.992651939392 332.955320676168 336.043119430542 336.334943771362 336.203932762146 337.9967212677 338.920831680298
185.959657033285 177.153706550598 169.728438059489 161.423315604528 164.607127507528 187.747895717621 207.770725091298 208.787461121877 223.010579744975 236.922740936279 259.195923805237 309.621552626292 345.423817634583 347.230275472005 345.046917597453 341.983596483866 336.766481399536 327.538907527924 319.43158308665 327.329516410828 340.018510818481 343.696475028992 345.092972119649 342.509826024373 339.224775632222 340.127309163411 342.905004819234 340.333263079325 336.905837059021 340.475082397461 341.552972793579 335.315227508545 332.25405216217 330.643693606059 327.882885932922 327.156762282054 324.683606624603 322.887301445007 323.095917701721 325.114885965983 325.971643129985 327.847580115 329.437772432963 329.862654209137 337.126771608988 339.297374089559
177.455464998881 181.651592254639 182.866374651591 172.910173734029 155.395805835724 163.768311341604 193.386654059092 210.912028948466 226.573288440704 239.604810873667 245.807886123657 274.212141831716 322.010616461436 344.747463862101 347.28999932607 348.237196604411 348.219752311707 343.463659286499 333.154737949371 321.254253387451 328.73805363973 342.624425888062 343.179265658061 341.745217641195 341.48891766866 345.490694046021 346.964955329895 345.254818598429 342.870155970256 344.325661659241 341.959238052368 336.467981338501 333.700935045878 330.554962158203 326.249400774638 324.50940211614 323.256651560466 323.601941267649 322.462677955627 323.75834385554 325.590252876282 325.601100921631 325.624426205953 327.112158139547 333.48019917806 339.216828346252
187.746385733287 198.403259118398 206.69287443161 200.915058453878 180.679082870483 172.484993934631 194.457729657491 211.559891700745 232.162753740946 252.23296880722 260.527968406677 267.561395963033 299.692213535309 330.255349477132 343.33348274231 347.328941027323 347.813844680786 347.379962603251 346.204042434692 338.01007270813 325.089573860168 333.702325820923 337.693770726522 341.195027033488 345.057288805644 348.363002141317 349.742571512858 347.420295079549 343.5959815979 343.288024266561 340.035359064738 336.255629857381 333.379904429118 330.616692701976 328.728159268697 325.41565100352 325.354933738708 323.781331380208 322.157700856527 324.261347452799 327.083627382914 326.928019523621 326.628009478251 328.727761904399 328.528881072998 336.137334505717
201.903680960337 206.551710764567 218.858003616333 234.299004077911 222.789724667867 189.689437548319 191.944241523743 203.422685464223 220.188756783803 245.866060256958 259.11138455073 263.876338799794 276.914397875468 295.110325018565 324.279248714447 340.755105018616 343.58282883962 344.286521275838 344.825824101766 344.956676165263 341.668725013733 333.06481440862 333.829402923584 338.737726211548 343.961517016093 347.769856452942 350.022673606873 347.094893455505 341.700037320455 341.341416041056 338.080962498983 333.425283432007 330.70441087087 330.425580342611 329.692045847575 327.436546484629 325.128932793935 320.180575052897 319.124341011047 323.863307634989 328.060368696849 329.172869523366 329.619467258453 329.535901546478 327.958424886068 332.496047019958
