input/barkrak2/radiation/dir18924.grid
NCOLS 85 
NROWS 70 
XLLCORNER 665100 
YLLCORNER 4664600 
CELLSIZE 20 
NODATA_value -9999 
[rows 20 to 39 of 70, columns 0 to 45 of 85]
204.24485206604 197.057922681173 213.295141855876 254.128058751424 248.883227507273 200.579782327016 185.974836349487 189.77693716685 202.508131663005 225.289980570475 238.003154595693 247.466127077738 255.488038063049 269.863446553548 284.619490305583 309.688786665599 330.322007338206 333.550890286763 338.319579760234 344.763239224752 346.047083536784 340.487559636434 339.556296666463 341.069221496582 342.055281003316 343.237519264221 344.021002451579 340.824365615845 336.278001467387 335.888902346293 330.18430074056 320.019841194153 312.207480271657 308.908422787984 307.101786136627 312.058091163635 312.276522318522 314.511557420095 318.921685218811 322.704950968424 322.358926137288 322.397172451019 324.395020802816 320.47172387441 323.372145493825 326.681892077128
229.625085989634 229.987263679504 248.904426892598 278.99561325709 274.534602959951 215.198695659637 196.282744407654 197.857280572255 205.031116803487 218.971530596415 231.414914131165 239.553650220235 247.923254966736 254.661639531453 269.145051638285 288.455287615458 309.183319409688 328.809261322021 333.902637163798 341.472228368123 345.043619473775 348.165114720662 349.411408106486 348.789970080058 345.870931943258 342.10725625356 338.554620742798 335.177342096965 334.298491477966 327.597558498383 311.555763085683 284.259676933289 265.348513921102 264.162103335063 271.859804789225 289.974093437195 297.158559163411 311.014970143636 318.926453590393 319.775998592377 318.157831827799 317.318240801493 311.083257198334 298.499306042989 315.314332644145 323.54599237442
268.337885538737 276.705304781596 285.576403141022 295.713325341543 295.76168457667 249.768177668254 219.419121742249 203.754444917043 202.481865882874 213.043749332428 230.535686016083 238.929986953735 252.959191799164 260.329564412435 267.216742038727 282.015045483907 296.603361765544 309.155722459157 328.509430090586 329.753975073497 332.557797431946 340.805530548096 345.755974451701 345.711986223857 343.177278836568 341.565132141113 337.802807490031 332.577228546143 320.398290952047 302.781800429026 260.973572731018 210.632503032684 190.633336702983 208.325982093811 236.303766568502 260.551671187083 278.168201446533 296.271999677022 307.785093784332 310.777922471364 312.563260396322 313.081781069438 292.363842328389 273.819228013357 298.247873783112 321.004072825114
287.119130293528 290.623029073079 292.826592922211 300.300717353821 300.96431573232 282.082498073578 244.17769908905 213.098724683126 197.706977526347 202.133774757385 227.109213670095 241.798162460327 255.92569510142 268.770058949788 276.169737180074 278.45827738444 291.581193606059 305.185317993164 313.583334287008 316.766321659088 317.090352376302 320.810953776042 330.044051011403 336.155494054159 337.106347084045 327.383399009705 313.400487105052 296.714246273041 270.483175913493 226.964195569356 191.037356853485 166.20217760404 139.136125644048 138.453543186188 150.839279095332 188.046077887217 229.016085465749 255.430638790131 272.788306077321 281.190137068431 280.700743198395 266.515294710795 252.428710460663 286.259690920512 280.823707580566 314.903736114502
279.085218906403 281.379699707031 292.198657989502 302.111268043518 293.310165405273 282.515645027161 252.257247765859 228.541592756907 211.422602335612 204.583406448364 219.273030757904 235.735992590586 249.502380688985 265.736063321431 272.10013071696 277.093946933746 285.759349664052 298.459907372793 308.207869529724 306.71618382136 312.981983025869 311.675508817037 314.276119073232 303.520878156026 295.876185099284 292.673865954081 285.717904567719 274.344126383464 240.967194239298 185.414373874664 163.771996895472 161.237160364787 143.453598022461 120.641887187958 112.110714117686 126.165568828583 170.69677511851 210.168202718099 234.821220239004 248.977184295654 239.023705323537 217.223127683004 237.755179405212 301.193018754323 293.861130873362 316.244959831238
273.715237776438 277.700463930766 290.393888950348 298.420270284017 294.922073682149 284.245431423187 261.140704154968 253.349006175995 243.159711360931 228.054682413737 228.04985443751 246.790548165639 261.379400889079 274.116079012553 278.780659039815 280.055900414785 286.514023939768 296.730995178223 302.945454915365 308.700501918793 314.147472381592 304.332534472148 286.999026934306 287.82578309377 288.481136163076 286.401053269704 274.703502655029 261.483331521352 218.652685483297 190.264940261841 189.057230949402 205.784579118093 210.190097490946 184.923768043518 151.45069360733 133.134782314301 148.999691009521 177.895824114482 215.624074141184 232.595086097717 214.36607837677 205.442706743876 245.619297027588 288.206537564596 305.637578169505 328.44340801239
275.670150915782 277.67006556193 286.145687103271 295.108437538147 307.074129581451 292.944053808848 276.199539502462 264.523406823476 262.863159179688 257.214665412903 248.492280642192 265.764276186625 275.47562122345 290.474454561869 292.629718780518 286.90375884374 287.75680065155 297.675927480062 301.68871084849 306.573271751404 304.171721140544 299.847185611725 296.244144439697 292.521735032399 289.722641309102 285.708804925283 273.596227169037 261.775314807892 225.416382153829 219.500919183095 241.309066613515 264.617403348287 268.84804169337 280.837814013163 260.665893554688 176.210741202037 162.066956361135 173.872828483582 199.867387612661 230.599999427795 223.440527915955 254.713157812754 249.823311964671 263.375182946523 295.661926269531 314.904729525248
279.869834582011 276.131888230642 279.361049334208 291.191955407461 328.011890252431 303.697864214579 280.827144781748 263.975501060486 264.553368091583 271.999637285868 267.085115114848 270.288983980815 285.209059715271 293.700436751048 295.299311478933 294.59136724472 294.180015722911 296.090563138326 297.359724839528 304.00409301122 302.42137114207 294.479310512543 291.585961977641 295.887192090352 296.758552392324 292.50164826711 282.586356004079 272.695124149323 248.119334379832 246.38028939565 270.66433429718 285.218596458435 283.658981323242 297.52512772878 323.20515314738 256.542325019836 192.388872305552 177.669485410055 191.382567087809 233.734567960103 260.78321536382 306.992948055267 260.949969291687 254.712224006653 284.993171691895 295.906066894531
277.045985062917 269.120474656423 273.105621337891 297.644138336182 339.262167612712 301.957925160726 271.469116210938 258.533994356791 263.710141181946 271.347522735596 269.719401995341 268.352627754211 284.079670906067 293.298979600271 298.575977484385 303.731600443522 294.107695420583 288.072963555654 295.127232869466 296.943922837575 294.290443261464 289.748728275299 289.958794911702 296.654264132182 298.403859138489 295.950949192047 291.421890258789 280.988176663717 259.031852086385 253.73774766922 276.616772015889 294.825196266174 293.42250029246 291.722357273102 313.279986381531 316.85870885849 229.422152042389 170.988221963247 161.88324491183 204.326848189036 269.608875115712 287.229100863139 252.334793408712 230.722566445669 256.480137507121 268.835186958313
269.654234250387 261.394719282786 270.003914833069 308.019578456879 336.116154988607 298.072457313538 264.595707257589 247.0995982488 244.868516921997 251.850644747416 250.835021336873 258.62455368042 277.34116713206 293.556253115336 296.190480391185 299.030621846517 298.515260219574 287.162403265635 288.499097029368 290.658593177795 289.481739203135 291.217108567556 290.59636592865 297.230402628581 299.609919389089 297.385215759277 299.524744351705 286.783734957377 266.180356343587 262.638727823893 281.60152832667 299.568394819895 294.84236240387 291.431546211243 300.535480181376 320.364852746328 307.068149248759 233.278592427572 184.996883074443 194.183150927226 231.88046614329 245.60010433197 245.347738265991 215.778728326162 228.583455085754 255.686382452647
257.873475551605 268.024643262227 297.466059525808 343.188643455505 344.680468241374 303.148806095123 266.324996948242 240.05264043808 232.520222663879 243.306179841359 238.403658072154 237.335781256358 271.112064520518 291.212340195974 299.444317817688 301.487823327382 301.625152428945 291.753828525543 291.147828102112 291.545331478119 290.839513142904 295.789917310079 296.712557474772 299.010396003723 302.303373813629 305.418809254964 304.603536923726 296.330650647481 278.628607590993 275.07491906484 287.290255228678 299.92405573527 297.324120998383 296.8457142512 300.447781880697 303.095817565918 326.205889383952 337.337454160055 272.076884905497 225.264072418213 213.100711504618 204.567531744639 220.445195833842 218.303581078847 225.445886452993 258.579393227895
276.413281758626 301.71807607015 319.961229960124 325.02285639445 353.117982546488 335.150241851807 300.855000813802 262.58530219396 247.024178504944 262.259463469187 256.522675355275 237.017134825389 256.793200969696 287.957549095154 299.715002377828 302.678147951762 303.706268469493 300.203204154968 294.533530871073 295.060098171234 297.066807746887 298.248986403147 303.27304204305 301.931420962016 303.592721621195 310.423950354258 311.948200066884 309.711674849192 296.129286289215 290.438592433929 294.029712677002 297.749996185303 299.491922060649 303.741037845612 306.241313616435 294.607520103455 303.147912025452 340.694109598796 337.5483751297 277.818520863851 229.486068089803 203.670422236125 204.766889413198 222.734173138936 246.711949507395 273.033142089844
306.6699107488 315.147837003072 304.561873277028 296.931624412537 315.605103969574 337.131818135579 332.660476366679 304.830809434255 282.165149847666 284.429450829824 286.115010579427 264.422555764516 260.38783788681 281.016727288564 299.692988395691 301.648338635763 301.55615011851 306.793491045634 297.931134700775 295.132954915365 300.923546155294 303.80125840505 302.165408929189 304.328382015228 305.39592107137 313.048621018728 317.365964253743 317.429820696513 305.812040964762 297.233899434408 303.665439287821 306.466042995453 302.333235740662 304.551382859548 308.724025885264 298.698941866557 298.0135679245 317.725618680318 322.29079802831 297.927439212799 268.496096134186 228.099624315898 207.941969235738 217.55047639211 238.946576913198 269.812802473704
297.048469384511 289.434432983398 282.072484493256 271.020034948985 271.50571346283 292.230168978373 313.413619995117 311.608831087748 302.124460538228 303.54897181193 302.544017632802 289.096454779307 279.726763566335 289.426763852437 302.171806494395 304.564913113912 300.867676734924 304.276525974274 297.143240769704 299.800117810567 300.12035369873 302.817126115163 299.896876017253 300.171315670013 302.93862024943 309.836506843567 316.23105208079 314.635753631592 308.164397875468 304.19534444809 308.933734893799 307.261824607849 296.582579612732 295.808573563894 299.941698710124 284.946501255035 282.181859016418 282.955924669902 277.254680792491 282.246947288513 292.176942030589 259.755492210388 231.841524442037 222.540179888407 221.484482288361 244.333922863007
289.9369597435 279.244681199392 285.545289516449 271.280646324158 263.243158658346 274.947603543599 301.348328590393 325.92761516571 323.202888170878 311.054607232412 299.775024255117 300.257722536723 306.899428367615 306.552787621816 306.011398633321 303.396105766296 305.073102315267 300.040602684021 300.142029921214 304.472863674164 302.334308624268 300.179680188497 300.24000008901 298.565109570821 302.923202514648 305.524388949076 308.956503868103 307.089686393738 307.232002417247 309.050679206848 309.881905714671 300.040145715078 284.840901692708 289.955457051595 289.064347743988 272.800385951996 273.616433143616 273.710091908773 280.805210272471 303.103605906169 302.492181460063 289.929489294688 268.344759941101 252.200106779734 234.094659487406 227.318485577901
310.135145982107 304.751336574554 314.299623171488 309.193074703217 299.0709344546 303.722282250722 320.450822512309 342.950423558553 336.966951688131 313.920915126801 299.019912878672 307.21241235733 321.477949619293 318.120698134104 312.194923559825 313.579599062602 309.590061505636 306.135455767314 309.909542401632 306.780497233073 307.498296101888 300.043205420176 302.134295304616 302.964588006337 302.850087483724 304.163873195648 306.336045265198 303.39769522349 304.847339789073 311.880429585775 309.347192446391 299.029310544332 286.413232485453 287.155032157898 280.091007550557 275.732080141703 280.833184719086 281.327625115712 293.110887209574 322.753965854645 291.809459527334 278.697967529297 269.081115722656 260.677695274353 243.854860464732 222.482601801554
335.588773091634 332.693835099538 334.692557652791 337.276816368103 328.47273349762 322.151303291321 326.7808953921 341.321627298991 338.445822397868 311.166564623515 302.61888106664 314.433038234711 326.877236366272 320.904036362966 313.078204790751 317.075371742249 319.7354276975 313.650925954183 312.716106573741 313.230951627096 312.025547027588 306.940495967865 305.763761202494 305.893381436666 304.184953371684 301.911731561025 305.277069409688 305.681586265564 307.95806646347 313.550194104513 311.331311861674 301.616390546163 288.986265659332 283.158659934998 275.349458058675 280.409693717957 286.827822526296 285.884737968445 288.933078447978 311.581989129384 280.579845110575 239.496767520905 226.272940635681 220.448215802511 219.972312450409 214.26784992218
348.44442208608 345.231413841248 340.527335802714 341.479857762655 336.15779876709 328.023076057434 324.659725030263 330.084641774495 336.787422498067 318.821688493093 318.318883577983 325.715124607086 324.78274901708 318.353434403737 317.535618940989 318.840503692627 326.08292500178 320.957879225413 318.726599216461 316.351532936096 316.565255324046 310.808440049489 308.52742989858 306.573112805684 307.101289431254 303.309400876363 305.440147717794 309.388001759847 309.872031211853 312.174757321676 312.55833307902 303.935090700785 291.786730289459 276.665170987447 268.394271532695 283.761441707611 293.384909629822 291.417002677917 281.471769014994 297.01296488444 281.773726145426 215.382874011993 186.593989531199 172.480742136637 172.837515672048 177.781442801158
351.042866706848 353.730042775472 352.683464686076 350.273052851359 346.209605534871 340.493639310201 333.461999893188 328.656733036041 331.089814503988 329.150358835856 336.283644040426 334.808468818665 327.477872371674 328.30673456192 320.610880851746 317.214071750641 325.242300828298 324.044009049733 318.256735801697 317.929526170095 316.523710886637 311.537464459737 308.016618092855 305.855810642242 307.032366593679 307.446440060933 306.112090746562 308.292547861735 311.084945996602 309.718390305837 312.073330084483 307.726899782817 287.663082281748 265.486478805542 274.00137980779 295.739591121674 298.745473225911 292.825162410736 275.965174039205 281.783064206441 304.717441399892 259.322841962179 201.708515485128 173.485636711121 162.789871295293 157.065808773041
341.764171918233 344.67625617981 345.011512438456 348.333994547526 352.442383766174 355.108539263407 354.740579922994 351.75096988678 349.574128786723 351.706425348918 347.113927205404 336.351871490479 332.025905450185 327.037970225016 326.141397158305 320.232133070628 322.682599226634 322.496215502421 316.787918408712 315.928876399994 317.238291104635 316.553175449371 313.900351524353 307.763298352559 305.993656317393 307.123601436615 309.973200162252 310.118734836578 312.610149383545 312.031388282776 310.536424318949 307.930568854014 283.081372578939 266.163448492686 288.367787996928 302.956302960714 298.895935217539 293.88835032781 280.796726544698 276.155213514964 311.238884925842 337.079445521037 285.20413239797 232.021649678548 189.734439055125 161.816944678624
