input/barkrak2/radiation/dir17224.grid
NCOLS 85 
NROWS 70 
XLLCORNER 665100 
YLLCORNER 4664600 
CELLSIZE 20 
NODATA_value -9999 
[rows 0 to 19 of 70, columns 0 to 45 of 85]
357.320626576741972 359.160860379537 357.624451319377 351.893703142802 345.536788304647 340.652902921041 332.552750905355 326.36547088623 331.594824790955 330.10588089625 326.809922854106 335.210959116618 342.134396235148 341.928998629252 344.961961110433 355.977773666382 360.534191131592 360.111316045125 341.785351435343 330.291310946147 305.940270423889 299.50342575709 315.218726793925 321.592132250468 317.874054114024 314.609587192535 314.636707305908 306.532859802246 288.461407025655 280.828535556793 279.672682285309 283.526003360748 290.438175201416 296.038846174876 304.984311262767 297.526737054189 293.618142604828 301.255762577057 298.96746079127 301.862080891927 292.00671116511 271.741608778636 282.178342342377 309.667150179545 315.317372481028 305.357615152995
351.848324139913 356.722275416056 358.371297518412 353.517850240072 350.576718648275 345.858534177144 334.866046905518 323.627471923828 326.235254605611 328.149219353994 322.838405768077 329.83918984731 339.655598004659 341.262102127075 340.240875879924 348.077654838562 344.613512357076 342.72833665212 342.814286549886 335.732062657674 319.034000237783 308.077752590179 312.01712290446 317.624469598134 315.993110338847 311.660011609395 310.111244519552 305.842041969299 291.571398576101 280.997852484385 282.19085931778 290.355642636617 286.358197530111 289.699594179789 303.352832794189 295.504570007324 287.955860296885 290.300170580546 286.920924981435 300.20272731781 298.474907875061 285.493969917297 292.949676513672 313.90243768692 320.281823476156 308.260917663574
334.376255671183 335.508902867635 337.811271349589 340.142687161763 347.093025843302 348.118782043457 347.097317377726 341.327826182048 335.354566574097 331.046263376872 322.849591573079 322.960118452708 330.792645613352 332.819203535716 328.863203525543 332.247833410899 336.018403371175 340.633829434713 342.962582906087 341.450929641724 335.741798082987 324.909170468648 315.510014692942 313.699940840403 315.560142199198 315.598388512929 310.147921244303 304.128130276998 292.848368485769 280.173977216085 277.147233486176 288.392901420593 275.159935156504 281.525711218516 297.443449497223 291.968921820323 275.800923506419 268.672267595927 281.094610691071 299.888610839844 302.598754564921 303.490102291107 306.041280428569 321.650981903076 332.103053728739 317.395488421122
320.447981357574 315.638601779938 318.63143046697 322.391708691915 323.81147146225 327.041725317637 325.482745965322 331.830541292826 339.309771855672 341.951290766398 337.339599927266 333.648045857747 332.718372344971 331.722935040792 327.640414237976 321.382085482279 325.027783711751 331.039806207021 338.052193323771 340.417305628459 338.383595148722 335.418303807576 333.30096801122 326.269348462423 323.727647463481 325.58133204778 319.323817888896 310.392479101817 301.395952701569 291.124284267426 280.698080857595 286.724090576172 273.989240328471 280.846118927002 288.570841153463 289.754172166189 282.901128133138 279.62996562322 298.503756523132 313.765247662862 311.199128627777 304.126063982646 299.843748410543 307.95673529307 320.182919502258 322.423934936523
331.449925899506 319.293181101481 309.572696685791 300.871054331462 296.156307061513 306.35807911555 320.232351620992 325.357695420583 330.984632174174 334.542433420817 341.553608576457 345.188856124878 344.687819480896 343.083699544271 339.064637819926 336.710174878438 334.917982419332 331.120550632477 334.215879440308 339.606642723083 338.812152544657 338.15069993337 340.071598688761 335.100730260213 330.183764298757 328.877031803131 323.736468950907 314.577480157216 305.561006069183 299.979905287425 297.871073087056 293.981194496155 286.140163739522 289.06520207723 286.834915479024 290.64279794693 301.333526770274 306.673308213552 317.154089609782 323.156356811523 321.208417415619 313.365419705709 304.536024729411 299.884955088298 305.876612663269 328.23924223582
353.179693222046 340.797265370687 322.435220082601 297.328591346741 288.403451442719 295.583188533783 313.423375288645 325.795213381449 327.845056851705 327.081084251404 332.924783229828 339.575489362081 343.568046887716 344.822327295939 346.739530563354 345.903317133586 342.212279637655 334.411104520162 332.659602165222 335.760354995728 335.521300633748 338.547110557556 343.884388605754 340.261618296305 335.657437642415 334.719816843669 328.267852465312 318.677306175232 307.876865069071 300.713062286377 299.487392107646 294.803500175476 299.788097540538 306.431452433268 300.216714541117 297.404666741689 305.910150210063 313.433686892192 318.391104539235 318.698128064473 319.777011871338 316.09578927358 313.413143157959 312.012513478597 311.138888200124 318.673650423686
354.640603065491 346.574187278748 334.631045659383 321.73224290212 307.103375593821 295.445760091146 301.63981517156 322.704434394836 329.440553983053 332.854012648265 331.362922986348 328.443268934886 326.014717419942 323.865532875061 324.052333831787 333.702802658081 337.536176045736 341.531038284302 342.191735903422 341.331879297892 336.614767710368 332.289338111877 340.02161026001 342.127839724223 339.971383412679 340.650995572408 337.178945541382 328.8787206014 318.129380544027 310.361584027608 304.521401723226 305.075923601786 319.327890872955 326.276659965515 323.994894822439 316.635330518087 315.118253231049 319.268981615702 322.996199131012 329.038659731547 329.430858294169 325.145562489827 321.004748344421 314.547479152679 299.418250719706 293.159008026123
347.822388013204 348.53994846344 347.707986831665 342.759887377421 331.655244032542 311.940451463064 293.720185756683 292.359550793966 317.635893821716 332.816183567047 336.526036262512 334.184964497884 329.481025536855 324.291984240214 315.308372179667 317.594269911448 325.442274411519 334.126154581706 343.502362569173 346.856911977132 344.686547915141 337.535182634989 337.150573730469 341.002066930135 341.303904851278 343.188087145487 342.297951380412 338.257710138957 331.187605857849 326.294998327891 322.261810302734 322.951952616374 333.863178888957 337.28833993276 336.48943901062 332.906822363536 327.001531918844 323.749979337056 317.715446154277 325.742204984029 334.03754234314 336.907505989075 334.768851598104 324.855804443359 307.757536570231 291.168590386709
345.960060755412 346.72753016154 347.557624181112 346.732179323832 342.446684837341 333.630959192912 314.135670661926 292.304555575053 299.676477909088 316.176295280457 330.75358470281 334.406137466431 333.693861961365 332.598686218262 327.76947816213 323.705097039541 322.075267632802 323.663552602132 332.00349410375 340.699275334676 346.336364746094 346.270680427551 343.835751215617 341.356635093689 341.782530148824 344.739317893982 345.707416534424 343.541065851847 340.829451878866 340.691129366557 340.097467104594 338.97598584493 341.778993606567 343.253453572591 340.954025586446 338.970224062602 335.807323455811 327.470103899638 313.367466131846 316.889862219493 331.736346085866 334.316809972127 330.084522565206 326.513866583506 317.488610744476 308.235049247742
338.632504145304 342.255552609762 343.493660291036 343.619505564372 342.744668324788 343.319058418274 337.449908256531 327.086925506592 305.240054925283 299.182573954264 308.675070603689 325.479944547017 336.50016784668 340.103189150492 341.833353042603 338.098128636678 331.39447371165 327.423413594564 326.923171679179 328.936676184336 333.980282147725 336.240688959758 338.675975799561 339.63930606842 341.265281041463 343.298037846883 344.34167544047 343.164245287577 342.84774462382 344.901005427043 345.696210861206 345.614949862162 347.106019655863 347.663640975952 345.533490180969 341.57939751943 340.332746505737 335.314830144246 316.896816094716 312.058409055074 324.795564015706 325.0852227211 322.968125343323 322.111328442891 314.061899979909 304.757237434387
311.508854230245 319.67947880427 327.366948127747 331.890841325124 336.265206336975 339.445312817891 341.717759768168 341.91624323527 327.790160973867 309.046864509583 298.36102326711 303.342819213867 322.70218928655 336.469054222107 342.451453208923 338.431517283122 335.196375846863 332.297364870707 327.784895896912 324.454625447591 323.472142219543 323.392609755198 324.946125348409 331.529835859935 336.504181226095 339.582721392314 340.519388516744 339.99756971995 341.559648513794 343.676249186198 344.553430875142 346.094846725464 349.2351770401 350.247979164124 348.648190498352 345.339417457581 344.014406204224 343.372662862142 331.013242403666 317.37486521403 320.623834927877 324.367562929789 326.159834861755 326.033473014832 318.321645259857 309.185981750488
279.403646787008 283.722718556722 290.51548242569 300.022502740224 311.546484629313 322.528004646301 333.54651927948 336.882034937541 337.756713231405 329.911808172862 313.289105892181 298.086861769358 299.69330628713 315.928200880686 333.043297131856 333.312392234802 337.589462598165 336.920062700907 332.25272099177 325.080672899882 320.853511492411 318.633655707041 318.699737389882 324.589888254801 328.207751115163 331.201295057933 332.395672798157 334.65580145518 337.379296620687 339.585781097412 341.580152511597 344.812790552775 348.162730534871 348.894596099854 346.713701883952 345.716635386149 347.094535827637 347.861528396606 344.255646069845 333.31956466039 330.3568760554 333.68178208669 336.448113123576 336.611111958822 330.176889896393 327.88223028183
270.414769649506 266.737302144368 264.780561129252 264.822681744893 271.531522274017 285.390377044678 304.920713106791 319.213489691416 336.542884508769 337.729175885518 332.670311133067 318.550487359365 296.490828196208 296.1345911026 312.667469183604 329.574743906657 337.928851445516 338.986754417419 336.93516254425 332.642753918966 327.488899230957 326.528390248617 325.334072113037 325.968941052755 325.49524307251 324.314475059509 327.093342940013 332.241217295329 334.010601043701 334.825078646342 336.794455846151 340.044299761454 341.721137364705 342.543601989746 341.849088668823 343.86412302653 348.654508590698 350.603779157003 348.786870638529 346.999724706014 344.383637110392 343.536337216695 343.158364295959 341.940641403198 336.207866668701 333.044528961182
266.286532084147 242.164254188538 226.826171080271 221.799949804942 219.431678454081 224.022328853607 241.151809692383 271.593193213145 302.945613861084 327.086865901947 335.904558499654 336.50279045105 327.270070711772 309.01841322581 307.118793328603 325.398802757263 335.330883661906 341.034094492594 343.563954035441 341.69872601827 336.510221163432 334.492286046346 332.682351271311 332.693735758464 330.827017625173 328.979651133219 331.471661726634 336.137851079305 334.985136985779 331.864098707835 334.598898887634 337.650577227275 339.025855064392 339.337944984436 340.624133745829 343.125661214193 346.279780069987 347.980300585429 347.986857096354 346.960345904032 347.261706988017 347.858190536499 347.931067148844 344.905535380046 340.060989061991 335.163354873657
249.603947003682 217.0383532842 195.942978064219 192.143360773722 190.986553827922 195.621132850647 202.255507310232 225.77291727066 252.053081989288 295.590976874034 333.229502042135 346.237778663635 347.759008407593 340.851545333862 324.231882890065 321.292757987976 325.419743855794 334.844708442688 342.14993317922 344.370126724243 344.010233879089 341.500441233317 340.664903322856 339.414517084758 336.472749710083 334.961613019307 336.814880371094 337.887406349182 333.00777276357 331.293940544128 334.871768951416 336.666862169902 336.945613225301 337.156812349955 339.115182558695 341.204881668091 341.303865114848 340.776483217875 341.897447903951 340.785622596741 343.219041824341 346.134424209595 347.884058952332 345.808068911235 341.69872601827 339.349985122681
214.991569519043 191.379030545553 176.391780376434 173.506875832876 188.391367594401 208.047608534495 207.359949747721 212.55632241567 232.70704348882 262.250741322835 305.794974168142 344.268798828125 351.857542991638 351.032535235087 344.631910324097 326.568444569906 319.358925024668 321.111559867859 332.171718279521 344.674348831177 346.786856651306 344.41860516866 345.333615938822 343.121687571208 339.229981104533 339.220563570658 341.835260391235 338.799476623535 333.695888519287 336.115439732869 338.415781656901 338.102777798971 336.620211601257 335.317373275757 335.711240768433 335.363586743673 334.536870320638 331.051707267761 332.342267036438 333.251694838206 336.1843029658 338.133970896403 339.435378710429 339.179913202922 339.967409769694 341.420571009318
188.91429901123 180.297613143921 173.478126525879 165.877799193064 169.426341851552 192.385017871857 210.553387800852 213.167726993561 227.206985155741 238.868673642476 261.085490385691 311.646898587545 348.438541094462 349.668502807617 347.510814666748 344.907561937968 340.067982673645 329.805751641591 323.186596234639 330.896854400635 343.034029006958 345.795075098674 347.131490707397 345.202843348185 342.031200726827 342.950264612834 345.736900965373 342.508991559346 339.174667994181 342.644691467285 343.692342440287 338.401118914286 335.441788037618 333.951950073242 330.267906188965 329.562882582347 327.111721038818 326.401968797048 325.511733690898 327.512860298157 329.398194948832 330.106099446615 331.685443719228 333.160599072774 339.162151018779 342.04097588857
180.907468001048 184.797724088033 186.541040738424 178.11119556427 161.610394716263 167.953411738078 197.628398736318 212.559978167216 230.59610525767 241.331617037455 249.824245770772 275.367677211761 324.098944664001 347.736279169718 349.794308344523 350.663264592489 350.855032602946 346.440275510152 335.44921875 324.972192446391 332.291444142659 344.727436701457 345.307588577271 343.896905581156 344.096899032593 347.52627213796 349.58815574646 347.815910975138 345.393697420756 346.329053243001 344.07099088033 338.766535123189 336.076458295186 332.98126856486 329.607427120209 327.903310457865 325.726131598155 326.039413611094 325.960159301758 326.162616411845 327.942589918772 329.062879085541 327.92854309082 330.577790737152 335.554997126261 341.171026229858
190.956870714823 201.657891273499 210.190753142039 205.708146095276 185.275693734487 176.349600156148 196.014642715454 215.39709965388 233.476877212524 255.678653717041 261.741558710734 271.328965822856 301.531434059143 332.728187243144 346.300522486369 349.931637446086 350.367506345113 349.997838338216 348.268151283264 340.183814366659 328.731954097748 337.099194526672 339.975595474243 343.398213386536 347.104787826538 350.257158279419 351.560076077779 349.783897399902 345.946311950684 345.713098843892 342.580715815226 338.878512382507 336.231311162313 333.067039648692 331.204195817312 328.764716784159 328.781008720398 326.217114925385 325.663208961487 327.726940313975 329.395711421967 330.357591311137 330.057362715403 330.881059169769 331.996440887451 338.105122248332
205.277502536774 209.937612215678 222.253044446309 238.557557264964 227.281053860982 191.073517004649 193.195283412933 207.011143366496 223.775903383891 246.96938196818 262.776215871175 265.230655670166 280.810077985128 299.246509869893 329.26865418752 343.857566515605 346.445202827454 347.052216529846 346.956849098206 347.085356712341 343.736688296 336.514751116435 337.149739265442 340.973893801371 346.059560775757 349.710067113241 351.832191149394 349.467039108276 344.033002853394 343.706607818604 340.505361557007 335.923751195272 333.40851465861 333.411494890849 332.164327303569 329.944133758545 328.514357407888 323.710699876149 321.638385454814 327.393114566803 331.523617108663 331.450780232747 333.001176516215 332.995613416036 331.478238105774 335.880517959595
