input/barkrak2/radiation/dir18024.grid
NCOLS 85 
NROWS 70 
XLLCORNER 665100 
YLLCORNER 4664600 
CELLSIZE 20 
NODATA_value -9999 
[rows 0 to 19 of 70, columns 0 to 45 of 85]
355.945825576781999 357.92342821757 356.558601061503 351.074496905009 344.872037569682 340.05335966746 331.845243771871 325.706899166107 330.90086778005 329.454839229584 326.167861620585 334.494829177856 341.346184412638 341.153224309285 344.19576327006 355.032483736674 359.457413355509 357.095917065938 340.239644050598 328.419407208761 305.122415224711 298.757135868073 314.683973789215 321.195344130198 317.538102467855 314.487516880035 314.520557721456 306.285977363586 288.11518351237 280.192414919535 279.333710670471 283.251345157623 290.531734625498 296.131094296773 304.450392723083 297.21870024999 293.554405371348 301.285306612651 299.02325073878 302.052875359853 292.041103045146 271.886885166168 282.337407271067 308.786809444427 314.443270365397 304.749965667725
350.411574045817 355.433106422424 357.285896937052 352.870464324951 350.038329760234 345.309734344482 334.106206893921 323.001742362976 325.675586859385 327.597935994466 322.269280751546 329.181452592214 338.900883992513 339.85157807668 339.531461397807 345.030983289083 343.657374382019 342.210690180461 342.195749282837 333.975752194722 317.891816298167 307.469646135966 311.39075756073 316.754857699076 315.060615539551 311.626235644023 310.012618700663 305.617074171702 291.25318924586 280.681808789571 281.819562117259 290.15576839447 286.563018957774 290.030201276143 303.007066249847 295.467754205068 288.029293219248 290.525952974955 287.557244300842 299.458762009939 298.117796579997 285.487075646718 292.818188667297 313.875238100688 320.265352725983 308.45578511556
332.693258921305 333.219468593597 335.442066192627 339.199701944987 344.948848088582 347.150961558024 346.100131670634 339.920123418172 334.562500317891 330.594976743062 322.166800498962 322.28829463323 329.862316449483 332.423090934753 328.437606493632 331.897894541423 335.794488588969 340.321977933248 342.451691627502 339.81708685557 335.074663162231 323.998669783274 315.159678459167 313.586135705312 314.821978410085 314.673006534576 310.137589772542 303.87024084727 292.558709780375 279.948274294535 276.948233445485 288.353006045024 274.940609931946 281.917572021484 297.54892985026 292.021373907725 276.012102762858 268.440922101339 280.363082885742 300.137102603912 302.800218264262 303.282201290131 305.869042873383 320.971012115479 331.050713857015 316.145380338033
318.680385748545 312.960247198741 316.028694311778 321.188350518544 322.610815366109 323.402941226959 324.281255404154 330.686132113139 338.279565175374 341.030279795329 336.508591969808 332.711696624756 332.307557264964 331.492324670156 327.444771925608 321.28651936849 324.213445186615 330.772976080577 337.644577026367 338.929096857707 337.704181671143 334.711035092672 332.731604576111 325.391451517741 323.290089766185 324.55962896347 318.987270196279 309.606075286865 300.769587357839 290.882746378581 280.583699544271 286.794344584147 274.435937404633 281.163156032562 288.717329502106 289.936224619548 283.215681711833 280.016163984935 298.730492591858 313.796738783518 311.143438021342 304.058015346527 299.696286519368 307.637373606364 319.328665733337 321.046233177185
330.121000607808 317.965765794118 306.95241689682 297.672708829244 291.903873284658 305.094401041667 319.003144900004 324.17239745458 328.718066215515 333.425283432007 340.523600578308 343.680818875631 344.054539998372 341.843088467916 338.750163714091 336.406151453654 334.54704284668 330.26913801829 333.500385284424 338.342189788818 338.05787563324 337.401549021403 339.471618334452 334.523995717367 329.624394575755 328.447540601095 323.324580987294 314.186374346415 305.186947186788 299.528698126475 297.57018884023 294.089694817861 286.541362603505 289.324084917704 286.75498565038 290.768027305603 300.8953332901 306.756436824799 317.067086696625 322.946270306905 321.054259936015 312.933027744293 304.396470387777 299.879272778829 305.924475193024 327.231188615163
351.929783821106 337.350209554036 319.579720497131 294.742206732432 287.170926729838 294.399301211039 312.254051367442 324.548999468486 325.628697872162 325.882156689962 330.605983734131 337.403337160746 341.497262318929 343.914747238159 344.854116439819 345.083514849345 341.348846753438 333.536465962728 331.82966709137 335.00329653422 334.579348564148 337.862849235535 343.304912249247 339.686234792074 335.104584693909 334.22593275706 327.803730964661 318.272233009338 307.495216528575 300.362547238668 299.290935198466 294.426560401917 298.937678337097 305.828034877777 300.266623497009 297.247250874837 305.927693843842 313.407778739929 318.224648634593 318.53465239207 319.607138633728 315.899848937988 313.060243924459 311.910629272461 310.760378837585 317.905306816101
353.388627370199 344.968398412069 332.996845245361 320.505738258362 304.366707801819 294.263323148092 300.45614639918 320.207496484121 327.166199684143 331.715643405914 330.215811729431 327.249685923258 324.793060620626 321.47079706192 322.890639305115 331.46603902181 336.432258288066 340.506235758464 341.320872306824 340.608159701029 335.951368014018 331.652363141378 339.388688405355 341.501474380493 338.833928108215 340.087334314982 336.608091990153 328.347305456797 317.6176349322 309.988220532735 304.439981778463 305.158495903015 319.39023733139 326.211392879486 323.265333970388 316.491723060608 314.967155456543 318.802078564962 322.473247845968 328.741232554118 329.106291135152 324.837744235992 320.576628049215 313.614686330159 299.211780230204 292.698760827382
346.852342287699 347.486098607381 346.598664919535 340.736627578735 330.423136552175 309.253176053365 292.543133099874 291.13495349884 316.40088558197 331.657250722249 334.379116694133 332.065383593241 327.301661173503 321.974078814189 314.069151878357 316.3769642512 324.236432711283 332.961658636729 341.620047887166 345.995664596558 343.911012013753 336.827198664347 336.540142695109 340.354919433594 340.18079439799 342.556039492289 341.671188672384 337.264617284139 330.430507659912 325.690547625224 322.063982486725 322.81881570816 332.889497280121 337.039709091187 336.188276608785 332.574486732483 326.715727647146 323.225398858388 317.388951778412 324.949324131012 333.191116650899 336.182594299316 334.285537401835 324.086308479309 307.311097780863 290.989836057027
344.697554906209 345.650235811869 346.148729324341 345.167398452759 341.226140658061 330.486019452413 311.686038970947 289.563437302907 298.437794049581 315.0608142217 328.441818555196 332.392851511637 332.445581754049 331.339259942373 326.515297094981 322.506209214528 319.577475388845 322.492281595866 330.916444460551 339.695851008097 344.368100166321 345.387578010559 342.56652990977 340.162833531698 340.596516927083 343.915303548177 344.90172068278 342.727581659953 340.019464492798 339.605728785197 339.529991149902 338.56459458669 341.343919436137 342.816710472107 340.339541435242 338.360786437988 334.773977597555 326.506018638611 312.51992781957 316.222389539083 331.094841162364 333.908160527547 329.87105846405 326.350847880046 317.309439182281 307.840724786123
337.321678797404 340.319395065308 342.311859130859 342.437823613485 341.295560201009 341.708302497864 336.239735285441 324.560483296712 302.413682142893 296.36679093043 307.411253452301 324.214975039164 334.447304407756 338.2568359375 339.903950691223 336.975892384847 329.111635684967 326.242605845133 325.775523980459 327.808658281962 331.652263800303 335.096438725789 337.526798248291 338.511745134989 340.197285016378 342.268069585164 343.370000521342 342.1790599823 341.413418451945 343.497236569722 344.279805819194 344.21968460083 346.32134437561 346.989552179972 344.86711025238 340.880314509074 339.604338010152 334.707180658976 315.944234530131 311.529378096263 324.295838673909 324.961443742116 322.884122530619 321.99239730835 313.90784184138 304.398477077484
308.495263258616 317.620793978373 324.823061625163 330.015937487284 334.501663843791 338.205416997274 340.518871943156 339.897036552429 325.394749641418 307.810107866923 295.54013411204 302.0894130071 321.458240350087 335.253119468689 341.301918029785 337.222655614217 333.962162335714 331.089874108632 326.589385668437 321.937660376231 322.269479433695 322.1116065979 323.628465334574 329.524636268616 334.697365760803 337.868611017863 339.395721753438 338.863690694173 340.463479359945 342.630505561829 343.534270922343 345.117648442586 347.637534141541 348.651051521301 347.160895665487 344.026327133179 342.812697092692 342.244784037272 330.371797084808 316.923360029856 320.266604423523 323.77556959788 325.52433013916 325.523853302002 318.08344523112 308.859546979268
277.832667032878 282.160023848216 288.966596126556 298.501968383789 310.070772965749 321.116407712301 332.227806250254 335.596243540446 335.709969202677 328.644057114919 311.97452545166 296.80327574412 296.87096675237 314.702828725179 330.916523933411 331.990838050842 335.625330607096 334.8335425059 329.996903737386 323.846300443013 319.563031196594 317.270716031392 317.331949869792 322.31734196345 326.915780703227 329.878012339274 330.481688181559 332.777917385101 336.160024007161 338.399648666382 340.428471565247 343.727072079976 346.314191818237 347.100098927816 345.727801322937 344.720403353373 346.194505691528 346.50456905365 343.10785929362 332.590579986572 329.790969689687 332.95996983846 335.59795220693 335.830767949422 329.649647076925 327.263255914052
268.797834714254 265.111148357391 263.151228427887 263.199865818024 269.931693871816 282.804608345032 302.439272403717 316.833694775899 334.397355715434 336.496353149414 330.523431301117 316.066523392995 295.202414194743 293.342391649882 311.338484287262 328.271965185801 336.692770322164 337.753176689148 335.686842600505 331.384181976318 325.184086958567 324.298858642578 324.018100897471 324.662148952484 324.147005875905 322.933077812195 325.738648573558 330.93649148941 332.035660743713 332.857648531596 335.574110349019 338.87771765391 340.600848197937 340.510408083598 340.747952461243 342.799544334412 347.723960876465 348.91144434611 347.984274228414 346.271514892578 343.718290328979 342.867453893026 341.991345087687 341.302990913391 335.488557815552 332.318524519602
263.806541760763 240.430116653442 225.083390871684 219.133218129476 216.66540702184 221.142788728078 239.663561185201 270.20655075709 301.614701747894 325.73010524114 334.581851959229 335.196137428284 325.989623864492 307.795524597168 305.875420570374 324.156721433004 333.116412162781 339.795192082723 341.717720031738 340.50710995992 335.270643234253 333.217819531759 330.531597137451 330.517768859863 329.525689284007 327.642877896627 330.17752567927 334.89187558492 333.028058211009 329.834898312887 333.365639050802 336.460034052531 337.870796521505 337.210615475972 338.594039281209 342.066049575806 345.319469769796 345.998128255208 346.162557601929 346.026738484701 346.356391906738 347.007036209106 346.450368563334 344.198147455851 339.255571365356 334.39842859904
247.514724731445 215.145945549011 194.107095400492 189.519902070363 189.286828041077 192.698776721954 200.642903645833 224.782705307007 248.812059561412 294.141093889872 330.909530321757 344.404697418213 345.983028411865 339.652299880981 323.067506154378 320.112903912862 324.185053507487 332.556148370107 340.977311134338 343.206167221069 342.841545740763 340.293208758036 339.451432228088 338.200608889262 334.490100542704 333.028594652812 335.593223571777 336.673140525818 331.693371136983 329.968710740407 332.752327124278 335.476477940877 335.766871770223 335.991938908895 337.968428929647 339.072227478027 340.276638666789 339.720487594604 339.85424041748 339.710315068563 342.187364896138 345.171411832174 346.026500066121 344.908078511556 340.748429298401 338.419675827026
212.299148241679 188.691218694051 174.492796262105 170.86935043335 186.728616555532 206.575453281403 205.933292706807 209.304928779602 229.483286539714 259.089569250743 304.548064867655 342.0623143514 350.178519884745 349.338293075562 342.535098393758 325.331270694733 318.085193634033 319.857716560364 329.793572425842 342.671910921733 345.673203468323 343.252460161845 344.186147054036 341.938614845276 337.329546610514 337.351640065511 339.87041314443 337.584177652995 332.386076450348 334.843317667643 337.212165196737 336.005727450053 334.499438603719 334.139744440715 334.531386693319 334.177732467651 332.250754038493 329.87916469574 331.14363749822 331.068893273671 333.994468053182 337.043801943461 338.35244178772 337.176283200582 338.898897171021 340.394139289856
187.324325243632 178.6128282547 171.52484258016 163.141310214996 167.708873748779 190.896987915039 207.269628842672 209.969182809194 224.080701669057 237.981597582499 260.210891564687 311.153570810954 347.378015518188 348.119894663493 345.975279808044 343.019406000773 337.84540494283 328.657825787862 322.038531303406 328.447699546814 341.058651606242 344.657063484192 346.023480097453 344.049135843913 340.815822283427 341.134349505107 343.873898188273 341.341098149617 337.942123413086 341.471314430237 342.550834019979 337.178508440654 334.187110265096 331.756711006165 329.02459303538 328.307588895162 325.852115948995 324.042797088623 324.259022871653 326.264262199402 327.081104119619 328.939437866211 330.518662929535 330.912709236145 338.08437983195 341.010967890422
179.289678732554 183.106223742167 184.602419535319 175.481379032135 158.567239840825 164.909938971202 194.51896349589 211.938977241516 227.508982022603 240.566829840342 246.712068716685 275.108059247335 323.482871055603 346.621116002401 348.193685213725 349.109530448914 349.130272865295 344.476024309794 334.266225496928 323.808570702871 329.830686251322 343.620260556539 344.158808390299 342.720826466878 342.923720677694 346.421559651693 348.536094029744 346.152861913045 343.796213467916 345.237294832865 342.924396197001 337.523738543193 334.808150927226 331.700265407562 328.302184740702 325.688521067301 324.441969394684 324.777881304423 323.628385861715 324.916044871012 326.726794242859 326.710224151611 326.739092667898 329.447686672211 334.483782450358 340.144634246826
189.224859078725 199.903766314189 208.322048187256 203.248461087545 182.207902272542 173.42879374822 195.380568504333 214.850087960561 232.957541942596 253.01601489385 261.253317197164 270.750045776367 300.598780314128 331.908226013184 345.129052797953 348.250309626261 348.719875017802 348.304669062297 347.168803215027 339.062253634135 327.580710252126 334.781567255656 338.768521944682 342.212955156962 345.992207527161 349.229097366333 350.574970245361 348.763227462769 344.470977783203 344.187100728353 341.002702713013 337.28023370107 334.471702575684 331.760466098785 329.894324143728 327.441175778707 326.522767543793 324.956317742666 324.382980664571 325.41290918986 328.203101952871 329.160849253337 327.731609344482 329.785883426666 330.901940663656 337.096571922302
203.47261428833 208.126624425252 220.465580622355 236.329078674316 224.279205004374 190.541942914327 192.737023035685 204.122006893158 220.861474672953 246.55028184255 259.024858474731 264.631152153015 277.817785739899 297.97887802124 327.319105466207 341.802835464478 344.592054684957 345.278700192769 345.80409526825 345.944762229919 342.668573061625 335.387150446574 334.935983022054 339.796503384908 344.942291577657 348.670363426208 350.857853889465 348.436951637268 342.892646789551 342.250108718872 339.041908582052 334.450165430705 331.796745459239 331.562260786692 330.847521622976 328.616718451182 327.196637789408 321.391741434733 320.338785648346 326.154450575511 329.16263739268 330.273846785227 331.833402315776 331.875860691071 329.014678796132 334.835251172384
