input/barkrak2/radiation/dir17624.grid
NCOLS 85 
NROWS 70 
XLLCORNER 665100 
YLLCORNER 4664600 
CELLSIZE 20 
NODATA_value -9999 
[rows 0 to 19 of 70, columns 0 to 45 of 85]
356.916864713033021 358.783642450968 357.284148534139 351.604541142782 345.280249913534 340.423544247945 332.219441731771 326.10809803009 331.336617469788 329.856514930725 326.560775438945 334.944248199463 341.849446296692 341.645399729411 344.686905543009 355.661193529765 360.190550486247 357.907096544902 341.54216448466 329.011181990306 305.689215660095 299.229880174001 315.017700195312 321.454246838888 317.753215630849 314.562261104584 314.597805341085 306.447923183441 288.321296374003 280.676523844401 279.5316974322 283.368388811747 290.360192457835 295.967837174733 304.275572299957 297.185619672139 293.503661950429 301.159342130025 298.88391494751 301.863471666972 291.945020357768 271.684070428212 282.12187687556 308.735728263855 315.201719601949 304.656763871511
351.435303688049 356.36035601298 358.066201210022 353.333830833435 350.395083427429 345.624685287476 334.723075230916 323.382337888082 326.005776723226 327.92588075002 322.607795397441 329.587042331696 339.3794298172 340.984185536702 339.985887209574 347.137331962585 344.051639238993 342.639366785685 342.68844127655 335.50751209259 318.448861440023 307.841042677561 311.582783857981 316.914141178131 315.897842248281 311.637997627258 310.06129582723 305.756469567617 291.439751784007 280.854960282644 282.020409901937 290.215233961741 286.328951517741 289.74050283432 302.863637606303 295.538544654846 287.859916687012 290.286699930827 287.222484747569 299.236416816711 298.00554116567 285.280346870422 292.855421702067 313.800493876139 320.204695065816 308.28720331192
333.930373191833 334.169109662374 336.276531219482 339.950919151306 345.67646185557 347.875118255615 346.812844276428 340.525150299072 335.108995437622 330.791572729747 322.599093119303 322.724719842275 330.601433912913 332.672079404195 328.695515791575 332.114815711975 335.954268773397 340.564250946045 342.846870422363 340.333223342896 335.538387298584 324.311057726542 315.357307593028 313.551584879557 314.75967168808 315.517048041026 310.042639573415 304.022093613942 292.722423871358 280.053933461507 277.010401089986 288.285096486409 275.171637535095 281.586110591888 297.399401664734 291.875640551249 275.766412417094 268.039584159851 279.978215694427 299.941976865133 302.741249402364 303.341666857402 305.820246537526 321.446895599365 331.079522768656 317.423343658447
320.474028587341 315.363983313243 318.38188568751 322.145044803619 323.558072249095 325.724244117737 325.203200181325 331.546982129415 339.039961496989 341.690580050151 337.072968482971 333.419919013977 332.566479841868 331.589659055074 327.509780724843 321.292459964752 324.232161045074 330.877025922139 337.850689888 339.375694592794 338.178793589274 335.195064544678 333.109339078267 325.668652852376 323.55797290802 324.785590171814 319.194118181864 310.240805149078 301.239907741547 290.989339351654 280.595501263936 286.630570888519 274.064501126607 280.868530273438 288.531104723612 289.731403191884 282.928109169006 279.687782128652 298.526604970296 313.807229200999 311.070223649343 304.237167040507 299.624482790629 307.786345481873 319.29753224055 322.454293568929
331.144074598948 319.007873535156 307.995756467183 300.597568353017 294.559637705485 306.09667301178 319.960117340088 325.088083744049 330.720484256744 334.274371465047 341.280380884806 344.944715499878 344.50101852417 342.060963312785 338.919878005981 336.557626724243 334.716240564982 330.677290757497 333.97364616394 339.378197987874 338.582038879395 337.9278977712 339.895009994507 334.905584653219 329.980115095774 328.71675491333 323.575019836426 314.413805802663 305.391192436218 299.713611602783 297.707180182139 293.931583563487 286.219477653503 289.076646169027 286.784927050273 290.595571200053 301.299293835958 306.642572085063 317.036986351013 322.981794675191 321.272174517314 313.153704007467 304.341435432434 299.759487311045 305.801490942637 328.107794125875
352.846622467041 340.440511703491 322.093764940898 295.764227708181 288.182576497396 295.37179072698 313.191135724386 325.506250063578 327.542046705882 326.80622736613 331.451793511709 338.189959526062 343.328595161438 344.606637954712 345.489541689555 345.683336257935 341.9588804245 334.124326705933 332.371870676676 335.498809814453 335.055589675903 338.318864504496 343.714435895284 340.084791183472 335.470994313558 334.542870521545 328.089078267415 318.507194519043 307.698945204417 300.529996554057 299.34416214625 294.206341107686 299.849450588226 306.419312953949 300.145109494527 297.111570835114 305.828034877777 313.342312971751 318.225423494975 318.53457291921 319.612721602122 315.903385480245 313.233812650045 311.859289805094 310.943802197774 318.397422631582
354.30109500885 346.41706943512 333.909591039022 321.470777193705 306.862195332845 295.236806074778 301.423331101735 322.441518306732 329.154868920644 332.590778668721 331.100682417552 328.167279561361 325.732270876567 322.396636009216 323.799133300781 332.324504852295 337.259809176127 341.24485651652 341.924786567688 341.096123059591 336.381355921427 332.052608331044 339.806358019511 341.927727063497 339.224298795064 340.464353561401 336.972951889038 328.808724880219 317.887564500173 310.176730155945 304.378986358643 305.0417304039 319.325009981791 326.227764288584 323.883533477783 316.483080387115 314.955751101176 318.814794222514 322.52444823583 328.837176163991 329.216202100118 324.922720591227 320.833841959635 314.423759778341 299.311598141988 292.95672972997
347.521543502808 348.233143488566 347.408374150594 342.464208602905 331.372936566671 311.693569024404 293.516794840495 292.135874430339 317.371567090352 332.549472649892 336.245814959208 332.956751187642 328.234950701396 323.995014031728 315.043330192566 317.334771156311 325.17013947169 333.845615386963 342.373490333557 346.621155738831 344.450950622559 337.291757265727 336.933771769206 340.785622596741 341.080904006958 342.990358670553 342.098077138265 337.685624758403 330.938220024109 326.076070467631 322.104036808014 322.839796543121 332.969307899475 337.163885434469 336.32493019104 332.706491152445 326.80215438207 323.534925778707 317.461689313253 325.448254744212 333.752393722534 336.661259333293 334.589560826619 324.726303418477 307.612379391988 291.034003098806
345.433115959167 346.397161483765 347.228646278381 345.983028411865 342.118302981059 333.319286505381 312.679449717204 292.073984940847 299.492398897807 315.964380900065 329.356412092845 333.313206831614 333.369811375936 332.274794578552 327.472050984701 323.445280392965 321.812947591146 323.412358760834 331.768771012624 340.472420056661 345.065593719482 346.026221911112 343.137979507446 341.070969899495 341.178258260091 344.491124153137 345.467487970988 343.289097150167 340.567668279012 340.462605158488 339.899659156799 338.764429092407 341.569741566976 343.05198987325 340.74600537618 338.757038116455 335.139592488607 327.27571328481 313.173711299896 316.625754038493 331.50319258372 334.163149197896 329.990645249685 326.389571030935 317.310750484467 308.04576476415
338.266332944234 341.898679733276 343.153635660807 343.279878298442 342.142105102539 342.990597089132 337.153712908427 326.845645904541 303.347865740458 297.358949979146 308.417359987895 325.189312299093 336.193362871806 339.785536130269 340.741872787476 337.831377983093 330.031752586365 327.163338661194 326.679031054179 328.696290651957 333.722988764445 335.962692896525 338.372786839803 339.324871699015 340.956012407939 343.002557754517 344.073057174683 342.883626619975 342.106342315674 344.622135162354 345.423976580302 345.342874526978 346.875747044881 347.474535306295 345.333814620972 341.353933016459 340.094407399495 335.114558537801 316.259602705638 311.831037203471 324.517627557119 324.984769026438 322.887678941091 321.995993455251 313.88658285141 304.578880469004
311.143497625987 319.324910640717 326.996068159739 331.526398658752 335.444847742716 339.105208714803 341.398000717163 341.613133748372 326.352655887604 308.802505334218 296.536644299825 303.097128868103 322.428325812022 336.16582552592 342.148383458455 338.120897610982 334.889650344849 332.01656738917 327.521999677022 324.200034141541 323.211987813314 323.095858097076 324.624280134837 330.459475517273 336.172382036845 338.70522181193 340.216557184855 339.687705039978 341.253201166789 343.382676442464 344.265222549438 345.818956693013 348.995248476664 349.206209182739 348.406394322713 344.611525535583 343.361457188924 343.120058377584 330.785493055979 317.171295483907 320.299466451009 323.801398277283 325.560828049978 325.867275396983 318.12051932017 308.998803297679
279.052793979645 283.370812733968 290.161192417145 299.667557080587 311.192353566488 322.18062877655 333.21342865626 336.55309677124 337.437351544698 329.61364587148 313.005864620209 297.838111718496 299.460450808207 315.675536791484 332.725048065186 332.967062791189 337.263345718384 335.74918905894 330.935676892598 324.806908766429 320.563475290934 318.313002586365 318.376342455546 323.307891686757 327.889561653137 330.857237180074 331.434627374013 333.709478378296 337.055047353109 339.267412821452 341.268221537272 344.522396723429 347.901900609334 347.799936930339 346.444924672445 345.434943834941 346.830010414124 347.627520561218 343.585292498271 332.920074462891 329.895615577698 333.068470160166 336.280028025309 336.405475934346 329.928457736969 327.645301818848
270.056029160817 266.377965609233 264.421820640564 264.466921488444 271.180212497711 285.049955050151 304.586946964264 318.89533996582 335.326035817464 337.419549624125 331.494132677714 317.08166996638 296.24217748642 294.381936391195 312.37930059433 329.260031382243 337.617516517639 338.670531908671 336.62203947703 332.342346509298 327.183723449707 325.298349062602 325.020253658295 325.65838098526 325.162669022878 323.965509732564 326.750655968984 331.907153129578 333.676099777222 333.789745966593 336.479584376017 339.745124181112 341.442187627157 342.266162236532 341.566046079 343.587001164754 348.414858182271 350.379467010498 348.562995592753 346.780220667521 344.169815381368 343.309680620829 342.929363250732 341.732025146484 335.95875898997 332.785129547119
265.897512435913 241.777539253235 226.44579410553 221.434871355693 217.975457509359 223.720113436381 240.870674451192 271.33172750473 302.673856417338 326.757371425629 335.554718971252 336.16316318512 326.978405316671 308.78206094106 306.876977284749 325.128138065338 334.049264589945 340.713580449422 343.241294225057 342.128992080688 336.205244064331 334.176301956177 332.364241282145 331.470926602681 330.501933892568 328.63986492157 331.149101257324 335.822582244873 334.652066230774 331.528723239899 334.290226300557 337.352593739827 338.74249458313 339.05812104543 339.436809221904 342.862526575724 346.050620079041 347.748359044393 346.85218334198 346.712350845337 347.012122472127 347.617546717326 346.98752562205 344.68932946523 339.801470438639 334.899147351583
248.857617378235 216.587126255035 195.5353418986 190.908710161845 190.64337015152 193.969011306763 202.027678489685 225.555002689362 251.827279726664 295.344253381093 332.940320173899 345.262845357259 347.443620363871 340.56293964386 323.994994163513 321.054875850677 325.152397155762 333.476265271505 341.853817303975 344.056487083435 343.700249989827 341.186245282491 340.353767077128 339.111328125 336.141586303711 333.980321884155 336.511691411336 337.583263715108 332.659463087718 330.951472123464 334.561586380005 336.374680201213 336.6592725118 336.877544720968 338.836789131165 339.89687760671 341.069181760152 340.530316034953 341.626564661662 340.517123540242 342.958688735962 345.88893254598 347.649335861206 345.561981201172 341.417551040649 339.06102180481
214.531481266022 190.914412339528 175.961037476858 173.134922981262 188.068787256877 207.794328530629 207.160274187724 212.402363618215 230.465014775594 260.079145431519 305.574794610341 344.014684359233 350.929061571757 350.109497706095 343.390782674154 326.297760009766 319.08659140269 320.84455092748 331.897954146067 343.522349993388 346.48601214091 344.103455543518 345.026652018229 342.812816301982 338.899771372477 338.886102040609 340.745806694031 338.488658269246 333.344658215841 335.780700047811 338.116963704427 336.897134780884 335.405866305033 335.039059321086 335.430383682251 335.081219673157 333.133538564046 330.784598986308 332.057356834412 332.96012878418 334.856430689494 337.875247001648 339.173793792725 337.992906570435 339.675823847453 341.134309768677
188.498139381409 179.857929547628 173.020780086517 165.530820687612 169.179936250051 192.159831523895 208.451946576436 210.907161235809 224.884649117788 238.776306311289 260.980288187663 311.453600724538 348.181088765462 349.350452423096 347.176512082418 344.587405522664 338.73728911082 329.565008481344 322.958111763 330.638607343038 341.936230659485 345.484534899394 346.826672554016 344.886859258016 341.702143351237 342.628161112467 345.435698827108 342.200915018717 338.836590449015 342.327237129211 343.397418657939 338.090181350708 335.127631823222 333.650668462117 329.973638057709 329.264680544535 326.819101969401 326.112071673075 325.221161047618 327.218472957611 329.116563002268 329.839607079824 331.413527329763 332.887868086497 338.89110883077 341.770966847738
180.483102798462 184.351702531179 186.064163843791 176.922897497813 161.376376946767 168.813645839691 195.403774579366 212.684790293376 230.555733044942 241.275409857432 249.785006046295 275.781949361165 324.35808579127 347.457011540731 349.478721618652 350.352207819621 350.555578867594 345.32904624939 335.18115679423 324.734727541606 332.044323285421 344.454765319824 344.998637835185 343.567848205566 343.768239021301 347.223838170369 349.302728970846 347.51025835673 344.600717226664 346.026341120402 343.756834665934 338.431080182393 335.748593012492 332.663118839264 329.288999239604 326.671222845713 325.425028800964 325.749397277832 325.662036736806 325.873911380768 327.664494514465 328.787267208099 327.657798926036 330.328186353048 335.310538609823 340.920170148214
190.50121307373 201.193372408549 209.709246953328 205.26917775472 185.048937797546 174.087822437286 196.028312047323 215.436021486918 233.506242434184 256.026426951091 261.758307615916 271.301905314128 301.334321498871 332.946360111237 345.999717712402 349.621613820394 350.05791982015 349.100351333618 347.985625267029 339.9285475413 328.492383162181 335.66677570343 339.673439661662 343.083461125692 346.799254417419 349.97550646464 351.291100184123 349.490801493327 345.621466636658 344.972729682922 342.23727385203 338.172117869059 335.411389668783 332.730710506439 330.876549084981 328.439354896545 328.470826148987 325.927138328552 325.364867846171 327.430764834086 329.124927520752 330.08203903834 328.63986492157 330.646932125092 331.759413083394 337.881485621134
204.81010278066 209.468980630239 221.786936124166 237.808247407277 227.03739007314 191.122631231944 193.266113599141 204.568107922872 223.904172579447 247.01315164566 260.258316993713 265.186230341593 280.59724966685 298.892597357432 328.941027323405 343.559662501017 346.129179000854 346.128344535828 346.644878387451 346.786419550578 343.492428461711 336.267312367757 336.855491002401 340.684056282043 345.772663752238 349.437038103739 351.572116216024 349.171201388041 343.695878982544 343.366940816243 340.147574742635 335.544904073079 333.026091257731 332.535147666931 331.82680606842 329.611619313558 328.193823496501 323.395629723867 321.340998013814 327.11120446523 331.252296765645 331.181844075521 332.73188273112 332.749565442403 329.870164394379 335.654179255168
