input/barkrak2/radiation/dir11224.grid
NCOLS 85 
NROWS 70 
XLLCORNER 665100 
YLLCORNER 4664600 
CELLSIZE 20 
NODATA_value -9999 
[rows 40 to 59 of 70, columns 0 to 45 of 85]
268.798927466075 270.488957564036 270.384907722473 271.917601426442 279.55687046051 284.752269585927 288.304487864176 292.242725690206 292.742153008779 280.491709709167 266.536434491475 261.942565441132 261.066575845083 257.560650507609 255.145927270254 255.791366100311 253.036359945933 251.798907915751 247.601389884949 244.410554567973 248.162627220154 253.027598063151 253.824929396311 248.904605706533 244.940638542175 242.624560991923 251.253247261047 253.371596336365 256.707350413005 256.29464785258 255.467593669891 256.673137346904 243.983546892802 245.617747306824 272.958437601725 272.328794002533 260.533571243286 254.950304826101 257.258633772532 258.125126361847 270.269016424815 296.613951524099 283.760666847229 217.132131258647 154.31210398674 118.103365103404
275.859673817952 273.684700330098 273.911952972412 274.025599161784 270.389080047607 268.667340278625 267.784714698792 268.472890059153 273.158192634583 265.152176221212 257.27101167043 257.890383402507 262.487848599752 260.64787308375 259.607593218486 255.201578140259 251.210411389669 255.971213181814 257.116417090098 247.515579064687 250.897208849589 251.415054003398 249.703903992971 250.99523862203 253.139754136403 245.820999145508 250.364581743876 251.385410626729 255.574921766917 256.391266981761 257.013956705729 256.044050057729 247.717579205831 257.3601603508 270.149926344554 259.790480136871 242.852449417114 237.526535987854 240.935921669006 250.655551751455 277.96862522761 291.984756787618 287.013252576192 254.103581110636 195.494711399078 147.118469079336
279.758175214132 276.901503403982 279.50648466746 278.477032979329 271.899501482646 268.630941708883 267.025430997213 264.800270398458 265.228350957235 260.552267233531 258.041222890218 257.798532644908 260.539372762044 263.083656628927 263.119558493296 257.849355538686 255.501608053843 258.146405220032 259.304702281952 251.676440238953 248.553931713104 244.904120763143 244.657973448435 243.842860062917 245.51663796107 241.530557473501 239.882349967957 243.201891581217 248.814483483632 250.885486602783 251.144389311473 249.619126319885 250.395059585571 263.891120751699 268.085479736328 245.289047559102 228.961189587911 231.252551078796 241.512497266134 255.371828873952 265.798330307007 266.390760739644 255.426069100698 239.266335964203 199.739893277486 140.770494937897
265.885372956594 268.423199653625 275.350511074066 273.110489050547 274.525423844655 276.03409687678 275.604466597239 272.115329901377 262.083967526754 260.02037525177 263.202448685964 258.623520533244 256.551206111908 262.246211369832 258.829236030579 258.414963881175 254.986067612966 257.831931114197 255.515813827515 247.195502122243 245.288689931234 240.73580900828 237.65629529953 237.824817498525 239.904602368673 243.003110090892 237.383246421814 239.306370417277 243.603984514872 244.860529899597 244.412859280904 239.925364653269 246.88986937205 258.047600587209 253.2799243927 230.864405632019 225.250800450643 237.195273240407 252.393444379171 255.824287732442 253.282785415649 248.52724870046 239.570995171865 223.185578982035 192.471822102865 146.472593148549
264.060318470001 269.235889116923 271.147986253103 271.04514837265 272.68256743749 274.873197078705 275.298913319906 270.439982414246 265.554467837016 261.818826198578 262.313663959503 257.193664709727 255.736509958903 250.334541002909 252.511243025462 247.991720835368 246.719419956207 250.395894050598 251.265545686086 247.721354166667 244.890650113424 242.759903271993 241.028030713399 240.084687868754 238.860865434011 246.724665164948 248.891790707906 245.744824409485 244.790355364482 242.804765701294 238.675077756246 234.46249961853 238.219678401947 238.964279492696 235.812425613403 225.756386915843 229.337235291799 244.928240776062 256.5531929334 250.904440879822 250.553727149963 241.836428642273 230.77400525411 216.695825258891 195.637424786886 165.010899305344
268.657048543294 271.858473618825 268.732229868571 271.780371665955 271.472454071045 269.905825455983 270.396967728933 268.259584903717 269.339521725972 265.398442745209 261.849125226339 261.203229427338 253.979325294495 248.768885930379 248.332500457764 250.521421432495 244.847675164541 246.60180012385 251.106222470601 248.688479264577 247.276504834493 246.161421140035 243.911306063334 243.623733520508 243.510603904724 244.800209999084 250.730931758881 248.686671257019 245.982944965363 243.770261605581 238.104701042175 234.898368517558 235.667983690898 230.059464772542 220.309635003408 213.586350282033 221.971392631531 240.137537320455 244.74577109019 233.749985694885 239.21944697698 230.347196261088 222.420970598857 222.53809372584 218.165119489034 189.774493376414
267.315328121185 266.910433769226 270.577689011892 272.497117519379 270.509560902913 268.059353033702 269.768297672272 271.44326766332 267.30610926946 264.413376649221 263.244450092316 262.597600618998 257.972280184428 253.825147946676 253.349105517069 255.467931429545 251.089731852214 246.368567148844 251.891493797302 250.184019406637 246.707697709401 248.606979846954 246.530055999756 241.95659160614 248.588403065999 242.48077472051 243.256131807963 244.819104671478 245.738824208577 244.165996710459 240.918854872386 236.860076586405 233.296910921733 228.478868802389 221.470475196838 214.953025182088 221.147477626801 233.210444450378 233.44874382019 232.356230417887 235.154171784719 226.059794425964 226.735095183055 235.35962899526 236.257791519165 209.452490011851
258.77046585083 261.004328727722 266.288717587789 267.125169436137 269.216914971669 270.357131958008 267.339169979095 267.623364925385 267.680545647939 267.746031284332 265.057444572449 260.600507259369 259.516855080922 257.88672765096 253.631313641866 253.674844900767 251.352230707804 242.257336775462 246.738096078237 249.937474727631 246.005495389303 245.466987291972 248.730778694153 240.411957105001 243.418395519257 243.18011601766 238.163153330485 241.349498430888 243.165870507558 242.968599001567 242.090861002604 240.158577760061 233.613053957621 233.1849137942 236.102481683095 230.642239252726 229.290366172791 229.965329170227 233.288129170736 243.105709552765 236.301640669505 226.787726084391 232.31041431427 236.98627948761 233.738422393799 216.55152241389
251.942793528239 253.593544165293 259.212672710419 262.993772824605 267.40688085556 270.70023616155 267.147262891134 265.58123032252 268.40078830719 268.603006998698 265.923241774241 262.466033299764 259.08354918162 258.12433163325 255.903999010722 250.367164611816 250.316441059113 242.576738198598 245.672821998596 249.522109826406 249.792655309041 248.040397961934 248.53523572286 243.401885032654 240.785996119181 246.315697828929 242.201487223307 244.792302449544 249.531149864197 253.014087677002 255.63766558965 254.123409589132 244.438330332438 245.549281438192 246.534645557404 240.78102906545 239.86671368281 237.995088100433 237.885177135468 242.014845212301 231.505890687307 224.770665168762 222.826401392619 219.99591588974 217.466115951538 216.776728630066
250.795165697734 247.159739335378 251.929819583893 259.820580482483 263.712028662364 265.904525915782 268.558979034424 269.085506598155 269.474029541016 265.14740784963 267.29142665863 265.590906143188 262.290676434835 258.464395999908 257.280210653941 252.300401528676 249.184091885885 243.336697419484 247.705678145091 252.474745114644 252.986411253611 253.557960192362 249.758760134379 248.720447222392 244.523922602336 250.318030516307 250.449935595194 251.908044020335 257.137139638265 262.747883796692 267.771621545156 268.098473548889 257.896224657695 256.026605765025 250.019470850627 245.021224021912 243.208130200704 244.920750459035 242.204785346985 230.60683409373 219.327827294668 221.980353196462 221.017241477966 214.661101500193 211.135665575663 213.598847389221
250.592569510142 252.584000428518 254.851738611857 259.966790676117 260.201732317607 261.530200640361 267.091333866119 271.214485168457 269.710421562195 268.996914227804 268.788437048594 267.464578151703 262.641986211141 259.078443050385 257.498880227407 260.864456494649 252.593437830607 247.846245765686 250.363568464915 256.050844987233 256.422956784566 255.617638429006 251.777410507202 249.929348627726 245.400905609131 250.935753186544 256.047606468201 256.441950798035 260.396977265676 266.732315222422 272.524356842041 272.881925106049 263.944168885549 256.186842918396 244.857748349508 238.017916679382 240.617235501607 246.966660022736 240.290840466817 220.717708269755 214.251160621643 225.248614947001 227.11326678594 219.7092572848 215.482115745544 208.254218101501
248.929798603058 256.511787573497 258.641401926676 262.045303980509 260.472516218821 259.797135988871 264.510194460551 269.717951615651 268.102526664734 271.803796291351 268.883506457011 268.675744533539 265.064279238383 260.811984539032 257.485230763753 262.679596741994 257.78337319692 249.660968780518 249.159057935079 252.784530321757 253.370960553487 253.463427225749 251.131335894267 247.134407361348 244.413236776988 248.139361540476 249.767621358236 250.271101792653 252.024054527283 260.173837343852 268.059849739075 268.469969431559 260.405639807383 239.67719078064 209.043423334757 199.654440085093 217.458367347717 234.519938627879 239.993095397949 238.365511099497 239.049077033997 235.258539517721 216.956118742625 210.874418417613 217.045366764069 203.571657339732
249.91762638092 247.415661811829 248.150865236918 251.072625319163 258.189996083577 261.931777000427 260.387937227885 266.595661640167 264.988740285238 268.624365329742 268.187642097473 270.010034243266 268.389920393626 263.977448145549 258.530418078105 259.778618812561 260.145326455434 249.494194984436 244.166413942973 246.185421943665 245.587229728699 246.123413244883 248.197197914124 240.078449249268 242.879549662272 239.891807238261 241.061687469482 241.741796334585 241.439958413442 242.949823538462 248.242457707723 255.190054575602 239.322543144226 205.205142498016 177.043338616689 161.334067583084 173.692246278127 203.594704469045 231.720089912415 237.956245740255 239.192227522532 227.490961551666 208.577771981557 206.013858318329 211.9486729304 193.785389264425
255.129317442576 245.986262957255 241.738398869832 247.136513392131 256.816148757935 263.065675894419 262.299199899038 264.481663703918 265.119671821594 265.051563580831 266.320546468099 268.885890642802 269.448498884837 267.758011817932 260.546406110128 258.110404014587 260.931273301442 251.166661580404 246.306697527568 247.628311316172 248.744626839956 245.319267114004 243.428031603495 241.402347882589 240.275820096334 238.560120264689 235.525687535604 238.024671872457 236.523230870565 232.737243175507 225.357671578725 226.994713147481 204.160352547963 186.070164044698 172.60221640269 160.891503095627 145.81431945165 155.691881974538 177.435557047526 208.622018496195 221.37971719106 212.060074011485 203.969975312551 201.831618944804 191.019296646118 180.30039469401
256.585041681925 250.829219818115 245.104591051737 248.786727587382 256.695369879405 264.905154705048 266.364256540934 264.26883538564 266.420582930247 265.033761660258 266.774276892344 266.905148824056 269.015789031982 268.567502498627 262.976229190826 261.666039625804 261.245171229045 255.173007647196 249.688585599264 251.203934351603 253.386974334717 249.040246009827 246.118426322937 244.487941265106 240.495562553406 239.525198936462 237.362245718638 234.731694062551 228.586077690125 221.629838148753 212.107559045156 210.449973742167 203.918834527334 196.3130235672 197.644035021464 192.671060562134 172.33548561732 157.797594865163 149.506409962972 162.700335184733 186.99038028717 188.668191432953 179.456651210785 167.541364828746 164.847433567047 169.293622175852
259.838024775187 257.582783699036 249.830563863118 246.141910552979 250.965476036072 261.249641577403 264.96167977651 264.203190803528 263.713081677755 267.426431179047 270.865698655446 270.562867323558 270.35782734553 269.392549991608 265.912095705668 264.076987902323 263.94917567571 260.438660780589 254.305978616079 252.151091893514 252.484520276388 250.35297870636 250.140289465586 248.248835404714 246.204137802124 243.841330210368 238.301873207092 230.47262430191 221.668044726054 216.384569803874 213.241080443064 215.501705805461 210.171222686768 213.870644569397 220.537741978963 224.787433942159 224.470198154449 211.233099301656 191.957255204519 158.551216125488 159.815023342768 175.068398316701 173.888583978017 166.247894366582 169.644554456075 183.94019206365
261.934419473012 260.844985644023 256.250043710073 249.567528565725 246.749877929688 258.809407552083 263.328433036804 262.597839037577 261.018872261047 264.794548352559 272.608856360118 272.389988104502 270.039876302083 270.1416015625 269.351482391357 263.236383597056 264.539420604706 261.382778485616 256.394584973653 254.793663819631 253.224790096283 251.635789871216 250.110566616058 248.402496178945 246.057768662771 239.758988221486 222.221831480662 200.846076011658 196.336189905802 201.48358742396 212.530116240184 212.300419807434 209.576884905497 209.927300612132 221.110761165619 238.228460152944 250.926911830902 253.714998563131 246.039787928263 200.113276640574 169.275561968486 178.942799568176 195.643862088521 202.731609344482 208.943426609039 219.422698020935
261.316001415253 258.756419022878 257.992883523305 255.681693553925 248.702923456828 252.580861250559 262.867172559102 263.23922475179 260.548412799835 261.76518201828 270.747065544128 271.831134955088 266.86026652654 268.271724383036 268.773674964905 262.110988299052 262.05305258433 258.543392022451 256.975074609121 257.272024949392 257.117688655853 255.837559700012 251.221219698588 247.45504061381 246.51688337326 242.170015970866 224.725842475891 205.182015895844 199.405153592428 207.897464434306 218.341569105784 217.588126659393 217.934985955556 224.400917689006 237.7108335495 242.1821753184 241.730670134226 207.765161991119 194.937566916148 192.778944969177 197.317918141683 211.137255032857 204.862753550212 193.35949420929 191.381514072418 205.292125542959
251.805742581685 257.166266441345 255.456785360972 255.716244379679 251.163283983866 250.076611836751 261.862993240356 267.152190208435 262.141903241475 259.851733843486 267.347296079 270.468930403392 269.682029883067 264.698406060537 266.828815142314 262.733578681946 257.953504721324 260.011871655782 256.722569465637 257.574419180552 260.290821393331 256.460964679718 252.38162279129 243.932525316874 243.022243181864 246.79430325826 242.181837558746 234.187185764313 230.140328407288 232.989907264709 231.72930876414 224.757770697276 231.281598409017 235.671083132426 235.06240049998 218.064924081167 199.495295683543 153.784622748693 131.753961245219 167.566319306691 208.278834819794 221.271495024363 203.248639901479 195.625503857931 195.731421311696 206.207235654195
240.139087041219 253.031452496847 253.153264522552 253.14199924469 252.726356188456 249.619801839193 255.523681640625 264.380474885305 268.598179022471 265.739957491557 266.591489315033 268.147269884745 269.776185353597 265.632033348083 266.063213348389 263.450503349304 255.41748603185 255.08310397466 249.666174252828 247.750401496887 249.406496683757 248.242437839508 247.137685616811 245.136598745982 245.879054069519 253.154257933299 260.302642981211 260.408759117126 244.834661483765 242.317159970601 236.131429672241 223.169147968292 228.279908498128 209.933420022329 184.071242809296 157.532195250193 145.786345005035 131.796191136042 117.740472157796 132.017691930135 157.664855321248 189.995884895325 206.618269284566 224.714994430542 250.963668028514 253.629724184672
