input/barkrak2/radiation/dir16624.grid
NCOLS 85 
NROWS 70 
XLLCORNER 665100 
YLLCORNER 4664600 
CELLSIZE 20 
NODATA_value -9999 
[rows 0 to 19 of 70, columns 0 to 45 of 85]
356.855670611063999 358.812252680461 357.410033543905 351.871887842814 345.62361240387 340.735594431559 332.641084988912 326.458891232808 331.66100581487 330.194850762685 326.9149462382 335.268378257751 342.144211133321 341.946164766947 344.978968302409 355.865955352783 360.312183698018 358.020265897115 341.294765472412 329.852739969889 306.15758895874 299.52335357666 315.275410811106 321.57955567042 318.591952323914 314.640005429586 314.634740352631 307.405670483907 288.552641868591 280.98726272583 280.151943365733 283.843735853831 291.005333264669 296.607693036397 305.326104164124 297.90077606837 294.086337089539 301.796436309814 299.51266447703 302.220086256663 292.40087668101 272.318621476491 282.778680324554 310.136417547862 315.609931945801 305.644094944
351.367553075155 356.20395342509 357.578674952189 354.16833559672 350.373903910319 345.802664756775 334.917942682902 323.741475741069 326.391597588857 328.288714090983 322.982668876648 329.93072271347 339.68985080719 341.297507286072 339.577913284302 347.916841506958 344.221234321594 342.238823572795 342.327316602071 335.333426793416 318.881710370382 308.193405469259 312.199751536051 317.73308912913 316.097736358643 311.751166979472 310.194710890452 305.87774515152 291.671494642893 281.438668568929 282.392183939616 290.729423364003 286.900579929352 290.113608042399 303.756992022196 295.980453491211 288.482666015625 290.800929069519 286.116441090902 300.51972468694 298.781275749207 285.84349155426 293.407559394836 314.165552457174 320.422391096751 308.408002058665
333.557605743408 334.668238957723 337.009270985921 339.392383893331 346.457441647847 347.590049107869 346.725583076477 340.735634167989 335.317810376485 331.108629703522 322.938164075216 323.068042596181 330.821792284648 332.855184872945 328.950663407644 332.296152909597 335.94822883606 340.426047643026 343.916972478231 341.138124465942 335.564533869425 324.947158495585 315.660158793132 313.906768957774 315.74159860611 315.720200538635 310.291190942128 304.208914438883 292.972028255463 280.386070410411 277.49494711558 288.873354593913 275.727649529775 282.250603040059 298.290948073069 292.511145273844 276.473462581635 269.180655479431 281.421562035878 300.203164418538 302.998582522074 303.595920403798 306.390504042308 321.753184000651 332.151373227437 317.450881004333
319.983541965485 314.628819624583 317.64676173528 321.439484755198 322.899619738261 322.981933752696 324.63667790095 331.179579099019 339.589158693949 341.59787495931 337.183237075806 333.643198013306 333.294987678528 332.463423411051 328.352391719818 322.191496690114 325.184921423594 331.117729345957 337.960998217265 340.189536412557 338.19059530894 335.269371668498 333.749890327454 326.33372147878 323.802570501963 325.583676497142 319.380442301432 310.514092445374 301.579356193542 291.384160518646 281.218727429708 287.260750929515 274.441560109456 281.330804030101 289.060592651367 290.225625038147 283.357679843903 280.06104628245 298.816521962484 314.039985338847 311.470707257589 304.509003957113 300.181667009989 308.257937431335 320.366283257802 322.424054145813
330.5690685908 318.30886999766 308.520913124084 299.775242805481 295.070548852285 305.369853973389 319.363633791606 325.688680013021 330.244700113932 333.86242389679 341.06183052063 344.891508420308 344.4877465566 342.986981074015 339.842915534973 336.742003758748 334.983269373576 331.108450889587 334.149122238159 339.447895685832 338.611205418905 338.550647099813 340.670665105184 335.049867630005 330.528100331624 329.410453637441 323.817253112793 315.022627512614 305.7541847229 300.221006075541 298.175930976868 294.447302818298 286.487460136414 289.498607317607 287.342707316081 291.372021039327 301.701505978902 307.607551415761 317.844748497009 323.69061311086 321.694791316986 313.662012418111 304.918567339579 300.297419230143 306.198000907898 328.293263912201
352.586428324382 340.022126833598 320.060849189758 295.453449090322 287.262499332428 294.484674930573 313.928484916687 324.982265631358 327.078560988108 326.282759507497 332.166314125061 338.911453882853 342.972834904989 345.376292864482 346.269726753235 345.526933670044 341.933925946554 334.446986516317 332.614322503408 335.715730985006 335.483312606812 338.466723759969 343.698382377625 340.831836064657 336.130897204081 334.727764129639 328.340570131938 318.815330664317 308.098355929057 301.000316937764 299.872934818268 295.218586921692 300.042529900869 306.739370028178 300.619125366211 297.848125298818 306.257049242655 313.698887825012 318.631450335185 318.936467170715 320.005098978678 316.536207993825 313.532551129659 312.585194905599 311.419228712718 318.681836128235
355.082352956136 345.05029519399 333.402037620544 320.814549922943 306.065936883291 294.336378574371 302.188615004222 321.810841560364 328.662435213725 333.209574222565 330.596725145976 327.66056060791 325.213750203451 323.029458522797 324.467817942301 332.974175612132 336.923042933146 341.116110483805 341.963887214661 341.216325759888 336.599230766296 332.340617974599 339.969674746195 342.008868853251 339.897990226746 340.579867362976 337.193330128988 328.982472419739 318.327069282532 310.634255409241 304.9329717954 305.417736371358 320.488890012105 327.28119691213 324.187060197194 316.906074682872 315.407812595367 319.518526395162 323.202729225159 329.146345456441 329.500138759613 325.244704882304 320.986052354177 314.51803445816 300.135175387065 293.372352917989
347.583611806234 348.176240921021 347.205320994059 342.114408810933 330.834488073985 310.927232106527 290.812750657399 294.364889462789 317.986329396566 332.050919532776 335.83402633667 333.487868309021 328.735033671061 323.47047328949 315.660317738851 316.681981086731 324.617286523183 333.422621091207 342.977007230123 346.486290295919 344.47455406189 337.735454241435 337.45265007019 340.929826100667 341.218153635661 343.659996986389 342.747926712036 338.225245475769 331.248025099436 326.452354590098 322.795867919922 323.169906934102 333.942612012227 338.111956914266 337.191581726074 332.975745201111 327.155689398448 323.894401391347 317.994852860769 325.734396775564 333.88098080953 337.095181147258 335.213740666707 325.017352898916 308.044493198395 291.54630502065
345.68190574646 346.442540486654 347.21048672994 346.29766146342 341.814160346985 332.801540692647 314.501225948334 291.306753953298 298.584500948588 316.773454348246 329.957644144694 333.737134933472 333.059052626292 331.941445668538 326.984822750092 322.828710079193 321.186602115631 324.08607006073 332.503894964854 340.017398198446 345.802545547485 346.624851226807 343.635320663452 341.17325146993 341.609120368958 344.501852989197 345.460693041484 343.343019485474 340.68771203359 340.618848800659 340.073506037394 338.989814122518 341.739813486735 343.185623486837 341.313441594442 338.947693506877 335.712869962056 327.486157417297 313.415368398031 316.967487335205 331.947068373362 334.357976913452 330.185095469157 326.711177825928 317.743142445882 308.490494887034
338.097373644511 341.793894767761 342.739701271057 343.120932579041 342.287143071492 343.367536862691 336.741328239441 326.200445493062 304.178436597188 298.092623551687 307.666838169098 324.639757474263 335.827906926473 339.536547660828 341.243743896484 338.429053624471 330.609798431396 327.799280484517 326.061844825745 328.092098236084 333.20939540863 335.561275482178 338.117003440857 339.682459831238 340.888897577922 342.919945716858 344.595193862915 343.346039454142 342.529733975728 344.621340433757 345.417579015096 345.347325007121 346.849163373311 348.239858945211 346.025307973226 341.9136206309 340.221166610718 335.230151812236 316.915134588877 312.235097090403 325.020213921865 325.28156042099 323.174695173899 322.335282961528 314.328789710999 305.036962032318
310.607055823008 318.972051143646 326.108992099762 331.239501635234 335.684895515442 339.373469352722 341.75451596578 341.264526049296 326.92817846934 308.020373185476 297.266225020091 302.291651566823 321.814954280853 335.786541302999 341.890931129456 337.799509366353 334.497729937236 331.513941287994 326.931198438009 323.56188694636 323.847234249115 323.586106300354 324.170072873433 330.858449141185 335.943778355916 339.083234469096 340.005795160929 340.075929959615 341.639041900635 343.261003494263 344.705700874329 345.715840657552 348.898490269979 349.930047988892 348.366022109985 345.118006070455 343.851248423258 343.257625897725 331.009189287821 317.598303159078 320.931871732076 324.6142466863 326.386988162994 326.512296994527 318.623701731364 309.540232022603
279.258926709493 283.580561478933 289.474864800771 299.038151899974 311.433752377828 321.707725524902 332.826336224874 336.201866467794 336.248834927877 329.106330871582 312.31826543808 296.995421250661 298.603653907776 316.327691078186 332.309345404307 332.650502522786 336.94326877594 336.222290992737 331.468423207601 325.385987758636 319.963395595551 317.767043908437 317.836880683899 323.770622412364 328.29087972641 330.528577168783 331.751823425293 334.038972854614 336.799224217733 339.036266009013 341.06190999349 344.305992126465 347.668568293254 348.431269327799 346.977631251017 345.900456110636 347.325722376506 348.198334376017 344.143470128377 333.420991897583 330.556551615397 333.358486493429 336.543361345927 336.707711219788 330.351869265238 328.01882425944
269.269049167633 265.577554702759 263.612409432729 263.650139172872 270.379602909088 284.286697705587 302.876631418864 318.312525749207 335.810263951619 337.840000788371 331.914365291595 317.614614963531 296.875834465027 295.025865236918 311.69589360555 328.788956006368 338.031133015951 338.338136672974 336.242198944092 331.867178281148 326.661845048269 325.721700986226 325.441141923269 326.091965039571 324.716667334239 323.559860388438 326.355516910553 331.551988919576 333.349466323853 334.171215693156 336.164434750875 339.431921641032 341.091156005859 341.926256815592 342.085242271423 343.328277269999 348.174929618835 350.234587987264 349.226514498393 346.791903177897 344.263792037964 343.472719192505 342.989285786947 342.34086672465 336.382389068604 333.145459493001
265.150944391886 240.943630536397 225.55681069692 220.498740673065 218.096295992533 222.675561904907 239.843765894572 270.374496777852 301.885187625885 326.276898384094 335.263768831889 336.459080378215 327.478031317393 307.976345221202 306.066930294037 324.498653411865 334.565877914429 340.397397677104 342.989047368367 341.070016225179 335.792104403178 333.766301472982 331.935246785482 331.937531630198 330.872178077698 328.949451446533 330.743471781413 335.461020469666 334.336519241333 331.169287363688 334.725817044576 336.988131205241 338.353792826335 338.663061459859 339.993874231974 342.526872952779 345.690925916036 347.447474797567 347.518444061279 346.51772181193 346.879998842875 347.531080245972 347.667892773946 345.318078994751 340.244849522909 335.11741956075
248.596847057343 215.855081876119 194.63966290156 190.789898236593 190.633992354075 194.199522336324 200.571576754252 224.490642547607 250.376423199972 294.486939907074 332.408527533213 345.673759778341 347.230553627014 340.123732884725 323.302169640859 320.339103539785 324.516514937083 334.05343691508 342.321594556173 344.432473182678 343.449751536051 340.890089670817 340.027252833049 338.734865188599 335.809787114461 334.310253461202 336.965839068095 337.212483088175 332.373778025309 330.609957377116 334.158619244893 336.877862612406 336.244662602742 336.445371309916 338.432391484578 340.540488560994 340.618451436361 340.096553166707 341.285347938538 341.103474299113 343.56697400411 345.624883969625 347.418824831645 346.172531445821 341.395616531372 339.124083518982
214.104950428009 190.328280131022 175.089061260223 172.109087308248 188.121875127157 206.62522315979 206.000546614329 210.834681987762 231.496115525564 261.131485303243 304.814596970876 343.56149037679 351.409514745076 350.568453470866 343.956708908081 325.677176316579 318.407595157623 320.170442263285 331.337988376617 344.045241673787 346.90515200297 343.889792760213 344.797054926554 342.52937634786 338.616768519084 338.619987169902 341.211716334025 338.157176971436 333.086649576823 335.490147272746 337.733507156372 337.417046229045 335.9162012736 334.577322006226 334.979931513468 334.62913831075 333.775560061137 330.26260137558 331.596334775289 332.530339558919 335.478067398071 337.455987930298 338.785886764526 338.577151298523 339.499473571777 341.00329875946
188.668787479401 179.952800273895 172.211527824402 164.429664611816 169.438978036245 191.086292266846 208.826680978139 211.563766002655 226.003646850586 237.359782059987 262.236674626668 310.810605684916 347.808758417765 349.261522293091 347.091952959696 344.31004524231 339.318792025248 330.255150794983 322.243730227153 330.037176609039 342.402656873067 345.294872919718 346.657713254293 344.700813293457 341.482241948446 342.396179835002 345.182657241821 342.614054679871 338.640292485555 342.693567276001 343.105395634969 337.744990984599 334.743102391561 333.205342292786 330.478668212891 329.754928747813 326.292097568512 325.570424397786 325.747549533844 326.722741127014 328.60807577769 330.462833245595 330.932716528575 332.428018252055 338.571151097616 341.532985369364
180.095871289571 183.942715326945 185.403843720754 175.894598166148 160.08448600769 166.309992472331 196.356852849325 211.312810579936 229.437947273254 242.531180381775 248.706718285879 276.694893836975 323.341468969981 347.116311391195 349.36245282491 350.26208559672 350.374420483907 345.824003219604 334.64523156484 324.046393235524 331.438660621643 345.01322110494 344.778378804525 343.421300252279 343.625823656718 347.046216328939 349.117676417033 347.36696879069 344.956318537394 346.428036689758 344.127376874288 338.200092315674 335.423231124878 332.253714402517 328.836401303609 327.116270860036 325.906177361806 325.203677018483 325.134595235189 326.407869656881 327.130218346914 328.25893163681 327.127714951833 329.777836799622 336.017290751139 340.569893519084
190.096894900004 200.787603855133 209.209561347961 204.388916492462 183.781584103902 175.059854984283 197.098890940348 214.168310165405 232.365171114604 254.680693149567 263.264616330465 269.946614901225 300.820569197337 332.062403361003 345.687786738078 349.462429682414 349.917451540629 349.523027737935 348.488728205363 339.428345362345 327.840169270833 336.313525835673 340.124169985453 343.464732170105 346.62671883901 349.813063939412 351.129492123922 349.412004152934 345.574935277303 345.313270886739 342.131813367208 338.395595550537 335.658510526021 332.385063171387 330.472469329834 327.996055285136 327.9829621315 326.452930768331 324.83434677124 326.916098594666 328.588386376699 329.567650953929 329.267243544261 331.399023532867 331.197460492452 338.666995366414
204.342623551687 208.997627099355 221.344212690989 237.115939458211 225.880106290181 192.17437505722 191.985527674357 203.301211198171 222.669800122579 245.970090230306 261.868973573049 264.351050059001 278.849720954895 298.721591631571 327.704906463623 343.18995475769 345.87299823761 346.51772181193 347.02213605245 346.52046362559 343.024412790934 335.707306861877 336.394190788269 341.185172398885 346.267223358154 349.198698997498 351.37677192688 349.091370900472 343.665997187297 343.327045440674 340.099294980367 335.484147071838 332.887967427572 332.783957322439 332.146545251211 329.20503616333 327.731549739838 322.866161664327 320.768237113953 326.557000478109 330.718239148458 331.793785095215 332.23283290863 332.197229067485 330.654740333557 335.118134816488
