input/barkrak2/radiation/dir14924.grid
NCOLS 85 
NROWS 70 
XLLCORNER 665100 
YLLCORNER 4664600 
CELLSIZE 20 
NODATA_value -9999 
[rows 20 to 39 of 70, columns 0 to 45 of 85]
198.004563649495 190.629343191783 206.691881020864 247.194886207581 240.50235748291 194.900314013163 180.762469768524 185.418963432312 198.444267114004 218.067804972331 232.794543107351 239.649732907613 250.393569469452 262.49365011851 277.424971262614 297.986249128977 326.230307420095 329.78747288386 334.881703058879 341.097036997477 343.438704808553 337.291240692139 336.256663004557 337.884147961934 338.015516599019 339.287877082825 341.26869837443 338.199456532796 333.529631296794 333.327233791351 327.400008837382 316.735525925954 308.241307735443 303.982476393382 302.388509114583 307.505249977112 307.684322198232 309.948484102885 314.468185106913 318.421244621277 318.155388037364 318.207105000814 320.32303015391 315.012196699778 319.321195284526 321.479737758636
224.967797597249 224.23654794693 242.166479428609 272.455374399821 268.099466959635 208.886822064718 191.195031007131 193.525870641073 200.923204421997 215.123156706492 225.254575411479 235.764185587565 242.614388465881 245.390216509501 261.903504530589 279.396096865336 297.477026780446 324.671526749929 330.05819718043 338.205695152283 341.229279836019 345.865646998088 347.348888715108 346.612254778544 342.477639516195 338.162422180176 335.275729497274 331.867158412933 331.037322680155 324.225385983785 307.849188645681 279.843866825104 260.008613268534 258.243997891744 265.83731174469 284.405708312988 291.809519131978 306.125958760579 314.455568790436 315.344969431559 313.655654589335 311.718106269836 306.393524010976 293.285727500916 310.899476210276 319.501618544261
264.776190121969 272.418240706126 279.449085394541 289.033929506938 289.599259694417 241.652111212413 214.850127696991 200.015981992086 196.362992127736 206.539432207743 226.812879244486 235.251208146413 249.248067537944 252.95368830363 263.30159107844 273.427367210388 288.213829199473 304.294208685557 320.86455821991 325.690468152364 327.43622859319 337.637344996134 343.081633249919 343.211094538371 340.588768323263 337.965091069539 334.513743718465 325.631082057953 315.8078789711 294.842779636383 253.803133964539 205.082674821218 183.492183685303 201.119959354401 229.334076245626 254.048009713491 271.055261294047 290.818313757579 302.741944789886 304.729839166005 307.808081309001 308.399260044098 287.05765803655 266.557415326436 293.25791200002 316.892425219218
284.910718599955 287.697533766429 287.631134192149 294.326941172282 294.028282165527 276.426752408346 237.638711929321 209.13420120875 193.698863188426 198.490341504415 222.641428311666 234.916647275289 250.966489315033 265.458802382151 267.351190249125 273.089249928792 282.676160335541 295.648475488027 307.714343070984 307.504713535309 311.052759488424 314.947823683421 326.067646344503 330.687940120697 327.347318331401 313.316444555918 299.497346083323 289.371132850647 264.921625455221 222.173492113749 182.916899522146 162.055859963099 131.730904181798 129.465808471044 141.694009304047 178.697288036346 221.929430961609 248.873750368754 265.277981758118 275.270521640778 274.767180283864 260.422746340434 246.048490206401 279.1614929835 276.160617669423 310.551226139069
277.088860670726 279.080271720886 288.210233052572 295.904437700907 287.053326765696 276.814182599386 247.434496879578 224.458813667297 205.208500226339 198.237558205922 213.091413180033 232.188582420349 245.928327242533 260.38658618927 264.802753925323 271.696209907532 280.50696849823 292.107701301575 300.426264603933 298.871874809265 305.784503618876 305.850823720296 297.578275203705 290.27118285497 292.327205340068 289.199034372966 282.175699869792 268.588821093241 236.578186353048 178.161680698395 158.787310123444 157.11310505867 138.214538494746 112.206409374873 103.825896978378 119.168659051259 162.189225355784 202.847520510356 228.001634279887 242.214481035868 231.353720029195 209.559162457784 230.873843034108 296.690265337626 289.962708950043 312.145173549652
271.138787269592 275.268117586772 287.144064903259 292.880753676097 288.600067297618 278.490583101908 256.669382254283 249.993681907654 240.28625090917 225.242853164673 224.896430969238 243.550618489583 256.900191307068 270.938873291016 275.508761405945 273.116171360016 278.141776720683 293.340086936951 297.988514105479 300.010323524475 303.439656893412 288.085679213206 281.621138254801 283.723950386047 284.499963124593 282.545626163483 270.841320355733 257.946451505025 215.588827927907 187.118570009867 185.576637585958 202.06481218338 205.706079800924 177.016894022624 143.395870923996 126.961350440979 140.839070081711 169.794082641602 205.666999022166 224.373360474904 206.544121106466 197.966933250427 239.093820254008 282.5594941775 302.708745002747 322.337587674459
272.952516873678 275.205572446187 283.293883005778 290.304621060689 301.153977711995 287.937899430593 272.817571957906 262.404481569926 261.403997739156 255.593478679657 245.918035507202 262.728134791056 272.689620653788 284.218192100525 286.341865857442 281.736652056376 282.596389452616 292.48841603597 291.574736436208 297.382930914561 300.346374511719 292.581021785736 288.26516866684 282.677491505941 285.677115122477 281.830052534739 269.710600376129 258.586049079895 222.917775313059 217.008570830027 238.468289375305 262.146294116974 266.722877820333 277.076045672099 253.700216611226 169.331173102061 155.908028284709 167.496105035146 192.990263303121 223.42703739802 216.155171394348 247.888743877411 245.951195557912 258.734822273254 293.885509173075 308.533628781637
277.093629042308 273.423234621684 276.568353176117 286.936640739441 322.913269201914 298.3691294988 278.774042924245 262.940029303233 263.674139976501 270.910640557607 264.958103497823 267.368316650391 279.335876305898 289.270500342051 291.451394557953 289.632002512614 285.428881645203 285.394390424093 293.125847975413 298.047343889872 297.133723894755 289.029240608215 287.328759829203 286.491493384043 291.092932224274 286.999066670736 278.837045033773 268.661081790924 246.584971745809 245.101730028788 268.949349721273 283.504486083984 282.505393028259 296.337922414144 318.856040636698 249.889890352885 186.074554920197 171.418408552806 185.296495755514 223.425110181173 254.0496190389 300.427277882894 255.561371644338 249.071379502614 278.488576412201 291.03418191274
274.559179941813 266.240040461222 270.135462284088 293.37606827418 335.003733634949 297.475139300029 269.898315270742 257.319549719493 262.025078137716 269.343217213949 266.664465268453 265.012701352437 279.184242089589 290.576140085856 292.39825407664 293.649196624756 287.143548329671 281.426906585693 290.490587552388 292.622764905294 289.961934089661 286.737243334452 284.169673919678 292.451580365499 292.141914367676 290.290514628092 286.11824909846 277.80278523763 257.974048455556 253.01730632782 275.705655415853 293.607493241628 292.743424574534 291.193604469299 311.721682548523 311.498641967773 220.596591631571 162.059436241786 152.588605880737 194.638033707937 263.11449209849 282.93772538503 249.408046404521 226.88361008962 251.147965590159 263.023912906647
267.444570859273 258.428037166595 266.799251238505 303.755978743235 332.028607527415 295.293172200521 262.349903583527 244.618614514669 241.776585578918 247.892657915751 246.70284986496 252.253770828247 274.343689282735 289.047519365946 288.545072078705 292.951961358388 292.240719000498 280.427674452464 283.868571122487 284.178853034973 284.836033980052 284.747282663981 286.156594753265 291.650772094727 295.52968343099 292.848368485769 294.244984785716 283.485213915507 264.214396476746 261.846085389455 281.057715415955 298.961997032166 294.375419616699 291.08053445816 300.357619921366 318.721612294515 301.417668660482 225.970208644867 178.149898846944 187.621931234996 223.818282286326 238.197505474091 238.538901011149 211.107969284058 220.460037390391 244.961480299632
255.938331286112 265.834589799245 295.460899670919 341.312964757284 342.045029004415 300.53714911143 263.328492641449 234.259188175201 228.41207186381 239.144106705983 232.033451398214 230.981409549713 267.420411109924 285.136858622233 293.399274349213 297.129313151042 295.516908168793 287.256340185801 286.159197489421 288.634518782298 286.143938700358 291.317403316498 291.037182013194 293.378074963888 296.820839246114 300.597866376241 300.056080023448 294.113099575043 276.450256506602 274.19912815094 287.033021450043 299.461483955383 296.891272068024 296.814382076263 300.861676534017 303.648670514425 324.788312117259 332.27401971817 265.978395938873 218.790650367737 204.635798931122 196.585476398468 215.726415316264 212.938725948334 217.247525850932 247.433225313822
274.583021799723 300.745050112406 320.542434851329 326.473752657572 353.195587793986 333.597660064697 296.35488986969 259.121914704641 243.690113226573 256.686806678772 252.746860186259 233.643750349681 251.066247622172 283.066173394521 293.722212314606 298.374752203623 297.681709130605 295.513351758321 289.961139361064 290.367086728414 292.477667331696 295.844554901123 297.151287396749 296.307305494944 298.016428947449 305.571436882019 307.785828908284 306.106666723887 294.06209786733 289.343317349752 293.648878733317 297.707200050354 299.442887306213 304.01869614919 306.766827901204 295.284589131673 303.352574507395 339.213609695435 332.361261049906 271.440466245015 222.700238227844 195.971111456553 199.283162752787 215.102752049764 239.096025625865 265.295147895813
306.694507598877 316.467821598053 307.29607741038 299.919565518697 318.256378173828 338.343660036723 332.314709822337 303.700705369314 278.708676497142 282.125373681386 283.564309279124 259.776751200358 252.362370491028 278.158863385518 295.558989048004 299.357354640961 298.644443353017 300.783534844716 293.267130851746 292.051116625468 296.422898769379 299.482723077138 299.712618192037 296.950658162435 299.860219160716 306.830286979675 311.927914619446 314.104119936625 303.955654303233 295.944531758626 302.815079689026 306.272387504578 302.306969960531 304.313023885091 308.482865492503 298.23903242747 297.647635142008 316.220184167226 318.083961804708 291.758120059967 260.466535886129 222.807308038076 203.450322151184 210.349977016449 231.675545374552 263.857503732045
299.467504024506 292.869846026103 285.884698232015 274.945378303528 275.596022605896 295.927246411641 315.871973832448 312.613705794017 300.249934196472 302.32560634613 301.29861831665 285.826782385508 274.834096431732 283.562382062276 297.934174537659 298.588176568349 294.655859470367 298.116405804952 292.550841967265 295.060038566589 296.916643778483 296.531617641449 295.397599538167 294.022838274638 297.05286026001 304.533203442891 310.47244866689 310.794393221537 305.515805880229 302.803516387939 308.048566182454 306.578437487284 295.632561047872 294.298390547435 297.607799371084 283.009946346283 280.339181423187 280.26552995046 272.461732228597 275.188287099202 284.867445627848 252.988040447235 227.602124214172 215.482195218404 214.246869087219 237.445910771688
293.214440345764 283.163587252299 289.351205031077 275.399724642436 267.530024051666 279.027620951335 304.698665936788 327.605346838633 321.78936402003 310.081799825033 299.288471539815 297.96310265859 302.777548631032 301.044980684916 303.119778633118 298.707584540049 298.887153466543 298.323273658752 296.74486319224 301.306307315826 297.337432702382 295.066873232524 293.593466281891 294.106006622314 295.673410097758 301.576395829519 305.409689744314 303.651491800944 303.877472877502 307.259202003479 308.617909749349 298.849046230316 283.652345339457 288.288394610087 287.033458550771 270.437598228455 271.438956260681 271.38630549113 277.064541975657 296.581745147705 297.262191772461 286.237140496572 262.590726216634 245.828032493591 227.418839931488 220.508813858032
312.761783599854 307.693739732107 316.96081161499 312.006195386251 302.034795284271 306.346952915192 322.560588518779 343.774040540059 336.655139923096 313.397685686747 298.817058404287 304.839452107747 319.32665904363 312.783241271973 307.752251625061 307.831982771556 306.435783704122 299.852947394053 302.364071210225 302.085975805918 299.600859483083 296.720604101817 297.148664792379 298.704147338867 296.774347623189 300.157825152079 299.771090348562 298.326373100281 300.687352816264 309.374531110128 307.696938514709 297.535161177317 285.299082597097 286.059896151225 278.239687283834 273.630460103353 278.819839159648 279.653191566467 290.816307067871 317.628920078278 285.235087076823 272.978047529856 263.020475705465 254.040896892548 236.802180608114 215.083161989848
336.515426635742 333.924889564514 336.195429166158 338.651299476624 329.678018887838 323.424975077311 328.195452690125 342.458526293437 338.606158892314 311.108311017354 302.383939425151 312.775572141012 323.407689730326 315.375069777171 309.876163800557 314.442098140717 315.566380818685 308.757344881694 306.710779666901 308.902700742086 307.201186815898 302.656392256419 300.735414028168 301.742653052012 298.160711924235 297.80642191569 298.645615577698 302.108605702718 304.668068885803 310.424963633219 308.37869644165 299.583117167155 287.871738274892 282.370368639628 273.764550685883 278.722167015076 284.994800885518 284.509082635244 287.448187669118 307.18586842219 274.322291215261 232.132534186045 220.871865749359 212.634861469269 212.212363878886 206.568559010824
347.702105840047 345.655997594198 342.061678568522 342.7681128184 336.794455846151 329.130868117015 326.313455899556 331.886887550354 337.845881779989 317.719658215841 315.812965234121 323.084930578868 322.070797284444 315.206627051036 311.559736728668 313.032885392507 320.736924807231 313.864012559255 312.883913516998 314.144134521484 310.785293579102 307.630320390065 302.475392818451 303.474227587382 301.216602325439 300.338904062907 301.545520623525 304.337759812673 306.629757086436 308.621366818746 309.944093227386 302.53146092097 290.712833404541 275.573452313741 266.826430956523 282.453735669454 292.038718859355 289.922436078389 280.562122662862 294.280330340068 274.098833401998 206.884066263835 176.304280757904 164.127171039581 162.44500875473 171.464244524638
348.787546157837 351.483583450317 350.843866666158 348.923007647196 345.672329266866 340.866287549337 334.707578023275 330.487628777822 332.86186059316 328.760941823324 335.296193758647 333.286662896474 323.311587174733 323.880314826965 315.784653027852 312.179307142893 320.563097794851 319.922169049581 313.154498736064 312.090178330739 312.265912691752 307.328482468923 302.80323823293 302.602827548981 302.084704240163 303.586999575297 303.217609723409 304.663121700287 307.760834693909 308.133860429128 310.263593991597 304.85063791275 286.585072676341 264.092048009237 272.477746009827 294.744392236074 297.478795051575 292.381286621094 275.39332707723 280.856728553772 299.830635388692 251.022060712179 192.691067854563 164.742042620977 152.655343214671 149.47501818339
337.985952695211 341.163078943888 341.862440109253 345.229228337606 349.723736445109 353.510936101278 353.961706161499 351.715127627055 349.803249041239 350.846290588379 344.959378242493 331.454078356425 326.712807019552 322.370906670888 320.526758829753 316.827674706777 318.415701389313 318.823933601379 310.830950737 310.498873392741 311.408956845601 313.135663668315 308.754066626231 304.377615451813 302.645206451416 303.968648115794 306.175033251445 307.368914286296 309.232711791992 308.742264906565 308.961768945058 305.610458056132 281.687577565511 264.897028605143 287.652174631755 302.50479777654 298.338850339254 293.532649676005 280.393322308858 276.537040869395 310.468832651774 332.150240739187 277.587831020355 223.552525043488 181.466062863668 153.815964857737
