input/barkrak2/radiation/dir13924.grid
NCOLS 85 
NROWS 70 
XLLCORNER 665100 
YLLCORNER 4664600 
CELLSIZE 20 
NODATA_value -9999 
[rows 20 to 39 of 70, columns 0 to 45 of 85]
183.777689933777 176.130652427673 191.277742385864 230.857829252879 225.483198960622 183.489123980204 168.149689833323 173.995792865753 186.903278032939 208.318511644999 221.583187580109 230.246245861053 235.150476296743 247.685035069784 259.01464621226 281.289100646973 301.728506882985 318.470676740011 324.140270551046 331.373910109202 334.155281384786 326.920032501221 325.675745805105 327.49197880427 328.751087188721 330.232739448547 331.654747327169 329.055190086365 325.112382570903 324.477314949036 318.232893943787 306.696931521098 296.966512997945 291.932463645935 289.996147155762 295.406023661296 295.538306236267 297.144989172618 301.732222239176 305.919170379639 305.773456891378 305.897136529287 308.245539665222 302.517036596934 307.131548722585 310.956537723541
213.006953398387 210.460603237152 225.818892319997 257.009545962016 253.394563992818 193.934977054596 181.102474530538 183.206677436829 190.97105662028 203.409075737 214.105884234111 223.963737487793 230.17942905426 232.412219047546 245.058397452037 263.045450051626 282.296816507975 296.075026194255 317.475199699402 327.665587266286 331.393996874491 337.165276209513 339.102268218994 338.155508041382 334.070761998494 328.915476799011 325.587054093679 320.736785729726 321.277896563212 314.556856950124 297.453284263611 268.133958180745 246.66295448939 243.795772393545 250.740845998128 269.94510491689 277.686476707458 292.684495449066 302.714864412944 302.602350711823 300.819337368011 299.90565776825 293.279449144999 279.199322064718 299.449880917867 307.319323221842
254.513223965963 260.819852352142 264.802038669586 274.302899837494 274.144967397054 227.585713068644 203.271349271139 189.960400263468 186.49297952652 197.698692480723 215.690116087596 223.66859515508 236.944953600566 240.234235922496 245.456695556641 258.877793947856 272.23793665568 286.953230698903 299.751003583272 308.632751305898 316.932002703349 327.180663744609 333.650151888529 334.212859471639 331.51113986969 328.862925370534 317.155718803406 308.769007523855 298.958579699198 274.804910024007 239.862104256948 192.575335502625 168.635169665019 184.556126594543 212.707956631978 238.013565540314 256.706357002258 276.324371496836 288.936654726664 292.287309964498 294.536630312602 295.340915520986 273.127555847168 252.370953559875 279.329737027486 304.517865180969
277.04664071401 278.478940327962 274.392565091451 279.34592962265 278.769930203756 261.980712413788 228.192766507467 198.734601338704 183.83781115214 188.072204589844 210.45066912969 226.171930631002 240.52760998408 253.288308779399 253.119190533956 257.051209608714 270.230829715729 280.929764111837 291.014393170675 289.350310961405 292.826851209005 302.355229854584 308.483481407166 308.215300242106 304.337978363037 294.394393761953 280.861636002858 273.41361840566 251.356482505798 206.961373488108 174.299756685893 150.011827548345 118.313690026601 111.113766829173 123.067647218704 159.782250722249 204.961935679118 232.601821422577 250.88502963384 260.04817088445 259.561876455943 245.815833409627 231.228768825531 265.450020631154 263.265589872996 297.338326772054
269.670049349467 271.100878715515 277.06770102183 281.514386336009 272.285997867584 262.253244717916 235.022823015849 213.633358478546 195.263226826986 191.43267472585 204.594691594442 221.114178498586 234.09108320872 248.139262199402 252.311507860819 257.320205370585 266.202131907145 279.338876406352 287.811597188314 282.666047414144 281.191825866699 270.722448825836 266.602436701457 278.204063574473 280.646681785583 277.651270230611 268.113394578298 255.027095476786 227.160294850667 169.399003187815 149.426360925039 146.131217479706 126.202712456385 93.2807226975759 85.0754876931508 103.056381146113 145.292143026988 185.031076272329 211.07280254364 225.740492343903 215.6742811203 193.462570508321 215.175708134969 283.64090124766 278.399209181468 298.135717709859
262.666245301565 267.029980818431 277.336915334066 278.974016507467 272.941788037618 263.909618059794 244.800249735514 240.277826786041 231.456081072489 216.577132542928 215.422749519348 232.697864373525 245.583196481069 259.087423483531 263.378401597341 260.588486989339 267.064054807027 277.677377065023 276.925941308339 279.799024264018 275.974949200948 269.883672396342 264.503359794617 267.734011014303 271.659096082052 268.483638763428 256.612956523895 248.267292976379 201.689740022024 178.112943967183 175.986746946971 191.906412442525 194.171766440074 159.458657105764 125.401973724365 113.585670789083 127.56093343099 152.619232734044 183.879653612773 208.460768063863 189.802090326945 180.829564730326 222.836494445801 272.352695465088 292.887727419535 307.632724444071
264.214277267456 266.900440057119 274.218340714773 277.725100517273 286.169528961182 274.762411912282 262.920180956523 254.778762658437 254.896322886149 251.177509625753 237.426062424978 253.55871518453 262.220660845439 274.891535441081 274.851858615875 267.719944318136 263.154526551565 268.646359443665 271.9407081604 282.86737203598 286.743799845378 282.58224328359 274.485846360524 267.732401688894 269.752303759257 269.715090592702 259.422918160756 248.214522997538 214.921136697133 209.030469258626 229.688843091329 253.909488519033 259.11025206248 266.37210448583 236.897627512614 153.648753960927 142.03808705012 151.533871889114 177.821457386017 199.913998444875 200.04532734553 231.321215629578 234.703461329142 250.760595003764 284.402847290039 294.884006182353
268.281618754069 264.698545138041 267.652928829193 275.322715441386 309.387942155202 287.443379561106 271.257917086283 257.288257280986 258.327861626943 264.789640903473 256.806512673696 258.349398771922 269.131183624268 278.275748093923 281.436244646708 273.196538289388 266.279101371765 270.084341367086 280.186772346497 285.469273726145 283.101936181386 276.068051656087 274.927655855815 275.415301322937 275.670786698659 274.492939313253 267.011125882467 259.754955768585 240.143855412801 239.308754603068 262.131094932556 276.719669500987 276.590983072917 290.40918747584 306.897004445394 233.579218387604 171.112418174744 156.9617887338 168.321013450623 196.395138899485 237.752099831899 287.015120188395 246.695717175802 240.469992160797 267.466604709625 277.767062187195
266.219953695933 257.214705149333 260.92137893041 281.713704268138 322.956720987956 289.98476266861 263.310054937998 251.40247742335 255.542437235514 260.997116565704 257.471561431885 255.282680193583 270.907600720723 275.951127211253 277.191897233327 277.203500270844 275.593241055806 269.755959510803 277.494649092356 279.530962308248 276.815374692281 271.823287010193 272.258857885997 276.75066391627 279.781301816305 274.806280930837 275.442719459534 267.303029696147 251.78317228953 248.296995957692 270.451426506042 287.931819756826 287.669758001963 286.607682704926 304.972449938456 297.480781873067 203.741153081258 148.199210564295 137.327134609222 174.234986305237 246.960123380025 270.656228065491 239.922821521759 213.77686659495 236.22461160024 248.35741519928
259.676158428192 249.302426973979 257.152358690898 292.068739732107 320.306837558746 286.390841007233 254.635294278463 236.534972985586 232.361515363057 237.23836739858 236.143092314402 242.009540398916 263.785719871521 274.208386739095 275.808711846669 281.88568353653 280.943175156911 267.170230547587 271.974404652913 272.336264451345 271.222949028015 273.157954216003 273.286084334056 277.123232682546 281.436483065287 279.610693454742 281.950692335765 273.383895556132 257.051805655162 256.908853848775 276.482164859772 294.004638989766 289.989471435547 286.841968695323 296.402772267659 311.796029408773 286.981642246246 208.715359369914 162.549287080765 172.594010829926 209.328949451447 224.770744641622 226.936121781667 195.918480555216 206.423223018646 227.491696675618
248.76860777537 258.11227162679 287.936727205912 333.911379178365 333.057602246602 291.903297106425 254.217406113942 226.42308473587 217.591683069865 228.196203708649 223.430275917053 222.68807888031 253.562311331431 272.251804669698 280.34120798111 286.246200402578 284.410158793132 275.496602058411 272.706131140391 275.064031283061 274.15136496226 279.497563838959 281.290372212728 280.357579390208 282.621125380198 285.958826541901 288.062036037445 281.604886054993 268.798887729645 268.985688686371 283.010800679525 295.347114404043 292.269706726074 293.180346488953 298.004468282064 301.119327545166 318.295160929362 320.412476857503 250.746687253316 203.514297803243 189.357399940491 182.950456937154 200.075248877207 197.31605052948 200.925012429555 228.432397047679
267.515222231547 295.199871063232 318.025171756744 325.705786546071 349.592447280884 326.741794745127 288.853426774343 249.203185240428 234.073837598165 249.090075492859 242.210984230042 223.875959714254 241.596519947052 270.085453987122 282.92061885198 287.597934405009 286.403278509776 282.567858695984 278.147439161936 278.515974680583 280.58660030365 284.156282742818 286.147912343343 285.035808881124 286.721130212148 295.102337996165 295.525749524434 296.206732590993 286.40345732371 283.567070960999 289.336899916331 293.968876202901 295.944889386495 301.025648911794 303.881069024404 293.291449546814 300.157864888509 332.561333974202 320.593774318695 255.581895510356 206.674993038177 182.966967423757 184.324940045675 202.319860458374 222.66153494517 252.678732077281
303.047060966492 315.470337867737 309.299409389496 302.467823028564 320.065180460612 337.011416753133 327.79731353124 297.696689764659 274.129490057627 274.281938870748 275.050759315491 251.733680566152 243.166863918304 265.074570973714 288.252552350362 288.489441076914 285.812815030416 289.585630098979 281.396706899007 278.35601568222 284.622450669607 286.449750264486 284.887830416362 285.353859265645 287.111183007558 295.05463441213 298.4379529953 302.23137140274 294.617811838786 289.713601271311 297.506392002106 302.074015140533 298.717021942139 300.086597601573 304.065605004628 293.460647265116 293.33108663559 309.583286444346 306.44824107488 276.381373405457 244.214097658793 207.630832990011 189.454654852549 195.821166038513 216.941436131795 252.324064572652
300.837953885396 296.444058418274 290.158808231354 279.675920804342 280.658086140951 300.045927365621 317.603846391042 310.72606643041 295.891245206197 295.437812805176 294.950803120931 281.81113799413 266.330599784851 273.267308870951 285.041928291321 287.327229976654 287.994345029195 288.207590579987 282.020211219788 283.081253369649 283.126572767893 284.60693359375 281.67454401652 279.031713803609 284.18242931366 290.869772434235 299.365679423014 300.327738126119 295.249819755554 295.844515164693 302.265743414561 300.674815972646 289.997378985087 287.544926007589 291.300932566325 275.396704673767 273.182968298594 271.496812502543 259.970506032308 259.238501389821 269.627094268799 240.555008252462 213.911394278208 201.12802584966 202.315032482147 226.152618726095
296.426395575206 287.805914878845 293.752868970235 280.532677968343 273.100316524506 284.067253271739 308.063089847565 327.158192793528 317.6189661026 304.270684719086 294.362326463064 292.530576388041 295.070072015127 292.973399162292 291.773060957591 292.562127113342 288.401504357656 286.227186520894 286.254187424978 286.375562349955 283.462961514791 279.831985632579 281.538426876068 282.1364402771 283.986945947011 289.127886295319 294.904510180155 292.267521222432 292.069753011068 298.453112443288 301.957984765371 293.02453994751 277.828733126322 281.362334887187 279.301842053731 262.345194816589 263.722856839498 263.360838095347 266.399045785268 281.460563341777 283.508082230886 273.563583691915 249.936083952586 232.278943061829 213.612993558248 206.406315167745
314.513405164083 310.155649979909 318.807224432627 314.118107159932 304.54432964325 308.104991912842 323.204298814138 342.107971509298 332.071840763092 308.433810869853 294.411301612854 299.270947774251 309.598922729492 302.539765834808 297.744373480479 297.602772712708 294.673065344493 285.870492458344 288.794318834941 289.897322654724 288.774212201436 284.557461738586 285.186608632406 287.022372086843 283.879955609639 285.778999328613 288.813372453054 286.433418591817 289.671361446381 299.260894457499 300.151884555817 290.646195411682 279.387672742208 280.309875806173 270.976106325785 266.020556290944 271.340370178223 272.861838340759 282.777746518453 304.212530454 271.953205267588 260.175625483195 249.779085318247 239.893654982249 222.04065322876 202.800492445628
334.622502326965 332.552115122477 334.893385569255 336.941321690877 328.309218088786 322.254876295726 327.327728271484 341.065843900045 334.941665331523 307.073970635732 295.83998521169 305.804510911306 314.746975898743 307.086666425069 295.38361231486 299.111326535543 302.891254425049 293.613851070404 295.475959777832 296.738823254903 295.511285463969 289.921323458354 288.898269335429 291.246136029561 286.49906317393 286.206682523092 287.579754988352 290.449559688568 293.573002020518 300.632198651632 300.990104675293 293.353239695231 282.208700974782 277.204672495524 267.246941725413 271.895666917165 277.743597825368 278.16371122996 280.950665473938 295.240819454193 257.578909397125 216.780225435893 203.205128510793 196.755389372508 196.403861045837 193.63796710968
342.864791552226 341.891845067342 339.616179466248 340.499798456828 334.277431170146 327.618718147278 325.974583625793 331.877013047536 336.088418960571 315.726379553477 310.253500938416 314.325332641602 312.142531077067 299.709419409434 295.511662960052 300.703088442485 307.057897249858 302.604715029399 299.378554026286 301.67955160141 301.04806025823 294.080634911855 291.557312011719 289.954503377279 290.645658969879 288.798292477926 290.281573931376 294.242898623149 295.560419559479 298.103710015615 300.984740257263 295.254071553548 285.221040248871 269.751489162445 260.308941205343 276.362160841624 285.893082618713 284.340103467305 275.143027305603 285.380959510803 256.781419118245 189.419428507487 158.851355314255 146.48108681043 147.924025853475 158.01673134168
341.282447179159 344.036738077799 345.336119333903 343.628168106079 340.851147969564 337.849696477254 333.510756492615 330.544908841451 332.655211289724 326.098223527273 328.829964001973 323.601941267649 308.511038621267 308.9945713679 304.803311824799 297.558049360911 306.714435418447 306.845466295878 301.848570505778 299.132625261943 298.715213934581 295.894841353099 291.533788045247 291.523615519206 293.180088202159 295.011639595032 292.669971783956 295.404473940531 298.006494839986 298.684537410736 300.931831200918 297.760844230652 280.543168385824 257.86550839742 266.000290711721 288.979490598043 292.331417401632 286.744316418966 270.92832326889 275.521000226339 287.056485811869 232.878088951111 174.422125021617 145.456870396932 139.550636212031 137.180864810944
326.757232348124 331.311007340749 331.090251604716 335.286577542623 341.668128967285 346.601724624634 348.642587661743 347.705880800883 346.359610557556 343.249320983887 335.005919138591 319.507499535878 312.726279099782 311.263084411621 306.499799092611 302.510897318522 305.501202742259 303.349773089091 299.017210801442 298.220098018646 300.407469272614 301.328718662262 299.359639485677 294.845461845398 292.564709981283 294.765512148539 296.577016512553 297.982533772786 300.191879272461 299.089074134827 298.833111921946 297.658979892731 274.929086367289 258.985042572021 282.704730828603 298.113723595937 293.439269065857 289.004743099213 276.25318368276 273.795545101166 305.265704790751 319.564561049143 260.45431693395 205.756386121114 167.215208212535 140.419036149979
