input/barkrak2/radiation/dir10424.grid
NCOLS 85 
NROWS 70 
XLLCORNER 665100 
YLLCORNER 4664600 
CELLSIZE 20 
NODATA_value -9999 
[rows 0 to 19 of 70, columns 0 to 45 of 85]
273.812989393869998 285.67119439443 296.001493930817 307.530661424001 311.562438805898 309.626201788584 301.963289578756 295.832276344299 298.756062984467 299.248576164246 298.115730285645 301.711916923523 303.308268388112 303.70310942332 305.933475494385 301.783879597982 293.046216169993 284.365912278493 280.735552310944 269.760131835938 257.147351900737 264.417608579 288.082400957743 295.439521471659 295.968850453695 301.139076550802 298.109849294027 284.958958625793 269.763310750326 265.576799710592 262.884557247162 276.952544848124 307.635108629862 305.484493573507 306.463559468587 296.590129534404 300.858537356059 312.310000260671 303.695956865946 305.514276027679 294.79706287384 291.923741499583 301.12212896347 310.78443924586 308.538854122162 304.867545763652
255.542755126953 270.31664053599 281.454920768738 295.531074206034 304.075717926025 304.629862308502 298.726975917816 295.336922009786 302.534858385722 302.254736423492 297.879497210185 300.085266431173 303.679247697194 304.977099100749 304.403026898702 301.491638024648 298.111339410146 291.362822055817 288.16823164622 276.716073354085 270.913064479828 280.108253161112 295.851906140645 300.173223018646 301.781276861827 302.706658840179 298.321664333344 287.856300671895 273.530205090841 266.725162665049 267.514169216156 288.605093955994 306.900382041931 306.388596693675 307.339568932851 298.337936401367 300.606469313304 308.092633883158 302.957057952881 310.701171557109 305.353899796804 297.522445519765 300.727844238281 307.40616718928 308.51686000824 307.122111320496
221.504092216492 233.846743901571 245.501279830933 255.822916825612 268.244524796804 276.811559995015 283.43274195989 291.204770406087 297.684411207835 295.840263366699 292.48587290446 295.797089735667 305.02059062322 308.879156907399 305.819571018219 310.011009375254 313.078840573629 308.574398358663 298.378090063731 290.080765883128 292.563060919444 295.993645985921 298.520624637604 299.416700998942 302.805264790853 303.539474805196 296.907802422841 286.569694677989 276.122987270355 270.650327205658 273.349722226461 297.40438858668 301.058808962504 303.869783878326 307.949006557465 302.416384220123 298.673510551453 297.279159228007 302.298009395599 309.425135453542 304.898639520009 297.705292701721 292.885979016622 299.734592437744 309.023121992747 309.02502934138
203.405499458313 205.123543739319 213.09898296992 218.883534272512 226.351797580719 231.648008028666 238.369743029277 252.344806989034 269.626994927724 282.520969708761 289.834121863047 299.601991971334 308.161377906799 311.218460400899 310.669898986816 312.083462874095 312.063058217367 307.428578535716 299.960255622864 296.40781879425 294.713914394379 292.659223079681 299.291332562764 299.929738044739 299.912830193837 301.811635494232 298.342823982239 290.43972492218 284.927050272624 280.839641888936 277.489344278971 300.600171089172 300.376613934835 303.419808546702 304.075499375661 305.458903312683 303.809603055318 302.06819375356 308.731933434804 308.531224727631 302.098055680593 289.644122123718 286.099970340729 299.062728881836 312.25840250651 310.703535874685
224.398156007131 208.787143230438 196.543872356415 188.314020633698 192.012210687002 207.321663697561 227.408031622569 237.528602282206 247.158745924632 254.031002521515 272.302528222402 290.600041548411 301.565110683441 306.071082750956 308.971087137858 310.227910677592 305.216471354167 297.324299812317 295.003851254781 295.631845792135 292.058249314626 290.727357069651 299.124936262767 300.25843779246 300.059040387471 303.53965361913 300.512472788493 294.182578722636 288.125514984131 284.725606441498 288.943827152252 307.021240393321 304.321606953939 306.037863095601 302.156349023183 303.648730119069 308.890620867411 310.033738613129 308.717211087545 306.186159451803 303.546210130056 297.135631243388 296.487073103587 301.152586936951 305.238684018453 304.62110042572
266.15313688914 240.038375059764 213.845113913218 191.060682137807 182.562450567881 193.863848845164 217.955390612284 234.437902768453 238.361815611521 238.266368707021 248.133381207784 260.919372240702 269.827902317047 275.071203708649 282.315929730733 288.249174753825 287.290851275126 286.704659461975 291.151881217957 296.051859855652 296.055436134338 299.37203725179 303.175866603851 301.806012789408 302.511274814606 305.629988511403 302.543640136719 298.242350419362 291.232387224833 288.696865240733 298.875073591868 308.02309513092 309.490561485291 312.176485856374 306.521356105804 303.711414337158 308.205723762512 308.81808201472 304.027756055196 304.819842179616 304.12228902181 300.492703914642 300.186951955159 300.974647204081 294.529438018799 281.678358713786
285.444140434265 263.765374819438 244.949539502462 224.95690981547 204.63224252065 192.18256076177 199.932555357615 227.390070756276 240.413387616475 248.117327690125 245.389580726624 240.48646291097 236.476997534434 232.809642950694 234.367807706197 248.925924301147 260.045409202576 275.856137275696 290.052155653636 298.931399981181 300.829927126567 300.83837111791 303.398549556732 302.689174811045 303.32491795222 305.450280507406 305.340071519216 301.654239495595 296.960731347402 297.882556915283 304.771224657695 310.917913913727 314.55393632253 314.923564592997 312.078058719635 305.701732635498 304.565648237864 303.21592092514 302.549481391907 303.121288617452 298.9169160525 296.243131160736 298.175811767578 299.476504325867 282.802204291026 275.557359059652
291.905244191488 283.893207708995 274.380326271057 259.954591592153 238.616108894348 209.459106127421 188.62513701121 188.827176888784 222.213665644328 245.841264724731 253.154158592224 249.403993288676 241.094728310903 231.865008672078 219.671368598938 223.095238208771 234.565059343974 250.09282430013 271.340747674306 287.744621435801 295.914073785146 298.953731854757 303.713222344716 302.905837694804 301.867008209229 302.500943342845 302.824139595032 301.028947035472 299.040218194326 303.430020809174 309.165100256602 312.227825323741 313.431163628896 311.903595924377 307.926535606384 304.281115531921 303.363641103109 298.71012767156 291.254103183746 286.089837551117 289.262096087138 297.003070513407 307.337323824565 307.671109835307 295.038481553396 289.019326368968
285.185813903809 285.695970058441 282.405257225037 275.532980759939 263.524413108826 243.257204691569 213.71336778005 185.558001200358 199.083606402079 221.751610438029 240.269144376119 249.282677968343 250.980973243713 248.504141966502 237.554252147675 230.47395547231 227.913737297058 231.582840283712 245.37859360377 261.703689893087 275.955359141032 286.773681640625 293.227930863698 290.582696596781 292.040506998698 293.353974819183 293.894231319427 294.120113054911 294.521768887838 301.367382208506 305.683493614197 305.390099684397 304.818113644918 305.041253566742 303.859651088715 303.883810838064 301.961620648702 297.334671020508 285.140573978424 284.538547197978 299.137393633525 309.660116831462 314.06291325887 311.761597792308 300.530115763346 293.876608212789
259.025275707245 267.955342928569 272.511601448059 272.563358147939 269.896507263184 266.530950864156 251.274704933167 233.490983645121 203.305304050446 194.085558255514 207.753300666809 231.651683648427 252.032776673635 261.697967847188 263.083974520365 255.331079165141 241.171995798747 236.280798912048 235.646227995555 238.054176171621 246.531744798025 253.875513871511 262.211660544078 268.719136714935 276.138583819071 279.001514116923 280.478755633036 280.459523200989 281.960864861806 287.792007128398 289.100547631582 289.748191833496 295.271873474121 299.095312754313 300.727963447571 299.131512641907 297.705113887787 297.388076782227 285.074333349864 290.434877077738 307.831883430481 313.906888167063 313.506662845612 308.912535508474 298.05205265681 291.882614294688
209.063569704692 222.732603549957 235.053837299347 245.175619920095 254.278699556986 261.682709058126 263.484676678975 258.799731731415 232.099533081055 206.980208555857 192.917843659719 200.788219769796 227.7778784434 251.572469870249 265.32369852066 256.281793117523 249.074657758077 242.517193158468 234.840234120687 229.668577512105 229.138255119324 229.488015174866 233.233094215393 245.905478795369 257.732748985291 265.109419822693 266.960024833679 267.101645469666 271.962642669678 276.659488677979 279.32220697403 282.573958237966 290.791610876719 294.23326253891 293.722629547119 292.427897453308 295.270085334778 298.120538393656 295.147736867269 300.505578517914 309.228142102559 312.995632489522 313.345849514008 310.586492220561 303.784489631653 301.022330919902
166.809737682343 172.248860200246 181.01574977239 193.677465120951 209.878345330556 226.315935452779 244.326571623484 250.400543212891 251.260876655579 238.172809282939 212.014595667521 192.034085591634 194.76060072581 218.006412188212 243.458251158396 246.805508931478 253.11271349589 250.04510084788 240.678985913595 230.46084245046 224.011560281118 221.360802650452 221.022963523865 229.948898156484 238.477190335592 244.174122810364 247.02783425649 251.220484574636 257.765611012777 261.904855569204 266.262392203013 271.442612012227 277.315974235535 280.137638250987 280.103087425232 281.446178754171 289.334138234456 297.759890556335 300.464669863383 305.711011091868 309.529364109039 311.834235986074 310.250957806905 307.616035143534 303.097029527028 301.858524481456
154.783517122269 150.338192780813 146.969904502233 147.612680991491 155.568758646647 172.51060406367 198.035458723704 219.84209616979 248.110830783844 252.847154935201 241.780718167623 217.836002508799 189.898788928986 187.612374623617 211.032549540202 237.474580605825 252.716879049937 254.869163036346 250.197251637777 241.410195827484 232.823073863983 232.072750727336 231.600085894267 231.910427411397 232.460618019104 231.893340746562 236.0546986262 244.685848553975 248.217523097992 249.57937002182 254.538059234619 259.355147679647 261.016567548116 262.745102246602 265.234192212423 270.032982031504 280.041217803955 290.234506130219 292.334874471029 298.583666483561 302.313109238942 302.387436230977 301.548898220062 301.929990450541 296.639482180278 296.469728151957
142.199218273163 115.11101325353 99.6047854423523 94.2013263702393 90.2643005053202 96.5049465497335 116.823653380076 154.688576857249 197.071293989817 232.525825500488 250.646630922953 250.373085339864 231.739083925883 205.465336640676 202.638705571493 228.178679943085 244.742612044017 256.871859232585 263.308882713318 259.501099586487 248.620331287384 245.496869087219 242.244601249695 241.92742506663 241.223037242889 239.193181196849 242.057740688324 250.357707341512 250.046670436859 243.8791791598 249.156991640727 253.808856010437 255.395332972209 255.729695161184 259.300589561462 266.135176022847 271.162927150726 276.323278745015 279.357552528381 281.085232893626 284.606198469798 289.374093214671 294.503211975098 298.265020052592 293.447395165761 295.029838879903
132.454206546148 96.2231755256653 70.4388618469238 62.6766582330068 61.0072513421377 67.3625320196152 77.6192843914032 106.131931145986 134.064386288325 186.48374080658 238.910794258118 267.341454823812 271.310428778331 252.434849739075 227.243800957998 222.817103068034 228.199223677317 243.461449940999 259.758810202281 267.900268236796 265.919188658396 259.950697422028 257.527987162272 254.043281078339 250.642756621043 248.78849585851 250.648081302643 252.848347028097 248.202502727509 243.615786234538 247.083624204 251.85352563858 251.320799191793 251.261830329895 255.075295766195 258.860290050507 259.690264860789 258.84215037028 262.853503227234 263.419687747955 268.147468566895 275.257527828217 280.532081921895 283.568322658539 282.596071561178 285.057584444682
118.47859621048 91.4398928483327 59.5625042915344 41.9022093216578 56.5237104892731 79.5695930719376 87.3640875021617 98.2710023721059 120.010515054067 150.282065073649 200.745185216268 248.430331548055 281.383156776428 279.736161231995 259.838422139486 229.889293511709 218.97820631663 221.641361713409 238.810936609904 262.33051220576 272.832334041595 268.080989519755 268.958350022634 263.015409310659 256.604711214701 257.185260454814 259.671072165171 255.447785059611 250.298738479614 252.569119135539 253.179212411245 252.573768297831 249.775528907776 247.677346070608 248.48473072052 247.847676277161 245.889067649841 241.087853908539 244.071364402771 246.13231420517 250.790456930796 255.653162797292 258.584340413411 260.132273038228 269.288380940755 274.376193682353
103.309810161591 91.7393465836843 64.9770051240921 35.201000670592 41.703850030899 67.6330725351969 85.5283935864766 103.133569161097 119.701564311981 134.607682625453 154.913634061813 198.583285013835 228.362818559011 248.67582321167 266.549567381541 263.219873110453 250.650862852732 235.612213611603 225.927690664927 235.931356747945 259.801884492238 271.592040856679 274.975518385569 270.583510398865 263.628641764323 264.579633871714 268.518030643463 264.026860396067 261.321683724721 266.129275163015 264.763534069061 254.159331321716 248.324592908223 244.514067967733 239.258786042531 238.180120786031 233.756422996521 232.45902856191 232.496400674184 235.975444316864 238.554418087006 240.787466367086 243.775387605031 246.469914913177 261.609196662903 269.927442073822
95.1455632845561 96.1298147837321 83.6549699306488 46.7800199985504 39.2879769206047 68.3554659287135 90.1355147361755 114.414016405741 131.581604480743 140.879174073537 151.566366354624 173.832694689433 201.950669288635 224.320312341054 239.147782325745 252.767602602641 267.304102579753 262.446840604146 244.261662165324 227.116366227468 238.354802131653 263.735731442769 269.305984179179 270.291964213053 270.788609981537 274.578452110291 278.159340222677 276.787320772807 274.131576220195 275.658965110779 269.903818766276 258.95623366038 251.103421052297 243.280053138733 237.157225608826 234.345058600108 231.769601504008 231.071174144745 231.947322686513 233.397543430328 235.917270183563 236.850063006083 237.113416194916 241.000453631083 251.534263292948 264.142791430155
100.566327571869 109.177887439728 110.565404097239 77.9047310352325 63.5878841082255 87.799608707428 103.669693072637 125.627179940542 141.030043363571 161.588937044144 172.699391841888 175.739149252574 190.105716387431 200.647135575612 218.783100446065 238.318721453349 250.10738770167 255.381206671397 259.703695774078 248.013556003571 231.123983860016 246.219674746195 255.16132513682 264.166176319122 274.13543065389 280.772527058919 283.66756439209 284.560521443685 279.18004989624 276.942571004232 269.676109155019 262.905359268188 254.046718279521 245.401263237 240.772028764089 236.127297083537 235.032101472219 231.313049793243 230.721573034922 233.981510003408 238.085627555847 239.013652006785 238.564014434814 241.307953993479 242.155154546102 255.833506584167
107.428093751272 111.933946609497 123.992701371511 118.714511394501 104.16974623998 107.677638530731 109.491914510727 122.273713350296 137.890686591466 157.295207182566 171.690205732981 170.32245794932 172.318240006765 179.582397143046 195.353945096334 214.894851048787 229.2720079422 237.99858490626 246.464451154073 251.910249392192 251.616438229879 238.695899645487 244.172473748525 254.973669846853 267.063836256663 276.229739189148 282.744824886322 283.308347066243 276.952544848124 275.35480260849 269.630869229635 261.944115161896 253.856996695201 247.563481330872 243.647356828054 238.824089368184 235.210617383321 226.201891899109 224.226713180542 232.808371384939 239.346563816071 240.601738293966 243.306378523509 241.546273231506 238.816916942596 248.860677083333
