input/barkrak2/radiation/dir12324.grid
NCOLS 85 
NROWS 70 
XLLCORNER 665100 
YLLCORNER 4664600 
CELLSIZE 20 
NODATA_value -9999 
[rows 0 to 19 of 70, columns 0 to 45 of 85]
314.087510108947981 321.632703145345 325.579325358073 328.028420607249 327.304303646088 325.731714566549 319.679061571757 313.441375891368 317.04435745875 317.057251930237 314.806461334229 319.647053877513 322.691977024078 322.850008805593 323.993782202403 324.346164862315 320.328295230865 312.719662984212 310.780465602875 297.487676143646 281.573196252187 283.442080020905 303.96048227946 310.921669006348 309.677183628082 311.17041905721 309.447487195333 300.451020399729 280.693213144938 275.797088940938 272.667030493418 283.993462721507 304.610927899679 302.879273891449 310.876409212748 301.550984382629 302.158236503601 310.580511887868 302.377601464589 308.948576450348 298.891107241313 287.656823794047 297.261198361715 313.502371311188 315.699934959412 310.251116752625
292.507270971934 303.39390039444 312.739590803782 322.417616844177 326.478044191996 325.950880845388 318.771421909332 312.045693397522 317.08570321401 318.055987358093 313.193102677663 317.019244035085 322.4778175354 323.666950066884 323.452154795329 323.755264282227 321.538885434469 316.66100025177 314.969062805176 304.722666740417 295.190115769704 296.574493249257 306.879321734111 312.010884284973 311.888098716736 311.295946439107 309.049348036448 301.207979520162 284.453491369883 275.997042655945 277.250826358795 293.661375840505 301.419138908386 301.84539159139 310.521344343821 301.251610120138 299.607714017232 302.60439713796 298.836588859558 310.087005297343 306.248505910238 297.588626543681 302.046338717143 315.037210782369 318.845272064209 314.261813958486
263.115366299947 274.17113383611 282.789329687754 292.540868123372 303.317447503408 310.222089290619 314.075469970703 316.270569960276 318.12725464503 315.742274125417 309.796710809072 311.774671077728 320.833623409271 323.821802934011 320.596814155579 324.497898419698 327.780564626058 327.16570297877 322.190920511882 316.204965114594 315.506875514984 313.306371370951 310.44997771581 310.470263163249 313.356200853984 313.882390658061 307.66624212265 299.304008483887 287.543396155039 278.107643127441 279.887894789378 297.902782758077 293.164571126302 298.83619149526 308.51024389267 302.826086680094 293.182114760081 289.304534594218 298.195679982503 309.288084506989 307.638764381409 305.507342020671 303.541759649913 313.572029272715 325.12088616689 319.069027900696
248.512625694275 250.244994958242 256.025572617849 262.547532717387 269.863764444987 273.70156844457 279.327074686686 290.482997894287 303.779860337575 312.534968058268 314.620554447174 318.665027618408 323.703249295553 325.296680132548 322.982569535573 321.158727010091 322.713096936544 322.716236114502 321.325778961182 320.134043693542 317.935725053151 315.532565116882 318.553288777669 316.235979398092 314.976314703623 316.36122862498 311.659296353658 303.153038024902 296.529571215312 289.751907189687 283.998807271322 299.073119958242 293.717265129089 297.848959763845 302.070200443268 303.398331006368 298.998832702637 296.472191810608 308.650275071462 314.679582913717 309.296071529388 301.001767317454 296.721458435059 307.313700517019 320.842325687408 319.352189699809
268.614808718363 253.407041231791 242.50340461731 235.434949398041 238.477210203807 253.287891546885 270.925402641296 279.461026191711 286.778171857198 292.316436767578 305.994391441345 318.302194277445 324.892938137054 327.339073022207 327.028870582581 326.401174068451 323.169032732646 316.363294919332 316.220760345459 319.040358066559 316.644549369812 315.726319948832 321.271896362305 319.948732852936 317.150155703227 318.527340888977 314.342935880025 307.136277357737 300.057510534922 296.097715695699 297.561546166738 306.094447771708 302.11220184962 303.40963602066 300.472517808278 302.744587262471 310.44073899587 313.455104827881 317.471941312154 318.073530991872 315.997918446859 309.139370918274 304.971575737 305.490652720133 310.13689438502 318.83579492569
303.508659203847 283.035159111023 259.171148141225 238.526304562887 230.625828107198 241.049567858378 263.742506504059 276.915033658346 280.052979787191 280.188818772634 288.576702276866 298.0863849322 305.046121279399 309.569716453552 314.557711283366 317.910194396973 315.473715464274 311.366816361745 313.093463579814 317.37752755483 317.400495211283 320.583621660868 324.91801182429 322.590311368306 320.909182230632 321.705222129822 317.243675390879 310.750802357992 303.237636884054 298.709611097972 303.548534711202 307.485520839691 310.030301411947 313.734908898671 308.10143550237 305.38547039032 311.474581559499 315.300305684408 315.168539683024 315.516750017802 315.7626191775 312.280714511871 310.570041338603 310.548146565755 306.754966576894 301.797330379486
317.887941996257 302.245020866394 287.112832069397 270.147204399109 250.921607017517 239.329655965169 246.515393257141 271.985054016113 281.994223594666 288.476586341858 286.252379417419 282.062311967214 278.643349806468 275.627990563711 276.737252871195 288.872460524241 297.353486220042 308.16783507665 316.742956638336 321.651717027028 320.817887783051 318.840881188711 323.75713189443 324.534992376963 323.891838391622 325.128197669983 322.724978129069 318.067491054535 310.804108778636 307.960132757823 309.284806251526 313.220381736755 322.560429573059 325.592835744222 322.035570939382 315.625886122386 314.192195733388 315.178354581197 315.973003705343 319.091200828552 317.28188196818 313.309411207835 311.869819959005 308.572669823964 293.97714138031 287.486394246419
319.883247216543 315.425912539164 309.430440266927 299.11482334137 281.860133012136 255.206267038981 235.788782437642 236.609776814779 266.820112864176 286.683936913808 292.52286752065 289.269010225932 282.349904378255 274.735232194265 264.334003130595 267.346580823263 277.714729309082 289.701998233795 306.212365627289 317.651152610779 321.396787961324 320.074041684469 322.662731011709 323.902070522308 323.39878877004 324.923714001973 324.683626492818 321.668982505798 317.351301511129 317.767461140951 319.979727268219 321.990648905436 327.496906121572 328.381657600403 325.246532758077 321.287532647451 317.898531754812 313.900351524353 307.473282019297 307.191630204519 312.572956085205 318.236768245697 322.764972845713 318.225344022115 305.727163950602 294.93914047877
315.011660257975 315.626819928487 313.983857631683 309.511502583822 300.751149654388 285.008152325948 259.321530659993 233.412941296895 245.137870311737 266.2460009257 282.865742842356 288.916051387787 289.896170298258 287.975033124288 279.563585917155 273.780147234599 271.570265293121 275.403141975403 286.164800326029 299.495339393616 310.237248738607 316.783487796783 319.177726904551 316.501259803772 317.553679148356 319.871962070465 320.910334587097 319.950898488363 318.662703037262 322.709361712138 325.354516506195 324.733932813009 325.65301656723 325.877726078033 323.580582936605 322.271565596263 319.456775983175 312.893907229106 301.503936449687 302.57781346639 317.546149094899 325.339158376058 325.781504313151 322.170356909434 312.918782234192 304.831882317861
296.298027038574 303.15101146698 306.552211443583 306.635697682699 304.70860004425 302.961409091949 292.062878608704 276.486436525981 249.355634053548 241.321345170339 254.001617431641 275.494158267975 292.027413845062 298.693974812826 300.255497296651 294.514377911886 282.843748728434 278.781215349833 278.241535027822 281.051198641459 287.134865919749 292.834957440694 298.688411712646 302.878101666768 307.936608791351 310.530920823415 312.166094779968 311.752219994863 311.910351117452 316.250443458557 317.365864912669 317.716002464294 321.902016798655 324.817856152852 324.168046315511 321.344335873922 319.530268510183 317.002395788829 303.395589192708 303.999543190002 319.716771443685 323.939124743144 322.655936082204 319.188813368479 310.052593549093 302.245676517487
255.05006313324 266.967674096425 277.251501878103 285.38723786672 292.638421058655 298.573056856791 300.668239593506 297.734061876933 275.449713071187 253.133376439412 240.279912948608 247.661689917246 271.721204121908 291.770040988922 302.356521288554 294.774532318115 289.131045341492 284.026046593984 277.57187684377 273.099680741628 273.359556992849 272.525250911713 275.393068790436 285.694400469462 294.816851615906 300.500353177388 302.262087663015 302.097539107005 305.421312650045 309.110422929128 311.064660549164 313.652455806732 319.876571496328 322.357177734375 320.722063382467 319.012482961019 320.175290107727 321.920812129974 315.093557039897 312.180399894714 318.842470645905 322.504798571269 323.454022407532 321.724673112233 314.675291379293 309.346357981364
216.72785282135 221.778392791748 229.847490787506 241.374810536702 255.854566891988 270.248929659526 285.596112410227 290.61104853948 291.495362917582 280.833085378011 257.892648379008 239.633282025655 241.938670476278 263.144771258036 285.165588061015 287.138680617015 292.759776115417 290.070017178853 282.477696736654 273.824751377106 268.203695615133 265.677948792775 265.096664428711 272.887448469798 279.884874820709 284.240365028381 286.458055178324 289.907872676849 294.71613963445 298.331061999003 301.766773064931 306.178033351898 311.039865016937 313.040057818095 311.782956123352 312.272926171621 317.861338456472 323.199490706126 323.358734448751 321.985840797424 323.084076245626 325.078388055166 325.97275575002 324.54780737559 319.561382134755 317.467888196309
205.795566240946 201.605240503947 199.37256971995 199.378490447998 206.30290110906 222.197572390238 245.606382687887 265.021542708079 289.119342962901 292.755385239919 283.719062805176 263.970295588175 237.6921971639 235.549668471018 257.044692834218 279.863794644674 292.439579963684 293.840189774831 290.172795454661 283.085405826569 275.796850522359 274.986267089844 274.588008721669 274.627884229024 274.807194868724 274.011512597402 277.651091416677 284.956554571788 287.814100583394 288.388212521871 292.45936870575 296.943227450053 298.595309257507 299.972951412201 301.552732785543 304.539044698079 312.847872575124 319.76846853892 320.622086524963 323.586344718933 324.703693389893 324.248790740967 323.562463124593 323.46365849177 318.074504534404 316.443562507629
200.466473897298 172.312696774801 155.692627032598 150.020778179169 148.370186487834 154.648731152217 174.857318401337 208.088338375092 244.667768478394 275.866667429606 290.333171685537 290.427883466085 275.495270888011 252.831816673279 249.101440111796 272.07358678182 286.201099554698 296.19566599528 300.527254740397 297.725399335225 289.031128088633 286.339322725932 283.637960751851 283.442457516988 282.876173655192 280.313909053802 283.03317228953 289.942959944407 289.315183957418 284.316579500834 288.926700750987 292.611022790273 294.104735056559 294.427394866943 297.129114468892 302.635153134664 306.494017442067 310.312231381734 312.184691429138 313.152054945628 315.773705641429 318.15888484319 321.259717146556 322.528958320618 317.602097988129 316.477676232656
183.545509974162 144.849161307017 121.6768125693 118.081390857697 119.086086750031 124.258140722911 132.515112559001 160.007218519847 187.873323758443 234.496275583903 282.284736633301 304.342309633891 307.353973388672 293.521046638489 270.963390668233 267.088770866394 272.087832291921 285.199383894602 298.742095629374 303.904175758362 302.554547786713 297.932048638662 296.121656894684 293.490886688232 290.284276008606 288.788954416911 291.074474652608 292.142669359843 287.419279416402 283.936858177185 287.436485290527 291.408101717631 291.600445906321 290.834267934163 293.937722841899 297.061880429586 298.608342806498 297.837674617767 299.759805202484 300.037642319997 304.313858350118 308.939516544342 312.821129957835 314.153134822845 312.090754508972 312.157730261485
157.80774752299 130.243510007858 102.440277735392 98.7444519996643 114.042063554128 137.976298729579 140.317996342977 149.382750193278 170.245786507924 201.023618380229 247.005482514699 298.959096272786 315.449138482412 313.745339711507 299.528956413269 273.585379123688 264.044880867004 266.361236572266 281.274596850077 301.020304361979 308.393736680349 304.035186767578 304.923971494039 300.435642401377 295.010765393575 295.364538828532 297.891080379486 294.71743106842 289.335250854492 291.776120662689 292.54808028539 292.056341965993 289.764682451884 288.790186246236 289.423882961273 288.042902946472 286.502162615458 283.134559790293 284.524857997894 286.155541737874 290.144006411235 293.843388557434 296.153167883555 297.024349371592 303.475022315979 307.113687197367
137.74706919988 128.396431605021 103.959441184998 89.9331967035929 93.5167968273163 119.91145213445 141.001085440318 149.056255817413 167.441407839457 180.916905403137 206.988056500753 257.496535778046 302.164177099864 314.029892285665 310.847918192546 301.600833733877 292.138516902924 278.307795524597 269.722779591878 279.549181461334 298.800408840179 307.199756304423 309.783458709717 305.866519610087 300.394634405772 301.332513491313 304.812073707581 301.36384566625 298.219839731852 302.618066469828 302.355865637461 293.155789375305 288.426180680593 285.490830739339 281.607528527578 279.856423536936 276.168922583262 275.088826815287 275.607645511627 277.672290802002 279.978334903717 282.5594941775 284.974058469137 286.282261212667 298.692544301351 304.82816696167
131.014595429103 132.920404275258 123.208145300547 101.51994228363 86.3970915476481 106.791247924169 133.948345979055 156.240622202555 174.150764942169 185.587525367737 195.352852344513 220.022559165955 257.306893666585 287.395377953847 313.24032942454 315.49592812856 312.894463539124 303.094744682312 286.861260732015 271.835068861643 281.596938769023 302.278359731038 305.654565493266 305.178840955098 305.559535821279 309.510707855225 312.538882096608 310.943067073822 308.308760325114 309.857805569967 305.461188157399 296.664138635 290.389438470205 284.714003403982 279.643098513285 277.245044708252 275.225599606832 274.557550748189 274.613956610362 276.423990726471 278.712590535482 279.300332069397 279.444972674052 282.954414685567 291.320164998372 301.127851009369
137.989968061447 147.648145755132 150.839249293009 131.639709075292 111.406862735748 122.825006643931 143.223305543264 162.697503964106 181.828459103902 204.199075698853 213.631848494212 220.283587773641 240.274389584859 252.702871958415 274.310807387034 302.8857310613 313.292920589447 311.926205952962 307.918747266134 292.947669823964 276.810546716054 288.275361061096 295.081337292989 302.079578240712 309.561848640442 314.383467038472 316.676656405131 316.422502199809 311.550716559092 310.116350650787 304.44081624349 298.82017771403 292.601466178894 286.497871081034 283.052921295166 278.662900129954 278.04046869278 275.654792785645 275.007307529449 276.993274688721 280.641237894694 282.066881656647 280.736962954203 283.326466878255 284.912486871084 295.028487841288
147.236535946528 151.617338260015 164.52556848526 168.632924556732 155.703783035278 142.862985531489 144.43384607633 159.376005331675 174.896717071533 198.103745778402 213.980992635091 210.677842299143 219.417611757914 227.543632189433 247.739632924398 268.642048041026 283.065219720205 299.446860949198 307.500958442688 306.415935357412 298.560559749603 287.54456837972 288.555721441905 296.224276224772 305.137793223063 312.164107958476 316.255132357279 315.871040026347 309.398551781972 308.482547601064 303.64058415095 297.032415866852 291.165292263031 287.555972735087 285.07254521052 281.331598758698 278.692563374837 271.037856737773 269.472161928813 277.101039886475 281.828820705414 283.519585927327 285.769422849019 284.443179766337 282.216648260752 289.416193962097
