input/barkrak2/radiation/dir18424.grid
NCOLS 85 
NROWS 70 
XLLCORNER 665100 
YLLCORNER 4664600 
CELLSIZE 20 
NODATA_value -9999 
[rows 20 to 39 of 70, columns 0 to 45 of 85]
208.010315895081 201.177795728048 217.619379361471 258.733411629995 252.636174360911 203.226943810781 188.228845596313 191.998104254405 207.453052202861 227.31484969457 240.313569704692 250.300387541453 259.182194868724 272.476236025492 290.572226047516 317.880252997081 333.227256933848 336.369037628174 340.979933738708 347.145517667135 349.136352539062 343.866109848022 342.105388641357 343.549648920695 344.497243563334 345.621943473816 347.253322601318 343.169887860616 338.629961013794 338.278253873189 332.712332407633 322.902719179789 315.285364786784 312.169770399729 311.028897762299 315.954883893331 315.476616223653 318.526387214661 321.962157885234 325.626154740651 326.466878255208 325.307428836823 327.269713083903 323.418736457825 327.511787414551 329.383790493011
232.998490333557 233.851691087087 253.738363583883 283.656020959218 279.598553975423 218.303104241689 200.847188631694 199.800511201223 206.897437572479 223.475952943166 233.911176522573 241.533716519674 252.282341321309 257.266441980998 271.82670434316 292.528669039408 317.745248476664 331.75140619278 336.685061454773 343.972285588582 347.401181856791 351.095755894979 352.21540927887 350.821097691854 348.118861516317 344.557563463847 342.042644818624 337.815324465434 336.811184883118 330.147385597229 314.360102017721 287.495136260986 269.029498100281 268.017450968424 275.6587266922 293.561041355133 300.648093223572 314.264396826426 323.116719722748 322.775781154633 321.209847927094 320.397019386292 315.271476904551 301.82276169459 319.71808274587 326.30733648936
271.245698134104 279.964407285055 289.537310600281 299.61500565211 299.509485562642 253.24273109436 223.770002524058 207.810660203298 204.169611136119 215.334296226501 232.936481634776 244.264761606852 255.194226900736 264.558911323547 269.776384035746 284.67325369517 299.288431803385 320.607384045919 332.529743512471 332.538763682048 335.257848103841 344.376126925151 348.912398020426 347.945054372152 345.498323440552 344.018578529358 341.227491696676 336.848258972168 325.404485066732 307.28679895401 265.550255775452 214.043776194255 194.788018862406 212.603052457174 240.380048751831 264.428873856862 281.885623931885 300.946275393168 311.024308204651 314.003050327301 316.839734713237 316.266636053721 295.891344547272 277.462840080261 301.234821478526 325.30281941096
289.389967918396 293.248852094014 296.504457791646 304.147303104401 303.801635901133 286.865293979645 246.32320801417 214.763263861338 199.435750643412 206.65297905604 231.723030408223 243.614077568054 258.014698823293 274.988114833832 278.69967619578 282.643258571625 294.219136238098 307.836214701335 319.496790568034 322.749018669128 320.11467218399 323.730985323588 334.024667739868 338.825106620789 339.742104212443 332.466185092926 317.289292812347 298.903564612071 274.736662705739 230.152169863383 193.816562493642 169.14838552475 143.543461958567 143.741925557454 156.281530857086 193.878908952077 234.384973843892 259.170373280843 276.462276776632 286.034305890401 284.337878227234 271.097779273987 256.359358628591 289.762814839681 285.620013872782 317.601422468821
281.236171722412 283.677379290263 295.324067274729 305.967231591543 298.08117945989 287.296891212463 254.698117574056 232.709983984629 212.948143482208 206.192135810852 221.463004748027 238.260408242544 253.770252068837 268.085122108459 276.514808336894 279.657403628031 289.852400620778 301.065504550934 310.86254119873 310.818413893382 319.162269433339 314.71319993337 318.762520949046 313.5111729304 304.108421007792 297.092854976654 288.001537322998 276.674588521322 243.42159430186 188.160578409831 166.634480158488 164.227823416392 146.90230290095 125.115116437276 116.815100113551 130.139251550039 177.972455819448 213.976740837097 240.557849407196 252.900063991547 243.117888768514 221.464991569519 242.780109246572 303.829034169515 295.892556508382 320.599357287089
276.145776112874 280.069351196289 293.174703915914 302.266637484233 299.612780412038 287.51939535141 265.42858282725 254.966775576274 246.850609779358 231.806735197703 232.025325298309 250.920494397481 263.313889503479 279.964804649353 286.548097928365 282.568871974945 289.111296335856 302.364150683085 307.528754075368 314.663529396057 323.770006497701 312.264184157054 291.900098323822 290.330052375793 291.033585866292 288.912296295166 277.172843615214 263.899127642314 221.061189969381 192.84866253535 191.791892051697 208.681543668111 213.45454454422 189.457615216573 155.468086401621 136.246383190155 152.91819969813 181.066612402598 223.384539286296 236.685494581858 218.655745188395 209.759712219238 251.054187615712 289.799650510152 309.671183427175 330.636401971181
278.167525927226 280.061880747477 288.743694623311 298.616091410319 310.811718304952 295.836289723714 278.005957603455 265.600800514221 265.909552574158 260.43963432312 252.21331914266 267.095724741618 280.552744865417 292.536636193593 294.950286547343 290.900826454163 290.269792079926 303.266406059265 309.524118900299 313.387274742126 306.150595347087 303.635398546855 298.615097999573 295.102874437968 292.333026727041 288.259983062744 278.055409590403 264.187435309092 227.654874324799 221.795618534088 243.814408779144 266.989549001058 271.056234836578 283.856014410655 264.666338761648 179.486632347107 167.029639085134 178.925573825836 204.935212930044 234.756807486216 227.659324804942 258.693595727285 254.399140675863 264.164765675863 300.873955090841 318.849523862203
282.380640506744 278.625388940175 281.903743743896 294.452726840973 331.428110599518 306.004146734873 281.996309757233 266.711711883545 267.246842384338 275.021294752757 268.460174401601 271.598756313324 286.931455135345 295.753757158915 297.593335310618 298.370361328125 296.584486961365 300.015032291412 303.150236606598 306.012849013011 306.575238704681 300.012807051341 297.315498193105 299.879233042399 299.3177374204 295.079966386159 286.884844303131 275.061925252279 249.919275442759 248.090068499247 272.645274798075 287.366171677907 285.333096981049 299.283226331075 326.571842034658 260.205487410227 197.64123360316 182.709793249766 196.466406186422 238.053282101949 264.839152495066 309.87952152888 262.088100115458 255.634109179179 286.83873017629 298.303127288818
279.443860054016 271.701077620188 275.729060173035 300.909717877706 342.218200365702 303.719997406006 272.362033526103 261.358618736267 266.790390014648 274.828314781189 271.118740240733 272.237459818522 285.846332708995 297.081430753072 300.867756207784 306.098679701487 303.002794583638 290.143549442291 298.874219258626 300.938824812571 300.008237361908 293.481628100077 293.515900770823 300.199151039124 305.623789628347 298.608342806498 293.983022371928 283.402919769287 260.748426119487 255.16664981842 278.201103210449 296.500325202942 294.848918914795 293.131252129873 315.259238084157 320.429921150208 233.449757099152 174.313028653463 166.1117374897 208.231925964355 273.327310880025 291.796525319417 256.471653779348 235.152939955393 258.836309115092 273.061315218608
271.894653638204 263.996223608653 272.754510243734 311.285376548767 339.847326278687 299.756407737732 267.802119255066 250.528772672017 248.667597770691 253.309607505798 254.943490028381 260.60938835144 280.029813448588 297.351717948914 299.741685390472 302.754044532776 300.606568654378 289.326608181 290.708859761556 292.958637078603 295.281827449799 293.515880902608 296.240548292796 299.506227175395 304.513514041901 302.327473958333 300.6485303243 289.284189542135 268.168290456136 264.127194881439 282.993674278259 300.967812538147 296.459317207336 292.748808860779 301.762223243713 322.374145189921 311.276435852051 237.230936686198 190.224170684814 199.284036954244 234.81297492981 248.268286387126 247.322460015615 217.900216579437 231.325050195058 260.327955087026
259.949405988057 270.260433355967 299.6480067571 345.324436823527 347.692211469014 304.785529772441 269.877970218658 241.761883099874 234.408418337504 247.468372186025 240.295112133026 239.111284414927 275.135676066081 296.691159407298 301.568031311035 305.160840352376 305.456320444743 295.982559521993 294.979135195414 297.360142072042 294.81166601181 298.069099585215 300.943970680237 301.268676916758 304.632504781087 308.053811391195 307.348350683848 298.819124698639 281.204342842102 276.620864868164 288.54771455129 301.179627577464 298.620740572612 297.990043958028 301.335334777832 303.939342498779 328.109522660573 340.49916267395 275.45028924942 230.378786722819 216.284811496735 207.249045372009 225.166221459707 220.696449279785 228.254377841949 263.730843861898
278.464098771413 303.363800048828 320.805191993713 325.412531693776 354.349215825399 337.686101595561 302.618940671285 264.343917369843 250.825822353363 263.897101084391 260.55653889974 241.004089514414 260.679443677266 289.808213710785 301.75785223643 306.314090887706 307.510058085124 305.783867835999 296.773215134939 299.072007338206 299.409647782644 302.433013916016 305.500785509745 305.988510449727 305.912057558695 312.645177046458 314.369777838389 312.0410044988 298.655470212301 292.110880215963 295.368830362956 298.931241035461 300.599952538808 304.681082566579 306.984643141429 295.707285404205 304.180880387624 342.626571655273 340.658863385518 282.921473185221 232.979118824005 206.160803635915 209.387481212616 225.02593199412 249.167799949646 278.365651766459
307.826618353526 315.597335497538 304.211994012197 296.420613924662 315.313776334127 337.453444798787 333.512345949809 307.403723398844 283.095717430115 285.623828570048 289.560516675313 265.557944774628 261.75332069397 285.096069176992 301.700949668884 305.278579394023 305.375536282857 307.160635789235 300.272464752197 297.546664873759 305.007894833883 306.074460347493 306.305567423503 306.697646776835 309.253911177317 315.24266799291 320.361455281576 321.786185105642 307.815333207448 299.031794071198 305.185834566752 307.865341504415 303.617199261983 305.915355682373 310.271799564362 299.977044264476 299.344638983409 319.667915503184 325.531363487244 301.824947198232 272.270083427429 230.65447807312 212.415337562561 219.568689664205 241.012771924337 275.096674760183
296.872178713481 288.674573103587 281.125704447428 269.952813784281 270.360847314199 291.339914004008 313.487946987152 311.715642611186 302.655061086019 304.544647534688 305.349151293437 289.872447649638 283.312638600667 291.138172149658 304.230570793152 304.880261421204 303.196807702382 306.562304496765 299.59507783254 302.243491013845 303.905129432678 305.176039536794 304.054379463196 302.615582942963 308.224101861318 313.298026720683 318.29446554184 318.724413712819 311.240096886953 305.97448348999 310.93047062556 308.642009894053 298.150857289632 297.656814257304 302.217523256938 287.032544612885 284.267167250315 285.474717617035 280.7497382164 286.377946535746 295.743842919668 262.228806813558 236.192286014557 224.58012898763 226.187348365784 248.918036619822
289.272427558899 278.216898441315 284.582495689392 270.117561022441 261.969824632009 273.81440003713 300.651510556539 325.938800970713 323.84983698527 311.940411726634 302.191853523254 300.837934017181 308.059811592102 308.335741360982 309.915920098623 307.112375895182 307.547350724538 304.075241088867 304.136494795481 306.943694750468 306.137184302012 304.388463497162 304.054160912832 302.66402165095 305.266479651133 309.513052304586 313.835104306539 311.209738254547 309.391498565674 311.611811319987 312.225182851156 301.674783229828 286.713123321533 291.911403338114 291.166742642721 275.135775407155 275.845269362132 276.026725769043 283.820947011312 307.029604911804 306.977391242981 293.87245575587 270.114858945211 256.510714689891 238.550583521525 229.105790456136
309.859116872152 304.284850756327 313.995877901713 308.792908986409 298.578540484111 303.400774796804 320.443252722422 343.457142512004 338.913559913635 314.635177453359 301.281730333964 309.755841890971 324.585119883219 320.054908593496 314.484814802806 317.225019137065 312.097807725271 308.7238073349 311.087489128113 312.177379926046 309.96052424113 306.097785631816 304.513176282247 307.082871596018 305.180768171946 308.236698309581 308.613240718842 306.778430938721 308.253924051921 314.984222253164 311.932941277822 300.816118717194 288.047909736633 288.873632748922 282.285789648692 277.935385704041 282.977302869161 283.319056034088 295.426487922668 326.330065727234 294.761975606283 280.76954682668 273.203690846761 265.097181002299 248.527884483337 227.307975292206
336.240530014038 333.220839500427 335.337400436401 338.058948516846 328.935583432515 322.537064552307 327.125112215678 341.854333877563 340.069015820821 311.661183834076 305.029332637787 317.370673020681 328.591346740723 321.82518641154 316.909531752268 318.480610847473 324.763933817546 315.014163653056 316.709160804749 318.73087088267 314.382274945577 311.150908470154 308.096667130788 310.011168320974 306.489090124766 306.054373582204 307.577987511953 310.359001159668 312.311907609304 316.150764624278 313.172856966654 303.350488344828 290.91203212738 284.648617108663 277.263859907786 282.411297162374 289.006650447845 287.687202294668 290.845115979513 314.9121205012 285.461366176605 244.121650854746 231.07922077179 225.306650002797 224.873940149943 216.575463612874
349.77130095164 346.538543701172 341.130614280701 342.169761657715 336.906631787618 328.511595726013 324.874718983968 330.27172088623 337.128758430481 319.244583447774 319.137414296468 329.000353813171 325.709720452627 323.425650596619 320.190588633219 321.468035380046 329.74914709727 323.509275913239 320.338626702627 318.722188472748 318.91530752182 314.953446388245 310.893813769023 310.715079307556 309.403638044993 308.496634165446 307.72203207016 311.574459075928 313.510537147522 314.22758102417 314.816951751709 305.607795715332 294.443885485331 278.26718489329 270.298520723979 285.561144351959 295.465568701426 293.022215366364 283.019344011943 299.558103084564 286.675989627838 220.456083615621 189.77145353953 176.245292027791 176.321685314178 183.51153532664
353.732387224833 355.650981267293 354.276100794474 351.774930953979 347.560087839762 341.492891311646 333.915630976359 328.823506832123 331.159392992655 329.526841640472 338.975747426351 338.992834091187 331.151445706685 331.902245680491 325.758556524913 322.228531042735 326.925019423167 327.979286511739 322.358171145121 320.408225059509 318.963209788005 313.952664534251 310.438593228658 308.213432629903 310.290237267812 311.538338661194 310.114125410716 310.505588849386 313.248852888743 313.43670686086 314.429759979248 309.474885463715 289.215306440989 267.270882924398 275.911331176758 297.589043776194 300.233741601308 294.289966424306 277.630130449931 283.39159488678 308.267156283061 264.486789703369 207.008560498556 177.027841409047 167.464296023051 162.030359109243
344.614307085673 347.960193951925 347.792426745097 350.903630256653 354.742566744487 357.027212778727 356.207211812337 352.858940760295 350.891987482707 352.994203567505 349.815805753072 339.799841245015 334.82285340627 330.826540788015 328.883012135824 324.365516503652 326.740701993306 326.538840929667 320.997496445974 318.51847966512 319.774369398753 318.292876084646 316.278874874115 312.046428521474 310.284972190857 309.455593427022 312.263488769531 314.855774243673 314.809540907542 314.217130343119 314.681748549143 310.273925463359 284.790476163228 267.906089623769 289.868315060933 304.608762264252 299.920340379079 295.831481615702 282.410740852356 277.023533980052 312.80505657196 340.590357780457 290.091991424561 237.164517243703 194.705386956533 166.541626056035
