input/barkrak2/radiation/dir13024.grid
NCOLS 85 
NROWS 70 
XLLCORNER 665100 
YLLCORNER 4664600 
CELLSIZE 20 
NODATA_value -9999 
[rows 0 to 19 of 70, columns 0 to 45 of 85]
327.252229054768975 332.165360450745 334.845225016276 336.809595425924 333.307147026062 330.114046732585 323.614279429118 317.715128262838 321.519494056702 321.355144182841 318.771779537201 324.531773726145 328.762729962667 328.576823075612 330.258945624034 332.75032043457 328.871885935466 319.598416487376 317.064762115479 306.419253349304 288.581430912018 288.378775119781 307.933807373047 315.071622530619 313.352008660634 314.00336821874 312.6021027565 303.217470645905 283.162216345469 278.232951958974 275.576790173848 284.937798976898 302.57252852122 306.284308433533 310.441295305888 301.732103029887 301.174481709798 310.457448164622 302.13588476181 308.205723762512 298.444807529449 284.833371639252 293.674349784851 312.422692775726 316.922386487325 310.58665116628
311.292390028636 317.53667195638 322.113712628682 329.186499118805 332.140326499939 331.143736839294 323.80481561025 316.001156965892 320.163031419118 321.646908919017 316.682934761047 321.103831132253 327.181935310364 328.338027000427 328.13161611557 330.546379089355 329.179922739665 325.117071469625 322.431822617849 312.572260697683 301.935255527496 300.485233465831 309.559921423594 314.849376678467 315.040747324626 313.379883766174 311.497747898102 302.904069423676 287.434061368306 278.413772583008 279.589911301931 293.938755989075 298.892617225647 298.855523268382 309.882680575053 300.990959008535 297.881384690603 299.596091111501 294.360379378001 308.442910512288 305.421888828278 295.647263526917 300.89928706487 315.781752268473 320.363581180573 314.182221889496
277.401705582937 285.490353902181 295.124729474386 304.191490014394 312.905728816986 319.404701391856 321.839054425557 323.311845461528 323.556105295817 320.74499130249 314.277648925781 315.606017907461 324.251612027486 326.649248600006 323.418994744619 326.971590518951 330.915709336599 331.56023422877 329.419096310933 323.93338282903 321.900586287181 317.439655462901 313.022017478943 312.811156113942 315.076510111491 315.683404604594 309.645334879557 300.918161869049 290.170510609945 279.838879903158 280.392686525981 296.677589416504 289.862215518951 295.406659444173 306.768139203389 301.243086655935 289.936482906342 284.111460049947 293.646931648254 308.541675408681 307.330707708995 306.267579396566 305.319468180339 316.420674324036 326.294700304667 319.754441579183
262.221435705821 262.867589791616 268.288870652517 274.646639823914 282.124618689219 286.953508853912 292.066733042399 302.1240234375 313.479900360107 320.790012677511 321.357885996501 323.454280694326 327.17631260554 327.686885992686 325.299322605133 321.751395861308 323.829273382823 325.655976931254 326.259036858877 325.805505116781 324.034114678701 321.104049682617 322.85346587499 319.704214731852 317.889889081319 319.569210211436 314.470251401265 306.166430314382 298.487027486165 291.268189748128 284.431397914886 297.168930371602 289.798160394033 294.526000817617 299.776017665863 300.507962703705 295.897920926412 293.114244937897 306.997398535411 315.032124519348 310.95282236735 303.185820579529 298.780182997386 308.566311995188 320.347627003988 321.950813134511
278.805414835612 265.924990177155 255.560676256816 249.049743016561 252.184530099233 266.689240932465 283.523122469584 291.570603847504 299.058477083842 304.085950056712 316.052814324697 326.257328192393 331.386844317118 332.370440165202 331.79893096288 329.920490582784 327.120145161947 321.119248867035 321.733951568604 324.799100557963 323.160648345947 322.042365868886 326.97327931722 324.142078558604 321.23863697052 321.234484513601 317.313194274902 309.690058231354 302.566488583883 298.210501670837 298.787911732992 304.141143957774 298.067450523376 300.019145011902 297.826568285624 300.795674324036 308.529218037923 312.727193037669 318.43779484431 320.202509562174 318.539520104726 311.416367689768 306.130290031433 304.947217305501 309.929887453715 321.862916151683
313.637892405192 294.854740301768 273.39909474055 253.593862056732 244.566241900126 254.66388463974 276.694575945536 290.01913468043 292.856474717458 292.25750764211 300.037165482839 309.533019860586 314.894835154216 318.910817305247 323.213775952657 325.825115044912 323.334634304047 318.063835302989 318.920195102692 322.996358076731 322.952628135681 326.258182525635 331.148942311605 328.44215631485 325.932542483012 325.535237789154 321.087996164958 313.851237297058 305.542091528575 300.375580787659 303.658048311869 305.270195007324 308.214624722799 312.618354956309 307.534376780192 304.440438747406 311.137676239014 316.389938195546 317.059199015299 317.393879095713 318.137367566427 314.24876054128 312.520722548167 312.242567539215 309.107899665833 306.882262229919
326.658507188161 312.876542409261 298.953632513682 282.921413580577 265.52160580953 254.300435384115 261.24115784963 284.569839636485 294.767320156097 300.806264082591 298.767765363057 294.831653436025 291.627029577891 287.994543711344 289.830485979716 301.066239674886 307.918389638265 317.205230394999 323.937992254893 327.467064062754 325.73006550471 323.212206363678 328.749378522237 329.960246880849 328.951478004456 329.896450042725 327.82506942749 321.856280167898 313.744485378265 309.684713681539 309.25464630127 312.173167864482 321.829835573832 325.020591417948 322.882056236267 316.774090131124 315.390904744466 317.033648490906 318.583269913991 321.917792161306 320.612649122874 316.898147265116 314.950784047445 311.402161916097 296.618084112803 290.007789929708
327.771087487539 324.557522932688 319.812814394633 310.775339603424 294.972141583761 269.605259100596 250.793139139811 251.740495363871 280.718584855398 300.038079420726 304.486533006032 301.403959592183 294.989963372548 287.978072961171 278.266052405039 281.127293904622 289.964556694031 301.763653755188 316.565732161204 326.253215471904 328.450560569763 325.537900129954 327.469070752462 329.411129156748 329.089482625326 330.926517645518 330.114424228668 326.932787895203 321.855187416077 320.96391916275 321.726739406586 323.729892571767 330.021282037099 331.733445326487 329.192797342936 325.610915819804 321.440319220225 317.473848660787 311.232765515645 312.779525915782 318.786521752675 323.710223038991 326.379557450612 320.909559726715 307.506183783213 295.218527317047
323.538899421692 324.191729227702 323.127627372742 319.502472877502 311.898767948151 297.80916372935 273.616850376129 248.646934827169 259.714345137278 280.130803585052 295.764644940694 300.959904988607 301.673034826914 299.953679243724 292.48587290446 287.214914957682 285.133997599284 287.73021697998 298.695921897888 310.934583346049 320.400675137838 325.417399406433 326.387087504069 323.694169521332 324.606994787852 327.280402183533 328.342696030935 327.003419399261 325.439870357513 328.60537370046 330.788890520732 330.00655968984 331.520915031433 331.585784753164 329.063793023427 327.479561169942 324.471414089203 317.468484242757 305.524230003357 307.143747806549 322.163144747416 329.051434993744 328.453818957011 324.461619059245 315.301835536957 306.829512119293
307.45538075765 313.567678133647 316.559433937073 316.654086112976 314.988931020101 313.8228058815 304.320613543193 290.955603122711 263.906439145406 256.297707557678 268.545786539714 288.862327734629 303.407231966654 309.783657391866 311.417102813721 306.418160597483 295.656323432922 291.913310686747 290.316899617513 292.941570281982 299.588580926259 304.660121599833 309.602320194244 312.958935896556 317.181746164958 319.684664408366 320.904692014058 320.33630212148 320.519129435221 324.342528978984 325.392782688141 325.63845316569 329.370299975077 331.984619299571 330.759843190511 327.472627162933 325.685918331146 322.571635246277 307.171225547791 307.043333848317 322.138746579488 325.216511885325 324.219544728597 321.14166021347 312.304715315501 304.035087426503
269.41188176473 280.668993790944 290.195087591807 297.603189945221 304.184317588806 309.592564900716 311.798572540283 309.51060851415 289.846519629161 267.672975858053 255.305429299672 262.463370958964 285.369515419006 303.187469641368 312.769611676534 306.407709916433 301.335374514262 296.782433986664 290.79924027125 286.598006884257 285.798331101735 285.850743452708 288.377026716868 297.802607218424 305.943051973979 311.020493507385 312.7534588178 312.040050824483 315.268397331238 318.604250748952 320.309261480967 322.667221228282 328.208029270172 330.362220605214 329.194168249766 326.466182867686 327.04496383667 328.231076399485 320.088664690654 314.563810825348 320.522844791412 324.182669321696 325.334807236989 324.432849884033 317.113518714905 310.479958852132
232.631961504618 237.52349615097 245.311538378398 256.392359733582 270.210643609365 283.838371435801 298.207342624664 302.836994330088 303.734580675761 293.190002441406 272.277315457662 254.731694857279 256.894866625468 277.267018953959 297.779361406962 298.834641774495 304.081658522288 302.267611026764 295.337478319804 287.277698516846 281.95333480835 279.452542463938 278.800904750824 286.170264085134 292.591253916423 296.44763469696 298.431873321533 301.612536112467 306.463023026784 309.239745140076 312.346557776133 316.492756207784 321.01180156072 322.719355424245 321.913282076518 321.384946505229 325.997094313304 330.271085103353 329.541683197021 325.900971889496 326.091329256694 328.284839789073 329.742153485616 328.71017853419 323.389093081156 321.155230204264
222.11750348409 218.034088611603 215.859989325205 215.168714523315 222.545623779297 238.015512625376 260.591367880503 279.094537099202 301.649451255798 304.874459902445 296.579877535502 277.20574537913 252.866824467977 250.787198543549 271.474679311117 292.908728122711 304.507195949554 305.64953883489 302.350262800852 295.896311601003 289.086282253265 288.239359855652 287.86838054657 288.623531659444 287.859320640564 286.971529324849 290.420174598694 297.241489092509 299.852311611176 300.928751627604 304.073651631673 308.280467987061 309.942046801249 311.193267504374 312.432805697123 315.011342366536 322.51505057017 328.284859657288 328.689455986023 329.840083916982 330.136994520823 330.094695091248 329.456269741058 328.610062599182 323.594470818837 321.426828702291
216.833810011546 190.460046132406 173.9808122317 168.462991714478 165.781478087107 171.9864209493 190.801501274109 224.270641803741 259.70313946406 289.242843786875 302.359382311503 302.591284116109 289.053757985433 267.444094022115 263.772447903951 285.730620225271 298.921167850494 307.939787705739 312.293728192647 309.270004431407 301.372746626536 298.831741015116 296.331465244293 296.18364572525 295.492072900136 292.90892680486 295.582453409831 301.986336708069 301.234304904938 296.661376953125 301.033755143483 304.39027150472 305.859684944153 306.180377801259 308.558742205302 312.722245852153 317.076524098714 320.408821105957 321.849783261617 321.745932102203 323.883414268494 326.406121253967 328.80167166392 328.541060288747 323.834260304769 321.927666664124
200.448354085286 162.541975577672 140.136291583379 137.232402960459 136.838008960088 140.948881705602 149.92477496465 176.765203475952 202.7401526769 249.949077765147 295.417666435242 315.417885780334 318.087538083394 305.839637915293 285.848657290141 280.930459499359 285.746097564697 298.035780588786 310.345431168874 315.167486667633 313.522020975749 309.382637341817 307.795723279317 305.480698744456 302.32838789622 300.825119018555 302.475094795227 304.086367289225 299.313962459564 296.235938866933 299.762944380442 302.646954854329 302.830219268799 302.907586097717 305.751899878184 308.641910552979 309.026817480723 308.361252148946 310.877839724223 311.044414838155 314.897696177165 318.92321507136 322.314421335856 323.024690151215 319.941838582357 319.799264272054
170.78298330307 143.536945184072 119.316667318344 117.086201906204 132.978538672129 155.462185541789 157.036890586217 164.109200239182 185.522754987081 215.99288781484 262.15938727061 310.815115769704 325.263281663259 323.761999607086 311.34154399236 288.221836090088 278.143127759298 280.333777268728 294.391254583995 312.498410542806 318.237086137136 314.755022525787 315.652211507161 311.686038970947 306.606292724609 306.875805060069 309.429287910461 305.803100268046 300.66845814387 303.027212619781 304.521401723226 304.070194562276 301.961700121562 300.231675306956 300.826509793599 300.34198363622 298.963030179342 295.823534329732 296.929577986399 298.396646976471 302.148759365082 306.41899506251 307.528456052144 308.139383792877 313.427011171977 316.552539666494
151.483585437139 140.621483325958 118.558347225189 108.545909325282 112.791647513707 138.404985268911 158.571114142736 165.815611680349 182.812929153442 195.197761058807 220.976074536641 270.440618197123 317.226032416026 323.659996191661 320.71061929067 313.000361124674 304.592609405518 291.55155022939 283.398509025574 292.764127254486 309.690256913503 317.131082216899 319.423953692118 316.345155239105 311.398863792419 312.334795792898 315.66059589386 312.411526838938 308.770716190338 312.876979509989 312.786797682444 304.985721906026 300.657471021016 298.051317532857 294.433951377869 292.690873146057 289.281109968821 288.284202416738 288.720925649007 291.400810082753 292.743961016337 295.158763726552 296.40789826711 298.471013704936 309.625347455343 314.990679423014
142.945230007172 145.189474026362 137.014975150426 120.150119066238 104.451954364777 119.252274433772 149.323085943858 168.863654136658 189.374923706055 201.551059881846 209.002554416656 237.127383550008 276.193936665853 313.327153523763 323.083678881327 325.018723805745 323.067347208659 313.755949338277 298.711021741231 285.442292690277 294.663310050964 312.84773349762 315.801819165548 315.510372320811 315.849781036377 319.688638051351 322.497149308523 320.856094360352 318.264702955882 319.801370302836 315.404574076335 307.445804278056 302.315354347229 297.227700551351 292.539378007253 290.296773115794 288.466930389404 287.790815035502 287.816206614176 289.502342542013 290.713588396708 292.143781979879 292.25488503774 295.59584458669 303.177952766418 311.9930823644
150.377382834752 160.291532675425 164.843698342641 149.456053972244 128.946483135223 134.529004494349 155.854781468709 175.945003827413 198.353330294291 217.200875282288 227.625687917074 233.667095502218 255.78761100769 271.397531032562 297.802865505219 322.218378384908 323.258717854818 322.122832139333 318.097432454427 305.238505204519 290.148536364237 300.926208496094 307.025591532389 313.160518805186 319.247404734294 324.07017548879 326.135913530986 325.523575146993 320.882280667623 319.727003574371 314.634005228678 309.448460737864 304.051617781321 298.775672912598 295.07569471995 291.58878326416 291.113177935282 288.92707824707 287.411252657572 290.059248606364 293.519715468089 293.858309586843 293.481389681498 295.972406864166 297.446469465892 306.645174821218
160.395483175913 165.247917175293 178.631325562795 185.708224773407 171.435236930847 154.6737353007 155.574609835943 170.182128747304 186.927994092306 210.309147834778 225.580751895905 226.260781288147 232.878645261129 246.42813205719 264.958004156748 286.384542783101 311.588188012441 317.021489143372 318.147540092468 317.37220287323 310.383220513662 300.224820772807 301.156481107076 308.153748512268 316.16993745168 321.697135766347 325.875858465831 325.026035308838 318.780362606049 318.000535170237 313.530802726746 307.380199432373 302.28461821874 299.514134724935 297.47066895167 293.474197387695 291.0342613856 284.542083740234 283.101658026377 289.350787798564 294.664104779561 296.210865179698 298.298299312592 297.015925248464 294.947663942973 302.728454271952
