input/barkrak2/radiation/dir16224.grid
NCOLS 85 
NROWS 70 
XLLCORNER 665100 
YLLCORNER 4664600 
CELLSIZE 20 
NODATA_value -9999 
[rows 40 to 59 of 70, columns 0 to 45 of 85]
342.364549636841 343.040148417155 343.003670374552 344.624996185303 348.630428314209 351.216236750285 353.245973587036 355.467518170675 355.533798535665 349.679470062256 341.64837996165 339.330832163493 336.718797683716 334.254344304403 331.395904223124 330.929398536682 329.604844252268 327.579299608866 322.052578131358 320.677876472473 322.451631228129 323.383589585622 322.833975156148 318.786183993022 317.295491695404 313.132762908936 318.118095397949 318.798184394836 319.817701975505 318.473855654399 317.403376102448 312.956929206848 287.801365057627 282.717029253642 303.420921166738 303.678393363953 294.952809810638 295.057555039724 295.046369234721 283.284624417623 291.688005129496 331.409712632497 351.037780443827 307.568868001302 248.277227083842 204.008440176646
346.98224067688 344.946146011353 345.093925793966 345.688104629517 343.912601470947 342.650413513184 342.48693784078 343.584934870402 346.569975217183 341.789364814758 336.573084195455 335.906108220418 338.088591893514 337.32012907664 335.414886474609 333.082397778829 327.569603919983 332.718014717102 330.477297306061 325.492600599925 325.995286305745 326.036870479584 323.967516422272 324.187556902568 323.436856269836 321.01837793986 321.387827396393 321.486155192057 320.991992950439 321.174204349518 319.601436456044 313.958545525869 294.831375281016 294.095555941264 305.206100145976 296.300311883291 281.988104184469 282.568514347076 290.112753709157 294.688920180003 308.199882507324 320.651968320211 334.168831507365 333.232561747233 289.928694566091 241.130292415619
348.297357559204 346.909284591675 348.604321479797 347.670634587606 343.875408172607 342.561841011047 342.380046844482 341.636896133423 341.264804204305 339.302937189738 336.875359217326 335.950136184692 338.478207588196 339.770158131917 337.421735127767 335.969845453898 331.740419069926 333.966215451558 334.137439727783 328.612963358561 327.921589215596 324.487884839376 323.100725809733 323.173522949219 325.089236100515 321.642756462097 318.375945091248 319.509029388428 320.338090260824 320.1029698054 318.112095197042 310.887694358826 301.96491877238 303.047935167948 301.945249239604 285.603483517965 270.742317040761 276.766618092855 291.953206062317 304.234504699707 312.251130739848 310.261448224386 306.563953558604 311.590353647868 296.180188655853 247.207164764404
340.696732203166 342.40976969401 346.89998626709 345.333456993103 346.095164616903 347.585757573446 348.085681597392 346.176385879517 340.383768081665 338.932792345683 340.163151423136 337.313413619995 337.853789329529 338.133732477824 337.588310241699 335.034728050232 334.627270698547 334.931453069051 335.755983988444 331.503868103027 327.116847038269 326.114396254222 323.47430785497 322.386860847473 323.303500811259 322.913368542989 318.18825006485 318.583210309346 320.013483365377 318.138400713603 314.715584119161 307.349622249603 306.743502616882 307.162563006083 293.728570143382 271.183172861735 266.544202963511 280.616343021393 300.18275976181 305.173456668854 305.086672306061 300.748447577159 293.042023976644 291.193127632141 284.886678059896 254.197061061859
340.550820032756 344.042619069417 345.38726011912 345.176060994466 346.187512079875 347.262541453044 346.679409344991 344.882686932882 342.568318049113 340.068658192952 341.180284818013 339.098612467448 336.215933163961 334.622065226237 333.563884099325 332.670966784159 330.754319826762 334.131479263306 334.278782208761 333.334763844808 329.836428165436 327.479422092438 326.098124186198 325.658698876699 321.05960448583 323.938310146332 324.673712253571 321.712930997213 318.013072013855 315.120796362559 308.923184871674 304.006258646647 302.54852771759 298.235853513082 285.478115081787 269.034385681152 270.356555779775 286.377052466075 301.859021186829 300.288081169128 301.71791712443 294.14427280426 281.630456447601 276.738127072652 277.162492275238 266.051769256592
344.302773475647 346.572955449422 344.956954320272 346.210559209188 344.95755036672 345.138986905416 345.397631327311 344.333092371623 345.414996147156 342.820326487223 342.588027318319 340.442856152852 338.105161984762 334.583520889282 334.300676981608 335.625052452087 330.824633439382 333.312253157298 335.651954015096 333.892067273458 331.287324428558 329.892575740814 328.401525815328 328.128377596537 326.053520043691 323.031385739644 326.067566871643 323.451677958171 318.645417690277 315.251131852468 308.908998966217 304.390688737233 302.128195762634 293.070733547211 278.213342030843 263.410568237305 268.762528896332 286.271055539449 293.907364209493 287.909249464671 293.418606122335 285.061677296956 273.285110791524 275.905251502991 286.185204982758 277.381062507629
344.309091567993 345.062653223674 346.161842346191 346.748431523641 345.930020014445 346.104224522909 346.509257952372 346.784392992655 345.508337020874 345.363974571228 343.426903088888 343.182524045308 340.422868728638 338.937918345133 337.721705436707 340.110540390015 337.561209996541 333.177089691162 336.231589317322 334.741274515788 332.14924732844 330.089529355367 328.661024570465 323.610742886861 327.524860699971 322.988410790761 320.816834767659 320.432603359222 318.400581677755 315.215170383453 309.026042620341 306.579490502675 300.497591495514 289.721588293711 276.312192281087 265.072067578634 272.625029087067 285.527487595876 283.65017970403 285.42019923528 292.14878877004 281.086504459381 276.849389076233 283.873995145162 292.812824249268 284.445921579997
341.741800308228 342.528065045675 345.323403676351 345.086057980855 346.462766329447 347.002188364665 346.239765485128 345.203995704651 344.754656155904 346.522808074951 344.45858001709 342.832167943319 341.229995091756 341.441790262858 339.17236328125 339.08732732137 337.621132532756 331.844528516134 334.316968917847 333.050688107808 330.142756303151 327.841242154439 330.150485038757 322.567562262217 324.179848035177 321.47228717804 315.418879191081 316.44614537557 316.211760044098 314.137200514476 309.573551019033 307.036439577738 298.363626003265 294.884781042735 287.4409755071 274.718383948008 277.227620283763 284.3416929245 286.322335402171 292.918741703033 290.164430936178 282.883961995443 284.83639160792 285.790383815765 285.356879234314 276.954273382823
337.960322697957 339.237928390503 341.602921485901 343.211849530538 346.232851346334 346.45954767863 344.844897588094 344.164450963338 345.846970876058 347.092270851135 346.248149871826 343.734661738078 343.190670013428 342.753966649373 341.606458028158 338.074326515198 335.504372914632 332.044978936513 332.284092903137 332.577009995778 332.602024078369 329.760193824768 327.959954738617 324.16292031606 319.954832394918 323.448876539866 318.145970503489 319.077849388123 318.89941294988 317.934552828471 317.297081152598 312.862197558085 305.397093296051 303.883771101634 296.946048736572 279.767553011576 280.099908510844 287.755330403646 292.349457740784 292.809863885244 283.261299133301 280.685305595398 279.652754465739 274.306933085124 271.780053774516 271.367490291595
337.391297022502 335.362831751506 337.466677029928 341.91107749939 344.056606292725 345.278342564901 345.667958259583 347.197930018107 348.145087560018 346.033692359924 346.999724706014 347.206036249797 344.998200734456 342.886726061503 342.224359512329 337.929646174113 336.011966069539 330.887834231059 332.050224145253 334.593017896016 332.908630371094 331.578314304352 328.764915466309 327.590664227804 322.480142116547 322.306573390961 321.762998898824 319.973429044088 322.223285833995 322.060783704122 322.275678316752 317.488233248393 310.877799987793 309.664726257324 301.07851823171 284.875810146332 278.728763262431 286.651929219564 292.633175849915 283.054232597351 271.845618883769 275.187969207764 275.287091732025 269.798159599304 269.001424312592 272.488872210185
337.517420450846 338.858048121134 340.624094009399 342.776497205098 343.227505683899 343.29609076182 346.381386121114 348.724087079366 348.755439122518 348.103960355123 348.154425621033 347.357312838237 345.914204915365 343.084971110026 341.08837445577 343.033870061239 336.80800596873 333.783626556396 331.903715928396 335.244258244832 333.329637845357 332.847972710927 328.152438004812 324.26385084788 318.86492172877 322.004914283752 320.916016896566 320.375601450602 322.024305661519 324.337383111318 324.947774410248 319.198668003082 310.78052520752 308.538277943929 298.202832539876 284.531394640605 279.93768453598 284.084479014079 283.703764279683 271.591603755951 268.8001592954 279.582858085632 278.057773907979 270.889004071554 269.960780938466 266.026278336843
337.696472803752 342.014392217 343.265215555827 344.726959864299 343.048334121704 342.7441517512 345.818877220154 348.253170649211 348.248521486918 349.719127019246 348.807017008464 347.76496887207 345.048626263936 343.000531196594 341.42525990804 342.683474222819 339.839537938436 333.09942483902 329.138855139414 329.662521680196 327.828208605448 327.924291292826 323.742429415385 318.330228328705 315.908849239349 316.190977891286 318.291544914246 317.964275677999 316.052655378977 318.64462296168 321.684161822001 317.710240681966 305.050492286682 295.951326688131 272.314329942067 259.812732537587 270.330806573232 278.757055600484 277.060349782308 276.877780755361 284.385164578756 286.884029706319 272.40530649821 263.909935951233 271.859367688497 260.846436023712
337.987740834554 337.374091148376 336.758852005005 338.929732640584 341.726223627726 344.385782877604 344.727118810018 346.827427546183 346.814155578613 348.224639892578 346.739610036214 347.62700398763 346.684853235881 343.61203511556 340.737859408061 338.494380315145 338.386297225952 329.461991786957 323.670287926992 321.629305680593 322.795430819194 320.590078830719 319.834172725677 315.259555975596 314.879218737284 309.98287598292 310.297906398773 310.172935326894 309.313674767812 307.140827178955 310.18724044164 311.318556467692 288.172880808512 264.545241991679 238.905866940816 228.762169679006 242.447853088379 266.828020413717 281.581918398539 276.972810427348 277.873396873474 273.04748694102 260.509749253591 263.286511103312 267.778714497884 244.910637537638
340.779225031535 335.056225458781 332.558532555898 336.015820503235 342.724641164144 346.258560816447 345.976710319519 345.93939781189 345.48012415568 345.626354217529 345.94722588857 346.258918444316 346.114635467529 344.441771507263 339.019815127055 337.211052576701 335.741957028707 326.942086219788 321.21604681015 324.065208435059 320.833265781403 319.941778977712 316.055039564768 314.670781294505 313.130855560303 309.150854746501 308.088898658752 307.658791542053 306.041975816091 300.449907779694 294.704914093018 288.01421324412 265.320440133413 239.73423242569 230.552653471629 226.900776227315 220.275123914083 230.130434036255 245.788355668386 264.860053857168 270.267168680827 260.574003060659 256.285786628723 259.713192780813 251.179794470469 230.507413546244
341.769893964132 337.95694510142 335.839748382568 337.461074193319 343.228697776794 346.772233645121 347.460349400838 345.075249671936 346.293369928996 344.602147738139 345.387935638428 345.248142878215 343.832413355509 343.342463175456 337.348500887553 337.776740392049 333.741664886475 327.679375807444 323.304076989492 324.192722638448 323.91091187795 320.529341697693 317.972600460052 315.975864728292 312.513868014018 311.371386051178 309.339880943298 307.070732116699 303.868452707926 299.31366443634 288.25432062149 279.86882130305 256.56388203303 242.797553539276 246.585567792257 250.047306219737 243.074456850688 234.234134356181 224.21125570933 232.759277025859 249.299665292104 241.420904795329 235.000292460124 229.013562202454 224.663376808167 220.87158759435
343.402028083801 342.670639355977 338.969667752584 335.86053053538 339.029391606649 345.050970713298 346.646428108215 344.130754470825 343.916376431783 345.010638237 345.400889714559 344.868739446004 342.000881830851 341.025948524475 335.691531499227 335.803111394246 335.326592127482 331.000049908956 326.355179150899 324.899137020111 323.435107866923 321.355024973551 320.346891880035 319.807092348735 316.32661819458 314.281662305196 310.192366441091 301.983555157979 296.367585659027 292.612135410309 290.285170078278 284.958302974701 264.009674390157 256.991982460022 260.895530382792 268.346031506856 279.415925343831 275.787989298503 259.37815507253 229.909718036652 229.244907697042 229.890863100688 227.074563503265 225.122292836507 230.740507443746 236.743489901225
344.784339269002 344.496766726176 342.729210853577 338.06578318278 336.333831151326 341.680288314819 343.873977661133 343.156735102336 340.157906214396 342.003663380941 346.300482749939 343.101739883423 340.395331382751 338.3735815684 337.591171264648 333.519697189331 333.8676293691 329.724470774333 327.989836533864 326.760093371073 325.27631521225 323.386510213216 319.998065630595 316.078881422679 314.157684644063 313.498616218567 300.110121568044 281.987547874451 275.638858477275 280.439953009288 288.273811340332 283.334672451019 265.710473060608 258.535166581472 265.319267908732 275.442639986674 291.512588659922 300.249218940735 290.747900803884 260.317206382751 234.127481778463 236.767848332723 244.102438290914 254.93586063385 265.177388985952 268.365442752838
344.200809796651 342.658917109172 343.859195709229 340.841333071391 335.003256797791 337.695797284444 341.499129931132 341.328064600627 339.902281761169 336.618940035502 340.806245803833 341.37229124705 338.120460510254 337.216019630432 338.524301846822 333.050727844238 332.431475321452 329.539358615875 326.35494073232 326.135158538818 325.376093387604 323.754191398621 320.316910743713 315.786461035411 314.862509568532 314.182917277018 300.176580746969 282.954374949137 282.367328802745 286.944448947906 293.232162793477 284.93191798528 273.292899131775 272.761185963949 284.722685813904 287.636121114095 293.607989947001 282.290558020274 251.088758309682 242.491145928701 253.44185034434 263.307531674703 258.51172208786 252.103010813395 253.53084007899 264.360149701436
337.488214174906 341.118733088175 340.7275279363 339.794874191284 336.609760920207 333.289424578349 340.98760286967 340.14884630839 336.201747258504 333.000024159749 337.144136428833 339.157581329346 338.734189669291 335.116585095723 334.751605987549 331.771691640218 328.081548213959 329.076806704203 325.241466363271 327.47209072113 327.166974544525 324.335853258769 322.708964347839 318.310141563416 317.224343617757 317.967037359873 312.22403049469 309.687654177348 306.039969126383 302.151838938395 297.759215037028 287.793318430583 284.200727939606 281.330386797587 280.141234397888 266.350150108337 247.091730435689 212.281962235769 195.140262444814 231.957753499349 268.368681271871 269.390165805817 248.715261618296 243.653059005737 256.284157435099 270.171324412028
331.288278102875 339.062968889872 339.354912439982 336.931745211283 336.355606714884 333.009620507558 332.454045613607 339.486479759216 339.646339416504 332.838157812754 336.778561274211 337.859869003296 337.266008059184 335.755864779154 332.521557807922 332.29664961497 327.767312526703 324.86633459727 322.078386942546 320.612172285716 321.389675140381 322.316368420919 321.086784203847 319.175442059835 319.065729777018 321.846902370453 322.187622388204 322.68766562144 309.556166330973 307.451605796814 297.903974850972 286.362965901693 284.423152605693 266.9770916303 239.039480686188 207.916518052419 195.058067639669 187.490006287893 183.567643165588 208.39919646581 235.200981299082 252.609928448995 250.45786301295 262.743830680847 293.48087310791 303.369303544362
