input/barkrak2/radiation/dir16624.grid
NCOLS 85 
NROWS 70 
XLLCORNER 665100 
YLLCORNER 4664600 
CELLSIZE 20 
NODATA_value -9999 
[rows 40 to 59 of 70, columns 0 to 45 of 85]
343.698819478353 344.352801640828 344.31799252828 345.920483271281 349.83770052592 352.359056472778 354.346076647441 356.502930323283 356.55403137207 350.825905799866 342.933376630147 340.648651123047 338.398814201355 335.572838783264 332.656502723694 332.206686337789 330.875297387441 329.318841298421 323.321064313253 321.971734364827 323.67600997289 324.547608693441 323.94023736318 319.905400276184 316.624204317729 314.267992973328 319.146116574605 319.790303707123 320.078730583191 319.443066914876 318.814913431803 314.089834690094 288.528660933177 283.246835072835 303.776144981384 304.057081540426 295.405745506287 295.664668083191 295.636713504791 283.597052097321 291.846593221029 331.850409507751 352.247397104899 309.349377950033 250.164250532786 205.902616182963
348.243991533915 346.225460370382 346.371134122213 346.970399220784 345.226049423218 343.979914983114 343.828797340393 344.91229057312 347.845315933228 343.135595321655 337.984999020894 339.164098103841 339.42981561025 338.638703028361 336.721539497375 334.398905436198 330.286939938863 334.000786145528 331.724901994069 326.751669247945 327.451447645823 327.247341473897 325.568795204163 325.333754221598 325.066467126211 320.349156856537 322.449803352356 322.473148504893 321.95524374644 322.137455145518 320.977210998535 314.894080162048 295.619746049245 294.607758522034 305.658082167308 296.809395154317 282.56231546402 283.29066435496 290.929734706879 295.377532641093 308.547496795654 320.955336093903 334.903518358866 334.737022717794 292.919854323069 242.942611376444
349.514881769816 348.152279853821 349.820892016093 348.897457122803 345.163583755493 343.880613644918 343.721508979797 343.001325925191 343.372503916423 340.688625971476 338.26752503713 337.334831555684 339.8251136144 341.077764829 338.719328244527 337.291876475016 333.071291446686 335.226615269979 335.351864496867 329.871912797292 329.193532466888 325.967689355214 322.760105133057 324.422637621562 326.288123925527 322.830518086751 319.571773211161 321.175098419189 321.980039278666 321.095407009125 319.105684757233 312.195738156637 302.779932816823 303.618331750234 302.432596683502 286.19909286499 271.392544110616 277.505914370219 292.799909909566 305.027902126312 312.974333763123 310.93555688858 307.415167490641 312.97489007314 298.76846075058 249.244332313538
342.059771219889 343.749125798543 348.159829775492 346.615354220072 347.350478172302 348.403573036194 348.845720291138 347.455898920695 342.458367347717 340.310057004293 341.505289077759 338.677803675334 339.205423990885 339.443604151408 340.116103490194 336.352109909058 335.919102032979 336.19745572408 337.005575497945 332.774440447489 328.53909333547 327.421545982361 324.790040651957 323.696672916412 324.578603108724 324.141085147858 319.416681925456 319.771230220795 321.131388346354 319.212555885315 315.763851006826 308.754702409108 307.708899180094 307.953615983327 294.354955355326 271.807928880056 267.188926537832 281.30054473877 300.952812035878 305.960138638814 305.946230888367 301.606853802999 293.936192989349 292.474170525869 286.765853563945 256.334741910299
341.931899388631 345.373233159383 346.688151359558 346.467018127441 347.461064656576 348.51078192393 348.441402117411 346.156239509583 343.881011009216 342.271248499552 342.506170272827 340.437332789103 337.570508321126 335.984826087952 334.927956263224 334.024866422017 332.126299540202 335.435310999552 335.571090380351 334.633151690165 331.166386604309 328.792611757914 327.407677968343 326.950351397196 322.506308555603 326.879402001699 325.826545556386 322.87327448527 319.151123364766 316.240787506104 310.042162736257 305.149614810944 303.627808888753 299.262960751851 286.332388718923 269.726693630219 270.990908145905 287.005583445231 302.543103694916 301.085273424784 302.552064259847 295.02143462499 282.478749752045 277.837495009104 278.844197591146 268.119057019552
345.630963643392 347.856998443604 346.265395482381 347.484985987345 346.704483032227 346.421360969543 347.182552019755 346.212148666382 346.674919128418 344.920436541239 343.89066696167 341.741959253947 339.439392089844 335.952997207642 334.425131479899 338.189005851746 332.188864549001 334.63728427887 336.943070093791 335.188984870911 332.604289054871 331.215699513753 329.70005273819 329.404453436534 327.305475870768 326.157371203105 327.227056026459 324.609319368998 319.798668225606 316.385587056478 310.043434302012 305.745800336202 303.236961364746 294.181406497955 279.21728293101 264.26104704539 269.539892673492 286.998589833577 294.676899909973 288.730104764303 294.336100419362 286.000986893972 274.155418078105 276.839196681976 287.486672401428 279.168804486593
345.640738805135 346.378525098165 347.450653711955 348.015586535136 347.19443321228 347.371419270833 347.75451819102 348.593672116597 346.764365832011 346.631566683451 344.696124394735 344.455520311991 341.723521550496 340.26296933492 339.039166768392 340.147813161214 338.849623998006 334.501226743062 337.511936823527 336.028496424357 333.455801010132 332.854588826497 329.947113990784 324.896554152171 328.733245531718 324.250956376394 322.048385938009 321.631630261739 319.581508636475 316.371023654938 311.380326747894 307.723899682363 301.631172498067 290.800472100576 277.271906534831 265.935997168223 273.513694604238 286.403079827627 284.420867760976 286.314646402995 293.094992637634 282.042721907298 277.701159318288 284.680167833964 293.810307979584 285.88608900706
343.131303787231 343.891819318136 346.634348233541 346.376021703084 347.71720568339 348.782459894816 347.497224807739 347.042481104533 346.005400021871 347.750345865885 345.709204673767 344.113190968831 342.519362767537 342.725515365601 341.680486996969 340.383648872375 338.91753355662 333.192944526672 335.625966389974 335.759520530701 331.456780433655 329.141934712728 331.413646539052 323.865830898285 325.444499651591 322.738806406657 318.576117356618 317.694028218587 317.417720953623 315.322915712992 310.714145501455 308.164795239766 299.491147200267 295.946697394053 288.295149803162 275.421420733134 278.016885121663 285.258869330088 287.202775478363 293.700317541758 291.036287943522 283.825556437174 285.689194997152 286.565204461416 286.221146583557 278.042515118917
339.411020278931 340.656677881877 343.612790107727 344.544887542725 347.506284713745 348.288734753927 346.104224522909 345.441500345866 347.086270650228 348.30911954244 347.481489181519 345.000227292379 344.464659690857 344.013770421346 342.883626619975 339.392383893331 338.139136632284 333.394447962443 333.593686421712 333.852688471476 333.880345026652 331.027547518412 330.98703622818 325.415730476379 321.220835049947 324.690779050191 321.23061021169 320.300996303558 321.721990903219 319.030543168386 318.316777547201 315.146028995514 306.431710720062 305.907448132833 297.759334246318 280.346651871999 280.697067578634 288.563052813212 293.23281844457 293.357173601786 284.051199754079 281.51528040568 280.492941538493 275.242527325948 272.720694541931 272.318998972575
338.85133266449 336.837371190389 338.898579279582 343.272924423218 346.014340718587 346.553166707357 346.912026405334 348.419388135274 349.356412887573 347.272992134094 348.217884699504 348.421971003215 346.23928864797 345.173676808675 343.495567639669 339.231769243876 337.319890658061 333.814104398092 333.32614103953 335.832436879476 335.750142733256 332.786440849304 329.989075660706 328.789174556732 323.714792728424 325.437963008881 322.944899400075 323.158860206604 323.298891385396 324.8690366745 323.139826456706 318.274974822998 311.728676160177 310.563345750173 301.921804745992 285.473624865214 279.216647148132 287.2607310613 292.907178401947 283.941209316254 272.751967112223 276.383519172668 276.223401228587 270.547767480214 270.014226436615 273.821870485942
338.975270589193 340.283910433451 342.018485069275 344.89377339681 344.553391138713 344.615578651428 347.623984018962 349.918087323507 349.949518839518 350.04977385203 349.350492159526 349.376916885376 347.13884194692 344.343066215515 343.504746754964 344.247738520304 338.079373041789 335.039893786112 334.913412729899 336.435953776042 334.504842758179 334.035952885946 329.3536901474 325.45260588328 322.237809499105 323.171238104502 322.03463713328 321.469902992249 323.059240976969 325.269977251689 325.753529866536 319.868087768555 311.477561791738 309.374769528707 299.106121063232 285.281141599019 280.515869458516 284.810801347097 284.378270308177 272.458334763845 269.7527607282 280.515571435293 279.452443122864 271.758119265238 270.908931891123 266.991496086121
339.149077733358 344.176133473714 344.595074653625 346.042235692342 344.376047452291 344.078421592712 347.822229067485 349.462548891703 349.458456039429 351.628541946411 349.986592928569 348.947803179423 346.248269081116 344.239632288615 342.656850814819 345.139980316162 341.06453259786 334.325154622396 330.374658107758 330.882767836253 329.040785630544 329.139391581217 324.950655301412 321.754515171051 317.142109076182 317.393660545349 319.444874922435 319.094876448313 317.149798075358 319.659233093262 322.573184967041 318.404773871104 305.701315402985 296.822766462962 273.443003495534 260.921994845072 271.254320939382 279.102524121602 277.57740020752 277.431269486745 285.104950269063 288.500984509786 272.919019063314 264.82234398524 272.737542788188 261.739472548167
339.405020078023 338.805039723714 338.192621866862 340.341885884603 343.077778816223 345.693349838257 346.028367678324 348.069747289022 348.057150840759 349.420030911763 348.808209101359 348.792235056559 347.849130630493 344.817399978638 341.953635215759 339.717149734497 341.024875640869 332.577009995778 324.945648511251 322.919309139252 324.084122975667 321.851253509521 321.074287096659 316.533843676249 316.12624724706 311.241944630941 311.534285545349 311.388274033864 308.069129784902 308.310131231944 311.294933160146 312.234242757161 288.944184780121 265.431801478068 240.059792995453 230.10265827179 243.802467981974 268.013258775075 282.414376735687 277.965108553569 278.415997823079 273.782730102539 261.417587598165 264.278968175252 268.723448117574 245.780924956004
342.175761858622 336.534142494202 334.050575892131 337.464292844137 344.075918197632 347.5315173467 347.254316012065 347.201585769653 347.60594367981 346.855799357096 348.075389862061 347.43332862854 347.267548243205 345.607042312622 340.22045135498 338.42929204305 338.537732760112 330.139954884847 324.58225886027 325.325608253479 322.086612383525 321.204125881195 319.481213887533 313.714027404785 314.401626586914 310.423632462819 309.351980686188 308.907131354014 307.288448015849 301.713724931081 296.014050642649 289.189438025157 266.252140204112 240.651965141296 231.60582780838 228.218873341878 221.208830674489 231.631517410278 247.114360332489 265.859603881836 270.989000797272 261.338353157043 257.158358891805 260.70370276769 252.199570337931 231.404801209768
343.167980511983 339.398781458537 337.299029032389 338.871796925863 344.55935160319 348.031997680664 348.690589269002 347.177028656006 348.407586415609 345.831394195557 346.579591433207 346.41969203949 344.985008239746 345.739881197612 338.527917861938 338.953892389933 336.639006932576 328.887403011322 324.535409609477 325.410048166911 325.122574965159 321.766475836436 321.34081919988 317.208766937256 313.759903113047 312.613387902578 310.586035251617 308.329522609711 305.150866508484 300.623854001363 289.607266585032 281.097928682963 257.496237754822 243.593712647756 247.438867886861 251.110156377157 244.473059972127 236.760040124257 226.698080698649 234.159509340922 250.359197457631 242.326021194458 235.996107260386 230.156183242798 225.793480873108 221.812744935354
344.772179921468 343.413909276326 340.381582578023 337.277412414551 340.391397476196 346.315781275431 347.894390424093 345.390876134237 345.158576965332 346.20455900828 346.534172693888 347.242593765259 344.403505325317 343.565543492635 336.840709050496 336.95129553477 336.465835571289 332.157452901204 327.545742193858 326.111356417338 324.659069379171 322.578430175781 321.545879046122 320.97460826238 317.520519097646 315.484841664632 311.438461144765 303.287128607432 299.820005893707 293.956915537516 291.61395629247 286.150356133779 264.930605888367 257.685959339142 261.523922284444 269.044280052185 280.376633008321 276.982665061951 260.66525777181 231.345971425374 230.534136295319 230.880459149679 228.030661741892 226.259748140971 231.926778952281 237.704773743947
346.132040023804 345.850944519043 344.091574350993 339.453220367432 337.705373764038 342.967629432678 345.136404037476 345.412015914917 341.416160265605 344.573855400085 347.400824228923 344.205856323242 342.941999435425 341.065247853597 338.699857393901 334.677537282308 335.000395774841 332.862655321757 329.171776771545 327.954570452372 326.472540696462 324.566463629405 321.186423301697 319.619655609131 315.362095832825 314.733862876892 301.484843095144 283.484657605489 277.138491471608 281.880795955658 289.62109486262 284.549176692963 266.669968763987 259.325544039408 265.974501768748 275.974690914154 292.123675346375 301.848530769348 292.159040768941 261.078079541524 235.393941402435 237.791220347087 244.946579138438 255.861739317576 266.193429629008 269.198894500732
345.558007558187 344.653725624084 345.201094945272 342.167297999064 337.639371554057 340.257128079732 343.920548756917 343.729972839355 341.154297192891 339.489499727885 343.504667282104 342.490394910177 339.277664820353 340.0004307429 339.624365170797 334.229588508606 333.59169960022 330.708622932434 327.534258365631 327.300588289897 326.524039109548 324.890871842702 321.484525998433 316.996415456136 316.069980462392 315.392971038818 301.493326822917 284.419735272725 283.848504225413 288.349906603495 294.528961181641 287.281513214111 274.605015913645 273.468812306722 285.327851772308 288.461685180664 294.702470302582 283.331652482351 252.030471960704 243.368248144786 254.471361637115 264.230906963348 259.323596954346 253.085354963938 254.706978797913 265.439212322235
339.51203028361 343.222697575887 342.080195744832 342.214028040568 339.205185572306 336.151440938314 343.468070030212 342.688798904419 339.034199714661 334.17546749115 338.294347127279 340.295116106669 339.880307515462 336.284716924032 335.902770360311 332.95065164566 331.185658772786 330.250322818756 328.565160433451 328.602890173594 328.275481859843 325.467944145203 323.847611745199 319.489737351735 318.401753902435 319.109718004862 313.355346520742 310.985465844472 307.258546352386 303.324580192566 298.922598361969 288.905104001363 285.067081451416 282.013356685638 280.822157859802 266.050378481547 247.881015141805 213.410377502441 196.442206700643 233.22465022405 268.728415171305 270.237922668457 249.398549397786 244.486371676127 257.423579692841 271.373788515727
332.819660504659 341.300169626872 340.724547704061 338.270664215088 337.665557861328 334.3505859375 335.358301798503 340.71159362793 340.785106023153 335.9295129776 337.937831878662 339.023272196452 339.94197845459 336.918512980143 335.483153661092 333.471894264221 328.974942366282 326.054692268372 323.271175225576 321.818351745605 322.574019432068 323.496719201406 322.263558705648 320.349415143331 320.215165615082 322.920262813568 323.116521040599 323.619961738586 310.595413049062 308.505813280741 299.015680948893 287.477393945058 285.374363263448 267.870366573334 239.126940568288 210.659941037496 196.038762728373 188.597838083903 184.969941775004 209.703048070272 236.746430397034 253.785967826843 251.187602678935 263.315856456757 294.129212697347 304.169217745463
