input/barkrak2/radiation/dir16824.grid
NCOLS 85 
NROWS 70 
XLLCORNER 665100 
YLLCORNER 4664600 
CELLSIZE 20 
NODATA_value -9999 
[rows 0 to 19 of 70, columns 0 to 45 of 85]
357.153733571370026 359.050671259562 357.57835706075 351.940512657166 345.634698867798 340.74326356252 332.648535569509 326.467474301656 331.68351650238 330.203533172607 326.916217803955 335.29535929362 342.196981112162 341.995199521383 345.027526219686 355.981906255086 360.485394795736 360.016942024231 341.561516125997 330.098032951355 305.877486864726 299.569090207418 315.289338429769 321.612934271495 318.604270617167 314.635157585144 314.643104871114 306.545774141947 288.538297017415 280.943830808004 280.122637748718 283.729394276937 290.756702423096 296.357055505117 305.167396863302 297.746300697327 293.891847133636 301.563998063405 299.275279045105 302.052716414134 292.22959280014 272.061407566071 282.511274019877 309.942344824473 315.496981143951 305.516560872396
351.737499237061 356.518189112345 358.202457427979 353.370269139608 350.504795710246 345.875898996989 334.946711858114 323.737661043803 326.365033785502 328.268627325694 322.961807250977 329.938987890879 339.729388554891 341.336886088053 339.629252751668 348.041733105977 344.423770904541 342.48415629069 342.578808466593 335.564096768697 319.007396697998 308.189590771993 312.148292859395 317.70795583725 316.068013509115 311.714688936869 310.165822505951 305.878043174744 291.65118932724 281.385163466136 282.33261903127 290.585736433665 286.653717358907 289.913336435954 303.577740987142 295.785148938497 288.25432062149 290.570199489594 287.055214246114 300.366938114166 298.595209916433 285.625040531158 293.213427066803 314.063668251038 320.372422536214 308.334032694499
334.028720855713 335.930069287618 337.429841359456 339.78001276652 346.798261006673 347.884972890218 346.955855687459 340.868989626567 335.384011268616 331.131418546041 322.947283585866 323.065121968587 330.832858880361 332.867880662282 328.94363005956 332.300086816152 335.993727048238 340.53627649943 344.093600908915 341.324210166931 335.687836011251 324.968218803406 315.620839595795 313.840508460999 315.680464108785 315.680027008057 310.245871543884 304.192105929057 292.93962319692 280.311306317647 277.360479036967 288.671215375264 274.962464968363 282.034277915955 298.090259234111 292.289574940999 276.20267868042 268.929859002431 281.244556109111 300.053238868713 302.830179532369 303.436855475108 306.272884209951 321.718215942383 332.151889801025 317.419211069743
320.504188537598 315.154016017914 318.15509001414 321.932117144267 323.3749071757 324.461301167806 325.122793515523 331.539511680603 339.87832069397 341.814756393433 337.3095591863 333.691279093424 333.304782708486 332.44796593984 328.309973080953 322.114566961924 325.132489204407 331.114331881205 338.044285774231 340.333183606466 338.321447372437 335.383494695028 333.809455235799 326.340198516846 323.801636695862 325.631459554036 319.380025068919 310.487647851308 301.525235176086 291.290283203125 281.079292297363 287.029683589935 274.215340614319 281.100233395894 288.840075333913 290.010511875153 283.139328161875 279.848317305247 298.665940761566 313.929776350657 311.370372772217 304.37707901001 300.069133440654 308.149933815002 320.289194583893 322.417378425598
331.040581067403 318.824390570323 309.066295623779 300.340175628662 295.625110467275 305.882235368093 319.822529951731 326.114118099213 330.64212401708 334.232767422994 341.345508893331 345.078905423482 344.618240992228 343.067288398743 339.886864026388 336.757977803548 334.993799527486 331.1874071757 334.228833516439 339.567581812541 338.750799496969 338.698347409566 340.790271759033 335.112651189168 330.552856127421 329.417665799459 323.811908562978 314.98928864797 305.698275566101 300.145347913106 298.06387424469 294.240057468414 286.309361457825 289.294203122457 287.116249402364 290.900866190592 301.536818345388 307.465275128682 317.740639050802 323.621213436127 321.61009311676 313.566962877909 304.780125617981 300.130724906921 306.063612302144 328.29475402832
352.929552396138 340.454975763957 320.568879445394 296.012620131175 287.837624549866 295.038342475891 314.423123995463 325.418790181478 327.49617099762 326.70933008194 332.57003625234 339.270194371541 343.297998110453 345.678249994914 346.532861391703 345.746239026388 342.114845911662 334.563136100769 332.693139712016 335.789084434509 335.553407669067 338.549931844076 343.81890296936 340.929269790649 336.187720298767 334.759513537089 328.342497348785 318.785190582275 308.030982812246 300.903260707855 299.722194671631 295.026342074076 299.911240736643 306.59822622935 300.446152687073 297.662099202474 306.111911932627 313.593864440918 318.553189436595 318.858683109283 319.932262102763 316.444138685862 313.431004683177 312.198956807454 311.328371365865 318.733692169189
355.324943860372 345.397273699443 333.820541699727 321.294248104095 306.597272555033 294.894496599833 302.730679512024 322.279512882233 329.081952571869 333.607753117879 331.005990505219 328.080276648204 325.643320878347 323.473711808523 324.908852577209 333.367268244425 337.263822555542 341.366767883301 342.123667399089 341.317415237427 336.653351783752 332.364281018575 340.036869049072 342.104315757751 339.972813924154 340.650240580241 337.227900822957 328.976273536682 318.278213342031 310.544490814209 304.770251115163 305.265168348948 320.415874322255 327.232579390208 324.119945367177 316.810925801595 315.305829048157 319.440583388011 323.149581750234 329.137206077576 329.511443773905 325.243949890137 320.967415968577 314.65075413386 300.091862678528 293.313602606456
347.755352656047 348.40718905131 347.499489784241 342.474381128947 331.273396809896 311.448454856873 291.378080844879 293.30583413442 317.196726799011 332.460721333822 336.212555567424 333.872000376383 329.143583774567 323.912819226583 316.143890221914 317.158540089925 325.05597670873 333.80655447642 343.275944391886 346.70611222585 344.620704650879 337.801893552144 337.493181228638 341.007073720296 341.302911440531 343.761364618937 342.839558919271 338.286836942037 331.269959608714 326.423048973083 322.70872592926 323.09091091156 333.928505579631 338.127017021179 337.214350700378 332.984189192454 327.12443669637 323.870718479156 317.949096361796 325.797498226166 333.97364616394 337.164998054504 335.222403208415 324.968179066976 307.940324147542 291.395088036855
345.878720283508 346.641858418783 347.438255945841 346.566716829936 342.763662338257 332.35498269399 313.671390215556 293.401936690013 299.129486083984 317.26594765981 330.384353796641 334.113200505575 333.419998486837 332.31254418691 327.409783999125 323.288718859355 321.653107802073 323.249876499176 332.920451958974 340.380112330119 346.09846274058 346.84153397878 343.782027562459 341.315865516663 341.746091842651 344.662149747213 345.623691876729 343.485832214355 340.806365013123 340.69832166036 340.124726295471 339.026212692261 341.800411542257 343.258062998454 341.463645299276 339.001178741455 335.851113001506 327.517668406169 313.439746697744 316.986978054047 331.978380680084 334.365646044413 330.156922340393 326.644361019135 317.660868167877 308.409690856934
338.420192400614 342.080513636271 343.332131703695 343.131303787231 342.56907304128 343.101421991984 337.130626042684 326.661427815755 304.715057214101 298.647085825602 308.187862237294 325.08925596873 336.202581723531 339.864214261373 341.578245162964 338.805437088013 331.032375494639 328.242142995199 326.511700948079 328.533291816711 333.619832992554 335.933446884155 338.438113530477 339.45631980896 341.126441955566 343.15546353658 344.835837682088 343.0229028066 342.737913131714 344.807545344035 345.601956049601 345.526456832886 347.014983495076 348.396341005961 346.151391665141 342.012008031209 340.320865313212 335.309863090515 316.944320996602 312.198599179586 324.95520512263 325.210253397624 323.094487190247 322.254399458567 314.240197340647 304.943124453227
311.100363731384 320.08155186971 326.524098714193 331.615964571635 336.02766195933 339.226325352987 342.080672581991 341.628789901733 327.386577924093 308.547119299571 297.823210557302 302.830119927724 322.282910346985 336.165110270182 342.212716738383 338.156143824259 334.884564081828 331.935028235118 327.381233374278 324.028491973877 324.308772881826 324.034591515859 324.595888455709 331.236958503723 336.271286010742 339.380979537964 340.305725733439 339.794874191284 341.904878616333 343.513250350952 344.944477081299 345.947702725728 349.103371302287 350.122412045797 348.545908927917 345.274647076925 343.980312347412 343.361973762512 331.056694189707 317.535082499186 320.824424425761 324.523647626241 326.305449008942 326.42408212026 318.52388381958 309.413214524587
278.886000315348 284.154991308848 290.030539035797 299.567759037018 311.134119828542 322.159508864085 333.228687445323 336.584726969401 337.452491124471 329.541047414144 312.827010949453 297.553320725759 299.157500267029 316.825966040293 332.714835802714 333.028117815654 337.309598922729 336.609443028768 331.89316590627 324.670533339183 320.436060428619 318.234860897064 318.30354531606 324.215292930603 328.702092170715 330.910940965017 332.1213722229 334.395090738932 337.134599685669 339.355985323588 341.365853945414 344.600121180216 347.95081615448 348.698973655701 347.230672836304 346.133708953857 347.513437271118 348.339001337687 344.243764877319 333.418011665344 330.503582954407 333.32618077596 336.532870928446 336.70437335968 330.32089471817 328.002731005351
269.874612490336 266.189714272817 264.228383700053 264.26750421524 270.986517270406 284.868975480398 303.410311539968 318.795839945475 336.213072141012 338.218649228414 332.33122030894 318.109552065531 297.438462575277 295.593361059825 312.205990155538 329.217950503031 337.628960609436 338.703711827596 336.62756284078 332.288682460785 327.108263969421 326.162437597911 325.883169968923 326.532959938049 325.145920117696 323.981404304504 326.767802238464 331.939955552419 333.72430006663 334.542552630107 336.521069208781 339.776992797852 341.440280278524 342.269420623779 342.40730603536 343.633373578389 348.446289698283 350.451270739237 349.41844145457 346.932570139567 344.362497329712 343.54825814565 343.162894248962 342.422723770142 336.446285247803 333.193083604177
265.757918357849 241.589665412903 226.224342981974 221.177955468496 218.786199887594 223.363200823466 240.509072939555 270.994305610657 302.433292071025 326.720078786214 335.632522900899 336.215893427531 327.938199043274 308.508773644765 306.605021158854 324.971874554952 334.982315699259 340.758164723714 342.652002970378 341.423908869425 336.187521616618 334.167679150899 332.346856594086 332.352578639984 331.276516119639 329.352597395579 331.147293249766 335.83931128184 334.705471992493 331.560293833415 335.106531778971 337.356289227804 338.723580042521 339.033285776774 340.345462163289 342.85839398702 346.01088364919 347.741961479187 347.787141799927 346.773505210876 347.107847531637 347.731550534566 347.836097081502 345.443884531657 340.360601743062 335.19180615743
249.157508214315 216.49690469106 195.328533649445 191.495915253957 191.350102424622 194.91978486379 201.27526919047 225.131332874298 250.98192691803 295.050303141276 332.84870783488 346.00027402242 347.539981206258 340.520660082499 323.782543341319 320.830702781677 324.990590413411 334.478934605916 342.677474021912 344.741900761922 343.773007392883 341.237227121989 340.386629104614 339.112401008606 336.184978485107 334.682583808899 337.348699569702 337.587674458822 332.738876342773 330.997248490651 334.552923838298 337.257822354635 336.628595987956 336.832483609517 338.80623181661 340.903957684835 340.984582901001 340.462287267049 341.624538103739 341.435194015503 342.971523602804 345.911264419556 347.682555516561 345.648845036825 341.593146324158 339.287439982096
214.610358079275 190.911114215851 175.782481829325 172.834773858388 188.851157824198 207.338293393453 206.673502922058 211.90877755483 232.091546058655 261.690378189087 305.315216382345 343.941768010457 351.676940917969 350.844581921895 344.328006108602 326.146324475606 318.904976050059 320.662120978038 331.780970096588 344.397226969401 347.198883692424 344.199379285177 345.108350118001 342.867374420166 338.968594868978 338.966806729635 341.564337412516 338.518540064494 333.441019058228 335.848530133565 338.111042976379 337.796489397685 336.304903030396 334.977706273397 335.376818974813 335.027734438578 334.184606870015 330.683489640554 332.0006330808 332.924723625183 335.862398147583 337.823351224263 339.140653610229 338.914434115092 339.775760968526 341.255029042562
189.126233259837 179.917752742767 172.893484433492 165.173768997192 170.189917087555 191.736221313477 209.48870976766 212.181051572164 226.583480834961 237.915972868601 262.758870919545 311.238924662272 348.153670628866 349.515080451965 347.354253133138 344.652692476908 339.72426255544 329.383909702301 322.728474934896 330.489257971446 342.758695284526 345.590035120646 346.939484278361 344.997922579447 341.804027557373 342.718839645386 345.501263936361 342.939376831055 338.957071304321 342.424949010213 343.437949816386 338.112791379293 335.131486256917 333.613554636637 330.900132656097 329.204559326172 326.732357343038 326.015690962474 326.185981432597 327.1497686704 329.032222429911 330.878615379333 331.337670485179 332.823693752289 338.900605837504 341.823697090149
180.558582146962 184.430480003357 186.029414335887 176.628569761912 160.841802755992 167.279680569967 196.96960846583 211.901009082794 229.985435803731 240.741153558095 249.234954516093 277.155617872874 323.739091555278 347.460905710856 349.627017974854 350.511431694031 350.658337275187 346.171140670776 335.073232650757 324.524780114492 331.88529809316 344.440857569377 345.086614290873 343.708912531535 343.911329905192 347.330451011658 349.393963813782 347.637335459391 345.22533416748 346.6983238856 344.420433044434 338.531215985616 335.793336232503 332.656343777974 329.259355862935 327.547172705332 326.348622639974 325.650970141093 325.578848520915 326.844731966654 327.564120292664 328.688402970632 327.554802099864 330.20023504893 335.22089322408 340.89994430542
190.58891137441 201.286276181539 209.763427575429 205.091595649719 184.52254931132 175.658981005351 197.676142056783 214.718441168467 232.876896858215 255.149245262146 263.719042142232 270.377477010091 301.191389560699 332.431892553965 346.033493677775 349.743207295736 350.189129511515 349.806348482768 348.018288612366 339.831113815308 328.303337097168 336.732864379883 339.677294095357 343.159119288127 346.910834312439 350.07643699646 351.383765538534 349.6439854304 345.813194910685 345.56504090627 342.40984916687 338.693062464396 335.997740427653 332.770129044851 330.878933270772 328.419307867686 328.416665395101 326.899170875549 325.280090173086 327.353000640869 329.018652439117 329.990605513255 329.690833886464 331.823925177256 331.616759300232 339.03956413269
204.872012138367 209.529598553975 221.861203511556 237.756530443827 226.581116517385 192.740559577942 192.532261212667 203.822394212087 223.167479038239 246.426443258921 262.291630109151 264.769593874613 279.209494590759 299.037714799245 328.071633974711 343.560616175334 346.202770868937 346.831440925598 347.325483957926 346.843401590983 343.40500831604 336.132844289144 336.80518468221 341.559012730916 346.595207850138 349.491397539775 351.641257603963 349.325736363729 343.904733657837 343.57210000356 340.360442797343 335.76488494873 333.207448323568 333.149214585622 332.536975542704 329.615950584412 328.160405158997 323.322554429372 321.233014265696 327.002724011739 331.14755153656 332.213362058004 332.644621531169 332.618137200673 331.085801124573 335.51820119222
