input/barkrak2/radiation/dir10624.grid
NCOLS 85 
NROWS 70 
XLLCORNER 665100 
YLLCORNER 4664600 
CELLSIZE 20 
NODATA_value -9999 
[rows 20 to 39 of 70, columns 0 to 45 of 85]
120.116869608561 109.471420447032 118.860264619191 149.102290471395 144.411226113637 121.479372183482 112.225035826365 122.079422076543 134.419620037079 151.565124591192 162.890861431758 164.766947428385 167.065461476644 168.393035729726 181.829909483592 202.925801277161 213.591496149699 225.078940391541 240.30073483785 257.662177085876 266.301771004995 256.50147596995 260.342597961426 265.443126360575 268.397370974223 268.116414546967 270.108977953593 267.487267653147 270.038664340973 272.099693616231 265.361487865448 251.038491725922 236.065745353699 225.871860980988 221.726616223653 228.054841359456 227.279941240946 229.427854220072 234.22912756602 239.373127619425 239.791870117188 240.212043126424 242.62813727061 236.137549082438 242.020169893901 246.045231819153
152.945707241694 143.533517916997 145.211825768153 175.994098186493 173.37691783905 125.358869632085 123.903850714366 132.996062437693 141.660114129384 147.994567950567 154.953400293986 158.901373545329 162.383377552032 157.015850146612 168.842792510986 183.725376923879 197.038332621257 208.578626314799 222.175121307373 238.273501396179 245.478252569834 255.606015523275 261.012673377991 257.784962654114 254.267811775208 241.294185320536 229.630827903748 227.636873722076 230.744322141012 221.230884393056 209.285855293274 184.842626253764 177.203774452209 168.947199980418 174.05887444814 195.560574531555 204.591810703278 221.50985399882 233.813246091207 234.114150206248 232.020735740662 230.985760688782 223.580638567607 205.475946267446 230.117400487264 241.023500760396
199.671347935994 200.066685676575 189.702610174815 196.027139822642 195.554335912069 152.919660011927 147.749443848928 141.336679458618 138.917555411657 142.496963342031 153.622368971507 162.635544935862 166.956682999929 163.841217756271 167.275965213776 172.787626584371 185.996890068054 198.009292284648 209.147433439891 213.53801091512 217.144747575124 231.524964173635 241.720636685689 246.138870716095 244.561831156413 238.39408159256 225.257456302643 215.531627337138 216.046392917633 202.581981817881 175.544520219167 128.859847784042 99.2599229017894 103.782306114833 129.957646131516 156.967957814535 177.936951319377 201.690475145976 216.075857480367 219.559788703918 223.99906317393 225.869238376617 200.364331404368 172.756433486938 206.537127494812 237.256745497386
231.934666633606 227.152407169342 206.09978834788 202.20547914505 200.874368349711 190.433323383331 171.346207459768 148.528635501862 135.299493869146 139.02626434962 153.864274422328 164.146373669306 168.734610080719 176.839609940847 174.029390017192 176.034231980642 185.327688852946 195.402503013611 202.564120292664 197.170813878377 196.176767349243 198.828061421712 213.98001909256 223.958591620127 227.54446665446 227.627793947856 215.482672055562 199.936966101329 182.056625684102 153.547465801239 124.732792377472 98.9366173744202 58.3294481039047 23.3678470055262 24.718331793944 58.4019372860591 100.945184628169 137.849599123001 169.777274131775 179.189781347911 177.838067213694 161.968757708867 156.91606203715 186.769107977549 193.930963675181 225.776414076487
226.535141468048 225.427091121674 217.660884062449 205.30378818512 192.729612191518 190.0927623113 174.018800258636 160.820533831914 147.308061520259 141.737431287766 150.022884209951 159.20494000117 164.832373460134 176.514128843943 176.860769589742 177.783370018005 183.914383252462 196.028570334117 203.56297492981 195.811629295349 194.979389508565 189.460237820943 197.045187155406 204.816381136576 208.398739496867 206.548988819122 200.143337249756 185.261348883311 165.833522876104 119.020650784175 100.364983081818 96.1248377958934 71.2360938390096 21.9556341568629 15.8583497007688 39.0949199597041 61.2514664729436 81.828976670901 108.207523822784 130.171606938044 124.495387077332 110.952109098434 131.752828756968 211.920539538066 212.25651105245 229.109644889832
215.319395065308 220.490256945292 223.682959874471 207.567056020101 193.222343921661 191.300352414449 185.770452022552 190.90990225474 186.5460673968 170.790433883667 166.143705447515 174.170672893524 179.359217484792 190.026799837748 188.731869061788 182.684222857157 185.951968034108 196.883956591288 203.177134195964 206.77920182546 211.109002431234 204.680661360423 198.858479658763 197.521090507507 195.291876792908 196.751554807027 189.765135447184 176.731606324514 151.183078686396 131.673236687978 127.296656370163 140.142420927684 136.815210183462 78.8576056559881 46.8654980262121 55.8228343725204 62.4653001626333 71.8745688597361 94.356636206309 94.2472120126088 89.5101726055145 96.1841146151225 139.247765143712 209.319392840068 226.790368556976 235.870242118835
215.575575828552 220.067898432414 223.770201206207 212.112824122111 209.094683329264 208.162824312846 211.582660675049 214.123527208964 217.197378476461 209.788342316945 191.5669242541 199.422776699066 198.058565457662 208.262721697489 206.289569536845 194.580793380737 191.009561220805 203.066468238831 208.759784698486 221.560994784037 224.023163318634 220.837672551473 210.660080115 201.760411262512 198.840339978536 198.416769504547 190.64462184906 184.156576792399 164.852937062581 165.527502695719 182.12354183197 207.901080449422 215.698957443237 209.251046180725 152.029017607371 84.7810010115306 79.5119106769562 80.9612820545832 94.3332612514496 94.9458181858063 106.912970542908 146.67413632075 171.98117574056 199.023028214773 224.294583002726 233.898560206095
218.845228354136 215.929448604584 218.126436074575 213.934202988942 238.218188285828 230.378647645315 230.335017045339 225.4984776179 226.493537425995 226.897815863291 209.424038728078 201.664706071218 207.44530359904 210.24344364802 211.022078990936 206.717610359192 200.414717197418 207.900861899058 220.595757166545 226.988852024078 224.663098653158 214.894513289134 212.367355823517 209.812800089518 206.960678100586 205.0994237264 198.791404565175 195.851663748423 194.342990716298 204.587340354919 222.150603930155 235.613922278086 240.859687328339 253.669222195943 242.687582969666 149.689803520838 100.041955709457 88.2967412471771 88.979850212733 103.447059790293 145.661016305288 213.703493277232 193.076908588409 190.097053845723 205.260356267293 208.24267466863
218.837598959605 207.475145657857 210.362811883291 219.882090886434 258.404533068339 239.485581715902 224.939962228139 216.453492641449 216.271201769511 214.715699354808 204.873184363047 196.735620498657 203.426579634349 210.070610046387 213.997721672058 215.220729509989 211.677173773448 207.075238227844 217.487414677938 219.135502974192 216.031352678935 208.051800727844 207.5381676356 212.650815645854 212.808012962341 206.453402837118 207.641998926798 202.435294787089 203.44332853953 218.085249265035 237.247784932454 252.135594685872 255.822777748108 256.048281987508 264.195640881856 223.350544770559 118.557979663213 75.2806266148885 62.9074374834696 85.3427251180013 159.530103206635 200.5735039711 184.072573979696 155.244559049606 165.475189685822 173.597971598307
214.795688788096 199.507971604665 204.891204833984 229.746699333191 257.613837718964 236.909548441569 211.516400178274 192.452510197957 182.037432988485 177.799344062805 178.275724252065 181.374907493591 199.46551322937 210.643649101257 214.199284712474 220.433056354523 219.084223111471 204.748551050822 207.800269126892 208.079079786936 208.447893460592 207.335690657298 209.083278973897 214.35405810674 216.568032900492 210.179487864176 214.905420939128 208.866039911906 206.713219483693 224.154988924662 246.338287989298 262.510895729065 260.068456331889 257.872482140859 268.441160519918 270.031094551086 211.574018001556 121.34047349294 89.0894929567973 97.4214275677999 131.379654010137 150.617182254791 161.03051106135 129.762937625249 129.08798456192 140.093704064687
207.6123158137 214.236875375112 244.085590044657 289.497176806132 282.533327738444 243.436952431997 204.985459645589 172.523558139801 160.199562708537 168.200790882111 163.402686516444 162.456770737966 190.067688624064 207.403560479482 218.131065368652 224.262336889903 222.919841607412 210.102518399556 210.059901078542 209.310710430145 209.316690762838 212.378184000651 216.033716996511 216.074903806051 220.013757546743 221.921622753143 221.650640169779 219.217340151469 216.313481330872 233.914037545522 255.144039789836 266.531984011332 262.289742628733 266.704241434733 275.016049544017 279.507696628571 278.322537740072 251.882870992025 171.310742696126 125.652849674225 113.312433163325 114.663223425547 137.400100628535 126.433183749517 122.95937538147 145.616193612417
226.239879926046 260.143458843231 296.44642273585 312.42573261261 322.404325008392 285.2756579717 236.740549405416 194.738427797953 181.294480959574 194.697638352712 184.954206148783 170.699258645376 182.022134462992 205.913583437602 223.012467225393 227.891365687052 226.67541106542 222.494979699453 215.052823225657 214.039663473765 214.507758617401 217.093348503113 219.688455263774 219.012141227722 222.842752933502 232.339859008789 232.20439751943 235.316594441732 234.348058700562 244.772692521413 259.220878283183 267.357190450033 269.678632418315 277.353247006734 283.361156781514 274.4460105896 275.82569917043 291.575749715169 251.51002407074 173.394719759623 124.838163455327 117.169082164764 121.664255857468 133.566617965698 152.005483706792 181.401928265889
276.359498500824 301.278154055278 308.815121650696 305.123130480448 319.429914156596 320.202867190043 295.862893263499 259.149034818013 231.447398662567 228.41743628184 225.749909877777 204.859932263692 186.071455478668 203.246891498566 225.832541783651 231.759905815125 226.737976074219 228.502015272776 214.885592460632 213.191648324331 218.01753838857 219.886442025503 220.512668291728 220.221002896627 222.360789775848 236.035863558451 242.864966392517 247.768998146057 245.271960894267 247.580071290334 262.486716111501 272.277514139811 270.593265692393 269.837101300557 272.570550441742 262.085258960724 263.932923475901 269.157667954763 243.838349978129 196.344117323558 160.218815008799 140.176643927892 131.073296070099 134.690602620443 152.656078338623 187.351365884145
297.098418076833 304.726481437683 300.535639127096 292.216499646505 296.938359737396 311.331113179525 312.826375166575 291.237711906433 264.556070168813 254.346827665965 256.849388281504 235.199610392253 211.599369843801 212.289849917094 222.489754358927 225.62434275945 222.180704275767 226.439813772837 218.015650908152 220.026195049286 218.035042285919 219.730655352275 217.738787333171 217.188040415446 223.986268043518 233.886520067851 243.391871452332 246.595581372579 245.176037152608 251.964767773946 264.540592829386 266.052901744843 254.234413305918 247.389495372772 250.912586847941 232.121169567108 230.75395822525 221.470852692922 195.184071858724 177.825093269348 189.54203526179 173.814177513123 155.044823884964 140.713105599085 140.617420276006 162.376383940379
302.319089571635 301.8892010053 305.865188439687 295.945008595784 291.984657446543 300.364335378011 314.983626206716 314.560314019521 287.180781364441 266.335407892863 258.310953776042 250.252505143483 241.991440455119 227.930088837941 224.988440672557 226.39266649882 224.284589290619 220.645328362783 219.717780749003 223.074714342753 220.333476861318 219.514131546021 220.458745956421 220.536629358927 224.262376626333 231.292049090068 240.387002627055 238.635241985321 239.842454592387 252.950886885325 261.356810728709 253.922740618388 241.325259208679 240.466793378194 234.24086968104 216.697812080383 219.669699668884 217.982331911723 209.423045317332 203.009128570557 208.726922671 214.543839295705 193.499485651652 176.149249076843 158.304591973623 144.733717044195
313.42617670695 312.551697095235 317.377050717672 313.805798689524 306.568682193756 307.07311630249 316.705902417501 324.127395947774 299.568593502045 270.335714022319 255.757411321004 254.381656646729 258.828043937683 240.100026130676 232.707937558492 235.114773114522 228.163520495097 222.271919250488 226.197342077891 228.20383310318 226.177354653676 221.432904402415 224.088410536448 229.672809441884 227.934102217356 232.285777727763 234.525104363759 232.693016529083 237.442831198374 251.420974731445 256.290793418884 249.386827150981 243.549187978109 244.627078374227 228.905459245046 222.408711910248 228.168845176697 232.665816942851 236.754099527995 233.07478427887 200.969854990641 200.218856334686 188.474774360657 175.165375073751 158.04335474968 133.936941623688
316.001037756602 316.139499346415 319.201310475667 317.666312058767 311.296721299489 306.762377421061 313.482860724131 323.812584082286 305.413822333018 273.240129152934 255.291879177094 255.740880966187 258.901675542196 242.15829372406 231.385628382365 237.019379933675 240.488390127818 229.835152626038 233.643154303233 236.038664976756 235.610286394755 230.614920457204 230.567614237467 233.26983054479 230.375667413076 229.592581590017 234.3736688296 239.207963148753 241.277277469635 252.646366755168 256.890157858531 252.48118241628 245.910207430522 244.539777437846 228.351513544718 231.594900290171 235.522548357646 240.145762761434 241.666595141093 231.697201728821 178.928931554159 149.028797944387 135.576864083608 127.279977003733 123.116145531336 114.958703517914
311.321159203847 315.275986989339 319.118658701579 317.095875740051 311.934908231099 310.59726079305 314.662396907806 321.378231048584 313.405831654867 280.969719092051 266.259074211121 256.698469320933 247.743606567383 237.851738929749 230.336944262187 235.987067222595 247.634927431742 239.015539487203 236.790617307027 239.87877368927 240.147252877553 235.547661781311 229.893167813619 231.511970361074 234.018623828888 232.869327068329 234.440883000692 243.350625038147 246.226787567139 249.691565831502 254.846135775248 255.579988161723 248.997867107391 234.166026115417 221.731265385946 239.244321982066 247.72051970164 248.256663481394 241.131504376729 235.478818416595 172.892491022746 114.08743262291 92.9262439409892 80.2153646945953 80.298791329066 82.7167828877767
291.63138071696 299.748698870341 304.942190647125 305.959542592367 307.732363541921 313.395937283834 317.519545555115 319.805264472961 317.188700040181 295.386433601379 282.332261403402 264.331877231598 248.993972937266 246.518592039744 238.486389319102 232.756197452545 242.120941480001 243.505915006002 236.830274264018 234.72140232722 236.453771591187 232.323964436849 228.538552920024 229.517340660095 232.430160045624 235.811769962311 234.514355659485 240.077137947083 243.975122769674 244.955956935883 251.199742158254 256.783366203308 244.621952374776 220.937291781108 227.422992388407 254.168887933095 258.732696374257 252.721528212229 241.431732972463 241.840938727061 220.243453979492 146.929800510406 93.9037601153056 76.6571760177612 72.8324006001155 70.5299625794093
263.493239879608 269.410729408264 269.103805224101 277.76845296224 289.874653021495 302.146315574646 311.094601949056 316.113471984863 315.181732177734 300.628344217936 280.325690905253 258.290568987529 247.371276219686 243.129889170329 240.62438805898 234.303772449493 238.738099733988 238.669772942861 230.643550554911 228.415091832479 232.90620247523 233.738978703817 233.488063017527 228.183408578237 228.421926498413 231.561938921611 234.83278354009 238.641341527303 242.435097694397 243.089596430461 243.254403273265 249.738136927287 237.126708030701 223.176678021749 250.637531280518 267.654836177826 262.231489022573 255.267043908437 248.301466306051 252.725919087728 271.539330482483 253.137667973836 177.114446957906 127.210636933645 93.6581790447235 69.7929561138153
