input/barkrak2/radiation/dir13524.grid
NCOLS 85 
NROWS 70 
XLLCORNER 665100 
YLLCORNER 4664600 
CELLSIZE 20 
NODATA_value -9999 
[rows 40 to 59 of 70, columns 0 to 45 of 85]
315.664092699687 316.655437151591 316.174566745758 318.113545576731 323.146760463715 326.333403587341 329.025546709696 331.684807936351 332.191467285156 322.522044181824 311.912337938945 308.075070381165 307.079434394836 302.545666694641 301.784833272298 300.839106241862 299.027383327484 297.931392987569 294.524709383647 292.909502983093 295.822521050771 299.470782279968 301.377832889557 296.904047330221 293.523629506429 289.498130480448 295.599718888601 296.766380469004 296.615123748779 296.275655428569 293.53787501653 291.02897644043 271.678924560547 269.863287607829 293.441037336985 293.246527512868 283.458610375722 281.182646751404 282.767176628113 274.697740872701 285.422742366791 319.831172625224 325.529038906097 271.06237411499 208.724757035573 170.31329870224
321.047306060791 318.708896636963 318.891525268555 318.831225236257 316.535274187724 314.445396264394 313.957154750824 314.472258090973 318.176011244456 311.86056137085 305.391093095144 305.743098258972 307.376126448313 307.769735654195 305.624226729075 302.908778190613 299.719373385112 304.287751515706 303.997576236725 300.56752761205 301.419834295909 301.688452561696 299.609084924062 300.502816836039 300.702770551046 294.095039367676 297.293066978455 298.433820406596 298.047025998433 298.168619473775 296.626031398773 291.799485683441 277.20699707667 281.43568833669 293.475111325582 283.612310886383 268.418749173482 266.355872154236 272.203663984935 278.958002726237 298.395097255707 311.575849850972 317.437767982483 302.984356880188 253.653744856517 206.323842207591
322.744905948639 320.928672949473 323.049068450928 321.857333183289 317.061642805735 314.668854077657 313.896556695302 311.713020006816 312.089502811432 307.9807360967 306.872248649597 305.709103743235 308.905561765035 310.756246248881 309.521635373433 307.660897572835 304.427822430929 309.102972348531 309.97892220815 303.973833719889 301.329016685486 299.382011095683 295.71545124054 296.46905263265 299.203753471375 293.939371903737 290.45824209849 291.929443677266 294.150829315186 295.435070991516 294.992168744405 289.55868879954 283.672293027242 289.862056573232 290.391763051351 271.894017855326 255.874653657277 260.309894879659 273.517568906148 286.641915639242 295.917987823486 294.869959354401 287.946959336599 283.89310836792 259.577333927155 208.278059959412
312.631805737813 314.726293087006 320.078651110331 318.197091420492 319.016357262929 320.839504400889 320.960879325867 317.131578922272 310.19538640976 308.429042498271 311.007440090179 308.552106221517 308.084448178609 310.138285160065 310.977677504222 308.131535847982 309.515734513601 310.294528802236 309.816638628642 305.070777734121 300.104300181071 297.209143638611 292.784154415131 291.55969619751 293.031334877014 295.048872629801 290.050864219666 289.394895235697 292.027572790782 292.379319667816 289.499918619792 283.490598201752 285.178224245707 289.394120375315 279.654920101166 256.91560904185 251.789609591166 265.071431795756 283.009052276611 287.282625834147 285.712361335754 281.461656093597 273.779173692067 265.390793482463 248.743732770284 213.916897773743
312.105298042297 315.816183884939 317.739129066467 317.843755086263 318.587342898051 319.548229376475 319.947838783264 317.563891410828 314.27268187205 311.827699343363 312.276164690654 310.793459415436 308.698912461599 306.958933671315 305.872182051341 305.151840051015 302.94539531072 305.991212526957 307.853897412618 303.667108217875 299.561977386475 297.202169895172 295.743266741435 293.498297532399 290.48369328181 296.602567036947 297.978560129801 294.858554999034 293.146709601084 288.898309071859 282.756586869558 279.115577538808 280.220786730448 277.37283706665 267.420093218486 253.511607646942 255.751967430115 271.778047084808 285.976529121399 282.41894642512 282.761792341868 274.255494276683 263.242363929749 254.093865553538 244.925320148468 226.840039094289
316.696266333262 319.146513938904 316.571017106374 318.580269813538 317.613820234935 317.179143428802 318.267226219177 317.565182844798 318.049649397532 315.418839454651 315.054853757222 313.851157824198 310.924847920736 306.795756022135 305.242339769999 307.173470656077 301.669220129649 303.203801314036 304.789960384369 302.755574385325 301.379005114237 298.44872156779 298.383772373199 296.449859937032 294.291536013285 293.280025323232 295.689324537913 293.446063995361 292.194147904714 289.195120334625 282.967348893483 277.057925860087 276.139537493388 270.006875197093 257.450083891551 244.8677221934 251.699566841125 269.937614599864 276.669979095459 268.125891685486 273.38182926178 265.025019645691 254.583716392517 256.072700023651 260.083278020223 242.856621742249
315.945943196615 317.049443721771 318.081657091777 319.212158521016 318.931460380554 319.009264310201 319.653292496999 320.857425530752 318.99239619573 317.759950955709 317.339579264323 316.046992937724 313.802023728689 310.806214809418 308.258016904195 309.958140055339 306.786974271138 301.401416460673 305.494785308838 303.873439629873 299.184381961823 300.493995348612 297.097782293956 291.182518005371 296.356618404388 288.97879521052 291.29022359848 291.75345102946 290.207346280416 286.213080088298 282.214641571045 279.684285322825 274.681349595388 266.567627588908 255.987524986267 246.541341145833 253.604273001353 266.542971134186 265.504817167918 266.193330287933 271.625836690267 260.989725589752 258.424778779348 266.195257504781 271.760404109955 256.064454714457
311.861832936605 313.613673051198 317.404369513194 317.555844783783 319.638291994731 320.88311513265 319.099843502045 318.772216637929 318.983276685079 320.337553819021 318.687637646993 315.584540367126 312.617500623067 312.854826450348 310.126562913259 308.602650960286 306.856473286947 297.978202501933 299.606581528982 301.956236362457 298.558970292409 296.153664588928 295.054018497467 289.884050687154 292.153636614482 289.576431115468 282.986680666606 285.174409548442 286.011795202891 283.515413602193 283.027132352193 280.747294425964 272.608915964762 271.11413081487 268.825093905131 258.931259314219 259.888728459676 264.102538426717 266.845166683197 275.202691555023 270.549237728119 262.834032376607 266.122778256734 268.636961778005 266.634106636047 254.490335782369
306.837499141693 309.250255425771 313.221355279287 315.477589766185 318.944652875264 321.005463600159 318.325301011403 317.325909932454 319.48975721995 321.082333723704 319.113771120707 314.709146817525 313.788990179698 313.301126162211 310.354391733805 304.36509847641 304.335633913676 294.556458791097 298.807899157206 299.770931402842 296.250601609548 294.478515783946 296.618501345317 289.856473604838 287.466585636139 290.097614129384 286.360422770182 288.084248701731 291.246255238851 291.632016499837 292.564451694489 291.639526685079 281.326452891032 281.515498956044 278.175791104635 266.242146492004 266.067226727804 269.618352254232 272.305230299632 273.914078871409 263.96365960439 259.596824645996 258.326411247253 253.984888394674 251.864711443583 251.26588344574
306.817213694255 304.336508115133 307.90897210439 313.616275787354 316.648284594218 317.865649859111 319.415986537933 321.290969848633 321.549038092295 317.760626475016 319.19660170873 318.301320075989 313.698172569275 312.170624732971 308.362543582916 305.833876132965 299.971679846446 296.969354152679 296.570897102356 298.351029555003 298.472364743551 298.911035060883 293.33225886027 294.158200422923 290.582597255707 291.190465291341 293.069839477539 293.836851914724 297.43884007136 300.876617431641 303.121308485667 299.720565478007 290.851175785065 290.011048316956 282.470484574636 270.734588305155 266.604542732239 272.033413251241 273.558338483175 263.423482577006 252.477963765462 255.093137423197 255.055507024129 249.012311299642 247.628152370453 251.191794872284
307.100355625153 309.458831946055 310.901045799255 315.642833709717 315.458496411641 314.990739027659 319.327890872955 321.690281232198 320.806225140889 320.633788903554 318.412621815999 317.36171245575 315.158685048421 309.703509012858 309.963802496592 307.737449804942 302.742898464203 296.512325604757 296.428521474202 301.11042658488 301.157792409261 298.472980658213 294.917523860931 292.842169602712 289.048473040263 293.315887451172 295.151988665263 294.983665148417 297.692994276683 301.823973655701 304.817954699198 301.961104075114 294.635395208995 288.764576117198 277.572274208069 267.207205295563 266.200661659241 271.331369876862 268.142739931742 252.919455369314 248.661359151204 260.181466738383 259.008010228475 251.741011937459 249.2755651474 245.619376500448
307.103375593821 314.590354760488 315.348565578461 315.476417541504 313.679258028666 313.231527805328 317.276835441589 320.840736230214 318.836728731791 320.661266644796 319.550613562266 315.5597448349 314.162313938141 307.933688163757 305.014232794444 308.889826138814 303.228537241618 297.851820786794 293.016056219737 298.466106255849 298.794806003571 296.85389995575 294.416904449463 290.775716304779 288.189470767975 288.946350415548 291.889607906342 291.919767856598 292.934060096741 296.91880941391 302.091598510742 301.531950632731 289.759695529938 276.916861534119 247.304081916809 236.30686601003 250.663379828135 262.982328732808 263.889749844869 263.401627540588 268.102288246155 267.8196032842 251.365820566813 244.308869043986 252.278526624044 240.798532962799
308.598458766937 305.823842684428 305.068651835124 306.982457637787 311.923185984294 314.24754858017 312.238375345866 315.520127614339 315.491199493408 315.800627072652 315.225005149841 316.576580206553 313.722769419352 308.748682339986 305.819729963938 305.123527844747 305.116057395935 295.682589213053 291.099965572357 291.126668453217 290.438055992126 292.602340380351 292.124529679616 286.930819352468 286.929070949554 284.159719944 284.847696622213 285.076200962067 284.461299578349 285.303235054016 286.897460619609 291.333417097727 269.881943861643 243.862668673197 214.822332064311 201.84733470281 216.102143128713 242.630779743195 263.957341512044 263.9186779658 264.72802956899 256.579597791036 241.090734799703 241.906185944875 248.507559299469 226.523836453756
310.167789459229 302.929182847341 299.835880597432 303.039650122325 309.526383876801 314.32177623113 313.809017340342 312.751551469167 311.704536279043 311.669031778971 312.407076358795 312.827587127686 312.961479028066 311.680356661479 305.591543515523 305.343468983968 305.72505791982 297.287464141846 293.059825897217 294.096986452738 292.95019308726 289.689103762309 287.867446740468 283.909956614176 284.791529178619 280.725419521332 282.198786735535 279.616097609202 278.031249841054 274.572471777598 268.084009488424 265.273233254751 244.352380434672 220.398048559825 209.227085113525 200.305918852488 189.940810203552 200.902879238129 219.387928644816 242.753664652507 252.975980440776 243.736624717712 237.864216168722 238.388935724894 229.877233505249 208.455741405487
310.812731583913 305.652519067128 300.374547640483 302.090605099996 308.37345123291 313.354770342509 312.889536221822 309.797167778015 312.723537286123 310.118476549784 311.189691225688 312.652269999186 312.642196814219 313.660899798075 307.555516560872 306.249141693115 305.668671925863 298.486808935801 293.485760688782 296.899378299713 296.740472316742 292.89964834849 290.147364139557 288.258910179138 284.512360890706 283.432165781657 283.730387687683 278.876721858978 275.37723382314 270.594159762065 260.94243923823 255.987524986267 236.490348974864 225.61260064443 228.388428688049 228.214104970296 215.499997138977 203.449845314026 194.528539975484 204.47583993276 226.562639077504 222.382684548696 214.522878328959 205.777208010356 202.303409576416 201.499740282694
311.385254065196 308.889031410217 302.946090698242 299.926539262136 300.587852795919 308.849533398946 311.814745267232 309.755285580953 310.646096865336 311.918675899506 314.227839310964 313.750147819519 313.655694325765 312.619249025981 307.949503262838 306.121706962585 307.762980461121 302.709798018138 297.270079453786 295.537352561951 296.081960201263 293.941378593445 293.242732683818 293.14664999644 289.189755916595 286.985615889231 282.235264778137 275.422890981038 271.242360273997 267.260134220123 265.1061018308 261.617660522461 244.539936383565 241.46028359731 246.497670809428 252.653419971466 258.402585983276 250.624100367228 233.521978060404 201.745251814524 202.291111151377 209.650158882141 207.304139931997 202.31956243515 207.021832466125 216.762403647105
312.129179636637 311.424473921458 305.300831794739 299.61359500885 296.806553999583 305.256326993306 309.040745099386 309.769570827484 306.905527909597 309.292733669281 313.595016797384 315.138717492421 311.777273813883 311.443269252777 310.532947381337 305.478056271871 306.249658266703 303.555230299632 299.175143241882 297.806859016418 298.389554023743 296.645124753316 293.011407057444 291.364391644796 289.238890012105 285.792032877604 270.360370477041 250.523428122203 247.687677542369 251.702984174093 259.272873401642 255.850772062937 244.640211264292 241.235156853994 250.443240006765 262.651761372884 277.079482873281 283.150235811869 274.509390195211 236.335972944895 208.238581816355 215.672234694163 226.085682710012 235.403219858805 244.007011254629 250.393132368724
309.39902861913 307.469268639882 306.687255700429 302.876154581706 296.404321988424 301.570316155752 308.678825696309 310.280700524648 306.419591108958 306.507488091787 312.063594659169 314.765195051829 310.709695021311 309.905111789703 309.794743855794 304.76701259613 304.339667161306 301.050146420797 299.688915411631 299.692571163177 299.178163210551 297.670741875966 296.000957489014 290.765702724457 287.554740905762 287.181337674459 272.016644477844 252.300143241882 249.003191788991 254.291355609894 262.593507766724 256.682872772217 252.278129259745 254.218935966492 268.439412117004 273.24910958608 278.758943080902 256.871740023295 230.703512827555 223.916411399841 232.105652491252 244.140148162842 239.801665147146 230.868776639303 228.992263476054 241.681456565857
301.67696873347 304.924289385478 304.611166318258 302.93071269989 298.493067423503 297.858496507009 307.844440142314 310.513456662496 305.664976437887 302.443087100983 309.400657812754 312.129139900208 311.535199483236 307.119747002919 306.987226009369 305.369277795156 301.147679487864 300.479094187419 301.166216532389 301.578203837077 301.612655321757 298.34767182668 296.602527300517 291.471680005391 290.441572666168 292.227864265442 285.875916481018 282.774130503337 278.570016225179 278.033196926117 273.576259613037 264.585216840108 263.927718003591 266.85752471288 262.097696463267 244.52817440033 223.830580711365 189.876596132914 170.131504535675 206.799070040385 245.560586452484 251.633842786153 233.484784762065 225.811421871185 233.122587203979 245.528876781464
292.276660601298 301.468114058177 301.114996274312 298.921426137288 299.843112627665 295.509298642476 300.619125366211 309.595306714376 310.403247674306 305.045604705811 308.886726697286 310.364147027334 311.631302038829 307.922720909119 306.409577528636 305.991133054097 300.758103529612 300.2015153567 295.051376024882 293.370564778646 294.536550839742 295.574545860291 292.1142578125 292.470137278239 292.7538951238 297.265728314718 298.838198184967 302.343785762787 287.487188975016 285.107413927714 274.601678053538 261.317789554596 261.239647865295 245.528777440389 212.643563747406 188.925524552663 177.084068457286 165.083010991414 156.983375549316 177.28998263677 204.610606034597 228.14800341924 234.552065531413 249.33667977651 278.499484062195 285.572588443756
