input/barkrak2/radiation/dir17024.grid
NCOLS 85 
NROWS 70 
XLLCORNER 665100 
YLLCORNER 4664600 
CELLSIZE 20 
NODATA_value -9999 
[rows 0 to 19 of 70, columns 0 to 45 of 85]
357.308745384216024 359.166741371155 357.649842898051 351.947585741679 345.605611801147 340.715487798055 332.619031270345 326.436142126719 331.660469373067 330.173750718435 326.880931854248 335.276087125142 342.193643252055 341.989278793335 345.02116839091 356.019218762716 360.559304555257 360.122203826904 341.72523021698 330.244441827138 305.947999159495 299.562354882558 315.270364284515 321.617126464844 318.593402703603 314.625004927317 314.643800258636 306.548277537028 288.507560888926 280.890842278798 280.079007148743 283.623218536377 290.567616621653 296.16645971934 305.054068565369 297.621568044027 293.73554388682 301.3836145401 299.09340540568 301.933189233144 292.098045349121 271.868765354156 282.311181227366 309.7851673762 315.399169921875 305.419445037842
351.807792981466 356.690804163615 358.346064885457 353.485345840454 350.572506586711 345.89425722758 334.929227828979 323.699533939362 326.312641302745 328.22185754776 322.913606961568 329.90821202596 339.717944463094 341.325044631958 340.294718742371 348.095218340556 344.554503758748 342.647473017375 342.741250991821 335.696935653687 319.058040777842 308.150867621104 312.087376912435 317.671736081441 316.033045450846 311.684409777323 310.138066609701 305.866122245789 291.617711385091 281.05898698171 282.265444596608 290.460964043935 286.472698052724 289.775172869364 303.443054358164 295.626262823741 288.079996903737 290.403167406718 286.95821762085 300.2610206604 298.572500546773 285.61395406723 293.060421943665 313.975771268209 320.325374603271 308.284918467204
334.301670392354 335.397958755493 337.697426478068 340.030431747437 347.010215123494 348.061323165894 347.079833348592 341.358462969462 335.396409034729 331.11031850179 322.917620340983 323.029100894928 330.814997355143 332.855800787608 328.91438404719 332.283854484558 336.01709206899 340.605815251668 342.917203903198 341.428438822428 335.746685663859 324.955423672994 315.570712089539 313.77124786377 315.619786580404 315.639138221741 310.197770595551 304.165641466777 292.898237705231 280.240535736084 277.244408925374 288.510739803314 275.271375974019 281.886994838715 297.938386599223 292.11546977361 275.924265384674 268.760204315186 281.134883562724 299.948533376058 302.696665128072 303.597728411357 306.15621805191 321.662267049154 332.135796546936 317.400614420573
320.821086565654 315.490821997325 318.483551343282 322.249889373779 323.679129282633 324.743390083313 325.382649898529 331.756631533305 339.261690775553 341.932535171509 337.361693382263 333.692709604899 332.755525906881 331.765651702881 327.693780263265 322.044471899668 325.080116589864 331.088125705719 338.074445724487 340.40908018748 338.385860125224 335.43320496877 333.328306674957 326.318462689718 323.776523272196 325.618147850037 319.36111052831 310.447057088216 301.463981469472 291.203498840332 280.962467193604 286.85055176417 274.064501126607 280.938585599263 288.676778475444 289.852460225423 282.987058162689 279.704531033834 298.561533292135 313.838064670563 311.279575030009 304.248968760173 299.956123034159 308.050473531087 320.227980613708 322.417457898458
331.334273020426 319.152673085531 309.417148431142 300.705750783284 295.987506707509 306.212107340495 320.112287998199 326.378544171651 330.88896671931 334.459622701009 341.509580612183 345.177849133809 344.684998194377 343.099474906921 339.895327885946 336.747288703918 334.971785545349 331.176400184631 334.251006444295 339.620391527812 338.817834854126 338.149309158325 340.068538983663 335.129698117574 330.22932211558 329.397877057393 323.784947395325 314.636131127675 305.633703867594 300.064782301585 297.963996728261 294.084429740906 286.193410555522 289.149641990662 286.946813265483 290.745576222738 301.413893699646 306.74018462499 317.230065663656 323.23424021403 321.300605932872 313.511153062185 304.652273654938 299.99315738678 305.956145127614 328.276534875234
353.127360343933 340.713342030843 320.885300636292 298.817912737529 288.218597571055 295.40495077769 314.74244594574 325.689951578776 327.751994132996 326.97582244873 332.823117574056 339.491804440816 343.496521313985 345.861792564392 346.689661343892 345.871766408284 342.207670211792 334.603230158488 332.708160082499 335.803826649984 335.56608359019 338.576674461365 343.880891799927 340.26837348938 335.684219996134 334.75661277771 328.318238258362 318.739056587219 307.956953843435 300.807416439056 299.593488375346 294.887761274974 299.826304117839 306.495467821757 300.311823685964 297.514021396637 305.996199448903 313.505172729492 318.472762902578 318.778892358144 319.85596815745 316.188712914785 313.330451647441 312.101721763611 311.234434445699 318.730731805166
354.632616043091 346.159060796102 334.081053733826 321.600556373596 306.943356990814 295.264681180318 303.086717923482 322.577635447184 329.34163014094 333.853483200073 331.26159509023 328.341364860535 325.910449028015 323.752601941427 323.934336503347 333.61025651296 337.468226750692 341.50501092275 342.199524243673 341.355880101522 336.658557256063 332.347134749095 340.054392814636 342.143853505452 339.997291564941 340.673963228862 337.223052978516 328.941563765208 318.211714426676 310.453315575918 304.632703463237 305.151204268138 319.356958071391 326.308528582255 324.055830637614 316.720366477966 315.209170182546 319.35707728068 323.080480098724 329.100827376048 329.488317171733 325.210412343343 321.05831305186 314.601798852285 300.043066342672 293.242394924164
347.834785779317 348.528464635213 347.667137781779 342.689673105876 331.547220547994 311.786552270253 293.534477551778 292.180955410004 317.503869533539 332.71594842275 336.443384488424 334.104498227437 329.392532507579 324.186702569326 315.175573031108 317.462980747223 325.331012407939 334.041237831116 343.451182047526 346.829533576965 344.691157341003 337.57476011912 337.193250656128 341.030995051066 341.331283251445 343.803286552429 342.314124107361 338.297645250956 331.24981323878 326.370457808177 322.621087233226 323.018034299215 333.90212059021 337.315360705058 337.204376856486 332.960983117421 327.072660128276 323.822379112244 317.876696586609 325.799882411957 333.997130393982 337.175925572713 335.199952125549 324.914197127024 307.844579219818 291.269779205322
345.971385637919 346.736629803975 347.554008165995 346.7116355896 342.94871489207 332.610726356506 313.995361328125 292.124271392822 299.493849277496 316.02414449056 330.649813016256 334.336320559184 333.63155523936 332.531670729319 327.671567598979 323.581159114838 321.949481964111 323.539614677429 333.183348178864 340.607563654582 346.276601155599 346.245964368184 343.848824501038 341.377019882202 341.803789138794 344.741264979045 345.70590655009 343.551794687907 340.853532155355 340.722401936849 340.132554372152 339.021325111389 341.813246409098 343.280434608459 341.478149096171 339.008529980977 335.850358009338 327.512224515279 313.418745994568 316.96093082428 331.965227921804 334.348877271016 330.123364925385 326.578338940938 317.575653394063 308.324337005615
338.598728179932 341.825246810913 343.475461006165 343.2776927948 342.721501986186 343.278606732686 337.366978327433 326.957106590271 305.069247881571 299.010793368022 308.524350325267 325.369417667389 336.426734924316 340.053002039591 341.775019963582 339.035272598267 331.294318040212 327.306628227234 326.799233754476 328.815142313639 333.876848220825 336.159984270732 338.624437650045 339.609940846761 341.251850128174 343.281388282776 344.967484474182 343.146204948425 342.843929926554 344.900846481323 345.694700876872 345.61562538147 347.100655237834 348.479231198629 346.211036046346 342.047770818075 340.357939402262 335.337917009989 316.938141981761 312.139451503754 324.880162874858 325.144648551941 323.025643825531 322.179476420085 314.150849978129 304.84797557195
311.401168505351 320.35630941391 326.769510904948 331.833322842916 336.220979690552 339.405616124471 342.26659933726 341.846307118734 327.674130598704 308.889706929525 298.18852742513 303.180793921153 322.578966617584 336.392800013224 342.399676640828 338.366905848185 335.1176182429 332.196295261383 327.666163444519 324.326316515605 323.347628116608 323.284427324931 324.854850769043 331.460952758789 336.458086967468 339.547713597616 340.476989746094 339.960336685181 342.049479484558 343.65177154541 344.532251358032 346.074064572652 349.215666453044 350.228548049927 348.639965057373 345.348517100016 344.034751256307 343.400398890177 331.057965755463 317.460437615712 320.721367994944 324.441313743591 326.229532559713 326.334834098816 318.423012892405 309.294859568278
279.25306558609 284.514466921488 290.377736091614 299.89618062973 311.43585840861 322.433054447174 333.468794822693 336.811542510986 337.682644526164 329.809943834941 313.150842984517 297.917564709981 299.521128336589 317.145029703776 332.959532737732 333.248833815257 337.524970372518 336.84229850769 332.154810428619 324.960867563883 320.733030637105 318.52400302887 318.591316541036 324.488699436188 328.121503194173 331.135312716166 332.336147626241 334.600845972697 337.32803662618 339.539210001628 341.538667678833 344.76904074351 348.115523656209 348.853707313538 347.371498743693 346.258401870728 347.607890764872 348.404089609782 344.645222028096 333.384195963542 330.436825752258 333.746274312337 336.501042048136 336.671868960063 330.262243747711 327.957193056742
270.256797472636 266.576647758484 264.618098735809 264.658590157827 271.370828151703 285.237113634745 304.786086082458 319.096565246582 336.457451184591 337.65435218811 332.583467165629 318.421562512716 296.319584051768 295.963247617086 312.530159950256 329.479972521464 337.855060895284 338.919997215271 336.858550707499 332.547386487325 327.384154001872 326.431433359782 326.153059800466 326.802730560303 325.405597686768 324.233055114746 327.013969421387 332.169791062673 333.944876988729 334.760546684265 336.731274922689 339.981079101562 341.650565465291 342.475136121114 341.790596644084 343.812108039856 348.60638777415 350.574493408203 348.766684532166 347.001791000366 344.402313232422 343.569318453471 343.188722928365 342.449267705282 336.454272270203 333.187937736511
266.136745611827 241.996785004934 226.647794246674 221.61199649175 219.23170487086 223.812480767568 240.9454981486 271.400809288025 302.787144978841 326.990286509196 335.846265157064 336.437384287516 327.154994010925 308.85644753774 306.956092516581 325.272182623545 335.237304369609 340.970396995544 343.513250350952 341.633558273315 336.427052815755 334.409912427266 332.596242427826 332.604785760244 331.517815589905 328.903158505758 331.3902815183 336.065332094828 334.921717643738 331.791818141937 335.333228111267 337.577263514201 338.947614034017 339.258432388306 340.555667877197 343.058188756307 346.207539240519 347.919702529907 347.943305969238 346.92112604777 347.235083580017 347.840706507365 347.923954327901 344.911694526672 340.084234873454 335.206945737203
249.493479728699 216.891626516978 195.763250192006 191.947460174561 191.812992095947 195.394078890483 201.746145884196 225.559155146281 251.85356537501 295.418699582418 333.122611045837 346.188306808472 347.716172536214 340.763250986735 324.092706044515 321.148912111918 325.292070706685 334.742824236552 342.08083152771 344.916661580404 343.95976861318 341.440836588542 340.599338213603 339.338898658752 336.406032244364 334.89990234375 336.736480394999 337.812860806783 332.950433095296 331.225275993347 334.790706634521 337.486465771993 336.862325668335 337.069988250732 339.033961296082 341.12540880839 341.21318658193 340.689182281494 341.82874361674 341.63228670756 343.158562978109 346.081296602885 347.837805747986 345.778902371724 341.694116592407 339.362502098083
214.906096458435 191.261569658915 176.217019557953 173.301021258036 189.326226711273 207.812825838725 207.127114137014 212.332288424174 232.495427131653 262.0636622111 305.642227331797 344.17736530304 351.826190948486 350.999315579732 344.553232192993 326.44377152125 319.222509860992 320.97605864207 332.05912510554 344.60711479187 347.364187240601 344.375848770142 345.287402470907 343.064864476522 339.173118273417 339.16703859965 341.772278149923 338.732997576396 333.644270896912 336.057066917419 338.338692982992 338.025410970052 336.539586385091 335.224707921346 335.620721181234 335.272669792175 334.438482920329 330.946604410807 332.249482472738 333.165367444356 336.098154385885 338.049610455831 339.357455571492 339.115540186564 339.931964874268 341.394225756327
188.83752822876 180.210014184316 173.31596215566 165.656884511312 170.69145043691 192.169388135274 210.322002569834 212.934831778208 226.984957853953 238.652845223745 260.890523592631 311.517914136251 348.363757133484 349.650621414185 347.493886947632 344.851851463318 339.974085489909 329.6773036321 323.04306825002 330.77605565389 342.969258626302 345.756967862447 347.097555796305 345.165292421977 341.987053553263 342.903693517049 345.686038335164 343.126535415649 339.13524945577 342.601935068766 343.633691469828 338.331659634908 335.364580154419 333.862503369649 331.158101558685 329.465508460999 327.005743980408 326.293031374613 325.405796368917 327.413241068522 329.295853773753 331.136604150136 331.588705380758 333.068152268728 339.097897211711 341.993053754171
180.830180644989 184.715708096822 186.408817768097 177.099347114563 161.351015170415 167.712728182475 197.393874327342 212.317069371541 230.37185271581 241.116921106974 249.607761700948 277.471005916595 323.991715908051 347.667654355367 349.770943323771 350.645144780477 350.818634033203 346.376617749532 335.341374079386 324.833651383718 332.169473171234 344.653924306234 345.263163248698 343.867421150208 344.06848748525 347.490549087524 349.55088297526 347.787181536357 345.371047655741 346.298774083455 344.58339214325 338.720083236694 336.011091868083 332.89893468221 329.516609509786 327.809691429138 325.621386369069 325.929860273997 325.854182243347 327.114462852478 327.835142612457 328.956663608551 327.821890513102 330.467263857524 335.45994758606 341.100295384725
190.875788529714 201.576511065165 210.090676943461 205.531577269236 185.021082560221 176.08916759491 198.089440663656 215.145647525787 233.247796694438 255.482117335002 261.539876461029 270.68163951238 301.428377628326 332.653780778249 346.237818400065 349.899689356486 350.33917427063 349.964618682861 348.209579785665 340.083042780558 328.600843747457 336.995005607605 339.901487032572 343.347748120626 347.070177396138 350.224574406942 351.527452468872 349.767963091532 345.936894416809 345.698197682699 342.559576034546 338.854074478149 336.188793182373 332.997381687164 331.123034159342 328.675707181295 328.683058420817 326.107700665792 325.556437174479 327.623466650645 329.287946224213 330.254276593526 329.954346021016 330.764353275299 331.883231798808 339.272419611613
205.183784166972 209.843059380849 222.164352734884 238.146503766378 227.048556009928 190.815071264903 192.937254905701 206.762035687764 223.536491394043 246.75977230072 262.594322363536 265.062987804413 280.713200569153 299.212614695231 329.201062520345 343.783338864644 346.393744150798 347.009738286336 346.915006637573 347.031831741333 343.642433484395 336.402138074239 337.057113647461 341.783285140991 346.787015597026 349.662065505981 351.793050765991 349.450945854187 344.027002652486 343.698620796204 340.495626131694 335.911671320597 333.380937576294 333.358446756999 332.092543443044 329.862435658773 328.421533107758 323.604305585225 321.523189544678 327.281574408213 331.416189670563 332.473476727804 332.900941371918 332.884510358175 331.360658009847 335.772554079692
