input/barkrak2/radiation/dir14424.grid
NCOLS 85 
NROWS 70 
XLLCORNER 665100 
YLLCORNER 4664600 
CELLSIZE 20 
NODATA_value -9999 
[rows 40 to 59 of 70, columns 0 to 45 of 85]
328.107098738352 328.49911848704 328.447063763936 330.246885617574 335.107247034709 338.317036628723 340.76205889384 343.612790107727 343.815724054972 334.738175074259 325.240353743235 321.690499782562 320.091525713603 317.859530448914 315.778692563375 314.381062984467 311.876177787781 310.510834058126 307.315508524577 305.297752221425 306.079804897308 311.448514461517 311.250408490499 306.983311971029 303.097466627757 300.740083058675 306.530952453613 307.446698347727 307.443459828695 306.338588396708 304.110467433929 301.143646240234 279.464284578959 275.985618432363 298.336247603099 298.712054888407 288.931906223297 287.881314754486 288.885315259298 279.142479101817 288.656771183014 325.446327527364 337.21137046814 286.543051401774 224.905212720235 183.119237422943
332.934538523356 331.16207520167 331.329027811686 331.949929396311 329.357842604319 327.941695849101 327.055195967356 327.549934387207 330.934425195058 325.237274169922 319.280028343201 319.580296675364 322.113672892253 321.388343969981 318.053980668386 315.375487009684 312.358160813649 316.598614056905 316.164592901866 310.920457045237 311.832964420319 311.827540397644 311.708609263102 312.20813592275 312.243938446045 307.495474815369 310.197313626607 310.727020104726 309.872468312581 308.349410692851 307.069838047028 301.544825236003 285.6099208196 287.493268648783 298.607031504313 289.674560228984 274.81085062027 273.946762084961 280.540982882182 286.35162115097 303.206503391266 316.068212191264 325.311660766602 316.625018914541 268.802444140116 221.813460191091
334.685444831848 333.049893379211 334.998567899068 334.3825340271 329.573194185893 327.476561069489 326.971789201101 325.119217236837 325.487653414408 322.501917680105 320.630510648092 319.587488969167 322.497308254242 322.914719581604 321.636935075124 319.95411713918 316.860198974609 319.688320159912 321.754574775696 316.024899482727 313.432157039642 311.68673435847 308.056831359863 308.611194292704 310.990234216054 307.707051436106 304.322600364685 304.877817630768 306.508640448252 307.506819566091 305.305361747742 298.637390136719 292.316118876139 296.379943688711 296.26852273941 278.52729956309 262.858788172404 267.992715040843 282.086571057638 294.859131177266 303.631941477458 302.007555961609 296.6122229894 296.496192614237 276.04885896047 225.632707277934
325.678408145905 327.61545976003 332.874774932861 330.674231052399 331.739048163096 332.975606123606 333.24146270752 330.655157566071 323.694904645284 322.931011517843 324.403961499532 321.142156918844 320.5539782842 322.322646776835 323.110620180766 320.384780565898 320.195158322652 322.198907534281 321.653485298157 317.132890224457 312.464336554209 309.732218583425 308.48636229833 305.808226267497 307.039638360341 306.96980158488 302.193482716878 301.269153753916 303.335507710775 303.413867950439 300.296942392985 294.181227684021 294.966379801432 297.678053379059 285.930514335632 263.701756795247 258.727490901947 272.369742393494 291.037976741791 295.478085676829 295.04930973053 290.965974330902 282.709797223409 277.145743370056 265.023807684581 231.924096743266
325.354139010112 328.780293464661 330.449461936951 330.408195654551 331.074972947439 332.438250382741 332.26881424586 330.136259396871 326.483607292175 324.282685915629 325.566510359446 323.198735713959 319.992065429688 319.547931353251 318.4721271197 318.975289662679 315.583805243174 319.60799296697 319.894909858704 317.332208156586 315.019726753235 311.160922050476 309.739867846171 309.323271115621 306.449631849925 310.141682624817 311.21035416921 306.398669878642 304.488062858582 301.841696103414 295.454124609629 290.52205880483 290.901442368825 287.358442942301 276.033918062846 260.731101036072 262.629489103953 278.659383455912 293.38667790095 290.385782718658 290.86971282959 283.756216367086 271.77757024765 264.458835124969 259.398698806763 244.424184163411
329.612771670024 331.766287485758 329.952776432037 331.079542636871 330.189605553945 329.7993739446 330.120841662089 329.507867495219 330.657740434011 327.537794907888 327.20826069514 327.021718025208 323.313136895498 319.44199403127 319.118658701579 320.821126302083 315.729141235352 317.066828409831 319.843928019206 317.963441212972 313.579400380452 313.768963019053 310.555040836334 310.272018114726 310.026705265045 307.048281033834 310.839692751567 308.343291282654 305.199881394704 300.438940525055 294.302046298981 290.926774342855 289.153039455414 279.710094134013 266.796310742696 253.586252530416 259.642243385315 277.585407098134 284.681916236877 277.227818965912 282.503008842468 274.271905422211 263.249973456065 265.225847562154 271.957457065582 258.417963981628
328.976432482402 329.924543698629 330.756346384684 331.669211387634 330.795089403788 330.892940362294 331.377983093262 332.44514465332 330.814560254415 329.643785953522 329.266587893168 328.984379768372 325.951953728994 324.230929215749 323.082009951274 324.598888556163 321.802775065104 316.921830177307 319.00425752004 318.94306341807 314.584414164225 314.123908678691 312.615235646566 309.204697608948 311.899383862813 304.914792378743 304.922421773275 305.012702941895 303.241769472758 300.458947817485 295.90771595637 292.113244533539 286.506235599518 277.581751346588 265.346010526021 255.115230878194 262.40078608195 275.388677914937 273.935794830322 275.014877319336 281.26980861028 270.295520623525 266.96765422821 274.425188700358 281.467874844869 268.912633260091
325.298150380452 326.881249745687 330.238143603007 330.217301845551 331.429541110992 332.576433817546 331.601977348328 330.579817295074 330.78654607137 332.772572835286 330.478449662526 328.557868798574 326.868534088135 327.131489912669 323.513070742289 323.399762312571 320.406854152679 313.783864180247 316.759864489237 315.594355265299 313.98731470108 311.695257822673 310.710390408834 304.014146327972 303.914984067281 305.373887221018 300.918936729431 300.606886545817 300.903538862864 296.346724033356 293.960730234782 294.135789076487 284.494519233704 281.313200791677 276.958266894023 266.32696390152 267.961541811625 273.431181907654 276.118556658427 283.656438191732 279.759784539541 272.003690401713 275.010148684184 276.6406138738 275.335748990377 264.788329601288
320.784052213033 322.222014268239 325.844883918762 327.862699826558 330.873866875966 332.675258318583 330.80005645752 329.300781091054 331.983943780263 333.446025848389 332.444608211517 329.611341158549 327.966690063477 327.565093835195 324.972192446391 319.529155890147 319.506545861562 312.345604101817 312.72162993749 316.759486993154 313.552021980286 310.208439826965 312.167803446452 308.067321777344 303.653915723165 303.750415643056 300.135234991709 299.547731876373 302.22475528717 302.200317382812 304.088791211446 301.398396492004 291.39518737793 291.283448537191 287.302593390147 272.529860337575 272.712349891663 277.904828389486 281.183441480001 282.639026641846 272.88955450058 269.290665785472 268.064300219218 263.608892758687 260.9956463178 260.478436946869
320.086757342021 318.523764610291 321.001688639323 326.208432515462 329.546928405762 330.483496189117 331.773022810618 333.519061406453 333.831588427226 332.170486450195 332.541724046071 331.832567850749 329.043447971344 326.544006665548 324.478586514791 320.827841758728 317.101796468099 310.994108517965 314.273138840993 315.659463405609 313.858608404795 314.275483290354 311.137576897939 307.707985242208 302.117188771566 304.650406042735 304.248770078023 304.777105649312 307.861129442851 310.605406761169 311.978379885356 307.983756065369 300.782163937887 299.088319142659 291.095316410065 277.757128079732 272.413035233815 278.833985328674 282.536228497823 272.284507751465 261.33120059967 264.476517836253 263.835926850637 258.467157681783 257.879217465719 261.349558830261
320.360024770101 322.508613268534 323.691566785177 328.031162420909 328.541119893392 328.672846158346 332.495013872782 335.309028625488 334.650874137878 332.954148451487 332.961042722066 333.040833473206 329.12536462148 325.596749782562 325.862467288971 325.494488080343 318.020939826965 314.319550991058 312.225182851156 314.41064675649 312.303284804026 311.800579229991 308.430830637614 306.37925863266 302.820364634196 306.606392065684 305.863976478577 305.514375368754 307.80416727066 311.198016007741 313.267648220062 310.843567053477 302.197396755219 297.390560309092 286.644518375397 275.572776794434 272.892951965332 277.413745721181 275.497436523438 261.557459831238 257.930000623067 268.831094106038 268.429398536682 260.412375132243 258.9204510053 254.307568073273
320.312718550364 327.10196574529 328.549226125081 329.40669854482 328.344126542409 327.252646287282 330.93786239624 333.164691925049 333.143651485443 334.909677505493 332.90312687556 331.636071205139 329.375207424164 324.122746785482 323.363264401754 325.106501579285 321.691314379374 311.486144860586 306.851287682851 309.923052787781 310.207406679789 308.276812235514 307.978312174479 302.25000778834 299.708783626556 300.241728623708 302.838126818339 302.704910437266 303.468346595764 306.854665279388 311.117688814799 309.101144472758 296.948949495951 285.725017388662 258.655250072479 247.427662213643 259.726305802663 269.881884256999 270.28089761734 269.744177659353 276.167233784993 277.456820011139 260.962227980296 253.4565726916 261.03542248408 249.61523214976
322.44485616684 320.820490519206 321.045835812887 322.645445664724 326.067547003428 328.282872835795 328.600347042084 331.327279408773 330.380856990814 331.977725028992 331.400752067566 330.263356367747 329.032957553864 326.278487841288 320.854624112447 316.614846388499 318.291465441386 309.442202250163 305.158297220866 305.179437001546 304.448544979095 304.353177547455 303.713321685791 298.750201861064 298.543989658356 295.858164628347 296.3853875796 296.460310618083 295.737226804097 296.343127886454 299.826562404633 300.544738769531 278.746167818705 252.684235572815 225.166440010071 214.415927728017 228.269279003143 254.417379697164 272.486011187236 270.308752854665 270.971556504567 264.708240826925 249.984661738078 251.282890637716 257.733563582102 235.073367754618
325.428326924642 318.126738071442 316.288530826569 319.281061490377 326.161444187164 330.433408419291 329.086899757385 329.188307126363 329.668899377187 327.396869659424 327.95661687851 329.626838366191 326.973537604014 325.933396816254 318.800032138824 316.810488700867 316.991527875264 308.872222900391 307.014524936676 307.922641436259 306.763648986816 303.642332553864 301.858146985372 298.078695933024 296.572208404541 294.89533106486 293.923656145732 293.631990750631 292.033314704895 286.279718081156 282.282551129659 274.772167205811 253.120541572571 229.245980580648 218.761205673218 211.930692195892 204.073111216227 214.790960152944 231.308877468109 253.343880176544 261.247396469116 251.223345597585 246.229072411855 247.903645038605 239.656666914622 220.680018266042
325.819214185079 321.428616841634 318.098584810893 319.941560427348 324.496209621429 329.951087633769 330.829977989197 326.908946037292 328.287800153096 326.067964235942 325.586259365082 325.368026892344 325.24319489797 324.556310971578 320.584654808044 319.3039894104 318.678816159566 311.991214752197 307.262678941091 308.33359559377 310.238321622213 304.4739762942 303.967277208964 302.098055680593 298.511465390523 297.406514485677 295.334498087565 290.550708770752 287.219047546387 282.63247013092 273.281772931417 266.159315903982 245.835423469543 233.56831073761 236.790498097738 238.195697466532 227.942228317261 217.723389466604 207.853496074677 217.550079027812 235.80147822698 231.155415376027 223.903059959412 216.170748074849 212.24437157313 210.42811870575
327.145477135976 325.364649295807 320.663392543793 316.904664039612 320.507049560547 326.451301574707 326.261202494303 325.648466746012 322.272777557373 324.811140696208 326.756219069163 326.230426629384 326.148231824239 325.116356213888 320.820550123851 320.947448412577 320.556004842122 315.829237302144 310.735444227854 309.114356835683 307.573318481445 305.4172595342 304.528832435608 304.19381459554 300.418118635813 300.686200459798 293.830295403798 287.436922391256 281.472583611806 277.702808380127 275.542696317037 272.789220015208 253.721753756205 248.722910881042 253.257791201274 260.001063346863 268.434246381124 261.789282162984 245.236039161682 215.039094289144 213.940262794495 218.963980674744 216.377814610799 212.676485379537 217.769503593445 225.919266541799
328.040758768717 326.749642690023 325.121680895487 318.194667498271 314.398924509684 322.036385536194 323.769569396973 322.976072629293 320.299943288167 324.014226595561 327.748199303945 327.457149823507 324.366569519043 325.619479020437 323.113083839417 318.482240041097 319.072365760803 316.614270210266 310.353636741638 311.206181844076 309.685170650482 307.802776495616 304.210702578227 302.58850256602 300.55046081543 297.326783339183 282.869299252828 263.837456703186 261.094292004903 266.427179177602 273.293773333232 269.774874051412 254.96240456899 249.313871065776 257.429877916972 268.741389115651 283.896664778392 291.121224562327 282.143493493398 247.49885002772 219.673832257589 225.085059801737 234.393397967021 244.394898414612 253.724237283071 258.758962154388
327.426115671794 324.379762013753 324.272195498149 319.861849149068 314.109742641449 315.372407436371 321.996251742045 321.974595387777 319.835722446442 319.632748762767 324.64736700058 325.542191664378 323.418200016022 324.329634507497 322.344998518626 315.952360630035 317.363957564036 314.252893129985 310.847918192546 310.755352179209 310.109734535217 310.798744360606 307.062784830729 302.125891049703 301.224708557129 300.527413686117 285.558640956879 266.943732897441 266.178329785665 271.332740783691 276.387890179952 268.925627072652 261.449098587036 263.161957263947 277.520755926768 280.833601951599 286.207934220632 266.875227292379 239.811718463898 232.475578784943 242.076754570007 252.701262633006 248.212476571401 240.047117074331 240.046977996826 252.297262350718
317.845662434896 321.233212947845 321.261564890544 316.782852013906 312.497576077779 310.113946596781 321.227272351583 323.567231496175 320.780714352926 317.720214525859 322.277764479319 324.672122796377 324.152092138926 320.096075534821 319.865802923838 316.563487052917 314.486722151438 313.729484875997 312.131404876709 312.385400136312 312.257726987203 311.423103014628 307.458659013112 304.937938849131 303.873022397359 304.962038993835 298.066993554433 294.23999786377 289.946337540944 286.385973294576 286.823153495789 275.078614552816 274.00404214859 272.942503293355 269.519925117493 255.275944868724 238.018969694773 200.120806694031 181.358655293783 218.18741162618 255.591154098511 260.1291735967 240.641991297404 234.054287274679 243.677119414012 256.867488225301
309.734284877777 315.649310747782 316.749850908915 314.713100592295 313.780109087626 309.688766797384 316.212693850199 322.741448879242 323.185324668884 317.957778771718 319.945335388184 323.107620080312 322.616835435232 319.001932938894 319.351474444071 317.164381345113 312.145173549652 311.424771944682 308.592836062113 306.995610396067 307.97799428304 306.736528873444 307.743450005849 303.574502468109 303.681532541911 307.67955382665 309.787809848785 311.697701613108 300.311406453451 295.20591100057 287.335654099782 271.896421909332 270.633101463318 255.546967188517 227.669517199198 196.904540061951 185.319324334462 175.469199816386 168.8152551651 191.262602806091 218.016346295675 239.879012107849 242.018500963847 255.685766537984 285.563250382741 293.864528338114
