input/barkrak2/radiation/dir17224.grid
NCOLS 85 
NROWS 70 
XLLCORNER 665100 
YLLCORNER 4664600 
CELLSIZE 20 
NODATA_value -9999 
[rows 20 to 39 of 70, columns 0 to 45 of 85]
211.908439795176 205.394426981608 221.761564413706 263.755122820536 259.135047594706 207.528034845988 192.192514737447 196.215271949768 209.171573321025 231.153547763824 244.840979576111 255.275587240855 264.932552973429 276.84344847997 293.464720249176 326.600432395935 336.971282958984 339.957634607951 344.431598981221 350.350062052409 351.399660110474 346.397161483765 345.564881960551 346.973776817322 347.871422767639 347.95335928599 349.531610806783 346.168518066406 341.430187225342 341.123183568319 335.598230361938 325.884183247884 318.68855158488 315.943042437236 314.975837866465 319.176137447357 319.438556830088 321.664373079936 326.004405816396 329.647660255432 329.242865244548 329.264104366302 331.155021985372 326.221823692322 330.139001210531 333.288927872976
236.539502938588 237.851878007253 258.072674274445 288.830320040385 283.030947049459 222.89514541626 202.49076684316 200.732827186584 210.885643959045 224.819461504618 237.867335478465 245.614389578501 255.832850933075 263.530512650808 279.515147209167 295.427699883779 326.921979586283 335.563143094381 340.398708979289 347.437779108683 350.665291150411 353.218992551168 354.233264923096 353.724082310994 351.201454798381 347.893277804057 344.560225804647 341.180682182312 339.818358421326 333.243648211161 317.599972089132 291.014929612478 272.904713948568 272.268017133077 280.143221219381 297.937969366709 304.955164591471 318.453749020894 326.029976209005 326.845546563466 325.285236040751 323.347767194112 318.369269371033 306.229968865712 322.396377722422 330.30774195989
274.356087048848 283.413787682851 293.911874294281 304.074863592784 304.120262463888 256.311476230621 225.283006827037 208.648939927419 205.273330211639 219.589193662008 236.157516638438 244.866609573364 259.419639905294 267.126659552256 274.144371350606 290.709555149078 303.894420464834 327.106893062592 335.297028223674 336.445569992065 339.084704717 346.695780754089 351.175228754679 350.949088732402 348.480463027954 347.206513086955 343.810002009074 340.665578842163 329.617460568746 311.615904172262 268.951157728831 218.536297480265 199.041803677877 217.295924822489 245.260536670685 269.223093986511 285.413642724355 304.180264472961 315.362453460693 317.068417867025 319.906115531921 320.348421732585 300.098160902659 282.176693280538 305.873990058899 327.822248140971
291.894276936849 296.098013718923 300.344884395599 308.529694875081 308.354417483012 289.795994758606 250.103811422984 218.263824780782 202.883760134379 207.990308602651 233.264525731405 247.539897759755 262.162705262502 279.148101806641 281.312783559163 286.913812160492 298.4632452329 313.751339912415 326.824724674225 325.719038645426 324.325660864512 327.864448229472 336.676200230916 342.421929041545 343.104521433512 338.122844696045 320.341547330221 304.666519165039 280.400474866231 235.102454821269 197.277108828227 172.443171342214 148.312697807948 148.837357759476 162.768661975861 199.425160884857 238.046685854594 264.127155145009 279.865384101868 289.456168810527 288.974702358246 274.853984514872 260.661780834198 293.011764685313 290.039221445719 321.940163771311
283.625980218252 286.218861738841 298.658271630605 309.838195641836 301.747798919678 291.772266228994 258.69886080424 233.994642893473 216.344277064006 209.55095688502 225.78885157903 242.986043294271 255.658109982808 274.179677168528 280.800600846608 283.961196740468 294.39111550649 306.916018327077 316.680332024892 318.300684293111 322.057088216146 319.028337796529 327.340801556905 318.178872267405 306.206266085307 301.174064477285 292.170802752177 280.777037143707 248.19427728653 191.426555315653 169.717808564504 167.335251967112 150.459319353104 130.13901313146 122.023443380992 135.711590449015 181.920647621155 219.295183817546 244.102915128072 257.827858130137 247.92343378067 225.593090057373 246.659060319265 308.193325996399 300.007124741872 322.925786177317
278.807679812113 282.669981320699 296.180347601573 306.206742922465 303.413550059001 291.9908563296 267.31417576472 258.307854334513 247.602880001068 232.349733511607 232.755760351817 252.062578996023 267.296155293783 280.46969572703 287.279446919759 286.842246850332 295.002301534017 305.168092250824 311.579386393229 318.739990393321 329.463799794515 318.909108638763 297.879179318746 294.71747080485 295.286297798157 293.103337287903 281.417270501455 267.859101295471 224.437693754832 195.614616076152 194.726864496867 211.759924888611 216.889142990112 194.331606229146 160.740107297897 140.555282433828 157.908062140147 185.893833637238 227.001428604126 241.688132286072 223.455289999644 214.650710423787 254.218300183614 290.838519732157 310.899476210276 334.474921226501
280.901809533437 282.673637072245 291.557888189952 302.29906241099 315.985798835754 299.987534681956 281.352937221527 268.43669017156 266.210118929545 260.693033536275 252.777318159739 270.502467950185 280.982693036397 296.492457389832 297.546803951263 293.572942415873 296.043197313945 307.4023326238 313.566267490387 321.283717950185 317.522426446279 308.553059895833 304.943879445394 299.418608347575 296.576857566833 292.42471853892 280.314962069194 267.718156178792 230.326334635417 224.313219388326 246.554255485535 269.585867722829 273.488144079844 287.085751692454 269.643783569336 184.330900510152 169.145703315735 181.303719679515 208.025197188059 239.697337150574 232.264677683512 263.618310292562 255.584677060445 267.455856005351 303.22261651357 322.301109631856
285.150686899821 281.318763891856 284.683167934418 297.904272874196 334.802309672038 307.988286018372 284.763077894847 266.914248466492 267.123182614644 275.387803713481 271.286527315776 274.966975053151 288.45755259196 299.686054388682 301.545679569244 302.430748939514 302.233000596364 309.639453887939 309.042930603027 310.071110725403 308.553318182627 302.071472009023 300.653715928396 306.172629197439 303.464353084564 299.140334129333 289.180954297384 277.35577027003 251.881062984467 250.039418538411 274.888197580973 289.543529351552 287.391384442647 301.297783851624 330.021282037099 265.160858631134 199.997206528982 187.199473381042 199.359238147736 243.403474489848 269.613643487294 314.226190249125 265.453060468038 259.092171986898 290.923118591309 302.46635278066
282.067239284515 274.5041847229 278.581102689107 304.372032483419 345.947980880737 305.151402950287 274.905463059743 261.568586031596 267.192522684733 275.692721207937 273.96825949351 272.813896338145 289.583325386047 299.298127492269 304.80283498764 310.042818387349 305.323223272959 294.37776406606 304.648280143738 303.212106227875 304.201006889343 299.189289410909 297.83433675766 304.63832616806 308.122833569845 301.055630048116 297.959804534912 286.985814571381 263.0695104599 256.845613320669 280.027131239573 298.514167467753 296.706040700277 294.794142246246 317.481557528178 324.613789717356 236.953775087992 179.127256075541 170.883397261302 214.550455411275 278.23527654012 293.725868066152 257.137616475423 236.074388027191 263.268609841665 278.006772200267
274.376710255941 266.828815142314 275.713284810384 314.745306968689 342.588623364766 302.806536356608 268.563687801361 251.177350680033 249.617099761963 256.51760896047 255.961279074351 261.508266131083 283.78830353419 301.133910814921 305.110573768616 306.664089361827 304.705202579498 293.608466784159 294.995725154877 297.211527824402 297.707835833232 299.311796824137 299.778401851654 303.016563256582 306.963562965393 305.88436126709 303.007980187734 292.876680692037 270.754853884379 265.854815642039 284.641782442729 302.795151869456 297.938883304596 294.324139753977 303.278664747874 324.659864107768 315.050800641378 242.356141408285 193.048655986786 201.948662598928 237.276832262675 252.506593863169 251.308580239614 222.11629152298 235.953072706858 263.605892658234
262.275397777557 272.722442944845 302.068670590719 347.709774971008 349.73939259847 307.769576708476 272.978941599528 245.108942190806 237.995266914368 248.927732308706 243.951459725698 242.760419845581 275.965789953868 300.577044487 306.981046994527 309.107104937236 307.759483655294 298.144559065501 299.242397149404 299.82990026474 297.45876789093 301.849524180094 303.17223072052 305.453777313232 308.398564656576 311.801373958588 311.115543047587 301.227629184723 283.462584018707 278.444449106852 290.061851342519 302.804211775462 300.366302331289 299.419343471527 302.57374048233 305.065592130025 330.278356870015 344.306985537211 280.193289120992 233.232776323954 221.027235190074 211.658716201782 226.658225059509 225.051780541738 232.898910840352 269.415120283763
280.7723681132 305.285930633545 321.957588195801 326.092561086019 355.787475903829 339.043259620667 305.719971656799 267.690181732178 251.904169718424 267.279664675395 261.924465497335 241.923769315084 261.637965838114 293.701450030009 305.699229240417 310.233851273855 309.869666894277 308.016081651052 301.009555657705 301.626642545064 303.640484809875 308.019757270813 307.720720767975 308.354794979095 309.883058071136 316.198408603668 318.432172139486 315.332690874736 300.896485646566 294.110894203186 296.962420145671 300.345162550608 302.009483178457 306.042770544688 308.332502841949 296.498397986094 305.498639742533 344.838380813599 344.507058461507 286.395668983459 237.909535566966 210.359613100688 210.802992184957 229.278306166331 253.577609856923 284.185886383057
309.224863847097 316.329578558604 304.160535335541 296.195248762767 315.333743890127 338.377793629964 335.375428199768 308.117667833964 285.621166229248 288.569450378418 290.590325991313 268.53621006012 265.098889668783 288.976311683655 305.649161338806 309.210658073425 307.807485262553 311.218063036601 306.164642175039 303.474962711334 307.442287604014 310.262481371562 308.609426021576 309.140682220459 311.760306358337 318.947275479635 324.076493581136 324.979464213053 310.378233591716 301.112691561381 307.024916013082 309.28776661555 304.95822429657 307.399372259776 311.640361944834 301.805774370829 300.948838392893 321.874101956685 328.977108001709 306.333959102631 277.155776818593 234.850267569224 216.226498285929 223.554094632467 245.175341765086 278.343737125397
296.988328297933 288.212418556213 280.43274084727 269.189675649007 269.520699977875 290.770252545675 313.321630160014 312.952717145284 304.584225018819 307.142992814382 307.831863562266 292.369465033213 284.151454766591 294.885694980621 308.214783668518 306.844115257263 307.301302750905 310.667196909587 302.236139774323 306.437532107035 308.139443397522 309.396584828695 308.27401081721 306.818683942159 310.675402482351 317.172368367513 324.272354443868 321.777244408925 313.394586245219 308.27675263087 312.553445498149 310.65046787262 300.163646539052 300.200740496318 304.548899332682 289.482216040293 286.588509877523 288.21188211441 284.420609474182 290.978173414866 300.359308719635 266.247153282166 237.547357877096 228.516022364298 230.229993661245 252.919713656108
288.90593846639 277.492086092631 283.929149309794 269.265115261078 260.987480481466 272.980848948161 300.279974937439 326.68532927831 325.663626194 314.281821250916 302.497108777364 303.084909915924 311.060905456543 312.0236992836 310.696482658386 309.800982475281 310.190002123515 306.659857432048 306.839883327484 309.554676214854 309.023062388102 308.634539445241 308.286388715108 308.226148287455 309.444069862366 311.817069848378 316.024462381999 314.886132876078 313.311696052551 313.586910565694 313.938041528066 303.93781264623 288.623213768005 294.230341911316 293.743709723155 277.694741884867 278.319478034973 278.571407000224 287.03906138738 311.430811882019 309.870560963949 295.590122540792 273.648579915365 260.244647661845 239.652574062347 232.911686102549
309.888144334157 304.116507371267 314.004798730214 308.692892392476 298.369030157725 303.351759910583 320.735017458598 344.400842984517 339.741826057434 316.7391816775 301.489293575287 310.309847195943 325.816531976064 323.745787143707 318.451364835103 319.982965787252 314.563949902852 311.415572961171 313.73796860377 314.877291520437 312.860548496246 308.55788787206 308.737277984619 312.475959459941 309.374372164408 310.523291428884 312.548418839773 310.571710268656 311.890661716461 317.070960998535 313.806414604187 303.239305814107 290.132681528727 290.815472602844 284.534613291423 280.375381310781 285.408814748128 285.548786322276 297.988096872966 330.260972181956 298.916776974996 284.339904785156 274.745364983877 266.728977362315 252.607127030691 228.737711906433
337.222894032796 333.948930104574 335.951725641886 338.739673296611 329.638361930847 323.167045911153 327.727119127909 342.689275741577 340.790828069051 313.526372114817 305.236240228017 318.282981713613 331.974883874257 324.253141880035 322.306434313456 322.427113850911 326.180140177409 317.825734615326 319.320797920227 321.29442691803 318.488478660583 314.217249552409 312.289595603943 314.141909281413 310.661792755127 308.361728986104 311.543186505636 312.691748142242 315.198103586833 319.462358951569 315.985202789307 305.779576301575 292.733450730642 286.496122678121 279.40034866333 284.644504388173 291.271726290385 289.853354295095 293.002446492513 318.435668945312 288.815756638845 246.479074160258 235.175987084707 229.640662670135 226.831654707591 220.863540967306
351.287762324015 347.990194956462 342.369079589844 343.456943829854 337.915420532227 329.255958398183 325.381378332774 330.75479666392 338.222702344259 320.908665657043 321.440120538076 330.558657646179 329.44667339325 326.119204362233 324.261566003164 325.484494368235 331.288377443949 327.505310376485 323.429862658183 324.388603369395 322.965184847514 319.071650505066 315.069715181987 314.850866794586 313.528219858805 310.766895612081 311.753332614899 315.372506777445 315.686662991842 318.264007568359 317.892173926036 308.126986026764 296.14253838857 280.327637990316 272.459387779236 287.612855434418 297.701160113017 295.165061950684 284.942209720612 302.336692810059 290.679355462392 223.652561505636 194.288074970245 181.569079558055 181.517481803894 187.726199626923
355.999986330668 358.182827631633 356.508374214172 353.756149609884 349.131306012471 342.761953671773 334.645907084147 329.279005527496 331.784923871358 329.86980676651 340.040485064189 341.091275215149 332.652052243551 335.757891337077 328.520357608795 326.327800750732 332.095742225647 331.122616926829 324.839393297831 323.735932509104 322.141965230306 319.845298926036 313.679178555806 314.252535502116 314.427157243093 315.597256024679 312.40713596344 314.385533332825 316.980361938477 316.119829813639 317.835907141368 312.235673268636 291.404684384664 269.381105899811 278.0535419782 299.382567405701 301.868915557861 295.865058898926 279.104908307393 285.245676835378 311.997294425964 269.435306390127 212.03625202179 181.600054105123 169.47732369105 166.450371344884
348.122835159302 350.788831710815 351.149002710978 354.061722755432 357.499082883199 359.325249989827 358.024517695109 354.332645734151 351.924260457357 355.154514312744 352.946996688843 342.519601186117 338.677167892456 334.728995958964 334.051529566447 327.805896600087 330.762962500254 330.554703871409 323.595623175303 322.059313456217 323.883752028147 323.304971059163 320.390601952871 315.408130486806 312.554319699605 313.577612241109 316.253185272217 317.148089408875 318.557778994242 318.534175554911 317.11486975352 312.2252424558 287.138303120931 269.903818766276 291.616638501485 306.076963742574 301.407237847646 297.416090965271 283.785442511241 278.19687128067 314.643641312917 344.082593917847 294.810553391774 240.544120470683 199.178099632263 168.49031051
