input/barkrak2/radiation/dir19324.grid
NCOLS 85 
NROWS 70 
XLLCORNER 665100 
YLLCORNER 4664600 
CELLSIZE 20 
NODATA_value -9999 
[rows 20 to 39 of 70, columns 0 to 45 of 85]
200.39031902949 192.840178807577 209.03488000234 249.346911907196 244.906485080719 197.722534338633 183.505872885386 187.789857387543 200.626273949941 220.460295677185 236.016452312469 242.222825686137 251.822352409363 263.638218243917 278.320252895355 300.051053365072 327.277382214864 330.602765083313 334.774216016134 341.477195421855 343.703309694926 337.848901748657 336.878577868144 338.460683822632 338.543971379598 339.767813682556 341.626564661662 338.379581769307 333.574056625366 333.134015401204 327.418486277262 317.154367764791 308.881004651388 305.10691801707 303.674916426341 308.716714382172 308.931072552999 311.204373836517 315.724790096283 318.421105543772 319.318989912669 319.333076477051 321.370959281921 316.204905509949 320.444047451019 322.494943936666
226.169983545939 226.025501887004 244.454344113668 274.772644042969 270.641446113586 209.932625293732 193.837443987528 196.02370262146 203.359166781108 217.1657482783 226.974010467529 235.033790270487 245.530843734741 250.209212303162 264.811158180237 283.845742543538 302.069346110026 325.723687807719 330.979386965434 337.844292322795 341.659625371297 345.977028210958 347.342371940613 346.655448277791 342.715740203857 338.656465212504 335.897048314412 332.421680291494 331.691304842631 324.538966019948 308.376888434092 280.813574790955 261.519551277161 260.156035423279 267.890890439351 286.219815413157 293.50491364797 306.597451368968 315.750400225321 316.615959008535 314.94677066803 313.012341658274 307.759602864583 294.999221960704 312.266031901042 320.623119672139
265.35952091217 273.366808891296 281.471828619639 291.644771893819 290.845771630605 244.416813055674 217.153032620748 202.070375283559 198.270519574483 208.606123924255 228.591064612071 236.866772174835 248.576680819194 254.116952419281 264.547049999237 272.921204566956 290.866374969482 306.443651517232 323.56854279836 326.811909675598 328.465521335602 338.279247283936 343.393921852112 342.666467030843 340.197165807088 338.33368619283 335.111379623413 328.89187335968 316.111663977305 297.967592875163 257.618725299835 207.129021485647 186.399817466736 203.871528307597 232.031385103861 255.425691604614 273.21058511734 292.688270409902 304.371078809102 306.255916754405 309.238056341807 309.741238753001 288.015425205231 268.745938936869 294.939736525218 318.114121754964
284.803748130798 287.934343020121 289.049883683523 296.292185783386 296.16791009903 278.670032819112 239.710768063863 211.219251155853 196.01054986318 200.451970100403 225.314756234487 237.403313318888 253.709971904755 264.683802922567 270.21594842275 275.80722173055 287.051320075989 298.006335894267 308.239142100016 310.859421888987 313.892404238383 316.340128580729 327.134509881337 333.350737889608 330.73361714681 318.635086218516 306.921482086182 294.350425402323 268.036643664042 224.176327387492 184.712767601013 163.155694802602 134.658445914586 133.904983599981 146.46644393603 182.301123936971 224.844435850779 251.478552818298 267.595569292704 277.399261792501 275.741855303446 262.525717417399 248.051365216573 281.226515769958 280.105113983154 312.104066212972
276.891907056173 279.016017913818 288.979887962341 297.757267951965 289.329687754313 279.077589511871 249.603470166524 226.498405138652 207.211097081502 200.394749641418 214.93657430013 233.813981215159 247.332255045573 263.297120730082 269.506732622782 272.818982601166 281.432787577311 295.780976613363 302.74490515391 302.602410316467 307.063420613607 308.455506960551 303.090473016103 298.635522524516 293.378988901774 290.207107861837 283.251543839773 271.838704744975 237.398942311605 179.659644762675 159.535745779673 158.164074023565 139.694372812907 115.958958864212 107.775002717972 122.821480035782 167.116900285085 205.72292804718 230.789462725321 243.657330671946 233.941912651062 212.259987990061 233.519514401754 298.356493314107 291.647017002106 313.62771987915
271.223107973735 275.279740492503 287.539422512054 294.493575890859 290.857990582784 280.765533447266 258.64698489507 251.548568407694 241.695026556651 226.718405882517 226.539671421051 245.041708151499 259.298125902812 271.819174289703 276.326537132263 277.437468369802 279.147505760193 294.088264306386 297.418693701426 304.995973904928 309.303124745687 295.195202032725 283.628563086192 285.125891367594 283.74570608139 281.74501657486 272.051850954692 258.906483650208 216.140449047089 187.630454699198 186.244587103526 202.826182047526 206.842501958211 180.202762285868 145.491311947505 128.14532717069 146.002054214478 173.911273479462 210.018972555796 228.29814751943 209.334890047709 200.275381406148 241.832991441091 283.782700697581 303.437391916911 323.56325785319
273.099859555562 275.234421094259 283.501108487447 291.50782028834 303.163468837738 289.862950642904 274.21240011851 263.282378514608 261.974175771077 256.299118200938 247.203449408213 261.806925137838 273.635009924571 286.596993605296 286.783734957377 284.346421559652 281.982958316803 295.120676358541 296.180923779805 302.478909492493 299.860755602519 294.333080450694 288.07665904363 285.975019137065 285.020927588145 282.982726891836 270.883460839589 259.232759475708 223.101655642192 217.149158318837 238.730212052663 262.194275856018 266.601006189982 277.740319569906 255.279064178467 172.641038894653 159.107983112335 170.524974664052 195.573429266612 226.24393304189 218.685110410055 250.530362129211 247.812767823537 259.419639905294 294.190148512522 309.828877449036
277.255574862162 273.564557234446 276.749809583028 287.854135036469 323.81550470988 299.737771352132 279.499014218648 263.253172238668 263.979454835256 271.17931842804 263.401945432027 268.819371859233 281.241257985433 291.563669840495 291.720608870188 292.129933834076 291.672229766846 289.952158927917 295.241951942444 299.968620141347 298.907498518626 290.993273258209 287.997663021088 288.395047187805 292.332967122396 288.062314192454 279.891133308411 269.165873527527 246.26346429189 244.627396265666 268.62903436025 283.199747403463 281.93473815918 295.722325642904 319.822470347087 252.656062444051 189.152598381042 174.607853094737 188.094814618429 224.735279877981 256.540099779765 302.162448565165 256.765484809875 250.584046045939 280.766010284424 291.469216346741
274.598956108093 266.479154427846 270.412484804789 294.292767842611 336.160659790039 298.431436220805 270.429293314616 257.767597834269 262.789726257324 270.0501481692 267.663419246674 266.12530152003 280.077815055847 291.155139605204 292.806506156921 295.256396134694 289.83062505722 283.633609612783 290.975451469421 294.742902119954 292.059779167175 287.393510341644 287.578801314036 293.011983235677 293.839732805888 291.219135125478 287.100255489349 278.438786665599 257.247547308604 252.288778622945 275.013347466787 292.990585168203 291.952013969421 290.299296379089 311.272184054057 313.133120536804 223.797202110291 165.536304314931 156.674673159917 198.376615842183 265.678524971008 284.672319889069 250.844597816467 229.052662849426 253.987113634745 265.945951143901
267.360885938009 258.715629577637 267.200271288554 304.660538832347 333.177785078685 296.230435371399 263.277808825175 245.787441730499 243.25559536616 247.601350148519 248.879194259644 254.412333170573 273.228804270426 291.446089744568 292.412718137105 296.836535135905 294.40704981486 281.348327795664 286.184787750244 286.491592725118 285.413205623627 286.908090114594 288.217922051748 292.167127132416 295.684138933818 292.383233706156 295.376817385356 284.149746100108 264.114896456401 261.116186777751 280.178229014079 298.126478989919 293.520073095957 290.108362833659 299.28716023763 318.30088297526 303.178469340007 229.096472263336 181.345959504445 190.903504689535 226.680179437002 240.534881750743 240.562121073405 213.437656561534 223.573486010234 249.392886956533
255.745132764181 265.744348367055 295.239965120951 341.004967689514 342.488209406535 301.356315612793 264.612714449565 236.026227474213 230.431854724884 241.186678409576 234.007835388184 235.348383585612 269.21284198761 288.706461588542 293.652633825938 299.345374107361 297.669351100922 289.48434193929 286.86660528183 289.170801639557 288.40696811676 293.407320976257 294.385214646657 295.294880867004 297.046720981598 300.80912510554 300.616939862569 293.713291486104 276.431123415629 273.490369319916 286.026279131571 298.487762610118 295.9872285525 295.686344305674 299.542625745138 302.241067091624 324.251373608907 333.433787027995 268.50696404775 221.849004427592 207.724928855896 199.401915073395 218.099574247996 215.693334738413 219.506561756134 251.264711221059
274.305661519368 300.030668576558 319.105108579 324.641505877177 352.080742518107 333.624561627706 297.31543858846 260.637362798055 245.272775491079 258.296489715576 254.514813423157 235.327303409576 252.706507841746 283.872822920481 295.984268188477 300.560315450033 297.995448112488 296.079734961192 292.192022005717 292.622526486715 293.054898579915 297.847012678782 297.70831267039 298.196057478587 298.313458760579 305.538396040599 307.927509148916 307.07460641861 293.962319691976 288.719713687897 292.688012123108 296.593129634857 298.305710156759 302.776396274567 305.005431175232 293.962121009827 302.108387152354 338.708360989888 334.293007850647 273.888210455577 225.789507230123 198.703467845917 202.48544216156 217.811485131582 241.826474666595 267.747461795807
305.534799893697 314.702828725179 304.945111274719 297.465483347575 315.932333469391 336.793581644694 330.66733678182 303.769866625468 279.152234395345 283.093333244324 284.605085849762 260.778228441874 253.899733225505 279.112021128337 295.884390672048 299.504081408183 299.29256439209 302.821040153503 292.145053545634 292.634646097819 298.50302139918 298.233866691589 301.618854204814 298.863629500071 301.618734995524 308.211207389832 311.893045902252 314.704159895579 303.733070691427 295.38768529892 302.026549975077 305.24883667628 301.209131876628 303.294022878011 307.51238266627 297.374526659648 296.667834122976 315.730849901835 318.953295548757 293.858806292216 263.142625490824 225.335518519084 205.817023913066 212.739229202271 234.122653802236 265.210251013438
297.25436369578 290.246526400248 283.134837945302 272.149662176768 272.718369960785 293.179452419281 313.791692256927 311.446309089661 299.884100755056 302.432914574941 301.502446333567 286.089380582174 278.339982032776 285.288373629252 298.179090023041 300.804416338603 296.926975250244 301.902194817861 293.117642402649 295.717358589172 297.633488972982 297.232568264008 297.413249810537 294.622043768565 300.509552160899 303.182224432627 311.606764793396 312.528769175212 305.195212364197 302.352209885915 307.402968406677 305.329700311025 294.963896274567 293.897271156311 297.239502271016 282.795329888662 280.062933762868 280.394117037455 273.665944735209 277.48962243398 287.16234366099 255.1096479098 229.706128438314 217.778325080872 219.242811203003 242.375373840332
290.648818016052 280.338724454244 286.569694677989 272.510270277659 264.592230319977 276.148756345113 302.095413208008 325.90107123057 321.189204851786 308.350662390391 299.093206723531 297.68439133962 303.544243176778 302.59637037913 305.132667223612 300.96822977066 301.092088222504 299.039681752523 297.356088956197 301.912208398183 298.098206520081 295.855720837911 294.281641642253 296.062191327413 297.500570615133 301.996509234111 306.770861148834 304.848730564117 302.928964296977 307.007948557536 308.18917353948 298.339943091075 283.106843630473 287.788768609365 286.584536234538 270.421981811523 271.324733893077 271.348834037781 277.718802293142 298.57861995697 299.193859100342 287.68386443456 266.377131144206 247.660319010417 229.408939679464 222.532749176025
310.453454653422 305.257519086202 314.637303352356 309.628844261169 299.591541290283 304.03862396876 320.466001828512 342.221061388652 336.040019989014 311.496615409851 298.464735349019 304.526170094808 319.275796413422 314.319928487142 309.815088907878 309.860984484355 306.999683380127 302.009324232737 304.490307966868 302.713016668956 301.56421661377 297.535141309102 297.8542248408 300.55030186971 297.419289747874 300.655881563822 301.285703976949 299.681663513184 301.704565684001 309.257090091705 307.462592919668 297.170519828796 284.72512960434 285.436113675435 278.001348177592 273.485124111176 278.571248054504 279.296497503916 290.731906890869 319.045186042786 287.215232849121 274.566531181335 264.738361040751 256.038586298625 238.95130554835 217.425306638082
334.861199061076 332.183877627055 334.27882194519 336.773792902629 327.968657016754 321.669220924377 326.379021008809 340.794642766317 337.703267733256 309.013585249583 302.00598637263 313.288370768229 323.492467403412 317.121664683024 309.126794338226 314.891278743744 316.009720166524 309.547046820323 308.88561407725 310.708900292714 308.94676844279 304.469545682271 304.369191328685 303.492287794749 301.760196685791 299.502432346344 300.192892551422 303.385734558105 304.825405279795 309.6830646197 308.420717716217 299.216151237488 287.310640017192 281.626959641774 273.372014363607 278.376003106435 284.557143847148 284.02853012085 286.993145942688 308.153529961904 276.79040034612 236.508071422577 223.446885744731 217.615644137065 214.839816093445 209.128459294637
346.801201502482 344.185431798299 340.28947353363 341.096162796021 335.326790809631 327.448785305023 324.406941731771 329.919815063477 336.417357126872 316.955467065175 315.739909807841 323.988914489746 322.478989760081 315.782109896342 312.411189079285 314.908703168233 322.401781876882 315.587997436523 313.679118951162 314.843654632568 312.420248985291 308.354000250498 305.045068264008 304.135680198669 302.862524986267 300.92974503835 302.006502946218 305.592179298401 306.819121042887 309.438705444336 310.566385587056 301.384190718333 290.197253227234 275.010228157043 266.439139842987 281.915465990702 291.580518086751 289.753913879395 279.879411061605 294.406890869141 277.474125226339 210.0936571757 181.433101495107 167.311827341715 167.709867159526 175.148725509644
348.803639411926 351.24933719635 350.392619768779 348.284204800924 344.73729133606 339.51191107432 332.972526550293 328.505635261536 330.658634503682 327.675461769104 335.044980049133 333.565553029378 323.8179286321 324.526151021322 318.844676017761 313.116590181987 321.281333764394 320.634245872498 314.722816149394 313.653190930684 313.084324200948 308.990200360616 304.474929968516 303.367773691813 305.545290311178 305.110017458598 303.732613722483 305.972317854563 306.478381156921 309.066494305929 309.519251187642 304.766535758972 285.526235898336 263.535479704539 272.068977355957 294.108510017395 296.810885270437 291.300336519877 274.62774515152 280.158241589864 301.068087418874 254.979352156321 197.689175605774 168.149054050446 157.926827669144 152.31262644132
338.192701339722 341.817895571391 342.527707417806 345.176219940186 349.77134068807 352.961619695028 353.041648864746 350.459893544515 348.676005999247 349.494536717733 344.996690750122 333.739121754964 328.166484832764 323.934336503347 321.423590183258 317.915538946788 319.308598836263 319.733659426371 312.429269154867 312.030752499898 312.298715114594 313.979665438334 309.573113918304 305.241843064626 303.491850694021 304.661552111308 306.665360927582 307.770927747091 309.514244397481 308.170199394226 308.299422264099 305.881182352702 281.302809715271 264.376203219096 286.841591199239 301.636854807536 297.492702802022 292.398810386658 279.553472995758 275.271852811178 309.649785359701 333.452781041463 281.091153621674 226.513902346293 184.572637081146 156.906416018804
