input/barkrak2/radiation/dir11524.grid
NCOLS 85 
NROWS 70 
XLLCORNER 665100 
YLLCORNER 4664600 
CELLSIZE 20 
NODATA_value -9999 
[rows 0 to 19 of 70, columns 0 to 45 of 85]
297.098199526468989 304.94091908137 312.773962815603 320.728580156962 321.758310000102 320.275902748108 313.175479571025 307.247638702393 310.537854830424 310.873031616211 308.929602305094 313.489278157552 315.666039784749 315.920948982239 317.970752716064 315.511763095856 308.335979779561 300.824066003164 300.273835659027 288.697461287181 272.233903408051 276.478350162506 298.471728960673 306.172430515289 304.930567741394 307.904044787089 307.05451965332 294.689337412516 276.80762608846 271.987020969391 269.970258076986 281.935850779216 306.728998819987 304.347773392995 309.498270352681 300.550242265065 302.460292975108 311.39608224233 301.382005214691 309.253434340159 298.680047194163 290.196319421132 298.837025960286 311.943054199219 313.441236813863 309.11515156428
278.053601582845 291.147132714589 301.708161830902 313.149392604828 318.552553653717 317.940652370453 311.267733573914 306.256890296936 311.975955963135 312.754730383555 307.953576246897 311.052103837331 315.696815649668 316.930015881856 316.703756650289 315.545201301575 313.948432604472 308.431684970856 304.867208003998 293.361922105153 286.138534545898 290.864666302999 303.230921427409 308.20220708847 308.606187502543 308.026631673177 306.155105431875 296.734432379405 280.057470003764 272.822737693787 273.57409397761 292.411108811696 304.988821347555 304.847180843353 309.824407100677 301.149427890778 300.838689009349 305.582880973816 300.215462843577 310.584644476573 306.837836901347 298.323094844818 301.888525485992 312.643686930339 315.304160118103 311.261435349782
247.841616471608 257.97446568807 268.804013729095 279.307087262471 290.614128112793 297.14568456014 301.691889762878 306.777199109395 310.234268506368 308.31257502238 303.635319073995 306.111812591553 315.203289190928 318.337559700012 315.492888291677 319.340964158376 322.060525417328 320.816238721212 313.667873541514 306.594789028168 307.311793168386 307.332237561544 306.369523207347 306.714793046315 309.771438439687 310.066799322764 303.728063901265 295.072197914124 282.823085784912 275.209208329519 277.955114841461 298.517187436422 297.407527764638 301.434675852458 309.257864952087 303.459703922272 296.036024888357 293.10675462087 298.957705497742 310.695687929789 308.37349096934 302.985568841298 299.973050753276 308.741350968679 319.124420483907 316.086769104004
230.826914310455 232.515414555868 240.1029864947 245.524168014526 252.861142158508 257.791419823964 263.716240723928 275.929133097331 290.500044822693 301.111499468486 305.431624253591 311.715245246887 318.152944246928 320.318500200907 318.715671698252 318.195859591166 318.492929140727 316.846211751302 313.211560249329 310.528794924418 309.056381384532 306.95911248525 311.078329881032 310.699979464213 309.747636318207 311.460713545481 306.695143381755 299.233635266622 292.746762434642 287.091573079427 281.999707221985 300.522764523824 296.974758307139 300.466100374858 303.640564282735 304.372191429138 301.276087760925 299.871226151784 309.852798779805 313.275694847107 306.365430355072 297.35533396403 293.316801389058 304.820120334625 318.403720855713 317.214488983154
250.460426012675 235.94985405604 224.45813814799 216.879765192668 219.805637995402 235.171933968862 253.857592741648 263.059973716736 271.78164323171 277.836044629415 293.306787808736 308.0841700236 316.095769405365 319.614370663961 320.976356665293 321.090896924337 316.978991031647 309.377670288086 308.42379728953 310.479740301768 307.622313499451 306.446194648743 313.697973887126 312.834699948629 311.136841773987 313.448588053385 309.74558989207 302.56191889445 296.146710713704 292.17000802358 295.121928056081 307.23249912262 302.8657635053 305.148124694824 301.702280839284 303.860068321228 310.519317785899 312.742273012797 314.884781837463 313.979844252268 311.368346214294 305.422405401866 302.615582942963 304.664552211761 309.508124987284 314.942995707194
288.05265824 265.607893466949 241.37157201767 219.788173834483 211.622635523478 221.264799435933 245.135188102722 260.28698682785 263.744076093038 263.799846172333 272.836486498515 284.204443295797 291.977922121684 296.355307102203 302.275458971659 306.681593259176 304.599185784658 302.244941393534 304.96476093928 309.625188509623 309.638301531474 312.928040822347 317.668755849202 315.622011820475 314.287602901459 316.023766994476 312.302112579346 306.125322977702 299.037675062815 295.378645261129 302.484711011251 308.720231056213 310.312867164612 313.376466433207 307.958483695984 305.309017499288 310.508926709493 313.133597373962 311.571339766185 311.496794223785 311.982035636902 308.233638604482 307.284474372864 307.62771765391 302.433649698893 294.509470462799
305.5193622907 286.912004152934 270.166357358297 251.829385757446 232.701897621155 220.738609631856 228.162507216136 253.92617781957 265.751202901204 272.761563460032 270.325402418772 265.819688638051 262.14325428009 258.858799934387 260.172665119171 273.333708445231 282.902439435323 295.782029628754 306.693295637767 313.262939453125 313.645243644714 312.432607014974 316.354811191559 316.529969374339 316.06384118398 317.334016164144 316.168566544851 312.065323193868 306.300739447276 304.876685142517 308.385908603668 313.619295756022 320.359488328298 321.391463279724 318.704664707184 312.376618385315 311.09082698822 311.092535654704 311.304032802582 313.360253969828 310.87068716685 307.403345902761 307.827353477478 305.941700935364 290.024121602376 283.520579338074
309.304654598236 303.378860155741 295.936306317647 283.513824144999 264.427622159322 237.227459748586 217.186590035756 217.679480711619 249.300678571065 270.77321211497 277.221302191416 273.740669091543 266.224265098572 257.932682832082 246.783097585042 249.977946281433 260.34007469813 274.293641249339 292.799254258474 306.318958600362 311.880846818288 312.419613202413 315.83042939504 316.239356994629 315.510431925456 316.686272621155 316.266278425852 314.29652372996 310.667415459951 312.791029612223 316.374560197194 318.999330202738 322.767198085785 322.65293598175 318.913141886393 315.104007720947 312.701483567556 308.161417643229 301.978051662445 299.392759799957 303.920487562815 310.500880082448 317.348261674245 315.07815917333 301.954805850983 293.284098307292
303.644935290019 304.222782452901 301.904400189718 296.436091264089 286.31712992986 268.071115016937 241.381843884786 214.505592981974 227.056781450907 248.841166496277 265.735467274984 273.470083872477 274.734119574229 272.580206394196 263.127783934275 256.827751795451 254.465381304423 257.681965827942 270.303050676982 284.905811150869 297.106305758158 305.399040381114 309.127688407898 306.559999783834 307.766318321228 309.543172518412 310.514132181803 310.095588366191 309.67644850413 314.905842145284 318.265477816264 317.771752675374 318.087418874105 318.666994571686 316.583633422852 315.648396809896 313.18606932958 306.515753269196 295.770804087321 296.03111743927 310.892840226491 319.890220959981 321.703056494395 317.705949147542 308.508177598317 301.148931185404
281.807800134023 289.537648359935 293.425559997559 293.496668338776 291.258911291758 288.858195145925 276.37900908788 259.694854418437 231.25563065211 222.686648368835 235.785365104675 257.8364610672 276.106397310893 284.359077612559 285.869856675466 279.306034247081 266.575694084167 261.290907859802 260.628978411357 263.638516267141 271.342714627584 277.704199155172 284.5685283343 289.394279321035 295.484324296315 298.129121462504 299.626151720683 299.590329329173 300.512095292409 305.491765340169 306.695361932119 307.167887687683 311.93737188975 314.543883005778 315.292100111643 312.997341156006 310.581465562185 308.634221553802 296.47958278656 299.287378787994 315.521836280823 320.181330045064 319.120466709137 316.035906473796 305.795868237813 298.788170019786
236.871739228566 249.543050924937 260.68647702535 269.655664761861 277.688721815745 284.249524275462 286.248624324799 282.019138336182 258.483608563741 234.973867734273 221.591373284658 229.179501533508 253.659725189209 275.751709938049 287.726084391276 279.822150866191 273.525357246399 267.833193143209 260.873953501383 255.101104577382 255.452752113342 255.657354990641 258.871575196584 270.168582598368 280.049701531728 286.458134651184 288.207848866781 288.216213385264 292.563656965892 296.687086423238 298.941254615784 301.81880791982 308.907568454742 311.033467451731 310.360968112946 309.050917625427 310.904939969381 313.329736391703 307.600537935893 308.296461900075 315.888563791911 319.649497667948 319.545805454254 318.185210227966 311.20087703069 306.806623935699
196.823398272196 202.048122882843 210.426529248556 222.454031308492 237.68413066864 252.964735031128 269.460201263428 274.452726046244 275.278568267822 263.478855292002 239.828606446584 220.835546652476 223.331789175669 244.438290596008 268.48957935969 271.129886309306 277.008652687073 274.487614631653 266.157686710358 256.847262382507 250.855763753255 247.617125511169 247.768183549245 256.054917971293 263.688286145528 268.593033154805 271.074930826823 274.421632289886 280.242164929708 284.239252408346 288.068135579427 292.826652526855 298.142949740092 300.485889116923 299.472908178965 300.345222155253 307.106216748555 313.747922579447 314.940571784973 316.278338432312 318.522930145264 320.362091064453 320.56732972463 318.615078926086 313.95556529363 312.006215254466
185.403426488241 180.615683396657 178.317666053772 178.294539451599 186.038215955098 202.422340710958 226.778030395508 247.236470381419 273.123204708099 277.207692464193 266.757210095723 245.284994443258 218.808790047963 216.603815555573 238.918900489807 263.26858997345 276.403307914734 278.694788614909 274.608413378398 266.814748446147 258.96813472112 258.163015047709 257.732351620992 257.895648479462 258.207937081655 257.488330205282 261.358539263407 269.23668384552 272.378504276276 273.621777693431 277.555823326111 282.389481862386 284.068067868551 285.594999790192 287.53525018692 291.70294602712 300.35146077474 308.643937110901 309.99759833018 314.315100510915 315.892537434896 316.282629966736 315.524359544118 315.619687239329 310.431202252706 309.168179829915
178.794046243032 148.397892713547 131.89442952474 126.020173231761 123.800098896027 132.523516813914 149.945517381032 188.051144282023 225.855668385824 258.857289950053 274.843633174896 274.797399838765 258.347113927205 233.444571495056 230.804800987244 254.886130491892 270.029008388519 281.110982100169 286.123394966125 282.907128334045 273.292322953542 270.405809084574 267.468929290771 267.227053642273 266.232252120972 264.226933320363 267.029186089834 274.535655975342 274.019598960876 268.525381882985 273.436109224955 277.548213799794 279.097358385722 279.428998629252 282.485902309418 288.564264774323 292.955338954926 297.331591447194 299.666921297709 300.939997037252 303.521792093913 307.323555151622 311.272899309794 313.561658064524 308.625320593516 308.333973089854
161.416987578074 124.217599630356 99.3942022323608 94.7368542353312 96.0844953854879 100.84397594134 109.900206327438 137.947271267573 166.868130366007 215.271850426992 265.653093655904 290.030360221863 293.444275856018 277.82682577769 253.872474034627 249.757369359334 254.905819892883 268.923004468282 283.212939898173 290.004253387451 288.395762443542 283.205449581146 281.142036120097 278.16100915273 274.840573469798 272.890468438466 274.920781453451 276.870886484782 272.124985853831 268.185655275981 271.712044874827 276.027619838715 275.463163852692 275.467177232107 278.871794541677 282.283981641134 282.936155796051 282.159686088562 285.519242286682 285.906910896301 290.688256422679 296.069999535878 300.54251352946 302.553236484528 301.079392433167 302.274187405904
138.3223036925 112.05181479454 83.2910140355428 74.9114056428273 89.5106196403503 113.806307315826 119.290659825007 127.757221460342 149.0272184213 182.724177837372 229.158679644267 282.3486328125 302.652100721995 300.699551900228 283.635338147481 256.484051545461 246.351480484009 248.821318149567 264.698684215546 285.585621992747 294.373949368795 290.15455643336 291.048725446065 285.950601100922 280.087212721507 280.53096930186 283.07044506073 279.08992767334 273.902138074239 276.230931282043 277.251720428467 276.71092748642 274.202287197113 273.069481054942 272.983074188232 272.409598032633 270.701368649801 267.058968544006 268.773178259532 270.578980445862 274.86648162206 279.947598775228 281.639536221822 282.771269480387 290.534059206645 294.779737790426
123.830179373423 112.533539533615 87.6470804214478 66.7152553796768 72.0022916793823 98.4793206055959 117.941836516062 130.333522955577 146.535446246465 162.87554303805 186.599731445312 233.170986175537 273.129999637604 300.729552904765 297.918597857157 286.908825238546 275.449653466543 261.655648549398 252.604027589162 262.89294163386 283.893624941508 293.182373046875 296.102086702983 292.264839013418 286.158720652262 287.110865116119 290.807028611501 287.093738714854 284.012536207835 288.657784461975 287.427067756653 278.002957503001 272.803982098897 269.51265335083 265.314737955729 263.577520847321 259.581844011943 258.411765098572 259.001135826111 261.381506919861 263.817767302195 266.595204671224 268.380582332611 270.809491475423 284.6493323644 291.680773099263
115.800758202871 116.873612006505 107.067674398422 78.2901346683502 64.6704236666362 86.687425772349 116.0742243131 137.546092271805 156.683464845022 168.313463528951 178.10050646464 202.199319998423 236.598292986552 257.48598575592 284.042398134867 303.004781405131 299.666146437327 287.762641906738 269.678751627604 254.774729410807 265.13397693634 287.643174330393 291.309555371602 291.724840799967 292.1541929245 296.283344427745 299.59907134374 298.018336296082 295.298258463542 296.880781650543 291.467229525248 281.77801767985 275.094409783681 268.758714199066 263.246973355611 260.665754477183 257.720808188121 257.836818695068 257.91323184967 259.860396385193 261.436680952708 263.062119483948 263.230999310811 265.972495079041 276.25834941864 287.200649579366
122.608840465546 131.921648979187 134.467264016469 109.517852465312 90.1335179805756 109.059820572535 127.03342239062 148.313572009405 165.593286355337 188.411990801493 197.129130363464 202.9896179835 220.901906490326 233.25393597285 250.812192757924 268.248677253723 286.275506019592 298.651377360026 293.196400006612 277.35843261083 260.052601496379 272.247751553853 279.155572255452 287.278930346171 295.826117197673 301.766614119212 304.349422454834 304.468115170797 299.270530541738 297.507762908936 290.833572546641 284.75030263265 277.504662672679 270.313481489817 266.359607378642 262.219667434692 261.456886927287 258.065799872081 257.440745830536 260.452230771383 264.340698719025 265.036543210347 264.606813589732 267.371714115143 268.009305000305 280.284682909648
131.730635960897 135.55696606636 147.99290895462 147.904098033905 133.614162604014 128.857711950938 131.042778491974 144.233723481496 161.791781584422 181.502838929494 193.803171316783 195.884585380554 201.25679175059 207.827925682068 225.764532883962 247.073829174042 260.145545005798 270.780126253764 283.87447198232 290.608465671539 283.533831437429 271.523992220561 272.53125111262 280.263483524323 290.276050567627 298.219799995422 303.756296634674 303.84886264801 297.038276990255 295.958797136943 290.651698907216 283.405264218648 276.588757832845 271.839996178945 268.745799859365 264.538089434306 261.480053265889 253.950754801432 251.484195391337 259.536186854045 265.600124994914 266.549964745839 268.998364607493 268.573542435964 265.032807985942 274.140616257985
