input/barkrak2/radiation/dir14024.grid
NCOLS 85 
NROWS 70 
XLLCORNER 665100 
YLLCORNER 4664600 
CELLSIZE 20 
NODATA_value -9999 
[rows 20 to 39 of 70, columns 0 to 45 of 85]
185.811956723531 177.756090958913 193.022509415944 232.686539491018 227.190534273783 184.764782587687 169.577380021413 174.905121326447 187.780141830444 209.218382835388 223.243693510691 231.210947036743 237.714131673177 248.77409140269 263.468484083811 282.320141792297 302.801926930745 319.692512353261 325.29491186142 333.205918471018 335.131327311198 328.018625577291 326.79283618927 328.582604726156 329.823652903239 331.28156264623 332.655588785807 330.055236816406 326.095044612885 325.477004051208 319.283485412598 307.850301265717 298.255562782288 293.321192264557 291.4217710495 296.798586845398 296.935657660166 299.279113610586 303.072571754456 307.217001914978 307.054996490479 307.18332529068 309.512078762054 304.956634839376 308.373093605042 312.166094779968
214.365740617116 212.020854155223 227.662603060404 258.776108423869 255.071441332499 195.403556029002 182.23241964976 184.056063493093 191.761374473572 204.252600669861 217.486083507538 224.932154019674 233.195106188456 233.508129914602 246.159911155701 264.114022254944 283.333837985992 300.168514251709 318.684677282969 328.768690427144 333.342989285787 338.07635307312 339.96327718099 339.042504628499 335.048317909241 329.98663187027 326.707681020101 323.124925295512 322.317401568095 316.037754217784 298.618892828623 269.485116004944 248.183131217957 245.451788107554 252.983152866364 271.507898966471 279.208342234294 294.112145900726 304.063200950623 303.931991259257 302.166998386383 301.262338956197 294.668873151143 280.673305193583 300.761957963308 308.559040228526
255.68958123525 262.148479620616 266.482253869375 275.99028746287 275.801181793213 229.177474975586 204.315106074015 190.765857696533 187.243044376373 198.558111985525 216.603318850199 226.9366979599 237.959980964661 242.913802464803 248.235523700714 259.97656583786 274.47513739268 289.997140566508 302.299241224925 310.195565223694 318.140824635824 328.249514102936 334.636727968852 335.177143414815 332.502841949463 329.919556776683 319.903314113617 309.8357518514 299.972315629323 275.80604950587 241.088529427846 193.923195203145 170.227984587351 186.398943265279 214.498301347097 239.723940690358 258.345345656077 277.838269869487 290.37735859553 293.713768323263 296.947320302327 296.734134356181 274.650851885478 253.989418347677 280.860900878906 307.257453600566
277.959624926249 279.547850290934 275.905708471934 281.420906384786 280.41144212087 263.445397218068 229.263365268707 199.631333351135 184.656302134196 188.855727513631 214.643597602844 227.064808209737 241.490542888641 254.283885161082 254.161318143209 258.116920789083 271.305839220683 281.964143117269 293.103814125061 290.501534938812 294.1548426946 303.644378980001 314.591606458028 310.966710249583 305.337329705556 297.293563683828 281.823694705963 274.405280749003 252.393126487732 208.066741625468 175.384879112244 151.152720053991 119.751463333766 113.748550415039 124.896645545959 161.693841218948 206.734697024027 234.281798203786 252.525925636292 261.647760868073 261.170486609141 247.486233711243 233.096400896708 267.015238602956 266.726752122243 299.207210540771
270.531376202901 272.031466166178 278.351267178853 283.165454864502 273.97479613622 265.169362227122 236.205736796061 214.586297671 198.576251665751 192.198236783346 205.409129460653 222.005764643351 235.048015912374 249.139746030172 255.215148131053 256.818215052287 268.991510073344 280.397832393646 288.865089416504 285.38312514623 284.314572811127 273.598194122314 271.465182304382 279.310444990794 281.734426816305 278.724312782288 269.17976140976 256.087382634481 228.236635526021 170.485536257426 150.535186131795 147.306064764659 127.543578545252 95.2143470446269 86.8931512037913 104.481001694997 146.800627311071 186.661998430888 214.150249958038 227.482517560323 217.461744944255 195.297300815582 216.964264710744 284.886558850606 279.393891493479 299.230635166168
263.64807287852 267.985145250956 278.468728065491 280.564884344737 274.642725785573 265.410939852397 245.917042096456 241.129299004873 232.178608576457 217.258056004842 216.18378162384 236.501653989156 246.499756971995 260.046780109406 264.386435349782 261.656880378723 268.162985642751 278.732299804688 281.826376914978 282.429794470469 278.144419193268 270.861148834229 267.210265000661 268.808523813883 273.327310880025 269.630153973897 257.747113704681 249.372045199076 202.651262283325 179.14609114329 177.081286907196 193.063894907633 195.481399695079 161.41618291537 127.244432767232 114.753305912018 128.881891568502 155.131151278814 186.411639054616 210.270841916402 191.646774609884 182.708462079366 226.207276185354 273.185312747955 293.671806653341 308.55667591095
265.228390693665 267.86212126414 275.268336137136 279.161890347799 287.802537282308 276.091674963633 263.832251230876 255.397935708364 255.372742811839 251.680970191956 240.707337856293 254.263540108999 263.042151927948 275.768756866455 277.151803175608 268.748382727305 264.184057712555 269.600749015808 276.639560858409 285.481293996175 288.916170597076 283.467809359233 275.439520676931 268.734931945801 270.822207132975 270.883460839589 260.596175988515 249.267101287842 215.846220652262 209.950606028239 230.704327424367 254.862248897552 259.998857975006 267.605781555176 238.67921034495 155.153830846151 143.327176570892 153.635084629059 180.909752845764 205.080489317576 201.842963695526 233.083923657735 235.658307870229 251.2553135554 285.05543867747 297.582407792409
269.306222597758 265.7124598821 268.687049547831 276.655554771423 310.872038205465 288.510580857595 271.901667118073 257.686158021291 258.650898933411 267.535587151845 257.434725761414 259.532888730367 272.071421146393 279.152194658915 282.357315222422 277.147134145101 267.239610354106 273.168365160624 281.038761138916 288.253366947174 285.38453578949 276.992042859395 275.88685353597 276.392340660095 277.888874212901 275.54178237915 269.849677880605 260.779937108358 240.871131420135 239.986062049866 262.925604979197 277.532160282135 277.265191078186 291.108806927999 308.269878228505 235.250890254974 172.546962896983 158.343950907389 172.113994757334 198.770046234131 239.523649215698 290.080010890961 250.262379646301 244.101146856944 268.285075823466 278.73557806015
267.186264197032 258.255203564962 261.988838513692 283.051013946533 324.255724747976 290.84978501002 263.835688432058 251.816610495249 256.021579106649 263.894399007161 258.201638857524 256.059308846792 271.746436754862 278.466324011485 278.056661287944 281.739294528961 276.515285174052 270.680864651998 278.365969657898 280.412415663401 279.619018236796 272.782206535339 275.212407112122 277.69527832667 280.742168426514 276.99089050293 276.879986127218 268.364469210307 252.507627010345 248.858014742533 271.074672540029 288.603107134501 288.242975870768 287.15701897939 305.767695109049 299.02454217275 205.450256665548 149.759272734324 139.911284049352 175.794084866842 248.636345068614 271.799663702647 240.668018658956 217.547615369161 237.274746100108 249.508996804555
260.577519734701 250.352084636688 258.265813191732 293.415029843648 321.549355983734 287.223974863688 255.277733008067 239.41163221995 235.439658164978 238.164822260539 237.043341000875 245.551268259684 264.650305112203 275.054037570953 278.272370497386 282.746275266012 281.835357348124 269.468108812968 272.932747999827 273.292700449626 273.963709672292 274.132132530212 275.745670000712 279.571910699209 282.374918460846 280.620038509369 282.979706923167 274.874965349833 257.88555542628 257.492323716482 277.025818824768 294.56619421641 290.513734022776 287.3521844546 296.881635983785 312.607705593109 288.58757019043 210.506717363993 164.087076981862 174.044291178385 210.707485675812 226.027846336365 227.937738100688 197.004655996958 207.671503225962 228.790799776713
249.60070848465 259.013136227926 288.817942142487 334.780851999919 333.990653355916 292.711853981018 256.941258907318 227.313995361328 218.569795290629 229.191263516744 224.40505027771 223.629434903463 254.392484823863 273.074666659037 281.185567378998 287.095864613851 285.280664761861 276.448210080465 277.163147926331 276.025672753652 275.142927964528 280.477007230123 282.256186008453 283.089478810628 285.170753796895 286.881983280182 289.056360721588 283.927122751872 269.68914270401 269.596676031748 283.495704332987 295.842329661051 292.789399623871 293.622652689616 298.341373602549 301.431119441986 319.061438242594 321.780165036519 252.289493878682 205.011049906413 192.769130071004 184.213240941366 203.724980354309 198.488314946493 204.290489355723 229.704757531484
268.339733282725 295.853614807129 318.343281745911 325.826644897461 350.00216960907 327.407240867615 289.721747239431 250.101884206136 234.90583896637 249.934474627177 243.144631385803 224.6981660525 242.329398790995 270.917296409607 283.746401468913 288.435518741608 287.282367547353 283.475816249847 279.113570849101 279.500325520833 281.582732995351 285.126586755117 287.103136380513 287.473559379578 287.665625413259 295.991063117981 296.430806318919 297.112822532654 287.379304567973 284.236331780752 289.855440457662 294.407943884532 296.371360619863 301.394939422607 304.179708162944 293.544173240662 300.551136334737 333.344539006551 321.949899196625 257.306297620138 208.283126354218 186.388850212097 185.344199339549 203.78585656484 223.78263870875 253.74980767568
303.47740650177 315.616567929586 309.105137983958 302.211821079254 319.892307122548 337.139010429382 328.214744726817 298.199911912282 274.662693341573 274.904986222585 275.964995225271 254.749556382497 243.870377540588 265.91149965922 285.56623061498 289.345840613047 286.72190507253 290.491799513499 282.388587792714 279.364585876465 287.301162878672 287.427226702372 287.215014298757 286.335587501526 288.066983222961 297.306478023529 300.519943237305 303.02486817042 295.960644880931 290.42645295461 298.104862372081 302.545487880707 299.153288205465 300.570805867513 304.542104403178 293.981273969014 293.850541114807 310.36498149236 307.786047458649 278.072357177734 247.226536273956 210.968772570292 192.978918552399 196.846763292948 217.95262893041 253.251910209656
300.715188185374 296.069423357646 289.682447910309 279.170095920563 280.112683773041 299.607872962952 316.941479841868 310.822049776713 297.888398170471 296.268820762634 295.453071594238 282.279431819916 266.981601715088 274.083892504374 285.921573638916 289.665122826894 288.985470930735 289.174397786458 283.049861590068 284.10530090332 284.15177265803 285.620272159576 282.685856024424 280.035436153412 286.534249782562 291.769504547119 300.197501977285 301.141540209452 295.976519584656 296.788911024729 302.879552046458 301.240722338359 290.632347265879 288.301726182302 292.040447394053 276.237368583679 274.019122123718 272.51136302948 261.395732561747 261.404613653819 271.214326222738 241.724292437236 214.891930421193 202.148656050364 203.334371248881 227.067490418752
296.094417572021 287.308533986409 293.282945950826 279.979268709819 272.496183713277 283.522705237071 307.711720466614 327.164550622304 319.310247898102 304.753661155701 294.719119866689 293.183525403341 295.646091302236 291.730284690857 292.728622754415 293.561557928721 289.435029029846 288.808127244314 285.837749640147 288.894653320312 284.508387247721 283.966918786367 282.573600610097 283.166766166687 284.979561964671 290.077944596608 295.794208844503 293.14911365509 293.970704078674 299.153327941895 303.389171759288 293.7104900678 278.515597184499 282.155712445577 280.16738096873 263.282140096029 264.622151851654 264.290571212769 267.622212568919 283.139069875081 284.922122955322 274.561405181885 250.82258383433 233.206689357758 214.510003725688 207.312047481537
314.34828042984 309.908489386241 318.629841009776 313.896298408508 304.292480150859 307.938992977142 323.164562384288 342.572251955668 332.485397656759 308.833499749502 294.708410898844 299.633304278056 312.112271785736 303.389032681783 300.250271956126 298.603753248851 295.730332533518 286.94619735082 289.850076039632 290.944774945577 289.82667128245 285.615086555481 286.218424638112 289.238293965658 284.873386224111 288.555522759755 289.755761623383 287.370324134827 290.572762489319 300.029218196869 300.898452599843 291.391432285309 280.051032702128 280.978004137675 271.954695383708 266.903340816498 272.207379341125 273.658871650696 283.716420332591 305.73171377182 273.287077744802 261.157234509786 250.745097796122 240.919589996338 223.090787728628 203.862865765889
334.86004670461 332.735498746236 335.044940312703 337.132930755615 328.486382961273 322.422862052917 327.460984388987 341.25034014384 335.266669591268 307.372132937113 298.065443833669 306.321342786153 316.635350386302 308.058897654216 297.762393951416 301.571110884349 303.925514221191 296.249588330587 296.547373135885 296.640117963155 297.561844189962 292.823731899261 289.922773838043 292.255361874898 287.495871384939 287.205696105957 290.102581183116 291.359424591064 294.473548730214 301.455934842428 301.721354325612 294.099966684977 282.87676970164 277.798453966777 268.012305100759 272.696713606517 278.570592403412 278.89076868693 281.715552012126 296.610196431478 259.179830551147 218.053142229716 204.447448253632 200.31330982844 197.617689768473 194.789230823517
343.402147293091 342.313011487325 339.884281158447 340.816418329875 334.636370340983 327.825347582499 326.047301292419 331.912000974019 336.238265037537 315.973977247874 310.66890557607 315.069576104482 313.106914361318 302.075266838074 299.130439758301 301.803211371104 309.191008408864 306.006550788879 300.457835197449 302.73844798406 302.090108394623 295.10905345281 292.604386806488 292.796810468038 291.656454404195 289.800643920898 291.269659996033 295.155048370361 297.926902770996 299.727121988932 301.757017771403 296.178698539734 285.86733341217 270.401577154795 261.069973309835 277.078628540039 286.61588827769 284.998099009196 275.762279828389 286.409954229991 258.553624153137 191.005607446035 160.915722449621 147.820283969243 149.11562204361 159.155984719594
342.217445373535 344.843626022339 346.054951349894 344.300508499146 341.432452201843 338.226755460103 333.681066830953 330.572386582692 332.665284474691 326.288064320882 329.373419284821 324.495673179626 309.523483117421 311.286191145579 305.945754051208 298.700392246246 307.806968688965 307.93285369873 302.964746952057 300.223350524902 299.792190392812 296.991308530172 292.621831099192 292.593379815419 294.215897719065 296.011666456858 293.66393884023 296.365300814311 298.932552337646 299.602568149567 301.792581876119 298.453072706858 281.208872795105 258.581439654032 266.761422157288 289.621869723002 292.940934499105 287.769416968028 271.459539731344 276.153941949209 288.523515065511 234.680453936259 176.112214724223 148.800233999888 140.719254811605 140.541980663935
327.987094720205 332.508504390717 332.290967305501 336.385607719421 342.64349937439 347.396810849508 349.260727564494 348.149498303731 346.719861030579 343.807260195414 335.877974828084 320.546746253967 313.891510168711 312.436739603678 308.317542076111 304.176648457845 306.653241316477 305.975695451101 300.196528434753 299.378931522369 301.551063855489 302.42782831192 300.940414269765 295.950611432393 293.647189935048 295.836011568705 298.410137494405 298.974732557933 301.153222719828 300.034999847412 299.772461255391 298.482298851013 275.609612464905 259.677191575368 283.293346563975 298.638860384623 293.987214565277 289.622207482656 276.747663815816 274.121801058451 305.886467297872 320.952256520589 262.157042821248 207.472403844198 168.57506831487 141.571044921875
