input/barkrak2/radiation/dir12724.grid
NCOLS 85 
NROWS 70 
XLLCORNER 665100 
YLLCORNER 4664600 
CELLSIZE 20 
NODATA_value -9999 
[rows 0 to 19 of 70, columns 0 to 45 of 85]
321.530381838480992 327.021022637685 331.646541754405 333.342790603638 331.166485945384 328.648209571838 322.052260239919 316.048979759216 319.732864697774 319.738745689392 317.198216915131 322.690049807231 326.298832893372 325.8136510849 327.785770098368 328.920801480611 323.560814062754 315.975983937581 313.909689585368 303.190012772878 285.438219706217 286.359051863352 306.423226992289 313.660144805908 311.558723449707 312.367002169291 311.80073817571 302.135745684306 282.200614611308 277.070562044779 274.673521518707 284.618576367696 303.69234085083 305.014888445536 310.047368208567 301.991085211436 301.661908626556 311.40257914861 300.78782637914 309.045096238454 298.984249432882 286.084453264872 295.588771502177 312.943557898204 316.7937596639 310.861627260844
304.756641387939 309.933543205261 317.60036945343 325.073500474294 329.852302869161 329.05505100886 321.92987203598 314.486443996429 319.072941939036 320.354262987773 315.340101718903 319.631854693095 325.736622015635 326.975544293721 326.257924238841 328.136881192525 326.578557491302 322.236657142639 319.38769419988 309.368809064229 299.375792344411 298.980196317037 308.514753977458 313.447594642639 313.736001650492 312.947471936544 310.878952344259 301.988502343496 286.533892154694 277.682681878408 278.854648272196 293.899317582448 300.24782816569 300.158758958181 310.603936513265 301.517446835836 298.677722613017 300.9113073349 297.20538854599 309.199551741282 306.307097276052 296.51015996933 301.452835400899 316.063980261485 320.530374844869 314.285755157471
270.036439100901 280.786077181498 290.67321618398 298.468232154846 308.972040812174 314.63215748469 318.432589371999 320.589701334635 321.204284826914 318.862438201904 312.474687894185 314.088543256124 322.825868924459 325.846095879873 322.517494360606 325.804114341736 329.683184623718 330.888589223226 326.893846193949 320.370296637217 319.504459698995 315.626939137777 311.899662017822 312.046567598979 314.942419528961 315.006693204244 308.894117673238 300.063451131185 288.811961809794 278.859655062358 280.099709828695 297.265489896138 291.594445705414 295.952518781026 307.584166526794 301.821132500966 291.077136993408 285.967826843262 296.342412630717 309.295694033305 307.82022078832 305.77290058136 304.533064365387 315.428992112478 326.09345515569 319.53763961792
255.912443002065 257.58953889211 263.201514879862 269.681890805562 277.06782023112 281.866610050201 287.099480628967 296.999017397563 309.507409731547 317.423820495605 318.523784478505 321.391304334005 325.431942939758 326.569974422455 324.411650498708 321.940620740255 323.200643062592 324.347813924154 324.592848618825 323.854982852936 321.568111578623 319.086670875549 320.984999338786 318.336208661397 316.626012325287 318.307558695475 313.373148441315 305.205881595612 297.743837038676 290.921688079834 284.047226111094 298.039853572845 291.490038235982 295.976916948954 300.806721051534 301.571567853292 297.257045904795 295.423467954 307.755748430888 314.077814420064 309.915800889333 302.660783131917 298.110008239746 308.123707771301 320.221106211344 321.5624888738
273.973842461904 260.743419329325 250.149528185527 243.400871753693 246.517221132914 261.15483045578 278.329809506734 286.58401966095 294.306337833405 299.519062042236 311.61375840505 322.743833065033 328.441421190898 330.350458621979 329.508423805237 328.530788421631 325.114568074544 319.12899017334 319.355269273122 322.345832983653 320.521235466003 319.344401359558 324.672222137451 322.288711865743 319.611767927806 320.554991563161 316.149969895681 308.699866135915 301.776607831319 297.212501366933 298.395693302155 305.030822753906 299.365242322286 301.933447519938 298.863609631856 301.682591438293 309.775769710541 313.773572444916 318.11249256134 319.821159044902 317.374587059021 310.677587985992 305.775205294291 305.13854821523 310.089488824209 320.673783620199
309.480349222819 289.986709753672 267.995556195577 246.580521265666 238.798240820567 249.035537242889 271.349787712097 284.129877885183 287.15980052948 287.287930647532 295.32257715861 305.168588956197 311.716119448344 315.953135490417 319.676677385966 322.599828243256 320.266942183177 315.409501393636 316.567381223043 320.768555005391 320.749481519063 324.060797691345 328.8920323054 326.308945814768 323.656340440114 324.014921983083 319.210171699524 312.847495079041 304.434359073639 299.611449241638 303.690274556478 306.263446807861 309.033036231995 313.154578208923 308.030347029368 305.18780152003 311.773200829824 316.226005554199 316.638886928558 316.688895225525 317.388753096263 313.52158387502 311.907132466634 311.325271924337 307.931482791901 304.83877658844
323.075135548909 308.512409528096 294.080297152201 277.652899424235 259.970287481944 247.273902098338 254.332959651947 279.380997021993 289.802273114522 296.036203702291 293.928881486257 289.097249507904 285.812973976135 282.899101575216 284.791787465413 296.366373697917 303.581992785136 313.511212666829 321.01571559906 325.121283531189 323.761940002441 321.470260620117 326.747357845306 327.335198720296 326.554358005524 327.986776828766 325.720886389414 320.499996344248 312.710225582123 309.061308701833 309.345662593842 312.684118747711 321.790099143982 325.556437174479 322.981139024099 316.265304883321 314.888854821523 316.503683725993 317.482352256775 320.954322814941 319.44348414739 315.323452154795 313.741525014242 309.815625349681 295.104563236237 288.875102996826
324.637989203135 320.947964986165 315.229574839274 305.560747782389 289.019485314687 264.149188995361 245.146254698435 244.775732358297 274.411578973134 294.378558794657 299.845735232035 296.657919883728 290.02857208252 282.804449399312 271.94223801295 274.855812390645 284.918248653412 297.085762023926 312.560180823008 322.957038879395 325.350383917491 323.252320289612 325.414498647054 327.005803585052 326.617340246836 328.259984652201 327.928821245829 324.910044670105 319.970488548279 319.712360699971 321.078141530355 322.801272074382 329.045832157135 329.6773036321 327.625234921773 323.650081952413 320.223073164622 315.833926200867 309.858123461405 310.528496901194 316.274126370748 321.506222089132 324.949224789937 320.210258165995 306.450525919596 295.028626918793
320.111433664958 320.76088587443 319.212079048157 315.186719099681 307.047565778096 292.105833689372 268.117527167002 242.863337198893 254.32014465332 273.65239461263 289.944132169088 296.216646830241 296.995441118876 295.200089613597 287.43588924408 281.066318353017 278.934220472972 282.649834950765 293.948133786519 306.624372800191 316.549301147461 321.571548779805 323.272128899892 320.656716823578 321.618437767029 324.049095312754 325.069804986318 323.961098988851 322.669625282288 326.194723447164 328.556180000305 327.849666277568 329.100131988525 329.528053601583 327.078461647034 325.618465741475 322.723766167959 315.911710262299 303.599953651428 305.313269297282 320.307632287343 327.721317609151 327.682336171468 323.129018147786 314.070800940196 305.96927801768
302.961230278015 309.377253055573 312.305549780528 312.393466631571 310.612877209981 309.113244215647 298.863848050435 284.775157769521 258.446514606476 250.603556632996 261.875331401825 282.854974269867 298.729638258616 305.41330575943 307.06650018692 301.833748817444 290.704568227132 285.90859969457 285.341322422028 288.043975830078 294.847706953685 300.079762935638 304.809033870697 308.610657850901 313.222348690033 315.718452135722 317.335565884908 316.832383473714 317.128916581472 321.195602416992 322.287619113922 322.572290897369 326.543609301249 328.660686810811 328.333218892415 325.188219547272 322.878042856852 319.904923439026 305.669367313385 305.852611859639 321.106314659119 324.761132399241 323.225537935893 319.943110148112 311.123907566071 303.239504496257
263.683835665385 275.201121966044 285.00630458196 292.369723320007 299.258291721344 304.88646030426 306.96694056193 304.266234238942 283.724824587504 262.139717737834 249.59401289622 255.633473396301 279.17222181956 298.49374294281 308.498601118724 301.849087079366 296.567916870117 291.866580645243 285.743455092112 280.35968542099 280.670523643494 280.674397945404 283.271531263987 293.017288049062 301.523784796397 306.453744570414 308.16262960434 307.966490586599 311.397135257721 314.898292223612 316.71005487442 319.185574849447 325.071493784587 326.643188794454 325.635552406311 323.619365692139 324.420968691508 325.843334197998 317.816476027171 313.650250434875 320.0377424558 323.825160662333 324.219485123952 323.325375715892 316.149592399597 310.058077176412
226.294080416361 231.248358885447 239.145855108897 250.405192375183 264.489054679871 277.889132499695 292.670845985413 297.469516595205 298.326551914215 288.100560506185 266.716758410136 248.963455359141 249.913613001506 270.775576432546 292.185505231221 294.025361537933 299.428900082906 297.524333000183 290.371000766754 282.108088334401 275.720596313477 273.317555586497 273.439029852549 280.993501345317 287.60286172231 291.614333788554 293.20361216863 296.49825890859 301.537096500397 304.969429969788 308.217485745748 312.519649664561 317.242940266927 318.269948164622 317.64805316925 317.88698832194 322.906454404195 327.651560306549 326.734264691671 324.154595534007 324.656426906586 327.310303846995 328.533391157786 326.710184415181 321.697513262431 319.580872853597
214.954515298208 210.826516151428 208.625197410583 208.626588185628 216.088275114695 231.763561566671 254.696647326152 273.573517799377 296.058058738708 299.530227979024 290.88948170344 271.743973096212 247.068206469218 244.971990585327 265.884598096212 287.097454071045 299.14931456248 301.039656003316 297.607998053233 290.940443674723 283.932586510976 282.321711381276 281.940042972565 282.697876294454 282.729466756185 281.834165255229 285.374045372009 291.815598805745 294.5450146993 295.650641123454 299.543658892314 303.897440433502 305.606484413147 306.064565976461 307.53364165624 311.01401646932 318.915804227193 324.269831180573 324.942688147227 327.308297157288 327.94862985611 327.981412410736 326.719562212626 326.540986696879 321.507612864176 319.427907466888
210.230767726898 183.613499005636 167.023698488871 160.879989465078 158.073455095291 164.203385512034 184.185842672984 218.026300271352 253.918568293254 283.966640631358 297.163168589274 297.291000684102 282.920201619466 260.633826255798 258.200844128927 280.515730381012 293.168008327484 302.727003892263 307.349324226379 304.790139198303 296.587785085042 293.960730234782 290.65465927124 290.467580159505 289.919118086497 287.937899430593 290.673096974691 297.290921211243 295.978903770447 291.211167971293 295.641462008158 299.841185410817 301.356852054596 301.687618096669 303.373456001282 308.584372202555 313.157240549723 316.666642824809 317.376335461934 318.234344323476 320.575177669525 323.337395985921 326.025644938151 326.110005378723 321.31286462148 319.733619689941
194.121599197388 154.930879672368 132.787764072418 128.741969664892 129.044403632482 134.009410937627 143.162349859873 170.33596833547 196.514268716176 244.284073511759 290.36287466685 311.081031958262 313.345948855082 300.239721934001 279.470562934875 275.719066460927 280.538817246755 292.174180348714 305.155177911123 310.446937878927 309.248805046082 304.915467898051 303.251266479492 300.083915392558 297.007997830709 295.556982358297 297.787725925446 299.457450707753 294.589618841807 291.372100512187 294.227759043376 298.026522000631 298.213203748067 298.292915026347 301.239450772603 304.242094357808 304.747462272644 304.038564364115 306.65131409963 306.028644243876 310.056467851003 315.19228219986 318.795084953308 319.675803184509 316.74325466156 316.830853621165
165.60501853625 138.107697168986 112.404594818751 109.867334365845 125.878651936849 148.66363008817 149.242291847865 158.416618903478 179.982463518778 208.890299002329 256.084501743317 306.336621443431 321.465869744619 319.309135278066 305.965264638265 281.982362270355 272.750755151113 275.003552436829 288.358112176259 307.31721719106 314.20507033666 310.562451680501 311.477879683177 307.308395703634 302.043239275614 301.823019981384 304.272651672363 301.248749097188 296.011825402578 298.404276371002 299.894909063975 299.42532380422 296.46231730779 295.524915059408 296.136319637299 295.632938543956 294.215460618337 290.001610914866 292.174279689789 293.687403202057 297.566473484039 301.067074139913 303.228318691254 303.884029388428 309.003571669261 312.359015146891
146.598607301712 135.571191708247 112.138400475184 101.303895314535 104.669074217478 128.851115703583 151.294926802317 159.366349379222 175.571382045746 190.119763215383 213.843584060669 266.088525454203 312.988082567851 319.46474313736 316.46200021108 307.954033215841 298.903942108154 286.56933705012 278.273940086365 286.63037220637 305.217941602071 313.062568505605 315.477212270101 312.242090702057 307.063420613607 308.01777044932 311.455607414246 307.527442773183 304.442624251048 308.67071946462 308.507164319356 300.384004910787 295.893629391988 293.192863464355 288.646598656972 287.734766801198 284.230709075928 283.208270867666 282.782038052877 285.575032234192 287.857015927633 289.374927679698 291.702965895335 293.830672899882 305.437982082367 310.385187466939
137.999484936396 140.012562274933 130.998661120733 112.818380196889 97.5653429826101 113.812188307444 143.419792254766 163.400838772456 183.435400327047 194.400827089945 203.862567742666 229.162534077962 270.600517590841 301.039278507233 318.774819374084 320.849478244781 318.539023399353 309.379736582438 293.832719326019 280.324776967367 288.560589154561 308.50871404012 311.642289161682 311.428546905518 311.783989270528 315.733393033346 318.668166796366 316.992501417796 314.333061377207 315.43360153834 311.330835024516 303.020636240641 297.633330027262 292.345404624939 287.508050600688 284.457306067149 282.507141431173 282.699803511302 282.717605431875 283.57324997584 285.77047586441 287.241359551748 286.386370658875 289.73130385081 298.704246679942 307.883143424988
145.259112119675 154.902994632721 158.791273832321 141.879131396612 120.803852876027 130.325218041738 149.219463268916 171.389718850454 190.379758675893 213.318606217702 221.140960852305 227.64798005422 248.935838540395 265.80947637558 282.985627651215 317.328830560048 318.867623806 317.619701226552 313.923895359039 300.593117872874 285.1322889328 296.113431453705 301.693081855774 308.288296063741 315.281907717387 320.351719856262 322.535137335459 321.995417277018 317.18631585439 315.564274787903 310.25218963623 304.921209812164 299.126585324605 293.402552604675 290.127495924632 286.52822971344 286.03454430898 282.913247744242 282.299935817719 285.018920898438 288.585563500722 289.003431797028 288.61137231191 291.218221187592 291.587869326274 302.31507619222
155.028790235519 159.334480762482 172.56357272466 178.574601809184 164.902826150258 150.466461976369 151.764412720998 164.21914100647 183.008968830109 206.035097440084 219.797492027283 219.993551572164 227.658788363139 240.409016609192 258.942246437073 278.918067614237 296.180407206217 312.251925468445 313.477635383606 312.505920728048 305.943965911865 295.447409152985 296.297609806061 302.783648173014 311.220387617747 317.79420375824 322.236279646556 321.470737457275 315.032760302226 314.19583161672 309.350848197937 303.058266639709 297.602693239848 294.353226820628 292.044599850972 288.475771745046 285.951137542725 279.282768567403 277.809580167135 284.303387006124 289.775311946869 291.35408004125 292.559623718262 292.291899522146 288.957754770915 297.023236751556
