input/barkrak2/radiation/dir14824.grid
NCOLS 85 
NROWS 70 
XLLCORNER 665100 
YLLCORNER 4664600 
CELLSIZE 20 
NODATA_value -9999 
[rows 0 to 19 of 70, columns 0 to 45 of 85]
347.729404767354026 351.11403465271 351.42441590627 348.328948020935 343.507329622904 338.438669840495 330.593307813009 324.403703212738 329.230725765228 328.111966451009 325.075050195058 332.766175270081 338.970820109049 338.860710461934 341.887593269348 349.824508031209 350.90438524882 340.678215026855 333.436767260234 322.125395139058 300.803601741791 296.601712703705 313.772400220235 320.513824621836 317.920486132304 316.270709037781 315.198202927907 306.318859259288 287.794232368469 280.753513177236 279.187460740407 284.996867179871 295.605222384135 301.1687596639 307.689865430196 300.018052260081 297.249694665273 305.929859479268 303.869406382243 305.666387081146 295.449356238047 277.246038118998 287.226418654124 310.230215390523 315.353075663249 307.033737500509
340.478777885437 346.750497817993 346.400618553162 346.554597218831 346.231500307719 342.511892318726 332.108696301778 322.035729885101 325.106620788574 326.535701751709 321.643571058909 327.460646629333 335.486531257629 336.582104365031 336.022218068441 340.901573499044 340.597828229268 337.977170944214 336.080114046733 328.865091005961 313.956578572591 306.466738382975 311.684449513753 316.623628139496 315.950711568197 313.184837500254 311.320205529531 306.012372175852 291.08848174413 281.055331230164 282.371779282888 292.600154876709 292.331020037333 295.981526374817 306.581020355225 298.539320627848 292.456309000651 292.954961458842 288.950244585673 303.311387697856 301.276465257009 289.862314860026 296.404143174489 315.467476844788 320.799827575684 310.006558895111
319.268763065338 319.83604033788 325.222392876943 330.678900082906 333.568811416626 336.226900418599 337.080756823222 335.084120432536 332.190712292989 328.98070414861 320.925712585449 321.441292762756 329.646388689677 331.462442874908 327.834089597066 331.182758013407 335.54204305013 340.019941329956 340.39568901062 335.749983787537 331.482410430908 322.631776332855 315.322915712992 314.128081003825 315.331200758616 315.854966640472 310.363988081614 303.717176119487 292.681535085042 281.020800272624 279.268642266591 292.259057362874 280.310571193695 287.062525749207 301.444888114929 296.187976996104 281.557599703471 274.058222770691 287.024696667989 304.122567176819 305.317501227061 305.077036221822 306.983053684235 320.600191752116 330.243945121765 316.691180070241
301.284750302633 298.408766587575 300.135334332784 301.149586836497 305.847585201263 310.698350270589 314.140856266022 322.437882423401 331.490894158681 335.753440856934 332.890888055166 331.213593482971 332.296748956044 331.632037957509 328.111867109935 322.308977444967 325.429479281108 330.516119798024 336.034735043844 337.249279022217 334.587653477987 331.734120845795 330.474336942037 324.387431144714 322.0454454422 323.54869445165 318.387667338053 309.414744377136 301.167905330658 292.317748069763 282.982885837555 291.374782721202 281.269828478495 286.243478457133 293.308317661285 293.961465358734 288.048803806305 285.662651062012 303.701837857564 315.349638462067 311.748723189036 304.070909818013 300.886571407318 309.202452500661 320.652683575948 321.074763933818
315.84491332372 301.798462867737 284.064551194509 277.405480543772 280.593713124593 294.019480546315 307.790497938792 314.750889937083 321.044663588206 324.166715145111 333.141207695007 339.184681574504 341.746687889099 340.738773345947 338.411291440328 335.212310155233 332.696715990702 328.375498453776 330.71094751358 335.265715916951 334.984223047892 334.691762924194 338.033715883891 332.764347394307 328.080554803212 327.442546685537 322.708606719971 314.055641492208 305.655439694722 300.307214260101 299.20901854833 298.655251661936 291.764636834462 293.785154819489 291.33403301239 295.019467671712 304.815252621969 310.168306032817 318.449238936106 323.225935300191 321.023980776469 313.648859659831 306.350449721018 302.801410357157 307.740887006124 326.279799143473
337.852358818054 320.89630762736 300.260583559672 280.771851539612 273.611028989156 281.349062919617 301.80025100708 313.762823740641 316.152771313985 315.363844235738 321.876466274261 329.589247703552 334.412852923075 337.367614110311 340.060472488403 340.883493423462 336.804827054342 329.858462015788 328.885118166606 332.278529802958 331.887046496073 335.046172142029 340.694109598796 338.509480158488 334.23113822937 332.736611366272 326.491395632426 318.16953420639 308.182974656423 301.602800687154 301.945090293884 299.124936262767 303.129891554515 308.700521787008 303.639034430186 300.9365995725 309.042513370514 316.160202026367 319.579084714254 319.656014442444 320.487181345622 316.659867763519 313.865721225739 313.301126162211 311.548074086507 315.605322519938
344.413161277771 334.723552068075 323.667565981547 308.801651000977 293.121139208476 281.121214230855 287.632664044698 308.849692344666 317.817469437917 322.874585787455 321.191092332204 317.894995212555 314.184665679932 311.749517917633 313.311060269674 322.797338167826 328.623036543528 334.345022837321 337.069233258565 337.751587231954 333.997209866842 330.109556516012 336.967547734578 339.084347089132 337.308486302694 338.260968526204 334.93971824646 327.567934989929 317.68411397934 311.144789059957 307.324568430583 308.860421180725 321.789463361104 326.815962791443 324.694057305654 318.040112654368 316.542367140452 319.715976715088 322.715560595195 327.804128328959 327.632705370585 323.575973510742 319.871266682943 314.549247423808 299.425959587097 293.031752109528
341.740846633911 340.685486793518 338.801383972168 331.608931223551 318.528811136882 295.334239800771 277.565519014994 279.232064882914 305.919905503591 321.537375450134 325.884222984314 324.128051598867 317.984104156494 312.079648176829 303.545693556468 306.044379870097 314.544399579366 323.35885365804 334.752798080444 340.893467267354 340.210994084676 334.473848342896 334.913372993469 338.126659393311 338.207801183065 339.97642993927 339.249134063721 335.230429967244 328.969419002533 325.454751650492 323.311905066172 323.926409085592 333.315908908844 335.874756177266 335.33787727356 331.749320030212 326.640824476878 322.728216648102 316.873749097188 322.254757086436 329.869627952576 333.626508712769 333.056231339773 324.40706094106 308.613419532776 293.644964694977
338.728547096252 339.403549830119 339.401165644328 337.4129931132 332.095245520274 321.047107378642 300.732811292013 277.676383654277 285.595575968424 304.817299048106 318.999250729879 323.558688163757 323.792994022369 322.487791379293 316.854099432627 311.315059661865 309.522271156311 312.675992647807 321.977337201436 331.909239292145 337.865948677063 340.208729108175 338.625987370809 336.119572321574 336.712121963501 339.829365412394 340.291301409404 338.513493537903 336.301485697428 337.629238764445 338.449875513713 337.512612342834 339.459339777629 340.782245000203 337.838451067607 336.185455322266 332.793672879537 324.897766113281 311.787287394206 314.53009446462 329.595188299815 333.978494008382 331.888775030772 327.127774556478 318.105796972911 308.794279893239
328.388253847758 332.939267158508 335.069338480632 334.831595420837 333.700299263 333.48007996877 326.45046710968 314.786692460378 291.393339633942 284.772833188375 296.189506848653 314.12669022878 325.775682926178 330.39516210556 332.082231839498 329.416910807292 319.688359896342 316.555658976237 314.863801002502 318.349003791809 322.747707366943 326.660215854645 329.848806063334 331.566492716471 334.071715672811 336.316108703613 338.063398996989 336.934328079224 336.015979448954 338.698307673136 339.582641919454 339.618643124898 342.300454775492 343.451221783956 342.387278874715 338.10563882192 336.385250091553 332.082529862722 314.409454663595 311.340232690175 324.920018513997 327.053229014079 325.375139713287 323.10958703359 314.84043598175 305.577337741852
297.036170959473 306.882977485657 314.264873663584 320.282717545827 325.517376263936 330.216606458028 332.545081774394 330.646455287933 314.173916975657 295.215566953023 283.88782342275 290.623148282369 311.154584089915 326.441287994385 333.601514498393 328.775783379873 324.95899995168 321.655809879303 316.744069258372 311.943054199219 312.213579813639 311.980843544006 313.72066338857 321.208755175273 326.710740725199 330.513219038645 332.132816314697 331.66515827179 333.782116572062 336.365381876628 337.53756682078 339.412689208984 342.848380406698 344.26220258077 342.827399571737 339.890559514364 339.224259058634 339.230497678121 328.344941139221 317.423462867737 321.633080641429 325.054903825124 326.601882775625 326.405843098958 319.198330243429 310.746570428212
263.617277145386 268.155733744303 275.327901045481 285.429199536641 297.811607519786 309.772392114003 322.018583615621 325.826605161031 326.70529683431 318.768342336019 300.762852032979 284.905115763346 286.781986554464 303.979118665059 321.532626946767 322.275280952454 326.933483282725 325.886309146881 320.432603359222 313.707153002421 309.020241101583 305.675347646077 305.757304032644 312.196056048075 317.323426405589 319.450477759043 320.966124534607 323.568065961202 327.455103397369 330.056726932526 332.454303900401 336.047371228536 339.006026585897 340.112328529358 338.98119131724 338.356653849284 340.886195500692 342.915137608846 339.835087458293 331.6424091657 329.859952131907 332.838972409566 335.467139879862 335.220177968343 328.968683878581 326.54062906901
254.057228565216 250.223596890767 248.182733853658 247.302889823914 255.188504854838 269.678175449371 290.354788303375 306.810120741526 325.165371100108 327.603876590729 320.862491925557 305.135051409404 283.214827378591 281.290968259176 300.053854783376 317.546804745992 327.090581258138 328.409234682719 325.920800367991 320.877909660339 315.121690432231 313.319047292074 313.007513682048 313.685258229574 313.35328022639 312.246123949687 315.277735392253 320.351481437683 322.45010137558 323.358754316966 326.43457253774 330.052177111308 331.758876641591 331.824521223704 332.45054880778 334.93447303772 340.738892555237 344.043016433716 342.724720637004 342.22690264384 340.617696444194 340.143283208211 339.595715204875 338.496287663778 332.930723826091 330.084582169851
248.9981452624 223.97369146347 208.154082298279 202.865223089854 201.269110043844 206.146438916524 225.220918655396 256.910920143127 289.701183636983 315.393606821696 325.040876865387 325.501382350922 314.658602078756 295.107046763102 293.039759000142 312.626302242279 322.75378704071 329.839905103048 333.089729150136 331.463078657786 325.313727060954 323.090593020121 320.202350616455 320.131997267405 319.291392962138 317.385156949361 319.974263509115 325.272917747498 323.577920595805 319.900472958883 323.701659838359 327.130913734436 328.564922014872 328.886469205221 329.679012298584 333.674828211466 337.306062380473 339.57568804423 339.182257652283 339.353322982788 340.290625890096 341.570138931274 342.466115951538 340.410788853963 335.532228151957 331.644475460052
233.491679032644 198.997259140015 176.828106244405 172.634840011597 172.283550103505 177.072167396545 185.244043668111 208.653827508291 235.584457715352 280.495127042135 321.10188404719 336.548844973246 338.477929433187 328.775684038798 311.513225237529 308.307925860087 312.650084495544 322.046160697937 331.894914309184 335.070530573527 334.450205167135 331.358969211578 330.263654390971 327.812075614929 324.909269809723 323.457916577657 325.904210408529 327.166656653086 322.242259979248 320.056160291036 323.676367600759 325.887779394786 326.142509778341 326.318144798279 328.593413035075 330.982247988383 331.23509089152 330.641627311707 332.216640313466 331.259191036224 334.205150604248 337.834477424622 339.22004699707 338.788469632467 335.228522618612 333.623846371969
199.080904324849 173.706511656443 156.452814737956 153.585135936737 169.510344664256 191.330194473267 189.817726612091 196.33150100708 217.0356909434 244.770228862762 292.029639085134 333.746194839478 343.692382176717 342.619776725769 333.204646905263 313.893258571625 306.022485097249 307.941436767578 318.94451379776 333.723266919454 337.923169136047 335.139036178589 336.063146591187 333.230594793956 328.88126373291 328.372995058695 330.857376257579 328.352411588033 323.160270849864 325.59198141098 327.672123908997 327.308058738708 325.598021348317 324.181973934174 324.643770853678 324.244936307271 322.149058183034 319.517890612284 321.077624956767 321.221669514974 324.412306149801 327.882130940755 328.41948668162 328.595538934072 331.610043843587 333.665768305461
175.793389479319 166.141321261724 154.589762290319 145.547846953074 148.708820343018 173.455973466237 193.152606487274 197.36659526825 210.395932197571 224.569857120514 247.060219446818 298.160274823507 338.705937067668 341.225584348043 338.830351829529 334.179639816284 327.781478563945 317.583243052165 310.421347618103 317.463179429372 331.971645355225 336.87416712443 338.555773099263 336.204846700033 332.386374473572 333.324432373047 336.338758468628 332.879900932312 329.590260982513 333.324154218038 334.012905756633 327.806691328685 324.355642000834 322.490334510803 318.530817826589 317.755957444509 314.969698588053 313.095569610596 313.415686289469 315.66991408666 316.621085007985 318.672557671865 320.488552252452 321.106314659119 329.708854357402 333.490570386251
167.260269323985 170.33851146698 168.402373790741 157.148977120717 139.564534028371 150.676568349202 182.166874408722 198.431114355723 217.104077339172 227.87086168925 236.809551715851 263.034919897715 310.108125209808 336.988051732381 341.067552566528 342.330853144328 341.639598210653 335.612336794535 323.738217353821 312.29168176651 319.005270799001 334.739605585734 336.095134417216 335.038542747498 335.287968317668 338.910261789958 341.263254483541 339.500983556112 336.982091267904 337.992429733276 335.142850875854 328.865726788839 325.328727563222 321.543316046397 316.842456658681 314.938962459564 313.467462857564 313.751419385274 312.678972880046 314.114292462667 316.038727760315 316.15674495697 316.229919592539 319.120943546295 326.170484224955 331.838130950928
176.534215609233 187.407632668813 194.50443983078 185.720980167389 163.483560085297 161.960462729136 182.542125384013 202.76673634847 221.420725186666 244.219024976095 250.650386015574 257.653832435608 285.397330919902 317.036032676697 335.506677627563 340.790987014771 341.459472974141 340.792258580526 338.867783546448 329.131642977397 316.392461458842 325.592199961344 329.306244850159 333.723823229472 338.475624720256 342.253764470418 343.844254811605 342.430671056112 337.888836860657 337.303956349691 333.483815193176 329.279581705729 325.561900933584 321.920613447825 319.615205128988 315.988183021545 315.745671590169 313.94104162852 313.361048698425 314.624051253001 317.626476287842 318.720440069834 318.38850180308 319.440484046936 320.690035820007 329.137762387594
189.509590466817 194.696545600891 207.323531309764 219.963292280833 206.372022628784 180.574059486389 180.489341417948 191.831946372986 211.810946464539 236.07079188029 247.932314872742 252.854327360789 264.969329039256 279.665470123291 306.238134702047 332.942068576813 336.687962214152 337.062478065491 337.802171707153 337.596337000529 333.26647679011 324.991921583811 325.667818387349 330.345114072164 336.498022079468 341.083288192749 343.945066134135 342.045863469442 335.95601717631 335.464398066203 331.847409407298 326.746046543121 323.243101437887 322.082102298737 320.871452490489 318.224747975667 316.455165545146 310.109972953796 308.905243873596 315.193772315979 319.766521453857 319.915095965068 321.663578351339 321.590860684713 318.561295668284 325.081288814545
