input/barkrak2/radiation/dir15724.grid
NCOLS 85 
NROWS 70 
XLLCORNER 665100 
YLLCORNER 4664600 
CELLSIZE 20 
NODATA_value -9999 
[rows 0 to 19 of 70, columns 0 to 45 of 85]
353.739182154337982 356.215834617615 355.436603228251 350.782831509908 345.048189163208 340.23912747701 332.124292850494 325.904309749603 330.973883469899 329.655647277832 326.435029506683 334.552129109701 341.188788414001 341.022928555806 344.055612881978 354.351123174032 358.288963635763 352.471748987834 337.51650651296 327.527085940043 304.08255259196 298.648416996002 314.783930778503 321.051756540934 318.235516548157 315.60871998469 315.604428450267 307.103256384532 288.399696350098 281.039714813232 280.086159706116 284.429609775543 292.821665604909 298.415124416351 305.788199106852 298.926929632823 295.395572980245 303.4481604894 301.245331764221 303.546865781148 293.62831513087 274.242758750916 284.766872723897 309.961001078288 315.644900004069 306.529402732849
347.45450814565 353.040297826131 354.287107785543 351.253430048625 349.834521611532 345.219532648722 334.066987037659 323.308666547139 326.167941093445 328.024903933207 322.713971138 329.390108585358 338.298598925273 339.298327763875 338.187456130981 344.00471051534 342.421611150106 341.757694880168 340.100606282552 333.09135834376 317.376931508382 307.753344376882 312.28361527125 317.685504754384 316.147108872732 311.961114406586 311.245918273926 305.708189805349 291.579246520996 281.559745470683 282.538135846456 291.575173536936 289.027849833171 292.530496915181 305.079976717631 297.09804058075 290.088017781576 291.850447654724 286.489049593608 302.632610003154 300.467391808828 287.435372670492 294.749995072683 314.762552579244 320.65486907959 309.028049310048
328.853408495585 329.43332195282 331.937690575918 337.364037831624 343.344569206238 344.467083613078 343.285004297892 338.902672131856 334.373672803243 330.692569414775 322.393218676249 322.683135668437 330.793897310893 333.04903904597 328.686515490214 332.009275754293 335.45982837677 340.727289517721 343.480070432027 339.288433392843 334.207653999329 324.417153994242 315.677682558695 314.129451910655 315.988123416901 315.864304701487 310.427288214366 304.135282834371 292.986392974854 280.744016170502 278.318206469218 290.259679158529 277.229825655619 284.048994382222 299.684266249339 294.051806131999 278.388599554698 271.300733089447 283.011694749196 302.226742108663 303.908467292786 304.537038008372 306.880831718445 321.552435557048 331.914484500885 317.741910616557
312.7521276474 309.864322344462 313.162704308828 315.231700738271 317.101915677388 316.684782505035 321.08740011851 328.689257303874 336.774746576945 339.395085970561 335.683743158976 332.832872867584 332.900683085124 332.293252150218 328.402002652486 321.950753529867 325.388590494792 330.820779005686 337.642868359884 339.496692021688 337.436993916829 334.455927213033 332.890073458354 325.941205024719 323.486904303233 325.239141782125 319.135149319967 310.432394345601 301.708916823069 291.866183280945 282.093008359273 288.899640242259 277.194142341614 283.738414446513 290.721933046977 291.86757405599 285.130341847738 281.854033470154 300.902724266052 314.596275488536 312.002142270406 304.505785306295 300.631880760193 308.778643608093 320.887307325999 322.522064050039
325.2827723821 313.702742258708 303.077419598897 287.068585554759 289.077858130137 302.157918612162 315.229892730713 321.801861127218 327.691356341044 331.428329149882 338.308095932007 342.952370643616 343.102852503459 342.008113861084 339.919249216716 336.984912554423 334.502895673116 330.395599206289 333.062430222829 338.071584701538 337.073961893717 336.939096450806 340.069890022278 334.675073623657 329.919854799906 329.020539919535 323.550959428151 314.613302548726 305.87238073349 300.47349135081 298.725565274556 295.984069506327 289.071718851725 291.128754615784 289.030651251475 292.647480964661 302.930990854899 308.638731638591 318.406780560811 323.86573155721 321.430901686351 313.782533009847 305.627127488454 301.361680030823 307.105183601379 328.012347221375
347.943703333537 333.318928877513 308.763941129049 290.857255458832 282.30623404185 289.716879526774 309.565762678782 320.994595686595 323.211510976156 322.39818572998 328.504284222921 335.611661275228 339.954972267151 341.449777285258 343.772053718567 344.234069188436 340.568900108337 332.96658595403 331.449568271637 334.643125534058 334.4353834788 337.377548217773 342.422564824422 339.70046043396 335.745374361674 334.626793861389 327.982842922211 318.728963534037 308.291653792063 301.41818523407 300.788462162018 296.720941861471 301.187634468079 307.832340399424 301.841696103414 299.116353193919 307.236711184184 314.88698720932 319.253404935201 319.570501645406 320.614377657572 316.855430603027 313.773890336355 312.820812066396 311.747928460439 317.750255266825
350.38956006368 340.799450874329 330.644031365712 316.535373528798 301.418622334798 291.197240352631 297.47861623764 316.319048404694 324.814120928446 329.546829064687 327.986717224121 323.829710483551 321.29293680191 319.008151690165 320.486903190613 329.366087913513 334.590037663778 339.176813761393 340.612014134725 340.369582176208 335.73047320048 331.705093383789 339.029391606649 340.873877207438 338.92301718394 340.232849121094 336.527625719706 328.634222348531 318.301141262054 310.991446177165 305.938303470612 306.55038356781 321.023186047872 327.536682287852 324.493686358134 317.355533440908 315.889875094096 319.760700066884 323.203444480896 328.81885766983 328.983505566915 324.807683626811 320.772131284078 314.65756893158 300.23193359375 293.453335762024
345.662315686544 345.775206883748 344.318111737569 339.516401290894 326.839009920756 304.812331994375 285.988688468933 287.987490495046 313.669721285502 328.314622243245 332.320253054301 329.899032910665 324.935793876648 319.423615932465 311.325331528982 313.705821832021 320.644577344259 329.865396022797 340.107639630636 345.072348912557 343.418876330058 336.725831031799 336.382190386454 339.908878008525 340.128819147746 342.460632324219 341.619571050008 337.298989295959 330.603122711182 326.268295447032 323.147773742676 324.080685774485 333.826303482056 336.889346440633 335.953752199809 332.511524359385 327.008624871572 323.601047197978 317.829191684723 324.671844641368 332.495967547099 336.045821507772 334.75927511851 325.149953365326 308.572709560394 292.475660641988
343.499978383382 343.937118848165 344.388286272685 342.618306477865 338.069240252177 328.861077626546 308.79137913386 284.73683198293 293.810307979584 312.462170918783 326.063215732574 330.165505409241 330.258051554362 329.08699909846 324.028333028158 318.709373474121 317.012111345927 320.008595784505 328.749179840088 336.72563234965 343.018293380737 344.428221384684 341.974496841431 339.508811632792 339.999993642171 343.287905057271 344.295620918274 341.739892959595 339.258193969727 339.558680852254 339.737057685852 338.785171508789 341.440280278524 342.880169550578 340.407013893127 338.060299555461 335.006276766459 326.866904894511 312.982022762299 316.283325354258 331.234733263652 334.534406661987 330.942193667094 326.993028322856 318.039536476135 308.775325616201
334.043780962626 338.793754577637 340.373118718465 340.493599573771 339.55454826355 339.269121487935 333.110451698303 323.427577813466 299.544771512349 293.273230393728 303.070445855459 320.546885331472 332.294146219889 336.35405699412 338.040987650553 334.931135177612 326.733469963074 323.791245619456 323.34832350413 324.156443277995 329.486012458801 333.045919736226 335.689465204875 336.397091547648 338.433941205343 340.507944424947 342.166662216187 341.47846698761 340.708374977112 343.055327733358 343.449989954631 343.419432640076 345.105250676473 346.618493398031 344.624638557434 340.686241785685 338.982184727987 334.22315120697 316.326975822449 312.09389368693 325.159132480621 326.233446598053 324.284871419271 322.745223840078 314.679026603699 305.411299069722
305.325925350189 314.70263004303 322.155674298604 327.584207057953 332.303623358409 336.208740870158 338.55672677358 336.972673734029 321.621576944987 303.402384122213 292.425195376078 299.025595188141 318.776925404867 333.041032155355 339.454332987467 335.121552149455 331.682801246643 328.698674837748 322.884341080983 319.399615128835 319.691777229309 318.455954392751 320.204635461171 327.253599961599 332.73575703303 336.120963096619 337.693452835083 337.171514829 338.941176732381 341.259320576986 342.255592346191 343.94907951355 347.528378168742 347.99067179362 346.489032109578 343.37592124939 342.333396275838 341.957251230876 330.203274885813 317.712565263112 321.434020996094 325.093746185303 326.793789863586 326.612949371338 319.016675154368 310.078879197439
273.973405361176 278.371453285217 285.297354062398 295.022050539653 306.860287984212 317.491153875987 329.026122887929 331.818481286367 333.426197369893 326.079905033112 307.77104695638 292.124330997467 295.323371887207 311.896860599518 328.510065873464 329.021672407786 333.438952763875 332.584003607432 327.556828657786 321.223358313243 316.78299109141 313.472052415212 313.548187414805 319.6675380071 324.42706823349 326.86577240626 328.183710575104 330.584168434143 334.138512611389 336.503386497498 338.07635307312 341.437260309855 344.948808352153 345.828374226888 343.758662541707 342.94072786967 344.796856244405 346.072196960449 342.897295951843 332.806050777435 330.278337001801 333.309690157572 336.294968922933 336.3303343455 330.109755198161 327.69642273585
264.72661892573 260.074337323507 258.080045382182 257.132351398468 263.932387034098 278.013030687968 298.060158888499 313.900371392568 332.053601741791 334.247708320618 328.015327453613 313.155849774679 291.945139567057 290.064613024394 308.298468589783 325.676023960114 334.445834159851 334.857702255249 332.611362139384 327.975591023763 322.56539662679 321.63393497467 321.341792742411 322.00676202774 320.705056190491 319.578528404236 322.458962599436 327.863156795502 329.762995243073 330.617388089498 332.757433255513 336.146275202433 337.809562683105 338.697036107381 338.187615076701 340.399185816447 345.581293106079 348.09947013855 347.261905670166 345.265785853068 343.079924583435 342.327117919922 341.931223869324 341.272751490275 335.16267935435 332.150300343831
259.633620580037 235.123217105865 218.742489814758 213.5275999705 210.933903853099 216.684321562449 235.443075497945 266.449491182963 298.362414042155 322.969555854797 332.221031188965 332.825978597005 323.275407155355 303.32887172699 301.363507906596 320.252736409505 330.716927846273 336.946487426758 339.757959047953 337.703545888265 332.096477349599 330.003678798676 328.08776696523 328.07195186615 327.049374580383 324.437777201335 326.949795087179 331.881841023763 330.799996852875 327.455480893453 330.319285392761 333.521286646525 334.902842839559 335.214217503866 336.674888928731 340.343952178955 342.731873194377 344.68420346578 344.921668370565 344.031612078349 344.611883163452 345.493872960409 345.908244450887 343.890945116679 338.485876719157 334.032615025838
243.323544661204 209.598501523336 187.816719214121 183.696528275808 183.339099089305 187.971969445546 195.944925149282 220.369815826416 246.910413106283 289.354125658671 328.390002250671 342.499176661174 344.194571177165 336.448748906453 319.064100583394 316.010216871897 320.270538330078 330.158650875092 338.933388392131 341.378450393677 340.31601746877 337.558547655741 336.605787277222 335.186719894409 332.227647304535 330.724199612935 332.522928714752 333.679437637329 328.838467597961 326.911250750224 330.464780330658 333.306670188904 332.67746369044 332.863688468933 334.958990414937 337.166746457418 337.286313374837 336.745301882426 338.097174962362 337.957143783569 339.694698651632 342.901229858398 344.894329706828 343.884070714315 339.308023452759 337.292949358622
208.460032939911 184.131562709808 168.378412723541 164.86801703771 180.63896894455 202.031413714091 199.967086315155 207.662999629974 226.064403851827 253.917296727498 300.086537996928 340.081930160522 348.748207092285 347.824414571126 340.492208798726 322.646081447601 313.968817392985 315.787096818288 327.325761318207 340.713063875834 343.38366985321 340.853412946065 341.761350631714 339.282155036926 335.218985875448 335.254669189453 337.847193082174 334.71941947937 329.630792140961 332.033594449361 334.190766016642 333.857297897339 332.279523213704 331.904669602712 331.320722897847 330.952644348145 330.033838748932 326.438705126445 327.870110670726 328.87061436971 331.922312577565 334.068218866984 335.491935412089 335.382064183553 336.769580841064 338.478008906047
183.915734291077 174.832840760549 165.728231271108 156.944861014684 159.832348426183 186.657547950745 203.220705191294 206.439733505249 218.728244304657 232.763846715291 257.482945919037 305.880010128021 344.600478808085 346.662203470866 344.392697016398 341.003775596619 335.588693618774 324.859420458476 317.987124125163 325.983842213949 338.215589523315 342.379808425903 343.858957290649 341.761112213135 338.325262069702 339.243451754252 342.101653416951 339.444557825724 335.974057515462 339.064200719198 339.925686518351 334.257046381633 331.087787946065 329.417546590169 326.577186584473 324.872811635335 322.268128395081 321.511785189311 321.720242500305 322.801331679026 324.730436007182 325.535456339518 327.225208282471 328.792532285055 335.460106531779 338.730653127034
175.365587075551 178.904791673025 179.579933484395 168.597837289174 150.497039159139 161.22438510259 191.014111042023 206.438521544139 224.779804547628 237.845798333486 244.219382603963 272.356152534485 318.420886993408 343.86948744456 346.680323282878 347.708304723104 347.568909327189 341.699361801147 330.762286980947 319.821576277415 327.448964118958 340.797344843547 341.763099034627 340.533216794332 340.754588445028 344.233115514119 346.398790677388 344.657818476359 342.220067977905 343.702554702759 341.201106707255 335.478107134501 331.887980302175 328.479031721751 324.90066687266 323.113699754079 320.842802524567 321.128726005554 321.070730686188 321.354071299235 323.183019955953 324.350456396739 323.248008886973 325.974563757579 332.525471846263 337.493975957235
185.396532217662 196.02890809377 203.95572980245 196.984032789866 174.175202846527 170.311212539673 190.150856971741 209.860920906067 228.203614552816 250.569860140483 259.390751520793 266.455451647441 292.208393414815 326.158841451009 342.392484347026 346.662600835164 347.190101941427 346.704244613647 344.607432683309 335.767507553101 323.732892672221 332.500338554382 336.594581604004 340.281883875529 343.810160954793 347.203095753988 348.613977432251 347.027699152629 343.084255854289 342.712799708049 339.291175206502 335.370620091756 332.303563753764 328.715682029724 326.648990313212 324.045121669769 323.976159095764 321.311672528585 320.757031440735 322.911620140076 325.810551643372 325.710892677307 325.400392214457 326.264162858327 327.441692352295 335.280776023865
199.299176534017 203.930974006653 216.400186220805 230.6280930837 216.644684473673 187.779605388641 187.80662616094 201.9162774086 218.866427739461 242.170413335164 257.3215564092 260.312676429749 275.575359662374 290.436426798503 322.994391123454 339.70300356547 342.674295107524 343.43695640564 344.01806195577 343.407909075419 339.559078216553 331.88251654307 332.598050435384 337.666273117065 343.115568161011 346.372882525126 348.800261815389 346.684773763021 341.148058573405 340.754469235738 337.368647257487 332.556883494059 329.650302728017 329.220831394196 327.751060326894 325.338304042816 323.744813601176 318.672855695089 317.593574523926 322.509984175364 326.819638411204 327.954093615214 328.476965427399 328.411062558492 326.802213986715 331.532756487529
