input/barkrak2/radiation/dir16124.grid
NCOLS 85 
NROWS 70 
XLLCORNER 665100 
YLLCORNER 4664600 
CELLSIZE 20 
NODATA_value -9999 
[rows 20 to 39 of 70, columns 0 to 45 of 85]
208.866794904073 201.95996761322 218.470593293508 259.316802024841 253.688335418701 204.082012176514 188.99017572403 192.801336447398 208.335836728414 228.443106015523 241.174896558126 251.130859057109 261.416872342428 274.835169315338 289.831697940826 321.178535620372 334.495544433594 337.6305103302 342.25594997406 348.439653714498 350.435574849447 344.307780265808 343.415856361389 344.86973285675 345.816890398661 346.946636835734 347.631096839905 344.432433446248 339.835405349731 339.485327402751 333.885153134664 324.034909407298 316.412806510925 313.332140445709 312.214275201162 316.480537255605 316.709578037262 318.923989931742 323.262254397074 326.955378055573 327.791492144267 326.633036136627 328.592578570048 324.745118618011 327.512582143148 330.759167671204
233.960251013438 234.741727511088 254.370371500651 284.078379472097 279.329339663188 219.289839267731 199.330786863963 200.64103603363 207.794427871704 221.737583478292 235.516488552094 243.328849474589 252.148032188416 257.818579673767 274.001081784566 293.197890122732 319.640258948008 333.022475242615 337.980031967163 345.289429028829 348.712960879008 352.396885553996 352.697451909383 352.136532465617 349.423964818319 345.86771329244 342.406352361043 339.085181554159 338.025252024333 331.376334031423 315.538763999939 288.577397664388 270.017524560293 269.035240014394 276.760300000509 294.734378655752 301.846444606781 315.524140993754 324.415743350983 324.092030525208 322.512725989024 321.69234752655 315.527498722076 303.095698356628 321.077406406403 327.682693799337
272.303303082784 281.010429064433 290.526191393534 300.683617591858 300.625840822856 254.319151242574 222.372611363729 206.103285153707 205.450336138407 216.22900168101 233.778536319733 242.617984612783 257.381399472555 263.393898804982 272.080699602763 285.377462704976 301.580011844635 320.422172546387 332.677940527598 333.860397338867 336.586674054464 345.710317293803 349.325815836589 349.235971768697 346.761147181193 345.295627911886 342.517773310343 337.42086092631 325.81881682078 308.575669924418 266.524891058604 215.752522150675 195.540150006612 213.458200295766 241.396903991699 265.538056691488 283.04793437322 300.926963488261 312.307675679525 315.280119578044 318.112631638845 317.530890305837 297.05544312795 278.657158215841 302.563786506653 325.119773546855
290.492335955302 294.34867699941 297.512908776601 305.224736531576 304.924686749776 286.425113677979 245.094021161397 215.639730294546 200.278023878733 205.407023429871 230.482319990794 244.385798772176 258.679687976837 275.558213392893 277.652939160665 281.677722930908 294.892112414042 310.39837996165 321.578065554301 322.845498720805 321.41774892807 325.047930081685 334.130525588989 340.132196744283 341.009060541789 331.90921942393 319.057722886403 300.456583499908 276.52915318807 233.39303334554 194.983839988708 170.08372147878 144.429345925649 144.474506378174 157.068252563477 194.790323575338 234.028140703837 260.32276948293 277.645806471507 285.99605957667 285.528818766276 272.18367656072 257.346510887146 289.600471655528 286.817034085592 318.928360939026
282.327552636464 284.782350063324 296.401083469391 307.020604610443 299.17049407959 286.892374356588 255.69752852122 233.620464801788 213.828206062317 207.080741723379 223.145683606466 239.065368970235 255.799512068431 268.622557322184 277.105689048767 281.971414883931 292.45126247406 301.735619703929 313.10780843099 314.385831356049 319.096624851227 316.018799940745 320.864578088125 311.473111311595 301.855663458506 298.62384001414 289.555966854095 278.201142946879 245.86941798528 189.197063446045 167.530258496602 165.099143981934 147.866268952688 125.714311997096 117.485384146372 131.173630555471 179.372270901998 214.860876401265 241.639077663422 253.99378935496 244.124531745911 222.365578015645 242.829283078512 305.207510789235 297.569374243418 320.049126942952
277.236421902974 281.15971883138 294.275979200999 303.263187408447 300.675650437673 288.598497708638 264.473259449005 255.986412366231 245.463291803996 230.202635129293 230.342050393422 249.299824237823 264.11251227061 280.579527219137 285.578687985738 283.244609832764 289.82013463974 301.711599032084 308.189749717712 315.4190381368 324.676195780436 309.721370538076 293.355941772461 291.841824849447 292.524874210358 290.407180786133 278.683880964915 265.35838842392 222.455620765686 193.785071372986 192.735234896342 209.641496340434 214.392761389414 190.19748767217 156.268328428268 136.86661918958 153.52142850558 181.689620018005 222.586770852407 237.705449263255 219.542225201925 210.633079210917 252.214094003042 291.207432746887 310.941735903422 331.913848718007
279.262284437815 281.152784824371 289.843459924062 299.649814764659 311.922748883565 296.953578790029 279.068410396576 266.698161760966 264.739553133647 259.115715821584 253.284891446431 268.108328183492 279.194096724192 293.205539385478 297.600110371908 290.019869804382 290.993531545003 304.008801778158 311.976591746012 316.640476385752 309.390703837077 305.057466030121 301.638245582581 296.590586503347 293.806970119476 289.73917166392 279.52378988266 265.535016854604 228.734274705251 222.795089085897 244.860291481018 268.066883087158 272.138237953186 284.933765729268 265.730818112691 180.293401082357 165.564487377803 177.444259325663 203.742245833079 235.746085643768 228.553891181946 259.775439898173 252.827922503153 265.867829322815 301.887730757395 320.906440416972
283.487697442373 279.721776644389 283.000985781352 295.514742533366 332.571129004161 305.532177289327 283.096273740133 265.682836373647 266.117612520854 274.176855882009 269.555151462555 272.633830706279 287.819445133209 296.454052130381 300.357282161713 298.963268597921 298.866848150889 302.365144093831 303.893844286601 306.960304578145 305.500308672587 298.931161562602 297.521630922953 300.696015357971 300.792753696442 296.534697214762 286.58119837443 276.392718156179 250.763018925985 249.1202155749 273.735900719961 288.50660721461 286.471903324127 300.403873125712 327.579855918884 261.307497819265 196.340203285217 183.446943759918 195.966800053914 239.015360673269 265.88640610377 311.18373076121 263.338267803192 256.743748982747 287.688771883647 298.993468284607
280.532240867615 272.782603899638 276.814182599386 301.978528499603 343.403538068136 304.822186628977 273.464401563009 260.254800319672 265.557686487834 274.119913578033 272.127628326416 270.864903926849 286.720236142476 297.801911830902 301.409304141998 306.701282660166 300.312995910645 291.105210781097 299.77677265803 301.689247290293 300.95628897349 294.475436210632 295.833170413971 301.253994305929 305.032312870026 300.024290879567 295.426428318024 284.786283969879 261.918127536774 256.190180778503 279.275198777517 297.640045483907 296.004970868429 294.224699338277 316.397865613302 321.574846903483 232.745806376139 175.029357274373 167.214810848236 209.713180859884 274.475296338399 290.8536195755 254.826426506042 233.18741718928 259.583512941996 275.555352369944
272.97846476237 265.070100625356 273.829360802968 312.35404809316 340.095440546672 300.859649976095 266.790648301442 249.252239863078 249.775886535645 254.217247168223 253.576536973317 261.622448762258 281.809051831563 299.724797407786 301.141162713369 303.428649902344 303.079028924306 290.277381738027 291.586776574453 293.781638145447 294.328729311625 295.990427335103 295.255939165751 301.842312018077 305.621087551117 303.381065527598 302.075266838074 290.649135907491 269.359687964122 265.173733234406 284.073074658712 302.129944165548 297.624230384827 293.835739294688 302.871664365133 323.529660701752 312.363465627034 238.235274950663 189.023395379384 198.009033997854 236.047685146332 249.333103497823 248.448729515076 219.154218832652 232.065101464589 259.568949540456
261.017203330994 271.341701348623 300.770819187164 346.475164095561 348.865389823914 305.906196435293 270.882447560628 242.685039838155 235.327978928884 246.154685815175 241.267005602519 240.102251370748 273.845136165619 297.494153181712 302.23290125529 304.276684919993 306.294540564219 296.293536822001 295.872430006663 296.439866224925 295.708497365316 299.023946126302 303.307255109151 303.639988104502 305.467665195465 309.96964375178 308.756132920583 299.060463905334 282.399435838064 277.704338232676 289.623320102692 302.315870920817 299.781103928884 299.085736274719 302.445193131765 305.029332637787 329.264839490255 341.690301895142 276.670833428701 229.342857996623 217.152376969655 208.155353864034 223.56257836024 221.588850021362 229.012866814931 264.651417732239
279.563387235006 304.490923881531 321.92321618398 326.492190361023 355.477253595988 337.749123573303 303.719401359558 265.350043773651 249.587257703145 264.869491259257 259.340763092041 241.995374361674 259.199738502502 290.669659773509 302.436073621114 306.998133659363 306.635955969493 306.675473848979 299.241701761882 299.876888593038 300.311505794525 304.829816023509 306.536416212718 305.233259995778 308.283805847168 314.855376879374 316.387017567952 313.393334547679 299.868861834208 293.23955376943 296.459952990214 299.995422363281 301.705936590831 305.820683638255 308.171013991038 296.398222446442 305.278142293294 343.790531158447 341.865102450053 284.015715122223 234.132051467896 207.022190093994 207.715431849162 225.883702437083 250.027398268382 278.118928273519
308.906038602193 316.673914591471 305.21301428477 297.380824883779 316.33182366689 338.574012120565 334.695140520732 306.942780812581 284.224291642507 286.661088466644 290.637075901031 266.672929128011 262.768467267354 287.120342254639 304.333746433258 308.034161726634 304.513831933339 308.042148749034 301.11704270045 300.082941850026 305.660406748454 307.093818982442 305.446108182271 307.689030965169 308.741450309753 317.496617635091 321.524520715078 322.095612684886 309.045473734538 300.159613291423 306.323329607646 309.01437997818 304.749270280202 306.926091512044 311.102132002513 301.170885562897 300.446470578512 320.817589759827 326.618413130442 302.910526593526 273.3500401179 231.593092282613 213.298201560974 220.508376757304 241.959849993388 273.594975471497
297.868609428406 289.616167545319 282.042940457662 270.837346712748 271.23769124349 292.292277018229 314.557770888011 312.886913617452 303.83555094401 305.949250857035 306.539177894592 291.076878706614 282.089650630951 292.169610659281 305.073738098145 305.560866991679 305.462578932444 307.408114274343 302.132984002431 304.709057013194 304.862022399902 306.173423926036 306.382278601329 303.593536218007 307.613809903463 314.366439978282 319.436450799306 319.303671518962 311.871429284414 307.186881701152 312.167227268219 309.87552801768 299.322028954824 298.84668191274 303.420821825663 288.180669148763 285.366117954254 286.575893561045 281.771600246429 287.388364473979 296.862701574961 263.253172238668 234.742482503255 225.558241208394 227.202773094177 247.180104255676
290.215273698171 279.118120670319 285.509208838145 271.003206570943 262.821177641551 274.707277615865 301.628967126211 327.074269453685 325.052479902903 313.151558240255 301.572064558665 302.266756693522 309.204836686452 309.382875760396 309.063752492269 306.458433469137 306.858321030935 304.891228675842 304.939528306325 307.798663775126 307.096381982168 304.87859249115 305.032670497894 303.273359934489 306.353946526845 310.021619002024 316.015978654226 312.377492586772 310.583710670471 312.22665309906 313.513875007629 302.910844484965 287.673592567444 293.061991532644 292.355537414551 276.221970717112 276.942630608877 277.114907900492 284.895201524099 308.087468147278 306.739290555318 294.984300931295 271.222631136576 255.139728387197 236.914853254954 230.189919471741
310.866455237071 305.274208386739 315.008739630381 309.78778998057 299.550334612529 304.387827714284 321.484049161275 344.57004070282 340.116659800212 315.856496493022 300.702154636383 309.500336647034 323.86060555776 321.057041486104 315.332134564718 318.465193112691 312.911291917165 308.092792828878 311.951120694478 313.078920046488 310.947000980377 304.683009783427 306.801358858744 307.579517364502 306.285440921783 308.654427528381 309.714575608571 307.872772216797 308.995087941488 315.341154734294 312.468310197194 302.059054374695 289.209485054016 289.974013964335 283.26549132665 279.025018215179 284.097035725911 284.420530001322 296.550492445628 327.420711517334 295.849323272705 281.832098960876 272.125085194906 263.841032981873 247.074087460836 225.625892480214
337.355375289917 334.29741859436 336.458285649617 339.197874069214 329.978664716085 323.580463727315 328.180094559987 342.93524424235 340.344548225403 312.876423199971 304.463386535645 316.616654396057 330.718557039897 322.707772254944 317.791680494944 319.278617699941 324.528793493907 315.934618314107 316.178262233734 317.839105923971 315.423051516215 310.381690661112 310.307065645854 309.267203013102 307.600975036621 308.266043663025 308.678984642029 311.484972635905 312.123199303945 317.525446414948 314.533233642578 304.613053798676 291.788518428802 285.768866539001 278.357923030853 283.508400122325 290.015379587809 288.829584916433 291.952232519786 315.984845161438 285.232603549957 243.183374404907 231.952468554179 226.364990075429 223.455309867859 217.572848002116
350.967605908712 347.70663579305 342.327872912089 343.360622723897 337.986747423808 329.57390944163 325.931926568349 331.32541179657 338.291923205058 320.458312829336 320.339202880859 329.077402750651 326.597491900126 323.051869869232 321.143746376038 322.375655174255 329.593380292257 325.565775235494 321.411808331807 319.790144761403 321.00768884023 315.261463324229 312.026123205821 310.003797213237 310.537616411845 309.645752112071 308.866560459137 313.713669776917 314.705053965251 316.048820813497 316.195646921794 306.917508443197 295.063118139903 279.415130615234 271.382490793864 286.663254102071 296.64941628774 294.219752152761 284.147799015045 300.680736700694 286.894897619883 219.675083955129 190.598547458649 177.878638108571 177.085121472677 181.885202725728
354.446331659953 356.890996297201 355.5060227712 352.956334749858 348.656972249349 342.612028121948 334.990700085958 329.880197842916 332.270085811615 330.724775791168 338.833093643188 338.728507359823 332.061986128489 332.88453022639 326.497594515483 323.256373405457 327.95520623525 329.091330369314 323.48225514094 321.583231290181 320.101320743561 315.101345380147 311.587591965993 310.326198736827 311.472614606221 313.681066036224 309.531529744466 312.631865342458 314.461290836334 313.730438550313 316.060860951742 310.843586921692 290.433764457703 268.367032210032 276.993532975515 298.502922058105 301.438768704732 295.515497525533 278.416792551676 284.478823343913 309.312502543132 265.429059664408 208.059052626292 177.698572476705 165.993084510167 163.173566261927
345.832904179891 349.162856737773 348.994215329488 352.122227350871 355.933785438538 358.195741971334 357.346415519714 353.993654251099 352.061708768209 354.236523310343 350.902636845907 340.766151746114 336.501081784566 332.68670241038 329.982817173004 325.491646925608 327.883362770081 327.692091464996 321.209112803141 319.731175899506 320.984482765198 319.497386614482 317.499001820882 313.2563829422 309.576233228048 310.644348462423 313.450614611308 314.455926418304 316.02277358373 316.104829311371 314.474642276764 311.638514200846 286.010205745697 268.978496392568 290.962258974711 305.796364943186 301.114499568939 296.550850073497 283.168216546377 278.076648712158 313.936551411947 341.525475184123 291.105012098948 236.531138420105 195.455173651377 165.007174015045
