input/barkrak2/radiation/dir16724.grid
NCOLS 85 
NROWS 70 
XLLCORNER 665100 
YLLCORNER 4664600 
CELLSIZE 20 
NODATA_value -9999 
[rows 40 to 59 of 70, columns 0 to 45 of 85]
343.926429748535 344.575961430867 344.541311264038 346.14094098409 350.04182656606 352.551301320394 354.530930519104 356.676499048869 356.727282206217 351.022005081177 343.153874079386 340.874195098877 338.612159093221 335.800925890605 332.87372191747 332.429667313894 331.096112728119 329.535265763601 323.542912801107 322.201470534007 323.892811934153 324.753820896149 324.133614699046 320.10026772817 316.823701063792 314.466694990794 319.323857625326 319.959759712219 320.241173108419 319.608112176259 318.991939226786 314.253211021423 288.647969563802 283.325473467509 303.825259208679 304.112633069356 295.471628506978 295.759399731954 295.731484889984 283.642570177714 291.860044002533 331.912418206533 352.447867393494 309.66313680013 250.736256440481 206.241329511007
348.45773379008 346.442659695943 346.587816874186 347.189029057821 345.450282096863 344.206770261129 344.058275222778 345.139344533284 348.063747088114 343.368132909139 338.229934374491 339.40585454305 339.662790298462 338.867982228597 336.950063705444 334.630568822225 329.130868117015 334.224820137024 331.945359706879 326.976716518402 327.675620714823 327.462673187256 325.781087080638 325.534343719482 325.265049934387 320.547958215078 322.635054588318 322.641372680664 322.118004163106 322.301348050435 321.151256561279 315.053025881449 295.749028523763 294.684092203776 305.727005004883 296.889026959737 282.649517059326 283.403178056081 291.059136390686 295.484741528829 308.595240116119 320.993224779765 335.018237431844 334.991812705994 293.255428473155 243.272324403127
349.719603856405 348.361730575562 350.025852521261 349.104762077332 345.381697018941 344.104846318563 343.950827916463 343.235929807027 343.606551488241 340.927441914876 338.509360949198 338.613549868266 340.060631434123 341.306646664937 338.948090871175 337.524890899658 333.307226498922 335.450251897176 335.567514101664 330.09793361028 329.421738783518 326.19567712148 322.990536689758 324.643810590108 326.500038305918 323.040286699931 319.782316684723 321.367204189301 322.15694586436 321.2651014328 319.697101910909 312.366167704264 302.913228670756 303.710182507833 302.511692047119 286.293387413025 271.492759386698 277.62242158254 292.934676011403 305.152793725332 313.088198502858 311.041633288066 307.550589243571 313.205440839132 299.100975195567 249.609768390656
342.291474342346 343.976457913717 348.3726978302 346.832195917765 347.562034924825 348.611156145732 349.055965741475 347.674210866292 342.694282531738 340.548197428385 341.738025347392 339.952389399211 339.442451794942 339.674353599548 340.345144271851 336.585640907288 336.148659388224 336.4231189092 337.22722530365 333.000977834066 328.773180643717 327.651917934418 325.022002061208 323.929409186045 323.115944862366 324.358522891998 319.633384545644 319.979627927144 321.325341860453 319.398721059163 314.949194590251 308.941940466563 307.872255643209 308.087567488352 294.457336266836 271.905779838562 267.288168271383 281.406621138255 301.074226697286 306.084752082825 306.083718935649 301.746567090352 294.079105059306 292.686462402344 287.088592847188 256.713191668193
342.167615890503 345.599929491679 346.909364064534 346.685568491618 347.676436106364 348.721424738566 348.651687304179 346.372961997986 344.106475512187 342.504103978475 342.7361647288 341.682076454163 337.809165318807 336.225350697835 335.168838500977 334.265073140462 332.370599110921 335.667292277018 335.800290107727 334.864219029744 331.403315067291 329.128523667653 327.639520168304 327.180981636047 322.739760080973 327.091634273529 326.031724611918 323.078691959381 319.351454575857 316.436330477397 310.234646002452 305.345813433329 303.812623023987 299.439430236816 286.474744478862 269.835432370504 271.088322003682 287.101904551188 302.649696667989 301.21241013209 302.68657207489 295.164903004964 282.613555590312 278.017401695251 279.128988583883 268.478671709696
345.857501029968 348.075389862061 346.487879753113 347.700675328573 346.922357877096 346.639076868693 347.397406895955 346.429347991943 346.890807151794 345.144192377726 344.1162109375 341.969211896261 339.673439661662 336.194316546122 334.667563438416 338.42400709788 332.432270050049 334.873596827189 337.172110875448 335.419734319051 332.838634649913 331.449727217356 329.931100209554 329.632918039958 327.531496683757 326.378544171651 327.434440453847 324.814260005951 320.001979668935 316.583355267843 310.238838195801 305.950005849202 303.426543871562 294.371863206228 278.935432434082 264.397263526917 269.66259876887 287.11211681366 294.798374176025 288.879235585531 294.486165046692 286.155005296071 274.295369784037 276.989976565043 287.70246108373 279.474834601084
345.868746439616 346.60275777181 347.66960144043 348.230083783468 347.408811251322 347.586433092753 347.966353098551 348.802010218302 346.979141235352 346.849242846171 344.916383425395 344.676891962687 341.950972874959 340.495030085246 339.271465937297 340.373476346334 339.078267415365 334.737698237101 337.739070256551 336.256742477417 333.687980969747 333.084623018901 330.177823702494 325.130343437195 328.952888647715 324.479480584462 322.270274162292 321.845372517904 319.790482521057 316.573242346446 311.575849850972 307.921727498372 301.825781663259 290.983478228251 277.43011713028 266.074200471242 273.65642786026 286.543528238932 284.554541110992 286.458551883698 293.250342210134 282.199104626973 277.83731619517 284.807483355204 293.972074985504 286.127050717672
343.368887901306 344.692309697469 346.857825915019 346.595446268717 347.929716110229 348.992705345154 347.711642583211 347.256024678548 346.219539642334 347.96138604482 345.925887425741 344.335595766703 342.74431069692 342.949748039246 341.907580693563 340.611775716146 339.146812756856 333.433747291565 335.858623186747 335.988998413086 331.690907478333 329.375068346659 331.640601158142 324.102461338043 325.674752394358 322.968582312266 318.811217943827 317.918181419373 317.632615566254 315.530975659688 310.912986596425 308.361252148946 299.684902032216 295.405507087708 288.435995578766 275.531550248464 278.141717116038 285.406907399495 287.345151106517 293.825407822927 291.177690029144 283.979415893555 285.826464494069 286.687175432841 286.358992258708 278.220454851786
339.66064453125 341.542402903239 343.847513198853 344.772577285767 347.722848256429 348.498543103536 346.319119135539 345.659494400024 347.299178441366 348.518451054891 347.693641980489 345.219254493713 344.686269760132 344.233910242716 343.107302983602 339.624047279358 338.371435801188 333.635250727336 333.82781346639 334.080338478088 334.107836087545 331.255594889323 331.211030483246 325.644751389821 321.453054745992 324.915289878845 321.459253629049 320.52218914032 321.928282578786 319.225311279297 318.496425946554 315.318425496419 306.609988212585 306.078751881917 297.895014286041 280.436158180237 280.787944793701 288.693785667419 293.378194173177 293.487509091695 284.188071886698 281.669239203135 280.652781327565 275.394221146901 272.872606913249 272.472858428955
339.102586110433 337.787429491679 339.868267377218 343.506892522176 346.238613128662 346.770485242208 347.123821576436 348.627726236979 349.563558896383 347.486257553101 348.426938056946 348.630984624227 346.454660097758 345.393021901449 343.717614809672 339.461167653402 337.551275889079 334.049542744954 333.555817604065 336.054007212321 335.968097050985 333.004633585612 330.211102962494 329.008460044861 323.941032091777 325.656255086263 323.160608609517 323.368926843007 323.495030403137 325.046380360921 323.29527537028 318.413138389587 311.875700950623 310.720483462016 302.066047986348 285.568038622538 279.288331667582 287.355383237203 293.041030565898 284.087618192037 272.900303204854 276.532133420308 276.377260684967 270.705739657084 270.183145999908 273.987034956614
339.22553062439 341.198762257894 342.259327570597 345.124046007792 344.781637191772 344.841718673706 347.83657391866 350.12165705363 350.15336672465 350.254774093628 349.556048711141 349.582274754842 347.350597381592 344.562292098999 343.723773956299 344.460527102153 338.305274645487 335.26623249054 335.136254628499 336.650292078654 334.717233975728 334.250370661418 329.572399457296 325.671792030334 322.463572025299 323.385755221049 322.241981824239 321.673174699148 323.250869909922 325.4421154658 325.900514920553 319.985449314117 311.596989631653 308.364490667979 299.26061630249 285.403350989024 280.605256557465 284.888466199239 284.486035505931 272.599001725515 269.631584485372 280.671636263529 279.599030812581 271.900773048401 271.067361036936 267.154415448507
339.400132497152 344.409743944804 344.825347264608 346.268574396769 344.604333241781 344.307700792948 348.039229710897 349.669098854065 349.665482838949 351.826985677083 350.188811620076 349.151213963826 347.432494163513 344.456116358439 342.874447504679 345.345616340637 341.281215349833 334.547321001689 330.600142478943 331.104596455892 329.261144002279 329.360067844391 325.17264286677 321.980516115824 317.370851834615 317.617376645406 319.659233093262 319.305419921875 319.689909617106 319.849054018656 322.73805141449 318.52779785792 305.811087290446 296.97052637736 273.635486761729 261.10851764679 271.406769752502 279.211242993673 277.654806772868 277.410348256429 285.222252209981 288.64723443985 273.07653427124 264.972567558289 272.883931795756 261.888245741526
339.651584625244 339.053829511007 338.441888491313 340.586026509603 343.310356140137 345.918258031209 346.252600351969 348.282933235168 348.270734151204 349.625786145528 349.012613296509 348.993301391602 348.979989687602 345.028320948283 342.169245084127 339.934388796488 341.237862904867 332.802017529805 325.17937819163 323.154985904694 324.318528175354 322.082320849101 321.30245367686 316.768964131673 316.357413927714 311.476329962413 311.764498551687 311.614831288656 308.294137318929 308.529655138652 311.501622200012 312.397698561351 289.075215657552 265.575210253398 240.250488122304 230.329473813375 244.035681088765 268.217623233795 282.554467519124 278.053800264994 278.501252333323 273.902932802836 261.566301186879 264.44552342097 268.88507604599 245.925883452098
342.416803042094 336.790561676025 335.179567337036 337.716182072957 344.309171040853 347.750584284465 347.474614779154 347.418864568075 347.819129625956 347.069183985392 348.283449808757 347.637097040812 347.467660903931 345.811009407043 340.434948603312 338.646650314331 338.750600814819 330.365657806396 324.814995129903 323.541382948558 324.369331200918 321.436186631521 319.714188575745 313.95145257314 312.306443850199 310.660163561503 309.587200482686 309.139728546143 307.520707448324 301.949501037598 296.25536998113 289.399882157644 266.40925804774 240.802725156148 231.779277324677 228.43990723292 221.469839413961 231.894016265869 247.344036897024 266.027251879374 271.106044451396 261.461774508158 257.301191488902 260.870099067688 251.690904299418 231.554528077443
343.40763092041 339.648008346558 337.552666664124 340.021014213562 344.79018052419 348.249475161235 348.902781804403 347.394744555155 348.617951075236 346.0453748703 346.787373224894 346.624453862508 345.187107721965 345.93939781189 338.739514350891 339.164733886719 336.849490801493 329.108556111654 324.762562910716 325.633883476257 325.344562530518 321.993768215179 321.569542090098 317.437390486399 313.991983731588 312.844852606456 310.818294684092 308.563590049744 305.388192335765 300.86362361908 289.852837721507 281.314969062805 257.650415102641 243.720809618632 247.575680414836 251.284639040629 244.71261103948 236.09850804011 226.967751979828 234.403292338053 250.538070996602 242.475152015686 236.161291599274 230.348308881124 225.983142852783 221.967836221059
345.006306966146 343.651533126831 340.62663714091 338.495333989461 341.626207033793 347.460945447286 348.109682401021 345.609585444133 345.375021298726 346.413731575012 346.733609835307 347.439686457316 344.603379567464 343.764702479045 337.048570315043 337.158759435018 336.671710014343 332.369446754456 327.765047550201 326.33384068807 324.883242448171 322.803378105164 321.767707665761 321.191847324371 317.743182182312 315.709114074707 311.669826507568 303.528149922689 300.065994262695 294.201532999674 291.854421297709 286.360005537669 265.082279841105 257.794102032979 261.620879173279 269.153078397115 280.534625053406 277.186989784241 260.88668902715 231.594920158386 230.385263760885 231.043477853139 228.187203407288 226.447423299154 232.123374938965 237.861295541128
346.362113952637 346.0826476415 344.327012697856 340.644439061483 337.946812311808 343.193729718526 345.356225967407 345.630725224813 342.888355255127 344.782114028931 347.59513537089 344.401955604553 341.73846244812 341.264565785726 338.900367418925 334.887782732646 335.205872853597 333.073258399963 329.388658205668 328.173319498698 326.691726843516 324.784318606059 321.407357851664 319.841345151265 315.586626529694 312.687516212463 301.735838254293 283.755938212077 277.410626411438 282.142102718353 289.864818255107 284.761528174082 266.827523708344 259.45109128952 266.07620716095 276.054322719574 292.220969994863 301.974872748057 292.27622350057 261.264304320018 235.60772339503 237.958391507467 245.082279046377 256.011605262756 266.273379325867 269.332925478617
345.789511998494 344.889442125956 345.43255964915 342.39939848582 337.876796722412 340.486605962117 344.141244888306 343.948364257812 342.687924702962 339.702049891154 343.704064687093 342.688798904419 339.484175046285 340.203285217285 339.82257048289 334.442853927612 333.802541097005 330.922444661458 327.751278877258 329.579770565033 326.735933621724 327.30092604955 321.701526641846 317.221422990163 316.294233004252 315.613210201263 301.727076371511 284.682114919027 284.118811289469 288.609147071838 294.76664463679 287.486910820007 274.749795595805 273.579239845276 285.423338413239 288.211703300476 294.289231300354 283.508837223053 252.188960711161 243.509272734324 254.642049471537 264.385024706523 259.453654289246 253.244698047638 254.90140914917 265.616218249003
339.761018753052 343.461553255717 342.316389083862 342.446406682332 339.438835779826 336.388389269511 343.689759572347 342.903852462769 339.252948760986 334.390163421631 338.502605756124 341.956377029419 340.084711710612 336.495518684387 336.110631624858 333.164115746816 331.404368082682 330.465257167816 328.77779006958 328.811685244242 328.480760256449 325.677772363027 324.058592319489 319.708704948425 318.620105584462 319.316188494364 313.554167747498 311.205705006917 305.132706960042 303.546369075775 299.138824144999 289.104779561361 285.218556722005 282.132208347321 280.940254529317 266.179978847504 248.011887073517 213.599542776744 196.661671002706 233.436405658722 268.924295902252 270.380278428396 249.507109324137 244.619846343994 257.611076037089 271.574715773265
333.08607339859 341.544111569722 340.963800748189 338.507493336995 337.898333867391 334.590236345927 335.591038068136 340.92911084493 340.99022547404 336.135149002075 338.147521018982 339.23069636027 340.14626344045 337.127765019735 335.692683855693 333.684325218201 329.195459683736 326.274077097575 323.492805163066 322.041670481364 322.793046633403 323.714296023051 322.48055934906 320.566693941752 320.428371429443 323.114236195882 323.28075170517 323.792338371277 310.79508860906 308.706700801849 299.22084013621 287.67865896225 285.542527834574 268.025120099386 239.301323890686 211.808125178019 196.20684782664 188.781420389811 185.20724773407 209.976673126221 237.014830112457 253.983795642853 251.304129759471 263.403296470642 294.228971004486 304.299732049306
