input/barkrak2/radiation/dir10324.grid
NCOLS 85 
NROWS 70 
XLLCORNER 665100 
YLLCORNER 4664600 
CELLSIZE 20 
NODATA_value -9999 
[rows 20 to 39 of 70, columns 0 to 45 of 85]
114.226222038269 102.895647287369 111.736933390299 140.618701775869 136.55890027682 114.532649517059 105.782409509023 118.074258168538 130.622933308283 142.006049553553 154.678523540497 157.220155000687 157.384286324183 161.861608425776 170.269767443339 190.023879210154 204.123377799988 215.729316075643 231.055617332458 248.441179593404 256.364544232686 247.397224108378 247.876783212026 252.945303916931 252.322415510813 252.093990643819 250.094473361969 253.06248664856 255.470712979635 264.131983121236 258.295655250549 244.581520557404 229.157368342082 218.438466389974 214.049597581228 220.422287782033 219.592372576396 221.690575281779 226.424892743429 231.59921169281 232.064644495646 232.542455196381 235.948443412781 228.389283021291 233.117401599884 238.467872142792
146.552900473277 136.599351962407 137.012829383214 167.194724082947 164.422700802485 119.24288670222 117.307523886363 127.054413159688 135.780602693558 142.042557398478 147.76932199796 152.343879143397 152.094493309657 149.080574512482 154.981791973114 168.282687664032 185.668627421061 199.62606827418 210.679809252421 228.340188662211 235.640088717143 246.449549992879 249.757806460063 249.536176522573 238.758107026418 228.364169597626 216.930051644643 218.508362770081 224.49654340744 215.441425641378 200.937251249949 174.147387345632 169.682006041209 160.25831302007 165.741125742594 187.334557374318 195.947388807933 213.503003120422 225.94956556956 226.278722286224 224.177519480387 222.244302431742 215.710043907166 197.262346744537 220.860123634338 233.325918515523
193.494061628977 193.258086840312 181.678692499797 187.415142854055 186.752756436666 144.737243652344 142.857839663823 137.593775987625 133.0759425958 136.543492476145 147.388090689977 153.927028179169 155.189007520676 155.981043974559 157.534331083298 166.165063778559 179.56288655599 191.768606503805 200.780808925629 205.23989200592 211.05162302653 224.11980231603 236.074407895406 238.921682039897 238.585193951925 229.399859905243 216.50493144989 204.189896583557 202.226440111796 196.7959801356 170.228799184163 123.453398545583 87.8204305966695 82.1807533502579 119.689454634984 146.399259567261 169.377366701762 192.388554414113 207.884788513184 211.481730143229 216.024458408356 218.023816744486 190.433780352275 164.222955703735 196.574767430623 229.417979717255
226.531565189362 221.196850140889 198.636392752329 193.808873494466 192.632714907328 182.255248228709 164.462059736252 142.256120840708 129.423360029856 133.129338423411 147.91605869929 153.120120366414 160.848885774612 172.025799751282 167.330503463745 169.270217418671 178.719182809194 190.545737743378 197.752892971039 190.393308798472 189.281423886617 194.005489349365 205.778002738953 214.17643626531 221.642871697744 218.281328678131 206.25094572703 195.792059103648 176.600972811381 146.375685930252 118.97744735082 92.1900868415833 54.1005233923594 18.5555045803388 19.183171292146 48.7992962201436 92.0981466770172 126.701811949412 152.754088242849 166.248083114624 166.615664958954 153.407285610835 149.163941542308 178.244252999624 186.106642087301 218.202869097392
221.514463424683 220.160921414693 210.979441801707 196.92854086558 183.871706326803 182.965377966563 166.666924953461 156.167934338252 141.174157460531 135.946144660314 141.716023286184 152.608682711919 160.221129655838 169.776260852814 170.09315888087 170.892914136251 177.109837532043 187.591195106506 195.142487684886 187.36873070399 188.030699888865 184.398154417674 192.18522310257 198.488394419352 201.97590192159 200.282653172811 192.111094792684 179.41677570343 158.204793930054 111.576855182648 95.2825248241425 90.988556543986 66.0351713498433 18.3420553803444 11.6331850488981 33.8903417189916 54.8297464847565 73.6359655857086 96.3356097539266 116.744269927343 111.199090878169 102.539122104645 123.49608540535 203.898747762044 204.823354880015 221.067547798157
209.772268931071 214.980940024058 217.523554960887 199.791510899862 184.381584326426 183.06306997935 180.201629797618 184.558232625326 178.276856740316 164.884507656097 159.933696190516 167.297999064128 171.797672907511 183.263222376506 183.723966280619 177.541653315226 177.603304386139 190.136313438416 196.703712145487 200.268566608429 202.793776988983 198.522051175435 192.690412203471 189.188539981842 188.732663790385 188.503424326579 180.143078168233 165.843695402145 145.118186871211 126.556346813838 122.072358926137 134.567360083262 130.765706300735 71.8406538168589 41.039581100146 50.5133171876272 56.7168593406677 65.6274457772573 85.6932004292806 84.8239660263062 79.2186011870702 86.2707893053691 131.775667270025 203.186492125193 221.835275491079 229.973534742991
210.000256697337 214.532295862834 217.993100484212 204.86847559611 200.819849967957 200.371007124583 205.047686894735 208.498378594716 211.888253688812 204.366644223531 185.543457667033 190.490007400513 193.844517072042 200.137515862783 197.923243045807 186.208367347717 184.014081954956 194.706042607625 201.892654101054 215.095043182373 217.787563800812 214.673101902008 203.814029693604 194.956541061401 190.556367238363 190.254350503286 182.588815689087 175.206283728282 159.2156291008 160.666892925898 176.724890867869 202.532370885213 210.562825202942 202.827831109365 142.911165952682 78.1145493189494 71.61479194959 73.9217102527618 87.4020357926687 84.768424431483 98.7610220909119 137.482027212779 164.969921112061 196.411589781443 220.649838447571 225.707987944285
213.061273097992 210.218071937561 212.350169817607 207.083324591319 230.104724566142 223.333716392517 224.687616030375 218.42493613561 221.706529458364 221.679290135702 203.060487906138 198.078989982605 200.898150602976 202.503105004629 206.155896186829 200.0652551651 195.324261983236 202.924569447835 215.680817763011 218.772351741791 216.461936632792 208.05823802948 204.044500986735 202.959934870402 201.765497525533 198.176840941111 193.261722723643 191.334366798401 187.568068504333 200.188080469767 217.312375704447 230.62127828598 236.357808113098 249.040643374125 235.435545444489 140.895634889603 93.0383503437042 83.3923021952311 77.3454606533051 89.0689293543498 135.166664918264 207.360466321309 189.755658308665 184.118390083313 197.17792669932 202.99764474233
213.231484095256 201.864063739777 204.604585965474 212.961673736572 250.80684820811 233.128348986308 219.658414522807 211.335400740306 211.007595062256 208.151857058207 198.655247688293 190.395712852478 196.932752927144 201.938013235728 205.629666646322 210.242509841919 204.816937446594 200.95964272817 212.538639704386 210.822621981303 209.335048993429 201.324820518494 199.198365211487 205.986698468526 206.366817156474 199.419379234314 199.644505977631 197.68226146698 196.359892686208 213.226139545441 233.038067817688 247.616012891134 251.74214442571 252.069652080536 259.142478307088 215.149799982707 110.009253025055 70.2654669682185 58.4170520305634 69.8769787947337 146.935731172562 195.052822430929 177.607655525208 151.56568090121 157.846589883169 162.856241067251
209.786276022593 193.855822086334 198.942422866821 222.735007603963 250.151932239532 230.655550956726 205.836991469065 186.671257019043 175.914824008942 170.819401741028 171.017011006673 174.963275591532 189.640680948893 202.639997005463 206.272979577382 210.558553536733 212.319095929464 196.533958117167 200.851957003276 201.303402582804 200.037956237793 200.462063153585 200.766364733378 206.09446366628 210.176408290863 203.932861487071 207.978288332621 202.076395352681 202.546795209249 219.716409842173 242.399116357168 258.405447006226 256.280859311422 254.076957702637 264.742473761241 264.87143834432 203.31346988678 112.295965353648 82.1135193109512 90.4429058233897 123.760968446732 145.401179790497 154.372324546178 123.143921295802 121.250172456106 128.470609585444
202.72034406662 209.056655565898 238.80660533905 284.010847409566 275.268296400706 237.265924612681 198.77302646637 166.172027587891 153.774678707123 163.724134365718 158.952395121257 156.022051970164 180.812180042267 200.88267326355 211.721460024516 217.829664548238 216.246922810872 204.304893811544 203.064461549123 204.055587450663 202.383478482564 205.462018648783 207.792381445567 209.28551753362 211.931427319845 215.764343738556 215.444842974345 212.391753991445 211.907545725505 229.194164276123 251.073002815247 262.535671393077 258.612036705017 263.174692789714 271.937211354574 276.501595973969 273.31554889679 244.155506292979 162.853896617889 117.736289898554 107.462813456853 107.854415973028 124.990731477737 119.818458954493 114.594479401906 136.227707068125
221.27099831899 255.683422088623 293.139457702637 310.034970442454 318.428079287211 278.462509314219 230.360110600789 188.249429066976 177.149911721547 188.309709231059 178.214470545451 164.358754952749 175.788442293803 198.091367880503 216.550548871358 221.449176470439 218.448420365651 214.313745498657 206.219255924225 205.696523189545 208.849231402079 213.058829307556 212.743163108826 212.191720803579 214.781800905863 227.368692557017 227.245986461639 229.673902193705 227.969626585642 239.660084247589 255.133708318075 263.440012931824 266.220072905223 273.822844028473 279.934922854106 272.155443827311 272.40127325058 286.430716514587 244.461317857107 164.53488667806 118.269264698029 112.375885248184 115.618894497554 126.30158662796 141.4475440979 172.246237595876
272.857069969177 298.80819718043 307.478229204814 304.157058397929 318.291882673899 317.237595717112 291.335225105286 253.958582878113 228.286723295848 222.767869631449 221.716026465098 196.293433507284 179.747223854065 196.463704109192 217.70167350769 221.963961919149 219.910502433777 222.770531972249 210.722963015238 207.655767599742 212.637643019358 214.597344398499 215.208013852437 214.848558108012 218.415061632792 229.588170846303 236.735065778097 242.028613885244 240.551014741262 243.424355983734 257.56706794103 267.914613087972 267.16544230779 265.572726726532 269.022206465403 258.3167552948 259.811778863271 264.131506284078 236.738085746765 188.098649183909 151.271800200144 135.025262832642 124.537845452627 127.889146407445 145.670572916667 176.243245601654
295.403440793355 304.467558860779 300.188064575195 292.144080003103 297.666807969411 311.362067858378 312.085688114166 287.919938564301 262.115776538849 248.610774676005 247.075955073039 229.782203833262 205.199758211772 204.992791016897 215.628524621328 218.897481759389 215.496917565664 218.253016471863 210.87634563446 212.805986404419 211.596786975861 214.981993039449 213.110148906708 211.560984452566 218.49258740743 228.607853253682 239.695727825165 240.48904577891 242.143193880717 247.979442278544 259.188195069631 261.861642201742 249.962409337362 242.289066314697 245.683153470357 226.802865664164 225.541611512502 216.056346893311 187.692523002625 169.242759545644 180.855691432953 166.486392418543 148.293018341064 133.978396654129 131.401826937993 152.83332268397
302.042603492737 302.316308021545 305.864135424296 296.22487227122 293.013791243235 301.089485486348 314.501961072286 311.99038028717 284.455994764964 259.132663408915 253.476977348328 244.837323824565 235.960165659587 222.895165284475 219.834645589193 220.911244551341 216.018935044607 214.867651462555 214.82264995575 217.318753401438 212.90789047877 212.050557136536 213.079770406087 214.036762714386 217.919031778971 224.32138522466 233.722408612569 232.21484820048 235.629836718241 249.004483222961 256.435255209605 249.273240566254 236.859619617462 235.388398170471 228.735168774923 211.334665616353 214.453101158142 212.638696034749 203.007777531942 194.470167160034 202.021241188049 207.527418931325 186.752498149872 166.762232780457 146.162907282511 135.248045126597
312.318801879883 311.83115641276 315.948605537415 312.423646450043 305.485308170319 305.787086486816 314.992705980937 321.027239163717 294.950266679128 265.44177532196 250.89156627655 248.633205890656 253.453453381856 235.379676024119 225.655357042948 228.163242340088 223.375380039215 214.817305405935 220.232764879862 221.509218215942 220.241745313009 215.513904889425 218.848049640656 221.652527650197 219.938476880391 225.101908047994 228.427370389303 226.033230622609 231.114188830058 247.410297393799 251.88801685969 244.515160719554 239.048620065053 240.249613920848 223.739345868429 217.214783032735 223.012328147888 227.776130040487 231.270352999369 225.264588991801 193.129022916158 193.197190761566 181.605378786723 164.915025234222 145.010183254878 118.710925181707
312.946438789368 313.496390978495 316.303730010986 315.122882525126 308.284640312195 303.995827833811 311.029970645905 320.821662743886 299.621999263763 266.452670097351 250.125845273336 250.084817409515 251.645783583323 236.060718695323 224.159896373749 231.158018112183 232.443372408549 223.137140274048 225.570539633433 229.205290476481 228.167752424876 222.61244058609 220.938642819723 225.849151611328 223.375658194224 222.268541653951 227.329750855764 233.474612236023 236.42639319102 246.943712234497 251.790444056193 248.106996218363 241.337418556213 240.445514520009 223.595460255941 226.691365242004 230.521857738495 235.352396965027 236.737449963888 224.560558795929 170.398473739624 141.910413901011 128.720005353292 114.093005657196 109.648625055949 106.414586305618
306.610425313314 311.039010683695 315.720776716868 313.970605532328 308.438420295715 307.727555433909 312.422116597493 319.055080413818 308.465361595154 276.665369669596 260.698795318604 249.744415283203 240.862170855204 230.674088001251 222.192823886871 228.612224260966 239.802738030752 232.024053732554 228.156367937724 230.414708455404 230.69179058075 227.663735548655 222.691973050435 224.030752976735 224.64128335317 223.569969336192 227.546036243439 235.230485598246 238.237798213959 242.266019185384 249.900241692861 251.131176948547 244.047204653422 229.489247004191 217.020432154338 234.623690446218 243.031521638234 243.47996711731 237.005988756816 229.4735511144 163.804511229197 106.560528278351 83.036591609319 67.4207508563995 70.6227620442708 77.0477453867594
285.51971912384 293.419579664866 299.048523108164 300.595064957937 303.239723046621 309.747656186422 314.67193365097 317.426085472107 314.479132493337 291.390359401703 274.747590223948 255.859971046448 241.767068703969 237.803339958191 230.541745821635 223.965485890706 234.711329142253 234.620292981466 229.193687438965 226.858377456665 228.849550088247 221.621155738831 219.191034634908 221.66250149409 224.890112876892 228.585064411163 226.939002672831 231.60594701767 235.89809735616 238.041241963704 244.767149289449 252.185980478923 240.421752134959 216.401716073354 222.717881202698 249.831517537435 254.632910092672 248.107393582662 237.519462903341 237.572173277537 212.846179803212 136.803895235062 86.1771702766418 67.1110550562541 65.2056286732356 62.8773123025894
256.230513254801 262.341399987539 262.026826540629 271.006107330322 283.038139343262 295.916338761648 305.411239465078 311.759789784749 309.593518575033 295.304993788401 272.212286790212 250.91165304184 237.468679745992 234.516263008118 231.381595134735 223.334968090057 227.910240491231 227.932333946228 221.370458602905 218.899130821228 223.552087942759 226.107219854991 223.969459533691 218.782285849253 219.083468119303 220.458745956421 225.811819235484 228.366792201996 233.895619710286 234.616637229919 236.336886882782 243.558526039124 232.150256633759 218.755066394806 246.488551298777 263.747135798136 258.24240843455 250.985046227773 244.487881660461 249.677121639252 267.162958780924 244.943459828695 167.007883389791 109.962085882823 83.2781940698624 64.0980700651805
