input/barkrak2/radiation/dir14724.grid
NCOLS 85 
NROWS 70 
XLLCORNER 665100 
YLLCORNER 4664600 
CELLSIZE 20 
NODATA_value -9999 
[rows 0 to 19 of 70, columns 0 to 45 of 85]
346.884608268738020 350.391785303752 350.849191347758 347.965240478516 343.268195788066 338.230450948079 330.375512440999 324.170748392741 328.964193662008 327.886899312337 324.861645698547 332.494099934896 338.639497756958 338.536938031514 340.710719426473 349.361578623454 348.54523340861 338.556567827861 332.827508449554 321.524560451508 300.335089365641 296.295762062073 313.571671644847 320.916334788005 317.770997683207 316.217323144277 315.127333005269 306.194146474202 287.691156069438 280.974328517914 279.098252455393 285.048286120097 295.960227648417 301.519930362701 307.933429876963 300.185839335124 297.475973765055 306.244055430094 304.20309305191 305.027604103088 295.675655206044 277.630070845286 287.618001302083 310.446202754974 315.434356530507 307.196299235026
339.36599890391 345.582922299703 345.721085866292 346.04267279307 345.830917358398 342.168529828389 331.524590651194 321.834027767181 324.957211812337 326.380829016368 321.483612060547 327.237963676453 335.192282994588 335.950374603271 335.497935612996 340.495665868123 340.140183766683 337.451736132304 335.521141688029 328.271269798279 313.514173030853 306.26380443573 311.622937520345 317.191382249196 315.90481599172 313.199420770009 311.297297477722 305.922150611877 291.001319885254 281.006236871084 282.325049241384 292.713443438212 292.729119459788 296.343902746836 306.835691134135 298.763314882914 292.748351891836 293.320655822754 289.280454317729 303.573727607727 301.524122556051 290.165960788727 296.637793382009 314.883450667063 320.790608723958 310.124516487122
318.126479784648 318.844795227051 324.296355247498 328.568041324615 331.212162971497 335.521896680196 336.461583773295 334.622621536255 331.868648529053 328.699171543121 320.622444152832 321.243643760681 329.465349515279 331.303318341573 327.694376309713 331.049084663391 335.385243097941 339.7429784139 339.959820111593 335.249423980713 331.090331077576 322.427372137706 315.251310666402 314.087748527527 315.309623877207 315.822243690491 310.317238171895 303.641736507416 292.619427045186 281.036853790283 279.376705487569 292.505701382955 280.763943990072 287.460605303446 301.725645860036 296.46909236908 281.972308953603 274.528404076894 287.398298581441 304.377178351084 305.52742878596 305.219292640686 306.993285814921 320.475300153096 330.11802037557 316.73675775528
300.132234891256 297.165433565776 299.068331718445 298.805932203929 304.839571317037 309.695402781169 313.180486361186 321.568528811137 330.751220385234 335.150559743245 332.442800203959 330.931385358175 332.127153873444 331.511815388997 327.444612979889 322.333713372548 325.409193833669 330.357670783997 335.68549156189 336.825211842855 334.177692731221 331.339458624522 330.193142096202 324.216882387797 321.89553976059 323.39741786321 318.265279134115 309.322317441305 301.120698451996 292.35581556956 283.111890157064 291.68293873469 280.944506327311 286.644458770752 293.639341990153 294.292072455088 288.43104839325 286.061882972717 303.175707658132 315.45501947403 311.794817447662 304.117242495219 300.866544246674 309.232831001282 320.727288722992 321.080088615417
314.786871274312 299.07089471817 282.965441544851 276.140332221985 279.433151086171 292.901158332825 306.76527818044 313.77633412679 320.124089717865 323.297142982483 332.417905330658 338.649988174438 341.345906257629 340.424776077271 338.17446231842 335.032304128011 332.486748695374 328.110376993815 330.365498860677 335.340619087219 334.536115328471 334.224780400594 337.649901707967 332.480271657308 327.850818634033 327.274223168691 322.570999463399 313.956101735433 305.601318677266 300.278762976329 299.247801303864 298.958837985992 292.120019594828 294.130702813466 291.666030883789 295.321087042491 305.052955945333 310.35719315211 318.504969278971 323.177138964335 320.98388671875 313.637634118398 306.402802467346 302.679896354675 307.884434858958 326.134562492371
337.012569109599 319.913903872172 299.168745676676 279.607812563578 272.423227628072 280.205527941386 300.733725229899 312.763690948486 315.175374348958 314.392030239105 320.960243542989 328.753888607025 333.64192644755 336.644252141317 339.404980341593 340.301752090454 336.26914024353 329.407691955566 328.507701555888 331.698457400004 331.546684106191 334.704438845317 340.32674630483 338.164687156677 333.950916926066 332.522451877594 326.32964849472 318.069140116374 307.930827140808 301.610251267751 302.076756954193 299.435834089915 303.385158379873 308.913230895996 303.859869639079 301.155149936676 309.204936027527 316.242416699727 319.304684797923 319.627324740092 320.094168186188 316.628138224284 314.071754614512 313.326716423035 311.513165632884 315.285325050354
343.744993209839 333.877841631571 322.702288627625 307.74708588918 290.613055229187 279.971480369568 284.90823507309 307.821949323018 316.849549611409 321.950554847717 320.250928401947 316.926896572113 313.202261924744 311.813632647196 312.321086724599 321.887691815694 327.791889508565 333.664298057556 336.561640103658 337.369839350383 333.700100580851 329.865356286367 336.662689844767 338.738878568013 336.997588475545 337.969064712524 334.698915481567 327.396969000498 317.583342393239 311.137934525808 307.469427585602 309.078435103099 321.878592173258 326.825459798177 324.693719546 318.053523699443 316.307266553243 319.667915503184 322.604219118754 327.622671922048 327.402532100677 323.358794053396 319.183468818665 313.745697339376 299.365321795146 292.959650357564
341.191212336222 340.033014615377 337.473193804423 330.742677052816 317.536950111389 294.236878554026 276.41636133194 278.071284294128 304.852863152822 320.600092411041 325.878938039144 323.206265767415 317.020932833354 311.064918835958 302.474757035573 304.989596207937 313.546140988668 322.456777095795 334.004441897074 340.303341547648 339.750528335571 334.140499432882 334.644476572673 337.801098823547 337.46596177419 339.615265528361 338.903109232585 334.923346837362 328.719198703766 325.316270192464 323.299129803975 323.94810517629 333.22149515152 335.709492365519 335.122267405192 331.537445386251 326.500415802002 322.578966617584 316.702564557393 321.897784868876 329.455097516378 333.257575829824 332.865337530772 324.367622534434 308.641652266185 293.777982393901
338.119745254517 338.793396949768 338.742971420288 336.681326230367 331.260740756989 320.073008537292 299.625039100647 274.932265281677 284.504453341166 303.768257300059 318.022767702738 322.639882564545 322.892030080159 321.56906525294 315.860648949941 310.296634833018 308.490594228109 311.665376027425 321.04221979777 331.075628598531 337.147156397502 339.612642923991 338.14533551534 335.632165273031 336.238702138265 338.84064356486 339.801867802938 338.050285975138 335.87368329366 337.29076385498 338.17199865977 337.242086728414 339.150190353394 340.458790461222 337.532003720601 335.902611414591 332.533200581868 324.674089749654 311.181823412577 314.262827237447 329.328954219818 333.817640940348 331.838607788086 327.1178205808 317.702074845632 308.753073215485
327.534476915995 332.154333591461 333.979527155558 334.089676539103 332.934319972992 332.670211791992 325.526237487793 313.779135545095 290.278077125549 283.609608809153 295.058786869049 313.095609347026 324.869632720947 329.562604427338 331.251204013824 328.520576159159 318.71376434962 315.55696328481 315.111259619395 317.369103431702 321.816384792328 325.773278872172 329.032262166341 330.817818641663 333.396991093953 335.655371348063 337.403376897176 335.859179496765 335.404952367147 338.139772415161 339.032411575317 339.077313741048 341.808875401815 342.999378840129 341.977516810099 337.729851404826 336.007436116536 331.7684729894 314.19426202774 311.209837595622 324.860135714213 327.070752779643 325.426002343496 323.13060760498 314.448038736979 305.528442064921
295.891225337982 305.110931396484 313.257177670797 319.338758786519 325.047433376312 329.377015431722 331.704417864482 329.766909281413 313.146948814392 295.451899369558 282.719612121582 289.471030235291 310.103634993235 325.523634751638 332.783500353495 327.89146900177 324.024776617686 320.680936177572 314.598123232524 310.916463534037 311.182856559753 310.946305592855 312.708000342051 320.273240407308 325.868705908457 329.727053642273 331.353664398193 330.892781416575 333.056191603343 335.675676663717 336.87170346578 338.772018750509 342.285553614299 343.73414516449 342.306653658549 339.391628901164 338.775793711344 338.833967844645 328.06654771169 317.355593045553 321.856141090393 325.599710146586 327.161192893982 326.733966668447 319.181084632874 310.794194539388
262.322068214417 266.876419385274 274.076104164124 284.221529960632 296.66801293691 308.703700701396 321.045339107513 324.889858563741 325.77113310496 317.756454149882 299.634257952372 283.716797828674 285.612384478251 302.890419960022 320.56470712026 321.336050828298 326.027651627858 324.956059455872 319.446782271067 311.574816703796 306.918303171794 304.59855000178 304.681082566579 311.162730058034 316.337943077087 318.511843681335 320.0470606486 322.674870491028 326.604902744293 329.237818717957 331.667065620422 335.292935371399 338.29935391744 339.431484540304 338.30988407135 337.71014213562 340.330759684245 342.462539672852 339.457829793294 331.458151340485 329.766690731049 332.744002342224 335.3218237559 334.567228953044 328.792850176493 326.367477575938
252.71737575531 248.872001965841 246.824940045675 246.85659011205 253.851612408956 268.390655517578 289.154271284739 304.81094121933 324.210107326508 326.679865519206 319.870630900065 304.030319054921 282.018939654032 280.089596907298 297.816753387451 316.541075706482 326.174676418304 327.511747678121 324.991325537364 319.895327091217 314.092834790548 312.293887138367 311.9797706604 312.661528587341 312.334597110748 311.228851477305 313.59859307607 319.41016515096 321.531196435293 322.447498639425 325.554092725118 329.203168551127 330.917139848073 331.001381079356 331.650634606679 334.171175956726 340.061068534851 343.47128868103 342.190504074097 341.790874799093 340.259273846944 339.804848035177 339.250167210897 338.163693745931 332.60053396225 329.776068528493
247.643570105235 222.5554784139 206.704656283061 202.252248922984 199.80126619339 204.709390799204 223.826011021932 255.607406298319 288.512547810872 314.344306786855 324.113269646962 324.566106001536 313.614745934804 293.980379899343 291.899104913076 311.575770378113 321.7879931132 328.954060872396 332.250873247782 330.593864123027 324.37260945638 322.131196657817 319.231311480204 319.158454736074 318.319996198018 316.405832767487 319.006323814392 323.586026827494 322.670082251231 318.953573703766 322.782357533773 326.242605845133 327.684720357259 328.007757663727 328.832368055979 332.875768343608 336.551427841187 338.863054911296 338.505466779073 338.696877161662 339.681506156921 341.014941533407 341.256380081177 339.996933937073 335.104942321777 331.292430559794
232.170840104421 197.541038195292 175.324340661367 171.12390200297 170.775612195333 175.588726997375 183.845380942027 207.375427087148 233.928581078847 279.329260190328 320.094843705495 335.71716149648 337.086280186971 327.851196130117 310.475389162699 307.249963283539 311.60036722819 321.075220902761 331.026554107666 334.269603093465 333.630641301473 330.49468199412 329.380671183268 326.910813649495 323.99187485377 322.535554567973 324.984967708588 326.261520385742 321.322699387868 319.102863470713 322.734316190084 324.981530507406 325.235903263092 325.410624345144 327.709893385569 329.124609629313 330.396811167399 329.795479774475 331.398169199626 330.453236897786 333.439826965332 337.126612663269 338.56459458669 338.176647822062 334.649483362834 333.098987738291
197.906076908112 172.394355138143 154.938081900279 152.045806248983 167.994300524394 189.874847730001 188.496192296346 195.123195648193 215.867916742961 243.663867314657 290.983259677887 332.868198553721 342.981576919556 341.291864713033 332.327723503113 312.849958737691 304.929375648499 306.86209599177 317.95205672582 332.871496677399 337.15828259786 334.339300791423 335.26599407196 332.386434078217 327.378491560618 327.501674493154 329.993883768717 327.466209729513 322.257300217946 324.694037437439 326.766610145569 326.398571332296 323.808948198954 323.252618312836 323.718667030334 323.315779368083 321.21616601944 318.561673164368 320.137143135071 320.300857226054 323.518594106038 327.024340629578 327.587962150574 327.7787566185 330.886403719584 332.988699277242
174.731135368347 165.014316638311 153.063118457794 143.995553255081 147.250831127167 172.16948668162 191.522836685181 195.937037467957 209.302047888438 223.496039708455 246.055841445923 297.271033128103 337.886253992716 340.525905291239 338.103731473287 333.325028419495 326.847116152445 316.581606864929 307.942748069763 316.466609636943 331.102589766185 336.102565129598 337.811390558879 335.426171620687 331.555783748627 332.496841748555 334.829568862915 332.055846850077 328.761955102285 332.52074321111 333.188315232595 326.909343401591 323.420802752177 320.616205533346 317.552367846171 316.771229108175 313.961307207743 312.08864847819 312.411506970723 314.683655897776 315.65644343694 317.724188168844 319.556514422099 320.197224617004 328.90780766805 332.757850488027
166.19281967481 169.220487276713 166.975537935893 155.58664004008 138.041208187739 149.531523386637 181.006650129954 197.277347246806 216.09487136205 226.870238780975 235.834340254466 262.139995892843 309.263666470846 336.159626642863 340.35054842631 341.643571853638 340.900739034017 334.764798482259 322.767674922943 311.256468296051 318.02628437678 333.897233009338 335.301876068115 334.267059961955 334.520260492961 338.163455327352 340.542991956075 338.776191075643 335.806250572205 337.266683578491 334.369738896688 328.014433383942 324.415683746338 320.580899715424 315.852483113607 313.933809598287 312.448382377625 311.672329902649 311.668296655019 313.114066918691 315.051833788554 315.187096595764 315.260569254557 318.17505757014 324.176251888275 331.051290035248
175.388813018799 186.230381329854 193.221906820933 183.701356252035 162.034938732783 160.934627056122 181.522369384766 201.822479565938 220.526198546092 243.352870146434 249.842464923859 256.853461265564 284.621516863505 316.208740075429 335.377295811971 340.049902598063 340.734601020813 340.047319730123 338.066895802816 328.213751316071 315.382262070974 324.637293815613 328.405280907949 332.894484202067 337.727189064026 341.55797958374 343.173583348592 341.781258583069 337.21133073171 336.602131525675 332.724034786224 328.474044799805 324.684500694275 320.975720882416 318.63921880722 314.992864926656 314.743002255758 312.92333205541 312.339246273041 313.626766204834 316.651562849681 317.754169305166 317.419310410817 318.499724070231 319.758733113607 328.287184238434
188.27486038208 193.438808123271 206.080277760824 218.496302763621 204.976360003153 177.388707796733 179.593980312347 191.011488437653 210.994005203247 235.283652941386 246.802389621735 250.583151976267 264.167129993439 278.871317704519 302.140772342682 332.066635290782 335.212151209513 336.256424585978 337.01237042745 336.784879366557 332.394957542419 324.040949344635 324.707786242167 329.450289408366 335.684219996134 340.343236923218 343.263824780782 340.876261393229 335.26881535848 334.764242172241 331.107099850972 325.956304868062 322.384615739187 321.158985296885 319.915135701497 317.237536112467 315.44562180837 310.000638167063 307.851592699687 314.183831214905 318.792243798574 320.01531124115 320.721467336019 320.649683475494 317.615548769633 324.190676212311
