input/barkrak2/radiation/dir17924.grid
NCOLS 85 
NROWS 70 
XLLCORNER 665100 
YLLCORNER 4664600 
CELLSIZE 20 
NODATA_value -9999 
[rows 40 to 59 of 70, columns 0 to 45 of 85]
343.336184819539 343.961636225383 343.927621841431 345.547755559285 349.428176879883 351.929903030396 353.446880976359 355.601032574971 356.23840490977 349.793672561646 342.801650365194 340.511560440063 337.112307548523 335.367838541667 332.427243391673 332.094510396322 329.744458198547 327.807863553365 323.714355627696 322.375257809957 322.353303432465 325.039664904277 324.485301971436 320.476214090983 316.562712192535 314.910769462585 318.983296553294 317.944486935933 319.799860318502 319.202939669291 317.197382450104 312.748690446218 287.595172723134 282.628436883291 303.056120872498 303.567310174306 294.723093509674 294.895112514496 295.216242472331 283.183137575785 291.228175163269 331.196367740631 351.540803909302 309.278607368469 250.582873821259 206.513007481893
347.364664077759 345.82793712616 345.972895622253 346.612135569255 344.868421554565 343.608617782593 343.485673268636 343.952894210815 346.861600875854 342.881759007772 337.763508160909 337.146679560343 339.297254880269 337.381919225057 336.753845214844 333.11935265859 329.075614611308 332.776665687561 331.721266110738 327.102859814962 325.760682423909 325.833042462667 325.550178686778 325.744688510895 325.039863586426 320.895830790202 322.982887427012 322.96762863795 320.911467075348 320.441126823425 320.864001909892 314.645965894063 295.181711514791 293.918291727702 304.788808027903 296.359737714132 281.900882720947 282.66038497289 290.282607078552 294.687648614248 307.919760545095 320.308307806651 334.24969514211 334.25239721934 291.857838630676 241.726060708364
348.670125007629 347.312013308207 348.969300587972 348.487615585327 344.744483629862 343.479474385579 343.368450800578 342.705488204956 343.090454737345 339.67924118042 338.068882624308 337.219476699829 338.636477788289 339.859803517659 339.883248011271 335.972229639689 333.092153072357 335.24747689565 335.523366928101 330.135822296143 327.703058719635 326.051076253255 323.019444942474 324.726223945618 326.295753320058 322.82543182373 317.817727724711 319.484988848368 320.323586463928 321.445266405741 317.868828773499 310.744007428487 302.514652411143 303.226411342621 302.126089731852 285.718222459157 270.768165588379 276.882608731588 292.154411474864 304.375012715658 312.369664510091 310.365259647369 306.765516599019 312.358697255452 297.887206077576 247.956653436025
341.200590133667 342.882553736369 347.293019294739 345.763007799784 346.518794695536 347.978353500366 348.45499197642 347.107251485189 340.735912322998 340.06671110789 341.296116511027 338.560342788696 337.989290555318 339.386622111003 337.57762114207 336.356361707052 335.978428522746 336.259365081787 335.562467575073 332.937300205231 326.974829037984 326.09897851944 323.466082413991 322.28418191274 323.169012864431 324.391961097717 318.065265814463 318.081537882487 319.478472073873 317.530314127604 314.621925354004 307.31455485026 306.58233165741 306.80513381958 293.365101019541 271.26016219457 266.577661037445 280.669530232747 300.313254197439 305.252492427826 305.244922637939 301.082710425059 293.298602104187 291.854163010915 286.346316337585 256.327291329702
341.555078824361 344.460169474284 345.793485641479 345.60493628184 346.59743309021 347.656647364299 348.037759462992 345.787048339844 343.584775924683 342.031955718994 342.298666636149 340.304613113403 337.518850962321 334.688305854797 334.897875785828 334.036270777384 330.732444922129 335.489988327026 335.608879725138 333.20289850235 329.712708791097 328.899383544922 327.546179294586 327.157596747081 322.64232635498 327.143569787343 326.116919517517 323.155363400777 321.01833820343 316.480060418447 310.226758321126 304.929216702779 303.546806176503 299.030661582947 285.947263240814 269.055962562561 270.379066467285 286.364833513896 301.754792531331 300.351997216543 301.778038342794 294.513165950775 281.848967075348 277.209401130676 278.291821479797 267.844557762146
345.272461573283 347.480217615763 345.874547958374 347.063461939494 346.279541651408 346.026698748271 346.287488937378 345.847566922506 346.361637115479 343.879659970601 343.67569287618 342.63809521993 338.200807571411 335.894584655762 334.402799606323 336.923321088155 332.264065742493 333.216985066732 335.567553838094 335.225979487101 332.649608453115 331.243455410004 328.25380563736 327.897449334462 325.707952181498 322.636663913727 325.695951779683 323.16658894221 319.979925950368 316.285173098246 310.10373433431 305.584371089935 303.13237508138 293.841779232025 278.351346651713 263.64662249883 268.927951653798 286.360681056976 294.003585974375 288.148681322734 293.534219264984 285.210450490316 273.547371228536 276.217023531596 286.870539188385 278.724451859792
345.300753911336 346.017916997274 347.060759862264 347.145318984985 346.790353457133 346.466461817424 347.384611765544 347.660024960836 346.439758936564 345.601161321004 344.507932662964 343.296766281128 341.600338617961 339.045286178589 338.990926742554 340.11443456014 337.490598360697 334.58145459493 336.127400398254 336.045702298482 332.043011983236 331.443627675374 330.07405201594 327.019651730855 328.987717628479 322.591364383698 322.294652462006 320.124526818593 319.590131441752 316.288510958354 311.198353767395 306.488355000814 300.422390302022 290.537099043528 276.769042015076 265.316545963287 272.889335950216 285.735547542572 283.826251824697 285.695393880208 292.290965716044 281.487365563711 277.078529198964 284.050186475118 293.174048264821 285.287280877431
342.228571573893 343.559106190999 346.268932024638 345.997055371602 347.310463587443 347.875316937764 346.540053685506 346.111218134562 345.696647961934 346.681555112203 345.51207224528 342.966039975484 343.351006507874 341.514190038045 340.421954790751 339.096506436666 338.903824488322 331.771910190582 334.22855536143 334.382295608521 331.519722938538 329.252123832703 329.883376757304 324.150303999583 323.774377504985 322.962919871012 318.77593199412 317.831257979075 317.483305931091 313.914736111959 310.591916243235 308.077057202657 299.309372901917 294.919808705648 287.40918636322 274.808088938395 277.382969856262 284.579535325368 286.622484525045 293.134431044261 290.267725785573 283.277094364166 285.105168819427 285.926759243011 285.58345635732 277.427156766256
338.479439417521 340.367794036865 342.670520146688 344.200650850932 347.133239110311 347.916165987651 346.304814020793 344.463070233663 346.811294555664 348.048488299052 346.420089403788 344.793955485026 343.299786249797 343.886176745097 341.648022333781 338.120818138123 338.107585906982 331.980665524801 332.1306904157 333.922704060872 332.44264125824 331.168293952942 331.157008806864 325.710415840149 323.558449745178 323.070009549459 317.764083544413 318.673292795817 318.466087182363 318.978508313497 318.272233009338 315.048098564148 305.234690507253 304.622113704681 296.74090941747 279.614130655924 280.064622561137 288.144469261169 292.36630598704 293.261567751567 283.456067244212 280.945897102356 280.142347017924 274.641136328379 272.097369035085 271.696130434672
337.911128997803 336.5824619929 338.64684899648 342.967589696248 345.058838526408 345.600684483846 346.558809280396 348.080317179362 348.338405291239 347.017844518026 347.16006120046 347.350676854451 346.054991086324 344.010233879089 342.283010482788 339.177171389262 335.965911547343 333.923856417338 333.481669425964 334.353963534037 335.841496785482 332.959135373433 328.356107076009 327.078779538472 321.975608666738 321.798741817474 321.225225925446 319.351553916931 321.591258049011 323.23557138443 324.820876121521 318.225602308909 310.455838839213 310.473004976908 301.692207654317 284.982045491536 278.578718503316 286.696434020996 292.515059312185 283.065001169841 272.317826747894 275.491833686829 275.70762236913 270.029167334239 269.590477148692 272.733370463053
338.06316057841 340.010086695353 341.010610262553 343.875050544739 344.276150067647 343.632419904073 347.303907076518 349.58803653717 348.95137945811 349.027951558431 349.088350931803 348.312656084696 346.009532610575 343.151013056437 343.393802642822 342.971046765645 338.103691736857 333.512703577677 333.353757858276 336.573839187622 334.677815437317 332.453668117523 327.672918637594 323.667645454407 318.282167116801 321.38713200887 322.4076628685 321.85955842336 323.403894901276 323.489983876546 324.090381463369 318.471272786458 311.299125353495 308.101077874502 297.937273979187 284.829139709473 279.960890611013 283.82529815038 283.880194028219 271.714687347412 268.986821174622 279.558598995209 279.061218102773 271.274348100026 270.50256729126 266.010264555613
338.175535202026 343.928217887878 344.374140103658 345.031340916951 344.079891840617 343.788663546244 346.813917160034 349.152803421021 349.150419235229 350.604852040609 348.932186762492 348.690907160441 347.019116083781 344.11342938741 341.325998306274 345.075766245524 339.700857798258 332.736869653066 332.51279592514 332.922518253326 331.097443898519 327.491958936055 323.189616203308 317.720154921214 315.280656019847 317.832112312317 317.570209503174 317.208508650462 317.599097887675 317.747493584951 320.771217346191 316.952029863993 305.464367071788 295.720418294271 273.120760917664 260.494589805603 270.779132843018 278.396546840668 276.913682619731 276.764492193858 284.665902455648 288.167357444763 272.495627403259 264.335155487061 271.790087223053 260.170817375183
339.99498685201 337.752421696981 338.0047082901 339.320222536723 342.790524164836 345.415155092875 345.769604047139 347.784837086995 347.020586331685 348.336180051168 348.559776941935 348.565340042114 346.680243810018 344.706614812215 341.965436935425 339.740633964539 338.14795811971 332.80336856842 327.253023783366 325.153450171153 322.423736254374 320.107201735179 319.286187489827 314.713637034098 314.262390136719 311.715284983317 311.999122301737 311.853567759196 308.579325675964 308.829208215078 311.727901299794 310.715933640798 288.702746232351 264.849305152893 239.471634229024 229.393144448598 243.504325548808 266.917188962301 281.375467777252 277.504821618398 277.955015500387 273.352245489756 261.066754659017 263.880034287771 268.471876780192 244.615356127421
341.911236445109 336.307962735494 333.882729212443 337.269226710002 343.049724896749 347.262064615885 346.996863683065 346.939921379089 347.369432449341 346.66911760966 345.990220705668 347.258448600769 347.092469533284 344.329595565796 341.710050900777 338.491876920064 338.620702425639 330.400844415029 324.911793073018 323.628803094228 322.420914967855 319.435238838196 317.706108093262 314.139485359192 312.538981437683 308.521370093028 307.43545293808 306.987981001536 305.365045865377 302.205840746562 296.405474344889 287.668426831563 265.915254751841 239.689866701762 231.061657269796 227.684875329336 220.937530199687 231.473902861277 246.883273124695 264.953831831614 270.149449507395 260.830859343211 256.844123204549 259.790221850077 251.223067442576 230.564475059509
342.245022455851 339.138229688009 336.252450942993 338.715473810832 344.346086184184 347.788731257121 348.453919092814 346.114595731099 347.310026486715 345.677375793457 346.439242362976 345.168511072795 346.042513847351 343.125422795614 340.189456939697 337.453802426656 336.775779724121 329.191168149312 324.906408786774 325.747768084208 325.437227884928 322.103401025136 319.582045078278 317.635953426361 314.230501651764 313.084185123444 308.662831783295 306.42028649648 303.285559018453 298.867801825206 289.846519629161 279.742916425069 257.023314634959 242.997566858927 246.838331222534 250.518520673116 244.117816289266 235.70042848587 226.569056510925 233.967105547587 249.224265416463 241.316934426626 235.013127326965 229.174594084422 225.336929162343 221.116145451864
343.868891398112 343.120773633321 340.172608693441 337.158878644307 340.27353922526 346.144874890645 346.80978457133 345.203479131063 345.015605290731 344.948768615723 347.671667734782 345.944086710612 344.44264570872 342.092752456665 338.70259920756 335.360685984294 334.873914718628 330.455362796783 325.776855150859 326.434890429179 322.924812634786 322.919567426046 321.938733259837 321.409702301025 315.615594387054 313.573102156321 309.549609820048 305.921991666158 300.145626068115 294.157306353251 289.983073870341 284.82574224472 264.440178871155 257.085541884104 260.910133520762 268.43798160553 279.596547285716 275.966584682465 260.375102361043 231.098810831706 229.107697804769 230.066398779551 227.483371893565 225.689431031545 231.346170107524 237.116773923238
345.768690109253 344.927986462911 343.838771184285 339.320341746012 336.432695388794 342.885216077169 345.913251241048 343.222737312317 342.59839852651 344.567656517029 346.046686172485 345.563650131226 341.555794080098 341.123263041178 338.869214057922 334.891041119893 335.204362869263 331.176857153575 327.43622859319 326.234777768453 324.741164843241 324.932833512624 319.318453470866 317.741970221202 315.825939178467 312.889794508616 299.762189388275 281.877239545186 277.403136094411 282.121300697327 287.9984776179 283.289174238841 266.142725944519 258.711059888204 265.369455019633 275.360226631165 291.257480780284 300.658444563548 291.759371757507 260.632912317912 234.935383001963 237.194379170736 244.357228279114 255.257487297058 265.536308288574 268.617590268453
345.186591148376 343.727429707845 344.17978922526 342.052817344666 337.625543276469 338.897466659546 343.811750411987 343.61199537913 339.797019958496 339.627981185913 340.407133102417 342.511733373006 339.336633682251 338.48496278127 338.059147198995 332.621614138285 333.803057670593 330.984393755595 327.873289585114 327.634652455648 326.879382133484 325.2867658933 321.901837984721 317.43864218394 316.496113936106 315.634767214457 300.074795881907 284.527877966563 282.153228918711 288.772861162821 294.857720534007 284.748295942942 273.885289827983 272.838115692139 284.830788771311 287.756641705831 293.79940032959 283.020377159119 250.542004903158 242.771168549856 253.972411155701 263.321618239085 258.144577344259 252.482374509176 254.110058148702 264.784157276154
339.15905157725 342.930714289347 342.82660484314 341.043551762899 337.944308916728 336.091876029968 340.940237045288 342.644691467285 340.622981389364 334.443608919779 338.470260302226 340.338389078776 338.414192199707 336.445808410645 336.070617039998 333.14573764801 329.543153444926 328.53502035141 326.782961686452 326.810717582703 326.464970906576 323.634048302968 324.232260386149 319.906771183014 318.806389967601 319.272041320801 311.996897061666 309.320727984111 305.298010508219 303.980092207591 297.030448913574 287.351568539937 283.745606740316 281.534314155579 279.362320899963 265.961110591888 246.732393900553 212.635477383931 195.956865946452 232.596476872762 268.46714814504 269.236365954081 248.602608839671 243.881622950236 256.811738014221 270.860095818837
332.612951596578 339.394489924113 339.573979377747 339.443604151408 336.315711339315 331.380804379781 336.951772371928 339.314818382263 339.255730311076 334.243814150492 336.361408233643 339.078625043233 338.488300641378 335.359136263529 335.652788480123 331.870277722677 327.285965283712 326.427936553955 323.692123095195 322.230299313863 322.961866855621 321.691771348317 320.451060930888 318.500578403473 318.356891473134 323.07243347168 323.094427585602 325.923482577006 311.249772707621 306.424041589101 299.352804819743 285.871863365173 285.356779893239 266.571621100108 238.953451315562 211.362322171529 195.78605890274 188.058237234751 184.23076470693 209.330399831136 236.51127020518 253.331224123637 250.642240047455 262.718041737874 293.4916416804 303.271969159444
