input/barkrak2/radiation/dir15024.grid
NCOLS 85 
NROWS 70 
XLLCORNER 665100 
YLLCORNER 4664600 
CELLSIZE 20 
NODATA_value -9999 
[rows 0 to 19 of 70, columns 0 to 45 of 85]
349.312782287597997 352.464596430461 352.496306101481 348.999897638957 343.942721684774 338.817596435547 330.989718437195 324.828028678894 329.718073209127 328.60936721166 325.462599595388 333.264092604319 339.580694834391 339.45631980896 342.485030492147 352.007468541463 351.982792218526 343.109528223674 333.170473575592 323.25267791748 301.677167415619 297.164857387543 314.136981964111 320.857524871826 318.190296490987 316.360890865326 315.322279930115 306.543389956156 287.976960341136 280.856231848399 279.343922932943 284.884552160899 294.918954372406 300.490101178487 307.21922715505 299.686710039775 296.805500984192 305.321594079336 303.223033746084 305.140336354574 295.007705688477 276.504158973694 286.734422047933 309.808373451233 315.187732378642 306.715230147044
342.310110727946 348.32493464152 348.554054896037 348.58246644338 346.977273623149 343.146443367004 332.622587680817 322.400569915771 325.536767641703 327.128609021505 321.930368741353 327.93649037679 336.398045221965 336.420774459839 336.184740066528 340.636889139811 341.45442644755 338.964064915975 337.130149205526 329.977611700694 314.779917399089 306.834856669108 311.786850293477 316.758314768473 316.025833288829 313.157399495443 311.351577440898 306.171317895253 291.241367657979 281.134982903798 282.446066538493 292.370160420736 291.481216748555 295.285979906718 306.087454160055 298.298935095469 291.888078053792 293.319602807363 288.321336110433 303.785741329193 301.453868548075 289.273738861084 296.24863465627 315.33145904541 320.804913838704 309.77467695872
322.073300679525 321.70299688975 326.966861883799 332.285364468892 336.450378100077 337.551514307658 338.817516962687 335.943460464478 332.7863017718 329.495390256246 321.340560913086 321.798582871755 329.974015553792 332.326292991638 328.084111213684 331.422547499339 335.830132166545 340.534130732218 341.21044476827 336.68577671051 332.211911678314 323.00478219986 315.444529056549 314.188838005066 315.358678499858 315.904498100281 310.438990592957 303.850054740906 292.786657810211 280.977149804433 279.049297173818 291.777014732361 279.072244962056 286.300977071126 301.362713177999 295.640687147776 280.788739522298 273.161133130391 286.311825116475 303.713321685791 305.186907450358 305.151204268138 307.109991709391 321.074068546295 330.470045407613 316.597878932953
303.458789984385 302.361925443013 305.397629737854 304.647982120514 307.749966780345 312.588334083557 315.94971815745 324.072162310282 332.122921943665 336.880803108215 333.723584810893 331.732233365377 332.602500915527 331.845800081889 328.230261802673 322.249253590902 325.454433759054 330.801049868266 336.680293083191 338.038523991903 335.350314776103 332.466244697571 330.993215243022 324.69650109609 322.819828987122 323.820948600769 318.606475989024 309.576769669851 301.612019538879 292.231778303782 282.725135485331 290.775815645854 279.666701952616 286.048889160156 292.668720086416 293.813645839691 287.316044171651 284.898022810618 303.197065989176 315.297961235046 312.463919321696 304.613212744395 300.905823707581 309.127966562907 320.500572522481 322.621941566467
319.56535577774 303.977767626445 287.609736124674 279.560148715973 282.786329587301 294.847965240479 309.723218282064 316.586335500081 322.777112325033 325.802425543467 334.498325983683 340.183695157369 341.836531956991 341.318845748901 338.845491409302 335.53942044576 333.613316218058 328.859269618988 331.349750359853 336.018562316895 335.363467534383 335.117101669312 338.746070861816 333.28781525294 328.50048939387 327.747186024984 322.955191135406 314.229846000671 305.743257204692 300.346255302429 299.119691054026 297.7694272995 291.084448496501 293.121079603831 290.692845980326 294.435381889343 304.353654384613 309.798618157705 318.328380584717 323.300401369731 321.081320444743 313.64901860555 306.233445803324 302.482008934021 308.086713155111 327.468752861023
342.169006665548 322.055379549662 302.321334679921 284.498115380605 275.855541229248 283.509850502014 303.812503814697 315.644999345144 317.992647488912 317.19430287679 323.601722717285 331.16074403127 335.861682891846 337.642033894857 340.344866116842 341.22093518575 337.806145350138 330.695430437724 329.582591851552 332.922677199046 332.516193389893 335.678656895955 341.376781463623 338.617920875549 334.745804468791 333.127915859222 327.251692612966 318.34485133489 308.244427045186 301.642795403798 301.679770151774 298.52561155955 302.639325459798 308.287878831228 303.207755088806 300.507962703705 308.721443017324 315.989911556244 319.618701934814 319.694042205811 320.517182350159 316.701451937358 314.031322797139 313.236594200134 311.889747778575 316.194792588552
345.665613810221 336.312651634216 325.485229492188 312.072217464447 295.250634352366 283.293942610423 289.763867855072 310.787796974182 319.63978211085 324.613670508067 322.961390018463 319.71808274587 316.03479385376 313.636720180511 315.176328023275 324.509342511495 330.184618631999 335.619926452637 337.618311246236 338.071982065837 334.29741859436 330.682019392649 337.530255317688 339.723547299703 337.882836659749 338.799158732096 335.379997889201 327.87557442983 317.860186100006 311.141232649485 307.033797105153 308.435320854187 321.610728899638 326.787034670512 324.680924415588 317.998607953389 316.494623819987 319.789926211039 322.9092558225 328.13173532486 328.052202860514 323.969999949137 320.187052090963 314.639468987783 299.497127532959 293.239593505859
343.076666196187 342.27991104126 339.648604393005 333.237906297048 320.39749622345 298.900564511617 279.738108317057 281.422714392344 307.931959629059 324.354370435079 327.563802401225 325.030068556468 319.797098636627 313.991189002991 305.565158526103 306.800047556559 316.42480691274 325.056334336599 336.157441139221 341.997385025024 341.068267822266 335.089206695557 335.40681997935 338.727235794067 338.842352231344 340.646068255107 339.890082677205 335.796475410461 329.42670583725 325.700322786967 323.320170243581 324.388186136882 333.482185999552 336.174885431925 335.731387138367 332.134048144023 326.88961426417 322.993059953054 317.179103692373 322.915931542714 330.634852250417 334.282318751017 333.418925603231 325.066924095154 309.016585350037 293.376922607422
339.865644772847 340.543349583944 340.632239977519 338.784098625183 333.662112553914 322.881281375885 302.822748819987 279.920856157939 287.655293941498 306.797126928965 320.838252703349 325.286229451497 325.486083825429 324.214816093445 318.723897139231 314.432044823964 311.466793219248 314.580917358398 323.738793532054 333.47741762797 339.215517044067 341.323932011922 339.521010716756 337.026834487915 337.592999140422 340.751647949219 341.203927993774 339.375734329224 337.096134821574 337.894439697266 338.507413864136 338.007847468058 340.028484662374 341.379245122274 338.40270837148 336.70433362325 333.270668983459 325.30931631724 312.123994032542 315.019607543945 329.979042212168 334.268093109131 331.437488396962 327.132920424143 318.151354789734 308.823645114899
329.990446567535 334.034323692322 336.468656857808 336.584726969401 335.512717564901 335.000117619832 328.188856442769 316.686371962229 293.499827384949 286.970178286235 297.012865543365 315.065383911133 327.479243278503 331.957976023356 333.642999331156 330.195327599843 321.523249149323 318.437218666077 317.989945411682 318.932731946309 324.501713116964 328.328192234039 330.734292666117 332.500517368317 335.333903630575 337.552348772685 339.299003283183 338.136831919352 337.158044179281 339.741388956706 340.609788894653 340.629021326701 343.216737111409 344.293514887492 342.558741569519 338.802615801493 337.086160977681 332.663019498189 314.80340162913 311.570803324382 325.017333030701 327.005644639333 325.265129407247 323.056121667226 314.863363901774 305.570224920909
299.193501472473 308.92143646876 316.755493481954 322.057286898295 327.175875504812 331.367115179698 333.562254905701 333.113133907318 316.109299659729 297.334710756938 286.094605922699 292.798240979513 313.135623931885 328.166425228119 335.137526194255 330.437302589417 326.71594619751 323.490719000498 318.651000658671 313.878575960795 314.156492551168 313.929557800293 315.626899401347 322.966893513997 328.792154788971 331.98759953181 333.59432220459 333.113710085551 335.142135620117 337.656815846761 338.783979415894 340.611577033997 344.583113988241 345.248937606812 343.113899230957 340.820511182149 340.058247248332 339.966098467509 328.856746355693 317.535201708476 321.78395986557 325.475692749023 327.08466053009 326.760490735372 319.213648637136 310.638844966888
266.061882177989 270.569841066996 277.689178784688 287.706474463145 299.966136614482 311.784426371257 323.849101861318 327.587862809499 328.461905320485 320.673406124115 302.891572316488 287.148912747701 288.990914821625 307.263791561127 323.353807131449 324.040770530701 328.636010487874 327.635804812113 322.288771470388 315.661211808523 311.038494110107 308.579961458842 308.644672234853 314.141809940338 319.177587827047 321.845332781474 322.693407535553 325.246274471283 329.051534334819 331.593990325928 333.931048711141 337.463061014811 340.332388877869 341.389377911886 340.23912747701 339.566946029663 341.923634211222 343.758106231689 340.988914171855 331.975976626078 330.020527044932 333.003958066305 335.727294286092 335.563143094381 329.465965429942 326.852361361186
256.586730480194 251.871466636658 250.746270020803 250.777840614319 256.762464841207 271.115938822428 292.619168758392 308.902621269226 326.963146527608 329.341053962708 322.728792826335 307.217796643575 285.47324736913 283.559799194336 302.193919817607 319.440404574076 328.812658786774 330.096304416656 327.668825785319 322.727878888448 317.059735457102 316.115101178487 314.942836761475 315.613210201263 315.270523230235 314.160247643789 317.153096199036 322.823246320089 324.178000291189 325.072248776754 328.089396158854 331.647197405497 333.340883255005 333.371798197428 333.953420321147 336.367885271708 342.010219891866 345.113197962443 343.723058700562 343.038161595662 341.28193060557 340.768019358317 340.233643849691 339.607040087382 333.539843559265 330.652515093486
251.554886500041 226.652264595032 210.892736911774 205.620686213175 203.015546003977 208.864549795787 227.858543395996 259.374638398488 291.944821675618 316.596766312917 326.783657073975 327.83180475235 316.625595092773 297.234316666921 295.193394025167 314.606885115306 325.521508852641 331.504821777344 334.664742151896 333.096186319987 327.084263165792 324.895222981771 322.87206252416 321.96436325709 321.118891239166 319.227576255798 321.795264879862 327.000300089518 325.949092706044 321.68169816335 325.430432955424 328.800896803538 330.220222473145 330.538630485535 331.270098686218 335.176269213359 338.724295298258 340.913812319438 341.331362724304 340.583841005961 341.43058458964 342.608491579692 343.380689620972 341.180801391602 336.325883865356 332.294841607412
235.981702804565 201.746503512065 179.670015970866 175.491789976756 175.135890642802 179.879665374756 188.150763511658 211.495916048686 237.921595573425 282.694021860758 322.999119758606 338.109890619914 339.979648590088 331.480701764425 313.470959663391 310.303966204325 314.628601074219 324.925939242045 333.526889483134 336.573521296183 335.988998413086 332.982798417409 331.923007965088 330.357909202576 326.634248097738 325.191497802734 327.632864316305 328.868647416433 323.969741662343 321.848829587301 325.448632240295 327.592273553212 327.848056952159 328.0255595843 330.255091190338 332.597196102142 332.812428474426 332.233468691508 333.754460016886 332.773566246033 335.642735163371 339.163303375244 341.415445009867 339.933633804321 336.310187975566 334.602276484172
201.304356257121 176.200668017069 160.109490156174 156.496783097585 172.378977139791 194.085081418355 192.316671212514 198.615431785583 219.241579373678 246.85800075531 294.001320997874 335.398276646932 345.02387046814 343.989928563436 334.85472202301 315.860072771708 308.084229628245 309.977253278096 320.81534465154 335.323969523112 339.35821056366 336.639881134033 337.55882581075 334.816296895345 330.541670322418 330.611824989319 332.479993502299 330.018202463786 324.856082598368 327.278872330983 329.3749888738 329.018811384837 327.342510223389 325.931509335836 326.384663581848 325.993915398916 325.007239977519 321.319003899892 322.847942511241 323.921581109365 326.094408830007 329.496065775553 331.031680107117 330.130894978841 332.967003186544 334.934075673421
177.805225054423 168.285429477692 157.474011182785 148.485392332077 152.92888879776 176.439066727956 195.636848608653 199.621697266897 212.463716665904 226.598719755809 249.360342820485 300.36073923111 340.246597925822 342.981894810994 340.569376945496 335.784792900085 329.540510972341 319.471776485443 312.38200267156 319.341758886973 333.604733149211 338.321407636007 339.951197306315 337.665637334188 333.945353825887 334.877888361613 337.850332260132 334.427277247111 331.144293149312 334.831436475118 335.561712582906 329.493363698324 326.114078362783 324.296891689301 320.373257001241 319.610079129537 316.869139671326 314.993222554525 315.307358900706 317.527035872142 318.438569704692 320.458610852559 322.243332862854 323.898156483968 331.213732560476 334.865808486938
169.279833634694 172.447979450226 171.752015749613 160.104056199392 143.923739592234 152.843157450358 184.360861778259 200.489262739817 219.012161095937 229.762097199758 238.652984301249 264.723002910614 312.854131062826 339.440902074178 342.901508013407 343.618233998617 343.025048573812 337.204813957214 325.566013654073 314.244170983632 320.85120677948 336.323102315267 337.583462397258 336.484988530477 336.727539698283 340.310335159302 342.61421362559 340.859373410543 338.36297194163 339.352488517761 336.592475573222 330.464045206706 327.044804890951 323.353826999664 319.576780001322 316.831688086192 315.387348333995 315.670708815257 314.583361148834 315.998276074727 317.897379398346 319.11563873291 318.055788675944 320.902824401855 327.827076117198 333.316485087077
178.711513678233 189.634362856547 196.937958399455 188.130180040995 167.870064576467 163.910885651906 184.490342934926 204.571922620138 223.241170247396 245.855569839478 252.428750197093 261.60720984141 286.852955818176 320.786913235982 337.876439094543 342.180013656616 342.818180720011 342.188994089762 340.37172794342 330.859859784444 318.297266960144 327.390472094218 331.774274508158 335.281054178874 339.879115422567 343.556880950928 345.10064125061 343.645771344503 339.531660079956 339.022318522135 334.90788936615 330.789883931478 327.209095160166 323.697408040365 321.451564629873 318.693697452545 317.634065945943 315.858582655589 315.285801887512 317.532340685527 319.462577501933 320.540010929108 320.213794708252 321.213185787201 322.444796562195 330.738266309102
191.851099332174 197.077254454295 209.673980871836 222.731570402781 209.014117717743 180.141667524974 182.723124821981 193.386713663737 213.365395863851 237.559258937836 250.069797039032 254.31744257609 266.476551691691 282.699167728424 311.328093210856 334.88917350769 337.600111961365 339.158654212952 339.28390343984 339.120348294576 334.906498591105 326.783855756124 327.4747133255 332.874139149984 338.026642799377 342.471917470296 345.222234725952 343.271851539612 337.546110153198 336.774706840515 333.233714103699 328.225572903951 324.853777885437 323.817034562429 322.669665018717 320.081810156504 318.35550069809 312.078098456065 310.891052087148 317.096650600433 321.601768334707 321.717162926992 323.437690734863 323.36429754893 321.683208147685 326.758960882823
