input/barkrak2/radiation/dir10224.grid
NCOLS 85 
NROWS 70 
XLLCORNER 665100 
YLLCORNER 4664600 
CELLSIZE 20 
NODATA_value -9999 
[rows 40 to 59 of 70, columns 0 to 45 of 85]
242.15970436732 244.263350963593 244.140009085337 246.2544242541 253.885746002197 259.677370389303 263.387799263 268.574992815654 266.0244901975 253.417988618215 237.06465959549 230.799198150635 231.220463911692 227.137724558512 225.714226563772 221.140444278717 223.386267820994 219.273547331492 215.912242730459 211.818198362986 215.794086456299 222.939292589823 224.118908246358 219.213922818502 214.855869611104 214.374244213104 223.917146523794 226.677596569061 229.293366273244 230.686505635579 230.007608731588 233.574489752452 227.802157402039 231.314321358999 259.551425774892 259.13401444753 246.832430362701 239.523331324259 242.216169834137 246.718128522237 260.082205136617 282.370507717133 258.386413256327 180.647075176239 116.533666849136 86.0640605290731
249.82742468516 247.712234656016 247.955044110616 246.684054533641 241.51482184728 241.912623246511 239.669283231099 238.724827766418 241.841475168864 235.689381758372 224.488536516825 227.59743531545 228.222131729126 228.642602761587 225.442290306091 221.712668736776 218.118230501811 224.95315472285 225.626846154531 218.755046526591 220.277190208435 221.057891845703 221.609512964884 223.098198572795 223.347624142965 217.580159505208 222.625255584717 228.044331073761 229.469736417135 230.503877003988 233.058273792267 233.694513638814 229.059954484304 242.190539836884 255.263944466909 245.969335238139 228.259841601054 221.189916133881 223.449567953746 234.47573184967 265.214006106059 279.252469539642 269.468426704407 226.788600285848 159.176011880239 116.406788428624
251.150091489156 249.725143114726 251.289029916128 249.017198880514 243.113040924072 241.090774536133 236.411333084106 233.103315035502 231.840193271637 229.603826999664 226.506213347117 223.9963610967 228.264053662618 230.796754360199 230.689446131388 226.487497488658 224.008043607076 228.371441364288 229.480703671773 223.16563129425 219.885488351186 218.314925829569 216.306070486704 217.351078987122 221.308946609497 217.218895753225 213.56467405955 221.201598644257 225.608627001444 228.009482224782 228.549639383952 226.627389589945 231.423576672872 247.846345106761 252.993007500966 230.706334114075 213.746647040049 214.880426724752 223.678688208262 237.47448126475 247.936685880025 248.71955315272 236.655175685883 215.730508168538 168.099999427795 109.519561131795
236.745198567708 238.214612007141 246.138215065002 244.068880875905 245.548049608866 247.719744841258 246.68296178182 241.02646112442 231.077233950297 230.1065325737 231.904586156209 226.154108842214 226.791659990946 229.654212792714 229.181528091431 228.846629460653 226.765116055806 229.845146338145 229.414979616801 224.821805953979 218.590120474497 215.945760409037 212.829033533732 211.040496826172 213.35502465566 218.785087267558 212.990383307139 215.211590131124 220.037857691447 223.405003547668 221.455494562785 217.483719189962 226.076722145081 239.401360352834 237.706243991852 215.988596280416 210.105756918589 221.291740735372 234.914580980937 238.306721051534 234.355608622233 230.403502782186 221.472859382629 200.16884803772 164.635499318441 115.543931722641
234.850684801737 238.782842954 241.954783598582 243.212898572286 243.762095769246 246.239384015401 245.323657989502 242.057144641876 237.544178962708 231.646100680033 233.484148979187 229.247113068899 224.064985911051 223.647971947988 222.541153430939 223.141392072042 217.963318030039 223.921020825704 224.952797094981 223.288695017497 220.239440600077 218.083759148916 216.389815012614 215.567568937937 212.207555770874 222.734888394674 225.206315517426 222.031076749166 221.291879812876 221.218446890513 215.569178263346 211.674809455872 216.432631015778 219.281216462453 216.952343781789 210.034807523092 214.209377765656 228.823939959208 238.08761437734 232.329587141673 231.680770715078 223.672429720561 213.510811328888 196.878890196482 170.479913552602 133.520980676015
238.887310028076 243.396083513896 240.068952242533 243.669728438059 242.542048295339 241.457720597585 243.091364701589 241.884589195251 241.481820742289 235.431651274363 234.380702177684 233.578642209371 227.542440096537 223.819772402445 221.603572368622 223.996261755625 217.934866746267 219.878852367401 224.772810935974 224.300026893616 220.8225329717 219.800810019175 219.45454676946 219.321032365163 219.375332196554 218.522051970164 227.172990640004 225.219527880351 222.635130087535 222.312966982524 216.672499974569 212.115327517192 213.662882645925 209.729373455048 201.922694842021 196.616013844808 205.398837725321 223.59565893809 227.611184120178 214.405337969462 218.974471092224 211.353500684102 204.817672570546 204.22104994456 195.931494235992 161.793152491252
238.189419110616 238.865852355957 241.957247257233 244.362195332845 243.23308467865 242.907881736755 244.767467180888 245.262046655019 242.058535416921 238.836884498596 237.503290176392 235.075354576111 231.842378775279 227.456331253052 226.917624473572 229.260087013245 224.649012088776 219.630698362986 225.598295529683 225.876847902934 222.293595472972 222.379724184672 222.246448198954 217.618902524312 224.818527698517 218.381285667419 221.380909283956 223.138292630514 222.416679064433 222.780267397563 219.781875610352 215.692023436228 212.573369344076 208.513696988424 202.93124516805 197.606643040975 203.377266724904 215.279857317607 215.57613213857 213.810523351034 216.43602848053 206.646879514058 208.918213844299 217.893123626709 216.551085313161 185.48979361852
232.571721076965 233.650108178457 239.452024300893 241.843481858571 244.218687216441 245.375196139018 243.458966414134 242.496510346731 242.521663506826 242.440044879913 239.467024803162 234.696368376414 233.522534370422 231.802880764008 229.246517022451 227.332711219788 224.924127260844 217.461784680684 222.256978352865 225.594083468119 221.533675988515 223.033984502157 224.599758783976 216.008305549622 219.281156857808 219.103654225667 215.904752413432 219.416975975037 221.578081448873 221.529344717662 221.085707346598 219.322085380554 212.883969148 213.303208351135 218.861778577169 214.657008647919 212.374130884806 211.692909399668 215.29487768809 225.884000460307 218.30670038859 208.335558573405 214.612464110057 219.384094079336 215.423425038656 196.958581606547
225.175937016805 226.968983809153 233.066419760386 237.266441186269 242.10915962855 245.775779088338 243.294835090637 240.258673826853 243.159333864848 243.354936440786 242.13057756424 236.735026041667 234.881679217021 234.00749762853 231.642723083496 225.821892420451 225.768685340881 217.775940895081 221.161464850108 225.300192832947 225.569943586985 223.871429761251 224.564929803212 221.603453159332 218.90397866567 222.437659899394 218.225200970968 223.123550415039 228.42268149058 230.732321739197 234.14679368337 234.544972578684 223.421454429626 226.075828075409 228.943824768066 225.961009661357 224.781652291616 220.65536181132 219.731390476227 223.813792069753 213.294982910156 206.348240375519 202.886680761973 200.196782747904 198.063989480337 195.834219455719
223.922967910767 220.072070757548 225.189884503682 233.730296293894 238.006711006165 241.902569929759 243.523856004079 245.478510856628 245.878259340922 241.286476453145 243.619024753571 243.551095326742 238.344649473826 234.358568986257 233.083268006643 227.864583333333 226.635217666626 220.934808254242 223.413685957591 230.526447296143 231.24905427297 229.802449544271 225.889960924784 225.031177202861 220.609267552694 226.715981960297 227.014025052389 228.746215502421 234.645287195841 243.1667248408 249.283492565155 248.837033907572 239.670674006144 235.980947812398 230.952799320221 229.333380858103 229.296147823334 230.102340380351 224.778612454732 212.024172147115 200.545946756999 202.903628349304 201.044678688049 195.354501406352 192.36429532369 195.529262224833
225.121219952901 225.847681363424 228.230496247609 235.330621401469 235.680143038432 237.126549084981 243.288954099019 247.791608174642 247.778336207072 245.483060677846 245.257496833801 243.943254152934 240.599890549978 236.765364805857 233.452200889587 237.089196840922 228.354454040527 225.919385751088 226.380964120229 232.396006584167 235.042373339335 232.014258702596 228.068927923838 226.311326026917 221.531093120575 229.79478041331 233.062883218129 233.66117477417 238.148152828217 245.406905810038 254.608352979024 256.317953268687 247.227092583974 238.149444262187 225.336273511251 220.700840155284 225.237727165222 231.949090957642 223.788658777873 203.197598457336 196.334719657898 206.19926850001 207.869966824849 201.653957366943 195.86326678594 188.999275366465
223.386208216349 233.270525932312 233.985702196757 237.569828828176 235.969642798106 235.236565272013 240.466793378194 246.142268180847 246.050377686818 248.565375804901 247.130692005157 245.259384314219 241.460641225179 236.865480740865 233.530720074972 241.202036539714 233.903249104818 225.72135925293 225.136935710907 228.899578253428 229.582726955414 229.663074016571 227.368056774139 223.24941555659 220.49335638682 222.125967343648 226.491888364156 227.185765902201 229.231258233388 235.662341117859 244.860311349233 251.664419968923 241.246104240417 218.758861223857 181.860089302063 177.816967169444 198.536078135173 217.967867851257 224.544723828634 223.770221074422 222.667098045349 215.391914049784 198.708256085714 193.602502346039 201.546132564545 189.327975114187
224.568764368693 223.600506782532 222.700655460358 227.342744668325 233.501374721527 237.541735172272 236.017982165019 242.728273073832 241.107761859894 245.081762472788 244.726936022441 246.71882390976 246.77828947703 240.288396676381 234.681328137716 235.904653867086 236.444135506948 227.681835492452 219.862500826518 223.814566930135 221.238076686859 221.976021925608 221.997002760569 218.101322650909 218.859314918518 215.813398361206 217.179516951243 218.043426672618 217.873275279999 219.640413920085 223.129312197367 234.611848990122 219.765444596608 190.282305081685 157.639215389887 139.121154944102 152.272880077362 182.50302473704 213.413755098979 223.222196102142 224.640309810638 211.213052272797 190.954804420471 188.284715016683 192.716638247172 179.029027620951
229.997913042704 220.228413740794 215.869108835856 221.592426300049 232.050836086273 240.496516227722 239.702741305033 240.430017312368 241.256177425385 241.197625796 242.692450682322 245.489041010539 246.238986651103 244.397083918254 236.812512079875 236.206392447154 237.300972143809 227.112929026286 222.044765949249 225.566804409027 224.628249804179 221.150636672974 219.254533449809 214.892824490865 213.783959547679 214.38729763031 213.809053103129 214.093804359436 210.312485694885 206.512808799744 197.189052899679 201.899449030558 190.106113751729 170.832653840383 156.086633602778 139.584680398305 123.712986707687 133.03749759992 156.371086835861 188.799182573954 205.778102080027 194.853027661641 186.042865117391 185.643633206685 175.449907779694 164.648036162059
231.52357339859 225.364923477173 219.481567541758 223.482231299082 232.029517491659 240.819950898488 242.515583833059 240.198294321696 244.308650493622 241.170744101206 243.200858434041 245.256364345551 245.76723575592 247.242430845896 239.414215087891 238.126297791799 239.77933327357 231.361488501231 225.699881712596 229.531327883402 229.593376318614 225.069940090179 222.098708152771 220.567842324575 216.500918070475 215.590755144755 213.432312011719 213.070611159007 206.843256950378 199.771205584208 189.998825391134 190.822045008341 182.603458563487 178.910255432129 180.892586708069 173.839688301086 150.562733411789 134.939730167389 126.670897006989 137.920429309209 171.148061752319 173.497080802917 163.344164689382 150.30508240064 147.488623857498 152.864535649618
235.023637612661 232.599258422852 226.153651873271 220.782260100047 226.02246205012 238.806049029032 240.976651509603 240.122675895691 239.739676316579 243.809203306834 249.521553516388 249.325553576152 247.242987155914 248.136560122172 242.602507273356 242.774208386739 242.731789747874 237.032930056254 232.86775747935 230.500598748525 230.646073818207 226.481298605601 226.454297701518 227.243602275848 222.583810488383 217.745145161947 212.041238943736 201.872150103251 195.372839768728 194.243987401327 193.14165910085 196.178197860718 189.844310283661 197.368820508321 205.389479796092 208.951115608215 205.505907535553 190.484702587128 171.210507551829 136.264781157176 142.058958609899 158.769865830739 157.653351624807 147.379179795583 150.377382834752 165.843109289805
237.284282843272 236.109832922618 232.91556040446 224.422633647919 223.631739616394 234.410663445791 240.746756394704 240.126490592957 238.574941953023 243.176897366842 251.5949010849 251.305520534515 246.884206930796 248.960216840108 246.382057666779 241.85186624527 243.383745352427 238.018532594045 232.650637626648 233.169833819071 229.562342166901 230.227748552958 224.104503790538 222.3814924558 217.561364173889 213.584899902344 195.705850919088 174.290140469869 169.928193092346 177.126149336497 186.948696772257 192.803243796031 188.95431359609 193.414469559987 204.788585503896 221.712648868561 233.358124891917 234.48916276296 228.746652603149 180.531561374664 147.316883007685 162.720968325933 177.818655967712 185.054977734884 190.119942029317 202.305674552917
237.85674571991 233.848929405212 234.834551811218 232.732713222504 225.84589322408 229.848484198252 240.331927935282 240.823845068614 238.202432791392 240.224003791809 247.71644671758 250.588854153951 245.319763819377 247.012257575989 245.872557163239 238.566716512044 238.656719525655 235.05707581838 231.173912684123 231.589078903198 233.817299207052 232.628206411997 227.784931659698 218.989272912343 218.299031257629 218.701879183451 201.091865698496 177.859167257945 174.672424793243 183.401882648468 194.640199343363 197.103142738342 200.241466363271 207.19321568807 220.757762591044 225.680470466614 224.170525868734 193.748513857524 180.018802483877 175.91381072998 178.613742192586 192.229847113291 191.084027290344 177.087505658468 167.885184288025 186.02987130483
227.559844652812 233.475208282471 232.199887434642 232.752124468486 228.429118792216 227.047562599182 239.361822605133 243.329664071401 238.221148649851 238.458613554637 244.011441866557 247.351209322611 246.48396174113 241.242150465647 243.533949057261 239.207784334819 234.204808870951 234.354039033254 235.633174578349 236.696143945058 237.379272778829 233.442842960358 231.542627016703 225.283284982046 224.385778109233 227.827111879985 222.954750061035 214.670201142629 211.592415968577 212.357262770335 211.066703001658 206.253568331401 211.987137794495 217.979232470194 217.453102270762 206.03883266449 185.701866944631 136.022220055262 113.017817338308 147.533357143402 187.222500642141 198.232253392537 190.181791782379 179.154276847839 176.055292288462 185.355226198832
215.367197990417 229.234178860982 231.358369191488 230.086843172709 230.062027772268 224.797209103902 232.77759552002 242.163042227427 247.311174869537 242.643336455027 243.173480033875 246.482610702515 246.583938598633 244.089961051941 242.693543434143 239.970147609711 235.676606496175 233.64261786143 230.65972328186 228.606303532918 230.411946773529 229.335606098175 228.301465511322 226.464172204336 227.469623088837 234.798351923625 242.96623468399 243.772586186727 228.207568327586 228.043536345164 215.837597846985 206.403831640879 211.192309856415 196.462333202362 168.283959229787 140.180776516596 129.264295101166 114.748368660609 98.8388260205587 110.153406858444 133.91105333964 166.379471619924 188.987553119659 210.449655850728 234.853367010752 236.031492551168
