input/barkrak2/radiation/dir15224.grid
NCOLS 85 
NROWS 70 
XLLCORNER 665100 
YLLCORNER 4664600 
CELLSIZE 20 
NODATA_value -9999 
[rows 40 to 59 of 70, columns 0 to 45 of 85]
336.091677347819 336.844046910604 336.801091829936 338.518381118774 342.892130215963 345.751047134399 347.98002243042 350.004315376282 350.695093472799 344.313343365987 334.798773129781 331.455330053965 328.493396441142 326.830009619395 324.265042940776 323.380887508392 322.364548842112 320.036292076111 314.651687939962 312.782565752665 315.117458502452 317.695041497548 318.21087996165 313.600381215413 310.255328814189 307.269692420959 313.309947649638 314.9520556132 313.157816727956 312.70706653595 312.356690565745 308.038592338562 284.229954083761 279.863516489665 301.20058854421 301.604072252909 292.465806007385 292.153577009837 292.530437310537 281.562129656474 290.509184201558 328.920483589172 345.051447550456 298.541009426117 238.250215848287 194.260855515798
340.535521507263 338.893810908 339.05029296875 339.649240175883 337.735374768575 336.391687393188 336.193561553955 337.366382280986 339.927911758423 333.900888760885 329.214851061503 329.543908437093 330.871303876241 330.139636993408 328.225652376811 325.764298439026 319.884975751241 324.020485083262 324.633876482646 319.847325483958 320.285439491272 320.57797908783 318.562606970469 318.913360436757 320.065875848134 314.050356547038 316.47390127182 316.799998283386 315.762480099996 316.087285677592 314.680377642314 309.012353420258 290.865778923035 291.346609592438 302.372137705485 293.193141619364 278.958956400553 278.855045636495 285.97503900528 291.143635908763 306.141157944997 318.789124488831 330.38192987442 325.871189435323 280.323882897695 231.409112612406
342.096964518229 340.600331624349 342.398047447205 341.84459845225 337.769548098246 336.330970128377 336.080471674601 334.592541058858 334.186832110087 331.342279911041 329.562822977702 328.550934791565 331.257979075114 332.689921061198 330.25054136912 327.336688836416 325.7155418396 328.267534573873 328.69831720988 323.047955830892 320.399324099223 320.448517799377 317.06311305364 317.505935827891 319.639841715495 316.23109181722 312.54106760025 312.908331553141 314.13209438324 314.912696679433 313.069760799408 305.980145931244 297.841270764669 300.186415513357 299.513339996338 282.571156819661 267.366250356038 272.995114326477 287.67987092336 300.18937587738 308.555543422699 306.81049823761 302.266538143158 304.953416188558 287.497897942861 236.652791500092
334.261695543925 336.080630620321 340.48056602478 338.834484418233 339.742143948873 341.323773066203 341.22375647227 338.896830876668 333.275596300761 331.748962402344 333.074927330017 330.002148946126 330.574075380961 330.959697564443 330.424726009369 329.095304012299 328.828752040863 329.255362351735 328.648149967194 325.801889101664 321.367899576823 318.748156229655 316.057622432709 314.820408821106 315.733154614766 317.342003186544 312.587638696035 311.498065789541 312.96185652415 311.58580382665 307.946880658468 300.803502400716 301.054437955221 302.477618058523 290.636420249939 267.977714538574 263.190984725952 277.0756483078 296.208500862122 301.084518432617 300.771752993266 296.5087890625 288.566331068675 285.022834936778 276.14821990331 243.688642978668
334.058920542399 337.783734003703 339.243650436401 339.054981867472 339.213291803996 340.436538060506 340.823968251546 338.317116101583 335.728645324707 333.861629168193 334.157387415568 331.916213035583 328.854242960612 327.19353834788 327.392319838206 326.573729515076 323.162198066711 328.289071718852 328.495025634766 326.028287410736 322.358767191569 320.090015729268 318.647921085358 318.184435367584 313.612997531891 318.657755851746 317.789932092031 314.726134141286 312.809745470683 309.940715630849 303.668916225433 298.454642295837 297.392884890238 293.433666229248 281.358182430267 265.49756526947 267.044027646383 283.086041609446 298.223813374837 295.879900455475 296.941856543223 289.833962917328 277.364452679952 271.367748578389 269.273638725281 256.575167179108
338.059147198995 340.512990951538 338.285803794861 339.224696159363 338.394403457642 338.578144709269 338.882366816203 338.356455167135 338.82212638855 335.959235827128 335.674126942952 334.498206774394 330.879588921865 328.365921974182 326.855758825938 329.583704471588 324.726859728495 325.895031293233 328.449527422587 326.62300268809 323.913931846619 322.537044684092 319.369157155355 319.006403287252 318.67790222168 317.613879839579 319.089929262797 316.561500231425 311.785598595937 310.007830460866 303.593317667643 299.026866753896 295.782407124837 287.111818790436 273.380279541016 259.153028329213 264.824112256368 282.53295024236 289.93292649587 283.114592234294 288.269460201263 280.463059743245 268.940647443136 271.266341209412 279.9298564593 269.035279750824
338.061372439067 338.873346646627 339.57302570343 339.780569076538 339.458306630452 339.031457901001 340.064605077108 340.394496917725 338.948567708333 337.887326876322 337.567528088888 337.315519650777 334.468762079875 331.779996554057 331.74471060435 333.077390988668 330.384612083435 325.752000013987 329.065601030986 327.538688977559 323.312381903331 324.303209781647 321.298658847809 316.052218278249 320.305724938711 315.556804339091 315.359234809875 314.998904863993 311.484177907308 308.460513750712 303.712685902913 299.982448418935 294.221679369609 284.024834632874 271.338740984599 260.744094848633 268.18726460139 281.093060970306 279.416561126709 280.956308046977 287.233153978984 276.393095652262 272.577027479808 279.792944590251 287.874162197113 277.588208516439
334.688941637675 335.544029871623 338.605999946594 338.470220565796 340.036948521932 341.156403223674 339.04496828715 338.68400255839 338.89365196228 339.99224503835 338.676293690999 335.962414741516 335.312763849894 335.558851559957 333.325068155924 331.969300905863 330.440203348796 324.320594469706 325.494925181071 325.79243183136 322.757363319397 320.439398288727 322.881857554118 314.942479133606 316.725671291351 314.041415850321 309.735139211019 309.160649776459 309.186557928721 305.880983670553 304.318328698476 300.615151723226 292.111178239187 289.176106452942 282.822171847026 271.1168328921 273.226141929626 279.710551102956 281.794170538584 288.785835107168 285.84760427475 278.260807196299 280.584653218587 281.836410363515 281.012376149495 271.639188130697
330.592632293701 331.963698069255 335.230628649394 336.365103721619 339.062809944153 340.656439463298 338.915944099426 337.531526883443 340.059598286947 341.415603955587 339.702765146891 337.879776954651 336.328268051147 335.890690485636 333.426157633464 330.880999565125 328.219095865885 322.964827219645 324.886421362559 325.342754522959 325.383941332499 322.457849979401 322.51505057017 316.71009461085 312.392115592957 314.278225104014 308.801054954529 308.013637860616 313.790222009023 311.485707759857 311.279396216075 308.36546421051 298.511505126953 299.280643463135 293.025175730387 276.760041713715 276.956458886464 283.745388189952 287.714898586273 288.295785586039 278.740783532461 275.595446427663 274.779895941416 269.675572713216 267.111738522847 266.650676727295
329.970896244049 327.002962430318 330.079555511475 334.889809290568 337.257226308187 338.685035705566 339.805523554484 340.805212656657 341.751297314962 340.260903040568 340.526898701986 340.724945068359 338.297406832377 336.036483446757 334.150989850362 330.776254336039 328.760981559753 323.412954807281 324.711481730143 325.846632321676 325.834274291992 324.479381243388 319.604714711507 316.127260526021 310.73252360026 313.042104244232 314.625362555186 312.91796763738 315.575977166494 317.764341831207 318.437457084656 313.896298408508 305.782834688822 304.253935813904 297.11119333903 281.826297442118 276.080548763275 283.295313517253 287.579317887624 278.739015261332 267.401019732157 270.536045233409 270.34721771876 264.903604984283 264.132916927338 267.50107606252
329.505980014801 331.533531347911 332.585434118907 336.603204409281 336.312691370646 336.461424827576 340.547482172648 343.100786209106 342.464526494344 342.513521512349 341.757853825887 340.933124224345 338.323752085368 335.140864054362 334.185361862183 335.03003915151 329.668800036112 324.76286093394 322.752118110657 328.271746635437 326.369802157084 322.098314762115 316.841502984365 312.469124794006 311.4000360171 314.850231011709 313.90126546224 313.440839449565 315.398693084717 318.226277828217 321.42565647761 314.737518628438 306.39241139094 304.649770259857 293.964803218842 280.831694602966 276.932994524638 281.367619832357 279.95495001475 267.308195432027 263.900399208069 275.112589200338 273.845156033834 266.194681326548 265.41276772817 261.440555254618
329.484979311625 335.774024327596 336.270531018575 337.869604428609 336.850007375081 335.810899734497 339.932719866435 341.872294743856 341.861049334208 343.494137128194 341.660102208455 340.49916267395 338.491479555766 335.032184918721 331.681211789449 336.049675941467 329.997003078461 324.018637339274 321.806530157725 322.431286176046 320.619165897369 316.73256556193 314.248303572337 310.83885828654 308.352530002594 308.742841084798 311.077813307444 310.836255550385 311.41875187556 312.000075976054 315.736452738444 313.066899776459 300.966103871663 290.983100732168 267.015775044759 254.530866940816 265.842815240224 274.761954943339 274.096588293711 273.84873231252 280.828436215719 282.752931118011 267.256041367849 259.46573416392 267.63645807902 255.946636199951
330.598513285319 329.934597015381 330.162882804871 331.624448299408 335.428714752197 337.549924850464 337.893088658651 340.270479520162 339.427709579468 340.905825297038 340.309500694275 340.315659840902 340.3133948644 335.713267326355 332.375367482503 330.036838849386 328.287800153096 322.129726409912 316.090861956279 314.01264667511 313.260555267334 313.060402870178 312.341948350271 307.575027147929 307.259202003479 304.642935593923 305.052975813548 302.628080050151 301.814277966817 302.235225836436 305.496533711751 307.221055030823 284.522692362467 260.169605414073 233.328064282735 222.43199745814 236.163735389709 261.335651079814 277.604520320892 274.110833803813 275.093833605448 269.431074460347 255.813916524251 258.547226587931 263.354023297628 240.499317646027
334.295074144999 327.45103041331 325.717071692149 329.348723093669 335.685173670451 339.558839797974 339.240431785583 338.396390279134 338.835080464681 337.929964065552 339.409669240316 338.716785113017 338.649034500122 335.32194296519 332.125663757324 326.942761739095 325.238267580668 319.554269313812 315.756102403005 316.595753033956 315.418283144633 312.373201052348 310.617645581563 306.949734687805 305.407484372457 303.745269775391 302.732626597087 299.968918164571 298.35706949234 295.104404290517 289.088884989421 282.78907140096 260.057171185811 235.046327114105 225.268006324768 220.617572466532 212.752858797709 223.291575908661 239.679435888926 260.508378346761 266.688704490662 256.777385870616 252.012312412262 254.985908667246 246.36971950531 226.199607054392
334.651072820028 331.272880236308 328.282992045085 330.989142258962 335.282246271769 339.193264643351 339.961647987366 337.384939193726 339.716116587321 336.781064669291 337.658127148946 336.219747861226 336.029926935832 335.387309392293 328.742245833079 327.467560768127 326.807240645091 320.409993330638 315.847078959147 318.93926858902 316.595832506816 315.188686052958 312.610407670339 310.718019803365 304.843803246816 306.104938189189 304.060975710551 299.348791440328 298.389077186584 289.430499076843 280.454317728678 274.318257967631 252.041717370351 238.800644874573 242.322285970052 244.85965569814 236.551880836487 226.351380348206 217.287123203278 226.348876953125 243.680755297343 236.822366714478 230.016509691874 223.275860150655 219.080607096354 216.302851835887
336.434523264567 335.596640904744 331.623236338298 327.237963676453 330.598831176758 338.24896812439 339.071393013 336.312135060628 336.005767186483 337.151527404785 337.591568628947 337.065974871318 333.984096844991 334.48847134908 330.627183119456 327.10721095403 328.528881072998 323.976079622904 319.098850091298 317.575712998708 316.083053747813 316.078245639801 312.978208065033 314.846456050873 308.889349301656 306.797703107198 302.551746368408 296.41071955363 290.583074092865 284.801483154297 282.625317573547 279.546538988749 259.524385134379 253.426452477773 257.630050182343 264.759918053945 274.464289347331 269.507845242818 252.700169881185 223.299543062846 222.597459952037 225.039780139923 222.403943538666 219.648977120717 225.023567676544 232.018291950226
337.914824485779 336.926658948263 334.803422292074 329.63232199351 327.658812204997 333.333571751912 335.952242215474 335.211277008057 331.780433654785 333.730181058248 335.448622703552 335.153460502625 333.800077438354 333.394408226013 330.926219622294 326.582014560699 328.896721204122 324.726998806 320.816616217295 319.555222988129 318.050801753998 316.136161486308 312.629759311676 311.03245417277 309.053997198741 305.963516235352 292.118350664775 273.601472377777 269.087572892507 274.133880933126 282.362520694733 277.788798014323 261.02602481842 254.547556241353 261.939724286397 272.603730360667 288.418968518575 295.725444952647 286.661783854167 254.670143127441 228.127757708232 231.541017691294 239.897052447001 250.351389249166 260.187069574992 264.20666774114
336.71228090922 335.595726966858 336.015701293945 332.573533058167 326.14787419637 328.850428263346 333.267092704773 333.159963289897 328.305602073669 327.832857767741 332.475980122884 334.871053695679 331.396639347076 332.204242547353 331.934134165446 326.057374477386 325.479924678802 322.462340195974 321.273287137349 318.99106502533 320.445319016774 316.645741462708 315.34343957901 310.641884803772 309.719185034434 308.900674184163 292.838215827942 274.892330169678 275.935053825378 280.921737353007 287.629008293152 278.11199426651 268.672506014506 268.741170565287 281.636496384939 285.118798414866 290.673951307933 276.06334288915 246.115903059642 238.128383954366 248.46891562144 258.872628211975 253.998239835103 246.812005837758 247.831722100576 259.045720100403
329.451342423757 333.10608069102 332.47047662735 331.386983394623 324.797828992208 322.591880957286 329.699138800303 333.272993564606 329.124768575033 325.942774613698 330.307265122732 334.052046140035 332.06832408905 328.207910060883 327.900449434916 326.589584350586 320.880353450775 321.967879931132 320.30858596166 320.455491542816 320.226073265076 317.262768745422 317.841430505117 310.984194278717 312.20006942749 312.929252783457 305.785775184631 302.616695562998 298.573931058248 294.840753078461 292.809009552002 282.866279284159 280.23374080658 278.177936871846 275.87902545929 261.70406738917 243.033091227214 206.892271836599 188.938359419505 225.896934668223 262.285927931468 265.337506930033 245.157361030579 239.485204219818 250.751892725627 264.408568541209
322.542607784271 330.758154392242 329.781909783681 326.791981856028 324.315230051676 320.496082305908 324.950635433197 331.046938896179 332.917054494222 327.95520623525 329.90300655365 331.114729245504 330.558717250824 327.102859814962 327.432215213776 325.329720973969 320.541858673096 319.767574469248 316.992978254954 315.462549527486 316.32141272227 315.069397290548 313.84813785553 311.903119087219 311.890721321106 317.110975583394 317.976891994476 318.683902422587 305.324335892995 303.111771742503 293.134431044261 281.457384427388 278.624633948008 261.947095394135 234.379529953003 202.828367551168 191.105922063192 182.181835174561 176.8838763237 200.711647669474 227.38250096639 247.012515862783 246.791064739227 259.735941886902 290.102322896322 299.426178137461
