input/barkrak2/radiation/dir12124.grid
NCOLS 85 
NROWS 70 
XLLCORNER 665100 
YLLCORNER 4664600 
CELLSIZE 20 
NODATA_value -9999 
[rows 0 to 19 of 70, columns 0 to 45 of 85]
309.782028198242017 316.635290781657 321.311593055725 326.191425323486 326.950331528982 324.503898620605 318.017860253652 312.061667442322 315.562466780345 315.714836120605 313.478052616119 318.182249863942 321.082214514414 321.263909339905 323.22225968043 322.401722272237 317.694226900737 310.206691424052 306.90743525823 296.017289161682 278.992811838786 281.76079193751 302.848339080811 310.305635134379 307.997743288676 309.505979220072 309.762477874756 298.776268959045 279.116094112396 275.059103965759 271.861712137858 283.586084842682 305.244167645772 303.61266930898 310.045460859935 301.571428775787 302.328169345856 311.999440193176 301.442503929138 309.405386447906 299.115339914958 288.387874762217 298.046271006266 312.719066937764 315.439065297445 310.284654299418
289.712528387706 300.501604874929 310.146331787109 318.977296352386 324.646989504496 323.55264822642 317.245324452718 310.776074727376 315.829594930013 316.947042942047 312.045256296794 315.65535068512 320.928990840912 321.581105391185 321.383158365885 321.855445702871 319.512883822123 315.79981247584 312.603155771891 302.237570285797 293.186883131663 295.318802197774 306.089043617249 310.625592867533 311.185081799825 310.82010269165 308.43851963679 300.363262494405 283.646901448568 275.312066078186 276.560684045156 293.452481428782 302.242557207743 302.652259667714 309.97089544932 301.467855771383 300.002674261729 303.409953912099 299.619893232981 309.538046518962 306.869149208069 297.683397928874 301.961521307627 314.687629540761 318.263590335846 313.071668148041
259.472489356995 270.620187123617 280.950764815013 289.405504862467 300.315161546071 307.334383328756 310.852468013763 314.137717088064 316.146373748779 313.835819562276 308.460195859273 310.487945874532 319.420019785563 322.684327761332 319.512208302816 323.452432950338 326.709806919098 325.717488924662 320.212999979655 313.265005747477 313.611507415771 311.699012915293 309.342821439107 309.744199117025 312.711815039317 313.215295473735 306.318342685699 298.503398895264 286.164879798889 276.995917161306 279.342532157898 298.146148522695 294.275601704915 299.77156718572 309.389392534892 303.021013736725 294.03817653656 290.515939394633 297.823150952657 309.834162394206 308.138489723206 305.300911267598 302.566011746724 312.521457672119 323.377231756846 318.746566772461
244.625528653463 244.775950908661 252.216994762421 258.824447790782 266.068975130717 269.912083943685 275.614003340403 287.032067775726 300.732453664144 309.91796652476 312.511285146077 317.087014516195 322.52311706543 324.286778767904 322.550614674886 320.665895938873 322.062333424886 321.197390556335 319.545904795329 318.120042483012 315.967679023743 313.604394594828 316.998203595479 315.060178438822 313.573777675629 315.266986687978 310.686906178792 302.293717861176 295.818130175273 289.337893327077 283.330003420512 299.521406491597 294.803182284037 298.742294311523 302.639961242676 303.993264834086 299.824714660645 297.381301720937 309.033592542013 314.414660135905 308.835287888845 300.362964471181 296.068032582601 306.805769602458 320.568203926086 320.41339079539
263.469854990641 249.588708082835 238.533953825633 229.940990606944 234.259525934855 249.152700106303 267.02344417572 275.701264540354 283.909479777018 288.882692654928 303.002774715424 315.915743509928 322.967410087585 325.691282749176 326.231380303701 325.737635294596 321.845630804698 314.673225084941 314.425408840179 317.058682441711 314.794659614563 313.568433125814 319.923400878906 318.405052026113 315.787196159363 317.390481630961 313.321749369303 306.241929531097 299.319684505463 295.042792956034 297.103941440582 306.559602419535 301.841795444489 304.095586140951 300.712784131368 303.210198879242 310.700615247091 313.552538553874 316.555698712667 317.274371782939 314.742147922516 308.418432871501 304.544965426127 305.44380346934 310.683449109395 318.609396616618
300.340533256531 278.282205263774 255.168994267782 234.300931294759 226.342399915059 235.62095562617 258.732159932454 273.108760515849 276.300688584646 276.441673437754 285.010397434235 295.583685239156 301.958878835042 306.633750597636 311.82458003362 315.396726131439 313.093503316243 309.280931949615 311.205188433329 315.592924753825 315.633575121562 318.822602430979 323.122402032216 321.411569913228 319.398601849874 320.422331492106 316.139280796051 309.85689163208 302.091956138611 297.841986020406 303.387363751729 308.037757873535 309.237599372864 313.050051530202 308.286627133687 305.545926094055 310.950954755147 315.008997917175 314.112981160482 314.453383286794 315.047999223073 311.241110165914 309.952477614085 310.060818990072 305.536866188049 300.135890642802
315.118054548899 298.921167850494 282.623926798503 265.236258506775 246.818860371908 235.161662101746 241.116881370544 267.147382100423 278.282324473063 284.901261329651 282.629589239756 278.347531954447 274.859746297201 271.011710166931 272.979458173116 285.348037878672 294.04999812444 305.317143599192 314.44259484609 319.765667120616 319.203098615011 317.388474941254 322.118957837423 322.766721248627 322.233239809672 323.078254858653 321.351250012716 316.914200782776 309.883375962575 307.330926259359 309.213578701019 313.969711462657 322.349607944489 324.244817097982 321.458717187246 314.813733100891 313.450276851654 314.167300860087 314.976632595062 317.557136217753 315.885583559672 312.228679656982 311.259786287944 307.847241560618 293.314834435781 286.685427029928
317.450622717539 312.65644232432 305.831213792165 295.038600762685 277.223110198975 251.170118649801 231.628239154816 231.071631113688 261.937936147054 283.076127370199 289.036591847738 285.70689757665 278.637131055196 270.877162615458 260.329047838847 262.483199437459 273.128390312195 286.190927028656 303.171416123708 315.110961596171 319.261352221171 318.338175614675 321.147799491882 322.205106417338 321.642518043518 322.686870892843 322.530647118886 320.033172766368 315.734326839447 316.648602485657 319.088896115621 321.48269812266 326.606909434001 326.554199059804 323.373913764954 319.541335105896 316.847264766693 312.382320562998 306.309958299001 305.393437544505 310.568292935689 316.151976585388 320.944825808207 317.555010318756 304.535746574402 294.47211821874
312.368830045064 312.782645225525 310.915907224019 306.146562099457 296.995679537455 280.59717019399 255.2463610967 229.156096776327 241.15002155304 261.164565881093 278.340439001719 285.353859265645 286.377628644307 284.403681755066 275.790890057882 269.939680894216 267.690141995748 270.658592383067 282.613853613536 296.249190966288 307.309150695801 314.218839009603 316.969335079193 314.261178175608 315.152446428935 317.255814870199 318.249901135763 317.4849152565 316.626270612081 320.984264214834 323.830326398214 323.229988416036 324.019273122152 324.223577976227 321.978151798248 320.759495099386 318.02886724472 311.605989933014 300.335764884949 301.08388264974 316.02680683136 324.201703071594 325.052420298258 320.759495099386 311.643064022064 303.91788482666
292.902906735738 299.969136714935 303.489168485006 303.570489088694 301.333487033844 299.313187599182 287.826915582021 272.724409898122 245.321830113729 237.122217814128 249.863743782043 270.849108695984 287.924885749817 295.392096042633 296.970089276632 291.069289048513 279.142955938975 275.021135807037 273.471891880035 276.326775550842 283.586661020915 289.391954739888 295.439561208089 299.827257792155 305.115004380544 307.407756646474 308.962126572927 308.693369229635 309.300680955251 313.814540704091 314.96000289917 315.337717533112 319.696485996246 322.741627693176 322.250088055929 319.526573022207 317.157864570618 314.677119255066 301.458795865377 302.95197168986 318.687280019124 322.814305623372 321.501473585765 317.867537339528 308.809638023376 301.365911960602
250.800470511119 262.896776199341 273.372292518616 281.695326169332 289.131542046865 295.223116874695 297.32620716095 293.646772702535 271.604438622793 249.041716257731 236.069798469543 243.475516637166 266.913692156474 287.629008293152 298.614084720612 291.342357794444 285.55428981781 280.350903669993 273.803909619649 268.215715885162 268.553137779236 268.66869131724 271.58127228419 282.103180885315 291.480223337809 296.953618526459 298.680404822032 298.587481180827 302.472372849782 306.279242038727 308.308978875478 310.980677604675 317.452788352966 319.288512070974 318.452417850494 316.792209943136 318.112909793854 320.027152697245 313.117504119873 311.329245567322 318.314830462138 321.349044640859 322.219570477804 321.108380953471 314.032872517904 308.780233065287
212.065974871318 217.158337434133 225.300451119741 236.948510011037 251.609444618225 266.222973664602 281.858344872793 286.983529726664 287.882169087728 276.298264662425 253.772934277852 235.381205876668 237.753987312317 259.129861990611 280.845582485199 283.09158484141 288.727343082428 286.511381467183 278.766830762227 269.976019859314 263.378421465556 260.972778002421 261.109670003255 269.029180208842 276.154398918152 280.124882857005 282.437841097514 285.964687665304 291.390995184581 295.102794965108 298.638065656026 303.16150188446 308.170994122823 309.456467628479 309.03551975886 309.591829776764 315.46938419342 321.144302686055 320.992211500804 320.412198702494 321.695764859517 324.204703172048 324.930508931478 323.340157667796 318.034609158834 316.051801045736
201.003571351369 196.220179398855 194.533884525299 193.957289059957 201.562841733297 217.597206433614 241.248687108358 260.92008749644 285.451988379161 289.170702298482 279.335618019104 259.015917778015 233.419279257456 231.266478697459 252.903501192729 275.379697481791 288.281659285227 290.373106797536 286.61435842514 279.381215572357 271.95527156194 270.423988501231 270.019213358561 270.800530910492 270.978391170502 270.174860954285 273.878415425618 281.330307324727 283.713658650716 284.88423426946 289.05047972997 293.638984362284 295.327405134837 296.741704146067 297.689855098724 301.508843898773 310.102144877116 317.354738712311 318.300684293111 320.909857749939 322.346786657969 322.555641333262 321.840564409892 321.78274790446 316.396772861481 314.606567223867
195.619583129883 167.351384957631 150.662849346797 144.984354575475 143.31399401029 149.668802817663 169.039090474447 203.512012958527 240.363121032715 271.931489308675 286.719421545664 286.79758310318 270.740310351054 247.515996297201 244.980613390605 268.195986747742 281.716704368591 292.140444119771 297.23846912384 294.350783030192 285.444319248199 282.69100189209 279.931823412577 279.007911682129 278.583467006683 276.593784491221 279.358426729838 286.417742570241 285.788595676422 280.672073364258 285.374581813812 289.191504319509 290.719926357269 291.050016880035 293.819049994151 298.659761746724 303.526401519775 307.467679182688 309.415618578593 310.438672701518 312.512040138245 315.78661998113 319.095730781555 320.58839003245 315.593043963114 314.467012882233
178.026080131531 140.038281679153 116.642336050669 112.961669762929 113.34623893102 118.317544460297 127.741396427155 155.532995859782 182.110965251923 229.820887247721 278.512318929036 301.062961419423 303.640743096669 289.130409558614 267.153799533844 263.221402963003 268.216192722321 280.612786610921 294.683814048767 300.725996494293 299.323081970215 294.564624627431 292.700926462809 290.001432100932 286.726852258046 284.732381502787 286.855638027191 288.665513197581 283.86922677358 280.290563901265 283.846000830332 287.906070550283 288.101514180501 287.372330824534 290.546953678131 293.751239776611 295.354882876078 293.578048547109 296.570460001628 296.858310699463 300.458470980326 306.101600329081 310.133099555969 310.857196648916 309.153974056244 309.851388136546
154.191414515177 126.526206731796 97.4277357260386 93.0334329605103 108.940343062083 133.040110270182 135.746022065481 143.594344456991 166.191359361013 195.403238137563 242.750446001689 295.593361059825 312.551220258077 310.22322177887 295.294761657715 269.728541374207 260.045230388641 262.405137221018 277.537127335866 296.94656531016 304.784556229909 300.859232743581 301.762044429779 297.131578127543 291.574199994405 291.942218939463 294.509053230286 290.671666463216 285.468796888987 287.82590230306 289.073268572489 288.568536440531 286.222358544668 284.388164679209 285.052895545959 284.514844417572 282.949447631836 278.568744659424 280.965805053711 282.627165317535 286.70601050059 290.549953778585 292.915244897207 293.814142545064 299.981474876404 303.783893585205
134.128948052724 124.718278646469 99.9573667844137 84.1463208198547 88.7530247370402 115.434914827347 135.054588317871 145.110656817754 161.79750363032 177.198052406311 201.259175936381 254.24579779307 295.814792315165 311.131119728088 307.856758435567 297.667463620504 287.672201792399 274.597366650899 265.917579332987 275.814374287923 294.741988182068 303.620298703512 306.284228960673 302.753090858459 297.116974989573 298.068583011627 301.629384358724 298.092643419902 294.573585192362 298.947334289551 298.462907473246 289.696375528971 284.85361735026 281.854629516602 277.109026908875 276.154637336731 272.403140862783 271.306077639262 270.995179812113 273.973206679026 276.32866303126 278.959969679515 281.418005625407 282.806197802226 295.529584089915 301.871021588643
126.401245594025 129.215151071548 119.316468636195 96.2538917859395 81.5015335877736 101.837158203125 130.326807498932 150.277237097422 170.765141646067 181.872804959615 191.821157932281 215.81761042277 253.196994463603 276.795029640198 307.294805844625 312.639017899831 309.888780117035 299.069662888845 282.251079877218 268.032590548197 277.922670046488 298.189600308736 301.974892616272 302.078366279602 302.470584710439 306.50266011556 309.622009595235 307.998855908712 305.314222971598 306.42314751943 301.895995934804 292.905608812968 286.871373653412 281.058430671692 275.88427066803 273.439665635427 271.385550498962 270.764231681824 270.813743273417 272.652506828308 274.093727270762 275.641322135925 275.781055291494 278.33092212677 287.962436676025 298.022051652273
134.254356225332 143.854141235352 146.870960791906 126.310090223948 106.522272030512 119.949181874593 138.29297820727 159.843097130458 178.876837094625 201.369086901347 210.927923520406 217.595100402832 237.500508626302 249.966522057851 269.637902577718 289.320468902588 309.833168983459 308.381974697113 304.054896036784 289.466381072998 273.076812426249 284.675637880961 290.927052497864 298.286219437917 306.049247582753 311.544517676036 313.922345638275 313.71549765269 308.721820513407 307.211438814799 301.34904384613 295.579274495443 288.82618745168 282.368381818136 278.75276406606 274.882733821869 274.250408013662 271.827161312103 270.368734995524 273.233572642008 276.957352956136 277.509689331055 277.09956963857 279.775500297546 280.273596445719 291.774173577627
143.505523602168 147.748023271561 160.53369641304 163.534750541051 149.605333805084 139.956633249919 141.727228959401 154.247939586639 172.408282756805 194.372177124023 209.774176279704 208.133459091187 213.16130956014 222.411513328552 242.741088072459 265.976111094157 275.940736134847 291.746576627096 303.854087988536 302.601913611094 295.224606990814 283.973753452301 284.918407599131 292.751371860504 301.24298731486 308.493653933207 313.474873701731 313.144644101461 306.531965732574 305.575370788574 300.600151220957 293.82981856664 287.751893202464 283.959488073985 280.906240145365 277.01731522878 274.223208427429 267.122328281403 265.535215536753 272.413472334544 278.178532918294 279.889365037282 281.266748905182 280.913154284159 277.466456095378 286.053399244944
