input/barkrak2/radiation/dir17124.grid
NCOLS 85 
NROWS 70 
XLLCORNER 665100 
YLLCORNER 4664600 
CELLSIZE 20 
NODATA_value -9999 
[rows 0 to 19 of 70, columns 0 to 45 of 85]
357.332587242126010 359.179178873698 357.649048169454 351.928313573201 345.576246579488 340.688625971476 332.590460777283 326.405624548594 331.631938616435 330.14444510142 326.84987783432 335.249304771423 342.17099348704 341.966032981873 344.99728679657 356.008251508077 360.559145609538 360.13134320577 341.768225034078 330.280184745789 305.954019228617 299.539307753245 315.248648325602 321.608185768127 317.890107631683 314.618011315664 314.641276995341 306.542813777924 288.48652044932 280.860801537832 280.052065849304 283.573528130849 290.495276451111 296.09489440918 305.013597011566 297.57038752238 293.6718861262 301.313042640686 299.023350079854 301.891585191091 292.047301928202 271.797021230062 282.236417134603 309.720635414124 315.356294314067 305.383622646332
351.848721504211 356.724262237549 358.373641967773 353.511969248454 350.582520167033 345.883131027222 334.903319676717 323.667724927266 326.277097066243 328.18869749705 322.879413763682 329.878449440002 339.692989985148 341.299891471863 340.27377764384 348.095337549845 344.593048095703 342.698295911153 342.788934707642 335.726857185364 319.055279095968 308.11866124471 312.053461869558 317.649483680725 316.013693809509 311.671475569407 310.124397277832 305.855651696523 291.596253712972 281.029224395752 282.228986422221 290.405750274658 286.407093207041 289.729495843252 303.392310937246 295.560797055562 288.011650244395 290.343721707662 286.932090918223 300.225953261058 298.518439133962 285.547216733297 292.999744415283 313.937226931254 320.30322154363 308.269818623861
334.36377843221 335.474570592244 337.773442268372 340.1038646698 347.067912419637 348.104914029439 347.101847330729 341.353217760722 335.382223129272 331.083675225576 322.888414065043 322.998642921448 330.821951230367 332.840541998545 328.891535600026 332.268337408702 336.020429929097 340.624888737996 342.948357264201 341.449936230977 335.752328236898 324.936429659526 315.541744232178 313.735842704773 315.589904785156 315.618793169657 310.173193613688 304.148316383362 292.874296506246 280.206720034281 277.193427085876 288.446585337321 275.205830732981 282.380958398183 297.88080851237 292.046328385671 275.853673617045 268.706103165944 281.106511751811 299.912889798482 302.643299102783 303.54118347168 306.098262468974 321.626702944438 332.121471563975 317.396263281504
320.902764797211 315.588514010112 318.580090999603 322.342872619629 323.766827583313 327.010413010915 325.45260588328 331.811686356862 339.300870895386 341.954191525777 337.35990524292 333.676099777222 332.740247249603 331.746300061544 327.668070793152 321.409106254578 325.053850809733 331.066727638245 338.069836298625 340.421676635742 338.392972946167 335.433880488078 333.320458730062 326.297183831533 323.755164941152 325.60274998347 319.344798723857 310.421466827393 301.430801550547 291.163007418315 280.738313992818 286.780834197998 274.017333984375 280.883570512136 288.61661752065 289.795915285746 282.935738563538 279.658595720927 298.52686325709 313.799321651459 311.237970987956 304.186781247457 299.899776776632 308.002829551697 320.203463236491 322.419842084249
331.414341926575 319.246490796407 309.519251187642 300.813476244609 296.096205711365 306.308070818583 320.193548997243 325.324376424154 330.955823262533 334.519147872925 341.546575228373 345.194458961487 344.694495201111 343.097607294718 339.079101880391 336.731990178426 334.948857625326 331.154068311055 334.240595499674 339.621861775716 338.824033737183 338.159322738647 340.077559153239 335.121035575867 330.211202303569 329.377770423889 323.763310909271 314.608673254649 305.598318576813 300.022820631663 297.916690508525 294.026255607605 286.158939202627 289.099951585134 286.883632342021 290.687680244446 301.368455092112 306.702097256978 317.190607388814 323.195993900299 321.255048116048 313.41685851415 304.592609405518 299.935301144918 305.912872155507 328.2603820165
353.171706199646 340.777238210042 320.971608161926 297.268489996592 288.335522015889 295.517603556315 314.836084842682 325.763344764709 327.818830808004 327.048460642497 332.892795403798 339.551011721293 343.54821840922 344.802260398865 346.727927525838 345.899144808451 342.220942179362 334.59464708964 332.691768805186 335.789362589518 335.550864537557 338.568886121114 343.890070915222 340.271790822347 335.676431655884 334.742546081543 328.29612493515 318.710108598073 307.917634646098 300.759891668956 299.537460009257 294.838786125183 299.801349639893 306.458572546641 300.259391466777 297.454516092936 305.949330329895 313.467303911845 318.432052930196 318.738559881846 319.816807905833 316.142678260803 313.281059265137 312.056024869283 311.186790466309 318.708995978038
354.6515305837 346.565961837769 334.601481755575 321.688334147135 307.046631971995 295.378883679708 301.577130953471 322.662512461344 329.411188761393 332.824766635895 331.331610679626 328.412214914958 325.982928276062 323.82986942927 324.013670285543 333.675305048625 337.519407272339 341.532150904338 342.206041018168 341.351707776388 336.642583211263 332.323292891185 340.044101079305 342.143019040426 339.990377426147 340.668400128682 337.20588684082 328.913629055023 318.173130353292 310.407479604085 304.573853810628 305.108745892843 319.340129693349 326.291839281718 324.024935563405 316.677093505859 315.162817637126 319.313585758209 323.040207227071 329.072992006938 329.46374018987 325.18192132314 321.03423277537 314.575254917145 299.442092577616 293.202141920726
347.839832305908 348.54797522227 347.703496615092 342.743158340454 331.622024377187 311.886529127757 293.651163578033 292.294283707937 317.591706911723 332.785546779633 336.503267288208 334.163904190063 329.456845919291 324.260453383128 315.264105796814 317.550222078959 325.407286485036 334.102392196655 343.492190043132 346.855282783508 344.698309898376 337.561766306559 337.177356084188 341.023127237956 341.32460753123 343.802253405253 342.313170433044 338.284055391947 331.224024295807 326.335489749908 322.302142779032 322.984059651693 333.884040514628 337.304790814718 337.187528610229 332.937677701314 327.03955968221 323.789179325104 317.831079165141 325.778484344482 333.983222643534 337.227741877238 335.219462712606 324.885527292887 307.799855868022 291.215856870015
345.978657404582 346.745014190674 347.569664319356 346.737623214722 342.440605163574 333.606322606405 314.088662465413 292.238970597585 299.608031908671 316.121578216553 330.721894900004 334.39036210378 333.681384722392 332.584222157796 327.740987141927 323.66414864858 322.033762931824 323.622385660807 333.25715859731 340.670347213745 346.321225166321 346.270640691121 343.852202097575 341.377019882202 341.802954673767 344.75040435791 345.716714859009 343.556046485901 340.850432713826 340.713620185852 340.120236078898 339.003682136536 341.802000999451 343.273282051086 341.466307640076 338.995099067688 335.834264755249 327.495674292247 313.397030035655 316.930969556173 331.942121187846 334.331353505452 330.104470252991 326.545814673106 317.532420158386 308.280189832052
338.63377571106 341.854294141134 343.500216801961 343.304355939229 342.749238014221 343.315839767456 337.427695592244 327.042738596598 305.177628993988 299.120624860128 308.622936407725 325.446089108785 336.482326189677 340.095599492391 341.821432113647 339.094678560893 331.364631652832 327.385703722636 326.88162724177 328.89598608017 333.947738011678 336.218595504761 338.667194048564 339.640220006307 341.272513071696 343.303283055623 344.992558161418 343.168457349141 342.858711878459 344.912608464559 345.706860224406 345.626672108968 347.113291422526 348.493297894796 346.215923627218 342.042565345764 340.35325050354 335.332791010539 316.921869913737 312.101682027181 324.839115142822 325.114289919535 322.995404402415 322.144548098246 314.106245835622 304.801881313324
311.479131380717 320.425033569336 326.828281084696 331.881960233053 336.261709531148 339.442849159241 341.710567474365 341.899712880452 327.75350411733 308.991591135661 298.298935095469 303.285380204519 322.662194569906 336.449901262919 342.442472775777 338.417609532674 335.176189740499 332.266966501872 327.746192614237 324.411710103353 323.431114355723 323.360065619151 324.921488761902 331.514736016591 336.498737335205 339.581608772278 340.514302253723 339.99498685201 341.561039288839 343.67835521698 344.55664952596 346.097747484843 349.237044652303 350.2490123113 348.654786745707 345.354398091634 344.03383731842 343.394637107849 331.041276454926 317.418932914734 320.671935876211 324.403325716654 326.193809509277 326.075196266174 318.372209866842 309.239228566488
279.355426629384 283.676584561666 290.472865104675 299.984673659007 311.515212059021 322.502891222636 333.528121312459 336.86641852061 337.739149729411 329.881767431895 313.243349393209 298.02672068278 299.631178379059 315.879225730896 333.021581172943 333.300232887268 337.576111157735 336.900591850281 332.224269707998 325.042128562927 320.815523465474 318.601250648499 318.667948246002 324.560860792796 328.184982140859 331.188142299652 332.385381062826 334.647138913472 337.371428807576 339.579582214355 341.575781504313 344.806671142578 348.153948783875 348.888317743937 346.711079279582 345.719655354818 347.102880477905 347.873528798421 344.276269276937 333.355704943339 330.398460229238 333.715597788493 336.477160453796 336.645166079203 330.22286494573 327.92325814565
270.363926887512 266.685326894124 264.727771282196 264.769077301025 271.479070186615 285.340627034505 304.878453413645 319.177945454915 336.520195007324 337.711016337077 332.647422949473 318.508883317312 296.429693698883 296.073873837789 312.622288862864 329.548319180806 337.911009788513 338.972171147664 336.916089057922 332.615633805593 327.458004156748 326.501429080963 325.305143992106 325.9397149086 325.471679369609 324.295143286387 327.074488004049 332.225322723389 333.997011184692 334.812045097351 336.78142229716 340.030392011007 341.703295707703 342.52667427063 341.836373011271 343.853910764058 348.644296328227 350.600759188334 348.787824312846 347.009698549906 344.40024693807 343.559622764587 343.180537223816 342.442115147909 336.437463760376 333.165546258291
266.240318616231 242.11057027181 226.767679055532 221.736788749695 219.362437725067 223.94722700119 241.077462832133 271.523952484131 302.890737851461 327.060262362162 335.89506149292 336.48959795634 327.234268188477 308.960715929667 307.060996691386 325.35723845164 335.304220517476 341.020901997884 343.55616569519 341.684103012085 336.488366127014 334.471066792806 332.659661769867 332.669854164124 330.806771914164 328.961888949076 331.451257069906 336.12072467804 334.972659746806 331.847985585531 335.388620694478 337.632417678833 339.004874229431 339.316447575887 340.607722600301 343.108375867208 346.259117126465 347.964723904928 347.979227701823 346.954147020976 347.261031468709 347.861011823018 347.93750445048 344.917217890422 340.081453323364 335.192561149597
249.57682689031 216.99599424998 195.885101954142 192.077298959096 191.949168841044 194.169421990712 202.163974444071 225.692868232727 251.979351043701 295.529425144196 333.196918169657 346.230347951253 347.754279772441 340.826749801636 324.183881282806 321.242690086365 325.377583503723 334.813992182414 342.133442560832 344.364762306213 344.002246856689 341.488718986511 340.65047899882 339.395761489868 336.458762486776 334.95024840037 336.79473400116 337.868849436442 332.998394966125 331.279496351878 334.850827852885 336.645563443502 336.922764778137 337.132056554159 339.09285068512 341.182947158813 341.275850931803 340.750336647034 341.880162556966 341.680526733398 343.204577763875 346.12238407135 347.874482472738 345.806121826172 341.708580652873 339.367349942525
214.9751385053 191.349466641744 176.336963971456 173.436522483826 188.312927881877 207.960287729899 207.271218299866 212.469339370728 232.625404993693 262.18060652415 305.740316708883 344.241380691528 351.856708526611 351.031064987183 344.611008961995 326.527754465739 319.31326786677 321.06626033783 332.136193911235 344.658414522807 347.398797671 344.413956006368 345.327138900757 343.110958735148 339.22012646993 339.21213944753 341.821869214376 338.784774144491 333.688974380493 336.104949315389 338.396072387695 338.082869847616 336.599230766296 335.290233294169 335.68533261617 335.337360699971 334.50714747111 331.018924713135 332.315325737 333.227733771006 336.159904797872 338.109572728475 339.41376209259 339.164853096008 339.964787165324 341.421524683634
188.899636268616 180.279453595479 173.429608345032 165.800193945567 169.331649939219 192.304491996765 210.46515305837 213.075776894887 227.118492126465 238.782525062561 261.008640130361 311.601201693217 348.418156305949 349.674145380656 347.517569859823 344.897866249084 340.040683746338 329.762180646261 323.136289914449 330.857157707214 343.019763628642 345.792094866435 347.130179405212 345.200300216675 342.026472091675 342.944264411926 345.728317896525 343.168059984843 339.17228380839 342.640002568563 343.680103619893 338.385105133057 335.42263507843 333.927273750305 330.239415168762 329.534788926442 327.079713344574 326.368749141693 325.479606787364 327.483654022217 329.367200533549 331.2060435613 331.656495730082 333.133339881897 339.146534601847 342.032273610433
180.893222490946 184.782107671102 186.505794525146 178.041597207387 161.511977513631 167.857110500336 197.534839312236 212.460160255432 230.504234631856 241.244435310364 249.735633532206 277.573963006337 324.0634004275 347.719271977742 349.79776541392 350.668748219808 350.852290789286 346.426288286845 335.415283838908 324.924429257711 332.250873247782 344.70804532369 345.301747322083 343.898256619771 344.098726908366 347.524007161458 349.584420522054 347.816546758016 345.39786974589 346.329013506571 344.616055488586 338.7610912323 336.062828699748 332.96012878418 329.582850138346 327.877720197042 325.695037841797 326.005816459656 325.928250948588 327.186644077301 327.909469604492 329.030096530914 327.895224094391 330.542027950287 335.525512695312 341.151833534241
190.942088762919 201.643367608388 210.169196128845 205.652912457784 185.178995132446 176.240722338359 198.234438896179 215.290586153666 233.380079269409 255.597492059072 261.656721433004 271.254380544027 301.496605078379 332.709093888601 346.28693262736 349.931160608927 350.368658701579 349.9968846639 348.255435625712 340.152502059937 328.687191009521 337.066849072774 339.957396189372 343.390305836995 347.103158632914 350.255250930786 351.557652155558 349.789420763652 345.955769220988 345.720330874125 342.586278915405 338.883320490519 336.228688557943 333.052118619283 331.183969974518 328.741133213043 328.753093878428 326.183577378591 325.630982716878 327.696124712626 329.362034797668 330.325921376546 330.025871594747 330.842077732086 331.959029038747 338.07380994161
205.257932345072 209.917744000753 222.235480944316 238.520006338755 227.194170157115 190.963705380758 193.08473666509 206.903656323751 223.672469456991 246.880133946737 262.700438499451 265.162587165833 280.778606732686 299.247066179911 329.254190127055 343.839089075724 346.436778704325 347.047845522563 346.952478090922 347.075382868449 343.707680702209 336.478034655253 337.123473485311 340.95311164856 346.831798553467 349.701325098674 351.826707522074 349.472522735596 344.04452641805 343.717376391093 340.516169865926 335.934519767761 333.413004875183 333.404461542765 332.148492336273 329.923907915751 328.489045302073 323.679506778717 321.602781613668 327.358245849609 331.490099430084 331.418395042419 332.97061920166 332.959453264872 331.439057985942 335.844914118449
