input/barkrak2/radiation/dir13724.grid
NCOLS 85 
NROWS 70 
XLLCORNER 665100 
YLLCORNER 4664600 
CELLSIZE 20 
NODATA_value -9999 
[rows 0 to 19 of 70, columns 0 to 45 of 85]
336.524248123169002 341.460307439168 343.638380368551 343.249917030334 339.812914530436 334.656596183777 326.862017313639 320.914367834727 325.180431207021 324.451963106791 321.800808111827 328.229943911235 332.585533459981 332.581480344137 335.170984268188 339.90216255188 336.875081062317 330.628712972005 325.148642063141 313.046336174011 293.997804323832 292.282323042552 310.960233211517 318.317671616872 316.157241662343 316.093186537425 314.00066614151 303.513467311859 285.580277442932 279.622872670492 277.714252471924 285.271803538005 299.814899762471 304.719666639964 309.641520182292 301.381011803945 299.766600131989 309.611916542053 305.721402168274 306.116620699565 297.535161177317 281.803250312805 291.142622629801 310.335735479991 316.081782182058 308.821101983388
327.220857143402 331.981937090556 332.993547121684 335.765878359477 336.720744768779 335.273424784342 327.816208203634 319.000681241353 322.735110918681 324.336429437002 319.249471028646 324.423988660177 331.367592016856 331.991950670878 331.791877746582 334.412415822347 333.069483439128 330.995659033457 330.022434393565 320.075412591298 307.549695173899 303.453485171 311.054587364197 316.452185312907 315.721253554026 313.975294431051 311.651170253754 304.540832837423 289.638737837474 280.085941155752 281.177580356598 293.664773305257 296.153008937836 296.523531277974 308.885832627614 300.507028897603 295.813123385112 297.405362129211 293.035924434662 305.328011512756 303.313255310059 293.052832285563 299.041271209717 315.293153127034 320.358335971832 312.505940596263
295.577963193258 301.019946734111 308.383047580719 312.900284926097 321.059584617615 326.022903124491 328.810791174571 328.790128231049 327.66713698705 324.723025163015 317.409992218018 318.486471970876 327.212651570638 329.609274864197 326.037089029948 329.711854457855 333.221177260081 335.007031758626 333.373785018921 329.00329430898 326.10426346461 320.06581624349 314.378360907237 313.713173071543 315.460642178853 316.004395484924 310.222109158834 303.083260854085 291.552027066549 280.432860056559 280.12619415919 295.053442319234 285.186449686686 291.948199272156 305.203000704447 299.484372138977 286.67809565862 280.736486117045 290.366113185883 306.084056695302 306.750039259593 306.113024552663 306.446274121602 318.250338236491 327.25981871287 317.046582698822
280.783335367839 276.822566986084 280.702213446299 285.210410753886 292.7272717158 297.595878442128 301.552732785543 310.978670914968 321.668942769368 327.660083770752 326.744337876638 327.188869317373 329.74100112915 330.278396606445 327.321728070577 322.925448417664 325.464288393656 328.100164731344 331.162730852763 330.820759137471 328.372259934743 325.857738653819 325.941761334737 321.83716694514 319.764137268066 321.246246496836 316.479424635569 307.883203029633 300.208032131195 292.113820711772 283.923784891764 294.939478238424 285.916527112325 291.729350884755 297.528684139252 298.413952191671 293.352444966634 290.539145469666 305.060823758443 315.473198890686 311.636865139008 304.213523864746 300.080974896749 309.150179227193 320.294161637624 320.923546950022
293.357809384664 276.754120985667 266.88019434611 260.844429334005 264.138996601105 278.322219848633 294.39522822698 301.982502142588 308.956265449524 313.574949900309 323.530932267507 331.969539324443 335.647304852804 336.346427599589 335.006435712179 333.179215590159 330.521543820699 324.840486049652 326.264599959056 330.131371815999 328.854044278463 327.941636244456 332.196871439616 328.299105167389 324.367046356201 324.350575606028 320.070385932922 311.990896860758 304.299632708232 299.322346846263 299.307564894358 301.887353261312 296.108345190684 297.942280769348 295.595745245616 298.548797766368 307.539939880371 311.581492424011 318.164924780528 321.661909421285 319.618662198385 312.65381971995 306.512395540873 303.797344366709 308.507323265076 324.080208937327
322.262008984884 305.028716723124 284.75167353948 264.238715171814 256.746967633565 266.531745592753 287.91215022405 299.746453762054 302.513341108958 303.559978802999 309.86096461614 318.589309851329 324.228882789612 326.800227165222 330.471396446228 332.399586836497 329.556842645009 323.570132255554 323.628703753154 327.399790287018 327.302614847819 330.599625905355 336.295922597249 333.230714003245 329.544643561045 329.081952571869 323.511799176534 316.129326820374 307.074646155039 301.148056983948 303.230285644531 302.825609842936 307.356238365173 311.986188093821 306.120296319326 303.367177645365 310.759484767914 316.387931505839 318.222145239512 318.545341491699 319.356222947439 315.501491228739 313.472747802734 312.827944755554 310.313542683919 311.046799023946
334.794680277507 321.924785772959 309.11918481191 293.964385986328 277.202765146891 266.228040059408 272.979776064555 296.567658583323 305.127302805583 310.740907986959 308.854361375173 305.198510487874 302.207748095195 298.64889383316 300.36332209905 310.851355393728 317.645609378815 325.250526269277 330.171147982279 332.461893558502 329.77819442749 326.657136281331 332.674225171407 334.278027216593 332.937200864156 334.143082300822 331.462959448497 324.732899665833 315.840820471446 310.649355252584 308.774054050446 311.329245567322 322.647571563721 326.634605725606 323.669811089834 317.502776781718 315.764466921488 318.384806315104 320.580363273621 324.578324953715 323.756913344065 319.923182328542 317.192991574605 312.73873647054 297.789851824443 291.73066218694
334.124128023783 331.94500207901 328.185677528381 320.187052090963 304.509838422139 281.077980995178 262.6793384552 263.924698034922 291.995962460836 310.177604357402 314.135491847992 311.278223991394 305.33508459727 298.79375298818 289.575099945068 292.278965314229 300.511201222738 311.495979626973 324.828108151754 332.975745201111 333.926399548848 329.790711402893 331.064105033875 333.190818627675 333.060264587402 334.975878397624 334.436575571696 330.898185571035 325.346092383067 323.268453280131 322.745760281881 324.351847171783 332.470258076986 334.90777015686 332.764367262522 328.974783420563 324.105461438497 320.156256357829 314.077973365784 317.255218823751 323.994517326355 328.415830930074 329.701463381449 322.856148084005 308.6030681928 294.900258382161
330.526411533356 331.187605857849 330.582082271576 327.665289243062 321.050047874451 308.260321617126 286.302248636882 262.288252512614 271.186133225759 291.159629821777 306.203365325928 311.45308415095 311.900556087494 310.372471809387 303.82494131724 298.01203807195 296.055475870768 299.468100070953 309.727609157562 319.879750410716 328.3371925354 332.208593686422 332.076668739319 329.646646976471 330.433408419291 333.102822303772 334.14101600647 332.560499509176 330.42307694753 332.582672437032 334.070483843486 333.2705895106 335.099458694458 336.247046788534 333.512465159098 331.681569417318 328.511555989583 321.113208929698 308.645725250244 310.701747735341 325.761914253235 331.852436065674 330.358982086182 326.037526130676 316.924770673116 307.952721913656
316.761235396067 322.494188944499 325.105627377828 324.939092000326 323.505441347758 322.742144266764 314.294695854187 301.632146040599 276.922325293223 269.681771596273 281.473477681478 299.75148042043 313.841183980306 319.376309712728 321.094453334808 316.81756178538 306.912203629812 303.488453229268 303.064505259196 304.391821225484 310.536543528239 314.978222052256 319.034934043884 321.222245693207 324.736396471659 327.090462048848 328.763743241628 327.945172786713 327.799359957377 331.155518690745 332.15061823527 332.298636436462 335.630098978678 337.313532829285 336.230039596558 332.500994205475 330.743372440338 327.123006184896 310.730298360189 309.257825215658 323.629975318909 326.42122109731 325.129091739655 322.413384914398 313.810706138611 305.07618188858
282.075444857279 292.700091997782 301.49910847346 308.213710784912 314.164002736409 319.082836310069 321.409602959951 319.055616855621 300.751209259033 280.624230702718 268.736362457275 275.653203328451 297.419508298238 313.686966896057 322.219808896383 316.520750522614 311.993439992269 307.990491390228 302.474776903788 297.367294629415 297.674695650737 297.590891520182 299.768129984538 308.354536692301 315.095782279968 319.636623064677 321.290711561839 320.959766705831 323.706249396006 326.720496018728 328.195949395498 330.349067846934 335.280974706014 336.389621098836 335.178017616272 332.705537478129 332.740247249603 333.414475123088 324.075857798258 316.147208213806 321.481029192607 325.1873254776 325.906236966451 325.416525204976 318.406780560811 310.928861300151
246.792475382487 251.527349154154 259.039680163066 269.687116146088 282.869398593903 295.769055684408 309.218943119049 313.486516475677 314.405560493469 304.696559906006 285.036245981852 268.218477567037 270.262360572815 289.793372154236 308.10425678889 309.400876363118 314.402639865875 312.927405039469 306.63941303889 299.157818158468 293.110807736715 290.78600804011 290.889362494151 297.862847646077 303.720891475677 307.089904944102 308.311978975932 311.245183149974 315.682192643483 318.679173787435 321.481287479401 325.397332509359 329.621275266012 330.231606960297 329.365770022074 329.16780312856 332.878549893697 336.183985074361 334.617853164673 328.881005446116 327.884475390116 330.682694911957 332.651575406392 331.953465938568 326.286097367605 323.910295963287
236.672043800354 232.693433761597 229.820211728414 229.834198951721 237.045466899872 252.108931541443 273.883461952209 291.513820489248 312.607824802399 315.429528554281 307.139654954274 289.727210998535 266.427834828695 264.415542284648 284.272074699402 303.581754366557 314.336081345876 315.935174624125 312.98816204071 307.148257891337 300.789773464203 299.889981746674 298.738261063894 299.452106157939 299.315611521403 298.325439294179 301.597754160563 307.966272036235 310.342411200206 310.718496640523 314.184029897054 318.14314921697 319.832960764567 320.966124534607 321.121414502462 324.08066590627 330.861369768779 335.563103357951 335.532426834106 335.645953814189 335.109829902649 334.883689880371 334.281802177429 333.323915799459 328.047811985016 325.576682885488
231.414973735809 205.610752105713 189.415057500203 184.035897254944 181.459824244181 187.618354956309 206.058104832967 238.79611492157 273.096660772959 300.985435644786 312.801400820414 313.172121842702 300.050854682922 279.112279415131 276.867270469666 297.817349433899 309.182325998942 317.483047644297 321.397145589193 319.315334161123 312.174280484517 309.765617052714 307.454526424408 307.356317838033 305.853525797526 303.923547267914 306.568781534831 312.498927116394 311.612665653229 307.441393534342 311.601956685384 314.672787984212 316.133220990499 316.455721855164 318.518062432607 322.244008382161 326.29801829656 329.168041547139 329.309741655986 329.819738864899 331.433514753977 333.417892456055 334.412495295207 334.121545155843 329.319437344869 326.54066880544
215.047637621562 178.074459234873 157.409528891246 153.151512145996 152.061015367508 156.888782978058 165.585815906525 191.748380661011 217.239320278168 263.530949751536 306.979695955912 324.999849001567 327.348907788595 315.704345703125 296.702702840169 293.231070041656 297.837515672048 308.321535587311 319.707016150157 323.918720086416 323.016842206319 319.330175717672 317.957758903503 315.949658552806 312.822302182515 311.300059159597 313.05460135142 314.514756202698 309.655606746674 306.966304779053 310.549000898997 313.963154951731 313.364923000336 313.487629095713 316.08655055364 317.778428395589 319.102863470713 318.464378515879 319.635987281799 319.762508074443 323.223233222961 327.565451463064 330.504477024078 329.871694246928 326.987326145172 326.201597849528
183.091878890991 155.821373065313 135.493805011113 133.138040701548 149.078905582428 171.326994895935 172.24246263504 178.306798140208 199.740846951803 228.132983048757 275.645315647125 321.200410525004 333.680947621663 332.363545894623 320.754945278168 299.181302388509 290.650844573975 292.726874351501 305.958012739817 322.487413883209 327.196399370829 324.011266231537 324.923793474833 321.448763211568 316.676139831543 316.862146059672 319.463888804118 315.999031066895 310.819506645203 313.218633333842 314.982851346334 314.568797747294 311.792592207591 311.045010884603 311.581651369731 311.133503913879 308.862268924713 305.950582027435 307.823757330577 309.128483136495 311.68528397878 315.61146179835 317.471385002136 317.814608414968 321.396032969157 324.072897434235
161.824464797974 151.351501544317 133.54370991389 124.816914399465 129.791925350825 154.123703638713 173.756579558055 179.761588573456 194.02023156484 208.227157592773 231.596350669861 282.060941060384 326.980868975321 331.87993367513 329.13484176 322.886089483897 314.53804175059 303.276260693868 295.551101366679 304.441769917806 319.777448972066 326.11072063446 328.140298525492 325.373331705729 320.910731951396 321.851034959157 325.051049391429 321.368952592214 318.203608194987 322.158455848694 322.416722774506 315.299292405446 311.349074045817 308.180868625641 304.814239343007 303.976575533549 300.837298234304 298.89984925588 299.32842652003 301.847656567891 303.985436757406 305.207212766012 307.276447614034 309.176166852315 319.127519925435 323.765635490417
153.649548689524 155.971109867096 150.011112292608 136.424938837687 120.583156744639 133.402715126673 164.301683505376 182.337959607442 201.78614060084 212.548613548279 221.845924854279 248.805284500122 291.682501633962 325.763424237569 331.506609916687 333.144346872966 331.815342108409 323.66406917572 309.99622742335 297.518571217855 306.211471557617 322.775801022847 325.021425882975 324.387868245443 324.688335259755 328.445315361023 331.063230832418 328.803380330404 326.354384422302 327.822685241699 324.379563331604 317.140837510427 312.70444393158 308.184146881104 303.043146928151 300.946712493896 299.235542615255 299.46506023407 299.452940622966 300.070385138194 302.117387453715 303.464929262797 303.536931673686 305.595139662425 313.583433628082 321.450511614482
161.588797966639 171.808183193207 177.649478117625 165.431628624598 144.913117090861 146.357168753942 168.464879194895 187.787234783173 207.477609316508 228.519320487976 235.574801762899 244.446138540904 267.951130867004 290.655076503754 323.923905690511 330.932875474294 331.802487373352 330.32766977946 327.536622683207 316.038807233175 301.964819431305 310.965319474538 316.702266534169 322.181801001231 328.00563176473 332.384010155996 334.247986475627 333.2759141922 328.458666801453 327.538232008616 323.014855384827 318.282802899679 313.564201196035 308.905978997548 306.12446864446 302.930414676666 302.609165509542 300.621668497721 299.07766977946 301.567653814952 304.862121740977 305.064082145691 304.705560207367 307.134985923767 307.291388511658 316.842655340831
172.926127910614 177.692135175069 191.407362620036 200.931568940481 186.920245488485 166.362623373667 166.6585902373 178.113222122192 197.590887546539 222.001691659292 235.933701197306 237.179716428121 249.44806098938 262.095967928569 278.176685174306 311.850190162659 325.061738491058 325.820505619049 326.795995235443 326.209584871928 320.750673611959 311.404287815094 312.210281689962 317.754646142324 325.007160504659 330.538054307302 334.148645401001 332.826455434163 326.756834983826 326.10277334849 321.968138217926 316.086490948995 311.859885851542 309.89811817805 308.284183343252 304.611623287201 302.466074625651 296.44505182902 295.131087303162 300.978124141693 305.977026621501 307.376702626546 308.298627535502 308.109283447266 304.908851782481 312.178194522858
