input/barkrak2/radiation/dir15724.grid
NCOLS 85 
NROWS 70 
XLLCORNER 665100 
YLLCORNER 4664600 
CELLSIZE 20 
NODATA_value -9999 
[rows 40 to 59 of 70, columns 0 to 45 of 85]
339.749177296956 340.4594262441 340.420087178548 342.08087126414 346.245050430298 348.947803179423 351.061185201009 353.404601414998 353.522539138794 347.432971000671 339.136282602946 335.89243888855 332.311888535817 331.470330556234 328.938682874044 326.737662156423 325.764815012614 323.868791262309 319.609840710958 316.102226575216 318.31681728363 321.16687297821 321.225047111511 315.941492716471 315.094749132792 310.251494248708 315.348525842031 316.100398699443 316.531598567963 315.981765588125 315.47075510025 310.877740383148 286.325832207998 281.56582514445 302.612940470378 302.846650282542 293.954650561015 293.951312700907 293.830434481303 282.595535119375 291.244407494863 330.417354901632 348.611156145732 303.173760573069 244.739969571431 198.712527751923
344.008445739746 342.426697413127 342.578252156576 343.171675999959 341.337323188782 340.041597684224 339.861551920573 340.99026521047 344.076951344808 338.371316591899 333.842277526855 333.237012227376 334.429979324341 334.68242486318 331.639508406321 329.172988732656 325.023214022319 328.932086626689 327.884078025818 323.114136854808 323.675592740377 323.740800221761 321.704347928365 321.981112162272 321.318089962006 319.312214851379 319.335718949636 319.542189439138 319.080948829651 318.706254164378 317.265411218007 311.86564763387 293.233593304952 292.986273765564 303.789039452871 295.231223106384 280.760129292806 281.053185462952 288.418173789978 293.243288993835 307.387987772624 319.923301537832 332.62570699056 330.00115553538 286.353846391042 236.007710297902
345.883925755819 344.044049580892 345.770915349325 345.247904459635 341.33505821228 339.967012405396 339.752753575643 338.978846867879 338.633934656779 335.862994194031 334.187110265096 333.294272422791 334.81240272522 336.138526598612 334.946235020955 332.137644290924 329.173366228739 331.48866891861 331.828812758128 327.962120374044 323.753078778585 322.100281715393 320.626537005107 320.793112119039 322.802066802979 319.372812906901 316.084345181783 317.394157250722 316.927909851074 318.152169386546 315.72288274765 308.988034725189 300.304671128591 301.875491937002 300.948560237885 284.364442030589 269.36807235082 275.224586327871 290.201564629873 302.580952644348 310.741523901622 308.852891127268 304.802795251211 308.830579121908 292.531073093414 243.215441703796
338.016390800476 339.773853619893 344.412088394165 342.801372210185 343.608101209005 344.741900761922 345.164696375529 343.051552772522 336.958845456441 335.436105728149 337.567408879598 334.695259730021 334.127028783162 334.384361902873 335.109710693359 332.533101240794 332.182466983795 333.986560503642 333.381772041321 329.101244608561 326.280275980632 322.102983792623 320.957918961843 318.220933278402 319.204111893972 320.573429266612 315.839290618896 316.300173600515 315.908273061117 315.624674161275 311.228175957998 305.27009566625 304.696937402089 305.601954460144 292.456150054932 269.87495024999 265.179455280304 279.173731803894 298.577666282654 303.423504034678 303.316076596578 299.002170562744 291.198571523031 288.627564907074 281.229078769684 250.14195839564
337.843775749207 341.433564821879 342.828750610352 342.629353205363 343.673308690389 344.362696011861 344.241698582967 342.380881309509 340.008417765299 337.469617525737 337.695956230164 336.526115735372 332.39084482193 332.026163736979 330.966432889303 330.101807912191 328.160762786865 331.667145093282 333.236257235209 330.875913302104 327.310621738434 324.971199035645 323.603689670563 321.512162685394 318.640490372976 321.680287520091 322.485665480296 317.761739095052 315.83305199941 312.956909338633 306.374331315358 301.51891708374 300.299803415934 296.231945355733 283.771475156148 267.589052518209 269.009709358215 285.040318965912 300.300240516663 298.388361930847 300.008893013 292.3663854599 279.876351356506 274.513681729635 273.864070574443 262.070596218109
341.699759165446 344.049016634623 342.383742332458 343.695282936096 342.430114746094 342.095613479614 342.914621035258 341.840982437134 342.950900395711 340.302427609762 340.065558751424 337.948640187581 335.551182428996 331.968744595846 330.444594224294 333.083192507426 328.250626722972 330.811937650045 333.20160706838 331.436951955159 328.795691331228 325.93959569931 325.94225804011 324.028531710307 323.711653550466 320.740063985189 323.877771695455 319.590846697489 316.258748372396 312.853654225667 306.694944699605 302.158196767171 299.951434135437 290.107945601145 276.209096113841 261.661310990651 267.145117123922 284.745474656423 292.232632637024 285.93788544337 291.179239749908 283.162752787272 271.49909734726 273.995816707611 283.583223819733 273.891568183899
341.702858606974 342.988133430481 343.626260757446 343.782027562459 343.437552452087 343.082626660665 343.475103378296 344.381173451742 343.049605687459 342.129667599996 340.973734855652 339.719335238139 337.924718856812 335.27143796285 335.208177566528 336.433132489522 335.115591684977 329.147656758626 333.803494771322 330.868502457937 329.676528771718 327.647904555003 326.247096061707 321.223537127177 325.280924638112 320.621867974599 318.509479363759 318.162004152934 316.149552663167 311.479985713959 306.715448697408 304.353495438894 298.244158426921 286.977410316467 274.380107720693 263.293623924255 270.800789197286 283.727169036865 281.874855359395 283.585131168365 290.236671765645 279.149373372396 275.095105171204 282.198230425517 290.778636932373 281.590561072032
338.462909062703 339.863419532776 342.183391253154 342.550714810689 343.988339106242 344.567855199178 343.771855036418 342.10479259491 342.309633890788 344.131549199422 342.038830121358 340.357343355815 338.748812675476 338.973919550578 336.713155110677 336.612304051717 335.155804951986 327.779710292816 330.384254455566 330.605506896973 326.132893562317 325.395961602529 326.097011566162 320.165753364563 319.883505503337 319.116433461507 313.005387783051 314.103444417318 313.931663831075 310.50056219101 307.374755541484 304.857889811198 295.156538486481 292.084534962972 285.719136397044 273.247520128886 275.589028994242 282.374262809753 284.350991249084 291.308720906576 288.387020428975 280.976076920827 283.088525136312 284.156580766042 283.572475115458 274.758080641429
334.502895673116 336.479107538859 338.941017786662 340.60271581014 343.162814776103 344.041506449382 342.373927434285 341.66411558787 343.430638313293 344.721913337708 343.03339322408 341.28479162852 340.73277314504 340.33211072286 338.002920150757 334.3319495519 333.010236422221 327.99239953359 329.818248748779 330.170114835103 328.675786654154 327.384531497955 325.65184434255 319.818913936615 317.624350388845 317.386984825134 315.79315662384 316.796104113261 316.738247871399 315.859794616699 313.947876294454 310.973227024078 302.371780077616 301.957865556081 295.322040716807 278.544108072917 278.824806213379 286.105593045553 290.231009324392 290.60035943985 281.231045722961 278.653343518575 277.561604976654 272.399107615153 269.857982794444 269.424796104431
333.899259567261 332.505901654561 334.691445032756 338.567892710368 341.504096984863 342.16300646464 343.225638071696 344.801465670268 345.044175783793 343.622247378031 344.623843828837 344.007730484009 341.607371966044 340.463836987813 338.674942652384 334.179798762004 333.527286847432 328.427950541178 327.947497367859 332.257489363352 330.625176429749 327.532450358073 322.659492492676 323.352376619975 320.204635461171 320.085684458415 317.564010620117 317.860166231791 318.258861700694 320.239007472992 320.654928684235 315.981924533844 309.225499629974 307.937900225321 299.425701300303 283.63025188446 277.662396430969 285.369614760081 291.008512179057 281.269907951355 270.010749499003 273.338993390401 273.396551609039 267.650643984477 266.981482505798 270.513812700907
334.083080291748 336.0888560613 337.148745854696 340.1939868927 340.646743774414 340.718547503154 343.948841094971 346.381425857544 346.412618954976 345.770835876465 344.989816347758 345.037182172139 342.601180076599 339.598576227824 338.697989781698 339.4961754481 332.955837249756 331.431706746419 329.608857631683 331.300139427185 329.339027404785 325.067778428396 323.96392027537 322.083950042725 316.617131233215 317.719459533691 318.87420018514 318.384110927582 320.134957631429 322.629610697428 323.455055554708 317.913095156352 309.415618578593 306.914130846659 296.435614426931 283.007423082987 278.715550899506 282.981773217519 282.312075297038 269.826571146647 266.877690951029 277.727564175924 276.308655738831 268.673777580261 268.073399861654 264.118393262227
334.155360857646 339.401721954346 340.689102808634 341.416120529175 340.459664662679 340.145190556844 344.086647033691 345.886389414469 345.15122572581 347.453872362773 345.709562301636 345.459898312887 342.73099899292 339.492758115133 337.752143541972 340.457638104757 334.679325421651 328.991035620372 324.881712595622 325.485706329346 323.652327060699 323.769052823385 321.521480878194 316.091855367025 313.661416371663 314.004778862 316.193838914235 313.572506109873 314.068992932638 316.811184088389 320.062796274821 314.88835811615 303.759932518005 294.233282407125 270.10319630305 257.615645726522 268.473943074544 277.10767587026 275.736927986145 275.692244370778 282.920777797699 285.165667533875 269.919077555339 262.071967124939 270.108222961426 258.448402086894
335.253159205119 333.738088607788 333.993991216024 336.191654205322 339.095036188761 341.839710871379 342.19765663147 344.403147697449 343.61724058787 345.896482467651 344.439586003621 344.436168670654 343.43167146047 340.126713116964 337.009867032369 334.718426068624 336.115002632141 327.166835467021 319.240629673004 317.213277022044 316.461463769277 318.266868591309 315.38712978363 312.928001085917 310.287535190582 307.698468367259 308.054188887278 307.969292004903 304.701745510101 305.036604404449 308.180133501689 309.590597947439 286.654591560364 262.734452883403 236.589392026265 226.122180620829 239.816089471181 264.528493086497 279.930551846822 275.800804297129 276.739478111267 271.556576093038 258.40437412262 261.317054430644 265.931765238444 242.93464422226
338.067571322123 332.198878129323 329.688191413879 333.221475283305 340.099891026815 343.779961268107 342.679897944133 342.667977015177 343.091567357381 342.259168624878 342.626611391703 341.830611228943 342.836380004883 342.204411824544 335.214376449585 331.741432348887 333.508690198263 324.655373891195 318.889876206716 319.73002354304 318.528016408284 315.480669339498 313.736438751221 310.0905418396 308.493971824646 306.839108467102 305.797318617503 305.393973986308 303.780814011892 298.160831133525 292.308390140533 285.804808139801 263.566434383392 237.654328346252 228.21976741155 224.301675955454 217.335840066274 227.252980073293 243.225773175557 262.875378131866 268.794476985931 259.011725584666 254.520754019419 257.748166720072 249.174495538076 228.718777497609
338.436881701152 335.160175959269 333.02382628123 334.746519724528 339.774568875631 343.481302261353 344.198822975159 341.72526995341 342.972596486409 341.168761253357 341.986576716105 341.838439305623 340.375026067098 341.174960136414 333.473722139994 330.440998077393 331.56023422877 325.452427069346 321.0475842158 321.955800056458 321.679910024007 318.255205949148 315.687298774719 313.729921976725 310.252885023753 309.118390083313 307.080705960592 304.784615834554 301.528493563334 296.898941198985 285.742163658142 277.530451615651 254.691620667775 241.156101226807 244.831840197245 247.901797294617 240.346233050028 231.279154618581 221.293687820435 230.06546497345 246.591746807098 239.385386308034 232.807020346324 226.422846317291 222.197790940603 218.979120254517
340.718269348145 339.343547821045 336.241642634074 332.099914550781 335.347135861715 341.614007949829 343.352119127909 340.712070465088 340.440988540649 341.541568438212 341.931581497192 341.398477554321 338.421185811361 337.404092152913 333.547194798787 331.866323947906 331.410189469655 326.850732167562 322.023769219716 322.66887029012 321.177999178569 319.10781065623 318.157315254211 317.686458428701 314.16126092275 309.698144594828 305.569708347321 299.603780110677 293.902436892192 290.120979150136 287.812014420827 282.681584358215 262.154817581177 255.536119143168 259.566307067871 266.878803571065 277.198215325673 273.452699184418 256.874859333038 227.135519186656 226.111014684041 227.817118167877 225.142916043599 222.852230072021 228.365361690521 234.792411327362
342.142979303996 341.251889864604 339.300235112508 334.378242492676 332.484046618144 337.958693504333 340.401689211528 340.732177098592 337.76052792867 338.306069374084 338.270306587219 339.545448621114 336.753805478414 336.271127065023 333.727995554606 331.367552280426 331.76060517629 327.599147955577 323.737879594167 322.518348693848 321.014841397603 319.024364153544 315.509835879008 313.919325669607 311.974167823792 308.976133664449 295.525133609772 277.345140775045 272.85502354304 277.761777242025 285.765488942464 281.004707018534 263.77413670222 256.899893283844 263.94122838974 274.294952551524 290.246764818827 298.754910628001 289.30405775706 258.101244767507 231.627325216929 234.695891539256 242.372155189514 253.046711285909 263.117074966431 266.655544439952
341.539740562439 339.301983515422 340.46467145284 337.214469909668 332.464476426442 335.102796554565 339.090625445048 337.717930475871 336.139877637227 332.648237546285 337.050716082255 337.766885757446 335.934996604919 335.096756617228 334.727207819621 330.853402614594 330.273946126302 327.379127343496 324.19083515803 321.858088175456 323.274334271749 321.682890256246 318.192263444265 313.587228457133 312.665025393168 311.939815680186 297.682444254557 280.200262864431 279.630025227865 284.373223781586 290.845513343811 282.70431359609 271.514356136322 270.880440870921 283.46194823583 286.607782046 292.404611905416 278.904696305593 248.718321323395 240.692973136902 251.380324363708 261.467317740122 256.379326184591 249.622186024984 251.169462998708 262.181401252747
334.036270777384 337.65184879303 337.117830912272 337.260444959005 332.752764225006 327.748934427897 337.293783823649 336.440761884054 333.913246790568 330.825746059418 334.997097651164 337.005734443665 335.021813710531 332.933525244395 332.60186513265 329.575916131337 325.852115948995 324.878633022308 323.136687278748 323.226451873779 325.141151746114 320.021271705627 320.631663004557 316.162705421448 315.078993638357 315.833350022634 308.750947316488 307.398100694021 301.492691040039 297.603229681651 295.643071333567 285.708487033844 282.536884148916 280.011971791585 277.710815270742 263.686458269755 245.257973670959 210.004568099976 192.465424537659 229.438066482544 266.13837480545 267.707248528798 247.182349363963 241.939703623454 253.989179929098 267.777760823568
327.497283617655 335.451404253642 334.558208783468 331.697722276052 330.951472123464 323.920031388601 330.021639664968 335.721254348755 335.809628168742 330.741206804911 334.614674250285 334.109703699748 335.103710492452 331.848561763763 330.363969008128 328.298509120941 325.531840324402 322.692513465881 319.906453291575 318.413456281026 319.22721862793 317.961851755778 318.932473659515 317.03382730484 316.970944404602 319.841901461283 320.417781670888 320.982078711192 307.7272772789 305.581450462341 295.869767665863 284.283796946208 282.70161151886 264.33406273524 237.088163693746 205.58625459671 193.778415520986 185.274342695872 180.663347244263 205.011248588562 232.221802075704 250.280777613322 248.952746391296 261.522173881531 292.106906572978 301.744818687439
