input/barkrak2/radiation/dir10824.grid
NCOLS 85 
NROWS 70 
XLLCORNER 665100 
YLLCORNER 4664600 
CELLSIZE 20 
NODATA_value -9999 
[rows 20 to 39 of 70, columns 0 to 45 of 85]
123.466829458872 113.866567611694 123.543669780095 154.741177956263 149.591267108917 125.051021575928 115.319699048996 126.344333092372 138.45564921697 154.196927944819 168.727139631907 170.897404352824 170.356233914693 173.111498355865 187.466283639272 206.452786922455 220.11011838913 231.363733609517 244.29992834727 265.318830808004 271.235823631287 265.35842816035 266.89072450002 272.827049096425 273.457805315654 275.505820910136 277.098119258881 277.574439843496 278.102815151215 276.317020257314 269.354144732157 255.243142445882 240.575969219208 230.783581733704 226.565341154734 232.810000578562 232.476989428202 234.694202740987 239.620188872019 243.808686733246 245.190600554148 245.536228020986 247.900426387787 241.549889246623 246.274848779043 251.413782437642
157.170166571935 148.126522699992 150.666614373525 181.699633598328 178.719560305277 130.824555953344 127.126008272171 135.073870420456 143.411894639333 154.769917329152 162.341485420863 165.861229101817 165.645857652028 163.457453250885 178.693095842997 191.929658253988 203.4699122111 218.47673257192 231.1110496521 245.928227901459 252.960542837779 263.686895370483 269.439856211344 265.6569480896 258.05409749349 249.800463517507 238.849977652232 234.658161799113 234.824379285177 227.69687573115 217.84116824468 203.472971916199 181.719779968262 174.078424771627 179.636061191559 201.126039028168 209.615647792816 227.026184399923 239.278932412465 239.583889643351 237.471719582876 236.422757307688 229.012469450633 211.192806561788 234.48234796524 246.486981709798
203.663090864817 204.472184181213 194.994648297628 201.569636662801 200.953861077627 157.55961338679 152.800033489863 147.040526072184 143.071969350179 146.393994490306 158.480703830719 166.470100482305 173.84006579717 173.622628053029 175.319314002991 180.525422096252 191.687107086182 205.652177333832 213.186701138814 218.235770861308 223.84379307429 236.467401186625 247.558236122131 250.761846701304 248.571753501892 241.046746571859 228.833635648092 220.621685187022 220.372319221497 203.158716360728 177.529136339823 132.396111885707 102.796932061513 108.69637131691 135.870585838954 162.92076309522 183.813691139221 206.6237727801 221.792022387187 225.18918911616 229.532817999522 231.257140636444 205.722153186798 178.693493207296 210.852185885111 241.383492946625
235.371887683868 231.234033902486 211.005091667175 207.854906717936 206.801394621531 195.036272207896 174.742658933004 151.305059591929 137.337346871694 140.841027100881 157.413452863693 170.125961303711 177.845140298208 183.277110258738 179.042398929596 179.26545937856 188.563505808512 202.200750509898 209.334115187327 202.139417330424 200.903216997782 204.656879107157 218.475222587585 228.417336940765 233.989199002584 232.530951499939 219.493428866069 202.633659044902 184.603730837504 157.745281855265 128.40990225474 102.47278213501 61.6678347190221 27.2266740600268 29.5422300696373 62.3685220877329 107.644587755203 145.863215128581 175.849397977193 185.079137484233 185.130715370178 168.086012204488 162.054886420568 191.697756449382 197.86282380422 229.582826296488
229.980190594991 229.022701581319 222.026526927948 210.789481798808 198.221166928609 195.907433827718 177.864551544189 165.799488623937 152.085800965627 145.86877822876 153.801282246908 164.269496997197 170.074840386709 181.549270947774 180.158813794454 181.108276049296 188.977440198263 199.26784435908 206.77775144577 199.181397755941 198.30729564031 193.975965181986 203.676700592041 211.439748605092 213.139951229095 209.534307320913 204.55010732015 189.531187216441 167.544941107432 123.216887315114 103.742549816767 99.5444059371948 74.7350056966146 24.598682920138 18.7712075809638 43.1154121955236 65.6272321939468 91.839204231898 114.349613587062 136.484334866206 131.206184625626 116.295754909515 137.618333101273 215.859393278758 215.517361958822 232.720812161764
218.875765800476 223.96989663442 227.688451608022 212.674657503764 198.761741320292 196.028749148051 191.005031267802 193.793098131816 189.041992028554 175.493816534678 171.067694822947 179.37821149826 184.686779975891 193.196336428324 193.759938081106 187.873780727386 189.308106899261 201.863169670105 206.465363502502 210.081477959951 214.36870098114 207.875808080037 204.205671946208 200.829168160756 200.258493423462 201.597889264425 192.971527576447 183.022777239482 156.689991553624 135.041733582815 130.738923947016 143.805483977 140.813926855723 83.6406052112579 51.3103157281876 59.9925170342127 66.6037897268931 76.5412549177806 99.6096630891164 101.828674475352 97.0319310824076 102.637817462285 145.614643891652 215.76327085495 230.041941006978 243.795692920685
219.300230344137 223.563472429911 227.536996205648 216.856777667999 214.891533056895 213.67069085439 214.759409427643 216.512819131215 221.418261528015 214.154680569967 196.375171343486 201.808114846547 203.252951304118 211.245993773142 209.463020165761 197.931369145711 195.718288421631 206.372201442719 213.616132736206 226.556241512299 229.054768880208 223.913451035817 215.400159358978 205.164233843486 202.220320701599 201.726992925008 193.976163864136 189.150293668111 168.593227863312 168.88161500295 185.663064320882 211.38733625412 219.045539697011 213.458279768626 158.329784870148 89.8635188738505 82.5260480244954 87.027649084727 100.86182753245 100.721647342046 111.305356025696 152.710407972336 174.815058708191 203.944663206736 230.690876642863 236.936291058858
222.4427262942 219.49032942454 221.788128217061 218.412200609843 243.297000726064 235.420703887939 232.832630475362 227.253953615824 230.378210544586 231.467247009277 214.145382245382 206.642905871073 210.128088792165 215.224703152974 215.707381566366 211.79324388504 205.647309621175 214.465359846751 223.751564820608 230.109016100566 227.792541186015 219.647606213888 215.762813886007 214.686592419942 213.425755500793 208.449641863505 203.414519627889 200.820545355479 197.074691454569 207.342863082886 225.278119246165 238.839586575826 243.743042151133 256.631175676982 247.42591381073 155.997465054194 105.349918206533 93.3532317479451 94.516932964325 110.625843207041 153.143356243769 219.70146894455 198.261896769206 191.923558712006 208.104113737742 211.617628733317
222.266912460327 211.106101671855 214.184025923411 224.404950936635 262.998084227244 244.113405545553 229.026655356089 220.416804154714 220.468719800313 219.315151373545 207.836429278056 199.223121007284 208.115518093109 213.050742944082 219.11895275116 220.352788766225 218.183954556783 212.379614512126 222.486793994904 224.007248878479 222.60195016861 214.73224957784 212.599515914917 215.984920660655 217.909753322601 210.958500703176 211.011409759521 207.40008354187 209.77795124054 220.500389734904 239.962975184123 255.02598285675 258.447647094727 258.57933362325 267.443656921387 228.872458140055 124.759117762248 80.2240520715714 66.8450444936752 90.4950698216756 165.466338396072 206.383426984151 186.399400234222 157.612989346186 170.121709505717 179.140011469523
218.390246232351 203.250050544739 208.767652511597 234.33663447698 262.014925479889 241.493066151937 215.892473856608 196.956654389699 184.551874796549 182.758251825968 183.364649613698 186.528881390889 202.245116233826 217.209955056508 218.865394592285 225.134134292603 225.588500499725 210.081835587819 211.167951424917 213.14525604248 211.906313896179 213.900327682495 214.222391446431 217.72160132726 219.898819923401 216.412127017975 221.015691757202 212.883989016215 211.169381936391 227.20460096995 248.850723107656 265.123804410299 262.55472501119 260.295351346334 270.952602227529 273.355424404144 216.836949189504 126.622180143992 92.7516917387644 101.009835799535 136.103898286819 154.26367521286 163.851201534271 132.575790087382 134.171028931936 144.995133082072
210.794409116109 217.606802781423 247.511863708496 293.019771575928 286.134938398997 247.955898443858 209.673523902893 177.384535471598 165.340850750605 173.22039604187 168.5631275177 165.08009036382 195.583979288737 217.422028382619 224.441230297089 228.99474700292 227.873126665751 214.676757653554 213.454067707062 215.901931126912 212.821424007416 218.894362449646 219.854553540548 222.532749176025 224.616010983785 226.283172766368 226.671894391378 223.207672437032 220.905780792236 237.226128578186 257.465402285258 268.944482008616 264.74791765213 269.136428833008 277.367949485779 281.713048617045 281.538923581441 257.14107354482 175.931970278422 129.870861768723 117.238640785217 117.97692378362 140.141149361928 129.523734251658 128.026197353999 149.303118387858
229.463656743368 263.018667697906 298.421581586202 313.898026943207 325.033088525136 289.21906153361 241.460343201955 199.671626091003 186.192055543264 197.453518708547 187.945624192556 175.703167915344 187.053263187408 211.034854253133 226.064085960388 234.43075021108 231.603682041168 225.810627142588 218.498766422272 217.611749966939 217.998623847961 222.284118334452 226.11407438914 225.416382153829 227.55765914917 236.696660518646 236.525257428487 240.06712436676 238.828937212626 247.226476669312 261.918008327484 269.582947095235 271.861831347148 279.428362846375 285.245259602865 276.149153709412 278.002202510834 294.877151648204 256.080269813538 178.442637125651 129.185656706492 120.324740807215 123.852729797363 136.724134286245 156.015793482463 185.977816581726
278.897325197856 302.795787652334 309.295435746511 305.423776308695 320.040285587311 322.284539540609 299.176494280497 263.11856508255 235.693156719208 230.440000693003 228.329916795095 207.036952177684 188.330252965291 208.508928616842 228.930215040843 235.015412171682 231.733600298564 231.810609499613 220.05021572113 218.325893084208 223.242859045664 226.246953010559 225.750684738159 224.004983901978 228.634814421336 240.592062473297 245.999177296956 250.740865866343 247.945070266724 251.394371191661 264.866451422373 274.457891782125 273.352781931559 272.124032179515 275.680760542552 265.088240305583 266.428569952647 272.390047709147 248.477896054586 202.166676521301 165.344685316086 143.543690443039 133.8216761748 139.893213907878 158.272534608841 191.206713517507
297.755400339762 304.688016573588 300.097147623698 291.729072729747 296.340187390645 311.029493808746 314.123908678691 292.268315951029 268.098711967468 256.465415159861 258.964975674947 239.601612091064 213.800529638926 217.650135358175 228.854934374491 230.534116427104 227.312564849854 229.96457417806 222.915192445119 223.729074001312 221.655666828156 222.335398197174 221.327463785807 220.813632011414 228.643715381622 237.274646759033 247.850855191549 249.70539410909 249.510447184245 254.997849464417 266.897837320964 269.175847371419 257.369597752889 250.429272651672 253.887196381887 235.321740309397 233.877758185069 224.967956542969 199.764549732208 183.441718419393 194.476048151652 177.294075489044 157.929609219233 145.980070034663 145.899583896001 168.010354042053
302.684843540192 301.450729370117 305.479367574056 295.301914215088 291.265547275543 299.765805403392 314.950207869212 315.459291140238 290.579835573832 268.410901228587 259.86788670222 254.331747690837 246.812522411346 233.209133148193 231.306870778402 231.387376785278 227.990965048472 224.37059879303 223.490536212921 228.338758150736 224.908848603566 223.270754019419 224.245528380076 224.279304345449 227.893968423208 234.836459159851 243.788560231527 240.876714388529 245.048801104228 256.888767083486 264.69353834788 256.518105665843 244.369129339854 243.606686592102 237.47843503952 220.182160536448 223.060568173726 221.449732780457 213.616013526917 208.442588647207 214.557011922201 217.799921830495 198.762098948161 179.039120674133 163.669457038244 152.851134538651
314.136624336243 313.072959582011 317.911307017008 314.18377161026 306.875805060069 307.656705379486 317.71727403005 325.695137182872 302.982171376546 274.197419484456 259.635925292969 255.884031454722 260.381281375885 245.269338289897 237.223168214162 237.453977266947 233.312030633291 226.153095563253 230.914195378621 232.055723667145 229.329188664754 224.58549340566 229.48811451594 233.445247014364 231.720745563507 235.981742540995 238.160252571106 235.270341237386 239.065051078796 255.332847436269 259.843130906423 252.814888954163 246.513783931732 247.62757619222 232.088585694631 225.766539573669 231.490015983582 235.808412233988 240.293403466543 238.290349642436 205.094496409098 203.644037246704 193.972150484721 180.908878644307 166.123390197754 142.298916975657
317.803700764974 317.949652671814 321.098228295644 319.931248823802 312.846720218658 308.311263720195 314.995984236399 325.414876143138 308.570742607117 274.671296278636 259.267926216125 257.735550403595 261.7280681928 244.565367698669 234.06845331192 240.764518578847 244.276384512583 235.246539115906 237.571994463603 239.883720874786 239.421486854553 234.460055828094 236.063202222188 238.641579945882 235.752900441488 233.955363432566 238.130072752635 243.268211682638 246.625244617462 255.303422609965 259.821732838949 255.91371456782 248.611668745677 247.35552072525 231.417258580526 234.75056886673 238.920370737712 243.121981620789 244.684755802155 236.359337965647 183.777133623759 154.47070201238 140.784561634064 134.515335162481 133.252541224162 122.949103514353
313.993573188782 317.618171374003 321.343739827474 319.518566131592 314.219037691752 312.287449836731 315.99501768748 322.551826635997 316.001156965892 284.46368376414 267.956952253977 259.38359896342 251.144886016846 243.924121061961 235.743880271912 240.666508674622 252.758781115214 243.740916252136 240.695238113403 243.72531970342 245.550831158956 239.029129346212 235.810001691182 236.946702003479 239.411890506744 237.896164258321 239.616592725118 247.080981731415 249.480764071147 253.167172273 259.042859077454 257.984121640523 251.429259777069 236.846884091695 224.75924094518 242.205957571665 250.892738501231 251.030961672465 244.101504484812 239.264587561289 179.107626279195 119.741866985957 97.9532500108083 86.0920051733653 90.2547637621562 91.1253094673157
295.735081036886 303.600112597148 308.511475721995 308.944642543793 310.646096865336 315.730194250743 319.342037041982 321.377058823903 319.242477416992 298.598448435466 284.835398197174 268.070379892985 254.772524038951 252.251148223877 243.632872899373 236.427168051402 247.416456540426 248.835921287537 242.348353068034 240.294734636943 241.646448771159 238.165815671285 232.708553473155 235.070725282033 237.921198209127 241.193731625875 239.819526672363 243.844230969747 247.887214024862 249.887883663177 255.793233712514 260.833621025085 247.284770011902 223.858952522278 230.476160844167 256.98451201121 261.455734570821 255.403300126394 243.957340717316 244.590878486633 225.088318188985 153.344134489695 99.5516379674276 84.529439608256 83.2142184178035 74.9438454707464
269.055962562561 274.812122186025 274.502555529277 282.365997632345 294.068336486816 305.904964605967 314.44772084554 319.144566853841 318.268815676371 304.582337538401 285.176853338877 264.767169952393 251.265207926432 249.737401803335 246.087928613027 239.915152390798 244.421700636546 244.195699691772 237.756351629893 235.745469729106 238.660375277201 241.012374560038 238.986412684123 233.80986849467 232.437094052633 235.443890094757 240.197738011678 243.974963823954 247.525990009308 246.77453438441 248.276591300964 254.003942012787 240.026414394379 226.040621598562 253.293057282766 270.13623714447 265.039245287577 257.999618848165 250.725706418355 254.642486572266 274.328331152598 257.992148399353 184.279998143514 131.671547889709 102.450211842855 72.3362664381663
