input/barkrak2/radiation/dir18924.grid
NCOLS 85 
NROWS 70 
XLLCORNER 665100 
YLLCORNER 4664600 
CELLSIZE 20 
NODATA_value -9999 
[rows 40 to 59 of 70, columns 0 to 45 of 85]
337.663094202677 338.366190592448 338.326652844747 339.999755223592 344.172318776449 346.886038780212 349.018414815267 351.383209228516 351.548711458842 345.501104990641 337.19273408254 333.951592445374 330.349445343018 329.486628373464 326.997598012288 324.83031352361 323.831617832184 321.930527687073 317.703028519948 314.240097999573 316.796183586121 318.864504496257 319.348971048991 314.750154813131 311.441640059153 308.41471751531 314.254502455393 314.228494962056 314.638674259186 314.075569311778 313.084959983826 308.922648429871 284.426112969716 279.727021853129 300.838728745778 301.081279913584 292.136291662852 292.055726051331 291.979511578878 280.937989552816 289.600908756256 328.526775042216 346.482475598653 302.210291226705 241.626938184102 197.534064451853
341.933886210124 340.339104334513 340.490738550822 341.100374857585 339.258035024007 337.95173962911 337.781588236491 338.92023563385 341.346661249797 336.329936981201 331.783552964528 331.199705600739 332.413295904795 332.758684953054 329.739292462667 327.28777329127 322.846154371897 326.948225498199 325.95956325531 321.396092573802 321.799238522847 321.846067905426 319.796919822693 320.436994234721 319.441417853038 317.416389783223 317.459960778554 317.647020022074 316.502213478088 316.795408725739 315.355777740479 309.912264347076 291.251122951508 291.14043712616 301.993171374003 293.417553106944 278.904179732005 279.114663600922 286.422193050385 291.300038496653 305.584589640299 318.122545878092 330.602526664734 328.103383382161 284.440239270528 234.47064558665
343.394835789998 341.956377029419 343.693574269613 343.169212341309 339.235663414001 337.867180506388 337.6677831014 336.915651957194 336.585720380147 333.799441655477 332.133730252584 331.27365509669 332.801938056946 334.134340286255 332.958539326986 330.154895782471 327.203472455343 329.61384455363 329.965790112813 324.405153592428 321.85576359431 320.175647735596 318.664292494456 318.856120109558 320.868074893951 317.457834879557 314.162154992421 315.464874108632 315.005520979563 316.221992174784 313.808123270671 306.648055712382 298.213044802348 300.030112266541 299.173772335052 282.519121964773 267.495473225911 273.294448852539 288.189510504405 300.568262736003 308.754762013753 306.897103786469 302.762866020203 306.657572587331 290.458142757416 241.446932156881
335.909724235535 337.673743565877 341.873685518901 340.278188387553 341.509421666463 342.655340830485 343.089938163757 340.990463892619 334.901253382365 333.380977312724 335.520704587301 332.678099473317 332.130948702494 332.400441169739 333.118379116058 330.549498399099 330.221931139628 330.57568470637 331.417441368103 327.162166436513 322.815517584483 320.240298906962 317.572017510732 316.380699475606 317.259887854258 318.616131941477 313.894371191661 314.348479111989 313.975056012471 314.098715782166 309.275368849436 303.278068701426 301.702876885732 303.667585055033 290.604472160339 268.032670021057 263.319134712219 277.258018652598 296.584804852804 301.423827807109 301.28014087677 296.987970670064 289.164066314697 286.490976810455 279.090503851573 248.229722181956
335.748155911763 339.35534954071 340.747237205505 340.535481770833 341.583172480265 341.786940892537 342.165589332581 339.7216796875 337.937990824382 335.423787434896 335.661252339681 334.507664044698 330.40863275528 330.031832059224 328.963339328766 328.112661838531 326.189418633779 329.703132311503 329.864939053853 328.902184963226 325.335343678792 323.025862375895 321.619252363841 319.571296374003 316.808958848317 319.861948490143 320.673724015554 315.827171007792 313.878417015076 310.987114906311 304.746309916178 299.519737561544 298.294425010681 294.220328330994 281.817475954692 265.70725440979 267.144362131755 283.140401045481 298.353095849355 296.396990617116 297.762811183929 290.358066558838 277.87967522939 272.43842681249 271.716475486755 260.008056958516
339.625835418701 341.977715492249 340.299248695374 341.153065363566 340.340534845988 340.012073516846 340.832273165385 339.764674504598 340.88655312856 338.253180185954 338.0260070165 335.936228434245 333.544770876567 329.959591229757 328.443785508474 331.084350744883 326.292634010315 327.356457710266 331.217964490255 329.456806182861 326.807538668315 323.946992556254 323.97472858429 322.083254655202 321.784396966298 318.873842557271 321.939885616302 317.633032798767 314.460476239522 311.062435309092 304.678380489349 300.138910611471 297.79851436615 288.075884183248 273.763338724772 259.713053703308 265.21639029185 282.796800136566 290.257970492045 283.913294474284 289.159715175629 281.142016251882 269.516110420227 271.978735923767 281.448622544607 271.751602490743
339.637001355489 340.410788853963 341.5474096934 341.700593630473 341.349840164185 341.003974278768 341.984232266744 342.311978340149 340.981245040894 339.251041412354 338.946143786112 337.705373764038 335.910081863403 333.263297875722 333.216945330302 334.449728329976 333.151857058207 327.212532361348 331.825892130534 328.891078631083 327.685515085856 325.65842072169 324.283023675283 319.313685099284 321.439305941264 316.81352853775 316.565195719401 316.183030605316 314.153711001078 309.487462043762 304.707467556 302.32044061025 296.204050381978 284.94252761205 272.377530733744 261.333207289378 268.813769022624 281.719485918681 279.892027378082 281.568904717763 288.201908270518 277.124981085459 273.110349973043 280.214587847392 288.705507914225 279.439032077789
336.390296618144 337.792833646138 340.115586916606 340.467095375061 341.902176539103 342.495838801066 341.700077056885 340.033729871114 340.241630872091 342.089891433716 340.011835098267 338.327884674072 336.727539698283 336.961666742961 334.733605384827 334.622144699097 333.17756652832 325.836400190989 328.41815551122 328.619519869487 324.155926704407 323.420723279317 324.150085449219 318.264067173004 317.980130513509 317.175487677256 311.054289340973 312.125007311503 310.313026110331 308.480521043142 305.342892805735 302.827576796214 293.121536572774 290.049453576406 283.748050530752 271.342595418294 273.633539676666 280.359546343486 282.351136207581 289.334734280904 286.380489667257 278.954863548279 281.0933192571 282.187561194102 281.559745470683 272.685428460439
332.438906033834 334.417819976807 336.875279744466 338.523467381795 340.45930703481 341.972470283508 340.294559796651 338.932991027832 341.38015906016 342.684507369995 340.993920962016 339.24921353658 338.713089625041 338.326176007589 336.012800534566 332.338372866313 331.026871999105 324.469188849131 326.292773087819 328.195214271545 326.700329780579 325.431346893311 323.724548021952 317.938844362895 315.733909606934 315.458873907725 313.838223616282 314.835329850515 314.769009749095 313.873728116353 311.975995699565 309.000273545583 299.274961153666 299.961030483246 293.371319770813 276.70419216156 276.956836382548 284.138401349386 288.237412770589 288.642048835754 279.245595137278 276.631931463877 275.537172953288 270.387053489685 267.845193545024 267.407675584157
331.839084625244 330.450018246969 332.634170850118 336.505889892578 339.439551035563 340.091149012248 341.148376464844 342.736482620239 343.002716700236 341.580629348755 342.579205830892 341.976563135783 339.59698677063 338.454008102417 336.673498153687 332.1879307429 331.541319688161 326.500515143077 326.035539309184 330.298622449239 328.679243723551 325.615406036377 320.764422416687 321.482539176941 316.172381242116 318.167487780253 317.66265630722 315.963963667552 316.363294919332 318.344215552012 318.77342859904 314.094026883443 307.283520698547 305.993914604187 297.482868035634 281.782368818919 275.859316190084 283.494412899017 288.529753684998 279.287278652191 268.030007680257 271.347204844157 271.395683288574 265.65009355545 264.971454938253 268.510719140371
332.005500793457 334.033568700155 335.118333498637 338.159044583638 338.590860366821 337.969303131104 341.885884602865 344.328324000041 344.359834988912 343.734304110209 342.964887619019 343.007802963257 340.582092603048 337.589144706726 336.701353391012 337.511897087097 330.99361260732 327.743053436279 327.721536159515 329.385221004486 327.431778113047 323.175688584646 322.076578934987 320.224563280741 314.74632024765 315.851370493571 317.018250624339 314.267595609029 316.090683142344 318.695445855459 321.628411610921 316.081722577413 307.543973128001 303.836146990458 294.468939304352 281.090060869853 276.874701182048 281.171421209971 280.066430568695 267.860452334086 264.622370402018 275.742530822754 274.356146653493 267.174780368805 266.094962755839 262.150168418884
332.117815812429 337.388316790263 338.675618171692 339.379827181498 338.393847147624 338.080724080404 341.315984725952 343.837817509969 343.109687169393 345.427711804708 343.679428100586 343.425035476685 340.712785720825 337.492068608602 335.792462031047 338.49040667216 332.720498243968 327.123860518138 324.989636739095 323.598126570384 323.666512966156 319.898823897044 319.644411404928 314.235806465149 309.510926405589 309.825936953227 314.348101615906 311.745127042135 312.244474887848 314.999222755432 318.248271942139 313.072999318441 300.939559936523 292.273203531901 268.076837062836 255.602141221364 266.500473022461 274.899701277415 273.932576179504 273.755669593811 281.016886234283 283.213396867116 268.52023601532 260.108570257823 268.160820007324 256.523132324219
333.249509334564 331.733544667562 331.971744696299 333.358446756999 337.027311325073 339.787880579631 340.157270431519 342.356085777283 341.57665570577 343.02282333374 342.414498329163 342.419068018595 341.420571009318 338.134050369263 335.06707350413 332.760711510976 334.155122439067 325.295090675354 319.459497928619 317.348062992096 314.561009407043 316.371858119965 313.523610432943 311.0564549764 308.44920873642 305.85644642512 306.207935015361 306.123793125153 302.874604860942 303.218205769857 306.335667769114 307.678321997325 284.768104553223 260.059992472331 234.588066736857 224.113583564758 237.79308795929 262.505451838175 278.003652890523 274.003505706787 274.942934513092 269.671161969503 256.716191768646 259.335736433665 263.989388942719 241.059402624766
336.024125417074 330.158134301503 327.663958072662 331.190844376882 337.278604507446 341.742118199666 340.653856595357 340.633233388265 341.066837310791 340.250968933105 340.613881746928 340.94500541687 340.830405553182 337.746699651082 334.809859593709 329.807082811991 331.573863824209 322.783788045247 317.032078901927 317.84067551295 316.642125447591 313.612182935079 311.861515045166 308.228274186452 306.651910146077 304.990450541178 303.950508435567 303.543408711751 301.927288373311 296.307981014252 290.40124018987 283.830225467682 260.698676109314 235.757410526276 226.284921169281 222.289840380351 215.345084667206 225.259701410929 241.209149360657 260.89084148407 266.916433970133 257.124324639638 252.590656280518 255.77567021052 247.218906879425 226.856092611949
336.372057596842 333.107352256775 331.002811590831 332.749088605245 337.771773338318 341.468612353007 342.186689376831 339.700182278951 341.91636244456 339.166641235352 339.993119239807 339.851975440979 338.395317395528 339.200933774312 331.557909647624 328.540325164795 329.643468062083 323.584119478862 319.201827049255 320.087532202403 319.794297218323 316.368460655212 313.805997371674 311.879674593608 308.417061964671 307.278215885162 305.238982041677 302.927533785502 299.64276154836 292.882978916168 283.775130907695 275.520384311676 252.746959527334 239.285409450531 242.920279502869 245.900591214498 238.305111726125 228.384534517924 219.319979349772 228.068947792053 244.628389676412 237.489104270935 230.884671211243 224.462489287059 220.250308513641 217.10197130839
338.640411694845 337.287147839864 333.375612894694 331.168055534363 334.397951761882 340.613921483358 341.334740320841 338.694055875142 338.440497716268 340.733170509338 339.981158574422 340.759793917338 336.468935012817 336.936553319295 331.644793351491 329.974452654521 329.509834448497 324.99619325002 322.324474652608 318.705519040426 319.28280989329 317.22625096639 316.303352514903 315.858046213786 312.331895033518 307.876964410146 303.722639878591 297.715286413829 291.979153951009 288.162767887115 285.836637020111 280.666251977285 260.19553343455 253.675540288289 257.732073465983 264.98951514562 275.187651316325 271.396100521088 254.828254381816 225.130995114644 224.115153153737 225.903709729513 223.237792650859 220.881342887878 226.362407207489 232.851624488831
340.069929758708 339.193264643351 337.279081344604 332.409977912903 330.529908339183 335.968057314555 338.397105534871 338.714003562927 334.47257677714 336.387236913045 337.976495424906 337.611039479574 334.803859392802 334.339539210002 331.847727298737 329.473813374837 329.862177371979 325.735767682393 321.885108947754 320.64300775528 321.177919705709 317.181309064229 316.004693508148 312.096973260244 310.139278570811 307.112435499827 293.593684832255 275.387167930603 270.896395047506 275.792439778646 283.787886301676 278.974632422129 261.78914308548 254.989842573802 262.083450953166 272.475938002268 288.379927476247 295.91824611028 287.40672270457 255.742311477661 229.613880316416 232.492864131927 240.468303362528 251.076638698578 261.02215051651 264.697889486949
338.924924532572 337.922334671021 338.449716567993 335.25808652242 330.491820971171 333.139955997467 335.880478223165 335.726777712504 334.190368652344 330.789128939311 335.165500640869 335.825045903524 333.980242411296 333.180785179138 332.834601402283 328.939696153005 328.370531400045 325.498998165131 322.333931922913 320.008913675944 321.421523888906 319.848815600077 316.354016462962 311.744729677836 310.80961227417 309.996863206228 294.207890828451 278.186440467834 277.687549591064 282.471557458242 288.913627465566 280.69931268692 269.557734330495 269.371549288432 281.608045101166 284.837941328685 290.564060211182 276.898960272471 246.80624405543 238.77614736557 249.390482902527 259.514848391215 254.465858141581 247.645755608877 249.115427335103 260.132471720378
331.95294936498 335.607012112935 335.129340489705 335.302432378133 329.395174980164 327.383418877919 335.330088933309 334.477186203003 330.332597096761 328.981300195058 333.112557729085 335.049867630005 333.077232042948 331.017434597015 330.687006314596 327.658871809642 323.952416578929 323.015908400218 321.306983629862 321.397026379903 321.112036705017 318.195223808289 318.784674008687 314.314881960551 313.220381736755 313.876946767171 306.737045447032 305.414418379466 299.669325351715 295.824150244395 293.768127759298 283.758223056793 280.64622481664 278.225382169088 275.935113430023 261.903862158457 243.430336316427 208.090841770172 190.5517578125 227.420727411906 263.350824515025 265.790581703186 245.368679364522 240.037798881531 251.93723042806 265.690902868907
325.461427370707 333.436091740926 332.585076491038 329.778770605723 328.992207845052 321.978052457174 328.063388665517 333.769083023071 333.942810694377 328.941345214844 330.955783526103 332.162022590637 333.152711391449 329.935491085052 328.458944956462 326.383809248606 323.634147644043 320.851604143779 318.08344523112 316.574513912201 317.374606927236 316.108266512553 314.872960249583 315.175692240397 312.844812870026 317.902207374573 318.471848964691 319.145301977793 306.017657121023 303.824961185455 293.981929620107 282.346844673157 279.198169708252 262.457807858785 235.197146733602 202.744046847026 191.371023654938 183.423320452372 178.76281340917 203.031063079834 230.193634827932 248.248259226481 247.098545233409 259.710192680359 290.173947811127 299.752036730448
