input/barkrak2/radiation/dir16424.grid
NCOLS 85 
NROWS 70 
XLLCORNER 665100 
YLLCORNER 4664600 
CELLSIZE 20 
NODATA_value -9999 
[rows 40 to 59 of 70, columns 0 to 45 of 85]
343.116283416748 343.780159950256 343.744874000549 345.355312029521 349.31214650472 351.86243057251 353.868087132772 356.053749720256 356.109380722046 350.325067838033 342.371503512065 340.072711308797 337.851246198018 334.994872411092 332.104523976644 331.64511124293 330.317616462708 328.271289666494 322.763025760651 321.399629116058 323.135217030843 324.033319950104 323.453585306803 319.413920243581 317.93479124705 313.768227895101 318.695664405823 319.35707728068 319.661617279053 319.020211696625 318.366527557373 313.671906789144 288.215100765228 283.025105794271 303.630312283834 303.89928817749 295.217355092367 295.406818389893 295.383969942729 283.466974894206 291.788478692373 331.668754418691 351.724068323771 308.563907941182 249.326427777608 205.081363519033
347.694317499797 345.668077468872 345.814307530721 346.410552660624 344.652573267619 343.39960416158 343.242526054382 344.332098960876 347.287933031718 342.545747756958 337.365349133809 338.552077611287 338.841080665588 338.059743245443 336.146831512451 333.818435668945 329.70122496287 333.436846733093 331.174314022064 326.193869113922 326.680024464925 326.71187321345 325.037578741709 324.829419453939 324.053446451823 321.651836236318 321.983218193054 322.042465209961 321.536024411519 321.717460950216 320.144553979238 314.486503601074 295.279781023661 294.393102327983 305.467486381531 296.593070030212 282.320300738017 282.983978589376 290.581067403158 295.08501291275 308.40661128362 320.834199587504 334.591468175252 334.081729253133 292.08246866862 242.134908835093
348.985552787781 347.611665725708 349.291960398356 348.363161087036 344.602664311727 343.305746714274 343.135754267375 342.404166857402 342.026313145955 340.081771214803 337.656378746033 336.725155512492 339.232563972473 340.502222379049 338.147044181824 336.708585421244 332.483073075612 334.669669469198 334.815303484599 329.313317934672 328.629533449809 325.401206811269 322.186668713888 323.870937029521 325.758735338847 322.306414445241 319.044589996338 320.687611897786 321.527222792308 320.662081241608 318.670491377513 311.760147412618 302.42908000946 303.37381362915 302.223145961761 285.945216814677 271.117250124613 277.191122372945 292.438149452209 304.689943790436 312.666257222493 310.648719469706 307.051559289296 312.374969323476 297.929704189301 248.340368270874
341.465632120768 343.165119489034 347.611308097839 346.057335535685 346.804857254028 347.868363062541 348.787188529968 346.89736366272 341.153701146444 339.706182479858 340.916236241659 338.077306747437 338.610053062439 338.865876197815 339.542150497437 335.769971211751 335.347414016724 335.637052853902 336.453358332316 332.212011019389 327.836950620015 326.845109462738 324.209908644358 323.117514451345 324.015041192373 323.598921298981 318.874736626943 319.247941176097 320.640921592712 318.741639455159 315.305987993876 308.27675263087 307.288865248362 307.608922322591 294.085085391998 271.542350451152 266.916116078695 281.010468800863 300.624946753184 305.62432607015 305.578192075094 301.237483819326 293.553551038106 291.920026143392 285.943508148193 255.390187104543
341.328859329224 344.792286554972 346.120953559875 345.904668172201 346.906622250875 347.967823346456 347.378253936768 345.600724220276 343.30677986145 341.680566469828 341.92434946696 339.848478635152 336.973031361898 335.383335749308 334.325710932414 333.426475524902 331.519027551015 334.858139355977 335.001031557719 334.058841069539 330.577731132507 328.213274478912 326.829314231873 326.378226280212 321.9286998113 326.351324717204 325.316588083903 322.360714276632 318.649351596832 315.748492876689 309.552351633708 304.649571577708 303.156097730001 298.813462257385 285.962164402008 269.432127475739 270.72286605835 286.740183830261 302.252610524495 300.744314988454 302.194237709045 294.643660386403 282.116373380025 277.363777160645 278.111716111501 267.21070210139
345.050930976868 347.296953201294 345.694820086161 346.929987271627 346.144159634908 345.8624680837 346.109867095947 345.655520757039 346.124251683553 343.549092610677 343.319098154704 341.170390446981 338.851610819499 335.348963737488 333.819548288981 337.599833806356 331.584572792053 334.050337473551 336.372415224711 334.615270296733 332.021435101827 330.632468064626 329.12556330363 328.838884830475 326.749006907145 325.612187385559 326.713303724925 324.098070462545 319.290002187093 315.886934598287 309.546788533529 305.03257115682 302.752912044525 293.695727984111 278.782208760579 263.896882534027 269.208749135335 286.689500013987 294.348935286204 288.434565067291 293.940603733063 285.595893859863 273.7824122111 276.438335577647 286.923309167226 278.387387593587
345.058997472127 345.80405553182 346.888661384583 347.463687260946 346.643567085266 346.819043159485 347.211360931396 348.059217135112 346.215605735779 346.076965332031 344.138820966085 343.896389007568 341.151237487793 339.679519335429 338.457862536112 339.5836353302 338.280081748962 333.914717038472 336.94593111674 335.459232330322 332.877635955811 332.282106081645 329.376538594564 324.32355483373 328.194737434387 323.688983917236 321.5012550354 321.101029713949 319.06004746755 315.862456957499 309.660712877909 307.222425937653 301.135420799255 290.330290794373 276.857316493988 265.566170215607 273.132920265198 286.027948061625 284.127036730448 285.93122959137 292.686899503072 281.630714734395 277.336537837982 284.336407979329 293.381810188293 285.261213779449
342.52405166626 343.295653661092 346.062183380127 345.813274383545 347.17071056366 347.700238227844 346.948345502218 346.494356791178 345.458706219991 347.21299012502 345.160325368245 343.550642331441 341.952522595723 342.160662015279 339.893023173014 339.81192111969 338.344931602478 332.595785458883 335.046847661336 335.187713305155 330.874919891357 328.565061092377 330.852925777435 323.286533355713 324.880639712016 322.174747784932 317.997813224792 317.140161991119 316.883822282155 314.800639947255 310.212771097819 307.669162750244 298.99791876475 295.483489831289 287.926256656647 275.122543176015 277.680198351542 284.865220387777 286.824703216553 293.365736802419 290.661493937174 283.419887224833 285.323520501455 286.235292752584 285.851756731669 277.572949727376
338.776230812073 340.035319328308 343.014081319173 343.962510426839 346.950769424438 347.154060999552 345.55447101593 344.883561134338 346.543908119202 347.776452700297 346.941749254862 344.444990158081 343.904892603556 343.459685643514 342.321316401164 338.811318079631 337.558309237162 332.796990871429 333.013157049815 333.28765630722 333.314259847005 330.464839935303 330.435792605082 324.856440226237 320.654988288879 324.138224124908 320.667843023936 319.756944974263 321.21064265569 318.545718987783 317.86702076594 314.71182902654 305.978814760844 305.472274621328 297.406772772471 280.101358890533 280.445357163747 288.21607430776 292.851646741231 293.265402317047 283.748884995778 281.224568684896 280.206481615702 274.840573469798 272.316892941793 271.910349527995
338.211933771769 336.190819740295 338.270783424377 342.677195866903 344.792326291402 345.996618270874 346.369028091431 347.886363665263 348.827123641968 346.730311711629 347.684979438782 347.88970152537 345.694382985433 343.592286109924 342.936237653096 338.657339413961 336.742003758748 331.61739508311 332.759320735931 335.283199946086 335.210243860881 332.249124844869 329.44393157959 328.254024187724 323.163191477458 324.902892112732 322.417378425598 320.608774820964 322.81901439031 324.433426062266 322.756131490072 317.928194999695 311.355690161387 310.167888800303 301.55352751414 285.218834877014 279.01295820872 287.002563476562 293.090720971425 283.557951450348 272.361397743225 275.990645090739 275.819520155589 270.133018493652 269.575238227844 273.391624291738
338.337580362956 339.659134546916 341.407259305318 344.309290250142 343.972762425741 344.038565953573 347.081263860067 349.396944046021 349.428256352742 349.526484807332 348.827083905538 348.02774588267 346.601804097493 343.789974848429 341.786980628967 343.713084856669 337.517221768697 334.481716156006 334.364732106527 335.906783739726 333.982189496358 333.507974942525 328.817884127299 324.92059469223 321.688771247864 322.649260361989 321.533044179281 320.978840192159 322.595218817393 324.852248032888 325.393994649251 319.573243459066 311.173001925151 309.008181095123 298.71141910553 284.958402315776 280.271013577779 284.594535827637 284.089684486389 272.085626920064 269.341687361399 280.110736687978 279.070953528086 271.383126576742 270.497600237529 266.571521759033
338.512500127157 343.58286857605 344.011704126994 345.466494560242 343.795259793599 343.494415283203 347.269018491109 348.934133847555 348.929683367411 351.121346155802 349.470774332682 348.430037498474 345.721483230591 343.694567680359 342.113216718038 343.33590666453 340.523521105448 333.779613176982 329.823215802511 330.338954925537 328.500390052795 328.598300615946 324.410279591878 319.00680065155 316.588838895162 316.853622595469 318.92728805542 318.587144215902 316.656390825907 319.202582041423 322.174330552419 318.097909291585 305.418292681376 296.443144480387 272.950232028961 260.439813137054 270.855208237966 278.811097145081 277.360538641612 277.198195457458 284.795224666595 288.123071193695 272.509217262268 264.428317546844 272.356669108073 261.352479457855
338.782548904419 338.176488876343 337.562640508016 339.722712834676 342.486262321472 345.120946566264 345.458348592122 347.52631187439 347.513437271118 348.896662394206 347.405234972636 348.281661669413 347.338318824768 344.286839167277 341.416239738464 339.176336924235 339.055299758911 330.148259798686 324.375510215759 322.343389193217 323.509732882182 321.287572383881 320.519328117371 315.963049729665 315.566857655843 310.676316420237 310.978849728902 310.842096805573 309.974610805511 307.783345381419 310.796856880188 311.828513940175 288.607855637868 265.051086743673 239.560961723328 229.518830776215 243.209302425385 267.493923505147 282.052636146545 277.725478013357 278.184990088145 273.466110229492 261.026263237 263.847947120667 268.310606479645 245.403786500295
341.563781102498 335.885405540466 333.394447962443 336.827953656514 343.483924865723 346.97429339091 346.694707870483 346.648852030436 347.064733505249 346.3161389033 346.622387568156 346.917549769084 346.761425336202 345.094045003255 339.688857396444 337.889790534973 338.010231653849 327.627778053284 321.916699409485 324.763139088949 321.526408195496 320.639550685883 316.754341125488 315.379718939463 313.831607500712 309.852182865143 308.784584204356 308.346331119537 306.728402773539 301.145613193512 295.427799224854 288.668314615885 265.84662993749 240.256051222483 231.151044368744 227.64641046524 220.547238985697 230.970978736877 246.532599131266 265.425483385722 270.678778489431 261.01020971934 256.782253583272 260.273377100627 251.755038897196 231.015741825104
342.556635538737 338.766733805339 336.658279101054 338.251352310181 343.97562344869 347.480297088623 348.151564598083 345.783313115438 347.873687744141 345.291137695312 346.055865287781 345.904429753621 344.47713692983 345.239679018656 338.00462881724 338.43203385671 336.119890213013 328.347742557526 323.984046777089 324.865659077962 324.58104689916 321.213285128276 318.660855293274 316.655516624451 313.200215498606 312.055468559265 310.025950272878 307.764212290446 304.57595984141 300.038536389669 289.004604021708 280.555367469788 257.093211015065 243.253171443939 247.073451677958 250.6516178449 243.861615657806 236.075480779012 226.020554701487 233.544111251831 249.898135662079 241.935094197591 235.565106074015 229.659597078959 225.302577018738 221.406181653341
344.173828760783 343.449632326762 339.761813481649 336.653709411621 339.791854222616 345.760345458984 347.347497940063 344.837665557861 344.61251894633 345.679084459941 346.034288406372 346.747875213623 343.902826309204 341.654181480408 336.329539616903 336.440523465474 335.959196090698 331.640720367432 327.012916405996 325.56935151418 324.112296104431 322.031080722809 321.008483568827 320.450146993001 316.984057426453 314.944227536519 308.513323465983 302.702903747559 299.21966791153 293.357312679291 291.022519270579 285.624861717224 264.53294356664 257.391214370728 261.258006095886 268.748025099436 279.962102572123 276.460687319438 260.101854801178 230.715771516164 229.972342650096 230.453073978424 227.618515491486 225.768029689789 231.41348361969 237.291057904561
345.543622970581 345.259149869283 343.494613965352 338.842709859212 337.100386619568 342.400471369425 344.581723213196 343.862096468608 340.860843658447 344.053546587626 346.915284792582 343.717853228251 342.438181241353 340.570092201233 338.206728299459 334.161718686422 334.495902061462 330.362677574158 328.643520673116 327.421128749847 325.938284397125 324.037810166677 320.652902126312 316.73530737559 314.821024735769 314.180274804433 300.871272881826 282.818158467611 276.470442612966 281.2393506368 289.021690686544 284.014582633972 266.255935033162 258.987923463186 265.696485837301 275.751272837321 291.862527529399 301.52149995168 291.850944360097 260.947585105896 234.842797120412 237.350245316823 244.584719340007 255.464017391205 265.755951404572 268.841703732808
344.965537389119 343.431035677592 344.612916310628 341.583689053853 337.046941121419 339.68194325765 342.203458150228 343.179980913798 340.600927670797 337.274352709452 341.426928838094 341.99579556783 338.765144348145 337.844769159953 339.135527610779 333.705186843872 333.074927330017 330.186645189921 327.006598313649 326.778988043467 326.009849707286 324.380914370219 320.960481961568 316.453079382579 315.528174241384 314.853509267171 300.910989443461 283.769965171814 283.187588055929 287.720561027527 293.94934574763 286.765952905019 274.224023024241 273.16818634669 285.069843133291 288.253088792165 294.453978538513 282.877385616302 251.621166865031 242.992361386617 254.025816917419 263.830463091532 258.975982666016 252.663056055705 254.198590914408 264.973680178324
338.303526242574 341.896136601766 341.485420862834 341.629823048909 338.621457417806 334.157705307007 341.691772143046 340.829292933146 338.492592175802 333.650867144267 337.782939275106 339.791695276896 339.372873306274 335.765441258748 335.39080619812 332.426031430562 330.649316310883 329.726020495097 325.877626736959 328.096489111582 327.77859767278 324.960271517436 323.337018489838 318.960289160411 317.873577276866 318.601489067078 312.856833140055 310.441931088765 306.710402170817 302.794992923737 298.400441805522 288.411676883698 284.685810407003 281.713326772054 280.523359775543 266.764044761658 247.539440790812 212.920288244883 195.875843365987 232.674976189931 268.229484558105 269.86970504125 249.106725056966 244.129578272502 256.931622823079 270.852049191793
332.147002220154 339.85161781311 340.121785799662 337.679425875346 337.085922559102 333.75624815623 334.782163302104 340.169827143351 340.279181798299 333.459893862406 337.422132492065 338.508129119873 339.434266090393 336.40189965566 333.164791266123 332.949201265971 328.436255455017 325.522323449453 322.736044724782 321.27724091212 322.043200333913 322.968105475108 321.736613909404 319.822907447815 319.69960530599 322.443008422852 322.706441084544 323.202133178711 310.123383998871 308.028380076091 298.517823219299 286.981840928396 284.954170385997 267.47852563858 238.685568173726 209.311922391256 195.609847704569 188.11837832133 184.359113375346 209.302226702372 236.067672570546 253.27475865682 250.875473022461 263.074080149333 293.854832649231 303.824802239736
