input/barkrak2/radiation/dir15124.grid
NCOLS 85 
NROWS 70 
XLLCORNER 665100 
YLLCORNER 4664600 
CELLSIZE 20 
NODATA_value -9999 
[rows 40 to 59 of 70, columns 0 to 45 of 85]
335.236390431722 335.997899373372 335.954030354818 337.684830029805 342.106183369954 345.000664393107 347.256501515706 349.323391914368 350.031733512878 342.725276947021 333.97654692332 330.614844957987 327.706396579742 325.762589772542 323.46651951472 322.596768538157 321.57023747762 319.262444972992 313.865502675374 312.010010083516 314.372420310974 316.991051038106 317.506591478984 312.893768151601 309.544761975606 306.571960449219 312.651832898458 312.77984380722 312.554101149241 312.102595965068 311.732451121012 307.459950447083 283.725162347158 279.45597966512 300.904949506124 301.304717858632 292.107741038005 291.705409685771 292.112350463867 281.312584877014 290.324846903483 328.558882077535 344.082236289978 297.466337680817 235.579272111257 193.247596422831
339.722474416097 338.066657384237 338.224291801453 338.825146357218 336.892684300741 335.537672042847 335.336009661357 336.519201596578 338.381846745809 333.064138889313 327.431420485179 327.682137489319 328.970392545064 329.318741957347 327.412088712056 324.954549471537 319.077531496684 323.238809903463 323.875645796458 317.302227020264 319.553434848785 319.84160343806 317.828933397929 318.19619735082 317.683478196462 313.348809878031 315.803905328115 316.154996554057 315.13923406601 315.469264984131 313.574949900309 308.428764343262 290.347258249919 290.953954060872 302.033424377441 292.823831240336 278.529167175293 278.335054715474 285.396456718445 290.644705295563 305.837690830231 318.511644999186 329.848349094391 324.615160624186 279.199957847595 230.371495087941
341.305096944173 339.793165524801 341.607332229614 341.046969095866 336.934566497803 335.479855537415 335.221966107686 332.982341448466 333.338975906372 330.479264259338 328.699966271718 327.70315806071 329.302847385406 331.887622674306 329.463005065918 326.541264851888 324.910899003347 327.499449253082 327.95254389445 322.291274865468 319.64906056722 319.67697540919 316.27744436264 316.740036010742 318.678438663483 315.498133500417 310.096581776937 312.21608320872 313.47382068634 312.786837418874 312.445362408956 305.362065633138 297.289649645487 299.785673618317 299.172401428223 282.145281632741 266.890247662862 272.466540336609 287.083248297373 299.622277418772 308.036287625631 306.325117746989 301.665902137756 304.044087727865 286.328474680583 235.470732053121
333.383123079936 334.774971008301 339.667161305745 338.006456693013 338.926951090495 340.522448221842 340.426683425903 338.086843490601 332.416474819183 330.889225006104 332.240521907806 329.165816307068 329.74773645401 330.163896083832 329.636772473653 328.296879927317 328.050295511882 328.494608402252 327.894330024719 325.035452842712 320.580701033274 317.941764990489 315.245191256205 314.02991215388 314.970235029856 316.589156786601 310.152312119802 310.474296410878 311.007718245188 310.562252998352 307.286381721497 300.134400526683 300.258795420329 301.969170570374 290.20627339681 267.527103424072 262.718002001445 276.57687664032 295.662144819895 300.26509364446 300.087511539459 295.920590559642 287.9452308019 284.17698542277 274.767239888509 242.412706216176
333.173970381419 336.92999680837 338.404496510824 337.791959444682 338.396946589152 339.633345603943 339.473207791646 337.502598762512 334.900220235189 333.020110925039 333.332578341166 331.093410650889 328.032275040944 326.369325319926 326.561729113261 325.754324595133 322.343766689301 327.504992485046 327.717979749044 325.250903765361 321.566621462504 319.284955660502 317.853550116221 317.411998907725 312.839468320211 317.927261193593 317.084312438965 314.019044240316 312.103807926178 309.235036373138 302.949011325836 297.734042008718 296.533167362213 292.786161104838 280.7910044988 265.00141620636 266.576528549194 282.620489597321 297.73070414861 295.327564080556 296.371579170227 289.236982663472 276.772141456604 270.630300045013 268.204808235168 255.298753579458
337.207714716593 339.685320854187 337.44756380717 338.4081919988 337.570110956828 337.754845619202 338.073293368022 337.541341781616 338.022589683533 335.147380828857 333.904186884562 333.694537480672 330.065051714579 327.528317769368 326.021730899811 328.770279884338 323.90966018041 325.106561183929 327.673276265462 325.84677139918 323.127269744873 321.747461954753 318.595051765442 318.253477414449 317.943632602692 314.950207869212 318.395555019379 315.856258074443 311.078170935313 309.2942237854 302.866518497467 298.292577266693 295.083324114482 286.402801672618 272.716303666433 258.560498555501 264.275372028351 282.00763463974 289.250413576762 282.488663991292 287.655452887217 279.827475547791 268.336653709412 270.622452100118 279.072860876719 267.903208732605
337.209939956665 338.028828303019 338.746627171834 338.968634605408 338.6443456014 338.223059972127 339.266498883565 339.611768722534 338.150103886922 337.092558542887 336.772799491882 336.520195007324 333.663543065389 330.967903137207 330.939094225566 332.297066847483 329.609453678131 324.965059757233 328.296502431234 325.28301080068 322.536369164785 322.019477685293 320.540805657705 315.309842427572 319.606900215149 314.82454140981 314.629356066386 314.316789309184 310.76701482137 307.802776495616 301.803052425385 299.271802107493 293.510278065999 283.3345135053 270.699501037598 260.146180788676 267.57017771403 280.487656593323 278.835614522298 280.335485935211 286.598086357117 275.744060675303 271.981875101725 279.224514961243 287.189284960429 276.650945345561
333.807071050008 334.680557250977 337.769389152527 337.644537289937 339.228669802348 340.357542037964 338.247696558634 337.883909543355 338.09487024943 339.218457539876 337.891499201457 335.167050361633 334.512074788411 334.763288497925 332.537015279134 331.181208292643 329.657832781474 323.518971602122 324.717263380686 325.019737084707 321.975072224935 319.670955340068 322.137514750163 314.197639624278 315.996686617533 313.30813964208 308.979094028473 308.425704638163 308.469613393148 303.749938805898 302.383422851562 299.919823805491 291.400909423828 288.495759169261 282.2505235672 270.611226558685 272.666613260905 279.082417488098 281.191150347392 288.242399692535 285.248378912608 277.621229489644 279.993176460266 281.286756197612 280.410289764404 270.905594031016
329.68016465505 331.073562304179 334.364096323649 334.861238797506 338.253259658813 339.864015579224 337.500731150309 336.719433466593 339.271664619446 339.837272961934 338.924765586853 337.085127830505 335.539142290751 335.115194320679 332.649290561676 330.078721046448 327.428976694743 320.531626542409 324.110150337219 324.58374897639 321.423411369324 321.712553501129 319.959839185079 315.993209679921 311.672151088715 311.598817507426 308.073302110036 307.311415672302 309.599081675212 310.82938114802 310.659130414327 307.758271694183 296.71307404836 298.65562915802 292.484978834788 276.335179805756 276.510934034983 283.188064893087 287.122984727224 287.752628326416 278.153002262115 274.956742922465 274.125516414642 269.033551216125 266.464134057363 265.996515750885
328.358272711436 326.09087228775 329.186638196309 334.031065305074 336.430430412292 337.871551513672 339.004913965861 340.025266011556 340.981364250183 339.475433031718 339.757124582926 339.95799223582 337.525526682536 335.260113080343 332.135399182638 328.669806321462 327.973266442617 322.641650835673 322.194933891296 323.394417762756 325.116952260335 321.92850112915 318.899591763814 315.450926621755 310.038606325785 310.229579607646 313.947478930155 312.264660994212 314.956565697988 317.19172000885 316.219806671143 313.409288724263 305.24750550588 303.699433803558 295.595208803813 281.397819519043 275.701324144999 282.853980859121 287.042498588562 277.627984682719 266.786535580953 269.921561082204 269.720335801442 264.257669448853 263.464609781901 266.853551069895
328.593413035075 330.641011397044 331.720252831777 335.76512336731 335.478862126668 335.626324017843 339.751680692037 342.332720756531 341.702024141947 341.75165494283 341.002782185872 340.183019638062 337.563872337341 333.174486955007 333.422780036926 334.29217338562 327.410022417704 324.031074841817 322.04141219457 325.802266597748 325.682838757833 321.412523587545 316.159824530284 311.806519826253 308.445672194163 311.989665031433 313.273747762044 312.829871972402 314.817011356354 317.697882652283 320.955276489258 314.321716626485 305.94535668691 304.120282332102 293.386399745941 280.318220456441 276.508450508118 280.982494354248 279.483437538147 266.507764657338 263.263722260793 274.49889977773 273.267070452372 265.611668427785 264.788647492727 260.813415050507
328.584094842275 334.927519162496 335.441509882609 337.041656176249 336.00660165151 334.970593452454 339.131951332092 341.103275616964 341.091672579447 342.758933703105 340.917547543844 339.758078257243 337.745984395345 334.274888038635 330.945750077565 335.340936978658 329.267303148905 323.31128915151 321.096738179525 321.725845336914 319.918751716614 316.03866815567 313.567121823629 310.151696205139 307.664016882579 308.074196179708 310.435394446055 310.207724571228 310.8096520106 311.440308888753 315.23597240448 312.642375628154 300.539275010427 290.42120774587 266.294439633687 253.808756669362 265.22421836853 274.285952250163 273.603538672129 273.435632387797 280.33443291982 282.187263170878 266.631007194519 258.85279973348 267.056087652842 254.85356648763
329.721728960673 329.048911730448 329.270084698995 330.743054548899 334.572434425354 336.726864178975 336.222410202026 339.485009511312 338.647445042928 340.157747268677 339.567065238953 339.588721593221 339.585542678833 334.977467854818 331.648786862691 329.308092594147 327.579855918884 321.416636308034 315.365195274353 313.274701436361 312.522451082865 312.342286109924 311.640799045563 306.858658790588 304.194609324137 301.555633544922 301.983733971914 301.955958207448 301.151812076569 301.592727502187 304.879705111186 306.670347849528 284.022649129232 258.939623832703 232.15792576472 221.570213635763 235.313177108765 260.591606299082 277.058720588684 273.709932963053 274.702588717143 268.929799397786 255.204955736796 257.898092269897 262.751539548238 239.798744519552
333.414753278096 326.53401295344 324.792504310608 328.446427981059 334.838509559631 338.757316271464 337.575356165568 337.608059247335 338.06586265564 337.170243263245 337.615410486857 336.816906929016 337.936162948608 334.61590607961 329.813917477926 326.226770877838 324.546277523041 318.845689296722 315.034111340841 315.872669219971 314.701239267985 311.657647291819 309.899687767029 306.227167447408 302.32979853948 303.03430557251 302.028695742289 299.278100331624 297.667562961578 294.402658939362 288.348197937012 282.090624173482 258.709947268168 234.313448270162 224.462409814199 219.298263390859 211.815476417542 222.372194131215 238.85444800059 259.848753611247 265.597323576609 255.875587463379 251.421928405762 253.733257452647 245.714068412781 225.609083970388
333.76681804657 330.36607503891 327.380339304606 329.174141089122 334.459940592448 337.430556615194 339.195330937703 336.602449417114 338.956276575724 334.827502568563 336.926539738973 334.130843480428 335.328777631124 331.749061743418 328.050176302592 326.77948474884 326.124449570974 319.720645745595 315.152227878571 318.243702252706 315.90594847997 314.481635888418 311.901529630025 310.025374094645 304.153800010681 305.412650108337 303.367296854655 298.650960127513 297.66724507014 288.690765698751 279.675265153249 273.572603861491 251.419226328532 238.244156042735 241.733988126119 244.144717852275 235.667447249095 225.41751464208 216.358323891958 225.485503673553 242.491364479065 236.115574836731 229.26930586497 222.317536671956 218.231876691182 215.674698352814
335.563540458679 334.051251411438 330.747385819753 326.380670070648 329.773644606272 336.413979530334 336.206356684367 334.420363108317 335.244576136271 336.42319838206 335.457364718119 334.918101628621 333.303570747375 332.26470152537 328.174312909444 326.440771420797 327.862143516541 323.312918345133 318.425297737122 316.886365413666 315.384427706401 313.259164492289 312.305668989817 311.866005261739 308.228214581807 306.132058302561 301.858683427175 295.676330725352 289.818664391836 284.030238787333 281.856636206309 278.818011283875 258.905947208405 252.929250399272 257.169485092163 264.257431030273 273.821413516998 268.75380674998 251.896480719248 222.407778104146 220.978458722432 224.389572938283 221.760272979736 218.898018201192 224.245349566142 231.365740299225
336.45490805308 335.355202356974 333.037853240967 328.78710826238 326.773444811503 332.561075687408 335.176666577657 334.439198176066 329.567492008209 333.029270172119 334.794203440348 334.492683410645 333.114047845205 332.726995150248 330.278138319651 325.910727183024 328.234096368154 324.063976605733 318.010648091634 318.871815999349 315.257827440898 315.471430619558 311.968008677165 310.369233290354 308.382928371429 305.270791053772 291.333635648092 272.73823817571 268.218775590261 273.296892642975 281.576673189799 277.040799458822 260.379711786906 253.99112701416 261.464158693949 272.19941218694 287.98512617747 295.234620571136 286.181648572286 253.945310910543 227.309981981913 230.721930662791 239.313145478566 249.716182549795 259.497543176015 263.628363609314
335.853735605876 334.003289540609 334.256251653035 330.537418524424 325.356006622314 328.081925710042 331.137696901957 331.047793229421 327.567517757416 327.148159344991 331.821064154307 334.198594093323 330.705960591634 331.533789634705 329.487045605977 325.370212395986 324.806749820709 321.792085965474 318.484266599019 318.330605824788 317.627211411794 316.010216871897 312.394996484121 309.964776039124 309.041778246562 308.198710282644 292.051593462626 274.030685424805 275.083641211192 280.128161112467 284.592111905416 277.405361334483 267.243643601735 268.233974774679 281.202952067057 284.764766693115 290.263652801514 274.162252744039 245.109697182973 237.526714801788 247.785766919454 258.263826370239 253.085017204285 245.775659879049 247.048914432526 258.325258890788
328.544835249583 331.34005467097 331.643164157867 330.585579077403 322.345932324727 321.820040543874 328.951418399811 331.090807914734 328.40629418691 325.243751207987 329.63494459788 333.36599667867 331.382870674133 327.523807684581 327.227115631104 324.076116085052 320.187568664551 319.206555684408 319.657544294993 319.81748342514 319.60254907608 316.628197828929 317.199071248372 310.326357682546 311.537683010101 312.25707133611 305.096507072449 301.900227864583 297.90469010671 294.209063053131 292.157590389252 282.208224137624 278.436462084452 277.748942375183 274.444838364919 261.241396268209 242.367466290792 206.164956092834 188.106040159861 225.068132082621 261.566360791524 264.781475067139 244.678854942322 238.905787467957 249.995013078054 263.619085152944
320.638914903005 328.862766424815 328.953524430593 324.445128440857 323.554674784342 319.723665714264 324.195901552836 330.315947532654 330.480317274729 327.313840389252 329.225420951843 330.419858296712 329.876104990641 326.424221197764 326.753973960876 324.643135070801 319.847464561462 316.913922627767 316.32258494695 314.783414204915 315.652310848236 314.403692881266 313.184936841329 311.245759328206 311.248083909353 316.478530565898 315.967996915181 318.153540293376 304.775675137838 302.547017733256 292.504668235779 280.803720156352 276.63799126943 261.390785376231 233.748157819112 202.188154061635 190.482934315999 181.458353996277 175.952970981598 199.711044629415 226.434787114461 246.24768892924 246.363500754038 259.310404459635 289.62500890096 298.878987630208
