input/barkrak2/radiation/dir19824.grid
NCOLS 85 
NROWS 70 
XLLCORNER 665100 
YLLCORNER 4664600 
CELLSIZE 20 
NODATA_value -9999 
[rows 0 to 19 of 70, columns 0 to 45 of 85]
344.713886578877975 348.1498559316 348.53450457255 345.622022946676 340.925455093384 335.703611373901 328.07735602061 321.804205576579 326.595902442932 325.568934281667 322.498420874278 330.109596252441 336.252172787984 336.151917775472 339.192787806193 346.970359484355 347.945253054301 336.699247360229 329.736868540446 319.650292396545 298.186262448629 293.975313504537 311.097343762716 318.263014157613 315.118571122487 313.455144564311 313.340028127034 303.441902001699 285.189747810364 278.661251068115 277.12736527125 282.880842685699 293.885032335917 299.421151479085 306.196312109629 298.183639844259 295.33185561498 304.126997788747 302.093247572581 303.419530391693 293.32705338796 275.619387626648 285.498042901357 308.473686377207 313.579400380452 305.436670780182
337.392767270406 343.595345815023 343.900322914124 344.257275263468 343.889156977336 340.010245641073 329.217970371246 319.460233052572 322.571218013763 324.061115582784 319.192310174306 325.02015431722 332.339485486348 333.60767364502 332.762400309245 337.588628133138 338.43739827474 335.843642552694 332.383632659912 325.397968292236 311.294615268707 303.939302762349 309.495766957601 314.558724562327 313.21128209432 310.438752174377 309.508701165517 304.00558312734 288.475930690765 278.99831533432 280.034005641937 290.536085764567 290.640731652578 294.591267903646 304.960628350576 296.628693739573 290.641784667969 290.847977002462 288.007001082102 301.969170570374 299.74110921224 287.937482198079 294.669469197591 312.957505385081 318.935612837474 308.553437391917
316.755652427673 316.19119644165 321.544965108236 327.096184094747 331.055700778961 333.762049674988 335.011720657349 332.432846228282 329.625129699707 326.417187849681 318.311432997386 318.88618071874 326.910595099131 329.23698425293 325.106143951416 328.349073727926 332.499086856842 336.780150731405 336.969216664632 332.371016343435 328.31484079361 320.289254188538 312.721053759257 311.513006687164 313.411017258962 313.044428825378 308.448255062103 301.705102125804 290.638645490011 279.068112373352 277.298291524251 290.396968523661 278.720478216807 285.863180955251 299.85233147939 294.390777746836 279.837608337402 273.013214270274 285.968403021495 301.765183607737 303.478598594666 303.072333335876 304.799338181814 318.267782529195 328.248500823975 315.254330635071
298.872848351796 296.610295772552 297.894696394602 298.818945884705 303.53566010793 306.94321791331 311.472217241923 318.869233131409 328.030327955882 332.465767860413 330.14965057373 328.429063161214 329.543232917786 329.470117886861 325.431923071543 319.699645042419 322.747588157654 327.714085578918 333.560665448507 334.7114721934 332.043548425039 328.685243924459 328.05327574412 322.093685468038 319.799641768138 321.405947208405 315.576394399007 307.276725769043 299.052715301514 290.006677309672 281.127134958903 289.593497912089 279.36855951945 284.94123617808 291.719853878021 292.481780052185 286.742250124613 284.422139326731 301.46332581838 312.968949476878 309.859911600749 301.78028345108 298.573056856791 306.957721710205 318.942268689473 319.620072841644
312.325199445089 296.602725982666 280.342161655426 273.568093776703 276.799003283183 290.273785591125 305.196722348531 312.087059020996 317.379057407379 321.498552958171 330.414017041524 336.548407872518 338.62559000651 338.388323783875 335.443615913391 333.013753096263 330.388029416402 325.857003529867 328.108827273051 332.692245642344 331.904053688049 331.597526868184 334.942499796549 329.847017923991 325.638353824615 325.166424115499 319.962461789449 311.814109484355 303.184707959493 298.111975193024 297.012488047282 296.717266241709 289.570689201355 291.731198628743 289.771676063538 293.399969736735 303.188701470693 308.475375175476 316.439747810364 320.590019226074 318.964123725891 311.165432135264 304.129342238108 300.645252068837 306.009729703267 324.242333571116
336.296637852987 317.13475783666 297.869165738424 278.516868750254 271.412591139476 279.135187466939 298.005481561025 310.084184010824 312.523583571116 312.723894913991 318.15363963445 326.988538106283 330.793440341949 333.777189254761 336.573441823324 337.541580200195 334.085504213969 326.941748460134 326.073010762533 329.421162605286 329.265236854553 332.076172033946 338.278214136759 335.500876108805 331.390738487244 330.385784308116 324.204703172048 315.551280975342 305.764675140381 299.412628014882 299.885491530101 297.653615474701 301.881949106852 307.185391585032 301.890969276428 299.102465311686 307.182590166728 314.180433750153 317.131161689758 317.458589871724 317.923605442047 314.397931098938 311.608533064524 310.858448346456 309.380809466044 312.870025634766
341.760635375977 331.181784470876 320.030848185221 306.28897746404 289.413770039876 277.308662732442 283.804456392924 306.349476178487 315.136690934499 320.209662119548 318.538069725037 314.229528109233 311.519463857015 309.128006299337 310.716907183329 320.145507653554 325.071116288503 331.020673116048 333.966732025146 334.779898325602 331.194202105204 327.555437882741 334.46204662323 336.573640505473 334.796826044718 335.807283719381 332.483768463135 325.129091739655 315.304319063822 308.86830886205 305.270234743754 307.172397772471 320.139149824778 325.018127759298 322.695771853129 315.61952829361 314.162850379944 317.205210526784 320.120175679525 324.997325738271 324.749886989594 320.75023651123 317.159056663513 311.828196048737 297.447522481283 290.771424770355
339.002211888631 338.29140663147 334.789077440898 328.03467909495 314.828972021739 293.025692303975 275.453507900238 276.917338371277 302.190562089284 318.913996219635 323.186933994293 320.560236771901 315.224607785543 309.380948543549 299.804588158925 302.295903364817 310.847957928975 320.658087730408 331.243872642517 337.544560432434 337.085445721944 331.630110740662 332.371870676676 335.198601086934 335.26603380839 337.468902269999 336.736758550008 332.667708396912 326.371709505717 322.997510433197 320.850412050883 321.930984656016 330.480774243673 333.767731984456 333.04750919342 329.358160495758 324.282427628835 320.114513238271 314.421872297923 319.505055745443 327.100872993469 330.966631571452 330.715656280518 322.356224060059 306.633750597636 291.591107845306
335.873405138652 336.561799049377 336.566845575968 334.573864936829 329.253037770589 318.324406941732 298.21773370107 273.908356825511 283.458352088928 302.455941836039 316.34908914566 320.031007130941 320.326487223307 319.002211093903 313.230931758881 308.767477671305 306.971907615662 310.106972853343 319.427331288656 328.232129414876 335.270166397095 337.523698806763 335.917870203654 333.348313967387 333.670139312744 336.679100990295 337.667028109233 335.850914319356 333.612998326619 334.71401532491 335.564414660136 334.660410881042 337.000846862793 337.738315264384 335.386792818705 333.723704020182 330.39128780365 322.537004947662 309.063593546549 311.901311079661 326.896150906881 331.62534236908 329.25546169281 324.513117472331 315.59282541275 306.488355000814
325.054049491882 329.656501611074 331.816931565603 331.928531328837 330.789029598236 330.627024173737 323.716203371684 311.024983723958 287.584245204926 280.996898810069 292.448957761129 310.474514961243 322.988033294678 327.543139457703 329.295913378398 325.83083709081 317.009409268697 312.838812669118 312.360386053721 314.601679642995 320.15593846639 323.059678077698 326.398114363352 328.240752220154 331.176499525706 333.464582761129 334.752440452576 333.688974380493 333.188593387604 335.937817891439 336.367209752401 336.881279945374 339.662114779154 340.955932935079 339.27591641744 335.499445597331 333.364407221476 329.056481520335 312.089284261068 308.879097302755 322.561959425608 324.988305568695 322.886109352112 320.543805758158 312.35275665919 303.295731544495
293.491840362549 303.356170654297 311.374247074127 317.349970340729 322.575529416402 326.879183451335 329.141100247701 327.912747859955 311.591347058614 292.835970719655 281.594057877858 288.214405377706 308.534463246663 323.631664117177 330.758213996887 325.286587079366 321.411232153575 318.009336789449 313.036660353343 309.427221616109 309.626003106435 309.251089890798 310.885965824127 317.716876665751 323.807239532471 327.618181705475 329.270402590434 328.777432441711 330.897867679596 333.518743515015 334.70626672109 336.620767911275 340.220729509989 341.699639956156 339.560230573018 337.170362472534 336.520632108053 336.575349171956 325.503448645274 315.047740936279 319.474697113037 323.074758052826 324.612200260162 323.873360951742 316.811362902323 308.538794517517
260.981559753418 264.627774556478 272.622068723043 282.67244497935 294.99880472819 306.225498517354 318.491180737813 322.978874047597 323.891480763753 316.030502319336 297.07266887029 281.172215938568 283.027807871501 301.476756731669 318.734367688497 319.36518351237 323.432981967926 322.317481040955 316.788514455159 310.009102026622 305.343568325043 302.927295366923 302.999118963877 308.561066786448 313.757061958313 316.576441129049 318.073113759359 320.678651332855 324.576596419017 326.606492201487 329.021354516347 332.586089769999 336.363395055135 337.469855944316 335.558573404948 335.012515385946 337.631821632385 339.742739995321 337.269425392151 329.198042551676 327.588518460592 330.116391181946 332.666973272959 332.42936929067 326.525628566742 324.048201243083
250.589390595754 246.770103772481 244.735280672709 244.759261608124 251.698772112528 266.12267891566 286.751270294189 303.204596042633 322.40883509318 324.778338273366 318.060517311096 302.523553371429 280.845483144124 277.558207511902 296.370923519135 314.781069755554 324.292461077372 325.585583845774 323.122123877207 317.24335749944 311.470826466878 310.564994812012 310.252090295156 310.939113299052 309.772650400798 308.716456095378 311.740934848785 317.512730757395 319.600741068522 320.512612660726 322.904845078786 326.505760351817 328.161756197612 329.146265983582 329.698304335276 332.194070021311 337.219595909119 340.636054674784 340.149442354838 339.674512545268 337.554534276326 337.121566136678 336.587429046631 335.997541745504 330.301483472188 327.43094364802
246.325472990672 221.425592899323 205.703794956207 200.502375761668 198.014597098033 203.99272441864 223.025103410085 253.280957539876 285.990118980408 311.840156714122 322.113196055094 322.613179683685 312.013844648997 292.775630950928 289.258897304535 308.907508850098 320.070207118988 327.03959941864 330.265005429586 328.669389088949 321.719388167063 319.510996341705 317.441900571187 317.390004793803 316.461662451426 313.851734002431 316.397408644358 321.714758872986 320.728560288747 317.058682441711 320.901930332184 324.356873830159 324.941436449687 325.254003206889 326.962053775787 330.994506676992 333.661715189616 335.989514986674 336.560646692912 336.695949236552 336.891969045003 338.229735692342 339.198350906372 337.869087855021 332.844992478689 328.774412473043
230.579336484273 196.309844652812 174.422144889832 170.373141765594 169.213096300761 173.88524611791 182.143489519755 206.891179084778 233.647008736928 276.723702748617 317.451993624369 333.118478457133 335.076212882996 326.125045617421 309.100786844889 304.537932078044 308.924933274587 319.42625840505 329.134623209635 332.225263118744 330.98977804184 327.861150105794 326.736966768901 325.076838334401 322.075366973877 320.578038692474 323.129077752431 323.588629563649 318.787058194478 316.549400488536 320.080697536469 323.14258813858 323.418935139974 322.65834013621 324.951589107513 327.339212099711 328.677117824554 326.941967010498 328.609983126322 328.555742899577 331.52029911677 334.279537200928 336.654583613078 336.130261421204 331.980327765147 330.501596132914
196.27320766449 170.311649640401 153.693993886312 150.691489378611 166.426738103231 188.012739022573 188.217600186666 193.033754825592 213.61243724823 243.076066176097 289.842545986176 330.119331677755 340.339303016663 339.258352915446 330.553650856018 311.335444450378 302.293340365092 304.206589857737 316.384355227153 331.011076768239 335.115393002828 331.717451413472 332.618455092112 329.737603664398 325.409611066182 325.509389241536 328.080912431081 325.536092122396 320.208172003428 322.694261868795 324.076294898987 323.711435000102 321.993231773376 321.49875164032 320.972859859467 320.574005444845 319.53243414561 316.886683305105 317.395210266113 318.520128726959 321.752746899923 324.191947778066 325.791875521342 325.882812341054 328.172147274017 330.276608467102
172.687212626139 163.078943888346 151.326100031535 142.664094765981 147.07013964653 170.718948046366 189.803163210551 194.139957427979 209.295829137166 221.190253893534 246.043384075165 294.336318969727 335.139632225037 338.393012682597 335.943301518758 331.373949845632 325.163106123606 313.832501570384 306.642095247904 314.972599347432 329.208572705587 334.032813707987 335.172017415365 332.81014362971 328.969359397888 329.888701438904 332.865039507548 330.054183801015 326.661050319672 330.458521842957 331.232666969299 324.251492818197 320.775091648102 318.854014078776 315.811415513357 315.024813016256 311.270594596863 310.45122941335 309.706270694733 311.980366706848 313.979744911194 314.927895863851 316.769023736318 318.466603755951 326.988975207011 329.967300097148
164.606948693593 167.643328507741 165.729393561681 154.251833756765 138.104995091756 149.99583363533 179.195543130239 197.575986385345 213.922202587128 226.79877281189 233.423868815104 261.650582154592 305.309812227885 334.322373072306 338.246424992879 339.522083600362 338.881770769755 332.883397738139 321.143786112467 308.52343638738 316.552480061849 332.058966159821 333.264251550039 332.132458686829 332.381288210551 335.513631502787 337.849537531535 336.142500241597 333.671808242798 335.163036982218 332.281708717346 325.949788093567 321.808755397797 317.950566609701 314.081092675527 312.17622756958 309.783101081848 310.039420922597 310.004035631816 311.422924200694 312.305549780528 313.540498415629 313.584764798482 316.545426845551 322.453300158183 329.187989234924
173.77229531606 184.566617012024 191.642940044403 182.748436927795 161.997685829798 158.983677625656 181.321144104004 199.871182441711 220.842242240906 240.897377332052 249.963084856669 255.963047345479 283.494253953298 313.19272518158 332.456052303314 337.99413839976 338.661472002665 337.997515996297 336.142539978027 326.561828454336 312.635143597921 321.910917758942 326.533595720927 330.880423386892 335.645914077759 339.500625928243 340.452313423157 339.142243067424 335.020502408346 334.432005882263 330.560247103373 326.305011908213 322.604755560557 318.396349747976 316.039025783539 313.202758630117 313.022236029307 311.25936905543 309.666375319163 311.947405338287 314.988970756531 316.058913866679 314.664800961812 316.923717657725 318.156997362773 325.394749641418
186.687846978505 191.82825088501 204.395830631256 217.144052187602 203.037142753601 178.041954835256 180.315057436625 191.725691159566 208.124796549479 235.189199447632 247.233947118123 248.648087183634 261.904676755269 277.295231819153 300.075749556224 329.145809014638 333.244283994039 334.235072135925 334.964156150818 334.811449050903 330.72022596995 321.276346842448 322.040279706319 327.617128690084 333.752552668254 338.37107817332 340.514381726583 338.757713635763 333.046436309814 332.546909650167 328.874051570892 323.711395263672 320.209463437398 319.132169087728 317.984779675802 314.653436342875 312.833408514659 307.392656803131 306.219100952148 312.538683414459 316.031575202942 317.27413336436 319.012761116028 317.80868768692 316.080669562022 321.279883384705
