input/barkrak2/radiation/dir10924.grid
NCOLS 85 
NROWS 70 
XLLCORNER 665100 
YLLCORNER 4664600 
CELLSIZE 20 
NODATA_value -9999 
[rows 0 to 19 of 70, columns 0 to 45 of 85]
284.766415754953982 295.186161994934 304.455022017161 314.342399438222 316.588401794434 314.537564913432 307.475845019023 301.33056640625 304.505129655202 304.78705962499 303.396741549174 307.336290677388 309.326370557149 309.657196203868 311.168193817139 308.406313260396 300.244967142741 292.238275210063 290.068725744883 279.495934645335 264.137109120687 270.099103450775 293.228566646576 300.732135772705 300.413966178894 303.700029850006 301.558216412862 289.814790089925 273.564696311951 269.010742505391 266.584992408752 279.577771822612 307.378351688385 305.928389231364 308.298846085866 298.812806606293 301.917930444082 311.272978782654 304.463823636373 308.456699053446 296.59632841746 291.349351406097 300.377209981283 310.487012068431 309.726138909658 307.235717773438
266.786535580953 279.581824938456 291.111509005229 303.995291392008 311.516960461934 310.750106970469 304.847757021586 300.588448842367 307.128270467122 307.717760403951 302.767276763916 305.438240369161 309.542775154114 310.398538907369 310.18187602361 308.286070823669 305.201649665833 298.944354057312 296.162764231364 284.368793169657 278.232534726461 285.27557849884 299.729446570079 304.415742556254 304.612040519714 305.470248063405 302.316387494405 292.314251263936 277.161002159119 270.035962263743 270.816485087077 290.6587322553 306.08739455541 306.560456752777 308.92280737559 299.833138783773 300.98831653595 306.293110052745 301.962117354075 310.966114203135 306.537985801697 298.285742600759 301.577607790629 309.832851092021 311.565200487773 308.744470278422
233.879745006561 245.874444643656 255.823175112406 266.931792100271 278.846204280853 286.851783593496 292.149802049001 298.829913139343 303.439875443776 301.92502339681 297.95624812444 300.867835680644 310.10099252065 313.89993429184 310.622334480286 314.870138963064 318.388342857361 315.024256706238 306.175331274668 298.241416613261 299.678524335225 301.3942639033 302.584290504456 303.304394086202 306.630730628967 306.130667527517 300.904154777527 290.851692358653 279.502987861633 273.327191670736 275.84034204483 298.235317071279 300.080339113871 303.566873073578 308.97319316864 303.327043851217 297.771811485291 296.146770318349 302.366296450297 309.898575146993 306.846678256989 300.532301266988 296.511848767598 304.115891456604 314.058880011241 312.703410784404
216.255764166514 217.965622742971 225.770513216654 231.422126293182 238.785942395528 243.912557760874 250.266313552856 263.443211714427 279.671192169189 291.370034217834 297.432998816172 305.515070756276 313.235719998678 315.95500310262 315.335551897685 315.518001715342 315.918803215027 312.448461850484 306.387941042582 303.464452425639 301.639556884766 299.413899580638 305.043578147888 305.490871270498 304.786841074626 306.806365648905 302.507599194845 294.850925604502 288.891434669495 284.095128377279 279.953757921855 300.88863770167 299.606263637543 303.050895531972 304.433723290761 305.847386519114 303.691387176514 301.846543947856 310.050745805105 312.136232852936 304.761449495951 293.572644392649 289.779623349508 301.952143510183 315.496861934662 313.293298085531
236.652632554372 221.527437369029 209.611793359121 201.665997505188 205.500562985738 220.339894294739 239.804128805796 249.512235323588 258.738080660502 265.241424242655 282.245318094889 298.953970273336 308.801492055257 312.657316525777 314.856807390849 315.591116746267 310.790121555328 303.205172220866 301.489412784576 302.548031012217 299.531936645508 298.173328240712 306.163112322489 306.389451026917 305.594166119893 308.648685614268 304.821530977885 298.631250858307 292.184412479401 288.518051306407 292.024036248525 307.675103346507 304.583768049876 305.565575758616 302.522718906403 304.317573706309 310.308655103048 312.011877695719 311.936060587565 310.319523016612 307.18727906545 301.10889673233 299.533585707347 303.13915014267 307.596206665039 309.746702512105
277.023533980052 252.066175142924 226.735870043437 204.475740591685 196.121215820312 207.212110360463 230.687379837036 246.565143267314 250.274876753489 250.254015127818 259.757955869039 271.909137566884 279.594798882802 285.168449083964 291.810870170593 297.045131524404 295.567790667216 294.064084688822 297.812898953756 302.576025327047 302.740156650543 305.933793385824 310.187220573425 308.503309885661 308.505733807882 310.241917769114 307.616194089254 302.190820376078 295.195519924164 292.137821515401 300.858537356059 308.747231960297 310.831805070241 313.887019952138 307.989398638407 304.768085479736 309.370140234629 311.129848162333 307.863672574361 307.737449804942 308.110972245534 304.42088842392 303.81965637207 304.416616757711 298.544724782308 287.829041481018
294.99081770579 275.342345237732 256.807525952657 237.554868062337 217.761139074961 205.525358517965 213.135381539663 239.836017290751 252.313991387685 259.711662928263 257.115046183268 252.384344736735 248.520970344543 244.352598985036 246.481855710348 260.414799054464 270.828624566396 285.30740737915 298.015276590983 305.851936340332 306.96843067805 306.589603424072 309.697429339091 309.395094712575 309.679726759593 311.251044273376 310.127258300781 306.807617346446 301.430602868398 301.370739936829 306.791365146637 312.554736932119 317.637066046397 318.706552187602 315.759380658468 309.141278266907 307.931741078695 307.20176299413 306.992908318837 308.004419008891 304.989496866862 301.716109116872 302.962025006612 303.06088924408 285.974860191345 279.568711916606
300.214330355326 293.151179949443 284.113188584646 271.065711975098 250.740607579549 222.457607587179 201.972444852193 201.27538839976 234.133342901866 257.567822933197 264.48796192805 260.851899782817 252.894202868144 244.086980819702 232.364475727081 234.899580478668 246.663530667623 261.484245459239 281.500458717346 296.60419623057 303.583681583405 305.39341767629 309.625844160716 309.377610683441 308.122893174489 308.90941619873 309.110999107361 307.326952616374 304.728249708811 308.077613512675 312.848448753357 315.725902716319 318.110982577006 317.225456237793 313.565035661062 309.373001257579 308.235863844554 303.112765153249 296.351532141368 292.51237710317 296.308199564616 303.59955628713 311.795194943746 310.99796295166 298.618117968241 291.359007358551
293.810725212097 294.324457645416 291.412631670634 285.12442111969 273.91771475474 254.631797472636 226.659993330638 199.069559574127 212.095816930135 233.366668224335 252.234021822611 260.657668113708 262.153784434001 259.82258717219 249.556084473928 242.837210496267 240.363876024882 243.832945823669 257.111052672068 272.667129834493 285.989701747894 295.652826627096 301.005959510803 298.331161340078 299.685438474019 300.915022691091 301.865796248118 301.791310310364 301.812549432119 307.933211326599 311.823527018229 311.43585840861 311.272263526917 311.661998430888 310.265103975932 310.03479162852 307.945092519124 301.948388417562 289.691507816315 290.135502815247 304.868737856547 314.239819844564 317.55256652832 315.658311049143 304.586052894592 297.583361466726
269.754668076833 278.146326541901 282.402396202087 282.273809115092 279.798448085785 276.74146493276 262.804528077443 245.798428853353 216.386914253235 207.447727521261 220.860302448273 243.932843208313 263.363540172577 272.387444972992 273.838520050049 266.629238923391 253.107269605001 248.439292112986 246.920943260193 250.083069006602 258.21053981781 265.101353327433 272.762894630432 278.645316759745 285.441935062408 288.249015808105 289.783120155334 289.556880791982 290.791630744934 296.244521935781 297.508597373962 298.076411088308 303.268849849701 306.873122851054 308.037877082825 306.44957224528 304.222206274668 302.543640136719 290.688256422679 294.830640157064 311.850984891256 316.76838795344 316.872755686442 312.590380509694 302.001039187113 295.424262682597
222.042997678121 235.270420710246 247.063398361206 256.66622320811 265.289505322774 272.317508856456 274.218618869781 269.465764363607 244.478503863017 220.076203346252 206.310967604319 214.055359363556 240.298171838125 262.952327728271 275.903483231862 267.371376355489 260.575195153554 254.415651162465 247.064471244812 242.075661818186 241.485297679901 241.757273674011 245.255172252655 257.308781147003 268.42600107193 275.363981723785 277.202645937602 276.912907759349 281.721492608388 286.16464138031 288.644274075826 291.731874148051 299.45186773936 302.652418613434 301.368276278178 300.399561723073 302.791396776835 305.235107739766 301.229854424794 304.428517818451 312.666734059652 316.452085971832 316.967288653056 314.468900362651 307.570099830627 304.043571154277
180.751343568166 186.098436514537 194.697181383769 207.083106040955 222.858250141144 238.786419232686 256.126761436462 261.929988861084 262.805898984273 249.75323677063 225.022574265798 205.481171607971 208.110729853312 230.841418107351 255.218863487244 258.236249287923 264.360626538595 261.545697848002 252.64847278595 242.838501930237 235.838850339254 233.377993106842 233.541508515676 242.18738079071 250.31050046285 255.645573139191 258.330881595612 261.955579121908 268.167277177175 272.448599338531 276.570518811544 281.570315361023 287.204325199127 289.809664090474 288.998067378998 290.180106957753 297.831853230794 305.456837018331 307.467023531596 310.9263976415 314.037382602692 315.709630648295 315.380136171977 313.045501708984 308.27675263087 306.872010231018
168.987015883128 164.598703384399 161.870718002319 161.838114261627 169.708251953125 186.418811480204 211.440881093343 232.656439145406 259.867986043294 264.305830001831 253.260493278503 230.683485666911 203.393161296844 201.142390569051 224.071065584819 249.575893084208 263.604044914246 266.090035438538 261.682728926341 253.345390160879 245.086550712585 244.303862253825 243.265350659688 244.097391764323 244.531989097595 243.88841787974 247.923294703166 256.221890449524 259.578585624695 260.422805945079 265.142480532328 270.223736763 271.901766459147 273.540218671163 275.77422062556 279.652694861094 289.702932039897 299.039562543233 300.794661045074 305.477360884349 308.56192111969 309.135278065999 308.32980076472 308.579544226329 303.129633267721 302.639424800873
160.408020019531 130.452831586202 114.046682914098 108.032097419103 105.391085147858 112.121939659119 132.115175326665 171.829442183177 210.514048735301 244.863609472911 262.018322944641 261.852244536082 243.483106295268 218.55890750885 215.815444787343 240.705768267314 256.627917289734 268.028299013774 274.076898892721 270.53838968277 260.226289431254 257.204393545787 254.092335700989 253.810902436574 253.448009490967 250.942548116048 253.787616888682 261.735439300537 261.323988437653 255.457560221354 260.578076044718 265.594204266866 266.57114426295 266.905744870504 270.241777102153 276.74134572347 281.498312950134 286.303877830505 289.013822873433 290.531794230143 293.629964192708 297.962148984273 302.558998266856 305.647015571594 300.75466632843 301.596204439799
146.812617778778 109.533409277598 83.2306394974391 77.5724401076635 76.9975185394287 83.0657780170441 92.0535922050476 120.314488808314 149.824112653732 199.636240800222 251.863996187846 278.053561846415 281.77273273468 264.770726362864 239.743888378143 235.45511563619 240.727007389069 255.430400371552 270.821412404378 278.346220652262 276.535252730052 270.916024843852 268.656412760417 265.401621659597 262.024760246277 260.51922639211 262.659172217051 264.16144768397 259.449263413747 255.156358083089 258.666058381398 263.234873612722 263.380308945974 262.665132681529 266.295611858368 269.916892051697 271.645069122314 269.85772450765 273.566722869873 274.048169453939 278.453667958577 285.14305750529 290.058831373851 292.619268099467 291.20413462321 293.139398097992
127.471446990967 100.907862186432 70.4536934693654 57.0909877618154 71.9833870728811 96.4005291461945 101.935168107351 112.163225809733 133.690675099691 165.154039859772 214.816689491272 267.277518908183 291.812797387441 289.675037066142 271.817644437154 242.36669143041 231.799383958181 234.378616015116 250.973502794902 273.309389750163 283.029754956563 278.512517611186 279.401421546936 273.839116096497 267.665386199951 268.182337284088 270.703852176666 266.586979230245 261.40034198761 263.705909252167 264.517267545064 263.940374056498 261.270761489868 259.252945582072 260.018686453501 259.409606456757 257.566730181376 252.88192431132 255.69220383962 257.636268933614 262.134472529093 266.707102457682 269.474466641744 270.826081434886 279.104828834534 283.819615840912
112.857838471731 101.411521434784 75.1090447107951 49.3358423312505 55.325652162234 77.4702330430349 100.431660811106 114.200502634048 132.911086082458 146.652201811473 169.783314069112 217.73902575175 249.09516175588 274.501581986745 287.024180094401 274.643143018087 262.328902880351 247.852603594462 238.450586795807 249.097069104513 270.868937174479 281.80714448293 284.983257452647 280.837416648865 274.26020304362 275.215109189351 279.053688049316 274.675408999125 271.875063578288 276.568055152893 275.469303131104 265.389482180278 259.838700294495 256.266315778096 251.153469085693 250.10871887207 245.878020922343 244.638383388519 244.570692380269 247.906486193339 250.42720635732 252.506593863169 255.355576674143 257.931331793467 272.86418279012 279.913385709127
104.737689097722 105.783522129059 94.375342130661 60.8779688676198 49.3458658456802 77.0291884740194 103.848954041799 124.470233917236 143.452405929565 153.11207373937 163.849592208862 187.321225802104 219.762444496155 240.611592928569 252.557237943014 277.639667193095 287.970165411631 275.532603263855 256.21638695399 240.668058395386 250.434100627899 274.671037991842 279.708921909332 280.426939328512 280.893226464589 285.128156344096 288.646757602692 287.099838256836 283.978462219238 285.505513350169 280.10364373525 269.71435546875 262.392004330953 255.546410878499 249.704321225484 246.386488278707 243.943711121877 244.030594825745 244.129459063212 245.449960231781 247.905492782593 249.607801437378 248.974502086639 252.752900123596 263.674279054006 274.64481194814
110.125561555227 119.58380540212 121.582100788752 91.8091237545013 75.2564171950022 96.525251865387 115.877439578374 137.31990257899 153.635611136754 173.716684182485 182.659347852071 188.354869683584 201.437791188558 215.809643268585 233.235716819763 254.142085711161 262.928704420726 274.339079856873 278.041243553162 264.358441034953 246.170143286387 258.022367954254 266.464670499166 275.337060292562 284.666220347087 291.059772173564 293.852845827738 294.285893440247 288.56352965037 286.533077557882 279.682914415995 273.214221000671 265.244841575623 257.33478864034 253.052035967509 248.648881912231 247.093975543976 244.267006715139 243.62983306249 246.784706910451 250.009457270304 251.685460408529 251.2353459994 253.064493338267 254.888554414113 267.921924591064
117.06672112147 122.831910848618 135.08544365565 131.993263959885 117.558966080348 117.492874463399 119.58255370458 130.287657181422 145.493368307749 170.208911101023 181.845466295878 183.002750078837 185.278515021006 192.556460698446 210.428714752197 232.001483440399 240.255335966746 251.599768797557 264.07249768575 269.053777058919 268.653651078542 257.612586021423 258.493999640147 267.590522766113 278.386076291402 287.023663520813 292.37832625707 293.138186136882 286.361853281657 285.162568092346 279.604911804199 272.12131023407 264.622350533803 259.137034416199 255.662798881531 251.144051551819 247.832655906677 239.22860622406 237.382928530375 245.782494544983 251.243789990743 253.264407316844 255.849957466125 254.328111807505 251.753767331441 260.230759779612
