input/barkrak2/radiation/dir14224.grid
NCOLS 85 
NROWS 70 
XLLCORNER 665100 
YLLCORNER 4664600 
CELLSIZE 20 
NODATA_value -9999 
[rows 0 to 19 of 70, columns 0 to 45 of 85]
342.135548591613997 346.312204996745 347.573836644491 345.856229464213 341.843883196513 336.653788884481 328.881800174713 322.782953580221 327.397127946218 326.546827952067 323.582053184509 330.890297889709 336.109519004822 335.36156018575 338.104168574015 344.130158424377 343.816598256429 335.763295491536 329.196075598399 318.146824836731 297.670404116313 294.512689113617 312.536974747976 319.785753885905 316.862801710765 316.678245862325 314.669549465179 304.525335629781 287.043154239655 280.553817749023 278.527140617371 285.237669944763 297.838469346364 303.370634714762 308.316548665365 301.026542981466 298.63029718399 307.89307753245 305.955827236176 305.639624595642 296.372731526693 279.657781124115 289.039810498555 310.627142588298 315.808455149333 308.022717634837
333.928863207499 340.461373329163 339.986721674601 343.147873878479 341.463049252828 338.22504679362 329.510788122813 320.571144421895 323.731203873952 325.310866038005 320.503811041514 325.916926066081 332.931776841482 334.64769522349 333.851416905721 338.182210922241 337.551196416219 334.500710169474 332.38289753596 324.922978878021 310.986578464508 305.026908715566 311.517437299093 316.678941249847 315.5730565389 314.128597577413 312.044819196065 305.350343386332 290.440837542216 280.653754870097 281.743625799815 293.24334859848 294.841865698497 297.273755073547 308.146258195241 299.672981103261 294.263521830241 294.387022654216 292.543450991313 304.963072141012 302.802920341492 291.414300600688 297.839065392812 315.152605374654 320.663611094157 311.957240104675
307.101885477702 310.279746850332 317.424774169922 320.645749568939 326.006094614665 331.823190053304 332.970182100932 331.988235314687 329.997738202413 327.041526635488 319.277763366699 320.051729679108 328.374445438385 330.902775128682 327.218631903331 330.838362375895 334.448099136353 336.960991223653 336.323738098145 331.514517466227 328.845242659251 321.21350367864 314.768036206563 313.775320847829 315.109729766846 316.465258598328 310.7830286026 303.815106550852 292.197008927663 281.044701735179 279.883126417796 293.780287106832 283.206244309743 289.604306221008 303.196430206299 297.881384690603 284.122943878174 277.908225854238 289.416829744975 304.689526557922 306.276798248291 305.559317270915 306.864480177561 319.683969020844 329.347352186839 318.424185117086
290.854255358378 288.06871175766 289.987842241923 293.373803297679 299.240211645762 302.929759025574 308.757742245992 316.702842712402 326.59375667572 331.740816434224 329.614679018656 329.045395056407 330.652296543121 330.760737260183 327.565948168437 323.036352793376 325.86548725764 329.876045385997 333.664814631144 334.402759869893 331.830978393555 328.604539235433 328.555425008138 323.189695676168 320.982833703359 322.476228078206 317.510187625885 308.729847272237 300.774931907654 292.145947615306 283.738493919373 293.287376562754 283.313055833181 288.792649904887 295.385261376699 296.550492445628 291.13111893336 288.205663363139 304.539839426676 315.240383148193 311.827917893728 304.249008496602 300.529539585114 309.298316637675 321.069121360779 321.060876051585
304.629484812419 289.218386014303 275.690933068593 268.182277679443 272.99827337265 286.688268184662 301.056226094564 308.340966701508 314.983487129211 319.336473941803 329.015533129374 336.182832717896 338.425556818644 338.606516520182 336.065888404846 333.954215049744 331.753571828206 326.755781968435 328.62255970637 332.997957865397 331.973334153493 331.558068593343 334.871331850688 330.357432365417 326.492369174957 326.260844866435 321.201642354329 313.318928082784 304.919600486755 300.030489762624 299.36428864797 300.550202528636 292.957524458567 295.970559120178 293.744564056396 297.233541806539 306.285858154297 311.321536699931 318.639397621155 322.249472141266 320.778369903564 313.029070695241 306.49995803833 303.465723991394 308.596988519033 325.253446896871
330.570062001546 311.254302660624 291.739304860433 273.15616607666 265.846053759257 273.869236310323 294.807076454163 307.192126909892 309.719602266947 309.954047203064 315.848151842753 324.08195734024 329.322715600332 332.585334777832 335.714101791382 336.302439371745 333.224614461263 326.697409152985 326.248069604238 329.695741335551 329.777598381042 333.073496818542 338.907440503438 336.172540982564 331.98493719101 331.253906091054 325.348337491353 317.036350568136 307.616392771403 301.557381947835 302.704056104024 301.082173983256 304.743647575378 310.856223106384 305.352409680684 302.270412445068 310.011545817057 316.146890322367 319.04258330663 319.370647271474 319.848259290059 316.278676191966 313.74450524648 312.958439191182 311.221857865651 313.352008660634
339.233954747518 329.064647356669 316.354274749756 300.741632779439 284.405489762624 273.602068424225 280.235807100932 302.103638648987 311.449309190114 316.790680090586 315.00248114268 311.523854732513 308.669726053874 305.167396863302 306.805650393168 316.807905832926 323.13483953476 329.824189345042 333.310067653656 334.811727205912 331.738889217377 328.420440355937 334.889650344849 336.744070053101 335.190773010254 336.270372072856 333.277662595113 326.355874538422 316.928764184316 310.999135176341 308.168470859528 310.202558835347 322.303454081217 327.725946903229 324.607272942861 317.713379859924 316.300769646962 318.986614545186 321.586390336355 326.009849707286 325.494885444641 321.585297584534 318.349142869314 313.355763753255 299.055198828379 292.470991611481
337.865551312764 336.346745491028 333.221475283305 325.89320341746 312.008182207743 288.14709186554 270.042697588603 271.505951881409 298.915425936381 316.357175509135 319.998999436696 317.282199859619 311.640799045563 305.407146612803 296.51673634847 297.95910914739 306.960066159566 317.414542039235 329.801519711812 336.96711063385 337.120612462362 332.203646500905 333.065231641134 335.911472638448 335.878094037374 337.536176045736 336.905558904012 333.135326703389 327.239155769348 324.45361216863 322.821040948232 323.9825963974 332.618812719981 335.531234741211 334.431131680806 330.640375614166 325.62510172526 321.407536665599 315.650622049967 319.826245307922 327.056209246318 331.214805444082 331.717073917389 324.063817660014 308.707614739736 294.359107812246
334.668119748433 335.335493087769 335.023919741313 332.56059885025 326.578656832377 314.633150895437 293.467362721761 269.907355308533 278.322637081146 297.939340273539 312.576333681742 317.497928937276 317.844192186991 316.424469153086 310.316522916158 305.752714474996 302.749852339427 306.037207444509 315.828263759613 326.414863268534 333.111604054769 336.241682370504 335.403045018514 332.849125067393 333.532810211182 336.514989535014 337.540189425151 335.802515347799 333.68992805481 335.328777631124 336.540659268697 335.269252459208 337.350447972616 337.95158068339 335.746765136719 334.245602289836 331.001023451487 323.352118333181 310.089627901713 312.687873840332 327.759265899658 333.176175753276 331.471602121989 326.366901397705 317.427515983582 308.515826861064
322.382728258769 327.410856882731 329.8020362854 329.907993475596 328.622241814931 328.121284643809 320.360064506531 308.171947797139 284.082571665446 277.158697446187 288.776298364003 307.347178459167 320.489664872487 325.411856174469 326.591531435649 322.660187880198 313.276727994283 309.991637865702 309.553623199463 310.713708400726 316.620349884033 320.811112721761 324.44973786672 326.601922512054 329.585711161296 331.922431786855 333.16973845164 332.253416379293 331.94488286972 335.341334342957 336.313843727112 336.393634478251 339.011907577515 341.134071350098 339.629252751668 335.564374923706 333.392421404521 329.356829325358 312.923848628998 310.390849908193 324.42977031072 326.582789421082 325.0732421875 322.547316551208 314.238329728444 305.405259132385
289.513866106669 299.761195977529 308.154960473378 314.480423927307 320.054630438487 324.660460154216 326.985100905101 325.598398844401 308.471997578939 289.168159166972 276.242474714915 283.076246579488 304.250180721283 320.38942972819 328.190267086029 322.936634222666 318.080643812815 314.306994279226 309.005320072174 305.203398068746 305.442750453949 304.275612036387 306.33533000946 314.45837020874 321.142514546712 325.307329495748 326.973954836528 326.548357804616 328.525960445404 331.313073635101 332.640608151754 334.63462193807 339.100122451782 340.741713841756 339.350620905558 336.548646291097 335.837483406067 336.187958717346 326.107243696849 316.88117980957 321.662068367004 325.217843055725 326.659460862478 326.220293839773 318.826834360758 310.951550801595
255.131860574087 259.772082169851 267.120639483134 277.504026889801 290.298740069071 302.741686503092 315.604527791341 319.647987683614 320.545673370361 312.110384305318 293.357213338216 275.797088940938 277.719716231028 296.838343143463 315.155784289042 316.077868143717 320.955057938894 319.753925005595 313.025752703349 305.845061937968 301.002065340678 298.599044481913 298.684219519297 304.543614387512 310.121536254883 313.260436058044 314.901888370514 317.671199639638 321.836690107981 324.063996473948 326.669116814931 330.376048882802 334.327658017476 335.601091384888 334.526936213175 333.48274230957 336.629311243693 339.290698369344 337.286869684855 330.345948537191 329.155703385671 332.130630811055 334.429979324341 333.436568578084 327.71901289622 325.313210487366
245.284040768941 241.37548605601 239.295601844788 239.32800690333 245.569586753845 260.33357779185 281.585574150085 298.673570156097 318.871061007182 321.509003639221 314.330518245697 297.883411248525 275.386234124502 272.067805131276 291.556795438131 310.927112897237 321.05016708374 322.486082712809 319.043099880219 313.517053922017 307.440181573232 306.576669216156 306.247393290202 306.951681772868 305.918176968892 304.9289782842 308.073878288269 314.146955808004 316.388090451558 317.346612612406 320.622225602468 323.699275652568 325.333436330159 326.393127441406 327.16312011083 329.884727795919 336.248795191447 339.391509691874 339.165131251017 339.302659034729 338.194727897644 337.297161420186 336.745182673136 336.241165796916 330.684304237366 327.975312868754
240.768134593964 215.36115805308 198.679566383362 193.340341250102 190.744678179423 196.766475836436 216.112494468689 248.389462629954 280.703862508138 307.783802350362 318.917373816172 319.330056508382 307.798703511556 287.727574507395 284.154673417409 304.578423500061 316.397408644358 323.993841807048 327.546815077464 325.000087420146 318.294902642568 316.002567609151 313.809136549632 313.723564147949 312.891642252604 310.930828253428 312.859952449799 318.488081296285 317.588766415914 313.658138116201 317.641456921895 321.272015571594 321.869273980459 322.179953257243 324.094355106354 328.398287296295 332.322696844737 333.85694026947 334.698637326558 334.999481836955 336.242318153381 337.153236071269 338.494698206584 337.629199028015 332.656184832255 329.044183095296
224.671165148417 189.465562502543 167.003214359283 162.770320971807 162.444372971853 167.401035626729 174.627443154653 199.902911980947 227.110981941223 272.630254427592 313.492874304454 330.467959245046 332.625865936279 322.686076164246 304.703652858734 300.015985965729 304.590066274007 315.660198529561 326.164285341899 329.770346482595 329.030613104502 324.991325537364 323.73046875 321.871022383372 318.858027458191 317.372381687164 319.84539826711 321.198085943858 315.667410691579 313.180804252625 316.677212715149 319.914440313975 320.168236891429 320.339580376943 321.83959086736 324.361542860667 325.712303320567 323.970675468445 325.916568438212 325.937867164612 328.247427940369 332.232515017192 334.879000981649 333.951751391093 330.887158711751 329.774737358093
190.860728422801 164.745410283407 145.886848370234 143.542389074961 159.623404343923 180.465539296468 180.899918079376 188.111841678619 207.121670246124 237.072726090749 284.812331199646 326.911449432373 338.399330774943 337.209701538086 327.421406904856 307.041486104329 297.668039798737 299.658397833506 312.420646349589 328.102707862854 332.857509454091 329.845905303955 330.789307753245 326.985319455465 322.464783986409 322.618107000987 325.158476829529 322.503825028737 317.196011543274 319.663306077321 321.70174519221 320.494691530863 318.666676680247 318.062047163645 317.587534586589 317.165633042653 316.011846065521 313.228885332743 313.923935095469 315.158148606618 318.526268005371 321.194926897685 322.937905788422 323.203841845195 326.814611752828 328.572869300842
168.363809585571 158.295055230459 143.467048803965 134.585380554199 139.007538557053 162.161827087402 184.296568234762 187.410891056061 203.05069287618 215.18615881602 240.475515524546 289.201160271962 332.34179019928 336.579283078512 334.007422129313 328.534821669261 321.630378564199 309.724052747091 302.215258280436 310.917794704437 326.23682419459 331.763207912445 333.622376124064 331.046998500824 326.376338799794 327.293833096822 330.346842606862 327.432215213776 324.110130469004 328.008433183034 328.564047813416 321.156720320384 317.436337471008 315.298835436503 312.091827392578 310.35327911377 307.353278001149 306.477228800456 306.81312084198 308.229088783264 310.276865959167 312.434315681458 313.315808773041 315.122385819753 324.419776598612 328.640679518382
160.253584384918 162.920713424683 158.810963233312 146.28396431605 129.916489124298 142.36718416214 171.692987283071 191.318452358246 208.125869433085 221.322258313497 227.987249692281 256.718675295512 300.646305084229 331.505139668783 336.310505867004 337.765057881673 336.744705835978 330.017248789469 317.355195681254 304.164926211039 312.574863433838 329.18107509613 330.845733483632 329.924901326497 330.198446909587 333.386341730754 335.835218429565 334.17014280955 331.68621857961 333.18022886912 330.023169517517 322.733283042908 318.666815757751 314.438919226329 310.327887535095 308.325409889221 306.76527818044 306.041498978933 306.035002072652 307.537655035655 309.550921122233 309.7825050354 309.856375058492 312.902967135112 319.301088651021 326.644678910573
168.8312292099 179.74849541982 186.167359352112 175.21721124649 154.056052366892 154.463350772858 174.607356389364 194.299121697744 215.576072533925 235.961476961772 244.89680926005 250.18177429835 277.62508392334 303.580443064372 329.599062601725 335.880597432454 336.652199427287 335.856199264526 333.573698997498 323.089818159739 308.462679386139 318.239092826843 323.363820711772 328.239977359772 333.515008290609 337.00164159139 338.706930478414 337.619145711263 333.385864893595 332.642455895742 328.44611008962 323.944091796875 319.762965043386 315.688669681549 312.467734018962 309.436539808909 309.150695800781 307.250281174978 306.642750898997 308.066964149475 311.21693054835 312.365690867106 312.013467152913 313.259025414785 314.568142096202 322.368363539378
180.972377459208 185.948451360067 199.232399463654 210.355957349141 197.275280952454 172.216892242432 174.333214759827 186.080237229665 203.31992705663 227.691054344177 242.320199807485 243.356605370839 254.498362541199 270.588139692942 291.850944360097 323.302964369456 330.557346343994 331.729849179586 332.573771476746 332.229614257812 327.525556087494 317.55139430364 318.440655867259 324.445366859436 331.119855244954 335.422118504842 338.667591412862 337.206244468689 331.387042999268 330.812454223633 326.933105786641 321.509043375651 317.561507225037 315.986673037211 314.566334088643 311.722536881765 309.007326761882 303.244113922119 301.981866359711 308.55518579483 312.274396419525 313.621401786804 315.464536348979 314.190487066905 312.349577744802 319.223443667094
