input/barkrak2/radiation/dir18824.grid
NCOLS 85 
NROWS 70 
XLLCORNER 665100 
YLLCORNER 4664600 
CELLSIZE 20 
NODATA_value -9999 
[rows 40 to 59 of 70, columns 0 to 45 of 85]
338.36297194163 339.061657587687 339.022795359294 340.683857599894 344.823479652405 347.512006759644 349.62260723114 351.958552996318 352.096239725749 346.055706342061 337.780396143595 334.539572397868 331.937909126282 330.144464969635 327.637632687887 326.852122942607 324.453135331472 322.554548581441 318.320651849111 316.60274664561 317.367831865946 319.406032562256 319.893896579742 314.635872840881 313.787420590719 308.960378170013 314.774990081787 314.740876356761 315.144002437592 314.578274885813 313.587069511414 309.411684672038 284.856259822845 280.113061269124 301.133155822754 301.368514696757 292.48058795929 292.465428511302 292.349716027578 281.179050604502 289.811650911967 328.880528608958 347.167332967122 303.053736686707 243.981639544169 200.21508137385
342.603087425232 341.020981470744 341.171542803446 341.77569548289 339.947541554769 338.651418685913 338.480869928996 339.61033821106 342.692772547404 337.005774180094 332.491079966227 331.881841023763 333.070695400238 333.32884311676 330.297529697418 329.232255617778 323.700388272603 327.568968137105 326.545933882395 321.805755297343 322.357873121897 322.406570116679 320.365905761719 320.999940236409 319.976806640625 317.970812320709 317.983587582906 318.165361881256 317.012906074524 317.297677199046 315.842906634013 310.401320457458 291.710535685221 291.510959466298 302.304327487946 293.756286303202 279.304385185242 279.589176177979 286.940097808838 291.754086812337 305.892467498779 318.410118420919 331.086059411367 328.904430071513 285.310844580332 236.978193124135
344.462990760803 343.030571937561 344.348986943563 343.829274177551 339.925646781921 338.567495346069 338.369131088257 337.616046269735 337.272763252258 334.498008092244 332.827667395274 331.947763760885 333.453893661499 334.766149520874 333.5782289505 332.075377305349 327.824751536051 330.129583676656 330.464522043864 324.912548065186 322.423895200094 320.75971364975 319.274067878723 319.44328546524 321.434279282888 318.021337191264 314.734200636546 316.020925839742 316.954572995504 316.738963127136 314.306577046712 307.534317175547 298.682113488515 300.386011600494 299.474815527598 282.903095086416 267.932931582133 273.771643638611 288.721819718679 301.07847849528 309.22265847524 307.335734367371 303.297738234202 307.423849900564 291.381100813548 242.402712504069
336.632212003072 338.385105133057 343.00434589386 340.961217880249 342.191775639852 343.722740809123 343.752145767212 341.655373573303 335.591713587443 334.896842638652 336.193919181824 333.343664805094 332.778871059418 334.268927574158 333.739201227824 331.169605255127 330.821553866069 331.160426139832 332.003851731618 327.747126420339 323.3323097229 320.752203464508 319.605608781179 316.879431406657 317.847450574239 319.193462530772 314.477980136871 314.922332763672 316.052337487539 314.223925272624 309.81187025706 303.834915161133 303.223927815755 304.098606109619 290.980696678162 268.442352612813 263.754407564799 277.714312076569 297.080417474111 301.916499932607 301.81344350179 297.501405080159 289.717475573222 287.210782368978 280.047953128815 249.221523602804
336.471796035767 340.053876241048 341.437260309855 341.227293014526 342.267394065857 342.946887016296 342.824498812358 340.971032778422 338.61502011617 336.097359657288 337.238669395447 335.164149602254 331.048488616943 330.680012702942 329.611817995707 328.748385111491 326.824605464935 330.307384332021 330.4656346639 329.506238301595 325.948337713877 323.652625083923 322.235643863678 320.155143737793 317.291518052419 320.299088954926 321.088850498199 316.36514266332 314.42254781723 311.233957608541 305.316130320231 300.097723801931 298.846503098806 294.753015041351 282.301326592763 266.156236330668 267.576217651367 283.570826053619 298.798600832621 296.889086564382 298.507332801819 290.876666704814 278.412342071533 273.081580797831 272.604405879974 261.021355787913
340.321660041809 342.657645543416 340.99284807841 342.290004094442 341.024041175842 340.68767229716 341.501871744792 340.430935223897 341.543118158976 338.911930720011 338.682413101196 336.572488149007 334.190885225932 330.615937709808 330.326676368713 331.719974676768 326.919992764791 329.472104708354 331.825455029805 330.061594645182 327.419797579447 324.555198351542 324.577490488688 322.656790415446 322.339693705241 319.372236728668 322.46998945872 318.171660105387 314.840157826742 311.4253282547 305.254975954692 300.722857316335 298.491835594177 288.646221160889 274.759650230408 260.238687197367 265.710333983103 283.273855845133 290.744841098785 284.465312957764 289.693792661031 281.692445278168 270.050168037415 272.544801235199 282.175739606221 272.672613461812
340.331196784973 341.101765632629 342.231829961141 342.374046643575 342.026154200236 341.67222181956 342.645247777303 342.958927154541 341.638207435608 340.728839238485 339.582204818726 339.338143666585 336.54773235321 333.9022397995 333.847363789876 336.288054784139 333.757837613424 329.342524210612 332.426925500234 329.487423102061 328.29479376475 326.256652673086 324.865341186523 319.870471954346 323.891162872314 319.242735703786 317.113816738129 316.737333933512 314.711610476176 310.039361317952 305.2672346433 302.898307641347 296.785155932109 285.512983798981 272.932310899099 261.868079503377 269.359330336253 282.259404659271 280.406852563222 282.116830348969 288.755317529043 277.688443660736 273.638943831126 280.727426211039 289.304355780284 280.225535233815
337.106227874756 338.499863942464 340.797901153564 341.149965922038 342.57439772288 343.152403831482 342.362960179647 340.686678886414 340.893030166626 342.721660931905 340.641220410665 338.968674341838 337.363958358765 337.592522303263 335.349877675374 335.244576136271 333.791653315226 326.448182264964 329.020778338114 329.221765200297 326.282382011414 324.01301463445 324.714084466298 318.820834159851 318.51981083552 317.729512850444 311.620672543844 312.687675158183 312.493284543355 309.046705563863 305.907348791758 303.388635317485 293.693919976552 290.61233997345 284.245053927104 271.801094214122 274.135688940684 281.002422173818 282.878120740255 289.820929368337 286.905229091644 279.510299364726 281.615217526754 282.680193583171 282.099922498067 273.31946293513
333.173712094625 335.141142209371 337.577223777771 339.219172795614 341.758489608765 342.62216091156 340.957999229431 340.253909428914 342.019637425741 343.310912450155 341.622114181519 339.887062708537 339.34756120046 338.946064313253 336.627960205078 334.188262621562 331.645329793294 326.657970746358 328.462858994802 328.783949216207 327.286720275879 326.002478599548 324.269990126292 318.46543153127 316.266973813375 317.900141080221 314.393778642019 315.377871195475 315.290709336599 314.388533433278 312.463005383809 309.482355912526 300.886253515879 300.468544165293 293.831507364909 277.094483375549 277.370810508728 284.62823232015 288.745760917664 289.11288579305 279.982089996338 277.192691961924 276.102105776469 270.949641863505 268.414219220479 267.98156897227
332.575857639313 331.192135810852 333.356300989787 337.199091911316 340.116143226624 340.754906336466 341.805696487427 343.380371729533 343.628446261088 342.21605459849 343.209187189738 342.595458030701 341.203133265177 339.075088500977 337.29084332784 332.804938157399 332.15868473053 327.090481917063 328.310012817383 330.867985884349 329.229871431987 326.145609219869 321.28636042277 321.986158688863 318.83430480957 318.684458732605 318.170110384623 316.44864877065 316.822111606598 318.775057792664 319.169461727142 314.482808113098 307.72332350413 306.441724300385 297.932247320811 282.169461250305 276.2211561203 283.900777498881 289.520839850108 279.799977938334 268.563807010651 271.885136763255 271.9420393308 266.207853953044 265.539785226186 269.064644972483
332.74773756663 334.757248560588 335.815747578939 338.832298914591 339.270194371541 339.329560597738 342.535813649495 344.958146413167 344.989498456319 344.353516896566 344.408392906189 343.618909517924 341.194629669189 339.267015457153 337.306221326192 338.095585505168 331.581314404805 330.086966355642 328.261852264404 329.914689064026 327.94713973999 325.612127780914 322.587688763936 320.718506971995 315.253575642904 316.332141558329 317.476173241933 316.983004411062 318.711002667745 321.182131767273 321.981867154439 316.417594750722 307.916760444641 305.414319038391 294.946730136871 281.538923581441 277.264873186747 281.527678171794 280.845701694489 268.380582332611 265.438656012217 276.262700557709 274.845401446025 267.683863639832 266.625146071116 262.677311897278
333.568493525187 338.065226872762 339.345137278239 340.046882629395 339.077790578206 338.766177495321 342.691938082377 344.470580418905 344.464659690857 346.030791600545 344.28604443868 344.035347302755 341.313759485881 338.094433148702 336.37257417043 339.048981666565 333.287278811137 329.476515452067 325.51912466685 326.027929782867 324.193596839905 324.27720228831 320.151587327321 314.73696231842 312.309741973877 312.646230061849 314.813494682312 312.192499637604 312.67782052358 315.399924914042 318.614522616069 313.404937585195 302.269260088603 292.746424674988 268.673360347748 256.209631760915 267.03284184138 275.321006774902 274.297674496969 274.247328440348 281.449735164642 283.687214056651 269.059816996257 260.637799898783 268.655300140381 257.02045361201
333.952824274699 332.435766855876 332.682033379873 334.851503372192 337.720036506653 340.458949406942 340.821584065755 342.99890200297 342.984159787496 344.483931859334 343.01749865214 343.008041381836 342.999458312988 338.71857325236 335.631767908732 333.326657613118 334.714651107788 325.828552246094 319.996456305186 317.897836367289 317.034403483073 316.904822985331 314.032395680745 311.580856641134 308.946986993154 306.358277797699 306.701123714447 306.607445081075 303.342878818512 303.670605023702 306.776801745097 308.106482028961 285.186171531677 261.309623718262 235.246221224467 224.831183751424 238.486746946971 263.111929098765 278.464992841085 274.361888567607 275.298317273458 270.108600457509 257.249077161153 259.884317715963 264.487783114115 241.544087727865
336.732705434163 330.895841121674 328.396419684092 331.909239292145 338.745276133219 342.395782470703 342.111786206563 341.272672017415 341.689189275106 340.860843658447 342.203974723816 341.527978579203 341.403802235921 340.782443682353 335.366050402323 330.355743567149 332.113325595856 323.310752709707 317.558765411377 318.373302618663 317.168712615967 316.268980503082 312.384247779846 308.750371138255 307.159642378489 305.499811967214 304.453949133555 304.041107495626 302.42399374644 296.808362007141 290.942072868347 284.369309743245 261.200308799744 236.284971237183 226.876318454742 223.020037015279 216.11080567042 225.992302099864 241.876721382141 261.44411166509 267.35391219457 257.58957862854 253.103852272034 256.322503089905 247.766236464183 227.359930674235
337.087551752726 333.83576075236 331.727087497711 333.442608515422 338.43207359314 342.102845509847 342.806498209635 340.331276257833 342.531124750773 339.769999186198 340.576887130737 341.577728589376 338.950395584106 339.74822362264 332.086563110352 329.056203365326 330.162803332011 324.095944563548 319.711109002431 320.597231388092 320.305983225505 316.887100537618 314.323743184408 312.378684679667 308.91360839208 307.772795359294 305.733899275462 303.431570529938 300.165931383769 295.5189148585 284.365296363831 276.107748349508 253.282248973846 239.781538645426 243.446310361226 246.51833375295 239.030023415883 230.025410652161 220.055162906647 228.762368361155 245.196382204692 238.005717595418 231.441756089528 225.079615910848 220.863064130147 217.644393444061
339.356025060018 337.994496027629 334.93173122406 331.856886545817 335.102677345276 341.244459152222 341.962377230326 339.317997296651 339.047431945801 341.318567593892 340.521613756816 341.302275657654 337.000211079915 337.466359138489 332.154969374339 330.477237701416 330.010314782461 325.482726097107 322.819590568542 321.304361025492 319.802284240723 317.738115787506 316.793700059255 316.325783729553 312.807202339172 310.743451118469 304.2178551356 298.247694969177 292.541225751241 288.74397277832 286.421875158946 281.243960062663 260.729253292084 254.131615161896 258.155882358551 265.444874763489 276.019473870595 272.022187709808 255.490481853485 225.851436456045 224.795381228129 226.464788118998 223.796625932058 221.524596214294 227.03343629837 233.421345551809
340.775728225708 339.890400568644 337.961514790853 334.101955095927 332.375685373942 336.621363957723 340.054591496785 339.338103930155 336.382945378621 336.9300365448 338.481982549032 338.125427563985 335.333387056987 334.851066271464 332.333366076152 329.980631669362 330.359558264414 326.224068800608 322.376628716787 321.144680182139 321.686367193858 317.661086718241 316.48321946462 312.569181124369 310.618340969086 307.611564795176 294.173041979472 276.033500830332 271.54811223348 276.422222455343 284.381767114003 279.571950435638 262.347817420959 255.487720171611 262.517968813578 272.8564341863 288.768867651622 297.259072462718 287.823081016541 256.691038608551 230.298101902008 233.086089293162 240.985035896301 251.634319623311 261.68821255366 265.209496021271
340.171535809835 338.627974192301 339.122573534648 335.896213849386 331.134517987569 333.790222803752 337.710817654928 337.544401486715 334.773619969686 331.304828325907 337.321639060974 336.343924204508 334.517319997152 333.690285682678 333.322087923686 329.461256663005 328.878939151764 325.998822848002 322.825749715169 322.61981566747 321.896195411682 320.310274759928 316.825330257416 312.230487664541 311.297376950582 310.522139072418 296.265184879303 278.853197892507 278.319835662842 283.049643039703 289.461195468903 281.262616316477 270.068764686584 269.835690657298 281.999627749125 285.156190395355 290.927668412526 277.446548144023 247.316877047221 239.312767982483 249.975085258484 260.032852490743 254.961550235748 248.218635718028 249.78631734848 260.759969552358
332.689603169759 336.300571759542 336.793661117554 335.941553115845 331.457297007243 328.021367390951 335.925141970317 335.047165552775 332.556207974752 329.501589139303 333.623011906942 335.580905278524 333.603342374166 331.539154052734 331.199745337168 328.178981939952 324.471692244212 325.534919897715 321.777542432149 324.026525020599 323.759436607361 320.892691612244 319.249351819356 314.791897932688 313.698768615723 314.387321472168 307.280600070953 305.965065956116 302.479267120361 296.258548895518 294.238726298014 284.264286359151 281.078020731608 278.574148813883 276.280303796132 262.278159459432 243.875662485758 208.703637123108 191.239575544993 228.121399879456 264.707644780477 266.261359055837 245.794475078583 240.552604198456 252.594331900279 266.358435153961
326.210876305898 334.127187728882 334.364016850789 331.780950228373 331.109265486399 324.402113755544 328.691224257151 334.336717923482 334.446946779887 329.420248667399 333.241740862529 334.243973096212 333.68178208669 332.17716217041 328.968048095703 326.89905166626 324.15384054184 321.34081919988 318.565368652344 317.06432501475 317.859172821045 318.776289621989 317.548851172129 315.654555956523 315.583129723867 318.382859230042 318.920652071635 319.533030192057 306.384027004242 304.210285345713 294.443388779958 282.844960689545 279.647886753082 262.907365957896 235.713978608449 203.251838684082 191.881736119588 184.043645858765 179.501672585805 203.846474488576 230.961918830872 248.891313870748 247.554798920949 260.10541121165 290.613273779551 300.229112307231
