input/barkrak2/radiation/dir10224.grid
NCOLS 85 
NROWS 70 
XLLCORNER 665100 
YLLCORNER 4664600 
CELLSIZE 20 
NODATA_value -9999 
[rows 0 to 19 of 70, columns 0 to 45 of 85]
268.938958644867000 281.153678894043 292.792201042175 304.945846398671 309.36199426651 307.47264623642 299.25278822581 293.579896291097 296.149452527364 297.03946908315 295.889814694722 299.273014068604 300.710419813792 300.730923811595 302.856286366781 298.946261405945 289.983113606771 281.035780906677 277.339359124502 266.294201215108 254.512707392375 261.787335077922 285.982330640157 293.3642466863 294.010122617086 299.590051174164 296.557327111562 283.226112524668 268.435637156169 264.252881209056 261.3538702329 275.774041811625 307.569066683451 305.690705776215 307.591497898102 294.930994510651 300.264199574788 312.183280785878 303.875863552094 306.800901889801 294.3448026975 291.731476783752 301.910777886709 310.277024904887 308.305641015371 305.215617020925
250.209311644236 265.292108058929 277.912616729736 292.428592840831 301.275034745534 301.991045475006 296.324849128723 293.209175268809 300.361692905426 300.299366315206 295.876463254293 297.74264494578 301.143288612366 302.452405293783 302.205920219421 298.582673072815 295.086920261383 289.173344771067 284.783959388733 273.204227288564 268.02800099055 278.027753035227 294.185042381287 297.986090183258 300.680061181386 302.249431610107 295.964280764262 285.390655199687 272.416075070699 265.49752553304 266.308069229126 287.614782651265 306.47224187851 305.431644121806 307.01490243276 296.979784965515 300.24258295695 307.368179162343 303.18542321523 309.372623761495 304.209172725677 296.659191449483 300.220290819804 306.259512901306 307.119747002919 307.49241511027
216.959396998088 228.173534075419 239.986817042033 251.745084921519 264.274875322978 272.187391916911 279.344022274017 288.094103336334 294.796148935954 293.880502382914 289.860288302104 293.519496917725 302.688399950663 306.467592716217 303.856015205383 308.072050412496 311.104973157247 306.196888287862 296.206990877787 286.838094393412 289.721071720123 293.850839138031 296.513398488363 297.8528936704 301.862517992655 302.59382724762 294.768492380778 284.976005554199 275.22208293279 269.852916399638 273.060262203217 296.903729438782 301.607668399811 304.237147172292 307.657678922017 301.547427972158 298.51754506429 297.965466976166 301.260511080424 309.068103631337 305.078824361165 296.760618686676 291.476468245188 297.799110412598 308.059751987457 309.345622857412
198.684295018514 200.406014919281 207.188069820404 214.298844337463 221.66254123052 226.878066857656 233.194947242737 247.569362322489 265.271763006846 278.627554575602 286.797841389974 297.001640001933 305.740892887115 308.851460615794 308.969656626383 310.758868853251 310.562352339427 305.373728275299 297.198673089345 293.394366900126 291.753888130188 289.768795172373 296.483874320984 297.904968261719 297.931551933289 299.819906552633 295.952836672465 288.756469885508 283.430516719818 279.683311780294 277.508060137431 300.238887468974 300.923883914948 303.677916526794 303.952117760976 305.366555849711 303.18291982015 302.366256713867 308.410207430522 307.50052134196 300.187011559804 288.228770097097 284.104247887929 297.730326652527 311.223924160004 307.962934176127
219.914336999257 204.106489817301 190.485835075378 182.237982749939 186.053295930227 202.276190121969 222.561319669088 232.806960741679 242.592950661977 249.110182126363 267.959435780843 286.875625451406 298.206587632497 303.504526615143 306.679844856262 308.132370313009 303.021212418874 294.582804044088 292.245745658875 292.675058046977 288.985848426819 287.558933099111 296.296079953512 297.327776749929 297.492245833079 301.495711008708 298.607091108958 291.85676574707 286.594808101654 283.295571804047 287.719090779622 306.772649288177 304.556091626485 305.204927921295 302.045404911041 303.41112613678 307.691772778829 308.541019757589 307.500104109446 304.531137148539 301.910022894541 295.619269212087 295.286138852437 300.351361433665 304.426868756612 301.888048648834
261.074662208557 235.480467478434 208.944698174795 185.975074768066 176.454404989878 187.840342521667 213.080028692881 229.675491650899 233.642379442851 233.559389909108 243.606746196747 255.982140700022 265.084405740102 271.174748738607 278.618117173513 284.768581390381 283.537189165751 283.704400062561 288.271804650625 293.330768744151 293.378929297129 296.651144822439 300.401250521342 299.128631750743 300.021231174469 303.395966688792 300.541460514069 295.949200789134 289.745112260183 287.374715010325 297.916611035665 307.901442050934 307.981332143148 310.768485069275 305.412491162618 302.73824930191 306.993961334229 307.139774163564 302.501718203227 303.279340267181 303.114513556163 298.955182234446 298.209289709727 299.700140953064 293.054640293121 279.15080388387
281.095564365387 259.50034459432 240.346848964691 220.116078853607 199.645320574443 187.163174152374 193.949818611145 222.603181997935 235.739926497142 243.576804796855 240.80487092336 235.808809598287 231.205602486928 227.43692000707 229.668041070302 244.441568851471 255.764067173004 272.020081679026 286.782642205556 296.099702517192 298.311114311218 298.490961392721 300.831854343414 299.985309441884 300.736268361409 302.500307559967 303.025782108307 300.190329551697 295.221924781799 296.448290348053 303.62602074941 309.619585673014 313.584705193837 313.603560129801 310.029923915863 303.828020890554 303.199728329976 301.139672597249 300.669411818186 300.679683685303 297.055204709371 293.652097384135 296.215256055196 297.864556312561 282.240072886149 273.972988128662
288.273910681407 279.848357041677 269.885261853536 255.594690640767 233.926097551982 204.535206158956 183.647255102793 182.834506034851 216.613094011943 241.27463499705 248.695413271586 244.866073131561 236.41049861908 227.049807707469 214.071393013 217.517117659251 229.854981104533 245.615144570669 267.322798569997 284.235755602519 292.821526527405 296.305815378825 300.974527994792 299.903452396393 298.822502295176 299.298067887624 299.701432387034 298.495491345723 296.368439992269 301.463186740875 307.681997617086 310.905237992605 311.694304148356 309.892058372498 305.160085360209 302.057206630707 301.436165968577 296.768347422282 289.262493451436 283.347984155019 286.214311917623 294.076641400655 304.775436719259 306.913534800212 293.832778930664 288.162589073181
281.41987323761 281.899770100911 278.399527072906 271.251996358236 258.888522783915 238.043367862701 208.722114562988 180.45445283254 193.000197410583 216.017564137777 235.614498456319 244.739472866058 246.4746038119 243.947128454844 232.817351818085 224.950273831685 222.363849480947 226.867814858754 240.888396898905 257.506549358368 272.062579790751 282.760620117188 289.750456809998 287.188808123271 288.674155871073 289.78431224823 290.722568829854 291.023671627045 291.534264882406 298.713107903798 303.247888882955 302.974700927734 302.265644073486 301.841537157695 300.825953483582 300.987184047699 299.079298973083 294.657965501149 282.419403394063 282.135764757792 296.585241953532 307.137429714203 311.739226182302 309.488614400228 299.061516920726 291.892250378927
254.498978455861 263.63339026769 268.302917480469 268.34911108017 265.607476234436 261.991659800212 246.735612551371 228.802978992462 198.399027188619 188.057104746501 201.924820741018 226.858695348104 247.540752092997 257.407168547312 258.81556669871 250.917494297028 236.513415972392 230.842232704163 230.140050252279 233.474532763163 242.037832736969 249.463280042013 257.977982362111 264.439940452576 272.120475769043 274.95664358139 276.358346144358 276.794970035553 278.375824292501 284.389118353526 285.730202992757 286.405980587006 292.114933331807 295.385777950287 297.27178812027 296.362459659576 294.909060001373 295.362691084544 283.006926377614 288.512667020162 305.818279584249 311.827341715495 312.33815352122 308.55264266332 296.634316444397 290.501375993093
203.861832618713 217.690944671631 229.990601539612 240.347544352214 249.645352363586 257.180591424306 258.866290251414 253.866573174795 227.31226682663 201.998472213745 187.84495194753 194.859862327576 222.236514091492 247.071584065755 261.107544104258 251.866718133291 244.52269077301 237.88591225942 230.134427547455 224.068522453308 224.396089712779 224.685311317444 228.458940982819 241.336166858673 253.408312797546 260.678807894389 262.496113777161 262.703359127045 268.033087253571 272.851188977559 275.591413180033 278.931458791097 287.412285804749 290.247480074565 289.875090122223 289.25758600235 292.26424296697 295.324107011159 292.791724205017 298.79899819692 307.884097099304 311.77031993866 311.165769894918 309.155265490214 301.69936021169 299.38805103302
161.265552043915 166.736284891764 175.560176372528 188.321948051453 204.6799659729 221.3174700737 239.250004291534 245.425343513489 246.244768301646 232.852657636007 206.974784533183 186.912854512533 189.713597297668 212.268133958181 238.813916842143 242.211282253265 248.632391293844 245.514035224915 236.011584599813 224.936922391256 218.464136123657 215.920011202494 216.093281904856 225.140273571014 233.780066172282 239.570677280426 242.179115613302 246.43752972285 253.093143304189 257.698893547058 262.156109015147 267.454663912455 273.486137390137 275.67454179128 275.795777638753 277.308404445648 285.988132158915 294.769565264384 297.701398531596 303.613861401876 307.169854640961 309.317469596863 308.356404304504 305.535733699799 301.046013832092 299.794773260752
148.85022242864 143.468300501506 140.158792336782 141.043027242025 149.97007449468 167.027016480764 192.756334940592 214.789489905039 242.95961856842 247.874518235525 236.591200033824 212.855299313863 184.760451316833 182.46857325236 205.292026201884 232.206026713053 247.728109359741 250.422716140747 245.664636294047 236.746788024902 227.414488792419 226.746519406637 226.268390814463 227.132697900136 227.670391400655 227.088888486226 231.312235196431 239.687919616699 243.294715881348 244.671603043874 249.70422188441 255.082070827484 256.787657737732 257.854143778483 260.519762833913 265.420893828074 276.347517967224 286.88112894694 288.332362969716 294.967770576477 299.001812934875 299.785554409027 298.914432525635 299.338340759277 294.078568617503 293.918410936991
136.094202597936 109.174976746241 93.054989973704 87.5664552052816 82.0662677288055 88.7159109115601 109.095007181168 147.967845201492 191.132167975108 227.208356062571 245.815416177114 245.456576347351 226.232091585795 200.531621774038 197.670578956604 222.541471322378 239.469925562541 252.467135588328 259.036739667257 255.148073037465 244.064589341482 240.357756614685 237.054228782654 236.705462137858 236.568888028463 234.501202901204 237.415154774984 245.86013952891 245.154539744059 238.867322603861 244.155804316203 249.424993991852 251.051704088847 251.395066579183 254.390358924866 261.319617430369 267.256100972493 272.535681724548 274.870753288269 276.724616686503 281.1172803243 286.060551802317 291.406830151876 294.72404718399 290.101110935211 292.045752207438
124.32332833608 90.0209347407023 65.7834758361181 56.1236590147018 54.2065252860387 61.3112449645996 72.0022519429525 99.5277961095174 128.208299477895 181.249638398488 233.6039741834 262.640178203583 266.710499922435 247.955461343129 222.526490688324 218.049089113871 222.550630569458 238.101323445638 255.418558915456 263.735175132751 261.703213055929 255.600730578105 253.127654393514 249.005357424418 245.697220166524 244.262059529622 246.163169542948 248.401602109273 243.668735027313 238.991777102152 241.975446542104 246.8088666598 246.899525324504 246.846814950307 250.728448232015 253.826320171356 255.537033081055 254.650851090749 257.972379525503 258.61249367396 264.177481333415 271.474103132884 276.036361853282 279.374480247498 279.177665710449 281.803448994954
114.53832189242 87.4315698941549 55.5870036284129 35.8932415644328 50.4870464404424 73.8433996836344 80.9301386276881 94.0734545389811 112.402627865473 143.788874149323 192.343433698018 236.117422580719 270.699560642242 275.311410427094 255.498210589091 225.101013978322 214.061061541239 215.907533963521 233.332177003225 258.05538892746 268.786787986755 263.917326927185 264.811376730601 258.229811986287 251.794517040253 252.418339252472 254.797200361888 251.046558221181 245.809058348338 248.109141985575 248.73681863149 247.520327568054 244.678159554799 243.20262670517 244.018713633219 242.647667725881 240.605711936951 236.56435807546 239.566763242086 240.990738073985 245.664159456889 251.419723033905 253.592729568481 255.303422609965 265.416820844014 270.650227864583
99.3727743625641 87.834378083547 61.0400338967641 29.1447192430496 35.8723600705465 62.5644574562709 81.9568783044815 96.882422765096 115.928659836451 128.095378478368 150.405387083689 189.086973667145 221.639513969421 235.4882756869 252.94824441274 258.896668752034 246.154189109802 230.980694293976 220.15502055486 231.312076250712 255.458891391754 267.0805255572 270.535051822662 266.073902448018 259.001473585765 259.924829006195 263.829429944356 259.807507197062 257.060428460439 261.542280515035 260.556280612946 249.203562736511 243.259569009145 239.301979541779 234.62963104248 233.529130617777 228.361924489339 227.031071980794 227.116306622823 231.334726015727 233.223179976145 236.294368902842 239.319284756978 241.27733707428 257.531921068827 266.050656636556
91.3012623786926 92.1942591667175 79.6303749084473 41.0237262646357 35.1632436116536 65.2175048987071 85.6169561545054 109.670261542002 126.378138860067 136.921753485998 144.843876361847 167.070468266805 193.40060154597 217.607796192169 236.183762550354 244.268914063772 255.084176858266 251.865386962891 237.87780602773 222.455263137817 232.777198155721 258.771022160848 264.704664548238 265.884896119436 266.394158204397 270.623465379079 274.301807085673 272.380630175273 269.793470700582 271.279752254486 265.409747759501 254.297057787577 246.185700098673 238.70058854421 231.890499591827 229.6249071757 226.383964220683 226.387222607931 225.821773211161 228.01927725474 230.526487032572 232.303897539775 231.750190258026 235.605657100677 246.3485399882 259.275496006012
96.5699553489685 104.78608806928 106.154729922613 72.5713173548381 58.5651596387227 84.7512781620026 100.706924994787 118.283291657766 138.258109490077 153.212447961171 165.625790754954 172.72009452184 185.266474882762 192.381719748179 206.526239713033 231.881658236186 244.136611620585 249.359170595805 250.909606615702 240.812579790751 224.833885828654 239.129424095154 249.300579229991 259.956479072571 269.641816616058 276.993711789449 279.266675313314 280.374427636464 275.047024091085 272.722045580546 265.335857868195 258.499463399251 249.670505523682 240.848481655121 235.620379447937 230.87998231252 229.682981967926 226.631303628286 225.293080012004 228.589733441671 232.694466908773 234.497586886088 233.20080836614 235.857446988424 236.717840035756 250.641981760661
103.437026341756 106.489996115367 119.499544302622 113.436261812846 99.3071595827738 102.772384881973 106.595049301783 119.541774193446 133.145968119303 153.416126966476 165.544450283051 166.206260522207 167.396545410156 174.013833204905 191.004792849223 210.940897464752 222.776750723521 234.73995923996 240.969320138296 248.420556386312 244.442900021871 232.505599657694 235.772212346395 246.206859747569 262.232104937236 271.590352058411 278.257886568705 279.6724041303 272.856454054515 271.180252234141 265.660643577576 257.808486620585 249.515692392985 243.054211139679 238.611261049906 233.66371790568 229.91798321406 221.43159310023 218.704203764598 227.332830429077 233.924667040507 235.22961139679 237.97994852066 237.187385559082 233.28971862793 243.495424588521
