input/barkrak2/radiation/dir11124.grid
NCOLS 85 
NROWS 70 
XLLCORNER 665100 
YLLCORNER 4664600 
CELLSIZE 20 
NODATA_value -9999 
[rows 20 to 39 of 70, columns 0 to 45 of 85]
131.728410720825 120.444158713023 130.460997422536 163.158069054286 158.407956361771 131.973475217819 121.788263320923 130.131036043167 144.295374552409 163.023094336192 172.918637593587 178.434789180756 178.401748339335 183.297057946523 195.853114128113 212.464253107707 228.148539861043 239.367445309957 254.054586092631 272.658228874207 282.952944437663 273.809492588043 277.212619781494 281.267046928406 283.172408739726 284.503936767578 288.349052270253 286.093970139821 284.092525641123 282.611966133118 275.977452596029 261.380076408386 247.187892595927 237.945636113485 234.27414894104 240.174035231272 239.904920260111 242.172280947367 247.165083885193 251.322070757548 252.653916676839 252.031683921814 255.205432573954 249.041438102722 253.714680671692 258.721709251404
163.413971662521 154.950271050135 158.812900384267 190.283278624217 187.506039937337 136.898944775263 133.721530437469 140.865981578827 149.137894312541 158.763696750005 168.67325703303 172.392129898071 173.585931460063 171.688874562581 185.335338115692 201.840043067932 215.390264987946 231.082518895467 242.896695931753 259.522159894307 269.315183162689 279.987136522929 286.456425984701 281.492292881012 277.071754137675 262.901822725932 248.742679754893 246.357381343842 245.255549748739 238.958636919657 223.117609818776 210.027734438578 188.807507356008 182.359576225281 187.785565853119 209.15158589681 217.536846796672 234.796663125356 245.956540107727 247.166534264882 245.063642660777 243.130703767141 236.64398988088 219.208518664042 242.203096548716 253.926972548167
209.476371606191 210.956752300262 202.823638916016 209.941585858663 209.532380104065 165.703982114792 157.547851403554 150.846908489863 148.757964372635 152.187556028366 168.011287848155 174.808919429779 180.376450220744 181.80779616038 185.174425443014 195.206463336945 202.43114233017 217.091739177704 225.861012935638 227.630277474721 229.768296082815 243.497172991435 253.461261590322 257.528901100159 255.206485589345 247.306625048319 234.644591808319 229.329784711202 224.967042605082 207.469165325165 182.512283325195 140.904645125071 110.141177972158 116.755773623784 144.493162631989 171.483298142751 192.213594913483 214.821378389994 229.765057563782 233.042200406392 237.271269162496 238.127013047536 213.453153769175 187.090178330739 219.000558058421 248.989899953206
240.502337614695 236.863096555074 218.229830265045 215.954542160034 214.756528536479 203.066209952037 181.516249974569 157.497743765513 143.064876397451 146.587232748667 168.139497439067 178.686877091726 188.389341036479 193.050463994344 188.769340515137 187.514404455821 196.893473466237 208.436846733093 215.93036254247 208.724637826284 209.115465482076 211.458365122477 225.710272789001 236.265440781911 239.602665106455 237.884938716888 228.229820728302 209.705849488576 201.172788937887 163.088818391164 133.820553620656 107.759843269984 70.316140850385 32.3055734237035 35.4429682095846 70.9377775589625 115.383267402649 157.707790533702 184.404591719309 196.142653624217 194.940586884816 177.163302898407 169.695655504862 200.043300787608 205.534875392914 237.523436546326
234.704693158468 233.992318312327 228.4334897995 218.904991944631 206.855436166128 202.826042970022 184.97637907664 170.291602611542 158.13285112381 151.501258214315 159.523785114288 173.665066560109 179.623524347941 188.111523787181 188.417613506317 189.345916112264 195.49153248469 207.576155662537 213.015596071879 205.647110939026 206.080198287964 202.148497104645 210.986355940501 217.539548873901 219.452281792959 219.051659107208 210.300366083781 195.079147815704 174.621740976969 128.713309764862 108.762303988139 104.636410872142 80.0186296304067 29.0597925583522 23.0716119209925 48.607478539149 72.3428080479304 100.654423236847 125.68673491478 149.895509084066 142.443388700485 125.241716702779 146.151115496953 223.710636297862 223.028421401978 240.56343237559
224.141955375671 229.191342989604 233.56435696284 220.214088757833 207.374592622121 204.111238320669 196.37256860733 199.945648511251 194.914301236471 181.251486142476 177.136898040771 185.833394527435 189.040859540304 201.299925645192 201.999386151632 194.213469823202 197.554886341095 208.448688189189 213.263233502706 216.827472050985 220.618546009064 215.967218081156 211.38068040212 208.634972572327 208.374937375387 207.958261171977 200.581192970276 188.906729221344 160.899301369985 139.939039945602 135.823617378871 149.233281612396 146.737019220988 90.9614662329356 57.7235917250315 65.5838449796041 72.3308871189753 88.8420343399048 109.997063875198 111.951887607574 109.136283397675 111.109753449758 154.401520888011 219.691733519236 239.001631736755 250.813643137614
224.586725234985 228.629231452942 233.220080534617 223.847905794779 222.86860148112 220.106899738312 221.094767252604 221.947987874349 226.44829750061 219.353795051575 202.219545841217 208.31173658371 209.708333015442 217.635969320933 217.676162719727 206.179837385813 200.624903043111 212.728579839071 218.409935633341 231.150587399801 235.057552655538 231.903354326884 220.17236550649 213.350534439087 208.835522333781 209.733525911967 201.886792977651 197.314123312632 175.02772808075 173.598090807597 190.828224023183 216.480771700541 223.893761634827 219.622989495595 167.318284511566 96.7911283175151 88.8790587584178 93.7427977720896 109.552443027496 115.067104498545 125.905593236287 161.43266359965 181.745290756226 207.083761692047 234.121680259705 241.302808125814
227.976679801941 224.656303723653 227.114160855611 225.001116593679 251.12122297287 240.901052951813 238.237738609314 231.887658437093 234.891792138418 236.437757809957 219.873468081156 213.157792886098 216.470758120219 219.556212425232 222.359855969747 216.617425282796 211.819370587667 219.21439965566 231.855491797129 236.384352048238 235.802749792735 224.432766437531 220.667938391368 221.31484746933 218.37971607844 215.07587035497 209.934214750926 209.710160891215 206.003864606222 211.313744386037 229.808290799459 243.494808673859 247.930149237315 260.914206504822 254.372954368591 164.775510629018 114.256262779236 100.032458702723 101.874460776647 121.162364880244 160.849312941233 225.954671700796 201.393922170003 194.533665974935 212.201714515686 219.927310943604
227.592845757802 216.601729393005 219.657878081004 231.05267683665 270.289540290833 250.168939431508 234.020173549652 225.107590357463 225.4718542099 224.947114785512 216.22774998347 206.691304842631 214.503029982249 220.949033896128 225.274085998535 226.605574289958 224.305093288422 220.393121242523 230.589886506399 232.131481170654 229.100584983826 221.380074818929 220.784445603689 225.619157155355 225.895762443542 217.759072780609 218.819657961527 214.671909809113 216.500500837962 224.12113348643 243.858536084493 259.241243203481 261.950174967448 262.193242708842 272.144198417664 236.816267172496 133.457024892171 87.0348215103149 71.1452811956406 98.4598100185394 173.006137212118 211.599270502726 189.750870068868 163.955767949422 177.027563254038 184.738576412201
223.122258981069 208.632588386536 214.458306630452 241.061488787333 269.182682037354 247.465451558431 221.332351366679 202.501555283864 192.713260650635 189.604103565216 189.777592817942 190.961440404256 208.673298358917 221.577843030294 223.474780718486 233.260591824849 232.153395811717 218.920230865479 219.662010669708 221.276005109151 221.683402856191 222.19063838323 220.959424972534 224.246978759766 227.83354918162 223.219970862071 226.038098335266 219.41880385081 216.706236203512 231.188813845317 252.472281455994 268.998146057129 265.767772992452 263.747890790304 274.316827456156 278.164108594259 225.100219249725 135.698656241099 99.9045670032501 108.398844798406 143.663724263509 162.213563919067 171.124120553335 139.675954977671 141.31095012029 155.641496181488
215.399940808614 222.500344117483 252.467572689056 298.131505648295 292.186220486959 253.825902938843 215.667764345805 183.585981527964 171.654184659322 179.602861404419 175.170203049978 171.765406926473 199.412703514099 223.808407783508 230.580151081085 235.156734784444 234.286189079285 223.424891630809 220.213691393534 222.522397836049 221.041798591614 225.626269976298 227.947572867076 227.478424708048 229.505777359009 232.894043127696 234.275420506795 229.759971300761 226.828714211782 240.610082944234 260.966181755066 272.56965637207 267.850359280904 272.33479420344 280.115644137065 284.382661183675 286.187529563904 263.948301474253 184.296091397603 137.84784078598 124.7245768706 124.768733978271 146.620810031891 135.303447643916 134.972304105759 158.719003200531
234.13223028183 267.140805721283 301.327486832937 315.914372603099 328.573763370514 294.369737307231 247.564196586609 205.970923105876 192.338903745015 203.645467758179 194.548825422923 179.474910100301 195.824881394704 219.688355922699 235.836545626322 240.646163622538 236.364781856537 232.534726460775 225.312749544779 224.252382914225 226.159155368805 230.350116888682 232.865273952484 232.036550839742 233.823577562968 244.200170040131 243.936638037364 245.453357696533 244.80410416921 251.802404721578 265.393376350403 272.755245367686 275.292078653971 282.572547594706 288.281242052714 277.898828188578 281.084020932515 299.648960431417 263.576924800873 187.165955702464 137.305359045664 127.172936995824 134.169896443685 141.180018583934 160.834868748983 193.999846776327
282.061954339345 304.883897304535 310.223837693532 305.981278419495 320.77157497406 324.82381661733 303.313096364339 267.995774745941 240.803003311157 236.000021298726 234.341740608215 212.794363498688 200.269182523092 212.655524412791 235.314110914866 241.160571575165 235.131025314331 238.451242446899 228.19862763087 225.125114123027 231.311817963918 232.049465179443 232.576290766398 230.376243591309 233.639975388845 245.270450909932 251.813769340515 254.992345968882 253.975093364716 256.464163462321 269.413510958354 278.439621130625 276.445547739665 276.022851467133 279.703259468079 268.53742202123 269.98515923818 277.067085107168 255.269984404246 210.124333699544 174.191514650981 150.682747364044 140.358547369639 143.952260414759 162.662347157796 197.916249434153
299.043496449788 304.541210333506 300.053596496582 291.405558586121 295.289635658264 310.756882031759 315.411825974782 295.276741186778 270.451029141744 261.561473210653 261.948148409526 247.262676556905 222.619374593099 221.788207689921 235.515832901001 238.597929477692 235.390623410543 236.821154753367 228.582859039307 229.483246803284 228.704730669657 230.361044406891 229.367295900981 228.834470113118 234.218060970306 242.155452569326 253.871242205302 255.427936712901 254.30158774058 259.962360064189 271.885772546132 273.030638694763 261.352340380351 255.201458930969 258.789976437887 239.94513352712 238.387882709503 230.595449606578 206.961115201314 191.949566205343 203.007678190867 184.526026248932 164.580136537552 150.168607632319 152.830888827642 175.48942565918
302.84595489502 300.633470217387 305.086175600688 294.63001092275 289.926012357076 298.71141910553 315.048595269521 317.68004099528 293.007910251617 273.291329542796 264.458080132802 258.964379628499 252.574900786082 239.794294039408 236.210624376933 239.449481169383 234.930435816447 230.355759461721 230.491479237874 234.812060991923 230.413774649302 228.711426258087 228.773276011149 229.69526052475 234.128177165985 240.972677866618 247.508585453033 246.971229712168 248.323837916056 260.877788066864 267.569601535797 261.5092198054 248.593310515086 248.362322648366 242.157022158305 225.257058938344 227.969487508138 226.503034432729 219.76359685262 216.738323370616 221.025824546814 224.633057912191 202.931344509125 185.820698738098 170.37175099055 162.413517634074
314.920802911123 313.54014078776 318.934122721354 315.163612365723 307.55211909612 308.53150288264 319.046715895335 327.84499724706 305.855850378672 280.716160933177 264.018674691518 263.36814959844 268.385191758474 251.819213231405 244.055171807607 244.063198566437 239.913582801819 232.656975587209 236.534714698792 239.198962847392 236.53119802475 232.56109158198 235.768099625905 238.902449607849 236.43813530604 240.450739860535 243.403752644857 241.621514161428 246.07108036677 259.724497795105 264.746844768524 257.379829883575 250.691513220469 251.691420873006 236.948609352112 230.663259824117 236.376762390137 240.405976772308 245.459040006002 245.770812034607 212.774674097697 210.919201374054 200.618048508962 187.810619672139 173.089702924093 151.55890583992
320.448239644368 320.345938205719 323.211868604024 322.752833366394 315.454045931498 310.669481754303 317.071874936422 328.00034681956 312.408030033112 278.881549835205 263.758778572083 263.728260993958 266.848882039388 251.202980677287 240.965644518534 247.422774632772 252.078413963318 240.996738274892 242.537001768748 246.136585871379 247.169117132823 241.760055224101 241.173088550568 243.579308191935 241.314252217611 241.059263547262 244.051357110341 248.559753100077 251.812895139058 261.07265551885 264.925281206767 259.883224964142 252.79841820399 251.135309537252 235.855539639791 239.347577095032 243.614077568054 247.586270173391 249.091386795044 243.207613627116 190.905809402466 160.061140855153 147.58030573527 141.33475224177 142.080207665761 136.283258597056
318.174560864766 321.154375871023 324.283063411713 322.692592938741 316.978871822357 314.746975898743 317.820111910502 324.726581573486 319.013814131419 286.242445309957 272.840599219004 265.437622865041 258.706649144491 249.447484811147 242.173651854197 247.800628344218 257.660349210103 250.832994778951 248.453696568807 251.386682192485 251.156648000081 246.282358964284 243.129750092824 246.157705783844 246.589620908101 245.028634866079 245.671232541402 252.458949883779 255.879998207092 258.685310681661 263.601581255595 263.231674830119 255.477925141652 241.155803203583 229.160189628601 246.500531832377 255.048394203186 255.471666653951 247.92226155599 244.806170463562 187.356392542521 125.991364320119 104.813496271769 92.0521219571431 96.177875995636 101.28065943718
301.462968190511 308.917582035065 312.983393669128 313.544154167175 314.703027407328 318.923433621724 321.721235911051 323.283871014913 321.519653002421 302.222410837809 290.003458658854 274.522205193837 260.396420955658 259.373823801676 250.503261884054 243.805607159932 254.522224267324 256.42208258311 250.015119711558 248.968640963236 248.92516930898 245.526810487111 241.825520992279 242.446343104045 245.188156763713 250.185092290243 246.886054674784 250.656465689341 254.547476768494 254.820148150126 261.912981669108 264.912982781728 251.674433549245 228.112975756327 234.881540139516 261.211236317952 264.968415101369 259.67276096344 247.558832168579 248.546222845713 232.220530509949 162.453909715017 107.539663712184 91.2163257598877 91.2058651447296 87.0238443215688
275.982856750488 281.530976295471 280.668576558431 288.776338100433 299.893379211426 311.050256093343 318.325301011403 323.060731093089 322.089831034342 309.524595737457 291.477799415588 271.649996439616 259.248852729797 257.360676924388 253.480354944865 247.639139493306 251.892328262329 252.784113089244 243.799825509389 243.451376756032 247.694293657939 249.989052613576 246.364752451579 241.24421676 241.619209448496 244.384547074636 248.823602994283 250.798046588898 254.309276739756 253.536184628805 254.82169787089 258.815069993337 244.654357433319 230.163713296254 257.093608379364 273.673017819722 268.700400988261 261.650284131368 254.210511843363 257.372915744781 278.342306613922 265.25221268336 193.109353383382 141.168594360352 111.091623703639 88.3651375770569
