input/barkrak2/radiation/dir12724.grid
NCOLS 85 
NROWS 70 
XLLCORNER 665100 
YLLCORNER 4664600 
CELLSIZE 20 
NODATA_value -9999 
[rows 20 to 39 of 70, columns 0 to 45 of 85]
163.522293170293 153.679192066193 167.436321576436 205.214937527974 200.499355792999 162.394841512044 151.023785273234 158.963580926259 171.934167544047 189.007023970286 204.997261365255 208.534995714823 213.238477706909 218.59735250473 232.784032821655 255.59918085734 270.277122656504 282.797276973724 303.247570991516 315.85967540741 319.31072473526 310.438990592957 308.913826942444 311.047236124674 311.681548754374 313.440799713135 316.39438867569 314.171532789866 310.713807741801 309.841414292653 302.945653597514 290.155827999115 278.617282708486 272.027234236399 269.457340240479 274.772763252258 274.733424186707 277.041216691335 281.897028287252 286.531408627828 286.590258280436 286.73791885376 289.387981096904 283.177316188812 288.359443346659 291.417380174001
193.95504395167 189.081112543742 200.066169102987 231.625358263652 227.863510449727 172.365963459015 161.536931991577 168.873409430186 177.310923735301 187.966465950012 197.084705034892 205.502212047577 209.687332312266 210.16138792038 221.197028954824 238.862792650859 254.158079624176 270.914554595947 284.412503242493 301.79500579834 314.040462176005 323.196212450663 325.811187426249 324.530919392904 319.272836049398 311.984499295553 307.97799428304 303.362786769867 305.522918701172 297.894895076752 280.601720015208 249.141256014506 225.586493810018 220.474898815155 227.199594179789 247.397303581238 255.646526813507 271.750191847483 281.770666440328 282.83033768336 279.893298943837 278.930068016052 272.852381070455 256.470819314321 278.354167938232 287.292122840881
237.889170646667 242.198248704275 241.303404172262 250.284234682719 250.187993049622 202.858030796051 186.76761786143 176.255663235982 173.418482144674 180.211285750071 198.00732533137 206.290225187937 214.579264322917 216.491897900899 223.540246486664 233.708639939626 248.148659865061 261.576394240061 274.389425913493 282.037893931071 288.949112097422 304.358224074046 317.117432753245 316.107332706451 308.155318101247 299.449642499288 283.735275268555 270.722508430481 265.49764474233 242.921431859334 214.200496673584 168.388624986013 146.483927965164 158.802380164464 187.161227067312 212.557892004649 232.141216595968 254.056831200918 266.577879587809 270.296514034271 273.940662542979 274.139722188314 250.770608584086 227.766215801239 256.909728050232 285.645365715027
263.888299465179 263.297319412231 253.28920284907 255.718429883321 255.048910776774 240.262031555176 209.459443887075 184.102137883504 169.977188110352 174.688776334127 195.368568102519 206.244568030039 220.860004425049 230.352540810903 231.468518575033 235.261718432109 245.001256465912 258.131007353465 269.826193650564 261.345942815145 259.60385799408 254.506707191467 263.735870520274 272.481123606364 279.17883793513 275.489290555318 262.496908505758 250.301877657572 228.347698847453 186.637838681539 159.14398431778 134.117156267166 98.2965032259623 82.2138140598933 94.4471657276154 129.058370987574 177.525401115417 206.739783287048 225.824137528737 236.701051394145 235.247234503428 221.536199251811 207.875470320384 241.319100062052 244.18048063914 275.301416714986
257.216970125834 257.791022459666 259.044448534648 257.957100868225 247.250854969025 240.327954292297 216.863036155701 198.214928309123 181.439518928528 175.717810789744 188.033064206441 204.793135325114 217.25594997406 228.605707486471 230.837027231852 234.047691027323 240.717689196269 251.103699207306 254.859646161397 247.359871864319 242.538491884867 236.982544263204 245.222846666972 253.122289975484 256.824374198914 259.420414765676 248.969554901123 235.977351665497 200.744291146596 154.217004776001 133.937517801921 130.331178506215 107.333173354467 65.7028059164683 58.4791700045268 77.5822947422663 119.356493155162 154.559751351674 185.754120349884 199.650009473165 189.738909403483 167.449017365774 189.018368721008 262.292166550954 258.972982565562 276.705861091614
248.663365840912 253.344396750132 261.277774969737 256.854335467021 248.535215854645 241.803169250488 227.374096711477 224.137922128042 218.960960706075 204.575379689535 202.151656150818 218.203186988831 227.31097539266 240.254998207092 243.854641914368 233.905911445618 231.657803058624 242.124378681183 246.629774570465 252.021928628286 255.040566126506 248.879909515381 243.298451105754 242.788930733999 245.735426743825 245.589156945546 237.904528776805 229.582925637563 188.179612159729 163.467148939768 160.773913065592 175.773362318675 176.063319047292 132.246732711792 97.3200798034668 94.4693684577942 104.845702648163 127.525856097539 159.967839717865 175.345599651337 161.727031071981 154.0420850118 198.574205239614 257.94796148936 275.931636492411 287.686944007874
249.806523323059 253.11400492986 259.262522061666 257.574915885925 262.695908546448 254.830082257589 246.449649333954 243.816872437795 245.746592680613 239.260872205098 225.616733233134 238.247911135356 247.298340002696 255.358397960663 251.773834228516 240.214288234711 236.38258377711 244.460304578145 251.625140508016 265.171925226847 264.615813891093 259.278694788615 253.875315189362 246.376057465871 245.145161946615 245.194792747498 237.868547439575 232.182780901591 200.82547267278 195.98263502121 215.374350547791 240.297158559163 246.416985988617 249.051292737325 211.183587710063 132.118046283722 122.600972652435 130.042612552643 152.474959691366 163.75869512558 174.789985020955 205.068290233612 216.23953183492 237.09499835968 267.379542191823 277.940471967061
253.662506739298 250.310699144999 252.967715263367 256.602009137471 287.467479705811 270.897448062897 258.305311203003 249.298711617788 250.961224238078 255.82230091095 242.921034495036 245.61615784963 252.408345540365 255.153993765513 254.542132218679 249.784648418427 243.627190589905 252.028266588847 260.541617870331 266.390601793925 265.767753124237 255.211313565572 253.608763217926 251.080195109049 253.066956996918 250.819265842438 246.246457099915 241.772294044495 229.571064313253 229.409039020538 250.603993733724 264.901439348857 266.503791014353 280.112047990163 287.46896982193 208.989024162292 150.075644254684 135.484645764033 143.606712420781 166.218062241872 209.940632184347 266.850372155507 231.632431348165 225.117623806 245.711247126261 255.64181804657
252.387404441833 242.401003837585 245.822568734487 262.890815734863 303.863962491353 274.640719095866 253.731687863668 243.090113004049 246.104717254639 249.223053455353 242.115616798401 241.452972094218 248.556892077128 252.634684244792 255.835016568502 259.349147478739 255.561610062917 249.628086884816 257.658739884694 261.452476183573 258.643567562103 251.564145088196 252.619902292887 255.341331164042 257.002631823222 252.364039421082 252.572496732076 247.848689556122 240.946729977926 239.967246850332 261.231521765391 277.992566426595 278.865178426107 278.273741404216 293.407956759135 274.877925713857 178.412437438965 124.060034751892 113.146682580312 144.125560919444 219.683527946472 250.557720661163 221.076846122742 194.964448610942 213.796973228455 226.181825002035
246.061782042185 234.371860822042 241.424063841502 273.16560347875 301.864047845205 271.352231502533 243.43595902125 224.943041801453 217.826267083486 219.083507855733 221.015195051829 225.091000398 238.767782847087 254.920323689779 258.123894532522 262.237807114919 261.180778344472 250.167349974314 251.371721426646 253.458122412364 252.300898234049 254.320085048676 254.565278689067 258.803387482961 261.432270208995 257.137616475423 258.410116036733 254.108647505442 244.515558083852 248.228987058004 268.30005645752 285.692056020101 281.388183434804 279.111981391907 289.092421531677 299.933234850566 264.111479123433 181.416114171346 139.938116073608 148.724506298701 186.043163140615 203.242023785909 205.348074436188 172.341148058573 182.21249183019 203.739762306213
236.767490704854 245.254953702291 275.26319026947 321.277936299642 318.744619687398 277.254005273183 240.874191125234 209.996740023295 199.037452538808 210.98784605662 205.620050430298 201.811770598094 232.348561286926 253.297845522563 259.172876675924 266.860683759054 264.831244945526 257.132411003113 255.582908789317 256.147344907125 255.067706108093 259.317715962728 262.895286083221 263.761619726817 262.923419475555 266.307711601257 267.027060190837 262.576401233673 253.925462563833 259.878834088643 275.620679060618 287.805994351705 284.154891967773 286.361575126648 292.456527551015 295.990427335103 307.052453358968 300.064285596212 226.252277692159 179.091731707255 165.147384007772 158.922036488851 178.862373034159 172.2651720047 172.309199968974 201.845745245616
255.582590897878 285.488824049632 312.854091326396 323.235412438711 342.907508214315 315.844972928365 273.496985435486 234.670341014862 220.252950986226 232.893407344818 226.897199948629 207.700987656911 223.140597343445 248.78990650177 265.645941098531 268.353839715322 268.643736839294 266.097843647003 259.469469388326 259.455184141795 260.085622469584 263.943473498027 266.158282756805 265.073339144389 266.003847122192 272.841811180115 273.927569389343 276.707231998444 269.972006479899 273.578921953837 281.408786773682 287.07081079483 289.077401161194 295.194725195567 299.061973889669 287.959535916646 293.985247612 321.049908796946 299.475073814392 230.33207654953 179.508288701375 160.240252812703 162.064731121063 174.118161201477 196.529348691305 225.833773612976
296.258727709452 312.658588091532 311.097582181295 305.182834466298 321.63534561793 334.028601646423 319.349726041158 288.618206977844 262.623290220896 260.916531085968 262.819806734721 237.952629725138 225.071549415588 246.521313985189 269.031524658203 274.474581082662 271.028637886047 273.23305606842 260.822137196859 259.226659933726 262.493868668874 264.421582221985 264.775554339091 262.151221434275 266.040245691935 275.480806827545 281.126022338867 283.947050571442 279.016852378845 278.717994689941 288.25718164444 293.723007043203 291.175007820129 292.49632358551 296.361804008484 285.211086273193 285.47324736913 298.149526119232 287.550866603851 251.305143038432 216.954926649729 184.730390707652 168.213605880737 172.675669193268 193.752884864807 228.612462679545
301.57744884491 300.803144772847 295.332531134288 285.644888877869 287.456830342611 305.354317029317 318.224787712097 307.569026947021 289.395054181417 283.886015415192 285.60213247935 268.611152966817 251.862466335297 256.264408429464 269.026160240173 269.342422485352 267.67232020696 271.085957686106 262.928605079651 262.423435846965 260.685821374257 263.501604398092 261.147399743398 258.578797181447 264.315485954285 272.175153096517 282.050649325053 283.798376719157 280.659476915995 282.410144805908 292.479614416758 291.633288065592 280.021786689758 275.910417238871 279.485762119293 263.036052385966 261.123696962992 257.006784280141 240.053713321686 233.54293902715 243.87800693512 218.393087387085 190.513134002686 179.566224416097 180.349389712016 207.729617754618
300.197501977285 293.919682502747 299.460291862488 287.359495957692 280.709485212962 290.848731994629 312.146921952565 325.006385644277 311.097979545593 293.784519036611 287.14374701182 280.929247538249 281.818489233653 274.139444033305 272.083401679993 271.058718363444 269.36928431193 263.585289319356 263.91198237737 268.434405326843 263.274828592936 261.489669481913 262.111047903697 261.117657025655 263.888736565908 269.713560740153 275.32168229421 274.451792240143 274.904529253642 284.315745035807 290.340940157572 282.06463654836 267.415642738342 269.699613253276 266.54573281606 248.90140692393 250.828921794891 250.013709068298 249.122758706411 256.898144880931 258.479177951813 253.69793176651 230.349322160085 211.597561836243 195.667545000712 191.108345985413
315.956592559814 312.748968601227 320.263008276622 315.918823083242 307.144125302633 309.575875600179 322.917103767395 338.468631108602 324.641545613607 299.245456854502 286.053121089935 288.70435555776 295.36227385203 283.778071403503 277.718802293142 279.848615328471 272.852043310801 265.703101952871 271.713455518087 271.730105082194 267.551004886627 264.05409971873 264.020025730133 266.338924566905 265.944063663483 269.132614135742 271.372675895691 269.192735354106 272.236704826355 284.561475118001 286.899884541829 278.882622718811 269.362986087799 270.240267117818 258.877217769623 253.292918205261 258.800188700358 261.311213175456 269.339124361674 282.223264376322 247.297982374827 237.913191318512 229.298671086629 220.665673414866 205.004612604777 185.716927051544
330.536564191182 329.196810722351 332.171320915222 332.794725894928 324.71497853597 319.146037101746 324.681023756663 337.629040082296 328.801413377126 299.289961655935 288.860638936361 288.769404093424 296.201904614766 285.061717033386 277.462263902028 279.329458872477 284.299333890279 274.227579434713 276.070694128672 278.633336226145 276.526033878326 271.3809410731 270.54766813914 273.240725199382 268.498003482819 267.363508542379 271.146774291992 273.574868837992 276.230911413829 285.169283548991 287.859121958415 281.778216362 271.78951104482 268.222530682882 256.109992663066 260.308623313904 265.619953473409 267.395297686259 269.839644432068 275.937040646871 230.124592781067 193.502048651377 180.713315804799 175.907552242279 176.262338956197 171.862244606018
334.916750590007 335.514624913534 335.5739514033 334.962884585063 329.095105330149 323.968311150869 324.140350023905 330.577333768209 331.88807964325 307.397266228994 295.857707659404 295.863588651021 292.075832684835 284.070293108622 275.93727906545 278.933048248291 289.730668067932 281.879484653473 279.030044873555 281.533519426982 280.343651771545 276.411155859629 273.584584395091 273.535847663879 275.238931179047 272.590855757395 273.529271284739 279.49583530426 280.782441298167 284.037848313649 286.684314409892 283.574362595876 275.014559427897 259.544968605042 249.240040779114 265.867551167806 274.723807970683 274.279057979584 265.803853670756 270.639538764954 229.761183261871 162.936260302862 135.576864083608 124.612788359324 129.052619139353 139.320900042852
326.990703741709 332.19051361084 335.009018580119 333.722670873006 332.073271274567 331.872622172038 330.3409020106 329.332669576009 329.698979854584 317.597270011902 314.398447672526 304.79097366333 291.942954063416 287.976582845052 284.487148125966 278.181870778402 286.272088686625 286.307076613108 280.579606691996 281.328201293945 281.578441460927 278.007129828135 274.183789889018 274.954477945964 276.531338691711 278.876980145772 277.428428332011 279.190639654795 282.388110955556 282.533526420593 285.451153914134 285.050710042318 270.419557889303 247.390309969584 254.957616329193 279.464821020762 282.895882924398 277.236719926198 262.980421384176 266.165872414907 266.574859619141 204.779823621114 147.921611865362 124.181012312571 121.952424446742 121.300359567006
309.180041154226 313.143253326416 312.888363997142 318.700512250264 326.630314191182 334.116816520691 338.138779004415 339.579502741496 337.352434794108 331.637660662333 318.193793296814 301.292856534322 290.388464927673 290.850798288981 286.555548508962 280.354619026184 284.657677014669 286.023080348969 278.366883595784 278.114279111226 280.206163724263 283.959964911143 282.055914402008 277.312318483988 275.741060574849 277.745286623637 281.036535898844 282.150745391846 284.275472164154 283.906817436218 282.947421073914 283.815006415049 263.73032728831 248.836576938629 273.917317390442 289.852142333984 284.920156002045 279.408097267151 268.402576446533 268.45779021581 296.032627423604 299.475252628326 234.781463940938 180.237968762716 145.339379707972 122.940878073374
