input/barkrak2/radiation/dir10824.grid
NCOLS 85 
NROWS 70 
XLLCORNER 665100 
YLLCORNER 4664600 
CELLSIZE 20 
NODATA_value -9999 
[rows 0 to 19 of 70, columns 0 to 45 of 85]
282.882432142892981 292.570849259694 302.982648213704 313.18477789561 315.636694431305 313.608268896739 306.516269842784 300.337672233582 303.434054056803 303.815424442291 302.41866906484 306.2650958697 308.176795641581 308.520277341207 310.061554114024 307.135542233785 298.857688903809 290.716052055359 288.493514060974 277.17262506485 262.788335482279 269.011815388997 292.233685652415 299.824655056 299.97718334198 303.072392940521 300.91671148936 289.071043332418 272.850791613261 268.369515736898 265.890657901764 279.111444950104 307.475090026855 306.133310000102 308.276434739431 298.586964607239 301.752785841624 311.34573618571 304.652651151021 307.116130987803 296.488444010417 291.684667269389 300.56885878245 310.370028018951 310.312787691752 305.944164594014
263.599415620168 277.78168519338 289.464592933655 302.572985490163 310.250063737233 309.580107529958 303.779482841492 299.656649430593 306.052724520365 306.405822436015 301.898638407389 304.420987764994 308.090726534526 309.29825703303 309.080064296722 306.981603304545 303.837299346924 297.481258710225 294.617454210917 283.424437046051 276.914378007253 284.36158100764 299.027601877848 303.70032787323 304.601669311523 304.965595404307 300.840854644775 291.61791006724 276.481111844381 269.419093926748 270.201464494069 290.294448534648 306.294480959574 305.651565392812 308.880527814229 298.948546250661 300.994435946147 306.511561075846 302.19837029775 310.96605459849 306.450883547465 298.311432202657 301.818112532298 309.396147727966 311.00469827652 308.465758959452
231.709420681 242.44487285614 253.811339537303 265.009840329488 276.983201503754 285.037954648336 290.461341540019 297.409574190776 302.621086438497 300.854881604513 296.981592973073 299.910922845205 309.159974257151 312.682727972666 309.775710105896 314.036250114441 317.535142103831 313.968122005463 304.832716782888 296.752989292145 298.39038848877 300.453941027323 301.868855953217 302.652796109517 306.02506796519 306.249737739563 299.721995989482 290.179034074148 278.873006502787 272.836486498515 275.509516398112 298.115094502767 300.467868645986 303.86213461558 308.951338132222 303.275803724925 297.995249430339 296.598970890045 302.651405334473 310.779472192128 306.665996710459 300.182819366455 295.933504899343 303.05935939153 313.279112180074 312.295238176982
213.989814122518 215.705573558807 223.537663618724 229.179322719574 236.549218495687 241.640746593475 248.026609420776 261.332551638285 277.767022450765 289.705375830332 295.852919419607 304.333428541819 312.024275461833 314.704298973083 314.228494962056 314.988454182943 315.302054087321 311.557253201803 305.156608422597 302.107850710551 300.308744112651 298.353552818298 303.946395715078 304.182370503743 303.928951422373 305.943270524343 302.229921023051 294.135669867198 288.266917069753 283.637364705404 279.670278231303 300.877630710602 299.989064534505 302.624106407166 304.495811462402 305.924415588379 303.901414076487 302.112301190694 310.012539227804 311.068654060364 304.892182350159 292.988459269206 288.687606652578 301.423490047455 315.105716387431 312.822659810384
234.513401985168 219.286362330119 207.296748956045 199.273725350698 202.088356018066 217.920919259389 237.493058045705 247.268239657084 256.575385729472 263.142069180806 280.004779497782 297.045548756917 307.027916113536 311.509569485982 313.84684642156 314.678728580475 309.826850891113 302.13455359141 300.247410933177 301.219205061595 298.131148020426 296.738723913829 304.456392923991 305.298964182536 304.579893747966 307.760278383891 304.010589917501 297.89278904597 291.543920834859 287.926514943441 291.536907354991 307.676593462626 304.810007413228 305.704017480214 302.590111891429 304.322719573975 310.199836889903 311.815003554026 311.457475026449 309.624393781026 306.509077548981 300.478418668111 299.060185750326 302.460392316182 307.315826416016 308.920661608378
274.074176947276 249.900420506795 224.389473597209 202.027599016825 193.649113178253 203.717470169067 228.356003761292 244.299292564392 248.032848040263 248.017092545827 257.613817850749 269.191265106201 277.69543727239 283.347129821777 290.092090765635 295.437713464101 294.044593969981 292.696595191956 296.532352765401 301.351388295492 301.350017388662 304.710427920024 308.935701847076 307.300209999084 307.397524515788 309.774657090505 306.747655073802 301.943679650625 294.577439626058 291.601697603862 300.509254137675 308.808843294779 310.852885246277 312.92333205541 307.834088802338 304.603457450867 309.103449185689 310.716430346171 307.231644789378 307.116389274597 306.886772314707 303.781509399414 303.235590457916 303.906639417013 297.932843367259 286.694049835205
292.620142300924 272.68769343694 254.62398926417 235.243757565816 215.36789337794 203.109741210938 209.648867448171 237.552920977275 250.094672044118 257.561186949412 254.941244920095 249.545534451803 245.673418045044 242.094953854879 244.245767593384 258.292237917582 268.813014030457 283.520738283793 296.515822410583 304.572621981303 305.844942728678 305.420756340027 308.205227057139 307.769099871318 308.175126711528 310.144861539205 309.644818305969 305.940190951029 300.690452257792 300.783514976501 306.290944417318 311.716914176941 317.279438177745 318.176865577698 315.184791882833 308.587511380513 307.379921277364 306.534548600515 306.187113126119 307.080209255219 303.60225836436 300.405343373617 302.113751570384 302.858511606852 285.386244455973 278.439263502757
298.418879508972 291.10062122345 282.221575578054 269.00984843572 248.510797818502 220.097343126933 199.575781822205 198.855141798655 231.799165407817 255.402942498525 262.380500634511 258.704443772634 250.671029090881 241.794228553772 229.26386197408 232.588489850362 244.422793388367 259.366095066071 279.619495073954 294.982651869456 302.17307806015 304.205477237701 308.259169260661 307.836969693502 306.92587296168 307.682196299235 307.908018430074 306.195318698883 303.698023160299 307.229618231456 312.240163485209 315.196394920349 317.375441392263 316.353440284729 312.072316805522 308.805902798971 307.404776414235 302.797059218089 295.484026273092 291.274925072988 294.955829779307 302.20099290212 311.341325441996 310.382207234701 298.138399918874 291.05281829834
292.140901088715 292.654097080231 289.666453997294 283.261040846507 271.893342336019 252.409259478251 224.270045757294 196.609874566396 209.775467713674 231.106758117676 250.022967656453 258.508384227753 260.02432902654 257.666786511739 247.304638226827 240.560511747996 237.259189287821 241.587181886037 254.982054233551 270.690242449443 284.171064694722 293.521523475647 299.245238304138 296.67325814565 298.031747341156 299.457708994548 300.414204597473 300.377945105235 300.454338391622 306.741774082184 310.741206010183 310.363670190175 310.131390889486 310.499946276347 308.661142985026 308.533072471619 306.887269020081 301.495671272278 288.830161094666 289.065460364024 303.693493207296 313.376367092133 316.905816396077 315.086325009664 303.978860378265 296.976308027903
267.682234446208 276.182969411214 280.330220858256 280.386408170064 277.872681617737 274.753789107005 260.656476020813 243.565797805786 214.034517606099 205.014705657959 217.572152614594 241.65012439092 261.239926020304 270.368734995524 271.830439567566 264.544328053792 250.895003477732 246.20129664739 244.716723759969 247.906088829041 256.080746650696 263.017177581787 270.772715409597 276.754796504974 283.436497052511 286.190609137217 287.641406059265 287.85651922226 289.131641387939 294.676621754964 295.956989129384 296.539048353831 301.824371019999 305.499354998271 306.156059106191 304.811676343282 303.363581498464 302.122334639231 289.778669675191 294.002095858256 310.843527317047 316.246410210927 316.417535146077 312.087972958883 301.41810576121 294.859786828359
219.550947348277 232.86368449529 244.749029477437 254.444122314453 263.160308202108 270.082434018453 271.858632564545 267.386217912038 242.197553316752 217.686692873637 203.869938850403 211.617926756541 237.23038037618 260.824044545492 273.922483126322 265.28803507487 258.420427640279 252.21707423528 244.824767112732 238.888521989187 239.224870999654 239.468971888224 242.984135945638 255.145450433095 266.071577866872 273.100813229879 274.891336758931 275.004903475444 279.886345068614 284.390866756439 286.909997463226 290.042201677958 297.894318898519 300.410111745199 299.893756707509 298.947751522064 301.422715187073 303.970535596212 300.182282924652 303.708712259928 312.126417954763 315.968990325928 316.455622514089 313.883900642395 306.971589724223 303.548117478689
178.071220715841 183.436354001363 192.06710656484 204.508105913798 220.368027687073 236.402014891307 253.885169823964 259.334107240041 260.159611701965 247.488935788473 222.608347733816 203.016380469004 205.68319161733 227.596700191498 253.015796343486 256.061295668284 262.243787447612 259.401301542918 250.431497891744 240.557154019674 233.523368835449 231.024702390035 231.187383333842 239.896794160207 248.079796632131 253.464778264364 255.826532840729 259.861667950948 266.140580177307 270.471473534902 274.644315242767 279.703776041667 285.417437553406 287.319302558899 287.273506323497 288.487811883291 296.290934085846 304.094910621643 306.219776471456 310.012400150299 312.724073727926 314.985791842143 314.564744631449 312.138358751933 307.384173075358 305.974066257477
165.873229503632 161.478330691655 159.131368001302 159.100661675135 166.996002197266 183.770179748535 208.903868993123 230.240841706594 257.103701432546 261.691967646281 251.016875108083 228.301088015238 200.918952624003 198.663453261058 220.885276794434 246.754070123037 261.47981484731 263.990084330241 259.537776311239 251.130938529968 242.804169654846 241.43922328949 240.983446439107 241.822719573975 242.252548535665 241.602698961894 245.669802029928 254.04171148936 257.430732250214 258.307019869487 263.0748351415 268.210927645365 269.910295804342 271.567344665527 273.82622162501 277.782638867696 287.983357906342 297.492861747742 299.293716748555 304.823756217957 307.365834712982 307.967603206635 307.14613199234 307.417194048564 301.981488863627 301.251351833344
157.716512680054 127.778977155685 111.350437005361 105.339109897614 102.249552806218 109.428783257802 129.465381304423 167.582432428996 208.033998807271 242.050687472026 259.56799586614 259.320517381032 241.185228029887 216.191550095876 213.43058347702 238.412837187449 253.734290599823 265.949527422587 272.066911061605 268.486241499583 258.068680763245 255.014479160309 251.87361240387 250.982880592346 250.759959220886 248.715281486511 251.585106054942 259.608109792074 259.193321069082 253.26806306839 257.90532430013 262.924671173096 264.520545800527 264.859557151794 268.227259318034 274.805188179016 279.66829140981 284.53536828359 287.280360857646 288.825392723083 292.01485713323 296.435991923014 301.142374674479 304.347097873688 299.414833386739 300.109763940175
141.807734966278 107.257386048635 80.6074688831965 74.8796463012695 74.2457012335459 80.3232192993164 89.4804795583089 116.685847441355 147.377093633016 197.2576379776 249.416530132294 276.044309139252 279.353181521098 261.897722880046 237.49307791392 233.177403608958 238.437612851461 252.442459265391 268.775105476379 276.391565799713 274.554292360942 268.865942955017 266.580204168956 263.292411963145 259.877324104309 257.982393105825 259.951949119568 262.05974817276 257.305085659027 252.964933713277 256.507078806559 261.120597521464 260.602076848348 260.577003161112 264.242927233378 267.905712127686 268.72056722641 267.88196961085 271.617372830709 271.389206250509 276.59273147583 283.377110958099 288.370966911316 290.294845898946 289.625287055969 291.644096374512
125.604728857676 98.9975233872731 67.5723403692245 54.4089625279109 69.2604879538218 93.73805920283 97.7502763271332 110.03436644872 131.489892800649 161.803354819616 212.665816148122 265.385965506236 290.00069697698 287.327408790588 269.018769264221 240.083614985148 229.447682698568 232.049246629079 247.882107893626 271.295746167501 281.136035919189 276.558915774028 277.455965677897 271.82149887085 265.578289826711 265.698591868083 268.087108929952 264.509399731954 259.279052416484 261.5993420283 262.417435646057 261.833846569061 258.490959803263 257.133523623149 257.904171943665 257.288098335266 254.586239655813 250.734686851501 253.556708494822 255.514522393545 259.26285982132 264.709770679474 267.504115899404 268.155455589294 277.295370896657 282.084584236145
110.972156127294 99.5033780733744 72.8489011526108 46.6082791487376 52.7399430672328 75.4436949888865 98.2395807902018 112.308422724406 131.000578403473 144.724319378535 167.90908575058 214.915255705516 243.48904689153 267.827252546946 284.890532493591 272.107859452565 260.199348131816 245.648105939229 236.20464404424 245.915790398916 268.82133881251 279.898424943288 283.119102319082 278.915206591288 272.253255049388 273.215969403585 276.533325513204 272.691826025645 269.871334234873 274.611035982768 273.491164048513 263.295332590739 257.68772761027 253.409147262573 248.954733212789 247.898856798808 243.637998898824 241.61301056544 242.341935634613 245.700577894847 248.247901598612 250.374257564545 253.243247667948 255.840758482615 270.232677459717 278.1001329422
102.838297684987 103.879700104396 91.6204353173574 58.0996423959732 46.4146186908086 75.5299180746078 102.109521627426 122.807661692301 141.71102643013 151.107410589854 162.144660949707 185.667912165324 215.958495934804 238.364140192668 247.920254866282 272.010584672292 283.434609572093 273.518721262614 254.036148389181 238.420406977336 248.268485069275 272.676348686218 277.76829401652 278.509974479675 278.982003529867 283.261398474375 286.828577518463 284.799953301748 282.133221626282 283.673862616221 278.19432814916 267.676631609599 260.266105333964 253.353794415792 246.872047583262 244.141340255737 241.683582464854 241.77755912145 241.142888863881 243.22768052419 245.708266894023 247.424920399984 246.809999148051 250.634491443634 260.728577772776 272.760450839996
108.225921789805 117.510914802551 119.3974117438 88.7312789758046 72.0056792100271 95.0755476951599 112.56809035937 135.766059160233 152.109334866206 172.152638435364 181.207378705343 184.780418872833 199.894289175669 214.199682076772 233.661671479543 249.924699465434 261.469185352325 268.823405106862 274.934709072113 262.261668841044 242.882788181305 255.886991818746 264.366745948792 273.338735103607 282.795151074727 289.281964302063 291.464845339457 292.100230852763 286.802490552266 284.733096758525 277.786056200663 271.240015824636 263.161937395732 255.158146222432 250.834584236145 245.847185452779 244.858384132385 242.015222708384 241.367677847544 243.811766306559 247.833391030629 249.518732229869 248.231947422028 250.963389873505 252.798855304718 264.919956525167
114.854216575623 120.676934719086 132.901867230733 129.33361530304 115.08713165919 114.11655942599 117.04620718956 129.003286361694 142.07116762797 167.788962523142 180.471181869507 181.530078252157 183.689077695211 190.878947575887 205.367306868235 227.297862370809 238.728245099386 250.044544537862 260.364850362142 266.715625921885 264.865577220917 253.430962562561 256.333430608114 265.508592128754 276.42548084259 284.489035606384 290.652334690094 291.43359263738 284.580171108246 283.359885215759 277.732491493225 270.164688428243 262.559215227763 256.984869639079 253.028670946757 248.416662216187 244.989196459452 236.931622028351 235.077102979024 242.718855539958 249.086717764537 251.11468633016 252.847413221995 252.237359682719 248.508016268412 258.228123188019
