input/barkrak2/radiation/dir14724.grid
NCOLS 85 
NROWS 70 
XLLCORNER 665100 
YLLCORNER 4664600 
CELLSIZE 20 
NODATA_value -9999 
[rows 40 to 59 of 70, columns 0 to 45 of 85]
331.405639648438 332.207043965658 332.159519195557 333.949645360311 338.579853375753 341.208457946777 343.553026517232 346.262693405151 347.050984700521 338.522871335347 329.374571641286 325.902183850606 323.129057884216 322.124520937602 318.872570991516 317.350546518962 316.334247589111 314.468026161194 310.346484184265 308.233360449473 311.042527357737 314.197818438212 313.935001691182 309.722781181335 305.805524190267 304.025014241536 309.049069881439 309.193094571431 309.824407100677 309.370617071788 307.015518347422 304.456432660421 281.468292077382 277.606586615245 299.546082814534 299.931585788727 290.368398030599 289.668401082357 290.558060010274 280.164996782939 289.45537408193 326.908588409424 340.49133459727 291.668256123861 230.752527713776 188.78048658371
336.077411969503 334.3585729599 334.521333376567 335.132201512655 333.118975162506 331.713636716207 330.939034620921 331.475694974263 334.001501401265 329.324503739675 323.542336622874 323.871393998464 325.283209482829 324.516197045644 322.468717892965 319.928745428721 315.465966860453 319.581091403961 319.085021813711 313.940564791362 316.282749176025 314.602216084798 314.795275529226 314.982056617737 314.947446187337 310.206154982249 312.797168890635 312.652786572774 312.324583530426 310.703655083974 310.895919799805 305.415948232015 287.854393323263 289.057572682699 299.95717604955 291.146318117778 276.511092980703 275.991121927897 282.796641190847 288.310726483663 304.44743235906 317.225019137065 327.428460121155 320.31911611557 274.205466111501 225.714166959127
337.752262751261 336.173256238302 338.060299555461 337.469696998596 333.191295464834 331.223388512929 330.232501029968 329.168995221456 328.718602657318 325.788378715515 324.847320715586 323.920845985413 325.639307498932 325.937747955322 325.9516954422 322.988410790761 319.913824399312 322.604338328044 324.59682226181 318.898141384125 316.302239894867 314.625004927317 312.586883703868 311.672310034434 313.770929972331 310.507655143738 306.854605674744 309.1046611468 310.507933298747 309.962073961894 308.106899261475 300.991853078206 294.664104779561 297.968546549479 297.625641028086 280.215223630269 264.732003211975 270.075897375743 284.410317738851 297.076960404714 305.685420831044 304.125507672628 298.953473567963 299.986799558004 280.467391014099 230.082889397939
329.044024149577 330.928285916646 336.019953091939 334.295431772868 334.871172904968 336.51343981425 336.299975713094 334.460616111755 327.797214190165 326.205611228943 327.581465244293 325.434565544128 323.663135369619 326.613267262777 326.122979323069 323.409994443258 324.581305185954 325.104037920634 324.527700742086 321.617861588796 317.072828610738 314.301331837972 311.620990435282 308.80731344223 309.972405433655 311.481475830078 305.064419905345 305.800378322601 307.871699333191 307.570517063141 302.857935428619 297.116080919902 297.533452510834 299.649397532145 287.612398465474 265.48554499944 260.585824648539 274.327158927917 293.191333611806 297.782063484192 297.392308712006 293.26872030894 285.143415133158 280.392487843831 269.516845544179 236.747781435649
329.2116522789 332.600553830465 333.642840385437 333.598534266154 334.738810857137 335.520505905151 335.91091632843 333.256661891937 331.19398355484 327.462673187256 328.707814216614 326.324661572774 324.368218580882 322.695374488831 321.61957025528 322.103063265483 318.700313568115 324.012180169423 324.254949887594 321.789224942525 318.038662274679 314.199546972911 314.309438069661 312.244693438212 309.395730495453 312.909126281738 313.887000083923 310.858130455017 307.149132092794 304.549793402354 298.175772031148 293.080488840739 293.520967165629 289.849062760671 278.241097927094 262.756983439128 264.470338821411 280.506451924642 295.321881771088 292.534470558167 293.800830841064 286.068220933278 274.099628130595 267.317016919454 263.451139132182 249.245285987854
333.394209543864 335.481405258179 333.163479963938 334.748983383179 333.348989486694 333.532969156901 334.448615709941 332.605103651683 333.716114362081 331.516901652018 330.302516619364 330.104887485504 327.540755271912 322.618921597799 322.304129600525 323.905845483144 320.270796616872 321.57442967097 324.213981628418 320.897897084554 319.62384780248 316.752870877584 315.152525901794 313.109715779622 312.785089015961 311.750451723735 315.299292405446 311.025619506836 307.916581630707 304.601768652598 298.373599847158 294.998268286387 291.94043080012 283.281326293945 269.73553498586 255.889356136322 261.797467867533 279.643098513285 286.807974179586 279.670556386312 284.893870353699 276.726345221202 265.613357226054 267.722388108571 275.243322054545 262.71911462148
332.840065161387 333.726048469543 334.506789843241 335.330247879028 334.479212760925 334.601442019145 335.087855656942 335.444132486979 333.87037118276 333.537181218465 332.297285397847 332.015792528788 329.014360904694 327.341973781586 326.138337453206 327.560484409332 326.155443986257 319.905082384745 324.869533379873 321.866989135742 317.513843377431 317.033131917318 317.169765631358 312.014361222585 314.524590969086 309.645553429921 307.654738426208 309.4469110171 307.552019755046 303.159674008687 298.612753550212 296.082238356272 290.322025616964 280.242403348287 267.828087011973 257.452209790548 264.79293902715 277.758240699768 276.214023431142 277.53617366155 283.742050329844 272.824009259542 269.297182559967 276.657998561859 284.117917219798 272.484878698985
329.287787278493 330.817480882009 333.439826965332 333.945870399475 335.090716679891 335.617303848267 334.677219390869 334.30023988088 333.844860394796 335.754752159119 333.473285039266 331.612686316172 330.934147040049 330.159862836202 327.79069741567 326.388557751973 324.798067410787 318.407416343689 319.697181383769 320.073386033376 316.941738128662 316.252112388611 315.332253774007 308.875203132629 310.784657796224 310.05185842514 303.757866223653 305.159946282705 303.616364796956 300.581196943919 296.608567237854 296.809395154317 288.227498531342 283.891956011454 279.679556687673 268.323004245758 270.142515500387 276.129086812337 278.474768002828 285.789589087168 282.062431176503 274.743437767029 277.326385180155 278.80334854126 277.694821357727 267.61265595754
324.955721696218 327.094515164693 329.128205776215 331.099390983582 334.628025690715 335.712989171346 333.901206652323 333.082934220632 334.998687108358 336.403250694275 335.442701975505 332.643826802572 332.013169924418 330.515285332998 329.182306925456 323.92692565918 323.907176653544 317.013065020243 319.050093491872 321.203927199046 318.076988061269 316.666126251221 316.759526729584 310.755093892415 308.480679988861 308.43585729599 302.864829699198 304.195205370585 304.75914478302 306.324442227681 306.446135044098 303.711036841075 293.852766354879 294.796586036682 289.390921592712 274.406711260478 274.486760298411 280.406534671783 284.460127353668 285.305460294088 275.148967901866 271.73376083374 270.792285601298 266.091485818227 263.477722803752 262.983798980713
323.550124963125 322.018424669902 325.196365515391 329.485952854156 332.730869452159 334.228515625 334.842403729757 336.530923843384 337.5324010849 335.174004236857 336.310942967733 335.671782493591 333.05823802948 330.673019091288 327.403604984283 325.169364611308 321.58899307251 319.211602210999 318.891783555349 320.168375968933 320.202926794688 318.813105424245 313.786069552104 310.238838195801 306.964516639709 307.216266791026 306.771318117778 307.22580353419 310.191253821055 312.769730885824 313.937604427338 311.228116353353 302.850186824799 301.221152146657 293.180247147878 279.455701510112 273.970603942871 280.569275220235 284.627874692281 274.563054243724 263.7038230896 266.846458117167 266.229053338369 260.955611864726 260.466376940409 263.830502827962
323.837796847026 325.907905896505 327.854514122009 331.227878729502 331.748922665914 331.888993581136 336.18704477946 338.255643844604 338.284730911255 337.578932444255 336.763342221578 335.907896359762 333.122372627258 329.754789670308 328.758458296458 328.272342681885 324.037929375966 318.95500421524 316.90639257431 318.975488344828 320.798456668854 316.401104132334 310.98473072052 308.873375256856 305.40519952774 309.081673622131 310.493687788645 310.123960177104 312.238017717997 315.351764361064 316.994667053223 312.456806500753 303.937156995138 299.407521883647 289.862851301829 277.568300565084 274.58131313324 279.23055489858 277.353088061015 263.855417569478 260.402818520864 271.189530690511 270.671904087067 262.660145759583 261.987725893656 257.388154665629
324.560324350993 330.327133337657 331.735094388326 333.337545394897 331.567009290059 331.211845080058 334.799488385518 336.910367012024 336.893995602926 338.623285293579 336.695830027262 335.482676823934 333.343505859375 330.893297990163 326.146384080251 329.310059547424 324.451247851054 316.203594207764 311.681588490804 316.650549570719 314.851721127828 312.960267066956 310.548106829325 307.108759880066 304.616550604502 305.115600426992 307.590921719869 305.051525433858 305.742641290029 308.9626232783 313.014725844065 310.741941134135 298.617581526438 287.901182969411 262.418488661448 250.18697977066 262.109120686849 272.136012713114 271.833678086599 271.376192569733 278.105318546295 279.649257659912 263.36407661438 256.316224733988 263.894359270732 251.846253871918
325.806200504303 325.09317000707 324.440519014994 326.804320017497 330.063541730245 332.260807355245 332.596739133199 335.176030794779 334.285656611125 335.850993792216 335.26873588562 335.302472114563 333.010792732239 330.412666002909 323.556204636892 324.492573738098 322.725733121236 312.07396586736 307.852526505788 307.944456736247 309.247374534607 307.04253911972 308.534423510234 303.686181704203 301.138679186503 298.474033673604 298.956076304118 298.983693122864 298.22313785553 298.753261566162 302.149077256521 302.637577056885 281.776706377665 255.512674649556 228.77566019694 217.719753583272 231.518864631653 257.26846853892 274.606426556905 271.894872188568 272.515078385671 266.670227050781 252.329051494598 254.32542959849 260.05490620931 237.260719140371
328.785538673401 322.438995043437 319.799164930979 322.68359263738 330.24791876475 334.359685579936 333.096444606781 333.166321118673 333.64208539327 332.679231961568 332.008242607117 333.598812421163 333.589673042297 330.069422721863 321.440974871318 321.30507628123 321.469982465108 313.643495241801 309.718032677968 310.634016990662 309.451063474019 306.319018205007 304.543713728587 300.775945186615 299.215952555339 297.544797261556 296.546200911204 296.224157015483 294.619977474213 291.300674279531 285.069108009338 277.402917544047 256.038029988607 231.587886810303 221.389571825663 215.497851371765 207.640727361043 218.282262484233 234.426538149516 256.495118141174 263.665199279785 253.515998522441 248.766998449961 250.856240590413 242.157399654388 222.961684068044
329.194287459056 325.623571872711 322.466532389323 324.28385814031 329.799135526021 333.950161933899 334.789156913757 332.096576690674 332.346796989441 330.227315425873 332.442243893941 329.543630282084 330.835541089376 328.735093275706 323.19567600886 321.897248427073 321.252624193827 316.660980383555 312.073012193044 313.077549139659 312.845826148987 309.261282285055 306.620717048645 304.685592651367 301.102379957835 299.987117449443 297.918577988942 295.56538661321 292.145311832428 285.415867964427 276.2211561203 270.252168178558 248.623212178548 235.735694567362 239.08543586731 240.941147009532 231.720209121704 221.265296141307 211.33961280187 221.641659736633 239.473740259806 233.441948890686 226.378401120504 219.059586524963 215.004444122314 212.857286135356
331.093887488047 329.447865486145 324.988484382629 321.362594763438 324.87032810847 331.829647223155 331.648568312327 329.806327819824 330.653071403503 329.049070676168 330.910722414653 330.380221207937 328.727980454763 327.662368615468 325.188199679057 323.478658994039 323.071360588074 320.368230342865 315.438628196716 313.829203446706 312.28494644165 310.185333093007 309.327224890391 308.995465437571 305.304090181987 303.187251091003 298.792362213135 292.426109313965 284.326195716858 280.611455440521 278.446515401204 275.570611159007 256.12594683965 250.681241353353 255.082190036774 261.983593304952 270.932575066884 265.383700529734 248.310009638468 218.435227870941 217.385331789652 221.474866072337 218.871196111043 215.544939041138 220.759590466817 228.433469931285
331.994116306305 330.79993724823 328.314880530039 323.880672454834 318.978428840637 326.370278994242 330.568631490072 325.837234656016 324.709932009379 326.643407344818 330.226322015127 329.962988694509 328.541497389476 328.148682912191 327.393432458242 322.925786177317 323.459724585215 319.106221199036 315.04609187444 313.770294189453 312.248647212982 310.289700826009 306.680103143056 307.434181372325 303.053120772044 302.20365524292 287.855843702952 268.912156422933 264.36839501063 269.585410753886 278.08932463328 272.607386112213 257.474621136983 251.480102539062 259.310444196065 270.358880360921 285.599768161774 293.029526869456 284.019589424133 250.269651412964 223.653594652812 227.698783079783 236.68384552002 246.85796101888 256.397724151611 261.021534601847
331.383387247721 329.387068748474 328.514854113261 324.303885300954 320.295612017314 320.048451423645 326.341907183329 326.288223266602 324.282844861348 324.104527632395 328.906178474426 329.676906267802 327.627778053284 326.865633328756 326.629857222239 320.457339286804 319.89856561025 316.770136356354 315.522392590841 315.40193160375 314.75696961085 313.194870948792 309.513449668884 304.654121398926 303.755243619283 303.165018558502 288.550734519958 270.204583803813 269.355297088623 276.617566744487 279.13240591685 271.571278572083 264.409323533376 265.666425228119 279.23854192098 283.157348632812 288.406650225321 271.213750044505 242.116709550222 234.819332758586 244.720737139384 255.531847476959 250.594198703766 242.831687132517 243.567049503326 255.090236663818
323.002139727275 326.573848724365 325.633744398753 324.355165163676 317.178885142008 314.94398911794 325.621445973714 327.835341294607 323.49157333374 320.275108019511 324.805835882823 328.820606072744 326.748092969259 322.676877180735 322.405278682709 321.02632522583 317.111392815908 316.24972820282 314.570387204488 314.775307973226 316.838145256042 313.816666603088 312.136749426524 307.414253552755 306.349913279216 307.496984799703 302.021125952403 296.935081481934 294.947942097982 288.725435733795 289.273957411448 280.845582485199 276.052951812744 275.825440883636 272.53919839859 258.053640524546 240.041792392731 202.913006146749 184.471309185028 221.358736356099 258.351544539134 262.285530567169 242.519080638885 236.296991507212 246.599157651265 260.080754756927
315.470417340596 323.951502641042 319.806853930155 319.352189699809 318.413694699605 314.442912737529 319.050192832947 327.059904734294 327.522238095601 320.346613725026 324.374198913574 325.738330682119 325.199484825134 323.406179745992 321.909209092458 321.589628855387 316.764771938324 313.949008782705 311.099310715993 309.534986813863 312.686324119568 311.452766259511 310.245712598165 306.030114491781 308.402160803477 310.048838456472 311.937650044759 315.797487894694 302.358150482178 297.301808993022 289.712846279144 276.076853275299 274.096528689067 257.665812969208 230.929474035899 199.338754018148 187.702238559723 178.222298622131 172.104477882385 195.039729277293 221.586962540944 242.824097474416 244.039535522461 257.378101348877 287.459095319112 295.99008957545
