input/barkrak2/radiation/dir14724.grid
NCOLS 85 
NROWS 70 
XLLCORNER 665100 
YLLCORNER 4664600 
CELLSIZE 20 
NODATA_value -9999 
[rows 20 to 39 of 70, columns 0 to 45 of 85]
195.675412813822 188.06137641271 204.015115896861 244.078556696574 237.872719764709 192.872881889343 178.958634535472 183.472355206807 196.390688419342 216.609378655752 231.400112311045 238.18173011144 247.346063454946 257.234235604604 274.088859558105 295.628666877747 324.333786964417 327.951331933339 332.40407705307 339.566548665365 341.988166173299 335.646231969198 334.581216176351 335.296670595805 336.422840754191 337.731798489888 339.774926503499 336.719830830892 332.354744275411 331.585943698883 325.710713863373 315.022786458333 306.194245815277 301.903049151103 300.246119499207 305.414259433746 305.584172407786 307.862977186839 312.431216239929 316.447575887044 316.206812858582 316.254655520121 317.349632581075 313.043872515361 317.431410153707 319.657107194265
222.882986068726 221.816678841909 239.148279031118 269.769708315531 265.533089637756 206.579307715098 189.398268858592 192.132472991943 199.636399745941 213.47838640213 223.859826723735 231.905817985535 241.056501865387 243.741412957509 261.738439400991 276.041030883789 294.70157623291 320.366024971008 328.212777773539 335.563500722249 339.69783782959 344.517906506856 346.080382664998 344.46374575297 341.038783391317 336.573640505473 333.608468373617 330.169359842936 329.484423001607 322.63966401418 306.108196576436 277.826348940531 257.685542106628 255.737682183584 263.314346472422 282.017827033997 289.487421512604 303.951263427734 312.421043713888 313.321908315023 310.521165529887 309.671441713969 304.278790950775 291.027863820394 308.910151322683 317.614336808523
263.000845909119 270.40421962738 277.016858259837 286.998649438222 286.108692487081 239.189585049947 213.186860084534 198.690891265869 195.125341415405 204.47172721227 225.385467211405 233.798623085022 244.192878405253 251.360217730204 258.282442887624 271.764655907949 286.618073781331 300.924936930339 316.351155440013 322.577317555745 325.619180997213 336.029251416524 341.613094011943 341.783761978149 338.570992151896 336.405316988627 333.619197209676 322.238067785899 312.477548917135 291.853308677673 251.904368400574 202.964087327321 180.939853191376 198.279937108358 226.569056510925 251.412133375804 268.5560186704 288.495500882467 300.538659095764 302.569985389709 305.680592854818 306.281983852386 284.103830655416 264.083385467529 291.205604871114 315.002918243408
283.569176991781 286.111772060394 285.331030686696 291.79843266805 291.515409946442 274.152219295502 235.972921053569 207.702239354452 192.38817691803 197.181443373362 221.081097920736 233.555873235067 249.52358007431 262.324412663778 265.771965185801 271.454612414042 279.74138657252 294.108867645264 304.583648840586 302.993575731913 309.512774149577 312.955816586812 324.200987815857 328.937590122223 323.0881690979 311.780830224355 291.609644889832 287.807742754618 263.296405474345 220.407923062642 181.275407473246 159.665455420812 129.293451706568 126.501500606537 138.803958892822 174.625039100647 219.175259272257 244.821727275848 262.766003608704 272.80976374944 271.192769209544 257.882316907247 243.50901444753 276.771267255147 274.384697278341 308.722853660583
275.826017061869 277.717550595601 286.286413669586 293.410817782084 284.484545389811 274.521787961324 245.577991008759 222.939332326253 203.887720902761 197.032272815704 211.705903212229 229.996879895528 243.161916732788 258.891840775808 261.676788330078 266.711115837097 277.150988578796 290.542721748352 298.877616723378 295.555392901103 301.141043504079 299.505174160004 293.523947397868 288.555403550466 290.6480828921 287.542303403219 282.672206560771 266.927977403005 234.938025474548 176.520466804504 157.117237647374 155.267377694448 136.114617188772 108.592957258224 100.832084814707 116.181224584579 159.814675649007 198.630034923553 225.131809711456 238.367001215617 228.618502616882 206.751306851705 228.13340028127 294.760425885518 288.431207338969 309.701005617778
269.690990447998 273.857057094574 285.458147525787 290.461897850037 285.995582739512 276.183386643728 254.918376604716 246.455113093058 239.150166511536 224.160273869832 223.604083061218 241.746922334035 255.498766899109 269.505759080251 272.104541460673 271.514534950256 276.517192522685 289.995769659678 293.52327187856 299.383759498596 299.041787783305 282.07794825236 278.452078501383 281.890134016673 280.689497788747 278.803944587708 269.065101941427 256.257812182109 214.044332504272 185.552616914113 183.911601702372 200.296302636464 203.690310319265 173.990925153097 138.844758272171 122.851580381393 137.998312711716 167.587776978811 201.357483863831 222.641110420227 203.698058923086 194.45393482844 236.544847488403 281.198441982269 301.508903503418 320.154031117757
271.458566188812 273.783961931864 281.735897064209 288.124283154805 298.661927382151 285.885592301687 269.498566786448 261.443177858988 260.662138462067 254.826287428538 244.892756144206 261.639555295308 271.441678206126 282.938480377197 284.977873166402 280.189295609792 279.392878214518 286.085923512777 285.373369852702 296.079993247986 296.803116798401 291.235506534576 283.728162447612 280.592163403829 283.826390902201 280.028343200684 267.914175987244 256.98055823644 221.543709437052 215.633432070414 236.951430638631 260.738531748454 265.426874160767 275.227069854736 249.806106090546 166.889309883118 153.785328070323 165.33562541008 190.78799088796 219.732820987701 213.391900062561 245.166877905528 244.441906611125 257.438619931539 292.908549308777 305.433869361877
275.587280591329 271.931966145833 275.033851464589 284.924705823263 320.664763450623 296.736458937327 277.799646059672 262.326578299205 263.181964556376 270.258168379466 261.569976806641 266.300280888875 278.13063065211 286.252856254578 287.913044293721 288.186490535736 282.297015190125 280.978778998057 291.846851507823 295.128285884857 294.395705064138 287.617623806 285.858690738678 285.014986991882 288.281480471293 285.220086574554 277.069131533305 267.120937506358 245.519995689392 244.121074676514 267.790098985036 282.339533170064 281.535267829895 295.336365699768 316.799600919088 247.294088204702 183.745364348094 169.245262940725 182.377735773722 217.186709245046 251.325925191243 298.390607039134 254.501819610596 248.215834299723 277.257819970449 288.138548533122
273.130536079407 264.69099521637 268.546541531881 291.353444258372 333.044111728668 296.18364572525 267.056663831075 256.679097811381 261.300424734751 268.390933672587 265.5402024587 263.814707597097 276.878615220388 287.550767262777 289.775490760803 290.716747442881 285.759329795837 280.027429262797 289.173980553945 289.507985115051 288.60088189443 283.792932828267 282.701333363851 286.458810170492 290.661176045736 286.984086036682 284.365912278493 276.187837123871 256.922205289205 252.228955427806 274.826268355052 292.654236157735 291.93381468455 290.433764457703 310.583810011546 308.594226837158 217.940052350362 159.640312194824 149.881730477015 191.272079944611 260.521650314331 281.159361203512 248.228251934052 225.609640280406 249.528825283051 259.902119636536
266.116261482239 256.862322489421 265.136043230693 301.738480726878 330.153107643127 292.383094628652 261.35915517807 243.594368298848 240.542650222778 246.45334482193 245.300630728404 250.940442085266 270.847201347351 286.126037438711 287.281572818756 291.692356268565 290.911555290222 278.972625732422 280.432482560476 282.756606737773 283.381084601084 283.285975456238 283.262670040131 290.198008219401 291.18686914444 289.276957511902 292.044599850972 281.824707984924 262.990931669871 261.018693447113 280.297875404358 298.172116279602 293.646454811096 290.381868680318 299.710333347321 317.548970381419 298.978288968404 223.182837168376 175.746281941732 185.358027617137 221.674561500549 236.184477806091 236.951529979706 206.496000289917 218.534032503764 241.377234458923
254.715581734975 264.519055684408 294.184406598409 340.062697728475 340.657273928324 297.713796297709 262.072126070658 232.885857423147 226.878682772319 237.610856691996 230.515519777934 229.523142178853 266.082803408305 283.888757228851 292.147914568583 294.302682081858 294.23052072525 285.827259222666 283.136427402496 287.186582883199 284.66659784317 287.985543409983 289.606690406799 291.945576667786 295.41273911794 297.97621568044 297.076324621836 292.458911736806 275.142312049866 273.330569267273 286.369442939758 298.783202966054 296.166320641836 296.223044395447 300.428489844004 303.257981936137 323.689877986908 330.227732658386 263.599157333374 216.468373934428 202.312469482422 194.551050662994 213.99046977361 208.649277687073 215.255260467529 245.404918988546
273.378372192383 299.816250801086 320.150276025136 326.390047868093 352.650920550029 332.619150479635 295.057237148285 257.715821266174 242.372552553813 255.402743816376 251.29375855128 232.346951961517 249.921500682831 279.583732287089 292.515476544698 297.155857086182 294.533451398214 294.140775998433 288.518627484639 288.908223311106 290.994008382161 294.39389705658 294.365684191386 294.874608516693 296.618243058523 304.262101650238 305.463035901388 304.157356421153 292.777895927429 288.385232289632 292.937656243642 297.113517920176 298.874278863271 303.538640340169 305.894752343496 294.974287350972 302.839159965515 338.090896606445 330.329736073812 268.933832645416 218.473374843597 194.053630034129 197.601000467936 213.345328966777 235.015193621318 263.654033342997
306.116541226705 316.34267171224 307.696302731832 300.415833791097 318.621595700582 338.226318359375 330.673317114512 302.950700124105 277.916590372721 279.145280520121 282.483637332916 258.786737918854 251.262466112773 275.792439778646 292.452136675517 296.051243940989 295.749982198079 299.441337585449 291.792869567871 288.849631945292 293.189942836761 296.671032905579 296.428461869558 295.48974831899 296.917796134949 305.540978908539 310.653686523438 312.868694464366 302.734951178233 294.910550117493 301.97016398112 305.624862511953 301.721314589183 303.647299607595 307.823399702708 297.509074211121 296.936293443044 315.094947814941 316.075166066488 289.176563421885 257.856210072835 218.734045823415 201.849679152171 208.704729874929 227.447390556335 262.42474714915
299.756586551666 293.542007605235 286.708931128184 275.820155938466 276.526014010112 296.692649523417 316.217700640361 312.516470750173 299.801230430603 301.262577374776 300.543109575907 285.128851731618 273.826281229655 282.315850257874 294.779717922211 297.243078549703 293.246110280355 296.698888142904 291.041791439056 293.541053930918 293.98117462794 295.011957486471 292.097826798757 291.094362735748 295.594573020935 301.613807678223 309.222976366679 309.57305431366 304.354548454285 301.741560300191 307.169000307719 305.255472660065 294.725855191549 293.198049068451 296.53791586558 281.765341758728 279.125213623047 278.762181599935 270.291745662689 272.483189900716 282.42290019989 251.151621341705 226.019283135732 211.249987284342 212.610026200612 236.003756523132
293.825745582581 284.020741780599 290.166576703389 276.342074076335 268.543402353923 279.950201511383 305.33234278361 327.040870984395 321.327646573385 309.364378452301 298.770149548848 297.19611008962 301.911453406016 299.808025360107 301.697572072347 299.169639746348 297.373831272125 296.755750974019 293.769399325053 298.270503679911 294.430514176687 291.635950406392 290.694812933604 292.563239733378 294.185698032379 298.39034875234 304.091076056163 302.324136098226 301.850994427999 305.756131807963 307.614326477051 297.865668932597 282.671391963959 287.132938702901 285.759131113688 269.053518772125 270.116905371348 270.014027754466 275.218963623047 294.025202592214 295.08638381958 284.677505493164 261.185506979624 244.328578313192 225.956320762634 216.090281804403
313.118815422058 308.173020680745 317.33230749766 312.443832556407 302.523553371429 306.705375512441 322.724243005117 343.578020731608 336.079120635986 312.825640042623 298.384249210358 303.841471672058 316.576381524404 313.270409901937 306.31023645401 307.566861311595 304.872453212738 298.23245604833 300.773580869039 298.970580101013 298.043032487233 293.272236982981 294.376969337463 297.214031219482 294.103999932607 298.691809177399 298.370242118835 296.910881996155 299.326459566752 307.762463887533 306.565324465434 296.447535355886 284.344355265299 285.103221734365 277.030567328135 272.332827250163 277.548313140869 278.503517309825 289.448320865631 315.337022145589 283.169110616048 269.420365492503 261.494060357412 252.418398857117 235.109845797221 213.379820187887
336.245695749919 333.743174870809 336.056033770243 338.448445002238 329.505642255147 323.273758093516 328.096350034078 342.271089553833 338.164567947388 309.117575486501 300.079762935638 310.064574082692 321.190079053243 313.970287640889 306.958734989166 311.44905090332 312.649925549825 307.098229726156 305.133064587911 305.780827999115 305.666188398997 299.242238203685 299.193282922109 300.251324971517 296.662370363871 296.30704720815 297.226309776306 300.733943780263 303.302129109701 307.868758837382 307.250459988912 298.529187838237 286.917805671692 281.528055667877 272.661884625753 277.566214402517 283.61040353775 283.299287160238 286.351561546326 305.120209852854 271.824796994527 230.094055334727 216.776887575785 210.651894410451 210.260172684987 202.076474825541
346.956729888916 345.096627871195 341.73838297526 342.383782068888 336.413979530334 328.919370969137 326.305747032166 331.936001777649 337.687095006307 317.392706871033 315.206170082092 320.276776949565 320.663034915924 312.325795491536 307.429154713949 311.214069525401 319.184203942617 311.834275722504 309.638281663259 310.930033524831 309.262792269389 304.255684216817 300.918360551198 301.929434140523 299.719591935476 298.832257588704 297.29425907135 302.97178030014 304.403344790141 307.31608470281 308.776438236237 300.676782925924 289.784590403239 274.636646111806 265.719592571259 281.422138214111 290.999790032705 288.980921109517 279.678404331207 292.758087317149 271.351973215739 204.392472902934 173.999985059102 159.843782583872 159.684201081594 167.115092277527
347.9190270106 350.30476252238 349.831899007161 347.989439964294 344.880223274231 340.390841166178 334.549903869629 330.547749996185 332.555075486501 328.52166891098 332.879900932312 331.980288028717 319.460431734721 320.15202442805 314.999381701152 308.139602343241 318.085034688314 316.865503787994 312.137921651204 310.447494188945 310.624559720357 304.805338382721 301.179448763529 301.010390122732 300.561368465424 302.123924096425 300.776580969493 303.247332572937 305.524130662282 306.748747825623 308.989882469177 303.778747717539 285.117308298747 263.052940368652 271.382550398509 293.823877970378 296.614746252696 291.502833366394 274.64751402537 279.963592688243 297.617852687836 248.209357261658 190.039078394572 160.433232784271 150.71702003479 147.757152716319
336.143334706624 339.402914047241 339.674313863118 343.597571055094 348.314841588338 352.205475171407 352.950016657511 350.965142250061 349.327166875203 349.175771077474 342.742164929708 329.902172088623 322.84810145696 321.400682131449 318.754931290944 313.570221265157 315.243283907572 315.106391906738 309.067408243815 307.024598121643 308.022816975911 309.756557146708 307.142039140065 302.741309007009 301.021794478099 302.394350369771 304.677585760752 305.901050567627 306.992630163829 307.314236958822 307.559271653493 303.982575734456 280.648132165273 263.898412386576 286.823689937592 301.775455474854 297.56885766983 293.053905169169 279.704729715983 276.11643075943 309.602896372477 330.053905646006 274.942497412364 219.435056050618 179.256836573283 151.869803667068
