input/barkrak2/radiation/dir13224.grid
NCOLS 85 
NROWS 70 
XLLCORNER 665100 
YLLCORNER 4664600 
CELLSIZE 20 
NODATA_value -9999 
[rows 40 to 59 of 70, columns 0 to 45 of 85]
310.556848843892 311.637183030446 311.122417449951 312.523484230042 318.354705969493 321.692824363708 324.476977189382 327.957848707835 327.707926432292 317.501485347748 307.545721530914 303.636908531189 301.73401037852 298.255244890849 296.117424964905 295.119980971018 294.854521751404 293.696184953054 288.943727811178 286.823074022929 291.795790195465 295.331756273905 295.902152856191 291.3818359375 287.898004055023 285.567541917165 291.940569877625 292.667170365651 293.159067630768 292.821725209554 290.176928043365 287.858863671621 268.679201602936 267.401337623596 291.532158851624 291.352689266205 281.117816766103 278.503696123759 280.060887336731 273.069659868876 284.036954243978 317.544202009837 321.139911810557 265.532692273458 203.131437301636 163.734386364619
316.152632236481 313.753028710683 313.941359519958 313.783208529154 311.409890651703 309.267044067383 308.709879716237 310.003121693929 313.010593255361 305.402755737305 299.784620602926 300.132652123769 303.000390529633 302.217483520508 301.337281862895 300.046722094218 293.934126694997 300.143460432688 299.832940101624 294.755458831787 295.840700467428 295.932451883952 294.19485727946 296.367963155111 295.021653175354 290.254871050517 293.582499027252 293.244620164235 293.051203091939 293.256560961405 293.28183333079 288.614332675934 274.345835049947 279.048800468445 290.832936763763 281.386315822601 265.790224075317 263.35217555364 268.914481004079 276.06201171875 296.407004197439 309.705058733622 314.29922580719 297.560791174571 246.77966038386 199.512581030528
317.983627319336 316.104153792063 318.280597527822 317.015866438548 312.082131703695 309.558987617493 308.663467566172 307.170828183492 305.711388587952 303.439776102702 301.316062609355 301.245252291362 303.369641304016 306.510885556539 305.337846279144 302.094300587972 300.156156222026 303.593754768372 304.509441057841 298.298895359039 295.57192325592 293.669919172923 289.966682593028 290.747443834941 293.515781561534 290.125469366709 284.762322902679 288.112203280131 290.466666221619 291.878700256348 291.512370109558 284.961581230164 280.33713499705 287.465989589691 288.328548272451 269.379039605459 252.923448880514 257.265249888102 270.135919253031 283.387780189514 292.784412701925 291.823188463847 284.529944260915 279.021799564362 253.487467765808 202.22544670105
307.460188865662 309.607664744059 315.141459306081 313.221096992493 314.624428749084 315.978308518728 315.337618192037 312.81852722168 304.750402768453 303.903857866923 306.574662526449 302.996536095937 303.728957970937 305.903951327006 306.747555732727 303.89416217804 303.997675577799 304.82017993927 304.348190625509 299.436847368876 292.643388112386 291.438579559326 288.551867008209 285.673201084137 287.212272485097 289.382716019948 284.294128417969 285.405158996582 286.654035250346 287.077645460765 285.668690999349 279.725611209869 281.879782676697 286.539236704508 276.493390401204 254.087428251902 249.047299226125 262.184659639994 279.847661654154 284.148693084717 282.058199246724 278.183579444885 270.275791486104 260.836243629456 242.532074451447 207.350691159566
306.841333707174 311.260581016541 312.65381971995 312.244315942128 313.585062821706 315.233170986176 314.991037050883 312.516212463379 309.838990370433 306.428790092468 307.890355587006 306.401371955872 303.127646446228 301.34254693985 300.245443979899 300.816694895426 297.204713026683 301.884174346924 300.831218560537 299.605528513591 293.810784816742 291.457295417786 289.970358212789 289.514601230621 284.593900044759 290.947695573171 292.427917321523 289.303342501322 287.695348262787 285.096287727356 277.47376759847 273.993213971456 275.4727602005 273.81032705307 264.239152272542 250.479261080424 253.028353055318 269.02574300766 283.113161722819 278.992871443431 279.136081536611 270.982305208842 259.880304336548 250.054935614268 239.397267500559 220.232347647349
310.886343320211 314.085225264231 312.092840671539 313.572446505229 312.581757704417 312.77322769165 313.900252183278 312.506079673767 313.749631245931 311.044653256734 309.767723083496 308.493196964264 305.446267127991 301.190098126729 299.588779608409 302.891731262207 295.886715253194 297.496517499288 300.758898258209 297.093490759532 295.696616172791 292.749663194021 289.09577926 290.685693422953 290.533324082692 287.492593129476 292.086879412333 287.929793198903 285.061200459798 282.342712084452 277.778307596842 273.17210038503 272.367835044861 265.391985575358 252.069572607676 241.148332754771 248.562892278035 266.913255055745 273.558259010315 264.603495597839 269.93985970815 261.500418186188 251.180450121562 252.489487330119 255.490998427073 236.867348353068
310.718953609467 311.888953049978 313.660740852356 314.823905626933 313.955307006836 314.010421435038 315.340161323547 316.590110460917 313.960492610931 313.464224338531 312.138438224792 310.780167579651 308.443009853363 304.123401641846 304.051657517751 304.462909698486 302.760541439056 295.621911684672 298.208673795064 298.256019751231 293.467104434967 293.149590492249 291.357517242432 287.406881650289 290.645559628805 285.275995731354 283.52959950765 284.352342287699 284.775038560232 282.490313053131 278.472264607747 273.17202091217 269.806444644928 262.836078802745 252.438028653463 243.170261383057 250.154455502828 263.145824273427 262.147605419159 262.517333030701 268.106897672017 257.305085659027 255.079050858816 262.941022713979 267.962336540222 251.118540763855
307.187120119731 308.299601078033 312.261362870534 313.10498714447 315.262039502462 315.950651963552 314.76895014445 313.774784406026 313.97803624471 315.2943054835 313.543697198232 309.231797854106 307.230989138285 307.462692260742 303.140958150228 303.054451942444 299.646099408468 292.119224866231 295.631031195323 294.571717580159 292.829612890879 290.400544802348 289.287686347961 279.414753119151 281.851987044017 283.773064613342 279.177407423655 281.41583998998 282.309254010518 279.79584534963 277.952551841736 275.720854600271 267.739196618398 266.633371512095 265.139698982239 255.997021993001 256.670355796814 260.438323020935 263.50724697113 271.882891654968 267.256299654643 259.078721205393 262.831250826518 265.270193417867 263.246814409892 250.488003094991
302.032589912415 304.518898328145 307.889719804128 310.285290082296 313.90243768692 316.090842088064 313.317179679871 312.257329622904 314.432521661123 315.127650896708 313.037435213725 310.539523760478 308.431406815847 306.544562180837 304.868261019389 298.705259958903 298.673530419668 290.541330973307 289.11171356837 295.886158943176 292.417943477631 288.689295450846 288.778026898702 283.970832824707 281.551778316498 284.351507822673 282.624622186025 284.43968296051 285.858273506165 288.180569807688 289.267897605896 288.361032803853 277.850369612376 278.16108862559 275.184949239095 263.717532157898 263.44366868337 266.096591949463 268.454492092133 270.890275637309 260.339140892029 256.13260269165 254.205207029978 250.010013580322 247.907757759094 247.632384300232
301.234821478526 299.479365348816 302.360733350118 307.542165120443 311.466336250305 312.792360782623 314.451217651367 315.611739953359 315.657039483388 312.598645687103 314.111987749736 311.987817287445 308.354695638021 305.320203304291 302.839279174805 298.630436261495 294.218063354492 287.003477414449 288.610676924388 292.644778887431 294.846097628276 293.251613775889 289.769272009532 288.398047288259 284.756064414978 287.675281365712 287.446916103363 288.287063439687 292.145788669586 295.910477638245 298.574090003967 295.570850372314 286.637981732686 285.64178943634 278.454979260763 268.230080604553 264.307876427968 269.456168015798 270.561655362447 260.153253873189 248.810509840647 251.731435457865 250.786244869232 245.159188906352 243.595639864604 247.706492741903
301.562587420146 303.151349226634 305.415530999502 309.492846330007 309.351861476898 308.926781018575 313.421984513601 316.739499568939 315.812329451243 314.516266187032 313.277502854665 312.199393908183 307.061950365702 304.238438606262 299.501518408457 302.248199780782 295.207182566325 290.69064060847 290.623247623444 295.485496520996 295.570572217305 294.960021972656 289.184212684631 289.434492588043 285.521447658539 289.92356856664 291.902005672455 291.820685068766 294.658601284027 299.032111962636 302.288691202799 299.623747666677 290.908853212992 285.869975884755 274.432063102722 264.331102371216 263.40647538503 268.629292647044 265.093366305033 249.298353989919 244.88906065623 256.189703941345 255.827665328979 248.518506685893 245.282868544261 241.393248240153
301.494439442952 308.343350887299 309.051672617594 310.169657071431 308.364709218343 306.925892829895 312.077005704244 313.777546087901 312.584459781647 315.626402695974 311.946709950765 310.359954833984 308.894058068593 302.436391512553 299.413522084554 303.465147813161 299.517512321472 292.080561319987 289.486249287923 292.751252651215 293.134967486064 291.163881619771 288.667579491933 284.947872161865 284.658809502919 283.132672309875 288.580218950907 288.680712381999 289.789160092672 293.986856937408 299.415707588196 297.565778096517 287.30434179306 273.792485396067 241.83980623881 232.08612203598 247.169176737467 259.849747021993 261.576990286509 260.675549507141 264.74799712499 263.949533303579 247.978885968526 240.774512290955 249.117871125539 237.6296321551
302.037398020426 300.134181976318 299.364149570465 301.374872525533 306.540608406067 307.828068733215 305.514593919118 310.269395510356 308.968702952067 309.105932712555 310.004075368245 309.963961442312 308.479189872742 303.304096062978 300.245881080627 299.561778704325 299.579521020253 292.081872622172 287.42911418279 287.347257137299 286.654114723206 286.778608957926 286.309679349263 281.001289685567 283.364872137706 278.217693169912 278.965632120768 279.242714246114 278.651555379232 279.559294382731 283.717095851898 286.554276943207 267.127633094788 240.378002325694 210.91639995575 197.198589642843 211.097518603007 238.686442375183 260.308225949605 261.555771032969 262.42075363795 253.754138946533 237.743814786275 238.422056039174 243.343929449717 219.276388486226
304.648240407308 296.125054359436 293.974181016286 296.064694722493 302.710910638173 307.684898376465 307.117402553558 305.984874566396 306.317647298177 306.269605954488 307.072639465332 307.533303896586 309.297998746236 306.356529394786 301.94350083669 299.786766370138 300.207515557607 291.505217552185 287.176887194316 290.382981300354 287.129680315654 286.035577456156 284.204324086507 280.241588751475 278.829375902812 277.130246162415 276.245335737864 276.098847389221 274.523059527079 268.60777537028 262.140015761058 260.081470012665 241.127014160156 217.098216215769 205.351988474528 195.625523726145 184.697290261587 195.469518502553 214.38866853714 238.60905567805 250.220477581024 240.252772967021 234.358966350555 234.920223553975 225.807388623556 205.10345697403
304.442048072815 298.921902974447 293.155789375305 294.788161913554 301.296830177307 306.510984897614 307.510892550151 304.334898789724 307.369808355967 306.262493133545 307.450493176778 307.337661584218 307.366748650869 308.422764142354 302.071352799733 300.746003786723 300.179521242778 294.938623905182 289.935966332753 291.159729162852 291.036168734233 287.112394968669 284.311811129252 284.732222557068 280.991494655609 279.926141103109 277.811646461487 275.323033332825 271.722952524821 266.77672068278 256.908178329468 252.03796227773 233.117580413818 222.502827644348 225.093642870585 224.344889322917 210.857192675273 198.652883370717 189.046502113342 200.056254863739 222.963670889537 219.143311182658 211.041688919067 201.920747756958 198.441783587138 195.534189542135
303.852597872416 302.152633666992 295.708378156026 290.814717610677 294.789791107178 303.304314613342 306.396226088206 304.290453592936 305.204073588053 306.534389654795 308.961649735769 308.497389157613 308.415730794271 307.363311449687 304.444273312887 302.653213342031 302.352945009867 297.134598096212 291.544715563456 291.999657948812 290.36150376002 288.181106249491 287.484427293142 289.811134338379 285.803735256195 283.580203851064 278.694669405619 271.672149499257 265.284140904744 263.225058714549 259.375055631002 256.453057130178 240.327835083008 238.546331723531 243.801236152649 249.744494756063 254.897713661194 246.606012185415 228.565891583761 196.639676888784 198.118229707082 206.111232439677 203.77508799235 198.342760403951 202.886680761973 213.201344013214
305.610378583272 303.57837677002 301.069140434265 293.752868970235 290.923376878103 299.640933672587 303.533355394999 302.732149759928 303.006847699483 305.683135986328 310.176650683085 309.950729211171 308.186113834381 307.95415242513 305.195391178131 299.972752730052 302.82074213028 298.008958498637 293.507615725199 294.285833835602 292.741417884827 290.959616502126 287.241816520691 285.579403241475 283.431271711985 282.236218452454 264.323830604553 244.341452916463 241.525530815125 247.423072655996 253.3238530159 248.364369074504 240.35257101059 238.134741783142 247.635086377462 260.214924812317 274.550219376882 280.381162961324 271.023154258728 232.514083385468 203.90796661377 211.994687716166 222.829242547353 231.896797815959 240.220586458842 247.121572494507
303.900142510732 301.872372627258 301.037311553955 298.843900362651 292.450904846191 295.734246571859 303.15093199412 303.258836269379 300.82110563914 300.956249237061 306.732654571533 309.576670328776 305.381576220195 306.414981683095 306.432247161865 299.240330855052 300.839642683665 297.586401303609 294.037719567617 294.076164563497 295.818706353505 292.055090268453 290.329615275065 284.967621167501 284.104228019714 283.560593922933 266.473511854808 247.865438461304 244.760632514954 250.353654225667 256.699045499166 253.045638402303 249.129891395569 250.75352191925 264.384528001149 270.533402760824 275.565087795258 249.983310699463 227.45281457901 220.565756162008 228.399236996969 240.778724352519 236.795703570048 226.998289426168 224.66649611791 237.447420756022
295.953651269277 300.579269727071 298.889954884847 297.174453735352 292.661249637604 290.006061395009 302.276571591695 305.080989996592 301.955739657084 298.995931943258 303.977807362874 308.532655239105 306.242903073629 303.54775985082 303.471287091573 299.874564011892 297.532359759013 297.013759613037 295.567035675049 296.027719974518 296.101609865824 295.061151186625 293.301463127136 288.087646166484 287.055691083272 286.863704522451 280.812740325928 277.259230613708 275.169968605042 272.178550561269 270.236611366272 259.480317433675 261.045853296916 263.201276461283 259.747425715129 243.583480517069 221.160471439362 185.990770657857 165.793945391973 202.420989672343 241.650303204854 248.544255892436 230.752825737 222.591956456502 229.030827681224 241.313993930817
286.209166049957 295.65038283666 295.294165611267 293.055971463521 294.060587882996 289.564410845439 294.798533121745 304.117937882741 306.928793589274 301.753679911296 303.442358970642 306.705355644226 306.351542472839 302.486697832743 302.870313326518 302.376747131348 295.118649800618 294.535895188649 291.624426841736 289.900302886963 291.107714176178 289.894461631775 288.720230261485 286.766628424327 287.104249000549 292.073885599772 295.812567075094 299.533009529114 281.876782576243 276.736299196879 271.345833937327 257.944544156392 258.213798205058 241.082052389781 209.4766497612 185.496886571248 173.70593547821 161.446303129196 152.4758040905 171.789904435476 199.708660443624 223.828991254171 231.612900892893 246.815919876099 275.566478570302 282.477418581645
