input/barkrak2/radiation/dir10724.grid
NCOLS 85 
NROWS 70 
XLLCORNER 665100 
YLLCORNER 4664600 
CELLSIZE 20 
NODATA_value -9999 
[rows 20 to 39 of 70, columns 0 to 45 of 85]
121.571958065033 111.672282218933 121.210634708405 151.924262444178 147.006909052531 123.26768040657 113.7815117836 125.045388936996 137.227555116018 152.890791495641 164.301137129466 169.382850329081 168.721874554952 171.382923920949 183.613975842794 204.701920350393 215.936164061228 229.080200195312 241.992672284444 262.979944547017 269.669731458028 262.213031450907 265.040278434753 269.190828005473 270.428081353505 273.611823717753 271.923323472341 275.73569615682 276.270190874736 273.94316593806 267.430345217387 253.154098987579 238.333781560262 228.268305460612 224.158565203349 230.445106824239 230.109751224518 232.346256573995 236.521621545156 241.603513558706 241.996804873149 242.431918780009 245.725234349569 238.353530565898 244.159917036692 248.127102851868
155.065407355626 145.829965670904 147.941778103511 178.857604662577 176.058987776438 127.383728822072 125.52285194397 133.848905563354 142.26558804512 148.256669441859 160.040636857351 163.360784451167 164.02538617452 161.693463722865 173.897286256154 190.144340197245 201.772511005402 214.830795923869 225.78227519989 241.638720035553 248.401244481405 260.610103607178 261.392951011658 262.992481390635 256.659130255381 247.063835461934 234.874208768209 229.212800661723 233.359297116598 222.717940807343 211.380779743195 193.056325117747 179.472406705221 171.514471371969 176.725745201111 198.131124178569 207.115729649862 224.645733833313 236.092627048492 237.337191899618 234.296043713888 233.274896939596 226.685404777527 207.882444063822 232.311884562174 243.136664231618
201.678435007731 202.28119691213 192.355573177338 198.809822400411 198.265830675761 155.249754587809 149.34296409289 145.282665888468 141.911774873734 145.196139812469 157.155881325404 164.991537729899 170.494357744853 168.851832548777 170.315066973368 178.851624329885 188.520689805349 201.772153377533 210.690180460612 215.069671471914 220.280786355337 235.121349493663 244.683782259623 247.376163800557 247.319877147675 239.732225735982 226.642509301504 217.786411444346 218.389471371969 201.685945192973 175.832231839498 130.63508272171 101.034253835678 106.23421271642 133.104463418325 159.649481376012 180.549701054891 204.168717066447 218.450566132863 222.844541072845 226.330717404683 228.212873140971 203.235407670339 176.153143246969 208.706776301066 239.332914352417
233.665386835734 229.064166545868 208.559592564901 205.105662345886 204.09901936849 192.742784818014 173.056880633036 149.923135836919 136.154443025589 139.682739973068 153.954933087031 167.854110399882 172.303160031637 180.223802725474 177.431384722392 177.660763263702 186.956902345022 200.606942176819 207.757155100505 198.820531368256 197.809894879659 201.771477858225 216.975510120392 225.391904513041 230.9610247612 229.012608528137 216.878811518351 201.295991738637 181.194166342417 155.593732992808 126.573592424393 100.711007912954 60.2467556794484 25.11365711689 27.1267493565877 60.4363431533178 103.246072928111 141.952882210414 172.335763772329 182.574391365051 182.610392570496 164.454837640127 159.485161304474 189.244389533997 196.011483669281 227.692464987437
228.163123130798 227.318008740743 219.848354657491 208.058079083761 195.487022399902 193.561514218648 175.861557324727 164.266695578893 150.779118140539 142.405062913895 150.298615296682 160.588632027308 168.5697833697 178.134322166443 180.121342341105 179.456909497579 185.5681737264 197.659850120544 205.182353655497 197.50839471817 196.654856204987 191.104094187419 202.080051104228 208.323915799459 211.612403392792 208.053251107534 201.646943887075 188.09833129247 166.1124030749 120.982259511948 102.059950431188 97.8406667709351 72.9801754156749 23.2334062457085 17.6540253063043 40.5076344807943 62.4321798483531 86.1483017603556 110.279232263565 132.526377836863 127.012431621552 113.619387149811 134.896536668142 213.900446891785 213.898221651713 230.92794418335
217.109084129333 222.241679827372 225.697914759318 210.131188233693 196.003635724386 193.674047787984 189.174075921377 192.3641761144 187.800467014313 174.362281958262 167.365749677022 178.041577339172 180.846989154816 191.622873147329 192.132155100505 184.354662895203 187.641382217407 200.216333071391 204.833328723907 208.442548910777 212.750832239787 208.398222923279 202.590187390645 199.186782042185 198.636889457703 198.360959688822 191.379865010579 178.175568580627 152.188956737518 133.393148581187 129.015654325485 141.981313625971 138.823221127192 81.2374651432037 48.5063095887502 58.6902399857839 65.2068257331848 72.7695475021998 96.7935522397359 97.2662568092346 91.7527178923289 98.9940365155538 141.706496477127 210.644523302714 228.787581125895 242.231329282125
217.490255832672 221.827288468679 225.665589173635 214.496572812398 212.181389331818 210.347632567088 213.185032208761 215.29350678126 220.468540986379 213.208834330241 192.702889442444 200.626075267792 201.884984970093 209.766030311584 207.888265450796 196.267823378245 194.035470485687 202.897330125173 211.968123912811 224.974314371745 227.518419424693 222.387452920278 212.305208047231 203.474382559458 200.542489687602 200.083990891775 192.322373390198 185.638070106506 165.763328472773 166.887144247691 183.903574943542 209.655384222666 217.382649580638 211.366534233093 154.791216055552 86.5201354026794 81.0151646534602 83.7266246477763 98.2385476430257 97.0419843991597 109.10830895106 149.349391460419 173.407753308614 203.104297320048 229.503273963928 235.429982344309
220.655560493469 217.721382776896 219.968954722087 216.185450553894 240.77045917511 233.542859554291 231.59792025884 226.388971010844 229.602217674255 227.789640426636 210.547248522441 205.481628576914 208.797852198283 211.732586224874 212.596674760183 210.135281085968 203.99405558904 210.900962352753 222.185909748077 228.561262289683 226.240038871765 218.002915382385 214.077512423197 211.511671543121 211.72304948171 206.78699016571 200.450082619985 197.308719158173 194.47116057078 205.97642660141 223.725835482279 237.238864103953 242.312928040822 255.162636439006 245.061914126078 153.500576814016 103.561580181122 89.9290243784587 90.826948483785 106.925745805105 148.107866446177 215.768853823344 194.148143132528 191.019058227539 206.693331400553 209.942539532979
220.563550790151 209.301829338074 212.237616380056 222.152670224508 260.715285936991 242.522915204366 227.963149547577 219.543894131978 217.204391956329 215.87332089742 206.128557523092 197.99013932546 204.771081606547 211.572408676147 215.58678150177 216.831723848979 213.295678297679 210.764129956563 219.089349110921 220.772822697957 217.689116795858 209.755301475525 209.244628747304 214.33029572169 216.23957157135 209.254165490468 209.339420000712 205.865025520325 207.143664360046 219.306508700053 238.617022832235 253.593027591705 257.147371768951 257.326006889343 265.832682450612 225.912133852641 120.980938275655 78.5055806239446 64.0173256397247 87.4976019064585 161.910186211268 204.632679621379 185.245196024577 156.43721818924 167.149047056834 175.516784191132
216.767430305481 201.410154501597 206.840793291728 232.053756713867 259.829143683116 239.942789077759 214.681367079417 193.602760632833 183.305939038595 179.211179415385 179.691831270854 182.658533255259 200.866421063741 214.107910792033 217.27842092514 222.038686275482 220.698793729146 208.411157131195 209.496160348256 211.435238520304 210.189461708069 210.679392019908 210.80474058787 216.050267219543 218.246161937714 213.690002759298 217.657407124837 210.499147574107 209.867437680562 226.049145062764 247.604091962179 263.829827308655 261.323809623718 259.095946947734 269.781629244487 271.698574225108 214.217702547709 123.985101779302 90.9182329972585 99.1976857185364 133.849670489629 152.256230513255 162.374019622803 131.169497966766 131.5109928449 142.018576463064
209.214270114899 215.928812821706 245.808800061544 291.271368662516 284.34956073761 246.429224809011 208.250105381012 173.929552237193 161.822100480398 169.649720191956 167.107979456584 163.778324921926 191.36373202006 208.817382653554 219.682117303212 227.424144744873 226.277371247609 213.025450706482 211.769123872121 214.179615179698 211.081504821777 217.173417409261 219.508826732635 217.756787935893 221.69953584671 224.632720152537 224.987924098969 220.873057842255 219.48782602946 235.076288382212 256.319224834442 267.750481764476 263.531009356181 267.831762631734 275.993605454763 280.460357666016 279.938499132792 254.211823145548 173.626939455668 127.762774626414 115.199863910675 116.395036379496 138.77934217453 127.909262975057 125.56317448616 147.47033516566
227.859536806742 261.593759059906 297.446926434835 313.174784183502 323.910435040792 286.676784356435 238.280534744263 198.177258173625 184.829751650492 196.08747959137 186.458388964335 171.982367833455 183.145562807719 207.318226496379 224.550525347392 231.253802776337 229.964872201284 224.165161450704 216.788212458293 217.343171437581 216.265718142192 220.597863197327 223.178764184316 222.080548604329 224.542498588562 233.944912751516 234.92964108785 236.874202887217 235.767563184102 246.014356613159 260.361194610596 268.48316192627 270.78237136205 278.403162956238 284.315546353658 275.309403737386 276.924967765808 293.236196041107 253.808418909709 175.927499930064 127.014537652334 118.755708138148 122.156282265981 135.086754957835 153.652846813202 183.069845040639
277.477045853933 302.049736181895 309.067249298096 305.285096168518 319.747706254323 321.619828542074 296.882192293803 260.201831658681 234.677851200104 229.604065418243 227.047880490621 205.959359804789 187.210341294607 204.669654369354 227.393746376038 233.400424321493 226.960976918538 230.168998241425 216.631054878235 216.530740261078 221.49912516276 223.461469014486 224.032282829285 221.96227312088 226.913412412008 238.978465398153 244.445542494456 249.268551667531 246.622482935588 250.135978062948 263.691643873851 273.382564385732 271.682381629944 270.992596944173 274.55727259318 263.293544451396 265.193263689677 270.780781904856 246.168335278829 199.048479398092 162.790904442469 141.869356234868 132.451881965001 136.068214972814 154.130826393763 188.811977704366
297.438681125641 304.718653361003 300.326943397522 291.983008384705 296.650091807048 311.191558837891 313.934107621511 291.765650113424 267.329970995585 255.419115225474 257.92008638382 238.736748695374 212.710201740265 213.71058622996 224.069913228353 227.312127749125 225.553969542185 228.214959303538 219.873229662577 221.890528996785 219.8579510053 220.57584921519 219.545662403107 219.013651212056 225.766738255819 235.593914985657 246.273398399353 248.164256413778 248.093724250793 253.739178180695 265.73391755422 268.000284830729 256.047328313192 248.921513557434 252.411981423696 233.733057975769 232.327381769816 223.23085864385 197.48588403066 180.644551912944 192.021071910858 175.565620263418 156.497110923131 142.135431369146 144.507467746735 166.393518447876
302.658836046855 301.681101322174 305.683493614197 295.633792877197 291.673223177592 300.076007843018 314.978798230489 315.022428830465 288.035988807678 267.358581225077 259.101072947184 253.628094991048 245.731631914775 231.773098309835 226.657450199127 229.613184928894 226.150810718536 222.520848115285 221.61724170049 224.942644437154 222.228805224101 221.405188242594 222.365101178487 222.420891125997 226.091086864471 233.077466487885 242.10129181544 239.205718040466 242.204984029134 254.337668418884 262.658317883809 255.235572655996 242.731372515361 242.048740386963 235.871295134226 218.45155954361 221.376717090607 219.727595647176 211.521764596303 205.737868944804 210.916558901469 216.184496879578 197.326560815175 177.604556083679 159.6666375796 148.80230029424
313.838223616282 312.902569770813 317.656616369883 314.006745815277 306.733886400859 307.376861572266 317.224403222402 324.924886226654 300.579647223155 273.329456647237 258.97616147995 255.143543084462 259.254455566406 243.744870026906 235.480050245921 236.949880917867 231.437861919403 224.225719769796 228.986163934072 230.143010616302 228.105068206787 224.381744861603 225.986401240031 231.572270393372 229.840556780497 234.147151311239 236.356496810913 234.535773595174 238.334278265635 253.809889157613 258.447031180064 251.408100128174 244.917114575704 246.224582195282 230.508625507355 224.094231923421 229.841291904449 234.248995780945 238.533119360606 235.743641853333 203.045467535655 201.755384604136 192.225197950999 179.033358891805 162.001421054204 138.353685537974
316.91579023997 317.140102386475 319.974521795909 319.151341915131 312.084635098775 307.549675305684 314.252535502116 324.62739944458 306.295871734619 273.967484633128 255.95760345459 256.749709447225 260.327676932017 243.890762329102 233.249624570211 238.905628522237 242.396155993144 233.274658521016 235.621094703674 237.974683443705 237.529238065084 232.550501823425 232.507944107056 235.185960928599 232.28653271993 232.058008511861 236.859838167826 240.373174349467 243.777533372243 254.31901216507 258.370935916901 253.879070281982 247.276107470194 245.851695537567 229.896028836568 233.182628949483 237.142364184062 241.645832856496 243.187626202901 234.03803507487 181.363741556803 152.611941099167 139.173299074173 130.890150864919 129.048943519592 118.691434462865
312.671224276225 316.460967063904 320.409297943115 318.546414375305 312.923431396484 311.455448468526 315.341194470723 321.978131930033 315.381526947021 281.6068927447 267.119407653809 258.053521315257 249.457577864329 242.02702442805 233.778953552246 238.693912823995 249.581495920817 242.392738660177 238.756398359934 241.815408070882 242.073794205983 237.495044867198 233.480016390483 235.032260417938 235.954284667969 234.467148780823 237.712025642395 245.230078697205 248.078385988871 251.443823178609 256.436228752136 256.624778111776 250.351230303446 235.518793265025 223.256587982178 240.737060705821 249.386469523112 249.655763308207 242.781023184458 237.383266290029 175.686717033386 116.138637065887 94.665398200353 84.6415758132935 87.0325366655986 83.3471417427063
293.920199076335 301.936507225037 306.501607100169 307.466089725494 309.291879336039 314.652383327484 318.561335404714 320.817093054454 318.809886773427 298.001964886983 283.423324426015 266.450683275859 251.520196596781 249.777833620707 241.613268852234 234.833816687266 245.449304580688 246.863722801208 238.817155361176 238.343298435211 238.416930039724 236.201484998067 230.504790941874 231.480618317922 234.351098537445 239.311436812083 237.905124823252 241.974631945292 246.053576469421 248.071074485779 252.925038337708 259.316007296244 245.967427889506 222.402453422546 228.960394859314 255.588829517365 260.10658343633 254.074255625407 242.709855238597 243.224263191223 222.673992315928 150.564650694529 96.1071948210398 81.357995669047 78.0776739120483 71.6501772403717
266.888201236725 272.705356280009 271.758596102397 280.375440915426 292.247891426086 303.74405781428 312.454640865326 318.046192328135 317.327241102854 303.40580145518 282.097776730855 261.56093676885 249.474108219147 246.462245782216 242.710371812185 236.399451891581 242.246508598328 240.718841552734 234.224478403727 232.104043165843 236.67323589325 237.400809923808 235.425313313802 231.868704160055 230.374952157338 233.515600363413 236.729721228282 240.530868371328 245.672186215719 244.945327440898 246.473987897237 252.342283725739 238.589147726695 224.61994489034 251.977384090424 268.907825152079 263.769368330638 256.645600001017 249.525467554728 253.695706526438 272.946735223134 255.578060944875 180.717945098877 129.446715116501 98.8717973232269 70.9370772043864
