input/barkrak2/radiation/dir12524.grid
NCOLS 85 
NROWS 70 
XLLCORNER 665100 
YLLCORNER 4664600 
CELLSIZE 20 
NODATA_value -9999 
[rows 40 to 59 of 70, columns 0 to 45 of 85]
297.043859958649 298.371116320292 298.290054003398 299.729625384013 306.188424428304 310.53626537323 312.94971704483 316.847264766693 316.473424434662 305.075645446777 293.078581492106 290.038327376048 288.122713565826 285.648822784424 283.495326836904 284.179091453552 282.71738688151 281.104922294617 277.671217918396 276.267568270365 279.470880826314 283.606588840485 284.000337123871 279.27569548289 275.944391886393 273.609121640523 281.004230181376 282.118578751882 281.300803025564 280.966758728027 279.848615328471 277.972221374512 260.776122411092 260.83250840505 286.071618398031 285.726507504781 275.008936723073 271.376709143321 273.105680942535 269.013186295827 280.159215132395 311.352570851644 309.48676665624 250.322858492533 187.503476937612 150.180766979853
303.155422210693 301.152964433034 301.354825496674 301.038046677907 298.471649487813 296.220779418945 295.526444911957 296.036978562673 300.115684668223 293.008923530579 286.948720614115 287.446935971578 290.526191393534 289.816419283549 288.922429084778 286.235551039378 281.196534633636 287.821610768636 287.735084692637 282.537976900737 283.821801344554 284.107804298401 282.103220621745 281.456728776296 281.726320584615 276.715477307638 280.466039975484 282.188614209493 282.272378603617 282.70032008489 282.944639523824 278.955519199371 266.189297040304 272.535741329193 284.641901652018 274.879038333893 258.99064540863 255.434234937032 260.288457075755 268.302977085114 291.017472743988 304.573734601339 305.994788805644 284.134427706401 230.909784634908 184.958378473918
305.84192276001 303.803980350494 305.586775143941 304.726600646973 298.871417840322 296.647071838379 295.502821604411 292.849500974019 293.22471221288 290.751338005066 288.581689198812 288.556516170502 290.958046913147 294.329702854156 293.211778004964 289.835731188456 287.751793861389 290.153880914052 292.726039886475 286.308507124583 281.763394673665 278.10017267863 276.010155677795 276.877522468567 280.027270317078 274.614294370015 271.022379398346 274.995923042297 277.818421522776 279.478987058004 279.332061608632 274.715999762217 271.625300248464 280.534207820892 281.994779904683 261.445720990499 245.65984805425 249.267101287842 261.290331681569 274.835864702861 284.400900204976 284.075538317362 275.55916706721 266.452014446259 237.328767776489 185.470521450043
294.336597124736 296.05903228124 302.631278832753 300.600210825602 302.221993605296 303.659915924072 303.57160170873 300.796031951904 292.16210047404 291.246930758158 294.12853717804 290.439327557882 290.070474147797 293.705026308695 292.112072308858 290.357112884521 289.033313592275 291.473706563314 291.034758090973 284.100850423177 280.412515004476 275.834083557129 272.861361503601 271.526912848155 273.26367298762 273.927628993988 268.630385398865 271.840214729309 275.146265824636 274.210929870605 271.58111333847 266.324539979299 271.883229414622 278.920551141103 269.863506158193 247.134844462077 241.772333780924 254.542330900828 271.325528621674 275.637586911519 273.397068182627 268.977959950765 261.101901531219 249.107956886292 226.536174615224 189.89094098409
293.528517087301 297.559936841329 299.814105033875 300.129294395447 301.583349704742 302.781323591868 303.206185499827 300.504008928935 297.556976477305 293.969670931498 294.578512509664 292.924086252848 289.4167304039 286.212225755056 286.435008049011 285.681664943695 281.697849432627 286.737402280172 287.309487660726 282.63247013092 278.189122676849 277.554889520009 274.31716521581 273.683508237203 272.445102532705 277.42326259613 279.144883155823 274.101138114929 272.806803385417 270.499189694722 266.053716341654 261.399726072947 263.685345649719 262.85723845164 254.870732625326 242.780725161235 245.798766613007 261.746724446615 275.075018405914 270.439048608144 270.736535390218 261.928598086039 250.752687454224 239.626049995422 225.315531094869 203.090786933899
298.508902390798 301.993906497955 299.211025238037 301.565229892731 300.492982069651 300.69363117218 301.306366920471 300.482551256816 301.048080126445 298.011720180511 296.612044175466 296.337644259135 290.695349375407 286.114970842997 285.72142124176 286.493360996246 281.864205996195 281.928757826487 283.87979666392 283.434589703878 278.488536675771 277.263482411702 277.087152004242 274.93021885554 274.752557277679 271.595855553945 274.702350298564 274.74969625473 271.979689598083 271.105388800303 263.707021872203 259.152750174205 260.327299435933 254.78196144104 241.982360680898 232.751866181691 240.356842676798 258.933901786804 265.060822168986 255.15886147817 260.612765947978 252.071738243103 241.896192232768 243.152916431427 243.665953477224 221.644341945648
298.322141170502 299.592773119609 301.535089810689 302.257577578227 301.992257436117 302.030980587006 302.848398685455 303.53186527888 300.490339597066 299.761136372884 299.187938372294 296.570976575216 292.747755845388 290.598551432292 287.604808807373 291.074017683665 285.895943641663 277.98593044281 284.626384576162 281.143605709076 275.980472564697 277.668952941895 273.630261421204 269.104580084483 274.88378683726 269.333779811859 271.986385186513 271.052420139313 269.917964935303 269.746740659078 266.062617301941 262.091199556987 257.822712262471 251.746972401937 242.568651835124 234.313070774078 241.14199479421 253.804485003153 253.368814786275 253.403186798096 258.242388566335 247.769415378571 246.303459008535 254.429976145426 258.083025614421 238.436023394267
293.735603491465 295.694629351298 299.306333065033 300.354758898417 302.176535129547 302.763899167379 301.410794258118 300.416052341461 300.590554873149 301.711996396383 297.368725140889 294.889410336812 292.670885721842 291.450341542562 288.037717342377 286.332825819651 280.563076337179 274.196028709412 276.137093702952 277.114907900492 275.350034236908 274.702966213226 275.591055552165 267.653107643127 270.281692345937 270.026306311289 265.306234359741 267.931938171387 270.971198876699 267.00347661972 267.031311988831 266.209999720256 258.034865061442 256.372292836507 256.28807147344 248.117665449778 248.321096102397 250.799755255381 254.155039787292 262.531816959381 257.352451483409 249.204079310099 253.57186794281 257.021546363831 254.329979419708 239.186962445577
288.12430302302 289.984285831451 293.688297271729 295.667330423991 300.430576006571 302.955905596415 299.937844276428 298.719982306163 299.810250600179 301.459411780039 299.183567365011 293.785691261292 292.506158351898 288.530886173248 286.588549613953 279.717604319255 279.672523339589 272.467354933421 275.15321969986 278.517762819926 276.802599430084 277.030110359192 277.30264266332 272.463063398997 269.96370156606 272.879759470622 268.973251183828 271.069784959157 274.918297926585 275.915880997976 277.611295382182 275.662700335185 266.549587249756 268.281658490499 265.72980483373 256.614526112874 256.281197071075 257.549524307251 258.692443370819 261.736412843068 251.037577788035 245.930075645447 244.316498438517 240.399022897085 238.497873147329 238.059818744659
286.414722601573 283.55864683787 287.599523862203 293.275038401286 297.620713710785 298.336287339528 299.436132113139 301.31196975708 302.089969317118 297.412931919098 297.883570194244 297.916154066722 290.601054827372 288.823962211609 286.036531130473 281.463841597239 280.417799949646 275.085707505544 276.923755804698 281.149129072825 281.445920467377 279.834051926931 276.202579339345 274.871508280436 273.350675900777 276.448369026184 276.346266269684 277.404566605886 281.713445981344 286.08779112498 289.523224035899 287.042776743571 278.961916764577 276.386102040609 269.606550534566 260.688583056132 257.85630941391 261.876444021861 262.000481287638 250.572522481283 239.709893862406 242.567718029022 241.472840309143 235.720276832581 233.510891596476 237.788399060567
286.058227221171 288.391311963399 290.752351284027 294.137895107269 292.981882890065 293.791830539703 299.747049808502 301.131784915924 298.560678958893 298.03874095281 296.397487322489 295.109490553538 292.444109916687 287.637710571289 287.88814942042 289.054274559021 281.560897827148 276.92578236262 276.953419049581 284.286717573802 284.473776817322 281.66925907135 277.973135312398 275.97447236379 271.863341331482 276.682496070862 281.222621599833 281.313896179199 284.525394439697 289.561788241069 293.645004431407 293.394049008687 284.217039744059 277.033706506093 265.195747216543 256.206452846527 256.478269894918 262.081483999888 256.947179635366 240.555425484975 235.498428344727 246.948619683584 246.867497762044 239.209890365601 236.541032791138 231.401960055033
285.552759965261 291.561504205068 292.141119639079 293.562531471252 293.043732643127 290.079176425934 294.236302375793 297.303934892019 297.239681084951 298.995554447174 297.869304815928 296.148399511973 294.50660943985 289.169947306315 286.015391349792 290.471335252126 286.188960075378 278.460919857025 275.77151854833 279.222130775452 281.794826189677 277.688403924306 277.410387992859 273.601432641347 270.944972832998 271.964808305105 275.350789229075 275.578717390696 276.908139387767 281.651556491852 288.061618804932 289.577126502991 278.690278530121 262.95280456543 231.660465399424 221.988141536713 237.689197063446 252.635995546977 255.382180213928 253.902971744537 256.728152434031 254.995703697205 238.048950831095 231.693049271901 239.513059457143 228.706240653992
284.48740641276 280.866146087646 281.443854173024 283.846795558929 288.644691308339 290.670275688171 290.711502234141 294.618288675944 294.581691424052 296.264131863912 297.266264756521 297.304034233093 295.762757460276 291.948199272156 286.92102432251 286.237339178721 286.347806453705 276.139001051585 273.499647776286 273.426115512848 272.774318854014 272.99972375234 274.843911329905 267.054120699565 269.565224647522 266.692380110423 267.585078875224 268.002947171529 267.515083154043 268.638769785563 273.163119951884 273.834606011709 257.638355096181 231.345693270365 200.592954953512 185.604770978292 199.262400468191 226.995368798574 251.65714820226 254.225889841715 255.217810471853 245.819131533305 228.378057479858 228.816787401835 234.214603900909 210.739493370056
286.257843176524 278.080304463704 274.21909570694 277.598182360331 286.160111427307 293.066779772441 290.880938371023 291.261037190755 294.751902421315 293.164948622386 294.128100077311 294.716795285543 296.667774518331 293.516417344411 286.76970799764 286.477943261464 287.026206652323 277.832349141439 273.2927997907 276.657044887543 275.561491648356 272.211174170176 270.352800687154 268.522997697194 267.224748929342 265.514492988586 264.702518781026 264.653960863749 263.099789619446 259.472131729126 250.343203544617 249.117374420166 231.925328572591 208.476523558299 195.78488667806 184.714635213216 172.218799591064 182.79093503952 202.731569608053 229.6235760053 241.6699330012 231.938262780507 225.50888856252 225.355366865794 216.123382250468 197.98735777537
287.445545196533 281.056523323059 277.292529741923 278.985460599263 285.979012648265 291.693091392517 294.43750778834 291.069289048513 294.36186949412 291.513025760651 292.830685774485 294.493774573008 294.626116752625 295.776744683584 288.960893948873 287.617266178131 289.082268873851 281.488319238027 276.256779829661 277.605056762695 279.722889264425 275.653521219889 272.815664609273 273.332118988037 269.538243611654 266.10666513443 266.376197338104 263.809343179067 260.053912798564 254.917562007904 244.774321715037 240.706404050191 224.290092786153 214.362025260925 216.532448927561 214.352409044902 198.291301727295 184.916734695435 176.257212956746 188.66087992986 213.050564130147 206.076105435689 197.939137617747 191.920479138692 185.795823733012 187.729259332021
290.262122948964 287.090460459391 281.555871168772 276.488423347473 280.722399552663 289.90646203359 291.613062222799 291.018227736155 290.344436963399 293.532808621724 296.278576056163 297.643025716146 295.76841990153 294.714411099752 291.536072889964 289.69277938207 291.440645853678 286.163330078125 280.404468377431 280.683358510335 278.9626121521 276.811182498932 276.303191979726 276.465614636739 272.272527217865 272.401452064514 264.898757139842 259.835342566172 253.205001354218 245.506048202515 241.818686326345 241.685211658478 231.59271478653 231.048166751862 236.700415611267 242.087086041768 245.385706424713 234.960615634918 216.472188631694 183.858056863149 187.330345312754 196.891764799754 194.677372773488 188.110987345378 192.276338736216 203.986306985219
290.919204552968 289.980192979177 285.766979058584 277.822335561117 274.775862693787 286.034464836121 290.191968282064 291.029353936513 287.894368171692 292.665759722392 297.644893328349 299.212177594503 295.52173614502 295.360664526622 294.484297434489 288.964688777924 289.961179097493 287.055810292562 282.399078210195 280.932744344076 279.369314511617 277.581850687663 276.148796081543 274.469435214996 272.245466709137 266.231060028076 250.03049770991 231.393337249756 225.0697016716 229.505876700083 237.71474758784 237.291177113851 229.998469352722 229.664146900177 240.352352460225 253.696421782176 267.3552831014 272.140284379323 263.846476872762 222.170134385427 192.809144655863 202.309409777323 214.351693789164 222.774147987366 230.32679160436 238.534609476725
290.359755357107 286.781152089437 287.304977575938 283.283134301503 276.457687218984 281.924724578857 289.777755737305 291.597048441569 287.365317344666 287.758310635885 295.968174934387 297.044535477956 294.302781422933 293.672601381938 295.764029026031 288.083513577779 287.804027398427 284.400403499603 282.943844795227 283.070147037506 282.700439294179 281.275391578674 277.007162570953 273.727794488271 270.542621612549 270.290891329447 253.061016400655 233.571827411652 229.994217554728 235.806902249654 245.055973529816 240.734179814657 239.391406377157 243.619640668233 255.335013071696 261.398176352183 265.590409437815 240.4931584994 212.36644188563 211.879213651021 218.72490644455 231.624881426493 228.401283423106 217.961211999257 213.881333669027 226.943929990133
280.629058678945 285.359541575114 283.355077107747 283.328970273336 278.707603613536 277.884741624196 288.846909999847 293.587207794189 288.629213968913 285.750548044841 292.973895867666 295.909345149994 295.231918493907 290.546695391337 290.559192498525 288.701732953389 284.222284952799 283.786455790202 284.650524457296 285.256584485372 285.482188065847 281.997958819071 280.195931593577 274.695495764414 273.697733879089 275.986075401306 270.014981428782 265.892366568247 261.461019515991 258.63254070282 257.09480047226 248.969316482544 252.066175142924 254.216909408569 247.188131014506 237.056573232015 215.354879697164 174.010256926219 154.801388581594 191.269834836324 230.955998102824 239.877700805664 223.535339037577 214.189887046814 218.501369158427 230.2206158638
269.943833351135 281.516194343567 281.243701775869 280.927280584971 280.183831850688 277.453203996023 282.894651095072 292.594333489736 294.093767801921 288.809180259705 292.408347129822 293.905377388 293.616096178691 291.410088539124 289.90246852239 289.368848005931 283.794601758321 281.156798203786 278.153320153554 276.359518369039 279.9946864446 278.813739617666 275.371491909027 275.755524635315 276.255249977112 279.690623283386 286.207099755605 287.911792596181 266.043464342753 266.640226046244 258.653104305267 247.435609499613 247.147262096405 230.893750985463 202.408870061239 177.187701066335 165.107061465581 152.140587568283 141.119907299678 158.468534549077 185.526291529338 212.95162041982 223.897874355316 240.096350510915 268.185178438822 273.414393266042
