input/barkrak2/radiation/dir11424.grid
NCOLS 85 
NROWS 70 
XLLCORNER 665100 
YLLCORNER 4664600 
CELLSIZE 20 
NODATA_value -9999 
[rows 0 to 19 of 70, columns 0 to 45 of 85]
295.302967230478998 302.927911281586 311.457097530365 318.830649058024 320.959289868673 319.487929344177 312.357266743978 306.196371714274 309.467037518819 309.695502122243 308.038334051768 312.29841709137 314.674894014994 314.942240715027 317.008058230082 314.390301704407 307.027856508891 299.458305040995 298.840204874674 287.231286366781 270.508488019307 275.394280751546 297.659496466319 305.402338504791 304.237365722656 307.404319445292 305.531223615011 294.072826703389 276.232659816742 271.480937798818 269.412954648336 281.593322753906 306.939721107483 304.648776849111 309.566299120585 300.441225369771 302.420298258464 311.575829982758 301.669696966807 309.379637241364 297.813415527344 290.277361869812 299.136380354563 311.939080556234 312.28244304657 309.013108412425
276.244680086772 289.489805698395 300.205290317535 310.70210536321 317.446450392405 316.916108131409 310.342033704122 305.210967858632 311.25138203303 312.038203080495 307.022988796234 310.180505116781 315.049330393473 315.975666046143 315.747678279877 315.12043873469 312.72820631663 307.111104329427 303.483963012695 291.930556297302 284.959852695465 289.830724398295 302.678843339284 307.125786940257 308.10272693634 307.654281457265 305.703699588776 296.166360378265 279.515524705251 272.34007914861 273.093322912852 292.17137893041 304.760456085205 303.998370965322 309.925119082133 301.129718621572 300.919592380524 305.900355180105 300.541500250498 310.697913169861 306.868016719818 298.45937093099 301.885346571604 312.333305676778 314.872165520986 311.099330584208
245.804091294607 256.035069624583 266.927520434062 277.525742848714 288.897037506104 295.500874519348 300.172070662181 305.520912011464 309.225122133891 307.384590307872 302.800436814626 305.298169453939 314.416189988454 317.987561225891 314.787328243256 318.657398223877 322.272618611654 319.914440313975 312.485655148824 305.271089076996 306.170264879862 306.521375974019 305.797358353933 306.203802426656 308.671057224274 309.589644273122 303.223570187887 294.527272383372 282.322665055593 274.847348531087 277.739961942037 298.519551753998 297.890504201253 301.828106244405 309.396227200826 303.613921006521 296.368380387624 293.648024400075 299.338340759277 310.794631640116 308.308819929759 302.756985028585 299.522717793783 308.055142561595 318.479220072428 315.798540910085
228.689153989156 230.387667814891 236.603895823161 243.462284406026 250.758290290833 255.665520826975 261.626362800598 273.971915245056 289.116005102793 299.600879351298 304.185609022776 310.747424761454 317.396322886149 319.652994473775 318.146924177806 317.806502183278 318.636357784271 316.116432348887 312.140683333079 309.348464012146 307.887295881907 305.496116479238 310.13685464859 309.948404630025 309.028744697571 310.745934645335 306.056062380473 298.64889383316 292.248984177907 286.753912766774 281.830529371897 300.603290398916 297.449171543121 300.825655460358 303.819020589193 305.159449577332 301.59858862559 300.241470336914 309.933145840963 313.027958075206 306.033611297607 296.896557013194 292.848149935404 304.380059242249 318.135996659597 316.863735516866
248.453974723816 233.840942382812 222.273131211599 213.333368301392 217.490315437317 232.892771561941 251.692394415538 260.964910189311 269.769509633382 275.888820489248 291.586915651957 306.324005126953 314.947863419851 318.613012631734 320.110162099202 320.320824782054 315.731565157572 308.451453844706 307.331760724386 309.079865614573 306.372741858164 305.163582166036 312.568147977193 311.888635158539 310.276627540588 312.710245450338 309.070467948914 301.964501539866 295.633852481842 291.704217592875 294.492026170095 307.354350884755 303.190509478251 305.39458990097 301.885028680166 303.983469804128 310.53348382314 312.67112493515 314.535518487294 313.428660233815 310.82280476888 304.464936256409 301.964024702708 304.513514041901 309.349159399668 314.252912998199
286.285181840261 263.58550786972 239.163299401601 217.471400896708 209.278961022695 218.99018685023 242.944061756134 258.169094721476 261.651873588562 261.711617310842 270.841379960378 282.334009806315 289.482712745667 294.68446969986 300.70819457372 305.226643880208 303.226828575134 300.800124804179 303.834180037181 308.460652828217 308.571755886078 311.854044596354 316.566030184428 314.566493034363 313.647429148356 315.206944942474 311.582048734029 305.527647336324 298.547685146332 294.968326886495 302.266975243886 308.135787645976 310.442666212718 313.371777534485 307.932635148366 305.268883705139 310.371081034342 312.853813171387 310.664137204488 311.007877190908 310.942709445953 307.726283868154 306.830922762553 307.244837284088 301.949699719747 293.362259864807
303.281466166178 285.056312878927 268.131295839945 249.661087989807 230.444232622782 218.453129132589 225.906352202098 251.786152521769 263.680895169576 270.760953426361 268.301010131836 263.747652371724 260.035971800486 256.013472874959 258.082369963328 271.360297997793 281.039337317149 294.150133927663 305.346926053365 312.13382879893 312.467575073242 311.530907948812 315.356095631917 315.463503201803 315.394242604574 316.884577274323 315.312961737315 311.335980892181 305.2792151769 304.233988126119 308.188656965892 313.59189748764 320.125202337901 320.999264717102 318.26905409495 311.954875787099 310.671130816142 310.559630393982 310.64627567927 312.577605247498 310.002446174622 306.557714939117 307.117342948914 305.421710014343 288.59023253123 282.976428667704
307.659566402435 301.46853129069 293.703138828278 281.610230604808 262.344519297282 235.003570715586 214.918315410614 215.368549029032 246.278325716654 268.757065137227 275.265117486318 271.744728088379 264.151652654012 255.787968635559 244.567473729452 246.954460938772 258.245627085368 272.325793902079 291.071355342865 304.849843184153 310.621956984202 311.194638411204 314.896146456401 314.864218235016 314.122895399729 315.164466698964 315.21075963974 312.990506490072 309.780875841777 312.084356943766 315.901120503743 318.601648012797 322.167972723643 321.92067305247 318.568110466003 314.280033111572 312.017718950907 307.467301686605 300.831278165181 298.303862412771 302.718579769135 309.417406717936 316.56547387441 314.592242240906 301.597694555918 293.096919854482
302.117725213369 302.694539229075 300.047119458516 294.401168823242 284.058292706807 265.998641649882 239.132682482402 212.175051371257 224.768181641897 245.533188184102 263.672113418579 271.473248799642 272.75828520457 270.577689011892 261.025726795197 254.695812861125 251.440465450287 255.580206712087 268.319805463155 283.077398935954 294.663747151693 303.408821423848 307.843009630839 305.257638295492 306.488394737244 308.236877123515 309.213439623515 308.833221594493 308.468878269196 313.862284024556 317.328651746114 316.845198472341 316.576957702637 317.071437835693 315.596004327138 314.709564050039 312.293946743011 305.711269378662 294.390102227529 295.103232065837 309.890747070312 318.715512752533 321.189761161804 317.281405131022 308.02975098292 300.671517848969
279.892067114512 287.73174683253 291.680912176768 291.553139686584 289.272844791412 286.667545636495 273.77982934316 257.605274518331 229.036013285319 220.386167367299 232.560714085897 255.700210730235 274.134735266368 282.49458471934 284.015238285065 277.371883392334 263.754586378733 259.219706058502 258.567690849304 261.605044205983 269.359687964122 275.770823160807 282.290895779928 287.67470518748 293.881952762604 296.553572018941 298.056701819102 298.043290774028 299.005726973216 304.076294104258 305.295884609222 305.782695611318 310.643553733826 313.332994778951 314.150174458822 311.907708644867 309.504131476084 307.681997617086 295.701781908671 298.604170481364 314.969480037689 319.789290428162 318.800767262777 315.66067536672 305.340349674225 298.351327578227
234.525958697001 247.285981973012 258.52507352829 267.354130744934 275.510430335999 282.137672106425 284.009575843811 280.092199643453 256.348351637522 232.720911502838 219.282150268555 225.855906804403 251.503606637319 273.775041103363 285.89916229248 277.891794840495 271.522164344788 265.78293244044 257.855912049611 253.000100453695 253.335356712341 253.515263398488 256.749411424001 268.157223860423 278.539756933848 284.681280454 286.445736885071 286.461671193441 290.882050991058 295.066714286804 297.360042730967 300.281802813212 307.500779628754 309.705257415771 309.035460154216 307.749430338542 309.68576669693 311.724921067556 306.692918141683 307.714343070984 315.48011302948 319.295366605123 319.171806176503 317.731976509094 310.733735561371 306.440869967143
194.277346134186 199.521859486898 207.935134569804 220.021227995555 235.340476036072 250.294129053752 266.913096110026 272.438585758209 273.272713025411 261.363426844279 237.555861473083 218.503455320994 221.036771933238 242.241660753886 266.436954339345 269.107758998871 275.044480959574 272.49421676 264.088908831279 254.710833231608 247.871041297913 245.408892631531 245.559414227804 253.911236921946 261.607348918915 266.564031442006 268.676857153575 272.47953414917 278.367837270101 282.414754231771 286.294678846995 291.112105051676 296.506603558858 298.890213171641 297.899186611176 298.804442087809 305.715998013814 312.534073988597 313.840766747793 315.506199995677 317.915538946788 319.772998491923 319.888691107432 317.847887674967 313.192804654439 311.249415079753
182.329754034678 178.01159620285 175.706466039022 175.684988498688 183.456043402354 199.907998243968 224.382082621257 244.967420895894 270.461042722066 274.702350298564 264.66429233551 243.045349915822 216.466863950094 214.2573595047 235.80143849055 260.540425777435 274.430811405182 276.747226715088 272.61483669281 264.748930931091 256.832897663116 256.012241045634 254.954238732656 255.767862002055 256.077309449514 255.352358023326 259.255290031433 267.207900683085 270.382682482402 271.146655082703 275.639434655507 280.527532100677 282.22668170929 283.772051334381 285.093347231547 289.316217104594 298.780878384908 307.245453198751 308.645665645599 312.457760175069 314.841488997142 315.259456634521 314.485907554626 314.602494239807 308.995048205058 307.949761549632
174.97048775355 145.785828431447 129.253834486008 123.379717270533 120.599975188573 129.862020413081 147.382040818532 185.560683409373 223.513344923655 256.67001803716 272.504766782125 272.374788920085 255.403399467468 231.211483478546 228.555003801982 252.736548582713 267.231682936351 278.620143731435 284.266789754232 281.007329622904 271.285057067871 268.366495768229 265.400211016337 264.494558175405 264.173805713654 262.150327364604 264.976839224497 272.559424241384 272.041281064351 266.487141450246 270.866990089417 275.627831617991 277.195970217387 277.531723181407 280.621846516927 286.003967126211 291.272203127543 295.711000760396 298.083106676737 298.647304375966 302.055895328522 305.945813655853 310.003817081451 312.40850687027 307.047804196676 307.276825110118
159.198810656865 121.289332707723 96.7844923337301 92.0852224032084 93.3517813682556 98.1707374254863 107.374797264735 135.56432723999 164.51570391655 212.681492169698 263.552824656169 288.176596164703 291.63932800293 275.055726369222 251.761734485626 247.618973255157 252.759575843811 266.028086344401 281.318505605062 288.203914960225 286.568582057953 281.308531761169 279.218236605326 276.203056176503 272.8457848231 270.901262760162 272.949437300364 274.920185407003 270.133753617605 266.145825386047 269.703288873037 273.387650648753 273.520946502686 273.527204990387 276.967783768972 280.421515305837 281.124651432037 280.330240726471 283.719122409821 284.110903739929 288.957754770915 294.452389081319 299.002647399902 301.070908705393 299.635410308838 300.604661305745
136.557996273041 110.235323508581 81.1780045429866 71.8744297822316 86.8514180183411 111.208657423655 115.477701028188 125.578701496124 146.885206302007 178.995251655579 227.13977098465 279.190500577291 300.995508829753 298.4818816185 281.737963358561 254.344781239827 244.141101837158 246.633330980937 261.694729328156 283.72319539388 292.634228865306 288.355191548665 289.257109165192 284.086227416992 278.153896331787 278.604547182719 280.565539995829 277.164022127787 271.934231122335 274.277091026306 275.302410125732 274.754802385966 272.218326727549 270.294725894928 271.016319592794 270.435849825541 268.716375033061 264.160056908925 266.784389813741 268.60503355662 272.939483324687 277.219772338867 279.816369215647 280.960202217102 288.857579231262 292.671998341878
122.044930855433 110.721757014592 85.5521361033122 63.5927965243657 69.5023934046427 96.2829689184825 114.905208349228 127.721259991328 144.646992286046 160.899420579275 184.428254763285 231.474379698435 271.544098854065 298.326075077057 295.919100443522 284.490207831065 273.468494415283 259.593645731608 250.496943791707 260.816136995951 281.370222568512 291.428049405416 294.392387072245 290.497362613678 284.306426843007 285.266081492106 289.00533914566 284.746209780375 281.84433778127 286.421259244283 285.601039727529 276.060322920481 270.803610483805 267.481605211894 262.524803479513 261.514663696289 257.487555344899 256.30925099055 256.137013435364 259.321371714274 261.78369919459 263.711154460907 266.413489977519 268.864790598551 282.86224603653 289.324323336283
113.999525705973 115.067799886068 104.983727137248 75.5483706792196 62.133068839709 85.797905921936 114.307075738907 135.308166344961 154.990464448929 166.572590668996 176.429728666941 200.610021750132 235.055208206177 253.836492697398 277.227620283763 298.926929632823 297.413945198059 285.901447137197 267.645458380381 252.667387326558 263.089160124461 285.042067368825 289.523005485535 289.963205655416 290.398438771566 294.570863246918 297.934412956238 296.338299910227 293.591241041819 294.753015041351 289.711753527323 279.894193013509 273.120721181234 266.716202100118 261.152446269989 257.908384005229 255.606492360433 255.728840827942 255.801022052765 256.993512312571 259.383877118429 261.023918787638 260.326941808065 263.996879259745 274.374961853027 284.591575463613
120.63655257225 129.88872329394 132.376333077749 106.652369101842 86.562971274058 107.487340768178 125.520457824071 146.853784720103 163.424253463745 186.884840329488 195.699612299601 200.752735137939 215.863029162089 231.732805569967 249.386628468831 264.56073919932 283.944884936015 295.002778371175 291.407843430837 275.409281253815 257.979214191437 269.301573435466 277.209222316742 285.434464613597 294.109602769216 300.142407417297 302.769660949707 302.910923957825 297.33673731486 295.517325401306 289.091428120931 282.931129137675 275.575757026672 268.288671970367 264.292379220327 260.113676389058 258.63907734553 255.959073702494 255.324065685272 258.360346158346 261.421958605448 263.014833132426 262.579401334127 264.317949612935 266.061703364054 278.455853462219
129.688282807668 133.494993050893 145.90910077095 145.263652006785 131.136476993561 127.280741930008 129.573663075765 142.880280812581 158.221274614334 179.388960202535 192.499876022339 194.486757119497 197.996099789937 206.243793169657 221.841216087341 245.592792828878 255.892177422841 268.840372562408 278.405765692393 288.813690344493 281.659404436747 269.530812899272 269.72766717275 278.33233277003 288.467884063721 296.530842781067 302.164038022359 302.281578381856 295.160412788391 294.062455495199 288.76781463623 281.60434961319 274.68071381251 269.840876261393 266.703546047211 262.45242357254 259.367108345032 251.77804629008 249.322354793549 257.44491815567 263.565917809804 264.545241991679 267.014702161153 266.603628794352 263.070623079936 272.258222103119
