input/barkrak2/radiation/dir11424.grid
NCOLS 85 
NROWS 70 
XLLCORNER 665100 
YLLCORNER 4664600 
CELLSIZE 20 
NODATA_value -9999 
[rows 20 to 39 of 70, columns 0 to 45 of 85]
138.424019018809 126.958320538203 137.558192014694 171.484450499217 167.162537574768 137.204945087433 128.253767887751 135.995129744212 148.055205742518 166.944801807404 180.922230084737 182.788491249084 186.323920885722 190.221786499023 202.09147532781 220.647235711416 236.159861087799 246.391634146372 263.100425402323 282.25036462148 289.515058199565 285.309155782064 285.217086474101 286.878526210785 288.716574509939 290.82590341568 294.484257698059 291.765809059143 289.689322312673 288.856069246928 281.489332516988 267.29949315389 253.596623738607 244.76691087087 241.211533546448 247.350931167603 247.147381305695 249.46524699529 254.526098569234 258.653302987417 259.93279616038 259.252289930979 262.321889400482 256.352007389069 260.974923769633 264.634311199188
169.536868731181 161.685685316722 166.878600915273 198.491632938385 195.204734802246 144.38803990682 138.46163948377 146.456768115362 152.395566304525 167.171617348989 172.692040602366 178.808788458506 181.467056274414 179.864505926768 192.267934481303 208.130240440369 223.488132158915 236.789405345917 251.386284828186 270.436485608419 279.911080996195 293.428897857666 299.507677555084 300.129930178324 290.413637955983 276.764671007792 262.455403804779 255.248506863912 254.278699556986 248.831808567047 246.190249919891 219.551722208659 196.154117584229 189.924399058024 195.791323979696 216.538588205973 225.295106569926 242.393553256989 254.315137863159 254.56960995992 252.476076285044 250.545382499695 244.101564089457 227.070093154907 249.758203824361 259.940067927043
215.277949968974 217.27063258489 210.498789946238 217.887719472249 217.276811599731 172.491153081258 164.099633693695 156.794885794322 152.055104573568 155.952662229538 174.226403236389 181.262691815694 186.532576878866 191.678027311961 195.113321145376 205.136438210805 215.945700804392 229.598124821981 239.314556121826 240.695238113403 241.370697816213 251.994729042053 260.939180850983 264.550884564718 263.567745685577 257.904907067617 243.936161200205 236.260096232096 229.124863942464 211.614827315013 187.326947848002 146.239231030146 118.529597918193 124.403129021327 153.013736009598 179.924448331197 199.757079283396 222.867826620738 237.574100494385 240.728219350179 244.836926460266 245.546936988831 221.022725105286 195.361971855164 226.877431074778 256.367266178131
245.350400606791 242.304623126984 225.278774897257 224.035878976186 223.084668318431 210.968375205994 186.377068360647 161.490569512049 150.393038988113 152.2542933623 174.816866715749 183.667838573456 194.816708564758 204.544544219971 201.830287774404 198.623140652974 206.524173418681 217.097282409668 224.969903628031 216.894129912059 216.602981090546 218.554933865865 232.191999753316 241.837819417318 248.587250709534 245.444854100545 234.186887741089 224.039673805237 205.462753772736 168.191949526469 139.072448015213 112.990319728851 75.7216860850652 40.2691761652629 41.4386118451754 84.4052831331889 130.901475747426 167.73513952891 192.83664226532 203.50174109141 203.139444192251 185.775438944499 177.227973937988 208.257019519806 213.348905245463 244.708081086477
239.429235458374 238.987644513448 234.651585419973 226.755420366923 214.738210042318 210.781494776408 190.30237197876 176.649570465088 161.910583575567 156.903207302094 164.980669816335 182.382186253866 190.580010414124 197.686731815338 194.923122723897 194.082955519358 202.020585536957 213.878353436788 221.599459648132 214.094956715902 212.779760360718 208.071351051331 215.53095181783 225.415905316671 227.096577485402 224.866032600403 219.245553016663 199.39136505127 182.753761609395 133.970816930135 113.717804352442 109.673788150152 85.3139758110046 34.501425921917 28.5173753897349 54.1111727555593 85.7180555661519 110.048363606135 135.485539833705 160.096118847529 152.054995298386 133.353074391683 154.58474556605 231.435815493266 230.146745840708 247.607906659444
229.135076204936 234.066843986511 239.242275555929 227.573772271474 215.325276056925 210.926254590352 203.246156374613 204.076747099559 200.652062892914 186.909953753153 183.156967163086 194.632629553477 198.022981484731 207.777102788289 206.651389598846 200.890560944875 204.248607158661 214.837729930878 221.426626046499 224.946280320485 227.126876513163 221.740583578746 215.980291366577 215.245683987935 214.692771434784 215.673406918844 208.360930283864 195.795814196269 167.640785376231 144.718150297801 140.804131825765 154.546956221263 152.556945880254 98.4405775864919 64.5702381928762 71.3010231653849 78.0526548624039 96.6235796610514 119.884272416433 122.614234685898 121.772795915604 119.50346827507 163.103024164836 227.484424908956 246.28871679306 258.766313393911
229.797820250193 233.712156613668 238.568723201752 230.65714041392 231.057465076447 227.559387683868 225.566248099009 225.149353345235 231.319526831309 224.413653214773 207.954208056132 214.31968609492 216.945767402649 225.502570470174 223.885456720988 212.742447853088 208.731889724731 219.269176324209 224.886099497477 239.112893740336 239.343663056691 237.638513247172 226.223985354106 218.169073263804 215.256492296855 217.718164126078 206.691165765127 204.214294751485 180.733422438304 178.173939387004 195.838650067647 221.378087997437 228.57000430425 225.605209668477 176.181077957153 103.801925977071 95.3159928321838 100.26956597964 117.246081431707 126.436740159988 134.160260359446 170.045296351115 191.320538520813 212.690631548564 240.040302276611 249.157468477885
233.086744944255 229.930837949117 232.501308123271 231.40690724055 258.34063688914 247.535149256388 241.665720939636 236.355543136597 239.242057005564 241.243461767832 225.451747576396 219.526986281077 223.685324192047 227.40383942922 228.378494580587 222.926000754038 218.494216601054 225.179314613342 236.292243003845 242.50340461731 240.200718243917 232.42574930191 226.960996786753 226.07676188151 224.846402804057 221.494138240814 216.246326764425 213.915427525838 211.259245872498 215.123335520426 234.157005945841 247.988442579905 251.895805199941 264.982442061106 261.11102104187 174.803495407104 119.693825642268 106.665005286535 109.584808349609 131.341755390167 169.612685839335 233.914037545522 207.503537336985 200.273136297862 218.501071135203 224.689702192942
232.401569684347 221.718808015188 224.910279115041 237.510740756989 276.773730913798 254.643678665161 236.952801545461 229.637344678243 230.758309364319 231.04198773702 222.787658373515 213.698506355286 221.852084000905 228.418231010437 231.847147146861 233.07071129481 228.893001874288 224.997003873189 235.13533671697 236.771543820699 233.804663022359 227.850119272868 227.320233980815 233.576039473216 232.015391190847 225.52623351415 225.232899188995 220.823168754578 221.20463848114 227.545340855916 247.552394866943 263.206303119659 265.44463634491 265.729467074076 276.622990767161 244.571844736735 142.188012599945 93.9595798651377 80.0211677948634 106.808622678121 181.107044219971 218.95029147466 196.039577325185 167.296906312307 184.498111406962 193.038245042165
228.018005688985 213.91487121582 219.965040683746 247.588733832041 276.138424873352 251.796086629232 226.604660352071 207.900861899058 198.500633239746 196.04351123174 196.320315202077 197.593649228414 214.309195677439 227.794130643209 231.538017590841 237.803717454275 236.735920111338 223.704397678375 227.751950422923 229.394276936849 226.640502611796 227.128465970357 229.009966055552 233.804186185201 236.846705277761 230.141123135885 233.608881632487 226.546406745911 223.690072695414 235.211332639058 255.87797164917 272.624552249908 269.058704376221 267.139693101247 277.596433957418 282.748281955719 232.936461766561 145.909865697225 107.144812742869 115.859379371007 151.783287525177 169.938683509827 175.407568613688 144.051631291707 147.55842089653 163.064817587535
219.846208890279 227.217376232147 257.229288419088 302.999496459961 298.015216986338 258.095343907674 221.495966116587 189.669052759806 177.8471271197 185.908277829488 181.62739276886 178.010046482086 206.641793251038 227.952003479004 236.540118853251 242.64395236969 243.881205717723 231.394569079081 230.061252911886 230.507393678029 227.619508902232 232.189496358236 234.520594278971 233.903110027313 237.253924210866 240.404963493347 239.043811957041 236.818810304006 230.801582336426 245.994647343953 264.153301715851 275.817076365153 271.53746287028 275.479833285014 283.025066057841 287.115057309469 290.601948897044 271.787683169047 192.57793823878 145.833571751912 132.580727338791 129.326303799947 150.548746188482 142.318904399872 140.907684961955 166.927138964335
238.61026763916 271.051605542501 303.900400797526 317.708174387614 331.862509250641 298.222064971924 253.494381904602 212.147653102875 198.39080174764 210.251986980438 201.062063376109 185.62920888265 199.688076972961 225.940644741058 241.90499385198 246.675630410512 244.274258613586 239.544749259949 231.960773468018 230.721036593119 232.75238275528 236.983676751455 237.60586977005 236.836274464925 238.575041294098 248.713811238607 248.436331748962 251.419027646383 248.769998550415 256.412247816722 269.193391005198 276.013692220052 278.201421101888 285.312175750732 290.737847487132 280.047575632731 283.943275610606 304.179886976878 270.872970422109 194.429973761241 145.441720883052 134.033759435018 138.101716836294 148.272971312205 170.335332552592 198.779145876567
285.297811031342 306.753536065419 310.890893141429 306.278109550476 321.3010430336 327.126224835714 307.238419850667 272.676428159078 245.746930440267 241.78143342336 240.189850330353 218.435486157735 206.328272819519 224.79772567749 243.125935395559 247.235496838888 243.063271045685 244.915306568146 234.861095746358 233.180979887644 236.748596032461 238.753378391266 237.409889698029 236.899971961975 239.935298760732 251.094619433085 256.123820940654 261.768082777659 259.23619667689 260.133663813273 273.265838623047 281.646052996318 279.886305332184 279.671986897786 283.477246761322 271.771530310313 273.349563280741 281.514962514242 261.852522691091 218.355298042297 181.617895762126 157.787879308065 144.370049238205 150.408615668615 170.048276583354 206.477026144663
300.065259138743 304.142991701762 299.760758876801 290.828824043274 294.073859850566 310.06908416748 316.48051738739 299.501955509186 276.389757792155 266.836861769358 266.903281211853 252.177556355794 231.353521347046 228.323698043823 242.005666097005 244.919260342916 242.016613483429 243.499398231506 235.283335049947 236.209591229757 235.584119955699 235.373059908549 234.443147977193 232.733428478241 239.146689573924 248.333116372426 258.253375689189 259.691973527273 258.175690968831 265.165666739146 275.883356730143 277.365903059642 265.874107678731 259.74573691686 262.89580265681 244.790812333425 243.128518263499 235.58642466863 213.616112867991 200.021147727966 210.113684336344 189.528226852417 168.756723403931 156.938523054123 156.905074914296 182.651499907176
302.619556585948 299.643635749817 304.449617862701 293.711344401042 288.4295185407 297.489106655121 314.914325873057 319.675087928772 296.937207380931 276.0142882665 271.079579989115 263.879338900248 257.739345232646 246.890266736348 244.705518086751 245.938996473948 240.430812040965 238.331357638041 238.473355770111 241.677542527517 236.544330914815 234.819928805033 235.658208529154 236.540456612905 239.192088445028 244.821429252625 253.332257270813 251.63076321284 254.041333993276 265.347182750702 272.795995076497 265.712598959605 252.603809038798 252.713640530904 247.194528579712 230.140169461568 232.722401618958 231.359918912252 225.727955500285 224.514822165171 228.820164998372 229.232251644135 209.443767865499 189.954241116842 174.342930316925 168.965776761373
315.480987230937 313.72598807017 319.701631863912 315.381944179535 307.668010393779 309.047897656759 320.161660512288 330.359101295471 309.931337833405 283.13688437144 270.696640014648 268.617530663808 274.644792079926 258.187254269918 247.816582520803 251.886864503225 246.658424536387 239.717364311218 243.488669395447 243.67235104243 241.848250230153 237.923324108124 241.103172302246 244.894246260325 243.314842383067 246.412634849548 248.390714327494 246.62967522939 250.891327857971 264.94558652242 268.58256260554 261.846462885539 254.668354988098 255.721529324849 241.378605365753 235.359052817027 241.006592909495 244.766275087992 250.413676102956 253.18189462026 218.681891759237 215.893586476644 206.006725629171 195.909718672434 180.368860562642 158.426066239675
322.831034660339 322.412550449371 325.441718101501 324.744443098704 317.395091056824 312.762300173442 318.923691908518 330.329159895579 316.024204095205 282.900333404541 268.407940864563 268.352309862773 269.591271877289 255.937139193217 248.796343803406 253.951191902161 257.410407066345 246.492365996043 250.278274218241 253.101309140523 252.550999323527 246.53434753418 246.525943279266 249.540090560913 246.624728043874 245.701511700948 249.211072921753 253.584742546082 255.813717842102 266.357223192851 268.87967189153 264.241417249044 256.819764773051 254.886945088704 240.105787913005 243.726332982381 248.270153999329 251.695096492767 253.573556741079 249.856352806091 199.216226736704 167.471289634705 155.003011226654 148.366818825404 148.929039637248 142.855435609818
321.906348069509 324.431836605072 326.719284057617 325.245440006256 319.810509681702 316.942493120829 319.424053033193 326.322654883067 321.796476840973 292.192876338959 277.929464975993 269.796252250671 263.473570346832 257.128914197286 249.262770016988 253.358880678813 263.417820135752 257.014095783234 253.968973954519 258.413235346476 258.145987987518 253.831466039022 250.698705514272 251.167376836141 252.035021781921 250.448564688365 251.890023549398 258.169809977214 260.886748631795 264.14167881012 268.952369689941 267.010728518168 259.704391161601 244.883179664612 233.363032341003 250.584900379181 259.1472864151 259.280244509379 251.84311469396 250.138421853383 196.10591729482 133.70418548584 109.949360291163 99.013755718867 102.074523766836 107.111910978953
307.300925254822 313.990652561188 318.089743455251 318.10716787974 318.503280480703 321.856180826823 323.895335197449 325.158218542735 322.514593601227 303.738017876943 293.23422908783 279.53831354777 267.794092496236 264.440278212229 255.57541847229 250.98983446757 262.009978294373 263.816674550374 256.866912047068 256.112277507782 256.423493226369 253.048439820608 248.732606569926 249.636789162954 252.598067124685 255.228678385417 253.752052783966 257.633606592814 260.576248168945 261.537790298462 266.676108042399 268.926362196604 255.231559276581 232.136527697245 239.095628261566 265.067299207052 269.031325976054 263.33882411321 250.951409339905 252.285857995351 239.163756370544 170.522491137187 115.641971429189 98.0396072069804 97.4326729774475 97.0621109008789
282.693823178609 287.480413913727 287.192940711975 294.960757096608 305.481553077698 315.433939297994 322.614252567291 326.724469661713 324.579397837321 314.246694246928 296.298980712891 278.177797794342 265.079379081726 264.42148288091 260.961850484212 255.045930544535 258.957505226135 259.629726409912 252.862592538198 252.408683300018 254.958113034566 255.557099978129 255.242606004079 250.402808189392 248.679379622142 251.514395078023 254.222353299459 256.094813346863 260.881304740906 260.087172190348 261.199275652568 264.570454756419 248.602648576101 234.086712201436 260.70503393809 277.390539646149 272.38521973292 265.605310599009 257.490853468577 259.898742039998 282.137076059977 272.29642868042 201.786895593007 149.277577797572 119.727392991384 98.3907381693522
