input/barkrak2/radiation/dir17424.grid
NCOLS 85 
NROWS 70 
XLLCORNER 665100 
YLLCORNER 4664600 
CELLSIZE 20 
NODATA_value -9999 
[rows 40 to 59 of 70, columns 0 to 45 of 85]
344.32848294576 344.957073529561 344.923575719198 346.522728602091 350.371559460958 352.846264839172 354.812860488892 356.930653254191 357.019344965617 351.381262143453 344.391465187073 341.290473937988 338.032285372416 336.259603500366 333.298246065776 332.910597324371 330.173452695211 329.959809780121 324.51190551122 322.757681210836 322.605450948079 325.707852840424 325.176934401194 321.197628974915 317.268272240957 314.907332261403 319.679776827494 320.270438989003 320.518692334493 320.494651794434 319.352984428406 314.55119450887 288.780272006989 283.283929030101 303.730448087056 304.0664990743 295.405765374502 295.543074607849 295.802275339762 283.600866794586 291.668514410655 331.8190574646 352.70897547404 310.372889041901 251.62136554718 207.255144913991
348.32243124644 346.807400385539 346.951405207316 347.571611404419 345.846056938171 344.603141148885 344.47173277537 345.552563667297 348.462502161662 343.821247418721 339.516719182332 339.01039759318 340.141812960307 339.345375696818 337.443431218465 335.156559944153 329.890032609304 334.706505139669 332.45986700058 327.54115263621 328.252732753754 326.488435268402 326.271216074626 325.976312160492 325.719952583313 321.574171384176 323.657353719076 323.678533236186 322.391510009766 323.165694872538 321.516831715902 315.333465735118 295.893450578054 294.644296169281 305.299699306488 296.913842360179 282.631655534108 283.432861169179 291.128695011139 295.512715975444 308.480262756348 320.842107137044 335.050185521444 335.412740707397 292.954246203105 244.320432345072
349.624554316203 348.282257715861 349.91983572642 349.442799886068 345.740993817647 344.484249750773 344.360033671061 343.678673108419 344.052712122599 341.386516888936 339.004675547282 339.127381642659 340.566078821818 340.67972501119 340.69554011027 338.056484858195 335.253953933716 335.981210072835 336.083014806112 330.678820610046 328.232169151306 326.760133107503 323.549052079519 325.449109077454 326.998829841614 323.528925577799 320.263127485911 320.217410723368 321.057736873627 322.145501772563 320.077578226725 312.679648399353 303.224821885427 303.784648577372 302.587787310282 286.340971787771 271.500051021576 277.669628461202 293.015380700429 305.206934611003 313.136537869771 311.084151268005 307.633141676585 313.521643479665 299.798806508382 250.537435213725
342.684547106425 344.361066818237 348.257263501485 346.746484438578 347.500085830688 348.943789800008 349.406878153483 348.05961449941 342.445254325867 341.018597284953 342.20818678538 340.45680363973 338.825225830078 340.195337931315 340.855201085409 337.135871251424 336.716572443644 336.97517712911 337.754408518473 333.642880121867 329.357584317525 326.861480871836 324.022988478343 322.811822096507 323.672413825989 324.873765309652 320.477167765299 318.792780240377 320.193608601888 318.222324053446 315.337876478831 308.063824971517 307.283441225688 307.400186856588 293.921152750651 271.937310695648 267.293671766917 281.42249584198 301.127235094706 306.045214335124 306.181311607361 301.884810129801 294.176956017812 292.957743008931 287.691632906596 257.597049077352
342.582941055298 345.998843510946 347.286621729533 347.044706344604 347.570657730103 348.62228234609 348.998268445333 346.747398376465 345.192154248555 342.963616053263 343.200286229451 341.172417004903 338.350971539815 337.98352877299 335.723797480265 334.833224614461 331.49508635203 336.233417193095 336.352586746216 335.421522458394 331.982394059499 329.683025677999 328.310449918111 327.755073706309 323.336005210876 327.606479326884 326.533993085225 323.5684633255 321.42428557078 316.858887672424 310.612618923187 305.72372674942 304.304718971252 299.769560496012 286.669850349426 269.876480102539 271.092136700948 287.095745404561 302.676479021708 301.296273867289 302.567581335704 295.317808787028 282.695710659027 278.211077054342 279.594779014587 269.220630327861
346.259037653605 348.450819651286 346.867521603902 348.053177197774 347.278356552124 347.006400426229 347.75451819102 346.806287765503 347.283283869425 345.571120580037 344.567577044169 342.459003130595 340.190370877584 336.739778518677 335.228562355042 337.734500567118 333.031495412191 333.941221237183 337.713360786438 335.975090662638 333.405574162801 332.009851932526 330.550034840902 330.260554949443 328.12891403834 325.183351834615 327.956775824229 325.299362341563 320.472180843353 317.008932431539 310.624003410339 306.368231773376 303.921262423197 295.593361059825 279.179056485494 264.494399229685 269.72754796346 287.144124507904 294.854799906413 289.018571376801 294.646958510081 286.042273044586 274.403353532155 277.118305365245 287.984053293864 280.029992262522
346.279263496399 346.99825445811 348.041454950968 348.111470540365 347.764531771342 347.94815381368 348.328590393066 349.152803421021 347.364942232768 346.492449442546 345.365285873413 344.127893447876 342.440366744995 339.873711268107 339.799324671427 340.891520182292 339.61820602417 335.322539011637 338.278849919637 336.799780527751 334.246476491292 333.634853363037 330.76689640681 327.646255493164 329.555888970693 323.198695977529 322.923024495443 322.370648384094 320.282677809397 317.015926043193 311.966677506765 307.235916455587 302.191893259684 291.988054911296 277.619520823161 266.170481840769 273.765087127686 286.647439002991 284.652650356293 286.571780840556 293.424824873606 282.364845275879 277.931491533915 284.874439239502 294.120689233144 286.474009354909
343.231042226156 344.552397727966 347.249269485474 346.972306569417 348.280270894368 348.812421162923 348.086595535278 347.047328948975 346.609910329183 348.361651102702 346.363385518392 344.790816307068 343.220631281535 343.430598576864 341.209491093953 341.127554575602 339.680552482605 334.027210871379 334.964791933695 336.52917544047 332.264363765717 331.523378690084 330.541332562764 324.76278146108 326.308210690816 323.589960734049 319.436291853587 318.493564923604 318.160593509674 314.631462097168 312.509000301361 308.815121650696 300.101757049561 295.719842116038 288.602868715922 275.567889213562 278.205196062724 285.445094108582 287.469069163005 293.914417425791 291.309714317322 284.142017364502 285.937249660492 286.737442016602 286.446472009023 278.413673241933
340.131203333537 341.369072596232 344.277898470561 345.182021458944 347.524960835775 348.85573387146 347.263852755229 346.049427986145 347.699205080668 348.915219306946 347.281495730082 345.658938090007 344.127893447876 344.704469045003 343.594908714294 338.919639587402 338.905652364095 334.225575129191 334.413091341654 336.112896601359 333.153347174327 333.468198776245 331.79912964503 326.290547847748 324.14710521698 323.681394259135 318.376282850901 321.110407511393 320.714473724365 319.693366686503 318.902651468913 315.688451131185 305.944124857585 306.404749552409 298.084994157155 280.446430047353 280.772268772125 288.936813672384 293.956379095713 294.024844964345 284.2937707901 281.824171543121 281.032721201579 275.550941626231 273.003379503886 272.608379522959
339.581727981567 337.598244349162 340.345025062561 343.944589296977 346.641818682353 346.534331639608 347.492814064026 348.993261655172 349.207798639933 347.894668579102 348.817984263102 348.197857538859 346.893628438314 344.83277797699 343.087712923686 339.980045954386 339.386940002441 334.64260896047 334.152380625407 336.605350176493 336.513678232829 333.580613136292 328.942716121674 327.610552310944 322.515865166982 324.260175228119 323.765238126119 323.960820833842 324.041485786438 325.519363085429 325.302799542745 318.72155268987 312.163551648458 311.058143774668 302.322129408518 285.612066586812 279.23192580541 287.373185157776 293.213804562887 283.826569716136 273.167769114176 276.327927907308 276.551445325216 270.888864994049 270.46271165212 274.20844634374
339.690804481506 341.007351875305 342.73107846578 344.794551531474 345.216472943624 345.25720278422 348.21883837382 350.479642550151 350.511789321899 349.888404210409 349.943478902181 349.96509552002 347.771088282267 345.022042592367 344.197750091553 343.719998995463 338.844815889994 335.854887962341 335.724910100301 337.204615275065 335.279663403829 333.047827084859 330.179949601491 328.394293785095 323.117196559906 324.010809262594 325.020253658295 322.29338089625 323.827803134918 323.863089084625 324.450651804606 320.243418216705 311.813871065776 308.666288852692 298.585037390391 285.527110099792 280.61443567276 284.682969252268 284.5592101415 272.731781005859 269.824127356211 280.309160550435 279.802362124125 272.060652573903 271.292587121328 266.759296258291
339.890797932943 344.071745872498 345.285534858704 345.946272214254 345.031897226969 344.740708669027 347.711364428202 350.04198551178 350.03936290741 351.445277531942 350.560545921326 349.535385767619 347.846031188965 344.918608665466 342.052261034648 345.805406570435 340.415000915527 335.145552953084 333.11398824056 333.537062009176 331.706742445628 328.06932926178 327.847043673197 322.644809881846 318.063358465831 318.302830060323 318.004866441091 317.627310752869 318.001588185628 322.724560896556 323.238790035248 318.816781044006 305.984238783518 297.213753064473 273.971021175385 261.391679445903 271.592815717061 279.283742109935 277.536034584045 277.409017086029 285.338918368022 288.870374361674 273.293534914653 265.149037043254 272.506972153982 260.886073112488
340.964873631795 339.5649989446 338.958859443665 341.067274411519 343.751589457194 346.345146497091 346.684773763021 348.679939905802 348.668058713277 350.017110506694 349.402189254761 349.382917086283 348.452965418498 345.483541488647 342.680335044861 340.453426043193 341.740886370341 333.413521448771 327.847043673197 325.772802035014 323.029557863871 324.751694997152 321.969350179036 315.231482187907 317.057808240255 314.532379309336 312.475264072418 312.317113081614 309.009492397308 309.235632419586 312.145868937174 311.212023099263 289.296468098958 265.700737635295 240.484396616618 230.695307254791 244.474768638611 268.610060214996 283.416529496511 278.096238772074 278.53532632192 274.029672145844 261.894881725311 264.692266782125 269.174218177795 246.121942996979
342.886090278625 337.309678395589 334.860245386759 338.236292203267 344.762444496155 348.166704177856 347.89760907491 347.833792368571 348.233739535014 347.50227133433 347.779273986816 348.052541414897 347.87392616272 347.367842992147 342.4098889033 339.18031056722 339.28116162618 330.991526444753 325.481792291005 324.199775854747 325.017253557841 319.971362749736 320.388833681742 314.664800961812 313.032587369283 311.386783917745 310.313602288564 309.858004252116 305.824120839437 302.683254082998 296.965718269348 288.298567136129 266.656994819641 240.971744060516 231.982350349426 228.764593601227 221.983710924784 232.453008492788 247.799615065257 265.753308931987 271.21380964915 261.759360631307 257.662614186605 261.117875576019 251.99298063914 231.760660807292
343.24045976003 340.137879053752 338.074763615926 339.638829231262 345.253745714823 348.671197891235 349.315206209819 347.812573115031 348.143537839254 346.492211023966 347.224553426107 348.132689793905 346.79388999939 346.377333005269 340.847969055176 339.613358179728 337.393800417582 329.739689826965 325.43150583903 326.283077398936 325.981736183167 322.650790214539 320.12007633845 318.130771319071 314.70908721288 313.560287157695 311.539014180501 309.282660484314 303.794423739115 301.543295383453 290.517131487529 281.811594963074 257.841070493062 243.803143501282 247.674028078715 251.479387283325 245.145877202352 236.688494682312 227.554063002268 234.905978043874 250.046888987223 242.102901140849 235.852301120758 230.636755625407 226.262827714284 221.933444341024
344.862659772237 344.102581342061 341.125726699829 338.064710299174 342.127680778503 347.90031115214 347.659945487976 346.054951349894 346.833944320679 347.957372665405 348.395784695943 347.871780395508 345.140059789022 344.22755241394 339.308818181356 335.925579071045 335.437377293905 332.968711853027 328.40750614802 326.974809169769 325.52041610082 323.456505934397 322.432617346446 321.861386299133 318.433483441671 316.404720147451 312.374949455261 306.481798489888 300.762971242269 296.785036722819 290.636916955312 286.826252937317 265.260815620422 257.827262083689 261.626124382019 269.191940625509 280.714710553487 277.551750342051 261.301259199778 232.089360555013 230.750958124797 231.233874956767 228.356659412384 226.677437623342 232.373972733816 238.015611966451
346.769452095032 345.901966094971 344.787041346232 340.217034022013 338.491837183634 343.694726626078 346.771518389384 346.076448758443 343.38390827179 345.269918441772 345.264911651611 346.234599749247 342.221975326538 341.754714647929 339.433670043945 335.460027058919 335.763931274414 331.696132818858 327.944974104563 328.792095184326 327.314019203186 325.430075327555 319.765567779541 320.520718892415 316.283603509267 313.383460044861 300.38837591807 282.610634962718 278.146306673686 282.843331495921 290.513157844543 284.059305985769 267.006615797679 259.523193041484 266.096413135529 276.01945400238 292.280614376068 301.251610120138 292.407294114431 261.540393034617 235.942920049032 238.13263575236 245.18746137619 256.144344806671 266.456484794617 269.43705479304
346.197406450907 344.710429509481 345.093806584676 342.902978261312 338.428854942322 341.003139813741 344.62030728658 344.419082005819 341.897408167521 340.251843134562 340.984702110291 343.163728713989 339.991092681885 339.080452919006 338.613112767537 335.012674331665 334.374785423279 331.525643666585 328.385134538015 328.141311804454 327.364007631938 325.742026170095 322.363575299581 317.911664644877 316.976428031921 316.219369570414 302.282532056173 285.337825616201 284.870346387227 289.372384548187 295.445541540782 286.545713742574 274.666468302409 273.590564727783 285.46804189682 288.262367248535 294.369101524353 283.812721570333 252.100666364034 243.617912133535 254.862129688263 264.074961344401 258.919755617778 253.395120302836 255.140801270803 265.740036964417
340.216676394145 343.915224075317 343.735933303833 342.949589093526 338.719606399536 336.948911348979 342.976689338684 343.393286069234 339.803735415141 334.992647171021 339.05557791392 340.989867846171 340.583523114522 337.049841880798 336.660901705424 333.73749256134 331.998666127523 329.051554203033 329.405268033346 327.266693115234 329.094727834066 326.310833295186 324.694991111755 320.375959078471 319.281061490377 319.860974947612 313.994983832041 311.776041984558 308.277169863383 304.353336493174 299.797316392263 287.932833035787 284.289638201396 283.21119149526 279.809574286143 266.453266143799 247.395277023315 213.545123736064 197.00030485789 233.736097812653 269.290089607239 269.907534122467 249.569217363993 244.714001814524 257.828950881958 271.860182285309
333.635449409485 341.215054194133 341.477513313293 340.267976125081 339.78533744812 333.67657661438 337.684353192647 340.010245641073 341.524442036947 336.717963218689 338.704347610474 339.738527933757 339.127461115519 335.949858029683 336.247324943542 334.2471520106 329.809625943502 326.926231384277 324.166715145111 322.717547416687 323.449571927388 322.173317273458 323.1227795283 321.221550305684 321.074108282725 323.626101016998 323.659479618073 326.333423455556 311.503986517588 309.395690759023 299.826363722483 288.208266099294 285.932660102844 267.16935634613 239.648600419362 213.167568047841 196.5105732282 189.013679822286 185.588796933492 210.482796033223 237.559278806051 254.283130168915 251.380403836568 263.392349084218 294.232587019602 304.435034592946
