input/barkrak2/radiation/dir14124.grid
NCOLS 85 
NROWS 70 
XLLCORNER 665100 
YLLCORNER 4664600 
CELLSIZE 20 
NODATA_value -9999 
[rows 40 to 59 of 70, columns 0 to 45 of 85]
323.981086413066 324.900686740875 324.845592180888 326.70138279597 331.749061743418 335.100253423055 337.654987970988 340.174674987793 339.458465576172 331.636369228363 321.79594039917 318.164189656576 315.647959709167 313.00938129425 311.042666435242 311.08150879542 308.276653289795 307.185967763265 302.098532517751 300.303777058919 304.732998212179 308.395286401113 308.262666066488 303.933660189311 300.557235876719 297.731518745422 304.275790850321 304.036299387614 304.068565368652 303.723593552907 301.511704921722 298.239588737488 276.684641838074 274.156788984935 296.956280867259 296.957711378733 287.304679552714 285.850465297699 287.218769391378 277.974228064219 287.724137306213 323.783238728841 333.573579788208 282.121439774831 220.444718996684 179.126222928365
328.993856906891 327.202061812083 327.374239762624 327.928066253662 325.778802235921 323.797166347504 322.800099849701 324.013868967692 326.721549034119 320.78621784846 315.618097782135 315.994461377462 317.541003227234 316.770652929942 314.638495445251 312.019467353821 307.591497898102 311.931649843852 312.928080558777 307.753125826518 308.606266975403 310.231328010559 308.55925877889 309.123039245605 309.238215287526 304.763913154602 305.194735527039 306.412637233734 305.196185906728 305.709620316823 304.021100203196 299.103935559591 283.38611125946 285.724540551503 297.080238660177 288.015047709147 272.897144158681 271.656155586243 278.018514315287 284.153421719869 301.788071791331 314.748088518779 322.941184043884 312.267084916433 264.159798622131 215.836644172668
331.277151902517 329.579830169678 331.204533576965 330.086827278137 325.587809085846 323.883891105652 322.732329368591 321.517844994863 321.057756741842 318.010648091634 317.000349362691 316.03076060613 316.698173681895 319.570660591125 318.337758382161 315.252244472504 313.484251499176 316.463629404704 317.081252733866 312.847932179769 310.256580511729 308.335204919179 304.769198099772 305.408159891764 306.22653166453 302.866836388906 299.467027187347 300.322274367015 302.182575066884 303.26106150945 302.652418613434 295.992155869802 289.31850194931 294.011116027832 294.737219810486 276.630282402039 260.760347048442 265.673617521922 279.488941033681 292.374968528748 301.2375831604 299.866139888763 293.993671735128 292.650063832601 271.18053038915 220.610717932383
321.946044762929 323.940475781759 328.957935174306 326.687077681224 327.844560146332 329.579134782155 329.271892706553 326.489329338074 320.096532503764 317.509551843007 319.934944311778 316.491325696309 317.116896311442 318.984826405843 318.516294161479 317.040721575419 316.940526167552 318.986793359121 318.473398685455 313.924034436544 309.175272782644 306.367297967275 303.581396738688 302.492241064707 302.029808362325 303.849895795186 297.27033774058 298.025409380595 300.396502017975 300.733347733815 295.956194400787 290.101687113444 292.359034220378 295.43125629425 284.045437971751 261.699597040812 256.642699241638 270.174185434977 288.625816504161 293.081164360046 292.085389296214 288.394232590993 280.003865559896 273.552417755127 260.06939013799 226.624608039856
321.115016937256 325.182219346364 326.353013515472 326.38543844223 327.600697676341 328.484654426575 328.884879748027 325.370788574219 323.005894819895 320.761899153392 321.12721602122 319.740076859792 317.755222320557 314.822097619375 314.993282159169 314.244111378988 312.142531077067 316.331128279368 316.644152005513 314.088543256124 310.182352860769 306.295871734619 304.835379123688 304.35053507487 301.429390907288 305.284063021342 306.47748708725 303.412655989329 301.608026027679 298.742135365804 292.524059613546 287.302076816559 287.844181060791 284.542759259542 273.039142290751 258.557955423991 260.563135147095 276.596029599508 291.215201218923 287.984053293864 288.421849409739 280.827045440674 269.184013207753 261.304517587026 254.946768283844 239.119092623393
325.457036495209 328.271488348643 325.843334197998 327.604870001475 326.138218243917 325.703740119934 326.707899570465 326.071858406067 326.516211032867 324.106852213542 322.827239831289 322.603444258372 318.730314572652 315.929770469666 314.402381579081 316.15157922109 312.320987383525 312.195897102356 316.597104072571 313.205560048421 310.32653649648 308.974047501882 307.338019212087 305.325071016947 305.071234703064 304.05722061793 307.93168147405 305.376311143239 300.599137941996 297.492067019145 291.207571824392 286.619663238525 286.200165748596 276.764233907064 263.961215813955 251.023173332214 257.232844829559 275.279621283213 282.302379608154 274.349888165792 279.465556144714 271.538217862447 260.615328947703 262.448767820994 268.327017625173 253.670752048492
325.392127037048 325.753370920817 327.269434928894 327.646315097809 327.356974283854 326.824565728505 328.009605407715 329.115748405457 326.698780059814 326.279838879903 325.907707214355 324.650883674622 322.561363379161 319.698770840963 318.469166755676 320.040583610535 317.113816738129 312.066237131755 314.260542392731 312.672297159831 311.350464820862 309.331615765889 307.741761207581 304.182529449463 306.997358798981 301.90654595693 299.994190533956 300.27163028717 296.909709771474 297.465920448303 291.645109653473 287.821292877197 282.545149326324 274.628738562266 262.277960777283 252.508302529653 259.732663631439 272.682825724284 271.390239397685 272.3415295283 278.51543823878 267.478883266449 264.387369155884 271.928111712138 278.514643510183 264.972885449727
321.594933668772 322.568734486898 325.406769911448 326.123615105947 328.013320763906 329.200526078542 327.528377374013 327.179789543152 327.392578125 328.666905562083 327.158391475677 325.172901153564 323.492209116618 322.703937689463 320.233861605326 317.404647668203 317.160566647847 308.826883633931 311.934908231099 312.396148840586 307.504057884216 308.498322963715 307.669222354889 298.85196685791 300.955832004547 298.369526863098 293.94934574763 295.748353004456 296.226501464844 293.373227119446 291.032572587331 288.68156671524 280.446628729502 278.4530321757 274.498681227366 264.080921808879 265.522956848145 270.586530367533 273.240824540456 281.038443247477 277.191638946533 269.11199092865 272.345006465912 274.197479089101 272.613783677419 261.647780736287
316.22584660848 318.497121334076 322.207093238831 323.626160621643 327.435851097107 329.302151997884 327.357769012451 325.853725274404 328.638831774394 329.359849294027 328.336338202159 325.33872127533 322.422126928965 323.135375976562 320.421020189921 316.223939259847 314.767638842265 309.059242407481 309.547265370687 310.310006141663 310.42222181956 307.165741920471 305.282811323802 298.628747463226 296.301941076914 300.806085268656 295.128285884857 296.647548675537 299.429059028625 299.478789170583 299.994150797526 298.835277557373 287.504295508067 288.659473260244 284.258802731832 270.645717779795 270.647426446279 275.508880615234 278.659303983053 280.288338661194 269.975622495015 266.237954298655 265.022913614909 260.842839876811 258.231004079183 257.688502470652
316.253860791524 313.871343930562 317.239761352539 321.853915850321 325.344999631246 327.028115590413 328.365325927734 329.543173313141 330.559253692627 328.028837839762 328.424334526062 327.649215857188 324.686368306478 322.074671586355 319.923301537832 314.67616558075 313.864966233571 307.847241560618 307.404557863871 312.643051147461 310.92490752538 307.428260644277 301.954527695974 302.678843339284 299.266080061595 299.692352612813 301.471074422201 302.080432573954 305.291056632996 308.212916056315 309.805830319722 305.905779202779 298.481782277425 296.720445156097 288.775066534678 275.8482893308 270.703355471293 276.537199815114 280.203501383464 269.747893015544 258.502125740051 261.399785677592 261.174559593201 255.432526270548 255.004902680715 258.033076922099
316.510637601217 317.981561024984 320.046643416087 324.489017327627 324.260234832764 324.462155501048 328.445951143901 331.378022829692 329.856336116791 328.826387723287 328.817486763 328.91454299291 324.790199597677 321.101029713949 318.547368049622 320.986529191335 313.230951627096 311.309595902761 309.315105279287 311.568419138591 309.523046016693 306.908408800761 303.438127040863 301.32935444514 297.711431980133 301.672736803691 303.280889987946 303.00102631251 305.402557055155 309.003710746765 311.302463213603 307.599763075511 299.098332722982 293.879230817159 283.134361108144 273.34330479304 270.560105641683 275.692979494731 273.41902256012 258.769273757935 254.925012588501 266.209105650584 265.934109687805 257.910251617432 256.257176399231 251.6677180926
316.522339979808 323.529362678528 324.191053708394 325.903137524923 324.086348215739 322.92648156484 326.721092065175 329.07231648763 329.046666622162 330.858985582987 327.687482039134 327.454288800557 325.07320245107 319.569746653239 318.734129269918 320.589582125346 313.612401485443 308.610002199809 301.712950070699 307.052989800771 307.332158088684 305.411775906881 302.971800168355 299.429138501485 296.886761983236 297.502358754476 300.200819969177 300.124744574229 300.966680049896 302.15056737264 306.841313838959 305.725951989492 295.082191626231 282.441020011902 255.637844403585 244.369228680929 257.075190544128 267.804523309072 268.531044324239 267.65638589859 273.470044136047 274.264295895894 257.96369711558 250.633378823598 258.574287096659 246.425847212474
317.875325679779 317.102392514547 316.425065199534 318.108300367991 321.702043215434 323.944946130117 324.245611826579 327.128350734711 325.074195861816 327.766835689545 327.19749212265 326.011697451274 326.032280921936 318.788746992747 316.137989362081 313.651045163472 315.365831057231 304.377496242523 299.977997938792 300.055543581645 301.402688026428 299.254198869069 300.829370816549 295.810580253601 295.693178971608 292.984922726949 293.561418851217 293.68793964386 293.006201585134 293.695350488027 294.968922932943 298.225820064545 276.598354180654 250.099062919617 222.032070159912 210.660676161448 224.173744519552 250.509043534597 270.124316215515 268.526673316956 268.750150998433 261.98931535085 247.377157211304 248.549183209737 255.158106486003 232.644736766815
320.996165275574 313.425739606221 310.552020867666 314.589440822601 321.708202362061 326.152046521505 323.622485001882 323.760608832041 325.353364149729 321.587344010671 323.575715223948 321.048061052958 322.603126366933 319.887359937032 314.035534858704 313.85592619578 314.11616007487 305.972735087077 304.039378960927 302.880386511485 301.709751288096 298.50572347641 298.904220263163 292.840480804443 293.668429056803 291.985392570496 288.653413454692 288.394868373871 286.798576513926 283.415575822194 274.878601233164 271.871089935303 250.591933727264 226.660251617432 215.858896573385 208.400984605153 199.702163537343 209.427714347839 227.869629859924 250.560820102692 259.086549282074 248.960554599762 243.695000807444 245.180428028107 236.144800980886 218.147536118825
321.443458398183 316.848476727804 313.349445660909 315.226495265961 319.905638694763 324.459552764893 326.528012752533 321.191370487213 323.895891507467 321.578065554301 321.089804172516 320.877293745677 322.345197200775 321.724355220795 315.893133481344 316.441218058268 315.837701161702 309.142847855886 304.403841495514 305.487434069316 305.293599764506 301.583290100098 298.883597056071 296.955366929372 293.285091718038 292.185246944427 290.092845757802 287.700295448303 284.287869930267 279.573698838552 270.049452781677 263.053218523661 243.174393971761 231.162408987681 234.233140945435 235.146681467692 224.242766698202 212.982853253682 204.019506772359 213.967084884644 232.986291249593 228.617211182912 221.159855524699 213.109076023102 209.211687246958 207.732439041138
322.820623715719 320.90691725413 314.807037512461 310.720562934875 315.744280815125 320.534070332845 321.761250495911 321.152806282043 319.181760152181 320.255756378174 323.922475179036 323.423862457275 321.717381477356 322.299758593241 318.025231361389 316.287358601888 315.918544928233 311.000943183899 305.745720863342 304.109374682109 304.689725240072 302.561561266581 301.765600840251 301.533857981364 297.712167104085 295.552670955658 290.99452495575 284.429550170898 278.337419033051 274.50434366862 272.347728411357 268.553574879964 251.046101252238 246.530850728353 251.221557458242 257.780194282532 265.30796289444 258.615454037984 241.83980623881 211.295902729034 210.574905077616 216.178933779399 213.608721892039 209.498445192973 214.479784170787 223.130484422048
323.71727625529 322.332322597504 319.508294264476 313.3744597435 307.74974822998 315.708120663961 319.173236687978 318.374951680501 315.566976865133 319.400270779928 323.316693305969 324.683864911397 321.514089902242 321.18292649587 320.409715175629 313.742697238922 314.39220905304 311.818599700928 307.597100734711 306.281944115957 304.745733737946 302.799582481384 301.495989163717 299.869537353516 297.800004482269 294.484992822011 279.646992683411 260.295490423838 255.737801392873 261.210302511851 270.054499308268 265.379269917806 252.166966597239 246.898591518402 255.32058874766 266.917169094086 281.984706719716 288.992822170258 280.047734578451 244.130651156108 216.268658638 222.222705682119 231.878081957499 241.665482521057 250.770052274068 256.2335729599
322.299738725026 319.860100746155 317.072749137878 315.075973669688 307.344953219096 310.511271158854 317.322631676992 318.85427236557 315.068443616231 316.791693369548 321.914235750834 322.743773460388 318.898717562358 318.00768772761 319.668193658193 313.121596972148 312.617977460225 311.47829691569 308.093011379242 308.030545711517 307.440956433614 305.894593397776 302.063842614492 299.346546332041 298.442363739014 297.621051470439 280.854105949402 260.271827379862 258.722424507141 265.757242838542 269.277095794678 264.715174833934 258.971234162648 260.221362113953 274.791836738586 279.255509376526 284.960428873698 263.367295265198 237.256904443105 229.865849018097 239.14102713267 250.103930632273 245.258291562398 237.276454766591 236.772259076436 249.193787574768
313.171227773031 316.568652788798 315.141399701436 313.552916049957 309.325337409973 306.958774725596 316.507657368978 318.976879119873 316.037813822428 312.916080156962 317.605455716451 320.215264956156 319.667021433512 315.409978230794 315.200964609782 313.7127161026 309.639890988668 308.852791786194 307.211716969808 309.75337823232 309.686064720154 306.54505888621 304.833312829336 299.911697705587 301.147818565369 302.16387907664 295.174181461334 289.463957150777 284.678995609283 283.822655677795 281.884451707204 272.343476613363 271.731575330098 271.104176839193 266.244808832804 250.272174676259 235.808412233988 196.833690007528 177.924474080404 214.692095915476 252.535939216614 257.103224595388 238.543887933095 231.555263201396 240.456998348236 253.315349419912
303.448041280111 312.176863352458 311.859349409739 309.766391913096 310.604095458984 304.608225822449 311.340749263763 318.101823329926 320.415715376536 313.165823618571 317.135373751322 318.580985069275 318.091670672099 316.178222497304 314.666171868642 314.307967821757 309.271931648254 306.456625461578 303.550879160563 304.201722145081 302.986661593119 303.995231787364 302.799423535665 300.873696804047 301.040927569071 305.0630291303 305.847605069478 309.490938981374 298.065304756165 290.265619754791 282.61395295461 269.211868445079 268.248518308004 252.090017000834 222.443342208862 195.076982180277 183.134118715922 172.429839769999 165.19029935201 187.100768089294 214.083631833394 236.37580871582 239.759087562561 253.782451152802 283.432006835938 291.489760080973
