input/barkrak2/radiation/dir11024.grid
NCOLS 85 
NROWS 70 
XLLCORNER 665100 
YLLCORNER 4664600 
CELLSIZE 20 
NODATA_value -9999 
[rows 20 to 39 of 70, columns 0 to 45 of 85]
128.003786007563 118.258098761241 128.159840901693 160.360336303711 155.837515989939 128.55464220047 120.251735051473 128.887196381887 140.856236219406 160.273015499115 171.543061733246 174.894054730733 176.787535349528 180.300374825796 194.103161493937 210.76899766922 224.098483721415 235.273241996765 249.859968821208 268.485923608144 278.489172458649 272.009650866191 274.324258168538 278.504908084869 280.441661675771 282.65110651652 285.651326179504 284.299850463867 282.113711039225 280.179500579834 273.967802524567 259.35560464859 245.008150736491 235.487302144368 231.631577014923 237.867871920268 237.596054871877 239.882151285807 244.123140970866 249.172488848368 250.506977240245 249.893228212992 253.087302049001 245.902021725973 251.653869946798 255.497475465139
161.347230275472 152.688264846802 156.104276577632 187.314768632253 183.973133563995 134.884039560954 130.304396152496 139.661997556686 148.013691107432 157.556553681691 165.108064810435 170.902868111928 171.984016895294 169.94696855545 182.322800159454 198.086420694987 213.659962018331 222.851971785227 240.435381730398 257.947862148285 264.50393597285 273.088733355204 276.882489522298 273.421764373779 268.085420131683 259.40614938736 247.121036052704 239.713907241821 238.645195960999 237.455407778422 223.83185227712 208.024183909098 186.574319998423 179.81219291687 185.169239838918 206.191917260488 215.0905529658 232.471366723379 243.757168451945 244.97518936793 242.845257123311 240.921060244242 234.371840953827 215.935190518697 240.083873271942 250.635345776876
207.562565803528 208.817938963572 200.230280558268 207.238455613454 206.89590771993 162.139117717743 155.979742606481 149.594306945801 145.335227251053 148.732632398605 166.644364595413 171.481649080912 177.067577838898 180.082043011983 182.063202063243 185.521006584167 199.30636882782 210.973461469014 221.861859162649 224.172353744507 226.777633031209 242.189943790436 252.248644828796 254.693309466044 253.992180029551 246.026813983917 233.149667580922 227.620402971903 223.542054494222 206.050435702006 180.8695991834 139.090875784556 107.77027408282 114.216834306717 141.767998536428 168.84301106135 188.973148663839 212.416112422943 226.467569669088 230.750660101573 234.994769096375 235.863506793976 211.019953091939 184.594670931498 216.757853825887 246.978898843129
238.834937413534 235.012571016947 215.841392676036 213.280260562897 212.130963802338 200.804670651754 178.053140640259 156.133631865184 141.902734835943 145.450621843338 164.082338412603 175.137639045715 182.895600795746 191.449324289958 187.155961990356 185.93289454778 195.313672224681 205.316265424093 212.415397167206 207.128087679545 207.514882087708 209.92640654246 221.404174963633 232.761104901632 238.277872403463 235.224306583405 223.38463862737 207.446972529093 199.167788028717 161.350866158803 132.034003734589 106.005589167277 68.5253689686457 30.696377158165 33.8572313388189 68.0555899937948 113.071123758952 155.262331167857 180.907309055328 192.781249682109 192.441344261169 174.349347750346 167.158643404643 197.635531425476 203.729589780172 235.672513643901
233.153978983561 232.360164324443 226.317962010702 216.179509957631 203.615784645081 200.540820757548 183.162172635396 168.812652428945 154.6670794487 148.069272438685 156.053493420283 170.063535372416 176.263988018036 184.730092684428 186.803738276164 185.858368873596 193.886001904806 205.997784932454 211.470564206441 202.454626560211 204.461455345154 200.534403324127 208.148837089539 216.026107470194 217.974781990051 217.579424381256 208.846608797709 193.688829739889 173.192501068115 126.925220092138 107.096880674362 102.948327859243 78.2520125309626 27.5033563375473 21.8768989046415 45.9510385990143 70.5927113691966 98.6951887607574 122.106432914734 146.68345451355 138.383040825526 122.066458066305 143.469711144765 221.790711085002 221.440056959788 238.155166308085
222.338497638702 227.355261643728 231.630365053813 217.716256777445 204.66951529185 201.78759098053 194.606184959412 198.552489280701 193.702081839244 180.1345149676 175.929129123688 184.529821077983 187.611242135366 199.75213209788 198.617398738861 192.590455214183 194.46055094401 205.084840456645 211.687207221985 215.245207150777 217.531502246857 214.410344759623 208.6194952329 205.572406450907 206.782857577006 206.400712331136 197.500089804331 187.475959459941 159.520894289017 138.318747282028 134.137183427811 147.442658742269 144.778062899907 88.5009368260701 54.7535717487335 64.2474889755249 70.9476619958878 85.4015648365021 107.446750005086 107.568820317586 105.123947064082 108.328968286514 151.967495679855 218.398729960124 237.294872601827 249.294797579447
222.848812739054 226.964751879374 231.384992599487 221.539835135142 220.23598353068 217.988630135854 219.54886118571 220.829943815867 225.533207257589 218.432207902273 201.103508472443 207.151532173157 208.380301793416 216.201941172282 214.255293210348 202.971041202545 199.0132133166 209.581911563873 216.837286949158 229.644556840261 233.578324317932 228.312333424886 218.606452147166 210.109710693359 207.212209701538 208.120961983999 197.210669517517 194.018304347992 173.721015453339 172.035495440165 189.119080702464 214.80005979538 222.301463286082 217.58504708608 163.798391819 93.3909813563029 87.3529116312663 90.3963049252828 107.531487941742 111.509849627813 122.626672188441 158.780922492345 180.354873339335 206.285178661346 233.000119527181 239.872892697652
226.223190625509 222.958226998647 225.35494963328 222.830533981323 248.656352361043 239.100356896718 237.044254938761 231.057604153951 234.150211016337 235.564589500427 218.775888284047 212.019522984823 215.181390444438 218.136429786682 220.842758814494 215.034623940786 210.220615069071 217.656056086222 228.572050730387 234.88982518514 234.285314877828 222.862839698792 219.058314959208 219.674607117971 216.754416624705 213.469048341115 206.655025482178 206.406315167745 201.695322990417 210.011740525564 228.312849998474 241.967896620433 246.558984120687 259.50696070989 252.074559529622 162.297407786051 110.696703195572 98.4103282292684 98.4765191872915 118.888328472773 157.999306917191 223.923087120056 200.361132621765 193.680763244629 210.858384768168 218.286573886871
225.941359996796 214.847445487976 217.857480049133 228.860477606455 268.068253993988 247.203906377157 232.994635899862 224.268396695455 222.289899984996 221.579750378927 212.685227394104 204.865654309591 213.189959526062 215.936104456584 223.743955294291 225.05392630895 222.724874814351 217.615981896718 229.022701581319 228.797793388367 225.876112778982 218.111415704091 217.59021282196 223.975956439972 223.824898401896 216.112494468689 215.959509213765 211.329539616903 213.771343231201 222.805678844452 242.583930492401 257.868985335032 260.736763477325 261.013070742289 270.597298940023 233.908971150716 129.639953374863 85.2722426255544 69.7260548671087 95.3616897265116 170.153299967448 209.823588530223 188.652137915293 162.806769212087 175.394972165426 182.897806167603
221.568067868551 206.861714522044 212.582767009735 238.83976538976 267.053663730621 244.503557682037 220.158040523529 201.36566956838 189.288397630056 186.091939608256 186.152935028076 189.083238442739 204.935789108276 220.146238803864 221.963822841644 231.692691644033 229.065517584483 215.348303318024 216.262340545654 219.595352808634 216.855406761169 218.921005725861 217.589577039083 222.628951072693 226.217031478882 219.785710175832 224.391281604767 217.845777670542 213.691910107931 230.065524578094 251.289149125417 267.765800158183 264.622728029887 262.621283531189 273.220181465149 276.588400204976 222.283045450846 133.079181114833 98.0492532253265 106.292923291524 141.774813334147 160.564740498861 169.169187545776 135.811348756154 139.531870683034 152.200063069661
213.887572288513 220.892866452535 250.841557979584 296.455860137939 290.465195973714 252.349038918813 214.276452859243 182.178735733032 170.230607191722 178.17348241806 171.475032965342 170.476535956065 198.158224423726 222.377757231394 229.057212670644 233.63987604777 230.988959471385 219.888965288798 218.579789002736 220.853527386983 219.336311022441 223.958869775136 226.303656895955 225.855847199758 227.90269056956 231.303592522939 229.958732922872 228.168288866679 223.779241243998 239.512046178182 259.855469067891 271.437843640645 266.719341278076 271.293163299561 279.22385931015 283.517042795817 284.66538588206 261.707266171773 180.484433968862 135.737200578054 122.818092505137 123.212903738022 145.285338163376 133.668025334676 131.470551093419 156.883974870046
232.600251833598 265.792429447174 300.293803215027 315.267523129781 327.52247651418 291.935861110687 246.061901251475 204.514463742574 191.008369127909 202.315787474314 193.097949028015 178.232789039612 194.696247577667 213.783780733744 232.62349764506 239.110112190247 234.803795814514 230.941454569499 223.654369513194 222.563525040944 223.028063774109 228.699008623759 231.232364972432 228.756964206696 230.87199529012 239.816645781199 240.743517875671 243.962744871775 241.583863894145 250.658273696899 264.324943224589 271.724383036296 274.274190266927 281.610707441966 287.414610385895 277.137915293376 280.081689357758 298.086484273275 261.364678541819 183.400472005208 135.133107503255 125.608583291372 129.616071780523 139.713605244954 159.249653418859 190.290729204814
281.031866868337 304.21260992686 310.05847454071 305.904825528463 320.551713307699 324.220538139343 301.132480303446 266.972899436951 239.826480547587 234.88970597585 233.100930849711 211.739261945089 193.40988000234 211.295862992605 233.828802903493 238.063037395477 233.525673548381 236.863255500793 225.139419237773 223.384956518809 229.604303836823 230.388998985291 229.111154874166 228.715141614278 231.998324394226 243.738134702047 249.024967352549 253.602822621663 252.693275610606 253.822803497314 268.279830614726 276.791671911875 275.438686211904 274.95155731837 278.639853000641 267.411828041077 268.824676672618 275.534987449646 253.025472164154 207.497696081797 171.669165293376 149.015804131826 138.986219962438 142.617364724477 161.21913989385 196.498354276021
298.788070678711 304.634352525075 300.339221954346 291.715502738953 295.659164587657 310.84410349528 315.275092919668 294.82098420461 269.751926263173 258.481621742249 260.978519916534 246.407548586527 218.779921531677 220.431566238403 233.969410260518 236.950059731801 233.669956525167 233.385841051737 226.536870002747 227.719346682231 225.895524024963 227.625727653503 225.886682669322 225.486775239309 230.951329072316 240.555663903554 250.924368699392 252.704660097758 252.25841999054 258.760074774424 270.762662092845 271.910667419434 260.055979092916 253.751397132874 257.371822992961 238.428036371867 236.908276875814 228.891015052795 204.710940519969 189.205606778463 199.324568112691 182.818730672201 160.734921693802 148.791422446569 151.447912057241 174.141943454742
302.67059803009 300.926089286804 305.349250634511 295.017977555593 290.391186873118 299.082716306051 315.136810143789 316.259026527405 292.224148909251 270.342866579692 263.726353645325 258.300423622131 251.536965370178 238.405267397563 234.601934750875 236.27499739329 233.147164185842 228.579580783844 228.67488861084 233.008682727814 228.605349858602 226.924220720927 226.99119647344 227.916697661082 232.385635375977 239.274402459462 247.08092212677 245.360553264618 246.837357680003 259.577473004659 266.385753949483 260.265390078227 247.101426124573 246.861755847931 240.621527036031 223.579903443654 226.357301076253 224.834581216176 217.730800310771 214.090506235758 218.889872233073 220.965603987376 201.564351717631 184.404015541077 166.375825802485 158.393969138463
314.661065737406 313.343107700348 318.743805090586 314.468502998352 307.472348213196 308.315873146057 318.628112475077 327.154596646627 304.922481377919 277.933080991109 263.39852809906 262.64613866806 264.976739883423 248.242835203807 240.630269050598 242.33223994573 238.104005654653 229.927579561869 234.688798586527 237.344642480214 234.703461329142 230.718890825907 233.93436272939 237.832248210907 234.657764434814 238.718032836914 241.684079170227 239.893396695455 243.345856666565 259.270350138346 262.545764446259 255.536496639252 249.39368168513 250.361184279124 235.177675882975 229.055364926656 234.78360970815 238.903005917867 243.762850761414 243.30468972524 210.759699344635 209.400494893392 196.876029173533 186.301410198212 171.577215194702 150.152544180552
319.630742073059 319.489638010661 322.533071041107 321.413358052572 314.758201440175 309.97488896052 316.405336062113 327.282150586446 311.586002508799 278.221229712168 263.13042640686 262.777785460154 263.488014539083 249.569912751516 239.202916622162 245.630323886871 250.242571036021 239.10790681839 240.685979525248 243.619938691457 245.318591594696 240.378697713216 239.333172639211 241.766810417175 239.487965901693 239.221155643463 243.066171805064 246.825277805328 250.113407770793 259.527722994487 263.546824455261 258.590559164683 251.191238562266 249.902506669362 234.390079975128 237.839798132579 242.074211438497 246.002237002055 247.65153725942 240.948557853699 188.548485438029 157.999018828074 145.979146162669 139.726350704829 138.416101535161 134.928007920583
316.912591457367 320.068359375 323.131720225016 321.38204574585 316.085278987885 313.983857631683 317.23674138387 323.960185050964 318.450192610423 285.670379797618 272.047460079193 261.968890825907 256.105502446492 247.634609540304 239.591300487518 245.88930606842 255.822479724884 248.951693375905 246.041814486186 249.520262082418 249.315818150838 244.434972604116 241.259316603343 242.732087771098 243.195056915283 241.662740707397 243.829409281413 250.695625940959 254.150708516439 257.023374239604 262.112180391947 261.911352475484 254.239916801453 239.426016807556 227.71155834198 245.089689890544 253.632267316182 253.710051377614 246.67227268219 242.985129356384 184.631446997325 123.916208744049 101.405719916026 90.6188289324443 92.9343899091085 100.045094887416
299.279848734538 306.842267513275 311.520993709564 312.136212984721 313.420236110687 317.916750907898 321.010073026021 322.790880997976 320.036133130391 299.723426500956 286.909520626068 272.96104033788 258.550564448039 257.432341575623 248.559435208639 241.831024487813 252.617339293162 254.496117432912 248.075207074483 247.066299120585 247.038861115774 242.014050483704 238.257547219594 240.212877591451 243.327637513479 246.786455313365 245.032827059428 247.49877055486 252.778470516205 253.435870011648 259.139716625214 263.781448205312 250.429292519887 226.7218430837 233.43700170517 259.87575451533 263.707439104716 258.402168750763 246.382017930349 247.251987457275 229.860623677572 159.714033206304 105.264604091644 89.4631942113241 89.7397398948669 83.7224920590719
273.87930949529 278.941949208577 278.641641139984 286.851723988851 298.140684763591 308.993875980377 317.060629526774 322.028954823812 321.209589640299 308.403134346008 288.490017255147 269.723991552989 256.506323814392 254.141012827555 250.169674555461 245.441317558289 249.902486801147 249.436557292938 241.812845071157 241.313914457957 244.184811909993 246.631880601247 244.496524333954 239.358405272166 238.011340300242 239.222447077433 246.96679910024 247.699479262034 250.977635383606 250.352005163829 253.093838691711 257.240692774455 242.822527885437 228.81293296814 255.851248900096 272.518793741862 267.504811286926 260.384142398834 253.069519996643 256.48574034373 277.025163173676 262.905140717824 190.465450286865 137.545506159465 107.619792222977 83.0127646525701
