input/barkrak2/radiation/dir13024.grid
NCOLS 85 
NROWS 70 
XLLCORNER 665100 
YLLCORNER 4664600 
CELLSIZE 20 
NODATA_value -9999 
[rows 40 to 59 of 70, columns 0 to 45 of 85]
307.278792063395 307.964583237966 307.405471801758 309.369504451752 314.792891343435 318.827529748281 321.049849192301 324.63937997818 325.166702270508 314.745207627614 303.440729777018 299.444476763407 297.500232855479 294.982175032298 293.084104855855 292.16194152832 291.896859804789 290.693700313568 285.925765832265 283.931533495585 288.944621880849 292.83861319224 293.16653807958 288.588364919027 285.108149051666 282.780448595683 288.089056809743 288.644035657247 289.813359578451 288.490931193034 287.776529788971 285.116235415141 266.272068023682 265.644113222758 289.868156115214 289.985239505768 279.532214005788 276.569803555806 278.248429298401 271.890203158061 283.019920190175 315.901796023051 318.032522996267 261.64452234904 199.257055918376 160.466541846593
312.550127506256 310.102264086405 310.294508934021 310.664614041646 307.596842447917 306.07408285141 304.785033067067 306.076566378276 309.994578361511 302.32028166453 296.56728108724 296.984553337097 299.91082350413 299.17323589325 296.99182510376 295.656422773997 290.832102298737 297.137061754862 296.944578488668 291.902124881744 293.056587378184 293.165485064189 291.233003139496 292.052865028381 292.465090751648 287.53270705541 289.239128430684 290.680189927419 290.533324082692 290.804763635 290.895144144694 286.332011222839 272.280176480611 277.357359727224 289.345463116964 279.789765675863 263.971388339996 261.21312379837 266.577700773875 273.996631304423 294.977128505707 308.347225189209 312.07142273585 293.917079766591 242.720862229665 195.935050646464
314.930637677511 312.556048234304 314.761896928151 313.422938187917 308.411339918772 306.366761525472 305.45969804128 302.228291829427 302.584111690521 299.298226833344 298.123677571615 298.094709714254 300.314486026764 302.326162656148 302.382946014404 299.119849999746 297.141551971436 300.707936286926 301.708281040192 295.491536458333 292.763451735179 290.78487555186 285.435140132904 286.209205786387 289.13946946462 285.596529642741 281.991422176361 285.402814547221 287.84716129303 287.819345792135 287.523488203685 282.516439755758 277.545074621836 285.116096337636 286.846061547597 267.581820487976 250.97511212031 255.115071932475 267.749845981598 281.07871611913 290.478448073069 289.801796277364 282.099882761637 275.59506893158 249.210397402445 196.713785330454
304.145336151123 305.842200915019 312.048971652985 310.077706972758 311.026354630788 312.361836433411 312.336504459381 309.768239657084 301.578084627787 300.708651542664 302.480280399323 299.88431930542 300.653994083405 302.912930647532 302.559435367584 299.615025520325 301.086862881978 300.519307454427 301.526168982188 296.601931254069 289.776225884755 286.910275618235 283.996144930522 282.782435417175 282.585461934408 284.867922465007 279.715021451314 280.960341294607 283.940434455872 284.469087918599 280.096729596456 275.896827379862 279.378950595856 284.497300783793 274.718344211578 252.223134040833 247.092644373576 260.127325852712 277.596433957418 281.917989253998 279.727101325989 275.642812252045 267.794450124105 257.645646731059 238.172312577566 202.750345071157
303.514699141185 307.436505953471 308.867235978444 309.117575486501 310.491343339284 311.56450510025 311.975916226705 309.436579545339 305.925408999125 303.295572598775 304.791768391927 302.245994408925 300.050616264343 298.26287428538 297.167042891185 296.471059322357 291.205942630768 297.502239545186 296.439528465271 295.177559057872 290.928403536479 286.936024824778 287.066658337911 284.873763720195 281.796177228292 286.399165789286 287.95325756073 284.844279289246 285.028656323751 280.848284562429 274.757126967112 270.005325476329 272.836267948151 271.287063757579 261.981209119161 248.411099116007 251.086115837097 267.075975735982 281.070232391357 276.764333248138 276.875853538513 268.658995628357 257.511297861735 247.224430243174 235.536674658457 215.6014641126
307.704448699951 310.976882775625 308.297832806905 310.478587945302 309.461077054342 309.657136599223 310.188551743825 309.426248073578 310.707887013753 307.109793027242 306.710243225098 305.479685465495 302.383542060852 296.875437100728 295.218427975972 297.242482503255 291.341563065847 292.938907941182 296.357790629069 294.286211331685 291.205445925395 289.899249871572 286.32265329361 284.069915612539 287.883698940277 284.894049167633 289.544900258382 285.359541575114 282.453576723735 278.100967407227 272.288004557292 270.428717136383 269.702215989431 262.735108534495 249.550580978394 238.869229952494 246.345639228821 264.759103457133 271.198014418284 261.988719304403 267.159044742584 259.00145371755 248.781800270081 249.954481919607 252.269903818766 232.702394326528
307.542741298676 308.730085690816 309.893230597178 311.139543851217 310.867786407471 310.925364494324 312.288224697113 312.943041324615 310.919543107351 309.603214263916 308.170517285665 307.809929052989 303.151607513428 301.122566064199 299.750208854675 300.143202145894 298.36650689443 291.034162044525 293.711384137471 293.798247973124 290.671626726786 288.623491923014 288.637856642405 282.654186089834 288.153866926829 280.554354190826 278.854052225749 279.850761095683 280.425806840261 278.304060300191 274.467209974925 270.539184411367 266.020596027374 260.197242101034 249.923447767893 240.801930427551 247.711896896362 260.425686836243 259.819587071737 260.095735390981 264.856219291687 254.658937454224 252.703766028086 260.64932346344 265.28670390447 247.653841972351
303.212642669678 305.065910021464 309.107999006907 309.361934661865 311.620275179545 312.915960947673 311.029394467672 310.031533241272 310.224254926046 311.455408732096 309.617896874746 305.138309796651 304.280698299408 303.276578585307 300.290902455648 298.692762851715 295.170466105143 285.551448663076 291.070560614268 290.027618408203 284.570276737213 285.795370737712 286.669095357259 276.836335659027 279.318928718567 279.055913289388 274.457395076752 276.86748902003 277.918557325999 275.580922762553 275.357683499654 273.14567565918 265.111247698466 264.0780210495 262.88229227066 253.908475240072 254.327158133189 258.028626441956 260.745088259379 269.316613674164 264.621337254842 256.589353084564 260.494112968445 263.041396935781 260.78595717748 247.669498125712
298.641264438629 300.437291463216 304.646054903666 306.419471899668 310.128152370453 312.42036819458 310.253083705902 308.46107006073 311.459223429362 311.249454816182 309.097389380137 306.501825650533 302.936395009359 303.721169630686 298.994541168213 294.232646624247 290.740847587585 285.832464694977 286.406675974528 287.582715352376 287.830571333567 286.070883274078 286.231795946757 281.458894411723 279.014647006989 281.796872615814 277.977267901103 279.885550340017 283.392628033956 284.08682346344 285.398741563161 284.692406654358 275.390783945719 275.785863399506 273.059884707133 261.731505393982 261.483371257782 263.907512029012 265.508651733398 268.14216375351 258.069852987925 253.67804368337 251.340667406718 247.585773468018 245.410799980164 245.088795820872
297.068218390147 295.262714227041 298.201402028402 304.332057634989 307.575384775798 309.721032778422 310.733636220296 311.856329441071 311.812082926432 308.626174926758 310.203274091085 307.954430580139 305.556813875834 299.446066220601 298.465311527252 292.429765065511 291.44823551178 284.328103065491 286.012013753255 290.06697734197 290.271977583567 288.627902666728 287.257353464762 285.983622074127 282.265563805898 283.039093017578 282.829880714417 283.711075782776 289.872268835704 293.775677680969 296.611785888672 293.67462793986 284.571170806885 282.112638155619 276.348233222961 266.44104719162 262.661159038544 267.615675926208 268.432676792145 257.833937803904 246.0964123408 249.349117279053 247.876187165578 242.696344852448 241.048634052277 245.240966478984
297.449429829915 299.838105837504 301.270922025045 305.453975995382 305.340071519216 304.941773414612 309.553523858388 312.958598136902 311.976552009583 309.362888336182 309.270660082499 309.457262357076 302.825967470805 299.917320410411 296.822130680084 297.835151354472 290.609359741211 285.931785901388 288.123647371928 293.008108933767 293.123126029968 290.375868479411 286.744078000387 284.697691599528 280.74989716212 285.291314125061 287.330369154612 287.261585394541 292.514165242513 297.054807345072 300.491591294607 297.955890496572 289.114753405253 282.554626464844 272.205571333567 262.285669644674 261.639475822449 266.512215137482 263.168772061666 246.975362300873 242.114027341207 253.804326057434 253.573298454285 246.233840783437 242.919723192851 239.011565844218
297.282477219899 304.24706141154 304.94753519694 305.074751377106 304.333249727885 302.826126416524 306.982417901357 308.63497654597 308.58321984609 311.689953009288 306.44150575002 306.25327428182 303.196052710215 298.047741254171 294.889668623606 300.946354866028 295.032878716787 289.584259192149 284.67845916748 290.232400099436 290.607651074727 288.648704687754 286.213179429372 282.484491666158 279.860079288483 280.742903550466 283.904592196147 284.030059973399 285.198628902435 289.556821187337 295.347213745117 295.880834261576 284.515182177226 271.575133005778 239.224235216777 229.132195313772 244.755307833354 257.912794748942 259.921967983246 258.949140707652 262.771586577098 261.765042940776 244.938353697459 238.009611765544 246.878325939178 235.386808713277
297.761718432109 294.615387916565 295.007963975271 297.100444634755 301.449398199717 302.474141120911 301.252424716949 306.184728940328 303.425828615824 304.918706417084 305.877685546875 305.82990248998 305.878798166911 300.683458646138 295.73396841685 296.945095062256 297.020177046458 287.350396315257 282.603899637858 282.589534918467 281.919757525126 282.032390435537 281.542837619781 278.439561525981 278.540670871735 275.718490282695 276.50664250056 276.826977729797 276.271879673004 274.771749973297 281.473537286123 284.47167078654 265.170852343241 238.076229890188 208.181440830231 194.071372350057 207.557161649068 235.90491215388 257.404049237569 259.259124596914 260.770380496979 251.745243867238 235.053261121114 235.958854357402 241.066098213196 215.123931566874
300.462086995443 291.715264320374 288.289189338684 290.261844793956 296.969374020894 303.476810455322 301.426986853282 301.72872543335 303.579767545064 301.985522111257 304.399530092875 304.928024609884 305.151045322418 303.791423638662 297.485947608948 295.303245385488 295.732180277507 288.964529832204 284.600794315338 285.689572493235 284.564614295959 281.252761681875 279.412070910136 277.659157911936 273.925026257833 274.600068728129 273.742000261943 273.623049259186 269.647181034088 266.124983628591 259.509742259979 257.507781187693 238.845308621724 214.765131473541 202.757060527802 192.656973997752 181.366165479024 192.181130250295 211.38991912206 236.17696762085 248.262047767639 237.862865130107 232.051034768422 232.468406359355 223.352491855621 202.968676884969
300.274888674418 293.379724025726 287.09344069163 290.215114752452 296.85382048289 302.219867706299 304.783920447032 301.55869325002 304.663936297099 301.981031894684 303.197105725606 304.747581481934 304.812490940094 304.209391276042 299.545804659526 298.240224520365 297.692577044169 290.292680263519 285.169700781504 288.664619127909 288.538734118144 284.582455952962 281.783938407898 279.930273691813 278.512676556905 275.055249532064 275.342881679535 272.822002569834 269.151528676351 264.090498288472 252.29008992513 249.254028002421 230.730970700582 220.299442609151 222.776830196381 221.625288327535 207.590778668722 195.286214351654 184.958517551422 196.951627731323 219.800353050232 216.85270468394 208.584109942118 199.204087257385 195.464253425598 193.185210227966
299.62682723999 296.530683835347 291.156351566315 287.837405999502 291.871547698975 300.560514132182 302.110890547435 301.511446634928 300.888280073802 302.222351233164 306.46413564682 306.023240089417 304.19909954071 304.880877335866 300.058464209239 298.2177734375 299.916744232178 294.739186763763 289.134283860524 287.317176659902 287.831882635752 285.680333773295 285.0674589475 285.09134054184 281.015197436015 281.181116898855 273.855527242025 266.831298669179 262.534737586975 258.602599302928 256.564497947693 253.742873668671 237.967650095622 236.529727776845 241.887052853902 247.673610846202 252.415060997009 243.170619010925 225.585242112478 193.426251411438 195.183098316193 203.612426916758 201.303859551748 195.540289084117 199.986735979716 210.69339911143
301.414370536804 299.284875392914 296.652952829997 289.11038239797 288.03030649821 296.828230222066 300.769964853923 299.981753031413 296.878596146901 301.302750905355 305.936972300212 307.501792907715 303.978443145752 305.486579736074 302.820245424906 297.532757123311 300.397932529449 295.609951019287 291.088044643402 289.673745632172 288.116653760274 288.560072580973 284.869154294332 283.204615116119 281.030972798665 277.470529079437 261.527101198832 239.476362864176 238.418519496918 242.581009864807 250.537435213725 244.295557339986 237.913906574249 235.811750094096 245.679756005605 258.470753828685 272.743423779805 277.444620927175 269.095460573832 229.816158612569 200.956801573435 209.311922391256 220.535397529602 229.413866996765 237.552185853322 244.799355665843
300.858716169993 297.53977060318 298.121392726898 294.308404127757 287.767191727956 291.166365146637 298.757175604502 300.520161787669 296.330730120341 298.474351565043 304.331501324971 305.400053660075 302.837053934733 302.106857299805 304.054776827494 296.742161115011 296.382904052734 295.141736666362 291.618088881175 291.681249936422 293.44775279363 289.760907491048 285.631974538167 282.539784908295 279.336969057719 279.043634732564 263.605574766795 243.271311124166 241.782128810883 245.338181654612 254.113992055257 249.013523260752 246.141155560811 248.833775520325 260.6081366539 267.709831396739 272.48207728068 247.583627700806 225.155413150787 218.215962251027 225.779831409454 238.398770491282 234.664956728617 224.552015463511 221.831202507019 234.728376070658
292.741239070892 296.20627562205 294.381896654765 292.592803637187 289.903481801351 287.263870239258 297.837932904561 302.394111951192 297.472635904948 296.541690826416 301.503976186117 304.349621136983 303.714116414388 299.152751763662 299.089173475901 297.355810801188 292.999843756358 292.435487111409 293.205738067627 293.711463610331 293.837130069733 290.461639563243 288.687864939372 283.371289571126 282.357573509216 284.416516621908 278.270562489827 272.827625274658 270.291169484456 269.935190677643 263.269702593486 257.075150807699 259.004433949788 260.175327459971 258.076250553131 241.823931535085 219.2728916804 183.254579703013 162.779251734416 199.379583199819 238.890429337819 246.353725592295 228.810747464498 220.31040986379 226.165493329366 238.33841085434
281.518717606862 291.094342867533 292.379975318909 290.263076623281 289.399186770121 286.811550458272 292.089978853862 301.436225573222 302.563786506653 297.223051389058 300.97633600235 302.466750144958 303.812543551127 299.987475077311 298.472623030345 298.002362251282 292.590896288554 289.875070254008 286.894381046295 287.454009056091 288.689613342285 287.490804990133 284.032603104909 284.40272808075 284.790734450022 289.753655592601 293.667534987132 295.40475209554 279.935419559479 274.75102742513 266.907592614492 255.566398302714 254.476507504781 236.357053120931 207.246621449788 183.084706465403 171.327372392019 158.890267213186 149.347176154455 168.224612871806 196.266253789266 221.003353595734 229.524433612823 245.015978813171 273.574312527974 280.275762081146
