input/barkrak2/radiation/dir12324.grid
NCOLS 85 
NROWS 70 
XLLCORNER 665100 
YLLCORNER 4664600 
CELLSIZE 20 
NODATA_value -9999 
[rows 20 to 39 of 70, columns 0 to 45 of 85]
155.916581551234 145.62792579333 158.637632926305 195.346812407176 190.222541491191 155.782719453176 143.422871828079 151.978333791097 165.115565061569 183.403174082438 196.240782737732 201.415836811066 205.899556477865 212.842305501302 223.800698916117 242.226481437683 259.817401568095 272.17690149943 287.200570106506 308.66660674413 313.690503438314 303.461909294128 301.813403765361 304.033974806468 305.648744106293 307.527184486389 309.793253739675 307.953635851542 304.836908976237 303.873538970947 296.840290228526 283.622940381368 271.433293819427 264.137367407481 261.247515678406 267.143368721008 267.08730061849 269.45823431015 273.640056451162 278.355181217194 278.475066026052 278.690020243327 281.47558371226 275.009353955587 280.305663744609 284.774978955587
186.782519022624 181.027948856354 190.269986788432 222.179730733236 218.97413333257 163.371821244558 155.837794144948 162.031948566437 170.704325040181 180.549681186676 191.019535064697 197.194397449493 200.902879238129 200.997253259023 213.377932707469 227.804025014242 245.292802651723 260.192195574443 274.366597334544 291.735271612803 305.438200632731 317.259848117828 319.975733757019 318.587362766266 312.936723232269 305.949807167053 300.865054130554 293.568034966787 295.725623766581 287.506540616353 271.777908007304 240.788122018178 217.535595099131 211.570620536804 217.894196510315 238.35160334905 246.75577878952 263.14922173818 273.443738619487 274.542113145192 272.542218367259 270.605246225993 264.430244763692 248.537480831146 269.907434781392 280.511796474457
231.414933999379 234.997848669688 232.319951057434 240.827639897664 240.518530209859 194.737116495768 179.271499315898 169.568578402201 166.699846585592 175.961156686147 189.160366853078 198.087116082509 206.299106280009 209.222197532654 216.109931468964 226.002434889475 238.151252269745 252.861380577087 264.05143737793 272.233804066976 280.595262845357 291.530887285868 298.21374018987 301.567018032074 292.586545149485 282.795548439026 270.453294118245 252.663572629293 247.96203772227 235.812485218048 209.136168162028 161.170025666555 138.510326544444 148.962497711182 177.063902219137 203.490436077118 223.396897315979 244.855920473735 258.796075979869 261.603017648061 265.401403109233 266.547302405039 242.52837896347 218.172311782837 249.776045481364 277.441918849945
258.644759654999 257.310966650645 245.171626408895 246.418237686157 245.489796002706 231.159488360087 203.860799471537 177.193621794383 163.251986106237 167.790770530701 187.687834103902 200.725118319194 212.309777736664 222.97328710556 223.916570345561 227.927267551422 237.266798814138 250.733137130737 255.809624989827 247.994979222616 241.1736647288 239.374399185181 251.649936040243 262.029647827148 268.830398718516 270.352959632874 254.953920841217 242.612620194753 218.530456225077 182.413677374522 153.744677702586 128.086964289347 91.6592180728912 71.0447331269582 82.7190726995468 118.896543979645 163.803627093633 197.868267695109 216.043949127197 227.158149083455 226.661086082458 212.180177370707 198.895355065664 231.85137907664 235.427876313527 266.437709331512
252.229074637095 252.483387788137 252.02880303065 249.023020267487 238.213102022807 231.158097585042 208.872973918915 190.952360630035 177.080829938253 171.676059563955 183.419128259023 197.074890136719 210.817456245422 219.682455062866 225.018580754598 226.270079612732 227.164308230082 238.500575224559 242.441952228546 234.396457672119 233.742256959279 227.0414630572 235.434075196584 242.153445879618 249.141454696655 248.705863952637 242.958009243011 228.292147318522 196.993947029114 148.66574605306 127.989222606023 124.242136875788 100.983500480652 55.5191437403361 48.2290287812551 69.7843730449677 109.491328398387 144.274204969406 173.674046993256 190.465609232585 178.569277127584 157.579849163691 178.983787695567 255.640586217244 251.204212506612 269.014080365499
243.126412232717 247.924089431763 254.974007606506 248.359163602193 238.801240921021 232.627630233765 219.615856806437 219.562749067942 212.734778722127 198.425749937693 195.515910784403 213.655054569244 221.313337484996 232.956926027934 231.641054153442 221.185008684794 221.058328946431 233.238915602366 241.47625764211 244.901339213053 246.386130650838 239.070157210032 234.520157178243 234.039882818858 235.743423302968 235.989332199097 229.107797145844 221.485714117686 183.724363644918 158.200959364573 154.961168766022 169.598122437795 169.183333714803 121.913651625315 87.9086355368296 88.971753915151 98.5765556494395 118.93371740977 148.686091105143 161.619315544764 150.494943062464 143.883675336838 188.400129477183 248.05223941803 268.632352352142 280.770838260651
244.121690591176 247.662087281545 253.358523050944 249.790807565053 253.313581148783 246.37363354365 241.493165493011 238.228897253672 240.705966949463 234.016299247742 219.484984874725 234.331548213959 238.236924012502 242.964605490367 241.727073987325 229.453523953756 227.487683296204 235.654791196187 242.878913879395 254.861434300741 259.877999623617 254.538079102834 243.837436040243 238.003094991048 238.221208254496 237.08579937617 230.104088783264 223.414083321889 193.758964538574 190.884550412496 209.773063659668 234.912594159444 241.347273190816 242.306212584178 200.825750827789 123.327096303304 114.783724149068 120.684812466304 142.491976420085 152.454187472661 165.272335211436 194.922904173533 208.613057931264 230.749468008677 255.740205446879 269.727110862732
247.946302096049 244.6315685908 247.174342473348 249.340256055196 279.35653924942 263.570447762807 254.684090614319 244.772732257843 246.687153975169 250.603715578715 239.208281040192 239.373703797658 242.486377557119 244.763096173604 245.907326539358 242.904702822367 238.381425539652 243.383387724559 255.702912807465 257.99967845281 257.368505001068 248.631556828817 244.935870170593 245.845357577006 244.544704755147 243.982414404551 238.290150960286 234.541475772858 225.173433621724 225.405196348826 245.958805084229 260.125736395518 262.45371500651 275.88681379954 279.891928037008 198.798457781474 141.266057888667 126.951297124227 133.554796377818 155.987689892451 199.309945106506 256.357947985331 225.143829981486 218.336304028829 235.768735408783 248.726944128672
246.540009975433 236.315925916036 239.893198013306 255.582273006439 296.00312312444 269.803583621979 248.716731866201 238.350689411163 240.065276622772 245.060205459595 238.049785296122 232.491572697957 238.445202509562 244.245787461599 249.370276927948 250.745475292206 246.996541817983 241.043965021769 252.750078837077 254.671851793925 251.824200153351 246.207257111867 245.670656363169 250.112116336823 251.746197541555 243.655105431875 244.451026121775 238.904436429342 235.745012760162 236.526449521383 257.429798444112 273.882746696472 275.023420651754 274.85454082489 288.707375526428 266.47828022639 167.954385280609 115.15795191129 103.854755560557 133.740663528442 207.876900831858 240.16934633255 214.29185072581 184.085170427958 204.794764518738 216.803729534149
240.886946519216 228.423953056335 235.272983709971 265.806376934052 294.157882531484 266.684174537659 237.820108731588 219.176967938741 211.268643538157 213.586131731669 213.893036047618 216.739316781362 234.269658724467 245.057781537374 247.428814570109 253.706594308217 254.243274529775 241.478284200033 244.48432524999 246.315161387126 246.831317742666 247.257828712463 249.069650967916 253.557046254476 254.849175612132 248.314162095388 251.637121041616 244.091431299845 237.980842590332 244.659682114919 264.886379241943 282.109200954437 278.123418490092 275.808374087016 285.945991675059 295.120120048523 255.109270413717 172.063807646434 129.102468490601 138.895690441132 176.863630612691 191.448827584585 196.163177490234 163.73406847318 171.281973520915 194.027006626129
231.96929693222 240.127921104431 270.165383815765 316.152453422546 312.512814998627 272.686858971914 234.540363152822 203.188538551331 194.026788075765 203.307747840881 200.525224208832 193.926850954692 224.496424198151 245.082020759583 252.309103806814 260.442852973938 259.884556134542 249.869704246521 248.652438322703 250.664472579956 247.853716214498 252.311805884043 254.292488098145 255.221843719482 257.661004861196 258.321026961009 258.700132369995 255.166292190552 246.897339820862 256.09823067983 272.498230139414 284.591197967529 280.540684858958 283.388356367747 289.836307366689 293.579538663228 302.469571431478 292.021334171295 216.612537701925 169.513245423635 155.816952387492 150.304973125458 168.242712815603 163.056820631027 161.507497231166 190.24380048116
250.795026620229 281.486948331197 310.520013173421 321.895718574524 339.829603830973 310.755093892415 268.667181332906 227.921525637309 213.650465011597 228.251318136851 219.730774561564 200.966795285543 215.347747008006 240.686992804209 259.192784627279 262.001931667328 261.774679025014 260.858436425527 253.990530967712 250.694851080577 252.930680910746 257.154663403829 257.643560568492 254.891792933146 257.732331752777 265.066107114156 266.297360261281 268.225232760112 264.125406742096 268.86260509491 278.138041496277 283.984402815501 286.269088586171 292.615612347921 297.271450360616 286.07714176178 291.298906008403 316.348552703857 291.36860370636 219.164470831553 167.91041692098 152.166893084844 154.64120109876 165.098448594411 187.183539072673 215.290228525798
293.212294578552 311.206082503001 311.409413814545 305.813729763031 321.826338768005 332.222024599711 316.664059956868 283.937076727549 259.527385234833 257.331411043803 256.615340709686 232.026656468709 221.309542655945 241.91415309906 264.131943384806 266.119261582692 262.651185194651 264.603932698568 251.992523670197 248.887399832408 255.271315574646 257.173518339793 257.585028807322 255.101402600606 257.693489392598 267.646630605062 273.636778195699 278.163472811381 273.241619269053 273.63109588623 284.286300341288 290.733059247335 287.914752960205 288.282116254171 292.783796787262 281.464457511902 282.154401143392 293.504655361176 280.17129500707 241.79611603419 206.829329331716 176.49761835734 160.900006691615 164.88387187322 187.424838542938 222.95618057251
301.327963670095 302.05895503362 297.193249066671 287.345985571543 289.662937323252 307.003021240234 317.921678225199 305.300613244375 285.554051399231 280.784646670024 280.684888362885 263.663490613302 245.710810025533 249.370217323303 263.523538907369 265.75756072998 259.129583835602 260.904431343079 252.646823724111 256.581962108612 253.261129061381 254.870692888896 253.777543703715 251.318415006002 257.272640864054 265.584150950114 274.47768052419 276.610533396403 274.507741133372 277.72855758667 287.759145100911 287.484526634216 276.193936665853 271.478056907654 275.158842404683 257.954319318136 255.887687206268 250.751952330271 232.387522856394 223.812659581502 232.898116111755 208.11386903127 185.65575281779 171.333769957225 174.860894680023 198.289354642232
301.232695579529 295.865595340729 301.268259684245 289.606312910716 283.232649167379 293.057004610697 313.317616780599 324.390947818756 307.460784912109 290.8749183019 282.995899518331 278.929769992828 275.702257951101 266.581177711487 263.327181339264 264.120042324066 262.032210826874 258.993585904439 255.023082097371 258.193155129751 254.574100176493 253.868917624156 253.432869911194 254.215896129608 256.593585014343 262.705624103546 270.345369974772 268.155038356781 268.91549428304 278.555989265442 284.586707750956 277.969479560852 263.336936632792 264.910995960236 261.284629503886 243.575731913249 245.695412158966 244.721452395121 242.396553357442 247.137665748596 248.079717159271 244.131445884705 223.2253352801 206.842203934987 191.047708193461 183.586994806925
316.099643707275 313.328226407369 320.303956667582 316.047410170237 307.617823282878 309.732377529144 322.397589683533 336.488485336304 320.803920427958 295.072774092356 282.161990801493 284.315427144368 287.743210792542 276.076098283132 269.379357496897 270.097315311432 266.864041487376 258.56618086497 261.530518531799 263.600210348765 259.957810242971 255.394955476125 258.287529150645 261.821150779724 257.48618443807 261.933366457621 263.317147890727 261.336505413055 264.833013216654 278.170863787333 281.321843465169 273.841122786204 265.369991461436 266.245047251383 254.07616297404 248.213768005371 253.772695859273 256.669620672862 263.972481091817 273.588379224141 238.741238911947 232.868572076162 221.841295560201 212.796231110891 197.008490562439 177.201688289642
328.558723131816 327.514847119649 330.488681793213 330.679893493652 322.841862837474 317.570527394613 323.275824387868 335.853497187297 324.443300565084 295.64247528712 282.838821411133 283.590535322825 289.031128088633 275.318880875905 267.439007759094 273.563285668691 275.996168454488 265.67002137502 267.710169156392 269.494334856669 268.943210442861 263.678272565206 262.917002042135 264.894922574361 262.816687424978 261.726895968119 264.553626378377 268.334706624349 271.134495735168 279.564698537191 282.958070437113 277.336398760478 267.785449822744 264.575918515523 251.603960990906 255.649288495382 260.659595330556 262.922465801239 265.342891216278 268.433153629303 220.470825831095 185.0825548172 171.976606051127 166.927774747213 167.466600735982 165.014346440633
331.386665503184 332.695364952087 333.257794380188 332.375168800354 326.656023661296 322.187383969625 323.034604390462 329.670548439026 329.720973968506 302.335997422536 291.311383247375 287.08670536677 282.60749578476 275.737484296163 267.699937025706 270.44810851415 281.223654747009 274.321138858795 270.66437403361 274.992366631826 275.166134039561 269.884486993154 267.012119293213 268.350382645925 267.772475878398 266.036788622538 267.854789892832 273.1906970342 275.581141312917 276.857157548269 281.446814537048 278.347750504812 270.46134074529 255.261540412903 244.765400886536 261.583268642426 270.466486612956 269.908646742503 262.03594605128 264.807343482971 219.616373380025 153.49942445755 128.367175658544 118.048101663589 121.437569459279 131.634185711543
321.564873059591 327.329953511556 330.263872941335 329.491813977559 328.368763128916 329.209129015605 328.737199306488 328.42218875885 328.372100989024 314.660827318827 307.388782501221 297.660946846008 284.063855806987 280.699511369069 274.649898211161 269.64807510376 279.418587684631 280.241449673971 274.414797623952 273.533622423808 273.325026035309 270.168840885162 267.98544327418 268.311778704325 271.070897579193 273.089508215586 270.924150943756 274.339079856873 276.980876922607 277.913729349772 279.307246208191 280.015110969543 266.474843025208 243.11359723409 250.509699185689 275.282959143321 279.167771339417 273.504634698232 259.85465447108 262.305816014608 258.655726909637 195.382912953695 137.666573127111 115.571796894073 114.32691415151 116.06901884079
301.372369130452 306.051294008891 305.307745933533 312.031904856364 320.733288923899 328.728139400482 333.964308102926 336.216886838277 334.08518632253 325.695713361104 311.954081058502 293.017903963725 283.426602681478 282.677074273427 279.023746649424 273.827433586121 277.899205684662 277.795890967051 272.242963314056 271.68341477712 273.908813794454 275.799969832102 274.209876855214 269.372781117757 267.818828423818 270.029127597809 274.012565612793 274.962941805522 277.395606040955 276.488622029622 276.223719120026 277.558585007985 259.385327498118 244.712134202321 270.268698533376 286.536117394765 281.145791212718 275.662382443746 265.65154393514 266.173203786214 292.194565137227 291.792333126068 224.765121936798 171.864330768585 138.719062010447 115.358173847198
