input/barkrak2/radiation/dir18624.grid
NCOLS 85 
NROWS 70 
XLLCORNER 665100 
YLLCORNER 4664600 
CELLSIZE 20 
NODATA_value -9999 
[rows 40 to 59 of 70, columns 0 to 45 of 85]
339.637517929077 340.32928943634 340.291261672974 341.929952303569 346.010287602742 348.652799924215 350.723544756571 353.006601333618 353.092233339945 347.140868504842 339.81994787852 335.763971010844 334.159294764201 331.339617570241 328.799923261007 327.978034814199 326.97582244873 323.687434196472 320.968111356099 317.68137216568 319.863835970561 320.83914677302 320.880095163981 315.630912780762 314.799984296163 309.948444366455 314.953863620758 315.671185652415 317.506988843282 315.491100152334 314.961810906728 310.300389925639 285.640180110931 280.820945898692 301.67297522227 301.893492539724 293.111443519592 293.215175469716 293.025116125743 281.619032224019 290.199716885885 329.529444376628 348.418156305949 304.585297902425 245.48876285553 201.521555582682
344.321648279826 342.724919319153 342.873652776082 343.005657196045 341.202934583028 339.925607045492 339.754223823547 340.866367022196 343.899528185527 339.054346084595 333.777030309041 334.092696507772 334.264198939006 334.510207176208 332.713981469472 330.372909704844 326.244195302327 330.020586649577 327.60747273763 322.843770186106 323.366522789001 323.419372240702 321.395556131999 321.641008059184 320.945044358571 318.504591782888 318.931678930918 319.105883439382 318.617443243663 318.209966023763 316.726307074229 311.288873354594 293.041447798411 292.189915974935 302.872061729431 294.374823570251 280.037601788839 280.458390712738 287.88826862971 292.585174242655 306.457956631978 318.938473860423 331.97695016861 330.365816752116 286.889990170797 238.459328810374
345.673004786174 344.26216284434 345.980882644653 345.032453536987 341.600815455119 339.844107627869 339.646100997925 338.890433311462 338.52231502533 335.768381754557 334.089040756226 333.171784877777 334.636131922404 337.047537167867 335.941831270854 333.217620849609 328.949232896169 331.194877624512 331.492841243744 325.936436653137 325.233141581217 323.487818241119 320.377230644226 320.505241552989 322.457949320475 319.040397802989 315.76947371165 317.030390103658 317.931969960531 317.676067352295 315.210123856862 308.467229207357 299.682557582855 301.034450531006 300.740122795105 283.604721228282 268.734355767568 274.645527203878 289.696017901103 302.012880643209 310.078660647074 308.137675126394 304.276784261068 308.834513028463 293.741484483083 244.03703212738
337.949156761169 339.681585629781 344.239751497904 342.652956644694 343.436201413472 344.94690100352 344.958504041036 343.496878941854 337.62526512146 336.162408192952 337.417483329773 334.551453590393 333.953857421875 336.591164271037 334.864576657613 332.293669382731 331.907073656718 332.217951615651 333.064655462901 328.804274400075 324.408272902171 323.389311631521 320.739964644114 319.655895233154 320.595900217692 321.853041648865 315.533995628357 315.960884094238 317.052682240804 315.189301967621 312.223434448242 304.846227169037 304.152548313141 304.884334405263 291.66587193807 269.191861152649 264.552156130473 278.550048669179 297.987739245097 302.949170271556 302.789012591044 298.697888851166 290.73441028595 288.537402947744 281.794289747874 251.023431619008
337.790568669637 341.326475143433 342.693964640299 342.488288879395 343.514521916707 344.610532124837 344.548145929972 342.197815577189 339.847167332967 338.179508845011 338.448286056519 336.356401443481 333.463271458944 331.854979197184 330.786863962809 329.899668693542 327.97501484553 331.4009308815 331.552724043528 330.599248409271 327.057580153147 324.73224401474 323.351124922435 321.209589640299 318.347195784251 323.036094506582 322.054823239644 319.086968898773 315.406123797099 312.533338864644 305.988053480784 301.147262255351 300.905426343282 295.720994472504 283.183217048645 266.97838306427 268.36770772934 284.359256426493 299.6626496315 297.788619995117 299.439390500387 291.823963324229 279.387474060059 274.258236090342 274.228990077972 262.867152690887
341.589530309041 343.89583269755 342.256546020508 343.537012736003 342.269857724508 342.452565828959 342.721740404765 342.250466346741 342.737913131714 340.109268824259 339.875380198161 338.779091835022 335.363348325094 331.806123256683 331.520080566406 332.872192064921 328.055441379547 330.576320489248 332.925279935201 331.156154473623 328.527768452962 327.127814292908 325.653672218323 323.692440986633 323.341310024261 320.345143477122 323.426763216654 319.144606590271 315.825204054515 312.425454457601 306.300739447276 301.782568295797 299.539029598236 289.682964483897 275.790373484294 261.200865109762 266.622026761373 284.1477394104 291.635612646739 285.474340120951 290.668865044912 282.697876294454 271.027445793152 273.580451806386 283.517420291901 274.35306708018
342.152794202169 342.360019683838 343.478719393412 344.081322352091 343.258460362752 342.889348665873 343.848943710327 344.136873881022 342.833836873372 341.905395189921 340.737462043762 340.49133459727 337.70489692688 336.199680964152 334.990421930949 337.408502896627 334.855159123739 330.442845821381 333.515246709188 332.011004288991 329.397737979889 327.339291572571 325.917681058248 320.87383667628 324.845592180888 320.239265759786 319.915235042572 317.738970120748 315.720657507579 312.457501888275 307.505448659261 303.946375846863 297.841131687164 286.554217338562 273.945212364197 262.847344080607 270.357668399811 283.247669537862 281.417806943258 283.119360605876 289.766112963359 278.718252976735 274.606227874756 281.66929880778 290.399670600891 281.671365102132
338.986198107402 339.787483215332 342.623432477315 342.39395459493 343.799551328023 344.348430633545 343.569755554199 342.529773712158 342.0782883962 343.870560328166 341.784437497457 340.132514635722 338.519016901652 338.737408320109 337.685664494832 336.373130480448 334.904114405314 327.55438486735 331.578473250071 330.31157652537 327.381352583567 325.083633263906 327.426314353943 319.823940594991 319.492280483246 318.728605906169 312.642375628154 313.703914483388 315.070569515228 310.071885585785 306.930383046468 304.40620581309 295.678019523621 291.637043158213 285.151859124502 272.640744845072 275.0550309817 282.020370165507 283.946474393209 290.709853172302 287.86430756251 280.696709950765 282.667756080627 283.613840738932 283.088743686676 274.480720361074
335.160215695699 336.457490921021 339.497327804565 340.485533078512 343.555490175883 343.804876009623 342.16566880544 341.470956802368 343.182881673177 344.449957211812 343.590339024862 341.04597568512 340.499043464661 340.070923169454 337.743043899536 335.339307785034 332.765618960063 327.767968177795 329.545617103577 329.848647117615 329.868415991465 327.033956845601 325.253864129384 321.452677249908 319.268067677816 320.723275343577 315.396308898926 316.357135772705 316.232999165853 315.319538116455 314.756234486898 310.355285803477 301.84264977773 301.389853159587 294.669687747955 277.808606624603 278.129518032074 285.757740338643 289.672791957855 289.971768856049 280.939797560374 278.217732906342 277.13406085968 271.978815396627 269.45549249649 269.031882286072
333.916147549947 332.541942596436 334.669748942057 338.460326194763 341.347336769104 342.59303410848 343.001921971639 344.552556673686 345.511595408122 343.371828397115 344.354629516602 344.564080238342 342.333714167277 340.202768643697 338.41069539388 333.922704060872 333.276867866516 328.156153361003 329.342464605967 331.897457440694 330.224474271138 327.101767063141 326.073110103607 324.926316738129 319.775362809499 319.615105787913 319.084167480469 317.32044617335 317.647397518158 319.550136725108 319.88259156545 316.505908966064 308.520952860514 307.252625624339 298.74849319458 282.876749833425 276.88455581665 284.644186496735 290.379583835602 280.735711256663 269.53915754954 272.868057092031 272.940258185069 267.442961533864 266.944468021393 270.07516225179
334.098776181539 336.073954900106 337.084054946899 340.842247009277 340.505679448446 340.574860572815 343.718608220418 346.104224522909 346.135377883911 346.230943997701 345.53058942159 344.729860623678 342.307289441427 340.399742126465 338.402946790059 339.153409004211 334.099650382996 331.102907657623 329.236308733622 330.869674682617 330.682059129079 328.404068946838 325.480401515961 321.60605986913 316.165169080098 317.195534706116 318.297863006592 317.77826944987 319.473842779795 321.880380312602 322.616358598073 317.024072011312 308.592259883881 306.19869629542 295.81493139267 282.358288764954 277.978936831156 282.179296016693 281.619230906169 269.331336021423 266.452590624491 277.21099058787 275.736689567566 268.913586934408 267.591893672943 263.637920220693
334.904750188192 340.107758839925 340.562264124552 342.02516078949 340.322057406108 340.013345082601 343.885779380798 345.621506373088 345.615744590759 347.127278645833 345.388849576314 345.144748687744 343.382914861043 339.187026023865 338.762203852336 340.060591697693 337.16615041097 330.447157224019 326.472640037537 326.984564463298 328.779578208923 325.234989325206 321.0635582606 315.63675403595 313.20720911026 313.513120015462 315.648396809896 312.993943691254 313.453237215678 316.116551558177 319.26969687144 314.00203704834 302.927752335866 293.60701640447 269.759714603424 257.704536120097 268.004775047302 276.434540748596 275.182624657949 274.958074092865 282.239238421122 284.549295902252 270.044684410095 261.604328950246 269.556621710459 257.927159468333
335.230747858683 334.603071212769 333.972493807475 336.148619651794 338.980754216512 341.679414113363 342.029333114624 344.168066978455 344.154000282288 345.60227394104 344.998041788737 344.077507654826 344.070871671041 340.9610191981 338.086207707723 334.350188573201 335.726737976074 326.789697011312 320.962846279144 318.888147672017 320.047159989675 317.864199479421 317.126492659251 312.523722648621 309.840083122253 307.258705298106 307.586093743642 307.474871476491 306.625207265218 304.479857285817 307.567238807678 308.879574139913 285.945574442546 262.290239334106 236.449917157491 226.141413052877 239.750246206919 264.215270678202 279.30494149526 275.359034538269 275.947511196136 270.907123883565 258.222619692485 261.359731356303 265.394330024719 242.42768685023
338.021357854207 332.237462202708 329.727749029795 333.215037981669 339.994390805562 343.584259351095 343.299706776937 343.265255292257 343.713959058126 341.967821121216 343.306064605713 343.637625376383 342.443863550822 341.820160547892 336.371382077535 334.538141886393 333.087801933289 324.259221553802 318.506141503652 321.345706780752 318.116307258606 317.219197750092 313.323934872945 311.926106611888 308.07093779246 306.414008140564 305.356880029043 304.933865865072 303.314944108327 300.103604793549 291.914979616801 285.343686739604 263.064523537954 237.248619397481 227.968017260234 224.354783693949 217.506329218547 227.324903011322 243.091921011607 262.453118960063 268.152813116709 258.439799149831 254.04155254364 257.319768269857 248.763422171275 228.27955087026
338.38947614034 335.160732269287 333.043456077576 334.702094395955 340.526103973389 344.114303588867 343.932350476583 341.477632522583 343.647956848145 341.942429542542 341.635783513387 342.627088228862 339.955886205037 340.739528338114 334.710359573364 333.502332369487 331.099629402161 325.016935666402 320.626517136892 321.513593196869 321.226239204407 317.820489406586 315.254588921865 313.274761041005 309.804340203603 308.660308519999 306.621869405111 304.335912068685 301.106015841166 296.520233154297 287.285129229228 277.172982692719 254.546105861664 240.689814090729 244.409481684367 247.648338476817 240.351557731628 231.383760770162 221.39177719752 230.84024588267 246.231516202291 238.948941230774 232.459088166555 226.205925146739 221.981644630432 218.636035919189
340.660015741984 339.281400044759 336.211800575256 333.106954892476 336.307446161906 342.389225959778 343.102693557739 341.448068618774 340.148369471232 342.380166053772 342.815279960632 342.284440994263 339.313904444377 338.424642880758 333.075106143951 331.383645534515 332.709987958272 328.377882639567 323.70932896932 322.221755981445 320.737620194753 318.658391634623 317.674517631531 317.164520422618 313.659230868022 311.60185734431 307.46857325236 301.44727230072 293.553312619527 289.792497952779 287.478764851888 282.291948795319 261.966824531555 254.967312018077 258.932173252106 266.290863355001 277.042031288147 273.162106672923 256.696184476217 227.163215478261 226.036210854848 227.494557698568 224.818865458171 222.702960173289 228.260676066081 234.463890393575
342.061400413513 341.159423192342 340.003371238708 335.333307584127 333.563049634298 338.921308517456 341.193358103434 340.471029281616 338.722189267476 339.391589164734 342.38334496816 340.527017911275 337.780316670736 337.351163228353 335.01140276591 330.893794695536 331.255753835042 327.102283636729 325.343867142995 324.092109998067 322.601735591888 320.732235908508 317.341685295105 313.415328661601 313.814759254456 308.507800102234 297.272404034932 279.071450233459 272.725164890289 277.559955914815 285.45469045639 280.656655629476 263.368765513102 256.399234135946 263.315955797831 273.553530375163 289.478818575541 298.012574513753 288.581569989522 257.821460564931 231.547156969706 234.432975451152 241.934974988302 252.655069033305 262.784779071808 266.145606835683
341.4679368337 339.912414550781 340.34530321757 338.152011235555 332.308669885 336.165229479472 339.977383613586 338.642597198486 335.828860600789 332.23428328832 338.236689567566 338.778257369995 335.487723350525 334.610144297282 335.94803015391 330.401579538981 329.795479774475 326.898515224457 323.709865411123 323.494553565979 322.748462359111 321.138123671214 317.670881748199 313.101987044017 312.172889709473 311.468760172526 297.384262084961 280.060549577077 279.461264610291 284.090300401052 290.447016557058 282.283663749695 271.001617113749 270.68555355072 282.715201377869 285.736044247945 291.590412457784 278.442859649658 248.24712673823 240.295132001241 251.267790794373 260.977784792582 255.868017673492 249.278903007507 251.013159751892 261.907855669657
334.673404693604 338.358918825785 338.003873825073 337.099989255269 333.92866452535 329.117933909098 337.002555529277 337.482094764709 333.548943201701 330.408195654551 334.543863932292 336.541215578715 336.110512415568 332.480331261953 332.124650478363 329.116622606913 325.406809647878 326.434036095937 322.621941566467 324.86617565155 324.576735496521 321.72159353892 320.083141326904 315.647602081299 314.557333787282 315.307875474294 308.264990647634 306.959350903829 303.336362044017 299.706021944682 295.083204905192 285.178343454997 281.859974066416 279.205163319906 276.904324690501 262.955725193024 244.68727906545 209.822634855906 192.509134610494 229.40198580424 265.795032183329 267.11905002594 246.572852134705 241.495172182719 253.796180089315 267.784714698792
327.572862307231 336.296319961548 336.620887120565 332.910696665446 332.242389520009 328.773558139801 329.744656880697 335.363705952962 337.069988250732 332.234859466553 334.169785181681 335.2210521698 334.637840588888 333.121418952942 331.688284873962 329.641719659169 325.089971224467 322.219630082448 319.430033365885 317.943354447683 318.72949997584 319.65434551239 318.423211574554 316.514273484548 316.421826680501 319.249828656514 319.731930891673 322.28034734726 307.034552097321 304.896672566732 297.390977541606 283.743957678477 282.071232795715 263.72241973877 236.654102802277 204.824189345042 192.812124888102 185.189068317413 180.852611859639 205.333749453227 232.360502084096 250.06510814031 248.389462629954 260.841210683187 291.41769806544 301.099936167399
