input/barkrak2/radiation/dir13624.grid
NCOLS 85 
NROWS 70 
XLLCORNER 665100 
YLLCORNER 4664600 
CELLSIZE 20 
NODATA_value -9999 
[rows 0 to 19 of 70, columns 0 to 45 of 85]
335.299650828043980 340.396324793498 342.769384384155 342.664281527201 339.041233062744 334.293643633525 326.484004656474 320.512811342875 324.596047401428 324.063618977865 321.398218472799 327.77605454127 332.062522570292 332.068244616191 334.65568224589 339.592178662618 336.050788561503 328.938206036886 324.286818504333 312.176485856374 293.293277422587 291.781425476074 310.596843560537 317.979335784912 315.870861212413 315.945347150167 313.836932182312 304.173688093821 285.366853078206 279.46134408315 277.518272399902 285.25443871816 300.214171409607 305.115799109141 309.906264146169 301.527122656504 299.984773000081 309.956351915995 304.753681023916 306.419750054677 297.761638959249 282.238642374674 291.592717170715 310.551901658376 316.118200620015 308.970888455709
325.843294461568 329.263210296631 332.041839758555 333.763877550761 336.128791173299 334.744175275167 327.346801757812 318.63788763682 322.444160779317 324.037333329519 318.9377784729 324.029386043549 330.394208431244 331.527551015218 331.326762835185 333.795348803202 332.391897837321 330.226361751556 329.197625319163 319.207668304443 306.874692440033 303.090890248617 310.882091522217 316.263933976491 316.164433956146 313.920597235362 311.545113722483 303.515752156576 288.85281085968 279.94175752004 281.033456325531 293.729881445567 296.718219916026 297.566771507263 309.113144874573 300.465802351634 296.120007832845 297.843257586161 293.444732824961 305.623650550842 303.570946057638 293.381373087565 299.275398254395 315.300623575846 321.132818857829 312.603672345479
292.328457037608 299.675842126211 304.412166277568 310.081422328949 319.982588291168 325.013041496277 327.897707621257 328.080296516418 327.379643917084 324.251492818197 317.016919453939 318.1258837382 326.605896155039 329.307456811269 325.758576393127 328.857521216075 332.936664422353 334.567666053772 332.721134026845 328.250785668691 325.493713219961 319.701830546061 314.194639523824 313.571612040202 315.992891788483 315.883636474609 310.07969379425 302.245577176412 291.391650835673 280.377765496572 280.188620090485 295.300841331482 285.740852355957 292.433838049571 305.499295393626 299.720565478007 287.165443102519 281.326671441396 290.825267632802 306.204696496328 306.592583656311 306.202828884125 306.361357371012 317.991852760315 328.059732913971 318.534890810649
277.700304985046 273.557146390279 277.529497941335 283.754150072734 291.317145029704 296.182751655579 300.191044807434 309.731702009837 320.591807365417 326.761980851491 326.047897338867 326.715270678202 329.424480597178 330.028017361959 327.138841152191 322.877665360769 325.354516506195 327.798942724864 330.602387587229 330.17228047053 327.741901079814 325.245062510173 325.483282407125 321.523229281108 319.4793065389 320.959945519765 316.235482692719 307.678699493408 300.063133239746 292.08368062973 284.01788075765 295.26827732722 286.458293596904 292.211373647054 297.900080680847 298.791348934174 293.808837731679 291.021227836609 305.345177650452 315.536777178446 310.997108618418 304.148256778717 299.960176150004 309.101700782776 320.326209068298 320.876439412435
290.305574735006 275.320053100586 265.38081963857 259.285132090251 262.542883555094 276.773234208425 292.951206366221 300.601800282796 307.645897070567 312.320510546366 322.475870450338 331.164459387461 335.028290748596 335.838675498962 334.602395693461 332.84866809845 330.141643683116 324.377477169037 325.559576352437 329.492449760437 328.160723050435 327.230135599772 331.600069999695 327.302138010661 323.973933855693 324.044227600098 319.199085235596 311.775108178457 304.142673810323 299.199859301249 299.269994099935 302.217642466227 296.537458896637 298.34520816803 295.96879084905 298.878252506256 307.786107063293 311.761657396952 318.157235781352 321.373204390208 319.462299346924 312.541703383128 306.489904721578 303.927739461263 309.367914994558 323.807199796041
321.122487386068 303.678393363953 283.24015935262 264.070868492126 256.595293680827 264.949162801107 286.419749259949 299.263676007589 301.941613356272 302.171488602956 308.559775352478 317.392826080322 323.116938273112 326.73845688502 329.518953959147 331.540743509928 328.746676445007 322.874506314596 323.024272918701 326.836148897807 326.746205488841 330.043832461039 335.712512334188 332.683920860291 329.086502393087 328.712503115336 323.212782541911 315.910776456197 306.636611620585 301.07186237971 303.317030270894 303.17884683609 307.64897664388 312.207420667013 306.337952613831 303.577641646067 310.460944970449 316.415747006734 318.093736966451 318.418224652608 318.774024645487 315.290868282318 313.373764355977 312.777618567149 310.178498427073 310.527443885803
333.044409751892 320.729951063792 307.771901289622 292.496422926585 275.646328926086 264.636476834615 271.418988704681 293.994545936584 303.754130999247 309.4256122907 307.518164316813 303.824365139008 300.804674625397 297.234813372294 298.965493837992 309.556047121684 316.448469956716 324.246923128764 329.396466414134 331.85621102651 329.088429609935 326.1479139328 332.174340883891 333.724816640218 332.429051399231 333.662589391073 331.048707167308 324.414471785227 315.616250038147 310.548782348633 308.877686659495 311.548014481862 322.700758775075 326.575815677643 323.59117269516 317.432920138041 315.699060757955 318.231165409088 319.958627223969 324.247638384501 323.360820611318 319.543162981669 316.919366518656 311.745047569275 297.658403714498 291.547516981761
333.297252655029 330.977857112885 327.083945274353 318.943659464518 303.119877974192 279.549698034922 261.095881462097 262.320419152578 290.496865908305 308.834552764893 312.859336535136 309.971908728282 303.964614868164 297.358632087708 288.071433703105 290.796756744385 299.111723899841 310.208221276601 323.740581671397 332.097272078196 333.217302958171 329.247415065765 330.609599749247 332.667032877604 332.512855529785 334.402600924174 333.882888158162 330.393254756927 324.914077917735 322.987933953603 322.637597719828 324.296434720357 332.259237766266 333.90470345815 332.382619380951 328.247427940369 323.826591173808 319.543461004893 313.753406206767 316.677927970886 323.340157667796 327.85044113795 329.358617464701 322.723348935445 307.985881964366 294.991374015808
329.613904158274 330.273747444153 329.605937004089 326.592961947123 319.842934608459 306.875427563985 284.75147485733 260.644018650055 269.676566123962 289.693315823873 304.819266001383 310.136914253235 310.605466365814 309.054434299469 302.414854367574 296.577990055084 294.604520003001 298.043509324392 308.402478694916 318.69771083196 327.293078104655 331.846992174784 331.626097361247 328.722278277079 329.513390858968 332.346816857656 333.388328552246 331.840733687083 329.755345980326 332.040627797445 333.608309427897 332.817355791728 334.592580795288 335.722208023071 333.008885383606 331.214070320129 328.075687090556 320.731639862061 308.312733968099 310.251514116923 325.307329495748 331.227620442708 330.208361148834 325.943350791931 316.337962945302 307.830015818278
315.534055233002 321.074863274892 323.749919732412 323.850472768148 322.385271390279 321.566899617513 312.974969546 300.214171409607 275.373776753743 268.068273862203 279.893815517426 298.306087652842 312.543710072835 318.172454833984 319.894909858704 315.545598665873 305.529793103536 302.077233791351 300.536413987478 303.020278612773 309.214492638906 313.708106676737 317.319333553314 320.135792096456 323.746303717295 326.120277245839 327.796339988708 326.998015244802 326.886614163717 330.313881238302 331.320921579997 331.480503082275 334.336519241333 336.622953414917 335.596958796183 331.910828749339 330.151339371999 325.960059960683 310.363014539083 308.988690376282 323.458830515544 326.362291971842 325.117111206055 322.361409664154 313.23649485906 304.849108060201
280.463854471842 291.168053944906 300.052285194397 306.849042574565 312.879184881846 317.550341288249 319.744368394216 317.794263362885 299.30325349172 279.059509436289 267.115434010824 274.048844973246 294.95112101237 312.384347120921 321.044663588206 315.259615580241 310.66882610321 306.618273258209 299.969395001729 295.936306317647 296.23544216156 296.140611171722 298.341751098633 306.44150575002 313.888231913249 318.502207597097 320.166647434235 319.843490918477 322.650214036306 325.713038444519 327.220022678375 329.407433668772 333.758115768433 335.604468981425 334.399143854777 331.950942675273 332.051555315654 332.795182863871 323.615809281667 315.963546435038 321.416576703389 324.567278226217 325.856586297353 325.312415758769 318.052927652995 310.897707939148
244.991838932037 249.74646170934 257.293025652568 267.995874087016 281.259596347809 294.25577322642 307.830174763997 311.559955279032 312.424759070079 303.273995717367 283.468147118886 266.581813494364 268.653074900309 287.117381890615 306.736787160238 308.065931002299 313.113331794739 311.609268188477 305.252492427826 296.661059061686 291.627943515778 289.280295372009 289.383848508199 296.413103739421 302.329659461975 305.176794528961 307.005405426025 309.97234582901 314.465483029683 317.503392696381 320.347527662913 324.308554331462 328.591088453929 329.245130221049 328.387955824534 328.220148881276 332.051336765289 335.49443880717 334.021329879761 328.271547953288 327.671726544698 330.472350120544 332.373102506002 331.610838572184 325.953046480815 323.583384354909
234.075248241425 230.082412560781 227.954427401225 227.96897093455 235.206484794617 250.33309062322 272.217472394307 289.96213277181 311.245699723562 313.484946886698 305.740257104238 288.189212481181 264.781713485718 262.763381004333 281.654516855876 302.16658115387 313.03600470225 314.657886823018 311.670561631521 305.764734745026 299.346645673116 297.644297281901 297.295788923899 298.015336195628 297.881762186686 296.890775362651 300.190250078837 306.621491909027 308.411439259847 309.423824151357 312.929848829905 316.931823889414 318.633993466695 319.782833258311 319.975753625234 322.983046372732 329.879820346832 334.720691045125 333.980441093445 334.981004397074 334.546327590942 334.342479705811 333.72966448466 332.795182863871 327.516496181488 325.07203022639
229.535301526388 203.653156757355 187.420765558879 182.033975919088 179.463108380636 184.588114420573 204.15993531545 237.013141314189 271.461129188538 299.509584903717 311.032334963481 311.31500005722 298.590620358785 277.55743265152 275.298953056335 295.203844706217 307.822426160177 316.222031911214 320.196191469828 318.076352278392 310.842931270599 308.409492174784 306.073447068532 305.160681406657 304.481089115143 302.538553873698 305.201212565104 311.195433139801 310.311158498128 306.088964144389 309.577902158101 313.411275545756 314.88428513209 315.209706624349 317.302544911702 321.102877457937 325.21911462148 328.142861525218 328.329980373383 328.864832719167 330.539663632711 332.594593365987 333.683252334595 333.485841751099 328.660070896149 325.978696346283
213.233311971029 176.108698050181 154.92370724678 150.473773479462 150.017291307449 154.884517192841 163.68759671847 189.635475476583 215.553879737854 261.929710706075 305.565933386485 323.208769162496 325.622459252675 314.398348331451 295.259853204091 291.763345400492 296.374122301737 306.957880655924 318.470319112142 322.765787442525 321.840484937032 318.095842997233 316.699783007304 314.660489559174 311.508138974508 309.427201747894 311.752319335938 313.230256239573 308.346052964528 305.614093939463 309.216181437174 311.864693959554 312.081813812256 312.204460302989 314.834276835124 316.57075881958 317.916134993235 317.265788714091 318.479895591736 318.612098693848 322.126229604085 326.544384161631 328.593293825785 328.975518544515 326.12806558609 325.411359469096
181.544264157613 154.176314671834 133.466531833013 131.053229173025 147.028386592865 169.342219829559 170.44206460317 176.675657431285 197.851320107778 226.203064123789 274.212578932444 319.957633813222 332.646727561951 330.714921156565 319.510499636332 297.725399335225 289.13160165151 291.225969791412 304.555694262187 320.470293362935 326.091726620992 322.859545548757 323.777039845784 320.241133371989 315.414269765218 315.607031186422 317.512730757395 314.737478892008 309.53053633372 311.938504378001 313.698510328929 313.279191652934 310.491283734639 309.734026590983 310.275713602702 308.853665987651 307.550470034281 304.607927799225 306.498090426127 306.907594203949 310.422956943512 314.39600388209 316.280841827393 315.794030825297 320.348381996155 323.086142539978
160.442133744558 149.902373552322 131.512592236201 122.721006472905 127.632707357407 150.868713855743 171.993652979533 178.154230117798 192.391574382782 206.77653948466 230.217655499776 280.847390492757 325.812876224518 330.84907134374 328.066726525625 321.032484372457 313.221017519633 301.878412564596 294.108033180237 303.03696791331 318.53993733724 324.995934963226 327.061613400777 324.248512585958 319.717407226562 320.662617683411 323.894600073497 320.187608400981 317.012429237366 321.00236415863 321.236709753672 314.023613929749 309.261699517568 306.838889916738 303.438087304433 302.591959635417 299.423257509867 297.490696112315 297.920803229014 300.462047259013 302.619357903798 303.875068823497 305.964271227519 307.883540789286 317.972858746846 321.961124738057
152.232090632121 154.51513727506 148.259003957113 134.307940800985 118.590652942657 131.105919679006 162.745475769043 180.896083513896 200.415968894958 211.18555466334 220.403035481771 247.570971647898 289.382934570312 324.569324652354 330.4536541303 332.130432128906 330.13121287028 322.455286979675 308.633267879486 296.079158782959 303.597410519918 321.576178073883 323.879281679789 323.270579179128 323.575615882874 327.363928159078 329.339981079102 327.759325504303 325.291355450948 326.768815517426 323.263068993886 315.920452276866 311.406135559082 306.824247042338 302.45441198349 299.53412214915 297.806322574615 298.038522402445 298.024813334147 299.603521823883 300.733824570974 302.093724409739 302.164971828461 304.269055525462 312.339742978414 319.37849521637
160.091241200765 170.261065165202 175.96044143041 163.326919078827 142.952730258306 145.084569851557 165.01858830452 186.560650666555 206.26825094223 227.405031522115 234.538753827413 243.399103482564 266.888618469238 285.368800163269 321.071743965149 329.849402109782 330.22129535675 329.249024391174 326.388041178385 314.745207627614 300.556441148122 309.634784857432 315.422813097636 320.992191632589 326.921244462331 331.37168486913 333.269913991292 331.79779847463 327.465494473775 326.513131459554 321.912825107574 317.119379838308 312.308271725972 307.565410931905 304.745415846507 301.517069339752 301.188846429189 298.240919907888 297.645688056946 300.157189369202 303.482532501221 303.707381089528 303.344567616781 304.583172003428 305.985967318217 315.640350182851
170.801421006521 176.04144414266 189.738651116689 198.783497015635 185.036142667135 165.116677681605 165.513863166173 177.075088024139 196.536183357239 220.987478892008 232.545773188273 236.163179079692 246.413230895996 260.97446680069 277.112642923991 303.29551299413 323.244790236155 324.661215146383 325.657308101654 325.044671694438 319.518129030863 310.069600741069 309.943715731303 316.485126813253 323.841790358226 329.469561576843 333.158075809479 331.864098707835 325.740178426107 324.785868326823 320.880035559336 315.075874328613 310.614844163259 308.571716149648 306.353469689687 303.217987219493 301.045576731364 294.970452785492 292.712410291036 299.563984076182 304.609994093577 306.020379066467 306.973457336426 306.78919951121 303.587059179942 310.9263976415
