input/barkrak2/radiation/dir18724.grid
NCOLS 85 
NROWS 70 
XLLCORNER 665100 
YLLCORNER 4664600 
CELLSIZE 20 
NODATA_value -9999 
[rows 40 to 59 of 70, columns 0 to 45 of 85]
339.02100721995 339.71627553304 339.677770932515 341.32726987203 345.436294873555 348.100900650024 350.191076596578 352.499564488729 352.61058807373 346.616586049398 338.401635487874 335.172255833944 333.579301834106 330.762167771657 328.238526980082 327.434380849202 326.42408212026 323.140144348145 318.899750709534 317.16114282608 319.708466529846 320.363144079844 320.404311021169 315.150459607442 314.311285813649 309.471567471822 315.263072649638 315.221746762594 317.05629825592 315.050025780996 314.516425132751 309.870878855387 285.260876019796 280.47772248586 301.411310831706 301.639139652252 292.80561208725 292.851726214091 292.698224385579 281.405985355377 290.01118739446 329.214731852214 347.812334696452 303.845465183258 244.761784871419 200.892567634583
343.23255221049 342.117667198181 341.812252998352 342.410802841187 340.595801671346 339.309295018514 339.138507843018 340.258995691935 343.315998713175 338.453412055969 333.155512809753 332.52227306366 333.687663078308 333.939552307129 332.154870033264 329.822421073914 324.298858642578 329.470376173655 327.09530989329 322.343309720357 322.880367437998 322.931031386058 320.898751417796 321.1536804835 320.477843284607 318.489929040273 318.474074204763 318.651556968689 318.163990974426 317.769209543864 316.299756368001 310.860057671865 292.142967383067 291.860739390055 302.597324053446 294.075389703115 279.682159423828 280.037085215251 287.428756554921 292.182405789693 306.183437506358 318.68193546931 331.542392571767 329.658548037211 286.127368609111 237.791975339254
345.087607701619 343.666156133016 345.396836598714 344.45051352183 340.574860572815 339.226722717285 339.028557141622 338.274280230204 337.918361028035 335.154294967651 333.479603131612 332.58052666982 334.065159161886 336.48693561554 334.159374237061 332.666277885437 328.406592210134 330.681006113688 330.996791521708 325.442830721537 324.731568495433 321.306486924489 319.845040639242 319.993019104004 321.964224179586 318.548838297526 315.270105997721 316.54288371404 317.459623018901 317.223429679871 314.773877461751 308.016578356425 299.263676007589 300.720731417338 299.757738908132 283.264855543772 268.345832824707 274.222056070964 289.223889509837 301.559925079346 309.663971265157 307.749152183533 303.802371025085 308.151026566823 292.248527208964 243.248224258423
337.31214205424 339.054346084595 343.642075856527 342.044353485107 342.834075291951 344.354550043742 344.375093777974 342.904965082804 337.011138598124 335.550586382548 336.82640393575 333.968122800191 333.386580149333 334.858338038127 334.32141939799 331.751088301341 331.383387247721 331.707696119944 332.552790641785 328.294654687246 323.889454205831 322.845498720805 320.192535718282 319.125493367513 320.076584815979 319.734036922455 315.024435520172 315.459787845612 316.569705804189 314.723114172618 311.746875445048 304.357687632243 303.703844547272 304.505507151286 291.334470113118 268.828709920247 264.165381590525 278.144935766856 297.548015912374 302.506824334462 302.31640736262 297.985335191091 290.241658687592 287.894984086355 280.949393908183 250.152945518494
337.152679761251 340.711156527201 342.085917790731 341.878215471904 342.911124229431 344.015041987101 343.444267908732 341.604550679525 339.251597722371 336.730003356934 337.863683700562 335.780580838521 332.896033922831 331.287642319997 330.219745635986 329.344054063161 327.419976393382 330.873270829519 331.02814356486 330.072025458018 326.522548993429 324.18692111969 322.812934716543 320.70122162501 317.838191986084 320.811808109283 321.589092413584 316.868245601654 314.931750297546 312.052687009176 305.495043595632 300.640145937602 299.364566802979 295.253316561381 282.756487528483 266.580005486806 267.98407236735 283.977091312408 299.218813578288 297.352989514669 298.988024393717 291.365424791972 278.914888699849 273.688356081645 273.441056410472 261.974533398946
340.976516405741 343.297004699707 341.645320256551 342.933734258016 341.667334238688 341.323018074036 342.131733894348 341.057221094767 342.160105705261 339.53058719635 339.298844337463 337.169329325358 334.797422091166 331.231494744619 330.943743387858 332.316021124522 327.507654825846 330.043574174245 332.394540309906 330.627918243408 327.993134657542 326.589485009511 325.141787528992 323.193271954854 322.85859187444 319.876472155253 322.965562343597 318.675478299459 315.349857012431 311.94277604421 305.795927842458 301.2708624204 299.033065636953 289.18182849884 275.291542212168 260.734657446543 266.180197397868 283.724188804626 291.20409488678 284.985582033793 290.196796258291 282.211025555929 270.553966363271 273.078699906667 282.867630322774 273.539900779724
340.983947118123 341.751257578532 342.875719070435 343.481620152791 342.662413914998 342.300772666931 343.266805013021 343.567132949829 342.255751291911 341.336806615194 340.179363886515 339.934150377909 337.146083513896 335.632602373759 334.438681602478 336.867451667786 334.325551986694 329.911907513936 332.990050315857 331.483046213786 328.865567843119 326.817135016123 325.410147507985 320.390343666077 324.379980564117 319.759170214335 317.626416683197 317.255973815918 315.233965714773 311.968326568604 305.792133013407 303.440193335215 297.330896059672 286.051690578461 273.454825083415 262.372851371765 269.873936971029 282.768885294596 280.955056349436 282.633662223816 289.276758829753 278.219481309255 274.137536684672 281.21284643809 289.869089921315 280.969202518463
338.348865509033 339.164773623149 342.015941937764 341.792345046997 343.207001686096 343.770066897074 342.986027399699 341.948429743449 341.505289077759 343.315362930298 341.232101122538 339.570005734762 337.961196899414 338.184436162313 335.927406946818 335.828264554342 334.367195765177 327.020863691966 331.045091152191 329.785724480947 326.850990454356 324.567258358002 326.9282579422 319.340825080872 319.023966789246 318.247218926748 312.150100866954 313.214103380839 313.015242417653 309.577087561289 306.436320145925 303.914904594421 295.168916384379 291.14160935084 284.712950388591 272.233804066976 274.609525998433 281.527241071065 283.374826113383 290.27928908666 287.39986817042 280.198474725087 282.198846340179 283.170700073242 282.609522342682 273.917476336161
333.864450454712 335.821111996969 338.236769040426 339.873234430949 342.961629231771 343.233029047648 341.581583023071 340.882539749146 342.620690663656 343.899369239807 343.031525611877 340.48597017924 339.942852656047 339.527606964111 337.204655011495 334.783554077148 332.22488562266 327.232638994853 329.023400942485 329.334994157155 329.349954922994 326.536536216736 324.779828389486 320.989330609639 316.764712333679 320.245107014974 314.913074175517 315.885186195374 315.778851509094 314.870476722717 312.918821970622 309.93398030599 301.380693912506 300.944805145264 294.264276822408 277.462601661682 277.76171763738 285.08985042572 289.224247137706 289.55598672231 280.475934346517 277.721345424652 276.634474595388 271.48034175237 268.951058387756 268.523017565409
333.268384138743 331.889430681864 334.034999211629 337.850689888 340.752045313517 341.379086176554 342.423399289449 343.985915184021 344.95480855306 342.81313419342 343.801101048787 343.176563580831 341.787457466125 339.658180872599 337.870041529338 333.383162816366 332.73708820343 327.642321586609 328.844805558523 331.4009308815 329.744815826416 326.641142368317 325.60666402181 322.456041971842 319.322327772776 319.166878859202 318.643927574158 316.900928815206 317.25021203359 319.17683283488 319.538950920105 314.846555391947 308.135728041331 306.861281394958 298.354029655457 282.534241676331 276.562809944153 284.283955891927 289.964040120443 280.282855033875 269.066909948985 272.392114003499 272.456963857015 266.942660013835 266.075134277344 269.586145877838
333.445509274801 335.437496503194 336.47096157074 339.464743932088 339.908480644226 339.972774187724 343.146761258443 345.549980799357 345.581293106079 344.935059547424 344.988346099854 344.192981719971 341.769774754842 339.852492014567 337.873498598735 338.642835617065 333.579460779826 330.613136291504 328.766862551371 330.409427483877 328.428467114766 327.949782212575 325.030525525411 321.178952852885 315.726538499196 316.780130068461 317.902664343516 317.39604473114 319.106896718343 321.544647216797 322.311123212179 316.731870174408 308.266202608744 305.820087591807 295.395374298096 281.961818536123 277.632812658946 281.863649686178 281.24463558197 268.870830535889 265.961607297262 276.752154032389 275.30562877655 268.456816673279 267.124056816101 263.173222541809
334.258675575256 338.701009750366 339.974085489909 341.431736946106 339.720606803894 339.410384496053 343.308607737223 345.065156618754 345.059315363566 346.597194671631 344.855825106303 344.608664512634 341.877778371175 338.659485181173 338.248054186503 339.572389920553 336.657365163167 329.979320367177 326.013465722402 326.523741086324 324.686090151469 324.773589769999 320.624570051829 315.203825632731 312.775552272797 313.096205393473 315.246860186259 312.60883808136 313.080588976542 315.772414207458 318.954904874166 313.714464505513 302.60972181956 293.190956115723 269.234299659729 256.781617800395 267.534196376801 276.055971781413 274.852971235911 274.613579114278 281.857172648112 284.132520357768 269.567926724752 261.136412620544 269.120434919993 257.488509019216
334.61340268453 333.978732426961 333.349029223124 335.521737734477 338.371276855469 341.089487075806 341.445525487264 343.602856000264 343.588471412659 345.061779022217 343.583782513936 343.560934066772 343.553145726522 340.442577997843 337.586363156637 333.856463432312 335.238575935364 326.326588789622 320.497453212738 318.411231040955 319.561103979747 317.402263482412 316.680073738098 312.069853146871 309.410631656647 306.825637817383 307.16065565745 307.057758172353 306.215544541677 304.090976715088 307.18723932902 308.506925900777 285.578687985738 261.815190315247 235.866864522298 225.507199764252 239.139199256897 263.681928316752 278.898815313975 274.699171384176 275.633275508881 270.520647366842 257.751186688741 260.400811831156 264.956116676331 242.000142733256
337.398489316305 331.58932129542 329.084674517314 332.584102948507 339.390556017558 343.00967057546 342.72555510203 342.69658724467 342.273553212484 341.43320719401 342.773675918579 343.119819959005 341.941555341085 341.31916364034 335.886557896932 334.046204884847 332.618037859599 323.802431424459 318.050106366475 320.877035458883 317.66011317571 316.761871178945 312.871714433034 311.467905839284 307.632724444071 305.974423885345 304.922640323639 304.504652818044 302.886644999186 299.665292104085 291.446626186371 284.873684247335 262.616177399953 236.78203423818 227.437555789948 223.708430926005 216.83140595754 226.680795351664 242.504437764486 261.964897314707 267.766038576762 258.028010527293 253.587543964386 256.837169329325 248.281101385752 227.834482987722
337.759892145793 334.520141283671 332.407315572103 334.093570709229 339.939037958781 343.550086021423 343.388319015503 340.92390537262 343.108375867208 341.406544049581 341.124455134074 342.120289802551 339.470585187276 340.261181195577 332.580506801605 333.040078481038 330.648322900136 324.573516845703 320.185979207357 321.072459220886 320.783297220866 317.371308803558 314.806660016378 312.843680381775 309.376041094462 308.233578999837 306.194980939229 303.900917371114 300.653616587321 296.037932236989 284.91731484731 276.658733685811 253.786365191142 240.249653657277 243.94279718399 247.101008892059 239.712198575338 230.727314949036 220.745841662089 230.222682158152 245.730757713318 238.492349783579 231.966574986776 225.660800933838 221.440176169078 218.155781428019
340.02939860026 338.659365971883 335.593382517497 332.503100236257 335.725545883179 341.836214065552 342.551747957865 340.893904368083 339.616735776265 341.867685317993 341.02737903595 341.810385386149 337.497671445211 337.962468465169 332.631687323252 330.947120984395 332.268675168355 327.949901421865 323.281089464823 321.780165036519 320.28732697169 318.215310573578 317.250927289327 316.761175791423 313.24968735377 311.18913491567 304.678877194722 298.744102319082 293.065985043844 289.287209510803 286.969184875488 281.785905361176 261.488080024719 254.562258720398 258.555849393209 265.880405902863 276.546855767568 272.610863049825 256.113092104594 226.528863112132 225.435773531596 226.995964845022 224.323630332947 222.131331761678 227.666258811951 233.958840370178
341.439684232076 340.545892715454 339.396516482035 334.738453229268 332.989891370138 338.377753893534 340.643207232157 339.923779169718 336.945652961731 338.911294937134 341.929038365682 340.071558952332 337.311665217082 335.32969156901 334.583163261414 330.453972021739 330.824057261149 326.679488023122 324.911952018738 323.651095231374 322.160979111989 320.311347643534 316.928863525391 313.008626302083 311.064143975576 308.076699574788 294.714192549388 276.63799126943 272.157609462738 277.011394500732 284.937421480815 280.13277053833 262.874484062195 255.95756371816 262.928009033203 273.215572039286 289.135078589122 297.648390134176 288.214802742004 257.274329662323 230.942567189535 233.900288740794 241.472601890564 252.160628636678 262.253622213999 265.692075093587
340.840895970662 339.291493097941 339.754501978556 337.585290273031 331.762850284576 334.366957346598 338.281432787577 338.112473487854 335.319757461548 331.786513328552 337.795575459798 338.319102923075 335.019747416178 334.166963895162 333.77734820048 329.948584238688 329.353908697764 326.465348402659 323.284467061361 323.07364543279 322.33848174413 320.740004380544 317.264338334401 312.682946523031 311.751802762349 311.012744903564 296.844065189362 279.477914174398 278.911332289378 283.589323361715 289.972265561422 281.790693600972 270.550032456716 270.273685455322 282.368620236715 285.455544789632 291.269838809967 277.961214383443 247.797250747681 239.81910943985 250.525951385498 260.520537694295 255.428890387217 248.764594395955 250.418941179911 261.351883411407
334.018150965373 337.742209434509 337.419152259827 336.540540059408 332.02866713206 328.588922818502 336.482644081116 335.580984751383 333.070317904154 329.971571763357 334.100008010864 336.07812722524 335.645278294881 332.026739915212 331.678926944733 328.664879004161 324.95641708374 326.001167297363 322.215815385183 324.462314446767 324.183682600657 321.322818597158 319.6821808815 315.23609161377 314.144392808278 314.86435731252 307.789842287699 306.479891141256 302.924434343974 296.661794185638 294.677138328552 284.737626711528 281.482477982839 278.900663057963 276.60342057546 262.628734111786 244.294742743174 209.280967712402 191.89449151357 228.781898816427 265.269239743551 266.704241434733 246.195872624715 241.03844165802 253.214081128438 266.987284024556
326.914727687836 335.682034492493 334.98473962148 332.365453243256 331.718603769938 328.245679537455 329.23678557078 334.868272145589 336.624940236409 329.858819643656 333.722670873006 334.749897321065 334.176818529765 332.666337490082 329.443454742432 327.380458513896 324.639161427816 321.796794732412 319.014231363932 317.520399888357 318.310856819153 319.231867790222 318.00244251887 316.100756327311 316.018621126811 318.832079569499 319.340606530507 319.893896579742 306.723058223724 304.567495981852 294.873456160227 283.310572306315 281.672676404317 263.328850269318 236.199676990509 203.728497028351 192.362268765767 184.634149074554 180.198589960734 204.614063103994 231.684227784475 249.496976534526 247.985084851583 260.484198729197 291.02764527003 300.678451855977
