input/barkrak2/radiation/dir19124.grid
NCOLS 85 
NROWS 70 
XLLCORNER 665100 
YLLCORNER 4664600 
CELLSIZE 20 
NODATA_value -9999 
[rows 40 to 59 of 70, columns 0 to 45 of 85]
336.13912264506 336.851755777995 336.810906728109 338.509877522786 342.754324277242 345.523595809937 347.703019777934 349.647879600525 350.354512532552 344.193657239278 335.743506749471 332.474490006765 328.946471214294 326.941609382629 324.698487917582 323.49020242691 322.471936543783 320.567548274994 316.35195016861 312.950134277344 315.541903177897 317.677239576976 318.154712518056 313.537657260895 310.23387114207 307.220717271169 313.115378220876 313.109119733175 313.534776369731 312.976876894633 311.987141768138 307.853917280833 283.489604791005 278.893192609151 300.028383731842 300.456901391347 291.390101114909 291.16682211558 291.173299153646 280.412872632345 289.14487361908 327.763656775157 344.868818918864 299.399892489115 239.643752574921 195.962309837341
340.476791063945 338.854789733887 339.008212089539 339.629252751668 337.756395339966 336.42856280009 336.257855097453 337.416887283325 339.917500813802 334.855198860168 330.240666866302 329.710125923157 330.976963043213 330.242037773132 328.353404998779 325.92111825943 321.458657582601 324.073155721029 324.674983819326 320.127387841543 318.519691626231 320.61634461085 318.551003932953 319.203754266103 318.702975908915 313.997586568197 316.313008467356 316.514074802399 315.38724899292 315.6977891922 314.289311567942 308.491965134939 290.13067483902 290.336668491364 301.315248012543 292.680223782857 278.036534786224 278.089781602224 285.299022992452 290.315310160319 304.928521315257 317.500054836273 329.553723335266 326.109886169434 282.538950443268 232.824842135111
341.964522997538 340.500553448995 342.266837755839 341.731945673625 337.733825047811 336.342414220174 336.140314737956 334.705511728923 335.087100664775 331.478595733643 329.722464084625 329.800883928935 331.377625465393 332.753658294678 331.602573394775 327.440579732259 325.843453407288 328.317681948344 328.713099161784 324.843605359395 320.60839732488 318.895022074382 317.156791687012 317.569096883138 319.626907507579 316.222707430522 310.798863569895 312.739332516988 314.361055692037 313.599586486816 312.717437744141 305.542846520742 297.190248966217 299.254457155863 298.515597979228 281.684180100759 266.547421614329 272.259513537089 287.035306294759 299.461364746094 307.739198207855 305.944661299388 301.602204640706 304.993828137716 288.446962833405 238.126118977865
333.898425102234 335.675716400146 340.412894884745 338.791171709696 339.655200640361 341.208736101786 341.648062070211 339.541673660278 333.395044008891 331.879655520121 333.163460095723 331.22440179189 330.714265505473 331.042548020681 330.492456754049 329.19180393219 328.907688458761 330.725073814392 328.670879205068 325.879832108815 321.503678957621 318.885485331217 316.208203633626 315.055906772614 315.971533457438 317.350228627523 311.144610246023 311.464786529541 311.567028363546 311.383148034414 308.101614316305 300.497909386953 300.601601600647 301.820556322734 289.784530798594 267.143348852793 262.377083301544 276.269217332204 295.509775479635 300.354441006978 300.037920475006 295.871953169505 287.973761558533 284.931182861328 277.009427547455 245.154837767283
334.172169367472 337.833722432454 339.245200157166 339.029709498088 339.660088221232 340.346097946167 340.730547904968 338.269591331482 336.462100346883 333.954016367594 334.225098292033 333.07292064031 329.009433587392 327.356775601705 327.545960744222 326.722045739492 323.357224464417 328.379889329274 329.918026924133 326.110005378723 322.480042775472 320.209344228109 320.269385973612 318.290193875631 315.518418947856 318.649411201477 319.490234057109 314.646363258362 312.685608863831 309.781769911448 302.134990692139 298.256814479828 297.088265419006 293.057342370351 280.764102935791 264.733036359151 266.214350859324 282.207608222961 297.38575220108 295.328080654144 296.66942358017 289.230704307556 276.738921801249 271.053194999695 269.787987073263 257.803082466125
338.109572728475 340.497652689616 338.789184888204 339.678208033244 338.852087656657 338.54075272878 338.81938457489 338.312705357869 338.769674301147 336.816191673279 335.707902908325 334.545890490214 330.988943576813 328.524808088938 327.02229420344 329.694211483002 324.918468793233 326.036890347799 328.507045904795 326.691051324209 325.467228889465 322.614789009094 319.46341196696 319.080988566081 318.731884161631 317.681690057119 319.004376729329 316.450913747152 313.254674275716 309.840102990468 303.417404492696 298.862198988597 295.516649881999 286.831438541412 272.550622622172 258.573035399119 264.151374499003 281.762381394704 289.201299349467 282.715161641439 287.998735904694 279.679079850515 268.357475598653 270.750880241394 279.871046543121 269.749542077382
338.124831517537 338.906129201253 339.556137720744 340.234359105428 339.394132296244 339.548389116923 339.979926745097 340.902368227641 338.885903358459 337.855736414591 337.557435035706 336.335261662801 334.517200787862 331.866482893626 331.837912400564 333.115259806315 330.459495385488 325.896998246511 329.111933708191 327.585220336914 323.38809967041 324.347913265228 321.359097957611 318.090001742045 320.301592350006 315.61275323232 315.360327561696 314.966956774394 312.930524349213 308.357338110606 303.573290506999 299.865126609802 293.974717458089 283.699194590251 271.172424157461 260.17701625824 267.630477746328 280.54803609848 278.774698575338 280.380288759867 286.999424298604 275.901277860006 271.963914235433 279.113610585531 287.406504154205 277.731418609619
334.830443064372 335.650682449341 338.628967603048 338.979919751485 339.958429336548 341.065168380737 338.982899983724 338.610212008158 338.821530342102 339.908679326375 338.637948036194 335.970401763916 335.337479909261 335.583249727885 333.385427792867 332.033673922221 330.513755480448 324.495693047841 325.591564178467 325.846711794535 322.842339674632 322.122852007548 322.912573814392 317.04060236613 316.793481508891 315.958917140961 309.810479482015 310.89041630427 309.106151262919 305.825591087341 304.089029630025 301.601052284241 291.871666908264 288.057545820872 282.66712029775 270.348230997721 272.54464228948 279.016613960266 281.206707159678 288.279175758362 285.240868727366 277.748425801595 279.960691928864 281.118969122569 280.395607153575 271.309375762939
330.837031205495 332.164247830709 335.34582455953 336.414655049642 339.021444320679 340.557098388672 338.849465052287 337.491591771444 339.985370635986 341.317931811015 339.62341149648 337.856968243917 336.334586143494 336.971561113993 334.667801856995 330.967386563619 329.673131306966 323.14125696818 324.997365474701 326.905886332194 325.415809949239 324.17885462443 322.526832421621 316.779990990957 314.560691515605 314.28317228953 308.8352282842 309.948563575745 310.123443603516 312.74535258611 310.908695062002 307.944615681966 298.139572143555 298.852026462555 292.368451754252 275.857031345367 276.059369246165 283.074220021566 287.131627400716 287.617842356364 278.123954931895 275.414566198985 274.310012658437 269.166052341461 266.610701878866 266.16249481837
330.232898394267 328.101893266042 331.059515476227 334.994236628215 337.279558181763 338.644425074259 339.717149734497 340.692281723022 341.638207435608 340.19414583842 340.425531069438 340.626001358032 338.25421333313 337.096333503723 334.163109461466 330.838004748027 328.843553860982 325.20717382431 324.797888596853 325.849254926046 327.471355597178 324.450711409251 319.616595904032 318.297644456228 312.989711761475 313.013811906179 312.497079372406 314.896583557129 315.352539221446 317.395905653636 317.902465661367 313.241163889567 306.321501731873 305.013378461202 296.501437822978 280.94094991684 275.075376033783 282.612264156342 287.519415219625 278.172274430593 266.870439052582 270.178854465485 270.208517710368 264.438589413961 263.735731442769 267.305751641591
330.388128757477 331.750869750977 332.770228385925 336.690346399943 337.109843889872 336.494048436483 340.469280878703 342.955946922302 342.320839564006 342.383980751038 341.634313265483 340.805768966675 339.24388885498 335.125883420308 335.378686587016 334.967374801636 329.706350962321 324.842731157939 322.812994321187 328.222692012787 326.299389203389 322.057525316874 316.845615704854 314.78347380956 309.188942114512 314.791639645894 316.008031368256 313.302795092265 315.165460109711 317.84862279892 318.986892700195 315.343638261159 306.728144486745 302.903711795807 293.425838152568 280.113577842712 276.027778784434 280.397454897563 279.159585634867 266.731162865957 263.432383537292 274.034718672435 273.290534814199 265.63161611557 264.941732088725 260.366459687551
329.754988352458 335.91083685557 336.376190185547 337.925434112549 336.903055508931 335.874040921529 339.901367823283 342.458764712016 341.745694478353 344.112157821655 342.355410257975 340.353488922119 338.381091753642 336.174925168355 333.139896392822 337.267398834229 331.478695074717 324.076970418294 321.882605552673 322.447458902995 320.609569549561 316.738486289978 314.271807670593 313.13153107961 308.42403570811 308.774570624034 311.029493808746 310.7564051946 311.287025610606 314.112504323324 315.312266349792 312.342365582784 300.15903711319 291.24120871226 266.777634620667 254.281163215637 265.343467394511 273.983796437581 273.048917452494 272.927025953929 280.075550079346 282.180031140645 266.779541969299 258.958617846171 266.512493292491 255.024154980977
331.714590390523 330.200731754303 330.421765645345 331.820487976074 335.516889890035 338.324785232544 337.927420934041 340.954303741455 340.189973513285 340.787887573242 340.1726881663 341.132561365763 340.148170789083 336.855888366699 333.829760551453 331.520676612854 329.883217811584 324.122269948324 316.225310166677 314.134001731873 313.363989194234 313.138385613759 312.402983506521 307.691772778829 307.350854078929 304.749329884847 302.745441595713 302.672485510508 301.839609940847 302.21833785375 305.360794067383 306.737899780273 283.855239550273 258.911470572154 232.675770918528 222.554564476013 236.283183097839 261.183420817057 276.997923851013 273.223618666331 274.170080820719 268.719255924225 255.147496859233 258.142093817393 262.902398904165 240.004658699036
334.479371706645 327.76266336441 326.064904530843 329.623222351074 335.797866185506 340.317010879517 339.245279630025 338.368495305379 338.774124781291 338.918606440226 339.304566383362 338.577111562093 339.577436447144 336.527427037557 332.08042383194 328.603585561117 328.65838209788 321.62485520045 315.872073173523 316.669046878815 315.483411153158 312.465349833171 310.710370540619 307.077765464783 305.532077948252 303.866982460022 300.452669461568 300.059596697489 298.440972963969 295.203586419423 289.21111424764 281.044602394104 259.605387846629 234.611471494039 225.000778834025 220.710476239522 213.678816954295 223.663171132406 238.959232966105 259.687383969625 265.965302785238 256.11408551534 251.476049423218 254.586021105448 245.379666487376 225.760638713837
334.812720616659 331.51916662852 328.584094842275 331.234832604726 336.330691973368 339.183727900187 340.83354473114 338.322242101034 339.634815851847 336.728771527608 338.716427485148 337.390581766764 337.180177370707 338.002602259318 330.397645632426 327.406307061513 328.502595424652 320.434411366781 315.927088260651 318.96585226059 316.606481870015 315.226495265961 312.665939331055 310.779134432475 307.321389516195 303.80646387736 304.146389166514 301.816026369731 296.212295691172 291.677316029867 282.480180263519 274.236102898916 251.583933830261 238.209843635559 241.785724957784 244.560201962789 236.728072166443 226.774017016093 217.717230319977 226.558168729146 242.640693982442 236.36653025945 229.674140612284 223.121186097463 218.918800354004 215.924640496572
336.546341578166 335.745453834534 331.857303778331 328.613559405009 331.910133361816 338.267207145691 339.037855466207 336.293896039327 337.113857269287 337.067683537801 338.797966639201 338.273604710897 335.304061571757 334.314624468486 328.751564025879 328.868647416433 328.409572442373 323.924342791239 319.114903608958 317.598501841227 316.104094187419 316.099544366201 312.995632489522 312.505880991618 311.282634735107 306.834896405538 302.630265553792 296.542545159658 290.743311246236 286.886692047119 284.552991390228 279.403487841288 259.03578599294 252.695461114248 256.813764572144 264.001786708832 273.986915747325 270.032823085785 253.386278947194 223.562558492025 222.318371136983 224.696278572083 222.025354703267 219.485719998678 224.908232688904 231.615980466207
337.996085484823 337.025086085002 335.790594418844 330.947359402974 327.883243560791 334.632476170858 337.043523788452 335.196177164714 333.175778388977 335.19721031189 335.282524426778 336.482485135396 333.642959594727 333.216925462087 330.779592196147 328.359981377919 328.768928845723 324.66071844101 320.802311102549 319.538493951162 318.032264709473 316.123267014821 312.6513560613 311.054329077403 309.08199151357 306.011875470479 292.320470015208 273.969848950704 269.468088944753 274.411737918854 282.485485076904 276.540795962016 260.575751463572 253.910422325134 261.141578356425 271.65158589681 287.534137566884 295.025825500488 286.499222119649 254.413227240245 228.127439816793 231.215099493663 239.347656567891 249.866823355357 259.737114111582 263.587594032288
337.390621503194 335.725744565328 336.13391717275 333.863258361816 329.130331675212 329.101185003916 334.565957387288 334.418972333272 328.346212704976 329.655488332113 334.068417549133 334.686835606893 331.268787384033 332.061509291331 331.763068834941 325.997193654378 325.39967695872 322.41557041804 319.140374660492 318.951964378357 320.375323295593 316.585958003998 315.313915411631 310.672918955485 309.733649094899 308.842619260152 292.873024940491 276.727239290873 274.305125077565 281.199971834819 287.710348765055 279.46799993515 268.215338389079 267.974376678467 280.757228533427 284.144302209218 289.771993954976 275.705178578695 245.380977789561 237.622936566671 248.120625813802 258.387784163157 253.392775853475 246.402541796366 247.659643491109 258.722583452861
330.347577730815 334.093968073527 333.691795667013 332.764983177185 328.07989915212 324.52388604482 329.738895098368 333.228627840678 329.14278904597 325.958788394928 330.234209696452 333.885669708252 331.923166910807 328.130523363749 329.560697078705 324.697812398275 322.81090815862 321.931580702464 320.269048213959 320.380946000417 320.121963818868 317.190845807393 315.531730651855 313.262621561686 312.165319919586 312.756578127543 305.547654628754 304.20704682668 298.627813657125 294.861376285553 292.730112870534 282.648464043935 279.701173305511 277.460793654124 273.799518744151 260.065317153931 242.460707823435 206.759870052338 189.061065514882 225.899855295817 262.066165606181 264.764984448751 244.443913300832 238.921741644541 250.519454479218 264.240642388662
323.826193809509 331.927557786306 329.972644646962 328.430930773417 327.701608339945 320.711036523183 325.063606103261 332.525134086609 332.835137844086 327.906548976898 329.841017723083 330.993235111237 331.992467244466 328.802625338237 327.340404192607 325.251420338949 322.491109371185 319.773316383362 317.020217577616 315.494477748871 316.305895646413 315.046469370524 313.815375169118 314.119597276052 311.828096707662 315.064867337545 316.055675347646 318.288763364156 305.202007293701 302.968760331472 292.964895566305 281.253556410472 278.212010860443 261.475006739299 233.185350894928 201.635479927063 190.259257952372 182.083467642466 177.17585961024 201.258699099223 228.520810604095 246.850689252218 246.108551820119 258.853236834208 289.22172387441 298.714280128479
