input/barkrak2/radiation/dir12624.grid
NCOLS 85 
NROWS 70 
XLLCORNER 665100 
YLLCORNER 4664600 
CELLSIZE 20 
NODATA_value -9999 
[rows 20 to 39 of 70, columns 0 to 45 of 85]
161.650160948435 151.539464791616 165.269007285436 202.824552853902 196.990768114726 160.833011070887 149.68063433965 157.816837231318 170.866409937541 187.140643596649 200.53772131602 207.310199737549 210.020065307617 217.204451560974 231.366833051046 254.209876060486 266.743858655294 280.175626277924 299.380362033844 314.437290032705 317.951261997223 308.928847312927 307.382067044576 308.670560518901 310.219963391622 312.008599440257 315.007110436757 312.775135040283 309.333582719167 308.440645535787 301.492730776469 288.578768571218 276.862819989522 270.156860351562 267.145415147146 272.917946179708 272.874295711517 275.197406609853 280.100663503011 283.727208773295 284.870107968648 285.008708635966 286.744157473246 281.443436940511 286.692460378011 289.804041385651
192.092021306356 187.100211779277 197.644750277201 229.321241378784 225.695292154948 170.551558335622 160.167535146077 165.414442618688 173.792322476705 186.351656913757 195.931037267049 202.03439394633 208.337962627411 208.70170990626 217.893083890279 237.426996231079 252.772867679596 267.387290795644 282.189170519511 299.898684024811 311.312774817149 321.916699409485 324.593544006348 323.280294736226 317.166964213053 310.522456963857 306.456446647644 301.83200041453 303.206562995911 295.558492342631 279.005885124207 246.290882428487 223.613460858663 218.304355939229 225.031157334646 245.329678058624 253.6274989446 269.015888373057 279.981394608815 281.04950984319 278.105775515238 277.130981286367 270.996451377869 254.538774490356 276.622255643209 285.64465045929
236.309389273326 240.440686543783 239.102900028229 247.695088386536 247.225403785706 200.871229171753 185.429056485494 175.200780232747 172.420899073283 179.1752576828 194.482167561849 205.050309499105 211.73902352651 215.088327725728 222.095549106598 232.264439264933 246.722360452016 260.18097003301 272.992253303528 280.616799990336 286.321262518565 300.844669342041 313.068131605784 313.190897305806 305.347800254822 294.716676076253 277.915477752686 265.134334564209 254.136721293132 237.024346987406 212.006052335103 165.325582027435 144.113481044769 156.412889560064 184.837937355042 210.345149040222 230.008979638418 252.059499422709 264.683683713277 268.415570259094 272.07883199056 272.293190161387 248.763700326284 225.66686073939 255.17616669337 283.991694450378
262.610177199046 261.837244033813 251.306613286336 253.520747025808 252.883076667786 238.361239433289 208.095649878184 180.695335070292 166.504681110382 173.661251862844 193.597753842672 205.098648866018 219.581723213196 229.025522867839 230.065643787384 233.826458454132 243.572950363159 256.723364194234 264.681299527486 258.177101612091 258.129159609477 247.691333293915 257.638951142629 268.56807867686 277.934869130452 274.242142836253 258.829732735952 249.037782351176 222.312172253927 185.253202915192 157.713949680328 132.622142632802 96.4436829090118 79.4278383255005 91.2398894627889 126.872301101685 173.45263560613 204.578300317129 223.700145880381 233.607769012451 233.153899510702 219.359119733175 205.687443415324 239.283382892609 242.661118507385 272.832969824473
256.006896495819 256.505846977234 257.332921028137 255.780100822449 245.047767957052 238.406519095103 213.533143202464 196.975350379944 180.383066336314 174.73828792572 186.495443185171 203.617711861928 214.818259080251 227.241357167562 229.429125785828 232.607106367747 239.288846651713 249.722858270009 249.258478482564 244.277993837992 239.927073319753 234.565277894338 242.768466472626 250.76021750768 255.532662073771 257.794121901194 247.58243560791 232.513288656871 199.439446131388 152.784238258998 132.477382818858 128.844042619069 105.758567651113 63.1370842456818 55.121252934138 75.8782078822454 117.476811011632 152.566174666087 183.544754981995 197.407424449921 187.432408332825 165.085971355438 186.714192231496 260.672191778819 257.664759953817 275.283972422282
247.312784194946 252.031683921814 259.740551312764 254.780014355977 246.295293172201 238.600373268127 225.911577542623 223.030805587769 215.674261252085 203.679740428925 201.025029023488 217.102567354838 226.087351640066 238.941768805186 242.470423380534 232.528785864512 230.326394240061 238.95138502121 245.385468006134 250.758548577627 253.783245881399 247.617065906525 242.024143536886 241.480608781179 242.946565151215 244.267523288727 235.207120577494 226.572871208191 186.896204948425 162.158042192459 159.349739551544 174.261569976807 174.374381701152 129.648129145304 95.014234383901 93.1099355220795 103.317062060038 125.805874665578 158.068895339966 173.109292984009 158.528437217077 151.633322238922 196.464975674947 254.168609778086 272.340655326843 286.456684271495
248.418251673381 251.793543497721 257.828613122304 255.672295888265 260.533690452576 253.082811832428 245.247443517049 240.833540757497 245.071470737457 238.577425479889 224.737664063772 237.303256988525 246.165891488393 252.26358572642 247.207462787628 237.053434054057 233.579198519389 243.207414944967 250.384231408437 262.17528184255 263.471961021423 258.133331934611 251.230359077454 245.053390661875 242.336452007294 242.551366488139 236.492037773132 230.341414610545 197.736144065857 194.744865099589 214.00660276413 238.984922568003 245.189468065898 247.408270835876 207.934101422628 130.371193091075 119.182586669922 126.477142175039 150.66385269165 160.317500432332 172.465860843658 202.795128027598 215.029060840607 236.433863639832 263.933618863424 275.123755137126
252.277175585429 248.924454053243 251.556197802226 254.830876986186 285.494903723399 269.465863704681 257.436196009318 248.714844385783 250.471254189809 255.192577838898 242.075622081757 242.308338483175 246.745427449544 250.324289004008 253.35156917572 248.527626196543 242.358128229777 248.666226863861 259.374022483826 265.2441461881 262.531876564026 253.983060518901 252.332965532939 249.815464019775 251.764337221781 248.037258783976 244.903365770976 239.273170630137 228.386421998342 228.44260931015 249.480684598287 263.749241828918 265.527983506521 279.093543688456 285.621205965678 205.436587333679 148.351669311523 133.891423543294 141.824513673782 164.234429597855 206.98223511378 263.420780499776 230.772376060486 221.230785051982 244.625469048818 254.332919915517
251.061638196309 240.988373756409 244.373202323914 261.110544204712 301.442464192708 273.475368817647 251.024007797241 242.487668991089 245.169758796692 248.352805773417 241.134981314341 240.3923869133 244.110822677612 249.821106592814 254.654864470164 258.135199546814 252.246499061584 248.392144838969 258.438567320506 258.463978767395 257.400770982107 250.269214312236 251.306176185608 254.078269004822 255.733847618103 251.046299934387 251.250823338827 246.510545412699 239.933212598165 239.139835039775 260.316789150238 277.003288269043 278.012315432231 277.453700701396 292.274514834086 272.833506266276 176.201423009237 122.262199719747 111.358344554901 142.169773578644 217.259466648102 246.902207533518 220.138967037201 190.638184547424 212.418893973033 222.904702027639
244.652728239695 232.804914315542 239.920079708099 271.367172400157 300.177216529846 270.22397518158 242.539922396342 224.058826764425 216.805895169576 217.880030473073 219.809015591939 221.531291802724 237.68025636673 250.043292840322 254.7780474027 261.048078536987 259.967962900798 247.571031252543 250.079274177551 252.143303553263 250.978867212931 252.986709276835 253.236452738444 255.946377913157 260.149935881297 255.809168020884 257.111509641012 250.693678855896 242.893596490224 247.370501359304 267.475028832753 284.83251730601 280.605514844259 278.259058793386 288.346827030182 298.766394456228 261.696696281433 179.130891958872 136.393864949544 146.880388259888 184.27578608195 199.408570925395 204.11080121994 171.005348364512 177.813390890757 199.263294537862
235.604107379913 244.012832641602 274.030685424805 320.03794113795 317.436953385671 276.147087415059 239.779512087504 208.845396836599 197.844326496124 209.709624449412 204.383969306946 200.674752394358 231.290757656097 248.484830061595 258.019804954529 264.105419317881 263.637661933899 253.885924816132 252.743780612946 254.822452863057 253.708223501841 257.991989453634 260.157068570455 260.782599449158 261.654118696849 263.992766539256 265.722393989563 260.488430658976 252.828458944956 258.981625239054 274.873614311218 287.036796410878 283.367514610291 285.591661930084 291.892309983571 295.454402764638 305.943548679352 298.230071862539 224.25107161204 177.170991897583 163.29625248909 157.433062791824 175.023257732391 170.831898848216 170.764168103536 200.218141078949
254.418909549713 284.526348114014 312.302490075429 322.928229967753 342.236121495565 314.871033032735 272.328694661458 231.602231661479 219.14541721344 231.772144635518 223.563154538473 206.65975411733 221.519867579142 247.701744238536 262.507716814677 267.187654972076 267.417073249817 264.832139015198 258.145034313202 258.09770822525 257.118463516235 261.224389076233 264.863848686218 262.109080950419 263.064543406169 271.657586097717 272.728701432546 274.170339107513 268.929362297058 272.513449192047 280.625383059184 286.37969493866 288.407584031423 294.581850369771 298.958301544189 287.515958150228 293.346047401428 319.911003112793 297.675867875417 226.933379968007 177.474915981293 158.80690018336 160.890956719716 172.782917817434 195.152103900909 223.287343978882
295.57478427887 312.323153018951 311.194539070129 305.358091990153 321.703235308329 333.222230275472 318.709810574849 287.87221511205 261.880854765574 260.05619764328 261.824746926626 237.108886241913 224.16232029597 245.407780011495 267.849763234456 273.239254951477 269.731899102529 271.961728731791 259.474654992421 257.83916314443 261.165122191111 263.115445772807 261.632084846497 260.850648085276 264.748613039653 274.299303690592 279.984037081401 282.879451910655 278.054773807526 276.500324408213 287.376284599304 293.008327484131 290.501972039541 291.360278924306 295.62787214915 284.425516923269 284.678558508555 297.02373345693 285.754720369975 249.105254809062 214.805841445923 183.248261610667 164.417902628581 171.473383903503 192.480166753133 227.447847525279
301.588177680969 301.13152662913 295.807043711344 286.144693692525 288.017054398855 305.777510007222 318.310737609863 306.082089742025 288.901428381602 283.145209153493 284.867922465007 267.973800500234 250.985900561015 255.162517229716 267.794867356618 268.060584863027 264.833728472392 266.437172889709 260.018706321716 259.478827317556 259.321014086405 260.937253634135 257.998784383138 257.222294807434 263.005495071411 270.943264166514 280.90226650238 281.402269999186 277.64638264974 281.516293684642 291.603604952494 290.792842706044 279.101014137268 274.840931097666 278.441846370697 261.854668458303 259.530663490295 255.618770917257 238.17644516627 231.24881585439 240.507860978444 214.768548806508 189.326405525208 175.661007563273 179.099361101786 206.532180309296
300.471584002177 294.416149457296 299.922565619151 287.9292567571 281.34689728419 291.408975919088 312.450885772705 324.875930945079 310.560127099355 293.088177839915 284.687558809916 280.456026395162 281.01114432017 272.180815537771 267.300089200338 269.703904787699 267.948349316915 263.440012931824 260.981241861979 264.146685600281 261.853535970052 260.084370772044 257.748425006866 259.729007879893 262.549996376038 266.708155473073 274.121820926666 271.92215124766 273.788332939148 282.6327085495 289.430618286133 280.998965104421 266.432801882426 268.416126569112 265.332897504171 247.60373433431 249.586542447408 248.723308245341 247.478346029917 254.298567771912 255.145847797394 250.258366266886 229.233225186666 210.438370704651 194.534063339233 187.075098355611
316.011587778727 312.911987304688 320.342501004537 316.057682037354 307.315091292063 309.634904066722 322.811086972555 338.085850079854 323.991616566976 298.650701840719 285.600701967875 288.169662157695 294.533292452494 281.59487247467 273.479044437408 275.705873966217 271.429479122162 264.238735040029 268.703500429789 268.698751926422 266.13583167394 262.620747089386 263.64399989446 264.993031819661 263.541082541148 267.809907595317 268.55077346166 265.307009220123 269.915322462718 282.504121462504 285.920659701029 277.878920237223 268.401722113291 269.278208414714 257.716695467631 252.058148384094 257.549087206523 260.189016660055 268.038272857666 279.999037583669 243.874371051788 236.689587434133 228.073577086131 219.345013300578 203.662594159444 181.751052538554
330.071190992991 328.805863857269 331.818322340647 332.409818967183 324.345529079437 318.780700365702 324.357887109121 337.239265441895 327.241480350494 298.822502295176 286.392251650492 288.068513075511 293.332795302073 282.161136468252 274.519006411235 277.934392293294 282.868186632792 271.889845530192 273.012002309163 275.582671165466 275.113622347514 269.960363705953 268.261750539144 269.159595171611 267.123540242513 266.00044965744 269.814451535543 272.311488787333 275.00315507253 283.063153425852 286.100268363953 280.370513598124 270.839810371399 267.345945040385 255.020260810852 259.18326775233 264.452735582987 266.352315743764 268.754680951436 274.111370245616 228.117207686106 191.938718159993 179.218351840973 174.367785453796 174.789706865946 170.492211977641
334.072192509969 334.817369778951 335.066080093384 334.415912628174 328.407128651937 323.552807172139 323.890586694082 330.376585324605 331.570406754812 307.002166906993 295.283893744151 292.220751444499 289.223452409108 282.621582349141 272.946794827779 277.460952599843 286.994198958079 280.420263608297 277.564843495687 280.094027519226 278.940935929616 274.982988834381 272.133827209473 272.119800249736 272.136211395264 271.190067132314 271.214763323466 278.189023335775 279.528836409251 282.829860846202 285.618782043457 282.64041741689 273.479719956716 258.159220218658 248.159428437551 264.834642410278 273.697217305501 273.325502872467 264.897227287292 269.226868947347 227.483093738556 161.014258861542 133.945335944494 122.692922751109 127.692232529322 138.002892335256
325.680037339528 331.018805503845 333.936015764872 332.706173261007 331.183870633443 331.239283084869 329.96920744578 329.141716162364 329.569856325785 317.27256377538 311.598082383474 303.571005662282 290.515065193176 285.188456376394 281.514167785645 276.015063126882 284.793476263682 284.839510917664 279.086550076803 279.836972554525 280.087689558665 276.963194211324 272.682249546051 272.946874300639 275.631646315257 277.477324008942 275.315324465434 278.629839420319 281.084060668945 281.264086564382 284.278392791748 284.08674399058 269.254426161448 246.358672777812 253.88232866923 278.516968091329 281.999548276265 276.339054107666 262.411832809448 265.237132708232 264.642457167308 202.48544216156 144.315421581268 122.454702854156 120.552698771159 119.933565457662
307.064175605774 311.523636182149 310.814539591471 317.189892133077 325.285851955414 332.63889948527 337.240139643351 338.395158449809 336.790561676025 329.558312892914 317.148685455322 299.853960673014 288.846393426259 288.870374361674 285.358945528666 278.773188591003 282.723963260651 284.442106882731 277.207175890605 276.55565738678 280.622859795888 282.440980275472 280.551811059316 275.789300600688 274.228950341543 276.644269625346 279.59547440211 280.747095743815 282.927791277568 282.00509150823 281.655351320903 282.657821973165 262.783249219259 247.842530409495 273.040930430094 289.382259051005 284.097770849864 278.50749095281 268.044590950012 267.915527025859 295.106371243795 297.608494758606 232.574542363485 178.18150917689 143.712838490804 121.561606725057
