input/barkrak2/radiation/dir12824.grid
NCOLS 85 
NROWS 70 
XLLCORNER 665100 
YLLCORNER 4664600 
CELLSIZE 20 
NODATA_value -9999 
[rows 40 to 59 of 70, columns 0 to 45 of 85]
302.897810935974 304.13426955541 304.05855178833 305.49567937851 311.676442623138 315.244515736898 318.17219654719 321.891188621521 321.601490179698 310.746033986409 299.178063869476 295.099834601084 294.337550799052 290.599783261617 289.783795674642 289.068818092346 287.607232729594 287.297189235687 282.624820868174 281.085928281148 284.105042616526 289.957642555237 290.050248305003 285.660962263743 282.185932000478 278.184155623118 285.35133600235 285.998602708181 287.20102707545 286.427179972331 283.836682637533 282.76930252711 263.922492663066 263.799409071604 288.41632604599 288.046459356944 277.853230635325 274.570683638255 276.336073875427 270.633439222972 281.931658585866 314.158916473389 314.782083034515 256.611585617065 195.223907629649 157.10507829984
308.789511521657 306.820611159007 306.490480899811 306.788067022959 304.303606351217 302.102665106456 301.475465297699 302.806854248047 305.000563462575 299.10139242808 292.192101478577 293.698986371358 295.565247535706 295.995036760966 293.861707051595 291.115562121073 287.616630395253 292.738179365794 293.847839037577 288.920243581136 290.146311124166 290.269335110982 286.716520786285 287.589172522227 287.843585014343 282.944401105245 286.507129669189 287.987609704336 286.438842614492 288.225114345551 286.905248959859 282.768448193868 269.678314526876 275.528271993001 287.769317626953 277.555584907532 262.053847312927 258.973717689514 264.147917429606 271.823406219482 293.463130791982 306.897481282552 309.725383917491 290.117800235748 238.502383232117 192.241450150808
311.307271321615 309.336384137471 311.086118221283 310.266971588135 305.124958356221 302.46231953303 300.691505273183 298.940400282542 299.318214257558 295.982519785563 294.791599114736 293.691635131836 297.12454477946 299.225489298503 299.296657244364 296.014507611593 292.664269606272 296.293218930562 298.782447973887 290.883262952169 288.101236025492 286.165555318197 282.347480456034 281.485180060069 284.535090128581 280.879139900208 277.392546335856 281.000673770905 283.711373806 285.189747810364 284.946759541829 279.941082000732 275.409440199534 283.363302548726 285.276770591736 264.812290668488 248.926142851512 252.856810887655 265.25342464447 278.668681780497 288.242340087891 287.672519683838 279.572168986003 272.034804026286 244.76546049118 192.35901037852
300.230344136556 302.457292874654 308.270295461019 305.70391813914 307.272017002106 309.216439723969 309.197684129079 305.78750371933 298.26557636261 296.460727850596 299.241324265798 296.635150909424 296.279152234395 298.586328824361 299.469689528147 296.522517999013 296.672880649567 297.575195630391 295.590500036875 292.04797744751 285.076340039571 282.243212064107 279.303173224131 278.008302052816 277.814169724782 281.992554664612 276.788135369619 278.080364068349 281.152129173279 280.147135257721 277.381201585134 271.91702524821 275.888085365295 282.346308231354 272.848506768544 250.26136636734 245.036959648132 257.963756720225 275.209546089172 279.326816399892 277.281085650126 273.224790891012 265.192687511444 254.315257072449 233.596682548523 197.28942712148
298.917810122172 303.453723589579 305.603861808777 305.849353472392 306.650002797445 308.399717013041 308.822433153788 305.54586648941 302.681068579356 300.023277600606 300.611694653829 299.038132031759 295.650700728099 293.821434179942 292.716443538666 293.309907118479 288.103421529134 292.975167433421 293.495774269104 290.607670942942 286.283691724141 282.27710723877 280.712882677714 281.976600488027 276.98936065038 283.645033836365 283.346076806386 280.252734820048 280.59200445811 278.075953324636 271.911362806956 267.139474550883 267.959435780843 267.837325731913 259.125351905823 246.305008729299 249.042550722758 265.022456645966 278.919915358226 274.423877398173 274.503866831462 265.75098435084 255.027095476786 244.26798025767 231.541037559509 210.798144340515
304.379463195801 307.08259344101 305.018067359924 307.244082291921 305.601974328359 305.795629819234 306.987186272939 306.206544240316 306.792517503103 303.909142812093 302.577058474223 301.260193188985 298.067768414815 292.410890261332 292.029023170471 292.749762535095 288.270672162374 288.277586301168 293.418248494466 289.695998032888 284.830530484517 285.293519496918 283.430576324463 281.290491422017 278.967161973317 277.952194213867 282.951354980469 282.676974932353 277.994096279144 275.387227535248 269.511262575785 264.947414398193 265.813132127126 259.11953051885 246.916572252909 236.491799354553 244.031111399333 262.49889532725 268.895467122396 259.397029876709 264.626701672872 256.173809369405 246.268292268117 247.321804364522 248.91851345698 228.375136852264
304.224113623301 304.759919643402 306.653916835785 307.921985785166 307.63985713323 307.08388487498 308.487037817637 309.812029202779 307.027856508891 305.586437384288 305.063943068186 303.660651048024 298.834760983785 296.756148338318 295.300205548604 297.195474306742 292.144775390625 288.114587465922 290.859957536062 287.41975625356 286.025583744049 283.962249755859 279.994587103526 277.774274349213 283.393661181132 275.707443555196 276.187777519226 277.177770932515 275.944292545319 273.983061313629 271.736999352773 267.790853977203 263.283371925354 256.766736507416 247.054179509481 238.322854042053 245.174566904704 257.94913371404 257.204314072927 257.557849089305 262.296716372172 251.991947491964 250.213662783305 258.246203263601 262.484987576803 244.060178597768
299.795587857564 301.688571770986 305.152734120687 306.100726127625 308.410445849101 309.11785364151 307.133197784424 306.133051713308 306.314885616302 308.408518632253 305.537442366282 300.893187522888 300.009210904439 297.553102175395 295.819878578186 292.567888895671 292.264103889465 282.640337944031 282.536307970683 287.172357241313 281.722029050191 279.092530409495 281.907518704732 271.834790706635 276.67909860611 276.367882887522 271.69148127238 274.134377638499 275.222678979238 272.870341936747 271.263182163239 270.456353823344 262.366990248362 260.549108187358 260.515729586283 251.735051472982 252.006232738495 255.504747231801 258.009076118469 267.061452070872 261.747002601624 253.657539685567 257.846136887868 260.727047920227 258.289694786072 244.727631409963
294.390618801117 296.982288360596 300.544381141663 302.395820617676 306.197285652161 308.59375 306.394735972087 304.509282112122 307.515025138855 307.217439015706 306.094745794932 302.311837673187 298.5746661822 299.368977546692 292.794108390808 291.273713111877 286.03067000707 278.990050156911 281.580805778503 284.813145796458 283.110658327738 281.287292639414 281.443337599436 278.840323289235 274.081766605377 277.032216389974 275.262037913005 277.233819166819 280.818422635396 281.565129756927 282.984097798665 280.880570411682 271.717111269633 272.172768910726 270.829935868581 259.849031766256 259.529232978821 261.157234509786 263.135810693105 265.241861343384 255.691329638163 250.398178895315 248.775283495585 245.048681894938 242.797315120697 242.426633834839
293.551862239838 290.886123975118 293.883800506592 300.202270348867 303.52787176768 305.801649888357 306.860605875651 307.018717130025 307.812889417013 305.622041225433 304.975728193919 303.771336873372 301.265676816305 294.954816500346 293.948650360107 287.769277890523 284.875909487406 279.43076690038 283.296803633372 287.377238273621 287.630617618561 286.036849021912 282.47731924057 281.14640712738 277.397036552429 280.481437842051 280.314167340596 281.264781951904 285.425881544749 289.586166540782 292.754491170247 291.682819525401 282.403429349263 279.8979083697 273.07532231013 264.5556529363 260.584870974223 265.340248743693 266.198913256327 254.340449968974 243.624051411947 246.474146842957 245.396474997203 239.75000778834 237.879037857056 242.663423220317
293.176968892415 295.562108357747 296.967546145121 301.257729530334 300.153851509094 300.802707672119 305.530985196431 309.02373790741 307.987968126933 305.222948392232 305.113852024078 301.008582115173 298.445602258046 293.779571851095 292.255520820618 295.126636823018 287.841538588206 283.288359642029 283.271412054698 290.422022342682 288.461903731028 287.816782792409 284.198562304179 282.219469547272 278.187175591787 282.821853955587 284.961978594462 284.955600897471 288.030425707499 292.806684970856 296.611825625102 296.199222405752 287.226895491282 280.421137809753 269.873201847076 260.137915611267 259.419798851013 264.808257420858 260.672251383464 244.369705518087 239.551544189453 250.858187675476 251.212378342946 243.841369946798 240.448554356893 235.929926236471
292.910138765971 299.99170700709 299.533625443776 300.827304522196 300.147493680318 299.635251363118 302.792926629384 304.487983385722 304.432173569997 304.776231447856 303.683857123057 302.000562349955 300.425946712494 295.26275396347 292.188962300618 296.466886997223 292.327185471853 284.76623694102 282.114664713542 285.477995872498 285.90977191925 283.918122450511 283.65300099055 279.915928840637 277.295549710592 278.251131375631 281.496524810791 281.67204062144 282.906949520111 287.41443157196 293.381055196126 294.10727818807 282.688736915588 268.432418505351 236.495534578959 226.359824339549 242.228925228119 255.87671995163 258.175532023112 256.779193878174 260.695377985636 259.476661682129 241.930147012075 235.563119252523 244.533876578013 233.040968577067
292.150139808655 290.075083573659 289.24423456192 292.672952016195 296.034236749013 296.790500481923 296.842316786448 300.577362378438 300.542891025543 302.154004573822 301.605542500814 303.114453951518 301.605661710103 297.945618629456 293.065289656321 292.374173800151 292.450865109762 282.490829626719 279.938578605652 277.70459651947 279.170095920563 279.361685117086 278.942167758942 273.502707481384 273.595849672953 270.746449629466 273.944099744161 274.309198061625 271.378417809804 272.390902042389 276.81706349055 278.851668039958 262.070000171661 235.095838705699 205.032487710317 190.849860509237 204.33121919632 232.27337996165 255.181550979614 257.010002930959 259.029587109884 249.133427937826 232.2163383166 232.837895552317 238.685309886932 212.999065717061
295.021156469981 287.151078383128 282.281458377838 284.140785535177 292.440632979075 299.120644728343 298.49894841512 298.826952775319 299.22354221344 299.174269040426 300.068100293477 300.607899824778 302.470405896505 299.427251021067 292.891542116801 292.608837286631 293.108840783437 284.154097239176 279.709696769714 280.867358048757 281.890014807383 278.598686059316 276.751458644867 272.713124752045 271.322051684062 269.61745818456 271.13409837087 268.669227759043 267.103612422943 263.539751370748 256.772081057231 253.30110390981 235.654890537262 212.327281634013 200.050314267476 189.568003018697 177.905877431234 188.087423642476 208.269198735555 233.636200428009 245.486279328664 235.705236593882 229.6355565389 229.906916618347 220.790366331736 200.741489728292
294.873714447021 287.515381971995 283.86269013087 285.478969415029 292.275687058767 299.339095751445 300.430138905843 298.658788204193 300.326307614644 297.555963198344 298.800528049469 300.401469071706 300.490419069926 299.855132897695 295.012056827545 293.681104977926 293.139775594076 287.709514300029 282.589236895243 283.877849578857 283.787131309509 281.94401661555 279.148538907369 277.368505795797 273.561378320058 272.51144250234 270.381132761637 270.216623942057 266.473491986593 261.293192704519 251.116573810577 245.228668053945 228.235443433126 217.991848786672 220.359007517497 218.786140282949 203.916211922963 191.009044647217 181.568344434102 193.724552790324 217.180411020915 210.735122362773 203.357974688212 196.373820304871 192.661881446838 190.851887067159
295.250137646993 293.37332646052 286.458591620127 283.026695251465 287.175456682841 297.694365183512 299.257477124532 297.097007433573 296.42919699351 297.768712043762 302.126844724019 301.690002282461 301.594614982605 300.548434257507 297.498484452565 295.685927073161 295.418798923492 292.238036791484 286.619146664937 284.743090470632 283.078233400981 283.071935176849 282.546361287435 282.664895057678 278.554638226827 276.299357414246 271.286388238271 264.112651348114 257.657408714294 253.858923912048 253.637591997782 249.847014745077 235.498547554016 234.412550926208 239.886323610942 245.510876178741 249.81693426768 239.523609479268 222.480197747548 190.086245536804 192.128916581472 201.004564762115 198.729197184245 192.6509141922 196.980615456899 208.092351754506
297.066847483317 296.171406904856 292.089362939199 284.331281979879 283.241212368011 292.249421278636 296.308139959971 295.51629225413 294.064958890279 296.783010164897 303.435544172923 303.220470746358 301.35170618693 301.170667012533 298.36638768514 294.983963171641 295.910358428955 290.967682997386 288.562456766764 287.109633286794 285.5557401975 283.787449200948 282.394508520762 278.329054514567 276.145339012146 272.583742936452 258.616109689077 236.330389976501 231.655418872833 237.625400225321 243.938207626343 241.574962933858 235.288540522257 233.529150485992 243.624170621236 256.630301475525 270.362178484599 275.397042433421 267.069717248281 226.561824480693 197.585920492808 206.491192181905 218.134701251984 226.838211218516 234.779973824819 242.36539999644
296.516299247742 293.058673540751 292.004744211833 289.634227752686 282.915651798248 286.454141139984 295.911252498627 296.065390110016 293.552458286285 293.864687283834 301.816741625468 302.819192409515 298.460920651754 299.555718898773 299.65204000473 294.133027394613 293.829123179118 290.504256884257 289.092441399892 286.97137037913 288.785735766093 287.365972995758 283.192674318949 277.673363685608 276.829759279887 276.408930619558 259.177247683207 238.558530807495 236.744503180186 242.495814959208 249.237656593323 246.369560559591 243.832012017568 246.819337209066 258.519768714905 266.173342863719 270.252962907155 245.078027248383 218.982954819997 215.758005777995 223.043918609619 235.520223776499 232.433835665385 221.996565659841 218.483825524648 231.47040605545
287.041882673899 291.685104370117 289.729396502177 289.685189723969 285.121381282806 282.461603482564 295.009295145671 297.973851362864 294.767955938975 291.888614495595 296.998461087545 301.718334356944 299.365997314453 296.544810136159 296.521623929342 292.810539404551 290.365000565847 289.91025686264 288.498302300771 289.032737414042 289.175450801849 285.735567410787 286.282916863759 280.910134315491 279.894948005676 281.861344973246 275.614996751149 270.135660966237 267.825504144033 267.598032951355 260.871708393097 254.566073417664 256.867150465647 258.407255013784 256.32115205129 239.980359872182 217.300097147624 177.99707253774 159.654915332794 196.21197382609 235.448598861694 244.059284528097 226.772507031759 217.928906281789 223.174591859182 235.233068466187
276.683708031972 287.96641031901 287.676811218262 287.347098191579 286.55074040095 281.92392985026 289.184212684631 296.97048664093 300.025304158529 294.822812080383 296.431382497152 299.792170524597 299.480815728505 297.376275062561 295.888801415761 293.490727742513 287.911613782247 287.355482578278 284.401476383209 282.63517220815 283.930579821269 282.725910345713 281.563401222229 279.600739479065 280.02001841863 285.42439142863 291.419943173726 293.342530727386 277.909497419993 272.680004437764 262.345731258392 253.085970878601 252.265314261119 234.239399433136 204.923351605733 180.574178695679 168.850620587667 156.232595443726 146.121472120285 164.528161287308 192.688822746277 217.92471408844 227.337698141734 243.120312690735 271.497348944346 277.963479359945
