input/barkrak2/radiation/dir18024.grid
NCOLS 85 
NROWS 70 
XLLCORNER 665100 
YLLCORNER 4664600 
CELLSIZE 20 
NODATA_value -9999 
[rows 40 to 59 of 70, columns 0 to 45 of 85]
343.00967057546 343.63579750061 343.60146522522 345.22803624471 349.121650060018 351.633946100871 353.165825208028 355.332692464193 355.982740720113 349.523703257243 342.49754746755 340.197165807088 336.809078852336 335.067351659139 332.582036654154 330.430467923482 329.465905825297 327.523330847422 323.43852519989 322.113831837972 322.107036908468 324.801862239838 324.245194594065 320.228139559428 316.319028536479 314.666469891866 318.748792012533 317.712903022766 319.564342498779 318.970521291097 316.971937815348 312.524855136871 287.392020225525 282.433867454529 302.905976772308 303.420384724935 294.549187024434 294.697483380636 295.034945011139 283.060352007548 291.109522183736 331.015050411224 351.21496518453 308.899521827698 248.73294432958 206.217030684153
347.0512231191 345.508098602295 345.653414726257 346.297065416972 344.547033309937 343.281825383504 343.160351117452 343.637069066366 346.558888753255 342.567483584086 337.440172831217 336.837689081828 337.995449701945 337.092002232869 336.467464764913 332.845469315847 328.791836897532 332.499921321869 331.462442874908 326.855381329854 325.526495774587 325.595537821452 325.298567612966 325.497051080068 323.040862878164 320.6574122111 322.749714056651 322.729965051015 320.677657922109 320.213437080383 320.641795794169 314.419786135356 294.957896073659 293.732702732086 304.634094238281 296.191215515137 281.701366106669 282.426039377848 290.028889973958 294.463992118835 307.759602864583 320.157527923584 334.007302920024 333.874861399333 291.471322377523 241.410156091054
348.360300064087 346.996903419495 348.660667737325 348.177115122477 344.419995943705 343.151172002157 343.041896820068 342.381596565247 342.769742012024 339.358607927958 337.752421696981 336.915493011475 338.343938191732 339.576959609985 338.416496912638 335.710525512695 332.818786303202 334.988832473755 335.275411605835 329.893310864766 327.461401621501 325.797339280446 322.757840156555 324.469685554504 326.048751672109 322.579105695089 317.571481068929 319.23653682073 320.079545180003 321.209967136383 317.646940549215 310.5122645696 302.287995815277 303.053100903829 301.981508731842 285.527765750885 270.551105340322 276.6432762146 291.89411799113 304.124255975087 312.136073907216 310.146450996399 306.499739487966 311.991373697917 297.466973463694 247.569501399994
340.866128603617 342.55309899648 346.978306770325 345.442255338033 346.200188000997 347.665150960286 348.144332567851 346.79385026296 340.419212977091 339.747349421183 340.988596280416 338.260412216187 337.699810663859 339.106321334839 337.30677763621 336.082379023234 335.716088612874 336.004535357157 335.310896237691 331.077218055725 326.722025871277 325.829287370046 323.194921016693 322.024861971537 322.914799054464 324.140012264252 317.814071973165 318.208316961924 319.233894348145 317.294319470723 314.379254976908 307.063460350037 306.348423163096 306.60883585612 293.188353379567 271.054704984029 266.361355781555 280.443549156189 300.065517425537 305.00861008962 304.985682169596 300.831953684489 293.027440706889 291.507601737976 285.90053319931 255.883475144704
341.217080752055 344.138781229655 345.474759737651 345.28394540151 346.279700597127 347.342332204183 347.724795341492 345.471978187561 343.271811803182 340.899546941121 341.994802157084 340.007980664571 337.230046590169 334.405541419983 334.609905878703 333.755850791931 330.459376176198 333.759864171346 335.345307985942 332.943916320801 329.450249671936 327.17764377594 325.760583082835 325.223128000895 322.390814622243 326.902608076731 325.886189937592 322.918315728505 320.775131384532 316.235760847727 309.969067573547 304.663976033529 303.292016188304 298.785150051117 285.71621576945 268.835504849752 270.164012908936 286.148269971212 301.532328128815 300.109585126241 301.532049973806 294.260819753011 281.58829609553 276.899715264638 277.868588765462 267.379601796468
344.947735468547 347.162326176961 345.05303700765 346.741477648417 345.523476600647 345.205386479696 345.974206924438 344.961404800415 346.057017644246 343.57758363088 342.490633328756 342.34611193339 337.916135787964 335.601687431335 334.11439259847 335.372964541117 331.990361213684 332.956214745839 335.305015246073 334.960778554281 330.918888250987 330.972731113434 327.997148036957 327.652096748352 325.47785838445 322.414835294088 325.47390460968 322.933713595072 319.739083449046 316.03745619456 309.842904408773 305.31911055247 302.86830663681 293.573975563049 278.085509936015 263.385613759359 268.683214982351 286.125183105469 293.761690457662 287.877837816874 293.275733788808 284.947653611501 273.283104101817 275.937676429749 286.520580450694 278.293987115224
344.977776209513 345.695575078328 346.740206082662 346.829493840535 346.4728196462 346.154411633809 347.075343132019 347.358147303263 346.134463946025 345.303455988566 344.218214352926 343.013326327006 341.312925020854 338.759183883667 337.472518285116 339.84367052714 337.228854497274 332.813739776611 335.868000984192 335.779905319214 331.780850887299 331.182261308034 329.822957515717 326.781233151754 328.768412272135 322.381973266602 322.062214215596 319.889922936757 317.895849545797 316.15549325943 310.939908027649 306.232194105784 300.159653027852 290.265599886576 276.500443617503 265.055537223816 272.619207700094 285.472929477692 283.571441968282 285.424649715424 292.027115821838 281.212389469147 276.816109816233 283.797522385915 292.879740397135 284.911096096039
341.896494229635 343.230565388997 345.94718615214 345.677455266317 346.994558970133 347.568114598592 346.235473950704 345.803340276082 345.394531885783 346.395452817281 345.224897066752 342.679500579834 343.058188756307 341.234803199768 340.147932370504 338.824470837911 338.631868362427 331.506888071696 333.966016769409 334.118445714315 331.254541873932 328.995962937673 329.642355442047 321.953674157461 323.550124963125 322.729369004567 318.532109260559 317.590713500977 317.241768042247 313.66507212321 309.112966060638 307.824552059174 299.043715000153 294.656972090403 287.174105644226 274.577558040619 277.132074038188 284.310022989909 286.359786987305 292.894144852956 290.015339851379 283.006032307943 284.847736358643 285.681148370107 285.319487253825 277.117689450582
338.140686353048 340.033928553263 342.34611193339 343.877037366231 346.270561218262 347.608804702759 345.991094907125 344.156742095947 346.516052881877 346.952756245931 346.131881078084 344.502687454224 343.016982078552 343.606511751811 341.373324394226 337.842384974162 337.829152743022 331.714272499084 331.876118977865 333.666284879049 332.187910874685 330.923020839691 330.921451250712 325.488845507304 323.334058125814 322.841862837474 317.53408908844 318.447947502136 318.247536818186 318.753619988759 318.053245544434 314.828832944234 304.994364579519 304.390490055084 296.526948610942 279.422163963318 279.853304227193 287.899454434713 292.121847470601 293.02438100179 283.197204271952 280.671636263529 279.863099257151 274.364272753398 271.816571553548 271.413107713064
337.571859359741 336.241602897644 338.31532796224 342.643022537231 344.059586524963 345.292210578918 346.252123514811 347.140391667684 348.049402236938 346.725384394328 346.874157587687 347.06707795461 345.771551132202 343.729456265767 342.006007830302 338.898777961731 335.698485374451 332.09365606308 333.236654599508 334.1117699941 335.599740346273 332.730491956075 328.134536743164 326.872408390045 321.765005588531 321.588476498922 321.01974884669 319.157818953196 321.402609348297 323.055962721507 324.647784233093 318.053722381592 310.260355472565 310.272375742594 301.484366257985 284.789661566416 278.396089871724 286.323348681132 292.292813460032 282.822509606679 272.052764892578 275.069117546082 275.442063808441 269.75812514623 269.313057263692 272.46876557668
337.720076243083 339.676856994629 339.864770571391 343.566298484802 343.962788581848 343.319892883301 347.001949946086 349.294781684875 348.663091659546 348.741928736369 348.803877830505 348.031798998515 345.730861028035 342.873652776082 343.118111292521 342.711249987284 337.842067082723 333.27728509903 333.12584956487 336.343844731649 334.455887476603 332.232793172201 327.461719512939 323.471983273824 318.081418673197 321.193118890127 320.016225179036 319.436033566793 323.233862717946 323.338508605957 323.949873447418 318.327744801839 311.128397782644 307.909111181895 297.721107800802 284.610867500305 279.592235883077 283.65017970403 283.671100934346 271.464407444 268.721838792165 279.315849145253 278.824170430501 271.027028560638 270.249307155609 265.765766302745
337.84286181132 343.613266944885 344.067533810933 344.725092252096 343.763629595439 343.472043673197 346.514940261841 348.858912785848 348.856846491496 350.326140721639 348.653038342794 347.582141558329 346.740921338399 342.740654945374 341.070572535197 343.577742576599 339.448571205139 332.514822483063 328.49395275116 332.694749037425 330.871383349101 327.273567517598 322.986980279287 317.523578802745 315.085510412852 315.322120984395 317.390084266663 317.033608754476 317.43045647939 317.597071329753 320.631126562754 316.810011863708 305.29514948527 295.503874619802 272.841652234395 260.205348332723 270.174662272135 278.189818064372 276.727894941966 276.571015516917 284.455458323161 287.151694297791 272.24063873291 263.764639695485 271.558920542399 259.938995043437
338.892539342244 337.433815002441 337.681372960409 338.997920354207 342.470606168111 345.105568567912 344.683448473612 347.487529118856 346.728285153707 348.058025042216 348.278919855754 348.291794459025 346.415956815084 344.44006284078 340.325037638346 339.488744735718 337.908665339152 332.575380802155 327.026526133219 324.920217196147 322.193662325541 319.892525672913 319.080630938212 314.506113529205 314.065198103587 311.516602834066 311.804036299388 311.66277329127 308.39745203654 308.654983838399 311.554789543152 310.535709063212 288.508137067159 264.585117499034 239.15167649587 229.056974252065 242.539763450623 266.642053922017 281.162321567535 277.324040730794 277.778347333272 273.139695326487 260.806918144226 263.618608315786 268.240074316661 244.389216105143
341.585040092468 335.181514422099 333.550055821737 336.941679318746 342.73898601532 346.960783004761 346.696019172668 346.641977628072 347.080151240031 346.38778368632 345.718741416931 346.99010848999 346.828460693359 344.077865282695 341.46253267924 338.24626604716 335.175633430481 330.177625020345 324.691812197367 323.409020900726 322.204808394114 319.223841031392 317.493855953217 313.929438591003 312.337179978689 308.323899904887 307.241022586823 306.795914967855 305.173297723134 302.00868844986 293.965220451355 287.439544995626 265.674829483032 239.434083302816 230.770448843638 227.338294188182 220.587213834127 231.140196323395 246.575752894084 264.695107936859 269.940257072449 260.602017243703 256.588796774546 259.53487555186 250.970264275869 230.327427387238
341.914137204488 338.80337079366 335.927724838257 338.400999704997 343.189040819804 347.493688265483 348.165909449259 345.822095870972 347.029248873393 345.400412877401 346.171776453654 344.912966092428 345.785617828369 342.88748105367 339.953541755676 337.226549784342 333.097894986471 328.980247179667 324.699680010478 325.539549191793 325.226843357086 321.890950202942 319.371124108632 317.436436812083 314.034024874369 310.510277748108 308.472196261088 306.224882602692 303.079505761464 298.642218112946 289.596756299337 279.486179351807 256.764431794484 242.75020758311 246.581594149272 250.216702620188 243.778745333354 235.361814498901 226.231674353282 233.649452527364 248.956263065338 241.067449251811 234.74508523941 228.880763053894 225.039442380269 220.856964588165
343.539953231812 342.793862024943 339.850823084513 336.848100026449 339.974284172058 344.891786575317 346.523324648539 344.915906588237 344.737609227498 344.691077868144 347.4227587382 345.703125 344.200213750203 340.490341186523 338.481307029724 335.149526596069 334.663430849711 330.256402492523 325.580537319183 326.225658257802 322.715322176615 322.710295518239 319.519956906637 321.224808692932 315.432985623678 313.389201958974 309.353987375895 303.493241469065 299.909392992655 292.026480038961 289.73913192749 284.571905930837 264.18125629425 256.860077381134 260.695079962413 268.209099769592 279.329617818197 275.679429372152 260.067641735077 230.766455332438 228.791137536367 229.798078536987 227.209707101186 225.376725196838 231.020410855611 236.836473147074
345.439394315084 344.604770342509 342.761834462484 338.02056312561 336.145480473836 342.605948448181 344.692349433899 342.945257822673 342.326800028483 342.97251701355 345.818122227987 345.329523086548 341.320276260376 340.897957483927 336.904366811117 334.678252538045 334.99538898468 330.976049105326 327.236592769623 326.029419898987 324.536283810933 322.56809870402 319.13302342097 317.55663951238 315.637171268463 312.690456708272 299.522201220195 281.603554884593 277.126630147298 279.99484539032 287.750442822774 283.024112383525 265.870968500773 258.462409178416 265.150030454 275.16504128774 291.070242722829 300.464749336243 291.555345058441 260.341048240662 234.609544277191 236.904362837474 244.10092830658 254.982193311056 265.247384707133 268.364528814952
344.854553540548 343.400756518046 343.87214978536 341.761509577433 337.344288825989 338.623960812887 343.534270922343 343.335747718811 339.541435241699 339.400410652161 340.194861094157 342.281262079875 339.103221893311 338.267246882121 337.85355091095 332.406143347422 333.589434623718 330.777585506439 327.673017978668 327.436506748199 326.687614123027 325.102905432383 321.714520454407 317.245801289876 316.301663716634 315.414865811666 299.80727036794 282.666842142741 281.892935434977 288.537124792735 294.631441434224 284.502069155375 273.638208707174 272.609194119771 284.636120001475 287.600735823313 293.622136116028 282.760659853617 250.306010246277 242.509682973226 253.689885139465 263.07878891627 257.904926935832 252.197325229645 253.784239292145 264.482776323954
338.270545005798 342.602968215942 342.519164085388 340.757369995117 337.671200434367 334.457755088806 340.677340825399 342.384298642476 337.325930595398 334.234515825907 338.253776232402 340.106725692749 338.186860084534 336.223880449931 335.852861404419 332.926233609517 329.326887925466 328.333795070648 326.594452063243 326.626837253571 326.286892096202 323.454161485036 324.046095212301 317.435105641683 318.615158398946 319.055199623108 311.755776405334 309.089620908101 305.115898450216 303.813974062602 296.847720940908 287.138561407725 283.556938171387 281.377693017324 279.208620389303 265.793005625407 246.519923210144 212.342361609141 195.620159308116 232.264002164205 268.19388071696 269.018133481344 248.321056365967 243.625521659851 256.492257118225 270.539979139964
331.450899442037 339.080890019735 339.276870091756 339.157025019328 336.054086685181 331.124623616536 333.648482958476 339.067180951436 339.042623837789 334.051450093587 336.148659388224 338.843146959941 338.259140650431 335.140585899353 335.43340365092 331.653475761414 327.074686686198 326.23024781545 323.500057061513 322.034319241842 322.767039140065 321.49883111318 320.258975028992 318.313499291738 318.17505757014 322.868446509043 322.896838188171 325.763543446859 311.120609442393 306.288023789724 299.165825049082 285.664518674215 285.155097643534 266.368190447489 238.719622294108 211.106876532237 195.546845595042 187.758207321167 183.878699938456 208.949069182078 236.158033212026 253.024478753408 250.41538476944 262.516558170319 293.269197146098 303.044994672139
