input/barkrak2/radiation/dir17524.grid
NCOLS 85 
NROWS 70 
XLLCORNER 665100 
YLLCORNER 4664600 
CELLSIZE 20 
NODATA_value -9999 
[rows 20 to 39 of 70, columns 0 to 45 of 85]
211.636920770009 205.11927207311 221.503774325053 263.147513071696 259.025752544403 207.582414150238 189.921498298645 196.356177330017 209.321101506551 231.258531411489 245.583653450012 252.866208553314 264.834582805634 276.634971300761 293.229579925537 327.406287193298 336.795647939046 339.773495992025 343.460520108541 349.369446436564 351.250608762105 346.237421035767 345.40847937266 346.824447313945 347.721656163534 347.816864649455 349.390824635824 345.979928970337 341.21302763621 340.905706087748 335.363070170085 325.637141863505 318.435033162435 315.711379051208 314.133862654368 318.97501150767 319.243788719177 321.481347084045 325.848639011383 328.261653582255 329.108436902364 329.117039839427 331.00297053655 326.086421807607 330.023864905039 333.170255025228
236.271580060323 237.571219603221 257.806638876597 288.591166337331 282.908082008362 222.880164782206 202.587107817332 200.894236564636 211.043357849121 224.636058012644 234.572251637777 245.602309703827 255.733450253805 263.342340787252 277.698477109273 295.184870560964 325.77254374822 335.391362508138 340.240120887756 346.264004707336 349.580725034078 353.074908256531 354.092597961426 353.578925132751 351.043065388997 347.736001014709 344.409942626953 340.993642807007 339.602549870809 333.033124605815 317.367931207021 290.75547059377 272.628585497538 272.017916043599 279.935042063395 297.744433085124 304.766118526459 317.229052384694 325.886209805806 326.701164245605 325.132787227631 323.19853703181 318.203985691071 306.083877881368 322.296361128489 330.193678538005
274.096588293711 283.141871293386 293.633202711741 303.844451904297 303.944269816081 256.303707758586 225.372850894928 208.807746569316 205.434064070384 219.715515772502 236.861824989319 244.865556557973 259.301880995433 268.858114878337 273.958563804626 290.506362915039 303.636113802592 328.206757704417 335.158944129944 336.317936579386 338.960250218709 346.575975418091 351.030985514323 350.781877835592 348.294417063395 347.026745478312 343.647281328837 340.484340985616 329.464753468831 311.440467834473 268.483539422353 217.31291214625 198.765695095062 217.062950134277 245.079298814138 267.931044101715 285.251100858053 304.039001464844 315.220554669698 316.922863324483 319.751381874084 320.173899332682 299.887716770172 282.029906908671 305.811285972595 327.732523282369
291.662534077962 295.850495497386 300.059894720713 308.295766512553 308.171550432841 289.715230464935 250.158508618673 218.391617139181 203.041195869446 208.141684532166 232.916533946991 247.546950976054 262.068410714467 280.956745147705 281.119545300802 286.718149979909 298.215985298157 312.318523724874 327.774365743001 325.577298800151 324.204484621684 327.749888102214 336.548129717509 342.264652252197 342.918117841085 337.245027224223 322.200298309326 304.642240206401 279.034356276194 234.976251920064 197.077552477519 171.951234340668 148.06874593099 148.679474989573 162.652571996053 199.305176734924 237.922151883443 264.011740684509 279.735684394836 289.308170477549 288.81561756134 274.649024009705 260.409891605377 292.885661125183 287.650803724925 321.86371088028
283.400257428487 285.981973012288 298.390607039134 309.591253598531 301.569561163584 290.162722269694 258.720656236013 234.097341696421 216.484149297078 209.713876247406 225.919564565023 242.179115613302 255.594034989675 273.986339569092 280.587414900462 282.100160916646 294.171273708344 306.65397644043 316.403865814209 317.626794179281 321.936726570129 318.92321507136 325.851380825043 318.097054958344 306.169549624125 301.145931084951 292.164166768392 280.752082665761 247.062166531881 191.234687964121 169.489860534668 167.106012503306 150.225102901459 129.969070355097 121.951341629028 135.687172412872 181.849678357442 219.191551208496 243.992865085602 257.676303386688 247.72576491038 225.373427073161 246.479531129201 308.175086975098 300.01837015152 322.904388109843
278.565843900045 282.434781392415 295.922855536143 305.923302968343 303.213179111481 291.889508565267 267.338494459788 258.393029371897 247.726023197174 232.508301734924 232.897957166036 252.131660779317 267.255425453186 280.291457970937 288.939356803894 286.649703979492 293.207009633382 304.930587609609 311.278760433197 318.456053733826 328.014691670736 318.845649560293 297.892093658447 294.709742069244 295.245925585429 293.059945106506 281.390309333801 267.799278100332 224.269191424052 195.385654767354 194.491962591807 211.51077747345 216.626584529877 194.095094998678 158.908317486445 138.432045777639 157.934139172236 185.846189657847 226.885060469309 241.525848706563 223.233819007874 214.442491531372 254.15559609731 290.93736410141 310.927172501882 334.3878587087
280.657927195231 282.438655694326 291.305700937907 302.017092704773 315.772275129954 299.9161084493 281.388322512309 268.537878990173 266.330679257711 260.835647583008 252.915263175964 268.05857817332 280.939360459646 296.307285626729 297.29417959849 293.351590633392 295.853455861409 305.719435214996 313.288311163584 321.059187253316 318.480332692464 309.421380360921 304.925084114075 297.28098710378 294.565518697103 292.370100816091 280.266086260478 266.368746757507 230.130235354106 224.091490109762 246.317406495412 269.34677362442 273.256679375966 286.821047465007 269.48877175649 184.336443742116 169.211943944295 181.328356266022 207.929015159607 239.5139336586 232.02129205068 263.455212116241 255.710323651632 267.5861120224 302.095850308736 323.97989432017
284.908334414164 281.083524227142 284.439027309418 297.629952430725 334.601044654846 307.955801486969 284.820993741353 267.024000485738 267.446001370748 275.468945503235 271.370629469554 275.022923946381 288.415809472402 299.505650997162 301.253418127696 300.815165042877 302.051544189453 309.4375928243 306.931336720784 311.414122581482 308.43993028005 301.972905794779 300.565083821615 306.116859118144 303.405324618022 297.324935595195 289.115269978841 277.22962697347 251.702348391215 249.836166699727 274.668633937836 289.341350396474 287.198185920715 301.080981890361 329.755345980326 265.070637067159 200.160046418508 185.031155745188 199.30104414622 243.232985337575 269.411623477936 312.361299991608 265.610496203105 259.217401345571 290.822148323059 302.212337652842
281.831542650859 274.256646633148 278.334975242615 304.097652435303 345.772425333659 305.15468120575 274.983843167623 261.687537034353 267.288426558177 275.735318660736 274.008691310883 273.439923922221 289.523760477702 300.840258598328 304.51492468516 309.761782487233 305.158654848735 294.281284014384 302.452286084493 303.026835123698 304.031411806742 299.044191837311 298.920273780823 304.51097091039 308.595299720764 300.962666670481 296.230216821035 286.868790785472 262.910127639771 256.659785906474 279.830515384674 298.196156819661 296.527802944183 294.603029886882 317.259728908539 324.392676353455 236.874103546143 179.116507371267 168.947498003642 215.203702449799 278.116126855214 293.745577335358 257.292787233988 236.194491386414 263.162195682526 277.751386165619
274.147570133209 266.583244005839 275.457859039307 314.467310905457 342.440644900004 302.805523077647 268.645505110423 251.295149326324 249.714434146881 256.554305553436 256.023665269216 261.579136053721 283.761243025462 300.974527994792 304.828763008118 306.418100992839 304.544985294342 293.50213209788 294.83950138092 297.009627024333 297.527690728505 299.147665500641 298.38240146637 302.876750628154 306.797782580058 305.77023824056 302.916884422302 292.745689551036 270.580351352692 265.660961469014 284.445663293203 302.616596221924 297.78269926707 294.137001037598 303.091088930766 324.431935946147 314.811925093333 242.250065008799 193.034509817759 201.934039592743 237.264434496562 252.672096093496 251.412987709045 222.202479839325 235.875487327576 263.383050759633
262.055118878682 272.488276163737 301.83215936025 347.473343213399 349.622488021851 307.759165763855 271.082937717438 245.191136995951 238.081057866414 248.989403247833 244.038502375285 242.861290772756 275.985777378082 302.261670430501 305.303851763407 308.86189142863 309.313396612803 298.013091087341 299.082497755686 299.631496270498 298.906962076823 301.694671312968 303.032835324605 306.59939845403 308.2035779953 310.714880625407 311.000883579254 301.096220811208 283.280809720357 278.245608011882 289.878884951274 302.624583244324 300.195813179016 299.237291018168 302.409331003825 304.893533388774 330.052057902018 344.099283218384 280.10634581248 233.18604628245 221.002757549286 211.716175079346 226.766566435496 225.098133087158 232.83310731252 269.287367661794
280.54803609848 305.075903733571 321.785549322764 325.948278109233 355.435450871785 338.980038960775 305.709679921468 267.743587493896 251.999179522196 265.13018210729 261.986354986827 242.050190766652 261.719187100728 293.613811333974 305.473486582438 309.985836346944 309.659361839294 307.856877644857 300.842881202698 301.410893599192 303.450226783752 305.914719899495 307.578206062317 308.184027671814 309.666514396667 315.994163354238 318.083027998606 315.186182657878 300.711413224538 293.909033139547 296.7742284139 300.167441368103 301.78435643514 305.884162584941 308.2075715065 296.390573183695 305.321415265401 344.61251894633 344.315449396769 286.279201507568 238.075236479441 210.430085659027 210.921108722687 229.318976402283 253.544529279073 284.125924110413
309.04616912206 316.184560457865 304.052313168844 296.094218889872 315.221726894379 338.28067779541 335.326512654622 308.145999908447 283.707737922668 288.595934708913 290.632466475169 268.642206986745 265.173017978668 286.654154459635 305.447618166606 308.954358100891 307.587424914042 311.039566993713 304.278274377187 303.258458773295 307.260513305664 310.110251108805 308.454871177673 308.959106604258 311.558127403259 318.731268246969 323.698083559672 323.801517486572 310.189783573151 300.89807510376 306.825915972392 309.122363726298 304.795304934184 307.22439289093 311.490893363953 301.649212837219 300.758103529612 321.646889050802 328.702390193939 306.110739707947 277.031620343526 234.893381595612 213.82741133372 223.66072734197 245.226224263509 279.19606367747
296.87774181366 288.132389386495 280.363361040751 269.128898779551 269.465665022532 290.692528088888 313.259919484456 312.952101230621 302.986025810242 307.151357332865 306.033412615458 292.446871598562 284.223914146423 294.868032137553 308.055440584819 306.581815083822 307.071487108866 308.769583702087 302.007456620534 306.216816107432 306.162774562836 309.235374132792 307.669063409169 306.626995404561 310.495734214783 316.981891791026 323.164423306783 322.164336840312 313.231190045675 308.093130588531 312.403639157613 310.49782037735 299.980064233144 299.784302711487 304.359475771586 289.267977078756 286.365727583567 287.962814172109 284.13995107015 290.73292016983 300.223926703135 266.261120637258 237.648844718933 228.619794050852 230.341970920563 253.014802932739
288.823346296946 277.431050936381 283.858935038249 269.210934638977 260.946333408356 272.925098737081 300.190130869548 326.618134975433 324.354529380798 314.304073651632 302.560389041901 301.210880279541 311.063985029856 311.961233615875 310.51899989446 309.53973531723 309.967458248138 308.03918838501 306.613405545553 309.342801570892 308.837413787842 306.687831878662 306.388179461161 308.053652445475 309.289197127024 311.65736913681 315.866748491923 314.713736375173 313.290377457937 313.433686892192 313.800811767578 303.774774074554 288.434187571208 294.020553429921 293.542583783468 277.462522188822 278.086404005686 278.339346249898 286.771516005198 310.697336991628 309.766292572021 295.602162679036 273.71746301651 257.906297842662 239.790538946788 233.054161071777
309.779524803162 304.017702738444 313.895026842753 308.593114217122 298.272132873535 303.239504496257 320.603470007579 344.265381495158 339.696009953817 316.759208838145 301.547427972158 310.317238171895 325.757344563802 323.622981707255 316.69420003891 319.720904032389 314.318219820658 311.210056145986 313.505868117015 316.086610158284 312.676310539246 308.398465315501 308.572192986806 312.312702337901 309.228797753652 310.37437915802 312.370876471202 309.026499589284 311.72513961792 316.940367221832 313.666820526123 303.070823351542 289.949417114258 290.612161159515 284.327983856201 280.147592226664 285.183012485504 285.323182741801 297.747711340586 330.00115553538 298.836549123128 282.416760921478 274.791280428569 266.779005527496 252.6828845342 228.856921195984
337.063272794088 333.790977795919 335.822979609172 338.611761728923 329.473435878754 323.00062974294 327.57027943929 342.535416285197 340.731819470723 313.55090936025 305.378496646881 318.267663319906 331.831395626068 324.048360188802 320.731858412425 322.164495786031 327.315588792165 317.611753940582 320.596098899841 321.104526519775 318.323830763499 315.183579921722 312.14431921641 313.983182112376 310.518264770508 308.216830094655 311.366399129232 312.516788641612 315.052707990011 319.345951080322 315.856715043386 305.021603902181 292.557835578918 286.308070023855 279.191374778748 284.425357977549 291.061083475749 289.650758107503 292.786280314128 318.15900405248 288.69237502416 246.47589524587 235.311309496562 229.66476281484 226.893107096354 220.959722995758
351.124207178752 347.514112790426 341.747522354126 342.867811520894 337.730447451274 329.079349835714 325.230081876119 330.620984236399 338.145057360331 319.536884625753 321.439623832703 330.482264359792 329.245567321777 325.89715719223 322.705229123433 325.256725152334 331.048011779785 327.301939328512 324.765145778656 322.614669799805 322.811504205068 318.924307823181 314.934372901917 314.697166283925 313.384970029195 310.632824897766 311.599294344584 316.170374552409 315.535644690196 318.147341410319 316.587030887604 307.990829149882 295.990626017253 280.149201552073 272.242863972982 287.396550178528 297.511378924052 294.992804527283 284.753759702047 302.085916201274 290.475646654765 223.576804002126 194.268027941386 181.581517060598 181.613405545553 188.790678977966
355.822006861369 358.006993929545 356.337189674377 353.563070297241 348.915974299113 342.580238978068 334.481755892436 329.14658387502 331.687132517497 329.846958319346 340.00031153361 340.936263402303 333.601554234823 335.537274678548 328.313986460368 326.135853926341 331.884821256002 331.753770510356 324.694057305654 323.594947655996 321.988224983215 319.699029127757 313.539346059163 312.27441628774 314.300894737244 313.60924243927 312.258879343669 315.162281195323 316.829105218252 316.004435221354 317.723631858826 311.093389987946 290.728569030762 269.059538841248 277.841210365295 299.204190572103 301.71263217926 295.723875363668 278.955022493998 285.046100616455 311.713755130768 269.253889719645 211.915592352549 181.736131509145 169.55045859019 164.159695307414
347.92427221934 350.589036941528 350.940664609273 353.86061668396 357.288281122843 359.118382136027 357.826034228007 354.157527287801 351.800362269084 355.050961176554 352.763374646505 342.292467753092 338.463664054871 334.507346153259 333.857695261637 327.635029951731 329.182684421539 330.389142036438 323.455850283305 321.926852067312 323.752303918203 321.466724077861 320.272862911224 313.403765360514 312.444885571798 313.446561495463 314.380208651225 316.998759905497 318.405350049337 318.408052126567 317.011773586273 312.155981858571 286.977251370748 269.695083300273 291.422426700592 305.923183759054 301.257570584615 297.269026438395 283.643364906311 278.034249941508 314.438978830973 343.822558720907 294.622858365377 240.446090698242 199.179828166962 168.573657671611
