input/barkrak2/radiation/dir17624.grid
NCOLS 85 
NROWS 70 
XLLCORNER 665100 
YLLCORNER 4664600 
CELLSIZE 20 
NODATA_value -9999 
[rows 40 to 59 of 70, columns 0 to 45 of 85]
344.059546788534 344.685475031535 344.651977221171 346.257607142131 350.112080574036 352.59226957957 354.567686716716 356.694459915161 356.8061987559 351.157784461975 344.139695167542 341.035683949788 337.783336639404 336.02499961853 333.067297935486 332.700351874034 329.963425795237 329.730729262034 324.30907090505 322.929600874583 322.87460565567 325.544714927673 325.001935164134 321.012755235036 317.088663578033 315.435349941254 319.496254126231 320.078472296397 320.322871208191 320.310056209564 319.174448649089 313.240528106689 288.591663042704 283.08512767156 303.562839825948 303.913692633311 295.218149820964 295.35186290741 295.631686846415 283.472895622253 291.522820790609 331.626355648041 352.416833241781 310.09566783905 251.386304696401 207.105576992035
348.061164220174 346.539656321208 346.683899561564 347.31117884318 345.5810546875 344.333251317342 344.205617904663 345.291177431742 347.528378168742 343.571901321411 339.25724029541 338.770031929016 339.956998825073 339.118599891663 337.228337923686 334.953625996908 329.684793949127 333.187460899353 333.774884541829 327.375888824463 328.096985816956 326.33250951767 326.090176900228 325.792948404948 325.548609097799 321.405410766602 323.485732078552 323.489308357239 322.191973527273 321.520924568176 321.347196896871 315.14718135198 295.690377553304 294.352809588114 305.147687594096 296.749532222748 282.365838686625 283.203224341075 290.879925092061 295.204957326253 308.304051558177 320.672293504079 334.8122437795 335.094173749288 292.682925860087 242.372512817383
349.361618359884 348.015268643697 349.658330281576 349.180380503337 345.467726389567 344.209949175517 344.091812769572 343.41832002004 343.796094258626 341.126879056295 338.759700457255 338.892539342244 339.269002278646 340.470711390177 340.48855304718 336.56124273936 335.054318110148 335.7994556427 335.910201072693 330.520908037821 328.07711760203 326.588253180186 323.368608951569 325.271805127462 326.823830604553 323.353032271067 320.081035296122 320.026298364003 320.861180623372 321.960608164469 319.905320803324 312.487602233887 303.025245666504 303.622881571452 302.455166975657 286.157647768656 271.279056866964 277.436892191569 292.761603991191 304.959078629812 312.909921010335 310.871501763662 307.378570238749 313.194950421651 299.472232659658 250.274817148844
342.401782671611 344.082156817118 347.993453343709 346.477150917053 347.230116526286 348.67803255717 349.146445592244 347.801486651103 342.188914616903 340.766827265422 341.968456904093 339.209953943888 338.613112767537 339.990576108297 340.64781665802 336.941798528035 336.535692214966 336.800495783488 336.096405982971 333.472847938538 329.184333483378 326.673289140065 323.830882708232 322.636286417643 323.499103387197 324.696759382884 320.297439893087 318.613906701406 320.009072621663 318.043231964111 315.150797367096 307.86524216334 307.096481323242 307.239214579264 293.763995170593 271.736403306325 267.080406347911 281.193852424622 300.886849562327 305.813471476237 305.839498837789 301.654060681661 293.921212355296 292.64497756958 287.330627441406 257.279396057129
342.304269472758 345.72962919871 346.499721209208 346.770207087199 347.304542859395 348.357439041138 348.734935124715 346.48601214091 344.932874043783 342.717130978902 342.963298161825 340.948144594828 338.140527407328 336.570262908936 335.516214370728 334.635376930237 331.310331821442 336.051344871521 336.169362068176 333.751122156779 331.798712412516 329.487899939219 328.122019767761 327.583273251851 323.171019554138 327.440480391185 326.376497745514 323.402523994446 321.245769659678 316.675821940104 310.409168402354 305.512328942617 304.104546705882 299.571712811788 286.46723429362 269.564906756083 270.879169305166 286.875943342845 302.269518375397 301.060954729716 302.339772383372 295.087397098541 282.448410987854 277.923742930094 279.236594835917 268.860558668772
345.991690953573 348.186572392782 346.596638361613 347.781419754028 347.004294395447 346.738616625468 346.983432769775 346.545696258545 347.034891446431 345.325231552124 344.332655270894 343.273242314657 339.975436528524 336.525519688924 335.021575291951 337.530255317688 332.84463485082 333.767175674438 337.52437432607 335.790673891703 333.219945430756 331.820547580719 328.795333703359 328.410844008128 327.980995178223 325.045704841614 326.02067788442 323.490023612976 320.299724737803 316.822330156962 310.418764750163 306.16287390391 303.711990515391 295.369565486908 278.948307037354 264.246861139933 269.49272553126 286.908189455668 294.615904490153 288.767457008362 294.406572977702 285.806059837341 274.154146512349 276.857058207194 287.669022878011 279.677549997966
346.015095710754 346.732298533122 347.773790359497 347.84742196401 347.497820854187 347.159425417582 348.071297009786 348.329742749532 347.115039825439 346.25510374705 345.14049688975 343.912482261658 342.223683993022 339.662591616313 339.594920476278 340.696056683858 339.429616928101 335.142691930135 338.092962900798 336.612979571025 332.598944505056 333.448648452759 330.601811408997 327.513813972473 329.439520835876 323.062300682068 322.778065999349 322.207570075989 320.110261440277 316.829482714335 311.764021714528 307.043453057607 301.976482073466 291.753828525543 277.377923329671 265.917956829071 273.510078589122 286.337474981944 284.411708513896 286.316831906637 293.181002140045 282.113393147786 277.682244777679 284.632523854574 293.8472032547 286.142190297445
342.961708704631 344.284812609355 346.983234087626 346.706708272298 348.014314969381 348.557273546855 347.83132870992 346.793572107951 346.36402130127 348.128358523051 346.139629681905 344.564914703369 343.989809354146 343.215505282084 341.011047363281 340.924739837646 339.486042658488 333.843072255452 334.78566010793 336.338758468628 332.082549730937 331.345597902934 330.387155214945 324.626962343852 326.171398162842 323.447167873383 319.283803304036 318.336546421051 317.995647589366 314.450899759928 311.141649881999 308.624684810638 299.891988436381 295.502444108327 288.386980692546 275.342563788096 277.963002522786 285.195310910543 287.223915259043 293.686668078105 290.842433770498 283.894121646881 285.695493221283 286.493837833405 286.190132300059 278.131445248922
339.854558308919 341.102202733358 344.01007493337 344.917178153992 347.269574801127 348.599394162496 347.002347310384 345.794280370076 347.461700439453 348.683754603068 347.052931785583 345.431208610535 343.913634618123 344.493269920349 342.240413029989 338.71853351593 338.704943656921 332.542955875397 334.238290786743 335.930824279785 332.981328169505 331.682880719503 331.649343172709 326.163490613302 324.018041292826 323.542753855387 318.2386358579 319.139897823334 320.568680763245 320.986310640971 318.743010361989 315.523266792297 305.755416552226 306.215822696686 297.219494978587 280.059119065603 280.558864275614 288.706401983897 293.404201666514 293.804327646891 284.050027529399 281.571706136068 280.77773253123 275.286515553792 272.74078130722 272.34423160553
339.305837949117 337.329785029093 340.076406796773 343.682765960693 346.381266911825 346.282442410787 347.239096959432 348.745584487915 348.974943161011 347.660938898722 348.583539326986 347.973306973775 346.673647562663 344.619790712992 342.881759007772 339.776833852132 336.535731951396 334.4699939092 333.994507789612 336.438616116842 336.351712544759 333.436250686646 328.811526298523 327.497541904449 322.401960690816 322.227001190186 321.644206841787 319.741626580556 323.928455511729 325.40496190389 325.186411539714 318.59556833903 310.880819956462 310.907363891602 302.151799201965 285.426338513692 279.007812341054 287.171522776286 293.016791343689 283.612191677094 272.923032442729 276.088456312815 276.310801506042 270.643969376882 270.216842492421 273.970385392507
339.409112930298 340.742588043213 341.708858807882 344.55148379008 344.965616861979 344.32061513265 347.971836725871 350.237925847371 349.588632583618 349.657932917277 349.714994430542 348.929127057393 347.548206647237 344.805836677551 343.990961710612 343.530297279358 338.661591211955 334.002772967021 335.577805836995 337.055762608846 335.140228271484 332.911849021912 328.104058901469 326.130668322245 318.682869275411 323.903659979502 324.921290079753 322.208841641744 323.742826779683 323.790113131205 324.374516805013 318.777283032735 311.675449212392 308.518886566162 298.412223656972 285.326798756917 280.419031778971 284.503559271495 284.360845883687 272.495488325755 269.586761792501 280.101577440898 279.594798882802 271.836241086324 271.071791648865 266.554216543833
339.623133341471 343.830307324727 345.045288403829 345.703522364299 344.77694829305 344.486117362976 347.471793492635 349.801937739054 349.799553553263 351.219654083252 350.330193837484 349.309762318929 347.627878189087 344.71054871877 341.871658960978 345.619996388753 340.238491694133 335.005760192871 332.978467146556 333.395918210347 331.566909948985 327.940980593363 327.726046244303 322.535713513692 317.964871724447 318.211595217387 317.923426628113 317.550381024679 317.928274472555 322.650869687398 323.168277740479 318.713386853536 305.841068426768 296.199897925059 273.740033308665 261.142869790395 271.362046400706 278.869847456614 277.348299821218 277.215580145518 285.1456006368 288.675685723623 273.069739341736 264.917472998301 272.307991981506 260.688742001851
340.709328651428 338.44526608785 338.709831237793 340.808788935343 343.49513053894 346.096793810527 346.441348393758 348.440011342367 348.427971204122 349.790533383687 349.177519480387 349.165678024292 348.242282867432 345.283548037211 342.502951622009 340.277314186096 338.653961817424 333.274841308594 327.716628710429 325.634280840556 322.895646095276 322.543819745382 321.85685634613 315.128068129222 314.651846885681 312.107404073079 312.384347120921 312.229216098785 308.932662010193 309.165378411611 312.067826588949 311.094065507253 289.134562015533 265.454292297363 240.197062492371 230.142871538798 244.215130805969 268.386681874593 283.221940199534 277.922093868256 278.363804022471 273.835698763529 261.657933394114 264.466404914856 268.98447672526 245.254119237264
342.627286911011 337.046424547831 334.606647491455 337.98352877299 344.51158841451 347.925225893656 346.852978070577 347.595453262329 348.004261652629 347.283562024434 347.56334622701 347.844521204631 347.669045130412 344.87243493398 342.236916224162 339.012543360392 339.121699333191 330.860137939453 325.359443823497 324.076533317566 322.860141595205 319.860657056173 318.133195241292 314.55930074056 312.937418619792 311.290939648946 310.220976670583 309.76672967275 305.739939212799 302.59370803833 296.849509080251 288.149038950602 266.452391942342 240.269362926483 231.721301873525 228.463590145111 221.706569194794 232.199390729268 247.557520866394 265.532294909159 271.015385786692 261.354704697927 257.426857948303 260.892967383067 251.783867677053 231.548070907593
342.974265416463 339.87291653951 337.819178899129 339.399337768555 345.014770825704 348.436792691549 349.08652305603 347.575147946676 347.923954327901 346.280097961426 347.020626068115 346.864541371663 346.599777539571 346.193234125773 340.688546498617 337.930679321289 337.248086929321 329.621215661367 325.322886308034 326.169868310293 325.865149497986 322.534561157227 320.007801055908 318.0330991745 314.617892106374 313.469886779785 311.449368794759 306.803743044535 303.694764773051 301.412483056386 290.364305178324 281.622151533763 257.609407107035 243.567208449046 247.426788012187 251.20484828949 244.868338108063 236.434459686279 227.300643920898 234.660426775614 249.821503957113 241.880893707275 235.616942246755 230.378687381744 226.004958152771 221.702377001444
344.595273335775 343.84028116862 340.875705083211 337.832013765971 341.894904772441 346.769452095032 347.436348597209 345.831831296285 346.614718437195 346.669594446818 348.210096359253 347.688635190328 344.963947931925 344.058116277059 339.166243871053 335.797548294067 335.309267044067 332.852780818939 328.300575415293 326.859692732493 325.399299462636 323.34315776825 322.333017985026 321.774959564209 318.347613016764 316.318353017171 312.278052171071 306.365430355072 300.62860250473 296.632170677185 290.488342444102 286.635080973307 265.027403831482 257.607817649841 261.411607265472 268.968423207601 280.468503634135 276.600480079651 261.053244272868 231.827656428019 230.481346448263 230.672041575114 228.106677532196 226.397554079692 232.083360354106 237.756788730621
346.498290697734 345.640579859416 344.53558921814 339.985450108846 337.112188339233 343.487977981567 346.546093622843 345.853209495544 343.184232711792 345.094720522563 346.534411112467 346.066077550252 342.057307561239 341.601093610128 339.303255081177 335.331122080485 335.636695226034 331.584493319194 327.839255332947 326.651295026143 325.156112511953 325.32799243927 319.682081540426 320.430219173431 316.197514533997 313.286264737447 300.252377986908 282.44403998057 277.97661225001 282.677551110586 290.354828039805 283.862113952637 266.760230064392 259.284555912018 265.879730383555 275.819182395935 291.685859362284 301.088929176331 292.222559452057 261.287868022919 235.664486885071 237.86191145579 244.945764541626 255.887647469838 266.193389892578 269.198576609294
345.92338403066 344.447374343872 345.635811487834 342.684229214986 338.227868080139 340.798616409302 344.412446022034 344.211022059123 341.712474822998 340.104858080546 340.850114822388 343.002875645955 339.831590652466 338.940501213074 338.485995928446 334.875543912252 334.245125452677 331.407348314921 328.277945518494 328.035136063894 327.264507611593 325.652341047923 322.27357228597 317.820111910502 316.882193088531 316.088259220123 302.090803782145 285.142163435618 284.714639186859 289.24814860026 295.318603515625 285.276452700297 274.444699287415 273.368199666341 285.280187924703 288.114507993062 294.204115867615 283.596952756246 251.066287358602 243.369877338409 254.610856374105 263.865749041239 258.691549301147 253.132502237956 254.848519961039 265.468180179596
339.931964874268 343.652486801147 343.49783261617 342.730442682902 338.527123133341 336.754083633423 342.782219250997 343.204180399577 341.145833333333 334.871927897135 338.92031510671 340.830405553182 340.424060821533 336.909214655558 336.52404944102 335.352142651876 331.864198048909 328.94241809845 329.303999741872 327.176411946615 329.002261161804 326.219141483307 324.602762858073 320.283830165863 319.187005360921 319.724122683207 313.813090324402 309.802174568176 308.196067810059 304.295281569163 299.706657727559 287.796854972839 284.151713053385 283.083478609721 279.694656531016 266.325771808624 247.210125128428 213.292638460795 196.711262067159 233.343680699666 269.06955242157 269.722978274028 249.086081981659 244.470854600271 257.53919283549 271.580417950948
333.368221918742 340.968251228333 341.248750686646 340.059598286947 338.275194168091 331.916968027751 337.506055831909 339.840292930603 341.384212176005 336.605509122213 338.567694028219 339.577595392863 338.972926139832 335.813442866008 336.109519004822 334.107756614685 329.683363437653 326.824347178141 324.073572953542 322.620769341787 323.351323604584 322.077016035716 323.020339012146 318.870584170024 320.982336997986 323.497414588928 323.517759641012 326.246956984202 311.479886372884 306.670546531677 299.728830655416 288.073658943176 285.788377126058 267.013867696126 239.465276400248 212.951799233754 196.315109729767 188.740968704224 185.016632080078 210.172990957896 237.283865610758 254.0190021197 251.164297262828 263.189236323039 294.010539849599 303.786436716716
