input/barkrak2/radiation/dir19624.grid
NCOLS 85 
NROWS 70 
XLLCORNER 665100 
YLLCORNER 4664600 
CELLSIZE 20 
NODATA_value -9999 
[rows 20 to 39 of 70, columns 0 to 45 of 85]
196.373840173086 189.187467098236 205.288589000702 245.801011721293 241.368969281514 195.163428783417 179.021914800008 185.962657133738 198.890546957652 217.942694822947 230.96626996994 240.301628907522 246.386408805847 261.297325293223 274.221320947011 295.372128486633 322.13153441747 327.276428540548 332.330663998922 339.284499486287 341.618100802104 335.505286852519 334.499597549438 335.205316543579 336.286505063375 337.56152788798 338.544607162476 335.689345995585 331.44611120224 330.971340338389 325.138608614604 314.632058143616 306.101699670156 302.142143249512 300.646841526031 305.761853853862 305.971344312032 308.275699615479 311.841328938802 315.710604190826 316.614905993144 316.61065419515 317.642013231913 313.474277655284 316.486398379008 319.976131121318
223.159730434418 222.574532032013 240.538954734802 271.046280860901 267.181615034739 206.975380579631 191.624959309896 191.839257876078 199.182271957397 215.390642484029 225.235303243001 233.135859171549 243.395964304606 244.356075922648 258.800129095713 279.678066571554 296.254833539327 319.634874661763 327.445467313131 335.529804229736 339.480797449748 344.02863184611 345.498641331991 343.937635421753 340.644915898641 336.396058400472 333.534638086955 329.980969429016 329.38947280248 322.222868601481 305.840114752452 277.89698044459 258.200029532115 256.628394126892 264.385501543681 282.899379730225 289.443592230479 303.601642449697 312.928259372711 313.807964324951 311.019519964854 310.168166955312 304.812053839366 290.708283583323 309.547106424967 316.662093003591
262.750844160716 270.437995592753 277.746776739756 287.529826164246 287.393569946289 241.159319877625 215.083916982015 200.50444205602 196.813841660817 206.89578851064 224.32800134023 235.000173250834 246.510068575541 251.863121986389 260.494649410248 270.580728848775 286.533236503601 302.255829175313 317.025621732076 322.984536488851 325.95173517863 336.025595664978 340.387344360352 340.615391731262 338.07651201884 336.085200309753 332.721928755442 323.631008466085 312.94447183609 292.539159456889 253.213445345561 203.191161155701 182.732939720154 199.948151906331 227.352996667226 251.852532227834 269.783775011698 289.506077766418 300.13652642568 303.273479143779 306.286613146464 305.873036384583 284.790833791097 265.37432273229 290.338257948558 315.532743930817
282.76805082957 285.570998986562 285.745660463969 292.755921681722 292.706966400146 274.095853169759 237.627943356832 207.105537255605 194.438437620799 196.287214756012 223.411897818247 235.647201538086 251.729309558868 262.586673100789 264.390468597412 271.825273831685 281.628727912903 293.85115702947 305.892427762349 302.926699320475 309.726774692535 313.616216182709 324.543833732605 329.936881860097 325.627585252126 316.450119018555 298.289875189463 288.422425587972 265.83739121755 221.700509389242 181.477844715118 160.482247670492 130.490760008494 129.887769619624 141.350189844767 178.545355796814 221.143802007039 246.522108713786 264.189263184865 272.842725118001 272.383054097493 259.001612663269 244.48436498642 277.975499629974 275.465528170268 307.528376579285
274.964014689128 276.962339878082 286.173701286316 294.250766436259 285.803894201914 276.005546251933 247.222145398458 224.636356035868 205.645243326823 198.975324630737 213.393012682597 232.065300146739 245.38513024648 261.142472426097 263.884127140045 270.493706067403 279.088219006856 292.210360368093 296.797374884288 295.650045077006 304.285089174906 300.50798257192 295.944650967916 293.382207552592 291.132092475891 287.98766930898 281.030337015788 267.533302307129 235.121130943298 176.690737406413 157.262752453486 155.496895313263 136.694610118866 111.827661593755 102.483014265696 119.837015867233 163.930237293243 200.634996096293 227.209309736888 240.032315254211 230.188568433126 208.389401435852 229.774137338003 295.809209346771 289.638936519623 310.930848121643
269.05103524526 273.152311642965 285.046299298604 291.030089060466 287.263433138529 276.22922261556 256.385405858358 247.71914879481 237.923423449198 222.866733868917 225.12952486674 243.436197439829 255.209445953369 269.785563151042 274.16330575943 271.915713946025 276.837448279063 288.641552130381 295.104245344798 300.91400941213 303.899923960368 289.274473985036 280.771950880686 280.463417371114 281.32168451945 279.362142086029 267.603874206543 256.601790587107 213.921268781026 185.321609179179 183.807591597239 200.240929921468 203.933695952098 175.691922505697 141.735931237539 125.659972429276 141.273478666941 169.118781884511 204.235315322876 223.433554172516 205.418705940247 196.326712767283 238.457878430684 282.166103521983 301.884551843007 320.248643557231
270.866453647614 273.09379975001 281.176408131917 288.35932413737 299.705445766449 287.108103434245 270.516653855642 259.939908981323 261.117657025655 255.414923032125 245.989640553792 260.465741157532 271.973232428233 282.929301261902 284.750779469808 278.832713762919 279.721160729726 289.295236269633 291.700998942057 300.511678059896 295.575400193532 291.392743587494 285.065531730652 281.77398443222 282.550613085429 280.542373657227 268.454710642497 255.807181199392 221.065004666646 215.086321036021 236.480593681335 260.076920191447 264.63242371877 275.031924247742 251.582324504852 169.52113310496 156.444837649663 165.66147406896 192.640244960785 221.507430076599 214.848240216573 246.826152006785 245.961924393972 258.538464705149 292.857845624288 307.988742987315
275.007347265879 271.334528923035 274.461388587952 284.924566745758 320.689618587494 297.560850779216 276.343921820323 262.546420097351 263.17948102951 270.742853482564 262.254655361176 267.462948958079 278.540134429932 286.23354434967 289.712270100911 289.967119693756 285.912613073985 280.55997689565 293.364842732747 296.438892682393 295.741677284241 289.003690083822 285.941700140635 286.235868930817 286.689798037211 285.637279351552 277.480920155843 266.982555389404 244.445304075877 243.09366941452 266.840616861979 281.420290470123 280.414680639903 294.157067934672 316.847225030263 249.196529388428 186.239123344421 171.846588452657 185.160716374715 221.716403961182 252.024153868357 299.440960089366 255.552311738332 248.937388261159 279.04752890269 287.886301676432
272.448499997457 264.171679814657 268.053968747457 291.354556878408 332.653800646464 296.726922194163 267.452975114187 254.769702752431 261.911332607269 268.849492073059 263.947308063507 264.609336853027 278.405725955963 287.55251566569 290.815949440002 293.247759342194 285.943150520325 280.37416934967 289.097368717194 289.196968078613 288.454115390778 283.333460489909 284.06169017156 287.738263607025 291.68705145518 287.406762440999 284.698009490967 276.169339815776 255.668759346008 251.014252503713 273.607532183329 291.492998600006 290.434241294861 289.051373799642 309.50657526652 309.282739957174 220.25998433431 162.281056245168 153.689384460449 194.957355658213 260.775685310364 282.364626725515 246.607641379038 224.578221638997 248.228351275126 263.405164082845
265.346129735311 256.389260292053 264.738837877909 301.72735452652 330.56249221166 292.948921521505 259.999732176463 244.554777940114 241.852005322774 245.514750480652 246.563593546549 252.429485321045 271.524846553802 289.573232332865 289.056261380513 292.879740397135 290.891865889231 279.351611932119 280.541837215424 282.65502055486 283.318797747294 284.80472167333 284.741083780924 290.09215037028 293.581366539001 290.117164452871 292.957027753194 281.808098157247 262.289484341939 259.794036547343 278.93473704656 296.641250451406 292.347113291423 288.943250974019 298.186878363291 316.485126813253 299.748003482819 223.926862080892 176.34908358256 187.674125035604 223.887304464976 238.062739372253 238.604923089345 208.68714650472 221.000472704569 242.199142773946
253.875533739726 263.75021537145 293.291628360748 339.091181755066 340.529958407084 298.164308071136 263.035813967387 234.337190786997 226.344307263692 239.250640074412 232.118467489878 231.122056643168 266.831497351329 283.505956331889 291.783928871155 295.893410841624 295.778532822927 287.4622742335 284.820357958476 287.072976430257 286.254445711772 287.956515947978 290.991048018138 293.216327826182 294.964373111725 297.475775082906 297.604242960612 291.387597719828 274.489025274913 272.071083386739 284.915030002594 297.366619110107 294.563333193461 294.664005438487 298.63440990448 301.486810048421 322.550296783447 330.542365709941 265.319923559825 218.526681264242 204.561591148376 196.848591168722 215.97292025884 210.911452770233 216.890275478363 246.493538220723
272.458295027415 298.545936743418 318.348089853923 324.312210083008 351.157585779826 331.118683020274 295.620918273926 258.86865456899 243.660430113475 256.448606650035 250.476638476054 233.77122481664 250.913222630819 279.958407084147 294.164935747782 296.651939551036 296.092410882314 294.129649798075 288.548151652018 287.112275759379 289.190868536631 293.878118197123 295.678734779358 292.928179105123 297.66591389974 303.5662372907 305.864532788595 303.69770526886 292.046447594961 287.124733130137 291.505555311839 295.57200272878 297.323962052663 301.720301310221 304.32520310084 293.378571669261 301.190753777822 336.960156758626 330.708344777425 270.509362220764 220.763643582662 196.310182412465 200.406849384308 215.582529703776 237.198531627655 265.542646249135
304.532368977865 314.308226108551 305.2765528361 297.931094964345 316.216031710307 336.050748825073 329.838911692301 302.785456180573 278.184672196706 279.460330804189 283.213078975677 259.588857491811 252.208312352498 275.098522504171 294.08077398936 297.621349493663 297.296583652496 297.483762105306 290.043870608012 288.857460021973 293.143550554911 296.161711215973 296.386202176412 296.727975209554 298.070331414541 306.256651878357 310.004969437917 312.132835388184 301.506896813711 293.746372063955 300.670405228933 304.170608520508 300.21333694458 302.182614803314 306.434750556946 295.820772647858 295.48188050588 313.994030157725 316.033720970154 289.671262105306 259.638011455536 220.750153064728 203.867395718892 210.723360379537 232.096433639526 263.367056846619
297.436932722727 290.955821673075 284.064253171285 273.137152194977 273.782769838969 294.012387593587 314.107676347097 311.264256636302 299.310465653737 299.616654713949 300.525188446045 285.253584384918 274.693389733632 283.635993798574 296.296179294586 298.775990804036 294.837733109792 296.577831109365 290.917654832204 293.512245019277 295.428176720937 295.08634408315 293.454428513845 292.417903741201 297.027806440989 301.20575428009 308.638215065002 309.833566347758 303.426206111908 300.384879112244 306.041975816091 304.072340329488 293.534159660339 292.210102081299 295.62509059906 280.901531378428 278.199791908264 278.142352898916 270.535151163737 273.725032806396 283.855080604553 252.744118372599 227.765003840129 213.21165561676 214.55196539561 237.768212954203
291.271567344666 281.300922234853 287.469446659088 273.588538169861 265.777786572774 277.203281720479 302.750070889791 325.257023175557 320.531646410624 307.445247968038 298.433144887288 297.06339041392 300.237059593201 300.904015700022 299.999713897705 298.836012681325 297.258794307709 296.793262163798 293.672720591227 298.189202944438 294.139345486959 293.641845385234 292.078177134196 290.803054968516 295.364379882812 298.206865787506 304.828286170959 302.862048149109 300.158083438873 305.283963680267 306.681414445241 296.35085662206 281.576991081238 286.035160223643 284.688353538513 268.3318456014 269.330978393555 269.273817539215 275.012294451396 295.002241929372 294.900794823964 285.645266373952 262.380977471669 245.833118756612 227.655311425527 217.875142892202
310.727020104726 305.698275566101 314.930955568949 310.017963250478 300.044119358063 304.311335086823 320.473551750183 341.769258181254 335.186878840129 310.75394153595 297.918677330017 303.825696309408 316.204488277435 312.524755795797 306.223193804423 307.67826239268 304.716527462006 298.289040724436 302.174150943756 301.83215936025 298.118531703949 295.30398050944 295.668800671895 298.404633998871 295.288364092509 296.776572863261 299.227913220723 296.469251314799 298.515597979228 306.46800994873 304.977774620056 295.030534267426 282.985369364421 283.923029899597 276.160617669423 271.510243415833 276.654402414958 277.522404988607 288.662215073903 315.570731957753 284.454226493835 272.573471069336 262.764314810435 253.856380780538 236.841380596161 215.353270371755
334.288835525513 331.728080908457 333.902756373088 336.317817370097 327.448626359304 321.246345837911 326.024790604909 340.32674630483 337.018251419067 308.47575267156 299.612204233805 309.739649295807 323.474844296773 313.79775206248 308.262387911479 312.601784865061 312.575777371724 306.817372639974 304.786960283915 306.91385269165 306.757648785909 301.219344139099 299.301743507385 301.355163256327 297.768592834473 294.431169827779 298.112591107686 300.275365511576 302.84591515859 307.289858659108 306.664307912191 297.632813453674 285.82900762558 280.276874701182 271.666308244069 276.593307654063 282.733162244161 282.262225945791 285.286784172058 305.159032344818 273.420294125875 232.020378112793 218.829731146495 212.843974431356 209.940632184347 204.21040058136
345.60219446818 343.25118859609 339.677254358927 340.396046638489 334.590474764506 326.938509941101 324.178814888 329.775055249532 336.070458094279 316.49919350942 314.695616563161 320.760985215505 320.255855719248 313.511749108632 310.00938018163 311.275998751322 318.965156873067 313.291668891907 309.78786945343 310.999115308126 310.250500837962 305.287520090739 301.03854338328 300.163865089417 299.700518449148 298.809727032979 298.216283321381 302.573621273041 304.866909980774 306.855261325836 306.90324306488 299.842615922292 288.783589998881 273.281157016754 264.72278436025 280.310789744059 289.985140164693 287.918885548909 278.32422653834 292.128602663676 272.918979326884 206.685702006022 176.609377066294 162.465125322342 162.90890177091 170.31983534495
346.818129221598 349.501887957255 348.869442939758 346.840659777323 343.445380528768 338.643868764242 332.537432511648 328.369359175364 330.595552921295 327.286501725515 332.50766992569 331.690033276876 321.563502152761 321.040034294128 316.423316796621 310.648441314697 317.607522010803 318.306565284729 312.386949857076 310.646116733551 310.802082220713 304.983993371328 301.394363244375 299.310723940531 301.527221997579 303.024649620056 301.613370577494 301.356593767802 304.507851600647 304.879466692607 307.667791843414 303.171277046204 284.112612406413 261.941075325012 270.369589328766 292.666375637054 295.463462670644 290.356000264486 273.44141403834 278.730829556783 297.870417435964 250.145077705383 192.720413208008 163.183480501175 153.354992469152 150.233129660288
335.585951805115 339.288910230001 339.554866154989 342.832446098328 347.68541653951 351.229747136434 351.684888203939 349.458297093709 347.868998845418 348.2879002889 342.198610305786 330.542206764221 323.549429575602 321.469565232595 317.673583825429 315.357685089111 315.459350744883 315.881629784902 309.96306737264 309.592445691427 308.878064155579 309.980591138204 307.350595792135 302.987515926361 301.254749298096 302.46490240097 304.543435573578 305.68128824234 307.484249273936 305.507560571035 306.297302246094 303.739964962006 279.212276140849 262.806157271067 285.510102907817 300.465206305186 296.251038710276 291.518807411194 278.448263804118 274.423698584239 308.250268300374 330.426633358002 276.514053344727 223.143359025319 179.761052131653 154.504825671514
