input/barkrak2/radiation/dir19524.grid
NCOLS 85 
NROWS 70 
XLLCORNER 665100 
YLLCORNER 4664600 
CELLSIZE 20 
NODATA_value -9999 
[rows 20 to 39 of 70, columns 0 to 45 of 85]
198.195497194926 190.448502699534 206.588784853617 246.818383534749 242.600123087565 196.056624253591 179.786721865336 186.603903770447 199.500223000844 218.55366230011 234.086632728577 240.973293781281 247.121373812358 262.111167112986 275.041480859121 296.179493268331 325.428326924642 328.176081180573 333.180963993073 340.04807472229 342.344403266907 336.321155230204 335.327704747518 336.004018783569 337.072809537252 338.329990704854 340.237498283386 336.434602737427 332.185943921407 331.723213195801 325.930913289388 315.508047739665 307.066977024078 303.17231019338 301.69932047526 306.789040565491 307.000537713369 309.29426352183 313.874145348867 316.654404004415 317.556440830231 317.558169364929 318.567236264547 314.424932003021 318.743646144867 320.853670438131
224.201877911886 223.767936229706 241.898099581401 272.340873877207 268.385608990987 208.007514476776 192.395667235057 192.413568496704 202.353616555532 215.967992941538 225.844422976176 233.799378077189 244.140048821767 245.161116123199 259.625514348348 282.27174282074 297.070662180583 323.229749997457 328.339835007985 336.335897445679 340.239842732747 344.707489013672 346.14106019338 344.591657320658 341.366211573283 337.183276812236 334.357341130575 330.830037593842 330.18958568573 323.028306166331 306.72162771225 278.909643491109 259.352207183838 257.853329181671 265.603542327881 284.05370314916 290.557642777761 304.643988609314 313.910524050395 314.785420894623 312.001744906108 311.157862345378 305.837432543437 291.779140631358 310.494303703308 317.559818426768
263.651172320048 271.454612414042 279.115716616313 289.302031199137 288.594245910645 242.294728755951 215.80845117569 201.055467128754 197.325011094411 207.471013069153 224.937041600545 235.65286397934 247.230251630147 252.646625041962 261.307994524638 271.394451459249 287.349025408427 303.07400226593 319.781621297201 323.886970678965 326.827565828959 336.810866991679 341.111381848653 341.329574584961 338.814417521159 336.867849032084 333.553711573283 324.448863665263 314.653873443604 295.00679175059 255.815426508586 204.241057236989 184.000869592031 201.310356458028 229.566931724548 253.094931443532 270.975490411123 290.613293647766 302.393754323324 304.311374823252 307.313481966654 306.892812252045 285.911460717519 266.54726266861 291.288693745931 316.432356834412
283.47502152125 286.39167547226 286.889453728994 293.488462766012 293.910304705302 275.14108022054 238.35567633311 210.093955198924 194.99146938324 199.453334013621 223.983943462372 236.26188437144 252.419988314311 263.315598169963 265.162328879039 272.632161776225 282.43488073349 296.494205792745 306.707382202148 306.429286797841 310.707688331604 314.565122127533 325.44602950414 331.726451714834 326.432506243388 317.211846510569 300.735473632812 291.350424289703 266.604999701182 222.561955451965 182.823856671651 161.409695943197 132.125000158946 131.283303101858 143.939524888992 179.851333300273 222.430904706319 247.732579708099 265.374441941579 275.20614862442 273.551424344381 260.226249694824 245.722889900208 279.106875260671 276.275634765625 308.384935061137
275.6334344546 277.675310770671 287.147839864095 295.46860853831 287.029961744944 277.076284090678 246.095240116119 225.286523501078 206.196328004201 199.475487073263 213.935891787211 232.677578926086 246.064643065135 261.891583601634 264.659742514292 271.302441755931 279.903054237366 293.017586072286 299.44509267807 296.518484751383 305.209219455719 304.852763811747 301.41693353653 295.603970686595 291.916489601135 288.762509822845 281.805872917175 268.309632937113 235.91427008311 177.903254826864 158.105472723643 156.42179052035 137.730886538823 113.262335459391 103.80956530571 120.876630147298 165.0397280852 201.819022496541 228.454947471619 241.292973359426 231.492737929026 209.733545780182 231.075763702393 296.698451042175 290.34153620402 311.74377600352
269.805153210958 273.890912532806 285.911997159322 292.220870653788 287.733296553294 277.292450269063 257.176736990611 248.285889625549 240.808884302775 225.904881954193 225.626349449158 243.999620278676 258.0779393514 270.492970943451 274.915099143982 272.701839605967 277.640660603841 290.793299674988 295.907239119212 301.735560099284 306.593259175618 290.028989315033 282.145917415619 281.301458676656 282.167315483093 280.193527539571 268.4246301651 257.40522146225 214.69243367513 186.122377713521 184.652825196584 201.131860415141 204.942842324575 177.125493685404 143.042693535487 126.523037751516 142.20118522644 170.120636622111 206.192374229431 224.744816621145 206.778724988302 197.69815603892 239.633282025655 282.734076182048 302.429040273031 321.405510107676
271.641929944356 273.8369901975 281.983534495036 289.449433485667 300.907413164775 288.069188594818 271.1368004481 262.531419595083 261.421899000804 255.729039510091 246.418217817942 260.937372843424 272.554198900859 283.570766448975 285.456597805023 281.106730302175 280.508081118266 290.061414241791 293.559034665426 301.196157932281 296.208341916402 292.033553123474 285.772065321604 282.563249270121 283.412198225657 281.39324982961 269.301573435466 256.584823131561 221.772233645121 215.802073478699 237.257122993469 260.812044143677 265.316029389699 275.972008705139 252.867956956228 170.609593391418 157.369027535121 168.745319048564 193.661232789358 222.834865252177 216.180364290873 248.114109039307 246.611773967743 258.851110935211 293.323953946431 308.628618717194
275.788048903147 272.108832995097 275.251964728038 285.939812660217 321.776429812113 298.321882883708 278.698662916819 262.798349062602 263.381818930308 271.025061607361 262.65949010849 267.939686775208 279.104669888814 286.873718102773 290.408968925476 290.718197822571 288.27687104543 281.225323677063 294.018149375916 298.773407936096 296.385288238525 289.697428544362 286.65816783905 286.969463030497 287.468055884043 286.482691764832 278.321107228597 267.74267355601 245.006044705709 243.622581164042 267.461677392324 282.038648923238 280.943016211192 294.701099395752 317.88037220637 250.400940577189 187.256336212158 172.810991605123 186.182936032613 222.996791203817 254.093885421753 300.389885902405 255.981008211772 249.937693277995 279.647131760915 288.620313008626
273.195147514343 264.972726504008 268.867969512939 292.374650637309 334.36648050944 297.324240207672 269.793550173442 257.286230723063 262.222568194071 269.271890322367 266.742348670959 265.141129493713 278.99032831192 289.916793505351 291.506330172221 293.945153554281 286.616802215576 281.042377154032 289.751370747884 289.857864379883 289.135336875916 284.052431583405 286.197662353516 289.769768714905 292.436162630717 288.222750027974 285.535275936127 276.959697405497 256.218016147614 251.457154750824 274.096111456553 292.013645172119 290.880143642426 289.485136667887 310.119946797689 310.41685740153 221.491634845734 163.50194811821 154.729763666789 196.145951747894 261.979262034098 283.171554406484 247.08890914917 228.051126003265 252.53814458847 264.287531375885
266.045570373535 257.19686349233 265.593310197194 302.744388580322 331.473390261332 293.521503607432 262.480477492015 244.9897925059 242.384195327759 246.134658654531 247.412542502085 253.324568271637 272.121012210846 290.225227673848 289.721926053365 293.542981147766 291.550954182943 280.04789352417 282.850166161855 285.134633382161 284.047345320384 285.53702433904 285.470287005107 290.814459323883 294.313073158264 290.901064872742 293.800095717112 282.62335062027 262.924174467723 260.252833366394 279.363989830017 297.078569730123 292.755703131358 289.348403612773 298.56946070989 317.115942637126 300.939818223317 225.206593672434 179.333011309306 188.69020541509 224.862237771352 238.927245140076 239.291548728943 209.422687689463 221.897522608439 243.169148763021
254.52466805776 264.442602793376 293.968359629313 339.75613117218 341.211318969727 298.721532026927 263.58970006307 234.930555025736 226.999084154765 239.929219086965 232.798973719279 231.759270032247 268.088062604268 286.165197690328 292.433102925618 298.115988572439 296.436468760173 288.166801134745 285.532852013906 287.802497545878 287.00319925944 288.674831390381 293.034752209981 293.93990834554 295.688251654307 298.205574353536 298.431237538656 292.197108268738 275.164326032003 272.549211978912 285.301486651103 297.756950060527 294.969201087952 295.019725958506 299.020727475484 301.749428113302 323.14121723175 331.547856330872 266.43047730128 219.583710034688 205.606083075205 197.736084461212 216.715455055237 211.726009845734 217.802464962006 247.453411420186
273.096660772959 299.061973889669 318.611780802409 324.427823225657 351.479609807332 331.591188907623 296.213845411936 257.498741149902 244.227011998494 257.244567076365 253.321369489034 234.315812587738 251.402815183004 280.552327632904 294.79726155599 299.345294634501 296.754042307536 294.808705647786 289.263824621836 291.218856970469 289.924581845601 296.48768901825 296.385725339254 296.834111213684 298.395097255707 304.251631100972 306.582450866699 304.730474948883 292.712807655334 287.644068400065 291.916688283284 295.927246411641 297.665655612946 302.219072977702 304.563323656718 293.583035469055 301.510234673818 337.567647298177 331.701020399729 271.685540676117 221.900403499603 197.144150733948 201.129734516144 216.362277666728 240.305443604787 266.31228129069
304.881314436595 314.445972442627 305.162747701009 297.770877679189 316.118756930033 336.156169573466 330.130636692047 303.131322065989 278.526981671651 280.282537142436 283.702313899994 260.008871555328 253.02795569102 277.993718783061 294.708093007406 298.275113105774 297.990381717682 301.541527112325 290.774762630463 291.196763515472 295.356690883636 296.883463859558 298.431714375814 297.471145788829 298.802574475606 306.936462720235 310.661991437276 313.488443692525 302.138447761536 294.303854306539 301.14205678304 304.546256860097 300.560275713603 302.569548288981 306.81041876475 296.608706315358 295.894245306651 314.596652984619 317.047397295634 291.514813899994 260.857741038005 221.599837144216 204.551339149475 211.430331071218 232.805887858073 264.012038707733
297.374943892161 290.710767110189 283.742785453796 272.795637448629 273.414174715678 293.724099795024 314.000129699707 311.331431070964 299.514969189962 299.967964490255 300.87016026179 285.550077756246 275.134444236755 284.214456876119 296.951989332835 299.480557441711 295.56397596995 298.927664756775 291.682243347168 294.278939565023 296.195765336355 295.833746592204 294.211745262146 293.184816837311 299.105803171794 301.893591880798 309.277494748433 310.47519048055 304.036835829417 300.944646199544 306.516210238139 304.510653018951 294.031461079915 292.796810468038 296.187182267507 281.559427579244 278.846800327301 278.924147288005 271.620273590088 275.032619635264 285.00630458196 253.571609656016 228.445887565613 216.472109158834 217.943032582601 238.389054934184
291.055878003438 280.967930952708 287.157495816549 273.215194543203 265.367309252421 276.838103930155 302.523871262868 325.269381205241 320.764482021332 307.764967282613 298.668007055918 297.284166018168 302.798529465993 301.495671272278 300.695776939392 299.57648118337 299.639582633972 297.574738661448 294.457654158274 298.965493837992 296.634197235107 294.412811597188 292.845189571381 294.613619645437 296.108404795329 298.915604750315 305.504898230235 303.553620974223 300.804734230042 305.879712104797 307.206948598226 297.357400258382 282.108982404073 286.644657452901 285.347680250804 269.057552019755 270.021915435791 269.994219144185 275.948166847229 296.24472061793 297.274172306061 286.358257134755 262.999435265859 246.474544207255 228.267391522725 218.469838301341
310.633281866709 305.546343326569 314.83002503713 309.883972009023 299.888332684835 304.218014081319 320.472041765849 341.927647590637 335.486968358358 311.017096042633 298.112869262695 304.073711236318 316.627144813538 313.150982062022 306.945522626241 308.436493078868 305.509984493256 299.097577730815 302.979369958242 302.619874477386 298.885921637217 296.081066131592 296.429852644602 299.151798089345 296.030879020691 299.298544724782 299.944281578064 297.189931074778 299.217820167542 307.088116804759 305.561602115631 295.596480369568 283.752977848053 284.448742866516 276.800274848938 272.196074326833 277.320285638173 278.13857793808 289.38106695811 316.914021968842 285.417497158051 273.271501064301 263.480623563131 254.568497339884 237.570822238922 216.075162092845
334.488868713379 331.887662410736 334.035038948059 336.477915445964 327.676196893056 321.392695109049 326.14666223526 340.490301450094 337.259372075399 308.667620023092 301.624178886414 310.094674428304 324.033856391907 315.786520640055 309.048116207123 313.397208849589 314.530789852142 309.098601341248 308.610796928406 309.250136216482 307.520270347595 301.978786786397 301.097929477692 302.099665006002 297.406037648519 295.160392920176 298.836906750997 300.973852475484 303.535262743632 307.913303375244 307.249704996745 298.184196154277 286.344408988953 280.746301015218 272.258917490641 277.212520440419 283.367156982422 282.823463280996 285.879651705424 306.19865655899 274.593353271484 232.938249905904 219.707747300466 215.949912865957 213.242093722026 207.644740740458
346.019983291626 343.577345212301 339.891751607259 340.640902519226 334.847370783488 327.116847038269 324.259181817373 329.826513926188 336.193482081095 316.662053267161 315.204779307048 321.29434744517 320.962488651276 314.301133155823 310.845156510671 313.357293605804 320.91490427653 314.09094731013 310.579339663188 311.767319838206 311.006704966227 307.850778102875 301.796058813731 302.721242109935 300.434748331706 299.548506736755 298.940440018972 303.261597951253 305.54727713267 308.196485042572 307.948748270671 300.380071004232 289.2760237058 273.782928784688 265.317837397258 280.867477258046 290.540019671122 288.42423359553 278.80589167277 292.91969537735 274.227877457937 207.953631877899 179.473380247752 163.446406523387 166.039307912191 171.133736769358
347.509145736694 350.110491116842 349.400560061137 347.343603769938 343.894879023234 338.946302731832 332.689563433329 328.417241573334 330.61945438385 327.425161997477 332.894484202067 332.343677679698 322.347442309062 321.857551733653 317.26602713267 311.507701873779 318.423906962077 319.11712884903 313.201109568278 311.441858609517 311.597605546315 305.765668551127 302.993297576904 301.922102769216 302.276333173116 303.751528263092 302.351792653402 302.056471506755 305.194695790609 307.101845741272 308.313886324565 303.728361924489 284.605065981547 262.495160102844 270.959893862406 293.168107668559 295.932710170746 290.83373149236 273.854474226634 279.226819674174 298.978606859843 251.468539237976 193.949739138285 164.283643166224 154.189050197601 150.957802931468
336.492617925008 340.168237686157 340.842445691427 343.647718429565 348.410844802856 351.832151412964 352.157195409139 349.807341893514 348.150968551636 348.709980646769 342.843214670817 331.338028113047 325.499176979065 322.327355543772 318.53320201238 316.248675187429 316.293557484945 316.728214422862 310.822645823161 310.442666212718 309.082984924316 310.772478580475 308.125714461009 303.773601849874 302.034815152486 303.230702877045 305.282711982727 306.409358978271 308.191657066345 306.20531241099 306.995769341787 304.365515708923 279.750466346741 263.351122538249 285.973012447357 300.873279571533 296.683212121328 291.986246903737 278.833289941152 274.690886338552 308.736801147461 331.477642059326 277.767539024353 224.317828814189 182.734747727712 155.338207880656
