input/barkrak2/radiation/dir19224.grid
NCOLS 85 
NROWS 70 
XLLCORNER 665100 
YLLCORNER 4664600 
CELLSIZE 20 
NODATA_value -9999 
[rows 0 to 19 of 70, columns 0 to 45 of 85]
349.683602650959983 352.470636367798 352.078358332316 348.02250067393 342.65665213267 337.691307067871 329.676687717438 323.512454827627 328.4725745519 327.28773355484 324.106117089589 332.037091255188 338.492353757222 338.348150253296 341.383536656698 351.285060246785 353.22896639506 345.779577891032 333.218733469645 323.125422000885 301.081856091817 296.078364054362 312.563061714172 318.935453891754 316.233197848002 313.979307810466 312.844316164653 305.236538251241 286.586085955302 279.348889986674 277.939279874166 283.023317654928 292.359352111816 297.919154167175 305.112838745117 297.61811097463 294.51843102773 302.829802036285 300.689955552419 302.948355674744 292.835036913554 273.930350939433 284.461875756582 308.20369720459 313.397248586019 304.78976170222
343.137303988139 348.77339998881 349.218487739563 348.280946413676 346.310297648112 342.207113901774 331.466257572174 321.02245092392 324.039340019226 325.882852077484 320.482830206553 326.787829399109 335.71716149648 335.951725641886 335.131446520487 339.542547861735 339.651385943095 338.800986607869 337.016661961873 329.766710599263 314.07235066096 305.478314558665 310.194750626882 315.278848012288 313.72340520223 310.577273368835 309.837619463603 303.961714108785 289.813141028086 279.610355695089 280.858516693115 290.344079335531 288.870235284169 292.889714241028 303.882380326589 296.047786871592 289.464215437571 291.54380162557 286.281585693359 301.677326361338 299.196839332581 286.91154718399 294.001837571462 313.501159350077 319.217304388682 308.060109615326
323.946436246236 322.957396507263 327.960391839345 333.556294441223 338.449239730835 338.817199071248 339.328209559123 335.218985875448 331.394573052724 328.084250291189 320.027987162272 320.403615633647 328.620692094167 330.96977074941 326.661586761475 330.046971638997 333.538929621379 338.449557622274 340.67956606547 336.233615875244 331.43546183904 321.747084458669 313.875675201416 312.574644883474 313.77899646759 313.42093149821 308.934688568115 302.404761314392 291.295250256856 279.316385587056 277.106821537018 289.466023445129 276.860018571218 284.308751424154 299.060940742493 293.302178382874 278.192142645518 270.656148592631 282.891750335693 301.580528418223 303.014715512594 303.043206532796 305.255631605784 319.536586602529 329.151411851247 315.106173356374
307.327429453532 304.008364677429 308.775623639425 310.921788215637 308.823545773824 312.454223632812 316.864868005117 324.634234110514 332.28079477946 336.023569107056 332.700689633687 330.341060956319 330.79868555069 330.426434675852 326.679110527039 320.544838905334 323.1187860171 328.865210215251 335.140625635783 336.65140469869 334.597826004028 331.636389096578 329.919437567393 323.363264401754 321.428338686625 322.494784990946 317.214767138163 308.106521765391 299.659470717112 290.446917215983 280.779798825582 288.327217102051 277.201910813649 283.563395341237 290.259778499603 291.430989901225 284.918268521627 281.727949778239 300.292134284973 313.387076059977 310.667832692464 302.700241406759 299.14128780365 307.229419549306 318.763693173726 319.674074649811
320.955475171407 307.324687639872 295.36759853363 281.215926011403 284.599880377452 296.371241410573 310.89707215627 317.551076412201 323.559820652008 326.421638329824 334.617058436076 339.083512624105 340.356508890788 340.372204780579 337.704261144002 334.27635828654 332.352737585704 327.664335568746 330.371956030528 334.671417872111 334.138989448547 334.465265274048 337.327400843302 332.189440727234 327.261606852214 326.414863268534 321.540355682373 312.719782193502 304.114143053691 298.662543296814 297.232945760091 295.418004194895 288.825452327728 290.781716505686 288.298646608988 292.094667752584 301.596204439799 307.099302609762 316.565076510112 321.76148891449 319.364766279856 312.087655067444 304.290393988291 300.370752811432 306.099573771159 326.152324676514
343.94105275472 327.556232611338 303.845127423604 286.359906196594 277.825772762299 285.318533579508 306.562582651774 316.685398419698 317.978660265605 318.163911501567 324.422617753347 331.709861755371 335.130016009013 337.862769762675 340.333541234334 340.9477074941 337.345123291016 329.930206139882 328.623076279958 331.921100616455 331.51251077652 334.71151192983 339.772780736287 337.087472279867 333.271404107412 331.890106201172 325.874924659729 316.818118095398 306.556602319082 299.826661745707 299.59625005722 296.240866184235 300.646503766378 306.260704994202 301.027099291484 298.045039176941 306.248386700948 313.648263613383 317.656834920247 317.977170149485 318.914373715719 315.055946509043 312.186658382416 311.42657995224 310.178716977437 315.099239349365
346.286376317342 336.838006973267 326.423605283101 312.183916568756 296.984950701396 286.765774091085 289.870619773865 312.027255694071 320.572753747304 325.41286945343 322.739481925964 319.615562756856 317.023237546285 314.71453110377 316.231985886892 325.268050034841 330.629706382751 335.553328196208 337.059855461121 337.199608484904 333.188752333323 329.299887021383 336.480577786763 338.789621988932 336.847861607869 337.738156318665 333.757479985555 326.466083526611 316.276748975118 309.337099393209 304.847776889801 305.748840173086 319.869299729665 325.194299221039 322.348634401957 315.896093845367 314.435760180155 318.108280499776 321.358780066172 326.788643995921 326.825300852458 322.698950767517 318.767170111338 313.093721866608 297.974685827891 291.62989060084
342.374404271444 342.211325963338 341.097593307495 334.671894709269 321.391781171163 298.999428749084 281.641483306885 283.397257328033 308.041671911875 324.169059594472 328.243354956309 325.749178727468 320.669213930766 315.06735086441 306.900143623352 308.081110318502 316.37579202652 325.762391090393 336.36212348938 341.73862139384 339.897553126017 333.820263544718 333.937684694926 337.310592333476 337.47410774231 339.764634768168 338.960289955139 334.722479184469 328.165213267008 324.18151696523 321.563601493835 322.616696357727 332.047780354818 334.918300310771 334.516445795695 330.849428971608 325.41157801946 321.513752142588 315.738479296366 321.897765000661 329.599062601725 333.293716112773 332.11342493693 323.436419169108 307.224651177724 291.300177574158
339.743852615356 340.462724367778 340.796748797099 338.868975639343 334.07187461853 323.812266190847 304.320871829987 280.272861321767 289.507190386454 308.194855848948 321.818192799886 325.97138484319 326.081275939941 324.87165927887 318.772852420807 314.414083957672 312.686661879222 315.720438957214 323.392669359843 332.878271738688 339.394688606262 341.066916783651 338.894923528035 336.388031641642 336.921612421672 340.176105499268 340.649525324504 338.720083236694 336.319406827291 336.907347043355 337.390542030334 336.456259091695 339.000344276428 340.405225753784 337.368528048197 335.592706998189 332.123398780823 324.098785718282 310.797373453776 313.789467016856 328.75653107961 332.444508870443 329.849461714427 325.446923573812 316.448966662089 307.057102521261
330.394963423411 334.604342778524 336.190303166707 336.305260658264 335.289716720581 335.325400034587 329.792400201162 317.885935306549 295.203884442647 287.250876426697 298.600355784098 316.190401713053 328.149159749349 332.354744275411 334.072113037109 330.866773923238 321.431954701742 319.514910380046 319.103936354319 319.98868783315 325.367073218028 328.96226644516 331.078012784322 332.602719465892 334.82297261556 336.947838465373 338.62566947937 337.936957677205 337.22722530365 339.325865109762 340.180357297262 339.667797088623 342.049797375997 343.693852424622 341.802517573039 338.263154029846 336.202224095662 331.663886706034 313.595175743103 310.035904248555 323.318362236023 325.234572092692 323.441406091054 321.307182312012 313.140432039897 303.761641184489
300.6378809611 310.130655765533 317.70791610082 323.265671730042 328.123827775319 332.154333591461 333.963831265767 332.915902137756 317.296862602234 298.967639605204 287.936906019847 294.512172540029 314.38026825587 328.078230222066 335.493961970011 331.002334753672 327.461361885071 323.433299859365 318.615277608236 315.104047457377 315.352181593577 314.074099063873 315.824508666992 323.022623856862 328.689793745677 332.211752732595 333.813746770223 333.297669887543 335.181474685669 337.602337201436 338.662981987 340.433716773987 344.243764877319 344.847718874613 343.334913253784 340.242187182109 339.334607124329 339.110732078552 327.709992726644 315.850416819255 319.927473862966 323.665777842204 325.317442417145 324.691991011302 317.422608534495 308.695753415426
269.022881984711 273.440102736155 280.401825904846 289.396444956462 301.405707995097 312.197049458822 323.970635732015 328.324437141418 329.20906941096 320.784250895182 303.253908952077 289.005815982819 289.326071739197 307.474076747894 324.219266573588 324.74946975708 329.267084598541 328.384498755137 323.264062404633 316.851099332174 311.254143714905 308.955947558085 309.02882417043 315.243303775787 320.076028505961 322.575986385345 323.3442902565 325.815518697103 329.488376776377 331.937313079834 334.180355072021 337.647040685018 341.301639874776 341.419617335002 340.193033218384 339.416941006978 341.522296269735 343.10253461202 339.669942855835 330.597817897797 328.454911708832 331.494589646657 334.330836931864 334.224780400594 328.026096026103 325.48067967097
258.825500806173 255.065401395162 252.135892709096 252.154608567556 258.98669163386 273.153046766917 293.346186478933 309.351603190104 327.813049157461 330.048660437266 323.670705159505 308.64687760671 287.361204624176 285.481711228689 303.725997606913 321.282068888346 329.508562882741 330.718239148458 328.408281008403 323.682685693105 318.171620368958 316.326200962067 316.02801879247 316.690325737 316.281855106354 315.132975578308 318.064153194427 323.580801486969 324.852685133616 325.723687807719 328.645825386047 332.127849260966 333.838661511739 333.83313814799 334.299127260844 336.603124936422 342.043956120809 344.842632611593 343.332091967265 342.357556025187 340.383887290955 339.802344640096 339.272181193034 338.146924972534 332.498292128245 329.534431298574
253.807167212168 229.212363560994 213.630874951681 208.444952964783 205.912152926127 211.745043595632 230.555315812429 261.695583661397 293.741762638092 317.70521402359 327.445228894552 327.967842419942 317.831893761953 298.913061618805 296.911239624023 315.892477830251 326.450407505035 332.102139790853 335.096597671509 333.643198013306 327.881177266439 325.731873512268 323.772231737773 322.87871837616 321.975648403168 320.083181063334 322.643975416819 327.691276868184 326.590895652771 322.45131333669 326.133290926615 329.418281714122 330.840388933818 331.161061922709 331.784208615621 335.559606552124 339.033881823222 341.077287991842 340.480367342631 340.527733167013 341.220776240031 342.248757680257 342.845678329468 340.43824672699 335.546255111694 331.291894117991
237.998147805532 204.379677772522 182.650963465373 178.587814172109 178.293645381927 183.066805203756 191.194355487823 215.918521086375 240.293939908346 284.805993239085 324.083268642426 338.511983553569 340.281923611959 331.328173478444 314.80211019516 311.708986759186 315.918723742167 325.90913772583 334.090789159139 336.873253186544 336.357792218526 333.49347114563 332.504014174143 331.04286591212 327.313005924225 325.860301653544 328.350385030111 329.535285631816 324.5982726415 322.605649630229 326.231201489766 328.284204006195 328.553299109141 328.749219576518 330.897132555644 332.156439622243 333.393017450968 332.814375559489 334.185043970744 333.164175351461 335.914691289266 339.277346928914 341.398954391479 339.735746383667 335.947354634603 334.062337875366
203.701098759969 179.147779941559 162.770986557007 159.784903128942 175.635774930318 195.736229419708 195.562223593394 201.315601666768 222.1293648084 249.467233816783 295.925458272298 336.110512415568 345.080216725667 344.097375869751 335.513313611348 317.11757183075 309.526383876801 311.380823453267 323.053896427155 335.862159729004 339.564323425293 336.932261784871 337.858398755391 335.269053777059 331.085741519928 330.523073673248 333.016832669576 330.605606238047 325.422604878743 327.85834868749 330.053011576335 329.708317915599 327.202379703522 326.734483242035 327.166080474854 326.786359151204 325.861195723216 322.238723436991 323.671460151672 324.686110019684 326.792935530345 330.083628495534 331.545074780782 330.550193786621 333.038707574209 334.866205851237
178.994615872701 169.798870881399 160.276492436727 150.960028171539 156.555682420731 179.362734158834 198.52872689565 200.26574532191 215.202371279399 228.912552197774 251.341799894969 301.651696364085 340.747356414795 342.967470486959 340.61070283254 336.279193560282 330.403804779053 320.655822753906 313.741743564606 320.48511505127 334.168791770935 338.530302047729 340.081135431925 337.886571884155 334.312597910563 335.247357686361 338.187297185262 334.809978802999 331.483006477356 335.125327110291 335.971514383952 330.117324988047 326.861798763275 325.159549713135 321.315069993337 320.565323034922 317.922472953796 317.157487074534 316.346903642019 318.492611249288 320.470750331879 321.346501509349 323.060472806295 323.577364285787 331.577837467194 335.007031758626
170.943160851796 174.352208773295 174.410939216614 162.659585475922 147.49405781428 156.937549511592 185.37179629008 203.104138374329 221.54704729716 232.234140237172 240.943650404612 266.828914483388 313.985387484233 339.941382408142 342.947880427043 343.580484390259 343.178033828735 337.720950444539 326.561570167542 315.562208493551 321.960707505544 336.849649747213 337.866147359212 336.657404899597 336.88739935557 340.452035268148 342.705249786377 340.923070907593 338.428139686584 339.420596758525 336.792389551799 330.883304278056 327.688177426656 324.189126491547 320.536931355794 317.835529645284 316.460927327474 316.766858100891 315.656125545502 317.026555538177 318.900227546692 318.954944610596 319.008708000183 321.820199489594 327.360351880391 333.675066630046
180.738170941671 191.2974913915 198.957661787669 191.150883833567 169.623851776123 166.759550571442 187.173803647359 206.975817680359 225.364724795024 247.654736042023 254.088600476583 263.113061587016 289.006511370341 320.39471467336 338.386297225952 342.317740122477 342.904448509216 342.340071996053 340.740919113159 331.699152787526 319.515268007914 327.194174130758 331.661641597748 335.671941439311 340.020736058553 343.574245770772 345.064560572306 343.492309252421 339.424729347229 338.990767796834 335.032065709432 331.031421820323 327.689290046692 324.434697628021 322.314739227295 319.658180077871 318.652351697286 316.951155662537 316.374202569326 317.530035972595 320.439080397288 321.473558743795 320.042649904887 322.14895884196 323.340038458506 331.348518530528
194.400727748871 198.997517426809 211.48540576299 225.300967693329 212.053418159485 185.025334358215 185.246109962463 196.317593256632 216.332038243612 239.566842714945 254.017512003581 255.759139855703 267.655154069265 283.73924891154 311.789552370707 335.611701011658 338.678479194641 338.902036348979 339.552919069926 339.489062627157 335.609912872314 327.76270310084 328.366657098134 332.695206006368 338.42396736145 342.653671900431 345.239400863647 343.13182036082 337.449073791504 337.020794550578 333.270231882731 328.386346499125 325.233519077301 324.449121952057 323.443512121836 320.97339630127 319.352308909098 314.203838507334 312.099834283193 318.17881266276 322.578211625417 322.632431983948 324.299057324727 324.27712281545 322.658161322276 327.534556388855
