input/barkrak2/radiation/dir17324.grid
NCOLS 85 
NROWS 70 
XLLCORNER 665100 
YLLCORNER 4664600 
CELLSIZE 20 
NODATA_value -9999 
[rows 40 to 59 of 70, columns 0 to 45 of 85]
344.399054845174 345.029274622599 344.995657602946 346.592982610067 350.442409515381 352.916638056437 354.881167411804 356.99725151062 357.076446215312 351.438800493876 344.456513722738 341.355562210083 339.047869046529 336.316068967183 333.355069160461 332.957863807678 330.220699310303 330.015858014425 324.555198351542 322.791318098704 322.636763254801 325.737516085307 325.21386941274 321.238398551941 317.306876182556 314.946452776591 319.723924001058 320.319751898448 320.570886135101 320.540169874827 319.395343462626 314.59907690684 288.83683681488 283.35169951121 303.790827592214 304.119646549225 295.471409956614 295.604864756266 295.855641365051 283.645530541738 291.726211706797 331.887304782867 352.794130643209 310.43138106664 251.657327016195 207.256356875102
348.392248153687 346.879402796427 347.023407618205 347.640077273051 345.915238062541 344.674309094747 344.54079469045 345.619916915894 348.526914914449 343.88256072998 339.580297470093 339.067022005717 340.196967124939 339.398066202799 337.491313616435 335.199077924093 329.932272434235 334.7540696462 332.49686161677 327.569166819255 328.277111053467 326.513290405273 326.307972272237 326.016366481781 325.75523853302 321.607530117035 323.694328467051 323.725700378418 322.445074717204 323.212087154388 321.555972099304 315.382202466329 295.954326788584 294.711430867513 305.349667867025 296.967307726542 282.701392968496 283.509830633799 291.208465894063 295.586109161377 308.54453643163 320.908029874166 335.127989451091 335.498730341593 293.006420135498 244.339982668559
349.696437517802 348.355054855347 349.991242090861 349.514007568359 345.814863840739 344.557563463847 344.429890314738 343.744198481242 344.116965929667 341.451327006022 339.062531789144 339.180986086528 340.616861979167 340.725143750509 340.740243593852 338.098724683126 335.294326146444 336.016337076823 336.116075515747 330.703457196554 328.255275885264 326.790690422058 323.582549889882 325.481951236725 327.033201853434 323.564151922862 320.300936698914 321.800112724304 321.10728820165 322.190324465434 320.116778214773 312.728881835938 303.28232049942 303.834954897563 302.62831846873 286.399741967519 271.573384602865 277.744968732198 293.09610525767 305.287082990011 313.2097919782 311.152875423431 307.714025179545 313.615600268046 299.874186515808 250.580410162608
342.76016553243 344.435811042786 348.7921555837 346.819162368774 347.574154535929 349.016467730204 349.477052688599 348.127444585164 342.508951822917 341.080109278361 342.265645662944 340.510129928589 338.870286941528 340.238610903422 340.89998404185 337.173899014791 336.749712626139 337.00700600942 337.789217631022 333.672205607096 329.387446244558 326.897084712982 325.595478216807 324.526747067769 323.703408241272 324.908196926117 320.511341094971 320.486168066661 320.235411326091 318.263252576192 315.381725629171 308.112521966298 307.330131530762 307.442188262939 293.967366218567 272.002756595612 267.365415891012 281.497915585836 301.205039024353 306.118428707123 306.260168552399 301.955103874207 294.258972009023 293.049216270447 287.78330485026 257.660667101542
342.655936876933 346.069574356079 347.358425458272 347.119013468424 348.101655642192 349.130948384603 349.069476127625 346.816460291545 345.258911450704 343.023896217346 343.257188796997 341.223080952962 338.395198186239 338.029543558757 335.766355196635 334.872007369995 331.527551015218 336.266795794169 336.386919021606 335.455973943075 332.015832265218 329.721510410309 328.346292177836 327.784915765127 323.362509409587 327.637135982513 326.562503973643 323.60033194224 321.462353070577 316.89977645874 310.662468274434 305.776437123617 304.353296756744 299.819628397624 286.728103955587 269.947648048401 271.162311236064 287.169357140859 302.749673525492 301.370680332184 302.637219429016 295.387228329976 282.773594061534 278.297583262126 279.691974322001 269.305427869161
346.328814824422 348.521033922831 346.93964322408 348.126928011576 347.352822621663 347.078045209249 347.826321919759 346.875349680583 347.987731297811 345.632632573446 344.624400138855 342.507441838582 340.237379074097 336.784760157267 335.270722707113 337.776700655619 333.064834276835 333.970506985982 337.750355402629 336.009899775187 333.44038327535 332.046091556549 330.581784248352 330.287237962087 328.149477640788 327.08752155304 327.982008457184 325.331846872966 322.049299875895 317.050814628601 310.673991839091 306.416869163513 303.972780704498 295.65171400706 279.244383176168 264.572242895762 269.802510738373 287.221153577169 294.931670029958 289.095679918925 294.719537099202 286.112109820048 274.481236934662 277.199387550354 288.075764973958 280.121068159739
346.347689628601 347.067912419637 348.11274210612 348.65395228068 347.83665339152 348.019202550252 348.397175470988 349.221547444661 347.429911295573 347.317695617676 345.418572425842 345.18559773763 342.489202817281 339.919169743856 339.842081069946 340.93189239502 339.655041694641 335.354487101237 338.31508954366 336.835940678914 334.281802177429 333.670576413472 330.793599287669 327.665130297343 329.570571581523 323.213934898376 322.87460565567 322.3996758461 320.316433906555 317.056854565938 312.015493710836 307.27889140447 302.246312300364 292.05201069514 277.691006660461 266.250153382619 273.845036824544 286.726752916972 284.728308518728 286.651353041331 293.497761090596 282.440721988678 278.010090192159 284.951329231262 294.204811255137 286.56804561615
343.299706776937 344.621102015177 347.31920560201 347.042957941691 348.352233568827 348.880370457967 348.153829574585 347.114165623983 346.673250198364 348.420302073161 346.4169104894 344.844301541646 343.270699183146 343.479116757711 341.250777244568 341.170350710551 339.719573656718 334.060112635295 334.996740023295 336.566686630249 332.297325134277 329.991499582926 330.564061800639 324.776232242584 326.32315158844 323.607603708903 319.457213083903 318.518420060476 318.190256754557 314.668774604797 312.555948893229 308.858195940654 300.153215726217 295.777102311452 288.666725158691 275.64134200414 278.282999992371 285.612523555756 287.544786930084 293.986042340596 291.382948557536 284.21684106191 286.012550195058 286.816239356995 286.527832349141 278.498450915019
340.200940767924 342.06767876943 344.346602757772 345.251043637594 347.591837247213 348.924040794373 347.333470980326 346.115827560425 347.759326299032 348.973274230957 347.33784198761 345.714012781779 345.197439193726 344.752470652262 343.64132086436 340.187748273214 338.94685904185 334.259271621704 334.443012873332 336.147507031759 333.183507124583 331.867416699727 331.820686658223 326.301693916321 324.158728122711 323.698361714681 318.391899267832 321.130176385244 322.471777598063 319.722870985667 318.936129411062 315.725644429525 305.989960829417 306.451996167501 298.139611879985 280.51096200943 280.844330787659 289.008875687917 294.026533762614 294.092873732249 284.370144208272 281.900942325592 281.109690666199 275.633275508881 273.084759712219 272.689978281657
339.650670687358 337.663372357686 340.411861737569 344.010869661967 346.709410349528 346.599539120992 347.559730211894 349.058230717977 349.266767501831 347.952922185262 348.877350489299 348.253170649211 346.945802370707 344.881574312846 343.132813771566 340.022842089335 339.428822199504 334.67157681783 334.176421165466 336.634437243144 336.541533470154 333.600918451945 328.956802686055 327.617704868317 322.521944840749 324.272533257802 323.77682129542 323.971172173818 324.052751064301 325.534780820211 325.323104858398 318.748633066813 312.202294667562 311.092217763265 302.366515000661 285.671810309092 279.299795627594 287.439664204915 293.271164099375 284.331321716309 273.24241399765 276.752094427745 276.623368263245 270.96172173818 270.534098148346 274.277210235596
339.762449264526 341.072916984558 342.794259389242 344.853639602661 345.279216766357 345.323284467061 348.282774289449 350.543141365051 350.57520866394 349.946856498718 350.001215934753 350.023587544759 347.825249036153 345.071872075399 344.243963559469 343.759934107463 338.879903157552 335.878213246663 335.745414098104 337.227622667948 335.299054781596 333.065132300059 330.193102359772 328.401843706767 323.123971621195 324.016213417053 325.024008750916 322.291592756907 323.828061421712 323.861718177795 324.455261230469 320.267458756765 311.849494775136 308.700819810232 299.58587884903 285.587986310323 280.679066975911 284.742732842763 284.621874491374 272.804141044617 269.894162813822 280.366679032644 279.861807823181 272.12788661321 271.355410416921 266.814510027568
339.956601460775 344.12936369578 345.343550046285 346.005996068319 345.096389452616 344.805002212524 347.771406173706 350.104173024495 350.101351737976 351.502815882365 350.619514783223 349.592208862305 347.899039586385 344.965855280558 342.087467511495 345.845103263855 340.44889609019 335.163354873657 333.129505316416 333.555618921916 331.724901994069 329.897880554199 327.857077121735 322.64922062556 318.062682946523 315.953950087229 317.999482154846 317.620913187663 317.994753519694 322.721004486084 323.23815425237 318.837225437164 306.023597717285 297.263999780019 274.031698703766 261.461059252421 271.660705407461 279.347201188405 277.599453926086 277.473549048106 285.397907098134 288.924435774485 273.357590039571 265.217800935109 272.562702496846 260.940472284953
340.218067169189 339.624087015788 339.017232259115 341.130336125692 343.816002209981 346.407413482666 346.745411554972 348.741134007772 348.729173342387 350.073973337809 349.458376566569 349.436561266581 348.503986994425 345.528523127238 342.71506468455 340.487202008565 341.775457064311 333.430171012878 327.859203020732 325.787762800852 323.042829831441 324.76403315862 321.974813938141 315.231700738271 317.057013511658 314.53142563502 312.471270561218 312.312404314677 309.000372886658 309.225022792816 312.140882015228 312.82373269399 289.339741071065 265.777011712392 240.569074948629 230.774283409119 244.540313879649 268.665830294291 283.472001552582 278.152306874593 278.590738773346 274.088263511658 261.966129144033 264.755765597026 269.223471482595 246.181845664978
342.949867248535 337.372700373332 334.91837978363 338.295499483744 344.824393590291 348.227183024089 347.957213719686 347.893317540487 348.290324211121 347.554326057434 347.831010818481 348.10201327006 347.922881444295 347.413976987203 342.443068822225 339.210510253906 339.308778444926 331.005215644836 325.490415096283 324.209113915761 325.02810160319 319.975117842356 320.395787556966 314.665536085765 313.029189904531 311.383684476217 310.309410095215 309.853831926982 305.8167497317 302.677790323893 296.970208485921 288.322488466899 266.713261604309 241.042633851369 232.061147689819 228.849351406097 222.051560878754 232.51070578893 247.85856405894 265.814344088237 271.274665991465 261.828859647115 257.734576861064 261.180996894836 252.048214276632 231.821636358897
343.307574590047 340.202569961548 338.13484509786 339.693625768026 345.311244328817 348.729014396667 349.371592203776 347.871661186218 349.082112312317 346.541563669841 347.27152188619 348.180532455444 345.673004786174 346.417943636576 340.87610244751 341.260194778442 337.416132291158 329.748670260112 325.43541987737 326.289554437002 325.99010070165 322.657843430837 320.125202337901 318.129897117615 314.704934755961 313.555816809336 311.53404712677 309.279541174571 306.100249290466 301.554302374522 290.536085764567 281.850854555766 257.909198602041 243.87788772583 247.751971085866 251.561641693115 245.217601458232 236.744900544484 227.610429128011 234.963715076447 250.107824802399 242.16765165329 236.445585886637 230.70901632309 226.335406303406 222.000956535339
345.495144526164 344.168265660604 341.185053189596 339.074333508809 342.181245485942 347.955465316772 347.713788350423 346.108198165894 346.885840098063 348.004738489787 348.436911900838 347.911914189657 345.176895459493 344.261844952901 339.330554008484 337.728301684062 335.453112920125 332.978506882985 328.412334124247 326.982438564301 325.530091921488 323.462804158529 322.433670361837 321.857988834381 318.428774674733 316.400150458018 312.373061974843 306.486447652181 300.774196783702 296.804328759511 292.516966660817 286.867558956146 265.330155690511 257.898211479187 261.697332064311 269.264539082845 280.788203080495 277.614076932271 261.364142100016 232.152879238129 230.823377768199 231.30863904953 228.431940078735 226.759473482768 232.45890935262 238.094607988993
346.840461095174 346.570213635763 344.848791758219 340.269128481547 338.537176450094 343.73950958252 346.825480461121 346.129536628723 343.426585197449 345.304886500041 346.726695696513 346.269170443217 342.253526051839 341.782331466675 339.451392491659 335.475365320841 335.779349009196 331.703980763753 327.949464321136 328.802148501078 327.32359568278 325.432817141215 322.080492973328 320.518056551615 316.27881526947 313.382347424825 300.39918422699 282.630821069082 278.167466322581 282.864729563395 290.534873803457 284.102539221446 267.080247402191 259.599387645721 266.16766055425 276.087860266368 292.338748772939 301.295717557271 292.462607224782 261.611421902974 236.019730567932 238.214631875356 245.262980461121 256.223638852437 266.535460948944 269.511540730794
346.269329388936 344.77710723877 345.151821772258 342.951575915019 338.469505310059 341.046690940857 344.666600227356 344.465812047323 341.934164365133 340.274413426717 342.657605806987 343.194564183553 340.019702911377 339.101711908976 338.629802068075 335.030992825826 334.39036210378 331.536014874776 328.390340010325 328.146557013194 327.366709709167 325.741012891134 322.361687819163 317.908803621928 316.975156466166 316.233952840169 302.319645881653 285.371422767639 284.886101881663 289.377113183339 295.45517762502 286.584575970968 274.731794993083 273.662308851878 285.528560479482 288.309057553609 294.42020257314 283.870021502177 252.156376838684 243.696550528208 254.935383796692 264.133532842 258.990744749705 253.47505013148 255.226870377858 265.820761521657
340.289990107218 343.981186548869 343.792041142782 342.998584111532 338.756958643595 336.986740430196 343.017021814982 343.432784080505 339.830636978149 335.003773371379 339.073896408081 342.46567885081 340.612649917603 337.070067723592 336.680054664612 333.755135536194 332.014719645182 329.057892163595 329.408705234528 327.266176541646 329.095880190531 326.310733954112 324.694991111755 320.374389489492 319.280465443929 319.880326588949 314.034402370453 311.79932753245 308.269600073497 304.33730284373 299.795746803284 287.952939669291 285.576383272807 283.24290116628 279.835383097331 266.482591629028 247.448007265727 213.615536689758 197.080572446187 233.820219834646 269.346038500468 270.646890004476 249.6351202329 244.790573914846 257.915258407593 271.939714749654
334.463715553284 341.273466746012 341.529011726379 340.311805407206 339.823683102926 333.704710006714 337.716380755107 340.041200319926 339.848438898722 336.727221806844 338.722944259644 339.768012364705 340.670188268026 335.968414942424 336.26655737559 334.266463915507 329.82212305069 326.928655306498 324.165185292562 322.717150052388 323.450883229574 322.173655033112 323.126097520192 321.221828460693 321.073492368062 323.644320170085 323.688546816508 326.338251431783 311.477820078532 309.375087420146 299.829840660095 288.227717081706 285.961906115214 267.205437024434 239.69300587972 213.224589824677 196.561177571615 189.09349044164 185.671746730804 210.561911265055 237.625042597453 254.356980323792 251.44882996877 263.460596402486 294.306476910909 304.499248663584
