input/barkrak2/radiation/dir16124.grid
NCOLS 85 
NROWS 70 
XLLCORNER 665100 
YLLCORNER 4664600 
CELLSIZE 20 
NODATA_value -9999 
[rows 0 to 19 of 70, columns 0 to 45 of 85]
355.482856432596975 357.678333918254 356.560945510864 351.427634557088 345.413446426392 340.556462605794 332.455039024353 326.258560021718 331.400990486145 329.99982436498 326.747536659241 334.993759791056 341.761310895284 341.578006744385 344.611446062724 355.227430661519 359.441081682841 356.951713562012 338.918169339498 328.807254632314 305.447002251943 299.174984296163 315.091828505198 321.365157763163 318.457663059235 314.62695201238 315.685470898946 307.289004325867 288.514832655589 281.048655509949 280.158718427022 284.159402052561 291.87818368276 297.48014609019 305.909434954325 298.40878645579 294.731517632802 302.596946557363 300.350824991862 302.844683329264 292.995492617289 273.235281308492 283.731460571289 310.003558794657 315.33819437027 306.090613206228
349.585096041362 354.799548784892 355.746030807495 352.315465609233 350.616534550985 345.824599266052 334.635098775228 323.595364888509 326.340715090434 328.217387199402 322.909235954285 329.735557238261 339.361906051636 340.344190597534 338.715791702271 345.585664113363 343.403577804565 342.899163564046 341.310898462931 334.331432978312 318.237026532491 308.04443359375 312.279601891836 317.742307980855 316.145579020182 311.86447540919 311.170697212219 305.820246537526 291.66042804718 281.533718109131 282.501657803853 291.16412003835 288.021723429362 291.640718777974 304.392218589783 296.618521213531 289.265751838684 291.651209195455 286.748826503754 301.010648409526 299.421429634094 286.610762278239 294.064303239187 314.474105834961 320.554157098134 308.697958787282
331.516146659851 331.654449303945 335.29527982076 337.827086448669 345.046003659566 347.260435422262 345.359404881795 340.178330739339 334.697882334391 330.852190653483 322.74051507314 322.924872239431 330.663482348124 333.281556765238 329.257845878601 332.194228967031 335.736672083537 339.970350265503 343.175888061523 340.315739313761 334.974368413289 324.743628501892 315.705418586731 314.050833384196 315.889040629069 315.811951955159 310.385346412659 304.201225439707 293.009797732035 280.584335327148 277.91686852773 289.552787939707 276.544352372487 283.571521441142 298.932452996572 293.262898921967 277.33838558197 270.166019598643 282.147943973541 301.626165707906 304.019172986348 304.079174995422 306.676904360453 321.741580963135 332.071046034495 317.585686842601
315.533479054769 312.379101912181 315.59556722641 319.448212782542 319.388508796692 319.969435532888 323.178072770437 330.550948778788 338.330745697021 340.622425079346 336.53998374939 333.315849304199 333.150029182434 332.421362400055 328.41291030248 322.406987349192 325.308362642924 331.019997596741 337.514599164327 339.533090591431 338.237245877584 335.208733876546 333.394130071004 326.192438602448 323.694984118144 325.460215409597 319.297154744466 310.51250298818 301.678021748861 291.644096374512 281.659285227458 288.056055704753 276.143829027812 282.736659049988 290.103157361348 291.006724039714 284.186204274495 280.89431921641 300.238331158956 314.389010270437 311.755081017812 304.845849672953 300.4496494929 308.547218640645 320.623834927877 322.467128435771
328.618427117666 316.208263238271 306.314686934153 295.757710933685 290.0696794192 304.634630680084 317.481736342112 323.925236860911 328.597029050191 333.315054575602 339.829921722412 344.03661886851 343.881090482076 342.570940653483 339.572072029114 337.247133255005 334.808111190796 330.834488073985 333.694815635681 338.854193687439 337.942242622375 337.84818649292 340.102076530457 335.178454717 330.293397108714 329.268991947174 323.731064796448 315.029899279277 305.850346883138 300.38321018219 298.477073510488 295.183976491292 288.215359052022 290.843327840169 288.150628407796 291.845738887787 302.290479342143 308.105985323588 318.143169085185 323.82063070933 321.864724159241 313.629686832428 305.301229159037 300.830940405528 306.645969549815 328.196624914805
351.093689600627 336.824019749959 315.539956092834 291.900416215261 284.982164700826 292.291065057119 311.932782332102 323.173105716705 325.329264005025 324.518879254659 330.502470334371 337.417125701904 341.609358787537 342.989365259806 345.147371292114 345.423777898153 341.644287109375 333.820025126139 332.133094469706 335.272232691447 335.051457087199 338.008085886637 343.139251073201 340.34538269043 335.788170496623 334.976514180501 328.212797641754 318.8157081604 308.231949806213 301.240762074788 300.338685512543 295.929153760274 300.569911797841 307.258546352386 301.21374130249 298.471132914225 306.74018462499 314.560612042745 319.136202335358 319.452484448751 320.518374443054 316.738406817118 313.782334327698 312.586685021718 311.624149481456 318.308631579081
352.169434229533 343.782544136047 332.740505536397 318.862438201904 303.935647010803 293.802460034688 300.026039282481 318.588415781657 326.918065547943 331.550220648448 330.030381679535 325.92244942983 323.43457142512 321.201165517171 322.656512260437 331.339259942373 335.477113723755 339.998563130697 341.196298599243 341.084082921346 336.245656013489 332.097311814626 339.57839012146 341.520150502523 339.487632115682 340.758562088013 336.927135785421 328.865845998128 318.366587162018 310.846527417501 305.442114671071 305.961132049561 320.747375488281 327.419380346934 324.360648790995 317.156732082367 315.676112969716 319.680253664653 323.256492614746 329.043765862783 329.311966896057 325.096031030019 320.932110150655 314.619898796082 300.212581952413 293.458143870036
346.749623616536 347.117980321248 345.916668574015 340.584635734558 329.020440578461 308.830738067627 290.292839209239 290.627419948578 316.019495328267 330.355127652486 334.246079126994 331.868171691895 327.018062273661 321.635286013285 313.684900601705 316.029171148936 323.949972788493 331.814448038737 341.690142949422 346.285899480184 344.321886698405 337.320446968079 337.151368459066 340.501387914022 340.758403142293 343.146046002706 342.267791430155 337.844133377075 331.003089745839 326.417565345764 323.004523913066 323.387940724691 333.917856216431 337.962667147319 336.986303329468 332.808276017507 327.137053012848 323.75697294871 317.983905474345 325.304567813873 333.510716756185 336.657643318176 335.048913955688 325.11301835378 308.331390221914 292.016824086507
344.732801119487 345.487038294474 346.149643262227 344.573179880778 340.38257598877 330.193936824799 311.241726080577 289.03591632843 296.440223852793 314.797778924306 328.190644582113 332.131028175354 331.508119901021 331.044713656108 326.180716355642 320.951143900553 319.283604621887 322.228968143463 330.795248349508 338.522036870321 344.548344612122 345.651745796204 342.916250228882 340.4567639033 340.917269388835 343.744198481242 344.698667526245 342.647949854533 340.076486269633 340.173959732056 339.636405309041 338.712016741435 341.963291168213 343.443234761556 340.943853060404 338.605880737305 335.435589154561 327.241679032644 313.260118166606 316.71146551768 331.669767697652 334.760189056396 330.941398938497 326.875885327657 317.92821486791 308.667083581289
336.658954620361 339.742064476013 341.776450475057 342.294017473857 341.152270634969 340.973138809204 335.101842880249 324.331084887187 302.048146724701 295.880277951558 305.564184983571 322.781443595886 334.23642317454 338.112751642863 339.806238810221 336.848338445028 328.852554162343 324.765205383301 324.23210144043 327.60763168335 331.517736117045 333.998481432597 337.411483128866 338.445067405701 339.805563290914 341.853777567546 343.518336613973 342.315475145976 341.561754544576 343.74721844991 344.555457433065 344.503879547119 346.083045005798 347.525477409363 345.417261123657 341.392596562703 339.694221814473 334.804058074951 316.683332125346 312.222162882487 325.132588545481 326.059977213542 324.048042297363 322.558462619781 314.538697401683 305.258810520172
307.819366455078 317.044933636983 324.331919352214 329.603453477224 334.177017211914 337.965528170268 340.32662709554 339.713414510091 325.040280818939 305.904765923818 295.043845971425 301.592568556468 321.081598599752 334.182302157084 340.498328208923 336.272756258647 333.686431248983 330.814301967621 325.088461240133 321.663061777751 321.955482165019 320.69597641627 322.378595670064 329.23835515976 334.511041641235 337.764700253805 339.325825373332 338.783780733744 340.44361114502 342.681248982747 343.622883160909 344.674666722616 347.980618476868 349.070191383362 347.539941469828 344.361106554667 343.199054400126 342.705011367798 330.683767795563 317.699491977692 321.212450663249 324.870705604553 326.609293619792 326.480170090993 318.859060605367 309.769093990326
276.85425678889 281.212270259857 288.068811098735 297.68435160319 309.365471204122 319.803814093272 331.115504105886 334.56563949585 334.614038467407 327.29693253835 310.24444103241 294.761459032695 296.395083268483 314.30462996165 330.595393975576 331.0227394104 335.369825363159 334.582448005676 329.697072505951 323.493858178457 319.126923878988 315.820058186849 315.893550713857 321.912964185079 326.549013455709 328.884383042653 330.152869224548 332.492550214132 335.34296353658 337.64119942983 339.729388554891 343.023737271627 346.450090408325 347.267627716064 345.85436185201 344.272375106812 345.919052759806 346.964557965596 343.613823254903 333.287278811137 330.316483974457 333.374659220378 336.469093958537 336.581786473592 330.299735069275 327.922860781352
266.786793867747 263.99830977122 262.025515238444 261.126081148783 267.897029717763 280.844807624817 300.684968630473 316.309988498688 334.114154179891 336.224317550659 330.154736836751 315.585017204285 294.616440931956 292.75127251943 310.798048973083 327.866752942403 336.419065793355 336.773792902629 335.392157236735 331.043084462484 324.805200099945 323.873420556386 323.587417602539 324.244221051534 322.905957698822 321.766893068949 324.60097471873 329.893469810486 331.739147504171 332.575857639313 334.634383519491 337.955554326375 339.612166086833 340.471744537354 339.888652165731 342.014829317729 347.011248270671 349.283218383789 348.358233769735 346.126039822896 343.757669130961 342.911044756571 342.550237973531 341.891010602315 335.973183314006 332.791328430176
262.643496195475 238.292813301086 222.830394903819 217.738846937815 214.208026727041 219.92548306783 238.585929075877 269.37727133433 299.672186374664 325.238386789958 334.201176961263 334.830562273661 324.505388736725 307.330826918284 303.910573323568 322.564085324605 332.82482624054 338.848034540812 340.875506401062 339.556932449341 334.124008814494 332.069138685862 330.198566118876 330.191234747569 329.151272773743 326.539576053619 329.033215840658 333.849986394246 332.749406496684 329.499363899231 333.102583885193 335.426092147827 336.796045303345 337.105552355448 338.499585787455 341.124415397644 344.352960586548 346.20213508606 346.355795860291 346.221367518107 345.871488253276 346.62918249766 346.894025802612 344.701091448466 339.304367701213 334.668795267741
246.21856212616 213.177720705668 191.816290219625 187.082449595133 186.733782291412 191.335499286652 199.453353881836 221.967856089274 247.976819674174 291.985948880513 330.585122108459 344.254016876221 345.875422159831 338.462034861247 321.363965670268 318.358222643534 322.581251462301 332.28725194931 340.79909324646 343.071023623149 342.693090438843 339.395483334859 338.489611943563 337.135871251424 334.201018015544 332.70251750946 335.339069366455 335.620681444804 330.790718396505 328.948557376862 332.492470741272 335.268100102742 334.632913271586 334.825237592061 336.862961451213 339.016000429789 340.282797813416 338.577588399251 339.848478635152 339.688698450724 342.232584953308 344.401121139526 346.286455790202 345.15647093455 340.478777885437 338.329672813416
211.93007628123 187.862435976664 172.234098116557 169.172624746958 184.064745903015 203.812758127848 204.851587613424 208.442012468974 228.734950224559 258.930822213491 302.430272102356 341.984152793884 350.225647290548 349.347273508708 342.392961184184 324.952224890391 316.382527351379 318.170189857483 329.514145851135 342.546065648397 345.61022122701 342.534422874451 343.440055847168 341.073314348857 337.09438641866 337.113777796427 339.700778325399 336.611866950989 331.54159784317 333.941221237183 336.136182149251 335.811893145243 334.275444348653 332.908987998962 333.323756853739 332.965095837911 332.078774770101 329.660375912984 329.909384250641 330.876092116038 333.869695663452 335.922479629517 337.297042210897 337.139844894409 338.282744089762 339.881658554077
186.69593334198 177.827715873718 169.381360212962 161.441067854563 163.443903128306 188.524524370829 206.236958503723 209.186395009359 221.24570608139 235.226353009542 259.809494018555 308.418015638987 346.359968185425 348.112503687541 345.899343490601 342.828790346781 337.629715601603 327.069282531738 320.294956366221 328.190584977468 340.879360834758 343.995412190755 345.411737759908 343.391021092733 340.072949727376 340.98760286967 343.80316734314 341.196894645691 337.720314661662 341.32969379425 341.677904129028 336.175958315531 333.095967769623 331.493000189463 328.713854153951 327.010909716288 324.466645717621 323.727985223134 323.922574520111 324.94596640269 326.849182446798 328.737139701843 329.251567522685 330.780943234762 337.170521418254 340.277274449666
178.105056285858 181.858003139496 182.770431041718 172.919650872548 155.536442995071 163.944224516551 194.008568922679 209.096630414327 227.117260297139 238.171378771464 246.47448460261 274.910509586334 320.809046427409 345.653931299845 348.173856735229 349.133054415385 349.124193191528 344.339450200399 332.881033420563 322.11442788442 329.619526863098 343.525966008504 343.43151251475 342.138648033142 342.351118723551 345.793008804321 347.905119260152 346.163431803385 343.744277954102 345.218857129415 342.825929323832 336.751659711202 333.83564154307 330.551246802012 327.05819606781 325.307210286458 324.058850606283 323.35364818573 323.291619618734 324.589947859446 325.337608655294 326.484004656474 325.36510626475 328.046679496765 334.434429804484 339.181423187256
187.975684801737 198.646148045858 206.84007803599 200.966119766235 180.882692337036 172.80658086141 194.946110248566 212.141950925191 230.305711428324 252.921382586161 259.063045183818 268.319070339203 298.066993554433 329.713503519694 344.207525253296 348.217328389486 348.706324895223 348.268826802572 346.3081518809 337.76581287384 325.964132944743 334.581931432088 338.536381721497 341.412941614787 345.372676849365 348.651051521301 350.008924802144 348.358511924744 344.478448232015 344.165285428365 340.874592463175 337.055484453837 334.163069725037 331.39963944753 328.749140103658 326.212207476298 326.169391473134 323.534289995829 322.985013326009 325.100521246592 326.814929644267 327.81716187795 327.512423197428 329.660733540853 329.485992590586 337.129354476929
202.073832352956 206.718246142069 219.122250874837 234.426458676656 219.832360744476 190.099120140076 190.003752708435 201.43590370814 220.869640509288 244.0225481987 260.2911790212 262.760758399963 277.365247408549 295.469383398692 325.682361920675 341.618736584981 344.441374142965 345.14311949412 345.683852831523 345.125516255697 341.451605161031 333.966016769409 334.676583607992 339.59968884786 344.85403696696 348.699847857157 350.225567817688 348.028024037679 342.559218406677 342.195113499959 338.897069295247 334.193785985311 331.452528635661 331.190963586171 330.469171206156 327.462474505107 325.929760932922 320.966045061747 318.849047025045 324.718376000722 328.947265942891 330.052594343821 330.528517564138 330.473482608795 328.898012638092 333.484411239624
