input/barkrak2/radiation/dir16624.grid
NCOLS 85 
NROWS 70 
XLLCORNER 665100 
YLLCORNER 4664600 
CELLSIZE 20 
NODATA_value -9999 
[rows 20 to 39 of 70, columns 0 to 45 of 85]
211.032668749491 204.383015632629 220.940828323364 262.62903213501 256.296734015147 206.270277500153 190.989593664805 195.083578427633 208.065827687581 230.122705300649 243.951042493184 252.653261025747 262.947837511698 276.29021803538 291.244824727376 324.39402739207 336.225907007853 339.270989100138 343.792915344238 349.795579910278 350.871761639913 345.776438713074 344.920714696248 346.340219179789 347.255786259969 348.3513991038 348.963936169942 345.693588256836 341.026186943054 340.704123179118 335.165580113729 325.47797759374 318.070729573568 315.190692742666 314.158856868744 319.06121969223 318.617622057597 320.830702781677 325.15013217926 328.797916571299 328.401605288188 328.442792097727 330.361525217692 325.369775295258 329.295734564463 332.48245716095
235.824247201284 236.958980560303 257.224222024282 287.732859452565 281.814217567444 221.636494000753 203.618784745534 202.283620834351 209.333340326945 223.800659179688 237.009545167287 244.819382826487 253.614981969198 261.02477312088 275.486628214518 294.939418633779 324.892103672028 334.791898727417 339.66076374054 346.78574403127 350.085973739624 353.571852048238 353.793899218241 353.269974390666 350.689967473348 347.293376922607 343.909899393717 340.577721595764 339.343627293905 332.738399505615 317.041873931885 290.344079335531 272.087415059408 271.309792995453 279.101272424062 296.948432922363 303.996125857035 317.542394002279 325.155735015869 325.978954633077 324.418008327484 322.475592295329 317.486882209778 305.230299631755 322.989463806152 329.464495182037
273.822585741679 282.76385863622 292.815585931142 303.046425183614 303.015828132629 255.040526390076 224.187652269999 207.6402703921 206.955432891846 218.574980894725 235.279738903046 244.076550006866 258.789340655009 264.785170555115 273.554921150208 286.841015021006 302.917122840881 325.379530588786 334.473490715027 335.626204808553 338.294267654419 347.190300623576 350.627819697062 350.466728210449 348.009943962097 346.6637134552 344.02060508728 340.742389361064 327.277978261312 311.662296454112 268.260896205902 217.734058698018 198.0073650678 216.111580530802 244.02924378713 268.045783042908 284.304141998291 303.13507715861 314.387738704681 317.318002382914 320.104718208313 319.481372833252 299.177845319112 281.041403611501 304.822345574697 328.502615292867
291.570663452148 295.664250850677 299.554089705149 307.534476121267 307.277798652649 288.663705190023 246.871411800385 217.249274253845 201.842923959096 206.97029431661 234.915455182393 245.77271938324 261.534055074056 278.684576352437 280.707637468974 284.650127092997 298.00154765447 311.690211296082 324.393550554911 324.808478355408 323.387682437897 326.953947544098 335.871020952861 341.728568077087 342.501242955526 334.500829378764 321.737130482992 303.818345069885 278.187274932861 235.711812973022 196.611801783244 171.764731407166 147.12005853653 147.412488857905 159.976720809937 197.61598110199 236.719071865082 262.868305047353 280.081490675608 288.342833518982 287.874440352122 274.560987949371 259.675602118174 291.899641354879 289.078275362651 321.044027805328
283.332069714864 285.88463862737 298.057238260905 309.28764740626 301.598389943441 290.662984053294 257.620056470235 232.976019382477 215.359687805176 208.556175231934 224.649548530579 242.136518160502 254.975199699402 271.725018819173 280.296425024668 283.408582210541 293.870250384013 306.498805681864 314.375360806783 317.523062229156 321.100016434987 318.042635917664 326.428929964701 317.023436228434 306.522011756897 300.293326377869 291.251619656881 279.885073502858 247.454007466634 190.778096516927 169.110417366028 166.693329811096 149.929066499074 128.70118021965 120.473921298981 133.571843306224 181.860903898875 217.407425244649 244.309266408285 256.58518075943 246.726751327515 225.017011165619 246.426224708557 307.152370611827 299.140731493632 323.983232180278
278.429408868154 282.308379809062 295.696059862773 305.361390113831 302.314817905426 290.889163812002 266.291578610738 257.425904273987 246.759553750356 231.471478939056 231.846610705058 253.775596618652 265.461484591166 280.009051163991 286.841074625651 284.637033939362 291.241923967997 303.03023258845 311.244606971741 316.763301690419 327.218572298686 316.099683443705 296.84454202652 293.707152207692 294.340193271637 292.182485262553 280.470848083496 267.018735408783 223.859826723735 195.138653119405 194.194078445435 211.193084716797 216.198841730754 193.045238653819 159.202893575033 139.199733734131 155.769606431325 183.937509854635 225.761671861013 240.400691827138 222.235878308614 213.384588559469 254.772941271464 289.947191874186 312.161882718404 333.796342213949
280.500988165538 282.314499219259 291.136741638184 301.570296287537 314.965943495433 298.968891302745 280.524611473083 267.755031585693 265.604118506114 262.4738017718 254.56424554189 269.250293572744 280.385533968608 294.269820054372 298.684000968933 291.301925977071 293.895781040192 305.316170056661 313.211401303609 319.397866725922 311.913589636485 308.123469352722 304.01869614919 298.444549242655 295.636216799418 291.515707969666 279.395997524261 267.03421274821 229.906658331553 223.938445250193 246.128559112549 269.223749637604 273.181915283203 286.519308884939 268.375754356384 182.805816332499 167.83599058787 181.873997052511 207.725127538045 238.436500231425 231.132686138153 262.380957603455 254.513323307037 266.801675160726 302.796045939128 321.958502133687
284.740447998047 280.957599480947 284.26738580068 297.261337439219 334.610223770142 308.720548947652 284.134030342102 266.400317351023 266.697466373444 277.206540107727 270.615677038829 274.282832940419 288.962105909983 297.522803147634 301.342904567719 302.099188168844 300.214966138204 307.162324587504 308.643877506256 309.667309125264 308.021167914073 300.268371899923 298.972169558207 304.200013478597 302.563726902008 298.275272051493 288.310368855794 277.815123399099 251.616438229879 249.863107999166 274.641474088033 289.264102776845 287.207881609599 301.140824953715 329.354186852773 263.866305351257 198.695341746012 185.915271441142 200.127899646759 242.104907830556 268.44576994578 313.199639320374 264.587024847666 257.742484410604 290.417869885763 300.128201643626
281.700551509857 274.07693862915 278.136948744456 303.727785746257 345.178325970968 306.125859419505 274.340748786926 261.001070340474 266.364534695943 277.407765388489 273.290991783142 272.101203600566 289.003948370616 298.904001712799 304.589708646138 307.74454275767 303.05548508962 293.768505255381 302.58184671402 302.81267563502 303.731342156728 297.153850396474 297.225733598073 303.996682167053 307.297348976135 301.758249600728 297.127664089203 286.293864250183 262.779076894124 256.749888261159 279.907385508219 298.352936903636 296.588619550069 294.733643531799 317.266901334127 323.703090349833 235.410670439402 177.768528461456 169.613420963287 212.192873160044 276.995182037354 292.699595292409 256.210386753082 235.154589017232 261.083364486694 277.029315630595
274.050017197927 266.386886437734 275.234381357829 314.104497432709 341.816306114197 302.124877770742 267.879525820414 250.408152739207 248.775819937388 255.681276321411 255.076368649801 263.063251972198 283.111850420634 302.454988161723 303.469240665436 307.968397935232 304.25097544988 291.620294253031 294.48143641154 296.77693049113 295.590142409007 297.293663024902 299.159785111745 304.380476474762 306.580285231272 305.083433787028 303.737262884776 292.185405890147 270.389199256897 265.758474667867 284.58442290624 302.690704663595 298.140903313955 294.286509354909 303.271889686584 324.427505334218 314.115464687347 240.978936354319 191.47139787674 200.701177120209 238.237996896108 251.366714636485 250.221053759257 221.010684967041 235.008239746094 262.849271297455
261.991679668427 272.405723730723 301.783184210459 347.447395324707 350.112438201904 307.121435801188 272.208333015442 244.189063707987 236.986796061198 247.96998500824 242.940008640289 241.702755292257 275.205075740814 300.102452437083 303.204854329427 307.284891605377 307.384689648946 299.652536710103 298.719187577565 297.648906707764 296.984394391378 303.253332773844 304.626524448395 304.933965206146 307.942112286886 311.944703261058 310.365895430247 300.55820941925 283.504545688629 278.3282995224 290.038148562113 302.763084570567 300.284266471863 299.434820810954 302.648603916168 305.178642272949 330.08603254954 343.535701433818 279.01432911555 232.013722260793 219.7558482488 210.377633571625 228.096644083659 223.934451738993 230.972766876221 267.608106136322
280.509193738302 305.158734321594 322.071353594462 326.338708400726 355.797052383423 338.630199432373 305.017828941345 266.822079817454 251.011212666829 266.220589478811 261.01283232371 243.462761243184 262.920737266541 293.159584204356 305.432677268982 309.999942779541 307.68483877182 305.99574247996 300.510088602702 301.205158233643 303.159276644389 306.11922343572 309.141834576925 307.852943738302 309.479912122091 317.067563533783 318.956971168518 314.754684766134 300.940255324046 293.95071665446 296.920577685038 300.351818402608 302.034914493561 306.080222129822 308.366894721985 296.54194911321 305.550217628479 344.63369846344 343.714714050293 285.184601942698 236.626128355662 209.128558635712 209.643721580505 228.217244148254 252.639532089233 282.580335934957
309.243003527323 316.563645998637 304.611484209696 296.688119570414 315.768440564473 338.515202204386 335.170388221741 307.68875281016 285.084764162699 287.608842055003 291.991829872131 267.79705286026 263.977964719137 288.362661997477 305.334786574046 308.985332647959 307.4645002683 310.797373453776 302.351315816243 303.022444248199 306.948880354563 309.714376926422 308.075328667959 308.958470821381 311.310728391012 318.596323331197 323.455055554708 323.373754819234 310.045142968496 300.933043162028 306.922753651937 309.432506561279 305.105586846669 307.360132535299 311.559716860453 301.696042219798 300.910790761312 321.667194366455 328.345676263173 305.288990338643 275.903344154358 233.665982882182 215.108573436737 222.438395023346 244.184692700704 275.050381819407
297.377943992615 288.768808046977 281.05358282725 269.815643628438 270.16407251358 291.365404923757 314.070026079814 312.927683194478 304.2986591657 306.716918945312 307.360808054606 291.857719421387 283.463637034098 294.223666191101 307.771523793538 306.585629781087 308.445294698079 310.23371219635 303.378999233246 305.991689364115 306.206862131755 308.835128943125 307.741641998291 306.299487749736 310.538132985433 315.540750821431 322.950581709544 320.809940497081 312.975943088531 308.026095231374 312.849322954814 310.488323370616 300.000508626302 299.717863400777 304.288923740387 289.179007212321 286.32128238678 287.816166877747 283.690830071767 289.890666802724 299.223999182383 265.181461970011 236.485759417216 227.398832639058 229.024211565653 251.933077971141
289.426386356354 278.113563855489 284.535626570384 269.920945167542 261.666436990102 273.632903893789 300.821661949158 326.871971289317 325.464049975077 313.867628574371 302.123804887136 302.773694197337 310.579617818197 311.448633670807 310.252765814463 309.490144252777 309.752265612284 307.786266009013 307.873407999674 310.643136501312 308.481633663177 308.068633079529 307.738244533539 306.413213411967 307.694812615712 311.302920182546 317.205647627513 313.552419344584 312.803069750468 313.218375047048 314.342538515727 303.694128990173 288.425882657369 293.971121311188 293.400287628174 277.348577976227 278.003215789795 278.229117393494 286.477446556091 310.430109500885 308.849930763245 296.576082706451 272.746662298838 259.248654047648 241.302450497945 231.849292914073
310.313065846761 304.600993792216 314.438819885254 309.150596459707 298.85854323705 303.804675738017 321.096201737722 344.560384750366 340.596834818522 316.409746805827 301.169753074646 311.851183573405 324.639062086741 322.176555792491 318.017760912577 319.641908009847 314.163208007812 310.88654200236 313.280006249746 314.408183097839 312.322656313578 307.892382144928 308.177471160889 310.712456703186 308.785279591878 309.975107510885 312.063654263814 310.109615325928 310.862918694814 316.579699516296 313.435713450114 302.945295969645 289.940575758616 290.658195813497 284.237265586853 280.064642429352 285.110314687093 285.31535466512 297.656059265137 329.448958237966 297.889550526937 283.438245455424 273.809870084127 267.855683962504 251.512130101522 230.307102203369
337.386647860209 334.214170773824 336.373885472616 339.179952939351 329.880972703298 323.440750439962 328.00833384196 342.889149983724 340.677340825399 313.272575537364 304.935177167257 319.198966026306 331.63845539093 323.860108852386 319.1037774086 322.063386440277 325.786113739014 317.317485809326 317.538837591807 320.769091447194 316.752215226491 313.630680243174 311.69859568278 313.591063022614 310.078461964925 309.630195299784 311.046401659648 312.674959500631 314.062794049581 318.918744723002 315.56632121404 305.483341217041 292.527993520101 286.376694838206 279.212733109792 284.408986568451 290.981829166412 289.639830589294 292.789240678151 317.774037520091 288.92062107722 245.285848776499 234.031438827515 228.469967842102 225.623846054077 219.65483824412
351.188619931539 348.013122876485 342.444578806559 343.52179368337 338.077823321025 329.499185085297 325.68762699763 331.052243709564 338.300744692485 320.74366013209 321.114381154378 330.093582471212 330.387969811757 324.343939622243 322.612663110097 324.981530507406 330.868780612946 326.972524325053 322.845836480459 323.834041754405 322.38906621933 317.435801029205 313.436547915141 314.273774623871 311.876177787781 310.994525750478 311.206976572673 314.917723337809 316.708664099375 317.70791610082 317.4014488856 307.799299558004 296.400328477224 280.135591824849 272.237042586009 287.435630957286 297.468185424805 294.956942399343 284.799218177795 301.935255527496 289.492507775625 223.914643128713 193.002720673879 180.260519186656 180.21426598231 186.490654945374
355.581879615784 357.85190264384 356.281598409017 353.617270787557 349.11831219991 342.825651168823 334.888617197673 329.592665036519 332.028110822042 330.881377061208 339.556455612183 339.814782142639 333.34485689799 334.285656611125 327.960173288981 324.816326300303 330.323735872904 330.54123322169 324.970602989197 324.72429672877 321.536858876546 319.208025932312 313.046038150787 313.625335693359 312.858899434408 315.024892489115 311.854263146718 313.888351122538 316.476762294769 315.543274084727 317.29511419932 311.832169691722 291.175206502279 269.169847170512 277.836700280507 299.202183882395 302.098631858826 295.647939046224 278.971195220947 285.121083259583 311.257163683573 268.153508504232 210.721651713053 180.245002110799 168.190598487854 165.213296810786
347.45991230011 350.175499916077 350.541194279989 353.524605433146 357.101202011108 359.078367551168 357.931971549988 354.342182477315 352.346062660217 354.903101921082 351.940075556437 342.975417772929 338.068087895711 334.173281987508 333.398898442586 327.116906642914 330.084383487701 329.249580701192 322.858393192291 321.337024370829 323.174258073171 322.672148545583 319.711883862813 314.74361817042 311.861256758372 312.951564788818 314.770758152008 315.738618373871 318.042496840159 317.405919233958 316.187123457591 312.782386938731 286.857485771179 269.729336102804 291.534582773844 306.315680344899 301.671504974365 297.218044598897 283.671180407206 278.273383776347 314.543565114339 343.370676040649 293.639659881592 240.523159503937 197.862982749939 167.197982470194
