input/barkrak2/radiation/dir12424.grid
NCOLS 85 
NROWS 70 
XLLCORNER 665100 
YLLCORNER 4664600 
CELLSIZE 20 
NODATA_value -9999 
[rows 20 to 39 of 70, columns 0 to 45 of 85]
157.715479532878 147.617657979329 160.86882352829 197.836299737295 192.512770493825 157.393246889114 144.795050223668 153.165737787882 166.223227977753 184.557954470317 197.441339492798 202.685753504435 207.301199436188 214.326818784078 226.495722929637 245.977759361267 261.217852433523 275.581995646159 290.168563524882 311.499694983164 315.141101678212 305.051863193512 303.424894809723 305.610617001851 307.203451792399 309.051791826884 312.140941619873 309.429208437602 306.297202905019 305.355131626129 298.375089963277 285.325686136882 273.277123769124 266.097366809845 263.248244921366 269.102692604065 269.050657749176 271.405657132467 275.519967079163 280.178328355153 281.330207983653 280.500769615173 283.264219760895 277.876476446788 282.050510247548 286.482552687327
188.581824302673 183.075030644735 192.765156428019 224.597613016764 221.250096956889 165.22471110026 157.248765230179 163.181255261103 171.754399935404 181.624968846639 192.213575045268 198.496023813883 204.166253407796 204.236845175425 214.914123217265 232.525785764058 249.045570691427 261.631528536479 277.754624684652 294.64598496755 307.278951009115 319.26953792572 321.265975634257 319.911599159241 314.376990000407 307.505190372467 303.317924340566 298.674583435059 299.340307712555 289.001186688741 275.524020195007 242.644230524699 219.593147436778 213.851571083069 220.583438873291 240.508655707041 248.863538106283 265.138904253642 276.301801204681 276.405453681946 274.430056413015 273.431082566579 266.370733579 250.571668148041 271.716912587484 282.254060109456
233.070135116577 236.837387084961 234.611133734385 243.154009183248 242.790679136912 196.809331576029 180.644412835439 170.652588208516 170.206646124522 177.054325739543 190.744499365489 201.581041018168 207.67484108607 212.189396222432 217.627028624217 227.525015672048 243.771652380625 255.203664302826 269.096950689952 275.232275327047 283.430258433024 295.006950696309 300.10328690211 305.342237154643 297.294557094574 286.873936653137 272.925972938538 254.972219467163 251.752694447835 237.058122952779 209.073821703593 162.719945112864 140.393197536469 151.443749666214 179.476539293925 205.810705820719 225.636263688405 246.938169002533 260.792275269826 264.550149440765 267.347534497579 268.496553103129 244.64205900828 221.362312634786 251.608967781067 279.171307881673
259.994228680929 258.84743531545 247.246444225311 249.011059602102 248.438239097595 233.127236366272 205.294013023376 178.378065427144 164.356152216593 168.840448061625 191.195766131083 201.929608980815 213.632822036743 224.374016125997 225.395758946737 229.436576366425 240.61918258667 253.809253374736 260.147929191589 251.339058081309 242.599705855052 243.433674176534 253.990213076274 263.211667537689 270.523190498352 271.673937638601 256.269037723541 246.44015232722 217.452188332876 183.885375658671 155.264725287755 129.673341910044 93.3370987574259 73.8799025615056 84.9998792012533 121.163457632065 166.111131509145 200.148204962413 219.345907370249 229.342659314473 228.860219319661 214.447458585103 201.175093650818 233.970642089844 237.003068129222 269.725203514099
253.507475058238 253.851036230723 253.823697566986 251.312454541524 240.528325239817 234.46261882782 210.450808207194 194.335301717122 178.203046321869 172.717571258545 184.461077054342 198.28466574351 212.178587913513 222.905993461609 226.519842942556 229.630947113037 233.588616053263 239.882012208303 243.762373924255 240.207016468048 237.200458844503 231.834312280019 239.08390601476 246.947348117828 251.753290494283 250.118056933085 244.732757409414 229.722917079926 198.383331298828 150.188585122426 129.500150680542 125.797847906748 102.649589379628 58.3143929640452 50.5400896072388 71.4368025461833 111.422161261241 146.331131458282 175.92316865921 192.814568678538 180.943826834361 160.033653179804 181.376655896505 257.347325483958 252.575874328613 270.510415236155
244.547804196676 249.321381251017 256.589452425639 250.529905160268 241.13541841507 234.64826742808 221.128284931183 220.740417639414 213.737070560455 199.356853961945 196.52134180069 214.828590552012 223.559180895487 236.225108305613 233.042001724243 224.473198254903 224.422593911489 234.567443529765 242.808640003204 246.237635612488 247.695247332255 242.671291033427 239.393393198649 237.471322218577 238.915642102559 239.194552103678 231.547713279724 223.649144172668 185.09316444397 159.59644317627 156.44825498263 171.178758144379 170.942028363546 124.527355035146 90.307613213857 90.3597275416056 100.096573432287 121.559282143911 150.626341501872 166.144192218781 152.887801329295 146.382381518682 190.58620929718 251.910408337911 270.204186439514 282.071053981781
245.581944783529 249.067445596059 254.870116710663 251.78341070811 256.095468997955 248.187084992727 242.766896883647 239.119708538055 241.40610297521 234.732747077942 222.915828227997 235.345204671224 241.720596949259 248.15579255422 243.001739184062 232.682486375173 228.860060373942 240.61644077301 246.10690275828 256.089488665263 261.1030737559 255.762974421183 246.566613515218 239.379684130351 239.622712135315 238.460739453634 231.52490456899 226.540108521779 194.98610496521 192.195653915405 211.206336816152 236.293156941732 242.653330167135 244.028528531392 203.23125521342 125.095675388972 116.254876057307 122.32701977094 144.357472658157 154.580195744832 167.706151803335 198.138912518819 212.56023645401 231.434027353923 259.255011876424 270.929177602132
249.41885471344 246.089935302734 248.658895492554 251.196364561717 281.438946723938 266.504883766174 255.626122156779 245.387415091197 247.206230958303 253.563086191813 240.108132362366 240.37500222524 243.589540322622 245.948910713196 249.297916889191 244.23090616862 239.735146363576 244.675795237223 256.954709688822 260.982573032379 258.592585722605 251.442134380341 249.693850676219 247.198005517324 245.901783307393 245.364228884379 240.967949231466 235.787252585093 226.267755031586 226.440648237864 247.156083583832 261.345565319061 263.502935568492 276.979068915049 281.836867332458 201.045056184133 143.021245797475 128.544757763545 135.367711385091 158.04253021876 201.585054397583 259.884019692739 226.033786932627 219.06856695811 239.260137081146 250.109136104584
247.936209042867 237.799684206645 241.415659586589 257.448891798655 297.850926717122 271.05716864268 249.507387479146 238.976220289866 240.757723649343 246.542771657308 239.102403322856 233.578165372213 239.549994468689 247.483332951864 252.207636833191 252.013961474101 248.289863268534 243.607838948568 254.019101460775 255.964577198029 253.138581911723 247.590661048889 247.05715974172 251.46363178889 253.105521202087 246.726353963216 247.231304645538 242.906828721364 237.191955248515 237.419446309408 258.416056632996 274.948279062907 275.936504205068 275.744279225667 289.924204349518 268.633147080739 170.241117477417 116.964240868886 105.668485164642 135.757734378179 211.432814598083 243.911961714427 215.258618195852 188.09445699056 208.349764347076 218.407769997915
242.168207963308 229.912320772807 236.850837866465 267.693936824799 295.923928419749 267.893155415853 238.757173220317 220.087548096975 214.522322018941 214.854021867116 215.150912602743 218.616207440694 235.43127377828 246.238887310028 252.332548300425 256.562908490499 257.456739743551 242.830534776052 245.848615964254 247.704386711121 248.243947823842 248.665610949198 248.698890209198 254.943946997325 256.206731001536 249.69889720281 253.00794839859 246.81293964386 239.060580730438 245.585819085439 265.772223472595 283.04119904836 278.973261515299 276.647984981537 286.787668863932 296.36021455129 257.341961065928 174.454073111216 132.666518290838 141.323089599609 178.703149159749 195.326308409373 197.418411572774 165.103892485301 172.904809315999 195.805708567301
233.199695746104 241.446971893311 271.480520566305 317.471345265706 313.887159029643 273.868461449941 235.678791999817 206.410984198252 195.266326268514 204.612553119659 201.833844184875 195.581912994385 225.590189297994 246.242264906565 255.628009637197 261.692504088084 261.164247989655 251.237352689107 250.045816103617 252.080957094828 249.289393424988 255.249460538228 255.670090516408 256.59586985906 259.022851785024 261.395990848541 260.059078534444 257.865389188131 249.319513638814 257.112383842468 273.312449455261 285.42959690094 281.386971473694 284.144878387451 290.454586346944 294.169783592224 303.655346234639 293.9453125 218.678255875905 171.530624230703 157.704214255015 151.812603076299 172.105093797048 164.492100477219 165.082265933355 192.933837572734
252.025524775187 282.525479793549 311.135570208232 322.25888967514 340.56289990743 311.789234479268 269.911726315816 229.175905386607 214.803874492645 229.451298713684 221.059640248617 204.511841138204 216.310580571493 241.818169752757 258.466978867849 263.237575689952 264.874597390493 262.212415536245 255.405525366465 252.111554145813 254.357039928436 258.540908495585 258.99350643158 256.237586339315 259.072264035543 268.037915229797 269.109686215719 269.435664017995 266.750613848368 270.212709903717 278.990209102631 284.931560357412 287.003795305888 293.292621771495 297.853986422221 286.574999491374 292.003154754639 317.56317615509 293.254435062408 222.66415754954 171.689490477244 153.627971808116 155.823022127151 166.720112164815 189.46498632431 216.642042001088
293.95459095637 311.597446600596 311.351259549459 305.674195289612 321.799536546071 332.574367523193 317.36812988917 284.727692604065 260.329127311707 258.263945579529 257.648448149363 235.378583272298 222.281475861867 243.104338645935 265.400012334188 267.413139343262 265.564819176992 267.669558525085 256.686826546987 253.478666146596 258.416632811228 258.550743261973 258.963505427043 258.15882285436 259.041806062063 270.511269569397 274.833003679911 279.297788937887 274.253269036611 274.617731571198 285.226861635844 291.513502597809 289.091865221659 289.071083068848 293.575247128805 282.787164052327 283.019264539083 294.705351193746 282.067139943441 244.091153144836 209.059437115987 178.020596504211 162.08603978157 166.100134452184 188.736975193024 224.179605642954
301.355361938477 301.760077476501 296.73840602239 287.125945091248 289.121091365814 306.602676709493 318.445722262065 305.578331152598 287.78334458669 281.594971815745 281.462828318278 264.330208301544 246.631145477295 252.88204352061 264.837721983592 267.146646976471 260.540743668874 263.716578483582 257.126371065776 258.0659588178 256.499667962392 256.291230519613 255.214790503184 254.417022069295 258.656064669291 266.889194647471 275.67990620931 277.790983517965 275.583545366923 278.680523236593 288.984835147858 289.042790730794 277.18714872996 272.624750932058 276.278456052144 259.41127538681 257.128516832987 252.212802569071 234.350641568502 226.203958193461 236.368219057719 211.818476517995 186.895867188772 172.575116157532 176.146447658539 203.23125521342
300.989945729574 295.390029748281 300.827383995056 289.053539435069 282.609403133392 292.513946692149 313.03882598877 324.568907419841 308.038175106049 291.631102561951 283.576647440592 279.456833998362 277.078827222188 267.75074005127 264.680941899617 265.55190483729 263.530770937602 260.507225990295 258.048792680105 261.26903295517 257.833043734233 255.348006884257 254.902005195618 255.680004755656 258.005360762278 264.069596926371 271.633724371592 269.441068172455 270.09912331899 280.655642350515 287.009716033936 279.007911682129 264.393448829651 266.105671723684 262.825270493825 244.945963223775 247.019648551941 246.082842350006 244.120498498281 249.834358692169 251.51393810908 247.671008110046 224.387526512146 208.064218362172 192.231734593709 184.764424959819
316.08384847641 313.202222188314 320.462604363759 315.941909948985 307.48055378596 309.713880221049 322.551886240641 336.92212899526 321.503738562266 295.702457427979 282.648185888926 287.043193976084 292.80428091685 277.285615603129 270.776232083638 272.891203562419 268.381377061208 261.213342348735 264.622390270233 265.739897886912 263.211766878764 256.886839866638 259.766598542531 263.275106747945 260.741452376048 263.32946618398 264.672497908274 263.959050178528 267.384946346283 279.287974039714 282.347619533539 275.4092613856 266.406099001567 267.280618349711 255.316019058228 249.516864617666 255.058427651723 257.868965466817 265.349706013997 275.914569695791 240.476568539937 234.168668588003 225.56742032369 216.624041398366 198.389708995819 178.548177083333
329.080859820048 327.965478102366 330.89405298233 331.115821997325 323.262274265289 317.993323008219 323.655704657237 336.297750473022 326.124787330627 296.147068341573 283.330023288727 286.603510379791 290.103693803151 279.508908589681 270.470261573792 275.053600470225 277.492205301921 268.83723338445 268.391450246175 270.992279052734 270.431141058604 265.173395474752 264.399131139119 266.34693145752 264.282802740733 263.182024161021 267.055928707123 269.691427548726 272.455056508382 280.760963757833 284.035265445709 278.377970059713 268.860697746277 265.522718429565 252.758542696635 256.853560606639 261.894086996714 264.029701550802 266.506373882294 270.353694756826 224.005877971649 188.74063094457 175.63670873642 168.4916416804 168.960928916931 166.405469179153
332.307398319244 333.471496899923 333.822965621948 332.979420820872 327.261388301849 322.662830352783 323.338389396667 329.924007256826 330.078701178233 302.750428517659 291.926105817159 290.187458197276 286.559164524078 277.250349521637 269.900103410085 271.984577178955 282.717823982239 277.404526869456 273.881713549296 277.120530605316 276.677449544271 272.033333778381 268.540441989899 269.193847974141 269.258121649424 268.294850985209 269.320607185364 274.570365746816 276.92836523056 280.32131989797 282.575289408366 279.325842857361 271.410783131917 256.250381469727 245.921949545542 262.692153453827 271.568556626638 270.923773447673 263.013343016307 266.310572624207 221.985578536987 157.113422950109 130.003402630488 119.54790353775 122.797886530558 132.960975170135
322.967052459717 328.588604927063 331.410447756449 330.590923627218 329.328378041585 329.904556274414 329.16788260142 328.70884736379 329.266428947449 315.01829624176 310.056308905284 298.939128716787 286.999762058258 282.228350639343 276.235163211823 271.294494469961 281.737009684245 281.806568304698 276.003996531169 275.103052457174 277.009546756744 273.419578870138 269.58296696345 269.888679186503 272.62274424235 274.583538373311 272.41983016332 275.801599025726 278.380453586578 279.301007588704 280.556937058767 281.054238478343 267.430206139882 244.221329689026 251.659274101257 276.546895503998 280.135671297709 274.473090966543 260.729392369588 263.307193915049 260.680774847666 197.786450386047 139.935652414958 117.309699455897 115.753312905629 117.378741502762
303.140103816986 307.757099469503 307.494163513184 313.625653584798 322.157760461171 330.323179562887 334.930300712585 336.966594060262 334.697683652242 327.897230784098 313.260038693746 294.521391391754 285.660366217295 284.34028228124 282.056868076324 275.509357452393 279.540280501048 279.444575309753 273.930768171946 273.340026537577 275.860885779063 278.95720799764 277.447164058685 272.927025953929 271.108190218608 273.186484972636 276.615579922994 276.446978251139 279.319663842519 277.894973754883 278.976162274679 278.765996297201 260.385612646739 245.776077111562 271.216809749603 287.399570147196 282.383640607198 276.634852091471 266.470968723297 266.773502031962 293.186624844869 293.766558170319 227.059185504913 173.993150393168 140.40352900823 116.783956686656
