input/barkrak2/radiation/dir19524.grid
NCOLS 85 
NROWS 70 
XLLCORNER 665100 
YLLCORNER 4664600 
CELLSIZE 20 
NODATA_value -9999 
[rows 40 to 59 of 70, columns 0 to 45 of 85]
332.597255706787 333.333889643351 332.82196521759 334.53893661499 339.009682337443 341.9375816981 344.195961952209 346.766273180644 347.569902737935 340.327779452006 331.523219744364 327.20677057902 325.255870819092 323.623458544413 320.168852806091 320.350170135498 317.89243221283 316.065351168315 312.003195285797 309.917390346527 312.285780906677 315.290013949076 315.347890059153 310.693303743998 307.397882143656 305.056929588318 310.442984104156 310.488979021708 310.95286210378 309.760987758636 307.970305283864 303.950726985931 280.782759189606 276.98814868927 298.570672671 299.003799756368 289.585491021474 289.109826087952 289.709607760112 279.186288515727 288.090666135152 326.016743977865 341.30064646403 295.158505439758 233.933885892232 192.261576652527
337.090094884237 335.40681997935 335.564494132996 336.209098498027 334.265987078349 332.889040311178 332.156817118327 333.330750465393 335.880637168884 331.417620182037 324.967861175537 325.264076391856 327.620287736257 325.810650984446 323.831876118978 322.715183099111 316.823383172353 320.949335892995 320.306360721588 315.252184867859 315.68717956543 315.983871618907 314.290364583333 315.981964270274 315.918564796448 311.206301053365 314.074953397115 313.859581947327 312.780380249023 311.714112758636 310.286104679108 304.869691530863 287.838101387024 288.393080234528 299.230376879374 290.524125099182 275.987366835276 275.744080543518 282.726506392161 287.980198860168 303.41233809789 316.071152687073 327.128211657206 321.832021077474 277.012308438619 228.948334852854
338.642994562785 337.120056152344 338.952660560608 338.393211364746 334.247310956319 332.801600297292 332.050740718842 331.189254919688 330.015182495117 327.131529649099 326.229353745778 325.326164563497 326.954086621602 328.386048475901 328.427831331889 324.285606543223 321.252067883809 323.81546497345 325.767834981283 320.209244887034 317.578633626302 316.007335980733 312.482039133708 312.907000382741 315.063893795013 311.854481697083 308.282315731049 310.35969654719 311.131954193115 310.495972633362 308.645288149516 301.765322685242 294.803082942963 297.445813814799 296.97326819102 279.745737711589 264.372766017914 269.869049390157 284.397701422373 296.932816505432 305.388887723287 303.542713324229 298.9262342453 301.154176394145 283.108989397685 233.588476975759
330.280363559723 332.113047440847 337.019284566243 335.337599118551 336.240530014038 337.849577267965 337.26159731547 335.537036259969 329.10962899526 327.539225419362 329.774419466654 326.792935530345 325.013756752014 327.862640221914 327.349623044332 324.690818786621 325.82422097524 326.287150382996 325.691262880961 322.864631811778 318.419357140859 315.704663594564 313.005924224854 311.866501967112 311.254700024923 312.75749206543 308.145264784495 306.882798671722 308.770020802816 307.06924200058 303.507705529531 297.730028629303 297.834018866221 299.637218316396 287.248492240906 265.085279941559 260.228037834167 274.010439713796 293.011029561361 297.878583272298 297.39240805308 293.285528818766 285.22249062856 281.325499216716 272.006074587504 240.170995394389
330.037494500478 333.791017532349 335.288604100545 335.131923357646 335.766394933065 336.484750111898 336.870233217875 334.295352300008 332.350929578145 329.668740431468 330.874224503835 327.619075775146 325.733602046967 324.077983697255 322.994808355967 323.464810848236 320.134580135345 325.275460879008 325.464347998301 323.042770226796 319.364070892334 317.027886708577 315.624137719472 315.27445713679 310.738841692607 315.791924794515 316.700359185537 311.863203843435 309.878389040629 305.4385582606 299.248019854228 294.122378031413 294.265846411387 290.331880251567 278.314868609111 262.413084506989 264.082153638204 280.058264732361 294.986764589945 292.444388071696 293.69443655014 286.617537339528 274.103800455729 267.864545186361 265.360951423645 252.304434776306
334.585309028625 337.057630221049 334.818800290426 335.779865582784 334.932525952657 334.586421648661 335.461735725403 334.328770637512 335.472663243612 332.662582397461 331.47668838501 331.297338008881 327.724456787109 324.000676472982 323.696136474609 325.209657351176 321.695744991302 322.93822367986 325.427273909251 323.622445265452 320.897837479909 319.489737351735 316.434919834137 316.153089205424 314.017136891683 312.941114107768 316.292961438497 313.666224479675 310.418546199799 305.565516153971 299.237251281738 294.6870525678 292.63957341512 283.03054968516 269.736230373383 255.943516890208 261.691272258759 279.399434725444 286.650458971659 279.829462369283 285.061458746592 276.9429286321 265.680869420369 267.914772033691 276.226421197255 264.962553977966
334.050258000692 334.887226422628 336.126486460368 336.346824963888 336.005767186483 335.622469584147 336.665709813436 337.035258611043 334.886153539022 334.601283073425 333.398580551147 333.133856455485 330.212970574697 328.600684801737 327.409466107686 329.990188280741 327.387074629466 322.807093461355 324.621558189392 324.52122370402 320.332467556 318.250914414724 318.393965562185 315.2041832606 317.612290382385 310.863554477692 310.703814029694 308.772683143616 308.536112308502 305.493772029877 300.675710042318 295.710245768229 291.046420733134 280.804733435313 268.114785353343 257.531483968099 264.907916386922 277.822693188985 276.191433270772 277.633249759674 283.963640530904 273.070236047109 269.315938154856 276.569883028666 284.418106079102 273.798902829488
330.628494421641 332.103570302327 334.587216377258 335.025906562805 336.075703303019 336.580991744995 335.691213607788 335.297187169393 334.845423698425 336.73103650411 335.431536038717 332.741359869639 332.090755303701 331.318418184916 330.229123433431 328.884859879812 326.038996378581 321.347773075104 322.530428568522 321.294109026591 318.215370178223 317.499220371246 318.302353223165 310.21785736084 312.026123205821 311.252494653066 306.879798571269 306.281129519145 306.267639001211 301.49777730306 298.756281534831 297.559857368469 288.953026135763 285.235345363617 279.245018959045 268.050928910573 270.044227441152 276.289999485016 278.557201226552 285.83562374115 282.410720984141 274.956504503886 277.340829372406 278.649131457011 277.722477912903 268.131196498871
326.463341712952 328.532954057058 331.144491831462 332.295517126719 335.675040880839 336.665113766988 334.909160931905 334.136764208476 335.993568102519 337.357083956401 336.427013079325 333.725253740946 333.136876424154 332.756419976552 330.346961816152 326.517323652903 325.178345044454 318.420847256978 320.355614026388 322.388648986816 320.874373118083 317.866961161296 317.910671234131 314.039647579193 309.743205706279 311.508377393087 306.03039264679 307.210405667623 307.493805885315 307.042638460795 306.973139444987 305.466711521149 295.483708381653 294.079422950745 290.033241113027 273.716827233632 273.98685614268 280.267238616943 284.114460150401 285.238782564799 275.193254152934 272.180040677388 271.469334761302 266.344865163167 263.698558012644 263.226767381032
325.828671455383 324.374874432882 326.674024264018 330.771168073018 333.882411321004 335.278153419495 335.813601811727 337.460080782572 338.458100954692 336.179812749227 337.258418401082 336.626609166463 335.116306940715 332.89110660553 329.837838808695 326.395610968272 324.325680732727 320.548892021179 321.883241335551 322.987278302511 321.286737918854 321.703235308329 316.904028256734 313.585599263509 310.337642828623 310.396154721578 307.818373044332 308.198610941569 310.963372389476 315.150042374929 315.840939680735 309.879461924235 302.969515323639 301.462531089783 293.271501859029 278.988321622213 273.243685563405 280.137856801351 285.16944249471 275.189459323883 264.18662071228 267.033775647481 266.721467177073 261.634647846222 260.871628920237 263.716697692871
326.021869977315 327.371855576833 329.262355963389 332.479417324066 332.958420117696 333.059748013814 337.172309557597 339.12980556488 339.159806569417 338.47975730896 338.529189427694 337.728897730509 334.121902783712 330.85302511851 331.110119819641 330.6977947553 326.684673627218 322.00946410497 320.08437315623 321.940263112386 323.626716931661 319.414019584656 314.253588517507 310.011903444926 306.6086769104 310.117840766907 311.423301696777 311.005115509033 312.962174415588 315.82901875178 315.233290195465 312.254071235657 303.747435410817 299.523035685221 289.075156052907 277.84655491511 274.066885312398 278.338273366292 277.053515116374 263.94389073054 260.676125685374 271.436889966329 270.812352498372 263.099531332652 262.265066305796 257.73282845815
326.106448968252 331.651628017426 333.007554213206 334.535638491313 332.768321037292 332.431197166443 336.605946222941 338.577787081401 338.567614555359 340.286691983541 337.565382321676 336.364308993022 335.348685582479 331.947962443034 330.196579297384 331.71812693278 327.088038126628 319.431722164154 315.109372138977 315.793832143148 317.909280459086 314.085920651754 311.69601281484 308.310826619466 305.842757225037 306.274990240733 308.620234330495 308.402280012767 309.005041917165 309.680183728536 313.40761979421 310.60924132665 298.326373100281 287.152349948883 263.112783432007 251.219828923543 262.662390867869 271.857957045237 271.24019463857 271.009186903636 277.888576189677 279.771606127421 264.093120892843 256.295482317607 264.044205347697 251.80455048879
327.31306552887 326.625247796377 325.966894626617 328.236937522888 332.001427809397 334.211786588033 334.588090578715 336.975495020549 335.301200548808 336.774388949076 337.13420232137 337.181210517883 335.057377815247 332.672973473867 327.958305676778 327.130754788717 325.463831424713 315.459668636322 309.200505415599 311.315178871155 308.516303698222 310.401856899261 309.747417767843 304.990967114766 304.743349552155 299.774050712585 300.193468729655 300.16835530599 299.376010894775 299.834946791331 303.040703137716 302.967270215352 281.721433003743 256.25483194987 229.452967643738 218.76315275828 232.779781023661 257.298390070597 273.953000704447 271.408975124359 271.891911824544 266.509175300598 252.535502115885 255.372782548269 260.369678338369 237.458984057109
330.190440018972 324.054618676503 322.337885697683 325.144867102305 331.541657447815 335.459470748901 334.219058354696 334.238131841024 335.637966791789 334.795792897542 334.142843882243 335.632840792338 333.196997642517 332.364281018575 326.053520043691 324.127078056335 322.51250743866 314.87633784612 311.026215553284 311.882118384043 310.686786969503 309.750199317932 305.825014909108 302.112778027852 300.544222195943 298.871199289958 297.850072383881 297.485888004303 295.872092247009 292.581717173258 284.217079480489 278.305570284526 257.061123847961 231.959799925486 222.032805283864 217.078685760498 209.329168001811 219.130555788676 235.617856184642 256.895224253337 263.759096463521 253.77502044042 248.89612197876 251.170913378398 242.646892865499 223.222275575002
331.185658772786 327.13250319163 324.942330519358 325.804074605306 331.085741519928 335.989634195964 336.783011754354 334.182341893514 334.489544232686 333.680192629496 333.39516321818 333.241720994314 333.061118920644 331.121504306793 324.222505092621 322.921911875407 324.072619279226 317.804594834646 313.303629557292 314.244906107585 313.976804415385 310.454467932383 307.843108971914 305.911898612976 302.378714084625 301.247119903564 299.18642838796 296.844800313314 293.51685444514 288.830320040385 277.589162190755 269.960363705953 248.890578746796 235.729893048604 239.186406135559 241.46968126297 232.632279396057 222.095986207326 213.990290959676 223.047455151876 239.806850751241 233.272075653076 226.416687170664 220.016499360402 215.837736924489 213.038007418315
332.958439985911 331.51646455129 327.437023321788 324.088195959727 327.482322851817 334.073026974996 333.853642145793 333.145836989085 331.722954909007 331.498265266418 334.693710009257 331.229488054911 331.121285756429 330.110589663188 326.140781243642 324.442605177561 324.002385139465 321.385582288106 316.564281781514 314.975798130035 313.435554504395 311.35086218516 310.464123884837 310.083329677582 306.457300980886 304.355263710022 300.036013126373 293.767074743907 285.727183024089 281.973242759705 279.743711153666 275.242328643799 256.350139776866 250.443736712138 254.693786303202 261.720279852549 271.205166975657 265.486836433411 249.374826749166 219.922184944153 218.934416770935 221.903383731842 219.22645966212 216.271082560221 221.586247285207 228.764573733012
334.457914034526 333.525975545247 331.516265869141 326.486746470133 323.337912559509 330.309768517812 331.68363571167 329.681436220805 328.79642645518 327.671845753988 332.703868548075 332.343995571136 329.412559668223 328.98489634196 328.255275885264 323.911468187968 324.376006921132 320.118526617686 318.236549695333 314.870635668437 315.419356028239 311.392625172933 310.175895690918 306.219935417175 306.569139162699 301.124254862467 289.317806561788 270.640790462494 266.114433606466 269.362727801005 277.64489253362 273.531277974447 257.768213748932 251.426736513774 258.965790271759 269.746820131938 285.171767075857 292.9368019104 283.833702405294 251.334349314372 224.689126014709 228.278895219167 236.760934193929 247.073769569397 256.767153739929 261.021494865417
332.639276981354 330.710927645365 331.856469313304 329.496343930562 323.239386081696 322.941303253174 330.237130324046 327.395339806875 325.456996758779 325.190385182699 329.795897006989 330.50129810969 328.535815080007 327.75620619456 327.471216519674 323.329508304596 320.893963177999 319.847325483958 316.606680552165 316.444178422292 315.76677163442 314.198116461436 310.589591662089 305.831472078959 304.909586906433 306.118806203206 289.74590698878 271.794855594635 271.077632904053 278.197348117828 282.610575358073 273.842910925547 265.387773513794 265.709698200226 278.782844543457 282.525420188904 287.3641649882 272.217075030009 242.830653985341 234.972337881724 245.182593663534 255.291660626729 250.344793001811 243.529697259267 244.322419166565 255.612055460612
325.973987579346 329.770823319753 329.307516415914 327.070971330007 321.974555651347 319.752732912699 326.795299847921 328.887343406677 326.33908589681 323.379000027974 327.622254689534 329.677065213521 327.640493710836 325.464149316152 325.174371401469 322.036385536194 318.206270535787 317.313234011332 315.622528394063 317.96673933665 317.767143249512 314.801792303721 313.129007816315 308.508773644765 307.424823443095 308.359682559967 301.432132720947 297.975063323975 293.649733066559 292.558709780375 290.266474088033 280.038555463155 276.263654232025 275.661110877991 272.039731343587 258.166372776031 239.451865355174 203.420678774516 185.62771876653 222.362180550893 259.077390034993 261.730472246806 242.044011751811 236.358284950256 247.264583905538 260.686337947845
318.229774634043 325.414697329203 324.126720428467 323.841353257497 319.823463757833 315.939168135325 320.422212282817 328.142166137695 328.493316968282 323.468903700511 325.403948624929 326.670010884603 327.722191810608 324.380199114482 322.886188824971 320.75575987498 317.871888478597 315.075993537903 312.259137630463 310.708165168762 311.583360036214 312.526444594065 311.305423577627 309.40177043279 309.410532315572 312.604427337646 313.771406809489 316.248615582784 303.236126899719 298.26025168101 290.554265181224 276.951054732005 275.893151760101 256.740689277649 230.594515800476 200.027585029602 188.250184059143 178.993841012319 173.344771067301 196.918765703837 223.943114280701 243.614951769511 243.820150693258 256.874263286591 287.021577358246 295.89855670929
