input/barkrak2/radiation/dir16324.grid
NCOLS 85 
NROWS 70 
XLLCORNER 665100 
YLLCORNER 4664600 
CELLSIZE 20 
NODATA_value -9999 
[rows 40 to 59 of 70, columns 0 to 45 of 85]
342.761556307475 343.431234359741 343.395153681437 345.010757446289 348.990877469381 351.557890574137 353.575070699056 355.777661005656 355.83774248759 350.020488103231 342.030088106791 339.722514152527 337.086915969849 334.644873936971 331.769744555155 331.306417783101 329.980532328288 327.94455687205 322.426855564117 321.057319641113 322.811226050059 323.725382486979 323.160449663798 319.11700963974 317.63231754303 313.467462857564 318.422794342041 319.093346595764 318.651139736176 318.762520949046 317.696213722229 313.417474428813 288.020730018616 282.881895701091 303.533593813578 303.796768188477 295.094748338064 295.243620872498 295.225739479065 283.382415771484 291.743636131287 331.548949082692 351.401368776957 308.092474937439 248.828132947286 204.533775647481
347.358544667562 345.327576001485 345.474600791931 346.069574356079 344.303369522095 343.046108881633 342.885891596476 343.979398409526 346.948941548665 342.188239097595 336.990833282471 338.182250658671 338.485240936279 337.709983189901 335.800568262736 333.469907442729 327.960848808289 333.096702893575 330.843985080719 325.861096382141 326.35494073232 326.391756534576 324.718693892161 324.525574843089 323.761681715647 321.352124214172 321.701486905416 321.78008556366 321.279684702555 321.461319923401 319.888075192769 314.237634340922 295.06915807724 294.254740079244 305.34565448761 296.456237634023 282.16556708018 282.789866129557 290.361881256104 294.900000095367 308.311581611633 320.750753084819 334.393898646037 333.681384722392 291.581094264984 241.657197475433
348.661343256633 347.280899683634 348.968029022217 348.036527633667 344.259659449259 342.954874038696 342.779000600179 342.041611671448 341.666340827942 339.71381187439 337.286909421285 336.358149846395 338.875412940979 340.155561765035 337.803443272909 336.358586947123 332.131127516429 334.336280822754 334.494034449259 328.980882962545 328.293522198995 325.062910715739 321.84378306071 323.540429274241 325.441638628642 321.991920471191 318.728089332581 319.829841454824 320.637345314026 320.398231347402 318.406780560811 311.494767665863 302.211185296377 303.221106529236 302.092671394348 285.785257816315 270.942330360413 276.992579301198 292.211174964905 304.476936658223 312.47208515803 310.467600822449 306.823213895162 312.005718549093 297.423938910166 247.802376747131
341.102917989095 342.808683713277 347.275932629903 345.716079076131 346.470276514689 347.540895144145 348.456581433614 346.557180086772 340.789874394735 339.340726534526 340.56027730306 337.71558602651 338.252027829488 338.519016901652 339.197278022766 335.421442985535 335.005919138591 335.302273432414 336.122671763102 331.876118977865 327.495515346527 326.499104499817 323.861479759216 322.771032651265 323.677798112233 323.273857434591 318.549533685048 318.933288256327 320.34428914388 318.456550439199 315.027296543121 307.986219724019 307.031790415446 307.398438453674 293.917715549469 271.374444166819 266.742547353109 280.826469262441 300.417999426524 305.413285891215 305.347959200541 301.008025805155 293.313880761464 291.57817363739 285.444358984629 254.824539025625
340.961813926697 344.438592592875 345.77488899231 345.561186472575 346.567551294963 347.635229428609 347.04867998759 345.262010892232 342.957933743795 341.322978337606 341.572364171346 339.493672053019 336.614410082499 335.022568702698 333.964824676514 333.068172136943 331.156353155772 334.513425827026 334.659934043884 333.715518315633 330.226222674052 327.865660190582 326.482832431793 326.036731402079 321.434537569682 326.035459836324 325.011789798737 322.053690751394 318.348030249278 315.451622009277 309.255282084147 304.345766703288 302.869359652201 298.540592193604 285.734395186106 269.246160984039 270.551999409993 286.570807298024 302.068809668223 300.530632336934 301.971018314362 294.409116109212 281.888743241628 277.069826920827 277.664124965668 266.662418842316
344.697793324788 346.955259641012 345.346689224243 346.591035525004 345.801671346029 345.521211624146 345.774014790853 345.316410064697 345.789472262065 343.204577763875 342.973589897156 340.826114018758 338.49823474884 334.986289342244 333.456754684448 337.24590142568 331.224083900452 333.700140317281 336.030840873718 334.272106488546 331.673264503479 330.278078715007 328.782280286153 328.50170135498 326.4186779658 325.28829574585 326.406796773275 323.791821797689 318.984667460124 315.58620929718 309.245546658834 304.729402065277 302.458167076111 293.400545914968 278.514504432678 263.669013977051 268.999934196472 286.493976910909 294.142345587413 288.188238938649 293.695489565531 285.344978173574 273.549179236094 276.188373565674 286.57607237498 277.912239233653
344.704906145732 345.454295476278 346.545815467834 347.126483917236 346.307158470154 346.481998761495 346.880197525024 347.732901573181 345.881859461466 345.740040143331 343.802134195964 343.558629353841 340.806484222412 339.328487714132 338.109095891317 339.245080947876 337.939341862996 333.564599355062 336.607217788696 335.118691126506 332.532366116842 330.46813805898 329.036811987559 323.984583218892 327.876190344493 323.355893294017 321.176151434581 320.784091949463 318.747480710347 315.556208292643 309.36070283254 306.918720404307 300.834178924561 290.043234825134 276.601095994314 265.334685643514 272.89475997289 285.793364048004 283.90371799469 285.691638787587 292.434016863505 281.375130017598 277.108311653137 284.11986430486 293.114860852559 284.877339998881
342.154939969381 342.933416366577 345.713456471761 345.470269521077 346.836924552917 347.371021906535 346.613923708598 345.577041308085 345.126191775004 346.886952718099 344.828565915426 343.210935592651 341.610630353292 341.820518175761 339.551687240601 339.468638102214 338.001847267151 332.239210605621 334.7008228302 334.845423698425 330.527563889821 328.221360842387 330.519556999207 322.944541772207 324.547390143077 321.840763092041 317.654768625895 316.810766855876 316.564997037252 314.486463864644 309.910456339518 307.369808355967 298.698425292969 295.201083024343 287.698169549306 274.933616320292 277.468323707581 284.619708855947 286.589086055756 293.156266212463 290.428280830383 283.168156941732 285.09509563446 286.027212937673 285.620013872782 277.281920115153
338.390588760376 339.658538500468 342.008233070374 343.608101209005 346.612056096395 346.826235453288 345.219691594442 344.544291496277 346.214691797892 347.453196843465 346.614122390747 344.109137852987 343.567132949829 343.125621477763 341.983000437419 338.462273279826 335.890054702759 332.440157731374 332.667132218679 332.950433095296 332.976400852203 330.130259195964 330.108284950256 324.526369571686 320.321599642436 323.810577392578 320.33367951711 319.43412621816 320.905844370524 318.25586160024 317.597011725108 313.153068224589 305.70391813914 304.17803923289 297.189911206563 279.945532480876 280.284305413564 288.000007470449 292.615572611491 293.051679929097 283.520499865214 280.971566836039 279.946486155192 274.590273698171 272.065043449402 271.655678749084
337.82426516215 335.799336433411 337.89070447286 342.315435409546 344.444990158081 345.657626787821 346.038301785787 347.561399141947 348.505099614461 346.401254336039 347.361326217651 347.566882769267 345.365206400553 343.258420626322 342.599391937256 338.312745094299 336.395819981893 331.27095301946 332.422614097595 334.9556128184 334.888339042664 331.93035920461 329.121073087056 327.938357988993 322.838107744853 322.655200958252 322.106043497721 320.306142171224 322.535634040833 324.17498032252 322.527825832367 317.719837029775 311.129669348399 309.929807980855 301.329294840495 285.058438777924 278.880854447683 286.838750044505 292.875826358795 283.321102460225 272.119045257568 275.746444861094 275.569220383962 270.088255405426 269.305129845937 273.126721382141
337.950229644775 339.280645052592 341.037114461263 343.954722086589 343.620697657267 343.687852223714 346.750656763713 349.079291025798 349.110722541809 349.207957585653 348.509391148885 347.711126009623 346.276799837748 343.456586201986 341.456214586894 343.39165687561 337.180972099304 334.150234858195 334.038972854614 335.592071215312 333.672086397807 333.194295565287 328.501264254252 324.607729911804 319.219966729482 322.342356046041 321.238875389099 320.691108703613 322.322905063629 324.606935183207 325.181861718496 319.395820299784 310.987691084544 308.786074320475 298.471351464589 284.757892290751 280.115445454915 284.455974896749 283.90896320343 271.853824456533 269.087195396423 279.862284660339 278.836528460185 271.151026089986 270.244956016541 266.314586003621
338.1267786026 343.223651250203 343.658844629924 345.117012659709 343.442559242249 343.139966328939 346.932967503866 348.612745602926 348.608096440633 350.812673568726 349.157253901164 348.115881284078 345.40331363678 343.366066614787 341.787258783976 343.026796976725 340.199152628581 333.456158638 329.497595628103 330.017288525899 328.180690606435 328.27764749527 324.092447757721 318.68435939153 316.264589627584 316.537698109945 318.624218304952 318.289875984192 316.368162631989 318.936149279277 321.940680344899 317.914128303528 305.244962374369 296.211282412211 272.650142510732 260.144352912903 270.60854434967 278.963764508565 277.220825354258 277.048945426941 284.602701663971 287.891507148743 272.257288297017 264.184713363647 272.122581799825 261.114319165548
338.406642278035 337.796966234843 337.182283401489 339.347918828328 342.127362887065 344.773809115092 345.112880071004 347.196221351624 347.183187802633 348.579128583272 347.090721130371 347.972432772319 347.029527028402 343.967358271281 341.094493865967 338.852961858114 338.737964630127 329.821685949961 324.039737383525 322.003463904063 323.170085748037 320.955594380697 320.19301255544 315.627773602804 315.238912900289 310.345490773519 310.654004414876 310.522933801015 309.659043947856 307.47652053833 310.505966345469 311.586578687032 288.402656714122 264.813721179962 239.252924919128 229.162037372589 242.84956852595 267.179290453593 281.830886999766 277.57449944814 278.039256731669 273.269534111023 260.783672332764 263.583560784658 268.059511979421 245.171666145325
341.193000475566 335.493246714274 332.998951276143 336.443861325582 343.125065167745 346.636215845744 346.355398495992 346.313754717509 345.844984054565 345.989982287089 346.303105354309 346.606055895487 346.455574035645 344.785412152608 339.3714427948 337.567687034607 337.695797284444 327.301601568858 321.582913398743 324.43110148112 321.1962779363 320.30729452769 316.421190897624 315.041919549306 313.497543334961 309.517602125804 308.452705542247 308.018267154694 306.400934855143 300.813635190328 295.083363850911 288.357794284821 265.598674615224 240.010857582092 230.869789918264 227.295160293579 220.147013664246 230.573077996572 246.180653572083 265.159169832865 270.485619703929 260.805626710256 256.549080212911 260.009527206421 251.483718554179 230.776449044546
342.185219128927 338.383952776591 336.271127065023 337.87735303243 343.622446060181 347.145676612854 347.824970881144 345.448692639669 346.653779347738 344.965140024821 345.739801724752 345.593730608622 344.17192141215 344.93887424469 337.693095207214 338.121016820272 334.082047144572 328.02951335907 323.659996191661 324.5450258255 324.261784553528 320.887664953868 318.33295027415 316.331426302592 312.87278731664 311.729073524475 309.698541959127 307.433485984802 304.238895575206 299.693544705709 288.647929827372 280.230104923248 256.844262282054 243.039727210999 246.844828128815 250.36762158076 243.489861488342 235.663533210754 225.613077481588 233.172794183095 249.616046746572 241.693377494812 235.299368699392 229.355136553446 225.001454353333 221.154868602753
343.809525171916 343.081792195638 339.38721815745 336.278200149536 339.430888493856 345.424691836039 347.016135851542 344.503362973531 344.283183415731 345.362623532613 345.734278361003 345.199227333069 342.333753903707 341.356197992961 336.026350657145 336.137572924296 335.658510526021 331.335663795471 326.699574788411 325.250148773193 323.789974053701 321.709116299947 320.693115393321 320.143421490987 316.670358181 314.62816397349 310.551702976227 302.360018094381 296.755949656169 293.002863725026 290.672024091085 285.309215386709 264.286975065867 257.204651832581 261.088867982229 268.560310204824 279.705365498861 276.143173376719 259.759942690531 230.334639549255 229.629278182983 230.188806851705 227.362990379333 225.464244683584 231.096943219503 237.033983071645
345.185319582621 344.89913781484 343.132893244425 338.474988937378 336.737314860026 342.059373855591 344.247063000997 343.528389930725 340.527613957723 342.34873453776 346.624096234639 343.425790468852 340.729872385661 338.700294494629 337.914148966471 333.856463432312 334.197123845418 330.058932304382 328.332424163818 327.106475830078 325.623134771983 323.727488517761 320.340832074483 316.421985626221 314.504464467367 313.855389753977 300.509095191956 282.423337300618 276.075085004171 280.859271685282 288.666148980459 283.692717552185 265.999635060628 258.775969346364 265.5202349027 275.607705116272 291.698674360911 301.320711771647 291.660189628601 260.650813579559 234.505633513133 237.076719601949 244.358579317729 255.216121673584 265.484233697255 268.61842473348
344.60461139679 343.066334724426 344.25679842631 341.232220331828 336.691697438558 339.336713155111 341.869950294495 342.848936716716 340.269645055135 336.962819099426 341.132124265035 341.700077056885 338.459293047587 337.546189626058 338.845213254293 333.393971125285 332.768758138021 329.878528912862 326.696276664734 326.472381750743 325.707972049713 324.08199707667 320.653597513835 316.135128339132 315.210819244385 314.534604549408 300.562759240468 283.382793267568 282.797296841939 287.350714206696 293.607930342356 286.455849806468 273.988127708435 272.977948188782 284.907440344493 288.121442000071 294.29817199707 282.600462436676 251.370271046956 242.757399876912 253.751118977865 263.584196567535 258.758425712585 252.40025917689 253.884514172872 264.685352643331
337.918400764465 341.52881304423 341.126680374146 340.184926986694 336.997310320536 333.67649714152 341.357946395874 340.506672859192 338.169813156128 333.341240882874 337.47919400533 339.49081103007 339.069883028666 335.45716603597 335.086901982625 332.115014394124 330.331703027089 329.417129357656 325.574517250061 327.798843383789 327.487091223399 324.662725130717 323.037525018056 318.650305271149 317.564070224762 318.299988905589 312.557220458984 308.350026607513 306.390345096588 302.48749256134 298.09449116389 288.118004798889 284.456213315328 281.532287597656 280.342618624369 266.568422317505 247.328837712606 212.619602680206 195.529103279114 232.337276140849 268.708109855652 269.643783569336 248.923480510712 243.906219800313 256.627281506856 270.531495412191
331.740856170654 339.478651682536 339.75887298584 337.325016657511 336.739619572957 333.402117093404 334.438999493917 339.845776557922 339.978456497192 333.163619041443 337.116320927938 338.200608889262 337.60138352712 336.095094680786 332.859039306641 332.63905843099 328.118006388346 325.209776560466 322.422444820404 320.960243542989 321.731726328532 322.657585144043 321.42702738444 319.514155387878 319.397389888763 322.159806887309 322.460611661275 322.95693953832 309.85152721405 307.75245030721 298.225402832031 286.687751611074 284.702519575755 267.241378625234 238.418757915497 209.033608436584 195.349256197611 187.822739283244 183.985809485118 208.875675996145 235.657771428426 252.96151638031 250.679850578308 262.919942537944 293.680290381114 303.610841433207
