input/barkrak2/radiation/dir10324.grid
NCOLS 85 
NROWS 70 
XLLCORNER 665100 
YLLCORNER 4664600 
CELLSIZE 20 
NODATA_value -9999 
[rows 0 to 19 of 70, columns 0 to 45 of 85]
271.867811679839974 282.951394716899 294.410387674967 306.252002716064 310.475945472717 308.563073476156 300.883412361145 294.719417889913 297.562559445699 298.157175381978 297.015984853109 300.506154696147 302.022874355316 302.430748939514 304.677704970042 300.378739833832 291.5278673172 282.71363178889 279.050350189209 268.03974310557 256.024459997813 263.009568055471 287.012358506521 294.414838155111 295.002579689026 300.377408663432 297.346274058024 284.104883670807 269.299725691477 265.040973822276 262.195746103923 276.375393072764 307.614703973134 305.598934491475 307.7472448349 296.255071957906 300.573945045471 312.259316444397 303.796827793121 306.896169980367 294.582724571228 291.705290476481 301.857690016429 310.543278853099 308.845937252045 304.539144039154
253.46577167511 267.224947611491 279.696742693583 293.993095556895 302.689075469971 303.324182828267 297.539273897807 294.28619146347 301.376859347026 301.290313402812 296.891172726949 298.93434047699 302.424867947896 303.728381792704 303.165853023529 300.050775210063 296.612540880839 289.767066637675 286.489268143972 274.973173936208 269.483049710592 279.08064921697 295.031587282817 298.835237820943 301.485101381938 302.079677581787 296.671291192373 287.048021952311 273.246228694916 266.260584195455 267.069598038991 288.122276465098 306.992491086324 306.519726912181 307.189524173737 297.235747178396 300.44953028361 308.19437901179 303.096016248067 309.503018856049 305.134991804759 297.442436218262 300.48656463623 306.845724582672 307.831327120463 306.726197401683
219.242632389069 231.650312741598 242.121358712514 253.798127174377 266.272346178691 274.882853031158 281.177580356598 289.662877718608 296.111543973287 295.109232266744 290.967146555583 294.719020525614 303.955872853597 307.860891024272 304.851253827413 309.055129686991 312.105596065521 307.399272918701 296.917021274567 288.472771644592 291.155378023783 294.935385386149 297.686378161112 298.64768187205 302.620768547058 303.371429443359 295.550982157389 285.785317420959 276.001652081807 270.487308502197 273.525814215342 297.166605790456 301.34512980779 304.06528711319 307.815968990326 302.253047625224 298.426528771718 297.633687655131 302.488684654236 309.259196122487 305.386583010356 297.245979309082 292.19384988149 298.780083656311 308.995445569356 308.507402737935
201.055030028025 202.776074409485 209.506551424662 216.602822144826 224.018931388855 229.274531205495 236.02420091629 250.122507413228 267.605900764465 280.736188093821 288.329382737478 298.267622788747 306.789974371592 309.805810451508 309.833308060964 311.434467633565 311.326185862223 306.414763132731 298.593103885651 294.914782047272 293.24734210968 291.227380434672 298.060476779938 298.930486043294 298.935453097026 300.82909266154 297.432939211528 289.610703786214 284.191131591797 280.27339776357 277.925690015157 300.386230150859 300.661941369375 302.806476751963 304.026285807292 305.425047874451 303.0992547671 302.229285240173 308.583676815033 308.028737703959 301.490883032481 288.948913415273 284.828126430511 298.409362634023 311.754107475281 308.567563692729
222.167074680328 206.45793279012 194.144209225973 184.707601865133 188.589711983999 204.809546470642 224.996010462443 235.179464022319 244.887948036194 251.820902029673 269.959032535553 288.565794626872 299.652993679047 304.801424344381 307.839175065358 309.193770090739 304.132302602132 296.132882436117 293.638269106547 294.16694243749 290.535489718119 289.156496524811 297.72412776947 299.047410488129 298.922955989838 302.531043688456 299.572904904683 293.328702449799 287.372708320618 284.022927284241 288.343846797943 306.909620761871 304.450472195943 306.062738100688 302.1133740743 303.542494773865 307.931999365489 309.723655382792 308.121800422668 305.371960004171 303.243001302083 296.390155951182 295.899271965027 300.764600435893 304.84539270401 303.678135077159
263.121863206228 237.771113713582 211.405694484711 188.527822494507 180.008947849274 190.35005569458 215.528686841329 232.068339983622 236.013869444529 235.92468102773 245.882153511047 258.786578973134 267.121990521749 273.135920365651 280.480186144511 286.522269248962 285.648286342621 285.217801729838 289.688587188721 294.704755147298 294.73070303599 298.025091489156 301.802158355713 300.480802853902 301.279862721761 304.526448249817 301.555732885997 297.376096248627 290.501316388448 288.048366705577 298.408567905426 307.974934577942 309.408783912659 311.034083366394 306.251804033915 303.427318731944 307.809869448344 307.695329189301 303.277850151062 304.062783718109 303.905745347341 299.73691701889 299.486736456553 300.350248813629 293.80468527476 280.427356561025
283.582150936127 261.645515759786 242.660105228424 222.547709941864 202.149192492167 189.68278169632 197.455048561096 225.007971127828 238.088568051656 245.859185854594 243.109305699666 238.159477710724 234.116236368815 230.427384376526 232.029557228088 246.695895989736 257.91718562444 273.951172828674 288.43096892039 297.529061635335 299.584070841471 299.678107102712 302.128891150157 301.350812117259 302.044272422791 304.208596547445 304.196417331696 301.214635372162 296.104311943054 297.178427378337 304.088393847148 309.899111588796 314.082582791646 314.276854197184 311.384399731954 305.030147234599 303.895831108093 302.430272102356 301.622827847799 301.751097043355 298.212746779124 294.772565364838 297.208686669668 298.683484395345 282.978316148122 274.777352809906
290.208339691162 282.023330529531 272.353112697601 257.78716802597 236.282805601756 207.007726033529 186.146299044291 186.296979586283 219.067215919495 243.569950262705 250.937143961589 247.147123018901 238.764564196269 229.468981424967 217.214445273081 219.948093096415 232.221563657125 247.866113980611 269.344647725423 286.003470420837 294.381459554036 297.643303871155 302.509049574534 301.605105400085 300.534129142761 301.137348016103 301.053484280904 299.775660037994 297.889133294423 302.460034688314 308.436870574951 311.579863230387 312.576174736023 310.911496480306 306.277791659037 303.182641665141 302.413145701091 297.752320766449 290.271083513896 284.732123215993 287.788013617198 295.635898907979 306.268970171611 307.692269484202 294.447938601176 288.603087266286
283.379018306732 283.718546231588 280.292709668477 273.25960000356 261.052866776784 240.396420160929 211.228609085083 183.015902837118 196.602563063304 218.395193417867 237.953702608744 247.023264567057 248.740017414093 246.237874031067 235.197603702545 228.096683820089 224.758843580882 229.236741860708 243.14550558726 259.617626667023 274.021943410238 285.018980503082 291.655639807383 288.791437943776 290.251990159353 291.389505068461 292.321741580963 292.585333188375 293.041487534841 300.053874651591 304.479440053304 304.196000099182 303.555528322856 303.757945696513 302.591423193614 302.653849124908 300.271252791087 295.777916908264 283.417383829753 283.350149790446 297.931293646495 308.664162953695 312.530875205994 310.192783673604 299.808700879415 293.154776096344
256.837368011475 265.873908996582 270.490209261576 270.380715529124 267.676790555318 264.120618502299 249.017437299093 231.158375740051 200.86536804835 191.5669242541 204.432308673859 229.266703128815 249.798973401388 259.565234184265 260.96248626709 253.136614958445 238.854606946309 233.182728290558 232.467691103617 235.77602704366 244.296789169312 251.681764920553 260.107398033142 266.454835732778 274.020930131276 276.829878489176 278.224686781565 278.640389442444 280.181606610616 286.103884379069 287.428855895996 288.090447584788 293.706774711609 297.601441542308 298.708160718282 297.760446866353 296.320557594299 296.653389930725 284.053107102712 289.485573768616 307.013193766276 312.493046124776 312.935610612233 309.205949306488 297.355930010478 291.204710801442
206.473410129547 220.223089059194 232.632120450338 242.842336495717 252.035478750865 259.353439013163 261.032044887543 256.08237584432 229.717373847961 204.499840736389 190.391441186269 198.261419932048 224.658846855164 249.334295590719 263.228396574656 254.08669312795 246.810873349508 240.213433901469 232.498904069265 226.431727409363 226.778546969096 227.098107337952 230.857650438944 243.632932504018 255.583087603251 263.045608997345 264.551361401876 264.75203037262 270.010828971863 274.76841211319 277.469913164775 280.765851338704 289.115329583486 292.621334393819 291.495263576508 290.856103102366 293.780644734701 296.735763549805 293.982863426208 299.66539144516 308.569431304932 312.396248181661 312.717755635579 309.884130954742 302.430947621663 300.410072008769
164.046714703242 169.501880804698 178.297599156698 191.009918848673 207.289894421895 223.828136920929 241.975943247477 248.103260993958 248.537222544352 235.245188077291 209.505478541056 189.483503500621 192.247331142426 215.550740559896 241.148054599762 244.520505269368 250.884970029195 247.791806856791 238.357106844584 228.078782558441 221.574107805888 218.395213286082 218.569298585256 227.556049823761 236.140429973602 241.884430249532 244.764566421509 248.996059099833 255.256871382395 259.814480940501 264.222045739492 269.461532433828 275.414049625397 278.275529543559 278.243501981099 279.144128163656 287.674486637115 296.278119087219 299.096624056498 304.675797621409 308.664739131927 310.980538527171 309.317111968994 306.589285532633 302.084763844808 300.839960575104
151.963104804357 146.267592906952 142.935832341512 143.845578034719 152.777969837189 169.778088728587 195.406158765157 217.326919237773 245.79918384552 250.571688016256 238.965431849162 215.356628100077 187.33956416448 185.050586859385 208.51198832194 234.589378039042 249.986628691355 252.658247947693 247.943182786306 239.090363184611 230.437994003296 229.66996828715 228.675941626231 229.533116022746 230.077127615611 229.50279712677 233.695228894552 242.397348086039 245.960056781769 246.920923391978 251.906871795654 257.231156031291 258.914649486542 260.66134373347 263.173381487529 267.42947101593 278.207361698151 288.571039835612 290.71569442749 296.438058217367 300.344506899516 301.099995772044 300.24516582489 300.647735595703 295.372267564138 295.207401116689
138.737708330154 111.839771270752 96.3995059331258 90.2676979700724 85.7976178328196 91.3664996623993 111.74068848292 150.600890318553 194.502472877502 230.083465576172 248.115022977193 247.761984666189 228.654265403748 203.008850415548 200.165530045827 225.786725680033 241.782069206238 254.681964715322 261.185467243195 257.337133089701 246.354540189107 243.199229240417 239.919126033783 239.03344074885 238.907853762309 236.859103043874 239.748438199361 248.12110265096 247.805913289388 241.581400235494 246.40941619873 251.629173755646 253.235896428426 253.5746494929 257.17564423879 263.371785481771 269.22216018041 274.442354838053 277.509212493896 278.553426265717 282.874961694082 287.730475266774 292.968432108561 296.8457142512 291.57276948293 293.395717938741
129.146556059519 92.0016864935557 68.0600255727768 58.7579210599264 56.8737586339315 64.0257994333903 74.5815287033717 101.964861154556 130.668510993322 183.735966682434 236.624379952749 264.770646890004 268.794278303782 250.207404295603 224.896331628164 220.44442097346 225.811123847961 240.409632523855 257.601221402486 265.830496946971 263.824045658112 257.788221041362 255.340298016866 251.824259757996 247.958679993947 246.537446975708 248.417894045512 250.637292861938 245.94779809316 241.31578207016 244.816958904266 249.034821987152 249.122381210327 249.066452185313 252.914249897003 255.949079990387 257.625937461853 256.758789221446 260.79382499059 260.673562685649 266.175111134847 273.378690083822 278.730193773905 281.130154927572 280.900061130524 283.443768819173
116.514643033346 89.4408822059631 57.5784544150035 38.4789655605952 53.1743963559469 76.4152109622955 83.1406762202581 96.0416893164317 117.408225933711 146.020044883092 194.522639115651 240.585585435232 272.920509179433 277.283946673075 257.680833339691 227.506558100382 216.530621051788 219.215313593547 235.661129156748 260.205527146657 270.822624365489 266.011973222097 266.897678375244 260.884642601013 254.405299822489 254.616399606069 256.970286369324 253.259599208832 248.066167036692 250.351508458455 250.970363616943 250.35826365153 246.922850608826 245.452046394348 246.263722578684 245.620012283325 242.84295241038 238.837858041128 241.831064224243 243.904670079549 247.846961021423 253.548681735992 256.505707899729 257.376968860626 267.365495363871 272.526105244954
101.336826880773 89.7877415021261 62.9994471867879 31.8275888760885 39.1186798612277 64.4669979810715 83.252415060997 101.182440916697 117.724368969599 132.375101248423 152.215341726939 192.25271542867 223.199566205343 243.033448855082 259.433468182882 261.070827643077 248.414635658264 233.308037122091 222.493191560109 233.633319536845 257.642904917399 269.56711212794 272.99435933431 268.545111020406 261.507213115692 262.044032414754 265.904585520426 261.929869651794 259.203692277273 264.057675997416 262.672583262126 251.954952875773 245.521306991577 241.589883963267 236.956040064494 235.866407553355 231.414556503296 229.379534721375 230.16635576884 233.666777610779 235.505302747091 238.552689552307 241.559227307638 244.274536768595 259.582996368408 268.001774946849
93.2208597660065 94.1618084907532 81.6474904616674 43.7897046407064 37.6154780387878 66.7925576368968 88.5761181513468 112.72923151652 129.813989003499 138.656775156657 147.353192170461 170.571684837341 197.219669818878 219.180047512054 237.678170204163 248.822549978892 258.690536022186 257.445514202118 240.143577257792 224.796930948893 236.088951428731 260.880251725515 266.766289869944 267.925679683685 268.429478009542 272.613902886709 276.243567466736 274.853706359863 272.16911315918 273.710469404856 267.878810564677 256.453156471252 248.425205548604 241.002281506856 234.831154346466 231.996595859528 229.407588640849 228.740652402242 228.906194368998 231.07381661733 232.825001080831 234.588543574015 234.847505887349 237.824976444244 249.422033627828 262.149214744568
98.5737939675649 106.783250967662 108.356297016144 75.2189556757609 60.5671008427938 86.2825810909271 102.195998032888 123.389701048533 138.93053929011 157.79447555542 171.189427375793 174.239854017893 186.872720718384 196.621159712474 214.38984076182 233.884950478872 246.171375115712 250.971595446269 252.657433350881 244.352777798971 228.840549786886 242.689708868663 252.354900042216 262.073953946431 272.166629632314 278.896272182465 281.836291154226 282.195309797923 276.93506081899 274.647970994314 267.3566142718 260.595719019572 251.871049404144 243.136962254842 238.46960067749 233.789245287577 232.021331787109 228.983700275421 228.381236394246 231.66431983312 234.972178936005 236.76727215449 236.311654249827 238.058308760325 239.987770716349 252.699891726176
105.438361565272 108.595162630081 121.751576662064 116.070101658503 101.736396551132 104.374438524246 108.051647742589 120.916177829107 134.464999039968 155.919969081879 170.259495576223 168.822824954987 169.019222259521 177.860657374064 193.642695744832 213.264544804891 224.384486675262 236.381888389587 244.820137818654 250.178734461466 248.566826184591 235.653758049011 238.627076148987 251.898328463236 265.010714530945 274.292747179667 280.105789502462 281.503518422445 274.765372276306 273.451546827952 267.658611138662 259.889006614685 251.698791980743 245.321035385132 241.366465886434 236.503660678864 232.262015342712 223.828037579854 221.845368544261 230.494777361552 236.182828744253 238.372445106506 241.096536318461 239.378571510315 236.638824144999 245.599687099457
