input/barkrak2/radiation/dir11724.grid
NCOLS 85 
NROWS 70 
XLLCORNER 665100 
YLLCORNER 4664600 
CELLSIZE 20 
NODATA_value -9999 
[rows 0 to 19 of 70, columns 0 to 45 of 85]
302.020867665608989 309.154311815898 315.658688545227 322.649379571279 324.138065179189 321.779092152913 315.139671166738 308.894693851471 312.31164932251 312.479754288991 310.542225837708 315.263787905375 318.067709604899 317.801535129547 319.820086161296 319.113532702128 310.791929562887 303.477565447489 303.060531616211 291.548212369283 274.585982163747 278.333385785421 300.023992856344 307.641406853994 306.248227755229 308.839480082194 308.037877082825 296.657204627991 277.199844519297 272.939105828603 270.58337132136 282.561103502909 306.265771389008 303.707400957743 310.610393683116 300.714214642843 302.484412988027 312.401572863261 302.526692549388 308.942258358002 298.627853393555 289.618452390035 298.888643582662 311.898509661357 313.903292020162 309.264600276947
281.586587429047 294.377704461416 304.630915323893 314.405500888824 320.686380068461 319.912075996399 313.521762688955 307.78698126475 313.353101412455 314.116597175598 309.35800075531 312.646389007568 317.540804545085 318.762421607971 318.052649497986 317.752202351888 316.309829552968 310.992995897929 308.669944604238 296.143333117167 288.878977298737 292.372266451518 304.486433664958 309.280554453532 308.850963910421 308.710734049479 306.995391845703 297.806302706401 281.08024597168 273.148814837138 274.963915348053 292.831679185232 304.313242435455 304.159959157308 310.631851355235 301.365216573079 300.623774528503 304.905255635579 299.530605475108 310.309092203776 306.721150875092 298.440257708232 302.23951737086 313.203275203705 316.104630629222 312.716424465179
251.833081245422 263.284166653951 272.472004095713 282.78519709905 292.758782704671 300.349275271098 304.646233717601 309.207816918691 312.524278958638 310.524741808573 305.232167243958 307.665467262268 316.469669342041 319.730639457703 316.832383473714 320.636947949727 323.374370733897 322.545528411865 315.953095753988 309.159755706787 309.515416622162 308.88154109319 307.446519533793 307.671229044596 310.640275478363 310.95689535141 304.672559102376 296.098391215007 284.492492675781 275.876005490621 278.78338098526 298.458377520243 297.105093797048 300.611555576324 309.549232323964 303.517758846283 295.616030693054 291.989743709564 299.525320529938 309.526960055033 308.443665504456 304.073214530945 301.162620385488 310.043056805929 321.159958839417 316.604991753896
236.492176850637 236.681818962097 244.308193524679 250.958879788717 256.979902585347 261.954069137573 267.805854479472 279.753148555756 294.273972511292 304.046849409739 307.841678460439 313.573777675629 319.593111673991 321.57838344574 320.246954758962 318.910082181295 319.990217685699 318.664352099101 315.274755160014 313.33863735199 311.314145723979 309.177299340566 313.288788000743 312.131186326345 311.114192008972 312.81989812851 307.906210422516 300.829311211904 293.679813543956 288.304964701335 282.947480678558 300.252219041189 295.989990234375 299.704015254974 303.233206272125 304.53105767568 300.586978594462 298.147579034169 309.640844662984 313.754518826803 307.035128275553 298.210978507996 294.191161791484 305.563072363536 319.814205169678 317.856589953105
255.866130193075 240.079919497172 228.740533192952 221.313814322154 225.446581840515 240.497092405955 258.098483085632 267.16019709905 275.715986887614 281.640489896138 296.658039093018 310.807188351949 318.804323673248 322.099308172862 322.633544603984 322.558045387268 318.567375342051 311.376353104909 310.528556505839 312.779645125071 310.238361358643 309.111714363098 315.877715746562 315.028568108877 312.783022721608 314.854204654694 311.026096343994 303.690334161123 297.613879044851 293.517212073008 295.795023441315 307.326058546702 303.335070610046 304.608225822449 301.287392775218 303.562164306641 310.436944166819 312.82913684845 314.944843451182 315.015117327372 312.917490800222 306.37268225352 303.258677323659 304.908951123555 310.356815656026 316.253980000814
292.615413665771 270.646949609121 245.70111433665 224.336286385854 216.225485006968 226.950685183207 250.423451264699 264.433105786641 267.838259538015 267.886281013489 276.73731247584 287.856300671895 295.423706372579 300.4070520401 306.010206540426 310.029407342275 307.671825091044 304.627617200216 307.146330674489 311.71836455663 311.692357063293 314.996620019277 319.794754187266 317.654410998027 316.090166568756 317.584296067556 313.671747843424 307.825048764547 300.475796063741 296.536803245544 302.860001722972 308.324118455251 310.008108615875 313.332398732503 307.95548359553 305.334210395813 310.727119445801 313.632369041443 312.502225240072 312.851428985596 312.92712688446 309.566656748454 308.486719926198 308.865706125895 303.943415482839 296.444455782572
308.610181013743 291.255752245585 274.953961372375 256.077408790588 237.130761146545 225.224951903025 232.61555035909 259.048859278361 270.475745201111 277.372101942698 274.284780025482 269.873738288879 266.267736752828 263.033092021942 265.084127585093 277.923802534739 286.539614200592 298.958420753479 309.302111466726 315.440972646077 315.541545550029 314.160029093424 318.274239699046 318.584223588308 318.344334761302 319.689075152079 317.805727322896 313.946982224782 307.462255160014 305.73574701945 308.720151583354 313.618242740631 320.768455664317 323.014378547668 319.506327311198 313.477079073588 312.121987342834 312.398016452789 312.725166479747 314.853032430013 312.533100446065 309.02099609375 309.176762898763 306.916932264964 290.897846221924 284.545699755351
312.05427646637 306.475361188253 299.354871114095 287.898341814677 269.359012444814 241.588890552521 221.657474835714 222.349246342977 253.636340300242 275.481919447581 281.044046084086 277.642150719961 270.279208819071 262.132207552592 251.125494639079 254.268864790599 265.218953291575 278.792003790538 296.167254447937 309.171775976817 314.316709836324 314.442276954651 317.622065544128 318.219721317291 317.552924156189 318.790435791016 318.728884061178 316.212594509125 312.592188517253 314.212580521901 317.554891109467 320.238014062246 323.896884918213 324.045379956563 320.495327313741 316.677888234456 313.99937470754 309.978485107422 303.391257921855 301.495770613352 306.243042151133 312.589108943939 318.841199080149 316.772838433584 303.429961204529 294.031302134196
306.612491607666 307.192126909892 305.02579609553 299.792965253194 289.999385674794 272.785067558289 246.710916360219 219.082117080688 231.361746788025 253.064612547557 270.557085673014 277.848084767659 278.5950700442 276.494721571604 267.241915067037 261.002898216248 258.680601914724 262.712915738424 275.139848391215 288.475414117177 300.354321797689 308.277726173401 311.962068080902 309.307515621185 310.484409332275 312.473992506663 313.488364219666 312.876502672831 312.009970347087 316.91445906957 320.062895615896 319.548805554708 319.998641808828 320.62033812205 318.481802940369 317.450364430745 314.895987510681 308.054387569427 297.181824843089 297.812203566233 312.689622243245 321.28381729126 322.662929693858 319.397191206614 309.401194254557 302.039623260498
285.548249880473 293.059766292572 296.825687090556 296.89900080363 294.738411903381 292.465527852376 280.318856239319 264.823655287425 235.608518123627 227.200408776601 240.256667137146 262.775103251139 280.516882737478 288.414259751638 289.489964644114 283.08512767156 270.61386903127 266.268352667491 265.682796637217 267.61802037557 275.220652421315 281.481524308523 288.152158260345 293.090303738912 298.897484938304 301.568547884623 303.144653638204 302.598416805267 303.43904097875 308.238248030345 309.410154819489 309.854249159495 314.442833264669 317.624847094218 317.496498425802 315.098027388255 312.658846378326 311.259905497233 298.713942368825 300.598820050557 316.845933596293 320.901652177175 319.698373476664 316.724260648092 307.327469189962 299.959858258565
241.472542285919 253.965934117635 264.917592207591 273.698210716248 281.543294588725 287.943641344706 289.932727813721 286.415378252665 263.530830542247 240.479111671448 226.124465465546 233.695308367411 258.754412333171 280.199905236562 291.290720303853 283.592661221822 277.441779772441 271.844267845154 264.974733193715 260.265231132507 259.599407513936 259.852031866709 263.025641441345 274.101217587789 284.096976121267 290.318608283997 292.102177937826 292.040288448334 295.839150746663 299.840887387594 302.016953627268 304.806967576345 311.637202898661 314.40802415212 313.587447007497 311.571399370829 313.262204329173 315.511325995127 309.88089243571 309.392193953196 316.640575726827 320.294698079427 321.057478586833 319.026827812195 312.070250511169 307.660679022471
202.346324920654 207.521100838979 215.320626894633 227.229793866475 242.280662059784 257.341802120209 273.545702298482 278.90020608902 279.769897460938 268.313348293304 245.146115620931 225.413600603739 227.841893831889 249.763985474904 273.112893104553 275.083700815837 280.84671497345 278.384268283844 270.205616950989 261.031011740367 255.153059959412 252.611796061198 252.095858256022 260.25269428889 267.76001850764 272.560636202494 274.985909461975 278.672734896342 284.368137518565 288.277188936869 291.52641693751 296.167731285095 301.329453786214 303.590993086497 303.19356918335 303.883810838064 309.803068637848 316.094656785329 317.061066627502 317.750076452891 319.668650627136 322.20979531606 321.854492028554 320.077538490295 315.408130486806 313.447733720144
190.537691116333 186.258912086487 183.977564175924 183.971424897512 191.689848899841 207.363665103912 231.480300426483 251.683950424194 277.133842309316 281.136890252431 271.445115407308 249.674916267395 223.407109578451 221.211353937785 243.398308753967 267.430106798808 280.86785475413 282.499889532725 278.505643208822 270.856857299805 263.149003187815 262.374023596446 261.95220152537 262.761811415354 262.379070123037 261.66957616806 265.474577744802 273.204167683919 276.279926300049 277.498781681061 281.858166058858 286.024411519368 287.663241227468 289.152721563975 291.039347648621 295.089721679688 304.265975952148 311.358094215393 312.618851661682 316.618760426839 318.555076917013 318.873345851898 317.524015903473 317.577044169108 312.386314074198 311.08146905899
185.179670651754 154.556274414062 137.990742921829 132.156103849411 131.167630354563 138.57035835584 159.015148878098 192.948798338572 230.490704377492 263.140718142192 278.805951277415 278.775155544281 262.602289517721 237.824956576029 235.214571158091 259.096682071686 274.048010508219 284.910321235657 290.288170178731 286.61717971166 277.216752370199 274.394075075785 271.515846252441 271.277328332265 270.827253659566 268.767952919006 271.625876426697 278.398414452871 277.886192003886 272.511422634125 277.326842149099 281.979302565257 283.579727013906 283.135036627452 286.125441392263 292.047878106435 297.240515549978 300.487359364827 302.748878796895 303.966641426086 307.091176509857 309.996088345846 313.729961713155 315.788328647614 310.926814874013 310.656348864237
166.383455197016 129.319647947947 105.64515988032 100.859344005585 102.70494222641 107.095022996267 115.711867809296 143.646001815796 172.853271166484 220.016042391459 269.763668378194 293.647666772207 296.964426835378 281.717260678609 259.160399436951 253.952066103617 259.109814961751 272.941966851552 287.578701972961 294.000267982483 292.489588260651 286.909321943919 284.899512926737 281.986971696218 278.739551703135 277.255098025004 279.44294611613 281.334777673086 276.017347971598 272.174557050069 275.639891624451 279.865264892578 280.030151208242 280.076722304026 282.591144243876 285.920838514964 287.519812583923 286.713401476542 289.032300313314 289.411544799805 294.062197208405 299.220204353333 303.538064161936 305.433392524719 303.882976373037 304.910222689311
142.221341530482 116.178373495738 87.6806875069936 81.9926112890244 95.7593123118083 119.84395980835 124.807337919871 132.701933383942 154.112597306569 186.970472335815 233.687539895376 287.421107292175 305.877168973287 303.993185361226 288.172523180644 261.633733908335 250.684003035227 253.109236558278 268.769900004069 289.965252081553 298.297186692556 294.137994448344 294.542789459229 289.589504400889 283.863604068756 284.293433030446 286.788741747538 283.442854881287 278.080900510152 280.491391817729 281.060894330343 280.533413092295 278.080622355143 276.963969071706 277.650415897369 276.268521944682 274.583498636882 271.016319592794 273.473898569743 274.438440799713 278.632263342539 283.600389957428 286.077817281087 286.305805047353 293.799976507823 297.89658387502
127.343694368998 116.101731856664 91.778039932251 72.5460747877757 77.3568054040273 104.843199253082 124.533236026764 134.824802478155 153.499186038971 167.571663856506 192.929923534393 241.26406510671 280.666391054789 303.89012893041 301.244000593821 290.617724259694 280.213932196299 265.692075093587 256.731589635213 266.958117485046 287.631928920746 297.077298164368 299.916942914327 295.710523923238 289.773563543956 290.710767110189 294.321636358897 290.700793266296 287.655134995778 292.208870251973 291.628936926524 282.400647799174 276.714543501536 273.485283056895 269.368926684062 268.37162176768 264.491617679596 262.528379758199 263.121386369069 266.197085380554 267.797470092773 270.524183909098 273.116648197174 274.611433347066 288.135945796967 294.957896073659
119.347155094147 121.618161598841 111.173133055369 84.1467976570129 69.8644816875458 91.1029477914174 119.87163623174 143.119156360626 160.626232624054 174.748579661051 182.876030604045 207.315146923065 239.599923292796 266.172488530477 292.701522509257 306.190212567647 303.002158800761 292.096555233002 273.656249046326 258.902291456858 269.135892391205 291.279375553131 295.303384462992 295.509874820709 295.92502117157 299.619932969411 302.840610345205 301.290293534597 298.624038696289 300.180474917094 295.347015062968 285.850087801615 279.455661773682 273.364901542664 267.346024513245 264.811913172404 262.623906135559 262.797196706136 262.048701445262 263.967633247375 266.342679659526 267.050464948018 267.225484053294 270.879069964091 279.938260714213 290.626525878906
126.536707083384 135.962754487991 138.581166664759 115.172247091929 95.2195326487223 112.143059571584 132.269124190013 151.27494931221 171.709458033244 192.499776681264 204.012413819631 207.288563251495 223.832647005717 238.707025845846 253.576874732971 275.330185890198 295.526464780172 302.014887332916 297.370791435242 282.131314277649 264.112055301666 276.179313659668 283.616185188293 291.385690371195 299.65470234553 305.5113752683 307.422320048014 307.495633761088 302.426556746165 300.741871198018 294.549663861593 288.546284039815 281.593839327494 274.749875068665 270.403603712718 266.3414478302 265.585958957672 263.023614883423 261.585056781769 264.546930789948 268.356800079346 269.883036613464 268.573880195618 271.24559879303 271.818379561106 283.856391906738
135.749260584513 139.613658189774 152.09021170934 153.159697850545 139.812688032786 131.944994131724 133.917907873789 149.096508820852 164.354215065638 184.487779935201 199.382384618123 198.60827922821 205.865800380707 214.231828848521 231.158018112183 254.774411519368 265.374382336934 277.586241563161 291.648228963216 295.825739701589 288.18553686142 275.422314802806 276.506145795186 284.769435723623 294.48006550471 301.510294278463 306.85430765152 306.896428267161 300.233900547028 299.196342627207 294.027268886566 287.018458048503 280.462483565013 276.097397009532 273.218413194021 268.618782361348 265.61580101649 258.20650657018 256.529847780863 263.630231221517 269.580205281576 271.398802598317 272.877732912699 272.426247596741 270.060320695241 277.819673220317
