input/barkrak2/radiation/dir16324.grid
NCOLS 85 
NROWS 70 
XLLCORNER 665100 
YLLCORNER 4664600 
CELLSIZE 20 
NODATA_value -9999 
[rows 20 to 39 of 70, columns 0 to 45 of 85]
209.888617197673 203.100224335988 219.631016254425 260.870118935903 254.894912242889 205.076615015666 189.891934394836 193.583428859711 206.437607606252 229.203402996063 241.854945818583 251.831750075022 262.131134668986 275.5260070165 290.506720542908 321.970721085866 335.307995478312 338.40278784434 342.979987462362 349.079211552938 350.196441014608 344.998637835185 344.122966130575 345.560153325399 346.492886543274 347.606658935547 348.257660865784 345.031340916951 340.404987335205 340.067664782206 334.497570991516 324.723919232686 317.200303077698 314.209461212158 313.129007816315 317.369341850281 317.605435848236 319.817980130513 324.144800504049 327.815175056458 327.430347601573 327.47878630956 329.420149326324 324.387490749359 328.342656294505 331.562300523122
234.843373298645 235.788305600484 255.586624145508 285.846908887227 280.482033888499 220.36882241567 202.535470326742 201.380213101705 208.485186100006 222.435971101125 236.197948455811 244.015018145243 252.833048502604 260.235071182251 274.706800778707 294.205069541931 321.211457252502 333.852370580037 338.767925898234 345.991412798564 349.358995755513 352.952321370443 353.21569442749 352.672100067139 350.021759668986 346.538662910461 343.112230300903 339.789668718974 338.653167088826 332.023580869039 316.253085931142 289.415260155996 270.996153354645 270.104885101318 277.855972448985 295.770366986593 302.852511405945 316.467642784119 324.142714341482 324.972848097483 323.402941226959 322.586754957835 316.443761189779 304.090221722921 321.965912977854 328.512152036031
273.027857144674 281.843543052673 291.605512301127 301.791946093241 301.740805308024 255.458851655324 223.191360632579 206.792930761973 206.126014391581 216.939528783162 234.462320804596 243.288278579712 258.040904998779 264.054119586945 272.77793486913 286.072572072347 302.22358306249 322.506527105967 333.516399065654 334.684133529663 337.383349736532 346.403121948242 349.938631057739 349.818507830302 347.353974978129 345.942497253418 343.225717544556 338.142355283101 326.503435770671 310.867369174957 267.345269521077 216.687242190043 196.700751781464 214.699645837148 242.623269557953 266.705989837646 283.038198947906 301.954627037048 313.276727994283 316.231250762939 319.043576717377 318.443993727366 298.051158587138 279.766023159027 303.503672281901 325.961232185364
291.012644767761 294.978717962901 298.479557037354 306.30894502004 306.023478507996 287.460585435232 245.903293291728 216.365853945414 200.978477795919 206.10906680425 231.452524662018 245.022853215535 259.301364421844 276.158610979716 279.984593391418 282.342751820882 295.535027980804 311.02180480957 322.75394598643 323.760986328125 322.334229946136 325.934410095215 334.94246006012 340.881188710531 341.713507970174 332.606474558512 319.78581349055 302.953203519185 277.292370796204 234.788199265798 195.751070976257 170.876642068227 145.688911279043 145.83828051885 158.413867155711 196.099082628886 235.275268554688 261.502305666606 278.777182102203 287.0880762736 286.621630191803 273.296356201172 258.44132900238 290.668209393819 287.638127803802 320.076902707418
282.812317212423 285.313089688619 297.189195950826 308.087309201558 300.304035345713 289.459586143494 256.578346093496 232.063551743825 214.51731522878 207.741796970367 223.823110262553 241.330981254578 254.229327042898 269.222994645437 279.576182365417 282.653232415517 293.126742045085 304.15286620458 313.721219698588 316.645999749502 320.028265317281 316.95826848348 321.755051612854 313.931186993917 304.407238960266 299.392223358154 290.334125359853 278.975745042165 246.607601642609 189.941902955373 168.278495470683 165.884117285411 148.832052946091 127.101769049962 118.863145510356 132.276316483816 180.521925290426 216.040054957072 242.875933647156 255.198160807292 245.338797569275 223.605195681254 244.044760862986 306.101381778717 298.289875189463 322.709719340007
277.80936161677 281.71169757843 294.954617818197 304.234226544698 301.816244920095 289.691666762034 265.300909678141 256.639242172241 246.045768260956 230.764985084534 231.086532274882 250.478466351827 264.737327893575 281.163434187571 286.182125409444 283.905446529388 290.495773156484 302.343587080638 308.781584103902 316.046814123789 326.371451218923 311.087012290955 294.207731882731 292.697846889496 293.361445267995 291.225711504618 279.506007830302 266.125857830048 223.117152849833 194.430311520894 193.428794542948 210.379143555959 215.248545010885 191.52843952179 157.619744539261 137.929230928421 154.550502697627 182.726005713145 224.41287835439 238.958537578583 220.800975958506 211.916943391164 253.394921620687 291.856984297435 311.501244703929 333.032568295797
279.856304327647 281.711518764496 290.463546911875 300.560673077901 313.001215457916 297.886570294698 279.734194278717 267.173965771993 265.124122301737 261.971414089203 253.811617692312 268.627683321635 279.746254285177 293.715258439382 298.126498858134 290.633241335551 291.651626427968 304.634352525075 312.573790550232 317.201177279154 311.278720696767 306.560715039571 302.621304988861 297.444303830465 294.651389122009 290.559649467468 280.349572499593 266.235053539276 229.292571544647 223.342776298523 245.466987291972 268.622875213623 272.641857465108 285.688996315002 266.960144042969 181.44561847051 166.600306828817 178.471207618713 204.744676748912 236.999352773031 229.762256145477 260.987639427185 253.58905394872 266.28315448761 302.311638991038 321.411649386088
284.088095029195 280.314564704895 283.607800801595 296.344975630442 333.528955777486 306.273460388184 283.567170302073 266.001085440318 266.373872756958 274.50168132782 270.033617814382 273.141801357269 288.351118564606 296.96532090505 300.841748714447 301.497459411621 299.506386121114 302.973786989848 306.189437707265 309.095919132233 307.375331719716 299.556771914164 298.197905222575 302.67345905304 301.611165205638 297.340909639994 287.381052970886 277.059356371562 251.173416773478 249.48259194692 274.174630641937 288.954456647237 286.830306053162 300.765136877696 328.422129154205 262.490431467692 197.41948445638 184.487144152323 197.00026512146 240.643322467804 267.081618309021 312.115291754405 263.895869255066 257.190187772115 289.811412493388 299.542705217997
281.094133853912 273.402492205302 277.446945508321 302.810033162435 344.236373901367 305.42266368866 273.858924706777 260.586102803548 265.919287999471 276.871522267659 272.657970587413 271.429101626078 288.365999857585 298.327763875326 301.88661813736 307.211518287659 302.486578623454 293.063362439473 300.316552321116 302.225331465403 303.090413411458 296.45182689031 296.486814816793 303.225417931875 306.397020816803 300.830245018005 296.215534210205 285.490075747172 262.329936027527 256.466786066691 279.587388038635 297.988673051198 296.291828155518 294.479886690776 316.821316878001 322.574555873871 233.976642290751 176.17670694987 168.318768342336 210.867424805959 275.643626848857 291.699091593424 255.445599555969 234.360973040263 260.284245014191 276.261071364085
273.494303226471 265.700081984202 274.500807126363 313.186287879944 340.900301933289 301.441470781962 267.282386620839 249.766071637472 250.386814276377 254.885951677958 254.259010155996 262.278318405151 282.410661379496 300.255417823792 301.627536614736 305.399576822917 303.634842236837 290.906389554342 293.809692064921 296.137710412343 294.928173224131 296.607434749603 297.1084912618 302.467505137126 307.369232177734 304.173847039541 302.848060925802 291.367530822754 269.850452740987 265.46315352122 284.328838189443 302.406430244446 297.879417737325 294.062932332357 303.075631459554 323.965907096863 312.944571177165 239.504555861155 190.1482741038 199.066321055094 237.055877844493 250.263750553131 249.246060848236 219.997704029083 233.988245328267 260.433773199717
261.487523714701 271.854718526204 301.260411739349 346.946636835734 348.528265953064 306.465665499369 271.487355232239 243.367731571198 236.0813220342 246.887187163035 242.021858692169 240.827163060506 274.467825889587 299.492716789246 302.705566088359 306.785007317861 306.815942128499 298.965036869049 296.473940213521 297.017196814219 296.315352121989 299.621264139811 303.929388523102 304.251869519552 306.045651435852 312.455654144287 309.506475925446 299.761136372884 282.926678657532 278.011858463287 289.834082126617 302.540401617686 300.03035068512 299.265543619792 302.556415398916 305.116554101308 329.665978749593 342.559099197388 277.75510152181 230.410516262054 218.240817387899 209.169665972392 224.457144737244 222.869277000427 229.920208454132 265.597621599833
280.02123037974 304.819862047831 322.009921073914 326.438864072164 355.641921361287 338.157137235006 304.313699404399 266.015787919362 250.231941541036 265.485902627309 260.034402211507 242.655336856842 262.239734331767 292.530278364817 304.935832818349 307.45009581248 307.141244411469 307.242830594381 299.842397371928 300.564885139465 300.909101963043 305.439213911692 307.134091854095 305.826346079508 308.856864770253 316.47119919459 317.748010158539 314.033349355062 300.381124019623 293.587406476339 296.692629655202 300.178110599518 301.876505215963 305.957039197286 308.274547259013 296.476006507874 305.422206719716 344.201564788818 342.734018961589 283.738195896149 235.283454259237 207.976798216502 208.55838060379 227.202296257019 250.844697157542 278.890450795492
309.080123901367 316.640337308248 304.949124654134 297.074635823568 316.085815429688 338.55664730072 334.920008977254 307.283679644267 284.613390763601 287.094751993815 291.375597318013 267.174283663432 263.317028681437 287.696897983551 304.815510908763 308.498899141947 305.027763048808 308.577100435893 301.70605580012 300.684491793315 306.27187093099 307.70750840505 307.385702927907 308.293501536051 309.322396914164 318.025529384613 322.845836480459 322.69545396169 309.524118900299 300.537387530009 306.619763374329 309.225300947825 304.931541283925 307.261884212494 311.328291893005 301.428735256195 300.680061181386 321.231782436371 327.440003554026 304.025173187256 274.534026781718 232.540647188822 214.112222194672 221.326609452566 243.25031042099 274.263540903727
297.652979691823 289.237062136332 281.597296396891 270.375728607178 270.74791987737 291.875998179118 313.919007778168 312.902132670085 304.045518239339 306.301335493724 306.925356388092 291.427572568258 282.583594322205 293.546319007874 307.167371114095 306.059896945953 306.017140547435 307.976404825846 302.730997403463 305.321971575419 305.499017238617 308.111449082692 307.026187578837 304.223279158274 309.864679972331 314.927538235982 322.368939717611 319.840172926585 312.395453453064 307.591656843821 312.497556209564 310.173153877258 299.652934074402 299.266775449117 303.839246431987 288.661380608877 285.828868548075 287.171244621277 282.68168369929 288.562099138896 297.960182030996 264.135201772054 235.532383124034 226.39254728953 228.027741114298 248.225251833598
289.860467116038 278.664867083232 285.071273644765 270.513534545898 262.29723294576 274.221837520599 301.268895467122 326.989452044169 325.244208176931 313.478529453278 301.820119222005 302.496790885925 310.10373433431 309.925198554993 309.629182020823 308.913707733154 307.454625765483 305.504441261292 305.556197961171 309.96302763621 307.752768198649 307.327429453532 305.679539839427 303.921898206075 306.987404823303 310.627679030101 316.580732663472 312.937537829081 311.944524447123 312.697847684224 313.909947872162 303.28760544459 288.038929303487 293.501436710358 292.856256167094 276.764273643494 277.453939119975 277.65166759491 285.649299621582 309.188048044841 307.729999224345 295.716325441996 271.915872891744 258.340358734131 237.668395042419 230.936924616496
310.624957084656 304.977218310038 314.75834051768 309.506773948669 299.245198567708 304.13411060969 321.32089138031 344.580769538879 340.341329574585 316.109756628672 300.91126759847 311.574578285217 324.225803216298 322.656830151876 315.901378790538 319.034139315287 313.512861728668 310.149570306142 312.586625417074 313.713510831197 311.598718166351 307.138701279958 307.451248168945 308.206915855408 306.924760341644 309.277256329854 310.29752890269 308.455348014832 310.197472572327 315.886755784353 312.927047411601 302.48361825943 289.564510186513 290.319720904032 283.733248710632 279.526273409526 284.585893154144 284.855167071025 297.083258628845 328.378796577454 296.794633070628 282.56622950236 272.855957349141 266.927202542623 247.904618581136 229.214767615
337.387323379517 334.277908007304 336.434960365295 339.205106099447 329.952617486318 323.536237080892 328.120112419128 342.931111653646 340.504368146261 313.056727250417 304.676254590352 316.945453484853 331.156889597575 323.259254296621 318.417489528656 319.854537645976 325.133701165517 316.592951615651 316.824694474538 318.483471870422 316.05205933253 312.891860802968 310.961981614431 309.88597869873 309.351225694021 308.909376462301 309.271176656087 312.053044637044 312.693496545156 318.092147509257 315.020839373271 305.029273033142 292.146563529968 286.06790304184 278.773367404938 283.945719401042 290.481189886729 289.222876230876 292.360186576843 316.834290822347 287.626584370931 244.149367014567 232.905904452006 227.329075336456 224.39976533254 218.481341997782
351.223587989807 347.86585966746 342.395226160685 343.449632326762 338.049491246541 329.559683799744 325.836936632792 331.214547157288 338.303367296855 320.587913195292 320.606271425883 329.552749792735 329.79142665863 323.670029640198 321.840604146322 323.031624158223 330.205241839091 326.233863830566 322.089036305745 320.426682631175 321.658770243327 314.902524153392 312.689304351807 310.639003912608 311.168829600016 310.281753540039 309.477130572001 314.285814762115 316.07049703598 316.624542077382 316.793541113536 307.336489359538 296.01663351059 279.764711856842 271.79737885793 287.040710449219 297.045350074768 294.576327006022 284.466842810313 301.282823085785 288.107752799988 221.028943856557 191.704154014587 178.970992565155 178.116122881571 185.340503851573
354.986389478048 357.351064682007 355.880935986837 353.281259536743 348.899245262146 342.730402946472 334.962288538615 329.763829708099 332.170168558757 330.798208713531 339.170694351196 339.245160420736 331.547260284424 333.552598953247 327.191710472107 323.994278907776 328.619917233785 329.77698246638 324.183305104574 323.928157488505 320.777416229248 316.676020622253 312.272608280182 311.004102230072 312.123835086823 314.313471317291 311.151603857676 313.226799170176 315.030475457509 314.322054386139 316.640317440033 311.30971511205 290.790498256683 268.756747245789 277.403990427653 298.84280761083 301.759362220764 295.290052890778 278.687258561452 284.795920054118 310.234705607096 266.697665055593 209.293405214945 178.870062033335 166.99214776357 164.092729489009
346.600612004598 349.892854690552 349.726279576619 352.787097295125 356.492122014364 358.623067537944 357.637047767639 354.172945022583 352.20722357432 354.554375012716 351.399858792623 342.287143071492 337.243795394897 333.393295605977 331.908981005351 326.256533463796 328.616678714752 328.426202138265 321.98170820872 320.483048756917 321.71102364858 321.894764900208 318.184653917948 313.953081766764 310.264309247335 311.298370361328 314.073940118154 315.062582492828 316.603302955627 316.717565059662 315.482258796692 312.17881043752 286.416053771973 269.345164299011 291.246771812439 306.052406628927 301.387349764506 296.872735023499 283.414304256439 278.184572855632 314.236958821615 342.399597167969 292.287548383077 239.165047804515 196.55430316925 165.99843899409
