input/barkrak2/radiation/dir19424.grid
NCOLS 85 
NROWS 70 
XLLCORNER 665100 
YLLCORNER 4664600 
CELLSIZE 20 
NODATA_value -9999 
[rows 0 to 19 of 70, columns 0 to 45 of 85]
348.160664240518997 351.148088773092 350.995222727458 347.28733698527 342.127720514933 337.065140406291 329.19184366862 322.989245255788 327.901681264242 326.716462771098 323.617458343506 331.450303395589 337.806065877279 337.674061457316 340.716282526652 350.378791491191 350.384712219238 344.585180282593 332.184473673503 322.072148323059 300.200998783112 295.43536901474 312.120238939921 318.543314933777 315.901001294454 313.830892244975 312.681297461192 304.959833621979 286.323229471842 279.144545396169 277.697761853536 282.983779907227 292.831043402354 298.382182916005 305.454989274343 297.798991203308 294.772366682688 303.230762481689 301.122983296712 303.332964579264 293.117781480153 274.453361829122 285.004715124766 308.462738990784 313.464323679606 304.999768733978
341.416517893473 347.28483359019 346.613089243571 346.327543258667 345.578591028849 341.539303461711 330.886463324229 320.554316043854 323.657234509786 325.20850499471 320.092399915059 326.285004615784 334.659655888875 335.354804992676 334.562540054321 339.272777239482 340.281883875529 337.910572687785 336.063543955485 327.796300252279 313.22701772054 305.005451043447 309.987743695577 315.067887306213 313.577552636464 310.548305511475 308.7357878685 303.745269775391 289.578557014465 279.42947546641 280.666887760162 290.407280127207 289.417048295339 293.418983618418 304.223755995433 296.295166015625 289.828519026438 291.000485420227 286.825080712636 301.126221815745 299.05903339386 287.316203117371 294.027209281921 312.916954358419 319.140076637268 308.225671450297
321.938514709473 321.222841739655 326.406220595042 332.119882106781 337.117870648702 337.587714195251 338.200012842814 334.588925043742 331.111530462901 327.742159366608 319.516559441884 319.939732551575 328.210830688477 330.064415931702 326.327681541443 329.740583896637 333.234190940857 337.952375411987 339.904268582662 335.32977104187 330.696105957031 321.308255195618 313.653568426768 312.418520450592 313.673694928487 313.314954439799 308.791995048523 302.200118700663 291.102210680644 279.247403144836 277.170379956563 289.756258328756 277.199685573578 284.911632537842 299.016058444977 293.652951717377 278.775890668233 271.387616793315 283.48445892334 301.934997240702 303.254008293152 303.142130374908 305.125614007314 318.987627824148 328.884243965149 315.168420473735
303.269823392232 302.141726016998 305.078784624736 307.443459828695 305.78209956487 310.77778339386 315.22274017334 323.121666908264 330.987413724263 334.941585858663 331.849634647369 329.761346181234 330.855786800385 330.141067504883 325.907488663991 320.508579413096 323.014954725901 328.518927097321 334.481358528137 335.869709650675 333.823601404826 330.876628557841 329.355875651042 322.982271512349 320.605397224426 322.166919708252 316.926678021749 307.860732078552 299.48087533315 290.116250514984 280.892908573151 288.719852765401 277.874728043874 283.62254301707 290.714065233866 291.447281837463 285.486161708832 282.331625620524 300.661782423655 313.466668128967 310.13149023056 302.623808383942 298.986713091532 307.147443294525 318.830708662669 319.674869378408
319.15537516276 304.31604385376 291.752298672994 277.814447879791 282.681981722514 294.514854749044 309.161504109701 315.887133280436 321.980317433675 324.923396110535 333.338022232056 338.787237803141 340.341647466024 339.77198600769 337.228377660116 333.897749582926 331.400076548258 327.111462752024 329.684734344482 333.911975224813 333.828727404277 333.593805631002 336.605668067932 331.612865130107 326.771060625712 326.040804386139 321.212609608968 312.449415524801 303.910315036774 298.499524593353 297.167837619781 295.823097229004 289.372026920319 291.285296281179 288.75736395518 292.502144972483 301.915049552917 307.339449723562 316.55740737915 321.564575036367 319.185197353363 311.649680137634 304.252942403158 300.289253393809 305.667599042257 324.951529502869
341.255903244019 323.152502377828 302.026947339376 282.905459403992 275.874733924866 285.028656323751 303.43504746755 313.937346140544 316.317021846771 316.507716973623 322.862307230632 330.274363358815 333.812952041626 336.622794469198 339.192748069763 339.914242426554 336.353977521261 329.052885373433 327.864070733388 331.004818280538 330.829739570618 334.036906560262 339.093923568726 337.028821309408 332.702159881592 331.437687079112 325.058837731679 316.542983055115 306.192020575206 299.675464630127 299.689571062724 296.682417392731 301.037907600403 306.554953257243 300.892571608226 298.305710156759 306.425531705221 313.693086306254 317.498683929443 317.821085453033 318.750957647959 314.880629380544 312.078913052877 311.367313067118 309.751868247986 314.433515071869
344.473878542582 335.370222727458 323.762853940328 310.411294301351 295.11304696401 284.858127435048 288.030823071798 310.299615065257 318.917234738668 322.792748610179 321.148812770844 318.989376227061 315.347254276276 313.013593355815 314.553479353587 323.709011077881 329.179068406423 333.79062016805 336.118777592977 336.465160051982 332.583685715993 328.770597775777 335.869550704956 338.119069735209 336.22678120931 337.154428164164 333.658337593079 326.058447360992 315.983891487122 309.198180834452 305.014868577321 306.573172410329 319.964150587718 325.152655442556 322.271982828776 315.815726915995 314.355631669362 317.918181419373 321.061392625173 326.389193534851 326.346615950267 322.237968444824 317.916512489319 312.214910984039 297.823588053385 291.330436865489
341.346462567647 341.016451517741 339.165131251017 333.155373732249 318.63534450531 297.182997067769 279.764374097188 279.780507087708 306.260387102763 322.569628556569 326.703906059265 324.16836420695 319.009880224864 313.334723313649 305.09356657664 306.320190429688 314.692934354146 324.208160241445 335.046529769897 340.675195058187 339.044133822123 333.155194918315 333.384394645691 336.671193440755 337.185144424438 339.069406191508 338.286797205607 334.099213282267 327.620247999827 323.823491732279 321.431438128154 322.075466314952 331.816554069519 334.575414657593 334.072589874268 330.395817756653 325.06803671519 321.149031321208 315.333465735118 321.168224016825 328.932404518127 332.58718252182 331.693689028422 322.715858618418 306.741813818614 291.389584541321
338.607867558797 339.326858520508 339.293797810872 337.559779485067 332.602878411611 322.140117486318 301.200985908508 279.909233252207 287.710229555766 306.450088818868 320.152719815572 324.371337890625 324.500819047292 322.627822558085 317.084352175395 312.695701917013 310.947219530741 314.011891682943 321.824649969737 332.613368829091 338.141679763794 339.98962243398 337.989409764608 335.462331771851 336.01987361908 339.251160621643 339.743852615356 337.84810702006 335.496306419373 336.242318153381 336.835543314616 335.909763971965 338.392496109009 339.778582255046 336.76556746165 335.023482640584 331.596334775289 323.628743489583 310.010373592377 313.209474086761 328.191479047139 332.08042383194 329.676846663157 325.340867042542 315.951287746429 306.887408097585
328.476210435232 332.832276821136 334.856112798055 334.970076878866 333.916664123535 334.418853123983 327.355285485586 316.195011138916 291.746338208516 285.348574320475 296.72771692276 314.44925069809 326.576332251231 330.887675285339 332.617004712423 329.333742459615 320.813218752543 317.820191383362 316.174070040385 318.350593249003 323.781748612722 327.426373958588 329.651991526286 331.272721290588 333.60743522644 335.760712623596 337.980071703593 336.763660113017 335.747361183167 338.294466336568 339.165488878886 338.679591814677 341.152191162109 342.864871025085 341.037114461263 337.179144223531 335.467537244161 331.046203772227 313.141862551371 309.685230255127 323.091506958008 325.166742006938 323.43335946401 321.253677209218 312.664290269216 303.611854712168
298.679153124491 308.266321818034 315.942009290059 321.594973405202 326.126952966054 330.24783929189 332.493424415588 331.392168998718 315.559963385264 297.101934750875 286.006728808085 292.594810326894 312.599718570709 327.267289161682 334.050416946411 329.454739888509 325.839837392171 321.781794230143 316.917479038239 313.376843929291 312.423706054688 312.323669592539 314.09353017807 321.404139200846 327.200313409169 330.810606479645 332.428733507792 331.919074058533 333.875258763631 336.357712745667 337.457259496053 339.272578557332 342.55313873291 343.892852465312 341.719746589661 339.30774529775 338.478803634644 338.340202967326 327.132324377696 315.60887893041 319.841007391612 323.632876078288 324.756264686584 324.566145737966 317.271987597148 308.64820877711
266.82186126709 271.262427171071 277.442296346029 287.343561649323 298.671126365662 310.375173886617 323.017875353495 326.694329579671 326.830983161926 319.068054358164 302.511791388194 285.634775956472 287.409742673238 305.648366610209 322.547078132629 323.106288909912 327.684720357259 326.773583889008 321.575899918874 313.986579577128 309.453586737315 307.117521762848 307.189881801605 313.473105430603 318.370759487152 320.304453372955 321.736057599386 324.248572190603 327.990432580312 330.489953358968 332.784612973531 336.312015851339 339.204072952271 340.219298998515 338.995536168416 338.250160217285 340.503454208374 341.659386952718 338.941971460978 330.175081888835 328.19394270579 331.244428952535 333.99752775828 333.807071050008 327.608545621236 325.057446956635
255.670011043549 251.89071893692 249.875903129578 249.896307786306 256.761650244395 271.007537841797 291.334668795268 307.477196057638 326.166033744812 328.441778818766 321.959932645162 306.781033674876 285.377124945323 283.491651217143 301.812370618184 318.720916906993 327.918847401937 329.153478145599 326.797008514404 321.997543176015 315.441409746806 314.569890499115 314.26727771759 314.937273661296 314.525008201599 313.369274139404 316.334982713064 321.239352226257 323.251187801361 324.134767055511 327.106912930806 330.644965171814 331.465363502502 332.407196362813 332.898517449697 335.261225700378 340.851664543152 342.954834302266 342.366456985474 341.544310251872 339.691559473674 339.144388834635 338.098764419556 337.496479352315 331.830938657125 328.894674777985
251.52055422465 226.832032203674 211.207509040833 206.01753393809 203.499913215637 209.378977616628 228.25833161672 259.544332822164 290.496408939362 315.916498502096 325.8176445961 326.334098974864 316.059708595276 297.045965989431 295.020222663879 314.12128607432 323.84447256724 330.559353033702 333.624045054118 332.127730051676 326.256533463796 324.073791503906 321.254054705302 321.206033229828 320.294102032979 318.381786346436 320.968826611837 325.319707393646 324.338595072428 320.806701978048 324.538826942444 327.876309553782 329.318483670553 329.643527666728 330.316384633382 334.170937538147 337.730646133423 339.836359024048 339.289625485738 339.363098144531 340.127547581991 341.242074966431 341.239770253499 339.659810066223 334.72482363383 330.583155155182
235.726157824198 201.908131440481 180.132687091827 176.075557867686 175.801396369934 180.639406045278 188.905676205953 212.076624234517 238.275190194448 282.617211341858 322.368184725444 336.424946784973 338.27265103658 329.744497934977 313.068350156148 309.9445104599 314.150869846344 323.202252388 332.581043243408 335.456291834513 334.914604822795 331.980268160502 330.963969230652 328.632573286692 325.716018676758 324.249009291331 326.759437719981 327.965140342712 322.983205318451 320.941805839539 323.760469754537 326.718211174011 326.989690462748 327.188273270925 329.372942447662 330.691377321879 331.960042317708 331.363459428151 331.825991471608 331.761797269185 334.578116734823 338.035623232524 339.291969935099 338.640332221985 334.883292516073 333.076953887939
201.614737510681 176.814834276835 160.631070534388 157.234350840251 173.142949740092 193.3873295784 195.187369982402 199.394166469574 218.241532643636 247.667670249939 294.183691342672 334.609548250834 343.812545140584 342.199325561523 334.004124005636 315.357367197673 307.690143585205 309.568146864573 320.223689079285 334.385236104329 338.20895353953 335.516254107157 336.450894673665 333.789030710856 328.909615675608 328.994154930115 331.513146559397 329.060355822245 323.830703894297 326.283017794291 328.484753767649 328.133165836334 325.615763664246 325.140376885732 325.577358404795 325.190583864848 323.168059190114 320.609788099925 322.056829929352 322.134693463643 325.259168942769 328.607439994812 329.067587852478 329.129795233409 331.749002138774 333.022713661194
177.121897538503 167.803903420766 157.71343310674 149.367392063141 152.696947256724 177.267114321391 196.417232354482 198.409656683604 213.481307029724 227.231045564016 249.739289283752 299.49947198232 339.332898457845 341.264645258586 338.924765586853 334.784269332886 328.808983167013 318.974534670512 312.010665734609 318.808654944102 332.657873630524 337.159395217896 338.754932085673 336.502154668172 332.842250665029 333.187222480774 336.065133412679 333.360433578491 330.011645952861 333.702643712362 334.528048833211 328.555206457774 325.241049130758 322.586019833883 319.638351599375 318.877180417379 316.201468308767 314.360558986664 314.633250236511 316.803872585297 317.73579120636 319.729367891947 321.465055147807 322.022219498952 330.181320508321 333.714524904887
169.041812419891 172.36586411794 171.929240226746 160.087823867798 145.094573497772 154.864738384883 183.565616607666 201.434731483459 219.977458318075 230.667213598887 239.422678947449 265.402376651764 312.530716260274 337.613662083944 341.175476710002 342.343926429749 341.869990030924 336.248119672139 324.912865956624 312.440832455953 320.316592852275 335.391759872437 336.463530858358 335.277120272319 335.51295598348 339.123209317525 341.4253393809 339.62603410085 336.662848790487 338.123242060343 335.41731039683 329.378187656403 326.093296209971 322.524587313334 317.960143089294 316.110412279765 314.719200134277 315.03164768219 313.934644063314 315.31963745753 317.219376564026 317.30709473292 317.35763947169 320.215801397959 325.868388017019 332.310676574707
178.689658641815 189.223011334737 196.698923905691 188.57882420222 167.300581932068 165.192892154058 185.621440410614 205.54252465566 224.005401134491 246.327122052511 252.849857012431 259.446382522583 286.478936672211 318.92591714859 336.134354273478 341.000556945801 341.611862182617 341.017166773478 339.340964953105 330.13661702474 317.821701367696 325.587073961894 330.099145571391 334.211389223735 338.687459627787 342.334191004435 343.869169553121 342.316548029582 337.822993596395 337.321400642395 333.667596181234 329.5885125796 326.137105623881 322.787245114644 320.624669392904 317.107935746511 316.936751206716 315.21737575531 314.629991849263 315.829813480377 318.78004471461 319.825232028961 319.497327009837 320.56055466334 321.764469146729 328.686674435933
192.204197247823 196.785549322764 209.299147129059 222.8022813797 209.801654020945 181.333641211192 183.894217014313 195.091863473256 214.227139949799 238.3766969045 250.405391057332 253.790577252706 266.326824824015 282.318850358327 307.867566744487 333.141326904297 336.564779281616 337.479511896769 338.154196739197 338.064193725586 334.123492240906 326.154390970866 325.762748718262 331.148684024811 337.00156211853 341.350754102071 344.032327334086 341.945767402649 335.895776748657 335.442980130513 331.927895545959 326.957861582438 323.698421319326 322.826027870178 321.777979532878 319.264054298401 317.615191141764 311.456521352132 310.307860374451 316.461145877838 320.919930934906 321.001489957174 322.690069675446 322.681963443756 319.726049900055 326.02600256602
