input/barkrak2/radiation/dir18424.grid
NCOLS 85 
NROWS 70 
XLLCORNER 665100 
YLLCORNER 4664600 
CELLSIZE 20 
NODATA_value -9999 
[rows 40 to 59 of 70, columns 0 to 45 of 85]
341.278910636902 341.911594072978 341.393947601318 343.012730280558 347.042401631673 349.645336469014 351.681272188822 353.918313980103 354.628443717957 348.080515861511 340.874870618184 337.710976600647 335.200945536296 332.373340924581 329.805115858714 328.949550787608 327.961921691895 325.999518235524 321.947038173676 320.336759090424 320.757607618968 323.50101073583 321.201105912526 316.489656766256 315.672198931376 312.639514605204 315.760870774587 316.476504007975 318.315764268239 316.281040509542 315.75749317805 311.069965362549 286.327143510183 281.443655490875 302.14790503184 302.353322505951 293.666263421377 293.679296970367 294.094721476237 282.435158888499 290.543973445892 330.101132392883 349.510192871094 305.908481280009 246.78373336792 202.633639176687
345.393021901449 343.816796938578 343.964179356893 344.626267751058 342.293421427409 341.032425562541 340.86008866628 341.956655184428 344.946344693502 340.131719907125 334.890604019165 335.177620251973 336.347023646037 335.531314214071 333.713134129842 331.355293591817 327.254712581635 331.003665924072 328.520655632019 323.733647664388 324.230472246806 324.288050333659 322.281618913015 322.510560353597 321.778257687887 319.360156853994 321.487744649251 319.918890794118 319.429675738017 318.999648094177 317.943513393402 312.05685933431 293.789585431417 292.786439259847 303.837716579437 295.323808987935 280.681351820628 281.221071879069 288.719375928243 293.31382115682 306.957125663757 319.405198097229 332.763473192851 331.638773282369 288.252035776774 239.64383204778
346.726497014364 345.33421198527 347.031354904175 346.536993980408 342.706123987834 341.414014498393 340.755303700765 339.995662371318 340.370456377665 336.869160334269 336.056470870972 335.278590520223 336.764852205912 338.04972966512 336.923718452454 334.20205116272 329.916695753733 332.110822200775 332.375725110372 326.813181241353 326.124250888824 324.408054351807 321.325520674388 321.417689323425 323.337336381276 319.525202115377 316.659768422445 317.902505397797 318.778137365977 318.485260009766 315.989871819814 309.274077415466 300.435423851013 301.599144935608 301.225662231445 284.217635790507 269.437849521637 275.413453578949 290.549596150716 302.832086881002 310.934444268544 308.839738368988 305.134574572245 310.067335764567 295.211533705393 245.443920294444
339.094161987305 340.808788935343 345.314145088196 343.747019767761 344.51945622762 346.012353897095 346.501588821411 344.55943107605 338.72652053833 337.258736292521 338.476578394572 335.594773292542 336.133678754171 337.58807182312 335.834423700968 333.260913689931 332.840243975321 334.610303243001 335.371335347493 329.711536566416 325.331687927246 324.359675248464 321.715950965881 320.600628852844 321.520209312439 322.763502597809 316.441655158997 316.854596138 317.91611512502 316.022356351217 313.075701395671 305.720925331116 305.099646250407 305.563708146413 292.261799176534 269.999186197917 265.252510706584 279.283622900645 298.790713151296 303.749402364095 303.643186887105 299.529234568278 291.625301043193 289.696474870046 283.314108848572 252.580980459849
338.93616994222 342.431902885437 343.786199887594 343.585093816121 344.599445660909 345.68190574646 345.603028933207 343.263864517212 341.604749361674 339.252591133118 339.495062828064 337.38632996877 335.665464401245 332.867721716563 331.799705823263 332.23028977712 328.964173793793 332.340757052104 332.487384478251 331.526597340902 328.011155128479 325.704614321391 324.31036233902 323.843856652578 321.00776831309 323.897778987885 324.618875980377 319.932719071706 317.889531453451 314.912060896556 308.584153652191 303.248286247253 301.928361256917 297.475973765055 283.950388431549 267.699122428894 269.062876701355 285.051782925924 300.387760003408 298.854470252991 300.254344940186 292.947073777517 280.242065588633 275.2871910731 275.653103987376 264.469881852468
342.690547307332 344.971418380737 343.354900677999 344.621857007345 343.352715174357 343.533555666606 343.781471252441 343.315839767456 343.774596850077 341.962734858195 340.90797106425 339.790264765422 336.37531598409 332.832912604014 332.549254099528 333.86508623759 329.031308492025 331.524908542633 333.871920903524 332.09753036499 329.479436079661 328.087230523427 326.588034629822 324.579656124115 324.197868506114 321.1763103803 324.245870113373 321.656008561452 316.672325134277 313.287615776062 307.203710079193 303.896804650625 300.444821516673 291.400154431661 276.688575744629 262.043595314026 267.421623071035 284.914275010427 292.51362880071 286.473055680593 291.926344235738 283.575812975566 271.916608015696 274.491846561432 284.689545631409 276.012738545736
343.262990315755 343.986590703328 344.562451044718 345.159729321798 344.329873720805 344.500462214152 344.894647598267 345.758080482483 343.871474266052 343.715190887451 341.736714045207 341.488480567932 338.704228401184 337.213516235352 335.975726445516 338.374455769857 335.79941590627 331.388215223948 334.45151646932 332.95202255249 330.346465110779 328.269640604655 326.820174853007 323.632876078288 325.652400652568 321.107904116313 320.774614810944 318.598012129466 316.587547461192 313.440362612406 309.556106726329 304.851214090983 298.755327860514 288.82888952891 274.82932806015 263.705333073934 271.23216787974 284.112870693207 282.254497210185 283.996860186259 290.648619333903 279.618163903554 275.461395581563 282.495081424713 291.358192761739 282.937268416087
340.130567550659 341.484983762105 343.714634577433 343.985795974731 344.864765803019 345.942179361979 344.61776415507 344.170967737834 343.788663546244 344.866037368774 343.687097231547 341.139038403829 340.540766716003 339.726209640503 338.662226994832 337.345918019613 335.862159729004 330.052435398102 332.528948783875 331.248601277669 328.325907389323 327.589472134908 328.311920166016 320.680399735769 322.295626004537 319.5827404658 315.385500590007 316.291073958079 315.949122111003 310.953994592031 307.813008626302 306.422928969065 297.623217105865 293.263117472331 285.942335923513 273.377001285553 275.860885779063 282.91134039561 284.998635450999 291.651606559753 288.702487945557 281.596342722575 283.515195051829 284.41592057546 283.955136934916 275.507668654124
336.333910624186 337.599039077759 340.618411699931 341.585397720337 344.622492790222 345.9818760554 343.214392662048 342.527468999227 344.943523406982 345.436811447144 344.592134157817 342.048764228821 341.494758923848 342.100620269775 339.887181917826 336.332082748413 335.064649581909 330.254018306732 330.475489298503 332.263310750326 330.792526404063 327.918271223704 326.09494527181 324.248592058818 322.077790896098 321.572343508403 316.253542900085 317.194898923238 317.038059234619 316.116770108541 315.523048241933 313.646097977956 303.70702346166 302.186171213786 295.398195584615 278.43447526296 278.795937697093 286.55199209849 290.842811266581 291.792591412862 281.858960787455 279.246131579081 278.410792350769 272.929231325785 270.367205142975 269.951343536377
335.761825243632 333.711663881938 336.543440818787 339.553713798523 342.41529305776 343.654115994771 344.040950139364 345.57044506073 346.510728200277 344.372749328613 345.34748395284 345.550815264384 343.311190605164 341.176788012187 340.510924657186 337.390343348185 334.239562352498 329.069932301839 331.885874271393 332.781155904134 331.076661745707 331.465303897858 326.900601387024 325.710356235504 320.577343304952 320.409138997396 319.863319396973 318.062245845795 320.342799027761 320.210615793864 320.491512616475 317.120810349782 309.209247430166 307.950913906097 299.454589684804 283.797860145569 277.467926343282 285.295744736989 291.127781073252 281.551480293274 270.675937334696 273.72666200002 274.058083693186 268.345614274343 267.861624558767 271.078745524089
335.892836252848 337.215145428975 338.181575139364 341.91616376241 341.57673517863 341.655413309733 345.398227373759 347.098827362061 347.129702568054 347.219506899516 346.502939860026 345.691482226054 344.236413637797 341.378450393677 339.348673820496 341.303626696269 335.026820500692 331.973115603129 330.068945884705 331.686556339264 333.227316538493 331.00688457489 326.277375221252 322.360555330912 316.939949989319 317.928731441498 318.994641304016 318.451563517253 320.12011607488 322.471837202708 323.155244191488 317.543824513753 309.17501449585 306.875665982564 296.566486358643 283.072888851166 278.604666392008 282.750030358632 282.589852809906 270.162423451742 267.338156700134 278.035998344421 277.579367160797 269.737660884857 268.919348716736 264.473080635071
336.063146591187 341.187238693237 341.615915298462 343.088984489441 342.079877853394 341.094732284546 344.921112060547 347.298781077067 346.614281336466 348.077376683553 347.163597742716 346.105734507243 344.339450200399 340.129454930623 339.679360389709 340.930938720703 338.07369073232 331.276694933573 327.286084493001 327.801426251729 329.617242018382 326.053559780121 321.840008099874 316.400806109111 313.968618710836 314.247707525889 316.35570526123 316.02688630422 314.10801410675 316.721002260844 319.823463757833 316.02817773819 304.399112860362 294.353365898132 270.703434944153 258.683264255524 268.852611382802 277.117848396301 275.780081748962 275.582094987233 283.359527587891 285.297274589539 270.903329054515 262.448052565257 270.341078440348 258.71604681015
336.336572964986 335.721294085185 335.089325904846 337.2722864151 340.766270955404 343.45539410909 343.07595094045 345.905462900798 345.168193181356 346.570690472921 346.780339876811 345.95533212026 344.997445742289 341.887831687927 338.977416356405 338.115811347961 336.596250534058 327.609817186991 321.786403656006 323.61892859141 320.909082889557 318.681617577871 317.915856838226 313.325087229411 312.936266263326 310.378988583883 310.686071713765 310.568372408549 307.346145311991 307.644625504812 308.235426743825 309.541583061218 287.47562567393 263.216376304626 237.502296765645 227.283438046773 240.847826004028 265.171885490417 280.03450234731 276.391545931498 276.514728864034 272.032260894775 259.454369544983 262.243886788686 266.180177529653 243.196566899618
339.138269424438 333.399693171183 331.762671470642 334.344943364461 341.076532999674 345.354199409485 344.328920046488 344.284812609355 345.535238583883 343.941768010457 344.25946076711 344.564040501912 343.341708183289 342.71510442098 337.234497070312 336.902221043905 333.922545115153 325.067738691966 323.455433050791 322.175820668538 320.988237857819 318.028072516123 316.293617089589 312.735776106517 308.843334515889 307.189106941223 306.121985117594 305.690348148346 304.069956143697 300.876398881276 292.743047078451 286.180178324382 263.870040575663 238.098661104838 228.925247987111 225.520491600037 218.718588352203 229.348182678223 244.145592053731 263.331592082977 268.850068251292 259.415586789449 255.01948595047 258.187890052795 249.630212783813 229.081054528554
340.152025222778 336.30895614624 334.182699521383 336.710373560588 341.577649116516 345.125277837117 345.806320508321 343.402187029521 344.614187876383 342.900951703389 342.549165089925 343.532641728719 342.095971107483 341.592947642008 338.6603196462 334.323167800903 331.900974114736 325.801273187002 321.404774983724 322.293162345886 322.009980678558 320.693711439768 316.04661544164 314.034779866536 310.558915138245 309.411843617757 307.373801867167 305.102626482646 301.904718081156 297.374188899994 288.21055094401 278.091271718343 255.411803722382 241.485873858134 245.253543059031 248.64661693573 241.500735282898 232.559700806936 223.45910469691 231.947878996531 247.131725152334 239.771684010824 233.346263567607 227.187315622965 222.956617673238 219.502588113149
341.792186101278 341.052929560343 337.319731712341 335.173567136129 337.347825368245 343.378822008769 344.089269638062 343.37329864502 342.210451761882 343.29609076182 344.915906588237 343.129992485046 342.88493792216 339.247743288676 337.259848912557 333.974123001099 333.49339167277 329.135000705719 324.465711911519 323.002715905507 321.534673372904 319.441417853038 318.422039349874 317.874630292257 314.380526542664 312.328457832336 308.233201503754 302.273650964101 294.416268666585 290.68911075592 288.383841514587 283.196032047272 262.830555438995 255.700786908468 259.613732496897 267.03405380249 277.934829394023 274.152179559072 257.742921511332 228.301604588827 227.116743723551 228.393991788228 225.712915261587 223.745246728261 229.333440462748 235.38206020991
343.178033828735 342.260201772054 341.091235478719 336.396972338359 334.587335586548 341.097195943197 342.177589734395 341.449896494548 340.856949488322 340.2472337087 343.192537625631 341.338237126668 338.61498037974 338.15610408783 335.770924886068 331.673403580983 333.832780520121 329.848349094391 326.107541720072 324.872771898905 323.381384213765 321.475128332774 318.06888182958 316.49116675059 314.554313818614 311.553676923116 298.176606496175 280.084828535716 273.733933766683 278.534948825836 286.373833815257 281.59370024999 264.260570208232 257.19823439916 264.025847117106 274.172186851501 290.098865826925 298.665245374044 289.241035779317 258.807142575582 232.636074225108 235.395391782125 242.776155471802 253.556629021962 263.744076093038 267.055610815684
342.594345410665 341.026385625203 342.224438985189 340.190132459005 334.595640500387 337.140440940857 342.038591702779 339.589675267537 336.735924084981 334.819396336873 339.020331700643 339.596152305603 336.320797602336 335.397243499756 336.711684862773 331.205646197001 330.577909946442 327.665170033773 326.54196023941 324.238181114197 325.600882371267 321.839610735575 320.643842220306 313.840488592784 315.192023913066 312.277277310689 298.347691694895 281.099061171214 280.437509218852 287.205338478088 291.287839412689 283.163984616597 271.815081437429 271.431227525075 283.340652783712 286.792874336243 292.167564233144 279.306828975677 249.055624008179 241.155862808228 252.21312046051 261.800646781921 256.660977999369 250.207682450612 252.085566520691 262.9114985466
336.435596148173 340.199033419291 339.049855868022 338.099479675293 336.185018221537 331.565757592519 339.248418807983 340.973456700643 334.399382273356 333.064277966817 335.331042607625 337.365587552388 336.938619613647 333.285709222158 334.648052851359 331.706901391347 326.204737027486 327.199896176656 325.521727403005 325.579007466634 325.270056724548 322.424312432607 320.7901318868 316.373070081075 315.285364786784 317.855139573415 310.447017351786 307.811458905538 304.060935974121 302.838683128357 295.799096425374 285.961945851644 282.533446947734 279.747704664866 277.440329392751 263.538956642151 245.402991771698 210.801561673482 193.873127301534 230.520288149516 266.738931337992 267.864425977071 247.253596782684 242.321093877157 254.847129185994 268.861452738444
329.622368017832 337.396383285522 337.672313054403 335.212786992391 333.174745241801 329.712589581807 330.647528171539 337.713241577148 337.860027949015 332.967162132263 334.96348063151 336.059967676799 335.458000500997 333.929896354675 332.484881083171 330.44836918513 325.888534386953 322.965820630391 320.163289705912 320.917983849843 321.659922599792 320.400496323903 319.165925184886 317.243456840515 317.133009433746 319.990893205007 320.428848266602 322.880585988363 310.338298479716 305.470983187358 298.107663790385 284.513314565023 282.781342665354 264.42563533783 237.468719482422 206.962724526723 193.620244661967 186.190923055013 182.031055291494 206.925531228383 233.573933442434 251.08802318573 249.244689941406 261.488536993663 292.131165663401 301.859478155772
