input/barkrak2/radiation/dir18224.grid
NCOLS 85 
NROWS 70 
XLLCORNER 665100 
YLLCORNER 4664600 
CELLSIZE 20 
NODATA_value -9999 
[rows 20 to 39 of 70, columns 0 to 45 of 85]
209.171175956726 202.440023422241 218.882461388906 260.429700215658 253.752330938975 206.20055993398 188.869555791219 192.498008410136 207.93608824412 227.823634942373 243.376652399699 250.89704990387 261.96018854777 273.277282714844 291.414419809977 321.841140588125 334.107160568237 337.225000063578 341.787695884705 347.868760426839 349.823315938314 344.63894367218 343.795379002889 344.298760096232 345.235228538513 346.342166264852 347.951690355937 344.431638717651 339.354753494263 339.014252026876 333.492795626322 323.767940203349 316.232085227966 313.166399796804 312.039017677307 316.938598950704 317.216018835704 318.625410397847 322.878241539001 326.503694057465 327.344318230947 327.318886915843 328.136185805003 324.305176734924 328.351656595866 330.192665259043
234.038988749186 235.042730967204 255.062719186147 284.895896911621 280.714511871338 219.210664431254 201.498170693715 200.251599152883 207.295099894206 223.936359087626 234.423538049062 242.11041132609 252.974212169647 259.912451108297 272.649645805359 293.367445468903 320.436199506124 332.641661167145 337.525288263957 344.726800918579 348.114450772603 351.737380027771 352.822780609131 351.436972618103 348.801294962565 345.299323399862 342.817902565002 339.287042617798 337.922096252441 330.929338932037 315.221746762594 288.489937782288 270.159602165222 269.547780354818 277.557174364726 294.646700223287 301.703929901123 315.244833628337 324.035425980886 324.857831001282 322.128772735596 321.324626604716 316.238661607107 304.059247175852 320.58709859848 327.132980028788
272.148350874583 280.96870581309 290.750086307526 300.800641377767 300.638357798258 254.318078358968 224.371751149495 208.225925763448 204.555074373881 215.788046518962 233.440736929576 244.837363560994 255.866567293803 267.19868183136 270.557463169098 285.486976305644 301.800509293874 323.994914690654 333.401600519816 334.616939226786 336.067120234172 345.104773839315 349.602619806925 349.326729774475 346.208055814107 344.766060511271 342.016061147054 338.765700658162 326.154112815857 308.078984419505 266.495108604431 215.092380841573 196.074287096659 213.902334372203 241.609136263529 265.596111615499 283.005396525065 301.979064941406 311.996718247732 314.973572889964 317.803740501404 318.18417708079 296.96269830068 278.556287288666 302.098949750264 326.123913129171
290.099044640859 294.067064921061 297.638515631358 305.85515499115 305.869519710541 287.836114565531 246.938427289327 215.219656626383 202.438632647196 207.073410352071 232.186913490295 244.138360023499 260.786294937134 275.718847910563 279.475092887878 283.437212308248 295.03466685613 310.494144757589 322.876254717509 323.689083258311 322.380979855855 324.603358904521 334.863424301147 340.58419863383 340.544621149699 334.351142247518 320.79287370046 301.178654034932 275.412837664286 232.450485229492 194.671034812927 170.051952203115 144.864668448766 146.054565906525 157.531897226969 195.109446843465 235.579450925191 260.286529858907 277.562836805979 287.127693494161 285.431981086731 272.265553474426 257.559021313985 290.811955928802 286.332190036774 318.384329477946
281.909505526225 284.390827020009 296.297192573547 307.144065697988 299.23798640569 288.272182146708 255.40832678477 233.239014943441 213.364164034526 206.562101840973 221.879780292511 238.766769568125 254.387815793355 270.545860131582 277.29070186615 280.441959698995 292.422076066335 303.576668103536 311.691065629323 315.411925315857 320.092002550761 315.618872642517 322.024881839752 314.305623372396 304.821213086446 297.773241996765 290.916562080383 277.357061704 244.156320889791 189.000229040782 167.516032854716 165.148893992106 147.973001003265 127.270499865214 118.043690919876 131.077855825424 179.664790630341 215.081830819448 241.722305615743 254.077633221944 244.355241457621 222.751637299856 244.009633858999 306.714634100596 298.933128515879 321.384648482005
276.899496714274 280.809660752614 294.034520785014 303.439974784851 300.800005594889 288.492302099864 266.112665335337 255.416989326477 247.210681438446 232.119599978129 232.391635576884 251.376370588938 263.882021109263 280.659556388855 287.305573622386 283.337076505025 289.906620979309 303.17360162735 308.362543582916 315.515259901683 325.443903605143 313.205361366272 292.592962582906 291.060388088226 291.784346103668 289.651393890381 277.896821498871 264.613787333171 221.793949604034 193.651934464773 192.648589611053 209.579030672709 214.465737342834 190.834224224091 156.657328208288 137.036134799322 153.748273849487 183.945198853811 224.495450655619 237.91511853536 219.956298669179 211.065888404846 252.120733261108 290.313363075256 310.126880804698 331.288556257884
278.941571712494 280.806322892507 289.548655351003 299.69718058904 312.706748644511 296.690722306569 278.522849082947 268.09698343277 266.109426816305 260.639230410258 252.518395582835 267.466286818186 281.074166297913 293.17045211792 295.67543665568 291.676084200541 292.573650677999 304.044604301453 311.47422393163 319.447199503581 311.108529567719 305.136640866597 299.544711907705 295.860866705577 293.102959791819 290.904104709625 278.815627098083 264.912486076355 228.344162305196 222.516139348348 244.601825873057 267.725666364034 271.742820739746 284.787654876709 265.866796175639 182.526250680288 167.898078759511 179.768125216166 205.893814563751 236.97429895401 228.94295056661 259.89027818044 254.912813504537 264.362931251526 301.290472348531 320.962528387706
283.158183097839 279.398163159688 282.699962457021 295.45783996582 332.465430100759 306.680579980214 284.265637397766 266.869326432546 267.363508542379 275.214711825053 268.760800361633 271.9633380572 287.439286708832 298.117359479268 298.316538333893 299.129962921143 300.461192925771 300.708969434102 303.798258304596 308.568795522054 307.188073794047 300.665100415548 298.003315925598 300.967812538147 300.073842207591 295.844932397207 287.645220756531 275.776167710622 250.477313995361 248.624384403229 273.269017537435 287.982781728109 286.006927490234 299.833337465922 327.586968739827 261.293411254883 198.535700639089 183.541059494019 197.399059931437 239.299933115641 266.065577665965 310.732781887054 262.383182843526 255.872488021851 287.392556667328 299.049178759257
280.191739400228 272.500316301982 276.549180348714 301.916718482971 343.112548192342 304.229199886322 274.614870548248 261.525630950928 267.007350921631 275.167504946391 271.511197090149 272.680322329203 286.368091901143 297.728439172109 301.58942937851 306.841015815735 303.697486718496 290.762782096863 299.506227175395 301.60129070282 300.676544507345 295.577625433604 297.487854957581 300.898333390554 306.376655896505 299.40140247345 294.744809468587 284.127593040466 261.275728543599 255.620181560516 278.698444366455 297.023137410482 295.293807983398 293.575545152028 315.877060095469 321.51581843694 234.584112962087 175.279537836711 167.058487733205 212.62264251709 274.437387784322 292.49248902003 256.825109322866 235.569298267365 261.719266573588 273.940920829773
272.597829500834 264.803965886434 273.605465888977 312.296907107035 340.702931086222 300.24258295695 268.134971459707 250.848571459452 249.077419439952 253.821094830831 255.457441012065 261.089424292247 282.739361127218 299.626727898916 303.164919217428 304.869333902995 303.169667720795 289.975424607595 293.406009674072 293.666005134583 296.001811822255 295.724451541901 296.941657861074 300.196965535482 305.240114529928 302.404999732971 301.412264506022 291.193922360738 269.243280092875 264.594733715057 283.432284990946 301.404635111491 296.865562597911 293.165465195974 302.157918612162 323.009709517161 312.425514062246 239.931106567383 191.192785898844 200.196981430054 235.671639442444 249.010324478149 247.87425994873 221.173028151194 232.139348983765 261.314491430918
260.60430208842 270.955403645833 300.326983133952 345.98962465922 348.32755724589 306.850592295329 270.330965518951 242.238640785217 234.940270582835 248.030384381612 240.824898084005 239.604671796163 275.646686553955 297.288775444031 302.23015944163 305.82469701767 307.892441749573 296.646217505137 295.665164788564 298.081715901693 295.532961686452 300.236185391744 301.62513256073 303.262015183767 305.350025494893 308.792471885681 308.109859625498 299.5698650678 281.864484151204 277.105331420898 288.945953051249 301.574508349101 299.02595281601 298.359235127767 301.693856716156 304.211358229319 328.704098860423 341.460903485616 278.103729089101 231.338202953339 217.218776543935 208.022693792979 225.77424844106 221.383730570475 229.085961977641 267.376959323883
279.10327911377 303.879419962565 321.084082126617 325.547258059184 354.673107465108 338.119467099508 303.128182888031 266.857782999674 251.279413700104 264.359096686045 261.086821556091 241.425156593323 261.08040412267 290.360450744629 302.393972873688 306.972026824951 308.183987935384 306.451519330343 299.377858638763 299.810409545898 300.12712876002 304.497361183167 306.176622708638 306.694567203522 306.627531846364 314.49282169342 315.080285072327 312.74551153183 299.307147661845 292.632937431335 295.791109402974 299.298286437988 300.951540470123 305.148979028066 307.2176973025 295.908073584239 304.514606793721 343.236605326335 341.602206230164 284.017185370127 234.227140744527 206.87735080719 209.975818792979 228.127559026082 249.888439973195 279.723703861237
308.187524477641 315.749704837799 304.120500882467 296.288390954336 315.241138140361 337.97295888265 333.761254946391 307.680030663808 283.346017201742 285.959084828695 289.957642555237 265.860815842946 262.130757172902 285.62996784846 302.321970462799 305.94660838445 306.06750647227 309.619704882304 300.99101861318 299.998958905538 305.729647477468 306.76390727361 307.001809279124 307.422578334808 309.985597928365 315.920730431875 321.022093296051 322.447180747986 308.431883653005 299.593389034271 305.662314097087 308.24480454127 303.96976073583 306.3090244929 310.644249121348 300.373832384745 299.768726030986 320.274035135905 326.538463433584 303.656935691833 273.396968841553 233.54564110438 212.964733441671 220.133503278097 244.174500306447 275.66659450531
296.833992004395 288.458387056987 280.837814013163 269.642313321431 270.027736822764 291.084229946136 313.388407230377 312.898317972819 302.79403924942 306.621193885803 305.612981319427 290.074706077576 283.665021260579 291.635612646739 304.858009020487 305.587550004323 305.46247959137 307.264705499013 302.104949951172 302.996436754862 304.635902245839 305.892427762349 306.122243404388 305.014610290527 308.953404426575 315.476318200429 318.925420443217 319.357752799988 311.878045399984 306.524236996969 311.392148335775 309.067845344543 298.862357934316 298.499862353007 302.78488000234 287.819584210714 284.91872549057 286.255677541097 281.828284263611 287.634491920471 296.810905138652 262.9434466362 236.747443675995 225.151300430298 226.752599080404 249.417980511983
289.085706075033 277.919967969259 284.304896990458 269.778470198313 261.597275733948 273.484766483307 300.455927848816 325.944066047668 324.03161128362 313.856641451518 302.350560824076 300.991793473562 308.390259742737 308.862785498301 310.598115126292 307.863672574361 308.311402797699 304.831723372142 304.919044176737 307.70476659139 305.543939272563 305.13322353363 304.8069079717 305.19316593806 305.977026621501 310.205717881521 314.489146073659 313.263416290283 310.05334854126 312.194307645162 312.727729479472 302.177945772807 287.245710690816 292.518615722656 291.815400123596 275.863548119863 276.537696520487 276.749610900879 284.754812717438 308.225214481354 307.918906211853 294.487913449605 272.844791412354 257.042288780212 239.043990770976 229.568998018901
309.791564941406 304.15811141332 313.919007778168 308.687269687653 298.447986443837 303.329785664876 320.465842882792 343.622406323751 339.174032211304 314.830263455709 301.404198010763 309.959888458252 324.976821740468 320.637901624044 315.187970797221 318.000098069509 312.599341074626 307.994564374288 311.876396338145 312.954942385356 309.421797593435 308.050274848938 305.236021677653 307.795166969299 305.88573217392 308.931251366933 309.308310349782 307.496070861816 308.953861395518 315.604468186696 312.490046024323 301.365156968435 288.555244604747 289.406617482503 282.923956712087 278.624912103017 283.643404642741 283.940037091573 296.145717302958 327.673474947612 295.640190442403 281.364758809408 273.783206939697 265.711029370626 249.141256014506 227.902293205261
336.453318595886 333.395719528198 335.477908452352 338.223775227865 329.109827677409 322.699964046478 327.264825503031 342.036088307699 340.282162030538 311.790982882182 305.175423622131 317.683478196462 329.113443692525 322.51246770223 319.072465101878 320.411304632823 325.564543406169 317.216436068217 317.484319210052 319.491902987162 316.800018151601 311.870416005452 310.662547747294 310.715675354004 307.185808817546 306.759297847748 308.279951413472 311.050454775492 312.987923622131 316.766937573751 313.73389561971 303.88202269872 291.423678398132 285.225609938304 277.860899766286 283.035377661387 289.64767853419 288.24778397878 291.44420226415 315.945088863373 286.549766858419 244.950473308563 231.856147448222 226.07421875 225.610395272573 217.227796713511
350.18527507782 346.861243247986 341.328223546346 342.398405075073 337.177554766337 328.700959682465 324.974815050761 330.344955126445 337.854663530986 319.357673327128 319.367527961731 329.494118690491 327.751537164052 324.208319187164 321.001092592875 322.276016076406 330.540180206299 324.289917945862 321.096301078796 321.087578932444 319.627126057943 315.668483575185 311.607241630554 311.427593231201 310.09966135025 309.196690718333 308.413942654928 313.217123349508 314.164896806081 314.846297105153 315.399765968323 306.116700172424 294.930239518483 278.764128684998 270.892182985942 286.123712857564 296.014249324799 293.518543243408 283.502141634623 300.346970558167 287.931660811106 221.515377362569 190.702637036641 179.235259691874 177.123069763184 184.215784072876
354.399085044861 356.238643328349 354.784488677979 352.265914281209 348.015228907267 341.804186503092 334.080457687378 328.890283902486 331.190645694733 329.634229342143 339.32360013326 339.617331822713 331.927458445231 333.77464612325 326.576987902323 323.065499464671 327.712635199229 330.107748508453 323.123872280121 322.820941607157 318.788091341654 316.453099250793 311.167816321055 310.799558957418 310.984392960866 312.217394510905 310.811420281728 312.119523684184 313.905040423075 314.68677520752 315.035084883372 310.002386569977 289.692918459574 267.82633860906 276.50773525238 298.088908195496 300.694624582926 294.741113980611 278.039236863454 283.896664778392 309.365530808767 265.745560328166 208.161592483521 179.7749598821 168.223321437836 162.665903568268
345.482309659322 348.807533582052 348.642110824585 351.689577102661 355.451027552287 357.622543970744 356.677214304606 353.210846583049 351.16704305013 353.382786115011 350.443363189697 340.587894121806 335.677703221639 331.65979385376 329.715728759766 325.900653998057 327.541033426921 327.344795068105 321.808338165283 320.335547129313 320.536673069 319.017986456553 316.992004712423 312.770366668701 311.003168423971 310.157835483551 312.956055005391 315.552175045013 316.98751449585 314.876834551493 315.335651238759 310.880144437154 285.315632820129 268.450578053792 290.34032424291 305.013020833333 300.33407608668 296.281437079112 282.790760199229 277.30131149292 313.300987084707 341.624776522319 291.287104288737 238.265991210938 195.614536603292 167.289733886719
