input/barkrak2/radiation/dir18524.grid
NCOLS 85 
NROWS 70 
XLLCORNER 665100 
YLLCORNER 4664600 
CELLSIZE 20 
NODATA_value -9999 
[rows 0 to 19 of 70, columns 0 to 45 of 85]
353.941639264425021 356.173435846965 355.109572410583 350.07917881012 344.138781229655 339.264233907064 331.165532271067 324.980040391286 330.099781354268 328.712344169617 325.475593407949 333.679596583049 340.412656466166 340.234597524007 343.272765477498 353.817343711853 357.98970858256 355.440378189087 338.923414548238 327.110171318054 303.964932759603 297.879695892334 314.071615537008 320.689936478933 317.124783992767 314.339995384216 314.354221026103 305.962244669596 287.296772003174 279.908080895742 278.995792071025 283.144056797028 291.06738169988 296.65195941925 304.890374342601 297.411402066549 293.821175893148 301.731944084167 299.505333105723 301.848411560059 292.367835839589 272.491077582041 282.967209815979 309.051195780436 314.48225180308 304.973403612773
348.06235631307 353.220701217651 354.662378629049 351.74039999644 349.119424819946 344.431241353353 333.196898301442 322.334885597229 325.11309782664 327.032049496969 321.686108907064 328.452110290527 338.030735651652 339.000781377157 338.148752848307 344.057162602742 341.731905937195 341.184496879578 339.581767717997 332.663973172506 316.771348317464 306.806564331055 311.085820198059 316.477179527283 314.882755279541 310.598174730937 309.939026832581 304.517388343811 290.44246673584 280.412415663401 281.392415364583 290.178775787354 287.211457888285 290.718714396159 303.419013818105 295.543611049652 288.4321808815 290.790299574534 285.727461179097 299.982031186422 298.47780863444 285.954674084981 293.149093786875 313.346982002258 320.181528727214 308.719793955485
329.770127932231 331.080476442973 333.530982335409 336.05170249939 343.305508295695 345.564564069112 343.742847442627 338.336070378621 333.69247118632 329.817076524099 321.459929148356 321.706354618073 329.748789469401 331.957340240479 327.977498372396 330.86633682251 334.320863087972 338.442087173462 341.552217801412 338.700691858927 334.120670954386 323.409140110016 314.478715260824 313.364028930664 314.691642920176 314.567784468333 309.166073799133 302.939295768738 292.28945573171 279.825369517008 276.964505513509 288.667480150859 275.772531827291 282.695492108663 297.998706499736 292.40353902181 276.698052883148 269.373615582784 281.182249387105 300.560434659322 302.816192309062 303.322513898214 305.631995201111 320.440252621969 330.73357741038 316.302557786306
314.146995544434 310.634295145671 313.812136650085 317.655285199483 319.225410620372 319.037914276123 321.372449398041 328.796545664469 336.63547039032 339.001417160034 335.056861241659 331.945141156514 331.822176774343 331.135471661886 327.178378899892 321.232517560323 324.083964029948 329.715033372243 336.820642153422 338.788469632467 336.722850799561 333.731730779012 331.988712151845 324.877838293711 322.391510009766 324.130415916443 317.984640598297 309.269547462463 300.506114959717 290.56304693222 280.683616797129 287.225405375163 275.298913319906 281.901478767395 289.253195126851 290.123562018077 283.316870530446 280.017733573914 299.224893252055 313.144266605377 310.638229052226 303.256889184316 299.429953098297 307.46978521347 319.4340467453 321.133136749268
326.90950234731 314.460337162018 305.794239044189 293.968260288239 289.838512738546 302.800178527832 315.655112266541 322.11822271347 327.894588311513 331.544717152913 338.89385064443 342.448393503825 343.121608098348 341.123342514038 338.180939356486 335.917631785075 333.490928014119 329.503496487935 332.576851050059 337.356726328532 336.412946383158 336.309353510539 338.5857741038 333.775917689006 328.956604003906 327.946941057841 322.432359059652 313.801387945811 304.872870445251 299.262742201487 297.426601250966 294.283171494802 287.266532580058 289.949059486389 287.301282087962 291.247844696045 301.294108231862 307.05859263738 317.024866739909 322.646458943685 320.469756921132 312.555313110352 304.288188616435 299.85777537028 305.589000384013 326.86577240626
349.444508552551 335.713148117065 313.833236694336 290.062328179677 283.149460951487 292.112767696381 310.089747111003 322.412689526876 323.540488878886 323.812743028005 328.694184621175 336.730360984802 339.858651161194 342.373450597127 343.450307846069 343.792676925659 340.079625447591 332.373837629954 330.741624037425 333.872318267822 333.656469980876 336.571574211121 341.615557670593 338.866988817851 334.383885065715 333.622495333354 326.904296875 317.876915136973 307.078619798024 300.158123175303 299.344182014465 294.988473256429 299.49684937795 306.211849053701 300.241728623708 297.535101572673 305.706600348155 313.455839951833 317.993362744649 318.307459354401 319.36244169871 315.622766812642 312.493582566579 311.793267726898 310.510575771332 316.958904266357
350.818991661072 341.436942418416 330.955783526103 318.310101826986 302.100400129954 291.969617207845 298.190653324127 316.752910614014 325.118760267893 329.759220282237 328.232089678446 325.198551019033 321.623961130778 319.379011789958 320.831576983134 329.543550809224 334.620038668315 338.348189989726 340.086817741394 339.636087417603 335.129777590434 330.772598584493 338.163137435913 340.05077679952 338.052868843079 339.338421821594 335.565805435181 327.776432037354 317.176977793376 309.737881024679 304.53093846639 304.936607678731 319.552381833394 326.177954673767 323.162039120992 316.348115603129 314.567049344381 318.528910477956 322.06271092097 328.201830387115 327.994565169017 323.808670043945 319.660087426503 313.41028213501 299.006303151449 292.328238487244
345.493714014689 345.516681671143 344.239075978597 338.843544324239 328.296621640523 307.002425193787 286.750574906667 288.790325323741 314.193189144135 328.552504380544 332.470794518789 330.096781253815 325.234790643056 319.828510284424 311.852812767029 314.196527004242 322.137792905172 330.03024260203 339.977343877157 344.66016292572 342.801729838053 335.928718249003 335.791031519572 339.068412780762 339.316805203756 341.671347618103 340.80958366394 336.445649464925 329.686522483826 325.183391571045 321.863114833832 322.214802106221 332.616527875264 336.612304051717 335.63244342804 331.489185492198 325.894872347514 322.525143623352 316.809594631195 323.942025502523 332.00999101003 335.250854492188 333.720525105794 323.878387610118 307.233015696208 291.049063205719
343.196074167887 343.943953514099 344.567974408468 342.932144800822 338.686267534892 328.409294287364 309.412956237793 287.205894788106 294.470846652985 312.955578168233 326.387564341227 330.382823944092 330.44703801473 329.309940338135 324.391643206279 320.375382900238 317.450006802877 320.40019830068 328.979392846425 336.732149124146 342.823584874471 344.029625256856 341.397921244303 338.955760002136 339.421590169271 342.728734016418 343.729058901469 341.584324836731 338.597337404887 338.741978009542 338.817516962687 337.858120600383 340.568780899048 342.025478680929 339.543739954631 337.154706319173 334.072748819987 325.880626837413 311.963399251302 315.42040904363 330.330491065979 333.426197369893 329.671581586202 326.193273067474 316.782732804616 307.552436987559
334.997296333313 338.797648747762 340.553243954976 340.678294499715 339.513421058655 339.868068695068 333.332975705465 322.506527105967 300.210158030192 294.045567512512 305.101116498311 320.971270402273 332.479993502299 336.403290430705 338.07901541392 335.076093673706 327.052315076192 324.160476525625 322.398026784261 325.785915056864 329.708258310954 333.184719085693 335.704247156779 336.792190869649 338.185787200928 340.226888656616 341.876109441121 340.698520342509 340.373118718465 342.621684074402 342.981855074565 342.937111854553 345.165173212687 345.958550771077 343.900322914124 339.931885401408 338.632146517436 333.356499671936 315.340578556061 311.02313597997 323.955317338308 324.880162874858 322.883407274882 321.38725121816 313.409924507141 304.16206518809
306.041975816091 315.277894337972 322.589993476868 327.890435854594 332.48907327652 336.294015248617 338.633020718892 337.970534960429 323.23290904363 304.067452748617 293.209075927734 299.75821574529 319.265882174174 333.25469493866 339.477737744649 335.272471110026 331.929723421733 329.02197043101 324.480652809143 319.830675919851 320.130447546641 319.916148980459 320.592443148295 327.487667401632 332.806646823883 336.085359255473 337.638775507609 337.108771006266 338.794509569804 341.042280197144 341.994881629944 343.639095624288 347.079157829285 348.237951596578 345.956405003866 342.82398223877 342.051068941752 341.576099395752 329.585651556651 316.54151280721 320.226709047953 324.131588141123 325.43957233429 325.323700904846 317.753573258718 308.741132418315
275.091548760732 279.44552898407 286.297917366028 295.910159746806 307.593703269958 318.780581156413 329.360802968343 332.821905612946 333.677212397258 325.500011444092 309.634168942769 292.927940686544 294.558842976888 312.47345606486 328.825533390045 329.29003238678 333.632548650106 332.819938659668 327.903707822164 321.678857008616 317.313989003499 314.955015977224 314.091563224792 320.114493370056 324.777503808339 327.142775058746 328.423182169596 330.770591894786 334.238449732463 336.541414260864 338.634888331095 341.324210166931 344.748973846436 345.582087834676 344.196240107218 342.633446057638 344.330867131551 345.429380734762 342.150330543518 331.998467445374 329.415698846181 332.115073998769 335.171778996785 335.283557573954 329.073786735535 326.667586962382
265.03582795461 262.259503205617 260.289291540782 259.381512800852 266.139229138692 279.056449731191 298.879663149516 314.507702986399 332.34437306722 334.478616714478 328.38382323583 313.76858552297 292.790989081065 290.926555792491 308.980882167816 326.090296109517 334.67443784078 335.760315259298 333.642403284709 328.315615653992 323.003868261973 322.084685166677 321.798284848531 322.453776995341 321.91797097524 320.002774397532 322.837134202321 328.139344851176 329.994777838389 330.832739671071 333.611726760864 336.210529009501 337.852597236633 338.716944058736 338.969985644023 341.094255447388 345.309138298035 347.641865412394 346.754630406698 345.220804214478 342.284043629964 341.501315434774 341.122428576152 340.447823206584 334.582885106405 331.43683274587
260.920107364655 236.612935860952 221.181730429331 216.093838214874 212.552924950918 218.244989713033 236.858487129211 267.589032649994 299.185077349345 323.466360569 332.491139570872 333.106140295664 323.77294699351 305.507083733877 302.078445752462 320.745468139648 331.042091051737 337.114532788595 339.836080869039 338.579893112183 333.216667175293 330.298364162445 328.422009944916 328.409949938456 327.390074729919 325.473368167877 328.051189581553 332.090437412262 331.008851528168 327.743113040924 331.343452135722 334.50702826182 335.021575291951 335.328380266825 336.742639541626 340.317209561666 343.694806098938 344.471613566081 344.661235809326 344.549099604289 344.222585360209 345.012108484904 345.317284266154 343.189636866252 338.164925575256 333.434025446574
244.592308998108 211.612025896708 190.270225207011 186.367710431417 185.162564118703 189.733425776164 197.848359743754 219.953815142314 248.128851254781 290.216604868571 328.791558742523 342.554171880086 344.19051806132 336.693048477173 320.934971173604 316.529174645742 320.760945479075 330.493330955505 339.063326517741 341.387192408244 340.994675954183 338.361978530884 336.747407913208 335.375070571899 332.457323869069 330.969075361888 333.579301834106 333.857297897339 329.064150651296 327.200035254161 330.717146396637 333.499630292257 333.797256151835 333.034952481588 335.082054138184 337.239344914754 338.496963183085 336.784998575846 338.088989257812 337.94113000234 340.500871340434 342.679460843404 344.586173693339 343.511343002319 339.361468950907 336.792707443237
209.565540154775 185.629626115163 170.765956242879 166.827142238617 182.496209939321 202.169179916382 203.332463900248 207.014481226603 227.262457211812 256.899078687032 300.731460253398 340.219736099243 348.575035730998 347.689429918925 340.640544891357 323.143839836121 315.807600816091 316.344837347666 327.707449595133 340.806881586711 343.935092290242 341.4333264033 341.739535331726 339.348355929057 335.369269053141 335.395415623983 337.96230951945 335.618019104004 329.826255639394 332.209587097168 334.366679191589 334.041476249695 332.499623298645 332.140604654948 332.536737124125 331.167658170064 330.269594987233 327.847580115 328.105290730794 329.082230726878 332.075218359629 335.196256637573 335.515062014262 335.384329160055 337.242523829142 338.2195631663
184.824585914612 175.945301850637 167.946398258209 159.957965215047 163.258214791616 186.562816301982 204.724172751109 207.756002744039 222.072581450144 233.770132064819 258.310159047445 306.301911671956 344.623486200968 346.489747365316 344.27539507548 341.114163398743 335.852384567261 326.584239800771 318.466246128082 326.37615998586 339.143037796021 342.893799146016 343.741496404012 341.709852218628 338.374892870585 339.283665021261 342.09148089091 339.488704999288 336.041331291199 339.642286300659 339.944958686829 334.420402844747 331.326166788737 329.702317714691 326.917390028636 326.184153556824 322.649280230204 321.906606356303 322.110931078593 323.132932186127 325.030167897542 326.921621958415 327.436327934265 328.971982002258 336.319843928019 338.55923016866
176.315347353617 180.444975694021 181.408266226451 171.41725619634 154.058237870534 162.768602371216 192.395389080048 209.868550300598 225.744326909383 238.75763018926 245.006422201792 273.428002993266 318.734169006348 343.922217686971 346.536835034688 347.510854403178 347.457488377889 342.61155128479 332.210977872213 320.287346839905 327.805419762929 341.784238815308 342.360059420268 340.476353963216 340.690573056539 344.117641448975 346.229950586955 344.504833221436 342.098871866862 343.564987182617 341.153383255005 335.585713386536 332.771678765615 328.773399194082 325.267593065898 323.513507843018 322.253743807475 321.531097094218 321.474452813466 322.777430216471 323.51154088974 324.658930301666 324.678738911947 326.209982236226 332.6282898585 338.432947794596
186.513523260752 197.155038515727 205.333749453227 199.411749839783 177.694936593374 171.641091505686 193.633596102397 210.809846719106 231.448908646901 251.534442106883 259.877641995748 266.902009646098 296.735246976217 326.455533504486 342.481851577759 346.559047698975 347.057302792867 346.607128779093 345.393101374308 335.976362228394 324.142138163249 332.785069942474 336.788733800252 340.342442194621 343.69969367981 347.639203071594 348.352114359538 346.739172935486 342.869679133097 342.540740966797 339.230577150981 335.403402646383 332.468390464783 329.656183719635 326.974292596181 324.425419171651 324.367105960846 322.785496711731 321.166932582855 323.285361131032 326.133608818054 325.995226701101 325.691282749176 327.825486660004 327.645818392436 335.321108500163
200.591444969177 205.234229564667 217.575828234355 232.827623685201 218.198120594025 188.921451568604 191.232482592265 202.781001726786 219.56996122996 245.247622330983 257.752954959869 263.210634390513 276.143987973531 294.241805871328 323.373854160309 339.871327082316 342.73620446523 343.456188837687 344.007809956868 344.127655029297 340.819915135701 332.161525885264 332.892795403798 337.844610214233 343.13702583313 347.013831138611 348.554333051046 346.407651901245 340.958714485168 340.588172276815 337.284485499064 332.576155662537 329.796314239502 329.474568367004 328.721781571706 325.68750778834 324.136098225911 319.155216217041 318.094829718272 324.008663495382 327.123602231344 328.238646189372 329.823235670726 328.639924526215 327.056407928467 331.652541955312
