input/barkrak2/radiation/dir16924.grid
NCOLS 85 
NROWS 70 
XLLCORNER 665100 
YLLCORNER 4664600 
CELLSIZE 20 
NODATA_value -9999 
[rows 0 to 19 of 70, columns 0 to 45 of 85]
357.249180475871015 359.123945236206 357.626080513 351.951678593953 345.625201861064 340.733766555786 332.638382911682 326.456765333811 331.677794456482 330.193519592285 326.903065045675 335.291425387065 342.202305793762 341.999133427938 345.031181971232 356.010516484578 360.53474744161 360.084136327108 341.656406720479 330.183704694112 305.922667185466 299.572269121806 315.283974011739 321.618616580963 318.601568539937 314.630726973216 314.644436041514 306.549290815989 288.524826367696 280.918478965759 280.102610588074 283.675233523051 290.654758612315 296.253422896067 305.105149745941 297.680219014486 293.808738390605 301.46720012029 299.177328745524 301.986972490946 292.158762613932 271.956980228424 282.402952512105 309.859116872152 315.446058909098 305.464307467143
351.860205332438 356.622219085693 358.289122581482 353.438138961792 350.546558698018 345.891912778219 334.943771362305 323.722799619039 326.342006524404 328.248500823975 322.94108470281 329.92829879125 339.729944864909 341.337243715922 340.304652849833 348.077376683553 344.498078028361 342.576106389364 342.671275138855 335.642695426941 319.042086601257 308.174709479014 312.119007110596 317.691326141357 316.051224867503 311.698754628499 310.151894887288 305.873612562815 291.636109352112 281.355500221252 282.299955685933 290.520866711934 286.554972330729 289.836466312408 303.504824638367 295.701086521149 288.160900274913 290.478646755219 286.999265352885 300.308167934418 298.517862955729 285.535335540771 293.131728967031 314.017872015635 320.348481337229 308.306336402893
334.189971288045 335.278789202372 337.582588195801 339.922348658244 346.920251846313 347.98792997996 347.031156222026 341.343760490417 335.396567980448 331.126312414805 322.937230269114 323.051194349925 330.827494462331 332.864880561829 328.93176873525 332.294583320618 336.007992426554 340.57609240214 344.15610631307 341.386556625366 335.72526772817 324.965953826904 315.597116947174 313.806255658468 315.650085608164 315.659681955973 310.222148895264 304.179628690084 292.920053005219 280.275384585063 277.30009953181 288.585821787516 274.861554304759 281.952023506165 298.0082432429 292.196532090505 276.093423366547 268.834789594014 281.180918216705 299.995323022207 302.759130795797 303.365389506022 306.214272975922 321.692744890849 332.145889600118 317.40814447403
320.688128471375 315.34614165624 318.341930707296 322.112818559011 323.548436164856 324.62348540624 325.272659460704 331.665992736816 339.191873868306 341.885924339294 337.344725926717 333.69787534078 332.764347394307 331.781069437663 327.717502911886 322.078585624695 325.10636250178 331.104079882304 338.066021601359 340.379635492961 338.361819585164 335.416396458944 333.821574846904 326.332668463389 323.792139689128 325.627863407135 319.372912247976 310.469110806783 301.495393117269 291.245996952057 281.017998854319 286.933620770772 274.130384127299 281.010727087657 288.751324017843 289.924263954163 283.054868380229 279.767711957296 298.608024915059 313.881595929464 311.323702335358 304.312348365784 300.012528896332 308.099627494812 320.25674978892 322.416524092356
331.209560235341 319.01212533315 309.266130129496 300.547818342845 295.830408732096 306.070069471995 319.98868783315 326.266487439473 330.784360567729 334.364096323649 341.442545255025 345.139304796855 344.659606615702 343.089381853739 339.895526568095 336.755871772766 334.986845652262 331.187506516774 334.24711227417 339.602510134379 338.793396949768 338.743567466736 340.826988220215 335.126956303914 330.238083998362 329.411188761393 323.801100254059 314.96657927831 305.667022864024 300.105472405752 298.013210296631 294.155816237132 286.243557929993 289.214452107747 287.024299303691 290.816724300385 301.470001538595 306.786417961121 317.272245883942 323.270579179128 321.344494819641 313.51778904597 304.714679718018 300.058305263519 306.006332238515 328.288237253825
353.046536445618 340.605894724528 320.751031239827 298.66103331248 288.052558898926 295.244912306468 314.604719479879 325.575073560079 327.644447485606 326.862613360087 332.715570926666 339.398264884949 343.413154284159 345.784942309062 346.624652544657 345.820585886637 342.172145843506 334.592700004578 332.708676656087 335.803667704264 335.567037264506 338.570276896159 343.857208887736 340.251366297404 335.681041081746 334.762374560038 328.333655993144 318.764170010885 307.994802792867 300.855159759521 299.655020236969 294.950226942698 299.862901369731 306.542019049327 300.374090671539 297.583321730296 306.050360202789 313.547352949778 318.513115247091 318.818887074788 319.894512494405 316.396494706472 313.380499680837 312.149365743001 311.281720797221 318.738996982574
354.584415753682 346.076687177022 333.970467249552 321.469108263652 306.793332099915 295.103033383687 302.93200413386 322.449882825216 329.231798648834 333.749651908875 331.153114636739 328.230579694112 325.797200202942 323.633869489034 323.814511299133 333.507498105367 337.383031845093 341.449975967407 342.172145843506 341.344436009725 336.6619348526 332.360744476318 340.051849683126 342.1311378479 339.991211891174 340.668042500814 337.230443954468 328.962365786235 318.247040112813 310.49907207489 304.6981493632 305.203378200531 319.37841574351 326.326489448547 324.087500572205 316.765030225118 315.256814161936 319.39951578776 323.116978009542 329.122324784597 329.504231611888 325.23117462794 320.950229962667 314.627011617025 300.068159898122 293.279528617859
347.806413968404 348.481337229411 347.599148750305 342.600186665853 331.430971622467 311.640322208405 293.370246887207 292.019486427307 317.372103532155 332.607646783193 336.346507072449 334.007263183594 329.287946224213 324.070731798808 315.043290456136 317.332367102305 325.213968753815 333.942492802938 343.379219373067 346.779902776082 344.665368398031 337.574044863383 337.198376655579 341.025710105896 341.324090957642 343.78981590271 342.30105082194 338.298757870992 331.265191237132 326.399584611257 322.664697964986 323.05371761322 333.916902542114 337.32016881307 337.213357289632 332.976599534353 327.101171016693 323.849638303121 317.916075388591 325.806299845378 333.993832270304 337.177793184916 335.215012232463 324.941694736481 307.891408602397 291.329701741536
345.938126246134 346.702218055725 347.510139147441 346.654812494914 342.873891194661 332.503100236257 313.856323560079 291.960676511129 299.334466457367 317.448178927104 330.53727944692 334.243853886922 333.544174830119 332.441210746765 327.56112019221 323.455969492594 321.82252407074 323.415338993073 333.071172237396 340.510884920756 346.202373504639 346.197048823039 343.825459480286 341.356635093689 341.784834861755 344.711820284526 345.674753189087 343.528389930725 340.83882967631 340.717236200968 340.133865674337 339.02899424235 341.8128490448 343.275388081868 341.477155685425 339.010715484619 335.856080055237 327.519516150157 313.433130582174 316.979666550954 331.977327664693 334.360440572103 330.140908559163 326.611161231995 317.618628342946 308.367451032003
338.5275999705 341.763575871785 343.419313430786 343.219995498657 342.661380767822 343.207001686096 337.267835934957 326.829969882965 304.914951324463 298.852860927582 308.379332224528 325.250426928202 336.333552996318 339.976032574971 341.693878173828 338.93871307373 331.183632214864 327.18680302302 326.675931612651 328.694085280101 333.767612775167 336.0648949941 338.548143704732 339.548707008362 341.203133265177 343.232075373332 344.915231068929 343.097805976868 342.803637186686 344.865798950195 345.659653345744 345.582246780396 347.067793210347 348.447203636169 346.189538637797 342.037598292033 340.347329775492 335.330406824748 316.945612430573 312.171717484792 324.919025103251 325.17671585083 323.058605194092 322.216073671977 314.195573329926 304.895679155986
311.274905999502 320.241769154867 326.668262481689 331.744571526845 336.142977078756 339.333415031433 342.191259066264 341.755906740824 327.55168279012 308.741529782613 298.029839992523 303.02906036377 322.452545166016 336.297829945882 342.323144276937 338.279763857524 335.020383199056 332.08554983139 327.544311682383 324.198603630066 324.475864569346 323.166310787201 324.746390183767 331.368227799733 336.382389068604 339.480876922607 340.407371520996 339.893619219462 341.992457707723 343.596776326497 345.022201538086 346.024076143901 349.171121915181 350.186387697856 348.60364596049 345.322132110596 344.016869862874 343.389272689819 331.063151359558 317.499200503031 320.772270361582 324.48136806488 326.266765594482 326.379656791687 318.473398685455 309.352874755859
279.096444447835 284.361481666565 290.23015499115 299.757122993469 311.308860778809 322.318514188131 333.369056383769 336.71768506368 336.770574251811 329.696277777354 313.01216284434 297.759791215261 299.363195896149 317.007978757222 332.857330640157 333.158175150553 337.436079978943 336.745142936707 332.044541835785 324.8370885849 320.606509844462 318.40181350708 318.469882011414 324.373523394267 328.846236069997 331.042885780334 332.248171170553 334.516922632853 337.248881657918 339.464743932088 341.468572616577 344.700296719869 348.047971725464 348.790446917216 347.315073013306 346.209565798442 347.572286923726 348.380963007609 344.636758168538 333.404938379924 330.471873283386 333.773573239644 336.519638697306 336.691776911418 330.295085906982 327.983597914378
270.093699296315 266.411383946737 264.451543490092 264.491359392802 271.206498146057 285.079737504323 303.602914015452 318.968991438548 336.355209350586 338.350296020508 332.478006680806 318.288365999858 296.160479386648 295.803129673004 312.391380469004 329.369922478994 337.761084238688 338.830510775248 336.762468020121 332.438468933105 327.267607053121 326.318383216858 326.039671897888 326.689203580221 325.296978155772 324.12850856781 326.911707719167 332.074681917826 333.853960037231 334.670702616374 336.644411087036 339.89671866099 341.562986373901 342.389504114787 341.711521148682 343.738635381063 348.540226618449 350.524663925171 348.723649978638 346.976240475972 344.3896373113 343.565662701925 343.182841936747 342.442909876506 336.457133293152 333.197176456451
265.975852807363 241.823196411133 226.466675599416 221.425652503967 219.039638837179 223.617672920227 240.756014982859 271.224280198415 302.634676297506 326.876699924469 335.758686065674 336.34606997172 328.102966149648 308.705747127533 306.804080804189 325.143774350484 335.129936536153 340.882937113444 342.766602834066 341.546853383382 336.326837539673 334.308743476868 332.491974035899 332.499225934346 331.417560577393 328.803579012553 331.288913885752 335.971474647522 334.832668304443 331.695874532064 335.239132245382 337.485154469808 338.85383605957 339.164058367411 340.468207995097 342.974781990051 346.124609311422 347.845474878947 347.87917137146 346.860686937968 347.184141476949 347.797592480977 347.890138626099 345.480879147847 340.391397476196 335.206747055054
249.353607495626 216.725210348765 195.57778040568 191.753586133321 191.61335627238 195.18784681956 201.539933681488 225.371917088827 251.675963401794 295.25895913442 333.006580670675 346.111575762431 347.644726435343 340.661247571309 323.958933353424 321.011483669281 325.162927309672 334.631045659383 342.801133791606 344.84608968099 343.883434931437 341.357111930847 340.511202812195 339.244484901428 336.314797401428 334.810733795166 336.640000343323 337.719162305196 332.863907019297 331.131080786387 334.691325823466 337.391058603923 336.764136950175 336.969971656799 338.938156763713 341.032306353251 341.115991274516 340.593179066976 341.74378712972 341.550588607788 343.080759048462 346.010764439901 347.773790359497 345.726529757182 341.655691464742 339.335799217224
214.784502983093 191.115458806356 176.032145818075 173.100431760152 189.120570818583 207.605381806691 206.9278160731 212.145407994588 232.317487398783 261.900226275126 305.500467618306 344.077825546265 351.766228675842 350.937128067017 344.458818435669 326.316634813945 319.086333115896 320.841471354167 331.940750281016 344.520012537638 347.297708193461 344.304323196411 345.214605331421 342.983563741048 339.089274406433 339.085300763448 341.686526934306 338.64422639211 333.561420440674 335.971593856812 338.24364344279 337.929805119832 336.441437403361 335.120360056559 335.517962773641 335.169394810994 334.331035614014 330.834666887919 332.144578297933 333.064277966817 335.998813311259 337.95420328776 339.266419410706 339.032252629598 339.868903160095 341.338833173116
188.727974891663 180.089473724365 173.137287298838 165.448029836019 170.472025871277 191.980024178823 210.12415488561 212.417542934418 226.80660088857 238.12993367513 260.731399059296 311.396956443787 348.275542259216 349.597573280334 347.439408302307 344.770272572835 339.868704477946 329.551160335541 322.907030582428 330.653309822083 342.88211663564 345.689535140991 347.034096717834 345.097939173381 341.912786165873 342.828512191772 345.610459645589 343.050241470337 339.06356493632 342.530171076457 343.552827835083 338.24098110199 335.267464319865 333.757837613424 331.049660841624 329.355438550313 326.889952023824 326.175431410472 325.290143489838 327.301859855652 329.184313615163 331.027448177338 331.482509771983 332.964797814687 339.01580174764 341.923554738363
180.71856101354 184.598465760549 186.249991257985 176.896929740906 161.127587159475 167.52024491628 197.205344835917 212.130606174469 230.198800563812 240.949114163717 249.440908432007 277.331610520681 323.883434136709 347.581466039022 349.714040756226 350.592811902364 350.753863652547 346.291462580363 335.227330525716 324.700613816579 332.047621409098 344.56479549408 345.191518465678 343.804160753886 344.006021817525 347.425977389018 349.48738416036 347.727378209432 345.313787460327 346.787691116333 344.518065452576 338.643471399943 335.921287536621 332.797626654307 329.408705234528 327.699502309163 326.50625705719 325.811386108398 325.737635294596 327.000518639882 327.720065911611 328.84289820989 327.70844300588 330.353359381358 335.358341534932 341.016372044881
190.758089224497 201.457500457764 209.955414136251 205.344557762146 184.802194436391 175.895273685455 197.903335094452 214.937170346578 233.080009619395 255.332668622335 263.897995154063 270.545423030853 301.326632499695 332.561333974202 346.153338750203 349.836905797323 350.279410680135 349.901040395101 348.130464553833 339.976072311401 328.472892443339 336.883544921875 339.808225631714 343.270579973857 347.00600306193 350.164810816447 351.46955649058 349.719365437826 345.889290173848 345.646341641744 342.500805854797 338.790655136108 336.111903190613 332.903544108073 331.021348635356 328.568418820699 328.570942083995 325.989524523417 325.439453125 327.509045600891 329.173405965169 330.142398675283 329.842507839203 331.977744897207 331.768890221914 339.173555374146
205.055117607117 209.713737169902 222.039560476939 237.982908884684 226.844052473704 190.627694129944 192.75305668513 206.586321194967 223.368128140767 246.60857518514 262.458086013794 264.932016531626 279.339253902435 299.142797787984 329.10939057668 343.690514564514 346.315701802572 346.937417984009 347.427606582642 346.954504648844 343.541582425435 336.287101109823 336.950898170471 341.689984003703 346.708019574483 349.591851234436 351.731101671855 349.401871363322 343.980391820272 343.650102615356 340.443650881449 335.85512638092 333.312312761943 333.273450533549 332.671999931335 329.759816328685 328.312039375305 323.485314846039 321.399907271067 327.163020769755 331.302126248678 332.363386948903 332.792222499847 332.770605882009 331.242879231771 335.663676261902
