input/barkrak2/radiation/dir13324.grid
NCOLS 85 
NROWS 70 
XLLCORNER 665100 
YLLCORNER 4664600 
CELLSIZE 20 
NODATA_value -9999 
[rows 20 to 39 of 70, columns 0 to 45 of 85]
174.017429351807 165.679593880971 179.917951424917 218.889514605204 212.972362836202 173.313577969869 158.720841010412 168.075939019521 181.063592433929 198.61892859141 215.655306975047 218.683779239655 222.213943799337 233.630994955699 248.269259929657 265.291452407837 284.107009569804 303.420643011729 315.804958343506 324.551065762838 327.660044034322 319.634000460307 318.272531032562 319.365779558818 320.755481719971 322.368899981181 325.002193450928 321.896493434906 318.339089552561 317.585984865824 311.145941416423 299.008011817932 288.400212923686 282.481710116069 280.152916908264 285.715480645498 285.76119740804 288.086533546448 291.942218939463 296.266833941142 297.330021858215 297.419190406799 298.918823401133 293.997605641683 298.952301343282 301.739414532979
204.124808311462 200.343688329061 213.679512341817 245.039999485016 241.291622320811 182.710607846578 171.712358792623 175.060411294301 182.942748069763 197.32262690862 207.374533017476 214.439392089844 220.500826835632 218.255480130514 232.611219088236 252.202212810516 269.241452217102 282.525658607483 299.206296602885 318.584601084391 324.58883523941 331.089754899343 333.348870277405 331.425766150157 326.813220977783 320.991555849711 317.336122194926 312.608083089193 313.943386077881 307.467023531596 289.728204409281 259.246567885081 236.745635668437 232.819477717082 239.936550458272 259.684284528096 266.974826653798 282.413125038147 292.841235796611 293.846925099691 290.953040122986 290.018240610758 284.135460853577 268.449723720551 289.472003777822 297.862470149994
246.751586596171 252.098361651103 253.763874371847 262.815018494924 262.44858900706 215.752224127452 196.455736955007 184.663514296214 181.558589140574 189.37361240387 206.00684483846 216.605762640635 225.471019744873 229.562799135844 238.268196582794 246.815303961436 259.272277355194 274.416923522949 288.174529870351 294.09525791804 303.401430447896 319.530268510183 327.090382575989 327.786008516947 324.904600779216 317.123254140218 303.670565287272 288.035273551941 283.674339453379 258.89778137207 229.00660832723 182.830274105072 157.615085442861 172.518452008565 200.280527273814 225.951313972473 245.080947875977 266.394257545471 278.369208176931 281.905929247538 285.354197025299 285.353759924571 262.597064177195 240.707317988078 268.665254116058 296.380678812663
270.955979824066 271.42854531606 264.492173989614 268.44596862793 268.000562985738 250.978767871857 219.216386477152 190.589984258016 175.931572914124 182.949523131053 204.211950302124 217.958052953084 230.782349904378 241.29843711853 244.437336921692 249.944885571798 258.163849512736 271.04651927948 278.74215443929 277.451078097026 280.580639839172 281.955977280935 287.793318430583 287.374079227448 288.008093833923 284.719109535217 272.123376528422 262.32914129893 238.276282946269 194.443146387736 167.199711004893 142.555107673009 109.105636676153 97.6431171099345 109.276314576467 144.139796495438 193.403025468191 220.30641635259 238.997439543406 248.507539431254 248.050431410472 234.348555405935 220.327218373617 254.013240337372 255.337556203206 287.02046473821
263.917287190755 264.943559964498 268.647452195485 270.446976025899 260.463913281759 252.579152584076 225.465436776479 207.389811674754 189.871271451314 183.79000822703 196.481784184774 212.154547373454 226.5545129776 239.634533723195 242.044965426127 246.98809782664 255.564153194427 267.389992872874 274.561087290446 268.054962158203 258.026242256165 248.968084653219 257.888277371724 265.882134437561 273.510615030924 268.557508786519 259.042938550313 245.960791905721 218.856076399485 162.287612756093 142.168680826823 138.721962769826 117.453475793203 80.4097255071004 71.715235710144 93.1716064612071 132.962564627329 170.565068721771 199.731687704722 213.355878988902 203.389843304952 181.147714455922 202.775657176971 273.473163445791 269.105970859528 287.622551123301
256.170094013214 260.687470436096 269.863764444987 268.589973449707 261.131167411804 252.798716227214 237.460335095723 232.558170954386 224.332332611084 209.569275379181 210.408846537272 227.269053459167 236.332019170125 250.975747903188 252.976755301158 250.362594922384 253.311455249786 259.180843830109 259.338597456614 264.444490273794 267.033696174622 260.563015937805 252.65234708786 253.88373931249 258.70805978775 260.969579219818 249.19201930364 239.414711793264 195.380548636119 170.813043912252 168.836196263631 184.327721595764 185.627122720083 146.523346503576 111.965994040171 104.282677173615 116.634339094162 140.387584765752 173.045933246613 194.327394167582 176.323135693868 168.128689130147 212.173581123352 266.857504844666 284.780780474345 297.450959682465
257.52580165863 260.508914788564 267.27173725764 268.284897009532 275.446355342865 266.039331754049 255.083700021108 250.667194525401 251.712044080098 245.477795600891 233.115633328756 246.474782625834 256.743093331655 267.36174027125 264.957745869954 256.028453509013 245.809157689412 255.179047584534 264.144837856293 275.377213954926 276.139299074809 271.980762481689 263.573030630747 256.576796372732 258.508702119191 258.942266305288 251.733740170797 241.286138693492 208.798329035441 202.953735987345 223.020672798157 247.594217459361 253.242631753286 258.280217647552 224.250753720601 144.119848807653 133.594691753387 142.091015974681 167.688727378845 182.663003603617 188.107947508494 218.870997428894 225.81668694814 246.999462445577 276.238222916921 287.796378135681
261.474410692851 258.020639419556 260.833382606506 266.56577984492 299.094676971436 280.404508113861 265.113015969594 254.586895306905 253.840625286102 261.562327543894 250.044325987498 251.360992590586 262.779593467712 265.471816062927 264.92832104365 260.44499874115 254.323502381643 261.045416196187 270.792047182719 276.457885901133 273.812353610992 267.172714074453 263.779918352763 264.713327089945 264.818509419759 262.162725130717 257.704794406891 252.991557121277 235.28383175532 234.765827655792 256.815234820048 271.249930063883 272.052129109701 285.690208276113 297.833224137624 221.212426821391 161.937763293584 147.636393706004 156.87894821167 181.228419144948 225.541591644287 278.35359176 242.349366346995 233.771701653798 259.719610214233 267.929017543793
259.806354840596 250.323454538981 253.899435202281 272.915999094645 313.682595888774 282.733599344889 257.806976636251 246.398289998372 252.10028886795 256.27346833547 249.898850917816 249.620795249939 259.128153324127 264.753858248393 266.170978546143 269.741912682851 266.006588935852 260.10541121165 267.999907334646 270.039598147074 269.119143486023 263.89600833257 262.975434462229 267.445286115011 268.974145253499 262.798051039378 263.485729694366 259.487569332123 246.617615222931 244.4988489151 266.237815221151 283.402721087138 283.78172715505 282.84227848053 299.670537312826 286.857704321543 192.477405071259 136.370311180751 125.723491112391 158.791601657867 234.571655591329 261.063396930695 229.334016640981 205.162048339844 225.852529207865 237.571100393931
253.674983978271 242.348313331604 249.824643135071 283.241848150889 312.099039554596 279.276847839355 248.342156410217 232.192238171895 226.697623729706 228.982170422872 230.189899603526 236.420770486196 250.602702299754 265.012661616008 268.4632341067 272.50878016154 273.414889971415 258.693297704061 262.116312980652 264.237026373545 263.10662428538 263.304233551025 266.793251037598 269.319574038188 272.01122045517 267.681479454041 269.744038581848 263.420840104421 251.500070095062 252.961119016012 272.78196811676 290.187875429789 286.075870196025 283.327202002207 293.109575907389 306.342244148254 276.424527168274 195.724209149679 150.751163562139 161.137104034424 200.146277745565 214.426795641581 217.828750610352 186.114072799683 193.318784236908 214.710036913554
243.218143781026 252.165118853251 282.095054785411 328.110158443451 326.840937137604 284.980992476145 248.865803082784 218.56160958608 208.267629146576 221.621116002401 214.882254600525 213.677306969961 242.658158143361 263.172805309296 269.370933373769 275.40385723114 275.060017903646 265.770792961121 264.790058135986 266.913096110026 265.936017036438 270.010312398275 271.629134813945 274.268468221029 274.791558583577 276.731431484222 278.175989786784 272.26189772288 261.540909608205 264.855047067006 279.686550299327 291.758020718892 288.417855898539 290.10550181071 295.436541239421 298.909505208333 313.147862752279 310.876568158468 239.101866881053 193.562209606171 179.592947165171 172.632853190104 189.224441846212 184.803624947866 188.871502876282 217.175543308258
262.003203233083 290.777087211609 315.764705340068 324.726998806 346.730311711629 321.132719516754 281.595508257548 241.367737452189 228.575030962626 241.444706916809 233.904600143433 218.522051970164 231.50912920634 259.707609812419 273.723502953847 278.42648824056 278.902729352315 276.494781176249 270.181914170583 270.25028069814 270.85409561793 276.329795519511 276.611109574636 275.523702303569 277.518490950267 285.090883572896 285.839716593424 286.607543627421 279.805819193522 278.93586953481 285.767018795013 290.940324465434 292.879164218903 298.537294069926 301.217456658681 290.931264559428 297.419130802155 327.28652159373 311.010261376699 243.598322073619 194.490253925323 173.071026802063 174.326201279958 188.227693239848 208.345750967662 237.558623154958
300.070405006409 314.324120680491 310.366412003835 303.936898708344 320.995012919108 335.520029067993 323.904156684875 294.271906216939 268.670280774434 268.123507499695 270.331263542175 247.532804807027 233.224292596181 256.173710028331 279.072066148122 281.250576178233 276.352246602376 280.229151248932 273.194054762522 269.947628180186 276.56481663386 276.821454366048 273.419578870138 274.109880129496 276.295602321625 286.557555198669 291.612148284912 294.781625270844 287.21958398819 284.779489040375 293.343901634216 298.094173272451 295.499682426453 296.526491641998 300.802826881409 289.916396141052 289.777398109436 304.340104262034 297.637522220612 264.801462491353 231.902241706848 197.656412919362 180.296460787455 182.717978954315 205.027004082998 238.689581553141
301.407436529795 298.687398433685 292.79766480128 282.721082369487 284.035940965017 302.719950675964 318.053781986237 308.724522590637 293.714006741842 290.144224961599 291.548609733582 274.398545424143 259.528477986654 265.51894346873 277.30252345403 279.288013776143 278.322259585063 281.644443670909 270.652135213216 274.784127871195 271.469493707021 272.976875305176 271.8825340271 269.277373949687 274.716953436534 283.492664496104 289.763549963633 291.281978289286 287.503600120544 289.476752281189 298.119028409322 296.840230623881 285.428563753764 282.469630241394 285.833160082499 269.783139228821 267.626980940501 264.770944913228 250.623027483622 247.291485468547 258.027056852977 228.848795096079 202.569623788198 189.335942268372 190.250396728516 217.320998509725
298.391719659169 290.863196055094 296.632409095764 283.958653608958 276.856938997904 287.435253461202 310.166478157043 326.28075281779 315.32500187556 299.336810906728 291.940311590831 288.257638613383 289.027015368144 282.503346602122 282.397309939067 282.975236574809 280.243595441182 276.333868503571 274.849454561869 277.914722760518 273.561537265778 271.179775396983 271.686931451162 270.608524481456 274.404088656108 279.885292053223 284.949362277985 283.824721972148 284.590522448222 291.568656762441 297.215561072032 287.984808286031 273.052950700124 275.908350944519 273.248314857483 256.109734376272 257.759789625804 257.171750068665 258.334040641785 269.669632116954 271.609266599019 265.085180600484 239.240745703379 223.619182904561 204.944471518199 197.589973608653
315.387308597565 311.568419138591 319.767038027445 315.17231464386 305.98662296931 308.988054593404 323.262314001719 340.711832046509 329.229931036631 304.133733113607 290.486454963684 294.2715883255 304.79774872462 295.81610361735 288.385073343913 288.856665293376 283.577601114909 278.305093447367 280.248741308848 278.512040774028 278.304795424143 273.907085259755 275.429129600525 276.851236820221 275.425632794698 279.409567515055 278.51931254069 277.642250061035 281.469603379567 291.415313879649 293.529391288757 285.652895768483 274.920622507731 275.703648726145 265.466709931691 260.132213433584 265.525321165721 267.548441886902 276.565829912821 293.903450171153 260.201613108317 249.504963556925 238.700310389201 230.663895606995 215.198397636414 193.258583545685
332.923471927643 331.17930094401 333.921869595846 335.164586702983 326.809624830882 320.970336596171 326.262752215068 339.664975802104 332.652827103933 303.429345289866 291.604578495026 299.76087808609 306.538065274556 295.071661472321 286.90630197525 291.085819403331 294.719219207764 283.814708391825 286.777079105377 287.541031837463 285.243411858877 281.174759070079 280.245085557302 279.934147993724 278.013070424398 276.730219523112 280.040999253591 283.176143964132 286.587874094645 292.305688063304 294.094343980153 287.501811981201 277.43536233902 273.184816042582 262.108405431112 266.565601030986 272.058387597402 273.123383522034 275.854269663493 286.226709683736 244.486590226491 206.575493017832 193.000356356303 185.480038324992 186.188757419586 182.958086331685
339.469909667969 339.226166407267 337.985515594482 338.073213895162 332.053701082865 326.07646783193 325.302441914876 331.456502278646 334.24433072408 312.586585680644 305.375158786774 303.36856842041 301.861981550852 292.777339617411 286.76567475001 291.045089562734 298.953632513682 293.939590454102 291.295746962229 290.547490119934 290.694117546082 286.204934120178 281.952063242594 283.182243506114 283.026317755381 280.333956082662 281.092445055644 288.115282853444 290.067613124847 291.559020678202 295.204281806946 289.200981458028 280.27880191803 265.377342700958 255.211492379506 271.543065706889 280.74832757314 279.501001040141 270.960927009583 278.542399406433 243.528266747793 175.761143366496 147.393047809601 135.673105716705 139.957845211029 147.282073895137
334.661364555359 338.077664375305 340.022206306458 339.372873306274 336.881518363953 335.217674573263 332.201957702637 330.163757006327 331.991453965505 322.209139664968 320.285379886627 315.25727113088 301.563998063405 299.654543399811 295.179426670074 289.309978485107 297.312160332998 296.692113081614 290.609101454417 290.163040161133 289.840598901113 286.306897799174 283.086717128754 284.409801165263 286.284804344177 288.341085116069 284.439146518707 287.514964739482 289.547959963481 290.36670923233 292.663156986237 291.602810223897 276.082416375478 253.065307935079 260.927557945251 284.645617008209 287.785053253174 282.604257265727 266.937673091888 271.242360273997 277.469317118327 218.935112158457 161.759873231252 135.989507039388 129.835804303487 130.700329939524
318.613111972809 323.026597499847 322.787980238597 327.562749385834 334.971706072489 341.105222702026 344.080686569214 344.0975745519 342.005133628845 337.270021438599 327.263196309408 309.566597143809 303.30749352773 302.68128712972 297.540346781413 291.225473086039 295.284867286682 295.823216438293 289.223293463389 288.47990433375 290.824095408122 292.778650919596 290.398399035136 285.763164361318 285.90202331543 287.025769551595 290.529310703278 289.888103802999 291.684250036875 291.331251462301 291.466613610586 290.107568105062 270.15362183253 254.333774248759 278.709510962168 294.1548426946 289.713641007741 284.622470537821 272.447486718496 271.508117516836 301.068822542826 310.174842675527 248.29888343811 193.57701142629 156.622469425201 132.965823014577
