input/barkrak2/radiation/dir19224.grid
NCOLS 85 
NROWS 70 
XLLCORNER 665100 
YLLCORNER 4664600 
CELLSIZE 20 
NODATA_value -9999 
[rows 20 to 39 of 70, columns 0 to 45 of 85]
201.420525709788 193.968911965688 210.179686546326 250.890533129374 244.433244069417 198.499242464701 184.17630592982 188.334623972575 201.142847537994 223.586797714233 236.558318138123 242.800871531169 252.479096253713 264.35116926829 280.922094980876 302.609165509542 328.098098436991 331.397255261739 336.285511652629 342.143058776855 344.335913658142 338.560899098714 337.601065635681 339.164773623149 339.228868484497 340.436855951945 342.273434003194 339.038133621216 334.497173627218 333.792765935262 328.113873799642 317.924241224925 309.729099273682 306.010822455088 304.5973777771 309.616525967916 309.832314650218 312.095602353414 316.587189833323 319.243848323822 320.139726003011 320.159951845805 322.186907132467 317.03386704127 321.235338846842 323.258439699809
227.097551027934 227.085848649343 245.650410652161 275.909165541331 271.692534287771 212.765117486318 194.505075613658 196.527580420176 203.819553057353 217.661579449972 227.494597434998 237.993975480398 246.177573998769 250.932097434998 265.549659729004 284.58176056544 302.80335744222 326.555609703064 331.767996152242 339.551011721293 342.320481936137 346.567710240682 347.901145617167 347.231864929199 343.344171841939 339.342594146729 336.614330609639 333.164056142171 332.392593224843 325.661381085714 309.150596459707 281.811912854513 262.563427289327 261.233150959015 268.959482510885 287.231087684631 294.489185015361 307.508369286855 316.607733567556 317.468921343486 315.81312417984 313.876370588938 308.655858039856 295.943637688955 313.090125719706 321.413079897563
266.159097353617 274.261752764384 282.574594020844 292.739590009054 292.887270450592 245.403071244558 217.772404352824 202.534377574921 198.702414830526 209.09970998764 229.122261206309 237.427989641825 251.237829526265 254.803538322449 265.266140302022 275.198260943095 291.591207186381 307.171086470286 324.369589487712 327.606618404388 329.227606455485 338.962038358053 344.031731287638 344.005346298218 340.842008590698 339.016954104106 335.837364196777 329.620937506358 316.789944966634 300.836463769277 258.461515108744 208.06473493576 187.528530756632 205.069462458293 233.182231585185 257.577935854594 274.253269036611 293.655335903168 305.29248714447 307.162086168925 310.135106245677 310.641765594482 288.997769355774 269.770979881287 295.774141947428 318.895757198334
285.425384839376 288.6563539505 290.063758691152 297.370851039886 297.221342722575 279.593626658122 240.339815616608 211.735268433889 196.476896603902 200.914740562439 225.806891918182 237.930297851562 254.309395949046 267.003695170085 270.906488100688 276.520987351735 287.776211897532 298.714439074198 308.955729007721 313.013990720113 314.756274223328 317.165911197662 327.920337518056 334.107438723246 331.451217333476 319.296558698018 308.481276035309 294.992506504059 268.700440724691 224.928736686707 186.217923959096 163.97355000178 135.861347119013 135.129908720652 147.645612557729 183.584451675415 225.969910621643 252.545456091563 268.630862236023 278.421819210052 276.763498783112 263.599892457326 249.442895253499 282.214224338531 278.934419155121 312.861859798431
277.480820814768 279.650429884593 289.84143336614 298.827211062113 290.40253162384 280.007839202881 250.323871771495 227.058053016663 207.675099372864 200.813968976339 215.394755204519 234.338164329529 247.920274734497 263.953367869059 270.204126834869 273.526628812154 282.147626082102 296.499888102214 303.459127744039 303.387602170308 308.673957983653 309.325893719991 305.272479852041 299.353122711182 294.0567334493 290.876766045888 283.921400705973 272.518257300059 239.074349403381 181.021511554718 160.523235797882 158.980667591095 140.878806511561 117.219477891922 108.945061763128 123.726139465968 168.084184328715 206.766744454702 231.877525647481 245.963215827942 235.085844993591 213.441054026286 234.660526116689 299.126088619232 292.250096797943 314.337054888407
271.886547406514 275.929609934489 288.30095132192 295.548021793365 291.952729225159 280.248006184896 259.326199690501 252.042333285014 242.099324862162 227.088888486226 226.956387360891 245.520651340485 259.863217671712 272.437771161397 276.986181735992 278.142730394999 279.850840568542 294.79843378067 299.143413702647 305.726627508799 310.018380482992 296.62279287974 284.314831097921 285.858670870463 286.487480004628 284.440557161967 272.770782311757 259.603997071584 216.816703478495 188.337127367655 186.997453371684 203.620036443075 207.738677660624 181.47204319636 146.632055441538 128.906071186066 146.815399328868 175.493518511454 211.024840672811 229.456226030986 210.529804229736 201.479931672414 242.856681346893 284.263491630554 303.901731967926 324.182291825612
273.78918727239 275.888323783875 284.211158752441 292.474846045176 304.216901461283 290.695468584696 274.755279223124 263.62419128418 262.2230052948 256.555656592051 247.560600439707 264.680445194244 274.135073026021 288.908322652181 287.405073642731 285.034080346425 284.227947394053 295.807878176371 296.849767367045 303.077439467112 302.639047304789 297.268112500509 289.769212404887 286.68479124705 285.768032073975 283.721089363098 271.618247032166 259.919106960297 223.723550637563 217.780113220215 239.42228158315 262.841105461121 267.202436923981 278.567790985107 256.403644879659 173.583646615346 159.913063049316 171.349962552389 196.46410147349 227.417270342509 219.85665957133 251.657843589783 248.364130655924 262.690663337708 294.5902744929 310.389260450999
277.94208129247 274.245858192444 277.450819810232 288.749953111013 325.404127438863 300.392905871073 279.86482779185 263.456622759501 264.142553011576 271.408120791117 266.166090965271 269.222736358643 281.732618808746 292.139271895091 292.335569858551 292.790571848551 292.34786828359 290.56441783905 295.812507470449 302.472531795502 299.472749233246 291.595419247945 288.620670636495 289.039452870687 293.046752611796 288.796305656433 280.620733896891 269.828756650289 246.762077013652 245.097676912944 269.175310929616 283.742368221283 282.398064931234 296.20619614919 320.731282234192 253.706256548564 190.031329790751 175.439874331156 188.984056313833 227.701445420583 257.682641347249 302.985787391663 259.985089302063 250.876943270365 281.285504500071 294.104158878326
275.255997975667 267.18415816625 271.135489145915 295.190493265788 336.996912956238 298.941651980082 270.717680454254 257.983307043711 263.046065966288 270.406524340312 268.08633406957 266.577839851379 280.580937862396 291.732589403788 294.668932755788 295.870264371236 290.426035722097 284.219264984131 291.545589764913 295.335670312246 292.661090691884 288.02897532781 288.221458594004 293.649792671204 294.494092464447 291.960716247559 287.827710310618 279.127339522044 257.727940877279 252.677718798319 275.442282358805 293.446918328603 292.347470919291 290.67987203598 311.810771624247 314.136187235514 224.870522816976 166.480680306753 157.578517993291 199.418187141418 266.73964659373 285.36585966746 251.25656525294 229.511459668477 254.661023616791 266.721844673157
267.976542313894 259.434640407562 267.952481905619 305.562595526377 333.971261978149 296.73312107722 263.641476631165 246.150533358256 243.699093659719 250.391761461894 249.414304892222 254.912197589874 275.939047336578 292.014956474304 293.007691701253 297.42564757665 294.987718264262 284.143706162771 286.809007326762 287.124892075857 286.050538221995 289.4619901975 288.860162099202 294.095933437347 297.849774360657 293.071707089742 296.110093593597 284.860710302989 264.670749505361 261.524756749471 280.560115973155 298.514306545258 293.876270453135 290.463487307231 299.622317155202 318.855245908101 304.224928220113 230.225563049316 182.280441125234 191.792547702789 227.52312819163 241.278151671092 241.146286328634 214.076737562815 226.456205050151 250.269969304403
256.316423416138 266.353448232015 295.83470026652 341.588775316874 343.081672986348 301.84551080068 265.082200368245 236.528992652893 231.003304322561 241.765717665354 234.56339041392 235.892991224925 269.731303056081 289.24681742986 295.794447263082 299.920499324799 300.039172172546 290.09735584259 287.488083044688 289.80964422226 289.061963558197 294.049700101217 295.013546943665 295.926133791606 297.681391239166 301.456332206726 301.302492618561 294.419666131337 277.022421360016 273.915648460388 286.3649725914 298.828601837158 296.346922715505 295.997738838196 299.785872300466 302.470584710439 324.77613290151 334.313829739888 269.472718238831 222.774028778076 210.614860057831 200.172980626424 218.740959962209 216.403961181641 222.394069035848 252.117514610291
274.871349334717 300.483763217926 319.334983825684 324.743012587229 352.360288302104 334.039767583211 297.826727231344 261.167645454407 245.752354462941 260.939220587413 255.063951015472 235.792418320974 255.656898021698 284.395813941956 296.539028485616 301.128606001536 300.258676211039 296.671748161316 292.823314666748 293.278018633525 293.705423672994 298.480192820231 299.65607325236 298.830926418304 298.943797747294 307.505091031392 308.554867903392 307.725052038829 294.545551141103 289.181351661682 293.04834206899 296.903928120931 298.604110876719 303.035954634349 305.677135785421 294.137199719747 302.387595176697 339.241623878479 335.170189539591 275.033851464589 226.789792378743 201.698422431946 203.109562397003 220.914602279663 242.531339327494 270.653506120046
305.839737256368 314.822236696879 304.842352867126 297.321359316508 315.844476222992 336.886088053385 330.912848313649 304.06246582667 279.436071713765 283.460080623627 285.019139448802 261.12820704778 254.298210144043 279.629488786062 296.433488527934 300.079305966695 299.901008605957 305.149932702382 294.501980145772 293.306390444438 299.155334631602 298.862556616465 302.265425523122 299.513141314189 302.267293135325 308.806419372559 312.467356522878 315.270483493805 304.292639096578 295.883536338806 302.439590295156 305.576423803965 301.511665185293 303.632259368896 307.839035987854 297.731359799703 297.029177347819 316.266477108002 319.84531879425 294.953922430674 265.584409236908 226.086258888245 206.398725509644 213.341255982717 234.729985396067 265.763541062673
297.198077042898 290.028313795726 282.849311828613 271.846234798431 272.392153739929 292.923867702484 313.691655794779 311.494727929433 300.049523512522 302.739719549815 301.790177822113 286.332766215007 278.721690177917 285.784045855204 298.750340938568 301.423648993174 297.563970088959 300.876200199127 293.788532416026 296.389003594716 298.303802808126 299.704670906067 298.082927862803 295.292417208354 301.163991292318 305.349787076314 312.17231353124 313.097218672435 306.274354457855 302.848120530446 307.815770308177 305.710891882579 295.399188995361 294.411381085714 297.729909420013 283.373316129049 280.631800492605 281.081835428874 274.629751841227 279.102285703023 288.166681925456 255.820473035177 230.285803476969 218.386133511861 219.840586185455 242.91205406189
290.457447369893 280.043601989746 286.293884118398 272.179504235586 264.228781064351 275.825540224711 301.894466082255 325.910568237305 321.381827195485 310.325344403585 299.284180005391 297.864476839701 303.886155287425 303.105632464091 305.755237738291 301.619748274485 301.770408948263 299.723247687022 298.252006371816 302.600900332133 300.459345181783 298.335750897725 296.698451042175 296.737094720205 298.148731390635 302.622596422831 307.360549767812 305.452466011047 304.365853468577 307.528932889303 308.646043141683 298.798084259033 283.572991689046 288.481195767721 287.473460038503 271.060506502787 271.939853827159 271.982669830322 278.547485669454 299.669702847799 300.086081027985 288.296024004618 266.915678977966 250.706632932027 229.932169119517 223.044435183207
310.367941856384 305.12136220932 314.546465873718 309.514005978902 299.451569716136 303.953588008881 320.461869239807 342.356443405151 336.293617884318 313.326100508372 298.621555169423 306.649486223857 319.647034009298 314.862688382467 310.455858707428 310.527324676514 307.695984840393 302.724003791809 306.563119093577 303.395330905914 302.240173021952 298.212150732676 300.3142674764 301.201621691386 299.925804138184 301.287929217021 301.910817623138 300.320982933044 302.325526873271 310.149888197581 307.971318562826 297.671099503835 285.179138183594 285.897632439931 278.562863667806 274.088283379873 279.219090938568 279.837926228841 291.368325551351 320.042133331299 288.049340248108 275.163610776265 265.317499637604 259.005029996236 242.150823275248 218.047579129537
335.034171740214 332.321266333262 334.390878677368 336.910327275594 328.104237715403 321.798761685689 326.486965020498 340.936064720154 337.9065990448 310.741623242696 302.177468935649 313.601871331533 323.968768119812 319.190124670664 311.209877332052 315.589845180511 317.829251289368 310.264786084493 309.580226739248 311.388651529948 309.610903263092 305.137157440186 303.972363471985 304.140567779541 302.414993445079 300.153036912282 300.824920336405 304.004549980164 305.426180362701 311.549464861552 308.934807777405 299.696664015452 287.761569023132 282.038489977519 273.892601331075 278.920292854309 285.113334655762 284.527242183685 287.514090538025 309.071063995361 277.813851833344 237.316310405731 224.215626716614 218.386173248291 215.577642122904 209.81236298879
347.442547480265 344.467878341675 340.473333994548 341.306964556376 335.550228754679 327.603181203206 324.474930763245 329.962511857351 336.519161860148 317.086378733317 315.983653068542 324.45760567983 323.099652926127 316.473642985026 313.141504923503 316.847801208496 323.095997174581 316.285888353984 314.376930395762 315.521041552226 314.762492974599 309.01708205541 305.712501207987 304.793934027354 305.332283178965 301.572442054749 302.645623683929 306.200464566549 307.411094506582 310.01615524292 311.105291048686 302.653630574544 290.625989437103 275.455216566722 266.96389913559 282.410899798075 292.066057523092 290.201505025228 280.307352542877 295.102636019389 278.63222360611 211.088279883067 182.342012723287 168.17178328832 168.48627726237 175.866325696309
349.407235781352 351.779898007711 350.854118665059 348.722219467163 345.130284627279 339.775562286377 333.103974660238 328.546086947123 331.039309501648 327.787597974141 335.38285891215 334.134221076965 324.504633744558 326.315522193909 319.580654303233 313.866357008616 322.002530097961 322.114566961924 316.337426503499 314.351459344228 313.775539398193 309.678395589193 306.988020737966 304.04011408488 306.204199790955 305.741508801778 304.375171661377 306.598385175069 307.075540224711 308.104296525319 310.079038143158 305.247942606608 285.955230394999 264.143963654836 272.587736447652 294.547339280446 297.22003142039 291.711231072744 274.988015492757 280.593713124593 302.046179771423 256.150444348653 198.774973551432 169.116119543711 158.664464950562 155.353754758835
339.590748151143 342.58766969045 342.894832293193 345.889488855998 350.699464480082 353.660265604655 353.606621424357 350.76371828715 348.919153213501 349.857687950134 345.567266146342 334.442019462585 328.942815462748 323.875268300374 322.831412156423 318.691293398539 320.67749897639 320.479611555735 313.176274299622 312.768737475077 313.637793064117 314.675688743591 310.245394706726 305.923978487651 304.1686018308 305.32709757487 308.213174343109 308.404723803202 310.129841168721 310.348510742188 308.904647827148 306.435366471608 281.782190004985 264.855901400248 287.24745909373 301.992475986481 297.870357831319 292.80032714208 279.88866964976 275.509138902028 310.076514879862 334.376573562622 282.20013777415 229.038834571838 185.428261756897 157.630840937297
