input/barkrak2/radiation/dir12924.grid
NCOLS 85 
NROWS 70 
XLLCORNER 665100 
YLLCORNER 4664600 
CELLSIZE 20 
NODATA_value -9999 
[rows 20 to 39 of 70, columns 0 to 45 of 85]
167.028268178304 157.522122065226 171.702980995178 209.876418113708 204.809129238129 165.454149246216 153.63351504008 161.189417044322 174.004356066386 193.654855092367 207.961777846018 210.906346638997 217.324376106262 224.726001421611 237.601558367411 258.278985818227 275.179902712504 287.387410799662 308.899760246277 319.371700286865 321.938892205556 313.363174597422 311.880469322205 313.947896162669 315.419773260752 316.212594509125 319.077432155609 316.871225833893 313.380440076192 312.548955281576 305.755575497945 293.210089206696 282.021562258403 275.659660498301 273.171106974284 278.887550036112 278.915027777354 280.622641245524 285.385986169179 289.913654327393 290.996650854747 290.09481271108 292.701443036397 286.544541517893 291.595180829366 294.548312822978
197.588324546814 192.951798439026 204.73837852478 236.115078131358 232.087870438894 175.917108853658 166.30016764005 171.025613943736 179.272214571635 190.028230349223 199.319422245026 207.947591940562 212.299843629201 212.986429532369 227.222144603729 243.708809216817 259.07035668691 275.612413883209 290.447354316711 309.124906857808 318.546891212463 325.666844844818 328.160881996155 326.944986979167 321.908255418142 314.81413046519 310.925205548604 307.014564673106 308.736582597097 300.723453362783 283.694386482239 252.638975779215 229.431172211965 224.701066811879 231.422543525696 251.420716444651 259.574075539907 275.450487931569 286.248008410136 286.289473374685 284.365077813466 282.425204912821 276.458779970805 261.298596858978 281.719485918681 291.795253753662
240.954120953878 245.620449384054 245.600978533427 254.624128341675 254.434148470561 206.748068332672 189.369698365529 178.305308024089 175.351758797963 182.232896486918 200.262685616811 208.691418170929 219.051003456116 221.055467923482 227.989216645559 239.713092645009 252.945999304454 266.282041867574 278.839111328125 287.654558817546 295.11304696401 310.414691766103 321.274439493815 319.842537244161 314.378996690114 302.801072597504 292.848646640778 274.402519067128 268.799304962158 249.797145525614 217.045903205872 175.290107727051 150.181422630946 163.465638955434 191.693484783173 217.72168080012 237.167020638784 257.943908373515 271.365861097972 273.953497409821 277.559220790863 278.545538584391 255.180716514587 231.856385866801 262.235840161641 288.85688384374
266.358733177185 266.124626000722 257.159650325775 259.996473789215 259.264727433523 243.967413902283 214.11273876826 186.344027519226 172.04874753952 176.679710547129 197.409709294637 211.805860201518 224.663436412811 234.48121547699 234.180212020874 239.720900853475 251.000066598256 260.846892992655 272.589266300201 267.682492733002 268.487453460693 266.76873366038 270.550787448883 277.247746785482 282.196462154388 280.125816663106 267.465054988861 252.760092417399 233.401576677958 189.33641910553 161.930511395137 137.032856543859 102.571954329809 87.7005060513814 98.8577504952749 134.517639875412 181.949158509572 212.246795495351 229.963401953379 240.787704785665 240.281661351522 225.776791572571 212.13710308075 245.283623536428 247.127731641134 278.268496195475
259.555021921794 260.275880495707 262.365758419037 262.406905492147 252.293745676676 244.075000286102 219.838678836823 200.62530040741 183.511555194855 180.148045221965 192.522466182709 207.068641980489 219.760795434316 231.24231894811 235.03053188324 236.833194891612 247.118492921193 255.360047022502 263.64270846049 251.090447107951 247.850934664408 239.576280117035 247.716665267944 256.792763868968 263.400495052338 263.358592987061 251.667737960815 238.653222719828 203.284939130147 157.008826732635 136.78369919459 133.231153090795 110.693405071894 70.3713893890381 62.9974653323491 81.6138486067454 123.444279034932 160.525957743327 190.056343873342 205.000917116801 194.237470626831 172.059814135234 193.512936433156 267.463465531667 264.257172743479 282.021303971608
251.277645428975 255.903780460358 264.256397883097 260.90927918752 252.896686395009 245.606303215027 230.225523312887 228.430469830831 220.837473869324 206.304907798767 204.073528448741 220.762888590495 231.844822565715 242.790957291921 246.528108914693 245.06954352061 239.651719729106 244.590163230896 250.659386316935 258.00351301829 260.299384593964 252.438724040985 247.934540112813 246.624906857808 248.293479283651 250.218570232391 243.674159049988 234.073678652445 190.675854682922 166.013767321905 163.557817538579 178.727467854818 179.35566107432 137.170096238454 103.285958369573 99.0438958009084 109.730104605357 133.006016413371 163.659552733103 181.81445201238 166.596074899038 158.744921286901 202.689667542775 260.109682877858 277.955810228984 291.108667850494
252.49437491099 255.695243676504 262.039204438527 261.274139086405 266.903301080068 258.236308892568 250.637332598368 245.47133843104 247.039039929708 240.571657816569 227.340857187907 242.970585823059 249.483446280162 259.52535867691 258.80366563797 244.187315305074 238.939086596171 250.561614831289 254.019061724345 267.464995384216 268.232882022858 266.505618890127 256.310164928436 248.932441075643 249.150156974792 249.46794907252 243.022998174032 236.096302668254 204.077978928884 198.406875133514 218.026916186015 242.837409178416 248.790542284648 252.246956030528 215.700030326843 135.569830735525 125.483115514119 133.337656656901 155.996878941854 169.024248917898 179.460048675537 210.407197475433 221.299370129903 241.499324639638 270.457903544108 280.148247877757
256.414294242859 252.994815508525 255.700747172038 260.049243768056 291.828036308289 273.682812849681 261.922796567281 250.409960746765 251.889864603678 257.025043169657 246.955732504527 247.456113497416 254.497170448303 257.384836673737 258.427202701569 254.123349984487 249.637067317963 254.427711168925 264.610807100932 270.374417304993 268.030424912771 259.093423684438 256.072481473287 256.760120391846 257.138013839722 256.300965944926 249.975005785624 245.818396409353 231.570144494375 231.276790301005 252.772768338521 267.124911149343 268.38223139445 282.071491082509 291.061500708262 213.213483492533 153.467943271001 138.613680998484 147.074162960052 170.881112416585 215.848505496979 270.238141218821 236.246307690938 226.484914620717 250.190317630768 259.694774945577
254.972139994303 245.153188705444 248.630821704865 266.362766424815 307.281116644541 276.885032653809 255.174040794373 244.238058725993 247.412820657094 250.895698865255 246.311863263448 243.499835332235 250.65004825592 256.888767083486 259.702364603678 261.688927809397 257.96115398407 252.017100652059 263.646562894185 265.616337458293 262.87055015564 255.690058072408 255.157848199209 261.174360911051 262.740890185038 256.366233030955 256.384134292603 253.339906533559 242.949684460958 241.557240486145 262.989898522695 279.895504315694 280.501902103424 279.936591784159 295.591950416565 279.317657152812 182.720939318339 127.618332703908 116.630256175995 149.993101755778 225.138604640961 253.429512182871 222.893257935842 196.922481060028 218.62804889679 230.548580487569
248.43951066335 237.148662408193 244.339982668559 276.655614376068 305.131018161774 275.14111995697 245.156645774841 226.644198099772 219.795743624369 223.575254281362 223.349014918009 229.911128679911 243.321776390076 257.134219010671 262.046694755554 266.145805517832 263.521214326223 252.682487169902 255.79422712326 255.996584892273 258.245786031087 258.638401826223 258.623878161112 263.035158316294 265.657246112823 259.698510169983 264.891823132833 256.634672482808 247.221012910207 249.893883864085 269.883374373118 287.34036286672 283.303836981456 280.604581038157 290.516177813212 302.181720733643 268.266161282857 187.180459499359 143.616497516632 154.212842384974 189.582208792369 206.295808156331 210.47842502594 177.672187487284 185.340682665507 207.066138585409
239.016572634379 247.657239437103 277.643084526062 323.668479919434 321.264863014221 280.950427055359 242.998540401459 214.270909627279 203.470190366109 213.462074597677 210.244317849477 206.486582756042 235.017935434977 255.447347958883 265.156904856364 269.1330909729 270.687143007914 259.64097181956 259.98858610789 260.43959458669 257.693469524384 263.413369655609 265.447775522868 266.304055849711 268.422643343608 270.475804805756 269.540588061015 266.36791229248 257.442096869151 261.603315671285 277.057766914368 289.277036984762 285.662810007731 287.693401177724 293.525338172913 297.003785769145 309.194763501485 303.624212741852 231.643935044607 184.557298819224 168.777386347453 164.118339618047 181.309143702189 175.051828225454 178.213238716125 206.797043482463
257.829666137695 287.340005238851 313.896020253499 323.797543843587 344.181140263875 317.710439364115 275.747458140055 237.004379431407 222.403069337209 235.058506329854 229.292750358582 212.200780709585 224.970539410909 250.889579455058 267.876903216044 272.643466790517 271.008213361104 268.540660540263 262.027184168498 263.570408026377 265.887578328451 268.311560153961 268.657624721527 269.092659155528 269.853115081787 276.825149854024 277.762353420258 278.970758120219 274.070163567861 275.428831577301 282.908082008362 288.389404614766 290.545105934143 296.424647172292 300.037542978923 289.439161618551 295.207877953847 323.241968949636 303.691287835439 234.504858652751 185.162345568339 165.331939856211 166.958828767141 179.211874802907 199.896991252899 228.425701459249
297.562162081401 313.276966412862 310.934484004974 304.801881313324 321.463465690613 334.590435028076 321.661671002706 290.040850639343 264.043351014455 264.596839745839 264.735062917074 242.037892341614 229.564865430196 252.05530722936 273.079554239909 276.854356129964 271.77498737971 275.685211022695 266.634662946065 261.906405289968 266.816675662994 268.281817436218 268.674472967784 267.858783404032 268.531600634257 279.357075691223 284.765303134918 287.178417046865 282.122651735942 280.908624331156 289.94745016098 295.583923657735 292.458534240723 293.925881385803 297.764082749685 286.715924739838 286.994020144145 300.32338698705 291.050434112549 255.588273207347 222.519020239512 189.849257469177 173.095464706421 175.017058849335 199.885586897532 233.487645785014
301.519433657328 300.122578938802 294.757088025411 284.631133079529 286.324123541514 304.491142431895 318.019906679789 308.011492093404 290.326118469238 287.143925825755 287.005146344503 272.102932135264 253.551840782166 258.392691612244 272.848566373189 273.243844509125 271.742820739746 273.6909588178 267.136514186859 265.110890070597 266.442835330963 266.137957572937 263.782501220703 264.285484949748 268.254955609639 276.035209496816 284.25931930542 285.963853200277 282.620112101237 285.727560520172 294.291019439697 293.245732784271 282.135049502055 278.318564097087 282.066226005554 265.318075815837 263.388693332672 259.704967339834 243.701656659444 238.391876220703 247.849524021149 221.247355143229 195.469975471497 181.997140248617 185.538490613302 210.054318110148
299.623290697734 292.912224928538 298.552095890045 286.281625429789 279.42677338918 289.717157681783 311.510403951009 325.951993465424 312.11386124293 296.849469343821 288.182536760966 284.057776133219 283.367534478505 278.425653775533 277.622441450755 276.675800482432 272.114117940267 267.973701159159 266.686081886292 271.18702729543 267.817974090576 264.207283655802 264.837781588237 264.292418956757 266.474922498067 272.204399108887 279.261151949565 278.131902217865 279.269953568776 287.187774976095 292.547702789307 283.975124359131 269.520858923594 271.874944368998 268.889327843984 251.417915026347 253.239830334981 252.51309076945 252.313097318014 261.162837346395 261.966009934743 258.283178011576 232.531110445658 216.579755147298 197.868446509043 193.344970544179
315.809766451518 312.391002972921 320.258100827535 315.609335899353 306.771437327067 309.421539306641 323.085268338521 339.178125063578 325.875480969747 302.031775315603 286.906977494558 291.828274726868 299.836575984955 287.937104701996 280.301292737325 282.533546288808 276.958525180817 270.176192124685 274.567981561025 273.362517356873 272.064487139384 266.826987266541 268.544256687164 270.086387793223 268.594205379486 271.686712900798 273.878534634908 271.694600582123 275.840242703756 286.605954170227 288.769980271657 281.294882297516 271.213332811991 272.253553072612 261.118829250336 255.679786205292 261.152148246765 263.496259848277 271.853725115458 286.111096541087 250.566144784292 242.640892664591 231.680035591125 223.267296950022 207.613190015157 188.312987486521
331.407328446706 329.922954241435 332.822759946187 333.509643872579 325.399518013 319.822192192078 325.274427731832 338.351964950562 329.826871554057 300.170540809631 289.98343149821 293.006638685862 298.166116078695 287.565588951111 280.225276947021 283.319850762685 287.062048912048 277.848621209462 278.895099957784 282.311181227366 279.25697962443 273.273626963298 273.269931475321 275.934477647146 272.025426228841 269.997338453929 273.717204729716 277.216235796611 279.720366001129 287.339468797048 289.803345998128 283.655265967051 273.994247118632 269.906481107076 258.21195046107 262.495239575704 267.873505751292 269.405086835225 271.9433705012 279.504140218099 235.519289970398 196.557660897573 184.367140134176 178.930918375651 179.881453514099 177.07622051239
336.531162261963 336.840073267619 336.528221766154 335.993846257528 330.127775669098 324.742158253988 324.589451154073 330.929815769196 333.226462205251 309.720198313395 301.350176334381 297.80105749766 294.590830802917 287.296295166016 278.821905454 283.212661743164 293.447693188985 284.700393676758 283.563256263733 285.359422365824 284.818430741628 279.173572858175 275.715251763662 276.273508866628 277.037342389425 276.148676872253 277.746319770813 280.999064445496 283.196290334066 286.362111568451 289.507289727529 285.355846087138 276.908934116364 261.335412661235 251.325309276581 267.857273419698 277.050654093424 276.114364465078 267.546812693278 273.393432299296 234.200835227966 166.712164878845 138.798266649246 127.582480510076 131.736685832342 141.92075530688
329.520761966705 334.447264671326 336.725155512492 335.674405097961 333.775917689006 333.072821299235 331.028401851654 329.666237036387 330.582499504089 319.704592227936 315.853814284007 307.14358886083 296.049336592356 293.054620424906 287.459850311279 281.239628791809 290.541927019755 291.293720404307 285.655935605367 284.213801225026 284.462710221608 280.904034773509 277.089854081472 277.852892875671 279.315888881683 281.5816005071 280.170440673828 283.178130785624 286.2309217453 285.763204097748 287.704984347026 287.556687990824 272.137065728505 249.379833539327 257.049918174744 281.287888685862 284.617960453033 279.393633206685 264.513750871023 267.951210339864 270.342310269674 210.378607114156 152.128438154856 127.586851517359 124.677310387294 123.761196931203
312.46554851532 316.706697146098 316.455900669098 322.434703509013 329.827268918355 336.283683776855 340.26296933492 340.889533360799 339.276274045308 333.185394605001 321.869691212972 303.274472554525 295.81747452418 293.933828671773 289.624174435933 285.393714904785 289.205034573873 288.68846098582 283.418456713359 283.145308494568 284.792304039001 286.899824937185 285.30220190684 280.26024500529 278.668344020844 280.621727307638 283.194959163666 284.860332806905 286.873916784922 286.510149637858 285.436888535817 286.035815874736 265.910049279531 250.752965609233 275.599360466003 291.37392838796 286.496639251709 281.407395998637 269.832491874695 269.486546516418 297.809759775798 303.099056084951 239.080627759298 185.80553929011 148.53435754776 125.721573829651
