input/barkrak2/radiation/dir11924.grid
NCOLS 85 
NROWS 70 
XLLCORNER 665100 
YLLCORNER 4664600 
CELLSIZE 20 
NODATA_value -9999 
[rows 40 to 59 of 70, columns 0 to 45 of 85]
285.071154435476 286.002417405446 285.319368044535 287.365754445394 294.381022453308 298.45400651296 301.687757174174 305.947721004486 305.427769819895 294.180870056152 281.289517879486 278.019309043884 276.094973087311 273.836354414622 271.369715531667 272.068560123444 270.736535390218 269.327223300934 263.992329438527 264.141837755839 266.198396682739 270.558297634125 271.128217379252 266.444007555644 262.564698855082 258.621394634247 266.695817311605 268.354574839274 271.239121754964 270.670453707377 269.673506418864 268.64633957545 254.00710105896 254.296501477559 280.475238958995 279.973030090332 269.025524457296 264.299670855204 266.372720400492 264.587124188741 276.049017906189 305.08428812027 298.220952351888 235.903223355611 172.984719276428 137.765934069951
291.048427422841 288.975874582926 289.189696311951 288.708945115407 285.976847012838 284.333745638529 282.807191212972 284.202377001445 288.585782051086 281.090358893077 274.63686466217 275.271693865458 278.538823127747 277.897000312805 275.710205237071 274.297813574473 269.018550713857 274.704992771149 273.06322256724 269.156873226166 270.522554715474 269.134004910787 267.332832018534 268.440286318461 270.50252755483 263.532261053721 267.644941806793 269.820888837179 270.257194836934 270.903964837392 271.280388037364 269.380350907644 257.928311824799 266.002337137858 279.00622288386 268.340845902761 251.856287320455 247.668405373891 251.873393853505 260.656376679738 285.490036010742 299.264550209045 297.794878482819 271.086096763611 215.92128276825 171.487768491109
294.071237246195 291.897237300873 294.345756371816 292.813022931417 287.222027778625 284.820199012756 283.548454443614 280.808667341868 281.220634778341 278.56715520223 276.359995206197 275.269726912181 279.026826222738 281.449059645335 280.274828275045 278.046806653341 273.106137911479 277.139147122701 278.307020664215 271.338522434235 268.392185370127 266.436179478963 260.843892892202 263.51010799408 266.912202040354 261.308232943217 255.807479222616 262.142161528269 266.991257667542 267.307857672373 267.353753248851 263.469576835632 262.943009535472 273.605604966482 276.396969954173 254.409690697988 238.411804040273 241.447925567627 252.676745255788 266.447504361471 276.206910610199 276.410460472107 266.803701718648 254.468063513438 222.065766652425 168.751021226247
281.70516093572 284.103115399679 291.137794653575 288.976510365804 290.221591790517 292.349179585775 292.208294073741 289.203008015951 280.066967010498 278.187870979309 281.233251094818 277.260879675547 276.881853739421 279.47731812795 280.468662579854 275.857508182526 277.471323808034 276.95099512736 278.125862280528 270.858804384867 263.342579205831 262.323300043742 257.564425468445 256.014287471771 257.912278175354 262.535989284515 255.236307779948 256.89838329951 260.70245107015 259.915729363759 259.259780248006 255.697508653005 261.213461558024 269.670486450195 262.633363405863 240.081469217936 234.622220198313 247.026721636454 263.048231601715 266.899844010671 264.612277348836 260.227521260579 251.70769294103 237.922410170237 211.458365122477 172.184904416402
281.302869319916 285.66191593806 288.083016872406 287.85502910614 289.402604103088 291.379988193512 291.826665401459 288.251618544261 284.986615180969 280.045390129089 281.716922918956 278.729120890299 274.834434191386 272.857546806335 271.730323632558 270.866274833679 264.821430047353 271.855890750885 270.808219909668 269.366006056468 264.746129512787 258.861422538757 259.02001063029 260.196586449941 254.953801631927 260.257124900818 262.196640173594 261.150479316711 260.039130846659 257.903099060059 252.166827519735 247.896174589793 251.044233640035 252.177755037944 246.268570423126 235.479633013407 238.679309686025 254.554430643717 267.377972602844 261.704961458842 262.126366297404 253.115077813466 241.791466871897 229.619860649109 212.100545565287 186.363200346629
285.93122959137 289.690713087718 286.766171455383 289.374093214671 288.245777289073 288.447539011637 289.11832968394 287.45291630427 287.853837013245 284.439980983734 282.788634300232 279.859662055969 276.226321856181 271.370192368825 269.47953303655 271.69402440389 264.886418978373 262.66207297643 270.683646202087 266.519804795583 261.283576488495 262.095411618551 259.860157966614 259.473502635956 259.248912334442 258.270005385081 263.913591702779 261.959433555603 259.297013282776 258.69882106781 252.899686495463 248.318235079447 248.665769894918 243.718822797139 232.186595598857 224.350333213806 232.359449068705 250.953654448191 256.629606088003 245.928327242533 251.556833585103 242.191513379415 233.471731344859 234.131872653961 232.417742411296 207.411209742228
285.68438688914 287.084639072418 288.550813992818 290.096282958984 289.201041062673 288.405517737071 289.146800835927 290.669004122416 288.1840467453 286.277969678243 283.096571763357 282.578627268473 276.960810025533 273.121158281962 272.789895534515 273.059725761414 266.940633455912 262.439846992493 267.671545346578 265.985866387685 262.607455253601 262.480139732361 262.342572212219 257.848620414734 264.038761456807 258.196949958801 258.830606937408 260.119398434957 259.072164694468 257.391413052877 255.452036857605 252.769807974497 247.412482897441 240.997691949209 233.485261599223 225.902219613393 232.431530952454 244.768699010213 244.637012481689 244.039456049601 248.513201872508 238.32643032074 237.779895464579 246.131082375844 248.535613218943 225.655138492584
280.781050523122 282.08976984024 285.975734392802 286.534349123637 288.509170214335 289.781312147776 288.273870944977 287.281155586243 286.436438560486 285.828530788422 284.774204095205 277.848402659098 276.83945496877 273.618261019389 269.46359872818 269.528766473134 267.228802045186 258.459468682607 262.689312299093 265.764037768046 261.948545773824 261.342386404673 264.423449834188 256.362537542979 256.883144378662 256.72572851181 253.98184855779 256.827970345815 258.310457070669 256.249070167542 255.113522211711 253.076910972595 246.568381786346 245.593547821045 247.66610066096 240.516146024068 240.035593509674 241.84387922287 244.97135480245 253.660957018534 248.101949691772 239.907721678416 244.823058446248 248.673339684804 245.411435763041 228.715280691783
273.908416430155 274.798671404521 278.7872950236 282.026092211405 287.191649278005 289.106567700704 284.793754418691 282.253642876943 285.030623277028 285.281916459401 282.74667263031 278.018673261007 276.45218372345 275.546550750732 271.633505821228 268.212795257568 266.28311475118 258.77970457077 263.726810614268 267.242848873138 265.537162621816 263.765712579091 264.121909936269 259.101351102193 256.546517213186 261.842211087545 257.820030053457 260.139207045237 264.358699321747 265.676736831665 267.810920874278 267.516414324443 256.729145844777 257.536053657532 257.275621096293 249.755640824636 249.287108580271 249.201575915019 250.538289546967 253.389775753021 242.946783701579 236.846725145976 234.421074390411 230.929493904114 229.425529638926 228.566865126292
270.961920420329 266.536792119344 272.130370140076 278.239190578461 280.688027540843 282.609462738037 283.801933129628 286.840399106344 286.062975724538 282.055954138438 282.51991669337 282.464702924093 277.752081553141 275.857408841451 272.953351338704 270.021537939707 267.066756884257 261.537551879883 263.534545898438 268.040458361308 268.428802490234 268.959482510885 265.267809232076 264.118731021881 260.10400056839 265.625516573588 263.482133547465 266.891320546468 271.598855654399 276.516000429789 280.642549196879 278.640528519948 270.199577013652 267.348031202952 260.952274004618 254.152019818624 251.542290051778 254.203577836355 252.871672312419 241.159796714783 230.900784333547 233.694712320964 231.936236222585 226.208289464315 224.104642868042 227.161467075348
269.567608833313 271.67018254598 272.588133811951 277.347087860107 277.471264203389 278.603355089823 283.771832784017 287.624140580495 286.233166853587 285.636325677236 283.912400404612 282.592574755351 279.727359612783 274.656891822815 273.06870619456 276.223500569661 268.334925174713 265.816847483317 263.67982228597 271.367986996969 271.638770898183 268.737634023031 264.90326722463 265.268564224243 260.942796866099 266.086419423421 268.61975590388 268.814504146576 274.675687154134 280.300835768382 283.061623573303 284.198403358459 275.18504858017 268.374482790629 255.12816508611 248.23917945226 249.594132105509 255.527973175049 249.980648358663 231.675664583842 226.131399472555 236.663083235423 238.16446463267 231.099506219228 227.501730124156 222.302834192912
267.005185286204 275.674879550934 276.176810264587 277.85990635554 277.671714623769 275.681535402934 281.501511732737 286.286036173503 284.78729724884 286.705652872721 283.911168575287 283.720711867015 281.948367754618 276.285529136658 272.997379302979 277.804692586263 273.238301277161 265.230298042297 262.435913085938 268.28521490097 268.795371055603 266.785204410553 264.306008815765 260.366320610046 259.998520215352 261.204202969869 264.860153198242 265.223801136017 266.753892103831 271.966934204102 279.079794883728 281.838794549306 271.181523799896 254.161377747854 221.601823965708 212.103625138601 228.791197141012 244.727551937103 248.897155125936 247.515062491099 249.039610226949 245.324969291687 229.013323783875 222.405334313711 230.870584646861 217.120309670766
267.998814582825 265.610754489899 266.283094882965 268.946846326192 275.533934434255 277.688244978587 276.148517926534 281.962354977926 280.379136403402 283.759335676829 283.267776171366 284.959534804026 283.362984657288 277.441283067067 273.963669935862 273.289740085602 275.459388891856 265.137632687887 260.019977887471 259.961624940236 261.453747749329 261.85005903244 261.595249176025 255.891184012095 258.545955022176 255.618711312612 256.640593210856 257.185419400533 256.791710853577 258.108039697011 262.953678766886 264.694432417552 249.590436617533 222.723126411438 190.987090269725 174.945135911306 188.01748752594 216.58718585968 242.419242858887 247.447272141775 249.159296353658 238.043288389842 220.002690951029 218.99410088857 222.002307573954 203.361252943675
272.847851117452 262.783765792847 260.196348031362 263.785799344381 272.870322068532 278.657694657644 277.933756510417 279.99226252238 280.499935150146 278.722763061523 281.531234582265 283.918182055155 284.345944722493 280.997633934021 275.883932908376 273.542761802673 274.195889631907 266.799072424571 262.118220329285 263.358275095622 264.430781205495 261.069178581238 259.193142255147 255.027572313944 253.74029080073 252.027591069539 253.617326418559 253.657619158427 252.126256624858 246.081332365672 239.060759544373 240.04058043162 223.792950312297 195.942262808482 186.517437299093 174.131989479065 160.424520572027 170.880436897278 191.699047883352 219.691256682078 234.645068645477 224.06009833018 216.826816399892 216.156125068665 205.34876982371 190.27449687322
272.830386956533 267.391800880432 261.825462182363 263.529022534688 272.684772809346 278.795599937439 281.72759215037 278.196811676025 281.710823376973 278.719147046407 281.946857770284 281.974097092946 283.945838610331 283.426602681478 278.176426887512 276.860396067301 278.35359176 270.607888698578 265.288670857747 266.69979095459 268.815735975901 264.622092247009 261.756062507629 260.07346312205 256.163875261943 255.156576633453 253.004829088847 252.752423286438 246.562739213308 243.500431378682 227.853655815125 227.572321891785 215.456128120422 206.475595633189 208.264390627543 204.797546068827 186.590870221456 172.768155733744 164.264728625615 176.706333955129 197.466691335042 198.490182558695 189.862767855326 178.72554063797 176.048954327901 179.673373699188
275.890151659648 273.770848910014 266.289412975311 260.854085286458 267.175098260244 276.90182129542 280.427734057109 278.140127658844 279.18138106664 280.872086683909 285.71484486262 285.354554653168 285.187443097432 284.193515777588 280.916690826416 279.098073641459 278.907815615336 273.372173309326 269.653062025706 267.609536647797 265.863875548045 263.664464155833 265.522102514903 265.892207622528 261.570652325948 261.630177497864 251.544058322906 244.124015172323 237.620373566945 232.184330622355 228.825052579244 229.8490802447 221.891125043233 223.577717940013 229.706307252248 234.581232070923 236.192504564921 224.428534507751 206.147134304047 172.849218050639 176.759918530782 185.522437095642 185.982346534729 178.434073925018 182.253102461497 195.169826348623
277.861336867015 275.436361630758 272.393067677816 264.120002587636 263.037403424581 272.833307584127 278.907040754954 278.149406115214 276.638468106588 279.976308345795 287.277539571126 287.050028642019 284.897923469543 284.887572129567 282.105664412181 278.317332267761 279.455860455831 274.312019348145 269.441922505697 270.127713680267 268.563946088155 266.912500063578 263.057212034861 261.355519294739 259.08625125885 255.310257275899 238.373657067617 217.396914958954 212.845583756765 217.637936274211 226.354638735453 226.696848869324 221.596837043762 221.499800682068 232.630133628845 247.197131315867 260.209739208221 264.032085736593 256.040891011556 212.277193864187 182.504773139954 193.236529827118 206.163505713145 213.987151781718 220.987439155579 230.197469393412
277.281542619069 273.481210072835 274.022618929545 269.883732000987 264.866252740224 268.536885579427 278.494934240977 278.751254081726 276.158213615417 277.006109555562 283.584475517273 286.550958951314 281.850775082906 283.137639363607 283.474882443746 275.31772851944 277.144153912862 273.726145426432 272.229731082916 270.216306050618 272.181471188863 270.84885040919 266.42245054245 260.564883550008 259.756644566854 259.433845678965 241.670211156209 219.981571038564 217.887242635091 224.133769671122 233.92508427302 231.806000073751 231.490949789683 235.900421937307 244.229813416799 250.68998336792 255.647798379262 230.328540007273 204.769968986511 203.508138656616 209.308306376139 222.351849079132 217.471400896708 208.922266960144 203.809519608816 217.223187287649
268.3185338974 271.966616312663 271.604975064596 271.742125352224 267.195284366608 264.299114545186 277.574062347412 280.868570009867 277.595480283101 275.067528088888 280.380308628082 285.296082496643 282.850543657939 279.810786247253 279.927631219228 275.980472564697 273.317058881124 273.094117641449 271.840413411458 272.556026776632 275.193115075429 269.245823224386 269.756476084391 264.049410820007 263.066609700521 267.299751440684 260.98096370697 251.311421394348 250.695069630941 248.19008509318 246.654470761617 238.851527372996 243.496755758921 245.154897371928 242.961903413137 231.910824775696 208.472748597463 165.13055562973 143.879622220993 180.744131406148 220.725119113922 232.006212075551 214.532951513926 206.07070128123 208.451728026072 219.631234804789
257.246295611064 269.452214241028 269.412676493327 267.415563265483 268.725872039795 263.847589492798 271.433512369792 279.799342155457 283.537666002909 278.431057929993 279.765804608663 283.147215843201 282.96560049057 278.796195983887 279.220958550771 276.699344317118 270.824015140533 270.410597324371 267.414569854736 265.544295310974 264.71076409022 265.782237052917 262.384335199992 260.374704996745 258.459150791168 265.485644340515 271.79225285848 271.668076515198 256.380558013916 254.025141398112 248.497525850932 239.042023817698 236.275792121887 219.090720017751 194.396773974101 168.56974363327 156.5962433815 143.091102441152 130.296975374222 146.747847398122 173.510273297628 202.776253223419 216.375768184662 233.46475760142 260.79785823822 265.491823355357
