input/barkrak2/radiation/dir15124.grid
NCOLS 85 
NROWS 70 
XLLCORNER 665100 
YLLCORNER 4664600 
CELLSIZE 20 
NODATA_value -9999 
[rows 20 to 39 of 70, columns 0 to 45 of 85]
200.156152248383 193.015257517497 209.160447120667 249.779343605042 244.48283513387 196.790258089701 182.45255947113 186.836083730062 199.802080790202 222.025056680044 234.8379890124 241.002957026164 251.860459645589 264.005422592163 278.927008310954 302.667140960693 327.971518039703 331.473569075267 336.469213167826 343.30415725708 344.767848650614 338.800986607869 337.79501914978 339.385032653809 339.477976163228 340.716282526652 342.638492584229 339.553117752075 335.118015607198 334.380745887756 328.654090563456 318.302432696025 310.009737809499 306.307097276052 304.359555244446 309.428592522939 309.616565704346 311.867833137512 316.344221433004 320.23944457372 319.950381914775 320.00478108724 322.089672088623 316.825807094574 321.063200632731 323.159376780192
226.889769236247 226.468503475189 244.544804096222 275.476336479187 270.472009976705 211.090584595998 192.862451076508 194.820086161296 202.599426110586 216.51303768158 226.54398282369 237.143635749817 244.044184684753 248.579760392507 265.012284119924 282.780587673187 304.421146710714 326.460142930349 331.755061944326 339.726289113363 342.634121576945 347.09898630778 348.508914311727 347.809592882792 343.795855840047 339.620192845662 336.806654930115 333.424290021261 332.457900047302 326.097925504049 309.444864590963 281.796256701152 262.16051975886 260.552446047465 268.164197603862 286.606828371684 293.949762980143 308.129628499349 317.445437113444 317.208548386892 315.544029076894 313.604235649109 308.34170182546 295.36908864975 312.735339005788 321.24137878418
266.407152016958 274.269382158915 281.918307145437 291.945079962413 290.954212347666 243.956327438354 216.400702794393 201.252361138662 197.513699531555 207.821687062581 228.132983048757 236.590623855591 250.660936037699 254.409829775492 264.843503634135 274.945835272471 291.642030080159 305.733263492584 324.330429236094 327.431619167328 329.109927018483 339.115699132284 344.427903493245 344.51683362325 341.929356257121 340.075969696045 336.054046948751 327.162941296895 317.266623179118 296.334147453308 257.166028022766 207.043806711833 185.86661418279 203.742444515228 231.889307498932 256.483097871145 274.419148763021 292.962551116943 304.774483044942 306.721409161886 309.768478075663 310.34920612971 289.194206396739 270.083427429199 295.152187347412 320.159713427226
286.134620507558 289.147436618805 289.749503135681 296.655873457591 296.346306800842 278.531114260356 241.313417752584 210.462907950083 194.931348164876 199.706474939982 223.888039588928 236.171881357829 253.771841526031 266.810615857442 268.793642520905 274.582862854004 285.924951235453 298.7459897995 309.162457784017 312.370578447978 314.314583937327 316.785554091136 327.78670390447 334.198474884033 328.849057356517 320.756475130717 301.844477653503 293.270905812581 266.427556673686 223.805586496989 185.004234313965 163.772503534953 134.077628453573 132.212460041046 145.592073599497 181.296984354655 224.479138851166 251.288056373596 267.600278059642 277.543445428212 277.049978574117 262.766122817993 248.675386110942 281.370202700297 280.138929684957 312.235077222188
278.240005175273 280.330340067546 289.97399409612 298.200190067291 289.424002170563 278.94518772761 249.156296253204 225.866715113322 208.942691485087 199.611087640127 216.956476370494 233.468333880107 247.273107369741 261.750638484955 269.943137963613 273.204227288564 281.995197137197 296.579619248708 303.689161936442 301.99921131134 308.628877003988 308.777173360189 302.792489528656 296.379764874776 293.881515661875 290.732602278392 283.721188704173 270.127455393473 238.093396027883 180.109520753225 160.369714101156 158.813526233037 140.169809261958 115.052700042725 106.552759806315 121.724903583527 165.054907401403 205.223699410756 230.467955271403 244.705001513163 233.880599339803 212.152401606242 233.40650399526 298.476815223694 291.788637638092 313.728590806325
272.465030352275 276.556690533956 288.687288761139 295.104821523031 291.002174218496 280.61854839325 258.29819838206 251.239140828451 241.351405779521 226.248979568481 226.018408934275 244.752585887909 258.188207944234 272.246837615967 276.87402566274 276.237448056539 279.626111189524 294.800559679667 299.401342868805 305.218497912089 306.395689646403 293.2035724322 284.108281135559 285.423338413239 286.18723154068 284.199436505636 272.486209869385 259.50829188029 217.010776201884 188.556949297587 187.112053235372 203.696250915527 207.560499509176 179.813504219055 146.087358395259 128.870159387589 144.869108994802 171.834508577983 209.935545921326 228.036125500997 209.173262119293 200.65172513326 241.456230481466 283.778508504232 303.814351558685 323.694547017415
274.328649044037 276.504139105479 284.718553225199 292.312204837799 303.450544675191 289.842327435811 274.129072825114 263.292213280996 262.09024588267 256.304701169332 246.955672899882 263.731916745504 273.834764957428 287.137866020203 287.579655647278 283.147215843201 282.452464103699 295.798619588216 294.324974219004 301.979859670003 301.571309566498 298.301378885905 291.940251986186 286.093513170878 287.388861179352 283.496101697286 271.373073259989 260.065754254659 224.177559216817 218.267619609833 239.858051141103 263.43313852946 267.905712127686 278.771082560221 256.244818369548 171.594043572744 157.900859912237 169.498185316722 195.022920767466 226.03573401769 218.705236911774 250.404636065165 247.362037499746 259.459992249807 294.779260953267 312.142471472422
278.509616851807 274.78684981664 277.971227963765 288.787563641866 324.981848398844 299.884478251139 279.683073361715 263.505816459656 264.12687699 271.511117617289 265.857299168905 268.865644931793 280.441025892893 290.449897448222 292.649169762929 292.909522851308 288.321455319722 286.683042844137 296.052654584249 301.149646441142 298.330346743266 291.624546051025 288.674831390381 293.193181355794 293.9772605896 290.352622667948 280.47110637029 271.13797267278 247.555792331696 245.99293867747 270.00484863917 284.566024939219 283.385972181956 297.245383262634 320.74244817098 252.293050289154 188.197652498881 173.432350158691 187.36598889033 228.850384553274 256.564180056254 302.310983339945 259.432593981425 252.938707669576 281.199514865875 292.344848314921
275.86422363917 267.657498518626 271.589537461599 295.231223106384 336.804787317912 300.296942392985 270.640591780345 257.910470167796 262.960871060689 270.219326019287 267.700413862864 266.117076079051 280.332247416178 291.779319445292 295.011262098948 294.851938883464 288.409908612569 284.042557080587 291.692137718201 295.579314231873 291.203339894613 288.088997205098 288.24112812678 293.805658817291 294.684251149495 292.157391707102 289.352039496104 279.290517171224 258.93364350001 253.730098406474 276.506165663401 294.472018877665 293.475250403086 291.88483953476 312.755544980367 313.65559498469 223.219652970632 164.3006503582 154.706766208013 198.850989341736 265.512665112813 284.592946370443 250.508308410645 228.577653566996 252.634584903717 266.501724720001
268.657088279724 259.871522585551 268.32256714503 305.609901746114 333.755334218343 296.472489833832 263.27645778656 245.566268761953 242.918690045675 249.221841494242 248.230795065562 254.156549771627 275.554557641347 291.939198970795 293.300370375315 295.709093411763 293.453633785248 281.761864821116 285.179356733958 285.475512345632 286.163588364919 289.531548817952 288.88467947642 295.617938041687 298.179785410563 295.155723889669 297.510027885437 285.014112790426 265.333573023478 262.594103813171 281.741817792257 299.674729506175 295.033395290375 291.710793972015 300.937275091807 319.786806901296 303.66305510203 228.551506996155 180.374979972839 189.716617266337 228.150308132172 240.005930264791 240.027864774068 212.715069452922 224.338253339132 248.254319032033
257.053693135579 267.035524050395 296.623806158702 342.44958559672 343.313892682393 301.677266756694 264.492968718211 235.543191432953 229.841033617655 240.723888079325 235.776086648305 234.790782133738 268.653392791748 286.276876926422 294.534246126811 300.2916375796 300.260742505391 290.023068586985 287.482798099518 289.954602718353 289.14874792099 292.653501033783 293.757875760396 296.109358469645 298.101266225179 301.910201708476 302.095254262288 295.634210109711 277.646919091543 274.984955787659 287.628908952077 300.243596235911 297.544678052266 297.3419825236 301.24302705129 303.989847501119 325.784842173258 334.154764811198 268.283108870188 220.936675866445 208.763003349304 198.482632637024 217.337429523468 215.005397796631 221.180160840352 251.404960950216
275.680224100749 301.584839820862 320.884545644124 326.529502868652 353.679378827413 334.489742914836 297.54771788915 260.419726371765 244.911273320516 260.047316551208 254.089713096619 234.846572081248 254.675368467967 284.233470757802 296.851754188538 299.478630224864 300.551891326904 296.766638755798 293.132245540619 291.695952415466 293.831348419189 298.574725786845 298.46179485321 297.614196936289 300.799051920573 306.758085886637 309.065441290538 307.848552862803 295.235574245453 290.211896101634 294.288158416748 298.237681388855 299.949924151103 304.444273312887 307.102521260579 295.555651187897 303.80783478419 340.231855710347 334.970593452454 273.754854996999 225.192030270894 200.042506059011 200.849235057831 219.597697257996 240.735093752543 270.034988721212
307.209690411886 316.562215487162 306.904832522074 299.439231554667 317.897697289785 338.433583577474 331.748227278392 304.385940233866 281.41063451767 282.992045084635 284.786959489187 260.693391164144 253.380298614502 279.345472653707 296.679596106211 300.488034884135 298.302014668783 302.006344000498 294.611394405365 293.433606624603 299.25807317098 298.944056034088 301.06258392334 299.719075361888 301.167706648509 310.676197210948 314.124802748362 316.479901472727 305.069347222646 296.882510185242 303.57833703359 306.853353977203 302.830656369527 304.910441239675 309.075891971588 298.897862434387 298.28671614329 317.241410414378 319.925785064697 294.137597084045 264.256993929545 224.626978238424 204.950869083405 211.877504984538 233.640094598134 267.7348057429
299.178918202718 292.228182156881 285.104592641195 274.116456508636 274.717529614766 295.200129350026 315.538307030996 312.691728274028 300.657590230306 303.041617075602 302.035053571065 288.596351941427 278.458873430888 285.505394140879 298.828879992167 299.809177716573 295.938750108083 301.080981890361 293.92550388972 298.073609670003 298.334002494812 299.74885781606 298.148214817047 295.427044232686 300.054868062337 305.779357751211 311.607877413432 312.863250573476 306.562940279643 303.769648075104 308.846950531006 307.312647501628 296.45437002182 295.300006866455 299.111624558767 284.144779046377 281.445066134135 281.639794508616 274.45662021637 278.136928876241 287.125845750173 254.697283109029 229.075392087301 217.020889123281 218.51122379303 241.941710313161
292.628387610118 282.351811726888 288.580675919851 274.50962861379 266.575694084167 278.156399726868 304.093102614085 327.524721622467 322.205543518066 310.737768809001 299.761672814687 300.333142280579 304.08372481664 302.178959051768 304.417510827382 299.988071123759 300.265848636627 298.251112302144 298.173149426778 302.729189395905 298.785050710042 298.321505387624 295.011639595032 295.515855153402 300.086776415507 302.891453107198 307.782749334971 305.957277615865 305.049459139506 308.30705165863 309.532900651296 299.743374188741 284.543454647064 289.340436458588 288.197040557861 271.701753139496 272.646367549896 272.639493147532 278.759598731995 298.936426639557 299.267510573069 287.677824497223 266.15959405899 247.218171755473 228.778084119161 221.867521603902
312.409917513529 307.229995727539 316.596448421478 311.610440413157 301.561733086904 305.993715922038 322.387437025706 343.935608863831 337.183316548665 313.917418320974 299.211084842682 305.321256319682 320.126334826152 315.002878506978 307.600378990173 310.821274916331 307.859539985657 301.332155863444 303.815484046936 303.507328033447 301.025489966075 298.177659511566 298.566460609436 301.329771677653 298.160672187805 301.497399806976 303.826133410136 299.613952636719 302.841623624166 310.494204362233 308.735946814219 298.526446024577 286.166071891785 286.927024523417 279.342532157898 274.814188480377 279.979030291239 280.704398949941 292.074461778005 319.735248883565 287.150382995605 274.419506390889 264.431436856588 255.542020003001 240.952452023824 219.429314136505
336.653510729472 334.0136607488 336.054960886637 338.517030080159 329.814811547597 323.541164398193 328.264176845551 342.610319455465 338.99982770284 311.492602030436 302.800595760345 313.469211260478 326.011558373769 318.110088507334 311.303933461507 315.854708353678 318.103531996409 310.27360757192 308.151602745056 311.498641967773 308.605134487152 304.080605506897 302.147666613261 304.26416794459 299.531737963359 299.17707045873 301.140427589417 303.359071413676 305.91090520223 311.558365821838 310.543855031331 301.159918308258 288.738350073497 283.132036526998 274.767975012461 279.774347941081 286.097884178162 285.465240478516 288.444836934408 309.080719947815 276.630024115245 234.031796455383 222.735663255056 216.872672239939 214.022119839986 208.280007044474
348.663091659546 345.818718274434 341.981450716654 342.788020769755 337.123394012451 329.303165276845 326.298395792643 331.819792588552 337.976018587748 318.012615044912 316.364884376526 324.737509091695 323.352754116058 317.82595316569 313.10494740804 314.520676930745 322.152296702067 316.37966632843 314.383606115977 314.632455507914 313.169439633687 309.06210343043 303.901394208272 304.887930552165 302.585919698079 301.717321077983 302.895824114482 305.58184782664 307.866632938385 309.809486071269 311.444799105326 303.487181663513 291.557788848877 276.42430861791 267.833352088928 283.389945824941 292.984048525492 290.778279304504 281.362573305766 295.671582221985 277.430474758148 209.186593691508 180.407504240672 166.212528944016 164.333552122116 173.230449358622
350.020368893941 352.552493413289 351.762374242147 349.766770998637 346.386710802714 341.283082962036 334.83099937439 330.410162607829 332.776606082916 328.969438870748 336.028178532918 333.648602167765 324.722607930501 326.457222302755 317.311505476634 313.783844312032 322.090089321136 321.426649888357 316.306014855703 315.27175505956 313.009063402812 308.799048264821 304.291923840841 304.061889648438 306.272069613139 305.904706319173 303.593575954437 305.953760941823 309.030016263326 309.396704037984 311.982214450836 307.03995625178 287.432829538981 265.037099520365 273.473958174388 295.579175154368 298.262814680735 293.178498744965 276.068369547526 281.665762265523 301.871657371521 254.660209019979 196.907718976339 167.046427726746 156.661033630371 151.081989208857
339.676936467489 342.777053515116 343.503514925639 346.230546633403 351.307034492493 354.548414548238 354.577779769897 352.088292439779 350.225448608398 350.722233454386 346.118370691935 332.867781321208 328.958988189697 323.935608069102 322.148541609446 318.002541859945 320.001761118571 320.436040560404 313.024520874023 312.112271785736 312.956611315409 314.659237861633 310.232917467753 305.87895711263 304.134686787923 307.175755500793 307.543396949768 308.708945910136 310.525198777517 310.045341650645 309.263169765472 306.733886400859 282.634576161702 265.803774197896 288.399636745453 303.163091341654 299.03386036555 294.311801592509 281.015455722809 276.907722155253 311.250309149424 334.290345509847 280.030608177185 225.90959072113 183.531542619069 155.638953049978
