input/barkrak2/radiation/dir18324.grid
NCOLS 85 
NROWS 70 
XLLCORNER 665100 
YLLCORNER 4664600 
CELLSIZE 20 
NODATA_value -9999 
[rows 20 to 39 of 70, columns 0 to 45 of 85]
208.61558119456 201.836864153544 218.279202779134 259.801427523295 253.221869468689 205.829580624898 188.56817483902 192.264119784037 207.710266113281 227.585037549337 243.122756481171 250.614603360494 259.549558162689 272.894183794657 291.011214256287 319.644828637441 333.687384923299 336.816628774007 341.402133305867 347.52360979716 349.495410919189 344.27011013031 342.508554458618 343.941450119019 344.883322715759 345.998644828796 347.618619600932 343.544244766235 339.00781472524 338.661909103394 333.119173844655 323.353548844655 315.779149532318 312.690099080404 311.556776364644 316.468934218089 316.747188568115 319.032629330953 322.441617647807 326.08566681544 326.926430066427 325.766046841939 327.723304430644 323.882897694906 327.952007452647 329.807599385579
233.541190624237 234.473288059235 254.430174827576 284.304201602936 280.183573563894 218.780716260274 201.191743214925 200.041075547536 207.109947999318 223.720808823903 234.182000160217 241.837402184804 252.644638220469 257.681886355082 272.256096204122 292.965789635976 320.006151994069 332.216958204905 337.124705314636 344.367027282715 347.774187723796 351.431131362915 352.532744407654 351.14312171936 348.475456237793 344.945510228475 342.448194821676 338.898022969564 337.21391359965 330.555240313212 314.809580643972 288.014034430186 269.619186719259 268.980701764425 276.26105149587 294.128894805908 301.200608412425 314.777592817942 323.59770933787 324.422240257263 321.69097661972 320.882678031921 315.777500470479 302.34569311142 320.173680782318 326.739986737569
271.716117858887 280.488073825836 290.170470873515 300.234834353129 300.100425879161 253.828088442485 224.088490009308 208.03157488505 204.375545183818 215.575873851776 233.20343097051 244.566341241201 255.54621219635 264.965951442719 270.184258619944 285.098016262054 301.398317019145 322.82034556071 332.985997200012 332.976301511129 335.681994756063 344.757676124573 349.273363749186 348.300099372864 345.868865648905 344.409028689067 341.639677683512 338.372310002645 325.796643892924 307.700832684835 266.043523947398 214.591205120087 195.458193620046 213.282446066538 241.023560365041 265.040040016174 282.471875349681 301.487326622009 311.533729235331 314.511199792226 317.344307899475 317.719201246897 296.451409657796 278.035541375478 301.688770453135 325.733462969462
289.758960405986 293.675045172373 297.094563643138 305.29123544693 304.389894008636 287.374397118886 246.647755304972 215.006311734517 199.654142061869 206.8772315979 231.969316800435 243.890563646952 258.342047532399 275.369127591451 279.104332129161 283.057471116384 294.644077618917 308.265686035156 321.244915326436 323.241293430328 320.588847001394 324.1881330808 334.463795026143 339.247107505798 340.161204338074 332.861224810282 318.560183048248 299.239734808604 275.092343489329 230.573991934458 194.262862205505 169.619977474213 144.23402150472 144.430418809255 156.937330961227 194.524129231771 235.011239846547 259.755810101827 277.039150396983 286.607046922048 284.910837809245 271.70858780543 256.986061731974 290.312667687734 285.99480787913 318.012336889903
281.586587429047 284.048815568288 295.831302801768 306.581934293111 298.686623573303 287.808795770009 255.072752634684 232.990463574727 213.1693760554 206.390380859375 221.685210863749 238.528033097585 254.094322522481 268.461326758067 276.919484138489 280.066847801208 292.031645774841 301.487028598785 311.293502648671 312.65656153361 319.649477799733 315.18812974294 321.606834729513 313.928246498108 304.48305606842 297.45086034139 288.351595401764 277.033706506093 243.806719779968 188.599069913228 167.0942902565 164.708236853282 147.461314996084 125.820775826772 117.460151513418 130.632708470027 179.16742960612 214.556415875753 241.16849899292 253.517031669617 243.765532970428 222.137808799744 243.423740069071 304.234703381856 296.201705932617 321.033120155334
276.53827269872 280.454794565837 293.62275203069 302.87891626358 300.233840942383 288.029829661051 265.789310137431 255.205969015757 247.042675813039 231.974681218465 232.221027215322 251.161913077037 263.612568378448 280.327320098877 286.942998568217 282.969951629639 289.526363213857 302.785972754161 307.96229839325 315.106749534607 324.207683404287 312.836329142253 292.265514532725 290.714621543884 291.42830769221 289.300759633382 277.553677558899 264.274497826894 221.444090207418 193.267226219177 192.238450050354 209.149440129598 213.981906572978 190.17752011617 156.092802683512 136.663486560186 153.355568647385 183.503011862437 223.966916402181 237.329641977946 219.335953394572 210.443198680878 251.614292462667 290.034572283427 309.911767641703 330.978433291117
278.570652008057 280.449489752452 289.162993431091 299.179971218109 312.160551548004 296.285112698873 278.279264767965 265.754083792369 266.017496585846 260.547737280528 252.376755078634 267.292380332947 280.826727549235 292.867243289948 295.327305793762 291.30490620931 292.203863461812 303.672115008036 311.08287970225 317.492286364237 310.81744035085 304.853022098541 298.967997233073 295.501550038656 292.737583319346 288.655757904053 278.454720973969 264.567097028096 228.014349937439 222.170809904734 244.224508603414 267.372886339823 271.413544813792 284.341553846995 265.295346577962 179.988483587901 167.518417040507 179.369409879049 205.437858899434 236.371556917826 228.330175081889 259.320437908173 254.672010739644 264.272014300029 301.092584927877 320.653597513835
282.785673936208 279.027899106344 282.318552335103 294.976770877838 331.970413525899 306.359827518463 282.167176405589 266.797025998433 267.310718695323 275.124907493591 268.620769182841 271.792312463125 287.19828526179 296.082377433777 297.968864440918 298.765559991201 300.100922584534 300.377329190572 303.488194942474 306.333502133687 306.895832220713 300.354580084483 297.675768534342 300.259470939636 299.715042114258 295.481463273366 287.283996740977 275.435666243235 250.209788481394 248.36794535319 272.967716058095 287.687202294668 285.604099432627 299.569169680278 327.101190884908 260.77659924825 198.112428188324 183.14802646637 196.956078211466 238.706072171529 265.480955441793 310.327748457591 262.246827284495 255.762298901876 287.128726641337 298.691431681315
279.833316802979 272.117455800374 276.15620692571 301.434516906738 342.68593788147 303.988357385 274.495323499044 261.449158191681 266.90669854482 275.007824103038 271.326700846354 272.471686204274 286.120295524597 297.418793042501 301.242629686991 306.484599908193 303.365508715312 290.467937787374 299.204309781392 301.284193992615 300.357143084208 295.247236887614 297.152241071065 300.56502421697 306.018471717834 299.023985862732 294.382691383362 283.782482147217 261.02348168691 255.402108033498 278.459429740906 296.772281328837 295.080244541168 293.361783027649 315.580526987712 320.997675259908 234.045147895813 174.821575482686 166.609396537145 210.650324821472 273.909350236257 292.16347138087 256.66085879008 235.374569892883 261.3765001297 273.519515991211
272.260626157125 264.415780703227 273.197929064433 311.81275844574 340.295076370239 300.01296599706 267.979244391123 250.699639320374 248.88535340627 253.580133120219 255.215525627136 260.863741238912 280.305961767832 297.68180847168 302.813331286112 304.537236690521 302.858610947927 289.666453997294 291.059931119283 293.327530225118 295.657575130463 293.881773948669 296.607176462809 299.867351849874 304.892957210541 302.743534247081 301.049033800761 289.67821598053 268.486658732096 264.370083808899 283.221344153086 301.194926102956 296.67055606842 292.964816093445 301.9673426946 322.704752286275 311.876833438873 239.363809426626 190.73357184728 199.76419210434 235.264738400777 248.659690221151 247.615238030752 218.217790126801 231.752475102743 260.84303855896
260.290165742238 270.622213681539 300.001243750254 345.670580863953 348.024646441142 306.616266568502 270.117859045664 242.01492468516 234.690467516581 247.765600681305 240.576088428497 239.373385906219 275.40534734726 297.003626823425 301.912526289622 305.506010850271 305.793722470601 296.32955789566 295.337617397308 297.736446062724 295.188168684642 298.431972662608 301.30010843277 302.93216307958 305.006543795268 308.439314365387 307.747364044189 299.212018648783 281.548698743184 276.872634887695 288.754145304362 301.384707291921 298.831363519033 298.181255658468 301.482001940409 304.079651832581 328.418691953023 341.001907984416 275.974015394847 230.88284333547 216.776092847188 207.65761534373 225.488364696503 221.059302488963 228.691041469574 265.106161435445
278.796255588531 303.631842136383 320.948660373688 325.481295585632 354.517181714376 337.913473447164 302.887340386709 264.606515566508 251.066625118256 264.141758282979 260.837038358053 241.228381792704 260.89225212733 290.097653865814 302.088856697083 306.656102339427 307.861069838206 306.132515271505 299.045562744141 299.456755320231 299.784084161123 302.788515885671 305.853962898254 306.357125441233 306.284964084625 313.003420829773 314.740856488546 312.409520149231 298.995236555735 292.38220055898 295.58785756429 299.121379852295 300.782243410746 305.001219113668 307.105600833893 295.811454455058 304.353654384613 342.942794164022 341.152230898539 283.495903015137 233.736256758372 206.539571285248 209.6994916598 225.37354628245 249.546647071838 279.381334781647
308.013657728831 315.6751592954 304.162502288818 296.34964466095 315.274079640706 337.506930033366 333.643118540446 307.550112406413 283.229351043701 285.801351070404 289.770642916362 265.719989935557 261.953870455424 285.376489162445 302.024523417155 305.625756581624 305.73578675588 309.302131334941 300.6471991539 299.640337626139 305.384576320648 306.434830029805 306.669433911641 307.07581837972 309.635519981384 315.595885117849 320.706168810527 322.132110595703 308.136741320292 299.323876698812 305.433491865794 308.062334855398 303.800066312154 306.119720141093 310.465335845947 300.183455149333 299.564679463704 319.983224074046 326.056321461995 303.086598714193 272.861003875732 231.042106946309 212.707002957662 219.868342081706 241.324543952942 275.396883487701
296.850462754567 288.559873898824 280.973553657532 269.789000352224 270.185053348541 291.204551855723 313.435018062592 311.727424462636 302.729566891988 304.69278494517 305.489222208659 289.980987707774 283.499817053477 291.400154431661 304.558237393697 305.248141288757 305.110653241475 306.928634643555 299.990435441335 302.635987599691 304.286897182465 305.550475915273 305.768847465515 304.651220639547 308.604836463928 313.658436139425 318.623761336009 319.055020809174 311.573088169098 306.26106262207 311.170935630798 308.863739172618 298.623462518056 297.954658667247 302.513023217519 287.504394849141 284.606178601583 285.881559054057 281.312147776286 287.034789721171 296.303073565165 262.605686982473 236.486474672953 224.883019924164 226.487358411153 249.183297157288
289.173225561778 278.059999148051 284.4358086586 269.93856827418 261.773486932119 273.640473683675 300.546964009603 325.941185156504 323.946118354797 312.070528666178 302.276968955994 300.920267899831 308.234314123789 308.612545331319 310.271998246511 307.503124078115 307.945410410563 304.46978410085 304.54432964325 307.340522607168 306.531687577565 304.777522881826 304.44727341334 304.833690325419 305.637995402018 309.874753157298 314.176658789317 312.936365604401 309.736768404643 311.915675799052 312.487562497457 301.93704366684 286.990165710449 292.227546374003 291.504740715027 275.514662265778 276.205738385518 276.403148969014 284.307638804118 307.654321193695 307.471175988515 294.196248054504 272.599816322327 256.792426109314 238.813042640686 229.352672894796
309.821923573812 304.216861724854 313.954095045726 308.735966682434 298.508584499359 303.361892700195 320.453266302745 343.542337417603 339.05021349589 314.739028612773 301.34783188502 309.863785902659 324.79053735733 320.359965165456 314.851601918538 317.628224690755 310.891250769297 307.620962460836 311.498840649923 312.583029270172 309.065600236257 306.488474210103 304.890851179759 307.455003261566 305.549462636312 308.599690596263 308.976074059804 307.15290705363 308.618982632955 315.308372179667 312.223792076111 301.102519035339 288.311958312988 289.150675137838 282.61798620224 278.294205665588 283.324122428894 283.64219268163 295.800964037577 327.145457267761 295.222957928975 281.083683172862 273.509780565898 265.421370665232 248.852570851644 227.623105049133
336.350043614705 333.31044514974 335.409561793009 338.143905003866 329.024891058604 322.620133558909 327.19628016154 341.947635014852 340.180476506551 311.730702718099 305.107553799947 317.53530104955 328.863938649495 322.183708349864 317.306776841482 320.03132502238 325.180848439534 316.83349609375 317.113598187764 319.128076235453 316.451986630758 311.527291933695 310.320099194845 310.379385948181 306.853453318278 306.422829627991 307.944556077321 310.719907283783 312.665025393168 316.473364830017 313.464264074961 303.627709547679 291.178385416667 284.890711307526 277.574419975281 282.735884189606 289.340396722158 287.978867689768 291.156768798828 315.450668334961 286.03188196818 244.557917118073 231.488764286041 225.711484750112 225.262840588888 216.920892397563
349.986433982849 346.70615196228 341.233174006144 342.288255691528 337.046265602112 328.608612219493 324.924250443776 330.308318138123 337.183515230815 319.304883480072 319.259206453959 329.259077707926 327.421228090922 323.833684126536 320.61376174291 321.889499823252 330.161313215892 323.916713396708 320.734699567159 320.737838745117 319.287498792013 315.327445665995 311.266998449961 311.087548732758 309.767663478851 308.862805366516 308.083732922872 312.896052996318 313.852409521739 314.55135345459 315.122067928314 305.87367216746 294.697384039561 278.525869051615 270.607352256775 285.853703816732 295.751253763835 293.280601501465 283.270359039307 299.968997637431 287.332852681478 221.01217508316 190.261463324229 176.707188288371 176.74465974172 183.883905410767
354.080279668172 355.957587560018 354.541023572286 352.030356725057 347.796042760213 341.654022534688 334.000070889791 328.856567541758 331.174492835999 329.583446184794 339.158455530802 339.318831761678 331.556042035421 332.325100898743 326.185663541158 322.665810585022 327.336211999257 328.384816646576 322.758615016937 322.45937983195 319.348772366842 316.100001335144 310.82026163737 310.455123583476 310.653726259867 312.842170397441 310.478488604228 311.795969804128 313.591917355855 313.772559165955 314.746737480164 309.75075562795 289.464255174001 267.559846242269 276.221493879954 297.849059104919 300.473848978678 294.525146484375 277.842998504639 283.653934796651 308.838725090027 265.146056811015 207.613269488017 177.556196848551 167.864263057709 162.367085615794
345.067818959554 348.402579625448 348.236123720805 351.313908894857 355.111837387085 357.337196667989 356.451392173767 353.041648864746 351.034879684448 353.19729646047 350.143154462179 340.210596720378 335.872888565063 331.261416276296 329.318304856618 324.799696604411 327.159285545349 326.960285504659 321.421901384989 320.58439652125 320.173621177673 318.67245833079 316.652397314707 312.42565313975 310.66103776296 309.823095798492 312.625825405121 315.219759941101 316.663364569346 314.562201499939 315.023958683014 310.589035352071 285.064339637756 268.189171950022 290.113508701324 304.819007714589 300.135652224223 296.065866947174 282.608409722646 277.167280515035 313.062568505605 341.129899024963 290.717661380768 237.742265065511 195.183396339417 166.936993598938
