input/barkrak2/radiation/dir13324.grid
NCOLS 85 
NROWS 70 
XLLCORNER 665100 
YLLCORNER 4664600 
CELLSIZE 20 
NODATA_value -9999 
[rows 40 to 59 of 70, columns 0 to 45 of 85]
312.14040517807 313.208361466726 313.141862551371 314.62154785792 319.804628690084 323.648651440938 325.813512007395 329.232633113861 329.812208811442 319.932738939921 309.050023555756 305.151244004567 304.337441921234 299.721459547679 297.581235567729 298.05847009023 296.280801296234 295.143862565358 291.712979475657 289.930244286855 293.171465396881 296.645363171895 297.220428784688 292.728106180827 289.243002732595 286.911129951477 293.192823727926 294.380068778992 294.343531131744 294.005453586578 291.329125563304 288.947363694509 269.589324792226 268.240670363108 292.189538478851 292.004644870758 281.875928243001 279.422501722972 280.929764111837 273.630897204081 284.517129262288 318.328261375427 322.639564673106 267.416576544444 205.008228619893 165.328313906988
317.668716112773 315.737724304199 315.467993418376 315.901974836985 312.945564587911 311.444222927094 310.254474480947 311.528782049815 314.466834068298 307.951072851817 301.340103149414 302.776177724202 304.493586222331 303.689002990723 302.80061562856 300.091107686361 295.426964759827 301.594614982605 301.226615905762 297.868291536967 298.917810122172 297.267278035482 296.971162160238 297.712425390879 296.317140261332 291.567285855611 295.047700405121 294.478297233582 294.261614481608 294.434706370036 294.427931308746 289.707720279694 275.331020355225 279.855449994405 291.543702284495 282.150526841482 266.662736733754 264.380733172099 270.040134588877 277.054190635681 297.091960906982 310.35057703654 315.368851025899 299.558063348134 248.747984568278 202.884634335836
319.88255182902 317.602356274923 319.751143455505 319.002350171407 313.61335515976 311.669607957204 310.211022694906 308.721164862315 307.222684224447 304.989337921143 302.859206994375 302.768389383952 304.846187432607 307.959973812103 306.765834490458 303.532024224599 301.613450050354 304.988423983256 307.340463002523 301.327665646871 298.653403917948 295.063495635986 291.387399037679 292.131543159485 294.842938582102 291.470726331075 287.855565547943 289.417684078217 291.727383931478 293.09610525767 292.704105377197 286.135196685791 281.639575958252 288.276294867198 289.037426312764 270.241359869639 254.045645395915 258.302410443624 271.293004353841 284.501930077871 293.815553188324 292.79371102651 285.699407259623 280.683159828186 255.561411380768 204.287151495616
309.061626593272 311.185896396637 317.175924777985 314.739008744558 316.124558448792 317.99320379893 316.786249478658 314.29131825765 307.208736737569 305.448154608409 308.087567488352 304.500838120778 305.215199788411 307.349006334941 308.191359043121 305.340131123861 305.404345194499 306.196630001068 307.158430417379 300.807575384776 295.738796393077 292.878349622091 290.000478426615 287.071168422699 288.582007090251 290.72771469752 285.664141178131 286.742409070333 287.949244181315 288.334786891937 286.943276723226 281.014343102773 283.057590325673 287.518858909607 278.004010518392 255.179882049561 249.98660882314 263.173500696818 280.930161476135 285.221576690674 283.18045536677 279.305080572764 271.470963954926 262.38884528478 244.647105534871 209.584693113963
308.448950449626 312.815984090169 314.175168673197 313.754022121429 315.078516801198 316.707034905752 317.117154598236 314.003090063731 311.352729797363 307.942608992259 309.387564659119 307.900309562683 304.615120093028 304.05600865682 302.970369656881 302.295903364817 298.67289463679 303.285539150238 302.208622296651 300.991217295329 295.204897721608 292.876084645589 293.001850446065 290.873050689697 285.947859287262 292.238195737203 295.519451300303 292.359292507172 288.984457651774 286.393801371257 278.786559899648 275.329808394114 276.743412017822 275.027751922607 265.327016512553 251.62136554718 253.961523373922 269.96523141861 284.094373385112 280.065099398295 280.224124590556 272.101620833079 261.025389035543 251.43442551295 241.276204586029 222.480893135071
313.088297843933 315.585891405741 313.621838887533 315.67519903183 314.088344573975 314.277748266856 315.391659736633 313.993235429128 315.218230088552 312.538206577301 311.244587103526 311.014870802561 306.926449139913 303.864379723867 301.081458727519 304.352879524231 297.325551509857 298.879464467367 302.134315172831 300.10720094045 297.083497047424 294.128159681956 292.270660400391 293.878595034281 291.814963022868 290.824790795644 293.315986792247 291.020810604095 286.322017510732 286.691069602966 279.091934363047 274.498343467712 273.655613263448 266.675313313802 253.95143032074 242.708186308543 249.636133511861 267.948905626933 274.623652299245 265.807906786601 271.116673946381 262.705147266388 252.336382865906 253.714283307393 257.05095132192 238.923768202464
312.959452470144 313.414673010508 315.170447031657 316.322644551595 315.445860226949 315.499782562256 316.813250382741 318.047841389974 315.428694089254 314.931174119314 313.587923844655 313.252965609233 309.901336828868 305.573622385661 305.487036705017 305.841167767843 304.134647051493 296.987414360046 302.863816420237 299.610356489817 294.819136460622 296.20764652888 294.530113538106 288.694222768148 291.850666205088 286.538481712341 284.780502319336 287.481824556987 286.041994889577 283.760547637939 279.749393463135 275.849064191182 271.086653073629 264.110207557678 253.650824228923 244.322836399078 251.333991686503 264.307657877604 263.26862970988 263.684272766113 269.309838612874 258.546074231466 256.223340829213 264.054616292318 269.252518812815 252.799034118652
308.782696723938 309.861938158671 313.78444035848 314.624826113383 316.756725311279 317.415396372477 316.248099009196 315.906643867493 315.448383490245 316.714346408844 314.977904160817 311.756253242493 309.840102990468 308.877905209859 306.006809075673 304.443518320719 301.006635030111 295.284787813822 296.987016995748 295.909245808919 294.192949930827 291.734913984935 290.554722150167 282.978534698486 283.078074455261 285.034398237864 280.475894610087 282.697558403015 283.572236696879 281.064887841543 280.581752459208 278.320471445719 269.009073575338 267.867128054301 266.710817813873 257.001837094625 257.799049218496 261.842767397563 264.648636182149 272.927443186442 268.382449944814 260.498861471812 263.956983884176 266.557017962138 264.405409495036 251.848677794139
303.671995798747 306.133468945821 309.456984202067 311.835328737895 316.048681735992 317.554732163747 315.447747707367 313.749055067698 316.696683565776 317.471921443939 315.439422925313 311.963180700938 311.050832271576 307.908594608307 306.240836779277 300.090531508128 300.058523813883 291.910270849864 292.423188686371 297.211388746897 293.725212415059 289.956033229828 290.00981648763 287.48095035553 282.77995189031 285.58741013209 283.89839331309 285.682717959086 288.920819759369 289.358874162038 290.393769741058 289.481163024902 279.037674268087 279.306828975677 276.20808283488 264.583388964335 264.343043168386 267.150561014811 269.557436307271 271.92481358846 261.837760607402 257.316470146179 255.998412768046 251.685003439585 249.475538730621 248.859306176504
302.879393100739 301.136334737142 303.975482781728 309.868931770325 312.978863716125 314.980347951253 315.916915734609 317.802528540293 317.049463589986 313.999911149343 315.499663352966 315.637846787771 311.064342657725 308.130900065104 304.186562697093 301.60923798879 297.357022762299 290.404379367828 294.084866841634 295.917153358459 296.083132425944 294.46542263031 290.984272956848 289.566198984782 285.961270332336 288.87410958608 288.62593571345 289.432942867279 293.244043986003 298.869887987773 301.282783349355 296.483238538106 287.633617719014 286.671539147695 280.49765030543 269.088745117188 265.096426010132 270.339647928874 271.586775779724 261.271238327026 250.237981478373 252.880314985911 252.782245477041 246.347705523173 245.231747627258 248.896777629852
303.88065179189 305.570701758067 306.980888048808 311.877687772115 311.716755231221 311.272998650869 315.725743770599 318.122903505961 318.140308062236 316.963096459707 314.61234887441 314.78347380956 311.23427549998 305.581470330556 302.558044592539 305.266797542572 296.503980954488 291.930675506592 291.83155298233 296.683251857758 298.848827679952 296.158373355865 292.612353960673 290.596544742584 286.724030971527 291.08057419459 293.010751406352 292.89976755778 295.694251855214 299.985925356547 303.153832753499 300.424615542094 291.770974795024 286.85994942983 275.505324204763 265.315433343252 264.25435145696 269.820312658946 266.018350919088 250.74166059494 246.083577473958 257.942140102386 256.914695103963 249.620020389557 247.053384780884 242.543160915375
303.936282793681 310.772617657979 311.521093050639 311.652660369873 309.865534305573 309.397439161936 313.505212465922 316.219528516134 313.935279846191 316.930929819743 315.809627374013 311.653733253479 310.201366742452 303.73881260554 300.6778160731 306.516706943512 300.783673922221 293.288111686707 290.690581003825 293.969591458638 294.357140858968 292.380293210347 292.098104953766 288.44678401947 285.862545172373 286.686480045319 289.708872636159 289.785504341125 290.862043698629 294.987678527832 300.330281257629 298.375387986501 289.111296335856 274.860799312592 244.809726874034 233.773390452067 248.710850874583 260.780970255534 262.370427449544 261.798501014709 265.698750813802 265.770653883616 249.135911464691 242.088039716085 250.197966893514 238.712012767792
304.603457450867 301.694333553314 300.926943620046 303.958853085836 308.061023553212 310.378273328145 308.236380418142 311.64280573527 311.6122285525 310.396830240885 311.298886934916 311.231017112732 309.734761714935 306.279341379801 301.494916280111 300.826489925385 302.702804406484 293.30978790919 288.681030273438 288.635889689128 287.944257259369 288.03163766861 287.52988576889 284.507473309835 284.579813480377 279.427846272786 280.156234900157 280.411839485168 279.803017775218 280.67680199941 284.801999727885 289.378921190898 268.069803714752 241.696079572042 212.239563465118 198.883533477783 213.134825229645 240.031739075979 261.949022610982 262.365976969401 263.212144374847 254.72088654836 238.887270291646 239.611605803172 244.443873564402 222.198287645976
307.13685353597 298.790236314138 295.586844285329 297.614892323812 304.162561893463 310.375094413757 309.834758440654 307.340999444326 307.640194892883 307.583371798197 308.363874753316 310.375253359477 310.548981030782 307.595511277517 303.188264369965 301.047643025716 301.434954007467 294.887443383535 288.423379262288 291.649540265401 290.526111920675 287.281155586243 285.452961921692 281.491915384928 280.052542686462 278.355379899343 277.457515398661 277.297457059224 275.718589623769 272.220571835836 265.591899553935 262.842377026876 242.228388786316 218.224942684174 206.777532895406 197.120487689972 186.777313550313 197.780032952627 215.841472148895 240.463117758433 251.163264115651 241.254985332489 235.697229703267 236.104488372803 226.993958155314 206.135789553324
306.915978590647 301.568190256755 296.062846978505 297.759532928467 304.19784784317 307.857354482015 308.827837308248 307.181775569916 308.676878611247 307.578682899475 308.726946512858 310.214161872864 310.237924257914 309.640089670817 305.174986521403 301.956971486409 303.324103355408 296.148896217346 291.146477063497 292.366703351339 292.244076728821 290.50886631012 287.757595380147 285.934547583262 282.191475232442 281.121154626211 279.006997744242 276.534040768941 272.968232631683 268.077472845713 258.282780647278 253.384828567505 234.269539515177 223.564982414246 226.219693819682 225.65879424413 212.43941783905 200.286030769348 191.389918327332 201.561431090037 224.19152657191 220.24933497111 212.229609489441 203.235606352488 199.758529663086 197.141687075297
306.448558966319 303.64461739858 298.652867476145 292.253931363424 297.878861427307 306.259632110596 307.729820410411 307.137270768483 306.528528531392 309.449235598246 311.877290407817 311.421910921733 309.63146686554 310.282965501149 305.640757083893 303.836941719055 303.529858589172 300.449788570404 294.993281364441 293.206254641215 291.585028171539 289.390941460927 290.958881378174 290.948708852132 286.958257357279 284.741202990214 279.901385307312 272.950291633606 266.61604642868 264.600177605947 262.445648511251 259.059548377991 241.706748803457 239.576458930969 244.724889596303 250.74048837026 256.095290184021 247.976859410604 230.703473091125 198.69609673818 199.540197849274 207.318902015686 204.979757467906 199.699103832245 204.289933045705 214.417199293772
308.197299639384 306.279758612315 302.51274506251 295.176148414612 292.299052079519 300.958315531413 306.436598300934 305.646777153015 304.337243239085 306.91518386205 311.343987782796 311.132748921712 309.412439664205 309.14564927419 306.342502435048 303.17747592926 303.991099198659 299.168586730957 296.890616416931 295.486887296041 293.941378593445 292.120258013407 290.769139925639 286.728342374166 286.969403425852 283.448537190755 267.71088441213 247.62084086736 243.032157421112 248.880922794342 256.633102893829 252.282639344533 241.840561230977 239.195108413696 248.620311419169 261.051098505656 275.417268276215 281.328936417898 272.709945837657 233.818272749583 205.444931983948 213.249842325846 223.935723304749 233.094811439514 241.513927777608 248.240351676941
306.534349918365 303.346316019694 302.447001139323 300.219655036926 293.800095717112 297.186334927877 304.48188384374 306.168516476949 302.121579647064 302.162230014801 309.799353281657 310.780882835388 308.313945929209 307.606379191081 307.580272356669 302.411278088888 302.034219106038 298.768142859141 297.404706478119 297.432204087575 296.964923540751 295.504887898763 291.472951571147 286.142408847809 285.280605157216 284.795383612315 269.306182861328 249.376157919566 246.205051740011 251.694401105245 257.951637109121 254.286090532939 250.205636024475 251.677811145782 266.807595888774 271.887938181559 277.182797590892 253.3092101415 228.562533855438 221.708297729492 229.66460386912 241.927166779836 237.823128700256 228.17987203598 226.288457711538 239.095211029053
297.507286071777 302.061716715495 300.305406252543 298.535346984863 293.986320495605 291.450182596842 303.597013155619 306.379159291585 303.22144428889 300.172686576843 305.159827073415 309.760828812917 307.464063167572 304.766913255056 304.671347141266 302.994827429454 298.76575867335 298.196037610372 296.708583831787 297.147432963053 297.195871671041 296.18243376414 294.427653153737 289.241592089335 288.210332393646 288.046618302663 282.04091389974 278.521339098612 276.32862329483 273.264785607656 271.375079949697 262.31437921524 262.030561765035 265.270511309306 260.551532109578 244.431694348653 222.072064876556 187.315424283346 167.271415392558 203.922867774963 242.348551750183 249.600330988566 231.687645117442 223.692178726196 230.42231798172 242.752353350321
287.794431050618 297.116080919902 296.703557173411 296.280105908712 295.377314090729 290.8948858579 297.986090183258 305.413564046224 308.114846547445 302.877902984619 304.632723331451 307.954410711924 307.577729225159 305.567781130473 304.078261057536 301.749110221863 296.340843041738 295.716226100922 292.793174584707 291.083772977193 292.277077833811 291.057209173838 289.877851804097 287.910143534342 288.223266601562 293.194572130839 296.846588452657 300.493240356445 282.815933227539 280.490775903066 272.456328074137 259.094953536987 259.24684604009 243.579427401225 210.556288560232 186.665256818136 174.857477347056 162.685106197993 154.008785883586 173.822999000549 201.377987861633 225.479563077291 232.618451118469 247.679988543193 276.64585908254 283.536811669668
