input/barkrak2/radiation/dir15124.grid
NCOLS 85 
NROWS 70 
XLLCORNER 665100 
YLLCORNER 4664600 
CELLSIZE 20 
NODATA_value -9999 
[rows 0 to 19 of 70, columns 0 to 45 of 85]
350.051919619242028 353.093306223551 352.993369102478 349.307735761007 344.139575958252 339.174191157023 331.16881052653 325.019776821136 329.939583937327 328.796029090881 325.63728094101 333.490610122681 339.859962463379 339.728752772013 342.758377393087 352.407217025757 354.090452194214 343.68105729421 333.707253138224 323.779364426931 302.082220713298 297.422409057617 314.025620619456 321.013391017914 317.682643731435 316.398024559021 315.376122792562 306.644062201182 288.057168324788 280.898213386536 279.818216959635 284.824331601461 294.588883717855 300.163646539052 306.992848714193 299.524406592051 296.588997046153 305.027862389882 302.911659081777 304.88799015681 294.793486595154 276.147643725077 286.369999249776 309.603412946065 315.104424953461 306.560297807058
343.165636062622 349.059899648031 349.152723948161 349.032680193583 347.322543462117 343.437830607096 332.85649617513 322.564502557119 325.655420621236 327.477236588796 322.057843208313 328.121781349182 336.647391319275 337.564826011658 336.426893870036 340.985695521037 341.853578885396 339.425643285116 337.621410687764 330.496529738108 315.161009629567 307.000319163005 311.828335126241 316.815892855326 316.055774688721 313.13568353653 311.360716819763 306.240975856781 291.30756855011 281.166394551595 282.474239667257 292.254348595937 291.115880012512 294.953942298889 305.849293867747 298.27606678009 291.61282380422 292.980233828227 288.023372491201 303.541382153829 301.22188727061 288.989921410878 296.024441719055 315.260946750641 320.801575978597 309.661587079366
323.466241359711 322.578310966492 327.785531679789 334.833900133769 337.133328119914 338.171402613322 339.362899462382 336.341619491577 333.059509595235 329.729278882345 321.528077125549 321.958978970846 330.121556917826 332.45595296224 328.195254007975 331.529517968496 334.842284520467 339.56257502238 341.589728991191 337.121327718099 332.549472649892 323.173960049947 315.495133399963 314.210414886475 315.365374088287 315.922300020854 310.467978318532 303.906540075938 292.830268541972 280.950486660004 278.939088185628 291.542530059814 278.660078843435 285.938541094462 301.098823547363 295.410831769307 280.407627423604 272.735178470612 285.973270734151 303.478439648946 304.990986982981 305.01518646876 307.091395060221 321.169316768646 330.570956071218 318.030714988708
304.480036099752 303.352574507395 306.358714898427 308.672626813253 308.643976847331 313.475330670675 316.797574361165 324.83704884847 332.76621500651 336.801608403524 334.108630816142 331.969201564789 332.739512125651 331.939816474915 328.279217084249 322.21508026123 324.707627296448 330.333173274994 336.976726849874 338.404059410095 336.270689964294 332.804520924886 331.23121658961 324.835777282715 322.941203912099 323.942343393962 318.703750769297 310.149232546488 301.640609900157 292.18461116155 282.597422599792 290.486176808675 279.268046220144 285.678764184316 292.361299196879 293.505251407623 286.966264247894 284.533818562826 302.954792976379 315.195620059967 312.416275342305 304.563581943512 300.905744234721 309.087693691254 320.424139499664 322.609961032867
320.507903893789 306.693116823832 289.942999680837 280.573427677155 283.817609151204 295.831680297852 310.630222161611 318.460742632548 323.589046796163 326.56854391098 335.132042566935 340.648094813029 342.178463935852 341.585715611776 339.043378829956 335.686882336934 333.787520726522 329.078733921051 331.643422444661 336.366573969523 335.746685663859 335.517048835754 339.075326919556 333.527485529582 328.691522280375 327.884316444397 323.064764340719 314.304927984873 305.777827898661 300.357619921366 299.069980780284 297.488629817963 290.760636329651 292.803486188253 290.384888648987 294.154047966003 304.130454858144 309.618910153707 318.338612715403 323.446075121562 321.099499861399 313.639223575592 306.169629096985 302.324036757151 307.944774627686 327.586392561595
342.924515406291 323.930422465007 303.289731343587 285.540799299876 276.911934216817 286.136527856191 304.75785334905 316.527724266052 318.854908148448 319.10765171051 324.410557746887 331.896503766378 336.539506912231 338.27273050944 341.864585876465 341.723163922628 338.270823160807 331.082085768382 329.903542995453 333.21879307429 332.805216312408 335.969527562459 341.692527135213 338.910023371379 334.981203079224 333.305776119232 327.383081118266 318.420767784119 308.26610326767 301.620682080587 301.547090212504 298.238178094228 302.405039469401 308.088839054108 302.998185157776 300.298909346263 308.563391367594 315.902809302012 319.629152615865 319.704174995422 320.644597212474 316.784183184306 314.006706078847 313.198784987132 311.904489994049 316.464841365814
346.24981880188 337.056159973145 326.337297757467 313.012917836507 296.251714229584 284.31628147761 290.76619942983 311.697800954183 320.493857065837 325.428684552511 323.791086673737 320.572435855865 317.92151927948 314.522008101145 316.051443417867 325.311601161957 330.915192763011 336.214025815328 338.053623835246 338.395913441976 334.545691808065 330.758372942607 337.788303693136 340.017755826314 338.146408398946 339.046239852905 335.580070813497 328.012843926748 317.935208479563 311.131834983826 306.88879887263 308.229128519694 321.521878242493 326.768398284912 324.668526649475 317.971348762512 316.464006900787 319.816788037618 322.992165883382 328.278323014577 328.241984049479 324.147383371989 320.297658443451 314.675052960714 299.524664878845 293.288906415304
343.555847803752 343.305230140686 340.898990631104 334.00022983551 321.274081865946 299.882312615712 280.760864416758 282.452007134755 308.876514434814 325.188100337982 328.3505042394 325.835605462392 320.646643638611 314.887483914693 306.513249874115 308.966954549154 316.210587819417 325.851599375407 336.813608805339 342.511415481567 341.465512911479 335.371375083923 335.632006327311 339.002688725789 339.134256045024 340.955058733622 340.185403823853 336.055994033813 329.634249210358 325.808306535085 323.31661383311 324.355562527974 333.55450630188 336.310466130575 335.909803708394 332.307438055674 326.998829841614 323.109408219655 317.313730716705 323.218981424967 330.986122290293 334.583401679993 333.577553431193 325.088560581207 308.975954850515 293.242653210958
340.394258499146 341.073234875997 341.205437978109 339.423576990763 334.394256273905 323.740859826406 303.804139296214 280.976812044779 288.623372713725 307.727535565694 321.70037428538 326.094667116801 326.277891794841 325.022796789805 319.600423177083 315.340141455332 312.379618485769 315.474887688955 324.564834435781 334.211866060893 339.84653155009 341.843207677205 339.935660362244 337.446928024292 338.000734647115 341.179450352987 341.627677281698 339.775323867798 337.463577588399 338.180065155029 338.738203048706 338.23299407959 340.784629185994 341.653267542521 338.661074638367 336.941083272298 333.487987518311 325.984160105387 312.275409698486 315.242191155752 330.199281374613 334.397633870443 331.473827362061 327.128569285075 318.165024121602 308.833281199137
330.738544464111 335.096915562948 336.75750096639 337.23771572113 336.187362670898 336.255311965942 329.849084218343 317.578275998433 294.49059565862 288.00360361735 299.326141675313 315.969149271647 328.276733557383 332.688490549723 334.372997283936 330.978751182556 322.383364041646 319.319784641266 318.872392177582 319.792707761129 325.32395919164 329.109132289886 331.445157527924 333.150227864583 335.92160542806 338.127811749776 339.874505996704 338.696718215942 338.056445121765 340.2259349823 341.087102890015 341.098388036092 343.641837437948 344.684282938639 342.908143997192 339.491407076518 337.409337361654 332.930286725362 314.982930819194 311.671634515127 325.055440266927 326.976557572683 325.207074483236 323.024332523346 314.866324265798 305.559317270915
300.205171108246 309.876640637716 317.649741967519 323.382337888082 327.951014041901 332.097212473551 334.294120470683 333.073675632477 317.017336686452 298.330843448639 287.132581075033 293.82054011027 314.065297444661 328.973968823751 335.855007171631 331.214547157288 327.53853003184 323.344806830088 319.545686244965 314.787268638611 315.068443616231 314.843396345774 316.519836584727 323.789815107981 329.536219437917 332.675894101461 334.276755650838 333.789626757304 336.195548375448 338.705738385518 339.808662732442 341.170112291972 345.076640446981 345.708131790161 344.250957171122 341.251611709595 340.443968772888 340.305646260579 329.090853532155 317.579805850983 321.751217047373 324.922601381938 326.515297094981 326.415797074636 319.21249628067 310.579498608907
268.096566200256 271.703839302063 278.798003991445 288.775066534678 300.976753234863 312.727252642314 324.706236521403 328.412095705668 329.283932844798 321.56632343928 303.891023000081 288.203914960225 290.029525756836 308.23544661204 324.206789334615 324.866672356923 329.432288805644 328.454772631327 323.158780733744 316.578010718028 310.923635959625 308.655540148417 308.735648790995 315.054138501485 320.046146710714 322.677572568258 324.090520540873 326.0311683019 329.797863960266 332.312365372976 334.620515505473 338.12419573466 341.819087664286 341.985623041789 340.825796127319 340.130766232808 342.405954996745 344.148874282837 341.314395268758 332.125663757324 330.088714758555 333.075006802877 335.842887560527 335.71712176005 329.606950283051 327.074686686198
257.77546564738 253.974914550781 251.033266385396 251.982947190603 258.899092674255 272.249499956767 292.703092098236 309.884230295817 328.619321187337 330.154041449229 323.603053887685 308.195650577545 286.535143852234 284.626762072245 303.198556105296 320.327719052633 329.618831475576 330.885608990987 328.487078348796 323.594609896342 317.968249320984 317.026714483897 315.850257873535 316.517253716787 316.16884469986 315.056641896566 318.031052748362 323.658108711243 324.986616770426 325.874050458272 328.863342603048 332.393268744151 334.081252415975 334.0957959493 334.656039873759 337.037483851115 342.603921890259 345.611929893494 344.937403996785 343.414187431335 341.588298479716 341.054757436117 340.526421864827 339.892466862996 333.819588025411 330.912470817566
252.756158510844 227.911671002706 212.180972099304 206.917305787404 204.312682151794 210.144499937693 229.100267092387 260.533849398295 292.999307314555 318.294624487559 327.599088350932 328.081985314687 317.548175652822 298.234423001607 296.205838521322 315.536499023438 326.379934946696 332.283914089203 335.400899251302 333.860039710999 327.913403511047 325.740436712901 323.734601338704 322.822988033295 321.974794069926 320.090035597483 322.648167610168 327.808698018392 326.753516991933 322.515686353048 326.239804426829 329.582651456197 330.995142459869 331.312278906504 332.014838854472 335.878769556681 339.387933413188 341.539303461711 341.928720474243 341.157992680867 341.961940129598 343.091607093811 343.80563100179 341.537237167358 336.692571640015 332.59375890096
237.150231997172 203.038314978282 181.006928284963 176.836510499318 176.4790614446 181.202530860901 189.406077067057 214.389463265737 239.020307858785 283.726374308268 323.888520399729 338.839411735535 340.680877367655 332.302153110504 314.390500386556 311.241785685221 315.557479858398 325.789670149485 334.290504455566 337.275425593058 336.707949638367 333.742062250773 332.699517409007 331.157525380452 327.441573143005 326.002697149913 328.442096710205 329.665144284566 324.777821699778 322.687685489655 326.278746128082 328.390598297119 328.646779060364 328.825434048971 331.033229827881 333.353241284688 333.551406860352 332.979083061218 334.474126497904 334.366718928019 336.314916610718 339.784224828084 341.994047164917 340.46745300293 336.8132909139 335.056066513062
202.349682648977 177.384495735168 161.466896533966 157.867858807246 173.730353514353 195.383429527283 193.493187427521 199.690520763397 220.279335975647 248.786389827728 294.926206270854 336.172262827555 345.645070075989 344.629049301147 336.567997932434 316.78299109141 309.052109718323 310.932954152425 322.847008705139 336.07296148936 340.028087298075 337.340831756592 338.257789611816 335.557659467061 331.318000952403 331.382791201274 333.239177862803 330.797473589579 325.64910252889 328.067938486735 330.172121524811 329.819778601329 328.159431616465 326.751291751862 327.200313409169 326.813260714213 325.837194919586 322.163422902425 323.677698771159 324.739654858907 326.882421970367 330.25191227595 331.769665082296 330.849270025889 333.600322405497 335.525512695312
178.755164146423 169.293701648712 158.830245335897 149.869412183762 154.459635416667 177.592178185781 196.806311607361 200.68347454071 213.43719959259 227.5537053744 250.260969003042 301.152646541595 340.967575709025 343.597094217936 341.208457946777 337.206363677979 330.364902814229 320.358395576477 313.303053379059 320.22355000178 334.368785222371 338.99728457133 340.602318445841 338.347514470418 334.673841794332 335.603594779968 338.55680624644 335.789601008097 331.870178381602 335.535566012065 336.285909016927 330.282727877299 326.937556266785 325.143277645111 321.236987908681 320.479134718577 317.759931087494 316.970447699229 316.194415092468 318.397839864095 320.385257403056 321.296155452728 323.065857092539 324.706514676412 331.917643547058 335.508108139038
170.23495833079 173.447867234548 173.040807247162 161.495417356491 145.257949829102 153.864016135534 185.654242833455 201.459368069967 219.910740852356 230.93581199646 239.520768324534 265.999933083852 313.61315647761 340.175032615662 343.532482783 344.218134880066 343.671758969625 337.949911753337 326.423227787018 315.161188443502 323.020815849304 337.063988049825 338.278651237488 337.159911791484 337.398966153463 340.963800748189 343.244751294454 341.492891311646 339.006821314494 340.511679649353 337.269147237142 331.210990746816 327.84769932429 324.201683203379 320.456663767497 317.718863487244 316.287557284037 316.57079855601 315.476536750793 316.881974538167 318.769097328186 319.979190826416 318.912088871002 321.738759676615 328.603208065033 334.008495012919
179.734845956167 190.685232480367 198.087851206462 189.492344856262 167.523662249247 164.837737878164 185.411294301351 205.425282319387 224.048932393392 246.625741322835 253.157277901967 262.325723965963 287.533124287923 321.529606978099 338.62566947937 343.398650487264 343.451976776123 342.840909957886 341.074705123901 331.669747829437 319.191416104635 328.23367913564 331.793189048767 336.008787155151 340.534130732218 344.164848327637 345.686634381612 344.211538632711 340.126514434814 339.63942527771 335.572004318237 331.494688987732 327.97892888387 324.528972307841 322.311560312907 319.578210512797 318.519234657288 316.75789753596 316.188434759776 318.420092264811 320.323904355367 321.393171946208 321.069558461507 323.333382606506 323.268135388692 331.488331158956
192.953407764435 198.202570279439 210.781296094259 224.031845728556 210.259656111399 181.002418200175 183.54344367981 194.123804569244 214.105586210887 238.5134100914 253.225882848104 255.00492254893 267.181714375814 283.399740854899 313.435653845469 335.668444633484 338.99180094401 339.281757672628 339.975833892822 339.832385381063 335.675001144409 327.624281247457 328.32125822703 333.667755126953 338.741540908813 343.120654424032 345.818320910136 343.84286403656 338.149348894755 337.69679069519 333.879590034485 328.915655612946 325.605829556783 324.628452459971 323.51150115331 320.951362450918 319.246093432109 313.966810703278 311.822732289632 317.98928976059 322.462340195974 322.562058766683 324.26929473877 324.19608036677 322.526196638743 327.545603116353
