input/barkrak2/radiation/dir16824.grid
NCOLS 85 
NROWS 70 
XLLCORNER 665100 
YLLCORNER 4664600 
CELLSIZE 20 
NODATA_value -9999 
[rows 20 to 39 of 70, columns 0 to 45 of 85]
211.53446038564 204.951167106628 221.524874369303 263.248165448507 258.48925113678 206.858615080516 191.538492838542 195.585370063782 208.552479743958 230.58686653773 244.365096092224 254.092752933502 263.322512308757 276.618838310242 291.554868221283 324.79731241862 336.636265118917 339.655637741089 344.152530034383 350.110769271851 351.16982460022 346.122185389201 345.276594161987 346.688985824585 347.596128781637 348.683794339498 349.278410275777 345.978061358134 341.284990310669 340.970357259115 335.443496704102 325.794021288554 318.443198998769 315.621217091878 314.615686734517 318.818032741547 319.070061047872 321.285724639893 325.606942176819 329.246938228607 328.845878442128 328.881164391836 330.787976582845 325.819432735443 329.735060532888 332.905173301697
236.247817675273 237.47181892395 257.840315500895 288.331627845764 282.435476779938 222.246030966441 204.157710075378 202.747384707133 210.303028424581 224.251210689545 237.409353256226 245.205243428548 255.500515302022 261.369089285533 277.603348096212 295.247077941895 326.406439145406 335.213541984558 340.062300364176 347.142338752747 350.409030914307 353.013118108114 354.046662648519 353.531320889791 350.982745488485 347.628355026245 344.267129898071 340.922951698303 339.636206626892 333.043853441874 317.379057407379 290.743867556254 272.562563419342 271.844764550527 279.664099216461 297.481656074524 304.513136545817 318.030138810476 325.618624687195 326.438168684642 324.880222479502 322.938958803813 317.960103352865 305.753986040751 323.463976383209 329.903503259023
274.157047271729 283.157149950663 293.477694193522 303.609331448873 303.598940372467 255.66953420639 224.687298138936 208.078940709432 207.38422870636 219.02459859848 235.684990882874 244.456887245178 259.127736091614 266.898254553477 273.894091447194 287.171145280202 303.199350833893 325.711846351624 334.910154342651 336.057742436727 338.711142539978 347.546378771464 350.933710734049 350.748340288798 348.291516304016 346.978227297465 344.372510910034 340.390761693319 327.625532944997 312.011877695719 268.660585085551 218.193411827087 198.586821556091 216.750244299571 244.674980640411 268.661816914876 284.885724385579 303.67918809255 314.898331960042 317.814509073893 320.58709859848 319.950004418691 299.682835737864 281.630456447601 305.346171061198 327.387074629466
291.794578234355 295.946876207987 300.019303957621 308.082461357117 307.849725087484 289.231836795807 249.548474947611 217.699766159058 202.296058336894 207.415322462718 232.730825742086 246.135075887044 261.86462243398 278.969009717305 281.016727288564 286.678373813629 298.297723134359 313.621838887533 324.743012587229 325.2880970637 323.874195416768 327.425678571065 336.295922597249 342.108289400737 342.846592267354 336.667537689209 322.13020324707 304.232637087504 278.615534305573 236.133615175883 196.990748246511 172.154208024343 147.766004006068 148.144195477168 162.040362755458 196.932315826416 237.393895785014 263.50736618042 280.686378479004 288.921773433685 288.450519243876 275.132695833842 260.224600632985 292.471408843994 289.54557577769 321.497281392415
283.540467421214 286.115864912669 298.425833384196 309.819897015889 302.188674608866 291.225691636403 258.130133152008 233.435750007629 215.7923579216 208.982209364573 225.072701772054 242.532928784688 255.322813987732 273.982485135396 280.602872371674 283.734381198883 294.186691443125 306.778013706207 316.374142964681 317.903260389964 321.595629056295 318.547447522481 326.903661092122 316.612601280212 305.757164955139 298.604389031728 291.694740454356 280.320703983307 247.842669487 191.147367159526 169.470032056173 167.069852352142 150.414725144704 129.442791144053 121.239910523097 135.046501954397 182.493964831034 218.657851219177 244.980812072754 257.227301597595 247.360666592916 225.65750281016 246.078332265218 307.657659053802 299.55381155014 324.403723080953
278.683284918467 282.552182674408 296.005447705587 305.852313836416 302.902579307556 291.448374589284 266.775806744893 257.821122805278 247.127970059713 231.84609413147 232.240955034892 254.150708516439 266.944785912832 280.28404712677 287.117063999176 286.613583564758 291.561484336853 303.314805030823 311.495820681254 317.035714785258 328.490734100342 318.434198697408 297.337333361308 294.194340705872 294.806440671285 292.637467384338 280.933181444804 267.439881960551 224.187473456065 195.437073707581 194.519877433777 211.539606253306 216.608643531799 193.734049797058 159.958382447561 139.828463395437 157.241185506185 185.293515523275 226.392010847727 241.067588329315 222.887873649597 214.055101076762 253.551522890727 290.345887343089 312.98033396403 334.148486455282
280.766169230143 282.55961338679 291.414201259613 302.004754543304 315.519690513611 299.477775891622 280.912141005198 268.053789933523 265.859087308248 262.746532758077 254.907429218292 270.120620727539 280.685583750407 294.500708580017 298.902153968811 293.40128103892 294.216851393382 305.600762367249 313.465436299642 319.646835327148 313.936332861582 308.491985003154 304.468631744385 298.922340075175 296.103378136953 291.968464851379 279.85159556071 267.398258050283 230.166653792063 224.184532960256 246.403614679972 269.46884393692 273.398677508036 286.87043984731 269.031047821045 183.610260486603 168.445785840352 182.467778523763 206.447382767995 239.097019036611 231.749216715495 263.024051984151 254.990537961324 267.077008883158 303.018510341644 322.183609008789
285.009662310282 281.222343444824 284.539898236593 297.652026017507 335.093180338542 307.557582855225 284.418861071269 266.614258289337 266.872505346934 275.111099084218 270.912845929464 274.594724178314 289.245009422302 299.538234869639 301.528175671895 302.338242530823 302.007138729095 307.452261447906 308.891554673513 309.911131858826 308.310886224111 300.591905911763 299.327274163564 304.943521817525 303.013741970062 298.713167508443 288.747787475586 278.155167897542 251.796722412109 250.008384386698 274.82541402181 289.458394050598 287.353575229645 301.280816396077 329.754094282786 264.514903227488 199.315448602041 186.523695786794 200.70093870163 242.779612541199 269.067188103994 313.711841901143 264.95349407196 258.031785488129 290.691018104553 302.365084489187
281.947394212087 274.356047312419 278.423686822255 304.119209448497 345.600446065267 306.46288394928 274.588425954183 261.22260093689 266.87236626943 277.671754360199 273.604353268941 272.432744503021 289.300441741943 299.147407213847 304.778575897217 307.946483294169 305.110573768616 294.090330600739 302.846848964691 303.060332934062 304.007907708486 298.935035864512 297.557314236959 304.342309633891 307.717641194661 302.188177903493 297.552645206451 286.66086991628 262.965937455495 256.851216157277 280.022462209066 298.490564028422 296.697974205017 294.817705949148 317.438383897146 324.206610520681 236.088871955872 178.424656391144 170.233309268951 213.982443014781 277.62641509374 293.186863263448 256.609459718068 235.560754934947 262.933293978373 277.348677317301
274.275243282318 266.672352949778 275.540471076965 314.495404561361 342.231671015422 302.453835805257 268.183668454488 250.742514928182 249.150951703389 256.072262922923 255.483051141103 263.453046480815 283.445139726003 302.709996700287 303.663631280263 308.170219262441 304.517328739166 291.943609714508 294.775485992432 297.046403090159 295.873761177063 297.592063744863 299.495915571849 304.699619611104 306.903302669525 305.50209681193 304.148634274801 292.556385199229 270.61673005422 265.863637129466 284.670472145081 302.79403924942 297.928233941396 294.360319773356 303.331017494202 324.607113997142 314.635972181956 241.672158241272 192.363242308299 201.305111249288 236.672421296438 251.90540154775 250.712513923645 221.516410509745 235.485772291819 263.279954592387
262.193620204926 272.627631823222 301.990787188212 347.644050916036 350.407679875692 307.435949643453 272.564192612966 244.603753089905 237.439751625061 248.411814371745 243.400156497955 242.211957772573 275.564769903819 300.370752811432 303.398827711741 309.050818284353 307.622075080872 299.957275390625 299.018700917562 297.914246718089 297.270099322001 303.557495276133 306.222180525462 305.232167243958 308.220187822978 311.541179815928 310.759902000427 300.918837388357 283.309400081635 278.443336486816 290.103952089945 302.836358547211 300.374408562978 299.481491247813 302.661677201589 305.175622304281 330.246011416117 343.968311945597 279.606600602468 232.613523801168 220.374087492625 210.974315802256 226.024190584819 224.457760651906 231.467922528585 268.113017082214
280.702531337738 305.282374223073 322.067936261495 326.261242230733 355.840603510539 338.847597440084 305.358350276947 267.223258813222 251.41038497289 266.583263874054 261.432389418284 241.397082805634 263.261040051778 293.4463818868 305.628557999929 310.186862945557 307.905515034993 306.266188621521 300.800164540609 301.472465197245 303.447822729747 306.417206923167 308.750092983246 308.145403862 309.738675753276 317.31383005778 319.335361321767 315.075874328613 301.173786322276 294.087787469228 296.996335188548 300.401568412781 302.076816558838 306.109229723612 308.387398719788 296.552975972493 305.578132470449 344.799359639486 344.152410825094 285.80105304718 237.262765566508 209.699273109436 210.165619850159 228.715161482493 253.100514411926 283.007780710856
309.287548065186 316.496630509694 304.426888624827 296.481231848399 315.59286514918 338.477969169617 335.280458132426 307.888189951579 285.324156284332 287.860592206319 292.294402917226 268.120507399241 264.31002219518 288.673599561055 305.546442667643 309.170444806417 307.695388793945 311.053156852722 304.297824700673 303.30495039622 307.240645090739 310.023665428162 308.378477891286 309.241195519765 311.587591965993 318.829973538717 323.713560899099 323.677738507589 310.261309146881 301.083246866862 307.031313578288 309.498985608419 305.156389872233 307.430962721507 311.643004417419 301.795363426208 300.985773404439 321.834405263265 328.730960687002 305.857598781586 276.542147000631 234.220286210378 215.611676375071 222.942809263865 244.645714759827 277.941604455312
297.223607699076 288.526157538096 280.776500701904 269.532839457194 269.871175289154 291.103045145671 313.511888186137 312.939643859863 304.426610469818 306.918978691101 307.57733186086 292.080283164978 283.772468566895 294.547080993652 308.03245306015 306.788663069407 307.175536950429 310.502052307129 303.645769755046 306.272188822428 306.514104207357 309.153397878011 308.051904042562 306.606610616048 309.18276309967 315.797905127207 324.100275834401 321.089645226796 313.225587209066 308.201352755229 312.988976637522 310.611685117086 300.133486588796 299.899319807688 304.470101992289 289.388438065847 286.51503721873 288.080632686615 284.125427405039 290.486375490824 299.809773763021 265.689531962077 236.965596675873 227.904816468557 229.526321093241 252.378741900126
289.200822512309 277.834057807922 284.26456451416 269.62274312973 261.35241985321 273.335496584574 300.588031609853 326.802213986715 325.565656026204 314.059893290202 302.281061808268 302.91360616684 310.809969902039 311.74373626709 310.519476731618 309.718132019043 310.029725233714 308.075586954753 308.158655961355 310.928702354431 308.797677357992 308.392783006032 308.057089646657 306.728680928548 309.194306532542 311.598082383474 317.474742730459 313.813368479411 313.095251719157 313.440918922424 314.523577690125 303.85955174764 288.57696056366 294.158101081848 293.625136216482 277.585128943125 278.224567572276 278.462449709574 286.827127138774 310.984035332998 309.371372063955 295.132994651794 273.160497347514 259.702881177266 241.769353548686 232.317248980204
310.141245524089 304.398894309998 314.262986183167 308.961013952891 298.650840918223 303.621292114258 320.961793263753 344.524145126343 340.710560480754 316.55889749527 301.305731137594 311.982989311218 324.825644493103 322.436928749084 318.286299705505 319.884618123372 314.429720242818 311.202486356099 313.569863637288 314.700384934743 312.636574109395 308.225373427073 308.496097723643 312.236189842224 309.112230936686 310.283243656158 312.35005458196 310.390949249268 311.148862044017 316.854516665141 313.655217488607 303.136567274729 290.087441603343 290.794312953949 284.441590309143 280.281662940979 285.321036974589 285.494903723399 297.887225945791 329.916894435883 298.406700293223 283.866663773855 274.245699246724 268.501321474711 252.015789349874 228.094081083934
337.355454762777 334.150671958923 336.317499478658 339.141090710958 329.813798268636 323.359807332357 327.921768029531 342.838962872823 340.749343236287 313.387036323547 305.067737897237 318.089524904887 331.843117872874 324.110468228658 319.393475850423 322.317083676656 326.051811377207 317.625900109609 319.100896517436 321.078737576803 318.251490592957 313.958168029785 312.026222546895 313.903490702311 310.401956240336 309.94854370753 311.338265736898 312.937140464783 314.350167910258 319.214979807536 315.805713335673 305.672903855642 292.678892612457 286.490062872569 279.383599758148 284.589648246765 291.183749834696 289.802769819895 292.95539855957 318.175911903381 289.520740509033 247.657219568888 234.577695528666 229.025483131409 226.185997327169 220.207075277964
351.285139719645 348.05162747701 342.444658279419 343.530416488647 338.055332501729 329.435288906097 325.585683186849 330.949147542318 338.286161422729 320.82204023997 321.270883083344 330.339968204498 330.634752909342 324.625293413798 322.945634524028 325.291792551676 331.142644087474 327.289640903473 323.178132375081 324.152032534281 322.712043921153 317.758282025655 314.78363275528 314.597249031067 312.188466389974 311.309536298116 311.515927314758 315.188666184743 315.48023223877 318.01054875056 317.672570546468 307.997186978658 296.064595381419 280.280967553457 272.408286730448 287.585139274597 297.63662815094 295.108199119568 284.924070040385 302.202979723612 290.123522281647 223.011910915375 193.626523017883 180.885910987854 180.824716885885 187.061270078023
355.835835138957 358.065525690715 356.442014376322 353.742043177287 349.189043045044 342.835267384847 334.820906321208 329.48245604833 331.940432389577 330.914437770844 339.733640352885 340.05872408549 332.492609818776 334.595640500387 328.291217486064 325.174967447917 330.64725001653 330.875277519226 326.13335053126 323.43848546346 321.873923142751 319.558302561442 313.392380873362 313.969075679779 313.188016414642 315.341472625732 312.164664268494 314.176042874654 316.764354705811 315.855185190837 317.588905493418 312.062422434489 291.331509749095 269.331196943919 278.003374735514 299.341837565104 302.230616410573 295.794069766998 279.080033302307 285.238305727641 311.697443326314 268.823345502218 211.389382680257 182.612617810567 168.787360191345 165.775567293167
347.837607065837 350.529829661051 350.895444552104 353.842655817668 357.355356216431 359.258850415548 358.035922050476 354.390064875285 352.387309074402 355.05477587382 352.164189020793 343.261957168579 338.424921035767 334.506670633952 333.770632743835 327.499389648438 330.45905828476 329.614202181498 323.254744211833 321.723898251851 323.554734388987 323.019504547119 320.07356484731 315.100769201914 312.227249145508 313.291986783346 315.077404181163 316.033959388733 318.336129188538 318.267067273458 316.819866498311 313.047468662262 287.040293216705 269.875268141429 291.634678840637 306.411365667979 301.778058211009 297.356863816579 283.768276373545 278.284986813863 314.652482668559 343.790491422017 294.258157412211 241.38222138087 198.494633038839 167.793293793996
