input/barkrak2/radiation/dir14624.grid
NCOLS 85 
NROWS 70 
XLLCORNER 665100 
YLLCORNER 4664600 
CELLSIZE 20 
NODATA_value -9999 
[rows 40 to 59 of 70, columns 0 to 45 of 85]
330.346425374349 331.158220767975 331.109782059987 332.916220029195 337.159236272176 340.280810991923 342.657923698425 345.413208007812 346.224149068197 337.617993354797 328.365127245585 324.870844682058 322.155157725016 319.974382718404 317.879458268483 316.397448380788 315.368851025899 313.926418622335 309.373319149017 307.290554046631 310.122927029928 313.315192858378 313.073674837748 308.844089508057 304.936826229095 303.144832452138 308.24210246404 309.132476647695 309.062838554382 308.608571688334 306.256492932638 303.743084271749 280.736287434896 277.089158693949 299.161434173584 299.543440341949 289.910634358724 289.097627003988 290.023704369863 279.840052127838 289.203604062398 326.443135738373 339.306632677714 290.364801883698 229.270180066427 187.572836875916
335.068504015605 333.332339922587 333.496530850728 334.110657374064 332.075277964274 330.656111240387 329.885522524516 330.442865689596 333.016594250997 327.400267124176 322.469651699066 322.820862134298 324.264744917552 323.511282602946 321.47890329361 318.918506304423 314.46784734726 318.623801072439 318.146705627441 312.860548496246 313.583592573802 313.711007436117 313.874344031016 314.091940720876 314.079801241557 309.336344401042 311.963498592377 311.860044797262 311.539769172668 309.950411319733 308.642228444417 304.697553316752 287.209510803223 288.558383782705 299.526492754618 290.676375230153 275.967876116435 275.337020556132 282.074491182963 287.684182325999 304.05314763387 316.858132680257 326.751828193665 319.132288297017 271.663765112559 224.458396434784
336.76819006602 335.170984268188 337.077776590983 336.47886912028 332.155446211497 330.175975958506 329.185287157695 328.115880489349 327.680548032125 324.732422828674 322.856783866882 321.769833564758 324.629346529643 324.965914090474 324.984192848206 322.013119856517 318.932215372721 323.126037915548 323.683778444926 317.974309126536 315.379679203033 313.68096669515 310.068229834239 310.734788576762 312.878251075745 309.608519077301 305.957317352295 308.2408507665 309.682746728261 309.175968170166 306.916435559591 300.239086151123 293.980697790782 297.461092472076 297.192295392354 279.675602912903 264.13102944692 269.409239292145 283.66619348526 296.367287635803 305.028756459554 303.304731845856 298.203786214193 298.865993817647 279.045363267263 228.649854660034
327.96315352122 329.864660898844 335.010449091593 333.268324534098 333.865722020467 335.524837176005 335.318168004354 332.758108774821 326.744655768077 325.153132279714 326.560378074646 323.295692602793 322.663466135661 325.634698073069 325.154503186544 323.755462964376 323.626001675924 324.170053005219 325.03068447113 320.676068464915 316.106796264648 313.31592798233 310.622314612071 307.843168576558 309.029797712962 308.879415194194 304.142375787099 304.898162682851 307.00292189916 305.159250895182 302.037497361501 296.275516351064 296.543697516123 299.019078413645 287.074208259583 264.915029207865 259.991486867269 273.700972398122 292.502045631409 296.93466424942 296.642025311788 292.53101348877 284.363806247711 279.350221157074 268.071234226227 235.19363005956
327.65257358551 331.550757090251 332.617441813151 332.574486732483 333.199818929036 334.53114827474 334.925174713135 332.254827022552 330.169796943665 326.440850893656 327.698389689128 325.319826602936 323.358476161957 321.683347225189 320.607463518779 321.097373962402 319.098512331645 321.619888146718 323.300937811534 320.836583773295 317.067503929138 313.222507635752 313.332498073578 311.305006345113 308.447996775309 312.019149462382 313.027004400889 309.985041618347 306.295275688171 303.680539131165 297.303517659505 292.206346988678 292.68221060435 289.051115512848 277.533491452535 262.05050945282 263.881723086039 279.914756615957 294.703006744385 291.84627532959 292.808810869853 285.327215989431 273.355861504873 266.398469607035 262.142856915792 247.693101565043
331.825852394104 333.904306093852 332.132399082184 333.736499150594 332.334677378337 332.520206769307 332.862754662832 331.610461076101 332.734008630117 329.639534155528 329.308291276296 329.114079475403 325.428366661072 321.597456932068 321.279903252919 322.914004325867 319.269299507141 319.079875946045 323.260982831319 319.954077402751 318.659563859304 315.792838732402 312.533060709635 312.196254730225 311.8976354599 310.870329538981 314.446032047272 310.163458188375 307.043751080831 303.736587365468 297.478457291921 292.902529239655 291.068454583486 281.508088111877 268.528680006663 255.147695541382 261.107325553894 278.984665870667 286.12740834554 278.887550036112 284.127235412598 275.939345359802 264.856119950612 266.918857892354 274.188419183095 261.335670948029
331.79372549057 332.103033860524 333.489974339803 333.782513936361 333.477139472961 332.995374997457 334.105531374613 334.481438000997 332.889119784037 332.554539044698 331.323663393656 331.041912237803 329.075594743093 326.342046260834 325.155774752299 326.608339945475 325.204094250997 318.949341773987 320.961534976959 320.926467577616 316.571394602458 316.097259521484 314.552883307139 311.109860738118 313.679575920105 308.758636315664 306.776483853658 306.857307751973 306.675652662913 302.292346954346 297.744552294413 293.966253598531 289.440353711446 279.388467470805 267.031987508138 256.70333703359 264.026363690694 276.998996734619 275.484343369802 276.757558186849 282.949388027191 272.013306617737 268.550237019857 275.943179925283 283.268451690674 271.333376566569
328.205784161886 329.119741916656 332.411547501882 332.92293548584 334.095239639282 334.641178448995 333.68988831838 332.659761110942 332.862854003906 334.797143936157 332.511226336161 330.631196498871 329.946517944336 329.186757405599 326.829274495443 325.427412986755 322.400311628977 317.433893680573 318.752328554789 319.133539994558 315.991361935933 315.311868985494 314.436813195546 307.975927988688 309.903681278229 307.241082191467 302.843789259593 302.481710910797 302.743474642436 299.707929293315 295.757412910461 295.950313409169 287.351409594218 283.06382894516 278.458019097646 267.684419949849 269.444147745768 275.349676609039 277.719775835673 285.106440385183 281.324505805969 273.94433816274 276.584366957347 278.110980987549 276.939113934835 266.706625620524
323.838333288829 325.289309024811 328.073402245839 330.059746901194 333.625396092733 334.737737973531 332.905391852061 332.077403863271 334.030707677205 335.453510284424 334.480126698812 331.669767697652 330.005745093028 329.567154248555 328.226566314697 322.95682032903 321.535428365072 314.366598924001 318.107763926188 318.704545497894 317.156692345937 313.960075378418 315.880258878072 309.889634450277 305.480440457662 307.567755381266 301.98601881663 301.333208878835 303.943514823914 305.525521437327 305.688480536143 302.968064943949 293.063282966614 294.029990832011 288.721521695455 273.670136928558 273.919860521952 279.713034629822 282.723009586334 284.625013669332 274.42475159963 270.950218041738 269.983092943827 265.295624732971 262.681841850281 262.18036810557
322.436968485514 320.895135402679 323.308269182841 328.433195749919 331.708272298177 332.597672939301 333.85705947876 335.564017295837 336.578567822774 334.209402402242 335.357983907064 334.730386734009 332.113107045492 329.723795255025 326.463441054026 324.205021063487 320.638080437978 316.569368044535 317.9838458697 319.281379381816 317.536890506744 317.956805229187 312.933405240377 309.423506259918 303.874611854553 306.389927864075 305.959065755208 306.437333424886 309.441347916921 312.073667844137 313.308199246724 309.252043565114 302.186648050944 300.536314646403 292.511463165283 278.912742932638 273.443500200907 280.014415582021 283.957580725352 273.832321166992 262.942989667257 266.086479028066 265.461246172587 260.157326857249 259.636044502258 263.034025828044
322.720170021057 324.815591176351 326.787531375885 330.200950304667 330.718676249186 330.856064955393 334.564447402954 337.309837341309 336.63551012675 335.811654726664 334.905068079631 334.987163543701 332.191983858744 327.571431795756 327.827711900075 327.37942536672 323.10958703359 318.068444728851 316.049536069234 318.138698736827 319.965362548828 315.571367740631 310.162345568339 308.069825172424 304.572423299154 308.284560839335 309.731423854828 309.382319450378 311.530550320943 314.707239468892 316.420555114746 311.939616998037 303.379635016123 298.760155836741 289.150933424632 276.929001013438 274.041811625163 278.739353020986 276.759306589762 263.118783632914 259.609580039978 270.432790120443 269.952615102132 261.939247449239 261.211891969045 255.923310915629
323.450048764547 329.290906588237 330.711642901103 332.313895225525 330.531855424245 330.17353216807 333.816011746724 335.964918136597 335.127035776774 337.719559669495 335.7834815979 333.542029062907 332.430481910706 328.735788663228 325.251380602519 326.90038283666 323.563675085704 315.355042616526 310.840805371602 311.689972877502 314.004361629486 312.115569909414 309.720575809479 306.275010108948 303.782105445862 304.305295149485 306.811650594076 304.295420646667 305.009961128235 308.283706506093 312.40459283193 310.215592384338 298.083245754242 287.203113238017 261.535167694092 249.300758043925 261.344750722249 271.144072214762 271.337767442067 270.854731400808 277.484695116679 278.945883115133 262.593388557434 255.545337994893 263.177851835887 251.129984855652
324.725906054179 324.001749356588 323.349436124166 324.923078219096 329.013248284658 331.251462300618 330.698370933533 334.211667378743 333.328346411387 333.900849024455 334.357976913452 334.411025047302 332.133253415426 329.513986905416 322.687089443207 323.606133460999 321.865717569987 311.226308345795 306.984583536784 307.053824265798 308.348755041758 306.17634455363 307.682732741038 300.562957922618 300.302545229594 297.630886236827 298.127432664235 298.170467217763 297.421892484029 297.976394494375 301.401078701019 301.964978377024 281.153579552968 254.761616388957 227.394382158915 216.65757894516 230.473697185516 256.352066993713 273.926536242167 271.387795607249 272.021730740865 266.041735808055 251.576979955037 253.526945908864 259.309510389964 236.558496952057
327.706873416901 321.309506893158 318.670431772868 321.589946746826 328.333477179209 333.376328150431 332.119981447856 331.212838490804 332.699298858643 331.749717394511 331.103603045146 331.487536430359 330.16844590505 327.736854553223 320.591390132904 320.436120033264 320.624232292175 312.787890434265 308.847387631734 309.760828812917 308.585643768311 305.456896622976 303.678611914317 299.906730651855 298.363784948985 296.690841515859 295.700907707214 295.388599236806 293.78616809845 290.452102820079 284.171044826508 276.556233565013 255.299349625905 230.833172798157 220.540006955465 214.457949002584 206.492483615875 217.158357302348 233.423511187236 255.68300485611 263.040602207184 252.860267957052 248.030364513397 250.060598055522 241.354008515676 222.229202588399
328.110118707021 324.513475100199 321.364204088847 323.227028052012 327.730437119802 331.964294115702 333.850185076396 331.138650576274 330.205082893372 329.311887423197 331.547776858012 328.681906064351 329.979002475739 327.90486017863 322.355687618256 321.062783400218 320.424556732178 315.821270147959 311.228851477305 312.237640221914 312.006215254466 308.407843112946 305.7661652565 303.851922353109 300.267279148102 299.155394236247 297.085662682851 294.721086819967 289.028286933899 284.518996874491 275.274236996969 269.338349501292 247.848192850749 235.038240750631 238.349715868632 240.059991677602 230.632424354553 220.124781131744 210.216879844666 220.584571361542 238.640586535136 232.707917690277 225.583295027415 218.160609404246 214.113752047221 212.077458699544
330.024560292562 328.383326530457 323.927203814189 320.320765177409 323.867003122966 329.694469769796 329.499284426371 328.863044579824 328.457315762838 326.640963554382 330.080072085063 329.557418823242 327.898780504862 326.843897501628 324.366728464762 322.664320468903 322.262247403463 319.559454917908 312.445322672526 310.865183671315 309.348940849304 307.17655022939 308.511058489482 308.209359645844 304.503659407298 302.381237347921 297.953009605408 289.292653401693 283.406575520833 279.674311478933 277.511278788249 274.676124254862 255.354801813761 250.054399172465 254.498819510142 261.349221070607 270.131270090739 264.453609784444 247.321625550588 217.342396577199 216.395239035288 220.668613910675 218.070983886719 214.623550573985 219.796140988668 227.623681227366
330.94847202301 329.761763413747 327.288687229156 321.633915106456 317.998925844828 325.439512729645 328.402360280355 324.917376041412 323.796232541402 325.797617435455 329.429527123769 329.15739218394 327.705343564351 327.335635821025 326.599438985189 320.196747779846 322.655399640401 318.304220835368 314.232885837555 312.944531440735 311.423242092133 309.488614400228 305.88432153066 304.265121618907 302.246630191803 301.363627115885 286.902785301208 267.863690853119 263.313392798106 268.567939599355 277.132451534271 271.696468194326 256.668905417124 250.783999760946 258.708973725637 269.842584927877 285.055220127106 292.417804400126 283.418556054433 249.379773934682 222.170392672221 226.862231890361 235.92746257782 246.064484119415 255.537768205007 260.296662648519
330.329636732737 328.334848086039 326.371570428212 323.337197303772 317.761480808258 317.429820696513 325.420260429382 325.372596581777 321.724991003672 321.385860443115 328.103919823964 328.856746355693 325.192232926687 326.050162315369 325.843751430511 319.624423980713 319.082856178284 315.959711869558 312.544127305349 314.598441123962 313.969711462657 312.42303053538 308.723966280619 303.839425245921 302.939852078756 302.315831184387 287.587960561117 269.15442943573 268.331249554952 275.656859079997 278.247892856598 270.720104376475 263.687988122304 265.037258466085 278.689384460449 282.707055409749 287.303070227305 269.689718882243 241.376340389252 234.067797660828 243.872106075287 254.288772741954 249.902566274007 242.016017436981 242.603739102681 254.194041093191
321.054299672445 324.504216512044 324.632704257965 321.926653385162 316.251118977865 314.011772473653 324.704686800639 326.938410600026 322.619537512461 319.461246331533 323.992729187012 326.423545678457 325.913429260254 321.84644540151 321.588317553202 320.187826951345 316.266496976217 315.438310305278 313.784877459208 314.005633195241 313.840965429942 313.045918941498 311.361849308014 306.616465250651 305.551966031392 306.681513786316 299.841304620107 296.067555745443 291.63118203481 287.970701853434 288.484414418538 278.476774692535 275.394876797994 275.29235680898 272.011915842692 256.469011306763 239.397525787354 202.015539010366 183.470050493876 220.330993334452 257.464468479156 261.593778928121 241.917967796326 235.578040281932 245.658934116364 259.101986885071
313.252011934916 321.747501691182 318.823397159576 316.729029019674 317.493697007497 313.510199387868 318.137923876445 326.163391272227 326.708535353343 319.578170776367 323.555052280426 324.892401695251 324.369013309479 322.576145331065 321.086247762044 318.919698397319 315.918227036794 313.136061032613 310.291886329651 308.717052141825 309.675574302673 308.425307273865 309.439877669017 305.238982041677 305.309077103933 309.286653995514 311.247070630391 315.14968474706 301.698088645935 296.626051266988 288.94716501236 275.285462538401 273.396650950114 256.984988848368 230.152169863383 198.55527083079 186.935941378276 177.335123221079 171.046038468679 193.824231624603 220.43764591217 241.878032684326 243.392368157705 256.8372686704 286.85321410497 295.30922571818
