input/barkrak2/radiation/dir15824.grid
NCOLS 85 
NROWS 70 
XLLCORNER 665100 
YLLCORNER 4664600 
CELLSIZE 20 
NODATA_value -9999 
[rows 20 to 39 of 70, columns 0 to 45 of 85]
206.956088542938 199.82647895813 216.109871864319 257.059593995412 251.475910345713 202.288746833801 187.373101711273 191.409548123678 206.991970539093 226.92459821701 239.944636821747 249.850432078044 258.598605791728 271.797756354014 288.543899854024 317.478775978088 332.977732022603 336.184144020081 340.898076693217 347.237825393677 349.300781885783 343.014160792033 342.093626658122 343.578974405924 344.552079836528 345.711668332418 346.458554267883 343.298713366191 338.74770005544 338.374018669128 332.715610663096 322.634915510813 314.921756585439 311.684290568034 310.501893361409 314.818978309631 315.036416053772 317.257245381673 321.622689565023 325.36115248998 325.006683667501 325.062076250712 327.053487300873 323.144654432933 325.977683067322 329.272369543711
232.294619083405 232.787251472473 251.834491888682 281.911253929138 277.20848719279 217.223028341929 197.738130887349 199.330568313599 206.583360830943 220.494349797567 234.28475856781 242.075661818186 249.571025371552 256.500760714213 271.111389001211 290.552179018656 314.549565315247 331.47398630778 336.51073773702 343.978802363078 347.502628962199 350.522041320801 351.721048355103 351.127465565999 348.299264907837 344.610770543416 341.087698936462 337.760210037231 336.832125981649 330.149928728739 314.186096191406 286.994357903798 268.175760904948 267.034808794657 274.722576141357 292.807797590892 299.975395202637 313.771148522695 322.762767473857 322.458207607269 320.860028266907 320.030808448792 313.824554284414 301.255901654561 317.931552728017 326.149582862854
270.931601524353 279.433449109395 288.501838843028 298.617462317149 298.560678958893 252.232591311137 220.902403195699 204.887052377065 203.851103782654 214.963595072428 232.546031475067 241.396208604177 254.600365956624 262.143750985463 270.765463511149 284.060100714366 298.735976219177 318.599700927734 331.122597058614 332.334101200104 335.109988848368 344.420313835144 348.177313804626 348.13646475474 345.638513565063 344.076871871948 340.354442596436 335.150003433228 322.910567124685 305.328090985616 263.618310292562 213.2688164711 193.385601043701 211.151262124379 239.129384358724 263.378739356995 280.993243058523 299.028038978577 310.514390468597 313.517153263092 315.293272336324 315.831283728282 295.198063055674 276.610215504964 300.841291745504 323.570450146993
289.491871992747 293.148001035055 295.69015900294 303.200999895732 303.785920143127 284.527579943339 245.823482672373 214.353779951731 199.038644631704 203.661282857259 228.805422782898 243.22513739268 257.522682348887 274.413148562113 278.08399995168 280.416429042816 293.659587701162 307.359377543132 319.090406099955 321.14972670873 319.725076357524 323.410868644714 332.624971866608 338.733633359273 339.68456586202 330.60884475708 315.85286060969 299.11857843399 272.90419737498 229.443311691284 193.44695409139 168.596684932709 141.739030679067 141.00060860316 154.601494471232 192.3881371816 231.736838817596 258.155604203542 275.560259819031 283.979296684265 283.50834051768 269.375602404277 255.300084749858 289.02006149292 285.316785176595 317.412157853444
281.392574310303 283.761342366536 294.906258583069 305.024246374766 296.120584011078 284.964561462402 254.100918769836 232.266008853912 212.608377138774 205.914457639058 221.193671226501 237.883269786835 251.047174135844 267.479360103607 275.880912939707 279.035568237305 289.538602034251 300.559957822164 310.403347015381 310.282230377197 316.925326983134 314.288397630056 316.85737768809 306.003471215566 298.318008581797 297.222455342611 288.142482439677 276.789824167887 243.410388628642 187.802036603292 166.120866934458 163.621326287587 145.903646945953 123.158891995748 114.971061547597 128.681629896164 174.736062685649 212.695797284444 237.863898277283 251.773039499919 241.874754428864 220.064302285512 241.540551185608 303.580184777578 295.85329691569 318.632960319519
276.138365268707 280.101239681244 292.98194249471 301.320711771647 297.77713616689 286.70193751653 262.971222400665 254.815657933553 244.441151618958 229.213992754618 229.270617167155 250.723461310069 262.962420781453 279.468794663747 284.425954023997 281.992713610331 288.538177808126 300.501227378845 307.036598523458 314.203381538391 317.535559336344 307.374536991119 289.358258247375 290.286819140116 290.99714756012 288.911561171214 277.186135450999 263.952215512594 221.001744270325 192.562679449717 191.422661145528 208.246111869812 212.789416313171 187.727650006612 153.804779052734 134.948253631592 151.657611131668 179.796238740285 220.465401808421 235.393881797791 217.206696669261 208.255390326182 248.205522696177 289.976914723714 309.924344221751 330.697437127431
278.12518676122 280.07968266805 288.657248020172 297.928591569265 309.916138648987 295.245548089345 277.861913045247 265.852530797323 264.071861902873 258.410970369975 249.76243575414 267.17354853948 278.176267941793 292.22971200943 294.500887393951 288.847227891286 289.746224880219 301.350971062978 307.456274827321 310.154636700948 306.215405464172 302.902281284332 298.612634340922 295.033097267151 292.262454827627 288.237611452738 278.012176354726 264.236291249593 227.674782276154 221.74863020579 243.70280901591 267.000257968903 271.167655785878 283.499340216319 263.46351703008 178.202052911123 163.696239391963 175.58362086614 201.898694038391 233.429531256358 226.304054260254 257.537762324015 251.471161842346 264.63129123052 301.099896430969 318.795243899028
282.339672247569 278.587023417155 281.840642293294 293.941775957743 330.781678358714 305.740356445312 282.264451185862 265.133659044902 265.671829382579 273.224413394928 268.702228864034 271.718720595042 286.834458510081 295.476377010345 297.168095906576 297.889649868011 296.157042185466 299.721121788025 301.234463850657 305.994868278503 304.452260335286 297.765831152598 297.234853108724 299.357295036316 299.29373661677 295.053521792094 285.114447275798 275.150716304779 250.214179356893 248.412887255351 272.886157035828 287.472128868103 285.774012406667 299.694379170736 325.986345609029 259.139815966288 194.381813208262 179.375727971395 193.317492802938 236.702442169189 263.670027256012 309.477130572001 262.357811133067 255.957384904226 286.706666151683 297.929128011068
279.456237951914 271.597901980082 275.606473286947 300.40301879247 341.848214467367 303.738117218018 272.762576738993 259.67546304067 264.917810757955 274.996856848399 271.169722080231 269.844889640808 285.714348157247 295.075535774231 300.467530886332 305.701037247976 299.202183882395 289.974570274353 298.753043015798 298.935929934184 299.882292747498 293.319702148438 292.092045148214 300.057152907054 303.328196207682 298.537294069926 293.973763783773 283.481478691101 261.131584644318 255.641996860504 278.657595316569 296.957115332286 295.439501603444 293.711145718892 315.572202205658 319.706956545512 232.16180006663 172.942996025085 164.695610602697 206.785937150319 272.327323754628 289.333860079447 253.747920195262 232.051253318787 258.280018965403 272.314270337423
271.986842155457 263.868014017741 272.549351056417 310.784459114075 338.596741358439 299.797177314758 265.931983788808 248.341461022695 246.199011802673 253.007332483927 252.348025639852 260.440349578857 279.867907365163 295.3226963679 298.055132230123 300.928433736165 300.43359597524 289.104183514913 290.472229321798 292.690336704254 293.191154797872 293.314834435781 294.065793355306 299.415946006775 304.344137509664 300.88198184967 302.097320556641 289.314170678457 268.426736195882 264.599442481995 283.5600177447 301.583011945089 297.118882338206 293.373624483744 302.453895409902 322.681268056234 309.962789217631 235.90741554896 186.976571877797 196.084042390188 233.89591773351 247.646768887838 247.02109893163 217.335343360901 230.461398760478 257.93985525767
260.110119978587 270.354310671488 299.824297428131 345.560471216838 347.772240638733 304.882844289144 267.821311950684 241.459290186564 233.975330988566 244.833985964457 239.918748537699 238.804638385773 272.714833418528 294.451872507731 301.311393578847 303.377528985341 305.297056833903 293.704708417257 294.735868771871 295.338034629822 294.555922349294 297.892451286316 300.828496615092 302.485843499502 304.540693759918 307.982603708903 307.366490364075 298.865477244059 281.395971775055 277.096748352051 289.192040761312 301.86265707016 299.285511175791 298.713266849518 302.200675010681 304.826458295186 328.480501969655 340.062896410624 274.56271648407 227.390845616659 215.168257554372 206.341703732808 222.035467624664 219.990074634552 227.345108985901 262.897153695424
278.677940368652 303.841590881348 321.721176306407 326.548318068186 355.135281880697 336.986819903056 302.631855010986 264.14825518926 248.433629671733 263.755798339844 258.090615272522 238.362967967987 258.187254269918 289.660135904948 301.547010739644 304.564118385315 305.661797523499 303.734560807546 296.545187632243 297.13253180186 299.174626668294 302.29514837265 305.408736069997 304.109255472819 305.812199910482 312.66858180364 314.434329668681 312.196095784505 298.891286055247 292.558232943217 295.987804730733 299.618442853292 301.349997520447 305.532455444336 307.949960231781 296.227872371674 304.971257845561 342.987457911174 340.240955352783 281.919101874034 231.813708941142 205.301523208618 206.20858669281 224.358975887299 248.530467351278 275.718788305918
308.544754981995 316.693623860677 305.66132068634 297.914703687032 316.747764746348 338.576157887777 334.268689155579 306.324124336243 283.528129259745 285.873353481293 289.715349674225 265.782058238983 261.784136295319 284.960627555847 301.516632239024 305.611451466878 303.521672884623 308.794538180033 299.993773301442 298.932770888011 303.034504254659 305.937031904856 304.306705792745 306.539336840312 307.630757490794 315.27449687322 320.501585801442 320.975621541341 308.130005995433 299.420634905497 305.735429128011 308.386524518331 304.374217987061 306.485772132874 310.653428236643 300.663153330485 299.97456073761 320.009589195251 325.060466925303 300.834437211355 271.171927452087 229.888657728831 209.325830141703 219.043135643005 240.564902623494 272.376815478007
298.226614793142 290.281653404236 282.830993334452 271.657148996989 272.107700506846 293.025135993958 314.927736918132 312.853495279948 303.46159140269 305.04035949707 304.031312465668 290.465354919434 281.204104423523 291.128595670064 304.059783617655 304.586629072825 302.885154883067 306.322356065114 299.232006072998 301.926016807556 303.658048311869 304.976940155029 303.831100463867 302.397469679515 306.459148724874 313.294450441996 318.458080291748 317.651808261871 310.879906018575 306.406656901042 311.52747074763 309.296349684397 298.675497372945 298.036416371663 302.164614200592 287.255764007568 284.469187259674 285.4350010554 280.055681864421 285.20005941391 294.838845729828 261.662622292836 233.348170916239 224.06659523646 223.028202851613 245.89463075002
290.834844112396 279.928723971049 286.282598972321 271.874368190765 263.75542084376 275.569399197896 302.257696787516 327.207942803701 324.694573879242 312.572220961253 301.130493481954 301.600714524587 308.484454949697 308.377424875895 307.989497979482 305.426379044851 307.187994321187 302.131275335948 302.284022172292 306.633273760478 305.855433146159 302.349189917247 303.807695706685 300.773660341899 305.160085360209 307.747642199198 313.924272855123 311.310251553853 309.56894159317 311.333020528158 312.758028507233 302.18638976415 286.963780721029 292.213022708893 291.39784971873 275.179028511047 275.958100954692 276.084383328756 283.46319993337 306.031545003255 304.958860079447 291.803101698558 269.978264967601 253.809829552968 235.575358072917 228.863755861918
311.277270317078 305.784583091736 315.432071685791 310.267170270284 300.07416009903 304.813663164775 321.744024753571 344.513535499573 338.613271713257 315.394779046377 300.332188606262 308.621207873027 323.176582654317 320.062100887299 314.244270324707 315.716743469238 311.754981676737 308.334668477376 310.736497243245 310.396154721578 309.714436531067 302.222152551015 304.330627123515 305.155118306478 305.083314577738 306.390603383382 308.606048425039 306.759198506673 307.175755500793 314.334869384766 311.600645383199 301.246643066406 288.519581158956 289.269387722015 282.366077105204 278.060217698415 283.154686292013 283.576269944509 295.524974664052 325.619002183278 294.112006823222 280.497491359711 270.803511142731 262.432992458344 245.582381884257 224.104285240173
337.255239486694 334.231734275818 336.215337117513 338.84596824646 329.980651537577 323.611934979757 328.243772188822 342.902223269145 340.036153793335 312.548279762268 304.081857204437 316.009302934011 328.75516017278 323.049167792002 316.598852475484 319.276909033457 323.363939921061 314.683218797048 314.951459566752 315.459450085958 314.235170682271 309.153079986572 307.970583438873 308.101137479146 306.41233921051 305.97851673762 307.553768157959 310.40092309316 311.040759086609 316.459715366364 313.612778981527 303.817788759867 291.095316410065 285.179257392883 277.550180753072 282.659272352854 289.118727048238 288.065850734711 291.155874729156 314.375996589661 283.174574375153 241.423984368642 230.220516522725 222.236673037211 221.750617027283 215.942184130351
350.458184878031 347.372889518738 342.172106107076 343.162178993225 337.822596232096 329.551180203756 326.062579949697 331.489980220795 338.246583938599 320.21709283193 319.847385088603 327.57556438446 325.570782025655 321.869532267253 319.824417432149 321.123441060384 328.41952641805 323.256591955821 320.136169592539 318.589468797048 318.813383579254 313.039839267731 310.78310807546 308.809220790863 309.350649515788 306.605696678162 307.713945706685 311.64942185084 313.650727272034 314.474999904633 315.204242865245 306.122620900472 294.373253981272 278.736432393392 270.576218763987 285.924971103668 295.883814493815 293.529550234477 283.521870772044 299.526592095693 284.645199775696 217.571039994558 188.445607821147 175.087292989095 175.222039222717 180.126110712687
353.421171506246 356.010476748149 354.779203732808 352.314710617065 348.157604535421 342.348019282023 334.997693697612 330.053110917409 332.423686981201 330.58108886083 338.204463322957 337.746818860372 330.883920192719 331.612149874369 324.196020762126 321.864565213521 326.69343551 326.4040350914 320.583979288737 320.267518361409 318.832278251648 313.830375671387 310.305655002594 308.121005694071 310.253302256266 312.495013078054 308.381239573161 311.507026354472 313.382744789124 312.010864416758 314.74091609319 309.96439854304 289.747496445974 267.610510190328 276.194095611572 297.841350237529 300.814827283223 294.880012671153 277.888099352519 283.851305643717 307.570238908132 263.0841533343 204.038063685099 175.563851992289 164.207379023234 158.667703469594
344.390511512756 347.786823908488 347.61385122935 350.865284601847 354.867537816366 357.367674509684 356.76650206248 353.62184047699 351.318756739299 353.629986445109 349.94912147522 339.577953020732 334.49117342631 330.497364203135 328.585207462311 322.656253973643 326.507290204366 325.494289398193 319.210112094879 318.329751491547 319.627642631531 318.213999271393 316.219131151835 311.956246693929 308.294137318929 309.418559074402 312.27711836497 313.31072251002 314.923346042633 314.360896746318 313.346962134043 311.701039473216 285.233755906423 268.261750539144 290.394882361094 305.290122826894 300.895174344381 295.929749806722 282.68571694692 277.839064598083 313.339869181315 339.875141779582 288.914740085602 234.38686132431 191.559573014577 163.229654232661
