input/barkrak2/radiation/dir18124.grid
NCOLS 85 
NROWS 70 
XLLCORNER 665100 
YLLCORNER 4664600 
CELLSIZE 20 
NODATA_value -9999 
[rows 0 to 19 of 70, columns 0 to 45 of 85]
355.614900588988974 357.633511225383 356.316963831584 350.906213124593 344.746033350627 339.802026748657 331.728498140971 325.581928094228 330.763816833496 329.330086708069 326.046884059906 334.353645642598 341.187834739685 340.997219085693 344.038883845011 354.826807975769 359.212875366211 356.821735699971 340.028882026672 328.208327293396 304.931064446767 298.608104387919 314.57922856013 321.110884348551 317.468762397766 314.463416735331 314.494132995605 306.232670942942 288.052717844645 280.141830444336 279.274582862854 283.226867516836 290.610909461975 296.207586924235 304.519434769948 297.244429588318 293.590227762858 301.350216070811 299.09207423528 302.128414312998 292.088707288106 271.977265675863 282.432079315186 308.822274208069 314.445336659749 304.790437221527
350.041071573893 354.833960533142 356.693983078003 352.68771648407 349.888245264689 345.162789026896 333.971261978149 322.884877522786 325.576682885488 327.498952547709 322.167138258616 329.055786132812 338.751991589864 339.707175890605 338.840007781982 344.86981232961 343.511581420898 342.049519220988 342.014392217 333.763400713603 317.705571651459 307.354827721914 311.336040496826 316.706915696462 315.029998620351 311.624805132548 309.999724229177 305.572787920634 291.197141011556 280.63307205836 281.763990720113 290.152271588643 286.661783854167 290.139476458232 303.069273630778 295.499761899312 288.086771965027 290.62424103419 286.535898844401 299.542387326558 298.170944054921 285.556375980377 292.865633964539 313.872297604879 320.249835650126 308.49955479304
332.261045773824 332.876046498617 335.136930147807 338.923732439677 344.685633977254 346.894145011902 344.971736272176 339.71889813741 334.416270256042 330.462356408437 322.04536596934 322.179675102234 329.773366451263 332.34433333079 328.358332316081 331.829607486725 335.73857943217 340.233167012533 342.308402061462 339.636007944743 334.917624791463 323.898752530416 315.102616945903 313.544948895772 314.797759056091 314.65470790863 310.106794039408 303.824305534363 292.511145273844 279.923399289449 276.943683624268 288.396735986074 275.070786476135 282.041609287262 297.615468502045 292.075792948405 276.116629441579 268.589933713277 280.497809251149 300.167361895243 302.597959836324 303.280452887217 305.822054545085 320.889671643575 330.997943878174 316.173752148946
318.256318569183 312.588890393575 315.675735473633 320.838133494059 322.265426317851 321.860353151957 323.950290679932 330.38059870402 338.01257610321 340.802232424418 335.979700088501 332.582513491313 332.225382328033 331.43142859141 327.397664388021 321.274439493815 324.189881483714 330.074568589528 337.508122126261 338.773965835571 337.542732556661 334.548711776733 332.607428232829 325.303912162781 322.77516523997 324.487467606862 318.922678629557 309.54764286677 300.722002983093 290.630221366882 280.594070752462 286.856234073639 274.573763211568 281.278391679128 288.798371950785 290.022095044454 283.327261606852 280.13954559962 298.809309800466 313.80424896876 310.672601064046 303.415457407633 299.644033114115 307.601352532705 319.344639778137 321.063935756683
329.753180344899 317.586779594421 306.569417317708 296.001553535461 291.536390781403 304.728130499522 318.656762440999 323.842525482178 328.409194946289 333.122134208679 340.258598327637 343.479235967 343.901594479879 341.724912325541 338.655789693197 336.323936780294 333.971659342448 330.13916015625 333.345532417297 338.179349899292 337.880452473958 337.22186088562 339.326620101929 334.399024645487 329.510947068532 328.362425168355 323.247333367666 314.11882241567 305.129965146383 299.478967984517 297.539512316386 294.160902500153 286.658406257629 289.421776930491 286.838094393412 290.840089321136 300.956308841705 306.80239200592 317.055185635885 322.891493638357 320.994973182678 312.876224517822 304.367919762929 299.895962079366 305.418272813161 327.170113722483
351.609230041504 336.987574895223 319.183866182963 294.364511966705 286.794225374858 294.037242730459 311.909397443136 324.205299218496 325.292309125264 325.549642244975 330.29975493749 337.119976679484 341.233809789022 343.666791915894 344.627936681112 344.873746236165 341.140389442444 333.342313766479 331.653972466787 334.842284520467 334.424058596293 337.712566057841 343.164364496867 339.551250139872 334.984143575033 334.124048550924 327.71501938502 318.2026942571 307.308475176493 300.32221476237 299.290915330251 294.513642787933 299.02982711792 305.888235569 299.963692824046 297.287662823995 305.954416592916 313.411176204681 318.180938561757 318.491717179616 319.561362266541 315.847555796305 313.017050425212 311.885078748067 310.712973276774 317.748069763184
353.114485740662 344.651103019714 332.668721675873 320.15456755956 304.006616274516 293.900112311045 300.096889336904 319.866220156352 326.836864153544 331.401069959005 329.897085825602 326.919774214427 324.455479780833 321.135421593984 322.560846805573 331.157048543294 336.13920211792 340.250571568807 341.116865475972 340.44619401296 335.812489191691 331.526319185893 339.252154032389 341.358820597331 338.704228401184 339.962641398112 336.120287577311 328.248500823975 317.539155483246 309.939960638682 304.446816444397 304.629425207774 319.415946801503 326.20499531428 323.245207468669 316.462198893229 314.935962359111 318.751454353333 322.400192419688 328.648209571838 328.997731208801 324.7309923172 320.017457008362 313.578228155772 299.175262451172 292.631884415944
346.626996994019 347.230195999146 345.666408538818 340.430498123169 330.081085364024 308.89505147934 292.179147402445 290.762960910797 316.047668457031 331.336239973704 334.071675936381 331.747750441233 326.968232790629 321.629146734873 313.714504241943 316.028277079264 323.899467786153 332.646409670512 341.353853543599 345.778187115987 343.728184700012 336.676001548767 336.413542429606 340.213378270467 340.037186940511 342.40992863973 341.528375943502 337.127288182576 330.303569634755 325.601677099864 322.02535867691 322.800119717916 332.84326394399 336.968342463175 336.094895998637 332.473754882812 326.634208361308 323.132773240407 317.286769549052 324.77867603302 333.007375399272 336.026271184285 334.189494450887 324.049194653829 307.293037573497 290.992220242818
344.449043273926 345.398386319478 345.888535181681 344.886223475138 340.915004412333 330.151438713074 311.322967211405 289.18985525767 296.280701955159 314.726452032725 328.111906846364 332.06711212794 332.120994726817 331.009805202484 326.172947883606 322.165111700694 319.237331549327 322.157601515452 330.606738726298 339.415391286214 344.119191169739 345.166126887004 342.373410860697 339.962601661682 340.401609738668 343.719800313314 344.708919525146 342.538396517436 339.837272961934 339.461882909139 339.410106341044 338.445464769999 341.214259465535 342.685023943583 340.206384658813 338.232556978862 334.65584119161 326.402505238851 312.425096829732 316.08517964681 330.964883168538 333.82777372996 329.836249351501 326.320846875509 317.261974016825 307.786305745443
336.995045344035 340.022961298625 342.022856076558 342.148820559184 341.00353717804 341.408173243205 335.914532343547 324.233154455821 302.064736684163 295.998533566793 307.042717933655 323.864340782166 334.129174550374 337.955315907796 339.608271916707 336.669762929281 328.780551751455 325.908879439036 324.103196461995 327.485243479411 331.340690453847 334.787845611572 337.230245272319 338.230490684509 339.937130610148 341.492811838786 343.126018842061 341.936429341634 341.176430384318 343.279759089152 344.066540400187 344.008604685466 346.131483713786 346.821546554565 344.708323478699 340.722799301147 339.443922042847 334.573904673258 315.842469533284 311.440110206604 324.233730634054 324.94455575943 322.880844275157 321.973164876302 313.864608605703 304.352502028147
308.099369208018 317.241926987966 324.460705121358 329.670071601868 334.173123041789 337.893128395081 340.211590131124 339.585304260254 325.04806915919 307.445049285889 295.170307159424 301.718433698018 321.106791496277 334.929664929708 341.005285580953 336.90619468689 333.633343378703 330.757200717926 326.251606146495 321.601192156474 321.927030881246 321.758310000102 323.274413744609 329.19454574585 334.389289220174 337.57746219635 339.109261830648 338.577111562093 340.190331141154 342.370589574178 343.281984329224 344.875693321228 347.429672876994 348.45769405365 346.963802973429 343.827923138936 342.628876368205 342.077811559041 330.238819122314 316.853741804759 320.234616597493 323.761979738871 325.506468613942 325.485587120056 318.033436934153 308.832009633382
277.392168839773 281.72359863917 288.53706518809 298.084219296773 309.670666853587 320.73841492335 331.879556179047 335.259040196737 335.380872090658 328.296879927317 310.358166694641 296.421567598979 296.504239241282 314.34698899587 331.41561349233 331.030944983164 335.302154223124 334.508101145426 329.660137494405 323.498785495758 319.201787312826 316.897352536519 316.011846065521 321.962515513102 326.569934686025 329.53409353892 330.14698823293 332.451502482096 335.846980412801 338.096777598063 340.135852495829 343.449155489604 346.060593922933 346.853812535604 345.478137334188 344.474236170451 345.977147420247 346.327821413676 342.94867515564 332.488636175791 329.724033673604 332.899828751882 335.524956385295 335.737029711405 329.548954963684 327.159722646077
268.343091011047 264.653126398722 262.691636880239 262.741108735402 268.478433291117 282.374322414398 300.970355669657 316.459715366364 334.065993626912 336.169521013896 330.177843570709 315.698246161143 294.818778832753 292.958458264669 310.96072991689 327.919642130534 336.365898450216 337.429801623027 335.355718930562 331.042190392812 324.833194414775 323.941429456075 323.660055796305 324.306070804596 323.786358038584 322.568376859029 325.381318728129 329.882025718689 331.704517205556 332.529107729594 335.25554339091 338.571826616923 339.375893274943 340.220848719279 340.459664662679 342.522700627645 347.480376561483 348.705410957336 347.7836449941 346.09854221344 343.567768732707 342.200676600138 341.846426328023 341.160615285238 335.336009661357 332.169016202291
263.341824213664 239.94380235672 224.590102831523 218.646248181661 216.185589631399 220.681409041087 239.217281341553 269.790430863698 301.22697353363 325.364311536153 334.241310755412 334.856549898783 325.633406639099 307.431598504384 305.506229400635 323.804100354513 332.78226852417 339.471936225891 341.411630312602 340.194503466288 334.938605626424 332.87791411082 330.1908771197 330.177625020345 329.179565111796 327.290753523509 329.833288987478 334.56285794576 332.700252532959 329.495867093404 333.038210868835 336.143891016642 337.560733159383 336.907347043355 338.294744491577 341.783444086711 345.058043797811 345.752278963725 345.919450124105 345.786492029826 346.128582954407 346.069812774658 346.264918645223 344.031810760498 339.073896408081 334.236025810242
247.040192286173 214.631835619609 193.591634432475 189.014593760173 187.751789887746 192.227641741435 200.200994809469 223.918994267782 248.422940572103 293.759067853292 330.569267272949 344.103614489237 346.295714378357 338.358481725057 322.727421919505 319.766958554586 322.578430175781 332.224587599436 340.667088826497 342.909574508667 342.540820439657 339.979330698649 339.133501052856 337.02286084493 334.160447120667 332.694013913472 335.267186164856 336.350917816162 331.355154514313 328.959206740061 332.423567771912 335.156957308451 335.448900858561 335.675636927287 336.666822433472 338.77698580424 339.991013209025 339.429616928101 339.569409688314 339.424212773641 341.914455095927 344.918052355448 345.793803532918 344.680468241374 340.520143508911 338.20382754008
211.853841940562 188.203573226929 173.964639504751 170.357644557953 186.235308647156 206.120292345683 205.523093541463 208.94596974055 229.134937127431 258.744120597839 304.207960764567 341.766715049744 349.917054176331 349.069197972616 342.229604721069 324.980775515238 317.720671494802 319.498479366302 329.459289709727 342.37011273702 345.389763514201 342.955827713013 343.892574310303 341.631611188253 337.010939915975 337.0334704717 339.561223983765 337.265094121297 332.051694393158 334.514697392782 336.00636323293 335.688352584839 334.176341692607 333.817561467489 334.209799766541 333.854675292969 331.932584444682 329.552869002024 330.816845099131 330.748776594798 333.685437838237 336.746295293172 337.015271186829 336.886366208394 338.628649711609 340.137918790181
186.913291613261 178.17630370458 170.989871025085 162.633021672567 167.242248853048 188.719352086385 206.868966420492 209.6240123113 223.768870035807 237.672825654348 259.914338588715 310.32266219457 346.08801205953 347.852786382039 345.696369806925 342.709938685099 337.524811426799 328.32670211792 321.700513362885 328.116416931152 340.748389561971 344.369292259216 345.744530359904 343.75786781311 339.93665377299 340.833226839701 343.584458033244 341.039776802063 337.631622950236 341.172933578491 342.252771059672 336.856245994568 333.854079246521 331.425726413727 328.68496576945 327.965259552002 325.504581133525 323.699792226156 323.913296063741 325.92236995697 326.751550038656 328.615287939707 330.197374025981 330.600798130035 337.798873583476 340.744098027547
178.871830304464 182.670732339223 184.084276358287 174.956460793813 158.106704552968 164.577225844065 194.188833236694 211.641192436218 227.238059043884 240.287244319916 246.450364589691 274.846752484639 323.188245296478 345.433473587036 347.922404607137 348.84770711263 348.857879638672 344.174106915792 333.936333656311 323.469261328379 329.507350921631 343.323787053426 343.865633010864 342.428207397461 342.632293701172 346.142609914144 347.579717636108 345.883766810099 343.518336613973 344.963947931925 342.635114987691 337.207595507304 334.477345148722 331.358869870504 327.065745989482 325.337529182434 324.089308579763 324.428617954254 323.28208287557 324.572185675303 326.389153798421 326.381107171377 326.408127943675 327.857116858164 334.185918172201 339.868426322937
188.780566056569 199.454506238302 207.834760348002 202.716052532196 181.758761405945 173.157095909119 195.114731788635 214.605232079824 232.729375362396 252.790192763011 261.04482014974 268.088440100352 300.330420335134 331.592043240865 344.043453534444 347.974220911662 348.448157310486 348.02766640981 346.880833307902 338.749806086222 325.870096683502 334.461450576782 338.44796816508 341.908534367879 345.712105433146 348.969697952271 350.3258228302 347.992618878682 344.207843144735 343.916932741801 340.712269147237 336.97251478831 334.144552548726 331.418732802073 329.546511173248 327.086607615153 326.175312201182 324.607173601786 324.030657609304 325.070758660634 327.870726585388 327.70045598348 327.404081821442 329.472601413727 329.257369041443 336.812178293864
203.003267447154 207.655469576518 220.002412796021 235.52672068278 223.841071128845 190.297603607178 192.510187625885 203.923900922139 220.671157042185 246.354500452677 258.831679821014 264.411886533101 277.550319830577 295.841693878174 326.988637447357 341.490825017293 344.290494918823 344.981749852498 345.511237780253 345.649441083272 342.371821403503 333.810408910116 334.606965382894 339.481155077616 344.649314880371 348.401268323263 350.608189900716 348.184506098429 342.325448989868 341.976682345072 338.752826054891 334.141731262207 331.46874109904 331.222097078959 330.502470334371 328.264673550924 326.841572920481 321.03168964386 319.97803846995 325.809637705485 328.835586706797 329.946875572205 331.510126590729 331.559220949809 328.702092170715 334.537466367086
