input/barkrak2/radiation/dir12224.grid
NCOLS 85 
NROWS 70 
XLLCORNER 665100 
YLLCORNER 4664600 
CELLSIZE 20 
NODATA_value -9999 
[rows 0 to 19 of 70, columns 0 to 45 of 85]
312.443474928538024 319.269080956777 323.154032230377 327.081878980001 326.689501603444 325.128654638926 318.679849306742 312.762896219889 316.315114498138 316.397468249003 314.038634300232 318.926294644674 321.898976961772 322.068889935811 324.012637138367 323.386152585347 318.830847740173 311.525543530782 309.560139973958 297.279139359792 280.546089013418 282.656927903493 303.340534369151 310.339828332265 309.158007303874 310.828586419423 310.145854949951 299.256364504496 280.27339776357 275.43693780899 272.273063659668 283.798118432363 304.933349291484 303.249935309092 311.058561007182 301.568289597829 302.250345547994 310.852209726969 302.723924318949 309.182425340017 299.009641011556 288.02756468455 297.658662001292 312.617897987366 315.577546755473 310.274918874105
289.918859799703 301.961859067281 311.456640561422 321.350316206614 325.57475566864 325.11564095815 318.020145098368 311.422069867452 316.39301776886 317.512154579163 312.63001759847 316.348771254222 321.715295314789 322.909613450368 322.155753771464 322.817802429199 320.538202921549 316.936333974202 313.799281915029 303.493698438009 294.200996557872 295.957346757253 306.493798891703 311.605672041575 311.545729637146 311.066567897797 308.752814928691 300.795137882233 284.059147040049 275.663097699483 276.914397875468 293.564915657043 301.835378011068 302.252550919851 310.710151990255 301.367024580638 299.81142282486 303.011357784271 299.23156897227 310.311734676361 306.415776411692 297.446370124817 301.855047543844 314.870893955231 318.563421567281 314.222455024719
261.308928330739 272.438406944275 281.142393747966 290.98786910375 301.830808321635 308.79286924998 312.187453111013 315.21729628245 317.298452059428 314.988354841868 309.139668941498 311.141709486643 320.041716098785 323.264062404633 320.065140724182 323.985735575358 327.255447705587 326.452851295471 321.214477221171 314.386149247487 314.571698506673 312.672654787699 309.765756130219 310.116728146871 313.043157259623 313.558002312978 307.315627733866 298.913101355235 286.537011464437 277.882218360901 279.442667961121 298.031230767568 293.723205725352 299.307445685069 309.188783168793 303.025444348653 293.615063031514 289.912760257721 298.646251360575 309.485634167989 307.733376820882 305.412669976552 303.163945674896 313.05738290151 324.631889661153 318.915843963623
246.584435304006 248.227894306183 254.116972287496 260.701934496562 267.981906731923 271.82283004125 277.486582597097 288.773576418559 302.271525065104 311.24089161555 313.579241434733 317.888100941976 323.12419017156 324.802239735921 322.98203309377 320.921421051025 322.397172451019 322.152674198151 320.448358853658 319.139957427979 316.964407761892 314.581195513407 317.787607510885 315.658827622732 314.430077870687 315.824548403422 311.183075110118 302.733063697815 296.182990074158 289.553046226501 283.387402693431 299.303809801737 294.263303279877 298.29998811086 302.360892295837 303.7016193072 299.416383107503 296.930849552155 308.847963809967 314.570367336273 309.098660945892 300.691167513529 296.403845151265 307.068725426992 320.71316242218 319.144606590271
265.296816825867 251.513878504435 240.535060564677 233.393927415212 236.384510993958 251.236736774445 268.990715344747 277.597486972809 285.723467667898 290.615340073903 304.51371272405 317.122876644135 323.943038781484 326.527337233226 326.938112576803 325.816472371419 322.518706321716 315.614183743795 315.335710843404 318.062464396159 315.610289573669 314.660747845968 320.360600948334 319.188793500264 316.479941209157 317.969441413879 313.842395941416 306.698838869731 299.697915712992 295.377194881439 297.341346740723 306.333184242249 302.513639132182 303.757707277934 300.430576006571 302.983502546946 310.577352841695 313.510855038961 316.768705844879 317.683815956116 315.147618452708 308.788359165192 304.766933123271 305.474917093913 310.724039872487 318.328122297923
301.939864953359 281.216422716777 257.18613465627 236.429691314697 228.500247001648 238.970756530762 260.730624198914 275.028189023336 278.193195660909 278.331538041433 286.80940469106 297.25968837738 304.301619529724 308.116535345713 313.205679257711 316.667675971985 314.297517140706 310.336967309316 312.162141005198 316.497802734375 316.529472668966 319.715698560079 324.032564957937 321.748574574788 320.165693759918 321.074763933818 316.701889038086 310.313602288564 302.44783560435 298.121929168701 303.475956122081 307.76713291804 310.257951418559 313.850621382395 308.200895786285 305.472652117411 311.470448970795 315.162817637126 314.828495184581 315.178712209066 315.414746602376 311.925053596497 310.270567735036 310.31322479248 305.887321631114 300.978541374207
316.517611344655 300.598939259847 285.28881072998 267.210046450297 248.886366685232 237.261593341827 244.447827339172 269.093195597331 280.154426892598 286.704858144124 284.457008043925 280.221084753672 276.767830053965 273.726900418599 274.87442890803 287.126123905182 295.717438062032 306.75748984019 315.606554349263 320.721367994944 320.022642612457 318.126420180003 322.95032342275 323.663294315338 323.074718316396 324.355642000834 322.049518426259 317.501703898112 310.353755950928 307.654857635498 309.284806251526 313.323656717936 322.462757428487 325.343092282613 321.756482124329 315.099596977234 313.921868801117 314.558764298757 315.485159556071 318.485736846924 316.595117251078 312.916974226634 311.352729797363 308.219015598297 293.654541174571 287.095129489899
318.681180477142 314.056038856506 307.903250058492 297.42294549942 279.110153516134 253.20428609848 233.712116877238 234.514017899831 263.933757940928 284.896016120911 290.795584519704 287.504076957703 280.509829521179 272.822638352712 262.347896893819 265.385667483012 275.026738643646 287.962317466736 304.706990718842 316.395183404287 320.342421531677 319.218595822652 321.917176246643 323.065916697184 322.533170382182 324.027895927429 323.81143172582 320.863207181295 316.639959812164 317.201813062032 319.42230463028 321.745673815409 327.061971028646 327.822268009186 324.036240577698 320.199807484945 317.383448282878 312.929471333822 306.902289390564 306.304574012756 311.583677927653 317.358454068502 322.166721026103 317.899266878764 304.768085479736 294.881820678711
313.70484828949 314.3190741539 312.60226170222 308.015664418538 299.096703529358 282.470444838206 257.300357023875 231.300552686056 243.160446484884 264.305412769318 280.207256476084 287.151118119558 288.153052330017 286.205569903056 277.693589528402 271.876056989034 269.646485646566 273.50902557373 284.405072530111 297.887583573659 308.787981669108 315.515478452047 318.087061246236 315.394818782806 316.470563411713 318.760275840759 319.372276465098 318.569759527842 317.6575700442 321.859081586202 324.604312578837 323.993802070618 324.848115444183 325.06271203359 322.791298230489 321.527202924093 318.754076957703 312.260568141937 300.930122534434 301.842490832011 316.798369089762 324.78129863739 325.426538785299 321.053028106689 311.987300713857 304.259677728017
294.616599877675 301.575819651286 305.036187171936 305.118501186371 303.154190381368 301.34391784668 290.280560652415 274.621367454529 247.354984283447 239.233573277791 251.949071884155 273.570120334625 289.69806432724 297.058780988057 298.628369967143 292.807539304097 281.009515126546 276.917258898417 276.385188102722 278.16915512085 285.37654876709 291.129310925802 297.079662481944 301.367958386739 306.540648142497 309.160113334656 310.800234476725 310.052553812663 310.619990030924 315.046409765879 316.176851590474 316.540678342183 320.812741915385 323.792735735575 323.221802711487 320.44780254364 318.069398403168 315.472602844238 302.091161410014 303.486287593842 319.322049617767 323.073824246724 321.694592634837 318.108022212982 309.132734934489 301.670074462891
252.942303816477 264.949123064677 275.328636169434 283.557772636414 290.901343027751 296.914001305898 299.013098080953 296.020130316416 273.543357849121 251.103699207306 238.19100856781 245.584925015767 269.774635632833 289.40745194753 300.244867801666 293.074448903402 287.35876083374 282.204627990723 275.703966617584 271.202842394511 270.477016766866 270.613412062327 273.503681023916 283.914844195048 293.164352575938 298.933883508046 300.709287325541 300.148328145345 303.961853186289 307.709634304047 309.701482454936 312.330842018127 318.678597609202 321.21870915095 319.600701332092 317.915757497152 319.157183170319 320.986648400625 314.356764157613 311.76483631134 318.587720394135 322.298367818197 322.463393211365 321.425875027974 314.363439877828 309.126734733582
214.414079984029 219.485441843669 227.591077486674 239.178756872813 253.749092419942 268.252809842428 283.743798732758 288.813690344493 289.705057938894 278.932193915049 255.849381287893 237.523476282756 239.862422148387 261.153678099314 283.327539761861 284.912745157878 290.492594242096 288.306752840678 280.63843647639 271.916548411051 266.240576903025 262.982547283173 263.119657834371 270.974735418956 278.036018212636 282.444059848785 284.689784049988 287.709176540375 293.069303035736 296.732485294342 300.217727820079 304.684738318125 309.620181719462 310.850739479065 310.423652331034 310.946901639303 316.679000854492 322.184880574544 322.453399499257 321.390529473623 322.150071461995 324.651499589284 325.461983680725 323.95480076472 318.974812825521 316.887021064758
203.416685263316 199.210743109385 196.970343589783 196.372866630554 203.949868679047 219.914277394613 243.444422880809 262.987554073334 287.302056948344 290.979186693827 281.842490037282 261.941730976105 235.57190100352 233.424444993337 254.990696907043 277.971466382345 290.05632797877 292.122582594554 288.409650325775 281.249523162842 273.892362912496 273.068467775981 271.956125895182 272.730449835459 272.909204165141 272.109607855479 275.781095027924 283.159673213959 286.049743493398 286.652187506358 290.770749251048 295.3067223231 296.976824601491 298.372626304626 299.276928106944 303.038815657298 311.489264170329 318.575223286947 319.475114345551 322.592457135518 323.232332865397 323.414285977681 322.713792324066 322.635233402252 317.247708638509 315.638422966003
198.060234387716 169.848839441935 153.194218873978 147.518922885259 145.858416954676 152.174919843674 171.468098958333 205.816507339478 242.54850546519 273.915867010752 288.542528947194 288.629154364268 273.554901281993 249.561051527659 247.03973531723 270.150939623515 284.377197424571 293.869694073995 298.898537953695 296.053826808929 287.25395600001 284.53137477239 281.801164150238 281.603614489237 280.442933241526 278.470158576965 281.211972236633 288.196345170339 287.568032741547 282.51055876414 287.166794141134 291.609326998393 292.427917321523 292.754213015238 295.489509900411 301.071226596832 305.024882157644 308.904449144999 310.814499855042 311.809758345286 314.503133296967 316.986521085103 320.190906524658 321.571449438731 316.610594590505 315.602997938792
180.247525374095 142.448286215464 119.175185759862 115.537305672963 116.511960824331 120.848447084427 130.144735177358 157.786875963211 184.284011522929 232.435802618663 280.414799849192 302.718321482341 305.777708689372 290.905435880025 269.074440002441 265.170971552531 270.168205102285 283.374031384786 296.382466952006 302.330593268077 300.954401493073 296.264131863912 294.427076975505 291.762153307597 288.521866003672 287.014702955882 288.630326588949 290.41999578476 285.660366217295 282.129983107249 285.657306512197 289.673010508219 289.866824944814 289.119084676107 292.258103688558 295.42197783788 296.99695110321 295.21906375885 298.180262247721 298.4632452329 302.802920341492 307.53501256307 311.491290728251 312.881271044413 310.401856899261 311.018149058024
156.007905801137 128.388106822968 99.9549825986226 95.6177512804667 111.506680647532 135.524213314056 138.048380613327 145.665854215622 168.234427769979 197.373390197754 245.188156763713 297.291855017344 314.015130201976 312.278469403585 297.840317090352 271.673083305359 262.061397234599 264.399369557699 279.421925544739 299.36679204305 306.330680847168 302.462776501973 303.358495235443 298.799316088359 293.30841700236 293.66934299469 296.215812365214 293.003757794698 287.584205468496 289.580762386322 290.826539198558 290.328244368235 288.009444872538 287.025928497314 286.825915177663 286.29473845164 284.741441408793 280.379772186279 282.76119629542 284.407099088033 288.440505663554 292.211850484212 294.549465179443 295.434534549713 302.018046379089 305.183311303457
135.771771272024 126.569926738739 101.957867542903 86.734265089035 91.1502142747243 117.551346619924 137.219647566477 147.09135890007 163.662691911062 179.072519143422 203.247765700022 255.886892477671 298.562467098236 312.59556611379 309.367616971334 299.932201703389 290.366172790527 276.468376318614 267.835895220439 277.697821458181 297.115921974182 305.656274159749 307.800571123759 304.32520310084 298.771480719248 299.716154734294 303.236166636149 299.743870894114 296.58434788386 301.026244958242 300.094703833262 291.441917419434 286.655962467194 283.688763777415 279.765506585439 278.021693229675 274.302065372467 273.213505744934 273.731668790181 275.838752587636 278.169373671214 280.775447686513 283.211767673492 284.559826056163 297.126352787018 303.364336490631
128.862092892329 131.080567836761 121.265182892481 98.9025632540385 83.9640994866689 103.502213954926 132.143994172414 151.930630207062 172.402222951253 183.529317378998 193.438092867533 220.587114493052 254.622320334117 281.723777453105 311.780571937561 314.082523187002 311.406870683034 301.443994045258 284.089684486389 269.949595133464 279.775619506836 300.641973813375 303.56619755427 303.644021352132 304.030537605286 308.02192290624 311.095436414083 309.486031532288 306.826790173848 308.387875556946 303.915977478027 294.591466585795 288.646419843038 282.902359962463 277.780016263326 275.358637173971 272.531131903331 272.677044073741 272.729933261871 274.554471174876 276.866535345713 277.486701806386 277.628898620605 281.180799007416 289.656758308411 299.589951833089
136.135160923004 145.764589309692 148.858308792114 128.991514444351 108.979334433873 121.398607889811 141.748289267222 161.281824111938 180.400490760803 202.79731353124 212.292710940043 218.952476978302 238.901734352112 251.349806785583 273.035089174906 295.716643333435 311.823050181071 310.42601664861 305.649399757385 291.22273127238 274.959524472555 286.491453647614 293.347318967183 299.933910369873 307.57216612498 312.978784243266 315.314094225566 315.083603064219 310.151199499766 308.678984642029 302.910367647807 297.215402126312 290.888845920563 284.688830375671 280.620296796163 276.78914864858 276.161730289459 273.75719944636 272.289435068766 275.129576524099 278.81532907486 280.251701672872 278.934160868327 281.566739082336 282.033801078796 293.416440486908
145.382503668467 149.68595902125 162.537386020025 166.092415650686 153.32152446111 141.421983639399 143.091946840286 155.85791071256 173.663338025411 196.47870461146 211.027065912882 209.41827694575 216.379304726919 226.114710172017 246.323525905609 267.324507236481 279.54896291097 297.263820966085 305.928270022074 304.218967755636 296.908060709635 285.774966080983 286.753118038177 294.503728548686 303.538680076599 309.991995493571 314.879635969798 314.522524674733 307.980279127757 307.04402923584 302.135666211446 295.446713765462 289.474546909332 285.774111747742 283.246239026388 278.902947902679 276.137034098307 269.096573193868 267.520149548848 274.31046962738 280.019442240397 281.720419724782 283.058444658915 282.69370396932 280.452768007914 287.749985853831
