input/barkrak2/radiation/dir13124.grid
NCOLS 85 
NROWS 70 
XLLCORNER 665100 
YLLCORNER 4664600 
CELLSIZE 20 
NODATA_value -9999 
[rows 20 to 39 of 70, columns 0 to 45 of 85]
170.439660549164 161.27210855484 175.866683324178 214.373548825582 208.968281745911 170.395771662394 156.241257985433 163.324733575185 178.569813569387 196.539858977 211.092114448547 216.455399990082 219.828089078267 229.184567928314 242.4076795578 262.848575909932 277.671456336975 297.328730424245 313.0069176356 322.024305661519 325.250744819641 316.94217522939 314.717570940654 316.720922787984 318.151215712229 319.819251696269 321.638703346252 319.446285565694 315.922319889069 315.130591392517 308.43718846639 296.199421087901 285.283406575521 279.145399729411 276.737372080485 282.375852266947 282.412270704905 284.060756365458 288.735270500183 293.159643809001 294.232626756032 293.315351009369 295.878946781158 290.873845418294 294.699668884277 298.838416735331
200.919727484385 196.708142757416 209.246377150218 240.85267384847 237.337748209635 179.366946220398 169.121543566386 173.08779557546 181.149284044902 192.823807398478 204.630335172017 212.147792180379 216.125150521596 215.684831142426 229.98305161794 247.622489929199 266.72359307607 280.06782134374 293.329914410909 314.838369687398 322.070221106211 328.830281893412 330.39649327596 329.243143399556 324.421604474386 318.388203779856 314.620494842529 309.877177079519 311.403652032216 304.452518622081 286.653896172841 256.003359953562 233.15292596817 228.882670402527 235.997875531514 255.937457084656 263.351321220398 279.005587100983 289.616008599599 289.610008398692 287.730097770691 286.773900190989 279.922803243001 264.948030312856 286.343892415365 294.895231723785
243.915379047394 248.926122983297 249.759217103322 258.802692095439 258.522470792135 212.068676948547 191.888451576233 182.719389597575 179.746806621552 186.843236287435 203.084886074066 212.075094381968 223.072906335195 227.001825968424 234.058797359467 244.189163049062 256.725311279297 271.90895875295 284.593900044759 290.319701035817 298.010726769765 316.132346789042 323.80352417628 324.759443600972 320.258935292562 310.646216074626 297.688285509745 279.685815175374 276.173690954844 254.34007247289 221.821586290995 179.544051488241 153.794238964717 168.150146802266 196.068565050761 221.916536490122 241.202771663666 262.770930926005 274.940768877665 278.505543867747 281.035383542379 282.022833824158 258.966227372487 236.884375413259 265.520950158437 291.939457257589
268.714706103007 268.827497959137 260.891397794088 264.113903045654 263.322571913401 247.541864713033 216.722150643667 188.511153062185 174.033343791962 178.585886955261 199.791212876638 215.814093748728 228.478213151296 236.95969581604 238.301078478495 244.173308213552 253.691256046295 268.511195977529 276.220579942067 272.108395894368 276.535948117574 274.281144142151 277.430375417074 281.428217887878 284.545481204987 282.472987969716 269.843300183614 257.669051488241 235.88772614797 191.939055919647 164.616803328196 139.846742153168 105.897883574168 92.7286048730214 104.06548778216 140.078862508138 189.214527606964 216.35498603185 235.126157601674 244.724571704865 244.243582089742 229.862113793691 216.242114702861 249.102254708608 249.952475229899 283.277948697408
261.783460776011 262.663801511129 265.577336152395 266.509453455607 256.461183230082 249.060571193695 222.707569599152 205.110351244609 187.927067279816 182.010630766551 194.605807463328 210.050543149312 224.236249923706 235.612213611603 237.661401430766 244.366109371185 251.590331395467 263.138731320699 270.773768424988 262.888550758362 255.523403485616 246.514181296031 253.565351168315 260.139067967733 266.408602396647 266.012688477834 256.523887316386 243.459741274516 207.020878791809 159.700075785319 139.528642098109 136.029342810313 114.307105541229 75.1704474290212 67.5496409336726 88.2884462674459 129.468441009521 166.251848141352 194.415708382924 209.258139133453 199.178496996562 176.828821500142 197.851081689199 270.530601342519 266.738037268321 284.705420335134
253.775636355082 258.35398832957 267.117559909821 264.823297659556 257.096946239471 249.271730581919 234.780371189117 230.544090270996 222.628672917684 207.975824673971 206.042071183523 225.265065828959 234.143416086833 246.878623962402 249.074518680573 247.781872749329 247.243444124858 250.304420789083 257.089098294576 260.381817817688 262.672007083893 254.800419012705 250.349561373393 252.450903256734 253.34507226944 254.771252473195 246.488988399506 236.79922024409 193.07678937912 168.463150660197 166.236460208893 181.572159131368 182.551463445028 141.931583484014 107.699741919835 101.720829804738 113.101373116175 137.185235818227 167.206645011902 188.761254151662 171.023110548655 163.717329502106 206.664085388184 262.176156044006 282.897790273031 295.255402723948
255.063692728678 258.160630861918 264.715929826101 264.850695927938 271.529833475749 261.505842208862 252.908766269684 247.038384278615 248.256882031759 241.818269093831 231.518944104513 244.767864545186 252.569158871969 265.193104743958 261.349240938822 249.976813793182 243.454436461131 252.928793430328 258.259216944377 269.643406073252 274.067282676697 268.6953941981 261.30751768748 254.195710023244 253.40727965037 255.486726760864 247.063040733337 238.747358322144 206.412792205811 200.732111930847 220.56778271993 245.264907677968 251.064976056417 255.331615606944 220.057447751363 138.950288295746 128.730316956838 137.017677227656 162.734806537628 175.039609273275 183.866957823435 214.7203485171 223.600586255391 242.73685614268 274.645964304606 283.904035886129
259.004731973012 255.560378233592 258.316834767659 263.375878334045 295.539637406667 277.817408243815 263.558208942413 251.449644565582 253.024895985921 260.464092095693 248.541812102 249.204536279043 258.709291617076 261.405269304911 260.636806488037 256.459136803945 252.038419246674 256.714304288228 268.709758917491 272.499779860179 270.182251930237 263.481597105662 261.491596698761 259.146650632222 261.056542396545 258.776048819224 256.001114845276 249.139984448751 233.474393685659 233.067591985067 254.83783086141 269.240955511729 270.348270734151 283.929089705149 294.517397880554 217.289408047994 156.774361928304 142.078618208567 151.404360930125 175.395965576172 221.357425053914 273.498098055522 237.870077292124 232.466101646423 255.3804119428 264.076590538025
257.447898387909 247.798879941305 251.317838827769 269.704560438792 310.554603735606 280.644992987315 256.531218687693 245.375454425812 248.644669850667 254.735072453817 248.152355353038 245.44886747996 254.851460456848 259.0172290802 264.072775840759 265.573998292287 260.247250398 257.879992326101 265.880068143209 267.886638641357 265.182634194692 259.968439737956 259.137630462646 265.15531539917 265.132904052734 260.433932145437 258.85146856308 255.754351615906 244.830826918284 243.064900239309 264.654735724131 281.713902950287 282.047867774963 281.434098879496 297.686537106832 283.16742181778 186.959743499756 132.882306973139 122.175325949987 155.179133017858 230.603396892548 258.372108141581 227.61869430542 203.280607859294 221.217592557271 233.434696992238
250.709414482117 239.808599154154 247.132043043772 280.017375946045 308.258314927419 277.265071868896 246.784567832947 228.403329849243 224.793652693431 226.562440395355 225.578546524048 232.034881909688 245.361526807149 260.903716087341 264.261802037557 270.39368947347 269.325892130534 255.082090695699 259.796500205994 260.132670402527 259.011626243591 260.943333307902 261.10057036082 265.446921189626 269.723534584045 263.775249322255 267.382502555847 259.030143419902 249.705334504445 251.471738020579 271.376887957255 288.895169893901 284.732540448507 282.009164492289 291.852513949076 304.317275683085 272.262096405029 191.531856854757 147.222409645716 157.74526198705 194.933573404948 211.543520291646 212.846338748932 180.968264738719 190.407554308573 211.634516716003
241.161783536275 249.959746996562 279.920160770416 325.940032800039 323.661208152771 283.020536104838 245.018204053243 216.460267702738 206.056634585063 217.100938161214 212.612450122833 211.525321006775 238.195478916168 261.176566282908 267.321844895681 273.338953653971 272.931933403015 263.470530509949 262.450277805328 264.543493588765 263.500173886617 265.881319840749 269.289553165436 270.242691040039 270.807643731435 274.473826090495 273.358623186747 269.96648311615 259.555617968241 263.235966364543 278.414785861969 290.659785270691 287.083248297373 288.940707842509 294.517775376638 297.941108544668 311.22632821401 307.584245999654 235.455671946208 188.315868377686 174.23552274704 169.765134652456 186.865210533142 181.904673576355 183.848102887472 212.374647458394
259.969890117645 289.108177026113 314.867496490479 324.293255805969 345.367511113485 319.468935330709 279.501020908356 239.240686098735 224.467158317566 239.256580670675 231.659809748332 214.194556077321 229.463239510854 256.493290265401 269.993821779887 274.798293908437 274.899323781331 272.725482781728 266.023238499959 266.096433003743 268.434584140778 272.547622521718 274.293065071106 271.523376305898 273.871680100759 280.202329158783 281.422773996989 282.428999741872 276.058316230774 277.255276838938 284.428219000498 289.624691009521 291.752596696218 297.520260016123 300.940155982971 290.217280387878 296.353697776794 325.320521990458 307.74853626887 239.771525065104 189.070840676626 168.10268163681 169.502298037211 183.201690514882 204.854667186737 234.249075253805
298.781275749207 313.828408718109 310.668528079987 304.384489854177 321.248094240824 335.086067517598 322.824895381927 291.374683380127 267.369270324707 266.202827294668 266.55250787735 243.62450838089 231.5700451533 254.16620572408 275.274654229482 279.112915198008 274.124880631765 279.711306095123 269.173463185628 265.996634960175 272.484302520752 272.619505723317 271.107415358226 270.309766133626 273.989617824554 282.905578613281 286.878526210785 290.4967268308 285.031755765279 282.703995704651 291.544318199158 296.880185604095 294.057150681814 295.268495877584 299.081524213155 288.134038448334 288.424928983053 302.386701107025 294.409235318502 260.274032751719 227.935791015625 192.699611186981 175.499300161997 180.463671684265 202.660997708639 236.574451128642
301.417072614034 299.415230751038 293.780366579692 283.758739630381 285.181403160095 303.610761960347 318.317373593648 308.394849300385 291.185736656189 288.843035697937 290.196577707926 273.286382357279 255.157689253489 262.803276379903 275.133887926737 277.00412273407 275.904377301534 277.618130048116 268.174966176351 269.208391507467 269.019067287445 270.55561542511 267.639478047689 266.844848791758 272.372782230377 278.322001298269 287.753462791443 288.01151116689 284.462650616964 287.86838054657 295.969804128011 295.389652252197 283.828894297282 280.299444993337 283.999760945638 267.492830753326 265.556772549947 262.298703193665 247.232953707377 242.728432019552 253.020425637563 226.162155469259 197.750270366669 184.337854385376 187.940537929535 212.285538514455
299.019277095795 291.890939076742 297.596414883931 285.120705763499 278.140107790629 288.577020168304 310.848295688629 326.140840848287 313.053707281748 298.13406864802 289.149502913157 285.285154978434 284.831523895264 280.517836411794 280.07185459137 279.221852620443 277.697682380676 272.225220998128 272.276997566223 273.81044626236 269.279797871908 268.681466579437 267.437974611918 268.144965171814 272.00190226237 274.574279785156 282.811443010966 280.378560225169 281.3627521197 288.952231407166 294.413030147552 286.270836989085 271.335442860921 273.94437789917 271.12352848053 253.820916016897 255.555828412374 254.899422327677 255.383352438609 265.701194604238 266.869266827901 260.707020759583 237.201333045959 218.786517779032 202.858726183573 195.505301157633
315.618296464284 311.995565891266 320.031066735586 315.546790758769 306.42435948054 309.223850568136 323.198477427165 340.127547581991 327.024459838867 303.120672702789 289.714336395264 293.351391951243 303.311884403229 291.951616605123 285.989960034688 286.403755346934 281.033794085185 275.643388430278 277.658363183339 276.002128918966 274.706244468689 271.356165409088 271.133383115133 274.435957272847 272.992730140686 274.118900299072 276.260594526927 274.070044358571 278.132875760396 289.557576179504 291.24504327774 283.204396565755 272.968252499898 274.026910463969 263.416012128194 257.956266403198 263.393918673197 265.575210253398 274.26141500473 290.08557399114 255.459030469259 247.228066126506 236.458996931712 225.751519203186 210.144460201263 190.825263659159
332.201858361562 330.585420131683 333.405017852783 334.155003229777 326.249659061432 320.428907871246 325.80025990804 339.002847671509 330.780148506165 302.650769551595 290.825625260671 298.473636309306 303.568800290426 292.756716410319 282.857835292816 287.163933118184 289.692242940267 282.187143961589 283.192833264669 284.991204738617 282.76401758194 275.867144266764 275.867780049642 277.521411577861 275.573511918386 274.314820766449 276.162187258403 279.565870761871 282.003084818522 290.326793988546 291.630963484446 285.7985496521 275.762518246969 271.666685740153 260.21146774292 264.583428700765 270.01957098643 271.314342816671 273.951272169749 282.928347587585 239.341616630554 201.6255458196 187.936305999756 182.609359423319 183.421611785889 180.369655291239
338.048140207926 338.07627360026 337.403813997904 337.187687555949 331.08001947403 325.443426767985 324.975391228994 331.221302350362 333.766063054403 310.427923997243 302.444199721018 301.601986090342 297.998646895091 291.357457637787 281.573394934336 285.956263542175 296.107252438863 288.974662621816 288.63255182902 288.017710049947 288.175523281097 283.664921919505 280.224204063416 278.885106245677 279.636224110921 276.973207791646 280.297180016836 284.765402475993 287.833174069722 288.564463456472 292.612353960673 287.585735321045 278.655270735423 263.334810733795 253.309547901154 269.746204217275 278.949518998464 277.854601542155 269.197523593903 276.0302623113 239.377458890279 172.131975491842 144.244700670242 130.794535080592 134.621252616247 144.783834616343
331.929206848145 336.589574813843 338.659167289734 337.619423866272 335.378011067708 334.186712900798 331.645369529724 329.940378665924 331.835627555847 321.677267551422 318.97364060084 311.507165431976 297.741452852885 295.778055985769 290.981809298197 285.035232702891 293.297549088796 294.059852759043 287.950297196706 287.51007715861 287.216941515605 283.053676287333 281.630138556163 281.774302323659 281.251271565755 284.159938494364 281.992971897125 285.137236118317 288.645366827647 289.523661136627 290.603200594584 289.341648419698 273.973246415456 251.271446545919 259.039878845215 283.014496167501 286.247253417969 281.044960021973 265.961825847626 269.641757011414 273.973087469737 214.738567670186 156.313677628835 130.927373965581 127.301186323166 128.383378187815
315.610349178314 320.116261641185 319.869577884674 324.879765510559 332.34179019928 338.921626408895 342.508316040039 342.562874158223 340.280214945475 335.871458053589 325.101057688395 307.05455938975 299.348990122477 296.878556410472 293.405055999756 288.379073143005 292.115330696106 291.58349831899 284.810582796733 286.090572675069 287.644445896149 289.707859357198 287.748058636983 283.077518145243 283.206840356191 283.367037773132 286.473949750264 287.439286708832 289.343357086182 288.32079966863 289.202690124512 288.132866223653 268.193284670512 252.591470877329 277.196566263835 292.807539304097 287.983953952789 283.061603705088 271.180311838786 270.443002382914 299.488127231598 306.82780345281 243.223190307617 189.770996570587 153.553754091263 128.343522548676
