input/barkrak2/radiation/dir19524.grid
NCOLS 85 
NROWS 70 
XLLCORNER 665100 
YLLCORNER 4664600 
CELLSIZE 20 
NODATA_value -9999 
[rows 0 to 19 of 70, columns 0 to 45 of 85]
347.348769505819007 350.44272740682 350.416938463847 346.894423166911 341.84467792511 336.819370587667 328.931868076324 322.709182898204 327.596147855123 326.448480288188 323.355793952942 331.136345863342 337.439099947612 337.314248085022 340.359369913737 349.894920984904 349.811911582947 343.94645690918 331.627329190572 321.506142616272 299.728989601135 295.091887315114 311.882058779399 318.98425022761 315.720597902934 313.747406005859 312.589367230733 304.808417956034 286.180396874746 279.033442338308 277.566472689311 282.96168645223 293.081482251485 298.628608385722 305.634081363678 297.892987728119 294.906715552012 303.443710009257 301.35319630305 302.774310112 293.26597849528 274.730642636617 285.293102264404 308.598776658376 313.496172428131 305.107633272807
340.497692426046 346.489191055298 345.978498458862 345.844626426697 345.184246699015 341.180443763733 330.575029055278 320.303499698639 323.452115058899 325.003902117411 319.882750511169 326.01543267568 334.330161412557 334.62929725647 334.256092707316 338.880856831868 339.839975039164 337.430040041606 334.054430325826 327.235539754232 312.774399916331 304.754038651784 309.874951839447 314.952174822489 313.495854536692 310.527920722961 308.685084184011 303.626000881195 289.450685183207 279.330889383952 280.563135941823 290.439863999685 289.707402388255 293.69862874349 304.402947425842 296.425461769104 290.02167781194 291.288733482361 287.109434604645 301.329572995504 299.223005771637 287.529687086741 294.180333614349 312.928716341654 319.094598293304 308.30854177475
320.866068204244 320.330361525218 325.572431087494 331.348697344462 334.830681482951 336.927652359009 337.595462799072 334.1170946757 330.764094988505 327.42844025294 319.194098313649 319.691220919291 327.990174293518 329.873402913411 326.147178808848 328.894078731537 333.066582679749 337.681889533997 338.328003883362 333.944280942281 330.298701922099 321.071664492289 313.532670338949 312.331954638163 313.613474369049 313.253621260325 308.711568514506 302.087664604187 290.996551513672 279.208302497864 277.202884356181 289.909640947978 277.56130695343 285.230159759521 299.216647942861 293.838302294413 279.085596402486 271.774510542552 283.795893192291 302.120844523112 303.379575411479 303.193668524424 305.05492289861 318.816085656484 328.737199306488 315.195401509603
302.238504091899 301.141520341237 302.785197893779 305.185417334239 304.894347985586 309.879024823507 314.3430352211 321.484565734863 330.294489860535 334.361712137858 331.393818060557 329.450190067291 330.219109853109 329.985519250234 325.798134009043 320.485850175222 322.955866654714 328.33077510198 334.126313527425 335.449496905009 333.407600720723 330.468932787577 329.052448272705 322.7765361468 320.419251918793 321.988165378571 316.769699255625 307.726661364237 299.383203188578 290.093620618184 280.951082706451 288.927674293518 278.230547904968 283.936659495036 290.954053401947 291.694601376851 285.098195075989 282.650748888652 300.855100154877 313.506245613098 310.115933418274 302.582323551178 298.902412255605 307.104369004567 318.862160046895 319.668928782145
318.191011746724 303.325335184733 290.737787882487 276.822785536448 281.654000282288 293.520172437032 308.23157231013 314.995765686035 321.134308973948 324.12052154541 332.652608553569 337.603290875753 339.941143989563 339.448213577271 336.971124013265 333.692113558451 331.162810325623 326.814452807109 329.316298166911 333.50404103597 333.378394444784 333.126604557037 336.217443148295 330.850124359131 326.507290204366 325.838466485341 320.539752642314 312.302907307943 303.799569606781 298.410793145498 297.131915887197 296.036918958028 289.659559726715 291.550914446513 288.999557495117 292.717039585114 302.081525325775 307.464023431142 316.550374031067 321.456869443258 319.087545077006 311.567902565002 304.231385389964 300.374090671539 305.751125017802 324.785808722178
340.45402208964 321.807384490967 301.052510738373 281.876822312673 273.211518923442 284.010032812754 302.479644616445 313.033839066823 315.42714436849 315.620481967926 322.025875250498 328.41291030248 333.106239636739 335.957090059916 338.580330212911 339.359521865845 335.822979609172 328.583836555481 327.458282311757 330.634375413259 330.463727315267 333.674947420756 338.728109995524 336.672425270081 332.396308581034 331.193347771962 324.861367543538 316.394011179606 306.094110012054 299.615820248922 299.738029638926 296.914935112 301.241993904114 306.708057721456 301.03741089503 298.442463080088 306.516925493876 313.713928063711 317.411859830221 317.73567199707 318.331281344096 314.78496392568 312.019765377045 311.333020528158 309.662977854411 314.077436923981
343.838453292847 334.58399772644 322.88783788681 309.461236000061 295.492748419444 280.58385848999 287.043948968252 309.37381585439 318.030456701914 321.953237056732 320.296386877696 318.101604779561 314.449369907379 312.102377414703 313.653945922852 322.873651981354 328.40226093928 333.141207695007 335.614720980326 336.071133613586 332.259078820546 328.486820062002 335.541049639384 337.222496668498 335.893074671427 336.840550104777 333.382169405619 325.842479864756 315.826157728831 309.122681617737 305.075685183207 306.718031565348 320.010503133138 325.126071770986 322.227418422699 315.770347913106 314.310610294342 317.814608414968 320.625245571136 326.173146565755 326.088309288025 321.533898512522 317.742347717285 312.124152978261 297.739346822103 291.201074918111
340.796709060669 340.377291043599 338.442325592041 331.449608008067 317.743182182312 296.20885848999 278.757035732269 278.76224120458 306.495348612467 321.712772051493 325.879295667013 323.322017987569 318.121790885925 312.407076358795 304.125984509786 305.376589298248 313.791374365489 323.375741640727 334.341764450073 339.388291041056 338.586171468099 332.798600196838 333.087126413981 336.327910423279 336.445411046346 338.695844014486 337.92515595754 333.764831225077 327.328244845072 323.631127675374 321.358879407247 322.044531504313 331.689556439718 334.388613700867 333.832462628682 330.15102148056 324.88230864207 320.952475070953 315.115551153819 320.778210957845 328.496833642324 332.208355267843 331.466893355052 322.632908821106 306.716283162435 291.43218199412
338.000416755676 338.719209035238 338.654081026713 336.859265963237 331.816573937734 321.244974931081 301.466743151347 278.860608736674 286.745667457581 305.51423629125 319.260696570079 323.515355587006 323.655486106873 321.776668230693 316.180328528086 311.774730682373 310.015201568604 311.885039011637 320.983827114105 330.70961634318 337.469458580017 339.412093162537 337.504267692566 334.966659545898 335.537036259969 338.280161221822 339.258114496867 337.380647659302 335.055271784465 335.885326067607 336.536765098572 335.615833600362 338.065147399902 338.81950378418 336.441000302633 334.717154502869 331.31206035614 323.375503222148 309.791028499603 312.90328502655 327.888488769531 331.883629163106 329.581379890442 325.281083583832 315.866847832998 306.795557339986
327.67242193222 332.086622714996 334.142645200094 334.255894025167 333.182175954183 333.644509315491 326.501647631327 315.288603305817 290.771385033925 284.328520298004 295.724451541901 313.516815503438 325.734357039134 330.102880795797 331.837972005208 328.51246992747 319.92107629776 316.912432511648 315.280377864838 317.472139994303 322.932024796804 325.71675380071 328.888535499573 330.561061700185 332.957168420156 335.125287373861 337.341149648031 335.715055465698 335.147261619568 337.742209434509 338.123083114624 338.149984677633 341.261307398478 342.419306437174 340.625842412313 336.786548296611 335.073391596476 330.13254404068 312.897245089213 309.497356414795 322.969118754069 325.12766122818 323.426147301992 321.221768856049 312.590479850769 303.539633750916
297.632018725077 307.269295056661 314.997732639313 320.230921109517 325.292646884918 329.456845919291 331.706682840983 330.576062202454 314.629356066386 296.101848284404 284.972409407298 291.567583878835 311.646203200022 326.414048671722 333.277821540833 328.62647374471 324.213087558746 320.897102355957 316.007614135742 312.450885772705 311.499158541362 311.386366685232 313.167413075765 320.538461208344 326.403558254242 330.061217149099 331.687390804291 331.181625525157 333.17635456721 335.691769917806 336.811979611715 338.11620871226 342.007557551066 343.380212783813 341.214895248413 338.807026545207 338.020205497742 337.927261988322 326.822340488434 315.478960673014 319.792966047923 323.144237200419 324.726045131683 324.496467908223 317.189951737722 308.621446291606
265.645345052083 269.250611464183 276.309609413147 285.421808560689 297.634720802307 310.133179028829 322.115103403727 325.13294617335 325.972080230713 319.057047367096 301.493446032206 284.588436285655 286.382615566254 304.670174916585 321.652213732402 322.227636973063 326.838135719299 325.911323229472 319.708605607351 313.053727149963 308.489322662354 306.13378683726 306.205908457438 312.525808811188 316.702047983805 319.429119427999 320.875863234202 323.410292466482 327.189067999522 329.715371131897 332.037766774495 334.895133972168 338.538845380147 339.57568804423 338.353872299194 337.625543276469 339.395682017008 341.211756070455 338.551163673401 329.947630564372 328.052302201589 331.10789457957 333.816607793172 333.581527074178 327.384094397227 324.830571810404
254.475792249044 250.687181949615 248.667577902476 248.688896497091 255.571881930033 269.860009352366 290.258288383484 306.474208831787 325.284361839294 327.581842740377 321.044564247131 305.782159169515 284.314155578613 282.425343990326 299.680391947428 317.796289920807 327.067792415619 328.316112359365 325.934569040934 321.09534740448 315.473139286041 313.629885514577 313.324769337972 313.998897870382 313.585082689921 312.426249186198 314.725279808044 320.364594459534 322.394053141276 323.284506797791 326.283196608226 329.851031303406 330.69105943044 331.642985343933 332.148134708405 334.542314211528 340.212146441142 342.412829399109 341.848413149516 341.107447942098 339.319586753845 338.252623875936 337.742765744527 337.146838506063 331.473092238108 328.552027543386
250.298877557119 225.560367107391 209.912896156311 204.720437526703 202.210307121277 208.113372325897 227.029204368591 258.39243332545 290.693124135335 314.959406852722 324.947516123454 325.460374355316 315.110584100087 296.045104662577 294.00646686554 311.974744002024 322.959224383036 329.733411471049 332.835872968038 331.316371758779 325.386742750804 322.376410166423 320.359508196513 320.310711860657 319.394369920095 317.471822102865 320.072551568349 324.473917484283 323.491473992666 319.926957289378 323.68536790212 327.050646146138 328.5031914711 327.88081963857 329.529980818431 333.426753679911 337.031126022339 338.143746058146 338.650941848755 338.738679885864 339.541435241699 340.702017148336 340.762734413147 339.241544405619 334.284583727519 330.203632513682
234.514137109121 200.589577356974 178.788383801778 174.733678499858 174.469629923503 179.341018199921 187.680304050446 210.957626501719 237.192988395691 281.582574049632 320.419828097026 335.649212201436 337.522745132446 328.89582713445 312.138656775157 308.998306592305 311.986764272054 322.316964467367 331.772645314534 334.69812075297 334.142287572225 331.170519193013 329.39875125885 327.798585096995 324.861486752828 323.387046655019 325.90780655543 327.124496301015 322.11967309316 320.052186648051 322.89715607961 325.879355271657 326.152424017588 326.351861159007 327.59040594101 329.905986785889 331.19132121404 330.585201581319 331.072549025218 331.010440985362 333.861668904622 337.369918823242 338.675220807393 338.05259068807 334.31351184845 332.549611727397
200.510581334432 175.58232943217 159.262915452321 155.872186024984 170.727630456289 193.568925062815 191.951771577199 198.362549146016 217.244247595469 246.7014392217 292.883972326914 333.804845809937 342.531601587931 341.509977976481 333.195269107819 314.414223035177 306.706547737122 307.345747947693 319.323698679606 333.59424273173 337.483406066895 334.758639335632 335.697730382284 332.295695940654 328.088243802388 328.176240126292 330.708066622416 328.233440717061 322.979827721914 325.440247853597 327.645142873128 326.434989770253 324.766159057617 324.28652048111 324.726422627767 324.335793654124 322.31597105662 319.736957550049 321.19216521581 321.287095546722 324.437260627747 327.816287676493 328.300098578135 328.368703524272 331.058303515116 332.379182179769
176.123480002085 166.749755541484 156.55862291654 148.002247015635 151.426027218501 176.144381364187 195.284982522329 197.411835193634 212.554891904195 226.325829823812 248.876571655273 298.708001772563 337.591091791789 340.591073036194 338.22504679362 333.98425579071 327.954192956289 318.073074022929 309.644957383474 317.909598350525 331.848839918772 336.42570177714 338.045080502828 335.761467615763 332.056045532227 332.413196563721 335.314830144246 332.584818204244 329.224944114685 332.941273848216 333.755135536194 327.719251314799 324.373722076416 321.710626284281 318.740586439768 317.973295847575 315.280000368754 313.443660736084 313.715259234111 315.899590651194 316.855053106944 318.862696488698 319.531480471293 321.188807487488 329.432924588521 333.021859327952
168.02841424942 171.30837837855 170.606434345245 159.473896026611 142.269482215246 153.89558672905 182.594219843547 200.534820556641 219.131112098694 229.822556177775 238.406360149384 264.633456865946 311.750153700511 336.845715840658 340.488354365031 341.681917508443 341.169317563375 335.459152857463 324.029246966044 311.523179213206 319.434861342112 334.61054166158 335.712949434916 334.538857142131 334.777593612671 338.412205378215 340.739806493123 338.384071985881 335.960865020752 337.42892742157 334.681590398153 328.573187192281 325.240075588226 321.63413365682 317.049980163574 315.187255541484 313.786824544271 313.04132938385 313.012599945068 314.405639966329 315.215309460958 316.424091657003 316.472907861074 319.355646769206 325.068434079488 331.579267978668
177.604675292969 188.118735949198 195.498466491699 187.206149101257 166.055977344513 162.174652020137 184.783339500427 204.770048459371 223.270197709401 243.225395679474 252.179364363352 258.781691392263 285.780648390452 316.906034946442 335.346142450968 340.295394261678 340.920011202494 340.309063593547 338.59125773112 329.299012819926 316.913604736328 324.7256676356 329.262693723043 333.42969417572 337.973833084106 341.670115788778 343.228419621785 341.174960136414 337.165435155233 336.64325873057 332.937995592753 328.817049662272 325.307329495748 321.90603017807 319.720327854156 316.1913951238 316.018362840017 314.288894335429 313.696165879567 314.919193585714 317.891220251719 318.94197066625 318.611085414886 319.708784421285 320.919195810954 327.915986378988
191.042522589366 195.608337720235 208.137730757395 221.469362576803 208.594997723897 180.561145146688 183.162569999695 194.428265094757 213.569204012553 237.73193359375 249.794562657674 253.145694732666 264.213601748149 281.560262044271 305.922865867615 332.326253255208 335.785786310832 336.718241373698 337.405800819397 337.30137348175 333.326399326324 325.291911760966 324.889878431956 330.320477485657 336.23997370402 340.652386347453 343.385299046834 340.807795524597 335.226972897847 334.763129552205 331.210573514303 326.194723447164 322.878321011861 321.958343187968 320.887207984924 318.349619706472 316.685616970062 310.502886772156 309.348543485006 315.541207790375 320.031702518463 320.127745469411 321.82784875234 321.826676527659 318.872173627218 325.216670831044
