input/barkrak2/radiation/dir17424.grid
NCOLS 85 
NROWS 70 
XLLCORNER 665100 
YLLCORNER 4664600 
CELLSIZE 20 
NODATA_value -9999 
[rows 20 to 39 of 70, columns 0 to 45 of 85]
211.779952049255 205.268839995066 221.6477394104 263.293941815694 259.118795394897 207.607130209605 189.921895662944 196.341077486674 209.30149157842 231.254359086355 245.596905549367 255.304137865702 264.901737372081 276.740272839864 293.344338734945 327.14573542277 336.895108222961 339.874108632406 343.553105990092 349.453488985697 351.331035296122 346.325635910034 345.49617767334 346.908807754517 347.805579503377 347.895224889119 349.469383557638 346.074342727661 341.31650129954 341.009934743245 335.474888483683 325.756589571635 318.561236063639 315.833687782288 314.878304799398 319.086829821269 319.353540738424 321.586966514587 325.943986574809 328.346351782481 329.19454574585 329.207678635915 331.094642480214 326.173424720764 330.102066198985 333.248734474182
236.407260100047 237.71854241689 257.956286271413 288.729389508565 283.003588517507 222.933173179626 202.592392762502 200.869123140971 211.017707983653 224.935094515483 235.375940799713 245.636820793152 255.79979022344 263.441582520803 279.412488142649 295.301795005798 325.878143310547 335.490147272746 340.332269668579 347.375830014547 349.659999211629 353.151520093282 354.166309038798 353.654781977336 351.126670837402 347.822229067485 344.49561436971 341.092268625895 339.708169301351 333.13771088918 317.483107248942 290.886044502258 272.77139822642 272.155225276947 280.058602492015 297.859986623128 304.878969987233 317.32835372289 325.977424780528 326.792299747467 325.227161248525 323.291818300883 318.304220835368 306.180636088053 322.37168153127 330.271681149801
274.220526218414 283.276756604513 293.781538804372 303.976436456044 304.057061672211 256.376107533773 225.377062956492 208.781540393829 205.40589094162 219.702005386353 236.87086502711 244.895418485006 259.373227755229 268.955965836843 274.05591805776 290.61084985733 303.757627805074 328.310449918111 335.246006647746 336.400429407756 339.040478070577 346.649765968323 351.110140482585 350.867986679077 348.387678464254 347.12020556132 343.737165133158 340.581695238749 329.550425211589 311.535139878591 268.599470456441 217.440863450368 198.916534582774 217.201729615529 245.198925336202 269.166668256124 285.358647505442 304.135541121165 315.314650535583 317.017336686452 319.848159948985 320.277214050293 300.007621447245 282.131950060527 305.876036485036 327.802340189616
291.769087314606 295.967519283295 300.205230712891 308.42787027359 308.286070823669 289.790372053782 250.17519791921 218.377828598022 203.016022841136 208.118160565694 233.365674813588 247.572998205821 262.130161126455 279.043674468994 281.21817111969 286.818782488505 298.333644866943 313.604553540548 326.736231644948 325.66887140274 324.288686116536 327.830632527669 336.63022518158 342.354536056519 343.016544977824 338.047504425049 320.328752199809 304.683943589528 280.411303043365 235.057512919108 197.183569272359 172.341664632161 148.212373256683 148.796766996384 162.754515806834 199.406623840332 238.022287686666 264.105598131816 279.832303524017 289.409856001536 288.921316464742 274.771809577942 260.549028714498 292.978346347809 287.690758705139 321.928302447001
283.50309530894 286.090850830078 298.521876335144 309.727152188619 301.683803399404 291.754345099131 258.752187093099 234.093844890594 216.464638710022 209.68496799469 225.90297460556 243.041257063548 255.645493666331 274.083236853282 280.692835648855 282.198369503021 294.279992580414 306.775947411855 316.531340281169 318.833629290263 322.02152411143 319.002687931061 325.932224591573 318.163673082987 306.217551231384 301.190276940664 292.201260725657 280.795733133952 247.132102648417 191.336929798126 169.605294863383 167.223274707794 150.352378686269 130.091726779938 122.038374344508 135.745346546173 181.926250457764 219.281693299611 244.087040424347 257.784267266591 247.850775718689 225.507160027822 246.59808476766 308.221499125163 300.046225388845 322.963178157806
278.678417205811 282.544036706289 296.04568084081 306.069950262706 303.335567315419 291.972041130066 267.366766929626 258.391678333282 247.707466284434 232.476731141408 232.874075571696 252.134501934052 267.298102378845 280.381004015605 287.166694800059 286.74844900767 294.904172420502 305.044293403625 311.41338745753 318.586627642314 328.108568986257 318.907161553701 297.925531864166 294.750650723775 295.297781626383 293.112059434255 281.436721483866 267.855107784271 224.359333515167 195.495446523031 194.607416788737 211.633304754893 216.759065786997 194.239179293315 158.985912799835 138.448586066564 157.970776160558 185.909688472748 226.978639761607 241.639892260234 223.369280497233 214.57435687383 254.230419794718 290.930430094401 310.942550500234 334.448536237081
280.772050221761 282.548069953918 291.423956553141 302.158892154694 315.897146860758 299.983441829681 281.405448913574 268.522997697194 266.30437374115 260.802765687307 252.889374891917 270.56348323822 280.979156494141 296.396732330322 297.407905260722 293.458561102549 295.951584974925 305.825114250183 313.414474328359 321.165243784587 318.547030289968 309.463381767273 304.967403411865 299.434701601664 294.618805249532 292.426427205404 280.320386091868 267.672419548035 230.225682258606 224.195679028829 246.429642041524 269.457618395487 273.361086845398 286.949952443441 269.599080085754 184.38575665156 169.233739376068 181.365271409353 208.008488019307 239.635566870371 232.162435849508 263.567626476288 255.699197451274 267.557581265767 300.764918327332 322.194317976634
285.022139549255 281.194428602854 284.553945064545 297.765473524729 334.715763727824 308.00066391627 284.821033477783 266.998708248138 267.419377962748 275.454163551331 271.361549695333 275.025685628255 288.454651832581 299.593408902486 301.37977997462 300.931493441264 302.145381768544 309.537311395009 307.018280029297 309.987862904867 308.505892753601 302.03648408254 300.628066062927 306.172887484233 303.463101387024 299.127697944641 289.174497127533 277.304689089457 251.785020033518 249.925474325816 274.767200152079 289.434174696604 287.283579508464 301.175057888031 329.888383547465 265.155573685964 200.201213359833 185.063242912292 199.367622534434 243.350704511007 269.537250200907 312.422116597493 265.579064687093 259.192526340485 290.882070859273 302.328368028005
281.941294670105 274.373273054759 278.4517010053 304.233233133952 345.872640609741 305.17985423406 274.973134199778 261.659900347392 267.270505428314 275.739868481954 274.017592271169 272.862394650777 289.569576581319 299.2063164711 304.63985602061 309.885700543721 305.244326591492 294.34335231781 304.575641949971 303.116997083028 304.117778937022 299.124519030253 297.77987798055 304.586033026377 308.656215667725 301.03196700414 296.293139457703 286.942223707835 262.98584540685 256.739020347595 279.915273189545 298.280835151672 296.604732672373 294.683237870534 317.358394463857 324.516455332438 236.957669258118 179.171522458394 170.911570390066 215.312500794729 278.210858503977 293.775916099548 257.264256477356 236.180027325948 263.231694698334 277.87450949351
274.253010749817 266.6996717453 275.579651196798 314.60444132487 342.529733975728 302.831490834554 268.637875715892 251.276055971781 249.706288178762 256.57061735789 256.031433741252 261.582454045614 283.797383308411 301.055490970612 304.951608181 306.528131167094 304.626941680908 293.56857140859 294.922133286794 297.107915083567 297.619382540385 299.234390258789 298.459748427073 302.9545545578 306.885600090027 305.846631526947 302.984019120534 292.824904123942 270.665009816488 265.741268793742 284.527679284414 302.693247795105 297.850410143534 294.214606285095 303.167760372162 324.533303578695 314.943850040436 242.344518502553 193.089743455251 201.9864320755 237.313111623128 252.701977888743 251.411120096842 222.208579381307 235.942184925079 263.501783212026
262.155373891195 272.595345973969 301.939109961192 347.57936000824 349.690556526184 307.787617047628 271.086891492208 245.192249615987 238.084018230438 249.000032742818 244.040787220001 242.85751581192 276.006003220876 302.338401476542 306.843976179759 308.970967928569 309.403459231059 298.087179660797 299.166997273763 299.728751182556 299.001375834147 301.77762111028 303.110321362813 306.682209173838 308.299740155538 310.804843902588 311.075588067373 301.174839337667 283.369739850362 278.33092212677 289.954304695129 302.699188391368 300.268332163493 299.310783545176 302.473604679108 304.959356784821 330.151498317719 344.212492307027 280.18573919932 233.250419298808 221.060156822205 211.740652720133 226.765692234039 225.120981534322 232.897241910299 269.37601963679
280.649145444234 305.166125297546 321.851372718811 325.99808772405 355.498313903809 339.0212059021 305.740098158518 267.754197120667 251.993954181671 265.134851137797 261.995196342468 242.033839225769 261.715392271678 293.669740358988 305.57515223821 310.095270474752 309.757649898529 307.939410209656 300.929228464762 301.514208316803 303.545534610748 305.993139743805 307.656228542328 308.272163073222 309.769531091054 316.091636816661 318.386177221934 315.267403920492 300.800899664561 293.997168540955 296.85248931249 300.239622592926 301.853716373444 305.947343508403 308.257301648458 296.432932217916 305.391569932302 344.711899757385 344.423015912374 286.37174765269 238.150437672933 210.447311401367 210.91636021932 229.341944058736 253.592828909556 284.182647864024
309.118211269379 316.235542297363 304.079592227936 296.116888523102 315.251151720683 338.31516901652 335.354367891947 308.151463667552 283.69677066803 288.60596815745 290.640155474345 268.626789251963 265.171110630035 288.967669010162 305.541316668193 309.066891670227 307.689627011617 311.127861340841 304.376025994619 303.363442420959 307.352701822917 310.192624727885 308.537582556407 309.051513671875 311.656852563222 318.832119305929 323.991139729818 323.873937129974 310.278991858164 300.992111365 306.910773118337 309.191425641378 304.862240950267 307.297130425771 311.554908752441 301.717062791189 300.837139288584 321.747084458669 328.837653001149 306.240300337474 277.128756046295 234.920163949331 213.817715644836 223.658959070841 245.242396990458 279.228111108144
296.90827926 288.142522176107 280.367255210876 269.130448500315 269.464214642843 290.700912475586 313.272913297017 312.953432401021 302.978873252869 307.164033253988 306.032061576843 292.434573173523 284.220178922017 294.899980227153 308.136741320292 306.697964668274 307.178854942322 310.564637184143 302.115718523661 306.323091189067 308.057526747386 309.321780999502 307.757576306661 306.724270184835 310.587783654531 317.075729370117 324.186285336812 322.236319382985 313.31342458725 308.177252610524 312.472442785899 310.566167036692 300.060907999674 300.08993546168 304.446339607239 289.366563161214 286.466479301453 288.078784942627 284.281353155772 290.873269240061 300.321201483409 266.295214494069 237.647155920664 228.619118531545 230.33861319224 253.012915452321
288.837711016337 277.433037757874 283.865014712016 269.208947817485 260.938505331675 272.924065589905 300.206442674001 326.638480027517 324.363013108571 314.310610294342 302.549044291178 301.203986008962 311.080873012543 312.008023262024 310.60779094696 309.657474358877 310.074230035146 308.143774668376 306.722422440847 309.446076552073 308.932999769847 306.776205698649 306.480248769124 308.144986629486 309.373537699382 311.741391817729 315.948208173116 314.801096916199 313.371658325195 313.509881496429 313.86810541153 303.850372632345 288.51854801178 294.115543365479 293.637275695801 277.570207913717 278.19303671519 278.446674346924 286.901315053304 310.831665992737 309.846659501394 295.63041528066 273.723324139913 260.330120722453 242.470622062683 233.035842577616
309.807817141215 304.038306077321 313.92361720403 308.616638183594 298.293789227804 303.268869717916 320.643524328868 344.314535458883 339.722792307536 316.763718922933 301.535864671071 310.32520532608 325.795213381449 323.691010475159 316.787838935852 319.84007358551 314.432978630066 311.313311258952 313.61722946167 316.192885239919 312.771161397298 308.485309282939 308.660229047139 312.399665514628 309.309999148051 310.455322265625 312.461157639821 309.120337168376 311.811983585358 317.011892795563 313.737511634827 303.150395552317 290.031214555105 290.700872739156 284.423073132833 280.251820882161 285.286049048106 285.420378049215 297.857860724131 330.137034257253 298.907558123271 284.383038679759 274.807512760162 266.795893510183 252.692878246307 228.851993878682
337.122241655986 333.846886952718 335.868279139201 338.658412297567 329.53147093455 323.058764139811 327.624122301737 342.590610186259 340.760032335917 313.550511995951 305.271148681641 318.288167317708 331.902285416921 324.146270751953 322.194258371989 322.284857432048 327.431996663411 317.717611789703 320.698221524556 321.201264858246 318.411310513814 315.265496571859 312.22528219223 314.068218072255 310.598373413086 308.297117551168 311.456839243571 312.605321407318 315.131922562917 319.413542747498 315.924863020579 305.093665917714 292.637089888255 286.389132340749 279.285073280334 284.522950649261 291.157682736715 289.741237958272 292.882283528646 318.296174208323 288.78653049469 246.520141760508 235.348363717397 229.698618253072 226.913173993429 220.965683460236
351.194461186727 347.577492396037 341.790835062663 342.916289965312 337.799628575643 329.142133394877 325.28018951416 330.664277076721 338.173627853394 320.916016896566 321.452041467031 330.530643463135 329.341987768809 326.00466410319 322.804570198059 325.368126233419 331.161220868429 327.404499053955 324.860155582428 324.307501316071 322.895367940267 319.006542364756 315.012812614441 314.781149228414 313.464959462484 310.709635416667 311.682124932607 316.255350907644 315.615057945251 318.215409914653 316.649536291758 308.058540026347 296.061297257741 280.228992303212 272.339224815369 287.491222222646 297.597368558248 295.070767402649 284.835914770762 302.202920118968 290.602644284566 223.65524371465 194.324056307475 181.625207265218 181.597967942556 188.803970813751
355.910023053487 358.09067885081 356.415351231893 353.646675745646 349.004030227661 342.650969823201 334.539413452148 329.18918132782 331.717908382416 329.858740170797 340.030233065287 341.015219688416 333.708246548971 335.646430651347 328.418691953023 326.237897078196 331.990659236908 331.847409407298 324.777543544769 323.676586151123 322.073340415955 319.782257080078 313.619832197825 314.192195733388 314.375559488932 313.683350880941 312.339584032695 315.24387995402 316.909412542979 316.072841485341 317.789395650228 311.149120330811 291.321396827698 269.269684950511 277.935942014058 299.283603827159 301.783303419749 295.789460341136 279.021064440409 285.132090250651 311.856687068939 269.375324249268 212.013641993205 181.798775990804 169.568677743276 164.157847563426
348.029692967733 350.693186124166 351.048151652018 353.962500890096 357.388933499654 359.211881955465 357.91023572286 354.228417078654 351.851264635722 355.10265827179 352.851708730062 342.40182240804 338.572899500529 334.618091583252 333.960692087809 327.730079491933 330.69239060084 330.48148949941 323.540151119232 322.007695833842 323.832253615061 323.242942492167 320.345977942149 313.476363817851 312.515099843343 313.523193200429 316.188494364421 317.079961299896 318.486491839091 318.481087684631 317.077100276947 312.219937642415 287.053326765696 269.786636034648 291.505058606466 305.990099906921 301.323771476746 297.336320082347 283.705552419027 278.097669283549 314.525922139486 343.954841295878 294.742862383525 240.533411502838 199.228167533875 168.58826080958
