input/barkrak2/radiation/dir15624.grid
NCOLS 85 
NROWS 70 
XLLCORNER 665100 
YLLCORNER 4664600 
CELLSIZE 20 
NODATA_value -9999 
[rows 40 to 59 of 70, columns 0 to 45 of 85]
339.10079797109 339.818557103475 339.778701464335 341.449419657389 345.651706059774 348.382552464803 350.516716639201 352.88945833842 353.022297223409 346.875111262004 338.513374328613 335.255742073059 331.711232662201 330.844442049662 328.329781691233 326.141556104024 325.161099433899 323.275506496429 319.007277488708 315.511067708333 317.747215429942 320.175846417745 320.689618587494 315.415819485982 312.756538391113 309.722483158112 315.618634223938 317.182739575704 316.070079803467 315.518657366435 314.538538455963 310.434699058533 285.957435766856 281.269868214925 302.401761213938 302.631636460622 293.696661790212 293.625096480052 293.523053328196 282.416880130768 291.121582190196 330.158988634745 347.867767016093 302.34698454539 242.368400096893 197.914401690165
343.393127123515 341.800928115845 341.95331732432 342.547337214152 340.698798497518 339.394569396973 339.210947354635 340.347568194071 342.773954073588 337.729175885518 332.310199737549 332.579871018728 333.797891934713 334.05880133311 331.022838751475 328.557292620341 324.176212151845 328.325748443604 327.306270599365 322.531660397847 323.107759157817 323.177615801493 321.146170298258 321.436623732249 320.795019467672 318.76548131307 318.828264872233 319.057782491048 317.937811215719 318.244675795237 316.809276739756 311.418056488037 292.797088623047 292.701244354248 303.541938463847 294.958968957265 280.445992946625 280.668298403422 287.989497184753 292.87592569987 307.17404683431 319.729606310527 332.233170668284 329.26873366038 284.311771392822 235.097408294678
344.876925150553 343.434532483419 345.173835754395 344.645420710246 340.70348739624 339.322725931803 339.101513226827 338.321328163147 337.983965873718 335.201223691305 333.524386088053 332.640866438548 334.179441134135 335.524320602417 334.338307380676 331.524054209391 328.557431697845 330.905715624491 331.262071927388 327.380081017812 323.170781135559 321.514447530111 320.018708705902 320.208032925924 322.239617506663 318.814237912496 315.51992893219 316.868662834167 316.434343655904 317.666490872701 315.254370371501 308.513104915619 299.753606319427 301.579376061757 300.696849822998 284.050345420837 269.017954667409 274.833718935649 289.758781592051 302.161693572998 310.358643531799 308.495461940765 304.357628027598 308.144847551982 291.63404305776 240.906715393066
337.351044019063 339.119474093119 343.338886896769 342.171788215637 342.988769213359 344.136993090312 344.557762145996 342.432856559753 336.304267247518 334.78061358134 336.926817893982 334.051092465719 333.493947982788 333.774010340373 334.501385688782 331.91967010498 331.583976745605 333.399256070455 332.799474398295 328.512867291768 325.677355130513 321.492075920105 320.338944594065 317.614654699961 318.612615267436 319.998383522034 315.261085828145 315.737028916677 315.386394659678 315.119624137878 310.718854268392 304.751296838125 304.232060909271 305.212179819743 292.136251926422 269.542853037516 264.831821123759 278.806686401367 298.170824845632 303.012947241465 302.869121233622 298.563222090403 290.733496348063 287.990351517995 280.325512091319 249.149898687998
337.172508239746 340.786457061768 342.193404833476 341.996431350708 343.048294385274 343.258738517761 343.636234601339 341.182152430216 339.374860127767 336.828311284383 337.066610654195 335.892796516418 331.760406494141 331.389367580414 330.329199632009 329.472343126933 327.526211738586 331.064065297445 332.635561625163 330.273846785227 326.697727044423 324.354747931163 322.991013526917 320.918242136637 318.048040072123 321.126838525136 321.948726971944 317.221363385518 315.295855204264 312.119583288829 305.845936139425 300.977826118469 299.786508083344 295.738120873769 283.34512313207 267.22244421641 268.66626739502 284.699062506358 299.936711788177 297.97484477361 299.578388532003 291.920244693756 279.433131217957 273.956040541331 273.047010103862 261.09121243159
341.054201126099 343.422412872314 341.744820276896 342.615962028503 341.802477836609 341.472069422404 342.298110326131 341.223279635112 342.340270678202 339.680194854736 338.537176450094 337.334553400675 334.923267364502 331.326802571615 329.804619153341 332.459489504496 327.621340751648 328.688502311707 332.601288954417 330.836017926534 328.185975551605 325.332204500834 325.339913368225 323.443949222565 323.140462239583 320.181310176849 323.341310024261 319.051464398702 315.725862979889 312.324007352193 306.145668029785 301.603893438975 299.410382906596 289.576311906179 275.709092617035 261.220335960388 266.735970973969 284.358024597168 291.829109191895 285.466869672139 290.715634822845 282.686750094096 271.048982938131 273.515383402507 282.937248547872 273.028532663981
341.057141621908 341.842889785767 342.996835708618 343.163808186849 342.818061510722 342.466433842977 342.870791753133 343.78457069397 342.440009117126 340.687195460002 340.368350346883 339.116811752319 337.309678395589 334.649642308553 334.591150283813 335.834860801697 334.516207377116 328.540802001953 333.208461602529 330.274144808451 329.07114426295 327.050566673279 323.987007141113 320.643464724223 324.726263682048 318.155765533447 317.946473757426 317.605535189311 315.596679846446 310.944199562073 306.184033552806 303.802132606506 297.70294825236 286.451876163483 273.896594842275 262.845158576965 270.341038703918 283.273220062256 281.442801157633 283.122857411702 289.757311344147 278.663436571757 274.652520815531 281.774083773295 290.267109870911 280.881941318512
337.793072064718 339.203278223674 341.549078623454 341.921448707581 343.373537063599 343.963503837585 343.159476915995 341.498136520386 341.703812281291 343.539635340373 341.441472371419 339.746832847595 338.137706120809 338.366508483887 336.109479268392 336.004336675008 334.551095962524 327.161570390065 328.250845273336 330.006917317708 325.5295753479 324.798782666524 325.52182674408 319.582939147949 319.317221641541 318.544487158457 312.419732411702 311.768571535746 311.743477980296 309.945484002431 306.832949320475 304.320454597473 294.615467389425 291.568756103516 285.287916660309 272.874255975087 275.17435948054 281.905213991801 283.900678157806 290.902356306712 287.93998559316 280.497491359711 282.648086547852 283.749461174011 283.121864000956 274.207969506582
333.808342615763 335.79695224762 338.282227516174 339.956045150757 341.910719871521 343.441764513652 341.761231422424 340.389331181844 342.832605044047 344.135363896688 342.442115147909 340.67972501119 340.126832326253 339.735428492228 337.403853734334 333.716869354248 332.398891448975 327.373345692952 327.637672424316 329.581479231517 328.087707360586 326.804995536804 325.090308984121 319.261173407237 317.059894402822 316.829780737559 313.26812505722 314.406196276347 316.211223602295 315.351923306783 313.472072283427 310.508946577708 301.877061525981 301.482299963633 294.916570186615 278.232375780741 278.498709201813 285.690307617188 289.7869348526 290.19429286321 280.792832374573 278.171857198079 277.070740858714 271.919409434001 269.374430179596 268.936256567637
333.201189835866 331.050356229146 333.229581514994 337.914665540059 340.872089068095 341.546217600505 342.61961778005 344.206809997559 344.460129737854 343.02560488383 344.035625457764 343.425035476685 341.018756230672 338.776548703512 338.076829910278 333.57306321462 331.548690795898 327.828049659729 327.368319034576 331.686556339264 330.067992210388 326.985935370127 322.11176554362 322.818557421366 317.504127820333 319.546600182851 317.036747932434 317.34844048818 317.777832349141 319.795886675517 320.259133974711 315.611263116201 308.816949526469 307.512541611989 299.015720685323 283.314387003581 277.387718359629 285.043279329936 290.074706077576 280.823290348053 269.550641377767 272.875269254049 272.922933101654 267.165879408518 266.477763652802 270.021557807922
333.383480707804 334.679961204529 336.484432220459 339.555978775024 340.008497238159 339.401960372925 343.345562616984 345.800161361694 345.831274986267 345.193147659302 344.41614151001 344.463229179382 342.018127441406 339.004596074422 336.87957127889 338.927268981934 332.368950049082 330.85842927297 329.050799210866 330.758293469747 328.807512919108 324.535528818766 323.42662413915 319.393316904704 316.073934237162 317.203958829244 318.381269772847 315.619786580404 317.471444606781 322.216292222341 323.092182477315 317.596018314362 309.07662709554 306.512395540873 295.997659365336 282.624463240306 278.404076894124 282.70012140274 281.960368156433 269.383172194163 266.396184762319 277.265191078186 275.872965653737 268.23616027832 267.602721850077 263.644178708394
333.463311195374 338.757117589315 340.053002039591 340.786298116048 339.819073677063 339.502096176147 342.752059300741 345.29968102773 344.567696253459 346.892595291138 345.141649246216 344.038407007853 342.159152030945 338.90954653422 337.17934290568 338.553905487061 334.113955497742 328.438818454742 324.330111344655 324.938297271729 323.108394940694 319.201668103536 318.868438402812 315.551380316416 310.809353987376 313.478092352549 315.688133239746 313.079794247945 313.591837882996 316.370050112406 317.518353462219 314.563969771067 303.438226381938 293.806274731954 269.555350144704 257.069230079651 268.00944407781 276.420811812083 275.451024373372 275.388677914937 282.552659511566 284.738600254059 269.448339939117 261.612017949422 269.671241442362 258.005718390147
334.57891146342 333.061257998149 333.312511444092 334.73281065623 338.444113731384 341.209808985392 341.572046279907 343.802889188131 343.0202404658 344.470262527466 343.871037165324 343.879103660583 342.877586682638 338.31254641215 336.447556813558 334.153890609741 335.559050242106 324.665268262227 318.675100803375 316.638787587484 315.887173016866 315.617501735687 314.839939276377 312.36469745636 309.742490450541 307.148555914561 307.513991991679 307.438810666402 304.181357224782 304.531534512838 307.697137196859 309.167921543121 286.277254422506 262.278974056244 236.010829607646 225.467324256897 239.166418711344 263.960818449656 279.519240061442 275.504370530446 276.451587677002 271.182219187419 257.947067419688 260.826706886292 265.474299589793 242.503662904104
337.397535641988 331.494232018789 328.981399536133 332.532465457916 338.668743769328 343.166708946228 342.068950335185 342.063983281453 342.501640319824 341.675837834676 342.054923375448 341.27672513326 342.289050420125 339.17776743571 334.662755330404 331.184983253479 332.963506380717 322.075426578522 318.327069282532 319.16751464208 317.969759305318 314.922293027242 313.176115353902 309.525748093923 307.938476403554 306.282262007395 305.245439211528 304.848710695903 303.236603736877 297.610243161519 291.729609171549 285.265703996023 263.108750184377 237.193584442139 227.697511514028 223.64596525828 216.611425081889 226.546347141266 242.594361305237 262.381255626678 268.423994382222 258.618573347727 254.078328609467 257.25915034612 248.67699543635 228.273034095764
337.764898935954 334.469397862752 332.329710324605 334.078033765157 339.142680168152 342.879772186279 343.611359596252 341.124614079793 342.39387512207 339.446902275085 341.423908869425 341.286579767863 339.834491411845 340.642372767131 332.935869693756 329.908887545268 331.028978029887 324.912826220195 320.502022902171 321.414430936178 321.139454841614 317.704796791077 315.134624640147 313.188234965007 309.70827738444 308.575749397278 306.536873181661 304.234027862549 300.963918368022 296.314020951589 285.132050514221 276.957293351491 254.223604996999 240.741928418477 244.389891624451 247.364699840546 239.671846230825 230.554103851318 220.57835261027 229.403038819631 246.075431505839 238.932391007741 232.31319586436 225.864708423615 221.645037333171 218.506117661794
339.500586191813 338.678240776062 334.713697433472 331.435720125834 334.708293279012 341.015577316284 341.809590657552 340.114593505859 339.855114618937 340.980609258016 341.402173042297 340.874115626017 337.895154953003 336.883664131165 333.025018374125 331.346929073334 330.894629160563 326.33505264918 321.498195330302 322.128732999166 320.63102722168 318.563977877299 315.376222133636 317.175606886546 313.639958699544 309.175590674082 305.026412010193 299.029548962911 293.306092421214 289.516647656759 287.210782368978 282.122770945231 261.690576871236 255.166451136271 259.227693080902 266.507506370544 276.715556780497 272.874553998311 256.256580352783 226.452231407166 225.487053394318 227.323154608409 224.659303824107 222.285648187002 227.772653102875 234.303116798401
340.934038162231 340.598980585734 338.650703430176 333.726326624552 331.848462422689 337.361057599386 339.805245399475 339.075684547424 335.855881373088 337.762991587321 337.766170501709 339.034159978231 336.22674147288 335.757454236348 333.226680755615 330.844183762868 331.248124440511 327.083965142568 323.213418324788 321.986734867096 320.482889811198 318.505187829336 314.991573492686 313.39963277181 311.448534329732 308.434228102366 294.913450876872 276.67369445165 272.179186344147 277.111272017161 285.155713558197 280.431787172953 263.289173444112 256.486753622691 263.590971628825 274.000426133474 289.926409721375 298.382878303528 288.942495981852 257.549226284027 231.006642182668 234.176695346832 241.936465104421 252.571841080983 262.600382169088 266.224761803945
340.343395868937 338.643590609233 339.824795722961 336.592038472493 330.430825551351 334.498802820841 337.271650632222 337.134043375651 334.096829096476 332.114338874817 336.541771888733 337.250153223674 335.400342941284 334.579865137736 334.227641423543 330.31835158666 329.749306042989 324.846545855204 323.667089144389 321.343203385671 322.766304016113 321.183363596598 317.68004099528 313.05730342865 312.135219573975 311.395208040873 297.071973482768 279.528339703878 278.966744740804 283.75244140625 290.267904599508 282.157858212789 271.069268385569 270.505388577779 283.142248789469 286.347071329753 292.10090637207 278.400421142578 248.257140318553 240.240275859833 250.865658124288 261.008461316427 255.96018632253 249.126255512238 250.579555829366 261.635780334473
333.341479301453 336.992263793945 336.480418841044 335.473418235779 330.704112847646 327.143728733063 335.336923599243 335.875749588013 331.67298634847 330.298066139221 334.474285443624 336.47878964742 334.494471549988 330.635587374369 332.078198591868 329.041421413422 325.310925642649 324.356337388357 322.628498077393 322.728474934896 322.448372840881 319.525043169657 320.130228996277 315.644860267639 314.561367034912 315.313776334127 308.222452799479 306.840042273204 300.966421763102 297.103941440582 295.133173465729 285.200178623199 282.1271220843 279.686510562897 277.385433514913 263.334055741628 244.864662488302 209.452609221141 191.839079062144 228.810866673787 265.586495399475 267.287989457448 246.826390425364 241.507867972056 253.415067990621 267.18145608902
326.773842175802 334.786335627238 333.918650945028 331.08119169871 330.304662386576 323.317150274913 327.755073706309 335.155367851257 335.292259852091 330.242574214935 332.307279109955 333.574811617533 334.574977556864 331.320385138194 329.839169979095 327.767054239909 323.010881741842 322.166959444682 319.382568200429 317.88311402003 318.705081939697 317.441999912262 316.211859385173 316.516935825348 316.465437412262 319.353540738424 319.983204205831 320.569554964701 307.29220310847 305.135150750478 295.378307501475 283.777753512065 282.25839138031 263.909459114075 236.606518427531 205.094416936239 193.303465843201 184.726456801097 179.989695549011 204.246203104655 231.488605340322 249.701639016469 248.572885990143 261.210223038991 291.756689548492 301.336646080017
