input/barkrak2/radiation/dir10624.grid
NCOLS 85 
NROWS 70 
XLLCORNER 665100 
YLLCORNER 4664600 
CELLSIZE 20 
NODATA_value -9999 
[rows 0 to 19 of 70, columns 0 to 45 of 85]
277.757108211516993 289.175132910411 299.102087815603 310.005764166514 313.653469085693 311.670879522959 304.042915503184 298.273344834646 301.062484582265 301.794052124023 300.383826096853 304.219683011373 306.158542633057 306.165953477224 308.363159497579 304.513553778331 296.00449403127 287.592848141988 284.029165903727 273.874859015147 260.016957918803 266.763846079508 290.253380934397 297.933379809062 298.204302787781 302.58580048879 299.562017122904 287.512401739756 271.353979905446 267.019311587016 264.433840910594 278.110603491465 307.602047920227 306.487242380778 306.737144788106 297.188719113668 301.353414853414 312.337199846904 304.975092411041 307.039002577464 296.208659807841 291.759073734283 300.889551639557 311.193108558655 309.474726517995 305.452287197113
259.622057278951 274.101515611013 286.089956760406 299.647053082784 306.767046451569 306.459148724874 301.563998063405 297.715624173482 304.26162481308 304.637869199117 300.084114074707 302.306552728017 306.106150150299 307.392279307048 306.795756022135 304.291367530823 301.02813243866 294.475197792053 291.446328163147 280.123392740885 274.201432863871 282.459417978923 297.54904905955 301.761984825134 303.241848945618 303.884883721669 299.629946549733 289.398570855459 275.052607059479 268.11816294988 268.903950850169 289.497375488281 306.6432873408 306.060055891673 307.56797393163 298.622032006582 300.847470760345 307.818214098612 304.107030232747 310.853958129883 305.579562981923 297.606984774272 301.137447357178 309.049129486084 309.810797373454 307.840824127197
225.959777832031 238.215208053589 249.698638916016 261.085232098897 273.176471392314 280.589739481608 287.001609802246 294.207195440928 300.20676056544 298.138777414958 294.593135515849 297.873934110006 307.068824768066 310.834467411041 307.675838470459 312.289714813232 314.944366614024 311.775743961334 302.065948645274 293.21563243866 295.733511447906 298.496504624685 300.111333529154 301.275312900543 304.173270861308 304.94499206543 298.364599545797 288.064857323964 277.544617652893 271.788696448008 274.783253669739 297.806839148204 300.418317317963 304.393251736959 308.840394020081 302.670160929362 298.378904660543 297.447005907695 301.852484544118 309.683760007222 305.278897285461 299.389640490214 294.705013434092 301.564693450928 310.737709204356 311.40943368276
209.388216336568 209.814111391703 217.719733715057 224.722961584727 231.996993223826 236.323396364848 242.987751960754 256.713390350342 273.590048154195 286.009669303894 293.003976345062 302.021622657776 310.146450996399 313.014666239421 312.72029876709 313.853700955709 313.992122809092 309.695720672607 302.884936332703 299.31253194809 297.565559546153 295.65175374349 301.672299702962 302.344262599945 302.13604370753 303.697387377421 300.085028012594 292.022486527761 286.325573921204 282.654345035553 279.039422671 300.778170426687 300.697207450867 303.066631158193 304.553727308909 306.012252966563 303.533772627513 301.677127679189 309.868772824605 310.221354166667 303.236683209737 290.961484114329 287.441730499268 300.292869408925 313.191513220469 311.81138753891
230.161309242249 214.696049690247 201.275944709778 193.197468916575 197.102427482605 213.009397188822 232.161025206248 242.153604825338 251.625597476959 258.37496916453 276.207546393077 293.87770096461 304.351230462392 309.132774670919 311.746339003245 312.774777412415 307.821214199066 299.627025922139 297.681868076324 298.671980698903 295.247236887614 293.582757314046 301.844954490662 302.599867184957 302.250703175863 305.905779202779 302.312950293223 295.814077059428 290.191650390625 286.673386891683 290.492216746012 307.170550028483 305.204013983409 305.916527907054 302.170852820079 303.788920243581 309.260090192159 310.579200585683 310.426831245422 308.158278465271 305.078446865082 299.144307772319 298.042019208272 301.854232947032 306.685507297516 306.428690751394
270.166357358297 245.490908622742 219.622810681661 196.064194043477 187.60891755422 198.836406071981 223.618308703105 239.689310391744 242.984255154928 242.876609166463 252.561112244924 265.107909838359 273.815035820007 279.622753461202 286.571820576986 291.621784369151 290.495653947194 289.880911509196 293.877323468526 298.821330070496 298.863311608632 301.983833312988 305.841068426768 304.81231212616 304.892599582672 307.755728562673 304.439922173818 299.89755153656 293.26989253362 289.920369784037 299.739400545756 308.865328629812 309.583624204 312.598029772441 306.985894838969 304.205199082692 308.499455451965 309.8171154658 305.893063545227 306.255559126536 305.554966131846 301.92752679189 301.511228084564 302.814543247223 295.904278755188 284.347156683604
289.087017377218 268.59054962794 250.177383422852 230.545461177826 209.532876809438 197.11979230245 204.819997151693 232.91011651357 245.576918125153 252.558767795563 249.875982602437 245.066781838735 241.125623385111 237.502257029215 239.695847034454 253.96724541982 264.700214068095 279.58603700002 293.213427066803 301.654060681661 303.517560164134 303.265670935313 305.856128533681 305.283705393473 305.804312229156 307.851910591125 307.546019554138 304.128269354502 299.135565757751 299.535433451335 305.580417315165 311.365604400635 316.491504510244 316.138486067454 313.386559486389 306.967417399089 306.202193101247 304.708957672119 304.498394330343 305.153628190358 301.525632540385 298.376361529032 300.031463305155 301.432013511658 284.140865008036 277.045408884684
295.217255751292 287.551760673523 278.355220953623 264.816641807556 243.972480297089 214.295585950216 193.532745043437 193.938136100769 227.055072784424 250.993569691976 258.085052172343 253.842214743296 245.681285858154 236.585040887197 224.515934785207 227.890491485596 239.863435427348 255.049725373586 275.254090627034 291.1456823349 298.897782961528 301.748553911845 306.040088335673 305.425842603048 304.450889428457 305.146018664042 305.420517921448 303.851326306661 301.262338956197 305.455485979716 310.947795708974 313.445309797923 315.060873826345 313.807328542074 310.052931308746 306.397378444672 305.665115515391 301.040709018707 293.674111366272 288.726011912028 292.129317919413 299.65607325236 309.392551581065 309.077103932699 297.109087308248 290.373007456462
288.718263308207 289.229929447174 286.090572675069 279.451489448547 267.762303352356 247.884452342987 219.415446122487 190.580983956655 203.845461209615 226.507345835368 245.522300402323 254.12913163503 255.684594313304 253.274738788605 242.722928524017 235.157310962677 232.635458310445 237.018863360087 250.645498434703 266.656120618184 279.743234316508 290.202140808105 296.291291713715 293.682456016541 295.090715090434 296.460568904877 297.428607940674 297.469238440196 297.656059265137 304.277996222178 308.496117591858 307.69681930542 307.261566321055 307.526429494222 306.314508120219 306.26239379247 304.238120714823 299.467364947001 287.034769852956 286.848028500875 301.468948523204 311.57131989797 315.536300341288 313.061515490214 301.897426446279 295.245230197906
263.323664665222 272.039254506429 276.475052038829 276.52903397878 273.938556512197 270.69612344106 256.279746691386 239.023367563883 209.253668785095 199.05815521876 212.709248065948 237.006684144338 256.911933422089 266.249418258667 267.732461293538 259.643832842509 245.733280976613 240.88978767395 240.231156349182 243.474702040354 250.927726427714 258.187075455983 266.342103481293 272.654970486959 279.841701189677 282.650272051493 284.114420413971 284.373124440511 285.72940826416 291.458090146383 292.771021525065 292.982478936513 298.320094744364 302.001595497131 303.496400515238 302.230993906657 300.756295522054 299.807985623678 287.886301676432 292.269587516785 309.389491875966 315.127730369568 315.43360153834 311.010479927063 299.36961332957 293.164253234863
214.176257451375 227.681378523509 239.824215571086 249.767164389292 258.688827355703 265.935858090719 267.725030581156 263.145844141642 237.558305263519 212.83479531606 197.908123334249 205.777108669281 232.553362846375 256.486535072327 269.878447055817 261.040131251017 253.526906172434 247.051179409027 239.450991153717 234.327395757039 234.627346197764 234.196464220683 237.911442915599 250.375270843506 261.95502281189 269.158562024434 270.979285240173 271.106819311778 276.133596897125 280.760924021403 283.358673254649 286.109507083893 294.063250223796 297.376056512197 296.862602233887 295.962293942769 298.603634039561 301.360229651133 298.009196917216 302.193323771159 310.971061388652 314.116994539897 314.524233341217 312.639137109121 305.138270060221 302.170654137929
172.643303871155 178.04350455602 186.390300591787 198.948343594869 214.987357457479 231.220583120982 248.953143755595 254.919548829397 255.762418111165 242.881596088409 217.705309391022 197.072664896647 199.72817103068 222.849369049072 248.530109723409 251.630783081055 257.928967475891 254.476447900136 245.249291261037 235.153675079346 228.816231091817 226.241568724314 226.402878761292 235.237896442413 243.077099323273 248.678684234619 251.478970050812 255.593299865723 262.005925178528 266.435543696086 270.710249741872 275.326212247213 281.040708223979 283.782283465068 283.742268880208 285.021305084229 293.127218882243 300.641854604085 303.119381268819 307.700792948405 311.178783575694 313.46203883489 312.856554985046 309.589485327403 305.521229902903 303.815583388011
160.368730624517 155.947973330816 153.588672478994 153.561850388845 161.506066719691 177.915930747986 203.228890895844 224.802871545156 252.659181753794 257.321953773499 246.450046698252 223.460495471954 195.90042034785 192.674080530802 216.00615978241 242.164929707845 257.150570551554 259.709159533183 255.167305469513 245.976328849792 237.521171569824 236.805955568949 236.341754595439 237.195491790771 237.615505854289 236.952980359395 240.700364112854 249.188323815664 252.657016118368 253.995219866435 258.858919143677 264.104008674622 265.8465107282 266.835749149323 269.277890523275 273.961067199707 284.462809562683 294.317662715912 295.49249013265 301.422317822774 304.893453915914 305.551787217458 304.69818909963 304.413855075836 299.605747063955 298.913796742757
149.809569120407 121.304343144099 105.73739806811 99.6531844139099 95.676600933075 101.898541053136 122.862974802653 160.783390204112 202.177623907725 237.338562806447 255.159656206767 254.898965358734 236.511905988057 211.384614308675 208.560049533844 232.892056306203 249.289631843567 261.710703372955 267.964998881022 264.300366242727 253.673215707143 250.017404556274 246.821542580922 246.506214141846 246.263643105825 244.181474049886 247.100710868835 255.27290503184 254.452506701152 248.39993317922 253.582974274953 258.703430493673 260.33890247345 260.686794916789 263.473749160767 270.153721173604 275.927642981211 280.917584896088 282.974759737651 284.650226434072 288.70302438736 293.30184062322 297.49208688736 301.02280775706 296.286940574646 297.62331644694
136.716445287069 102.340082327525 75.2641906340917 68.4000949064891 67.3369268576304 73.3942588170369 82.7613671620687 111.024796962738 141.375323136648 192.421197891235 244.15381749471 271.512071291606 275.385856628418 257.577915986379 232.915838559469 227.49795516332 232.905050118764 248.002886772156 264.601290225983 272.400101025899 270.510097344716 264.198442300161 261.826654275258 258.405327796936 255.082567532857 253.619392712911 255.628307660421 257.775743802388 252.636233965556 248.140950997671 251.542210578918 256.22437397639 256.340463956197 256.32099310557 259.321749210358 263.024667898814 264.726678530375 263.850887616475 266.895890235901 267.457008361816 272.790153821309 279.764215151469 284.056981404622 286.985337734222 286.386330922445 288.572251796722
122.366507848104 95.4041580359141 63.5052174329758 47.2576121489207 63.0501260360082 86.2083435058594 92.5600330034892 104.830473661423 125.062982241313 156.207462151845 207.013110319773 256.713390350342 285.126725832621 283.586382865906 264.842291673024 235.440373420715 223.804732163747 226.424217224121 243.396818637848 267.186919848124 277.265906333923 272.569080193837 273.000836372375 267.199258009593 260.92650492986 261.494676272074 263.93187046051 260.273257891337 254.955689112345 257.305304209391 257.521192232768 256.929079691569 254.18492158254 252.815365791321 253.595689932505 252.228597799937 250.288426876068 246.362408002218 248.478452364604 250.513474146525 255.077878634135 260.635495185852 262.665748596191 264.1960978508 273.59539270401 278.532981872559
107.231318950653 95.6584314505259 68.9512342214584 40.6377265850703 46.7319587866465 71.724941333135 92.0764605204264 106.827904780706 126.212706168493 138.450731833776 161.538998285929 204.853137334188 231.436808904012 258.054892222087 276.835600535075 267.954707145691 255.860467751821 240.149080753326 230.541666348775 241.442680358887 264.644761880239 275.998334089915 279.307782649994 274.580915768941 267.793814341227 268.728892008464 272.57913351059 268.642703692118 265.781998634338 270.614941914876 269.453148047129 258.491853872935 252.768178780874 249.012768268585 244.478662808736 243.400732676188 238.368391990662 237.085560957591 237.806936105092 240.520477294922 243.04610490799 246.032039324443 248.940428098043 250.786821047465 266.319771607717 274.39296245575
98.9978512128194 100.075314442317 87.6379211743673 52.3810982704163 42.7449097235998 72.7741022904714 95.5199996630351 119.462738434474 134.95788971583 146.161695321401 156.320472558339 180.270155270894 207.388162612915 230.131487051646 242.438594500224 261.435727278392 274.087905883789 268.040974934896 248.757024606069 232.803960641225 243.860224882762 268.605510393779 273.339112599691 274.280488491058 274.765690167745 278.976003328959 282.551129659017 281.083385149638 278.359850247701 279.928167661031 274.292985598246 263.180871804555 255.499581495921 248.359898726145 242.349565029144 239.572902520498 237.08579937617 236.461877822876 236.594676971436 238.705535729726 240.443090597788 242.17696984609 242.403944333394 245.367964108785 256.635149319967 268.911957740784
104.514519373576 113.347311814626 114.982227484385 83.2401116689046 67.7551825841268 90.7895465691884 108.324497938156 130.695124467214 149.012506008148 165.431211392085 175.656815369924 181.833585103353 193.264226118724 204.904516537984 222.502489884694 241.739054520925 253.595074017843 263.113041718801 267.088691393534 254.365205764771 237.803002198537 250.625014305115 259.501179059346 268.804172674815 278.521339098612 285.085737705231 287.953416506449 288.628359635671 282.859265804291 280.698815981547 273.624261220296 267.006436983744 258.653283119202 250.324269135793 245.845595995585 241.300861040751 239.636460940043 236.701567967733 236.082136631012 239.302853743235 242.569466431936 244.306524594625 243.853469689687 245.639562606812 247.51756588618 259.873112042745
111.369907855988 116.316288709641 128.480742375056 124.017934004466 110.142131646474 110.917150974274 112.322906653086 126.990954081217 140.508572260539 159.986714522044 176.67563756307 175.382435321808 180.441339810689 184.175372123718 199.633677800496 221.398909886678 235.071539878845 241.694927215576 254.683434963226 259.547313054403 257.781684398651 246.89781665802 250.272075335185 260.599414507548 271.796703338623 280.761818091075 286.348561445872 287.431557973226 280.673344930013 279.415885607402 273.738185564677 266.108234723409 258.258183797201 252.320349216461 248.601992925008 243.907769521077 239.825447400411 231.602688630422 229.686796665192 238.215327262878 243.791858355204 245.899001757304 248.555481433868 246.932168801626 244.272987047831 252.996941407522
