input/barkrak2/radiation/dir13424.grid
NCOLS 85 
NROWS 70 
XLLCORNER 665100 
YLLCORNER 4664600 
CELLSIZE 20 
NODATA_value -9999 
[rows 0 to 19 of 70, columns 0 to 45 of 85]
332.749903202056998 338.174939155579 340.948025385539 340.413729349772 337.268153826396 332.093715667725 325.427114963531 319.65579589208 323.655068874359 323.234836260478 320.596158504486 326.38426621755 330.955346425374 330.611069997152 333.052436510722 338.132460912069 332.540094852448 326.454699039459 320.919712384542 310.360531012217 291.815718015035 290.727615356445 309.818963209788 317.254741986593 314.760148525238 314.802368481954 314.481894175212 303.654452164968 284.902632236481 279.10308043162 276.581982771556 285.191694895426 301.010330518087 305.907626946767 309.431234995524 301.802535851796 300.406893094381 310.639599959056 304.674724737803 307.02422062556 298.203269640605 283.110042413076 291.881620883942 310.610512892405 316.168566544851 309.255878130595
321.451822916667 323.236525058746 328.67294549942 333.671410878499 336.011409759521 333.626310030619 326.350649197896 317.860921223958 321.815212567647 323.391954104106 318.216264247894 322.992483774821 329.402228196462 330.542623996735 329.706728458405 332.497954368591 332.322875658671 330.036381880442 327.473739782969 317.394038041433 305.456578731537 302.230139573415 310.497919718424 315.848608811696 315.842032432556 313.78306945165 311.302304267883 303.094069163005 288.432399431864 279.198527336121 280.710419019063 293.83663336436 297.357598940531 298.933764298757 309.654196103414 300.899306933085 296.725273132324 298.72598250707 294.272641340892 306.189179420471 304.449756940206 294.383962949117 299.731930096944 315.930147965749 320.9228515625 312.782486279805
287.723898887634 295.360088348389 301.821231842041 307.70609776179 317.740639050802 324.008107185364 326.699992020925 326.588908831279 326.031525929769 323.250830173492 316.17804368337 317.358553409576 325.890799363454 328.657468159993 324.800133705139 328.291058540344 331.25368754069 333.637396494548 331.351240475972 326.673130194346 324.769755204519 318.923314412435 313.787738482157 313.252568244934 315.736810366313 315.609415372213 309.760948022207 301.855444908142 291.035751501719 280.240118503571 280.291279157003 295.783003171285 286.86535358429 293.416718641917 306.104759375254 300.309916337331 288.184642791748 282.525440057119 291.755835215251 306.763013203939 307.59600798289 306.125640869141 305.844306945801 317.747751871745 327.529470125834 318.521539370219
270.026524861654 269.277572631836 276.310443878174 280.878265698751 288.391689459483 292.163789272308 297.361016273499 307.136277357737 318.344493707021 324.883023897807 324.582775433858 325.709780057271 328.743199507395 329.483946164449 326.263864835103 322.752833366394 324.471473693848 327.150563398997 328.852494557699 328.808426856995 326.415479183197 323.954522609711 325.05597670873 320.84846496582 318.864782651265 320.343454678853 315.706411997477 307.230730851491 299.738128980001 291.563451290131 284.187118212382 295.918464660645 287.556807200114 293.183426062266 298.331061999003 299.545009930929 294.058899084727 291.153649489085 305.909037590027 314.96391693751 311.178306738536 304.266035556793 299.683690071106 308.972080548604 320.368190606435 320.75830300649
286.509831746419 273.965994517008 262.18718290329 255.936046441396 260.6014808019 273.56094121933 289.952973524729 297.733088334401 304.920792579651 309.709986050924 320.27526696523 329.477270444234 333.724578221639 334.764043490092 333.741585413615 332.139710585276 328.940808773041 323.307414849599 324.372291564941 328.146616617839 326.334118843079 325.735191504161 329.723298549652 326.326429843903 323.135375976562 323.385874430339 318.63139073054 311.30329767863 303.792198499044 298.920671145121 299.163699150085 302.873015403748 297.403713067373 299.153804779053 296.374638875326 299.531559149424 307.621041933695 312.108476956685 318.143566449483 321.04370991389 319.525023301442 312.275509039561 306.415140628815 304.170449574788 308.844089508057 323.219021161397
318.750977516174 300.87411403656 280.105948448181 260.729054609935 251.75154209137 261.669397354126 283.323705196381 296.326120694478 299.056490262349 298.399130503337 305.854539076487 314.902305603027 320.800423622131 324.551324049632 327.530324459076 329.742968082428 327.048500378927 321.41101360321 321.748296419779 325.644751389821 325.569748878479 328.86944214503 334.481636683146 331.528544425964 328.113873799642 327.923576037089 322.56942987442 315.432667732239 306.324064731598 300.887525081635 303.467154502869 303.884287675222 307.067334651947 311.806579430898 306.760509808858 303.984542687734 310.716529687246 316.446304321289 317.801217238108 318.128963311513 318.484783172607 315.002878506978 312.804182370504 312.645634015401 309.873362382253 309.305131435394
331.0307264328 318.24258963267 304.971694946289 289.44989045461 272.419571876526 261.339247226715 268.181363741557 290.996750195821 300.900181134542 306.690275669098 304.740389188131 300.968647003174 297.038753827413 294.297814369202 296.062250932058 306.862314542135 313.955187797546 322.150548299154 327.770292758942 330.266694227854 328.051368395487 325.247009595235 331.115206082662 332.556188106537 331.352969010671 332.643409570058 329.794526100159 323.729793230693 315.12455145518 310.312529404958 309.062997500102 311.973134676615 322.786649068197 326.429645220439 323.401927947998 316.86141093572 315.536856651306 317.886471748352 319.442311922709 323.538462320964 322.516957918803 318.732639153798 316.326459248861 312.241117159526 297.361155351003 290.970842043559
331.563472747803 328.9555311203 324.786305427551 316.355427106221 301.229198773702 276.381433010101 257.814029852549 258.989771207174 287.385622660319 305.146892865499 310.204406579336 307.254314422607 301.79637670517 294.377267360687 284.951170285543 286.660254001617 296.204725901286 307.529767354329 321.472764015198 330.258965492249 331.726809342702 327.920794487 329.39338684082 331.558763980865 331.355730692546 333.192984263102 332.71312713623 329.32319243749 323.9932457606 322.380185127258 322.386205196381 324.154416720072 331.797023614248 333.246111869812 331.567883491516 327.442427476247 323.223491509755 318.918327490489 313.05605173111 315.459509690603 321.96166117986 326.655805110931 328.624685605367 322.42339849472 307.869056860606 294.997115929921
327.703595161438 328.360994656881 327.565133571625 324.354430039724 317.328572273254 303.996841112773 281.534473101298 257.238268852234 268.075784047445 286.642452081044 301.943341890971 307.398637135824 307.909647623698 306.311706701914 299.484411875407 293.600598971049 291.592498620351 295.085231463114 305.648366610209 317.258795102437 325.931986172994 329.971591631571 329.789261023204 327.14847723643 327.978730201721 330.76004187266 331.807871659597 329.985618591309 328.350166479747 330.894271532695 332.626978556315 331.854085127513 333.519021670024 334.612409273783 331.943293412526 330.222328503927 327.14980840683 319.918513298035 307.132045427958 309.294442335765 324.339965979258 330.569624900818 329.870343208313 325.033624966939 316.04391336441 307.548940181732
312.976896762848 318.702340126038 321.719527244568 321.821749210358 320.048769315084 319.117327531179 310.229818026225 297.270357608795 272.157390912374 263.36944103241 275.490343570709 295.304298400879 309.843977292379 315.664092699687 317.396322886149 312.899152437846 301.773647467295 298.148214817047 297.639846801758 300.171534220378 305.440942446391 310.301681359609 314.877351125081 317.869067192078 321.677247683207 324.092507362366 325.774470965068 325.017770131429 324.976543585459 328.15690835317 329.154968261719 329.35098807017 332.780738671621 335.172057151794 334.264755249023 330.665946006775 328.419466813405 324.910124142965 309.579690297445 308.405141035716 323.076605796814 326.213717460632 324.43646589915 321.530401706696 312.975565592448 304.627378781637
277.119576931 287.438611189524 296.605308850606 303.666373093923 309.908489386241 315.032263596853 317.229688167572 315.169056256612 296.2965965271 275.81532796224 263.756990432739 269.508083661397 291.903694470723 309.674163659414 318.595627943675 312.633951505025 307.913462320964 302.854537963867 297.05423116684 292.96604792277 293.246964613597 292.256077130636 294.687430063883 303.701341152191 311.373174190521 316.136717796326 317.823032538096 317.515313625336 320.445974667867 323.608775933584 324.698388576508 327.438453833262 332.013666629791 333.958705266317 332.766433556875 330.367187658946 330.603718757629 331.48984114329 322.253108024597 315.555731455485 321.255366007487 325.06650686264 325.727581977844 325.069844722748 317.79158115387 310.805042584737
241.261978944143 246.056695779165 253.672977288564 264.488875865936 277.919332186381 291.112780570984 304.366072018941 308.793385823568 309.668441613515 300.318201382955 280.215203762054 263.190527757009 263.956586519877 283.981601397196 303.893446922302 305.288314819336 310.43004989624 308.867514133453 301.473875840505 293.67729028066 288.550317287445 286.154329776764 286.258737246195 293.401976426442 298.751771450043 302.407642205556 304.28675810496 307.322978973389 311.931411425273 315.053582191467 317.983667055766 322.037816047668 326.441705226898 327.18563079834 326.346019903819 326.239387194316 330.318073431651 333.422342936198 332.296967506409 327.551265557607 327.204505602519 330.011487007141 331.771731376648 330.364425977071 325.010140736898 322.752416133881
230.257610479991 226.235071818034 224.09196694692 224.10774230957 231.39876127243 246.654232343038 268.76312494278 285.937190055847 307.688613732656 310.754517714183 302.831689516703 284.998218218486 261.37105623881 258.02864631017 278.412779172262 299.225687980652 310.331463813782 311.999758084615 308.929979801178 302.889545758565 295.461754004161 294.655422369639 294.299602508545 295.03059387207 294.902702172597 293.909430503845 296.653230985006 303.207039833069 305.697162946065 306.730230649312 310.319205125173 314.40947453181 316.1381483078 316.459059715271 317.588686943054 320.694764455159 327.830831209819 332.086662451426 332.319060961405 333.582838376363 333.356777826945 333.198428153992 332.016507784526 331.677079200745 326.392332712809 324.002583821615
225.64301888148 199.602961540222 183.29652150472 177.894870440165 174.482146898905 180.554727713267 200.234850247701 233.323136965434 266.921520233154 295.768996079763 308.282752831777 308.548669020335 295.558293660482 274.334530035655 272.010445594788 292.190333207448 304.996013641357 313.5973016421 317.694544792175 315.496881802877 308.074474334717 304.842591285706 302.448332309723 302.310148874919 301.627635955811 299.659291903178 302.357415358226 308.483223120372 307.602981726329 302.659730116526 306.867857774099 310.786088307699 312.285621960958 312.616447607676 313.963452974955 318.7255859375 322.971343994141 324.990491072337 326.284567515055 326.870481173197 328.67024342219 330.128610134125 332.153379917145 332.14807510376 327.272534370422 324.791312217712
209.396282831828 172.042787075043 149.823407332102 146.233052015305 145.795484383901 150.745183229446 159.562210241954 184.434294700623 211.699664592743 258.60458612442 301.666994889577 320.743302504222 323.239684104919 311.682760715485 292.265295982361 288.717309633891 292.196810245514 304.123938083649 315.896034240723 320.362528165181 319.389402866364 315.525730450948 314.081390698751 311.203857262929 308.164954185486 306.699554125468 309.043288230896 310.557683308919 305.620829264323 302.801728248596 305.672427018483 309.194525082906 309.412797292074 309.535880883535 311.310509840647 314.057509104411 315.446734428406 313.683231671651 316.072305043538 316.216150919596 319.839855035146 323.489348093669 326.612253983815 327.101429303487 324.329098065694 323.754211266836
177.697360515594 150.800357262293 129.278252522151 126.747687657674 142.793754736582 165.291488170624 165.110955635707 173.295855522156 192.70114103953 223.070561885834 270.81690231959 316.330750783284 329.903125762939 328.519880771637 316.920975844065 294.702728589376 285.979529221853 288.111527760824 300.586958726247 317.944943904877 323.787788550059 320.458889007568 321.386456489563 317.725598812103 312.220891316732 312.462687492371 314.951737721761 312.111953894297 306.847512722015 309.274295965831 310.222029685974 309.794386227926 307.785093784332 307.00804789861 307.560483614604 306.152145067851 304.823974768321 301.817834377289 302.799542744954 304.206569989522 307.798067728678 311.867038408915 313.802182674408 313.369711240133 318.162341912587 321.025331815084
157.580743233363 146.932204564412 127.31592853864 118.394156297048 122.743129730225 145.87257305781 167.84546772639 172.911246617635 189.338763554891 201.679488023122 227.054794629415 278.318842252096 322.422464688619 328.292012214661 325.504839420319 318.488975365957 310.482561588287 298.975944519043 291.114072004954 298.964460690816 315.963864326477 322.671135266622 324.810922145844 321.903169155121 317.230602105459 317.635595798492 320.820868015289 317.72655248642 314.530591169993 318.5928662618 318.778514862061 311.369001865387 306.53194586436 304.049074649811 300.578316052755 299.714505672455 296.48631811142 294.564048449198 294.996857643127 297.583480676015 298.783520857493 301.106731096904 303.236544132233 305.196066697439 314.76891040802 319.758574167887
149.298429489136 151.535222927729 144.678195317586 129.935989777247 114.441812038422 127.508650223414 155.920455853144 177.106599013011 195.31504313151 207.787652810415 216.904918352763 243.083874384562 285.390754540761 320.792675018311 327.80929406484 329.577128092448 327.900350093842 319.937745730082 305.801014105479 293.091515700022 300.757686297099 319.07856464386 321.498195330302 320.939898490906 321.254948774974 325.107574462891 327.179471651713 325.58012008667 323.072910308838 324.569185574849 320.934573809306 313.378214836121 308.704336484273 303.996721903483 298.75648021698 296.599288781484 294.838070869446 295.075456301371 295.058846473694 295.755386352539 297.860105832418 299.244940280914 298.320134480794 301.513950030009 308.692197004954 317.040642102559
156.796912352244 167.076726754506 172.480861345927 158.976713816325 137.439618508021 142.219722270966 161.894033352534 181.138157844543 203.760008017222 224.837799866994 232.205867767334 238.23477824529 262.304147084554 283.197561899821 310.23778518041 327.071944872538 328.023473421733 326.998333136241 323.995113372803 312.055230140686 296.358704566956 306.869188944499 312.760631243388 318.513671557109 324.65914885203 329.25800482432 331.226627031962 329.821586608887 325.39039850235 324.372510115306 319.613615671794 314.693868160248 309.693137804667 304.777185122172 301.878730456034 298.580129941305 298.238237698873 295.28025786082 294.671734174093 297.226945559184 299.618502457937 300.888021787008 300.516068935394 301.847457885742 303.273479143779 311.979035536448
167.518079280853 172.655423482259 186.293840408325 194.604198137919 181.143124898275 160.180469353994 162.58642077446 174.650073051453 191.390792528788 217.553456624349 230.566302935282 234.04715458552 239.52716588974 254.912237326304 273.792803287506 296.232004960378 320.756018161774 322.244763374329 323.282937208811 322.617252667745 316.954076290131 306.126375993093 307.154138882955 313.843667507172 321.41387462616 327.241102854411 331.089556217194 329.852839310964 323.616087436676 322.910527388255 318.412899971008 312.55171696345 307.839115460714 305.410166581472 303.535024325053 300.320784250895 298.094014326731 291.052619616191 289.655685424805 296.626885732015 301.76983277003 302.210807800293 304.218868414561 304.046094417572 302.094082037608 308.324178059896
