input/barkrak2/radiation/dir10924.grid
NCOLS 85 
NROWS 70 
XLLCORNER 665100 
YLLCORNER 4664600 
CELLSIZE 20 
NODATA_value -9999 
[rows 40 to 59 of 70, columns 0 to 45 of 85]
262.212872505188 263.391077518463 262.670397758484 264.832973480225 272.7356950442 277.404268582662 281.001448631287 285.872181256612 286.352753639221 273.623565832774 259.259422620138 253.449221452077 253.662685553233 248.858352502187 247.636556625366 245.419979095459 245.495041211446 244.293967882792 238.51333061854 235.076447327932 240.759094556173 243.805885314941 244.796931743622 241.584976514181 237.562119960785 233.384172121684 242.419123649597 246.389826138814 248.465398947398 248.108168443044 247.305353482564 250.576317310333 239.417990048726 241.548895835876 269.166270891825 268.361787001292 256.616393725077 250.439127286275 252.906183401744 254.940708478292 267.456332842509 292.595227559408 276.940087477366 207.690417766571 141.619811455409 105.29754559199
268.208662668864 266.058206558228 266.290525595347 266.253491242727 263.243635495504 260.773042837779 259.767572085063 260.343829790751 265.057682991028 256.751716136932 248.687267303467 250.42462348938 252.776622772217 251.963476339976 250.819087028503 244.498133659363 242.211659749349 247.104565302531 248.123486836751 240.045169989268 241.522550582886 244.048098723094 242.357035477956 241.898993651072 242.140968640645 238.500078519185 243.178109327952 244.298895200094 245.5126841863 246.356586615245 248.717308044434 248.546759287516 242.218792438507 253.166079521179 265.868703524272 256.05030854543 238.767703374227 232.835253079732 235.914508501689 246.055463949839 274.39804871877 288.436770439148 281.995256741842 246.232946713765 180.692970752716 133.643676837285
271.819849809011 269.437690575918 272.063513596853 270.98951737086 264.251748720805 261.505881945292 258.958717187246 256.495177745819 256.885091463725 252.088785171509 249.429325262705 249.04211362203 250.360469023387 254.368742307027 252.84731388092 248.893320560455 243.131279945374 250.836412111918 248.315493265788 242.296576499939 239.100754261017 235.504309336344 233.609100182851 234.507918357849 238.209068775177 234.182119369507 230.5681904157 236.044387022654 241.85448884964 244.022071361542 244.368096192678 241.857806841532 244.841615358988 259.985109170278 263.733148574829 241.301417350769 224.650740623474 226.560612519582 236.37068271637 250.158905982971 261.10448439916 261.298934618632 250.18972158432 232.404847939809 189.834634462992 130.53305943807
258.07257493337 260.637720425924 268.38477452596 265.42603969574 266.890943050385 268.325606981913 267.747938632965 264.037807782491 252.455810705821 250.249286492666 254.692633946737 248.371998469035 247.539500395457 250.285665194194 249.836067358653 246.058364709218 245.769302050273 246.78377310435 246.292809645335 241.877873738607 235.829691092173 233.258287111918 230.164368947347 230.326950550079 232.484757900238 235.694785912832 230.016350746155 232.035835584005 236.508369445801 239.660561084747 237.532476584117 233.230233192444 240.723490715027 252.57154305776 249.213914076487 226.663549741109 220.921874046326 232.646306355794 247.26947148641 250.614583492279 247.48698870341 243.596971035004 234.337210655212 216.441949208577 184.270977973938 137.435704469681
256.004532178243 261.217713356018 263.173162937164 263.128876686096 262.843449910482 267.076770464579 266.543547312419 261.290927728017 254.645029703776 253.207743167877 252.210577329 248.208145300547 243.261953194936 242.843985557556 241.717298825582 240.514139334361 235.397517681122 243.010520935059 243.92702182134 240.343848864237 237.45201031367 235.322992006938 233.592331409454 234.739303588867 231.416483720144 239.478707313538 241.740743319194 238.589882850647 237.715125083923 235.807776451111 231.76109790802 227.659563223521 231.742779413859 233.832081158956 229.848066965739 221.315900484721 225.017885367076 240.422010421753 251.630584398905 245.234111944834 245.306889216105 236.409584681193 225.905478000641 210.871001084646 188.311298688253 156.284779310226
260.524988174438 263.770083586375 259.49615240097 261.67110602061 260.576446851095 260.731975237529 261.107444763184 259.98729467392 259.686549504598 255.476891994476 253.054221471151 250.676214694977 246.567706267039 241.272886594137 240.827004114787 243.096152941386 237.317780653636 239.167710145315 243.763506412506 243.299643198649 239.885210990906 238.789657751719 236.52454217275 236.267904440562 236.1927429835 237.506012121836 243.61777305603 241.61829551061 238.962848981222 236.853202184041 231.271783510844 226.728479067485 229.12186384201 223.772386709849 215.167125066121 208.75491698583 217.212498188019 235.601226488749 239.571849505107 228.265563646952 233.148872852325 224.804997444153 217.260837554932 217.236717542013 211.741884549459 181.25993013382
256.695628166199 258.53168964386 260.157306989034 262.349784374237 261.234045028687 260.969440142314 262.726922829946 263.188242912292 260.205467542013 258.701006571452 256.030857563019 253.724634647369 248.930593331655 246.439238389333 244.09290154775 248.158574104309 243.730227152507 238.910257816315 242.542266845703 242.853979269663 239.339788754781 241.283396879832 239.194214344025 234.575112660726 241.380612055461 235.178192456563 236.021359761556 239.614407221476 238.73100678126 237.292647361755 234.197417894999 231.495996316274 227.941234906514 222.366789976756 216.295639673869 209.933002789815 215.964436531067 227.860967318217 228.263338406881 226.955771446228 229.44575548172 220.532178878784 221.705675125122 230.385859807332 230.219701925913 201.777199904124
251.350124677022 252.373814582825 257.843216260274 259.983042875926 262.170374393463 263.326128323873 261.543571949005 260.549545288086 259.264548619588 260.661562283834 257.891794045766 253.346641858419 250.545303026835 250.596185525258 246.285557746887 246.323943138123 243.986825148265 234.753807385763 239.340345064799 242.600679397583 238.622446854909 238.110621770223 239.329675833384 233.004788557688 236.098190148671 235.894640286764 230.839133262634 234.177112579346 237.913608551025 236.09858751297 235.41925350825 234.880725542704 227.157115936279 227.055013179779 231.307407220205 225.972374280294 224.561929702759 224.475224812826 227.872649828593 237.874706586202 231.507857640584 221.807519594828 227.565685908 232.397099335988 228.796243667603 210.695187250773
244.350969791412 246.062437693278 251.82310740153 254.467348257701 258.96418094635 263.684113820394 260.063707828522 257.124861081441 259.878933429718 261.540353298187 258.817414442698 253.61027320226 251.82181596756 250.87449947993 248.603721459707 242.971618970235 240.951697031657 235.073824723562 238.258997599284 242.211778958639 242.488245169322 240.735014279683 241.28003915151 238.38996887207 235.737045605977 239.099760850271 234.957317511241 237.661083539327 244.474589824677 246.346275011698 249.226133028666 249.295294284821 238.209982713064 239.428301652273 241.966724395752 236.414015293121 235.42179663976 232.77207215627 233.096440633138 237.450420856476 226.195673147837 219.762663046519 217.179775238037 214.062372843424 212.142884731293 211.134473482768
241.838256518046 239.484151204427 242.965976397196 251.117328802745 255.090991655986 258.767346541087 261.513332525889 262.059430281321 262.439767519633 258.016188939412 260.223110516866 258.501648902893 255.110104878743 251.220424969991 250.007152557373 244.944055875142 241.797308127085 238.072355588277 240.353186925252 245.231906572978 247.880895932515 246.377825737 242.531617482503 241.526544094086 239.542961120605 243.185559908549 243.365009625753 244.903882344564 250.354210535685 258.243282636007 263.537307580312 262.385269006093 252.100586891174 250.081857045492 244.403223196665 240.502734978994 239.124417304993 240.859548250834 236.857334772746 224.539756774902 213.995695114136 216.575940450033 215.011676152547 209.169308344523 206.03092511495 207.401891549428
243.000388145447 245.023787021637 245.822131633759 252.609193325043 252.882460753123 254.26044066747 260.000626246134 264.23966884613 264.22901948293 261.974294980367 261.757373809814 260.427931944529 257.265090942383 251.847287019094 252.139667669932 253.71519724528 245.282153288523 242.773572603861 243.10177564621 248.901148637136 251.460274060567 248.486081759135 244.597832361857 242.75940656662 240.425010522207 246.098895867666 249.091466267904 249.541997909546 253.669083118439 260.298152764638 266.505062580109 267.445127169291 259.955207506816 250.43930610021 238.022983074188 232.982198397319 236.194908618927 242.646833260854 235.513945420583 215.836048126221 209.180692831675 220.327655474345 220.990578333537 214.437206586202 209.752360979716 204.438249270121
241.288860638936 250.673254330953 251.259684562683 254.739721616109 253.165821234385 252.471029758453 257.329185803731 262.690583864848 262.605528036753 264.863630135854 261.889219284058 261.676669120789 259.709020455678 253.62374385198 250.264207522074 257.597426573435 250.590701897939 242.395361264547 241.882602373759 245.557685693105 246.183931827545 246.276716391246 241.665025552114 239.890217781067 237.150530020396 238.606870174408 242.700318495433 243.258814016978 245.101432005564 251.06147925059 261.769016583761 264.744162559509 253.78688176473 235.179543495178 203.70227098465 194.17138894399 212.080617745717 230.290949344635 235.748410224915 234.443326791128 234.079043070475 229.716261227926 210.637152194977 204.900761445363 212.814211845398 199.207226435343
242.318431536357 241.416136423747 240.523676077525 245.02553542455 250.825067361196 254.651685555776 253.095050652822 259.473105271657 257.850249608358 261.586527029673 261.172612508138 263.049523035685 261.414388815562 256.872475147247 251.339316368103 252.599199612935 253.010928630829 244.459489981333 236.79260412852 238.805075486501 238.227228323619 238.81338040034 240.931491057078 234.985868136088 235.58501402537 232.575416564941 233.805616696676 234.539945920308 234.274049599965 235.858599344889 243.635475635529 249.035358428955 229.86912727356 199.906090895335 169.308006763458 155.230631430944 167.276541392008 197.346925735474 226.345797379812 233.318368593852 234.498461087545 223.168631394704 203.664580980937 201.091667016347 208.299279212952 189.377089341482
247.622390588125 238.279561201731 233.9795033137 239.483654499054 249.405125776927 257.433454195658 255.054891109467 257.296125094096 257.981260617574 257.910927136739 260.915299256643 261.888444423676 262.506266434987 260.7594927152 253.397623697917 252.883712450663 253.817498683929 243.884821732839 238.952358563741 242.442687352498 241.451640923818 237.995445728302 236.100633939107 234.034776687622 232.862253983816 231.216708819071 230.564475059509 230.7501633962 229.263265927633 220.75480222702 211.675862471263 217.395067214966 199.791193008423 181.537369887034 167.729914188385 152.642409006755 139.36573266983 149.387071530024 171.57248655955 201.637764771779 218.273142973582 207.401871681213 199.998537699382 197.758495807648 186.30462884903 175.723532835642
249.113937218984 243.22247505188 237.416605154673 241.186320781708 249.29138024648 257.702589035034 259.229938189189 257.075746854146 259.31715965271 257.891416549683 259.713351726532 261.658072471619 262.056092421214 263.439238071442 255.88603814443 254.575689633687 256.178577740987 247.973322868347 244.667629400889 246.182958285014 246.1971839269 241.789162158966 238.843560218811 237.224479516347 233.196119467417 232.242226600647 230.076750119527 227.437873681386 223.572810490926 216.474811236064 204.872806866964 205.133398373922 198.533674081167 191.654920578003 192.793567975362 187.186360359192 166.017085313797 150.841335455577 143.138438463211 155.095607042313 182.197630405426 184.155186017354 174.694359302521 162.449200948079 159.748216470083 164.54537709554
252.450585365295 250.130534172058 242.245634396871 238.508900006612 243.444641431173 255.759199460348 257.786631584167 257.007241249084 256.534159183502 260.353128115336 263.930360476176 265.465080738068 263.437151908875 262.478490670522 258.902132511139 257.055123647054 258.964041868846 253.368735313416 247.135043144226 244.941830635071 245.271265506744 243.130842844645 242.958883444468 243.563671906789 239.021817843119 236.644228299459 231.031099955241 223.124245802561 216.340819994609 211.012482643127 207.928558190664 210.294763247172 204.761902491252 208.907882372538 216.285526752472 220.25587161382 218.943993250529 204.934080441793 186.054686705271 152.007579803467 154.523243506749 170.28683423996 169.153948624929 160.780241092046 163.993646701177 178.849418958028
254.596034685771 253.473321596781 248.798529307048 242.009858290354 239.193240801493 251.528004805247 256.105959415436 257.013281186422 253.77211968104 259.647528330485 265.740990638733 267.328143119812 263.11057806015 263.250013192495 262.445906798045 256.190200646718 257.561206817627 254.330436388652 249.256630738576 247.638881206512 246.068596839905 246.792217095693 242.940545082092 241.227030754089 238.863428433736 232.515931129456 216.748197873433 194.957117239634 190.435131390889 195.806841055552 205.3302526474 207.020699977875 204.036970933278 205.963571866353 217.72038936615 232.914169629415 246.303856372833 248.311758041382 241.000433762868 194.299578666687 163.303196430206 174.139857292175 190.551241238912 197.6025501887 203.482886155446 214.481770992279
253.965258598328 251.331031322479 252.181549866994 248.265544573466 241.232315699259 247.022112210592 255.648990472158 257.674117883046 253.299276034037 256.710410118103 263.834198315938 264.956454435984 261.644144852956 261.324206988017 263.873895009359 255.025724569956 257.01109568278 253.576318422953 249.847610791524 252.356251080831 252.297600110372 253.370424111684 243.963042894999 237.763067086538 234.760006268819 235.075970490774 217.627167701721 194.920500119527 191.925704479218 200.432737668355 211.139420668284 209.556142489115 214.281380176544 220.275501410166 233.989159266154 234.910051027934 239.900966485341 203.288833300273 190.419435501099 187.883416811625 191.868742307027 206.208487351735 200.662314891815 187.802374362946 185.523311297099 199.582795302073
244.237879912059 249.699532985687 249.641676743825 248.295823733012 243.730068206787 242.547551790873 254.644910494486 260.03364721934 254.95054324468 254.888474941254 260.315219561259 265.229920546214 262.74182399114 257.648209730784 259.836196899414 255.662143230438 250.795920689901 252.915024757385 249.642471472422 250.548541545868 251.054704189301 247.214019298553 245.335400104523 239.251017570496 238.338510195414 241.891920566559 237.079997857412 229.093611240387 225.509464740753 225.870211919149 224.763751029968 218.212048212687 226.979712645213 233.452022075653 224.644382794698 214.269856611888 195.345520973206 148.628453413645 126.275757948558 161.679327487946 202.219843864441 216.557284196218 199.329455693563 190.862496693929 189.993838469187 200.13294617335
232.307692368825 245.471676190694 247.31848637263 245.673219362895 247.257570425669 242.150505383809 249.94041522344 258.921126524607 263.559182484945 258.784711360931 259.587426980336 261.162042617798 262.841284275055 258.605043093363 257.125814755758 254.479686419169 250.307579835256 247.921625773112 244.858741760254 242.893238862356 244.589269161224 243.45600605011 242.374201615651 240.438838799795 241.268912951152 248.453934987386 255.84743420283 256.326874097188 240.882992744446 238.241990407308 231.450855731964 218.35458278656 222.255071004232 205.706556638082 179.343899091085 152.50696738561 140.949696302414 126.767734686534 112.124174833298 125.488738218943 150.780200958252 184.35271581014 202.126781145732 220.636089642843 246.349136034648 248.918533325195
