input/barkrak2/radiation/dir10124.grid
NCOLS 85 
NROWS 70 
XLLCORNER 665100 
YLLCORNER 4664600 
CELLSIZE 20 
NODATA_value -9999 
[rows 40 to 59 of 70, columns 0 to 45 of 85]
239.864587783813 241.973340511322 241.848886013031 243.994057178497 251.720011234283 256.623327732086 261.332631111145 265.519400437673 262.700418631236 249.978939692179 233.535567919413 227.208515008291 227.668245633443 221.960624059041 222.042838732402 217.279652754466 219.651420911153 217.19624598821 210.333506266276 209.814786911011 213.845829168955 219.020922978719 220.260043938955 217.247704664866 212.906857331594 210.526823997498 220.148364702861 224.776566028595 227.415005366007 227.201263109843 228.14929485321 231.760283311208 225.842813650767 229.772925376892 258.232792218526 257.820049921672 245.044648647308 237.901369730632 240.630288918813 245.456020037333 258.938252925873 280.815859635671 256.136655807495 178.19082736969 114.440063635508 82.5670659542084
245.752235253652 245.453417301178 244.88107363383 243.469993273417 238.195776939392 236.604491869609 236.373782157898 235.294898351034 238.394300142924 230.749189853668 222.330311934153 222.466429074605 226.140081882477 224.934061368306 223.411122957865 219.714562098185 216.046313444773 222.924848397573 221.776207288106 214.758594830831 218.390703201294 219.160815080007 219.649493694305 221.163233121236 221.461872259776 215.687155723572 220.766981442769 226.160784562429 227.598071098328 228.668371836344 229.539851347605 231.880664825439 227.342247962952 240.198493003845 253.903349240621 244.525591532389 226.463337739309 219.448188940684 221.598327159882 232.741713523865 263.810833295186 277.904868125916 267.585555712382 223.799665768941 155.303557713827 110.672384500504
249.015768369039 245.578408241272 248.086889584859 246.901710828145 239.876409371694 236.805895964305 232.984602451324 229.560871918996 229.722042878469 226.048111915588 224.358220895131 221.909523010254 226.207196712494 228.78885269165 228.691955407461 224.489311377207 221.990625063578 226.426045099894 227.587342262268 221.268713474274 217.991868654887 216.368536154429 212.467551231384 213.466505209605 217.423538366954 215.31480550766 211.642483870188 217.515091101329 223.708132902781 226.158122221629 226.725339889526 224.780698617299 229.671875635783 246.379216512044 251.632650693258 229.188839594523 212.126394112905 213.140288988749 221.786121527354 235.665619373322 246.21977408727 247.064034144084 234.760840733846 213.287095228831 165.414462486903 105.737576882044
233.496308326721 236.002266407013 244.000951449076 240.798115730286 243.415991465251 245.614806811015 243.31659078598 238.945066928864 228.928128878276 226.544479529063 228.282789389292 224.08664226532 222.9984998703 227.656801541646 227.20597187678 223.224798838298 224.828938643138 225.971062978109 225.529213746389 220.890124638875 216.645916302999 212.081631024679 210.83148320516 209.096550941467 211.440920829773 214.931805928548 211.052278677622 213.294545809428 218.151827653249 219.766855239868 219.560742378235 215.560893217723 224.260131518046 237.76121934255 236.175100008647 214.404106140137 208.483080069224 219.601233800252 232.408801714579 236.526827017466 232.049663861593 228.585839271545 219.620168209076 197.995861371358 161.044935385386 111.018270254135
231.522560119629 236.610333124797 238.58384291331 239.918251832326 241.633613904317 242.915332317352 243.244508902232 239.94513352712 234.068671862284 228.018681208293 229.855239391327 227.196534474691 222.049752871195 221.610506375631 220.505674680074 219.309012095133 214.032292366028 222.000618775686 223.039865493774 221.370120843252 216.336707274119 214.246849219004 214.422702789307 213.668386141459 210.303982098897 218.833565711975 223.367810249329 220.170458157857 219.416201114655 219.305555025736 213.61513932546 209.707717100779 214.526891708374 216.421862443288 215.21008014679 208.390712738037 212.586124738057 227.237582206726 236.488064130147 230.073750019073 229.907095432281 221.282482147217 211.405913035075 194.827238718669 167.650004227956 129.568537076314
236.722568670909 239.993492762248 237.926781177521 240.315576394399 239.199101924896 239.341974258423 239.701787630717 238.478004932404 239.421685536702 233.381907145182 232.340296109517 229.864736398061 225.523968537649 220.033268133799 219.565590222677 222.013493378957 213.970462481181 217.978417873383 222.863554954529 220.386167367299 218.888481458028 217.859387397766 217.527747154236 217.448155085246 217.550794283549 216.714084148407 223.284145196279 223.363300164541 220.755398273468 218.811591466268 214.716931184133 210.151195526123 211.734414100647 207.779288291931 200.035432974497 191.657900810242 203.640758991241 221.913119157155 225.910047690074 212.581674257914 217.168172200521 209.503769874573 202.991565068563 202.285627524058 193.70178381602 159.185041983922
234.715203444163 236.737926801046 239.836732546488 240.998645623525 241.129636764526 240.809202194214 241.366525491079 243.217766284943 239.99543984731 236.810882886251 235.490361849467 233.092109362284 229.837814966838 225.457489490509 223.055084546407 227.335174878438 222.764909267426 217.731058597565 223.704079786936 221.987942854563 220.364292462667 220.459818840027 218.318442503611 215.77529112498 223.046600818634 216.547071933746 217.49613682429 221.254805723826 220.527748266856 219.324171543121 217.84508228302 213.752686977386 210.635960102081 206.568121910095 201.049486796061 195.774912834167 201.401670773824 213.03653717041 213.811814785004 211.999356746674 214.603205521901 204.277634620667 207.11624622345 216.107090314229 214.571416378021 183.274547259013
229.078809420268 231.491545836131 237.325290838877 238.460183143616 242.124021053314 243.302782376607 240.02065261205 240.421732266744 239.068269729614 240.447541077932 237.467964490255 232.698102792104 231.517593065898 229.837934176127 225.365002950033 225.399712721507 223.018070062002 215.534011522929 220.344583193461 221.727013587952 219.590564568837 219.177603721619 220.662871996562 214.167932669322 217.460751533508 217.248936494191 212.048888206482 217.504064242045 219.677805900574 218.10785929362 219.157338142395 217.40851799647 209.916214148204 211.387594540914 216.560264428457 212.993423144023 210.633714993795 209.3585729599 212.957004706065 223.494211832682 216.546972592672 206.519961357117 212.870975335439 217.708746592204 213.630795478821 194.978992144267
221.607128779093 224.784870942434 230.903247992198 233.81648461024 240.017573038737 242.377539475759 239.915728569031 238.166948159536 239.637573560079 241.375128428141 240.127901236216 234.739681084951 232.901235421499 232.067505518595 229.699552059174 223.859091599782 221.889237562815 215.841889381409 219.26075220108 223.399023214976 223.65415096283 221.999188264211 222.739219665527 217.545131842295 214.85424041748 220.588485399882 216.351628303528 219.327310721079 226.584414641062 228.91233364741 232.378244400024 231.330752372742 221.576730410258 223.098854223887 227.253933747609 224.43942228953 223.232249418894 218.927264213562 217.973550160726 222.146809101105 211.55176560084 204.523921012878 201.081176598867 199.027081330617 196.281234423319 194.084544976552
220.333059628805 217.854460080465 222.990930080414 230.205436547597 235.900441805522 239.799340565999 241.455396016439 243.442555268606 242.350280284882 239.286462465922 240.039626757304 239.947378635406 236.388226350149 232.413947582245 229.277571042379 225.902597109477 222.76492913564 219.036956628164 221.554577350616 226.634939511617 227.347493171692 227.986474831899 224.083960056305 223.293681939443 218.831499417623 222.794850667318 225.229620933533 227.000753084819 232.940852642059 239.519158999125 247.706174850464 247.284849484762 236.670831839244 234.300831953684 229.284822940826 227.826992670695 227.467020352681 228.560447692871 223.090986410777 210.256199042002 198.77153635025 201.131582260132 199.915369351705 194.055438041687 190.51988919576 193.755646546682
222.863952318827 223.666985829671 226.095914840698 231.723527113597 233.573655287425 235.000391801198 241.242746512095 245.790441830953 244.290669759115 243.518193562826 241.649885972341 242.003758748372 236.914436022441 233.044346173604 231.532136599223 235.197246074677 226.448734601339 221.87872727712 224.568128585815 230.596164862315 231.125315030416 228.064219156901 226.287166277568 224.578221638997 219.754119714101 225.825866063436 229.085524876912 231.995364030202 236.523628234863 243.865032990774 251.016855239868 254.89083925883 245.725373427073 235.152045885722 223.605036735535 219.064037005107 223.749756813049 230.535507202148 222.214937210083 201.414148012797 194.473385810852 204.426864782969 206.902007261912 199.925482273102 194.113274415334 187.314450740814
221.185425917308 229.610085487366 231.916149457296 233.981986840566 233.84835322698 233.11311006546 238.433639208476 244.13804213206 242.523709932963 246.637086073558 243.560671806335 243.318915367126 239.533464113871 234.923879305522 231.655716896057 237.398703893026 232.022007306417 223.94988934199 221.047023932139 227.082908153534 227.755506833394 225.737353165944 223.351915677389 221.465210119883 218.718449274699 220.392922560374 224.798997243245 225.521763165792 227.602044741313 234.107216199239 243.381361166636 250.25471051534 236.850758393606 215.761780738831 180.107136567434 173.688312371572 196.749985218048 216.412862141927 223.140080769857 221.683442592621 221.053997675578 214.720189571381 196.924209594727 191.821813583374 199.857155481974 187.683383623759
222.432732582092 219.865679740906 220.547497272491 223.721702893575 231.361389160156 235.454082489014 233.975330988566 240.704973538717 239.108363787333 243.12949180603 242.787082990011 244.79204416275 243.178506692251 238.36753765742 232.824087142944 232.087771097819 234.576841195424 223.646899064382 218.046545982361 219.883720080058 219.341099262238 220.128575960795 220.195114612579 214.063048362732 214.773873488108 214.024265607198 215.412139892578 213.963071505229 213.781972726186 217.962364355723 219.086289405823 231.160958607992 218.240360418955 188.658912976583 155.80078959465 137.062042951584 150.110185146332 180.532356103261 211.760719617208 221.805930137634 223.244547843933 208.147327105204 189.171353975932 186.485807100932 191.057920455933 177.372892697652
227.829019228617 216.555794080098 213.667889436086 217.87557999293 229.957322279612 238.451143105825 236.078520615896 238.401174545288 239.271938800812 239.227076371511 240.746855735779 243.561466534932 244.335730870565 242.500424385071 234.95356241862 232.385913530986 235.444645086924 225.288152694702 220.209876696269 221.612175305684 222.771962483724 219.317038853963 217.420657475789 213.06965748469 212.001661459605 210.309624671936 209.722657998403 210.014561812083 208.572487036387 202.431877454122 191.060741742452 200.052539507548 188.461025555929 169.138292471568 154.28418914477 137.652317682902 121.44872546196 130.861471096675 154.300560553869 187.004605929057 202.530105908712 193.310658137004 184.402684370677 180.957575639089 173.692584037781 162.940402825673
229.327738285065 223.150849342346 217.320581277212 221.365610758464 229.991694291433 237.1666431427 240.53700764974 238.171736399333 240.710000197093 239.196618398031 241.275191307068 243.340849876404 243.872920672099 243.578135967255 237.562497456868 236.290991306305 237.932165463765 229.549527168274 223.905026912689 225.547671318054 227.768222490946 223.235011100769 220.273156960805 218.794842561086 214.74277973175 213.840921719869 211.686929066976 211.284915606181 205.042640368144 197.926104068756 184.505999088287 188.895265261332 180.931031703949 177.312791347504 179.132719834646 171.884536743164 148.274709781011 132.68322745959 124.478916327159 135.955701271693 169.366637865702 171.807885169983 161.575029293696 148.431221644084 145.61332265536 151.104112466176
232.837716738383 230.425278345744 222.430189450582 218.697428703308 223.996460437775 236.815551916758 238.979876041412 238.094528516134 237.758954366048 241.87837044398 245.866994063059 247.458418210348 245.3693151474 246.265610059102 240.773677825928 240.944584210714 240.910212198893 235.258400440216 231.0777703921 228.676497936249 226.686835289001 222.497920195262 222.403526306152 223.138272762299 218.455096085866 216.052095095317 207.9150279363 200.077493985494 193.519095579783 192.326883474986 189.429303010305 194.285055001577 186.67463461558 193.425019582113 203.84426911672 207.293391227722 203.625400861104 187.8821849823 169.087449709574 133.451124032338 140.123585859934 156.996091206868 155.89565038681 145.508189996084 147.937138875326 164.095054070155
235.121051470439 233.954429626465 230.791608492533 222.35647837321 221.610228220622 232.438703378042 237.144192059835 238.098084926605 234.879930814107 241.299450397491 247.908155123393 247.67142534256 244.996289412181 245.311657587687 244.592726230621 238.032102584839 241.569340229034 234.084626038869 228.798707326253 227.157175540924 225.588202476501 224.02153412501 219.964206218719 218.237698078156 215.86811542511 211.849192778269 193.801780541738 172.260900338491 167.898337046305 173.473576704661 185.062766075134 186.984956264496 185.495098431905 192.313651243846 203.31331094106 220.304826895396 231.869479020437 232.908527056376 227.161367734273 178.532958030701 145.400146643321 160.938531160355 176.174441973368 183.198273181915 188.151518503825 200.474818547567
235.652168591817 231.675426165263 232.732633749644 228.970130284627 223.849515120188 227.876484394073 238.311052322388 238.801598548889 236.224889755249 236.348350842794 245.908677577972 246.995528539022 243.414660294851 243.302285671234 244.099775950114 234.729925791423 236.841440200806 233.271340529124 229.416886965434 229.845941066742 229.809741179148 228.568871815999 223.701496918996 217.274785041809 216.582258542379 216.893076896667 199.10583893458 175.794204076131 172.700027624766 181.532263755798 192.834337552389 195.247769355774 199.507474899292 205.685993035634 219.377557436625 224.460502465566 222.873250643412 192.068219184875 178.325891494751 174.140989780426 176.657636960348 190.483530362447 189.494013786316 175.358315308889 166.050136089325 184.059798717499
225.266635417938 229.955494403839 230.099240938822 230.704327424367 226.446648438772 223.217904567719 235.692779223124 241.327186425527 236.312846342723 236.656665802002 242.184142271678 245.45822540919 244.585712750753 239.385306835175 239.778319994609 237.340132395426 232.349117596944 232.570250829061 231.632669766744 234.974384307861 235.689322153727 231.743494669596 229.840596516927 223.56124718984 222.663342952728 226.021587848663 221.079091231028 212.808728218079 209.899226824443 210.742433865865 209.368864695231 204.467256863912 210.426410039266 216.615835825602 216.086030006409 197.136123975118 184.130966663361 134.136219819387 111.112296581268 145.472715298335 184.14972225825 196.648339430491 188.687245051066 177.414615948995 174.006581306458 183.201809724172
213.072737058004 225.602825482686 227.678239345551 226.29189491272 228.06708017985 222.795248031616 230.712791283925 240.150411923726 245.467662811279 240.902324517568 241.344074408213 244.544784228007 244.677782058716 242.203275362651 240.828593571981 238.094349702199 233.795781930288 231.8474650383 228.889922300975 226.820727189382 228.638291358948 227.57343451182 226.54797633489 224.735220273336 225.770135720571 233.057041962941 241.29851659139 242.239157358805 226.736863454183 223.87969493866 214.138746261597 204.618732134501 209.532678127289 194.862981637319 166.525284449259 138.352771600087 117.772291103999 113.012194633484 96.9395836194356 107.962737480799 132.187644640605 164.537847042084 187.451541423798 208.924015363057 233.216404914856 234.285354614258
