input/barkrak2/radiation/dir12524.grid
NCOLS 85 
NROWS 70 
XLLCORNER 665100 
YLLCORNER 4664600 
CELLSIZE 20 
NODATA_value -9999 
[rows 20 to 39 of 70, columns 0 to 45 of 85]
159.504840771357 149.588763713837 163.080583016078 200.395425160726 194.769104321798 159.24792488416 146.269639333089 156.647543112437 169.776856899261 186.015566190084 199.369351069132 206.059237321218 208.674768606822 215.780854225159 229.917585849762 250.643213589986 262.586196263631 276.969532171885 295.256098111471 312.984089056651 316.561222076416 307.386517524719 305.004914601644 307.156205177307 308.727204799652 310.5455438296 313.589135805766 311.347444852193 307.726701100667 306.805610656738 299.878398577372 286.968588829041 275.087078412374 268.022795518239 265.214403470357 271.027723948161 270.979841550191 273.318707942963 278.270045916239 281.96918964386 283.116499582926 282.279014587402 285.020629564921 279.67631816864 283.763885498047 288.15899292628
190.351843833923 185.103793938955 195.223748683929 226.978341738383 223.490675290426 168.718159198761 158.648490905762 164.308706919352 172.783672809601 182.791531085968 193.964660167694 200.767715771993 205.555935700734 205.737551053365 216.419239838918 235.958774884542 251.35471423467 265.241185824076 279.163201649984 297.367990016937 309.804956118266 320.607860883077 323.346813519796 321.206827958425 315.786997477214 309.029420216878 304.903030395508 300.269226233164 301.758766174316 292.669236660004 277.169803778331 244.484305381775 221.618930498759 216.09636147817 222.825527191162 243.225534756978 250.936587651571 267.094651858012 278.158446153005 278.235852718353 276.284734408061 275.2978404363 268.277585506439 252.572317918142 274.858057498932 283.965210119883
234.698534011841 238.649547100067 236.873785654704 245.443304379781 245.026548703512 198.852221171061 184.063414732615 174.123883247375 171.402434508006 178.125639756521 192.405800024668 203.784167766571 209.022641181946 213.654140631358 219.11350886027 229.016204675039 245.263377825419 258.752365907033 271.561880906423 276.687105496724 284.892141819 299.523611863454 305.356919765472 306.652983029683 300.781051317851 289.579808712006 276.607473691305 258.55298837026 252.955734729767 238.282283147176 210.552493731181 164.246658484141 142.258087793986 153.986036777496 181.853910287221 208.095848560333 227.840443452199 250.026762485504 262.754956881205 266.499876976013 269.260048866272 270.411968231201 246.720671653748 223.532021045685 253.409186999003 280.870119730632
261.315643787384 260.353922843933 249.287406603495 251.284698645274 250.67929426829 236.427386601766 206.703325112661 179.542263348897 165.440986553828 169.869522253672 192.535320917765 203.927834828695 214.92858727773 227.668404579163 228.631615638733 232.35938946406 242.112278938293 255.282839139303 263.246218363444 255.289971828461 250.455021858215 246.368149916331 256.421804428101 265.508592128754 273.628354072571 272.970298926036 257.561008135478 247.750540574392 218.760053316752 185.334324836731 156.761387983958 131.2362353007 94.9926972389221 77.1144926548004 88.0649387836456 124.651233355204 171.171307563782 202.380736668905 221.54039144516 231.492678324382 231.024622917175 217.145005861918 203.419148921967 237.212498982747 240.771651268005 271.295229593913
254.769285519918 255.192577838898 255.587855974833 253.564993540446 242.806792259216 236.450791358948 212.000171343486 195.720255374908 179.304321606954 173.738221327464 185.481568177541 200.115819772085 213.512221972148 225.846469402313 227.9900709788 231.134871641795 236.358801523844 242.608666419983 246.724903583527 241.608997186025 238.578120867411 233.213702837626 240.395903587341 249.496102333069 253.027300039927 254.900336265564 246.170043945312 231.130043665568 199.750185012817 151.687969764074 130.993217229843 127.332746982574 104.292809963226 60.7412258783976 52.8882890939713 72.7696120738983 115.565150976181 150.537272294362 179.699261983236 195.128679275513 185.088753700256 162.685583035151 183.734536170959 259.024937947591 253.920753796895 273.831049601237
245.941122372945 250.690738360087 258.174220720927 252.668341000875 243.432720502218 236.642678578695 224.418044090271 221.898376941681 214.716792106628 202.763199806213 197.50565290451 215.977787971497 224.836766719818 237.598458925883 237.501780192057 231.121559937795 225.775917371114 237.663805484772 244.111696879069 249.465584754944 250.447750091553 246.326784292857 240.722477436066 240.143577257792 241.611162821452 241.782466570536 233.609358469645 225.123643875122 186.438977718353 160.968859990438 157.91122118632 172.73344596227 172.672549883525 127.105871836344 92.6764607429504 91.7362570762634 101.783782243729 124.055862426758 154.794027407964 169.766624768575 156.182746092478 149.187306563059 192.740619182587 253.044962882996 271.284381548564 283.342560132345
247.013668219248 250.444690386454 256.364325682322 253.741323947906 258.333464463552 249.976356824239 244.01710430781 239.987810452779 242.086450258891 237.874627113342 223.837375640869 236.335635185242 242.883483568827 251.05885664622 245.971182982127 235.727270444234 230.204304059347 241.92613363266 247.388402620951 259.171823660533 262.301027774811 256.961464881897 249.957680702209 243.700941403707 240.994413693746 241.215785344442 232.915798823039 227.885186672211 196.560859680176 193.482438723246 212.613185246785 237.646520137787 243.93488963445 245.7328637441 205.60089747111 126.849512259165 117.728233337402 124.307652314504 147.325247526169 156.673560539881 170.104344685872 200.485030810038 213.804026444753 235.266268253326 260.154902935028 273.964623610179
250.862538814545 247.519632180532 250.115076700846 253.025452295939 283.485154310862 268.001715342204 256.543278694153 245.982627073924 249.963164329529 254.224181175232 240.985890229543 241.353154182434 244.668285051982 249.172886212667 250.528295834859 245.528101921082 241.060674190521 245.940725008647 258.178373177846 264.069616794586 259.78942712148 252.726674079895 251.028021176656 248.521308104197 250.431458155314 246.715883413951 242.349803447723 237.002412478129 227.33877102534 227.453092734019 248.331268628438 262.53887017568 264.52765862147 278.049250443776 283.746719360352 203.257938226064 144.756366809209 130.374272664388 138.409326473872 162.213325500488 204.178114732107 261.667847633362 229.893108208974 220.520933469137 240.367770195007 252.993146578471
249.707241853078 239.546418190002 242.909073829651 259.295741717021 299.6639808019 272.280951340993 250.276704629262 239.69691991806 241.769711176554 247.459530830383 240.130742390951 236.913005510966 243.034839630127 248.665690422058 253.44572464625 254.896660645803 250.993728637695 247.12868531545 255.260109901428 257.228632767995 256.128986676534 248.944719632467 249.962528546651 252.785642941793 254.434863726298 249.697188536326 248.593072096507 244.184573491414 238.552769025167 238.290588061015 259.378353754679 275.988459587097 277.136047681173 276.610593001048 291.113277276357 270.75183391571 172.54372437795 120.452702045441 107.969303925832 139.06341791153 213.908096154531 245.421687761943 216.217398643494 189.641733964284 209.767500559489 221.345722675323
243.423501650492 231.372753779093 238.399306933085 269.547422726949 297.65506585439 269.073009490967 239.670276641846 223.161856333415 215.761462847392 216.650227705638 218.576371669769 220.417459805806 236.568133036296 247.393409411112 253.569761912028 259.829163551331 258.726557095846 244.154711564382 248.757561047872 250.798344612122 249.626517295837 251.622955004374 251.877506573995 256.300727526347 258.836567401886 252.805689970652 255.781571070353 248.117903868357 240.109463532766 246.489405632019 266.635080178579 283.948798974355 279.800534248352 277.464807033539 287.578741709391 297.572096188863 259.538054466248 176.809986432393 134.537438551585 145.003894964854 180.511474609375 197.845220565796 200.145204861959 169.645011425018 176.21127764384 197.551230589549
234.41477616628 242.74339278539 272.769709428151 318.767925103505 316.097140312195 275.021195411682 238.662560780843 207.667926947276 196.625391642253 206.340074539185 203.121880690257 199.514170487722 227.702836195628 247.376581033071 256.838182608287 262.913425763448 262.41527001063 252.576172351837 251.409590244293 253.46698363622 250.694533189138 256.635884443919 258.821090062459 257.940153280894 260.353902975718 262.709935506185 262.948016325633 259.193023045858 250.430305798848 258.061051368713 274.104158083598 286.244591077169 282.557388146718 284.879267215729 291.052242120107 294.739603996277 304.813325405121 295.834501584371 222.221155961355 175.215641657511 159.56966082255 155.919184287389 173.767546812693 166.711628437042 168.309390544891 195.821324984233
253.229816754659 283.538599809011 311.729749043783 322.602967421214 341.541409492493 312.795539697011 271.131455898285 230.402767658234 218.012233575185 230.624814828237 222.3246494929 205.597241719564 220.564723014832 245.205203692118 261.334280172984 265.992204348246 266.160627206167 263.537049293518 256.790359814962 256.709019343058 255.753080050151 259.897589683533 262.149691581726 260.788897673289 260.381996631622 269.266664981842 270.35399278005 270.615617434184 267.855683962504 271.312018235524 279.819289843241 285.666505495707 287.716646989187 293.947796026866 298.416097958883 287.054498990377 292.685548464457 318.749050299327 295.841415723165 224.817037582397 173.746983210246 157.357593377431 159.695148468018 171.218474706014 193.172136942546 221.118032932281
294.674615065257 311.969637870789 311.279455820719 305.5220246315 321.758230527242 332.907617092133 318.048099676768 287.102480729421 261.1163854599 259.172062079112 260.674973328908 236.253639062246 223.23222955068 244.268794854482 266.639272371928 270.548780759176 268.404205640157 270.660400390625 258.096158504486 256.419857343038 259.806056817373 261.779507001241 260.312596956889 259.519815444946 260.36012172699 271.73658212026 277.493913968404 280.402938524882 275.235712528229 275.574147701263 286.464214324951 292.271872361501 289.807577927907 290.319859981537 294.872065385183 283.617595831553 283.860564231873 295.878450075785 283.928553263346 246.349434057871 212.621450424194 181.738018989563 163.257360458374 167.578876018524 190.884172916412 225.378433863322
301.585992177327 301.450769106547 296.276052792867 286.638696988424 288.572033246358 306.193888187408 318.384687105815 305.838545163472 288.388152917226 282.38175312678 284.111440181732 267.317235469818 247.530023256938 254.035035769145 266.534368197123 266.748110453288 263.465901215871 265.092015266418 258.588413397471 259.518603483836 257.925550142924 259.558578332265 256.621897220612 255.835115909576 261.664986610413 268.16459496816 276.853124300639 278.942227363586 276.629765828451 280.59317668279 289.880911509196 289.929429690043 278.156081835429 273.745695749919 277.372737725576 260.646263758341 258.342921733856 254.201134045919 236.279884974162 228.916049003601 238.455176353455 213.307817776998 188.116470972697 174.424072106679 177.834848562876 205.311377843221
300.73606967926 294.906655947367 300.378521283468 288.494169712067 281.980673472087 291.964371999105 312.74950504303 324.730396270752 310.00147263209 292.369802792867 284.141798814138 279.965360959371 280.181447664897 268.893937269847 266.005277633667 266.952315966288 266.495267550151 261.989335219065 259.530981381734 262.723505496979 260.400911172231 258.648196856181 256.340563297272 258.309483528137 261.180857817332 265.403747558594 272.892534732819 270.696699619293 272.641658782959 281.658808390299 288.491447766622 280.017753442128 265.425403912862 267.274002234141 264.092663923899 246.288657188416 248.316725095113 247.416853904724 245.812793572744 252.085288365682 253.347039222717 248.978316783905 225.52623351415 209.26304658254 193.39382648468 188.802282015483
316.053609053294 313.063204288483 320.409297943115 316.185156504313 307.474891344706 309.681157271067 322.689533233643 337.683916091919 322.181125481923 298.035264015198 285.130540529887 287.61613368988 293.680707613627 280.422369639079 272.142827510834 274.314403533936 271.272301673889 262.742022673289 266.130208969116 267.235239346822 264.689326286316 258.348385492961 262.209852536519 263.616720835368 262.156407038371 264.695703983307 265.997548898061 265.304028987885 268.665730953217 280.375520388285 283.344070116679 276.844720045726 267.416000366211 268.291691939036 256.529609362284 250.795801480611 256.317257881165 259.042084217072 266.708493232727 277.975082397461 242.190837860107 235.442280769348 226.833204428355 217.99776951472 199.745972951253 180.418610572815
329.585611820221 328.395585219065 331.279635429382 331.531802813212 323.957482973735 318.396667639414 324.016312758128 336.721658706665 326.693852742513 296.632488568624 283.803403377533 287.346522013346 292.301217714945 280.850211779277 273.074408372243 276.506781578064 278.95587682724 270.379761854808 271.536191304525 274.129807949066 273.669938246409 266.638100147247 264.988740285238 267.768442630768 265.718440214793 264.606515566508 268.450856208801 271.017014980316 273.744583129883 281.926989555359 285.082717736562 279.389381408691 269.863406817118 266.446034113566 253.887712955475 258.031606674194 263.102134068807 265.283981959025 267.643610636393 272.250135739644 226.077755292257 190.346340338389 177.695135275523 172.799487908681 173.296709855398 169.097145398458
333.202560742696 334.223389625549 334.537426630656 333.847999572754 327.84515619278 323.117832342784 323.623438676198 330.159028371175 330.418010552724 304.935495058695 294.690867265065 291.216810544332 287.906547387441 280.185023943583 271.439651648204 273.488740126292 285.547475020091 278.928558031718 276.067634423574 278.623064359029 277.507185935974 273.523767789205 270.651618639628 270.672480265299 270.712633927663 269.758184750875 270.755072434743 275.918702284495 278.244137763977 281.590978304545 284.523328145345 281.100312868754 272.55779504776 257.216254870097 247.053325176239 263.776103655497 272.645433743795 271.914859612783 263.967156410217 267.783840497335 224.318464597066 159.074654181798 131.886770327886 121.19315067927 126.312444607417 134.441395600637
324.338853359222 329.818288485209 332.528948783875 331.662217775981 330.268323421478 330.583532651265 329.578439394633 328.933914502462 329.425851504008 315.358956654867 310.838341712952 300.672153631846 289.855360984802 283.724824587504 278.463780879974 274.41660563151 283.281743526459 283.339341481527 277.561187744141 278.313378492991 278.564612070719 275.418639183044 271.14858229955 271.433770656586 274.143020311991 276.04615688324 273.883601029714 277.231891949971 279.748181502024 279.963394006093 281.776269276937 282.064159711202 268.356700738271 245.302319526672 252.783576647441 277.544220288595 281.079550584157 275.417904059092 261.581857999166 264.284312725067 262.673497200012 200.154185295105 143.564571936925 120.715449253718 117.1602110068 118.666956822077
305.349071820577 309.42968527476 309.17098124822 315.646847089132 323.551595211029 331.49528503418 336.315671602885 337.692379951477 336.209297180176 328.73938481013 314.536889394124 297.22919066747 287.270486354828 285.970091819763 283.724784851074 277.158002058665 281.148632367452 282.490611076355 275.585691134135 274.964133898417 279.032329718272 280.526101589203 279.01554107666 274.234175682068 272.684673468272 274.738430976868 278.121829032898 279.310901959737 282.066941261292 280.646105607351 280.331492424011 279.942194620768 261.806686719259 246.824006239573 272.140860557556 288.555721441905 283.25229883194 277.583181858063 267.268657684326 267.354210217794 294.15492216746 295.705278714498 230.330030123393 176.09981695811 142.066180706024 120.157947142919
