input/barkrak2/radiation/dir14224.grid
NCOLS 85 
NROWS 70 
XLLCORNER 665100 
YLLCORNER 4664600 
CELLSIZE 20 
NODATA_value -9999 
[rows 20 to 39 of 70, columns 0 to 45 of 85]
188.659270604452 180.896659692129 196.370700995127 236.195981502533 230.471730232239 187.236309051514 171.737452348073 179.128666718801 192.066252231598 210.942804813385 224.985301494598 234.009663263957 239.692986011505 250.848670800527 267.566045125326 285.356144110362 309.070328871409 322.027484575907 327.500243981679 335.182468096415 337.828238805135 330.116470654805 328.926662604014 330.665310223897 331.871549288432 333.28378200531 334.565718968709 331.961532433828 327.966153621674 327.380975087484 321.285525957743 310.05064646403 300.718267758687 295.977632204692 294.150571028392 299.463490645091 299.610038598378 301.93297068278 306.644797325134 309.702455997467 310.673197110494 309.645175933838 311.93600098292 307.45538075765 310.750265916189 314.481536547343
216.987033685048 215.024431546529 231.200893719991 262.16459274292 258.290469646454 198.241114616394 184.4216187795 185.711205005646 193.287948767344 205.869793891907 219.223439693451 226.78420941035 236.602067947388 235.597232977549 250.001629193624 271.405637264252 285.30220190684 304.858883221944 322.046975294749 330.875754356384 335.316856702169 340.645869572957 341.602245966593 340.731739997864 336.911797523499 332.031408945719 328.847984472911 324.698567390442 324.299434820811 318.090538183848 301.12346013387 272.068818410238 251.105348269145 248.625993728638 256.168166796366 275.248885154724 282.125095526377 296.847025553385 306.645135084788 306.477963924408 304.747700691223 303.860187530518 297.330061594645 283.499499162038 303.27570438385 310.93289454778
257.955551147461 264.693776766459 269.702116648356 279.22534942627 278.977930545807 232.246617476145 208.535293738047 194.948236147563 191.637655099233 200.205703576406 218.35192044576 228.759904702504 239.896436532338 244.962692260742 250.318626562754 262.069265047709 276.50249004364 291.982372601827 304.643432299296 316.556612650553 320.453544457753 331.441462039948 336.517810821533 337.01491355896 334.392229715983 331.935465335846 327.068010965983 314.187268416087 303.215543429057 282.187680403392 245.39444843928 196.529726187388 173.307855923971 190.258065859477 217.937111854553 243.007719516754 261.490186055501 280.742009480794 293.138881524404 296.446998914083 298.606355985006 299.401819705963 277.56933371226 257.096330324809 283.413847287496 309.648235638936
279.699067274729 281.586368878682 278.808911641439 284.623781840007 284.39740339915 266.257623831431 231.317798296611 201.36551062266 186.226725578308 190.375765164693 216.26094977061 229.69122727712 243.327736854553 256.178160508474 257.764557997386 261.888722578685 273.350616296132 287.810643513997 296.664655208588 293.811281522115 299.386084079742 306.829611460368 318.894068400065 317.319134871165 311.275959014893 302.422563234965 285.827736059825 276.309172312419 256.721496582031 213.068763415019 176.640411218007 152.871469656626 122.554798920949 117.39718914032 128.418982028961 165.116488933563 211.422959963481 237.527370452881 255.676507949829 265.85457722346 264.257192611694 250.690360864004 236.308097839355 270.018955071767 268.953204154968 301.496028900146
272.179245948792 273.80383014679 280.803998311361 286.32915019989 277.213950951894 268.043875694275 238.478581110636 218.697945276896 200.199643770854 193.666597207387 206.97013537089 223.711371421814 239.041646321615 252.929329872131 257.230917612712 260.474721590678 271.07451359431 282.410264015198 290.865619977315 289.254705111186 292.73643096288 279.648979504903 276.733458042145 283.725202083588 285.911440849304 282.869080702464 271.227518717448 258.123815059662 230.301241079966 171.883006890615 152.391463518143 149.770975112915 130.245834589005 99.5663007100423 90.4623866081238 107.554862896601 151.992241541545 190.937956174215 217.663526535034 230.828960736593 220.894455909729 198.821246623993 220.399518807729 287.279665470123 281.29651149114 302.660723527273
265.528957049052 269.805630048116 280.629098415375 283.612728118896 277.904788653056 268.287142117818 249.985257784526 242.763837178548 233.565429846446 218.562722206116 220.261057217916 238.122721513112 249.317129453023 263.62003882726 266.304135322571 263.691484928131 270.256102085114 280.738313992818 287.585417429606 290.60427347819 283.429940541585 275.183320045471 269.77018515269 271.521131197612 275.592545668284 273.805836836497 262.025594711304 251.491804917653 204.005062580109 181.123971939087 179.177800814311 195.291558901469 198.003749052684 165.178775787354 130.794078111649 117.02956755956 131.419628858566 157.815823952357 191.454549630483 213.74785900116 195.66277662913 186.318914095561 229.380011558533 277.533312638601 295.168459415436 313.762883345286
267.166654268901 269.695281982422 277.271211147308 281.930188337962 291.594942410787 278.643170992533 265.573501586914 256.578485171 258.58469804128 252.652923266093 241.999506950378 256.135006745656 264.607548713684 277.434567610423 278.94115447998 272.51523733139 273.282647132874 274.671336015065 278.412143389384 288.992842038472 290.587266286214 285.156031449636 277.257819970449 274.153232574463 275.914986928304 274.94204044342 262.847979863485 252.424359321594 217.613697052002 211.707969506582 232.643723487854 256.69119755427 261.691153049469 269.963304201762 242.100993792216 158.089031775792 145.823508501053 158.314675092697 183.664480845133 210.105299949646 205.577711264292 236.469467480977 240.222970644633 255.284210046132 288.766165574392 300.769845644633
271.260142326355 267.647465070089 270.659565925598 279.205520947774 313.713033994039 292.095720767975 273.127297560374 258.440653483073 261.763334274292 268.386403719584 258.632818857829 260.875403881073 273.613135019938 280.816833178202 284.103433291117 278.991421063741 270.553072293599 274.927298227946 284.483790397644 289.858937263489 288.56352965037 278.752446174622 279.108583927155 278.252800305684 279.812852541606 279.466688632965 272.074004014333 262.741049130758 242.443601290385 241.274158159892 264.436801274617 278.971612453461 278.711954752604 292.43528842926 310.923417409261 238.463123639425 175.322671731313 163.099865118663 174.875219662984 203.497846921285 242.92403459549 292.639255523682 251.563270886739 245.804150899251 273.718456427256 282.056013743083
269.028027852376 260.246475537618 264.025966326396 285.61661640803 326.739052931468 292.497376600901 264.83412583669 252.651512622833 259.227494398753 265.105505784353 259.594241778056 257.542073726654 273.344318072001 282.104392846425 279.696106910706 283.434391021729 278.271456559499 272.444824377696 281.723121802012 283.903002738953 281.354010105133 276.175916194916 277.095099290212 282.372752825419 283.959170182546 278.94115447998 279.407938321431 271.600842475891 253.885785738627 249.919752279917 272.255003452301 289.875626564026 289.326926072439 288.193384806315 307.277361551921 301.981488863627 208.731452624003 152.755389610926 142.716944217682 180.266360441844 251.855194568634 273.997147878011 242.096940676371 219.118416309357 241.434593995412 254.946351051331
262.294550736745 252.374450365702 260.39199034373 295.987884203593 323.923687140147 288.826505343119 256.518006324768 240.694085756938 237.051685651143 239.936709403992 238.765637079875 247.217694918315 266.29908879598 278.682390848796 282.050828138987 286.001741886139 283.532559871674 273.501674334208 274.757703145345 276.902238527934 275.739928086599 277.572751045227 279.054443041484 281.393587589264 285.594264666239 282.537678877513 285.771310329437 277.104159196218 259.474774201711 258.597175280253 278.058250745138 295.627494653066 291.503548622131 288.313130537669 297.782142957052 314.148743947347 291.663865248362 213.950991630554 168.880542119344 178.734958171844 215.616146723429 230.729639530182 232.510447502136 199.090301990509 210.061589876811 232.83843199412
251.187423865 260.729233423869 290.494283040365 336.434880892436 336.674531300863 294.268031915029 258.532305558523 229.020436604818 220.443189144135 231.096625328064 226.272364457448 225.433309872945 256.465713183085 276.152888933818 282.786627610524 290.734867254893 288.688659667969 278.261284033457 279.025554656982 281.322518984477 277.029732863108 282.341539859772 284.095128377279 287.814021110535 286.952277024587 290.111382802327 290.944695472717 287.408550580343 271.385987599691 270.753761132558 284.408609072367 296.775341033936 293.770094712575 294.452826182048 298.968891302745 302.0099401474 320.514460404714 324.395616849263 255.247036616007 209.681113560994 195.660471916199 188.914616902669 205.784539381663 201.021194458008 206.758042176565 233.964025974274
269.908368587494 297.098259131114 318.932632605235 326.036016146342 351.008017857869 328.675905863444 291.375696659088 251.834690570831 238.689204057058 251.546959082286 245.012799898783 228.724519411723 243.731141090393 274.758756160736 285.312116146088 290.022850036621 290.828227996826 288.69088490804 280.952413876851 282.968779404958 285.173316796621 286.973734696706 290.298660596212 289.324482282003 291.061123212179 297.674556573232 299.390892187754 298.828224341075 289.03208176295 285.50519545873 290.83263874054 295.337776343028 297.171016534169 301.857888698578 304.734985033671 294.011394182841 301.286121209462 334.829648335775 324.54373439153 261.756300926208 211.495439211527 188.72743844986 189.878463745117 205.964624881744 226.978898048401 256.739596525828
304.284771283468 315.874775250753 308.708250522614 301.696340243022 319.537162780762 337.362726529439 328.997810681661 300.779302914937 275.674780209859 276.492019494375 279.395957787832 255.98673025767 245.55104970932 269.877950350444 288.979311784108 290.969630082448 290.290892124176 293.965280056 284.275432427724 282.986700534821 289.211531480153 290.640612443288 290.911893049876 288.203299045563 291.392683982849 298.963268597921 304.749071598053 304.52553431193 298.325220743815 291.884064674377 299.491286277771 303.432981173197 299.972414970398 301.482717196147 305.439949035645 294.96443271637 294.829467932383 311.847905317942 310.353398323059 281.314571698507 250.495433807373 213.343362013499 194.913427035014 201.500236988068 222.976505756378 255.026598771413
300.456086794535 295.326113700867 288.746476173401 278.175095717112 279.043038686117 298.74461889267 317.093153794607 310.988545417786 298.490206400553 297.263979911804 298.365851243337 283.168474833171 268.492817878723 276.425242424011 291.000684102376 291.428943475087 290.869494279226 291.012664635976 285.00767548879 287.661174933116 287.876228491465 287.550409634908 286.406636238098 285.079578558604 288.395404815674 295.062164465586 303.272565205892 302.682558695475 299.172461032867 298.274358113607 304.042875766754 302.902638912201 292.078534762065 289.740025997162 293.446024258931 277.960658073425 275.614480177561 274.445911248525 264.139413833618 264.819939931234 275.513748327891 245.989680290222 219.246327877045 204.108536243439 205.31310637792 229.083657264709
295.433004697164 286.331017812093 292.358120282491 278.894046942393 271.313885847727 282.455007235209 307.014048099518 327.156662940979 319.954772790273 305.667301019033 297.261496384939 293.808460235596 297.265271345774 293.292105197906 294.546643892924 293.719331423442 291.400233904521 290.831983089447 289.285083611806 290.870944658915 286.50023539861 285.96289952596 284.545461336772 285.128871599833 286.869784196218 291.884700457255 299.108783404032 296.043336391449 295.549293359121 302.269617716471 304.708480834961 294.523656368256 279.818952083588 283.664027849833 281.816105047862 265.069166819255 266.335169474284 266.062398751577 269.974331061045 286.770939826965 287.63093551 278.433899084727 254.935503005981 237.628400325775 219.117105007172 209.052940209707
314.006924629211 309.410452842712 318.266193072001 313.447733720144 303.784847259521 307.596524556478 323.065082232157 342.915256818136 334.376732508341 309.58632628123 295.27606566747 300.315817197164 313.244978586833 307.866513729095 303.440769513448 302.158931891123 300.460120042165 292.114893595378 294.861376285553 295.791347821554 290.625850359599 287.631134192149 289.984901746114 291.16153717041 289.815485477448 291.595081488291 291.546821594238 290.377775828044 292.280793190002 302.855014801025 302.309135595957 292.808334032695 281.309803326925 282.31281042099 273.539185523987 268.589774767558 273.857633272807 275.174041589101 285.504142443339 308.639049530029 275.851090749105 263.034502665202 254.938582579295 245.362877845764 227.795481681824 205.903808275859
335.294365882874 333.06493361791 335.31391620636 337.478796641032 328.804274400075 322.722335656484 327.693780263265 341.626365979513 335.872213045756 307.929635047913 298.657198746999 307.29877948761 318.065067132314 309.906999270121 299.745718638102 305.92558781306 305.891354878743 299.409866333008 300.182342529297 300.199230511983 299.537718296051 294.820586840312 293.743073940277 294.177850087484 292.356292406718 289.108018080393 291.935880978902 295.686622460683 296.18227481842 303.01566918691 303.100943565369 295.481145381927 284.144282341003 279.061635335286 269.466916720072 274.219314257304 280.144115289052 280.271271864573 283.167779445648 299.243966738383 263.567050298055 222.502907117208 209.065834681193 202.810684839884 199.953436851501 197.004993756612
344.753821690877 343.101620674133 340.378046035767 341.402212778727 335.219939549764 328.19918791453 326.163609822591 331.955750783284 336.506168047587 316.433231035868 311.45191192627 317.128777503967 316.344738006592 306.662599245707 301.261385281881 305.274605751038 312.445859114329 307.236631711324 302.515129248301 304.756800333659 303.186257680257 299.811720848083 294.60076491038 294.754723707835 295.416633288066 291.709840297699 293.149749437968 298.015216986338 299.641867478689 301.394740740458 303.216675917308 297.479907671611 287.094215552012 271.635154883067 262.516578038534 278.438250223796 287.988285223643 286.246677239736 276.935537656148 288.379510243734 262.808740139008 195.715049902598 165.658265352249 150.421192248662 153.684506813685 161.369343598684
343.996604283651 346.376975377401 347.4174340566 345.572868982951 342.528065045675 338.928858439128 333.984812100728 330.601414044698 332.663476467133 326.635738213857 330.610811710358 326.194723447164 315.081655979156 314.334750175476 308.796187241872 303.214073181152 310.721874237061 311.449488004049 305.0936460495 304.060578346252 303.592960039775 300.179680188497 293.907165527344 294.633587201436 296.19022210439 297.916193803151 296.534379323324 299.154917399089 300.690849622091 302.115658919017 303.424557050069 300.216555595398 282.429794470469 259.941856066386 268.207510312398 291.141152381897 294.095635414124 288.942456245422 272.464056809743 277.352551619212 291.330059369405 239.253640174866 179.354945818583 151.765217383703 142.980605363846 142.533322175344
330.336610476176 334.794799486796 334.583679835002 338.916182518005 344.500223795573 348.905444145203 350.427587827047 349.182883898417 347.396373748779 345.885594685872 336.99377377828 322.522739569346 316.111842791239 315.282881259918 311.843832333883 307.927032311757 308.850864569346 310.169796148936 302.447954813639 301.591455936432 303.734143575033 304.524521032969 303.046226501465 298.059741655986 296.376287937164 297.876576582591 300.364553928375 300.861994425456 302.979946136475 302.579979101817 302.999337514242 300.0395099322 277.074694633484 260.994573434194 284.406304359436 299.630165100098 295.022428035736 290.529151757558 277.681569258372 274.730245272319 307.059327761332 323.8631884257 265.424986680349 210.597654183706 171.208957831065 145.971616109212
