input/barkrak2/radiation/dir15824.grid
NCOLS 85 
NROWS 70 
XLLCORNER 665100 
YLLCORNER 4664600 
CELLSIZE 20 
NODATA_value -9999 
[rows 0 to 19 of 70, columns 0 to 45 of 85]
354.228774706522984 356.627821922302 355.755050977071 350.968718528748 345.156709353129 340.333541234334 332.222779591878 326.009750366211 331.099609533946 329.758008321126 326.5287677447 334.681669871012 341.354767481486 341.184099515279 344.21714146932 354.601224263509 358.615318934123 352.857192357381 337.888280550639 327.884078025818 304.779966672262 298.801362514496 314.874847730001 321.142554283142 318.301141262054 315.621415774028 315.629263718923 307.15799331665 288.43625386556 281.047562758128 280.11147181193 284.361481666565 292.566875616709 298.162778218587 306.378364562988 298.789123694102 295.218467712402 303.218960762024 301.004350185394 303.355813026428 293.458183606466 273.968736330668 284.486552079519 309.792260328929 315.564672152201 306.403795878092
348.027904828389 353.533109029134 354.695518811544 351.550459861755 350.055495897929 345.393856366475 334.19410387675 323.395152886709 326.222896575928 328.08514436086 322.775304317474 329.492886861165 338.446537653605 339.446783065796 338.335712750753 344.236652056376 342.69122282664 342.074036598206 340.436418851217 333.437879880269 317.621012528737 307.841082413991 312.288324038188 317.705849806468 316.150466601054 311.93329890569 311.229169368744 305.74232339859 291.606267293294 281.558036804199 282.533963521322 291.468143463135 288.75466187795 292.287190755208 304.894129435221 296.921193599701 289.867440859477 291.595200697581 287.303606669108 302.448471387227 300.282537937164 287.212789058685 294.566512107849 314.688086509705 320.63086827596 308.938185373942
329.551378885905 330.049713452657 333.815813064575 337.881803512573 343.817313512166 344.894965489705 343.65185101827 339.161554972331 334.670623143514 330.817480882009 322.496513525645 322.766721248627 330.873111883799 333.118498325348 328.741749127706 332.064688205719 335.539023081462 339.571555455526 343.732198079427 339.576164881388 334.424336751302 324.513077735901 315.690735975901 314.113934834798 315.966010093689 315.853913625081 310.420612494151 304.157376289368 292.997419834137 280.704776446025 278.213858604431 290.070633093516 276.924173037211 283.785025278727 299.48087533315 293.840130170186 278.101007143656 270.989259084066 282.773077487946 302.047729492188 304.211974143982 304.417769114176 306.833386421204 321.658829847972 331.96214834849 317.699551582336
313.472052415212 310.561378796895 313.836455345154 315.882722536723 317.735075950623 318.376322587331 321.668187777201 329.207996527354 337.209542592367 339.739203453064 335.926612218221 332.972586154938 332.974473635356 332.334001859029 328.410665194194 321.906526883443 325.370887915293 330.881496270498 337.817907333374 339.731772740682 337.663253148397 334.669748942057 333.034873008728 326.016147931417 323.549687862396 325.305263201396 319.184343020121 310.459613800049 301.705996195475 291.810353597005 281.978865464528 288.672665754954 276.905635992686 283.464868863424 290.745417277018 291.633705298106 284.871935844421 281.590739885966 300.721685091654 314.502497514089 311.939716339111 304.434021313985 300.590395927429 308.72102578481 320.817669232686 322.50718275706
326.923370361328 314.397235711416 303.803404172262 289.173762003581 289.797306060791 302.843828996023 315.854430198669 322.391549746195 328.245898087819 331.953406333923 338.733116785685 343.256910641988 343.322356541951 342.168728510539 340.03214041392 337.062915166219 334.593892097473 330.524345239003 333.243310451508 338.293274243673 337.319175402323 337.1954758962 340.278307596842 334.819833437602 330.029447873433 329.094409942627 323.605974515279 314.643442630768 305.872321128845 300.4549741745 298.663775126139 295.767625172933 288.835883140564 290.892918904622 288.792391618093 292.430500189463 302.757700284322 308.495243390401 318.339765071869 323.8605260849 321.411569913228 313.749035199483 305.545270442963 301.221589247386 306.98299407959 328.068196773529
348.456422487895 333.938002586365 309.440553188324 291.584372520447 283.04523229599 290.42774438858 310.221076011658 321.59960269928 323.800345261892 322.987198829651 329.059064388275 336.113532384237 340.415358543396 341.878096262614 344.155232111613 344.56745783488 340.870896975199 333.209673563639 331.645806630452 334.823807080587 334.612409273783 337.557713190715 342.624545097351 339.883406956991 335.885445276896 334.728876749674 328.05210351944 318.758646647135 308.281521002452 301.376064618429 300.670663515727 296.505192915599 301.017661889394 307.676831881205 301.673034826914 298.943996429443 307.104388872782 314.80207045873 319.228370984395 319.545149803162 320.594946543376 316.831151644389 313.919603824615 312.7627770106 311.721543471018 317.910452683767
351.147850354513 341.303110122681 331.226627031962 317.180375258128 302.11474498113 291.916946570079 298.182805379232 316.947837670644 325.398723284404 330.103715260824 328.554471333822 324.411034584045 321.887751420339 319.616695245107 321.08873128891 329.914510250092 334.204475084941 339.570720990499 340.894381205241 340.573310852051 335.87912718455 331.82022968928 339.186787605286 341.057538986206 339.084347089132 340.383489926656 336.644013722738 328.70477437973 318.327009677887 310.95822652181 305.808126926422 306.391179561615 320.94939549764 327.507535616557 324.461897214254 317.30709473292 315.837581952413 319.74579890569 323.225855827332 328.88787984848 329.081336657206 324.894944826762 320.822775363922 314.652959505717 300.231417020162 293.461441993713
345.969557762146 346.152424812317 344.765106836955 340.039889017741 327.444752057393 305.494944254557 286.705871423086 288.716952006022 314.321239789327 328.88126373291 332.855979601542 330.447097619375 325.515071551005 320.037961006165 311.979552110036 314.349770545959 321.245948473612 330.407460530599 340.549429257711 345.412492752075 343.674182891846 336.896936098735 336.514433224996 340.077598889669 340.308586756388 342.655380566915 341.804226239522 337.455828984578 330.720702807109 326.31661494573 323.114931583405 324.033161004384 333.855946858724 336.962620417277 336.754401524862 332.600076993306 327.051202456156 323.651989301046 317.881266276042 324.854751427968 332.96803633372 336.231112480164 334.859410921733 325.14480749766 308.512469132741 292.3557360967
343.847910563151 344.597895940145 344.767888387044 343.474268913269 338.561773300171 328.670124212901 309.470236301422 287.103533744812 294.49599981308 313.108384609222 326.653917630513 330.713431040446 330.792427062988 329.632977644602 324.626863002777 319.330890973409 317.64163573583 320.624351501465 329.316973686218 337.22452322642 343.444625536601 344.771305720011 342.240730921427 339.77739016215 340.259949366252 343.56423219045 344.571828842163 341.996510823568 339.490572611491 339.734633763631 339.867075284322 338.909228642782 341.591278711955 343.042055765788 340.561946233114 338.199178377787 335.131724675496 326.976676781972 313.065052032471 316.409707069397 331.361889839172 334.602316220601 330.945114294688 326.965928077698 318.015893300374 308.751702308655
334.986130396525 338.846842447917 341.054876645406 340.926210085551 340.002576510112 339.74544207255 333.664735158284 324.047366778056 300.236284732819 293.993989626567 303.760806719462 321.167270342509 332.835157712301 336.84515953064 338.533322016398 335.464557011922 327.32222477595 323.194225629171 323.956271012624 324.749787648519 330.050150553385 333.576718966166 336.170514424642 336.830019950867 338.818947474162 340.885480244954 342.545350392659 341.376940409342 341.058015823364 343.372702598572 343.761046727498 343.724966049194 345.380425453186 346.87352180481 344.84871228536 340.887387593587 339.184761047363 334.388891855876 316.430886586507 312.136650085449 325.158715248108 326.190531253815 324.22403494517 322.698791821798 314.647316932678 305.376013120015
306.018948554993 315.354406833649 322.762171427409 328.147947788239 332.82740910848 336.700479189555 339.051326115926 338.345925013224 322.246511777242 304.094731807709 293.148895104726 299.735903739929 319.416403770447 333.588520685832 339.936176935832 335.646311442057 332.240998744965 329.286575317383 323.495745658875 320.026993751526 320.319712162018 319.078028202057 320.809404055278 327.806850274404 333.231985569 336.580832799276 338.149944941203 337.622761726379 339.362382888794 341.657916704814 342.639366785685 344.31779384613 347.853104273478 349.055528640747 346.784512201945 343.65435441335 342.913071314494 342.170159022013 330.342352390289 317.715108394623 321.379919846853 325.03741979599 326.748092969259 326.582749684652 318.980912367503 310.00143289566
274.772425492605 279.159486293793 286.066631476084 295.761485894521 307.556947072347 318.134526411692 329.608380794525 333.120763301849 333.176990350087 326.689998308818 309.654434521993 292.853554089864 294.512848059336 312.563935915629 329.090595245361 329.579889774323 333.977500597636 333.140631516774 328.15166314443 321.853597958883 317.433714866638 314.124325911204 314.199825127919 320.291678110758 325.017869472504 327.428619066874 328.733245531718 331.11693461736 334.643483161926 336.988528569539 339.123964309692 341.880599657695 345.368027687073 346.230467160543 344.149788220723 343.314091364543 345.112403233846 346.32408618927 343.101263046265 333.104888598124 330.29560248057 333.333273728689 336.34877204895 336.406628290812 330.170591672262 327.766319115957
265.554487705231 261.81960105896 258.914589881897 258.94816716512 264.748672644297 278.79790465037 298.788328965505 314.569413661957 332.627137502034 334.798494974772 328.61069838206 313.82954120636 292.684038480123 290.807624657949 308.991591135661 326.285640398661 334.995826085409 336.103995641073 333.16691716512 328.567862510681 323.187629381816 322.256763776143 321.966270605723 321.706712245941 321.317474047343 320.187946160634 323.055466016134 328.428904215495 330.313960711161 331.163505713145 333.280722300212 336.650689442952 338.311592737834 339.191516240438 339.464426040649 340.850035349528 345.980405807495 348.430673281352 347.569664319356 345.508495966593 343.272606531779 342.495361963908 342.109044392904 341.449419657389 335.332711537679 332.305113474528
260.468681653341 236.00180943807 219.637354214986 214.429994424184 211.839377880096 217.579960823059 236.311594645182 267.258763313293 299.093246459961 323.600967725118 332.774003346761 333.385348320007 323.912978172302 304.024636745453 302.067875862122 320.8935658137 331.303060054779 337.476929028829 340.256611506144 338.220198949178 332.660794258118 330.578605333964 328.675170739492 328.661561012268 327.634871006012 325.023372968038 327.529807885488 332.430164019267 331.343809763591 328.025122483571 331.671198209127 334.051887194316 335.429827372233 335.740447044373 337.183078130086 340.822617212931 343.182961146037 345.107078552246 345.322251319885 345.227718353271 344.964742660522 345.812360445658 346.185406049093 344.120224316915 338.718334833781 334.215402603149
244.129121303558 210.845271746318 188.745141029358 184.633632500966 184.277852376302 188.900609811147 197.10115591685 221.182286739349 247.693717479706 290.082136789958 328.999559084574 342.989285786947 344.664374987284 337.008674939473 319.700916608175 316.660145918528 320.911049842834 330.749928951263 339.45361773173 341.851711273193 340.799530347188 338.07106812795 337.130943934123 335.729559262594 332.777976989746 331.276059150696 333.073099454244 334.220012029012 329.383412996928 327.479243278503 331.029315789541 333.852767944336 333.22153488795 333.409229914347 335.488716761271 337.681452433268 338.962515195211 337.254524230957 338.585058848063 338.439702987671 340.149124463399 343.319535255432 345.282832781474 344.240744908651 339.637319246928 337.585806846619
209.191123644511 184.958199659983 169.319987297058 165.825287501017 181.585570176442 202.944457530975 200.804611047109 208.433429400126 226.800680160522 256.599386533101 300.735155741374 340.61066309611 349.161783854167 348.25070699056 341.021299362183 323.285857836405 314.637700716654 316.447635491689 327.933192253113 341.223835945129 343.83237361908 341.323335965474 342.230359713237 339.781920115153 335.742513338725 335.773746172587 338.364203770955 335.247039794922 330.164531866709 332.566062609355 334.732492764791 334.401488304138 332.834919293721 332.468231519063 331.877509752909 331.512173016866 330.601950486501 328.145305315654 328.437050183614 329.428394635518 332.46390024821 334.583759307861 335.994323094686 335.871934890747 337.192932764689 338.871200879415
184.577862421672 175.543347994486 166.922807693481 157.914141813914 160.762419303258 187.483867009481 204.052329063416 207.19583829244 219.421029090881 233.441869417826 258.124649524689 306.431174278259 345.09023030599 347.069104512533 344.815492630005 341.513395309448 336.155970891317 325.471818447113 318.625768025716 326.595842838287 339.533050855001 342.831611633301 344.293514887492 342.217048009237 338.813702265422 339.730779329936 342.576742172241 339.934150377909 336.462736129761 339.536150296529 340.414444605509 334.791898727417 331.647117932638 329.994877179464 327.171285947164 325.467069943746 322.8786389033 322.126984596252 322.332104047139 323.397219181061 325.318912665049 327.234784762065 327.788313229879 329.345107078552 335.936625798543 339.162429173787
176.032324632009 179.602086544037 180.466612180074 169.56881682078 151.435007651647 161.972254514694 191.751639048258 207.26199944814 225.422183672587 238.485078016917 244.839231173197 273.409008979797 318.946460882823 344.366788864136 347.09902604421 348.108053207397 348.004062970479 343.027551968892 331.35054508845 320.456445217133 328.05077234904 341.300408045451 342.229286829631 340.982794761658 341.201782226562 344.669381777445 346.820036570231 345.0794617335 342.647314071655 344.127416610718 341.655850410461 335.982481638591 332.431058088938 329.055945078532 325.500865777334 323.723673820496 321.459571520487 321.746567885081 321.687817573547 321.959932645162 323.781053225199 324.942688147227 323.835810025533 326.549311478933 333.055913448334 337.963819503784
186.114986737569 196.756720542908 204.75560426712 197.934508323669 175.092418988546 170.995314915975 193.116327126821 210.485637187958 228.779633839925 251.46609544754 259.9116563797 266.967932383219 294.871866703033 327.182173728943 342.898726463318 347.097833951314 347.614685694377 347.142140070597 345.081766446431 336.3223473231 324.351052443186 333.078185717265 337.135752042135 340.149998664856 344.247261683146 347.608327865601 349.004507064819 347.401102383931 343.476057052612 343.120416005452 339.735269546509 335.842808087667 332.823594411214 329.278985659281 327.233672142029 324.648221333822 324.585914611816 321.928779284159 321.375906467438 323.519766330719 325.27627547582 326.295793056488 325.987060864766 326.837599277496 328.008552392324 335.79421043396
200.071771939596 204.707145690918 217.158516248067 231.522679328918 217.523217201233 188.409646352132 188.404818375905 202.481329441071 219.413657983144 242.677708466848 258.555769920349 260.808209578196 276.072978973389 292.664468288422 323.518534501394 340.23646513621 343.167742093404 343.914111455282 344.484090805054 343.887329101562 340.084870656331 332.460502783457 333.175937334696 338.204781214396 343.600670496623 346.808671951294 349.198738733927 347.0618724823 341.54482682546 341.159264246623 337.798039118449 333.016494909922 330.15517393748 329.771041870117 328.321516513824 325.929919878642 324.352542559306 319.309930006663 318.237781524658 323.122978210449 327.410340309143 328.537027041117 329.046845436096 328.983147939046 327.383240063985 332.074066003164
