input/barkrak2/radiation/dir12424.grid
NCOLS 85 
NROWS 70 
XLLCORNER 665100 
YLLCORNER 4664600 
CELLSIZE 20 
NODATA_value -9999 
[rows 0 to 19 of 70, columns 0 to 45 of 85]
315.701067447662012 323.093314965566 327.345172564189 329.459885756175 328.823765118917 326.313296953837 320.304652055105 314.097285270691 317.75023539861 317.694882551829 315.436959266663 320.705473423004 323.461472988129 323.607861995697 325.546463330587 325.281818707784 319.841980934143 313.891311486562 311.974147955577 298.682789007823 282.575925191243 284.204582373301 304.559230804443 311.483025550842 310.176432132721 311.494568983714 309.789339701335 300.89944601059 281.095345815023 276.140093803406 273.043910662333 284.172594547272 304.742614428202 302.501261234283 310.683369636536 301.520307858785 302.052617073059 310.792863368988 302.030563354492 309.821347395579 298.760672410329 287.276367346446 296.854555606842 313.379406929016 315.806925296783 310.213843981425
295.531590779622 304.797808329264 313.995480537415 323.459406693776 327.357014020284 326.762040456136 319.499591986338 312.647541364034 317.613323529561 318.886955579122 313.734849294027 317.797402540843 323.217193285624 324.401259422302 324.187656243642 324.667970339457 322.514891624451 317.732850710551 316.112776597341 305.924614270528 296.597917874654 297.170539697011 307.50697851181 312.397122383118 312.849740187327 311.509191989899 309.3288342158 301.602562268575 284.830411275228 276.314417521159 277.981559435527 293.742438157399 301.559348901113 300.221065680186 310.321271419525 301.122148831685 299.391527970632 302.190085252126 298.435568809509 309.951941172282 306.39511346817 297.33415444692 301.915546258291 315.187493960063 319.109817345937 314.286907513936
264.891584714254 275.872508684794 285.94700495402 294.069012006124 304.774800936381 311.621944109599 315.366268157959 317.634801069895 318.931996822357 316.473007202148 310.675501823425 312.385459740957 321.219166119893 324.358582496643 321.107427279154 324.989279111226 328.285336494446 328.916013240814 324.151635169983 317.285656929016 316.417018572489 313.918391863505 310.840090115865 311.13201379776 313.651204109192 314.188798268636 307.999074459076 299.676954746246 287.885308265686 278.31757068634 279.961049556732 297.76128133138 292.600572109222 297.417799631755 308.282434940338 302.61351664861 292.740126450857 288.691679636637 297.739068667094 309.974789619446 308.211763699849 305.585583051046 303.818106651306 314.066191514333 324.821790059408 319.207350413005
250.409861405691 252.131243546804 257.868071397146 264.360706011454 271.713455518087 275.547782580058 281.134704748789 292.160550753276 305.257797241211 313.80029519399 315.757274627686 319.41811243693 323.905785878499 325.287342071533 323.367695013682 321.378827095032 323.010722796122 323.258459568024 322.178800900777 321.102142333984 319.275498390198 316.458543141683 319.295605023702 316.791971524556 315.191070238749 316.877365112305 312.115947405497 304.092307885488 296.858588854472 290.451467037201 284.030119578044 298.8307873408 292.263130346934 297.390242417653 301.768720149994 303.08465162913 298.573394616445 296.852846940358 307.447175184886 314.77298339208 310.188968976339 301.878571510315 297.021547953288 307.540953159332 319.980343182882 319.544533888499
270.400842030843 255.337436993917 244.520465532939 237.557570139567 240.536749362946 255.305727322896 272.827088832855 281.291921933492 288.511017958323 293.985625108083 307.444790999095 319.453875223796 325.817366441091 327.492356300354 327.681263287862 326.964378356934 323.797106742859 317.088961601257 317.081034183502 319.671312967936 317.652543385824 316.765308380127 322.158396244049 320.240179697673 317.79807806015 319.064259529114 314.82336918513 307.554403940837 300.39918422699 296.40144109726 297.764837741852 305.43851852417 300.630788008372 303.052425384521 300.169249375661 302.827894687653 310.291667779287 313.385864098867 317.655940850576 318.444132804871 316.371480623881 309.472143650055 305.159509181976 305.22342522939 310.144941012065 319.323599338531
305.047293504079 284.821708997091 262.281954288483 240.590075651805 232.718586921692 243.095596631368 265.694657961528 279.507358868917 281.879842281342 282.013515631358 290.311773618062 300.517777601878 306.544363498688 310.993194580078 315.88089466095 319.124658902486 316.622316837311 312.370340029399 313.999493916829 318.232417106628 318.246642748515 321.42698764801 325.778961181641 323.408246040344 321.629802385966 321.661412715912 317.76487827301 311.168769995372 303.562601407369 298.959414164225 303.605457146962 306.504925092061 309.793372948964 313.606321811676 307.989021142324 305.284857749939 311.464468638102 315.421799818675 315.489987532298 315.836151440938 316.092014312744 312.617659568787 310.851792494456 310.766339302063 307.074924310048 302.592237790426
319.228609402974 303.85951201121 288.904309272766 272.074162960052 254.106402397156 241.365373134613 248.521208763123 273.884256680806 284.531056880951 290.965596834819 288.78778219223 284.587820370992 280.48582871755 277.495980262756 279.447615146637 290.586829185486 298.95810286204 309.548477331797 317.851821581523 322.556535402934 321.589152018229 319.532076517741 324.540038903554 325.381755828857 324.68456029892 325.87730884552 323.866625626882 318.612297375997 311.234911282857 308.247148990631 309.321403503418 313.104093074799 322.643001874288 325.825055440267 322.296837965647 315.880517164866 314.444581667582 315.53703546524 316.440383593241 319.350361824036 317.604978879293 313.945253690084 312.366743882497 308.908661206563 294.282873471578 287.859479586283
321.057359377543 316.766063372294 310.926795005798 300.77467362086 283.699889977773 258.383254210154 237.812320391337 238.670408725739 268.768886725108 289.258221785227 294.218063354492 291.001478830973 284.157156944275 276.614566644033 266.286750634511 269.274334112803 279.565612475077 291.409432888031 307.687322298686 318.878650665283 322.424451510112 320.904791355133 323.384980360667 324.713826179504 324.239671230316 325.794438521067 325.531363487244 322.450697422028 318.039735158284 318.244139353434 320.032636324565 322.218199570974 327.912271022797 328.920046488444 325.87327559789 321.910262107849 318.836530049642 314.413547515869 308.023611704508 308.062513669332 313.536445299784 318.757434686025 322.715322176615 319.368839263916 305.931051572164 294.981757799784
316.289166609446 316.905399163564 315.335551897685 310.976505279541 302.37352848053 286.832968393962 262.302001317342 235.492726167043 247.081617514292 268.147567907969 284.685134887695 290.648420651754 291.606803735097 289.711733659108 281.400640805562 275.651514530182 273.461222648621 277.264694372813 287.893017133077 301.072478294373 311.656594276428 318.022886912028 320.241173108419 317.580540974935 318.609913190206 320.956448713938 321.990390618642 320.993045965831 319.857815901438 323.535164197286 326.081534226735 325.450956821442 326.433777809143 326.669096946716 324.346443017324 322.993079821269 320.137063662211 314.175705115 302.057385444641 303.290804227193 318.270484606425 325.875878334045 326.118111610413 322.434842586517 313.232481479645 305.142283439636
297.947287559509 304.694652557373 308.037022749583 308.121740818024 306.23193581899 304.547309875488 293.812533219655 279.419322808584 251.323580741882 243.36979786555 256.021022796631 277.385016282399 293.752193450928 300.297538439433 301.850994427999 296.189347902934 284.645617008209 280.612568060557 280.065635840098 282.848139603933 288.861493269602 294.509033362071 300.265987714132 304.357330004374 309.302588303884 311.872005462646 313.502530256907 313.066105047862 313.479840755463 317.426681518555 318.527102470398 318.863610426585 322.964727878571 325.816829999288 325.089196364085 322.216073671977 320.403297742208 317.761460940043 303.994238376617 304.492473602295 320.09216149648 324.169377485911 322.821418444316 319.40104564031 310.345609982808 302.51932144165
257.123251756032 268.952051798503 279.140472412109 287.18356291453 294.342895348867 300.199786822001 302.291293938955 299.415687719981 278.251926104228 255.130132039388 242.33615398407 249.70535437266 273.634552955627 293.500304222107 303.939759731293 296.442667643229 290.870825449626 285.815020402273 279.407401879628 274.964114030202 275.237202644348 274.404267470042 277.249693870544 287.441253662109 296.437700589498 302.035649617513 303.783933321635 303.61133813858 307.25085735321 310.923457145691 312.398652235667 314.944744110107 321.047107378642 323.468784491221 322.476108868917 320.53530216217 321.167210737864 322.829564412435 315.807660420736 312.576254208883 319.079558054606 322.694500287374 323.669632275899 322.568158308665 315.355896949768 309.548815091451
219.617466131846 224.634846051534 232.069154580434 243.536035219828 257.925589879354 272.211035092672 287.415464719137 292.375604311625 293.252825737 282.700657844543 260.837554931641 241.710126399994 243.981957435608 265.102942784627 286.970615386963 288.910388946533 294.476409753164 291.800936063131 284.28453207016 275.700151920319 270.133594671885 267.63927936554 267.760753631592 274.767200152079 281.700988610586 286.004106203715 288.193821907043 291.604459285736 296.837687492371 300.412118434906 303.285002708435 307.640830675761 312.430322170258 314.391175905863 313.790917396545 313.570181528727 319.016019503276 324.18829202652 324.239095052083 322.559396425883 323.505779107412 325.486083825429 326.463441054026 325.119376182556 320.126593112946 318.027238051097
208.139558633169 203.964749972026 201.739927132924 201.744596163432 209.291895230611 225.175579388936 247.733851273855 267.021497090658 290.903886159261 294.49866215388 285.562296708425 265.965183575948 240.951816240946 237.64173189799 259.065131346385 281.722823778788 294.166147708893 296.131809552511 292.564272880554 284.888843695323 277.668356895447 276.870846748352 276.476800441742 277.254641056061 276.672085126241 275.879979133606 279.48788801829 286.720911661784 289.546072483063 290.68656762441 294.116278489431 298.548539479574 300.182819366455 301.542381445567 303.094387054443 306.741297245026 314.177572727203 320.934255917867 321.742475032806 324.55450296402 324.930349985758 325.059374173482 324.387113253276 324.267983436584 318.877160549164 317.224760850271
202.837626139323 174.74228143692 158.157140016556 152.489006519318 150.848497947057 157.089233398438 177.241563796997 211.456775665283 246.752381324768 277.783711751302 292.090833187103 292.19384988149 277.402301629384 254.83246644338 251.100023587545 273.963352044423 287.992318471273 297.877152760824 302.703738212585 299.365401268005 290.776153405507 288.114706675212 285.441935062408 285.248637199402 284.687161445618 282.124638557434 284.821728865306 291.657507419586 291.03014866511 286.089936892192 290.654341379801 294.998268286387 295.750180880229 296.069045861562 298.737307389577 304.168442885081 308.969616889954 311.690926551819 313.52577606837 314.465622107188 317.016224066416 319.30418809255 322.302440802256 323.461314042409 318.567713101705 317.327936490377
185.74466307958 147.239496310552 124.828318754832 120.593051115672 121.627400318782 126.746614774068 136.263469854991 162.193437417348 190.3049548467 237.801392873128 284.121930599213 305.934528509776 308.899303277334 295.249501864115 274.040003617605 268.97402604421 273.97499481837 286.992430686951 300.393621126811 305.446743965149 304.123361905416 299.568136533101 297.784229119619 295.187671979268 292.014539241791 290.530562400818 292.801817258199 293.833315372467 289.145688215892 285.711030165354 289.18335835139 293.111105759939 293.302098910014 293.384770552317 295.586148897807 298.670808474223 300.189276536306 299.434343973796 301.308532555898 301.581541697184 305.794775485992 311.197539170583 314.12261724472 315.396845340729 313.295642534892 313.621004422506
159.593204657237 132.458448410034 104.894588390986 101.729174455007 117.29238430659 140.395164489746 142.554253339767 151.414444049199 172.398348649343 202.951153119405 248.788992563883 300.59540271759 316.852986812592 315.181930859884 301.186124483744 275.46497186025 265.995462735494 268.290142218272 283.094724019368 302.642246087392 309.893031915029 305.57652314504 306.458592414856 302.04047759374 296.68120543162 297.027806440989 299.534539381663 296.398798624674 291.054050127665 293.48236322403 294.237673282623 293.752412001292 291.487753391266 290.522456169128 291.150609652201 289.759318033854 288.230856259664 284.899870554606 287.121931711833 287.87221511205 291.816035906474 296.402712663015 297.726313273112 298.583447933197 304.902176062266 308.468878269196
140.391965707143 130.19734621048 105.962574481964 93.0724044640859 95.85173924764 121.982018152873 143.139710028966 151.004681984584 169.293383757273 182.730754216512 208.749095598857 259.074628353119 306.085169315338 315.434038639069 312.297562758128 303.237497806549 293.878773848216 280.115405718486 271.577636400859 281.368454297384 300.452907880147 308.712204297384 311.252951622009 307.377020517985 301.986257235209 302.917222181956 306.356946627299 302.952289581299 299.823641777039 304.178516070048 303.941130638123 295.485456784566 290.164212385813 287.260333697001 283.416966597239 282.474517822266 278.00311644872 276.931703090668 277.450978755951 280.316869417826 281.755248705546 284.311612447103 286.704440911611 287.973284721375 300.228377183278 306.262214978536
132.800916830699 134.734054406484 125.13988216718 104.104916254679 88.8317823410034 108.475506305695 135.73940594991 157.902240753174 175.750692685445 189.301292101542 196.93386554718 224.397460619609 258.687118689219 294.640024503072 314.669668674469 316.879431406657 314.351499080658 304.713825384776 288.653314113617 273.688515027364 283.386389414469 303.883234659831 307.198564211528 307.062904040019 307.435095310211 310.969134171804 313.952485720317 312.369883060455 309.760312239329 311.297476291656 306.975305080414 298.301498095195 292.651017506917 286.492943763733 281.473318735758 279.098451137543 277.096311251322 277.302106221517 276.465137799581 278.260926405589 280.526320139567 282.03938404719 281.228979428609 284.696479638418 293.944398562113 302.635709444682
139.877458413442 149.50434366862 152.795602877935 134.253631035487 113.803962866465 126.123110453288 144.685049851735 164.091140031815 185.494820276896 205.57447274526 217.289487520854 221.588571866353 243.414680163066 256.360868612925 275.555769602458 308.367252349854 314.732452233632 313.395758469899 309.467037518819 295.654078324636 278.629581133525 290.02720117569 296.783089637756 303.679664929708 311.038176218669 315.758486588796 318.009972572327 317.732115586599 312.920451164246 311.523715655009 305.940409501394 300.393164157867 294.281800587972 288.274069627126 284.257729848226 280.503789583842 279.886364936829 277.519424756368 276.880840460459 278.824647267659 282.43499994278 283.849974473317 283.44202041626 285.055259863536 286.628782749176 296.610295772552
149.417241414388 153.522839148839 166.490763425827 171.156267325083 158.053815364838 144.279420375824 147.872338692347 160.609026749929 176.107029120127 199.33291276296 215.215027332306 211.912035942078 220.782558123271 232.205231984456 249.124646186829 269.928495089213 286.107500394185 305.108328660329 309.042394161224 307.986001173655 301.217675209045 289.2826795578 290.32568136851 297.912696997325 306.705633799235 313.6172691981 317.601462205251 317.190210024516 310.786684354146 309.890846411387 305.114487806956 298.586487770081 292.823533217112 289.305170377096 286.865770816803 283.168256282806 280.557791392008 272.946079572042 271.391173203786 278.951386610667 283.606092135112 285.286784172058 287.515381971995 286.161422729492 283.949176470439 291.052023569743
