input/barkrak2/radiation/dir14924.grid
NCOLS 85 
NROWS 70 
XLLCORNER 665100 
YLLCORNER 4664600 
CELLSIZE 20 
NODATA_value -9999 
[rows 40 to 59 of 70, columns 0 to 45 of 85]
333.402554194133 334.18345451355 334.137797355652 335.896968841553 340.419371922811 343.389391899109 345.237294832865 347.86053498586 348.606824874878 340.228160222371 331.278165181478 327.847480773926 324.961026509603 324.022352695465 322.039604187012 320.593257745107 318.153262138367 317.600985368093 312.180717786153 310.011327266693 312.777360280355 315.482338269552 315.556625525157 311.377008756002 307.441174983978 305.07504940033 312.23452091217 310.654679934184 311.252395311991 310.799698034922 308.439532915751 306.210259596507 282.612045605977 278.573453426361 300.2610206604 300.653676191966 291.330377260844 290.736039479574 291.209320227305 280.768930912018 289.917051792145 327.774782975515 342.365463574727 294.134457906087 233.261585235596 191.090305646261
337.97824382782 336.292227109273 336.45228544871 337.057669957479 335.086425145467 333.707014719645 333.498120307922 334.099809328715 336.661736170451 331.272641817729 325.567563374837 325.855612754822 327.204326788584 327.56096124649 325.632154941559 323.222418626149 317.347844441732 321.563998858134 320.705930391947 315.690875053406 317.986329396566 318.044662475586 316.531181335449 316.658238569895 316.581726074219 311.844786008199 314.366062482198 314.767519632975 313.796361287435 312.700271606445 312.296986579895 306.7600329717 289.055864016215 289.99000787735 301.299850145976 292.025248209635 277.599215507507 277.217328548431 284.152189890544 289.484878381093 305.179595947266 317.903955777486 328.69565486908 322.557886441549 276.801486810048 228.158235549927
339.605530103048 338.061412175496 339.910546938578 339.335362116496 335.143248240153 333.654840787252 332.829356193542 331.155677636464 331.523517767588 328.631937503815 326.853811740875 325.890004634857 327.54655679067 330.170571804047 327.779491742452 324.840903282166 321.768164634705 324.374636014303 326.320290565491 320.67463795344 318.044404188792 318.025469779968 314.595222473145 315.100034077962 317.120492458344 313.92765045166 308.545072873433 310.728987058004 312.057872613271 311.438341935476 311.101873715719 303.617040316264 295.940339565277 298.920353253682 298.436005910238 281.225641568502 265.861928462982 271.326502164205 285.807649294535 298.408389091492 306.915879249573 305.277188618978 300.371766090393 302.098751068115 283.830066521962 232.795854409536
331.081549326579 332.93354511261 337.922016779582 336.230556170146 337.177594502767 338.375409444173 338.716506958008 336.350719134013 329.783538977305 328.19128036499 330.453932285309 327.377359072367 326.806386311849 328.461527824402 327.952126661936 325.248122215271 326.386610666911 326.868693033854 326.283037662506 323.396682739258 318.898300329844 316.217044989268 313.507656256358 312.339266141256 311.629255612691 313.199480374654 308.540185292562 307.238698005676 309.507489204407 309.132516384125 305.865486462911 298.693716526031 298.959612846375 300.874749819438 289.27876551946 266.554117202759 261.699557304382 275.500655174255 294.483721256256 299.080471197764 298.801163832347 294.654250144958 286.607682704926 282.361129919688 272.249380747477 239.691476027171
331.276853879293 335.099498430888 336.124579111735 335.529009501139 336.646318435669 337.910413742065 337.76847521464 335.755904515584 333.125392595927 330.34340540568 330.612778663635 329.332947731018 326.27546787262 324.607531229655 324.785828590393 324.003159999847 320.595800876617 325.829784075419 326.057215531667 323.589702447255 319.874227046967 317.54736105601 316.154479980469 315.761466821035 311.187366644541 316.365520159404 315.575798352559 312.505046526591 308.757146199544 306.18679523468 300.052603085836 294.98545328776 295.095602671305 291.395445664724 279.572168986003 263.931214809418 265.572945276896 281.613787015279 296.481887499491 294.137994448344 295.144081115723 287.952780723572 275.496423244476 269.046107927958 265.922764937083 252.572119235992
335.382183392843 337.401429812113 335.10688940684 336.656967798869 335.802316665649 335.442264874776 336.338599522909 335.172613461812 335.567831993103 333.40851465861 332.178473472595 331.974446773529 328.32266887029 325.736741224925 324.239154656728 327.030599117279 322.163959344228 323.392927646637 326.014200846354 324.188510576884 321.446518103282 318.567315737406 316.941797733307 314.837455749512 316.363056500753 313.414613405863 316.911061604818 314.346690972646 309.563676516215 306.337575117747 301.306784152985 296.716908613841 293.581128120422 284.909288088481 271.290679772695 257.285137971242 263.092796007792 280.877490838369 288.085182507833 281.14245335261 286.335508028666 278.206825256348 267.036159833272 269.237200419108 277.233858903249 265.480995178223
335.384885470072 335.683504740397 336.423476537069 337.22726504008 336.36752764384 336.48959795634 336.938460667928 337.933699289958 335.720221201579 335.389852523804 334.134141604106 333.853244781494 330.872178077698 329.229950904846 329.216281572978 330.627957979838 327.953060468038 321.712295214335 326.653003692627 323.644320170085 320.879578590393 320.374329884847 318.922996520996 313.727001349131 318.116704622904 311.32439772288 311.23141447703 311.114847660065 309.233566125234 306.273659070333 300.248146057129 297.746181488037 291.984081268311 281.850914160411 269.326587518056 258.859614531199 266.241828600566 279.184381167094 277.584274609884 278.998911380768 285.233060518901 274.348735809326 270.700355370839 277.999977270762 285.715838273366 274.656196435293
331.328829129537 332.830707232157 335.378328959147 335.874239603678 337.494850158691 338.086207707723 336.538592974345 336.168527603149 335.69614092509 337.560137112935 336.210648218791 333.46422513326 332.797904809316 331.996500492096 329.606632391612 329.496125380198 327.985187371572 320.248126983643 323.055863380432 321.849882602692 320.303976535797 318.030099074046 318.826417128245 312.609831492106 312.452534834544 311.744272708893 305.488328138987 306.857943534851 305.265386899312 302.230795224508 300.881445407867 298.43016465505 289.877037207286 286.285519599915 281.021853288015 269.520322481791 271.460473537445 277.594526608785 279.893775780996 287.071744600932 283.958971500397 276.246130466461 278.720060984294 280.102054278056 279.113968213399 269.329428672791
327.064871788025 329.167405764262 331.850270430247 333.059887091319 336.517890294393 338.164766629537 335.777799288432 334.978501001994 337.58266766866 338.19313844045 337.257623672485 335.383017857869 333.849827448527 333.455443382263 330.987493197123 325.760006904602 325.739761193593 318.842768669128 320.831974347432 322.962323824565 319.817344347636 320.121884346008 318.423310915629 312.394519646962 310.138543446859 310.079574584961 306.521952152252 305.814464886983 308.162788550059 309.426685174306 309.332052866618 305.113057295481 295.342663923899 297.316431999207 291.323721408844 275.416970252991 275.5473057429 281.988183657328 285.850485165914 286.58390045166 276.510039965312 273.58337243398 272.719164689382 267.65239238739 265.070915222168 264.589786529541
326.410392920176 324.13907845815 327.274739742279 331.472456455231 334.658821423848 336.127956708272 336.699247360229 338.352799415588 339.330474535624 337.791999181112 338.107307751973 337.447086970011 334.84156926473 332.464655240377 330.48677444458 326.991299788157 324.878056844076 320.995211601257 320.609092712402 321.846167246501 323.585708936055 320.432662963867 315.400342146556 314.010262489319 308.560848236084 308.781425158183 308.310151100159 310.872713724772 313.635468482971 314.085682233175 315.12572367986 312.365591526031 304.100195566813 302.512546380361 294.439832369487 280.472377936045 274.878938992818 281.900823116302 285.888612270355 276.357769966125 265.465438365936 268.600980440776 268.373429775238 262.458205223083 262.030243873596 265.464206536611
326.63905620575 327.969392140706 329.867899417877 333.970189094543 333.69247118632 333.836714426676 338.045557339986 340.037703514099 340.06663163503 339.344104131063 338.51154645284 338.57532342275 335.936864217122 331.535538037618 330.516298611959 331.377446651459 325.792411963145 320.632517337799 318.551123142242 324.316620826721 322.374184926351 317.97182559967 312.543014685313 310.396254062653 306.983987490336 310.59201558431 311.937610308329 311.529258886973 313.577870527903 318.660855293274 318.079094092051 313.429872194926 304.985404014587 302.984078725179 291.204452514648 278.769115606944 275.590896606445 280.148943265279 278.467118740082 265.240569909414 261.895855267843 272.614697615306 272.026002407074 264.016807079315 263.448854287465 258.841474850972
326.655904452006 333.11520020167 333.66596698761 335.267782211304 334.19934908549 333.170413970947 337.415337562561 339.454531669617 338.676532109578 341.182629267375 339.325348536174 337.197383244832 335.065960884094 332.654217878977 329.373995463053 333.825429280599 327.708303928375 317.809959252675 315.370341142019 318.266232808431 316.455781459808 314.559817314148 312.116205692291 308.688680330912 306.198795636495 306.651492913564 309.067686398824 308.86979897817 307.131807009379 310.249050458272 314.16920820872 311.732808748881 299.621363480886 289.215783278147 264.085193475087 252.260227998098 263.895134131114 273.260275522868 272.761146227519 272.542476654053 279.270430405935 280.973315238953 264.81572786967 257.766366004944 265.809734662374 253.195921579997
327.845414479574 327.153166135152 327.359557151794 328.855792681376 332.044760386149 334.963401158651 334.485530853271 336.994568506877 336.975852648417 337.581634521484 336.986382802327 338.031093279521 335.867842038472 332.109729448954 326.914747556051 327.750643094381 324.351668357849 313.679973284404 311.696588993073 309.631248315175 310.94894806544 310.811877250671 310.147921244303 305.333455403646 302.724897861481 300.073464711507 300.527373949687 300.526241461436 299.742956956228 300.22664864858 303.566833337148 305.492838223775 282.948772112529 256.931682427724 230.538884798686 219.725171724955 233.493864536285 258.998930454254 275.886158148448 272.844890753428 273.85675907135 267.850836118062 253.744820753733 256.505608558655 261.460443337758 238.584140936534
330.820659796397 324.571351210276 322.814265886943 325.673043727875 332.204063733419 336.214303970337 335.868120193481 334.988911946615 335.420608520508 335.544188817342 333.714882532756 335.275093714396 336.409250895182 331.696609656016 328.29479376475 324.698130289714 323.069632053375 315.26384751002 311.367889245351 312.287449836731 313.173234462738 307.953159014384 306.183556715647 304.689248402913 300.832013289134 299.164553483327 298.149704933167 297.809024651845 296.201507250468 292.910575866699 286.771516005198 279.004832108815 257.430752118429 233.00955692927 222.991426785787 217.475930849711 209.81244246165 220.409174760183 237.090547879537 258.025030295054 264.533758163452 254.748523235321 250.152945518494 252.356092135111 244.308968385061 224.342147509257
331.872820854187 327.718734741211 325.448671976725 327.316065629323 331.696927547455 335.763295491536 336.560765902201 334.92652575175 335.240761439006 333.223561445872 334.130724271138 332.619706789653 332.452555497487 330.30370871226 326.57261689504 325.311064720154 324.667195479075 318.250874678294 313.672324021657 314.66817855835 314.435680707296 310.877581437429 308.240095774333 306.266148885091 302.686095237732 301.564733187358 299.498677253723 297.166764736176 293.79133383433 287.116169929504 278.015355269114 271.979689598083 250.08221467336 237.046380837758 240.468641122182 242.60950088501 233.77517859141 223.424017429352 213.465412457784 223.641077677409 241.045892238617 234.834909439087 227.879087130229 220.756610234578 216.685612996419 214.326639970144
333.696802457174 332.190771897634 327.975471814473 323.373258113861 327.961802482605 334.747870763143 333.414713541667 332.768658796946 332.409342130025 330.701311429342 334.000706672668 331.934173901876 330.294648806254 330.82793156306 326.741218566895 325.01894235611 324.601709842682 321.898718674978 316.990335782369 315.417508284251 313.895344734192 311.781982580821 310.873945554097 310.48583984375 306.822021802266 304.715752601624 300.383885701497 294.11373535792 286.069671312968 282.38719701767 280.218124389648 277.260680993398 257.576922575633 251.857121785482 256.175001462301 263.173123200734 272.440393765767 267.139156659444 250.177164872487 220.501899719238 219.255924224854 222.994605700175 220.378379027049 217.287381490072 222.576558589935 229.963680108388
333.966175715129 333.540797233582 331.241031487783 325.826446215312 322.316904862722 329.518218835195 332.35772450765 328.99930079778 327.962756156921 329.929292201996 331.73147837321 333.07953675588 330.121298631032 331.30004008611 328.893880049388 324.477732181549 324.980676174164 320.624550183614 316.586077213287 317.415078481038 313.811977704366 314.055601755778 308.189074198405 308.958053588867 306.955238183339 303.796172142029 289.661983648936 270.899256070455 266.368091106415 271.513243516286 279.901385307312 275.441328684489 258.990983168284 252.792616685232 260.437687238057 271.32393916448 287.048975626628 294.180492560069 285.148898760478 251.947681109111 225.558360417684 229.275345802307 238.05711666743 248.350421587626 258.015731970469 262.383619944255
333.370884259542 332.163532574971 331.489086151123 327.522178490957 323.663234710693 323.425451914469 329.519967238108 329.441487789154 325.991590817769 325.687050819397 330.422520637512 331.226030985514 329.229613145192 328.407168388367 328.116198380788 322.033127148946 323.370238145192 320.362786451976 317.061305046082 316.923499107361 316.247880458832 314.656893412272 311.009605725606 306.198596954346 307.599226633708 306.70154094696 290.371477603912 272.192855676015 271.296759446462 278.439621130625 283.026317755381 275.895436604818 265.767614046733 266.847173372904 280.266920725505 283.999542395274 289.378583431244 272.750020027161 243.814865748088 236.232976118724 246.31937344869 256.957074006398 251.894772052765 244.367639223735 245.382746060689 256.778101126353
325.878938039144 329.51408624649 328.741610050201 327.571868896484 320.685664812724 318.479537963867 327.354113260905 329.529643058777 325.140953063965 323.811252911886 328.177034854889 330.401142438253 329.917907714844 324.247082074483 323.950548966726 322.612067063649 318.710207939148 317.785859107971 318.270365397135 318.458179632823 318.274180094401 315.276980400085 313.604613145192 308.926165103912 307.862281799316 309.039811293284 303.622186183929 300.371527671814 296.481966972351 292.867541313171 290.771166483561 280.803521474202 277.29453643163 276.828865210215 273.532668749491 259.125908215841 241.254885991414 204.606970151265 186.363299687703 223.291714986165 260.026037693024 263.587812582652 243.647893269857 237.65907684962 248.370289802551 261.925498644511
317.616562048594 327.02773809433 324.593444665273 321.159263451894 321.930209795634 316.26300017039 320.864081382751 328.754325707753 329.060832659404 323.901017506917 327.779233455658 328.934987386068 328.417877356211 324.975748856862 323.465406894684 323.177595933278 318.366905053457 315.488974253337 312.629739443461 311.085343360901 314.226945241292 312.98557917277 311.772445837657 309.84636147817 309.879819552104 313.349843025208 313.240965207418 317.022681236267 303.611437479655 301.347355047862 291.16286834081 277.574757734935 275.418957074483 258.95102818807 232.397278149923 200.820664564768 189.149856567383 179.908176263173 174.105664094289 197.338322798411 224.409997463226 244.608322779338 245.254476865133 258.390307426453 288.593451182048 297.269225120544
