input/barkrak2/radiation/dir19024.grid
NCOLS 85 
NROWS 70 
XLLCORNER 665100 
YLLCORNER 4664600 
CELLSIZE 20 
NODATA_value -9999 
[rows 40 to 59 of 70, columns 0 to 45 of 85]
336.92193031311 337.629357973735 337.589303652445 339.275201161702 343.482375144958 346.22327486674 348.378499348958 350.284020105998 350.968281428019 344.865759213765 336.488286654154 333.233555157979 329.667468865712 328.788340091705 325.413505236308 324.179331461589 323.171138763428 321.268141269684 317.046741644541 313.613990942637 316.187421480815 318.288226922353 318.76935561498 314.161419868469 310.855229695638 307.835042476654 313.701252142588 313.684562842051 314.102232456207 313.541789849599 312.551657358805 308.403273423513 283.970574537913 279.3195048968 300.350566705068 300.777475039164 291.772842407227 291.622916857402 291.587352752686 280.682563781738 289.378643035889 328.153649965922 345.626632372538 301.315347353617 240.756114323934 196.77213827769
341.224988301595 339.617172876994 339.76952234904 340.384840965271 338.52763970693 337.210933367411 337.040503819784 338.189005851746 340.651830037435 335.612853368123 331.0333887736 330.475866794586 331.715365250905 330.967962741852 329.066077868144 326.624174912771 322.172284126282 326.28854115804 325.33586025238 320.780376593272 321.204304695129 321.249524752299 319.191992282867 319.838265577952 319.312155246735 314.608454704285 316.903154055278 317.096551259359 315.96036752065 316.262145837148 314.837833245595 309.393028418223 290.764391422272 290.748953819275 301.66349808375 293.058812618256 278.481642405192 278.613527615865 285.875161488851 290.820558865865 305.264830589294 317.81933705012 330.091834068298 326.997061570485 283.516407012939 233.672261238098
342.698971430461 341.247955958049 342.999617258708 342.470049858093 338.504870732625 337.125380833944 336.924831072489 336.173295974731 335.856914520264 332.253098487854 331.397751967112 330.557823181152 332.109987735748 333.463470141093 332.299987475077 329.493423302968 326.543013254801 328.984638055166 329.357882340749 325.495839118958 321.25053803126 319.554169972738 317.838986714681 318.231483300527 320.265650749207 316.858251889547 313.553432623545 313.356498877207 314.965049425761 315.672914187113 313.278516133626 306.110958258311 297.715703646342 299.652894337972 298.854072888692 282.112816969554 267.033696174622 272.790431976318 287.627379099528 300.029079119364 308.260182539622 306.433399518331 302.197555700938 305.847485860189 289.479951063792 239.124099413554
335.144797960917 336.463451385498 341.162919998169 339.975118637085 340.410590171814 341.951608657837 342.3885901769 340.285897254944 334.168990453084 332.651138305664 333.909789721171 331.97154601415 331.442773342133 331.741074721018 332.458714644114 329.890092213949 329.583585262299 331.392765045166 330.793897310893 326.539774735769 322.178800900777 319.58262125651 316.909889380137 315.737684567769 316.634555657705 318.001627922058 313.273628552755 312.103231747945 313.771784305573 311.982115109762 308.705270290375 301.105777422587 301.167925198873 302.297552426656 290.205736955007 267.599741617839 262.859622637431 276.776373386383 296.061297257741 300.903042157491 300.716618696849 296.444694201152 288.584391276042 285.731474558512 278.077661991119 247.17777967453
334.981481234233 338.61517906189 340.016563733419 339.802980422974 340.417385101318 341.085950533549 341.46777788798 339.015364646912 337.220271428426 334.709127744039 334.963202476501 333.810408910116 329.729040463765 328.076958656311 328.275005022685 327.437361081441 324.064056078593 329.060614109039 330.603063106537 326.782067616781 324.68318939209 320.906857649485 320.963859558105 318.949739138285 316.182812054952 319.273730119069 320.099612077077 315.254251162211 313.299377759298 310.402015844981 304.14076646169 298.906008402507 297.70831267039 293.655037879944 281.304955482483 265.232821305593 266.688446203868 282.685975233714 297.882119814555 295.876701672872 297.23068078359 289.809346199036 277.323881785075 271.761159102122 270.777702331543 258.935173352559
338.888168334961 341.257969538371 339.564561843872 340.43562412262 339.616457621257 339.296460151672 339.560786883036 339.058399200439 339.496771494548 337.554534276326 337.329626083374 335.26074886322 331.706464290619 329.262475172679 327.753067016602 330.409010251363 325.625379880269 326.715846856435 330.572227636973 327.363769213359 326.156675815582 323.300202687581 321.767608324687 321.472485860189 321.192940076192 318.29567750295 321.374992529551 317.059417565664 313.875198364258 310.469031333923 304.065823554993 299.518704414368 296.148737271627 287.470857302348 273.173272609711 259.157776832581 264.697690804799 282.292942206065 289.743463198344 283.329923947652 288.594722747803 280.56001663208 268.951892852783 271.380801995595 280.680437882741 270.777106285095
338.901519775391 339.678963025411 340.822498003642 340.987284978231 340.633630752563 340.296069780986 340.71151415507 341.626246770223 340.285102526347 338.572899500529 338.271101315816 337.039510409037 335.233171780904 332.584758599599 332.546909650167 333.801507949829 332.507610321045 326.57394806544 331.186970074971 328.257123629252 324.057519435883 325.022180875142 322.007914384206 318.719983100891 320.887605349223 316.23113155365 315.980712572734 315.592964490255 313.559969266256 308.984875679016 304.209272066752 300.506631533305 295.587182044983 284.337878227234 271.790941556295 260.768194993337 268.237471580505 281.149009863536 279.347995917002 280.99000453949 287.616610527039 276.529212792714 272.552013397217 279.678344726562 288.072864214579 278.607587019602
335.631529490153 337.043325106303 339.39254283905 339.743653933207 340.702652931213 341.799775759379 340.389013290405 339.341560999552 339.551130930583 340.608795483907 339.344064394633 337.647914886475 336.052179336548 336.291869481405 334.078669548035 332.72514740626 331.196506818136 325.185457865397 327.7774254481 327.979445457458 323.518395423889 322.790622711182 323.549648125966 317.670563856761 317.404588063558 316.585222880046 310.450971126556 311.525881290436 309.727251529694 307.87859360377 304.743508497874 302.231729030609 292.514165242513 289.452751477559 283.222039540609 270.858248074849 273.103137811025 279.778798421224 281.79403146108 288.820683956146 285.825689633687 278.367578983307 280.541777610779 281.667133172353 280.989289283752 272.015372912089
331.65975411733 332.965632279714 336.131532986959 337.18486626943 339.760144551595 341.284155845642 339.59174156189 338.232040405273 340.701937675476 342.020034790039 340.327660242716 338.572422663371 338.040272394816 337.667902310689 335.359493891398 331.672469774882 330.369432767232 323.824683825175 325.663924217224 327.569325764974 326.076765855153 324.823538462321 323.143482208252 317.377050717672 315.165201822917 314.888695875804 309.447288513184 312.364002068837 314.213236172994 313.326040903727 311.457852522532 308.48757425944 298.723419507345 299.422105153402 292.883594830831 276.291688283284 276.519616444906 283.620357513428 287.699341773987 288.143674532572 278.699457645416 276.039222876231 274.939735730489 269.792457421621 267.2438621521 266.801198323568
331.058144569397 328.924119472504 331.868449846904 335.770885149638 338.722348213196 339.387496312459 340.452233950297 342.053890228271 342.339436213175 340.906580289205 341.911355654399 341.320117314657 338.944395383199 337.794264157613 336.017688115438 331.5323193868 329.529802004496 325.872739156087 325.435042381287 329.692582289378 328.09325059255 325.050473213196 320.207973321279 318.861126899719 313.5666847229 313.583731651306 315.127412478129 315.446575482686 315.873364607493 317.884504795074 318.351229031881 313.680112361908 306.816319624583 305.517772833506 297.006030877431 281.372825304667 275.477508703868 283.064901828766 288.03829352061 278.744657834371 267.465432484945 270.77845732371 270.817796389262 265.060345331828 264.370044072469 267.924348513285
331.218918164571 333.266357580821 334.378321965535 337.44486172994 337.870836257935 337.252060572306 341.19701385498 343.660791714986 343.018134435018 343.077898025513 342.318018277486 342.35934416453 339.931726455688 335.809826850891 336.058855056763 336.891611417135 330.36873737971 325.461268424988 327.145934104919 328.821221987406 326.882839202881 322.633584340413 319.509347279867 317.551811536153 314.204752445221 315.337916215261 316.529015700022 313.800533612569 315.642674763997 318.285365899404 319.382607936859 315.723677476247 307.147880395253 303.383469581604 293.962041536967 280.614952246348 276.462237040202 280.794680118561 279.625157515208 267.310738563538 264.043052991231 275.191724300385 273.837884267171 266.192078590393 265.533745288849 260.948061943054
331.347942352295 336.670120557149 337.965091069539 338.672757148743 337.669014930725 337.353944778442 340.628226598104 343.167185783386 342.446486155192 344.788153966268 343.035777409871 341.938495635986 339.047948519389 336.851914723714 333.784739176432 337.896505991618 332.117676734924 326.558371384939 322.47394323349 323.040048281352 321.198344230652 319.348017374674 319.103240966797 313.700715700785 308.984398841858 309.316694736481 311.551729838053 311.266640822093 311.780989170074 314.570168654124 317.856470743815 312.718907992045 300.560534000397 291.771570841471 267.444868882497 254.959305127462 265.937288602193 274.453898270925 273.44932158788 273.352185885112 280.558943748474 282.710909843445 267.373939355214 259.548803170522 267.637213071187 255.572517712911
332.503279050191 330.988506476084 331.218302249908 332.610766092936 336.292783419291 339.076558748881 338.663458824158 341.674486796061 340.90248743693 342.378377914429 340.841094652812 341.793855031331 340.802431106567 337.513128916423 334.466338157654 332.158784071604 332.069337368011 324.726363023122 316.825985908508 314.748664697011 313.980579376221 315.803647041321 312.980612119039 308.279097080231 307.91715780894 305.320163567861 305.680473645528 303.215463956197 302.37340927124 302.734315395355 305.863539377848 307.222147782644 284.324447313945 259.500781695048 233.892619609833 223.354597886403 237.058500448863 261.862576007843 277.514557043711 273.624102274577 274.566849072774 269.207954406738 255.897561709086 258.754909038544 263.46093416214 240.546186765035
335.273027420044 328.580101331075 326.886653900146 330.428719520569 336.558779080709 341.049194335938 339.968999226888 339.077432950338 340.40637811025 339.603702227275 339.977820714315 339.223941167196 340.221683184306 337.154626846313 332.699338595072 329.223116238912 330.999374389648 322.222014268239 316.46982828776 317.272663116455 316.080411275228 313.056270281474 311.303615570068 307.670593261719 306.109527746836 304.446160793304 303.412655989329 303.011576334635 298.998256524404 295.772870381673 289.824366569519 281.644304593404 260.167002677917 235.199530919393 225.659708182017 221.518158912659 214.534302552541 224.483251571655 240.501662095388 260.305205980937 266.453544298808 256.632546583811 252.047995726267 255.196809768677 245.983560880025 226.322849591573
335.61368783315 332.33505487442 329.386492570241 332.013169924418 337.071339289347 340.795755386353 341.52885278066 339.030345280965 340.316692988078 337.398250897725 339.372952779134 338.024536768595 337.805191675822 338.618834813436 330.994963645935 327.990412712097 329.090058803558 323.038041591644 318.658093611399 319.543937842051 319.248576958974 315.814852714539 313.253402709961 311.346371968587 307.886222998301 306.749622027079 304.709792137146 302.389144897461 299.08428589503 292.298277219137 283.146659533183 274.896562099457 252.180874347687 238.76146475474 242.364764213562 245.247801144918 237.537662188212 227.60134935379 218.540549278259 227.334141731262 244.027018547058 236.942688624064 230.295439561208 223.809659481049 219.602147738139 216.528673966726
337.338924407959 336.537440617879 332.637468973796 329.411784807841 332.644025484721 339.944918950399 339.734117190043 338.031808535258 337.796052296956 338.951428731283 339.406649271647 338.876525561015 335.903445879618 334.904074668884 331.100980440776 329.438050587972 328.976313273112 324.476758639018 321.79594039917 318.168958028158 316.685080528259 316.679994265238 315.779626369476 315.357903639476 311.823725700378 307.372371355693 303.19352944692 297.14689652125 291.379888852437 287.543654441833 285.213748613993 280.052721500397 259.630958239237 253.195504347483 257.284760475159 264.508406321208 274.603247642517 270.732998847961 254.126866658529 224.367956320445 223.068396250407 225.315868854523 222.647309303284 220.201631387075 225.653350353241 232.249776522319
339.322169621785 338.454246520996 336.555600166321 331.699311733246 329.845269521077 335.319439570109 337.73942788442 337.005496025085 333.842913309733 335.809667905172 337.438265482585 337.063272794088 334.240396817525 333.794911702474 331.329703330994 328.933775424957 329.332093397776 325.214703877767 321.360488732656 320.107678572337 318.600873152415 316.668768723806 313.188115755717 311.591883500417 309.62727467219 306.579271952311 292.976021766663 274.699211120605 270.203113555908 275.122324625651 283.155759175618 277.202983697255 261.198381582896 254.464070002238 261.62467400233 272.074421246846 287.968436876933 295.484761397044 286.965429782867 255.095501740774 228.890299797058 231.867134571075 239.92246389389 250.487347443899 260.396420955658 264.157195885976
338.178515434265 337.174296379089 336.87953154246 334.580500920614 329.830646514893 331.174155076345 335.242072741191 335.091630617778 330.591201782227 330.239355564117 334.633429845174 335.272669792175 331.866582234701 332.637826601664 332.314928372701 328.384200731913 325.967411200206 324.965596199036 321.808914343516 319.496691226959 320.914526780446 319.355587164561 315.850098927816 311.225672562917 310.288329919179 309.436996777852 293.559650580088 277.477741241455 277.013997236888 281.85494740804 288.330276807149 280.101080735524 269.016961256663 268.498996893565 281.193951765696 284.500638643901 290.178815523783 276.318450768789 246.265470981598 238.211850325267 248.772303263346 258.966445922852 253.942092259725 247.040390968323 248.4064300855 259.413103262583
331.172108650208 334.871570269267 334.430853525798 333.473920822144 328.756749629974 325.1966436704 334.697604179382 333.871046702067 329.755345980326 328.445116678874 330.804030100505 334.484855333964 332.517147064209 328.712463378906 330.140650272369 327.10462808609 323.398907979329 322.490314642588 320.804218451182 320.904791355133 320.632497469584 317.708909511566 318.287968635559 313.805222511292 312.709232171377 313.333471616109 306.159436702728 304.828425248464 299.165149529775 295.358459154765 293.265382448832 283.219615618388 280.187348524729 277.854402860006 275.567491849263 260.480562845866 242.958625157674 207.442879676819 189.825892448425 226.680139700572 262.726028760274 265.291710694631 244.918445746104 239.494164784749 251.242955525716 264.984905719757
324.666341145833 332.702835400899 331.891417503357 329.124450683594 328.365683555603 321.36332988739 325.708071390788 333.165069421132 333.405574162801 328.439831733704 330.41520913442 331.594824790955 332.589685916901 329.386015733083 327.916423479716 325.834631919861 323.080003261566 320.329129695892 317.568421363831 316.051224867503 316.856821378072 315.593818823497 314.360578854879 314.663946628571 312.352299690247 317.389925320943 317.994157473246 318.730612595876 305.623730023702 303.411066532135 293.489178021749 281.816442807515 278.719544410706 261.980434258779 233.756641546885 202.205181121826 190.830171108246 182.770649592082 177.990059057871 202.16836531957 229.379872481028 247.568011283875 246.61644299825 259.292801221212 289.710203806559 299.247105916341
