input/barkrak2/radiation/dir19924.grid
NCOLS 85 
NROWS 70 
XLLCORNER 665100 
YLLCORNER 4664600 
CELLSIZE 20 
NODATA_value -9999 
[rows 20 to 39 of 70, columns 0 to 45 of 85]
192.104756832123 185.137589772542 200.969974199931 241.122682889303 235.914667447408 192.257920900981 176.528731981913 181.147774060567 196.467896302541 215.925812721252 228.164275487264 234.778304894765 243.98942788442 256.858706474304 271.563649177551 291.664322217305 317.659119764964 324.353158473969 329.565465450287 336.798787117004 339.252670605977 332.027395566305 330.940047899882 332.603772481283 333.725730578105 334.068576494853 336.151679356893 333.266218503316 329.044063886007 328.530152638753 322.569111982981 311.728994051615 302.975138028463 298.802812894185 297.233800093333 302.429258823395 302.632133165995 304.175476233164 308.662255605062 312.639713287354 313.552339871724 312.463343143463 314.63215748469 310.381988684336 313.557048638662 317.117253939311
219.796220461527 218.733568986257 235.936125119527 266.319394111633 263.269782066345 203.584531943003 189.092338085175 189.779877662659 197.195072968801 210.25558312734 220.718801021576 230.959296226501 239.545543988546 240.111072858175 256.12203280131 275.328099727631 291.723628838857 313.476661841075 324.536442756653 332.903762658437 337.008714675903 340.994199117025 342.590649922689 341.803630193075 338.295578956604 333.833535512288 329.938948154449 326.608876387278 325.710296630859 319.608310858409 302.982230981191 274.619261423747 254.474302132924 252.665003140767 259.789109230042 278.388142585754 285.828749338786 300.216138362885 309.734384218852 309.523006280263 307.825565338135 306.950608889262 300.525029500326 287.228802839915 306.462605794271 313.737392425537
259.842197100321 267.178734143575 273.719211419423 283.520102500916 283.496419588725 237.45858669281 210.522095362345 198.579728603363 195.019920667013 204.497079054515 222.320596377055 230.503678321838 244.161446889242 249.319573243459 256.210784117381 267.939249674479 282.026668389638 295.273741086324 311.378379662832 320.04584868749 323.098878065745 332.323551177979 338.027556737264 338.289856910706 335.676074028015 333.539923032125 330.016771952311 319.540441036224 308.979988098145 284.961700439453 248.948295911153 199.262241522471 177.431245644887 195.17461458842 223.133206367493 247.823019822439 265.91686407725 284.710784753164 296.738942464193 299.900492032369 301.900823911031 302.560607592265 281.157076358795 261.566321055094 287.229657173157 312.60073184967
280.484398206075 282.940646012624 282.049556573232 288.31938902537 287.947873274485 270.697116851807 235.23227373759 205.164511998494 190.044283866882 194.311320781708 217.307845751444 232.711672782898 247.412224610647 260.220150152842 261.884649594625 265.90371131897 277.192056179047 291.273971398671 300.469358762105 298.815468947093 306.025604406993 310.517271359762 320.433179537455 325.787901878357 319.234271844228 307.737569014231 294.397612412771 286.044875780741 259.001731872559 217.237830162048 178.874214490255 157.342533270518 126.439263423284 124.526460965474 135.874410470327 172.682086626689 215.653399626414 242.590347925822 259.032408396403 269.078612327576 268.590569496155 254.357616106669 240.477403004964 274.299561977386 272.811472415924 304.724633693695
272.798220316569 274.652858575185 283.022244771322 290.307899316152 281.826337178548 272.522489229838 242.602447668711 222.489476203918 203.837752342224 197.235504786173 211.073279380798 227.643211682638 243.163426717122 255.178471406301 261.367420355479 266.202012697856 275.00840028127 287.844856580098 294.224679470062 292.83618927002 296.245257059733 292.444129784902 291.003962357839 284.355600674947 286.483188470205 285.453915596008 278.493146101634 260.613183180491 231.191655000051 174.076120058695 154.566506544749 152.53292520841 133.368283510208 105.963299671809 97.7078676223755 113.738924264908 158.543050289154 196.773330370585 221.499661604563 235.942761103312 225.963890552521 204.039851824443 225.556135177612 290.864109992981 284.557302792867 305.030564467112
266.609152158101 270.775318145752 282.244046529134 287.179311116536 282.479723294576 272.762934366862 253.810743490855 245.841801166534 236.367722352346 221.444288889567 220.872521400452 241.574943065643 252.041538556417 267.485201358795 270.194907983144 267.729818820953 274.228533109029 284.406065940857 292.507330576579 296.728869279226 294.781804084778 280.029396216075 274.595995744069 276.642739772797 278.560698032379 276.648143927256 264.923214912415 253.982901573181 211.420973141988 182.764232158661 181.077818075816 197.366058826447 200.68746805191 171.05774084727 137.493660052617 122.6613620917 137.632548809052 163.493265708288 196.408331394196 219.182372093201 201.018075148265 191.888153553009 234.635492165883 280.284821987152 297.643979390462 316.281060377757
268.355429172516 270.693341890971 278.572499752045 284.832576910655 295.807798703512 282.550811767578 268.476128578186 258.61918926239 257.814288139343 251.918176809947 244.557082653046 258.387764294942 267.882446448008 280.842781066895 281.072199344635 274.550477663676 277.163545290629 286.807497342428 286.548455556234 291.985253492991 293.506364027659 289.294242858887 282.745083173116 277.390579382579 279.081443945567 275.948564211528 265.692492326101 253.2772620519 218.77521276474 212.795277436574 233.968575795492 257.69712527593 262.418548266093 271.999577681224 247.410416603088 163.997014363607 151.29812558492 161.779135465622 187.587857246399 217.206418514252 210.53953965505 241.602659225464 243.836601575216 257.484157880147 288.878758748372 303.549190362294
272.479255994161 268.827219804128 271.909972031911 281.659344832102 317.163467407227 295.071482658386 274.944086869558 259.570399920146 260.263085365295 269.78991429011 260.903318723043 263.521313667297 274.53225851059 284.150282541911 287.458678086599 284.283995628357 278.191526730855 278.389573097229 287.604113419851 292.792638142904 291.53303305308 281.961639722188 282.312174638112 281.358997027079 283.148328463237 282.669186592102 273.029645284017 264.509995778402 242.625951766968 241.382479667664 264.846940835317 279.413859049479 278.557399908702 292.39155848821 313.504000504812 243.743856747945 180.870095888774 166.51651263237 181.824405988057 212.021231651306 247.836470603943 296.346406141917 254.117409388224 247.768580913544 277.086933453878 285.507579644521
270.042995611827 261.578917503357 265.423933664958 288.076718648275 329.577167828878 294.770618279775 266.335010528564 253.921329975128 258.597016334534 267.447352409363 262.340446313222 260.529975096385 276.487787564596 285.438060760498 287.148674329122 286.725242932638 281.690716743469 275.932411352793 286.967158317566 287.047644456228 286.237200101217 279.51975663503 280.397355556488 285.41358311971 285.14023621877 283.71673822403 281.968653202057 272.398829460144 253.88358036677 249.576926231384 272.021611531576 289.801120758057 288.982073465983 287.640770276388 307.51645565033 305.605848630269 214.507520198822 158.755600452423 148.58748515447 187.164584795634 256.865382194519 277.579406897227 245.018283526103 222.813804944356 245.765229066213 257.357895374298
263.095657030741 253.775775432587 261.98806365331 298.436125119527 326.719184716543 291.058421134949 258.603533109029 240.878919760386 240.018804868062 243.469973405202 242.261290550232 248.133818308512 269.566257794698 283.910234769185 283.235430717468 289.193193117778 286.803205808004 277.078370253245 278.268694877625 280.329505602519 279.149810473124 279.361089070638 282.365739345551 285.914103190104 289.897600809733 285.249491532644 289.478997389476 279.156366984049 259.791354338328 258.304397265116 277.539412180583 295.216461022695 291.014671325684 287.625630696615 296.94128036499 314.455727736155 295.48317193985 219.770550727844 174.736162026723 184.356311957041 220.464487870534 235.227088133494 233.726720015208 206.26703898112 215.043703715007 237.488110860189
251.786629358927 261.507968107859 291.098157564799 336.933851242065 337.403138478597 296.324511369069 259.259978930155 232.373893260956 224.204977353414 234.846035639445 229.987243811289 229.075074195862 262.138704458872 280.032992362976 286.013642946879 291.794717311859 291.902581850688 283.741474151611 282.500267028809 281.251053015391 280.460735162099 285.618523756663 287.286241849263 289.471983909607 289.70475991567 293.90275478363 293.359339237213 288.445591926575 272.296686967214 270.51830291748 283.657491207123 296.094218889872 293.239593505859 293.505787849426 297.73610830307 300.630251566569 320.63239812851 327.278812726339 260.069032510122 215.077996253967 201.149821281433 193.94983847936 210.995137691498 207.943538824717 211.836159229279 239.63197072347
270.398338635763 296.886543432872 317.485590775808 323.92676671346 349.879662195841 329.565087954203 293.665528297424 254.899938901265 241.783837477366 254.589915275574 248.31614891688 229.52655951182 249.289015928904 278.01247437795 288.453221321106 293.054838975271 293.942968050639 291.917443275452 284.367660681407 284.740885098775 286.805212497711 290.172159671783 293.374538421631 290.619413057963 293.821434179942 301.341017087301 302.585959434509 301.246225833893 289.882441361745 285.437146822612 290.168086687724 294.345378875732 296.209394931793 300.7599512736 303.539554278056 292.701721191406 300.149182478587 335.007548332214 327.483713626862 266.678373018901 216.916859149933 193.585515022278 194.906850655874 210.59383948644 233.829061190287 260.783871014913
303.331911563873 313.861886660258 305.631856123606 298.438270886739 316.519677639008 335.691809654236 328.866759936015 300.028860569 277.036090691884 278.082887331645 279.547214508057 258.199950059255 250.654836495717 273.162305355072 290.282209714254 294.014573097229 291.646381219228 295.315901438395 287.668387095133 286.401589711507 290.771961212158 293.809354305267 294.027964274089 292.909979820251 294.230580329895 301.275571187337 307.866036891937 308.188855648041 298.541227976481 291.936715443929 299.136678377787 302.711606025696 299.080948034922 300.767362117767 304.811537265778 294.503053029378 294.140915075938 312.03822294871 312.761624654134 285.658478736877 255.674799283346 217.963496843974 199.16296005249 205.785433451335 227.193017800649 258.694251378377
297.625223795573 291.735967000326 284.966985384623 274.228771527608 274.963955084483 294.935325781504 314.438382784526 309.876441955566 298.612852891286 298.445026079814 299.326419830322 284.252901871999 272.970259189606 278.645575046539 292.64223575592 294.608533382416 292.479952176412 294.260243574778 288.43629360199 289.429664611816 291.231791178385 292.652169863383 289.671222368876 289.923667907715 291.351099809011 298.967142899831 305.359939734141 304.479757944743 300.176362196604 298.563599586487 304.495215415955 302.641113599141 291.701912879944 290.054758389791 293.795426686605 278.659184773763 276.10311905543 275.616765022278 267.03017950058 269.492268562317 280.11300166448 250.055253505707 223.165889581045 210.928320884705 212.273677190145 232.861081759135
291.955828666687 282.366534074148 288.469354311625 274.786055088043 267.094453175863 278.374552726746 303.47204208374 325.196703275045 319.746851921082 306.373914082845 295.802056789398 296.313544114431 298.422873020172 296.027223269145 297.732392946879 295.142809549967 293.333431084951 294.253508249919 291.125814119975 295.66768805186 291.62718852361 291.130900382996 287.833273410797 288.344264030457 289.924840132395 295.897165934245 301.483690738678 298.221111297607 298.052469889323 302.534778912862 304.967125256856 294.663111368815 279.849410057068 284.056882063548 282.548308372498 265.987594922384 267.093221346537 266.948004563649 271.995604038239 290.978848934174 291.611631711324 281.500240166982 258.079667886098 241.198658943176 222.871025403341 212.92507648468
311.017314592997 306.177775065104 315.245946248372 310.438911120097 300.536513328552 304.60512638092 320.466260115306 341.24219417572 333.103060722351 309.867262840271 295.453766981761 302.991271018982 314.811547597249 309.437235196431 303.692400455475 303.583880265554 302.312890688578 294.212381045024 298.16605647405 299.270987510681 295.620123545329 290.961523850759 293.189426263173 294.211447238922 291.70157512029 294.441699981689 295.72582244873 292.796512444814 295.351445674896 304.030040899913 303.064783414205 293.188134829203 281.321148077647 282.216389973958 273.934245109558 269.294301668803 274.49623743693 275.524874528249 286.33318344752 311.923782030741 281.32164478302 268.349270025889 258.339365323385 249.145170052846 231.860756874084 210.220615069071
333.629687627157 331.204573313395 333.460966746012 335.785627365112 326.946457227071 320.772270361582 325.62514146169 339.787522951762 335.277676582336 307.820439338684 298.929174741109 308.560272057851 320.12414932251 312.752942244212 304.376820723216 308.937907218933 310.049811999003 301.598449548086 302.240093549093 303.26106150945 304.271578788757 297.953983147939 294.985254605611 297.149876753489 293.471455574036 292.053441206614 294.588724772135 296.599268913269 299.234390258789 304.570555686951 304.363210995992 295.83603143692 284.152706464132 278.643170992533 269.745389620463 274.586319923401 280.676305294037 280.439913272858 283.364812533061 301.802257696788 268.395702044169 229.0345231692 215.950508912404 209.953506787618 207.188288370768 201.646864414215
344.237724939982 342.18700726827 338.969469070435 339.592417081197 333.757321039836 326.365053653717 323.911348978678 329.596837361654 335.035562515259 315.940499305725 312.008221944173 318.379501501719 317.954818407695 309.746483961741 305.96133073171 308.404604593913 315.214852492015 310.224791367849 307.208100954692 307.683527469635 306.09118938446 301.917592684428 296.720246473948 297.727843125661 297.306060791016 294.589201609294 295.855045318604 300.331652164459 302.647014458974 303.255518277486 304.979840914408 298.050622145335 287.177602450053 271.649579207102 262.812256813049 278.505007425944 288.181245326996 286.273678143819 276.757995287577 289.566457271576 267.880082130432 201.407849788666 173.189461231232 158.641835053762 159.48353211085 167.009790738424
344.569603602091 346.996068954468 347.142140070597 345.209201176961 341.992298762004 337.669531504313 332.037349541982 328.209280967712 330.501914024353 325.702766577403 331.227521101634 329.013466835022 317.921896775564 318.381587664286 311.894694964091 306.478023529053 314.948916435242 314.30192788442 309.731066226959 306.373596191406 306.539277235667 300.65514643987 297.005454699198 297.652204831441 298.209289709727 300.651649634043 296.557366847992 299.074868361155 303.739110628764 304.169058799744 305.035432179769 300.946454207102 282.50793615977 260.143081347148 268.45649878184 290.761351585388 293.934067090352 288.410286108653 272.09460735321 277.12078889211 294.301231702169 245.851119359334 187.007486820221 157.780110836029 150.643805662791 147.64200647672
332.640747229258 335.932572682699 336.665550867716 340.18341700236 345.32888730367 349.271535873413 350.148757298787 348.133047421773 346.48072719574 346.903244654338 340.700586636861 326.113919417063 320.127964019775 317.547261714935 314.874688784281 311.086058616638 312.740047772725 312.558809916178 307.160317897797 304.699679215749 306.22128645579 307.394782702128 305.413047472636 298.570851484935 299.357930819194 299.96645450592 302.968780199687 301.755905151367 303.721268971761 303.227305412292 303.528090318044 301.69423421224 277.409593264262 261.058986186981 284.006555875142 299.132784207662 294.593552748362 289.996087551117 277.190963427226 273.549834887187 306.66975180308 326.852480570475 271.458625793457 217.812736829122 176.6317486763 149.298638105392
