input/barkrak2/radiation/dir17824.grid
NCOLS 85 
NROWS 70 
XLLCORNER 665100 
YLLCORNER 4664600 
CELLSIZE 20 
NODATA_value -9999 
[rows 0 to 19 of 70, columns 0 to 45 of 85]
356.501976648965979 358.413060506185 356.969555219014 351.369023323059 345.093727111816 340.256094932556 332.050740718842 325.927038987478 331.141153971354 329.674919446309 326.382378737132 334.742625554403 341.623663902283 341.424107551575 344.468434651693 355.385820070903 359.873016675313 357.558647791545 341.294209162394 328.765451908112 305.445452531179 299.016038576762 314.867615699768 321.340243021647 317.657748858134 314.528783162435 314.56450621287 306.376993656158 288.226922353109 280.586202939351 279.44012482961 283.305644989014 290.416359901428 296.020567417145 304.342230161031 297.187844912211 293.51015885671 301.194290320079 298.926075299581 301.935036977132 291.973789532979 271.753410498301 282.196720441182 308.742801348368 314.449528853099 304.688990116119
351.098497708638 355.967362721761 357.735554377238 353.171904881795 350.289225578308 345.561623573303 334.526777267456 323.209166526794 325.853447119395 327.775220076243 322.452286879222 329.403658707937 339.165806770325 340.773145357768 339.783787727356 345.841368039449 343.891859054565 342.467784881592 342.488368352254 335.247079531352 318.207780520121 307.672560214996 311.492005983988 316.840747992198 315.116246541341 311.630606651306 310.03741423289 305.693944295247 291.353742281596 280.772467454274 281.923989454905 290.176192919413 286.413550376892 289.855420589447 302.913824717204 295.533239841461 287.950575351715 290.375173091888 287.36158212026 299.325267473857 298.04124434789 285.386681556702 292.962650458018 313.889761765798 320.296764373779 308.383683363597
333.410382270813 333.778659502665 335.936347643534 339.645465215047 345.377604166667 347.573200861613 346.510052680969 340.262373288472 334.813674290975 330.827236175537 322.416504224141 322.557866573334 330.456733703613 332.560817400614 328.578154246012 332.017302513123 335.886796315511 340.465307235718 342.684825261434 340.116580327352 335.339307785034 324.171821276347 315.264383951823 313.664853572845 314.869125684102 314.706921577454 310.195287068685 303.952316443125 292.645613352458 279.999633630117 276.970187822978 288.29558690389 274.73646402359 281.718571980794 297.450502713521 291.94716612498 275.854686896006 268.200874328613 280.13954559962 300.0182112058 302.753766377767 303.300976753235 305.963714917501 321.313858032227 331.141730149587 316.094756126404
320.235212643941 314.830243587494 317.983667055766 321.755568186442 323.171178499858 323.969781398773 324.822624524434 331.188897291819 338.72127532959 341.410597165426 336.828311284383 332.934478918711 332.450807094574 331.600308418274 327.530602614085 321.313858032227 324.25864537557 330.9099872907 337.876598040263 339.186747868856 337.97558148702 334.985852241516 332.943876584371 325.54425795873 323.436617851257 324.685037136078 319.100737571716 309.711138407389 300.858338673909 290.932754675547 280.57861328125 286.70871257782 274.21373128891 280.982295672099 288.596351941427 289.805789788564 283.039788405101 279.818654060364 298.606197039286 313.793460528056 311.181286970774 304.145276546478 299.799958864848 307.709475358327 319.306333859762 321.01180156072
330.722272396088 318.581640720367 307.571570078532 298.30402135849 294.152935345968 305.688321590424 319.567362467448 324.711124102275 330.360035101573 333.922664324443 340.962648391724 344.68936920166 344.310601552327 342.041889826457 338.910222053528 336.549321810404 334.726730982463 330.495516459147 333.766182263692 338.616490364075 338.356971740723 337.702949841817 339.714606602987 334.738334019979 329.821487267812 328.596214453379 323.461055755615 314.308444658915 305.293659369151 299.623648325602 297.635595003764 293.984413146973 286.350687344869 289.17141755422 286.845942338308 290.661017100016 300.802826881409 306.687772274017 317.097405592601 323.048909505208 321.166634559631 313.044647375743 304.461220900218 299.866298834483 305.893103281657 328.198075294495
352.461298306783 339.354912439982 320.226510365804 295.351187388102 287.775715192159 294.980724652608 312.810738881429 325.111329555511 327.145159244537 326.425611972809 331.104815006256 337.865789731344 341.928402582804 344.32057539622 345.22557258606 345.431129137675 341.698447863261 333.868265151978 332.132657368978 335.280497868856 334.845940272013 338.119427363078 343.539794286092 339.913447697957 335.310657819112 334.402322769165 327.959954738617 318.398197491964 307.600438594818 300.443331400553 299.306750297546 294.29042339325 299.94785785675 306.469957033793 300.204714139303 297.193725903829 305.894653002421 313.411136468252 318.309505780538 318.617939949036 319.694797197978 316.000898679097 313.146591186523 311.965743700663 311.074475447337 318.178494771322
353.953758875529 346.02955977122 333.53324731191 321.076174577077 304.946939150492 294.845740000407 301.033814748128 322.051107883453 328.769425551097 332.229892412821 330.736259619395 327.788829803467 325.344999631246 322.016775608063 323.426882425944 331.970651944478 336.915135383606 340.932130813599 341.665148735046 340.883811314901 336.191097895304 331.872979799906 339.623053868612 341.743270556132 339.054743448893 340.300003687541 336.810708045959 328.522880872091 317.761222521464 310.083130995433 304.444213708242 305.081685384115 319.349706172943 326.225658257802 323.912998040517 316.552996635437 315.032223860423 318.898578484853 322.606841723124 328.905900319417 329.296787579854 325.025836626689 320.716182390849 314.353942871094 299.250543117523 292.82279809316
347.233136494954 347.914735476176 347.067356109619 342.097719510396 330.981473128001 311.291575431824 293.126463890076 291.732688744863 316.974838574727 332.181731859843 335.882107416789 332.58714278539 327.848176161448 323.591907819112 314.645071824392 316.943287849426 324.786086877187 333.479166030884 342.058738072713 346.357385317485 344.219247500102 337.087194124858 336.759328842163 340.59735139211 340.884963671366 342.803001403809 341.913501421611 337.50057220459 330.750823020935 325.850327809652 322.140177090963 322.859028975169 332.970499992371 337.162295977275 336.349288622538 332.751075426737 326.862692832947 323.392113049825 317.573924859365 325.212260087331 333.506425221761 336.451172828674 334.453463554382 324.654519557953 307.744860649109 291.00090265274
345.116933186849 346.075932184855 346.896171569824 345.637241999308 341.742793718974 332.917054494222 312.2744957606 290.163159370422 298.989335695903 315.599381923676 328.980167706807 332.92939265569 332.982699076335 331.883490085602 327.076276143392 323.060929775238 321.423649787903 323.036074638367 331.420143445333 340.153137842814 344.776391983032 345.756610234578 342.892130215963 340.805768966675 340.927044550578 344.244400660197 345.225612322489 343.047062555949 340.329567591349 339.85169728597 339.736541112264 338.771065076192 341.56596660614 343.040903409322 340.567827224731 338.582038879395 334.978024164836 326.68807109197 313.030978043874 316.429515679677 331.321179866791 334.048668543498 329.934497674306 326.409816741943 317.4014488856 307.945410410563
337.866266568502 341.133634249369 342.795610427856 342.921733856201 341.783285140991 342.206279436747 336.773951848348 326.473752657572 302.972833315531 296.959022680918 308.007975419362 324.787775675456 335.812528928121 338.755448659261 340.391993522644 337.477485338847 329.652468363444 326.785782972972 326.309998830159 328.333636124929 333.361705144246 335.60315767924 338.017702102661 338.980833689372 340.632875760396 342.690348625183 343.775828679403 342.584490776062 341.810703277588 344.342549641927 345.149874687195 344.573656717936 346.639394760132 347.269376118978 345.133940378825 341.148614883423 339.881141980489 334.93709564209 316.119770208995 311.690767606099 324.411908785502 324.997703234355 322.89731502533 322.033762931824 313.992977142334 304.489175478617
309.14427836736 318.875054518382 326.552708943685 330.589354038239 335.047443707784 338.725288709005 341.028292973836 341.239293416341 325.959622859955 308.39995543162 296.135107676188 302.688558896383 322.030484676361 335.785627365112 341.793179512024 337.745308876038 334.503531455994 331.633985042572 327.139655749003 323.816239833832 322.826107343038 322.689632574717 324.210643768311 330.069382985433 335.79432964325 338.35240205129 339.871009190877 339.340051015218 340.918739636739 343.064069747925 343.955198923747 345.521648724874 348.734935124715 348.97255897522 347.489913304647 344.36039129893 343.124508857727 342.894593874613 330.602169036865 317.053198814392 320.333520571391 323.806862036387 325.562755266825 325.598935286204 318.182349205017 308.921058972677
278.55130036672 282.872577508291 289.668838183085 299.185971419017 310.727477073669 321.738143761953 332.802176475525 336.153268814087 336.251497268677 329.212884108226 312.583764394124 297.418971856435 299.054463704427 315.279364585876 331.471661726634 332.557737827301 336.159030596415 335.368553797404 330.548127492269 324.412604173024 320.152123769124 317.881902058919 317.944407463074 322.898546854655 327.484707037608 330.447236696879 331.035296122233 333.318750063578 336.678862571716 338.902393976847 340.914487838745 344.18789545695 347.593347231547 347.506880760193 346.142649650574 345.131874084473 346.558769543966 347.397764523824 343.378225962321 332.770864168803 329.913834730784 333.06896686554 336.276928583781 335.995395978292 329.830169677734 327.447950839996
269.53931649526 265.857895215352 263.900260130564 263.947208722432 270.667970180511 283.505320549011 303.099532922109 317.444443702698 334.940989812215 337.034662564596 331.091145674388 316.665649414062 295.821249485016 293.961624304454 311.952968438466 328.850169976552 337.231914202372 338.286956151326 336.232264836629 331.945518652598 326.77294810613 324.884295463562 324.605246384939 325.245976448059 324.74031051 323.534746964773 326.32831732432 331.501364707947 332.582374413808 333.400209744771 336.100657780965 339.382370313009 341.091990470886 341.919620831807 341.224034627279 343.257308006287 348.12601407369 349.251985549927 348.318179448446 346.562266349792 343.973914782206 343.11572710673 342.238346735636 341.545184453328 335.751493771871 332.577923933665
265.358726183573 241.223692893982 225.887020428975 220.881919066111 217.442512512207 221.886912981669 240.382810433706 270.877162615458 302.242716153463 326.330820719401 335.146188735962 335.758010546366 326.571146647135 308.38272968928 306.471347808838 324.730118115743 333.663543065389 340.32924969991 342.867533365885 341.023047765096 335.816740989685 333.77734820048 331.959446271261 331.07578754425 330.095191796621 328.223665555318 330.744485060374 335.434277852376 334.255377451579 330.39391040802 333.904981613159 336.980581283569 338.380336761475 337.708155314128 339.086294174194 342.531204223633 345.748027165731 347.454786300659 346.563895543416 346.424500147502 346.735199292501 347.358703613281 346.759597460429 344.478329022725 339.564442634583 334.678570429484
248.297433058421 215.989867846171 194.948375225067 190.341075261434 190.091470877329 193.456987539927 201.350073019663 225.432833035787 249.436140060425 294.758061567942 332.543810208638 344.902873039246 346.466779708862 340.185562769572 323.617835839589 320.671935876211 324.75624481837 333.097398281097 341.488162676493 343.698422114054 343.339522679647 340.812087059021 339.976668357849 338.73196442922 335.034211476644 333.581964174906 336.129347483317 337.203979492188 332.253515720367 330.540021260579 333.292484283447 336.00131670634 336.288928985596 336.510499318441 338.476498921712 339.555780092875 340.742746988932 340.196132659912 341.286301612854 340.181271235148 342.637141545614 345.589478810628 346.409638722738 345.286289850871 341.131607691447 338.784615198771
213.98655573527 189.495205879211 175.356090068817 171.69992129008 187.525570392609 207.305451234182 206.588049729665 211.940129597982 230.03613948822 259.641091028849 305.097301801046 343.668699264526 350.612680117289 349.78445370992 343.035976092021 325.901607672373 318.676908810933 320.441246032715 330.338001251221 343.168298403422 346.143802007039 343.744993209839 344.673156738281 342.446406682332 338.512539863586 337.878306706746 340.380469957987 338.110685348511 332.941253980001 335.387468338013 337.740341822306 336.526910463969 335.029602050781 334.667126337687 335.058172543844 334.707339604696 332.770089308421 330.411851406097 331.679304440816 332.581520080566 334.500233332316 337.531248728434 338.833252588908 337.652921676636 339.348117510478 340.821067492167
188.005646069845 179.335415363312 172.402083873749 164.962977170944 168.456554412842 191.555996735891 207.908471425374 210.51303545634 224.570353825887 238.466997941335 260.678887367249 311.629394690196 347.847938537598 348.565816879272 346.441427866618 343.531052271525 338.369250297546 329.194962978363 322.584827740987 328.985174496969 341.570138931274 345.13529141744 346.487482388814 344.533403714498 341.328700383504 342.259009679159 344.352205594381 341.840028762817 338.459014892578 341.96670850118 343.043128649394 337.709426879883 334.735631942749 332.299749056498 329.581042130788 328.868647416433 326.419830322266 324.602544307709 324.824174245199 326.823929945628 328.732113043467 329.468846321106 331.04407787323 331.422607103984 338.554819424947 341.452360153198
179.982284704844 183.827737967173 185.455818970998 176.333963871002 159.302184979121 167.474190394084 195.037086804708 212.400794029236 227.928280830383 241.002957026164 249.527871608734 275.519152482351 323.961138725281 347.108801205953 349.13965066274 350.022832552592 349.582433700562 344.97348467509 334.804733594259 324.357867240906 330.355008443197 344.107945760091 344.645261764526 343.209187189738 343.410690625509 346.885124842326 348.979830741882 346.600413322449 344.259977340698 345.69255510966 343.405445416768 338.049014409383 335.355003674825 332.262317339579 328.879197438558 326.264023780823 325.01882314682 325.349052747091 325.257579485575 325.478752454122 327.278137207031 327.246765295664 327.279448509216 329.966922601064 334.970076878866 340.598185857137
189.96520837148 200.648864110311 209.128340085348 204.654335975647 184.566775957743 173.843741416931 195.787469546 215.221603711446 233.304540316264 255.808552106222 261.571526527405 271.091997623444 301.034092903137 332.428713639577 345.635771751404 349.279284477234 349.17159875234 348.764816919963 347.644090652466 339.571873346965 328.120708465576 335.30322710673 339.296301205953 342.71772702535 346.458474795024 349.660317103068 350.98926226298 349.181453386943 345.287203788757 344.63890393575 341.487963994344 337.793946266174 335.015296936035 332.324862480164 330.467124780019 328.024288018544 327.091336250305 325.5269130071 324.959377447764 325.972020626068 328.745524088542 329.702337582906 328.266203403473 330.294887224833 331.408401330312 337.559382120768
204.249680042267 208.906610806783 221.232771873474 237.193385759989 224.979877471924 190.911412239075 193.077067534129 204.414149125417 223.747213681539 246.845563252767 260.08411248525 264.972925186157 278.252065181732 298.505524794261 328.368782997131 343.186775843302 345.091104507446 345.771074295044 346.290667851766 346.433599789937 343.15303961436 335.906585057576 335.474570592244 340.315222740173 345.425605773926 349.115610122681 351.272026697795 348.858952522278 343.352476755778 343.019088109334 339.780251185099 335.154136021932 332.34425385793 332.126239935557 331.417500972748 329.196989536285 327.779769897461 321.980893611908 320.928196112315 326.717257499695 330.872734387716 330.80796400706 332.361380259196 332.391301790873 329.521437486013 335.3191614151
