input/barkrak2/radiation/dir17324.grid
NCOLS 85 
NROWS 70 
XLLCORNER 665100 
YLLCORNER 4664600 
CELLSIZE 20 
NODATA_value -9999 
[rows 20 to 39 of 70, columns 0 to 45 of 85]
211.870491504669 205.360551675161 221.733589967092 263.729214668274 259.155174096425 207.589030265808 189.885318279266 196.293969949087 209.251602490743 231.219192345937 244.886140028636 255.305886268616 264.934380849202 276.809791723887 293.42265923818 326.581796010335 336.953481038411 339.935501416524 343.609174092611 349.505027135213 351.380745569865 346.378842989604 345.548272132874 346.958637237549 347.855647404989 347.940603892008 349.51647122701 346.137285232544 341.388781865438 341.082374254862 335.553248723348 325.838923454285 318.645735581716 315.910915533702 314.950108528137 319.153904914856 319.418589274089 321.647902329763 325.995862483978 328.389326731364 329.239408175151 329.256435235341 331.145127614339 326.218406359355 330.140471458435 333.288153012594
236.496567726135 237.812181313833 258.045017719269 288.809140523275 283.044437567393 222.938120365143 202.560007572174 200.815280278524 210.964977741241 224.891463915507 235.357880592346 245.640854040782 255.832970142365 263.504385948181 279.482622941335 295.382718245188 326.901336510976 335.547208786011 340.38503964742 347.424427668254 350.647807121277 353.199402491252 354.213118553162 353.703419367472 351.179361343384 347.874760627747 344.545642534892 341.154456138611 339.78013197581 333.207726478577 317.56055355072 290.972610314687 272.863348325094 272.238790988922 280.127902825673 297.924518585205 304.941872755686 317.381819089254 326.025287310282 326.840281486511 325.278023878733 323.341488838196 318.359315395355 306.22923374176 322.405060132345 330.309768517812
274.30792649587 283.367256323497 293.874363104502 304.053246974945 304.115871588389 256.396532058716 225.347240765889 208.728571732839 205.352226893107 219.659845034281 236.850678920746 244.895815849304 259.412507216136 267.097254594167 274.117887020111 290.678759415944 303.843716780345 327.081481615702 335.291981697083 336.442947387695 339.08208211263 346.689701080322 351.158181826274 350.923697153727 348.449865976969 347.180088361104 343.791405359904 340.642054875692 329.601168632507 311.593413352966 268.917779127757 218.501766522725 199.008544286092 217.279473940531 245.259324709574 269.223014513652 285.412788391113 304.182569185893 315.361857414246 317.065834999084 319.89977757136 320.335288842519 300.077756245931 282.180746396383 305.896917978923 327.832281589508
291.846394538879 296.050071716309 300.300280253092 308.505972226461 308.34706624349 289.817174275716 250.156879425049 218.334873517354 202.963391939799 208.067695299784 233.328998088837 247.570554415385 262.161533037821 279.112080732981 281.282544136047 286.883950233459 298.416097958883 313.69549036026 326.800068219503 325.716217358907 324.329058329264 327.868660291036 336.672902107239 342.406749725342 343.07865301768 338.10289700826 320.352435112 304.692010084788 280.423541863759 235.099494457245 197.250048319499 172.412951787313 148.293703794479 148.849387963613 162.793209155401 199.446499347687 238.063792387644 264.14414246877 279.875556627909 289.45916891098 288.974285125732 274.840156237284 260.633011658986 293.020447095235 290.070156256358 321.953773498535
283.578197161357 286.169807116191 298.611064751943 309.809466203054 301.743229230245 291.787505149841 258.744855721792 234.059194723765 216.417849063873 209.630529085795 225.859224796295 243.027985095978 255.666891733805 274.147709210714 280.763844648997 282.262007395426 294.353266557058 306.863307952881 316.623568534851 318.908274173737 322.061657905579 319.037755330404 327.342788378398 318.190932273865 306.229750315348 301.199654738108 292.203386624654 280.804057916005 248.192985852559 191.400905450185 169.681310653687 167.299667994181 150.430460770925 130.148371060689 122.062395016352 135.753452777863 181.949953238169 219.316144784292 244.123717149099 257.834732532501 247.916599114736 225.580314795176 246.657828489939 308.227479457855 300.042370955149 322.985450426737
278.759062290192 282.622396945953 296.131491661072 306.164463361104 303.402463595072 292.005737622579 267.358620961507 258.363246917725 247.666358947754 232.423742612203 232.826590538025 252.111395200094 267.311731974284 280.440429846446 287.239193916321 286.812682946523 294.971207777659 305.123428503672 311.513702074687 318.681299686432 329.445004463196 318.928241729736 297.921140988668 294.753233591716 295.311252276103 293.126483758291 281.445662180583 267.875035603841 224.415500958761 195.571521917979 194.685697555542 211.71631415685 216.846585273743 194.318056106567 160.782625277837 140.625456968943 157.962063948313 185.925463835398 227.017402648926 241.69401327769 223.443110783895 214.643796284993 254.25120194753 290.897409121195 310.933073361715 334.477504094442
280.853390693665 282.626271247864 291.508078575134 302.252928415934 315.96839427948 300.007224082947 281.393647193909 268.489301204681 266.264081001282 260.755161444346 252.843340237935 270.543793837229 280.993660291036 296.458462874095 297.492126623789 293.532411257426 296.014825503031 305.897176265717 313.507199287415 321.240067481995 318.583488464355 308.570643266042 304.973562558492 299.446066220601 296.598434448242 292.444586753845 280.336598555247 267.712434132894 230.291028817495 224.26966826121 246.508618195852 269.537091255188 273.438890775045 287.038127581279 269.6506579717 184.383869171143 169.211645921071 181.357045968374 208.040515581767 239.696641763051 232.243537902832 263.621985912323 255.657275517782 267.514109611511 303.223490715027 322.261611620585
285.103003184001 281.272828578949 284.635265668233 297.85692691803 334.782838821411 308.011531829834 284.801741441091 266.962011655172 267.383535703023 275.427083174388 271.333336830139 275.006969769796 288.468559583028 299.65353012085 301.477273305257 302.374164263407 302.205920219421 309.604585170746 307.077308495839 310.042957464854 308.543582757314 302.069226900737 300.657550493876 306.191444396973 303.48273118337 299.152751763662 289.19643163681 277.346730232239 251.844545205434 249.99326467514 274.840295314789 289.501448472341 287.34811147054 301.247398058573 329.976975917816 265.185634295146 200.194954872131 187.254985173543 199.387033780416 243.407448132833 269.604722658793 314.24754858017 265.526453653971 259.150743484497 290.915648142497 302.412947018941
282.019873460134 274.455765883128 278.533736864726 304.324686527252 345.931053161621 305.178682009379 274.946947892507 261.620223522186 267.238398392995 275.725642840068 274.004141489665 272.849996884664 289.58934545517 299.266119798024 304.735819498698 309.979399045308 305.29906352361 294.375360012054 304.626305898031 303.17884683609 304.174304008484 299.172818660736 297.823150952657 304.627994696299 308.679640293121 301.062941551208 296.318888664246 286.981205145518 263.039072354635 256.800989309947 279.980858167013 298.344651858012 296.664138635 294.747074445089 317.432403564453 324.59032535553 236.984312534332 179.175078868866 170.92223962148 214.55305814743 278.250634670258 293.769240379333 257.212460041046 236.139913400014 263.26717933019 277.959704399109
274.329443772634 266.781528790792 275.664746761322 314.696987469991 342.579046885173 302.83123254776 268.61043771108 251.236736774445 249.673803647359 256.558299064636 256.010512510935 261.558751265208 283.806443214417 301.108618577321 305.045604705811 306.610147158305 304.680387179057 293.604095776876 294.974168141683 297.175188859304 297.679424285889 299.289186795553 298.505107561747 303.000668684642 306.940674781799 305.884639422099 303.014318148295 292.868574460347 270.723144213359 265.807131926219 284.593105316162 302.752713362376 297.902425130208 294.2769130071 303.230186303457 324.609319368998 315.023263295492 242.380023002625 193.094452222188 201.991359392802 237.317224343618 252.691109975179 251.376191775004 222.179929415385 235.968013604482 263.576050599416
262.228806813558 272.673507531484 302.01788743337 347.658395767212 349.729577700297 307.791113853455 271.065235137939 245.164791742961 238.055308659871 248.979389667511 244.0118988355 242.823819319407 275.999287764231 300.55977900823 306.926608085632 309.052626291911 307.723840077718 298.130929470062 299.220244089762 299.794892470042 299.063583215078 301.829179128011 303.156733512878 305.431365966797 308.364868164062 310.861686865489 311.113715171814 301.218668619792 283.430298169454 278.39720249176 290.015339851379 302.759130795797 300.325175126394 299.371560414632 302.528341611226 305.016736189524 330.226937929789 344.281752904256 280.214567979177 233.266055583954 221.06812397639 211.72155936559 226.729492346446 225.105464458466 232.919096946716 269.418716430664
280.723929405212 305.236081282298 321.908672650655 326.046109199524 355.549653371175 339.04226620992 305.743634700775 267.736474672953 251.962343851725 265.113612016042 261.974453926086 241.991698741913 261.68825229009 293.698847293854 305.650452772776 310.178021589915 309.827764829 307.992577552795 300.984899202983 301.586151123047 303.60879500707 306.040565172831 307.703753312429 308.329145113627 309.841752052307 316.159764925639 318.426191806793 315.316140651703 300.862630208333 294.064402580261 296.915213267008 300.298790136973 301.961461702983 306.000192960103 308.298707008362 296.46889368693 305.450697739919 344.787200291951 344.486912091573 286.410550276438 237.94013261795 210.423767566681 210.876961549123 229.328413804372 253.603895505269 284.202575683594
309.177815914154 316.283822059631 304.115653038025 296.1505651474 315.288603305817 338.347554206848 335.370779037476 308.141867319743 285.657147566477 288.597265879313 290.626009305318 268.591364224752 265.146414438883 288.985411326091 305.60839176178 309.15234486262 307.763000329336 311.187326908112 306.127289930979 303.435544172923 307.413260142008 310.243328412374 308.589080969493 309.111972649892 311.724444230398 318.904201189677 324.048737684886 323.916077613831 310.341735680898 301.06375614802 306.977152824402 309.24650033315 304.916580518087 307.355364163717 311.604658762614 301.769355932872 300.900677839915 321.822901566823 328.929205735524 306.314726670583 277.170340220133 234.905779361725 213.775197664897 223.623394966125 245.225429534912 279.229899247487
296.945055325826 288.170218467712 280.391116937002 269.150733947754 269.482553005219 290.727555751801 313.293357690175 312.953591346741 304.602821667989 307.161172231038 306.015849113464 292.408684889476 284.195999304454 294.905722141266 308.189868927002 306.785464286804 307.255585988363 310.631235440572 302.192012468974 306.39660358429 308.115005493164 309.375544389089 307.812909285227 306.788166364034 310.647586981456 317.139248053233 324.243545532227 321.762979030609 313.36788336436 308.238466580709 312.522212664286 310.616930325826 300.122161706289 300.157427787781 304.509441057841 289.437929789225 286.540786425273 288.161853949229 284.375031789144 290.954967339834 300.366501013438 266.290605068207 237.613300482432 228.584587574005 230.301241079966 252.981225649516
288.865288098653 277.453521887461 283.888379732768 269.226968288422 260.952115058899 272.942662239075 300.236503283183 326.660851637522 325.668493906657 314.303040504456 302.527944246928 301.188309987386 311.079780260722 312.028845151265 310.666779677073 309.744616349538 310.148457686106 306.624154249827 306.797881921132 309.516807397207 308.995028336843 308.610240618388 308.259010314941 308.202465375264 309.425095717112 311.794638633728 316.000680128733 314.858754475911 313.289225101471 313.560903072357 313.913762569427 303.90457312266 288.581629594167 294.185598691305 293.704231580098 277.64755487442 278.270781040192 278.524200121562 286.990523338318 311.404387156169 309.881428877513 295.626322428385 273.699720700582 260.302980740865 242.42889881134 232.988258202871
309.844116369883 304.07186349233 313.960274060567 308.64953994751 298.326174418132 303.306221961975 320.687393347422 344.359834988912 339.737971623739 316.756844520569 301.516433556875 310.32266219457 325.81494251887 323.731780052185 318.415264288584 319.927533467611 314.514915148417 311.381757259369 313.694636027018 316.265006860097 312.832554181417 308.538556098938 308.715144793193 312.454064687093 309.358437856038 310.504873593648 312.520305315654 309.183120727539 311.867237091064 317.055483659108 313.784023125966 303.206562995911 290.092368920644 290.768424669902 284.491976102193 280.327757199605 285.361250241597 285.498877366384 297.937989234924 330.223679542542 298.93434047699 284.377674261729 274.79213476181 266.779164473216 252.667466799418 228.812158107758
337.175329526265 333.8995774587 335.911194483439 338.700930277507 329.586545626322 323.114136854808 327.676514784495 342.642068862915 340.779781341553 313.542405764262 305.257896582286 318.293313185374 331.950088342031 324.214577674866 322.267472743988 322.372237841288 327.514449755351 317.78891881307 319.290359814962 321.264684200287 318.466226259867 315.314034620921 312.273780504862 314.121246337891 310.646156469981 308.345357577006 311.515649159749 312.663714090983 315.180401007334 319.452246030172 315.967520078023 305.749456087748 292.69552230835 286.451756954193 279.354770978292 284.595370292664 291.227777798971 289.808750152588 292.954325675964 318.388303120931 288.827617963155 246.521174907684 235.222021738688 229.690551757812 226.892610390981 220.933556556702
351.249059041341 347.946166992188 342.334787050883 343.419790267944 337.8613392512 329.201022783915 325.3306945165 330.709099769592 338.199615478516 320.915420850118 321.45220041275 330.556174119314 329.408963521322 326.078772544861 322.867969671885 325.444102287292 331.241389115651 327.472368876139 323.406895001729 324.364721775055 322.946588198344 319.055656592051 315.05807240804 314.832409222921 313.512682914734 310.754259427388 311.733563741048 315.343916416168 315.665404001872 318.254371484121 316.685100396474 308.103919029236 296.111861864726 280.288438002268 272.411465644836 287.56328423818 297.660609086355 295.128246148427 284.898658593496 302.286465962728 290.670653184255 223.680516084035 194.330811500549 181.620955467224 181.579947471619 188.776572545369
355.969270070394 358.149449030558 356.472333272298 353.711128234863 349.07599290212 342.711687088013 334.594170252482 329.233487447103 331.750492254893 329.866369565328 340.043385823568 341.066877047221 332.609395186106 335.719982783 328.487614790599 326.3019323349 332.061012585958 331.09712600708 324.826121330261 323.723594347636 322.124481201172 319.830993811289 313.666502634684 314.239144325256 314.417640368144 315.582533677419 312.389115492503 314.361929893494 316.959798336029 316.111246744792 317.826787630717 311.185320218404 291.373133659363 269.336760044098 278.006772200267 299.34298992157 301.835318406423 295.836548010508 279.070953528086 285.198569297791 311.951160430908 269.43584283193 212.053894996643 181.808392206828 169.544259707133 164.118389288584
348.095893859863 350.759784380595 351.117650667826 354.029575983683 357.459187507629 359.280665715535 357.976635297139 354.286829630534 351.892709732056 355.13707002004 352.912942568461 342.477599779765 338.64426612854 334.692001342773 334.025303522746 327.787180741628 330.746293067932 330.536782741547 323.586821556091 322.051843007406 323.875904083252 323.291083176931 320.385197798411 315.399964650472 312.551538149516 313.56684366862 316.236873467763 317.129651705424 318.537354469299 318.523287773132 317.111432552338 312.215069929759 287.107110023499 269.856095314026 291.569809118907 306.041399637858 301.373581091563 297.385334968567 283.752878506978 278.151790301005 314.594070116679 344.041466712952 294.805427392324 240.56621392568 199.227511882782 168.56050491333
