input/barkrak2/radiation/dir18124.grid
NCOLS 85 
NROWS 70 
XLLCORNER 665100 
YLLCORNER 4664600 
CELLSIZE 20 
NODATA_value -9999 
[rows 40 to 59 of 70, columns 0 to 45 of 85]
342.64079729716 343.267798423767 343.233227729797 344.866673151652 348.299344380697 350.855509440104 352.848490079244 355.030179023743 355.693976084391 349.217295646667 342.152833938599 339.011430740356 336.466590563456 333.621581395467 332.250336805979 330.118060112 329.148352146149 327.200253804525 323.123872280121 321.814060211182 321.824332078298 324.529071648916 323.971112569173 318.212250868479 316.040873527527 314.387520154317 318.482438723246 317.45042403539 319.298267364502 318.707525730133 316.715280214945 312.003254890442 287.163515885671 282.218078772227 302.740196386973 303.257683912913 294.35670375824 294.477105140686 294.832189877828 282.924234867096 290.980597337087 330.815196037292 350.848913192749 308.467070261637 248.325943946838 205.871880054474
346.697409947713 345.147013664246 345.292886098226 345.940828323364 344.183484713237 342.912713686625 342.202305793762 343.279639879862 346.216003100077 342.211008071899 337.072809537252 336.486538251241 337.607781092326 336.762030919393 336.141109466553 332.532147566477 328.468104203542 332.184592882792 331.166525681814 324.791550636292 325.25622844696 325.322270393372 325.010975201925 325.214385986328 322.775642077128 320.384760697683 322.483658790588 322.46075073878 320.412695407867 319.955468177795 318.869690100352 312.986155351003 294.706662495931 293.526927630107 304.461578528086 296.003540356954 281.479736169179 282.164732615153 289.745648701986 294.214844703674 307.583332061768 319.991866747538 333.737293879191 333.448966344198 291.029294331868 241.043945153554
348.011136054993 346.641659736633 348.312497138977 347.826679547628 344.053864479065 342.780272165934 342.67262617747 342.014988263448 341.698288917542 338.994940121969 337.392926216125 336.569746335347 338.010509808858 339.255571365356 338.102142016093 335.395812988281 332.505981127421 334.6928358078 334.990898768107 329.613943894704 327.182610829671 325.506210327148 322.457671165466 324.175635973612 325.766245524089 320.56470712026 317.289888858795 318.954249223073 319.80303923289 320.9428191185 317.393740018209 310.24952729543 302.033166090647 302.85914738973 301.819125811259 285.315155982971 270.309547583262 276.376724243164 291.603446006775 303.844491640727 311.875760555267 309.705932935079 306.20288848877 311.578492323558 296.989182631175 247.124393781026
340.488115946452 342.181126276652 346.622904141744 345.080256462097 345.84101041158 347.311774889628 347.793539365133 346.439679463704 340.059955914815 339.385072390238 340.639392534892 337.918957074483 337.369600931803 338.786164919535 336.997111638387 335.769176483154 335.415442784627 335.71203549703 335.022648175557 330.791850884755 326.431433359782 325.520575046539 322.884341080983 321.726739406586 322.622815767924 323.851366837819 317.52614180247 317.923863728841 318.955461184184 317.025403181712 314.103404680888 306.778689225515 306.083420912425 306.386530399323 292.989790439606 270.825922489166 266.120731830597 280.192017555237 299.789269765218 304.736495018005 304.695765177409 300.551374753316 292.724549770355 291.118522485097 285.396158695221 254.453818003337
340.328931808472 343.775192896525 345.114946365356 344.921271006266 345.920920372009 346.98764483134 347.371816635132 345.116416613261 342.917124430339 340.550223986308 340.759634971619 339.670340220133 336.900154749552 334.081967671712 334.280808766683 333.43509833018 330.145875612895 333.462675412496 335.043986638387 332.646906375885 329.148809115092 326.868255933126 325.456341107686 324.935019016266 322.101652622223 326.626181602478 325.621167818705 322.646339734395 320.49693663915 315.956850846608 309.675951798757 304.363310337067 303.002734978994 298.506836096446 284.886320432027 268.589496612549 269.924958546956 285.910169283549 301.284352938334 299.838503201803 301.256696383158 293.978114922841 281.297246615092 276.552557945251 277.393400669098 266.851683457692
344.580888748169 346.803188323975 344.690998395284 346.378405888875 345.161437988281 344.848950703939 345.620393753052 344.610889752706 345.712264378866 343.234618504842 342.155377070109 342.014193534851 337.591369946798 335.267345110575 333.784977595011 335.055748621623 331.676224867503 332.656502723694 335.004289944967 334.657033284505 330.617388089498 330.662886301676 327.702263991038 327.369809150696 325.211882591248 322.158058484395 325.218081474304 322.66628742218 319.46325302124 315.755267937978 309.546152750651 305.017948150635 302.568693955739 293.270746866862 277.786354223887 263.083000977834 268.41010649999 285.862823327382 293.491621812185 287.574867407481 292.985598246257 284.652868906657 272.987802823385 275.625507036845 286.127289136251 277.807354927063
344.61239973704 345.331271489461 346.378087997437 346.473177274068 345.63422203064 345.801591873169 346.165895462036 347.017089525859 345.130721728007 344.966053962708 343.888998031616 342.690865198771 340.985536575317 338.433106740316 337.157646814982 339.534362157186 336.928923924764 332.515438397725 335.570891698201 335.47572294871 331.480125586192 330.882867177327 329.534490903219 326.5061378479 328.514575958252 322.117646535238 321.794132391612 319.620092709859 317.621807257334 315.869232018789 310.646653175354 305.940469106038 299.861490726471 289.958854516347 276.199022928874 264.763792355855 272.317310174306 285.179356733958 283.286929130554 285.122036933899 291.730841000875 280.904352664948 276.523152987162 283.515731493632 292.550524075826 284.487764040629
341.520547866821 342.858950297038 345.583001772563 345.316648483276 346.161603927612 347.221414248149 345.890919367472 345.455368359884 345.052679379781 346.070686976115 344.89901860555 342.353383700053 342.725356419881 340.916156768799 339.834928512573 338.513175646464 338.321288426717 331.202407677968 333.664576212565 333.816210428874 329.453269640605 328.701615333557 329.364736874898 321.690122286479 323.290248711904 322.459439436595 318.250854810079 317.31379032135 316.964725653331 313.379863897959 308.830380439758 307.537019252777 298.742294311523 294.359902540843 286.909778912862 274.320860703786 276.856323083242 284.008344014486 286.066154638926 292.625625928243 289.73267475764 282.702445983887 284.559885660807 285.407185554504 285.024583339691 276.770909627279
337.756633758545 339.65539932251 341.978708902995 343.510826428731 345.919330914815 347.261706988017 345.096508661906 343.809962272644 346.181710561117 346.631050109863 345.804929733276 344.17184193929 342.694997787476 343.28822294871 341.060082117716 337.524255116781 336.23739083608 331.408600012461 331.583221753438 333.372195561727 331.895411014557 330.64075311025 330.649693806966 325.232088565826 323.073705037435 322.577834129333 317.268153031667 318.187296390533 317.995448907216 317.06972916921 317.803104718526 314.579129219055 304.721573988597 303.146302700043 296.285688877106 279.208123683929 279.622654120127 287.625690301259 291.847387949626 292.758742968241 282.908161481221 280.364453792572 279.55029408137 274.054725964864 271.502653757731 271.096607049306
337.187250455221 335.855007171631 337.939143180847 342.275540033976 343.71010462443 344.943443934123 345.905621846517 346.806168556213 347.722172737122 346.393664677938 346.549948056539 346.745252609253 345.449407895406 343.410094579061 341.690301895142 338.58056863149 335.392077763875 331.801851590474 332.954665025075 333.833654721578 335.322022438049 332.466959953308 327.878594398499 326.632459958394 321.519891421 321.344653765361 320.780694484711 318.932175636292 321.183621883392 322.848200798035 322.874108950297 317.857384681702 310.038129488627 308.788299560547 301.248987515767 284.575084845225 278.193732102712 286.100665728251 292.042950789134 282.549818356832 271.755953629812 274.780372778575 275.144318739573 269.45428053538 269.001384576162 272.170861562093
337.331533432007 339.298645655314 339.508136113485 343.216021855672 343.607862790426 342.966000239054 346.660494804382 348.30629825592 348.336696624756 348.418354988098 348.481416702271 347.713669141134 345.414241154989 342.557589213053 342.804074287415 342.414736747742 337.542533874512 333.005686601003 332.862416903178 334.407051404317 334.199984868367 331.977744897207 327.216585477193 323.243578275045 317.846973737081 320.966819922129 319.807092348735 319.234947363536 320.872724056244 323.161085446676 323.78625869751 318.163434664408 310.934821764628 307.690660158793 297.475973765055 284.366130828857 279.378314812978 283.45521291097 283.437530199687 271.184027194977 268.424451351166 279.042184352875 278.557519117991 270.749608675639 269.964277744293 265.489916006724
337.465246518453 343.255996704102 343.719442685445 344.377676645915 343.405485153198 342.405080795288 346.176107724508 348.526954650879 347.825249036153 350.010633468628 348.336617151896 347.26878007253 346.425135930379 342.432975769043 340.778112411499 343.295017878215 339.159806569417 332.258065541585 328.244149684906 332.43183294932 330.610533555349 327.020525932312 322.750687599182 317.293266455332 314.856886863708 315.102616945903 317.178726196289 316.82825088501 317.232131958008 317.419370015462 320.46635945638 316.646734873454 305.10413646698 295.25899887085 271.849890549978 259.879529476166 269.890944163005 277.958552042643 276.521643002828 276.356160640717 284.219523270925 286.205192406972 271.953940391541 263.481895128886 271.298468112946 259.677668412526
338.528315226237 337.071180343628 337.313532829285 338.632106781006 342.108249664307 344.754894574483 344.342311223348 347.151080767314 346.396923065186 347.742398579915 347.960392634074 347.089052200317 346.115589141846 343.001921971639 340.042551358541 339.200297991435 337.633927663167 330.485065778096 326.764206091563 324.649850527445 321.927388509115 319.642762343089 318.841020266215 314.263343811035 313.834071159363 311.283747355143 311.57515446345 311.438918113708 308.183133602142 308.449625968933 311.351557572683 310.328205426534 288.288116455078 264.289657274882 238.794426123301 228.677789370219 242.179910341899 266.330043474833 280.921717484792 277.122338612874 277.581175168355 272.901475429535 260.515729586283 263.3243004481 267.977813879649 244.134267171224
341.215252876282 334.803859392802 333.171645800273 335.708975791931 342.386325200399 346.619208653768 345.574418703715 346.304019292196 346.752127011617 345.111966133118 345.409790674845 346.68505191803 346.528172492981 343.790531158447 341.179172197978 337.964495023092 334.914406140645 329.919179280599 324.436148007711 323.154032230377 321.953356266022 318.977475166321 317.246635754903 313.684086004893 312.101006507874 308.091898759206 307.012438774109 306.570212046305 304.948131243388 301.777164141337 293.713827927907 287.176350752513 265.403648217519 239.147027333577 230.443755785624 226.948459943136 220.189929008484 230.76061407725 246.226827303569 264.403541882833 269.705772399902 260.345955689748 256.303032239278 259.246865908305 250.68453947703 230.060597260793
341.539303461711 338.423411051432 335.558176040649 338.043133417765 342.84774462382 347.159147262573 347.839117050171 344.616611798604 345.780253410339 345.085700352987 345.86763381958 344.621817270915 345.493237177531 342.615286509196 339.682698249817 336.964646975199 332.849065462748 328.735192616781 322.315692901611 325.296998023987 324.982583522797 321.643789609273 316.974679629008 317.203084627787 313.803772131602 310.286045074463 308.248102664948 305.995523929596 302.838583787282 298.380215962728 289.308230082194 279.192765553792 256.47375981013 242.474257946014 246.294776598612 249.878585338593 242.898285388947 234.976251920064 225.847542285919 233.288566271464 248.653829097748 240.787069002787 234.443783760071 228.549559911092 224.704583485921 220.565835634867
343.167861302694 342.423756917318 339.485088984172 336.494207382202 339.633226394653 344.571908315023 346.197764078776 344.588915506999 344.421227773031 344.396948814392 347.138921419779 344.1428343455 343.923091888428 340.229908625285 338.226437568665 334.90526676178 334.420323371887 330.02503712972 325.351337591807 323.919296264648 322.471559047699 320.359865824382 319.295028845469 318.700154622396 315.218329429626 313.172817230225 309.124747912089 303.242325782776 297.499855359395 291.749159495036 289.457201957703 284.281988938649 263.890782992045 256.608744462331 260.45827070872 267.954349517822 279.029846191406 275.354385375977 259.719371795654 230.389316876729 228.433728218079 229.496578375498 226.903001467387 225.025773048401 230.654875437419 236.522714296977
344.534715016683 344.238956769307 342.407464981079 337.677637736003 335.817217826843 342.287580172221 344.368894894918 342.629273732503 342.016696929932 342.696269353231 345.556497573853 342.306733131409 339.611331621806 339.114387830098 336.669047673543 334.432323773702 334.753791491191 330.743114153544 327.003995577494 325.790723164876 324.297904968262 322.343826293945 318.915784358978 317.33900308609 315.415660540263 312.457283337911 299.243569374084 281.287471453349 276.807407538096 279.691060384115 287.463863690694 282.722115516663 265.566190083822 258.185227711995 264.906009038289 274.948596954346 290.860871473948 300.246139367421 291.326145331065 260.012447834015 234.24235979716 236.579358577728 243.814667065938 254.67449426651 264.923652013143 268.081784248352
344.478885332743 343.03085009257 343.522628148397 341.429273287455 337.02290058136 338.311513264974 343.218406041463 341.913938522339 339.248657226562 339.138428370158 339.950203895569 342.01721350352 338.83531888326 338.016668955485 337.616046269735 332.156757513682 333.342313766479 328.566710154216 327.439665794373 327.205777168274 326.463917891185 324.88759358724 321.495056152344 317.019899686178 316.074053446452 315.160393714905 299.500902493795 282.338678836823 281.591256459554 288.26242685318 292.277117570241 284.220337867737 273.360947767893 272.353927294413 284.419000148773 287.426590919495 292.874395847321 281.736791133881 250.039279460907 242.217342058818 253.372629483541 262.805302937826 257.636825243632 251.878460248311 253.418644269307 264.144698778788
337.88005510966 342.231472333272 341.282208760579 340.430776278178 337.358792622884 334.148605664571 340.376893679301 342.086990674337 335.408886273702 333.992123603821 338.004112243652 339.84120686849 337.925513585409 334.239641825358 335.602005322774 332.672397295634 329.076170921326 328.09978723526 326.374371846517 326.411823431651 326.078772544861 323.243459065755 321.614384651184 317.217985788981 318.391640981038 318.80509853363 311.480104923248 308.823307355245 304.90122238795 303.616642951965 296.633243560791 286.893268426259 283.341407775879 281.199336051941 279.033144315084 266.869902610779 246.280610561371 212.01233069102 195.245305697123 231.890022754669 267.884314060211 268.771747748057 248.091002305349 243.340035279592 256.138384342194 270.180026690165
331.063787142436 338.724454243978 338.937918345133 337.657491366069 335.754116376241 330.829878648122 333.360195159912 338.783383369446 338.796615600586 333.8276942571 335.902372996012 338.573336601257 337.995926539103 334.888537724813 333.427866299947 331.402977307638 326.829274495443 325.999895731608 323.275148868561 321.805159250895 322.539528210958 321.273267269135 320.034503936768 318.094472090403 317.961891492208 322.63320684433 322.670936584473 325.577219327291 310.965180397034 306.124846140544 298.947970072428 285.425066947937 284.924626350403 265.271226565043 238.454262415568 208.816627661387 194.60125764211 187.421381473541 183.481891949972 208.517750104268 235.757231712341 252.337535222371 250.162204106649 262.292842070262 293.021738529205 302.79020468394
