input/barkrak2/radiation/dir12924.grid
NCOLS 85 
NROWS 70 
XLLCORNER 665100 
YLLCORNER 4664600 
CELLSIZE 20 
NODATA_value -9999 
[rows 0 to 19 of 70, columns 0 to 45 of 85]
324.510375658671023 329.615712165833 333.806753158569 336.083968480428 332.20507701238 329.644580682119 323.424021402995 317.180375258128 321.129063765208 320.83664337794 318.267405033112 323.903938134511 327.840805053711 327.92325814565 329.318483670553 331.921219825745 325.543920199076 318.177342414856 316.038390000661 305.368999640147 287.713785966237 287.739813327789 307.449817657471 314.619700113932 312.958121299744 313.769559065501 312.349637349447 302.873412768046 282.856941223145 277.98068523407 275.290687878927 284.844557444255 302.95209089915 305.481811364492 310.681343078613 301.828225453695 301.34658018748 310.778896013896 301.168282826742 308.491388956706 298.632979393005 285.25565067927 294.71492767334 312.604586283366 316.891551017761 310.688058535258
308.721443017324 316.246072451274 319.868981838226 326.909224192301 331.400116284688 330.469608306885 323.201338450114 315.516034762065 319.947520891825 321.23464345932 316.254576047262 320.583025614421 326.575438181559 327.735841274261 327.528317769368 329.766650994619 328.336437543233 324.18151696523 321.442405382792 311.530947685242 301.105936368306 300.002952416738 309.100528558095 314.561565717061 314.245283603668 313.248991966248 311.30588054657 302.614470322927 287.14923063914 278.184354305267 279.359380404154 293.937563896179 299.458762009939 299.292047818502 310.130437215169 301.176448663076 298.154731591543 300.037125746409 294.780830542247 308.660387992859 305.869738260905 295.950412750244 301.092783610026 315.716048081716 320.191542307536 314.227004845937
277.459661165873 283.974687258403 293.671647707621 302.823603153229 311.623732248942 317.140857378642 320.73179880778 322.429974873861 322.882374127706 320.138931274414 313.569923241933 315.120100975037 323.471446832021 326.236466566722 323.030670483907 326.600233713786 330.522418022156 332.098603248596 328.601042429606 322.997887929281 321.125547091166 316.944320996602 312.732954819997 312.572161356608 314.877351125081 315.472503503164 309.410035610199 300.648589928945 289.351304372152 279.152711232503 280.130585034688 296.882530053457 290.43972492218 295.904835065206 307.047526041667 301.510691642761 290.424128373464 284.72896416982 294.121424357096 308.800121148427 307.503541310628 306.336561838786 305.239458878835 316.04661544164 325.947225093842 319.693843523661
259.419878323873 261.176685492198 268.272240956624 273.025612036387 280.472596486409 285.292267799377 290.445387363434 300.62860250473 312.186598777771 319.696267445882 320.488969484965 322.837511698405 326.739251613617 327.332238356272 325.019896030426 321.627457936605 323.634664217631 325.238446394602 326.084613800049 324.996054172516 323.236306508382 320.716341336568 322.251955668132 318.868438402812 317.486882209778 319.166620572408 314.121504624685 305.862387021383 298.254370689392 291.16545120875 284.000714619954 297.46675491333 290.362358093262 295.012593269348 300.125857194265 300.868233044942 296.354333559672 293.603837490082 307.256956895192 315.058012803396 310.194551944733 303.099036216736 298.571805159251 308.43444665273 320.317109425863 321.833709875743
278.859178225199 264.179408550262 253.730595111847 247.118592262268 251.609365145365 264.880021413167 281.826913356781 289.942860603333 297.508041063945 302.596628665924 314.772566159566 325.25893052419 330.068429311117 331.719140211741 331.264813741048 329.476038614909 326.617399851481 320.520182450612 320.841828982035 324.005484580994 322.305937608083 321.168303489685 326.229373613993 323.545356591543 320.280929406484 320.819179217021 316.942751407623 309.37651793162 302.318692207336 297.674179077148 298.670987288157 304.445008436839 298.502246538798 300.414661566416 298.178454240163 301.098306973775 309.382379055023 312.862396240234 318.34352016449 320.404946804047 318.349957466125 311.187307039897 306.029419104258 305.021663506826 309.993624687195 321.483651796977
312.282661596934 293.265382448832 271.63298924764 251.71834230423 242.67856280009 252.823074658712 274.948000907898 288.353562355042 290.510018666585 290.635228157043 298.498729864756 308.110296726227 314.466257890065 318.559964497884 322.833657264709 324.777603149414 322.339216868083 317.204197247823 318.156560262044 322.277287642161 322.241683801015 325.548907121023 330.419699350993 327.753762404124 324.898302555084 325.047751267751 320.079227288564 313.533365726471 305.311103661855 299.969514211019 303.680777549744 305.606842041016 308.492660522461 312.80529499054 307.70883957545 304.887076218923 311.220427354177 316.348016262054 317.137201627096 317.174434661865 317.903578281403 314.020276069641 312.011182308197 312.111477057139 308.422207832336 306.223114331563
326.193074385325 311.454176902771 297.363122304281 281.200210253398 263.706525166829 252.450128396352 258.069773515065 282.874961694082 293.146669864655 299.24996693929 297.188758850098 293.209870656331 289.194226264954 286.330699920654 288.185238838196 299.532890319824 307.147661844889 316.385785738627 322.990318139394 326.708952585856 325.096229712168 322.652657826742 328.104237715403 329.255640506744 328.297098477681 329.281548659007 326.85116926829 321.423093477885 313.41689825058 309.492150942485 309.296766916911 312.352399031321 321.82768980662 325.870255629222 322.719951470693 316.619177659353 315.238098303477 316.783428192139 318.234006563822 321.467975775401 320.089081923167 316.392799218496 314.565241336823 311.157504717509 296.399553616842 289.730270703634
326.754609743754 323.384126027425 318.490703900655 309.296826521556 293.319702148438 267.821590105693 248.952865600586 249.870220820109 278.960923353831 297.625442345937 302.972853183746 299.855808417002 293.370842933655 286.288698514303 276.504039764404 278.40514977773 288.316826025645 300.237754980723 315.261463324229 325.182557106018 327.568689982096 324.841598669688 326.873421669006 328.73143752416 328.382770220439 330.191254615784 329.408963521322 326.281011104584 321.290810902913 320.565581321716 321.526209513346 323.591073354085 329.712828000387 330.561916033427 328.690091768901 325.106581052144 321.052670478821 317.069431145986 310.793181260427 312.052667140961 317.973653475444 322.998563448588 325.921595096588 320.691366990407 307.385345300039 295.249144236247
322.425484657288 323.077241579692 321.943720181783 318.211336930593 310.458282629649 295.450687408447 271.819432576497 246.754765510559 257.952332496643 278.413494427999 293.281296888987 299.412767092387 300.147652626038 298.403163750966 290.837327639262 285.530189673106 283.430457115173 286.071101824443 297.146260738373 309.529463450114 319.146891434987 324.335892995199 325.161039829254 322.574734687805 323.492586612701 325.978179772695 326.99050505956 325.809280077616 324.416478474935 327.650169531504 329.824606577555 329.098582267761 330.471575260162 330.922027428945 328.423778216044 326.88041528066 323.909342288971 316.96879863739 305.078625679016 306.554893652598 321.566482385 328.626950581868 328.212320804596 324.285387992859 314.549068609873 306.43896261851
305.990656216939 312.203089396159 315.250436464945 315.343896547953 313.643614451091 312.417248884837 302.756826082865 288.177808125814 262.121876080831 254.437168439229 266.717553138733 286.329547564189 301.881472269694 308.359424273173 309.999267260234 304.923176765442 294.040044148763 290.26718934377 288.69225581487 291.342477003733 298.041502634684 303.166349728902 308.202425638835 311.653037865957 315.686186154683 318.135579427083 319.744050502777 319.197277228038 319.417695204417 323.321024576823 324.385046958923 324.643552303314 328.453898429871 331.126729647319 329.974929491679 326.73454284668 324.945986270905 321.935653686523 306.689163049062 306.66442712148 321.694056193034 325.079023838043 324.135899543762 321.013669172923 312.102735042572 303.641120592753
267.539978027344 278.88302008311 288.501302401225 295.998732248942 302.667419115702 308.149178822835 310.357689857483 307.335694630941 287.202040354411 265.86393515269 253.437320391337 260.610202948252 282.692432403564 301.656603813171 311.378161112467 304.921249548594 299.780110518138 295.177896817525 289.148171742757 283.789118131002 284.123460451762 284.160176912944 286.710222562154 296.241561571757 304.502805074056 309.661348660787 310.925443967183 310.713569323222 314.008553822835 317.39874680837 319.139003753662 321.535428365072 327.189723650614 329.398373762767 327.609340349833 325.543085734049 326.195279757182 327.459235986074 319.496949513753 314.276317755381 320.375820000966 324.077089627584 325.205047925313 323.749581972758 316.59726301829 310.36651134491
230.557978153229 235.470275084178 243.294696013133 254.434545834859 268.340786298116 282.073398431142 296.579003334045 301.260670026143 301.540851593018 291.528483231862 270.459751288096 252.844969431559 255.039215087891 275.497913360596 295.49237092336 297.265787919362 302.564362684886 300.720314184825 293.716271718343 285.589317480723 280.21377325058 276.928047339122 277.04926331838 284.479677677155 290.963053703308 294.870754082998 296.881993611654 300.099968910217 304.50842777888 307.848234971364 311.001658439636 315.199156602224 319.785277048747 321.529984474182 320.07372379303 320.247650146484 324.993828932444 329.422732194265 328.795850276947 325.442274411519 325.333754221598 327.976703643799 329.357246557872 328.251262505849 322.938183943431 320.710023244222
219.980915387472 215.881923834483 213.027517000834 213.026940822601 220.431844393412 235.969801743825 258.663872877757 277.29070186615 300.052384535472 303.317964076996 294.927636782328 275.420924027761 250.970065593719 248.885114987691 269.647538661957 291.240115960439 302.305320898692 304.146230220795 300.803303718567 294.278681278229 287.403265635173 286.545594533284 286.170363426208 286.154945691427 286.184430122375 285.294274489085 288.77317905426 295.663456122081 298.30531279246 298.794368902842 302.596569061279 306.851824124654 308.528741200765 309.797247250875 310.337424278259 313.709537188212 321.344097455343 327.268481254578 326.944132645925 329.020380973816 329.430321852366 329.412738482157 328.761577606201 327.942530314128 322.921435038249 320.782721042633
214.672287305196 188.217500845591 171.70117298762 166.177461544673 163.504759470622 168.76475016276 188.634037971497 222.22634156545 257.81261920929 287.519991397858 300.791164239248 301.014522711436 287.337402502696 264.330168565114 261.960327625275 284.027318159739 297.31563727061 306.441028912862 310.285309950511 307.809472084045 299.811561902364 297.242283821106 294.714728991191 294.564406077067 293.237368265788 291.286687056224 293.980399767558 300.454835096995 299.703498681386 295.074721177419 298.800905545553 302.906672159831 304.391165574392 304.715196291606 306.305944919586 311.373909314473 315.799872080485 319.190661112467 320.668955643972 320.603787899017 322.808225949605 325.409928957621 327.901681264242 327.754457791646 323.018113772074 321.219325065613
198.376615842183 160.311669111252 137.824108203252 134.879251321157 133.806685606639 138.67312669754 147.576153278351 174.454510211945 200.470268726349 248.098572095235 293.767392635345 314.004798730214 316.719273726145 304.293692111969 282.923380533854 279.22789255778 284.045020739237 296.427210172017 308.874646822612 313.276251157125 312.12975581487 307.926376660665 306.313991546631 303.965787092845 300.783375898997 298.74058564504 300.946176052094 302.576661109924 297.773162523905 294.649124145508 298.199971516927 301.139732201894 301.324049631755 301.40229066213 304.280122121175 307.207365830739 307.631393273671 306.951840718587 309.500277042389 309.672474861145 312.746047973633 317.708750565847 321.169594923655 321.197251478831 318.902969360352 318.836371103923
169.077893098195 141.74614350001 117.049773534139 114.71829811732 130.649964014689 153.234263261159 154.983013868332 162.247151136398 183.711310227712 212.468206882477 260.522067546844 309.354265530904 324.027895927429 322.495937347412 309.863785902659 285.47344605128 276.380976041158 278.592050075531 292.755405108134 310.273587703705 316.924214363098 313.389420509338 314.292430877686 310.259302457174 305.118560791016 305.395245552063 307.269732157389 304.318050543467 299.150029818217 301.519672075907 303.012490272522 302.555123964945 299.614330132802 298.695882161458 299.296418825785 298.80545536677 297.41362730662 293.238480885824 295.377671718597 296.860178311666 300.653874874115 304.976185162862 306.126435597738 306.752423445384 312.167545159658 314.806083838145
149.884124596914 138.967305421829 116.191416978836 106.169839700063 109.864672025045 135.176479816437 155.562351147334 163.982490698496 179.032286008199 193.538069725037 219.37221288681 269.022742907206 315.836946169535 322.425941626231 319.434523582458 311.545014381409 302.089114983877 289.924422899882 281.724095344543 289.972245693207 308.232049147288 315.806269645691 318.139354387919 315.009077390035 309.986273447673 310.928185780843 314.290583133698 311.001360416412 307.745655377706 312.001486619314 311.392347017924 303.484876950582 299.103220303853 296.465754508972 291.965067386627 291.073004404704 287.632048130035 286.626597245534 287.063956260681 288.91267379125 291.148622830709 293.587207794189 294.872502485911 296.956916650136 308.260858058929 312.984466552734
141.325583060582 143.390069405238 134.787499904633 117.745180924733 102.200508117676 117.18092362086 146.943757931391 168.642322222392 186.759392420451 200.003842512767 207.222402095795 233.620246251424 274.909754594167 310.232957204183 321.825603644053 323.346177736918 321.177323659261 312.329490979513 297.118763128916 283.770342667898 293.054620424906 311.433215936025 314.447045326233 314.181327819824 314.526081085205 318.401018778483 321.251034736633 319.598793983459 316.985170046488 318.532625834147 314.556956291199 306.435465812683 300.788303216298 295.634547869364 290.897051493327 288.632233937581 286.785066127777 286.128302415212 286.151309808095 287.851432959239 289.099752902985 290.54323832194 290.652791659037 292.925894260406 301.718652248383 310.653785864512
148.70140949885 158.573607603709 162.570575873057 147.054513295492 126.728902260462 133.048544327418 152.020474274953 174.126843611399 195.346117019653 215.934634208679 224.058508872986 232.456564903259 251.430849234263 270.188371340434 293.839514255524 320.927242437998 321.990529696147 320.281287034353 316.737771034241 303.723017374674 288.510322570801 299.355665842692 304.801781972249 311.199863751729 317.956546942393 322.860459486643 324.964940547943 324.376622835795 319.680492083232 318.48939259847 313.309947649638 308.055241902669 302.190979321798 296.652515729268 293.46090555191 289.936820665995 289.455056190491 287.250141302745 285.742123921712 288.413564364115 291.908800601959 292.27356115977 291.891614596049 294.420500596364 295.906762282054 305.233061313629
158.627480268478 163.424909114838 176.337122917175 183.332602183024 169.294118881226 153.194318215052 154.263287782669 168.874800205231 185.371339321136 208.348075548808 224.463144938151 223.138868808746 232.090751330058 245.134870211283 261.519392331441 283.431569735209 305.091977119446 315.634628136953 316.276450951894 315.360109011332 308.935523033142 298.665463924408 299.570977687836 306.647141774495 314.072132110596 320.4265832901 324.691891670227 323.870122432709 317.561368147532 316.762864589691 312.231739362081 306.006014347076 300.811390082041 297.953248023987 295.327345530192 291.842838128408 289.374728997548 282.824238141378 281.373063723246 288.659691810608 293.06815067927 294.625639915466 296.733597914378 295.473953088125 293.391267458598 300.048152605693
