input/barkrak2/radiation/dir12024.grid
NCOLS 85 
NROWS 70 
XLLCORNER 665100 
YLLCORNER 4664600 
CELLSIZE 20 
NODATA_value -9999 
[rows 20 to 39 of 70, columns 0 to 45 of 85]
150.361428658168 139.383107423782 151.841183503469 187.666296958923 183.154622713725 149.070680141449 137.161274751027 148.286521434784 161.666015783946 176.856875419617 191.615064938863 195.317387580872 201.527814070384 206.840614477793 217.139601707458 235.637903213501 250.776747862498 265.656034151713 278.509199619293 298.529624938965 307.598233222961 298.505365848541 296.791354815165 299.118101596832 299.949745337168 301.895936330159 305.224100748698 303.343296051025 300.27178923289 299.243986606598 291.918814182281 278.446873029073 265.735745429993 258.053660392761 254.686792691549 260.64129670461 260.515828927358 262.832681337992 267.804821332296 271.667917569478 272.881547609965 273.065467675527 275.014499823252 269.375582536062 274.884919325511 278.288324673971
181.272784868876 174.748420715332 182.644089063009 214.432815710704 210.925916830699 157.69174695015 149.521887302399 156.12930059433 167.429327964783 176.661650339762 184.189041455587 190.981984138489 196.55179977417 196.27978404363 207.277258237203 223.178088665009 238.579789797465 253.712117671967 268.161654472351 285.198748111725 295.412580172221 307.645003000895 315.35005569458 314.440210660299 307.700435320536 300.312956174215 292.235314846039 283.068239688873 279.902974764506 275.639494260152 264.580269654592 233.135342597961 210.48645178477 204.554398854574 210.908492406209 231.67477051417 239.63075876236 256.196518739065 267.634610335032 268.758078416189 265.774846076965 264.765083789825 258.411288261414 241.277734438578 264.29279645284 273.87797832489
226.280490557353 229.309936364492 225.273350874583 233.633796374003 232.760071754456 186.989367008209 175.016860167185 166.208316882451 163.523465394974 170.176029205322 182.455003261566 193.125228087107 200.209518273671 204.62421576182 209.762930870056 218.11443567276 232.48279094696 246.118942896525 259.516040484111 263.370136419932 266.528228918711 277.463912963867 284.154772758484 281.716565291087 283.866365750631 276.353259881337 257.304012775421 247.07019329071 242.293655872345 229.577442010244 197.18341032664 156.384209791819 132.780065139135 140.783528486888 169.622937838236 195.60698668162 215.724070866903 238.410115242004 251.607894897461 255.511661370595 259.365518887838 260.500053564707 235.583305358887 211.422820885976 242.277264595032 270.652770996094
254.42898273468 252.530614535014 238.774975140889 239.317953586578 238.50413163503 223.733127117157 197.526037693024 171.300609906514 159.85319018364 164.517293373744 184.353947639465 194.751262664795 208.17776521047 217.132290204366 216.141661008199 219.84056631724 227.831264336904 238.510092099508 245.633582274119 234.673241774241 231.617252031962 231.881380081177 246.563593546549 254.55896059672 262.004832426707 261.940936247508 250.869949658712 235.952436923981 214.363137880961 177.864174048106 149.047036965688 123.191773891449 86.4978531996409 63.187966744105 74.07579322656 110.925128062566 153.333057959874 189.736584822337 209.22044912974 219.476064046224 219.025810559591 202.489574750264 191.865086555481 225.297053654989 228.334605693817 259.172240893046
248.016079266866 248.251835505168 246.469537417094 241.811215877533 230.408410231272 224.999626477559 202.229996522268 186.934908231099 171.365280946096 166.018883387248 177.738626797994 193.299472332001 204.63885863622 215.254088242849 217.232207457225 213.729123274485 216.041743755341 226.25873486201 233.433187007904 226.623813311259 226.694742838542 221.641421318054 228.941857814789 238.186836242676 243.764758110046 239.145775636037 233.796914418538 223.545432090759 192.692836125692 143.959919611613 123.352497816086 119.498550891876 95.8541532357534 47.9830205440521 40.3713261087736 63.5343194007874 102.010389169057 131.105691194534 158.738106489182 182.379265626272 169.649481773376 149.856279293696 171.031773090363 248.431166013082 244.239171346029 261.840224266052
238.694945971171 243.587374687195 249.953846136729 241.667846838633 231.583297252655 225.172698497772 214.907248814901 213.859299818675 209.596951802572 195.534567038218 192.371726036072 207.692424456278 215.223848819733 225.464403629303 220.864375432332 215.333878993988 216.806372006734 227.233568827311 231.699526309967 237.250884373983 240.823229153951 235.023180643717 229.337493578593 228.477040926615 231.500764687856 229.142983754476 221.651117006938 214.564085006714 179.482678572337 153.879086176554 150.398234526316 164.748728275299 163.803656895955 113.902409871419 79.2432526747386 83.0209801594416 90.3307298819224 111.642628908157 138.232390085856 148.128906885783 142.241617043813 135.923643906911 180.131793022156 244.494477907817 261.437296867371 273.842533429464
239.578088124593 243.29549074173 248.656908671061 243.64838997523 246.329545974731 240.739464759827 235.748291015625 235.41529973348 238.481799761454 231.747925281525 216.605166594187 228.800356388092 231.534699598948 235.507031281789 236.028591791789 225.239515304565 221.193929513296 231.579303741455 238.824466864268 249.233186244965 250.990033149719 245.709697405497 238.338649272919 231.908857822418 229.176243146261 229.748487472534 221.626877784729 218.445539474487 189.946055412292 186.824142932892 205.315788586934 230.608781178792 237.305720647176 236.956874529521 192.536453406016 117.955684661865 108.355899651845 113.8849457105 134.693284829458 144.718299309413 156.301687161128 186.82058652242 202.055474122365 225.424389044444 250.262180964152 264.303425947825
243.356903394063 239.838838577271 242.548286914825 243.594606717428 272.453347841899 258.913000424703 249.869763851166 242.806057135264 245.016177495321 248.512963453929 234.04985666275 231.010238329569 234.292984008789 241.046190261841 240.415612856547 235.21633942922 230.762600898743 235.793868700663 248.193303743998 254.240214824677 251.96905930837 242.590487003326 239.214340845744 240.013599395752 238.70853583018 235.175132751465 231.164952119191 226.99910402298 221.735119819641 222.161074479421 242.240707079569 256.307144959768 258.992612361908 272.477885087331 273.887753486633 190.541942914327 134.10547375679 120.246529579163 125.527729590734 148.908535639445 190.833926200867 249.071637789408 219.389677047729 212.876578172048 229.899485905965 241.039435068766
241.9726451238 231.611529986064 235.16837755839 249.794622262319 290.25544722875 264.443775018056 244.285960992177 236.351152261098 237.861831982931 240.005652109782 232.531785964966 226.287762324015 232.588271299998 240.516940752665 241.765677928925 246.768514315287 240.914543469747 237.029691537221 247.147023677826 248.874445756276 247.708717981974 240.32320578893 239.601572354635 244.285702705383 245.85368235906 239.356199900309 237.147470315297 234.962602456411 231.260895729065 233.714858690898 254.341880480448 270.539224147797 272.142847379049 271.936138470968 284.910798072815 259.425520896912 159.52933828036 108.051111300786 96.2975720564524 125.680476427078 198.259035746257 233.250836531321 208.322882652283 177.971680959066 197.033166885376 211.801966031392
236.510415871938 223.68852297465 230.383594830831 259.978671868642 288.661698500315 261.382619539897 234.888315200806 216.306964556376 208.0157995224 207.466204961141 209.850827852885 210.783044497172 226.645668347677 239.326894283295 243.561784426371 249.803245067596 248.71426820755 237.25430170695 238.385637601217 240.374128023783 239.18362458547 242.855866750081 243.209302425385 246.09778324763 248.899320761363 242.917895317078 243.07390054067 238.511125246684 234.33929681778 241.744379202525 262.08899418513 279.166340827942 275.436341762543 273.150404294332 283.390522003174 291.229923566182 247.965077559153 163.53040933609 121.776719888051 131.402224302292 169.259667396545 183.400829633077 189.62832291921 156.328469514847 163.605670134226 181.086540222168
228.135923544566 236.041188240051 266.085982322693 312.017023563385 308.19833278656 267.502029736837 230.966011683146 199.530720710754 187.807937463125 199.249565601349 194.382111231486 190.377096335093 218.57883532842 239.315291245778 246.872921784719 253.000060717265 254.143734773 244.249125321706 242.799500624339 244.56512928009 241.824229558309 246.297617753347 248.582462469737 247.600595156352 249.189853668213 252.042571703593 252.273042996724 247.986674308777 242.718974749247 253.090421358744 269.918064276377 281.844834486643 277.863562107086 280.983169873555 287.854890028636 291.682124137878 298.743824164073 285.532891750336 208.764771620433 161.708215872447 148.24578166008 143.118004004161 161.170432964961 155.117928981781 155.56600689888 182.342906792959
246.945798397064 278.217057387034 308.512369791667 320.68677743276 337.481300036112 307.506024837494 263.294279575348 224.024454752604 210.069298744202 222.433765729268 213.679810365041 195.12794415156 209.344983100891 237.141966819763 253.450751304626 258.122285207113 256.160060564677 253.45520178477 244.696279366811 243.238786856333 243.71612071991 249.252637227376 251.602868239085 248.985350131989 250.510652860006 259.994506835938 261.210997899373 263.524611790975 259.384751319885 264.648179213206 275.328358014425 281.604250272115 283.709685007731 290.353258450826 295.397957166036 283.767898877462 289.051115512848 312.531987826029 284.787138303121 211.100240548452 159.930517276128 145.438780387243 148.072133461634 160.95632314682 182.824512322744 211.075266202291
290.849467118581 309.913039207458 311.361312866211 306.125064690908 321.812828381856 331.049084663391 313.354750474294 281.417528788249 255.126535892487 252.080957094828 251.407663027445 229.284822940826 215.376138687134 234.944800535838 256.846268971761 260.643760363261 256.793797016144 258.708596229553 247.605284055074 244.419415791829 250.889440377553 251.006126403809 250.157694021861 250.804583231608 251.961131890615 262.412965297699 268.552879492442 272.031346956889 268.634577592214 268.943051497142 280.617674191793 287.735780080159 285.595854123433 285.77975432078 290.272911389669 278.796295324961 279.419640700022 289.735198020935 274.319807688395 233.685533205668 198.619306087494 169.62335507075 154.52782313029 160.697271426519 183.073798815409 215.740859508514
301.154812177022 302.883664766947 298.022627830505 288.730144500732 291.237235069275 308.145046234131 318.007906277974 303.088625272115 283.857027689616 276.106953620911 276.236156622569 261.546393235524 242.619633674622 243.376831213633 255.73323170344 258.626659711202 253.186643123627 254.899501800537 248.086512088776 250.430802504222 248.134652773539 248.578270276388 247.542401154836 246.846755345662 249.955375989278 259.98455286026 269.240578015645 270.282685756683 269.08799012502 273.249665896098 284.504632155101 284.633914629618 273.067474365234 267.549673716227 271.090567111969 253.710428873698 251.796861489614 245.847960313161 226.351400216421 216.11096461614 225.047787030538 201.301634311676 179.270247618357 167.507986227671 167.855858802795 194.494088490804
301.886280377706 297.236224015554 302.425662676493 291.049102942149 285.058438777924 294.636348883311 314.029415448507 323.021411895752 304.163972536723 286.787470181783 279.215772946676 274.645070234935 270.742456118266 258.514761924744 257.335980733236 256.699879964193 254.588921864827 252.681195735931 251.615921656291 253.606736660004 249.952495098114 247.424920399984 248.269776503245 247.979601224264 252.179980278015 256.752967834473 263.501346111298 261.521220207214 262.906193733215 275.364816188812 281.637072563171 273.872097333272 259.807527065277 261.16931438446 256.80011510849 239.303867022196 241.585453351339 240.473786989848 237.066686153412 239.704728126526 242.394149303436 240.079720815023 219.619810581207 203.06666692098 184.660116831462 179.590861002604
316.053450107574 313.61989180247 320.3417857488 316.279093424479 307.947834332784 309.695820013682 321.828047434489 334.674080212911 317.406137784322 291.297217210134 278.466900189718 277.363876501719 282.817780971527 270.327607790629 263.378043969472 264.171799023946 260.733226935069 252.194444338481 255.2117506663 256.281872590383 254.426916440328 248.910109202067 251.915752887726 255.55423895518 253.026107947032 256.521344184875 259.069780508677 257.087826728821 260.782539844513 273.553748925527 277.283628781637 270.065248012543 261.850774288177 262.990037600199 249.872366587321 244.143307209015 249.753872553507 252.914269765218 259.682774543762 267.13228225708 231.649359067281 226.601719856262 217.91285276413 208.547949790955 192.743281523387 173.048317432404
326.861182848612 326.036771138509 328.931589921315 328.719516595205 321.459094683329 316.16222858429 322.014848391215 334.246754646301 321.426550547282 290.378193060557 276.541431744893 278.912444909414 283.812582492828 269.459366798401 262.829760710398 266.372720400492 268.691221872966 259.983122348785 262.911121050517 264.814595381419 263.564467430115 259.011884530385 258.983890215556 260.35741964976 257.407267888387 257.178783416748 260.149737199148 264.07786210378 266.987045605977 275.794605414073 277.905583381653 273.046712080638 264.480551083883 261.430462201436 247.987588246663 251.882990201314 256.797055403392 259.449481964111 261.69623931249 262.486020723979 214.059551556905 180.127024650574 167.296608289083 162.124951680501 162.155965963999 157.082368930181
328.46740881602 330.131967862447 331.427693367004 330.426315466563 324.522276719411 320.63361008962 322.015027205149 328.782776991526 327.667395273844 299.148877461751 287.142276763916 281.730552514394 276.773512363434 269.567430019379 261.262853940328 264.220396677653 275.646408398946 269.516666730245 265.896201133728 268.604596455892 268.763820330302 265.763362248739 260.499715805054 263.582547505697 263.79003127416 261.423349380493 263.268748919169 268.864035606384 271.352171897888 274.172306060791 276.809910933177 274.617671966553 267.184674739838 252.155562241872 241.17781718572 258.138318856557 267.008304595947 266.718486944834 258.49860906601 260.150869687398 212.297439575195 147.528360287348 121.671189864477 111.719518899918 115.325440963109 123.232454061508
316.812793413798 323.378145694733 326.905449231466 325.956185658773 325.331052144368 326.980392138163 327.319363753001 327.592531840007 326.978623867035 311.853508154551 302.960773309072 291.997075080872 280.011137326558 274.607976277669 268.219192822774 263.940652211507 274.498204390208 273.335893948873 269.013146559397 268.63690217336 268.475910027822 266.855716705322 263.003389040629 263.391574223836 265.790979067485 267.31550693512 265.367488066355 267.786761124929 271.327296892802 271.682639916738 275.373995304108 276.134590307872 262.645284334819 239.664117495219 246.908525625865 272.309343020121 276.119033495585 270.016292730967 257.163643836975 259.179353713989 252.401133378347 186.973214149475 130.795339743296 110.289831956228 109.981844822566 109.95031396548
295.403599739075 300.302783648173 299.526572227478 306.600451469421 315.9099817276 324.99090830485 330.434640248617 333.300471305847 331.150809923808 321.600178877513 306.584397951762 288.89666001002 277.156869570414 277.108629544576 273.775617281596 267.521341641744 272.412657737732 272.653539975484 265.772998332977 266.520837942759 268.847624460856 271.146814028422 268.990159034729 264.38049475352 261.395831902822 263.549486796061 268.869121869405 270.683407783508 272.920330365499 271.118740240733 271.923422813416 273.749510447184 256.203571955363 241.353631019592 267.279148101807 283.804297447205 278.673748175303 272.32293287913 263.289213180542 264.252205689748 289.065460364024 285.497605800629 217.673977216085 163.956433534622 131.86260064443 110.986481110255
