input/barkrak2/radiation/dir14624.grid
NCOLS 85 
NROWS 70 
XLLCORNER 665100 
YLLCORNER 4664600 
CELLSIZE 20 
NODATA_value -9999 
[rows 0 to 19 of 70, columns 0 to 45 of 85]
346.004803975422988 349.63854153951 350.247462590535 347.582538922628 343.014240264893 337.6651207606 330.143868923187 323.923170566559 328.682005405426 327.648003896077 324.634353319804 332.206249237061 338.290135065715 338.195323944092 340.373436609904 348.876039187113 346.451878547668 336.869160334269 332.194050153096 320.89904944102 299.845496813456 295.973459879557 313.358247280121 320.715109507243 317.611177762349 316.157559553782 316.075762112935 306.061009565989 287.579695383708 280.90645869573 279.001116752625 285.095651944478 296.32314046224 301.878194014231 308.181504408518 300.354520479838 297.704736391703 306.564768155416 304.543236891429 304.491957028707 295.904835065206 278.022130330404 288.01832596461 310.66491206487 315.514147281647 307.360529899597
338.356892267863 344.714760780334 345.015247662862 345.508575439453 345.411499341329 341.018199920654 331.230223178864 321.619311968486 324.796517690023 326.214730739594 321.312169233958 327.002147833506 334.854284922282 335.649649302165 335.199594497681 340.070962905884 339.662512143453 336.904923121134 334.93959903717 327.652355035146 313.051005204519 306.047697861989 311.5540544192 317.105770111084 315.852443377177 313.210050264994 312.219401200612 305.824478467305 290.906210740407 280.950546264648 282.271385192871 292.824943860372 293.136219183604 296.715458234151 307.094792524974 298.988878726959 293.044726053874 293.695648511251 291.086713473002 303.841849168142 301.775256792704 290.474931399028 296.874245007833 314.944525559743 320.776661237081 310.243229071299
316.134393215179 317.815085252126 323.334813117981 326.011021931966 330.4203748703 335.041602452596 336.620370546977 334.139545758565 331.529557704926 328.401366869609 320.382654666901 321.032842000326 329.272389411926 331.129491329193 327.544470628103 330.905854701996 335.218588511149 339.452187220256 338.322321573893 333.807905515035 330.679357051849 322.210748990377 315.172036488851 314.040700594584 315.28240442276 315.783719221751 311.070283253988 304.228901863098 292.550365130107 281.048734982808 279.483218987783 292.75651772817 281.229714552561 287.869811058044 302.011330922445 296.754459540049 282.39651521047 275.832712650299 287.782629330953 304.636597633362 305.739124615987 305.359840393066 306.9961865743 320.339481035868 329.983135064443 316.781044006348
298.936367034912 296.0191766421 297.524452209473 296.206434567769 303.793966770172 307.433883349101 312.182784080505 320.664465427399 329.981068770091 334.521611531576 331.973135471344 330.633223056793 331.488192081451 331.381996472677 327.367564042409 322.354594866435 325.383504231771 330.187896887461 335.854729016622 336.381395657857 333.74810218811 330.926160017649 329.896807670593 324.035167694092 321.735103925069 323.235630989075 318.133890628815 309.221625328064 301.066557566325 292.059898376465 283.24031829834 291.996161142985 281.395693620046 287.055869897207 293.977479139964 295.129398504893 289.468010266622 287.186106046041 303.44025293986 315.558652083079 311.837037404378 304.157694180806 300.839106241862 309.258182843526 320.800503094991 321.083029111226
311.9136095047 297.93373743693 281.825125217438 273.25451374054 278.23003133138 291.741251945496 305.700778961182 312.764167785645 319.167574246724 322.393417358398 331.664562225342 338.679750760396 340.926011403402 340.094486872355 337.923963864644 334.840893745422 332.791447639465 328.052779038747 330.272932847341 334.912498792013 334.066788355509 333.735982577006 337.247610092163 331.70219262441 327.60751247406 327.094972133636 321.89283768336 313.847760359446 305.539508660634 300.243854522705 299.281974633535 299.268146355947 292.484958966573 294.484416643779 292.323807875315 295.951902866364 305.835207303365 310.54808696111 318.556666374207 323.120276133219 320.935606956482 313.618719577789 306.450585524241 302.838921546936 308.02853902181 325.979173183441
334.4753185908 317.614356676737 298.03603887558 278.401215871175 271.130243937174 279.020567735036 299.627304077148 311.725874741872 313.251276810964 313.382665316264 320.008556048075 327.885409196218 332.840025424957 335.891405741374 338.721950848897 339.687585830688 335.70921421051 328.935106595357 328.110973040263 331.334749857585 331.188559532166 334.345062573751 340.646743774414 337.802370389303 333.31565062205 332.295695940654 326.150159041087 317.959725856781 307.883322238922 301.612317562103 302.206993103027 299.753626187642 303.646663824717 309.129655361176 304.083307584127 301.376084486643 309.367458025614 316.322207450867 319.268027941386 319.591522216797 320.061643918355 316.588938236237 314.07235066096 313.347498575846 311.470866203308 314.947803815206
343.048493067424 332.998335361481 321.69904311498 305.47422170639 289.452930291494 278.779983520508 283.717850844065 306.755165259043 315.844158331553 320.99050283432 319.273908933004 314.923067887624 313.164432843526 310.765206813812 311.293125152588 320.942620436351 326.927224795024 332.954506079356 336.030721664429 336.968898773193 333.149015903473 329.606731732686 336.341619491577 338.369727134705 336.670160293579 337.661544481913 334.444046020508 327.213823795319 317.4729347229 311.124602953593 307.61331319809 309.299468994141 321.966906388601 327.753663063049 324.688374996185 318.061451117198 316.318134466807 319.612304369609 322.174390157064 327.428718407949 327.158172925313 323.12794526418 319.04004017512 313.683092594147 299.318571885427 292.879700660706
340.397318204244 339.352528254191 336.685419082642 329.841653505961 316.506902376811 293.09888680776 275.200585524241 276.867012182872 303.745488325755 320.649564266205 324.9431848526 322.247882684072 316.019654273987 310.010850429535 301.363249619802 303.894738356272 311.450739701589 321.518858273824 333.225508530935 339.687784512838 339.268445968628 333.789348602295 334.360361099243 337.458411852519 337.108373641968 339.23617998759 338.539441426595 334.599614143372 328.454295794169 325.167079766591 323.279817899068 323.965450127919 333.118697007497 335.533618927002 334.893663724263 331.693609555562 326.348781585693 322.417835394541 316.518783569336 321.522136529287 329.018811384837 332.887689272563 332.662045955658 324.321647485097 308.66547425588 293.857991695404
337.483962376912 338.156263033549 338.056325912476 335.91894308726 330.392320950826 319.060524304708 298.475801944733 273.711204528809 283.372620741526 302.680114905039 317.008455594381 321.68436050415 321.954667568207 320.613384246826 314.82861439387 309.239327907562 307.420094807943 310.616215070089 320.071220397949 329.069395860036 336.398959159851 338.990688323975 337.642272313436 335.121870040894 335.742910703023 338.327368100484 339.290181795756 337.565660476685 335.712591807048 336.934645970662 337.878306706746 336.955944697062 338.824351628621 339.472373326619 337.20874786377 335.603872934977 332.257747650146 324.437081813812 310.989121596018 313.980042934418 329.04726266861 333.645621935527 331.781268119812 327.102144559224 317.662517229716 308.720946311951
326.645414034526 330.983201662699 333.20685227712 333.316206932068 332.136154174805 331.826786200206 324.565569559733 312.733391920726 289.122045040131 282.403747240702 293.885509173075 312.024851640065 323.927521705627 328.696191310883 331.059137980143 327.588498592377 317.701657613118 314.520080884298 314.075271288554 315.118849277496 320.848902066549 324.851036071777 328.182637691498 330.037593841553 332.69331852595 334.96614297231 336.714824040731 335.193554560343 334.76714293162 337.556083997091 338.457663853963 338.5116259257 341.295162836711 342.527151107788 341.548045476278 337.335149447123 335.610667864482 330.830315748851 313.966433207194 311.068793137868 324.792007605235 327.083627382914 325.473427772522 323.147098223368 314.420700073242 305.517554283142
294.702430566152 303.994715213776 312.774618466695 318.818092346191 324.121097723643 328.502813975016 330.293536186218 329.63885863622 313.163956006368 294.2782441775 281.508485476176 288.276294867198 309.012452761332 324.569543202718 331.931710243225 326.971471309662 323.053260644277 319.668352603912 313.555657863617 309.851050376892 310.112694899241 309.871713320414 311.655561129252 318.686703840892 324.992060661316 328.908403714498 330.542365709941 330.088178316752 332.299550374349 334.956566492716 336.177309354146 337.56160736084 341.698249181112 343.182802200317 341.762781143188 338.86977036794 338.305989901225 338.417808214823 327.772676944733 317.279060681661 321.869850158691 325.633943080902 327.178478240967 326.371312141418 319.156805674235 310.836891333262
260.978619257609 265.54944117864 272.777557373047 282.968044281006 295.480728149414 307.593564192454 320.033609867096 323.915580908457 324.799915154775 316.705266634623 298.462967077891 282.484650611877 282.95115629832 301.761031150818 319.558421770732 320.359110832214 325.085421403249 323.989013830821 318.422516187032 311.593333880107 305.815319220225 303.480505943298 303.563475608826 310.089389483134 314.566572507222 317.535777886709 319.091280301412 321.745673815409 325.720151265462 328.385233879089 330.847521622976 333.802064259847 337.563395500183 338.722348213196 337.610165278117 337.03605333964 339.750488599141 341.381112734477 339.061816533407 331.261535485586 329.664329687754 332.640369733175 335.165977478027 334.366798400879 328.604420026143 326.182146867116
251.328031222026 247.470517953237 245.417197545369 245.448887348175 252.46532758077 267.05535252889 287.908554077148 303.666869799296 323.216954867045 325.719197591146 318.839867909749 302.883625030518 280.77910343806 278.844356536865 296.648442745209 315.496067206065 325.222333272298 326.578100522359 324.025094509125 318.874577681224 312.070687611898 311.229288578033 310.912132263184 311.598201592763 311.276177565257 310.171564420064 312.570730845133 318.431735038757 320.57523727417 321.499705314636 324.638247489929 328.320066134135 330.041925112406 330.145458380381 330.817977587382 333.376487096151 339.355111122131 342.003305753072 341.633081436157 341.334740320841 339.883128801982 339.448730150859 338.886221249898 337.814052899679 332.253098487854 329.450706640879
246.238748232524 221.085369586945 205.944299697876 200.730820496877 198.280612627665 203.220963478088 222.381234169006 254.256625970205 287.279566129049 312.512437502543 323.148310184479 323.593338330587 312.530875205994 292.811989784241 290.685296058655 310.485204060872 320.784687995911 328.032771746318 331.378261248271 329.689880212148 323.394199212392 320.331156253815 318.222363789876 318.147083123525 317.310233910878 315.387507279714 318.000217278798 322.638392448425 321.726044019063 317.968904972076 321.826815605164 325.318853060404 326.769610246023 327.094594637553 327.952126661936 332.04460144043 335.766474405924 338.12141418457 337.80046304067 338.01277478536 339.046438535055 340.435266494751 340.748469034831 339.563528696696 334.657271703084 330.922186374664
230.800171693166 196.031014124552 173.766314983368 169.558803240458 169.213990370433 174.053172270457 182.396312554677 206.050356229146 232.655346393585 278.119285901388 319.048682848612 334.239403406779 336.259365081787 326.890190442403 309.398273626963 306.152184804281 309.302747249603 320.066829522451 330.123543739319 333.435614903768 332.777500152588 329.595367113749 327.724456787109 325.973947842916 323.037842909495 321.576277414958 324.029644330343 325.320561726888 320.366342862447 318.111419677734 320.928792158763 324.039340019226 324.293514092763 324.467400709788 326.791485150655 328.23916276296 329.525788625081 328.916132450104 329.617281754812 329.614917437236 332.643389701843 336.389422416687 337.882121404012 337.539116541545 334.045052528381 332.191367944082
196.693221728007 171.042641003927 153.368691603343 150.451799233754 166.424651940664 188.368201255798 187.127073605855 193.870981534322 214.657346407572 242.516100406647 289.896607398987 331.955472628276 341.635147730509 340.53627649943 331.41565322876 311.766982078552 303.795119126638 304.500937461853 316.92119439443 331.985851128896 336.361567179362 333.506544431051 334.436178207397 331.508060296377 326.466202735901 326.595187187195 329.095780849457 326.544284820557 321.317672729492 323.759933312734 325.825154781342 325.452705224355 322.852492332458 322.286645571391 322.757343451182 322.350124518077 320.247232913971 317.568421363831 319.159726301829 319.34388478597 322.589973608653 326.132496198018 326.723694801331 326.929152011871 330.13242483139 332.28321870168
173.62904548645 163.845241069794 150.903274615606 142.388552427292 147.158036629359 170.836011568705 190.170725186666 194.711407025655 208.168427149455 222.120384375254 245.014031728109 296.346465746562 336.048364639282 339.796543121338 337.346315383911 332.435886065165 325.876275698344 315.541644891103 308.304051558177 315.432190895081 330.1988641421 335.298736890157 337.03601360321 334.614992141724 330.690860748291 331.635435422262 334.695378939311 331.198116143544 327.899714310964 331.684370835622 332.330127557119 325.976153214773 322.448670864105 319.626688957214 316.535751024882 315.74821472168 311.890383561452 311.043043931325 311.368683973948 312.668999036153 314.654390017192 316.739122072856 318.588217099508 319.252610206604 328.074812889099 331.994811693827
165.085504452387 168.069203694661 165.513147910436 153.250157833099 136.516074339549 148.345530033112 179.804702599843 196.16158803304 215.049147605896 225.833018620809 234.823524951935 261.211514472961 307.388186454773 335.29790242513 339.603265126546 340.926686922709 340.131163597107 333.883206049601 321.759700775146 310.182352860769 317.00998544693 333.021283149719 334.475914637248 333.463112513224 333.720207214355 337.385495503743 339.792092641195 337.470293045044 335.043946901957 336.5105787913 333.564758300781 327.128350734711 323.466082413991 319.580813248952 314.824064572652 312.889536221822 311.389664808909 310.622890790304 310.618678728739 312.075237433116 314.02709086736 314.180254936218 314.253926277161 317.192753156026 323.269089063009 330.233196417491
174.200296401978 185.008863608042 191.893696784973 182.113130887349 160.536418358485 159.336298704147 179.717481136322 200.844744841258 219.599684079488 242.159763971965 248.49530061086 255.360086758931 282.312611738841 314.538836479187 333.742181460063 339.278260866801 339.9791320165 339.271306991577 337.233463923136 327.260176340739 314.33363755544 322.538733482361 327.468454837799 332.031190395355 336.947401364644 340.833306312561 342.474818229675 340.585549672445 336.504777272542 335.870186487834 331.932485103607 327.635188897451 323.771516482035 319.993178049723 316.871265570323 313.958525657654 313.701570034027 311.866283416748 311.2779657046 313.589632511139 315.639138221741 316.750844319661 316.412607828776 317.523101965586 318.791707356771 327.403426170349
186.994751294454 192.139625549316 204.796850681305 216.974933942159 203.531861305237 176.411926746368 178.671757380168 190.16436735789 210.148354371389 234.468162059784 246.053775151571 249.097267786662 261.9775334994 278.042833010356 299.591799577077 331.15557829539 334.348559379578 335.41735013326 336.190064748128 335.939963658651 331.489284833272 323.053201039632 322.768270969391 328.520079453786 334.837357203166 339.572350184123 342.553853988647 340.198596318563 334.551850954692 334.034164746602 330.335299173991 325.133522351583 321.490565935771 320.198436578115 318.920731544495 316.211700439453 314.396699269613 308.907190958659 306.757390499115 313.135186831156 317.780494689941 319.013337294261 319.742739200592 319.672306378682 316.633979479472 323.265751202901
