input/barkrak2/radiation/dir13924.grid
NCOLS 85 
NROWS 70 
XLLCORNER 665100 
YLLCORNER 4664600 
CELLSIZE 20 
NODATA_value -9999 
[rows 0 to 19 of 70, columns 0 to 45 of 85]
338.871717453002987 343.494415283203 345.293601353963 344.355980555216 340.795119603475 335.333625475566 327.931185563405 321.759760379791 326.259771982829 325.322945912679 322.508374849955 329.356729984283 334.741592407227 334.038098653158 336.7760181427 341.221809387207 339.709639549255 332.401017347972 326.88707113266 315.818210442861 295.807997385661 293.230315049489 311.637779076894 318.948487440745 316.687305768331 316.356559594472 314.297040303548 303.952018419902 285.971740881602 279.912690321604 278.071622053782 285.280664761861 299.018124739329 304.534792900085 309.10994609197 301.075239976247 299.319326877594 308.921754360199 305.610299110413 306.536416212718 297.074317932129 280.936519304911 290.353874365489 309.896727403005 315.988798936208 308.509826660156
330.061952273051 336.926619211833 335.882902145386 338.274876276652 338.817914326986 336.848179499308 328.698853651683 319.676399230957 323.272188504537 324.889242649078 319.826245307922 325.161715348562 332.258443037669 332.866708437602 332.668046156565 335.584243138631 334.360996882121 332.465390364329 330.220381418864 322.60666290919 309.210618336995 304.129540920258 311.144391695658 316.792607307434 315.970460573832 314.05903895696 311.834235986074 304.896672566732 289.991915225983 280.342360337575 281.433900197347 293.513576189677 296.080271402995 296.488324801127 308.337092399597 300.363898277283 295.194188753764 296.54053846995 292.231619358063 305.838902791341 303.393562634786 292.39543279012 298.564910888672 315.255999565125 320.504943529765 312.296589215596
301.310737927755 304.920792579651 312.34347820282 315.115511417389 323.125958442688 327.957252661387 330.555637677511 330.138802528381 328.656951586405 325.609723726908 318.287273248037 319.160461425781 327.557682991028 330.16836643219 326.550483703613 330.201586087545 333.749850591024 335.836172103882 334.615588188171 329.558471838633 327.262242635091 320.745666821798 314.362684885661 313.963135083516 315.648913383484 316.215892632802 310.47515074412 303.407609462738 291.840334733327 280.517160892487 280.141989390055 294.549524784088 284.78999932607 290.991723537445 304.589172204336 298.886338869731 285.711665948232 280.323624610901 290.728608767192 305.52460749944 306.330422560374 305.910428365072 306.578675905863 319.06000773112 327.705482641856 318.503638108571
283.626278241475 280.800700187683 284.688413143158 287.887295087179 295.440415541331 300.312717755636 305.072148640951 313.370823860168 323.731382687887 328.8387854894 327.82240708669 327.859779198964 329.889555772146 330.175777276357 327.164431413015 322.993437449137 325.652917226156 328.658103942871 332.222521305084 332.052071889242 329.56850528717 327.018896738688 326.805154482524 321.876804033915 320.291678110758 321.777542432149 316.928108533223 308.255771795909 300.464888413747 292.14878877004 284.081776936849 294.278204441071 284.852226575216 290.777246157328 296.786248683929 298.076510429382 292.449514071147 289.588173230489 305.391510327657 315.324823061625 311.600009600321 304.308533668518 300.290067990621 309.223969777425 320.210893948873 320.996443430583
298.504412174225 281.276384989421 269.765694936117 263.844827810923 268.646558125814 281.304399172465 297.17222849528 304.635405540466 311.472574869792 315.982023874919 326.188782850901 334.049542744954 336.82115872701 337.305466334025 335.06166934967 333.150744438171 331.231494744619 325.71013768514 327.336629231771 331.6969871521 330.170373121897 329.685628414154 333.327968915304 329.175194104513 325.103183587392 324.91942246755 320.561309655507 312.384704748789 304.579039414724 299.780905246735 299.355129400889 301.224966843923 295.26150226593 297.779977321625 294.850031534831 298.222959041595 307.040949662526 311.21043364207 318.153480688731 321.932474772135 319.990853468577 312.839408715566 306.530912717183 303.909401098887 309.000233809153 324.586828549703
324.44816827774 307.624538739522 287.661492824554 268.792569637299 259.883284568787 269.58554983139 290.784239768982 303.39515209198 305.156668027242 305.278937021891 312.359909216563 320.88444630305 326.359430948893 329.795519510905 332.292437553406 334.038774172465 331.100026766459 324.999074141185 324.771881103516 328.464309374491 328.35312684377 331.64914449056 337.401072184245 334.264238675435 330.810983975728 329.772472381592 324.609597524007 316.528002421061 307.322382926941 301.43678188324 303.036431471507 302.121599515279 305.605093638102 311.536908149719 305.675089359283 302.935500939687 310.471971829732 316.310187180837 318.776806195577 318.766117095947 319.586555163066 315.731565157572 313.637614250183 312.899867693583 310.936252276103 312.026222546895
337.295611699422 325.093587239583 311.707297960917 296.78863286972 280.200997988383 269.295473893483 274.477283159892 298.216621081034 307.765543460846 313.266694545746 311.420599619548 307.838320732117 303.991436958313 302.35348145167 303.050140539805 313.338339328766 319.940845171611 326.686064402262 331.304272015889 333.265562852224 330.708305040995 327.457328637441 333.969513575236 335.323413213094 333.894809087117 335.048119227091 332.238932450612 325.323224067688 316.250065962474 310.818076133728 308.54723850886 310.292303562164 322.523971398671 326.726178328196 324.470897515615 317.613025506337 316.208322842916 318.657298882802 321.020662784576 325.19410053889 324.499507745107 320.634424686432 317.69726673762 313.015023867289 298.756122589111 292.060335477193
335.698843002319 333.792448043823 330.29439051946 321.741859118144 307.181517283122 284.020860989888 265.729049841563 267.157872517904 294.879655043284 312.757233778636 317.400972048442 313.785930474599 307.967344919841 301.552335421244 292.467753092448 295.130213101705 304.188847541809 313.967804114024 326.910138130188 334.652026494344 335.273782412211 330.815513928731 331.918199857076 334.558049837748 334.094444910685 336.060126622518 335.483312606812 331.516683101654 326.048175493876 323.672890663147 322.624842325846 323.925813039144 332.138101259867 335.485180219014 333.478172620138 329.690893491109 324.94596640269 320.698380470276 314.680735270182 318.345805009206 325.346052646637 329.484721024831 330.340266227722 323.779066403707 308.668235937754 294.699152310689
332.267085711161 332.930465539296 332.446316878001 329.716742038727 323.362628618876 310.920198758443 289.286871751149 265.457510948181 275.839587052663 293.980320294698 308.862408002218 313.978453477224 314.384837945302 312.901298205058 306.534032026927 301.862021287282 298.846085866292 302.207112312317 312.273224194845 322.147488594055 330.336093902588 333.902398745219 333.479126294454 330.895622571309 331.631064414978 334.540406862895 335.573077201843 333.928028742472 331.941982110341 333.92588297526 334.939877192179 334.122737248739 336.055676142375 337.23783493042 334.928472836812 332.561552524567 329.330921173096 322.385430335999 309.266448020935 311.547080675761 326.61505540212 332.425494988759 330.62607049942 326.196074485779 317.15593735377 308.269023895264
319.11305586497 324.389497439067 326.918025811513 327.021559079488 325.950423876445 325.45264561971 316.827932993571 304.358422756195 279.903988043467 272.789100805918 284.514745076497 303.430616855621 316.330869992574 321.683466434479 323.393563429515 319.258312384288 309.568126996358 306.200921535492 305.770397186279 308.19030602773 314.087291558584 317.415237426758 321.300466855367 323.693533738454 326.945741971334 328.943729400635 331.095576286316 329.753776391347 329.540769259135 332.759221394857 333.731571833293 333.856860796611 337.05464998881 339.313983917236 337.430000305176 333.617885907491 331.864297389984 328.070859114329 311.994393666585 309.751947720846 323.935389518738 326.510846614838 325.128038724263 322.490751743317 314.010520776113 305.236597855886
285.175700982412 295.645296573639 304.277678330739 310.832142829895 316.627403100332 321.416854858398 323.74229033788 322.199066480001 304.545660813649 283.637166023254 271.859586238861 278.743227322896 300.267219543457 316.186785697937 324.471533298492 318.939725557963 314.535776774089 310.626407464345 305.198073387146 301.318446795146 300.442755222321 300.378759702047 302.508513132731 310.904463132222 317.896465460459 322.264452775319 323.442995548248 323.096911112467 325.72607199351 328.646302223206 330.060422420502 332.147638003031 336.885968844096 338.658332824707 336.661497751872 334.14101600647 334.047476450602 334.587653477987 324.941118558248 316.476027170817 321.579933166504 325.222591559092 326.604624589284 325.593590736389 318.604826927185 310.962796211243
250.262538592021 254.958589871724 262.403766314189 272.942960262299 285.965859889984 298.677444458008 311.885356903076 316.060503323873 316.970447699229 308.259526888529 288.054366906484 271.372040112813 273.366987705231 292.728384335836 311.460375785828 311.962862809499 316.876153151194 315.457503000895 309.304197629293 301.946004231771 296.977639198303 293.681581815084 293.784201145172 300.649364789327 306.39257033666 309.667388598124 311.3787372907 314.241667588552 318.014363447825 320.932030677795 323.652684688568 327.481865882874 331.592281659444 332.959493001302 331.234971682231 330.978135267893 334.455768267314 337.494095166524 335.747480392456 329.512496789296 328.657209873199 331.065495808919 333.166221777598 332.591315110524 326.90441608429 324.516495068868
240.254243214925 236.30436261495 234.203239281972 234.236657619476 240.590910116831 255.531112353007 277.090986569722 294.498344262441 315.223097801208 317.969679832458 310.547629992167 293.705681959788 269.599795341492 267.599483331044 287.306725978851 307.097057501475 316.830674807231 318.385541439056 315.517107645671 309.805909792582 303.563475608826 302.679340044657 301.510751247406 302.213867505391 302.070736885071 301.081399122874 304.301003615061 310.547471046448 312.868158022563 313.854575157166 316.589872042338 320.465823014577 322.132110595703 323.234836260478 324.08199707667 326.937099297841 332.739075024923 337.170680363973 337.05989519755 337.554057439168 336.175998051961 335.906863212585 335.325797398885 334.869543711344 329.311529795329 326.677997907003
235.038777192434 209.387421607971 193.264464537303 187.900841236115 185.315688451131 191.417098045349 210.913022359212 242.235163847605 276.279807090759 303.821623325348 315.357247988383 315.744976202647 303.838829199473 282.106618086497 279.884497324626 300.635437170664 312.718490759532 319.902042547862 323.699116706848 321.691413720449 314.730008443197 312.369724114736 310.107032457987 310.013870398204 308.489203453064 306.582887967428 309.195319811503 315.000792344411 314.109802246094 310.037652651469 314.124683539073 317.869404951731 318.529605865479 318.847219149272 320.848743120829 325.326502323151 328.364968299866 331.130882104238 332.074284553528 331.645607948303 333.140631516774 334.987560908 336.565891901652 335.96142133077 330.570419629415 327.60234673818
219.727178414663 183.019896348317 161.393771568934 157.144844532013 156.838019688924 161.896646022797 169.246951738993 195.142328739166 222.112019856771 266.851782798767 309.696714083354 327.287316322327 329.557577768962 319.157083829244 299.478729565938 296.05891307195 300.651967525482 311.967690785726 322.078963120778 326.126833756765 325.270712375641 321.697036425273 320.370356241862 318.42307249705 315.344055493673 313.837329546611 316.329677899679 316.979825496674 312.167803446452 309.561848640442 313.107967376709 316.448966662089 316.703279813131 315.950910250346 318.489829699198 321.102499961853 321.380078792572 320.764541625977 322.801689306895 321.967860062917 325.325230757395 329.51949040095 331.357538700104 331.583718458811 328.626155853271 327.70570119222
186.572670936584 160.072803497314 140.015254418055 137.167274951935 153.041819731394 175.121982892354 175.993084907532 181.752999623617 202.813506126404 232.932090759277 279.295245806376 323.585788408915 335.658510526021 334.394176801046 323.142528533936 301.981548468272 293.574372927348 295.614818731944 308.65345398585 324.834704399109 329.310993353526 326.21705532074 327.120582262675 323.764006296794 319.095889727275 319.268663724263 321.844259897868 319.103995958964 313.291549682617 315.673768520355 317.447443803151 317.044198513031 315.151631832123 313.56277068456 314.088940620422 313.65168094635 312.461376190186 308.530588944753 310.369849205017 311.645984649658 315.11519352595 317.943692207336 319.755713144938 319.190541903178 324.00776942571 325.959424177806
164.53496615092 154.255280892054 137.89568344752 128.869156042735 133.620500564575 157.46858716011 178.844153881073 182.858983675639 198.988397916158 211.020072301229 236.361086368561 285.174012184143 329.219082991282 333.850622177124 331.177492936452 325.248142083486 318.06872288386 305.964350700378 298.327445983887 307.142198085785 322.902321815491 328.774611155192 330.204367637634 327.5266289711 323.197563489278 324.128051598867 327.266852060954 324.256678422292 320.911725362142 324.372708797455 324.678361415863 317.746837933858 313.891192277273 311.668972174327 307.458460330963 306.637187798818 303.555170694987 302.656133969625 302.034179369609 304.50979868571 306.61020676295 308.82728099823 309.796909491221 311.658342679342 321.340759595235 325.806836287181
156.383136908213 158.876150846481 153.851797183355 140.516360600789 124.434540669123 138.179242610931 167.300879955292 187.297503153483 204.424937566121 215.172588825226 224.403103192647 251.17697318395 294.898351033529 328.019519646962 333.520253499349 335.082292556763 333.880503972371 326.762080192566 312.615036964417 300.288140773773 308.864971001943 325.9490331014 327.208936214447 326.526582241058 326.817452907562 330.514967441559 333.062549432119 331.375857194265 328.842480977376 329.838693141937 326.517005761464 319.479823112488 315.195600191752 310.795406500498 306.558648745219 304.500639438629 301.982402801514 302.207589149475 302.198151747386 303.737799326579 304.776310920715 306.100269158681 306.173205375671 309.31027730306 315.970838069916 323.622604211171
164.657930533091 175.088127454122 181.459923585256 169.49599981308 148.704320192337 148.831337690353 171.000818411509 190.159440040588 209.806303183238 232.401887575785 238.11940352122 247.30529387792 271.473666032155 296.266833941142 326.190213362376 333.005587259928 333.834767341614 332.96674489975 330.487151940664 318.523248036702 304.673393567403 314.636170864105 319.912970066071 324.461460113525 330.080449581146 334.319512049357 336.117664972941 335.098584493001 330.736895402273 329.904774824778 325.495521227519 320.510665575663 315.971692403158 311.478972434998 308.772563934326 305.64550558726 305.338184038798 302.406628926595 301.830192406972 304.278632005056 307.513197263082 308.691402276357 307.320912679036 309.689362843831 309.800028800964 319.15028889974
176.483273506165 181.374768416087 194.648543993632 204.84999815623 192.096531391144 168.782750765483 168.877720832825 183.1467350324 199.623246987661 224.186917146047 238.855957984924 240.007162094116 251.562217871348 264.23857609431 284.165898958842 315.459529558818 327.36066977183 328.617294629415 329.518914222717 328.441460927327 323.116262753805 313.96875778834 314.810951550802 321.020404497782 327.240506807963 332.58310953776 336.042761802673 334.664305051168 328.699211279551 328.078230222066 324.049254258474 318.44174861908 314.245502154032 312.442580858866 310.310165087382 307.288289070129 305.195490519206 299.280365308126 297.987401485443 304.721633593241 308.603982130686 309.982359409332 310.844480991364 310.646255811055 308.764735857646 314.582725365957
