input/barkrak2/radiation/dir11524.grid
NCOLS 85 
NROWS 70 
XLLCORNER 665100 
YLLCORNER 4664600 
CELLSIZE 20 
NODATA_value -9999 
[rows 40 to 59 of 70, columns 0 to 45 of 85]
275.766889254252 277.371525764465 276.684542496999 278.788944085439 286.158243815104 291.160047054291 293.874482313792 298.387149969737 298.908988634745 286.007444063822 273.60745271047 269.125938415527 268.275777498881 264.84872897466 262.410918871562 263.142466545105 260.331968466441 260.37206252416 253.465155760447 253.410657246908 257.261077562968 260.182718435923 260.906259218852 256.037652492523 253.941257794698 251.487493515015 258.292158444722 260.159313678741 261.856893698374 262.804468472799 261.888166268667 261.508425076803 248.593429724375 249.467333157857 276.158372561137 276.049335797628 264.412840207418 259.077807267507 261.2317999204 261.098206043243 272.870222727458 300.392091274261 290.196518103282 225.442548592885 162.558396657308 128.771036863327
282.612383365631 280.473649501801 280.695180098216 280.171771844228 277.323206265767 275.628725687663 274.806300799052 275.484144687653 280.051430066427 272.272706031799 265.570759773254 266.270856062571 269.662419954936 269.04296875 266.832987467448 263.975044091543 258.588115374247 264.560619990031 264.304538567861 258.557597796122 260.019421577454 260.416587193807 256.908496220907 259.826044241587 260.181585947673 254.879593849182 257.378379503886 259.949843088786 262.220541636149 262.949566046397 263.498981793721 262.074112892151 252.284268538157 261.100729306539 273.502250512441 263.922393321991 246.979077657064 242.001970609029 245.770812034607 255.131045977275 281.343400478363 295.211533705393 291.789015134176 261.603752772013 204.090158144633 160.165131092072
285.830398400625 283.559640248617 286.102930704753 285.114030043284 278.702318668365 276.174346605937 274.787485599518 271.937211354574 272.363384564718 268.724918365479 266.368846098582 266.270041465759 268.995185693105 270.192305246989 270.229756832123 266.52729511261 264.233926932017 265.281001726786 269.757807254791 258.895397186279 255.814035733541 255.878170331319 250.210066636403 251.102924346924 256.488541762034 252.62991587321 247.088213761648 251.977324485779 255.605081717173 257.577141125997 260.995844999949 254.584650198619 255.739271640778 268.921375274658 271.446029345195 249.649167060852 233.223080635071 235.765755176544 246.440529823303 260.116676489512 270.575046539307 270.960052808126 260.453800360362 245.928108692169 210.215528806051 155.145059029261
272.89613087972 275.377710660299 282.717764377594 279.905120531718 281.84175491333 283.419251441956 283.137679100037 279.875953992208 270.252108573914 268.281400203705 270.336786905924 267.14547475179 266.684313615163 269.381940364838 269.031743208567 265.600363413493 263.937254746755 266.687075297038 264.473338921865 260.341306527456 254.51123714447 248.06147813797 246.854881445567 247.117360432943 245.153208573659 248.181859652201 244.602640469869 246.425906817118 252.331713835398 253.451943397522 249.492148558299 245.082875092824 252.865453561147 262.288133303324 257.13050365448 235.037306944529 229.406793912252 241.549054781596 257.201155026754 260.812977949778 258.155524730682 254.187067349752 245.004753271739 229.949831962585 200.792411963145 158.181726932526
271.817783514659 276.943107446035 278.808752695719 278.648853302002 280.25217851003 282.348732153575 282.788912455241 279.015640417735 274.597962697347 270.138144493103 271.86648050944 267.316559950511 264.515618483226 260.947326819102 259.813487529755 260.416785875956 255.867203076681 257.620712121328 260.334531466166 254.942794640859 250.185052553813 250.042140483856 248.312513033549 247.361501057943 244.084437688192 253.815293312073 253.820598125458 252.74258852005 251.705269018809 249.639809131622 243.936677773794 239.765048027039 243.32058429718 244.898060957591 240.443865458171 229.985296726227 233.483195304871 249.277492364248 261.650582154592 255.883773167928 255.76913356781 246.601084868113 235.424677530924 222.176671028137 202.814638614655 173.966288566589
276.47872765859 279.630442460378 277.401169141134 280.213038126628 279.059847195943 278.508603572845 279.109438260396 276.225348313649 278.414249420166 274.757345517476 271.691540877024 269.790430863698 265.983680884043 257.795333862305 258.986274401347 257.782419522603 250.246306260427 251.828332742055 258.28739007314 255.890786647797 252.558509508769 251.465022563934 251.145482063293 250.830193360647 250.681579113007 249.732851982117 255.597432454427 253.659645716349 252.839505672455 250.520984331767 244.771162668864 240.191340446472 240.843653678894 236.16902033488 225.883305072784 218.455652395884 226.563413937887 244.833370049795 250.197609265645 239.348769187927 244.556585947673 235.252996285756 227.200865745544 227.627098560333 224.40626223882 197.445750236511
275.304098924001 276.856382687887 279.239853223165 280.171493689219 279.207607110341 278.182625770569 278.8432041804 280.453741550446 277.76563167572 272.834936777751 271.77906036377 269.647856553396 265.116175015767 261.041541894277 260.574380556742 262.609680493673 258.289953072866 251.558820406596 259.054183959961 257.354040940603 253.91960144043 255.770206451416 253.711382548014 246.932963530223 255.644838015238 249.636252721151 250.340064366659 251.765509446462 252.582311630249 249.259273211161 246.047735214233 243.42413743337 239.636162916819 234.409193197886 226.80006424586 219.758947690328 226.131319999695 238.356550534566 238.427023092906 237.554927666982 241.292754809062 231.304208437602 231.613278388977 240.089555581411 241.663734118144 215.862572193146
270.196815331777 271.443645159404 275.476415952047 275.164643923442 277.192970116933 279.461979866028 277.835110823313 274.502178033193 274.565915266673 274.641255537669 272.03756570816 267.675459384918 264.95490471522 265.00411828359 260.812481244405 260.860045750936 258.556723594666 251.680990060171 253.981610139211 257.113536198934 253.232518831889 252.668758233388 253.770132859548 245.384991168976 250.592430432638 250.31578540802 245.340565840403 248.367428779602 250.028649965922 248.10657898585 248.588562011719 246.601243813833 238.827804724375 238.240937391917 241.275290648142 235.096712907155 234.067261219025 235.257923603058 238.502224286397 248.125672340393 241.590738296509 232.765436172485 238.49348227183 242.241581281026 238.827606042226 221.818029880524
262.80423005422 263.491968313853 266.415317853292 270.074903964996 275.546014308929 277.517477671305 275.231103102366 272.523661454519 273.890117804209 275.475819905599 274.34774239858 269.488910833995 266.170899073283 265.20311832428 263.036509354909 257.601300875346 257.551928361257 249.930540720622 252.935449282328 256.67405128479 256.937185923258 255.190869172414 255.636890729268 250.568528970083 250.247677167257 253.377000490824 249.29400285085 251.767575740814 256.270547707876 257.848381996155 260.304927825928 260.197460651398 249.335845311483 251.479804515839 251.752654711405 244.616727034251 244.086623191833 243.009646733602 243.259370326996 247.132261594137 236.096839110057 230.156461397807 227.699796358744 224.829037984212 222.872455914815 222.082237402598
258.236686388652 254.661361376444 259.320934613546 265.698492527008 270.765940348307 274.102727572123 275.408903757731 277.258018652598 276.317238807678 272.094051043193 274.17246500651 274.117569128672 269.293506940206 265.536526838938 264.38295841217 259.492615858714 256.412466367086 250.629623730977 254.914502302806 259.557684262594 260.021011034648 258.4148645401 256.831506888072 255.765000979106 251.637240250905 255.162179470062 255.220671494802 258.75182946523 263.749599456787 269.055306911469 273.682375748952 273.60204855601 263.487815856934 260.414898395538 255.430579185486 248.859862486521 246.779004732768 249.346733093262 246.557494004567 235.27737458547 224.466919898987 227.191627025604 225.844005743663 219.967484474182 217.135032018026 220.551371574402
259.24026966095 259.965678056081 262.180030345917 267.141878604889 267.337679862976 269.922534624736 275.361120700836 277.99532810847 276.51309967041 275.831162929535 275.631964206696 274.316410223643 269.603312015533 266.136507193247 264.564096927643 267.841180165609 259.743134180705 255.022585391998 255.197485287984 263.038595517476 263.368626435598 260.425647099813 256.543934345245 256.948093573252 252.496818701426 257.863581180573 260.570466518402 263.179580370585 264.672478040059 270.740667978923 276.253958543142 276.434044043223 269.091566403707 261.730472246806 249.40683444341 242.274085680644 244.409561157227 251.055618127187 244.347850481669 225.724200407664 219.848990440369 230.652133623759 231.694062550863 224.291443824768 220.843970775604 212.780316670736
257.831752300262 265.33975203832 265.84263642629 269.166191418966 267.594456672668 266.939640045166 271.505932013194 276.553829511007 274.961471557617 278.553903102875 275.690992673238 275.487939516703 271.955549716949 267.825086911519 264.53971862793 269.568343957265 264.807979265849 256.776213645935 253.966669241587 257.649560769399 260.397712389628 258.382022380829 255.92182079951 254.22873099645 251.530011494954 252.846717834473 256.682793299357 257.130523522695 258.791168530782 264.313995838165 271.935681502024 273.855090141296 264.082690080007 247.324188550313 215.011378129323 205.332378546397 222.645620505015 239.578644434611 243.586321671804 242.483238379161 243.180652459462 239.716231822968 222.25014368693 216.053068637848 225.155393282572 207.755307356517
257.346053918203 254.871110121409 255.606293678284 258.440474669139 265.372355779012 269.027551015218 267.501513163249 271.987020969391 271.942973136902 275.475561618805 275.016625722249 275.116185347239 275.180657704671 270.904004573822 265.554388364156 264.862755934397 267.108976840973 256.634513537089 251.401543617249 253.413021564484 252.79438495636 253.282388051351 253.101865450541 247.287134329478 250.030060609182 247.067411740621 248.175164063772 246.425529321035 248.463014761607 249.896625677745 254.986564318339 259.402970472972 243.335783481598 216.920256614685 183.939198652903 167.241136233012 179.618457953135 209.686875343323 236.895422140757 241.513629754384 243.450363477071 232.232530911764 213.647842407227 212.200502554576 216.38959646225 198.013802369436
262.456913789113 252.02476978302 249.334037303925 253.031730651855 264.050086339315 270.108163356781 269.362926483154 269.897778828939 272.074898084005 270.303209622701 273.209154605865 274.000108242035 276.20400985082 272.789756457011 267.52499739329 265.126883983612 265.876432259878 258.293271064758 253.511965274811 254.788994789124 255.882898966471 252.494057019552 250.608245531718 246.391256650289 245.152652263641 243.439634641012 242.709477742513 242.803871631622 241.286138693492 239.880522092183 232.514977455139 232.110480467478 210.009654362996 190.424839655558 177.298843860626 166.729132334391 152.071456114451 162.362813949585 184.295018513997 213.508228460948 227.797210216522 216.126720110575 210.956851641337 209.924042224884 195.554614067078 184.699277083079
263.872921466827 256.815393765767 252.626995245616 254.481633504232 263.923048973083 270.278990268707 273.314376672109 269.679804642995 273.340006669362 270.295242468516 273.652493953705 273.746450742086 275.790154933929 275.323450565338 269.893050193787 268.585364023844 270.113249619802 262.21227645874 256.809651851654 258.274972438812 258.269985516866 256.136377652486 253.242532412211 251.605490843455 247.655351956685 249.028901259104 244.511624177297 241.890947024027 235.762556393941 228.778004646301 219.218850135803 219.566444555918 209.284106890361 200.784146785736 202.321728070577 197.986721992493 178.699811299642 164.058029651642 155.686716238658 168.572545051575 191.604832808177 193.002025286357 184.041182200114 172.458787759145 169.772287209829 173.866033554077
267.038385073344 263.432025909424 257.246315479279 251.781086126963 258.31659634908 268.348058064779 271.953543027242 269.618729750315 270.711203416189 272.558470567067 277.616123358409 279.06455596288 277.092655499776 276.12292766571 272.745350996653 270.925839742025 270.7705895106 265.156785647074 261.319677035014 259.203751881917 257.425010204315 255.228817462921 257.168690363566 255.230148633321 250.795245170593 248.44882885615 243.063588937124 235.480944315592 228.899041811625 223.530888557434 220.28777996699 221.96227312088 215.903679529826 218.271712462107 224.585433801015 229.105750719706 229.802370071411 216.73305829366 198.225577672323 164.625306924184 169.226805369059 179.673095544179 178.446670373281 171.575625737508 175.155103206635 188.86278072993
269.084334373474 266.629735628764 263.524850209554 255.150377750397 254.145761330922 264.171938101451 270.367364088694 269.626677036285 268.08907588323 271.703243255615 277.381102244059 279.059886932373 275.037388006846 276.848832766215 274.077614148458 270.110229651133 271.3436683019 268.267035484314 261.140167713165 261.787712574005 260.2219581604 258.624454339345 254.740198453267 253.030339876811 250.726302464803 246.860861778259 229.530851046244 208.276728789012 203.741093476613 208.749334017436 217.770218849182 218.772292137146 214.939177036285 215.231120586395 227.13037331899 241.923987865448 254.804889361064 258.805314699809 250.13130903244 205.474674701691 175.003826618195 186.345597108205 200.268665949504 207.683185736338 214.23343817393 224.162836869558
268.478075663249 264.599601427714 265.222668647766 262.92739311854 256.032884120941 259.760737419128 269.948363304138 270.251790682475 267.62326558431 268.711467583974 277.485013008118 278.517782688141 273.667375246684 275.038758913676 275.483806927999 269.023636976878 268.9302166303 265.473564465841 261.723637580872 261.977970600128 264.009018739065 262.716948986053 258.182168006897 252.180516719818 251.389960447947 251.118222872416 233.155469099681 211.022893587748 208.799183368683 215.254684289296 225.41872660319 223.993599414825 224.200208981832 230.074127515157 241.239170233409 248.386919498444 245.024661223094 218.871076901754 199.27591085434 197.493294874827 202.556709448496 216.315368811289 208.882451057434 202.6393810908 196.854690710704 210.554341475169
259.192049503326 263.032615184784 262.742479642232 261.148730913798 258.439660072327 255.419353644053 269.016325473785 272.461195786794 269.159158070882 266.810456911723 272.220989068349 277.195294698079 274.709224700928 271.572152773539 271.752417087555 267.70289738973 264.943857987722 264.82492685318 263.643523057302 264.44011926651 267.163594563802 263.475179672241 261.622190475464 258.079051971436 250.013927618663 253.546675046285 248.703300952911 241.085986296336 237.228850523631 237.272143363953 238.554696242015 231.14800453186 235.388020674388 240.628004074097 238.573531309764 221.68089946111 203.465739885966 158.769845962524 137.069672346115 173.319101333618 213.765104611715 226.264913876851 206.98885122935 200.219968954722 201.301554838816 212.055087089539
247.804601987203 258.860270182292 260.489722092946 258.579631646474 259.985546271006 254.99681631724 262.700120608012 271.362682183584 275.405565897624 270.376880963643 271.546204884847 274.94744459788 274.824519952138 272.480905056 271.013001600901 268.438915411631 264.480908711751 262.085954348246 259.07438993454 254.819492499034 256.410797437032 255.237062772115 254.119873046875 252.122342586517 252.805848916372 259.74710782369 266.394833723704 266.728202501933 251.559595266978 249.046305815379 240.617374579112 229.596316814423 232.573171456655 213.980575402578 188.620865345001 162.38538424174 150.517016649246 136.720150709152 123.200605312983 138.402163982391 164.866000413895 195.434590180715 210.918207963308 228.590250015259 255.161543687185 258.730471134186
