input/barkrak2/radiation/dir18624.grid
NCOLS 85 
NROWS 70 
XLLCORNER 665100 
YLLCORNER 4664600 
CELLSIZE 20 
NODATA_value -9999 
[rows 0 to 19 of 70, columns 0 to 45 of 85]
353.436589241028003 355.733633041382 354.747374852498 349.833567937215 343.960603078206 339.1060034434 331.000049908956 324.803411960602 329.90429798762 328.541239102681 325.310707092285 333.482662836711 340.182900428772 340.008934338888 343.046029408773 353.515823682149 357.622702916463 355.024099349976 336.877584457397 326.77153746287 303.672830263774 297.663907210032 313.921709855398 319.867769877116 317.021091779073 314.301113287608 314.309557278951 305.879394213359 287.213285764058 279.841204484304 278.914491335551 283.12623500824 291.214982668559 296.796520551046 305.005510648092 297.467867533366 293.899595737457 301.856736342112 299.64021841685 301.979025204976 292.127132415771 272.656341393789 283.138910929362 309.128224849701 314.225832621257 305.04697561264
347.493290901184 352.729876836141 353.744308153788 351.448615392049 348.884423573812 344.212015469869 333.003838857015 322.176873683929 324.981729189555 326.840341091156 321.546932061513 328.277707099915 337.817509969076 338.791370391846 337.236444155375 343.046506245931 341.494957605998 340.912421544393 339.287638664246 332.326312859853 316.48995478948 306.646307309469 311.014294624329 316.409428914388 314.838568369548 310.600062211355 309.920350710551 304.454763730367 290.368775526683 280.349850654602 281.327128410339 290.194392204285 287.387053171794 290.89746872584 303.53037516276 295.616944630941 288.546085357666 290.215055147807 285.916388034821 300.116101900737 298.576792081197 285.88346640269 293.24201742808 313.358783721924 320.162018140157 308.784862359365
329.108357429504 330.526073773702 333.032826582591 335.606217384338 342.878500620524 345.155954360962 343.368331591288 338.039040565491 333.475947380066 329.626560211182 321.287790934245 321.54909769694 329.614857832591 331.84152841568 327.865640322367 330.771128336589 334.2338403066 338.298678398132 341.316858927409 338.413556416829 333.222071329753 323.263168334961 314.407030741374 313.313484191895 314.661602179209 314.541081587474 309.129118919373 302.878061930339 291.74925883611 279.472549756368 276.978492736816 288.757860660553 275.991857051849 282.897055149078 298.122684160868 292.511781056722 276.883562405904 269.61495478948 281.388382116954 300.682028134664 302.889545758565 303.127884864807 305.582960446676 320.331414540609 330.652991930644 316.33730729421
313.002745310466 310.028672218323 313.233276208242 317.090729872386 318.670550982157 317.602256933848 320.847312609355 328.310112158457 336.213866869609 338.652491569519 334.778428077698 331.754883130391 331.701815128326 331.047375996908 327.114482720693 321.222563584646 324.053486188253 329.607764879862 335.865418116252 338.538924853007 336.473782857259 333.484888076782 331.802725791931 324.751218159993 322.277824083964 324.023246765137 317.895352840424 309.188008308411 300.444861253103 290.547490119934 280.716796716054 287.347674369812 275.523920853933 282.09654490153 289.39829270045 290.27646780014 283.505241076152 280.220786730448 299.352685610453 313.172558943431 310.632169246674 303.219318389893 299.357036749522 307.437419891357 319.461544354757 321.148494879405
326.326628526052 313.854316870372 305.160403251648 290.195465087891 289.232035477956 302.202920118968 315.101782480876 321.586231390635 327.389518419902 331.059257189433 337.723215421041 342.13391939799 342.119932174683 340.93983968099 338.036815325419 335.796078046163 333.347956339518 329.315066337585 332.34707514445 337.107578913371 336.146195729574 336.031993230184 338.359673817952 333.588759104411 328.792035579681 327.823162078857 322.327295939128 313.709457715352 304.800629615784 299.203197161357 297.399957974752 294.415096441905 287.452061971029 290.113727251689 287.448604901632 291.378239790599 301.400283972422 307.139356931051 317.020455996195 322.577595710754 320.399860541026 312.495748202006 304.272929827372 299.908538659414 305.644551912944 326.773683230082
348.948160807292 335.129499435425 313.220381736755 289.456208546956 282.533844312032 291.513125101725 309.524953365326 321.860313415527 323.001384735107 322.17808564504 328.19789648056 335.182746251424 339.434305826823 341.974457105001 343.087712923686 343.461434046427 339.758237202962 332.183718681335 330.489158630371 333.640376726786 333.427270253499 336.351990699768 341.401298840841 338.658889134725 334.203322728475 333.472490310669 326.782504717509 317.782878875732 307.014524936676 300.11526743571 299.370288848877 295.136253039042 299.636999766032 306.312024593353 300.331592559814 297.617177168528 305.766582489014 313.473423322042 317.942341168721 318.257371584574 319.307545820872 315.561731656392 312.45368719101 311.77165110906 310.455699761709 316.736797491709
350.408554077148 340.95573425293 330.427646636963 316.473642985026 301.507751146952 291.367908318837 297.59693145752 316.204349199931 324.58899418513 329.252938429515 327.718297640483 324.667930603027 321.088095506032 318.836271762848 320.296823978424 329.045653343201 333.263754844666 337.955872217814 339.775323867798 339.392224947612 334.92644627889 330.596705277761 337.964614232381 339.838862419128 337.856372197469 339.150309562683 335.400422414144 327.638347943624 317.072669665019 309.684077898661 304.564793904622 305.032829443614 319.593330224355 326.169709364573 323.139468828837 316.005349159241 314.541399478912 318.467179934184 321.966171264648 327.631950378418 327.842911084493 323.662161827087 319.55474615097 313.361763954163 298.956990242004 292.242407798767
345.151702562968 345.127820968628 343.802531560262 339.170058568319 327.746351559957 306.414544582367 286.161224047343 288.17621866862 313.619395097097 328.042546908061 331.977744897207 329.588949680328 324.701567490896 319.273352622986 311.276912689209 313.629527886709 321.59411907196 329.532504081726 339.555184046427 344.318310419718 342.520952224731 335.705677668254 335.60570081075 338.861505190531 339.099645614624 341.447591781616 340.592304865519 336.241523424784 329.504489898682 325.062314669291 321.819663047791 322.201609611511 332.548201084137 336.504578590393 335.493644078573 331.348776817322 325.787901878357 322.403689225515 316.672325134277 323.693970839183 331.740339597066 335.038026173909 333.58105023702 323.829273382823 307.219942410787 291.074792544047
342.818021774292 343.566298484802 343.750556310018 342.501441637675 338.205178578695 327.87291208903 308.821320533752 286.58797343572 293.905059496562 312.40459283193 325.855573018392 329.866508642832 329.93495464325 328.789591789246 323.843598365784 318.572421868642 316.896597544352 319.856385389964 328.475693861643 336.28503481547 342.424472173055 343.682567278544 341.102997461955 338.65229288737 339.126030604045 342.42844581604 343.431750933329 341.296235720317 338.328242301941 338.525414466858 338.084737459819 337.177038192749 340.374946594238 341.826518376668 339.34489885966 336.970686912537 333.898305892944 325.725237528483 311.826388041178 315.224587917328 330.142557621002 333.318869272868 329.622864723206 326.158404350281 316.731194655101 307.488918304443
334.107001622518 338.332056999207 340.107282002767 339.967807133992 339.060425758362 339.398185412089 332.821468512217 321.970661481221 299.631595611572 293.437838554382 303.130408128103 320.414344469706 331.973771254222 335.928638776143 337.610244750977 334.585269292196 326.519389947255 323.620160420736 323.180576165517 325.259685516357 329.203506310781 332.691709200541 335.237582524617 336.354613304138 337.790012359619 339.841564496358 341.494798660278 340.322097142537 340.001980463664 342.280944188436 342.652400334676 342.611948649089 344.224770863851 345.694462458293 343.654712041219 339.693665504456 337.990442911784 333.157817522685 315.190672874451 310.903072357178 323.876957098643 324.86363252004 322.886983553569 321.373502413432 313.365300496419 304.110964139303
305.409749348958 314.675172170003 322.017312049866 327.347159385681 331.975678602854 335.807005564372 338.150898615519 337.474981943766 322.672307491302 303.476532300313 292.59862502416 299.149731794993 318.697333335876 331.91305398941 339.010636011759 334.772189458211 331.407010555267 328.48733663559 323.933283487956 319.281955560048 319.57479317983 319.348553816477 320.03519932429 326.964596907298 332.323392232259 335.630337397258 337.189753850301 336.660941441854 338.369607925415 340.638001759847 341.60304069519 343.262553215027 346.747120221456 347.927252451579 345.649401346842 342.519879341125 341.766436894735 341.319481531779 329.391221205393 316.45405292511 320.192555586497 324.118812878927 325.422863165538 325.279871622721 317.702174186707 308.721860249837
274.382630983988 278.743803501129 285.608808199565 295.241514841716 306.955933570862 318.180123964945 328.815877437592 332.295258839925 333.154479662577 324.950059254964 309.026519457499 292.308966318766 293.953061103821 311.892986297607 328.287084897359 328.757564226786 333.121200402578 332.301457722982 327.362577120463 321.116864681244 316.731413205465 313.425421714783 313.50036462148 319.545785586039 324.227333068848 326.60718758901 327.896118164062 330.256938934326 333.747148513794 336.066683133443 338.176886240641 341.583569844564 344.346404075623 345.192154248555 343.804915746053 342.2558705012 344.001054763794 345.15643119812 341.909448305766 331.854661305745 329.327543576558 332.037170728048 335.06715297699 335.149685541789 328.935941060384 326.524217923482
264.310479164124 261.521697044373 258.614977200826 258.648673693339 265.417456626892 278.368095556895 298.234462738037 313.906292120616 331.815123558044 333.960334459941 327.832738558451 313.172181447347 292.161146799723 290.295243263245 308.369040489197 325.528045495351 334.155837694804 335.249503453573 333.116948604584 327.775160471598 322.440087795258 321.513871351878 321.226080258687 321.884036064148 320.558985074361 319.432298342387 322.278141975403 327.605307102203 329.471270243327 330.313364664714 333.1085840861 335.73309580485 337.384303410848 338.254531224569 338.513692220052 339.861671129862 344.928661982218 347.315430641174 346.440434455872 344.954331715902 342.060963312785 341.291149457296 340.904315312703 340.233246485392 334.35841401418 331.219871838888
260.175069173177 235.838035742442 220.393538475037 214.357654253642 211.779177188873 217.489202817281 236.126144727071 266.905188560486 298.552672068278 322.883566220601 331.95686340332 332.570910453796 323.199331760406 304.909070332845 301.479776700338 320.181429386139 330.506364504496 336.610992749532 339.354316393534 338.085412979126 331.829448541005 329.764525095622 327.878415584564 327.866514523824 326.841453711192 324.916938940684 326.720496018728 331.575830777486 330.490966637929 327.206035455068 330.82373936971 333.164970080058 334.53369140625 334.842443466187 336.265802383423 339.866677920024 342.182079950968 344.076832135518 344.275196393331 344.170014063517 343.871593475342 344.688971837362 345.028122266134 342.934370040894 337.891499201457 333.027998606364
243.843972682953 210.801005363464 189.448555310567 184.714595476786 184.361537297567 188.958684603373 196.854790051778 219.291985034943 247.47622013092 289.597868919373 328.24315627416 342.080235481262 343.732118606567 336.180011431376 320.37893931071 315.970798333486 320.198277632395 329.959392547607 338.571468989054 340.922594070435 340.522130330404 337.177197138468 336.250821749369 334.868709246318 331.935564676921 330.441534519196 333.061178525289 333.352208137512 328.539907932281 326.661328474681 330.192844072978 332.990646362305 332.347770531972 332.53542582194 334.594170252482 336.76552772522 338.035543759664 336.323420206706 337.633689244588 337.485710779826 340.06675084432 342.283010482788 344.214916229248 343.154152234395 339.010159174601 336.470365524292
208.867828051249 184.866408507029 169.926842053731 166.004637877146 181.697428226471 202.948609987895 202.648123105367 206.408123175303 226.674874623617 256.322205066681 300.1802166303 339.741945266724 348.165233929952 347.268025080363 340.15158812205 322.576304276784 313.972373803457 315.768281618754 327.166040738424 340.326865514119 343.491077423096 340.96892674764 341.28475189209 338.870882987976 334.866960843404 334.894736607869 337.472160657247 335.113525390625 329.309244950612 331.699331601461 333.862860997518 333.535114924113 331.984102725983 331.624130407969 331.018805503845 330.657045046488 329.756478468577 327.321410179138 327.588359514872 328.569312890371 331.579089164734 333.65790049235 335.052688916524 334.922949473063 336.178064346313 337.826331456502
184.188683827718 175.268332163493 167.100052038829 158.14463297526 162.493308385213 185.890396436056 204.053382078807 207.167307535807 219.30323044459 233.248929182688 257.804413636525 305.829962094625 344.172120094299 346.075177192688 343.843698501587 340.625762939453 335.336685180664 326.044201850891 317.919154961904 325.837234656016 338.650782903035 342.443863550822 343.311945597331 341.261227925618 337.898015975952 338.810245196025 341.634432474772 339.014371236165 335.556864738464 339.175303777059 339.48016166687 333.916902542114 330.804228782654 329.172174135844 326.373418172201 325.636009375254 322.09841410319 321.353336175283 321.555455525716 322.59194056193 324.499130249023 326.399127642314 326.926747957865 328.469594319661 334.965467453003 338.144381841024
175.676544507345 179.77104584376 180.503646532694 170.575241247813 153.298854827881 162.197371323903 191.828966140747 207.065423329671 225.268224875132 238.27209075292 244.545976320902 272.498806317647 318.268140157064 343.457698822021 346.114754676819 347.10415204366 347.029685974121 342.132250467936 330.554266770681 319.739818572998 327.277859052022 341.311097145081 341.281652450562 340.027411778768 340.243379275004 343.687772750854 345.8172082901 344.08446153005 341.667016347249 343.138893445333 340.701659520467 335.09103457133 332.249681154887 328.237334887187 324.714819590251 322.952648003896 321.68843348821 320.976138114929 320.917089780172 322.22455739975 322.974642117818 324.127078056335 323.008974393209 325.700223445892 332.147240638733 337.991317113241
185.824592908223 196.460068225861 204.575896263123 198.565522829692 176.953971385956 171.154777208964 193.158586819967 210.375805695852 231.036603450775 250.786085923513 259.502053260803 266.522328058879 294.12704706192 325.969696044922 342.002948125203 346.127351125081 346.633513768514 346.173564592997 344.937046368917 335.479299227397 323.605636755625 332.266966501872 336.27982934316 339.864015579224 343.268156051636 346.589207649231 347.967346509298 346.357742945353 342.463731765747 342.122515042623 338.780403137207 334.92652575175 331.957459449768 329.117099444071 326.42920811971 323.868115743001 323.810458183289 322.224020957947 320.608297983805 322.734892368317 325.597643852234 325.468818346659 325.162768363953 327.315588792165 327.146470546722 334.859808286031
199.856241544088 204.496125380198 216.857473055522 232.001483440399 217.488408088684 188.481609026591 190.81981976827 202.407201131185 219.20915444692 242.347439130147 257.406214872996 260.42111714681 275.708238283793 292.014976342519 322.866022586823 339.373628298442 342.260440190633 342.990358670553 343.549172083537 343.662063280741 339.203000068665 331.650952498118 332.364877065023 337.342182795207 342.673619588216 346.589048703512 348.167061805725 346.022685368856 340.544541676839 340.167244275411 336.839397748311 332.101762294769 329.288105169932 328.941245873769 328.17671696345 325.135866800944 323.577026526133 318.577190240224 316.448628902435 322.342654069265 326.594869295756 327.711701393127 329.303105672201 328.133583068848 326.546251773834 331.175069014231
