input/barkrak2/radiation/dir18424.grid
NCOLS 85 
NROWS 70 
XLLCORNER 665100 
YLLCORNER 4664600 
CELLSIZE 20 
NODATA_value -9999 
[rows 0 to 19 of 70, columns 0 to 45 of 85]
354.412078857421989 356.583635012309 355.447729428609 350.309252738953 344.306389490763 339.412967363993 331.320961316427 325.146079063416 330.283383528392 328.872998555501 325.630565484365 333.864450454712 340.627868970235 340.446392695109 343.485355377197 354.099273681641 358.332316080729 355.828444163005 339.239120483398 327.422976493835 304.236511389414 298.081874847412 314.212063948313 320.808132489522 317.221204439799 314.375360806783 314.39479192098 306.038657824198 287.375032901764 279.971639315287 279.072165489197 283.162911732992 290.932754675547 296.520670255025 304.783880710602 297.36053943634 293.750882148743 301.618576049805 299.382964769999 301.727493604024 292.28538274765 272.340297698975 282.81037012736 308.981736501058 314.469118913015 304.90509668986
348.591089248657 353.676319122314 355.040152867635 352.009892463684 349.337140719096 344.635883967082 333.378036816915 322.483758131663 325.239539146423 327.159663041433 321.817656358083 328.618367513021 338.230609893799 339.196999867757 338.341037432353 344.285567601522 341.949343681335 341.433922449748 339.851856231689 332.976400852203 317.033549149831 306.957403818766 311.153372128805 316.540718078613 314.923604329427 310.595730940501 309.956014156342 305.414934953054 290.51148891449 280.471901098887 281.454602877299 290.16649723053 287.051260471344 290.553251902262 303.316553433736 295.478085676829 288.328925768534 290.630658467611 285.550494988759 299.857258796692 298.387308915456 285.837272802989 293.064653873444 313.336690266927 320.1997478803 308.658480644226
330.383876959483 331.592877705892 333.990494410197 336.461742719014 343.69969367981 345.942536989848 344.090382258097 338.612715403239 333.894491195679 329.99579111735 321.621477603912 321.85423374176 329.874157905579 332.064886887868 328.082660833995 330.954829851786 334.400097529093 338.573058446248 341.769059499105 338.966568311055 334.3452612559 323.545396327972 314.546267191569 313.412030537923 314.719955126445 314.592003822327 309.200565020243 302.996416886648 292.349874973297 279.85010544459 276.953756809235 288.585921128591 275.570352872213 282.508969306946 297.885318597158 292.305529117584 276.528358459473 269.150098164876 280.98996480306 300.447940826416 302.750011285146 303.305208683014 305.680175622304 320.611635843913 330.808063348134 316.268642743429
314.746737480164 311.193188031514 314.345717430115 319.520731767019 320.968985557556 319.541990756989 321.857770284017 329.246719678243 337.026119232178 339.966972668966 335.315903027852 332.122921943665 331.934491793315 331.217408180237 327.238281567891 321.242451667786 324.112633864085 329.814970493317 337.014039357503 339.019695917765 336.954196294149 333.961407343547 332.162161668142 324.996034304301 322.49790430069 324.230293432872 318.067967891693 309.345841407776 300.564189751943 290.578683217367 280.654271443685 287.115375200907 275.092124938965 281.721472740173 289.120296637217 289.982914924622 283.142606417338 279.829442501068 299.106438954671 313.714345296224 310.645222663879 303.295036156972 299.484690030416 307.502071062724 319.408317406972 321.116665999095
327.44840780894 315.019965171814 305.129090944926 294.550677140554 291.771193345388 303.351402282715 316.166122754415 322.609961032867 328.361451625824 331.993838151296 339.280684789022 342.740058898926 343.342224756877 341.293454170227 338.314851125081 336.031079292297 333.624601364136 329.680065313975 332.791606585185 337.588508923848 336.660742759705 336.566964785258 338.795344034831 333.950479825338 329.110582669576 328.062434991201 322.530647118886 313.888231913249 304.941813151042 299.319803714752 297.453920046488 294.162114461263 287.094116210938 289.797306060791 287.166217962901 291.128516197205 301.196316878001 306.984225908915 317.030231157939 322.712004184723 320.536990960439 312.699198722839 304.304877916972 299.812575181325 305.538376172384 326.951245466868
349.904815355937 336.253801981608 317.708710829417 290.620426336924 285.368005434672 292.665104071299 310.610890388489 322.923243045807 324.039200941722 324.307858943939 329.152683417002 337.158958117167 341.306924819946 342.742045720418 343.785246213277 344.099362691243 340.378244717916 332.644820213318 330.97771803538 334.088802337646 333.870649337769 337.1741771698 342.649579048157 339.060107866923 334.552049636841 333.762248357137 327.018161614736 317.966043949127 307.139873504639 300.199886163076 299.322287241618 294.851938883464 299.365897973378 306.11906449 300.159831841787 297.460774580638 305.651923020681 313.440481821696 318.042476971944 318.355679512024 319.415052731832 315.68177541097 312.886297702789 311.815202236176 310.563604036967 317.193726698558
351.801156997681 342.528343200684 331.443885962168 318.8370068868 302.646577358246 292.523900667826 298.737585544586 317.258795102437 325.608571370443 330.227116743724 328.706800937653 325.689037640889 322.119275728862 319.880326588949 321.325341860453 330.003619194031 335.051814715068 338.712096214294 340.376615524292 339.863181114197 335.319916407267 331.084311008453 338.347832361857 340.247472127279 338.235855102539 339.513540267944 335.720459620158 327.90607213974 317.274928092957 309.790094693502 304.50185139974 304.847776889801 319.513897101084 326.185385386149 323.18389415741 316.376407941182 314.592719078064 318.587879339854 322.154323259989 328.325053056081 328.136404355367 323.946118354797 319.758931795756 313.455899556478 299.052437146505 292.409638563792
345.81200281779 346.296350161235 345.277468363444 339.294672012329 328.805327415466 307.544668515523 289.012173811595 289.356291294098 314.723054567973 330.138007799784 332.926630973816 330.56644598643 325.727999210358 320.341646671295 312.384724617004 314.719835917155 322.640200455983 330.490370591482 340.368509292603 344.976862271627 343.06267897288 336.137215296427 335.964401563009 339.261213938395 339.518944422404 341.879328091939 341.011683146159 336.635986963908 329.857349395752 325.297772884369 321.905295054118 322.227915128072 332.679867744446 336.71236038208 335.761825243632 331.620494524638 325.995663801829 322.63974348704 316.939453283946 324.174523353577 332.350790500641 335.467338562012 333.850701649984 323.924799760183 307.246685028076 291.027585665385
343.54821840922 344.295581181844 344.939986864726 343.331615130107 339.13250764211 328.905383745829 311.101853847504 287.775258223216 294.991393884023 313.46333026886 326.879402001699 330.861210823059 330.921590328217 329.792141914368 324.898680051168 320.886452992757 317.960898081462 320.902188618978 329.444368680318 337.14481194814 343.19277604421 344.351410865784 341.672341028849 339.23868338267 339.696804682414 343.008041381836 344.005346298218 341.852744420369 338.847875595093 338.943719863892 338.983019193013 338.021715482076 340.749422709147 342.210531234741 339.729229609172 337.326407432556 334.235390027364 326.027274131775 312.091549237569 315.604329109192 330.506642659505 333.544532457987 329.716881116231 326.226512591044 316.832005977631 307.613650957743
335.46249071757 338.937441507975 340.967615445455 341.093103090922 339.934269587199 340.304056803385 334.707021713257 323.00062974294 300.742665926615 294.605692227681 305.656532446543 321.486115455627 332.948724428813 336.843331654867 338.513215382894 335.529883702596 327.544967333476 324.659705162048 322.885930538177 326.27147436142 330.174346764882 333.640813827515 336.136738459269 337.198734283447 338.987310727437 340.584675470988 342.229843139648 341.048240661621 340.718229611715 342.938661575317 343.771974245707 343.239267667135 345.438083012899 346.203049023946 344.128410021464 340.153892834981 338.859637578328 333.54115486145 315.480709075928 311.136523882548 324.029922485352 324.896117051442 322.880784670512 321.919282277425 313.453078269958 304.211815198263
306.627213954926 315.835952758789 323.120713233948 328.39447259903 332.965493202209 336.746374766032 339.080095291138 338.42945098877 323.750913143158 304.612378279368 293.771584828695 300.319671630859 319.791356722514 333.730657895406 339.212457338969 335.736076037089 332.413673400879 329.516410827637 324.986080328623 320.336977640788 320.643583933512 320.440729459127 321.108301480611 327.972253163656 333.255072434743 336.507558822632 338.05521329244 337.52429485321 339.189092318217 341.417709986369 342.358469963074 343.988656997681 347.387194633484 348.526080449422 346.241394678752 343.106786410014 342.316269874573 341.81555112203 329.767425855001 316.62505865097 320.260683695475 324.144721031189 325.456043084462 325.365821520487 317.878564198812 308.761338392893
275.747199853261 280.094524224599 286.93554798762 296.528816223145 308.184246222178 319.336851437887 329.865554968516 333.309849103292 334.161003430684 327.003260453542 310.195406277974 294.982393582662 295.116742451986 313.009202480316 329.324126243591 329.783717791239 334.1064453125 333.29975605011 328.403949737549 322.198232014974 317.852278550466 315.507849057515 314.638237158457 320.640563964844 325.287123521169 327.639162540436 328.911821047465 331.246972084045 334.694107373555 336.981932322184 339.059909184774 341.723203659058 345.121622085571 345.943093299866 344.55943107605 343.570788701375 344.636956850688 345.682700475057 342.374364535014 332.133670647939 329.499204953512 332.188248634338 335.269729296366 335.409084955851 329.203804334005 326.802571614583
266.644696394602 262.941757837931 260.974109172821 260.05885998408 266.806483268738 279.692490895589 299.475948015849 315.064013004303 332.834283510844 334.958871205648 328.894038995107 314.319252967834 293.371776739756 291.508615016937 309.545954068502 326.610465844472 335.15465259552 336.234092712402 334.128936131795 328.815619150798 323.525210221608 322.613139947255 322.32799132665 322.980880737305 322.44877020518 320.53146759669 323.355098565419 328.634043534597 330.479939778646 331.314086914062 334.078073501587 336.652596791585 338.28600247701 339.144786198934 339.392940203349 341.49952729543 345.661083857218 347.943862279256 347.046136856079 345.468401908875 343.023737271627 341.697295506795 341.325362523397 340.648015340169 334.792812665304 331.640283266703
262.37295071284 238.12876145045 221.91059589386 216.822147369385 213.267465432485 218.94230445226 237.533926963806 268.219669659932 299.769083658854 324.005981286367 332.986831665039 333.6021900177 324.303249518077 306.058367093404 304.113646348317 321.266214052836 331.53760433197 337.581197420756 340.282638867696 339.038292566935 333.705981572469 330.792427062988 328.925251960754 328.912854194641 327.898343404134 325.989147027334 328.557391961416 332.567016283671 331.48854970932 328.240672747294 331.824839115143 334.972023963928 335.472742716471 335.777997970581 337.183912595113 340.734044710795 344.083150227865 344.836354255676 345.01858552297 344.900051752726 345.290740331014 345.311721165975 345.585425694784 343.427022298177 338.419715563456 333.657622337341
245.286266009013 212.363521258036 191.030542055766 187.122782071431 185.902317365011 190.447986125946 198.523898919423 222.387591997782 248.73024225235 290.786902109782 329.298535982768 342.993497848511 344.615697860718 337.167263031006 321.447749932607 318.465391794841 321.280360221863 330.986877282461 339.518785476685 341.818332672119 341.432889302572 338.820536931356 337.207198143005 335.843523343404 332.940578460693 331.458250681559 334.058841069539 335.156798362732 329.550306002299 327.699025472005 331.202467282613 333.970824877421 334.267099698385 333.496769269307 335.533221562703 337.677280108134 338.923255602519 337.21137046814 338.510155677795 338.362654050191 340.90252717336 343.046108881633 344.929615656535 343.842546145121 339.688062667847 337.092598279317
210.213204224904 186.337610085805 171.542902787526 168.43976577123 183.233618736267 204.395512739817 203.962326049805 207.571585973104 227.802435557048 257.429758707682 301.239331563314 340.66100915273 348.955074946086 348.080078760783 341.092785199483 323.668281237284 316.354155540466 316.876987616221 328.207453091939 341.251254081726 344.34715906779 341.864267985026 342.810908953349 339.791059494019 335.834741592407 335.859576861064 338.416337966919 336.085478464762 330.8211962382 332.682510217031 334.833145141602 334.50977007548 332.976440588633 332.618196805318 333.012998104095 331.63970708847 330.743849277496 328.333814938863 329.599956671397 329.556783040365 332.533836364746 335.63764890035 335.942427317301 335.811257362366 337.635000546773 338.584462801615
185.414910316467 176.573832829793 168.730656305949 160.722444454829 163.962841033936 187.181870142619 205.341319243113 208.296060562134 222.564061482747 234.247624874115 258.773962656657 308.563391367594 345.040718714396 346.874554951986 344.676415125529 341.566801071167 336.328903834025 327.082435290019 318.970421950022 326.873560746511 339.598973592122 343.311389287313 344.720164934794 342.126170794169 338.817040125529 339.722871780396 342.515150705973 339.928229649862 336.491028467814 340.075492858887 341.151158014933 334.886471430461 331.809639930725 330.192983150482 327.420512835185 326.691150665283 323.158542315165 322.417894999186 322.624305884043 324.649294217428 325.521111488342 327.404499053955 327.907045682271 329.436361789703 336.740215619405 338.943719863892
176.908373832703 181.070625782013 182.167152563731 172.195792198181 154.757469892502 163.292268911997 192.914625008901 210.480431715647 226.179401079814 239.201784133911 245.427052179972 273.838798205058 320.79416513443 344.352245330811 346.928556760152 347.888429959615 347.854137420654 343.055367469788 332.703212896983 320.792237917582 328.292151292165 342.222015062968 342.786510785421 340.893069903056 341.105739275614 344.516595204671 346.612493197123 344.895084698995 342.499931653341 343.960523605347 341.572523117065 336.044788360596 333.255410194397 329.269508520762 325.77912012736 324.032465616862 322.776317596436 322.0441142718 321.98973496755 323.288758595784 324.007670084635 325.15021165212 325.171728928884 326.680620511373 333.072443803151 338.841438293457
187.154710292816 197.801868120829 206.038812796275 200.195054213206 178.376714388529 172.08460966746 194.06654437383 211.204508940379 231.824278831482 251.901388168335 260.21953423818 267.248372236888 297.133227189382 326.906641324361 342.925349871318 346.959511439006 347.450971603394 347.009221712748 345.815380414327 337.58278687795 324.636578559875 333.263337612152 337.260007858276 340.786178906759 344.682534535726 348.015705744425 348.708550135295 347.093423207601 343.247095743815 342.929005622864 339.648922284444 335.846344629924 332.942605018616 330.156207084656 328.257838884989 324.941356976827 324.882030487061 323.304613431295 321.683506170909 323.794146378835 326.628943284353 326.481719811757 326.179663340251 328.296303749084 328.106681505839 335.746844609578
201.273957888285 205.919543902079 218.242804209391 233.593622843424 222.176770369212 189.325431982676 191.607256730398 203.119496504466 219.89647547404 245.573123296102 258.068839708964 263.559818267822 276.546100775401 294.693191846212 323.844850063324 340.331753094991 343.1769212087 343.888203303019 344.433387120565 344.559073448181 341.262539227804 332.632859547933 333.381096522013 338.31000328064 343.566219011943 347.407420476278 349.686821301778 346.765081087748 341.343879699707 340.97953637441 337.698380152384 333.017309506734 330.268323421478 329.96940612793 329.226851463318 326.960603396098 324.653347333272 319.689631462097 318.631529808044 323.398232460022 327.612300713857 328.725755214691 330.304046471914 329.107542832692 327.527205149333 332.092761993408
