input/barkrak2/radiation/dir10524.grid
NCOLS 85 
NROWS 70 
XLLCORNER 665100 
YLLCORNER 4664600 
CELLSIZE 20 
NODATA_value -9999 
[rows 40 to 59 of 70, columns 0 to 45 of 85]
251.301825046539 253.217915693919 253.101309140523 254.587829113007 262.843569119771 268.473148345947 272.224326928457 276.439766089122 275.591055552165 262.105047702789 247.349381446838 242.540538311005 241.595904032389 236.406604448954 236.465056737264 232.479592164358 232.816795508067 230.235675970713 227.109630902608 223.50537776947 225.572427113851 234.445929527283 233.590324719747 228.695114453634 224.457879861196 223.915497461955 231.331626574198 234.033306439718 236.488540967306 237.814466158549 237.081964810689 242.462515830994 232.800225416819 235.836227734884 263.891557852427 263.578037420909 251.013557116191 244.408925374349 247.023006280263 250.363866488139 263.370255629222 286.906441052755 266.91214243571 190.569698810577 124.577641487122 92.8338865439097
258.83028904597 256.614545981089 256.171524524689 255.138019720713 252.90455420812 250.373899936676 248.328626155853 248.709897200267 253.409703572591 244.712869326274 236.437976360321 238.159835338593 240.464647610982 239.498058954875 238.195598125458 234.853307406108 227.692723274231 234.362443288167 233.33352804184 228.551308314006 227.979858716329 228.732347488403 229.282001654307 230.706493059794 230.919003486633 225.208838780721 230.126102765401 233.570019404093 236.679474512736 237.637837727865 238.399386405945 240.353127320608 234.690546989441 247.32768535614 260.828693707784 250.161528587341 232.784529527028 226.298709710439 228.914876778921 239.573458830516 269.286572933197 283.374667167664 274.978836377462 234.700739383698 168.032646179199 124.045411745707
261.944969495138 258.772095044454 260.552028814952 260.268668333689 253.345668315887 249.586562315623 247.441371281942 243.443250656128 243.721783161163 238.731245199839 237.119436264038 236.499985059102 236.022452513377 241.815666357676 238.367358843486 234.212001164754 231.777528921763 236.025373140971 237.074732780457 230.855027834574 227.597971757253 226.041793823242 222.193121910095 225.057442982992 228.914717833201 224.852800369263 221.207102139791 226.890524228414 232.901255289714 235.212286313375 235.670526822408 233.45007499059 237.408379713694 252.988537152608 257.863978544871 235.126396020254 218.479633331299 220.00656525294 229.236284891764 242.761313915253 253.714263439178 254.752655824025 242.900907993317 222.977817058563 178.432583808899 118.019143740336
246.198077996572 247.850477695465 254.609962304433 254.449526468913 255.040446917216 256.213029225667 254.10928328832 251.227358977 238.840997219086 237.887461980184 239.625533421834 235.601087411245 234.572231769562 239.108065764109 238.656500975291 234.769244988759 234.442015488942 237.468540668488 237.016081809998 232.500433921814 226.342916488647 223.710159460704 220.599909623464 220.786074797312 223.049759864807 226.38730208079 220.636169115702 222.770055135091 227.441747983297 230.708042780558 228.664974371592 224.516153335571 232.627987861633 245.322863260905 242.164889971415 220.613598823547 214.846869309743 226.286311944326 240.412851174672 243.507504463196 239.75400129954 236.246625582377 226.899305979411 207.360068957011 173.155168692271 124.67223405838
242.581486701965 247.615774472555 249.521017074585 250.725924968719 252.406080563863 253.660678863525 254.001359144847 249.557654062907 245.163381099701 239.373505115509 241.175790627797 236.989518006643 233.656803766886 231.454968452454 232.084254423777 230.928063392639 227.693875630697 231.613377730052 234.565198421478 230.96630970637 227.973103523254 225.814878940582 224.112232526143 223.266323407491 221.969644228617 230.28165102005 232.666671276093 229.490876197815 228.678425153097 226.834416389465 221.309502919515 218.798538049062 223.259011904399 224.7647245725 222.72127866745 215.007543563843 218.950212001801 233.858784039815 244.30247147878 238.115111986796 238.041599591573 229.493379592896 218.801995118459 203.04814974467 178.348084290822 143.393695354462
247.748176256816 250.939706961314 248.87216091156 251.157959302266 250.050822893778 250.200112660726 250.56783358256 249.393582344055 250.375330448151 244.578798611959 242.024938265483 241.238395373027 237.021207809448 231.630682945251 229.418317476908 231.73443476359 225.753486156464 227.631787459056 234.401603539785 231.963992118835 228.51304213206 229.369024435679 227.132658163706 226.962486902873 226.974924405416 226.099650065104 232.507268587748 232.605914274851 229.974389076233 227.949321269989 223.822971185048 219.238857428233 220.54926554362 215.456604957581 207.463343938192 201.844970385234 210.574706395467 228.512167930603 232.582588990529 220.327774683634 225.623408953349 217.293540636698 210.34969886144 209.900498390198 202.705224355062 170.776208241781
247.122466564178 247.792541980743 249.504963556925 251.839677492777 251.925806204478 251.647512118022 252.212285995483 252.670208613078 249.549865722656 247.911274433136 245.083073774974 244.3754474322 239.505589008331 235.169351100922 234.63237285614 236.896355946859 234.377721945445 227.361142635345 233.234206835429 231.523474057515 229.961315790812 230.009615421295 227.821091810862 225.276370843252 232.321282227834 225.965778032939 226.864596207937 230.548719565074 229.745149612427 228.426933288574 226.831158002218 222.743550936381 219.410359859467 214.966277281443 208.807031313578 202.992677688599 208.823005358378 220.593313376109 221.185386180878 219.620664914449 221.807758013407 212.592681248983 214.45506811142 223.344544569651 222.630063692729 192.980090777079
240.359604358673 242.71434545517 247.065405050913 248.117923736572 252.894600232442 252.810418605804 249.572098255157 249.965230623881 249.995549519857 249.908526738485 247.004866600037 242.304503917694 241.154789924622 239.433646202087 236.911336580912 235.003670056661 232.598463694255 225.246548652649 229.950308799744 231.284697850545 229.215482870738 228.752255439758 230.103611946106 223.685483137767 226.882259051005 226.676722367605 221.54559691747 226.887842019399 228.911201159159 227.221449216207 228.08974981308 226.268589496613 218.658864498138 219.778974850973 224.080681800842 219.728748003642 217.747489611308 217.551648616791 221.086760361989 231.511791547139 224.171797434489 214.299082756042 219.711462656657 224.839250246684 221.042017141978 202.776789665222
233.11189810435 234.84480381012 240.82072575887 243.608355522156 249.628007411957 253.198047478994 249.475161234538 247.781455516815 250.636617342631 250.803510348002 249.606291453044 244.301915168762 242.485324541728 241.592526435852 239.270389080048 233.52857430776 231.530626614889 225.561022758484 228.86598110199 232.917030652364 233.183781305949 231.476326783498 232.118288675944 229.195713996887 226.511875788371 229.953229427338 225.760559240977 228.604038556417 235.650757948558 237.757205963135 240.937213102976 241.173406442006 230.02686103185 231.399377187093 234.762489795685 230.753799279531 229.648510615031 225.71078936259 225.678662459056 229.567627112071 219.016929467519 212.277869383494 209.592441717784 206.675489743551 203.729907671611 204.016506671906
231.884022553762 228.071173032125 233.099738756816 241.471767425537 245.628257592519 249.421000480652 250.967860221863 252.890368302663 253.29448779424 248.783707618713 251.060724258423 249.356110890706 245.876173178355 241.939266522725 238.812923431396 235.538899898529 232.392211755117 228.660027186076 231.061259905497 236.047029495239 236.683626969655 237.296223640442 233.417471249898 234.838128089905 228.151281674703 234.15865500768 234.410385290782 236.067275206248 241.771101951599 250.0106493632 255.769590536753 254.990577697754 244.534830252329 240.89107910792 235.827386379242 234.330932299296 233.467916647593 234.595815340678 230.514963467916 217.856764793396 207.109292348226 209.259768327077 208.134134610494 201.739490032196 197.080413500468 200.73664188385
233.05610815684 233.747621377309 236.080606778463 243.044356505076 243.357539176941 244.762937227885 250.758528709412 255.155444145203 253.641804059347 252.882202466329 252.663413683573 251.349270343781 248.084187507629 242.569128672282 241.018752257029 244.580010573069 235.979676246643 233.537554740906 233.943859736125 239.864667256673 242.467681566874 237.295269966125 235.553781191508 233.776827653249 229.060212771098 234.950661659241 240.342934926351 240.886628627777 245.220720767975 252.216060956319 258.9084704717 262.170354525248 253.002643585205 242.944439252218 230.402529239655 226.175526777903 230.137308438619 236.761530240377 229.023039340973 208.764215310415 201.799392700195 212.173203627268 212.884823481242 206.0293952624 201.800127824148 193.946361541748
231.356143951416 239.467998345693 241.71382188797 243.723670641581 243.63778034846 242.921809355418 249.517520268758 253.552556037903 251.925269762675 255.888601144155 254.489541053772 252.633055051168 250.598033269246 244.398891925812 243.052462736766 248.600204785665 243.356823921204 233.279466629028 232.725203037262 236.433784166972 237.084070841471 237.165709336599 234.867711861928 230.783899625142 228.037615617116 229.604125022888 233.85892311732 234.500368436178 238.855977853139 245.126922925313 253.868520259857 257.657647132874 247.110605239868 228.868782520294 193.643848101298 186.285436153412 204.779187838236 223.827322324117 229.932288328807 228.070418039958 227.378169695536 223.250051339467 203.943431377411 198.297222455343 206.496596336365 194.153308868408
232.493142286936 229.932328065236 230.652093887329 235.21759112676 241.221765677134 245.18358707428 243.662317593892 250.223716100057 248.611311117808 252.492785453796 252.114256223043 254.057347774506 252.430518468221 247.748414675395 242.201209068298 241.48831764857 243.916352589925 233.031868934631 227.521856625875 229.451219240824 228.89119386673 229.577501614889 231.759508450826 225.660304228465 226.430793603261 223.398526509603 224.709153175354 225.521922111511 225.315491358439 224.561035633087 232.699672381083 241.15522702535 224.219640096029 195.044159889221 163.059423367182 146.941949923833 158.915042877197 189.04185295105 218.251168727875 226.419627666473 227.760454018911 215.126554171244 195.73970635732 194.235265254974 198.487182458242 183.891932169596
237.850626309713 226.778904596965 223.934531211853 229.566136995951 239.805499712626 248.074591159821 245.695173740387 247.98055489858 248.758018016815 248.699645201365 250.129759311676 252.859870592753 253.556529680888 251.762608687083 244.297583897909 243.718345959981 244.754115740458 234.696606794993 231.872757275899 233.177741368612 234.295248985291 228.76105705897 226.863861083984 222.529609998067 221.39306863149 219.692528247833 219.058851401011 219.294667243958 217.827796936035 214.036742846171 204.703907171885 207.32710758845 194.933911164602 175.813416639964 161.397914091746 145.294964313507 130.457937717438 140.355507532756 162.484467029572 194.071451822917 212.497035662333 199.369072914124 193.534950415293 190.952877203623 180.61896165212 169.669906298319
239.348828792572 231.876273949941 227.481524149577 231.391151746114 239.768226941427 248.386025428772 250.015556812286 247.755289077759 250.14583269755 248.674809932709 250.626047452291 252.633432547251 253.098924954732 254.538218180339 246.849179267883 245.556553204854 247.181236743927 238.875985145569 233.267982800802 237.059772014618 237.096806367238 232.621769110362 229.66468334198 228.112598260244 224.067608515422 223.139067490896 220.977286497752 218.315323193868 214.399476846059 207.288523515066 197.467009226481 196.492513020833 187.845508257548 185.2205991745 186.090509096781 179.647286732992 157.224317391713 142.066419124603 134.028593699137 145.721594492594 176.39156182607 178.461114565531 168.552160263062 155.833770831426 153.022269407908 158.049553632736
242.775777975718 240.405996640523 232.454538345337 228.708207607269 233.85485013326 246.416131655375 248.514254887899 247.682372728984 247.275829315186 251.247862974803 255.033254623413 254.79131937027 254.538575808207 253.614624341329 249.965945879618 248.132427533468 250.065763791402 244.433681170146 238.114515940348 235.849837462107 236.128528912862 234.007239341736 233.934720357259 234.660744667053 230.050047238668 227.656066417694 221.924463907878 213.864962259928 207.009812196096 201.755821704865 200.559397538503 201.745510101318 198.594907919566 203.22197675705 210.156222184499 213.957746823629 211.420337359111 197.087605794271 177.471518516541 143.246392409007 147.777160008748 163.99343808492 162.828683853149 153.313259283702 156.27916653951 171.841979026794
244.991759459178 243.845125039419 239.154616991679 232.297718524933 229.595601558685 242.106397946676 246.770819028219 247.687121232351 244.451602300008 250.602662563324 256.959776083628 258.527755737305 254.18895483017 256.212890148163 253.650526205699 247.235596179962 250.702083110809 245.405793190002 240.252951780955 240.711887677511 239.159226417542 240.024705727895 233.890056610107 227.381149927775 225.03540913264 221.093058586121 203.363200028737 181.995193163554 177.591800689697 184.694588184357 194.362084070841 198.440432548523 197.268525759379 199.675758679708 211.990694204966 225.810706615448 238.568743069967 241.370399792989 235.002875328064 186.649004618327 152.977069218953 167.969485123952 182.645837465922 190.527439117432 195.94403107961 207.621097564697
244.332631429036 241.632719834646 241.006930669149 238.737761974335 231.698115666707 237.618088722229 247.877875963847 248.369852701823 244.003236293793 247.668206691742 255.004604657491 257.831215858459 252.663691838582 254.313071568807 255.105137825012 245.995322863261 248.04151058197 244.592785835266 238.624056180318 239.003916581472 238.897224267324 237.597604592641 232.805947462718 226.480444272359 225.771546363831 226.091861724854 208.466072877248 185.433030128479 182.377378145854 191.05194012324 199.953774611155 202.557583649953 207.841773827871 214.476486047109 228.727300961812 229.220966498057 227.943897247314 198.68270556132 184.992452462514 181.131700674693 184.379359086355 197.355568408966 195.744474728902 182.171026865641 177.737414836884 192.056775093079
234.305719534556 239.955226580302 239.994744459788 238.762259483337 236.176550388336 233.036796251933 246.989150842031 250.818471113841 247.617522875468 245.90257803599 251.355210940043 254.643062750498 252.043624718984 248.644193013509 248.972157637278 244.681239128113 241.692145665487 241.787532965342 240.752438704173 241.73758427302 242.325822512309 238.419353961945 236.528058846792 230.331857999166 229.435960451762 233.120600382487 228.457152843475 220.137198766073 216.562867164612 217.09398428599 216.049134731293 211.498002211253 216.553548971812 228.178143501282 221.437394618988 210.29531955719 190.306226412455 141.601453224818 118.7437971433 153.654674688975 193.106571833293 204.651772975922 194.555004437764 184.261759122213 182.111402352651 191.774487495422
223.51481517156 235.658963521322 237.620115280151 236.102720101674 237.779537836711 232.584456602732 238.642632961273 249.683459599813 252.707699934642 247.767567634583 250.595211982727 252.16019153595 253.89556090037 249.616901079814 248.156944910685 247.373779614766 241.191446781158 238.904376824697 235.847512880961 233.842353026072 235.611379146576 236.770411332448 235.720892747243 233.877857526143 234.825968742371 241.872807343801 249.58465496699 250.580350557963 232.50671227773 232.531348864237 222.904980182648 211.644868055979 216.054519017537 201.150317986806 173.45933119456 145.632078250249 134.328822294871 119.94347969691 104.544679323832 116.726587216059 140.292217334112 174.716770648956 195.895632108053 214.940269788106 239.951650301615 241.133729616801
