input/barkrak2/radiation/dir11324.grid
NCOLS 85 
NROWS 70 
XLLCORNER 665100 
YLLCORNER 4664600 
CELLSIZE 20 
NODATA_value -9999 
[rows 40 to 59 of 70, columns 0 to 45 of 85]
270.936767260234 272.617220878601 272.514402866364 274.677912394206 281.558255354563 286.692241827647 290.190637111664 294.84611749649 294.482191403707 282.358845074971 268.56126387914 264.001170794169 263.130863507589 259.615500768026 257.169286410014 257.769147555033 255.012989044189 255.118906497955 249.605337778727 246.324439843496 251.85215473175 256.603936354319 257.389565308889 252.392649650574 248.513956864675 244.465370972951 253.010769685109 256.692449251811 258.452296257019 258.015771706899 258.531987667084 258.314271767934 245.448629061381 246.925393740336 274.049282073975 273.405194282532 261.738439400991 256.35161002477 258.608222007751 259.139478206635 271.159331003825 297.900398572286 285.891910394033 220.50944964091 156.608442465464 121.688812971115
278.535107771556 275.779565175374 276.00489060084 276.103933652242 273.187160491943 270.784497261047 269.900381565094 270.544012387594 275.162756443024 268.214861551921 260.405798753103 261.087656021118 264.537811279297 262.644648551941 261.591871579488 258.655448754628 253.219187259674 259.334166844686 260.567982991536 251.252174377441 254.597942034403 255.06329536438 251.527984937032 254.542986551921 254.917005697886 247.584700584412 252.093553543091 254.852573076884 257.30307896932 258.084356784821 258.669157822927 257.683396339417 249.260087807973 258.631666501363 271.291315555573 261.569241682688 244.166413942973 239.043434460958 242.569267749786 252.138217290243 279.118855794271 293.086151281993 288.629412651062 256.494482358297 198.029716809591 150.851865609487
281.812091668447 279.48389450709 281.537572542826 280.519644419352 274.56146478653 271.392981211344 269.896725813548 266.894082228343 267.308294773102 263.634224732717 261.207143465678 261.051376660665 263.813098271688 265.016416708628 265.042801698049 259.755909442902 258.938670158386 259.978314240773 262.851258118947 255.386114120483 250.324428081512 248.6159602801 246.533830960592 245.65045038859 249.228596687317 245.282749334971 243.564327557882 248.485604921977 250.535031159719 252.556343873342 254.493316014608 251.299341519674 252.678414185842 265.838464101156 269.229412078857 247.126082579295 230.351368586222 232.776900132497 243.174870808919 256.980041662852 267.310659090678 267.857392628988 257.118145624797 241.51090780894 204.385240872701 144.56448952357
268.59442392985 270.572384198507 278.052389621735 275.189240773519 277.204712231954 278.771976629893 278.420249621073 275.033116340637 265.174011389414 263.160288333893 265.222807725271 261.923213799794 259.990334510803 264.171044031779 262.29206720988 260.314504305522 258.593638737996 261.399865150452 259.152809778849 253.004928429921 247.086445490519 242.559552192688 239.486992359161 239.629169305166 241.67795976003 244.753261407216 239.156663417816 241.056700547536 247.142672538757 248.346308867137 246.130228042603 241.669158140818 248.517254988352 259.485642115275 254.587392012278 232.218126455943 226.659874121348 238.662560780843 254.117449124654 257.37198193868 254.933555920919 250.120262304942 241.708755493164 225.256025791168 195.199728012085 150.024841229121
266.90012216568 271.331469217936 273.99218082428 273.867070674896 275.497078895569 277.65158812205 277.295390764872 273.363550504049 268.632789452871 265.016674995422 265.56122303009 260.629157225291 259.197692076365 253.929714361827 254.43555911382 251.646478970846 248.585522174835 252.165873845418 254.951655864716 251.479605833689 246.679762999217 244.57973241806 242.826561133067 243.917862574259 240.625639756521 248.423834641775 250.558416048686 247.434695561727 246.493478616079 246.240198612213 240.453541278839 236.254533131917 239.944636821747 241.608818372091 237.380862236023 227.189699808757 230.743189652761 246.461272239685 258.444309234619 252.460241317749 252.139409383138 243.449946244558 232.348660628001 218.540589014689 198.049267133077 167.768438657125
271.57461643219 274.781664212545 271.686335404714 274.656494458516 273.511787255605 272.838215033213 273.366669813792 271.308481693268 272.43036031723 268.582542737325 263.741930325826 264.593144257863 255.838135878245 252.374132474264 250.215868155162 252.350052197774 246.671795845032 248.356481393178 252.864221731822 250.437200069427 249.061584472656 247.953752676646 245.668828487396 245.33083041509 247.386713822683 246.467590332031 252.376755078634 250.368197758993 247.687896092733 245.49013376236 239.860892295837 236.687242984772 237.417836983999 231.807351112366 221.977035204569 215.150793393453 223.526457945506 241.947213808695 246.782263120015 235.68069934845 241.294284661611 232.007304827372 224.038700262705 224.259754021962 220.268984635671 192.347884178162
269.355018933614 271.003464857737 273.530681927999 274.490257104238 273.474494616191 271.166602770487 272.859533627828 275.623003641764 270.489950974782 267.736077308655 266.628126303355 264.43612575531 259.812712669373 257.395426432292 255.167484283447 257.236341635386 254.850526650747 248.123387495677 253.634393215179 253.88898452123 248.465140660604 250.376264254252 248.258113861084 243.638376394908 250.194350878398 244.151790936788 244.933466116587 248.419205347697 247.452298800151 245.88817358017 242.653052012126 238.600452740987 235.034465789795 230.220437049866 223.482390244802 216.579258441925 222.794969876607 234.810928503672 235.018372535706 233.975330988566 238.045811653137 227.968494097392 228.398442268372 236.961662769318 238.074898719788 211.60759528478
261.992871761322 265.332857767741 269.415974617004 269.076923529307 272.29098478953 272.243499755859 270.531555016836 270.759681860606 269.567847251892 269.562343756358 266.883810361226 264.049251874288 261.355559031169 259.689966837565 257.319152355194 257.335940996806 253.10754776001 244.019548098246 250.527103741964 251.699566841125 247.776468594869 247.218231360118 250.434358914693 242.092470328013 245.07615963618 244.869311650594 239.894648392995 244.957566261292 246.651689211527 244.705677032471 243.815342585246 241.869966189067 235.376139481862 234.894931316376 237.652719020844 232.238988081614 231.050193309784 232.053836186727 234.873791535695 244.584123293559 238.527635733287 229.014833768209 234.454731146495 238.779624303182 235.669692357381 218.330899874369
255.263884862264 256.952563921611 261.200149854024 264.972031116486 269.315620263418 272.587259610494 270.278970400492 267.491559187571 270.257671674093 270.406285921733 267.727911472321 264.291723569234 262.619733810425 261.724889278412 257.665514945984 252.153217792511 252.101957798004 244.344512621562 249.499797821045 251.249889532725 251.533647378286 249.742309252421 250.192364056905 247.343361377716 244.724929332733 247.995734214783 243.908286094666 246.466080347697 253.025015195211 254.649857680003 257.217764854431 257.110953330994 246.095498402913 247.156918048859 248.009343942006 242.083152135213 241.197188695272 239.509026209513 240.199327468872 243.488828341166 233.060399691264 226.94726785024 224.474847316742 221.631030241648 219.112853209178 218.764166037242
252.861817677816 250.589390595754 253.960311412811 261.807401974996 265.640040238698 269.09331480662 270.443538824717 272.295951843262 271.276414394379 268.524487813314 269.08282438914 269.011616706848 264.057159423828 260.224143664042 259.048859278361 254.083375136058 252.920508384705 247.239609559377 249.397953351339 254.157861073812 256.741484006246 255.200544993083 251.39590104421 250.294009844462 248.433311780294 251.956264177958 252.063433329264 255.633950233459 258.663753668467 266.179462273916 270.98951737086 269.450386365255 260.627468427022 257.513503233592 251.493175824483 246.324479579926 244.421680768331 246.774733066559 243.679742018382 232.187867164612 221.272846062978 223.592480023702 222.650150458018 216.312289237976 212.792019049327 217.366099357605
253.919363021851 255.976339181264 256.819625695546 261.879463990529 263.556122779846 263.455788294474 270.343363285065 273.010889689128 273.001452287038 270.76248327891 270.548780759176 269.208172957102 266.153772672017 260.845561822255 261.122306187948 262.571454048157 254.323124885559 251.759986082713 252.010862032572 257.67582654953 260.184168815613 257.243911425273 253.389457861582 251.497228940328 247.014800707499 254.758377869924 257.578194141388 257.935563723246 261.844972769419 268.091082572937 273.790160814921 274.089058240255 265.226801236471 257.61467218399 246.398329734802 239.460448424021 241.904695828756 248.176515102386 241.666833559672 222.298006216685 216.558039188385 226.842363675435 228.663861751556 221.260011196136 217.083434263865 209.78452761968
250.942210356394 260.013699531555 262.12203502655 263.943910598755 262.39534219106 261.722981929779 267.872114976247 271.519442399343 271.438221136729 273.531536261241 272.260626157125 270.418524742126 268.521984418233 262.565890947978 259.180744489034 266.310254732768 259.483695030212 251.267313957214 250.776449839274 254.429777463277 255.024234453837 255.126794179281 252.751350402832 248.753746350606 248.331030209859 249.731202920278 251.295606295268 254.160384337107 255.89378674825 261.576135953267 269.374370574951 271.500110626221 261.654535929362 243.423263231913 211.570064226786 201.436479886373 219.086865584056 235.88361342748 241.21371905009 239.626983801524 240.449806054433 236.768066883087 218.547860781352 212.944388389587 222.156127293905 204.986532529195
251.868824164073 251.014351844788 250.121454397837 254.547814528147 260.133107503255 263.821959495544 262.238005797068 268.419325351715 266.791701316833 270.378967126211 271.567980448405 271.738012631734 270.099699497223 265.708009401957 260.207911332448 261.498272418976 261.829594771067 253.397663434347 248.111327489217 247.911055882772 247.315287590027 249.950389067332 249.85549847285 244.007706642151 244.504789511363 241.523146629333 244.984289010366 243.325253327688 243.000785509745 244.469781716665 249.734282493591 256.617526213328 240.682899951935 210.859338442485 180.380741755168 163.325786590576 175.690790017446 205.408016840617 233.190715312958 239.164312680562 240.379134813944 228.886504968007 210.170388221741 207.611083984375 213.45055103302 195.215145746867
257.104734579722 248.025814692179 243.759493033091 249.127507209778 258.718570073446 266.492903232574 264.123161633809 266.313473383586 266.908744970957 266.828099886576 268.071393171946 270.6165711085 272.828261057536 269.460837046305 262.222905953725 261.771599451701 262.604176998138 252.821564674377 247.976263364156 251.453598340352 250.431001186371 246.987839539846 245.098392168681 243.088285128276 241.923987865448 240.20904302597 239.513138930003 239.639858404795 238.132894039154 234.36838388443 227.076590061188 228.723605473836 205.5770556132 187.541782855988 174.18764034907 162.824024756749 147.922138373057 157.751828432083 179.346919059753 210.273861885071 222.691357135773 213.437000910441 206.908345222473 203.961471716563 192.55135456721 181.786795457204
258.583128452301 252.851625283559 247.084279855092 250.711480776469 258.545835812887 266.722738742828 268.147150675456 266.098896662394 268.191377321879 266.813556353251 268.505950768789 270.384351412455 270.714541276296 272.039949893951 266.592701276143 263.318419456482 264.894584814707 256.811181704203 253.582119941711 252.8315782547 255.038380622864 250.705579916636 247.777819633484 246.099452177684 246.791481971741 243.506868680318 238.954146703084 238.562742869059 232.529203097026 225.44926404953 213.8685186704 214.834630489349 205.837627251943 197.822113831838 199.216365814209 194.462875525157 174.396554629008 159.9067846934 151.588171720505 164.679656426112 188.548684120178 190.132995446523 181.00502093633 169.200420379639 166.508932908376 170.837680498759
261.822879314423 259.559750556946 251.764098803202 248.047967751821 252.809961636861 264.817436536153 266.76336924235 266.034881273905 265.500823656718 269.162853558858 272.529403368632 274.028519789378 272.035717964172 271.046221256256 267.553647359212 265.698472658793 267.576694488525 262.035131454468 255.901078383128 255.975107351939 254.155139128367 252.001663049062 251.735091209412 252.221206823985 247.756640116374 245.399236679077 239.911258220673 232.164442539215 223.40053319931 218.132257461548 216.853479544322 218.604922294617 212.297995885213 215.286453564962 221.909364064535 226.250569025675 226.163804531097 213.090896606445 193.879306316376 160.598297913869 161.541601022085 176.623423894246 175.427973270416 168.034116427104 171.492020289103 185.601512591044
263.895610968272 262.800494829814 258.158008257548 251.453121503194 248.569448788961 260.593811670939 265.147566795349 266.042192776998 262.807826201121 268.403748671214 274.224698543549 275.822043418884 271.731436252594 273.593326409658 270.951588948568 266.882479190826 266.145586967468 262.983679771423 257.999996344248 256.421446800232 254.849016666412 255.514403184255 251.676281293233 249.967535336812 247.636278470357 243.682225545247 225.99450747172 204.458991686503 198.260386784871 205.070455869039 214.298963546753 214.016596476237 211.784362792969 211.363991101583 223.988155523936 239.483535289764 252.243638038635 255.115389823914 247.427384058634 201.92430416743 171.20772600174 182.615995407104 197.204232215881 204.395274321238 210.731605688731 221.027215321859
263.292849063873 260.731319586436 259.878357251485 257.516225179036 250.510593255361 256.264587243398 264.673213164012 266.680300235748 262.314041455587 265.473306179047 272.370179494222 273.49716424942 270.325700441996 269.912560780843 270.358304182688 263.777216275533 263.685584068298 262.287338574727 258.581519126892 258.864204088847 258.678456147512 257.36407438914 255.116860071818 249.052921930949 250.521938006083 247.745712598165 228.056271870931 207.152565320333 203.221996625264 209.63583389918 220.005949338277 219.264547030131 219.407757123311 225.732684135437 238.908350467682 243.219494819641 242.849290370941 209.218084812164 196.403861045837 194.368958473206 199.088037014008 213.152786095937 206.222891807556 196.725944677989 193.229556083679 207.070231437683
253.875950972239 259.148875872294 257.344047228495 257.553140322367 252.942442893982 251.884440581004 263.646225134532 268.948336442312 263.864358266195 261.451919873555 268.986066182454 272.164305051168 271.38348420461 266.367673873901 268.49502325058 264.414807160695 259.629050890605 261.640230814616 258.274952570597 259.100635846456 261.806070804596 258.065660794576 256.127993265788 247.932354609172 244.540572166443 248.382925987244 243.835647900899 237.806737422943 231.643458207448 234.437604745229 233.252922693888 228.009025255839 232.672254244486 236.858824888865 236.253678798676 219.290236632029 200.83890358607 155.46582142512 133.544623851776 169.494966665904 210.13214190801 222.797036170959 204.515357812246 197.179476420085 197.612702846527 208.182235558828
242.224295934041 255.00096877416 256.734867890676 254.980742931366 254.527608553569 251.45697593689 257.315754890442 267.861644426982 270.228584607442 267.299135526021 268.233080705007 269.865254561106 271.484653155009 269.16891336441 267.738143603007 265.138268470764 259.154498577118 256.682316462199 253.621697425842 251.697738965352 253.316581249237 252.162496248881 251.059730847677 249.103903770447 247.37282594045 254.675447940826 261.741201082865 261.725862820943 246.112624804179 246.434390544891 237.648526827494 224.73132610321 229.732791582743 211.302598317464 185.60794989268 159.169594446818 147.380699714025 133.441875378291 119.578629732132 134.167542060216 160.65239906311 191.832025845846 208.070953687032 226.029813289642 252.388099829356 255.731523036957
