input/barkrak2/radiation/dir16024.grid
NCOLS 85 
NROWS 70 
XLLCORNER 665100 
YLLCORNER 4664600 
CELLSIZE 20 
NODATA_value -9999 
[rows 20 to 39 of 70, columns 0 to 45 of 85]
208.27861626943 201.304872830709 217.600127061208 258.622944355011 253.004213174184 203.523596127828 188.486456871033 192.366520563761 207.915981610616 227.845867474874 240.792711575826 250.734587510427 259.502609570821 274.435102939606 289.43920135498 320.082306861877 334.029316902161 337.186892827352 341.839512189229 348.071535428365 350.088040033976 343.910932540894 343.009948730469 344.473361968994 345.428546269735 346.567471822103 347.271203994751 344.085971514384 339.50396378835 339.146534601847 333.528757095337 323.634425799052 315.957009792328 312.827050685883 311.688800652822 315.970301628113 316.195646921794 318.411628405253 322.757562001546 326.464434464773 327.304422855377 326.149721940358 328.119238217672 324.252327283223 327.039440472921 330.30100663503
233.450333277384 234.139839808146 253.398239612579 283.411920070648 278.674383958181 218.568285306295 198.834717273712 200.230836868286 207.411666711171 221.349159876506 235.133727391561 242.94102191925 250.438570976257 257.415493329366 272.026817003886 292.810400327047 318.505346775055 332.546770572662 337.528308232625 344.886779785156 348.341703414917 352.076252301534 352.398594220479 351.827700932821 349.079489707947 345.482150713603 342.001398404439 338.679273923238 337.661186854045 331.001659234365 315.125425656637 288.093050320943 269.453267256419 268.421014149984 276.133437951406 294.14157072703 301.270961761475 314.984639485677 323.90695810318 323.588808377584 322.003801663717 321.181019147237 315.003494421641 302.52859989802 320.571541786194 327.210168043772
271.882752577464 280.528426170349 289.905289808909 300.048629442851 299.989660580953 253.673791885376 221.914748350779 205.721418062846 205.075999101003 215.833763281504 233.395198980967 242.239574591319 257.003366947174 263.011972109477 271.678249041239 284.975111484528 299.583713213603 319.518347581228 332.199096679688 333.390434583028 336.132049560547 345.313509305318 348.973592122396 348.899443944295 346.417983373006 344.922622044881 341.270208358765 336.082537968953 325.42626063029 308.168351650238 264.682730038961 214.471201101939 194.87738609314 212.748249371847 240.697900454203 264.872332413991 282.414714495341 300.341387589773 311.754981676737 314.737220605214 317.580421765645 317.008217175802 296.484688917796 278.025686740875 302.031258742015 324.641426404317
290.187736352285 293.982823689779 296.954890092214 304.602841536204 304.297069708506 285.837769508362 244.640489419301 215.235809485118 199.889918168386 205.024023850759 230.09975751241 244.026243686676 258.324086666107 275.209228197734 277.275522549947 281.29243850708 294.517000516256 310.033063093821 320.014278093974 322.323222955068 320.895731449127 324.543158213298 333.666841189067 339.702606201172 340.603272120158 331.509629885356 316.774427890778 300.041794776917 273.859242598216 231.857240200043 194.426516691844 169.627507527669 143.347263336182 142.721255620321 156.305342912674 194.047808647156 233.320156733195 259.653091430664 277.002116044362 285.37396589915 284.905950228373 270.798623561859 256.717960039775 288.993100325267 286.352574825287 318.46030553182
282.043615976969 284.471889336904 295.944472153982 306.407928466797 298.52306842804 286.304513613383 255.201478799184 233.195781707764 213.445703188578 206.715325514475 222.769180933634 238.698482513428 254.073739051819 268.273929754893 276.7320672671 281.577050685883 290.417035420736 301.378826300303 312.747677167257 311.250249544779 318.566064039866 315.484782059987 317.987163861593 310.14076868693 301.415801048279 298.189640045166 289.117435614268 277.763585249583 244.348883628845 188.768823941549 167.098502318064 164.646416902542 147.138088941574 124.925315380096 116.706490516663 130.551437536875 176.885485649109 214.191635449727 240.937232971191 253.308435281118 243.431349595388 221.657156944275 243.105212847392 304.703136285146 296.744545300802 319.612125555674
276.902238527934 280.837754408518 293.881376584371 302.640477816264 299.236615498861 288.013100624084 264.007270336151 255.621711413066 245.140353838603 229.892472426097 230.006555716197 248.954892158508 263.757546742757 280.240595340729 285.227398077647 282.86208709081 289.428512255351 301.343222459157 307.840824127197 315.050443013509 322.579701741536 308.768173058828 290.414452552795 291.359484195709 292.05189148585 289.944112300873 278.219660123189 264.923453330994 221.854964892069 193.410853544871 192.333896954854 209.214488665263 213.900287946065 189.436952273051 155.504842599233 136.271297931671 152.942558129629 181.103487809499 221.931517124176 236.992140611013 218.823075294495 209.900478521983 251.545965671539 290.845195452372 310.62638759613 331.539432207743
278.91598145167 280.826409657796 289.482216040293 299.123227596283 311.305463314056 296.424031257629 278.693874677022 266.433914502462 264.527936776479 258.894006411235 252.992967764537 267.817536989848 278.880178928375 292.908668518066 295.20187775294 289.662877718608 290.612479050954 303.644458452861 311.625997225444 312.493801116943 306.952595710754 304.693480332692 300.235271453857 296.10804716746 293.328921000163 289.274632930756 279.056032498678 265.135089556376 228.41070095698 222.476204236348 244.507332642873 267.742355664571 271.843393643697 284.495731194814 265.031218528748 179.644465446472 164.983461300532 176.866412162781 203.172822793325 235.031882921855 227.861920992533 259.085138638814 252.40433216095 265.117128690084 301.645537217458 320.611437161763
283.138076464335 279.376248518626 282.647550106049 295.034090677897 332.021454970042 305.112361907959 282.83437093099 265.50821463267 265.977283318837 273.996889591217 269.288957118988 272.349198659261 287.516176700592 296.156406402588 300.069530804952 298.638085524241 296.983818213145 302.013337612152 301.913857460022 306.665996710459 305.178920427958 298.573017120361 298.091351985931 300.283273061117 300.329168637594 296.076973279317 286.127885182699 276.010930538177 250.763456026713 248.906294504801 273.478249708811 288.244048754374 286.260823408763 300.189773241679 327.092528343201 260.637084643046 195.732474327087 182.862083117167 195.381581783295 238.302131493886 265.203893184662 310.65575281779 263.030588626862 256.497184435527 287.387569745382 298.670927683512
280.204037825267 272.421518961589 276.445984840393 301.496863365173 342.925667762756 304.48442697525 273.245294888814 260.072688261668 265.357375144958 276.167015234629 271.829962730408 270.548065503438 286.410590012868 295.759618282318 301.125685373942 306.399305661519 299.973209698995 290.757755438487 299.464225769043 301.377614339193 300.628403822581 294.121642907461 295.45783996582 300.886829694112 304.273029168447 299.565474192301 294.977784156799 284.384508927663 261.678496996562 256.025274594625 279.089351495107 297.433793544769 295.834581057231 294.070978959401 316.148082415263 321.001052856445 232.048730055491 174.382428328196 166.591266791026 209.055562814077 273.811817169189 290.381590525309 254.484216372172 232.832392056783 259.182572364807 273.239195346832
272.676984469096 264.703710873922 273.439029852549 311.874488989512 339.634656906128 300.530691941579 266.522963841756 248.967329661051 246.931910514832 253.841439882914 253.194411595662 261.254807313283 280.616799990336 299.416700998942 300.853848457336 303.145408630371 301.150540510813 289.91695245107 291.245877742767 293.449183305105 293.981353441874 294.108927249908 294.891079266866 300.215601921082 305.26081720988 302.929043769836 301.635364691416 290.238440036774 269.074956576029 265.001018842061 283.919453620911 301.965276400248 297.472278277079 293.697953224182 302.747408548991 323.2728044192 311.763922373454 237.515429655711 188.388844331106 197.412331899007 235.477983951569 248.809595902761 248.003621896108 218.682487805684 231.570223967234 259.070118268331
260.741670926412 271.041671435038 300.483644008636 346.198002497355 348.530451456706 305.589616298676 270.542899767558 242.303331693014 234.906693299611 245.744009812673 240.847130616506 239.697655042013 273.494521776835 295.146147410075 301.95422967275 304.004768530528 305.990735689799 294.483443101247 295.524815718333 296.10417286555 295.356631278992 298.678199450175 301.624258359273 303.286910057068 305.293758710225 309.603949387868 308.327933152517 298.659423987071 282.093246777852 277.521351973216 289.495090643565 302.180409431458 299.63219165802 298.975427945455 302.374263604482 304.971436659495 329.027752081553 341.191093126933 276.055773099263 228.738764921824 216.537614663442 207.591354846954 223.086456457774 221.092144648234 228.497763474782 264.111240704854
279.294848442078 304.295420646667 321.865657965342 326.514442761739 355.376164118449 337.515115737915 303.383151690165 264.976461728414 249.227563540141 264.523466428121 258.951922257741 241.632103919983 258.884231249491 290.359695752462 302.167097727458 306.730588277181 306.340118249257 306.346615155538 298.894683519999 299.539605776469 299.964646498362 304.478208223979 306.191444396973 304.890036582947 307.949801286062 313.359359900157 315.481940905253 313.025832176208 299.570838610331 293.03381840388 296.319127082825 299.883623917898 301.600674788157 305.736005306244 308.106203873952 296.348730723063 305.187980333964 343.547741572062 341.366291046143 283.368527889252 233.480016390483 206.486980120341 207.245449225108 225.410103797913 249.564568201701 276.685615380605
308.799107869466 316.684782505035 305.355807145437 297.549406687419 316.464483737946 338.578303654989 334.564924240112 306.750893592834 284.007449944814 286.41684850057 290.351271629333 266.394515832265 262.46186097463 286.792079607646 304.051776727041 306.241830190023 304.212729136149 307.73131052653 300.77463388443 299.732645352681 305.306335290273 306.739767392476 305.09748061498 307.338277498881 308.403114477793 317.187507947286 321.213086446126 321.751634279887 308.766643206279 299.936195214589 306.146562099457 308.687726656596 304.637948671977 306.794544061025 310.967326164246 301.017880439758 300.305525461833 320.573170979818 326.142509778341 302.272121111552 272.677262624105 231.06058438619 212.84544467926 220.051527023315 241.526325543722 273.217618465424
297.983586788177 289.825320243835 282.290021578471 271.093726158142 271.509905656179 292.522430419922 314.675172170003 312.877535820007 303.717970848083 305.471897125244 306.340257326762 290.882309277852 281.813720862071 291.847904523214 304.764151573181 305.266181627909 303.625067075094 307.077368100484 301.783978939056 302.725374698639 304.493844509125 305.80731232961 306.010146935781 303.228418032328 307.261248429616 314.039866129557 319.138487180074 318.992873032888 311.568319797516 306.949933369954 311.973373095195 309.700171152751 299.12656545639 298.600455125173 303.175926208496 287.899533907572 285.094161828359 286.228656768799 281.245648860931 286.715626716614 296.23822371165 262.759943803151 234.307328859965 225.080887476603 226.742406686147 246.779084205627
290.410737196604 279.370407263438 285.751859347026 271.275738875071 263.113220532735 274.977147579193 301.827172438304 327.118198076884 324.942688147227 312.970260779063 301.434199015299 301.875392595927 308.982153733571 309.073487917582 308.735887209574 306.146045525869 307.988325754801 302.939613660177 303.10046672821 307.443837324778 306.716918945312 304.497361183167 304.658452669779 301.606376965841 305.988510449727 308.523217837016 315.688769022624 312.052090962728 310.276031494141 311.953703562419 313.283642133077 302.690664927165 287.458519140879 292.804300785065 292.063931624095 275.904814402262 276.643534501394 276.800990104675 284.457484881083 307.456016540527 306.189894676208 292.716403802236 270.834485689799 254.724005858103 236.496011416117 229.775150616964
310.996731122335 305.436134338379 315.143843491872 309.940218925476 299.716432889303 304.524004459381 321.568965911865 344.55672899882 338.909506797791 315.713504950206 300.58632294337 309.365650018056 323.65087668101 320.752402146657 315.000752607981 318.131407101949 312.559723854065 309.205015500387 311.581174532572 312.710086504618 310.570081075033 304.298202196757 305.164436499278 307.217439015706 305.917143821716 307.185391585032 309.37651793162 307.533701260885 308.659275372823 315.033654371897 312.202930450439 301.811536153158 289.000550905863 289.768755435944 282.992084821065 278.731882572174 283.81077448527 284.164806207021 296.238780021667 326.868693033854 295.312186082204 281.41838312149 271.714488665263 263.403554757436 246.609489123027 225.151141484578
337.329149246216 334.299604098002 336.463848749797 339.186588923136 329.984545707703 323.595841725667 328.205108642578 342.929482460022 340.251088142395 312.774817148844 304.344594478607 316.429416338603 330.463846524556 322.386423746745 317.428052425385 318.94048055013 324.174920717875 315.552771091461 315.803527832031 317.466576894124 315.059701601664 310.004909833272 308.806856473287 308.910270531972 307.236889998118 307.895461718241 308.335622151693 311.15468343099 311.79279088974 317.198971907298 314.245661099752 304.370601971944 291.578392187754 285.591244697571 278.113265832265 283.251225948334 289.742906888326 288.598259290059 291.711290677388 315.493106842041 284.597297509511 242.638210455577 231.415311495463 225.651184717814 222.925245761871 217.06489721934
350.814620653788 347.608327865601 342.283487319946 343.303442001343 337.941646575928 329.57245906194 325.977206230164 331.380426883698 338.28075726827 320.38422425588 320.187509059906 328.805188337962 326.285243034363 322.691818078359 320.740739504496 321.994145711263 329.236348470052 325.178742408752 321.021238962809 319.422721862793 320.632676283518 313.882350921631 311.644772688548 309.637824694316 310.174107551575 309.279441833496 308.513899644216 313.381830851237 314.383387565613 315.200964609782 315.892179807027 306.674599647522 294.853329658508 279.209574063619 271.1381316185 286.440213521322 296.41717672348 294.01038090388 283.958713213603 300.329307715098 286.201953887939 219.024499257406 189.823150634766 177.26324001948 176.506181557973 181.350270907084
354.133208592733 356.62309328715 355.28576374054 352.763096491496 348.508874575297 342.535734176636 334.997892379761 329.938252766927 332.321008046468 330.681999524434 338.640014330546 338.428974151611 331.703662872314 332.496523857117 326.095938682556 322.830478350321 327.569921811422 327.296535174052 323.078751564026 321.179290612539 319.712380568186 314.711352189382 311.194161574046 309.937218825022 311.098615328471 313.317497571309 309.179623921712 312.288065751394 314.131855964661 313.389877478282 315.727750460307 310.575226942698 290.225227673848 268.137832482656 276.751557985942 298.30265045166 301.249921321869 295.322736104329 278.257111708323 284.28989648819 308.77939860026 264.706055323283 207.357923189799 177.037119865417 165.433675050735 162.174860636393
345.390717188517 348.74161084493 348.57169787089 351.737856864929 355.608900388082 357.94472694397 357.1724096934 353.883584340413 351.529598236084 354.05178864797 350.61252117157 340.404748916626 336.071570714315 332.277019818624 329.555034637451 325.051844120026 327.46156056722 326.460897922516 320.766607920329 319.300432999929 320.567965507507 319.103499253591 317.105968793233 312.856952349345 309.182206789653 310.268461704254 313.091476758321 314.105669657389 315.686762332916 315.751969814301 314.128975073497 311.326861381531 285.773694515228 268.761734167735 290.791928768158 305.643995602926 300.952871640523 296.362360318502 283.02256266276 278.007666269938 313.757260640462 341.020425160726 290.430426597595 235.868573188782 192.919929822286 164.452105760574
