input/barkrak2/radiation/dir25424.grid
NCOLS 85 
NROWS 70 
XLLCORNER 665100 
YLLCORNER 4664600 
CELLSIZE 20 
NODATA_value -9999 
[rows 40 to 59 of 70, columns 0 to 45 of 85]
208.340088526408 210.792203744253 210.655232270559 211.368441581726 220.385670661926 226.49355729421 228.750348091125 234.045386314392 233.283837636312 216.421445210775 202.834029992421 197.861830393473 196.835279464722 192.452549934387 190.882325172424 189.489662647247 188.346227010091 189.316749572754 182.448903719584 182.006239891052 186.156332492828 191.467742125193 194.629152615865 189.623137315114 185.275097688039 184.755067030589 194.631616274516 197.630683581034 202.162762482961 202.080468336741 203.092535336812 207.506438096364 204.389135042826 209.933638572693 236.798803011576 236.837685108185 225.822965304057 217.201034228007 220.322946707408 228.091816107432 242.471178372701 260.661959648132 227.912962436676 148.001084725062 88.6746942996979 58.1765423218409
216.250459353129 214.32904402415 214.576125144958 212.523023287455 209.399044513702 207.898159821828 205.0395210584 206.280032793681 209.383944670359 201.488554477692 192.882418632507 194.55099105835 198.330839474996 197.162588437398 195.642550786336 191.967984040578 186.416427294413 195.184389750163 194.143931070964 189.211547374725 190.871357917786 191.616336504618 190.166592597961 193.622509638468 194.00413831075 190.108517805735 195.342381795247 199.023505051931 200.70759455363 203.593770662944 204.644461472829 206.198553244273 205.09546995163 220.568597316742 232.811013857524 223.719875017802 206.607242425283 198.274354139964 199.453214804331 211.444576581319 244.841754436493 259.275158246358 244.859019915263 194.444119930267 122.602661450704 84.3640367190043
220.868170261383 218.37588151296 219.801346460978 218.552470207214 212.455411752065 208.092371622721 205.270707607269 201.73720518748 200.425306955973 198.154886563619 194.958647092183 194.014012813568 196.764171123505 201.14920536677 199.298322200775 196.796615918477 192.443331082662 198.863844076792 200.147271156311 193.754057089488 190.449635187785 188.70747089386 184.760530789693 187.742670377096 191.891153653463 187.786420186361 185.96746524175 191.953380902608 196.684141953786 200.974921385447 201.707084973653 200.144628683726 206.649263699849 225.428680578868 231.414179007212 201.219042142232 186.489780743917 192.022641499837 198.951284090678 212.804357210795 223.345696926117 225.178877512614 211.923638979594 185.941278934479 134.641468524933 77.8295695781708
205.778121948242 208.359122276306 215.499560038249 213.38826417923 216.146906216939 217.217624187469 216.02076292038 211.454272270203 199.658592542013 198.663453261058 200.520515441895 196.255107720693 195.248087247213 200.014611085256 199.595868587494 197.389324506124 197.263220945994 198.493440945943 200.03467798233 193.36078564326 188.975771268209 186.204552650452 183.087607224782 183.323641618093 185.78173716863 189.354697863261 185.321708520254 187.671661376953 192.715366681417 196.167707443237 194.304347038269 190.524458885193 201.257050037384 215.012868245443 214.369018872579 188.654025395711 188.481092453003 198.629299799601 208.974401156108 211.534897486369 207.790633042653 205.122172832489 196.762522061666 173.419992129008 131.345897912979 77.5916874408722
203.686316808065 208.94718170166 211.044053236643 212.456107139587 214.238067468007 215.616861979167 215.951879819234 212.510565916697 206.429918607076 201.761364936829 202.146450678507 199.444790681203 194.290618101756 193.798025449117 192.685604095459 193.323890368144 188.194731871287 196.354409058889 197.4036693573 193.792939186096 190.592149893443 188.37175766627 186.739802360535 188.064893086751 184.689184029897 193.444093068441 198.020577430725 194.755395253499 194.016297658285 193.88210773468 188.237190246582 184.501528739929 190.957049528758 193.386058012644 190.419475237528 183.087189992269 192.526698112488 206.835687160492 215.437054634094 206.841270128886 204.839030901591 197.974820931753 189.557830492655 171.308557192485 141.370554765066 99.7297167778015
209.061980247498 213.794112205505 211.567521095276 214.139322439829 212.952435016632 213.104923566182 213.597377141317 212.324301401774 211.988349755605 207.278748353322 206.264932950338 203.92636458079 197.799722353617 193.903843561808 191.724956035614 196.096738179525 188.23496500651 190.422256787618 197.24186261495 194.803933302561 193.142930666606 192.080736160278 189.921041329702 191.947122414907 192.250967025757 191.476960976919 198.107123374939 198.000232378642 195.379535357157 193.517963091532 189.438263575236 184.945384661357 188.035289446513 183.453361193339 170.352896054586 170.046985149384 182.529091835022 199.93797938029 203.144749005636 189.718504746755 193.360129992167 186.065236727397 180.808246135712 179.80162302653 168.680250644684 131.373057762782
208.347757657369 210.405389467875 212.341149648031 214.864134788513 214.969913164775 213.402529557546 215.358138084412 217.293540636698 212.584853172302 210.837880770365 207.978804906209 207.247455914815 203.88142267863 199.491163094838 199.086348215739 201.688985029856 197.29346036911 190.169076124827 198.150853315989 196.396291255951 192.764480908712 194.767932097117 192.811965942383 188.30947081248 195.793767770131 191.196064154307 192.117094993591 194.023847579956 195.137937863668 194.064339001973 192.723155021667 188.666919867198 185.932397842407 182.567556699117 178.612430890401 172.712107499441 179.343859354655 190.54259856542 191.666007041931 188.861091931661 190.691848595937 181.932826836904 184.827287991842 192.526161670685 190.190275510152 158.479104439418
202.468236287435 204.975148042043 209.722479184469 212.209661801656 216.010967890422 215.999027093252 213.979601860046 214.341342449188 213.064134120941 214.651127656301 210.027813911438 206.7844470342 203.924735387166 204.035083452861 199.760635693868 197.837889194489 197.434802850087 187.894741694132 192.763427893321 196.069220701853 191.958944002787 193.473597367605 195.253332455953 186.700781186422 190.056761105855 191.813925902049 186.479508876801 190.191308657328 192.603766918182 192.826251188914 192.833503087362 192.498962084452 185.27090549469 186.517516771952 194.102744261424 192.153116067251 189.291139443715 187.153617540995 190.932154655457 201.289931933085 193.869034449259 184.232989947001 190.500557422638 195.791860421499 190.219700336456 165.346751610438
194.815615812937 198.110540707906 203.063229719798 207.412004470825 213.862001895905 216.418008009593 213.802814483643 211.984992027283 213.752706845601 215.641260147095 212.769150733948 208.852767944336 205.375671386719 206.385771433512 202.182491620382 198.030114173889 196.158170700073 188.184897104899 193.684220314026 197.792331377665 196.116805076599 196.504433949788 197.436372439067 192.419111728668 189.66946999232 195.181449254354 190.862615903219 193.986614545186 199.651896953583 204.008440176646 207.906524340312 208.537419637044 197.327276070913 199.110527833303 204.697112242381 204.314510027568 202.907959620158 196.178992589315 195.129017035166 200.634976228078 188.606103261312 180.490136146545 176.056583722432 172.60338862737 173.239906628927 173.478861649831
193.529109160105 191.010614236196 194.916665554047 203.741669654846 209.62256193161 212.336540222168 215.415139993032 216.177384058634 216.628114382426 213.442385196686 214.3315076828 214.278320471446 208.98300409317 206.710795561473 203.616619110107 198.28192392985 197.037974993388 191.490411758423 194.124897321065 201.226711273193 202.051063378652 200.692971547445 198.869287967682 198.384662469228 193.719983100891 197.643061478933 198.040306568146 199.932912985484 208.235085010529 215.258538722992 224.09067551295 224.255601565043 214.718143145243 210.715214411418 207.432011763255 206.569075584412 207.959731419881 207.257469495138 200.733721256256 181.046366691589 177.0205895106 178.730030854543 176.722347736359 168.656667073568 168.243706226349 169.111251831055
194.710433483124 196.996649106344 199.64321454366 205.499827861786 207.264463106791 207.336107889811 215.262889862061 220.055957635244 218.615333239237 217.872321605682 216.089367866516 216.425478458405 211.297551790873 205.566922823588 205.911993980408 207.87900686264 200.858394304911 196.749567985535 197.328766187032 203.378717104594 206.047415733337 202.982604503632 199.04096921285 197.423577308655 194.642643133799 200.886368751526 204.387168089549 205.121477444967 209.887067476908 217.709918816884 225.628793239594 230.89728752772 220.484395821889 213.372906049093 200.361748536428 197.390218575796 202.818731466929 210.528314113617 201.103250185649 174.916704495748 172.320465246836 181.682884693146 183.771272500356 174.871166547139 173.511882623037 166.800061861674
193.067451318105 203.407804171244 205.792129039764 207.825362682343 207.482953866323 205.379108587901 212.457398573558 216.901739438375 216.803908348083 221.189141273499 218.038936456045 217.75488058726 213.961263497671 209.246297677358 206.249713897705 212.200959523519 206.555644671122 199.02249177297 196.139852205912 201.863010724386 202.464381853739 200.486322244008 198.305745919546 194.161534309387 191.415170828501 195.463220278422 200.031876564026 200.873076915741 203.105688095093 207.560320695241 219.793697198232 225.913008054098 216.638008753459 192.283709843953 159.184873104095 152.058472235998 175.322393576304 196.081260840098 203.291614850362 202.343245347341 199.597160021464 192.050913969676 171.154618263245 169.400175412496 175.907333691915 167.511681715647
196.012775103251 193.43360265096 193.990051746368 198.507209618886 204.894820849101 209.234555562337 207.915186882019 214.795311292013 214.736620585124 217.5279657046 217.217604319255 219.305296738942 217.743078867594 212.807138760885 207.507967948914 206.630388895671 209.185242652893 198.568403720856 192.860146363576 192.325830459595 193.73494386673 194.727162520091 194.983422756195 188.811798890432 189.734836419423 186.670978864034 188.122888406118 191.316882769267 191.26570224762 190.909067789714 192.266662915548 205.575247605642 193.18292538325 168.676396210988 134.586304426193 115.369538466136 124.989658594131 157.837420701981 190.428376197815 200.706740220388 202.245632807414 184.939424196879 165.314435958862 164.049963156382 170.70343097051 157.301187515259
201.247831185659 191.134810447693 186.891178290049 192.753950754801 203.670223553975 212.439755598704 210.14529466629 212.438066800435 213.487486044566 213.501314322154 215.1251633962 218.050340811412 218.925515810649 217.087944348653 211.494266986847 206.949949264526 210.107525189718 197.95835018158 194.91962591807 196.210523446401 195.322473843892 191.8838818868 189.980407555898 185.633420944214 184.653043746948 182.968417803446 184.675693511963 182.770987351735 181.361933549245 177.549163500468 168.274402618408 175.495862960815 168.29514503479 148.912012577057 133.409847815832 116.013596455256 97.3336895306905 105.056643486023 128.57120235761 162.935515244802 183.534582455953 173.94608259201 164.337525765101 160.275002320608 152.80360976855 142.708639303843
202.636440594991 196.345448493958 192.177176475525 195.04717985789 205.531736214956 212.940951188405 214.81462319692 212.213973204295 215.01632531484 213.453511397044 215.743819872538 217.876772085826 218.489984671275 218.353072802226 210.372408231099 211.056272188822 210.755368073781 202.29438940684 196.625391642253 198.257346947988 200.444976488749 195.8393851916 192.872762680054 191.490193208059 187.452654043833 186.570366223653 182.095805803935 179.449299971263 175.588448842367 170.778493086497 161.187469959259 164.397974809011 160.665223995845 157.783965269725 157.524168491364 148.816078901291 124.232947826385 107.992152372996 98.8646646340688 114.113211631775 148.362259070079 151.561071475347 140.828082958857 127.040445804596 124.266177415848 130.896141131719
206.217010815938 203.830579916636 196.051200230916 192.500948905945 198.025067647298 211.030463377635 213.155368963877 212.127765019735 211.972753206889 216.355224450429 220.689515272776 220.52538394928 220.092177391052 219.291210174561 215.625405311584 213.880141576131 213.856677214305 208.181977272034 201.712290445964 201.365351676941 199.382821718852 197.31201728185 197.461704413096 198.452870051066 193.713704744975 191.285272439321 183.064162731171 174.97440179189 168.298840522766 165.276388327281 164.379278818766 167.329331239065 166.513442993164 174.549460411072 181.217690308889 185.612122217814 180.389046669006 162.462840477626 142.944683631261 109.501669804255 118.396818637848 136.30469640096 135.385612646739 124.200582504272 126.311669747035 143.475870291392
208.613296349843 207.465688387553 204.428156216939 196.250716845194 195.748269557953 206.714590390523 211.247185866038 212.123910586039 209.08518632253 216.036121050517 222.989161809285 224.324703216553 219.654103120168 220.162093639374 219.664057095846 212.907056013743 216.46644671758 211.234887440999 205.978194872538 204.145153363546 202.58907477061 201.430837313334 197.605431079865 195.874869823456 193.410495917002 189.110736052195 170.185486475627 148.235509792964 143.957634766897 149.86464381218 160.042285919189 165.297329425812 165.157824754715 170.137544473012 185.069998105367 199.470500151316 206.401626269023 207.995653152466 196.87541325887 152.356564998627 123.718976974487 140.087654193242 156.236430009206 161.554912726084 165.237724781036 178.233583768209
209.002375602722 205.088059107463 206.482688585917 203.103343645732 198.165794213613 203.850209712982 212.325115998586 214.307049910227 210.474987824758 215.18862247467 222.804129123688 223.436196645101 219.584544499715 219.953199227651 221.120178699493 213.245431582133 213.57786655426 210.216482480367 206.572969754537 209.107637405396 209.323227405548 208.412230014801 203.450560569763 196.886161963145 196.120778719584 195.429841677348 174.983541170756 152.719736099243 149.003485838572 156.403511762619 169.792632261912 170.94749212265 178.161005179087 184.503932793935 198.342601458232 207.442462444305 205.186406771342 171.543637911479 157.918473084768 152.980615695318 154.398649930954 167.032758394877 169.772505760193 154.679427544276 144.639223814011 157.846500476201
199.162522951762 204.5658826828 205.292165279388 204.739252726237 202.54244407018 199.168006579081 213.040391604106 217.0223792394 214.325070381165 215.673724810282 220.669488112132 223.216772079468 222.318391005198 217.610677083333 219.8379834493 215.443948904673 210.641980171204 211.496035257975 211.103002230326 212.31879790624 213.208516438802 209.194540977478 207.250555356344 200.865785280863 199.936509132385 202.70448923111 197.486440340678 189.235329627991 187.412321567535 188.720226287842 186.781088511149 180.205424626668 191.954811414083 198.441525300344 197.885632514954 179.155389467875 161.078532536825 113.283336162567 90.5506809552511 122.729351123174 159.913957118988 176.848610242208 169.843733310699 156.506836414337 151.039312283198 159.124116102854
187.100370724996 201.699872811635 204.260925451914 203.666826089223 205.787460009257 200.540463129679 208.040674527486 217.374761899312 223.933021227519 220.374266306559 221.480210622152 221.948822339376 223.745445410411 220.122933387756 220.525860786438 217.685381571452 211.869994799296 210.750381151835 210.02729733785 207.764168580373 209.56164598465 208.591143290202 207.619031270345 206.095496813456 207.354128360748 211.861133575439 220.465759436289 222.693721453349 205.601314703623 204.871833324432 193.392217159271 181.782285372416 183.361927668254 174.976885318756 145.781934261322 117.77792374293 98.7313985824585 87.3028834660848 76.8838425477346 85.4333241780599 108.224968115489 143.109619617462 168.256342411041 189.654390017192 211.15376551946 210.970818996429
