input/barkrak2/radiation/dir26424.grid
NCOLS 85 
NROWS 70 
XLLCORNER 665100 
YLLCORNER 4664600 
CELLSIZE 20 
NODATA_value -9999 
[rows 0 to 19 of 70, columns 0 to 45 of 85]
219.750622908274011 233.613967895508 248.550136884054 266.246676445007 274.263123671214 273.820439974467 264.914234479268 259.004533290863 261.565387248993 262.125829855601 262.228608131409 264.166792233785 263.65586121877 264.301677544912 266.49002234141 259.130497773488 248.868823051453 237.622121969859 231.411894162496 220.946252346039 215.095500151316 227.693676948547 253.834903240204 259.984691937764 263.161997000376 271.865467230479 269.251942634583 256.908277670542 241.165280342102 238.486727078756 234.65222120285 253.369192282359 294.455210367839 293.244421482086 292.030175526937 276.116112867991 282.919923464457 297.224243481954 291.982968648275 293.481290340424 277.735968430837 279.618620872498 290.790021419525 292.025407155355 283.467888832092 286.170740922292
197.901328404744 215.134044488271 230.124870936076 248.386383056641 260.454098383586 263.965566953023 259.969135125478 259.450376033783 269.424557685852 267.958382765452 263.446549574534 264.035662015279 264.756619930267 265.925168991089 265.716731548309 258.172531922658 253.648320833842 245.696425437927 240.310331185659 227.488180001577 229.538162549337 246.834655602773 266.353249549866 268.206397692362 273.25560649236 277.580042680105 271.123131116231 259.588897228241 245.99411090215 240.198731422424 241.035302480062 266.849040985107 294.93655761083 293.473621209462 291.501104831696 277.350385983785 285.043835639954 295.261859893799 291.835089524587 294.512152671814 286.825299263 280.063589413961 282.063166300456 283.139646053314 280.669569969177 286.960979302724
160.918176174164 174.087464809418 186.77294254303 199.781318505605 212.518016497294 222.889026006063 232.663671175639 246.186375617981 258.139828840892 257.796923319499 255.75453042984 260.854522387187 270.217458407084 274.356623490651 271.661341190338 276.744683583577 278.559744358063 270.526885986328 254.78067000707 244.214117527008 250.346501668294 260.086258252462 267.425318559011 269.600450992584 275.628527005513 274.252514044444 266.708095868429 258.789420127869 250.051776568095 247.235099474589 254.239757855733 280.787348747253 292.488356431325 293.805718421936 290.334582328796 284.306685129801 288.549701372782 291.8687860171 292.799830436707 291.451036930084 285.861591498057 274.55081542333 265.581409136454 267.448782920837 277.365307013194 285.016059875488
141.827265421549 143.404245376587 151.67169769605 158.902267615 165.105183919271 170.733431975047 178.590655326843 195.124824841817 215.897440910339 233.286758263906 245.70095539093 261.296312014262 272.957483927409 277.292946974436 279.250741004944 284.182329972585 282.404224077861 272.916913032532 258.635958035787 252.584099769592 251.52176618576 250.345369180044 260.96894343694 265.06503423055 266.898433367411 268.027464548747 264.59276676178 260.701596736908 258.164842923482 258.808275063833 260.129729906718 285.799702008565 291.165391604106 291.928807894389 289.907554785411 291.331251462301 292.225042978923 292.354623476664 292.185107866923 284.61217880249 273.890177408854 263.810276985168 259.515484174093 273.13228448232 289.683918158213 283.750911553701
164.194881916046 147.31353521347 134.308040142059 125.236978133519 127.728273471196 144.482592741648 166.145582993825 177.452246348063 188.281754652659 196.323315302531 218.876004219055 242.810388406118 257.866521676381 265.487849712372 271.134654680888 274.453163146973 269.167363643646 258.96821419398 254.494865735372 252.719620863597 247.620542844137 246.055781841278 257.089833418528 260.784963766734 263.797243436178 269.252975781759 266.887605190277 262.862741947174 260.528643925985 258.681257565816 263.82581392924 290.852387746175 292.326331138611 292.622248331706 287.263929843903 288.171033064524 290.424505869548 290.220161279043 281.675299008687 276.339332262675 272.428770860036 267.819980780284 270.184636116028 279.879987239838 284.462134043376 269.820849100749
208.656032880147 179.857591787974 151.348988215129 127.494355042775 118.814607461294 129.709829886754 155.835251013438 173.930247624715 178.516944249471 178.15101146698 189.066270987193 203.839659690857 214.40992752711 220.929642518361 230.267405509949 238.738814989726 240.58872461319 242.74351199468 250.020861625671 255.574663480123 255.329489707947 258.718530337016 260.868509610494 260.133842627207 264.075001080831 269.570608933767 268.505831559499 265.424946943919 263.515690962474 262.884775797526 276.868542035421 291.869699954987 291.349689165751 291.749695936839 286.036590735118 283.704121907552 286.402702331543 283.314983050029 274.381895860036 275.888244311015 274.626771608988 270.514011383057 272.098819414775 273.064335187276 266.800443331401 243.479172388713
232.630709807078 206.867237885793 185.15145778656 163.100610176722 141.594777504603 128.080596526464 136.06267174085 165.980557600657 180.552542209625 189.156651496887 186.026275157928 180.629730224609 175.793846448263 171.560009320577 173.900723457336 190.306345621745 203.735113143921 224.190831184387 243.785520394643 256.524384021759 261.441310246785 263.547341028849 263.339082400004 261.016647020976 263.043602307638 265.562315781911 267.942806084951 267.417550086975 264.832615852356 269.703328609467 282.613813877106 290.68120320638 288.544654846191 285.807391007741 283.122738202413 276.970346768697 277.401506900787 272.267878055573 269.921024640401 267.983059088389 262.350420157115 259.456237157186 264.647603034973 268.95147562027 258.426328500112 248.062570889791
244.052867094676 232.526461283366 219.550669193268 202.475905418396 178.034842014313 146.739482879639 124.650736649831 124.533673127492 159.577826658885 186.464826265971 195.00865538915 190.546611944834 181.233505407969 170.687675476074 157.080153624217 160.72341799736 174.141585826874 191.795965035756 217.058857282003 237.998863061269 250.086526075999 258.417745431264 265.201687812805 262.167195479075 260.603864987691 260.197718938192 261.133094628652 261.912723382314 261.40574614207 270.385901133219 280.125677585602 284.066994984945 280.511418978373 276.353736718496 270.971099535624 267.841140429179 270.108799139659 264.675855636597 257.873296737671 245.951255162557 246.605177720388 256.185472011566 271.569093068441 280.015687147776 270.798405011495 268.117646376292
235.786557197571 236.121376355489 231.147865454356 221.989989280701 207.067251205444 182.788093884786 150.942275921504 121.120909849803 135.615954796473 159.080237150192 180.183033148448 190.781831741333 193.286816279093 190.331220626831 177.003463109334 168.64146788915 165.860543648402 170.716245969137 185.990850130717 203.893522421519 221.307039260864 236.437340577443 247.156898180644 244.843661785126 246.635754903158 246.602336565653 247.399727503459 248.815894126892 250.728487968445 260.241150856018 266.123731931051 266.220510005951 264.023621877034 263.572196165721 263.293544451396 264.343480269114 264.165719350179 260.147154331207 253.049254417419 247.883756955465 261.72270377477 274.964014689128 282.990237077077 282.973965009054 271.11546198527 265.517810980479
202.96315352122 213.649014631907 219.204227129618 219.2156513532 215.892593065898 210.802674293518 192.476332187653 172.455310821533 139.696061611176 129.862407843272 144.024709860484 170.666078726451 193.928221861521 205.396791299184 206.372459729513 196.684638659159 180.628637472788 175.005475680033 174.197951952616 177.03902721405 186.60036722819 195.575356483459 206.377585728963 215.186496575673 224.789182345072 227.684537569682 228.79958152771 229.975740114848 232.480446497599 239.600678284963 241.039256254832 241.981148719788 248.629868030548 253.202656904856 256.641070048014 257.105628649394 255.69349527359 258.423189322154 252.809166908264 258.530497550964 276.81299050649 284.48877731959 286.042054494222 283.14467271169 270.028114318848 264.922738075256
144.239723682404 159.620702266693 174.893140792847 186.676462491353 197.304626305898 205.868124961853 207.101066907247 200.530171394348 170.782327651978 143.244077761968 128.624657789866 136.700342098872 165.539930264155 193.296154340108 209.239264329275 198.570529619853 190.010646979014 182.036995887756 173.328836758931 167.629758516947 167.338748772939 168.136815230052 172.811845938365 187.42694457372 201.605280240377 210.39758125941 212.163845698039 212.326149145762 218.802233537038 224.703172842662 227.520664532979 231.235404809316 240.947544574738 245.13828754425 245.341638724009 245.926340421041 250.464459260305 255.427896976471 256.563544273376 270.074307918549 280.458549658457 284.047285715739 283.713340759277 280.863324801127 273.55295419693 274.104535579681
88.2006684939067 105.73273897171 115.113447109858 128.692805767059 146.918992201487 164.630621671677 184.477607409159 191.35860602061 192.078471183777 176.970839500427 148.53377143542 127.606550852458 130.542874336243 154.875576496124 184.009631474813 188.493033250173 194.919963677724 190.899312496185 180.013696352641 168.576896190643 161.698053280512 158.906588951747 159.130414326986 168.729404608409 178.556323051453 185.518542925517 188.936869303385 193.359673023224 200.816571712494 206.01228872935 211.095710595449 216.668685277303 223.110218842824 226.678093274434 226.754526297251 229.889035224915 240.187207857768 251.362919807434 256.827692190806 269.120275974274 275.508026281993 277.055044968923 274.490038553874 270.722349484762 267.990052700043 266.862769921621
69.5109665393829 60.7873251040777 67.6053762435913 65.9387061993281 73.2353925704956 104.633877674739 133.789171775182 156.949013471603 185.690422852834 193.951149781545 181.2664270401 155.256430308024 125.380953152974 123.047341903051 147.492706775665 176.594813664754 193.906982739766 196.662286917369 191.117664178212 180.863797664642 171.368857224782 170.864363511403 170.34125328064 170.784473419189 171.872973442078 171.716650327047 176.163673400879 185.698091983795 189.775586128235 190.885245800018 196.454962094625 202.171583970388 203.596830368042 205.603957176208 208.47475528717 214.142203330994 226.456224918365 239.600996176402 243.077397346497 252.624750137329 258.153160413106 259.476780891418 258.582254250844 259.493668874105 256.379922231038 256.519238154093
70.9436436494191 47.2273280223211 29.0202995141347 18.752376238505 13.8714325924714 20.2055970827738 35.6284230947495 70.3795353571574 99.2271602153778 130.841821432114 159.229119618734 177.587588628133 166.061669588089 140.711466471354 135.895619789759 163.075049718221 182.832598686218 199.268380800883 206.531822681427 201.778034369151 189.090351263682 185.747226079305 182.086745897929 181.620399157206 181.508143742879 179.623941580454 182.355542977651 191.661238670349 191.853284835815 184.762477874756 189.896484216054 195.591549078623 197.080194950104 197.381218274434 201.12286011378 208.855549494425 215.208252271016 221.58161799113 225.011467933655 227.615694204966 233.370105425517 239.652136961619 246.662517388662 252.102235953013 248.296956221263 252.957503000895
76.9318342208862 46.752875049909 18.9755360285441 9.56303998827934 4.5333718881011 5.2473588536183 22.6174046595891 46.6323693593343 63.7537688016891 98.0095068613688 131.166497866313 157.448629538218 173.013905684153 165.34752647082 150.925397872925 148.215899864833 155.064443747203 169.953962167104 192.562222480774 208.375076452891 208.447277545929 202.539841334025 199.551542599996 195.259193579356 192.041436831156 190.739254156748 191.691021124522 194.248557090759 190.290908018748 184.698104858398 187.686383724213 192.454953988393 192.414879798889 192.201018333435 196.5718070666 200.021882851919 201.657116413116 200.783610343933 205.168982346853 206.161141395569 212.517440319061 220.931510130564 226.388394832611 231.497307618459 233.223299185435 237.763921419779
71.06547554334 41.8316821257273 17.7401838203271 4.20649753262599 0.940142354617516 20.0829642514388 37.2543856501579 49.9428460995356 64.5443151394526 83.1201473871867 110.680898030599 145.770410696665 164.782077074051 176.917175451914 167.098879814148 144.207497437795 140.353490908941 145.786265532176 164.730499188105 188.33065032959 203.462580839793 202.078700065613 210.129618644714 203.738252321879 198.392033576965 199.862539768219 201.446811358134 197.462916374207 192.894617716471 194.836815198263 194.439311822255 193.751454353333 190.000732739766 188.084463278453 189.032872517904 188.319484392802 185.19252538681 180.818935235341 184.438526630402 186.265408992767 191.195567448934 197.581211725871 200.21931330363 202.716926733653 215.673406918844 222.010513146718
53.6663234233856 45.5721169710159 24.7447565197945 0.808230834081769 4.72361159821351 18.8892520964146 40.861631433169 55.9164583683014 70.1936781406403 79.7796895106633 95.2724913756053 128.379583358765 155.911107858022 162.729183832804 170.31451066335 167.398989200592 166.736304759979 158.666213353475 150.753657023112 162.59977221489 183.971623579661 201.528747876485 209.041277567546 206.864953041077 200.109084447225 205.225626627604 210.595627625783 206.807216008504 205.57310183843 210.528830687205 208.036641279856 195.86459795634 189.16388352712 183.929642041524 178.843279679616 177.695393562317 172.678112983704 170.566956202189 171.612838904063 175.519744555155 177.464564641317 180.778582890828 184.206982453664 187.254309654236 205.323259035746 215.48589070638
48.8802889982859 52.5920887788137 39.8197447260221 5.19138419379791 8.80159313480059 29.8870255549749 48.611064751943 67.4963295459747 82.4867635965347 86.1498415470123 90.3608997662862 107.978334029516 131.639361381531 146.2575395902 163.528253634771 175.663272539775 178.176164627075 172.557771205902 159.386763970057 148.748238881429 160.147875547409 182.108918825785 193.020085493724 198.8884806633 207.176744937897 213.513215382894 220.195651054382 219.664573669434 217.310110727946 220.817029476166 214.4509156545 202.264507611593 192.790826161702 184.10070737203 176.726837952932 173.637191454569 170.610209306081 170.488854249318 170.150955518087 172.550161679586 175.160447756449 176.347593466441 176.728367805481 180.771549542745 192.933122316996 207.792262236277
55.9737433989843 62.5953376293182 61.8305703004201 27.1633937954903 22.5919783115387 47.3880966504415 62.9070202509562 80.8823754390081 95.2413082122803 104.543268680573 112.001895904541 113.692760467529 123.430182536443 133.294612169266 146.807968616486 167.591134707133 173.663338025411 175.883968671163 178.3793369929 162.761290868123 149.801144997279 163.000772396723 172.068119049072 182.230710983276 193.684875965118 205.33808072408 211.578806241353 215.4607574145 223.727603753408 220.939993858337 213.993569215139 206.968983014425 197.230537732442 186.897794405619 181.403716405233 175.70960521698 174.159785111745 170.74183622996 170.150876045227 173.111816247304 177.451968193054 179.458240667979 178.258458773295 180.980285008748 183.104475339254 197.590410709381
60.7348829507828 63.3822530508041 73.4955966472626 62.0844860871633 50.393338004748 64.2996331055959 67.3913856347402 80.0805985927582 94.3489770094554 106.096645196279 114.145576953888 109.939157962799 108.668506145477 116.623471180598 129.589349031448 147.782454888026 159.549454847972 165.758053461711 171.34020725886 176.65155728658 170.328080654144 155.609637498856 155.369261900584 167.069097359975 179.035981496175 185.513536135356 191.409329573313 193.379004796346 189.264178276062 191.473086675008 197.064836819967 206.365307172139 197.157144546509 189.615329106649 184.642632802327 179.275890191396 174.537161986033 165.254294872284 163.03883989652 172.297418117523 178.709169228872 181.170503298442 184.186716874441 182.424366474152 179.412086804708 190.596302350362
