input/barkrak2/radiation/dir23124.grid
NCOLS 85 
NROWS 70 
XLLCORNER 665100 
YLLCORNER 4664600 
CELLSIZE 20 
NODATA_value -9999 
[rows 0 to 19 of 70, columns 0 to 45 of 85]
292.297899723052979 301.113963127136 307.77903397878 315.778354803721 316.876033941905 315.361976623535 308.207770188649 302.272439002991 305.537442366282 305.893361568451 303.977926572164 308.477143446604 311.091641585032 310.873568058014 312.939683596293 310.505012671153 303.409993648529 295.848687489827 295.202195644379 283.491671085358 267.125825087229 271.528343359629 293.527324994405 301.194449265798 299.997528394063 303.092201550802 302.219231923421 289.811233679454 271.390159924825 267.355342706044 264.886379241943 277.416964371999 302.644292513529 300.509611765544 305.294791857402 296.098331610362 298.107882340749 307.31475353241 297.543565432231 305.108487606049 294.342835744222 286.189277966817 295.52549123764 307.6052069664 308.815002441406 304.644862810771
273.388902346293 286.379377047221 296.871622403463 308.260758717855 313.592910766602 312.919835249583 306.696832180023 301.310102144877 307.086567083995 307.845751444499 303.046484788259 306.088030338287 310.666978359222 311.903595924377 311.674813429515 310.463627179464 308.913767337799 303.400079409281 299.778580665588 288.161337375641 280.99524974823 285.943945248922 298.432469367981 303.361376126607 303.805609544118 303.324123223623 301.387786865234 291.899879773458 275.318662325541 267.635444800059 268.947184085846 287.921229998271 301.045358181 300.997098286947 305.619239807129 296.868582566579 296.614130338033 301.665504773458 296.407739321391 305.234690507253 302.5776942571 294.153213500977 297.547777493795 307.980120182037 310.527006785075 307.907044887543
243.551770846049 254.986802736918 264.236609141032 274.648725986481 285.77063481013 292.958577473958 296.571373939514 301.647186279297 305.173595746358 303.273320198059 298.65566889445 301.179726918538 310.275455315908 313.430666923523 310.601075490316 314.464211463928 317.216833432515 315.867741902669 308.58192841212 300.812363624573 302.17844247818 302.351276079814 301.550765832265 301.928162574768 305.005331834157 305.283665657043 298.930704593658 290.268361568451 278.81920337677 270.671844482422 273.990313212077 294.224003950755 293.692549069722 297.62601852417 305.625081062317 299.304207166036 292.3796971639 289.464672406514 295.163214206696 305.519958337148 303.865532080332 299.070715904236 295.592149098714 303.820133209229 314.196944236755 311.467866102854
226.721564928691 228.417257467906 235.894123713175 241.156538327535 248.314201831818 253.066976865133 258.86603196462 270.936111609141 285.400986671448 295.971393585205 300.31277736028 306.701719760895 313.243389129639 315.469940503438 313.919981320699 313.541730244954 314.387063185374 311.927954355876 308.12273422877 305.903693040212 303.922653198242 301.834046840668 306.407829125722 305.75160185496 304.822325706482 306.520144144694 301.793456077576 294.391850630442 287.997285525004 282.501737276713 278.250018755595 296.34024699529 293.267627557119 296.579082806905 299.514830112457 300.266961256663 297.335664431254 295.998473962148 305.623412132263 308.695832888285 301.708857218424 292.594333489736 288.58604033788 300.13644695282 313.802361488342 312.571148077647
247.591257095337 231.755435466766 220.364451408386 212.790071964264 215.544660886129 230.688412984212 249.147176742554 258.235255877177 266.880611578623 272.870759169261 288.210034370422 302.960832913717 311.495999495188 314.60169951121 316.021859645844 316.182990868886 312.0143810908 304.352124532064 303.358197212219 305.37090698878 302.669564882914 301.303009192149 308.594028155009 307.783385117849 306.133329868317 308.499276638031 304.827213287354 297.701199849447 291.863759358724 287.450512250264 290.49559434255 303.052147229513 299.00594552358 301.127552986145 297.583222389221 299.670894940694 306.211153666178 308.342019716899 309.649368127187 309.138973553975 306.520462036133 300.619602203369 297.959764798482 300.182600816091 305.571715037028 309.977114200592
284.343143304189 260.970294475555 236.960470676422 215.628206729889 207.57136742274 218.255499998728 240.604301293691 255.498846371969 258.893112341563 258.979856967926 267.970720926921 279.241919517517 286.965568860372 292.08505153656 297.189712524414 301.559448242188 299.443145593007 297.111610571543 299.884577592214 304.557581742605 304.5654296875 307.855347792308 312.596599260966 310.545245806376 309.247533480326 311.03652715683 307.357569535573 301.257193088531 294.270932674408 290.699541568756 297.984858353933 304.624915122986 306.250731150309 309.083024660746 303.60609292984 300.945281982422 306.038161118825 308.52073431015 306.780278682709 306.702832380931 307.172656059265 303.427437941233 302.523016929626 302.911539872487 297.636469205221 289.435585339864
300.498962402344 282.661318778992 266.148447990417 247.255206108093 228.387117385864 216.610908508301 223.944306373596 250.178873538971 260.913809140523 267.875413099925 265.464584032695 260.976374149323 257.323821385701 254.088799158732 256.178180376689 268.417517344157 277.865211168925 290.643970171611 301.553686459859 308.174808820089 308.611611525218 307.443082332611 311.311781406403 311.461130777995 311.008870601654 312.294284502665 311.160842577616 307.592670122782 301.439344882965 300.154308478038 303.894619146983 309.294760227203 315.87811311086 316.740294297536 313.981811205546 307.65692392985 306.375543276469 306.280493736267 306.412637233734 308.380166689555 305.836419264476 302.384535471598 302.890519301097 301.108578840892 285.276194413503 278.783480326335
304.203391075134 298.284153143565 290.898223718007 279.211322466532 260.520656903585 232.877850532532 213.153024514516 213.596145311991 244.692703088125 266.656597455343 272.283653418223 268.804132938385 261.342644691467 253.1498670578 242.160141468048 245.331803957621 256.289601325989 269.345323244731 287.713368733724 301.191012064616 306.760470072428 307.35985438029 310.81744035085 311.184147993724 310.441136360168 311.608572800954 311.601261297862 309.239268302917 305.649717648824 307.965556780497 311.92022562027 314.31919336319 317.949672540029 317.74514913559 313.922762870789 310.102999210358 307.771106561025 303.218722343445 297.024448712667 294.303158919017 298.780977725983 305.383205413818 312.357525030772 310.271958510081 297.261337439219 288.800140221914
298.533976078033 299.112319946289 296.801785628001 291.357556978862 281.300703684489 263.869961102804 236.895362536112 210.424224535624 222.886522610982 244.324405988057 261.683483918508 268.512626489003 269.740700721741 267.60588089625 258.291025956472 252.133250236511 249.789456526438 253.835479418437 265.483816464742 279.965241750081 292.045970757802 300.262928009033 304.315527280172 301.621874173482 302.850246429443 304.397066434224 305.371503035227 304.953038692474 304.545203844706 309.827228387197 313.23500474294 312.743087609609 313.029925028483 313.604513804118 311.514496803284 310.589512189229 308.13205242157 301.489988962809 290.814677874247 291.027168432872 305.859307448069 314.950784047445 316.916724046071 312.965909639994 303.706924120585 296.386281649272
276.784420013428 284.470021724701 288.339833418528 288.410186767578 286.181549231211 283.819397290548 271.489500999451 256.083746751149 227.026005585988 218.500296274821 231.366197268168 253.81334622701 271.150549252828 279.313206672668 280.842661857605 274.373253186544 261.749505996704 257.422029972076 255.914668242137 258.901794751485 266.492068767548 272.727688153585 279.492974281311 284.261167049408 290.325164794922 292.969346046448 294.472277164459 294.4256067276 295.341432094574 300.325433413188 301.53089761734 302.002946535746 306.793948014577 309.427479902903 310.176690419515 307.87718296051 305.44779698054 303.531547387441 291.482190291087 294.423202673594 310.700376828512 315.493146578471 314.494450887044 311.334192752838 301.017721494039 294.06468073527
232.288539409637 244.825641314189 255.844195683797 264.721274375916 272.689461708069 279.211004575094 281.226098537445 277.67821153005 253.811260064443 230.623483657837 217.412193616231 224.862734476725 248.994449774424 270.805239677429 282.677133878072 274.825135866801 268.591622511546 263.006011644999 256.155927975972 251.458426316579 250.756482283274 250.882267951965 254.016478856405 265.193283557892 275.354186693827 281.713227430979 283.093392848969 283.092081546783 287.416398525238 291.531046231588 293.779730796814 296.657760938009 303.766091664632 306.680162747701 305.211265881856 303.885181744893 305.753489335378 308.202703793844 302.530248959859 303.485234578451 311.179061730703 314.996461073558 314.873019854228 313.431143760681 306.426088015238 302.138904730479
192.702154318492 197.863141695658 206.13960425059 218.029161294301 233.093102773031 248.225768407186 264.58481947581 270.00751097997 270.903527736664 258.697787920634 235.331177711487 216.633339722951 219.143489996592 240.900079409281 263.604938983917 266.169210275014 272.029141585032 269.560654958089 261.337320009867 252.146383126577 246.182262897491 242.900808652242 243.044912815094 251.260697841644 258.791128794352 263.62419128418 266.078253587087 269.818623860677 275.611400604248 279.146711031596 282.955745855967 287.711997826894 293.040335178375 295.370221138 294.321576754252 295.173645019531 301.935156186422 308.611989021301 309.826254844666 311.31515900294 313.664078712463 315.51726659139 315.660695234935 313.642779986064 308.987081050873 307.04657236735
181.431810061137 177.172303199768 174.414873123169 174.399177233378 182.061096032461 198.278903961182 222.374081611633 242.619454860687 268.266320228577 272.281765937805 262.476007143656 240.72786172231 214.629550774892 212.459007898966 234.419246514638 258.453667163849 272.035340468089 273.717681566874 269.674241542816 261.979977289836 254.202087720235 253.365178902944 252.937217553457 253.091951211294 253.358821074168 252.616147200267 256.459295749664 264.277120431264 267.389337221781 268.623948097229 273.050944010417 277.339975039164 279.039740562439 280.556042989095 282.44952360789 286.594768365224 295.238455136617 303.516745567322 304.849028587341 309.182167053223 311.406711737315 311.18901570638 310.420513153076 310.521880785624 305.325090885162 304.086744785309
176.028609275818 145.738571882248 129.330456256866 123.603214820226 121.609270572662 130.074550708135 146.648347377777 184.243718783061 221.603234608968 254.093448321025 269.883890946706 269.856929779053 253.671983877818 229.160149892171 226.549983024597 250.282943248749 265.203575293223 276.137789090474 281.605144341787 277.913351853689 268.385469913483 265.503843625387 262.590607007345 262.359817822774 261.855661869049 259.754439194997 262.110710144043 269.560297330221 269.017656644185 263.568977514903 268.460015455882 273.189822832743 274.103800455729 274.438858032227 277.450879414876 283.50305557251 287.912944952647 292.251209417979 294.536332289378 295.788447062174 298.350771268209 302.153070767721 306.115845839183 308.420558770498 303.465624650319 303.214768568675
157.797306776047 120.944728453954 97.2914795080821 92.3215051492055 93.9305126667023 98.1381237506866 107.250740130742 134.137233098348 165.015508731206 211.12447977066 260.938127835592 285.021503766378 288.412610689799 272.99169699351 250.475764274597 245.291988054911 250.309904416402 264.1415198644 278.869887193044 284.936845302582 283.346652984619 278.191030025482 276.150445143382 273.211121559143 269.867519537608 268.347958723704 270.601550738017 271.894713242849 267.11517572403 263.219793637594 266.770641009013 271.056811014811 271.234671274821 270.513653755188 273.88862768809 277.287860711416 278.976122538249 277.173419793447 280.457814534505 280.824383099874 285.581688086192 290.94119866689 295.403679211934 297.371904055278 295.878450075785 296.750664710999
134.150952100754 108.253061771393 80.1511357227961 72.6916094621022 87.0409707228343 111.147612333298 116.745452086131 124.902834494909 146.534065405528 179.446478684743 225.484351317088 276.028672854106 297.599037488302 295.645515124003 279.543340206146 251.863420009613 241.834759712219 244.290590286255 259.985188643138 281.326452891032 289.295832316081 285.082399845123 285.983522733053 280.921518802643 275.069395701091 275.501628716787 278.062601884206 274.642407894135 268.871903419495 271.20570341746 272.279997666677 271.741330623627 269.249657789866 268.151640892029 268.048981825511 267.477711041768 265.804807345072 262.184182802836 263.835509618123 265.611410140991 269.884367783864 274.930516878764 276.591738065084 277.67821153005 285.359183947245 289.58793481191
119.841814041138 108.706225951513 84.3318998813629 64.7316475709279 69.7044233481089 97.9613165060679 114.345570405324 127.910832564036 144.503722588221 160.379439592361 184.683541456858 228.595495223999 267.995556195577 291.593591372172 292.821526527405 281.919896602631 271.496176719666 257.054169972738 248.128930727641 258.235236008962 278.918166955312 288.095792134603 291.004339853923 287.175118923187 281.093021233877 282.048285007477 285.751720269521 282.034277915955 278.930823008219 283.570071061452 282.983899116516 273.001790046692 267.843504746755 264.607151349386 260.440468788147 258.7002714475 254.755139350891 253.602087497711 254.161020119985 256.497422854106 258.933126926422 261.688311894735 264.28759098053 265.838503837585 279.539843400319 286.522388458252
111.922800540924 113.009343544642 103.444675604502 76.0301649570465 62.8632505734762 86.175004641215 114.910860856374 136.851121981939 154.854585727056 167.384922504425 175.507664680481 199.674805005391 233.642141024272 249.531467755636 269.880255063375 294.494191805522 294.617772102356 283.467988173167 264.928221702576 250.25333960851 260.480304559072 282.683531443278 286.23902797699 286.619285742442 287.045419216156 291.186392307281 294.508874416351 292.904317378998 290.171881516774 291.7586962382 286.785403887431 277.072628339132 270.088712374369 263.82835706075 258.368849754333 255.807876586914 253.62487634023 253.03190946579 253.091851870219 255.014141400655 256.582061449687 258.195678393046 258.348683516185 261.091510454814 271.264771620433 282.102525234222
118.714431921641 127.929478883743 130.473494529724 106.409470240275 88.4603957335154 108.263353506724 127.875546614329 147.003789742788 163.184742132823 185.409903526306 194.82034444809 198.838690916697 213.088313738505 227.962752183278 247.644543647766 262.441674868266 276.483217875163 289.612174034119 288.852632045746 272.562623023987 255.469858646393 267.473379770915 274.825314680735 282.708923021952 290.727655092875 296.669582525889 299.259344736735 299.338380495707 294.124821821849 292.36767689387 285.998026529948 279.860238234202 272.444049517314 265.336235364278 261.433660984039 257.33757019043 256.611347198486 253.258367379506 252.62322028478 255.607843399048 259.483456611633 260.15043258667 259.719351927439 262.519399325053 263.133188088735 275.293091932933
127.745429674784 131.53283794721 143.829057614009 144.137571255366 131.066620349884 127.797484397888 129.945188760757 145.092457532883 160.283327102661 178.897698720296 193.455835183462 192.709386348724 197.415510813395 205.449203650157 218.304256598155 241.301635901133 256.705423196157 262.658139069875 272.035956382751 285.081287225087 278.705338637034 266.804258028666 267.690976460775 276.022434234619 285.25310754776 293.162604173024 298.685987790426 298.718412717183 291.890879472097 290.812909603119 285.515626271566 278.362532456716 271.633247534434 267.146587371826 263.779997825623 259.620070457458 256.613651911418 249.171157677968 247.504512468974 254.729410012563 260.753273963928 262.5519434611 264.084736506144 263.710538546244 261.35661204656 269.226451714834
