input/barkrak2/radiation/dir24024.grid
NCOLS 85 
NROWS 70 
XLLCORNER 665100 
YLLCORNER 4664600 
CELLSIZE 20 
NODATA_value -9999 
[rows 40 to 59 of 70, columns 0 to 45 of 85]
249.216020107269 251.059691111247 250.946183999379 253.161112467448 261.211276054382 266.72089099884 269.710977872213 274.737477302551 275.34951766332 259.919802347819 245.356917381287 242.85618464152 239.654084046682 235.876897970835 234.628001848857 233.871181805929 232.462823390961 229.77489233017 225.29524564743 223.546326160431 225.621561209361 232.421278953552 233.304142951965 228.322883447011 222.397724787394 223.620037237803 232.616742451986 231.534341971079 235.454301039378 236.655275026957 235.883752504985 239.415645599365 229.375044504801 232.208708922068 260.012586911519 259.718457857768 247.254411379496 240.80103635788 243.370572725932 246.440311272939 259.290953477224 283.042371273041 265.106002489726 192.425131797791 131.842295328776 94.2978163560231
256.603678067525 254.395206769307 254.630406697591 254.621883233388 250.78284740448 249.038736025492 247.184872627258 248.66650501887 253.506302833557 243.951916694641 235.77344417572 238.697985808055 238.493164380391 240.329305330912 236.277361710866 234.623273213704 227.482120196025 235.477109750112 231.335004170736 228.653470675151 228.150407473246 226.722995440165 227.189282576243 228.530824184418 228.723128636678 223.079105218252 227.831721305847 232.892513275146 234.054386615753 234.945635000865 237.340728441874 237.348437309265 231.849749883016 243.641535441081 257.053871949514 246.46250406901 229.212880134583 222.89768854777 225.610216458639 236.073096593221 265.334248542786 279.365380605062 271.511276563009 232.749919096629 167.687952518463 124.881535768509
260.269681612651 257.832884788513 260.519166787465 258.718510468801 251.85755888621 248.254636923472 246.323486169179 243.75726779302 241.758525371552 239.222566286723 237.693051497142 234.633425871531 237.285057703654 241.339385509491 238.090594609578 234.017332394918 231.613238652547 233.989477157593 234.994828701019 228.926698366801 225.686053435008 224.048554897308 220.188041528066 223.007182280223 226.747910181681 222.719271977743 219.06711657842 224.518279234568 230.351249376933 232.579350471497 232.966303825378 231.88050587972 234.143475691477 249.354263146718 254.13046280543 231.572548548381 215.051869551341 216.651995976766 225.970069567362 239.374200503031 250.217656294505 251.187880833944 239.596803983053 220.625340938568 177.642146746318 120.130717754364
245.615065097809 248.194396495819 255.25430838267 252.194821834564 253.630856672923 256.74440463384 255.20388285319 250.252525011698 238.228360811869 238.542993863424 239.070355892181 233.698705832163 234.383384386698 237.119376659393 236.63334051768 232.788284619649 234.370370705922 235.416193803151 234.924296538035 230.511089166005 224.414726098379 221.722304821014 218.610088030497 218.826572100321 220.995187759399 224.193116029104 218.489567438761 220.512986183167 226.794143517812 228.167772293091 226.048648357391 221.802055835724 230.738858381907 241.963028907776 239.298462867737 217.148979504903 211.433927218119 222.843845685323 237.00612783432 240.110695362091 236.453811327616 232.950667540232 223.669528961182 204.764544963837 172.051111857096 125.737607479095
243.400057156881 247.676511605581 248.504936695099 248.484094937642 250.138322512309 253.563304742177 251.680513223012 248.515168825785 243.013660113017 238.831579685211 239.13045724233 236.671249071757 231.791218121847 229.580263296763 230.168104171753 229.011317094167 225.864807764689 231.621742248535 232.506314913432 230.916460355123 225.988487402598 223.775347073873 222.071766853333 221.25240166982 219.955285390218 228.048761685689 230.329573154449 227.130234241486 226.224740346273 224.308649698893 220.235586166382 216.180821259816 220.434248447418 222.755114237467 219.482282797496 211.638033390045 215.503513813019 230.53648074468 241.939703623454 235.235253969828 234.712779521942 226.240396499634 215.5522108078 200.187822182973 176.553169886271 143.206139405568
246.804356575012 249.977389971415 246.704538663228 250.060737133026 247.795621554057 247.946381568909 249.506016572316 247.133811314901 248.128056526184 243.897954622904 241.514086723328 240.823268890381 235.06619532903 229.728082815806 229.277352492015 233.376105626424 223.948895931244 227.836191654205 232.351164023081 229.919234911601 228.406250476837 227.268397808075 225.063701470693 224.88542397817 227.043032646179 223.971168200175 232.234915097555 230.158686637878 227.469503879547 225.36035378774 221.194048722585 216.616590817769 217.776417732239 212.604602177938 204.46922381719 198.704659938812 207.312285900116 225.507080554962 229.207674662272 217.159390449524 222.433805465698 214.584847291311 207.168996334076 206.802129745483 200.17143090566 169.348239898682
245.074470837911 246.910810470581 248.558402061462 250.755588213603 249.633948008219 249.375760555267 251.161058743795 251.658817132314 248.640974362691 245.713492234548 244.535565376282 242.260277271271 237.457275390625 234.937985738118 232.673048973083 236.767093340556 232.418835163116 225.515007972717 231.18515809377 231.43078883489 227.889517943064 227.874080340068 225.721995035807 223.269979159037 232.365449269613 223.81329536438 224.602599938711 228.118439515432 227.22852230072 225.805938243866 224.120020866394 220.051248868306 216.623624165853 211.321492989858 205.758611361186 199.868619441986 205.797493457794 217.795173327128 217.917919158936 216.424902280172 219.366033871969 209.827144940694 211.304287115733 220.026711622874 219.558576742808 190.643668174744
238.406697909037 240.718464056651 246.235052744548 247.163156668345 250.585118929545 250.500500202179 248.680015405019 248.965601126353 247.700711091359 247.650365034739 244.825482368469 240.186989307404 239.061633745829 237.359901269277 234.926382700602 233.008126417796 232.621868451436 223.426858584086 227.966129779816 231.147150198619 227.147777875264 226.647853851318 227.971653143565 221.720298131307 224.791804949443 224.482655525208 219.357053438822 224.518815676371 226.398567358653 224.602659543355 225.343306859334 223.491132259369 215.861519177755 216.83410803477 220.83588441213 216.342568397522 214.455246925354 214.395999908447 217.872659365336 228.146692117055 220.931271711985 211.173375447591 217.108805974325 221.486469109853 218.347350756327 199.862241744995
231.321573257446 234.382092952728 238.833487033844 242.813686529795 247.394323348999 250.872731208801 248.467187086741 245.523889859517 248.37338924408 248.534878094991 247.344831625621 242.131650447845 240.383346875509 239.48727051417 237.223525842031 231.541951497396 229.55193122228 223.729332288106 226.919849713643 230.8003505071 231.044153372447 229.357262452443 232.076684633891 227.124849955241 224.429269631704 227.679133415222 223.488370577494 226.212322711945 233.037332693736 234.973152478536 237.986405690511 238.134384155273 227.042138576508 229.49888308843 231.436888376872 227.195600668589 226.114432017008 222.399353981018 221.657872200012 226.234336694082 215.773383776347 209.162990252177 207.085728645325 203.568418820699 201.60448551178 201.004942258199
230.126579602559 227.770368258158 231.282591819763 239.4660115242 243.500550587972 247.175494829814 249.940117200216 250.55452187856 250.992774963379 246.551076571147 248.771051565806 247.086763381958 243.70668331782 239.820381005605 238.596359888713 233.5018714269 230.393886566162 226.786057154338 229.102472464244 233.895262082418 236.536622047424 235.083917776744 231.246411800385 232.672293980916 228.249033292135 231.819132963816 232.017795244853 233.598192532857 241.141716639201 247.099200884501 252.621789773305 251.670479774475 241.277654965719 237.712959448496 233.709176381429 230.779925982157 229.832649230957 231.053590774536 227.180600166321 214.658856391907 203.982770442963 206.562717755636 205.026706059774 198.687672615051 194.103042284648 197.714149951935
231.236378351847 233.354687690735 234.261731306712 241.066257158915 241.29863580068 242.632766564687 248.477796713511 252.797643343608 252.787470817566 250.569621721903 250.365436077118 249.039848645528 245.852112770081 240.42421579361 240.733325481415 242.37451950709 235.871990521749 231.596906979879 231.960892677307 237.668712933858 240.196645259857 237.210869789124 233.351647853851 231.596708297729 226.890703042348 234.818736712138 237.879772981008 238.375306129456 242.5497174263 251.537561416626 257.841010888418 258.716921011607 249.541660149892 239.668448766073 228.299339612325 222.806453704834 226.592262585958 233.139236768087 225.55951277415 205.587824185689 198.749701182048 209.044973055522 210.419118404388 203.946431477865 198.72772693634 189.760764439901
229.657093683879 239.188015460968 239.814321200053 243.212322394053 241.550266742706 240.853110949198 245.837867259979 251.243710517883 251.158495744069 253.528356552124 252.139170964559 250.283161799113 248.297274112701 242.21674601237 240.948557853699 246.322095394135 239.247997601827 233.61074924469 230.778396129608 234.310348828634 234.866460164388 234.934727350871 232.676227887472 228.632728258769 225.895722707113 227.395415306091 231.511354446411 234.447439511617 236.343145370483 242.436687151591 250.883917013804 254.271805286407 244.918644428253 224.474728107452 192.799051602681 183.536410331726 201.693495114644 219.799081484477 226.344108581543 224.514047304789 223.959942658742 220.003386338552 200.863281885783 195.208430290222 203.32944393158 190.043965975444
230.832060178121 229.887266953786 228.951732317607 233.371535936991 240.540862083435 243.097583452861 241.601347923279 247.994204362233 247.944076855977 250.208477179209 251.399397850037 251.680831114451 250.055193901062 245.494623978933 240.091919898987 241.236925125122 241.685211658478 231.069386005402 227.854530016581 227.430860201518 226.812799771627 227.463245391846 229.611655076345 223.650852839152 224.318484465281 221.288482348124 222.519437472026 223.267515500387 223.01991780599 224.645813306173 230.121036370595 238.049884637197 220.937788486481 190.856496493022 159.780442714691 144.767940044403 156.723976135254 186.375836531321 215.002735455831 222.913304964701 224.232037862142 211.790521939596 192.662755648295 191.253383954366 198.673764864604 180.189450581868
236.018459002177 226.610064506531 222.352107365926 227.871378262838 237.864593664805 245.957394440969 243.606448173523 245.812475681305 246.547222137451 246.506571769714 249.5010693868 250.519851843516 251.148740450541 249.41877524058 242.132385571798 241.529822349548 242.511550585429 232.675035794576 229.891320069631 231.083194414775 230.100949605306 228.830953439077 224.762320518494 220.475713411967 219.337999820709 217.610716819763 216.941932837168 217.118859291077 215.623875459035 211.830536524455 202.486872673035 206.181069215139 190.699100494385 172.313511371613 158.273756504059 142.437696456909 128.739277521769 138.546814521154 160.170843203863 191.109438737233 209.17276541392 195.159594217936 190.437157948812 187.985122203827 176.873087882996 166.438609361649
237.441778182983 231.54471317927 225.854833920797 229.719797770182 237.873415152232 246.296445528666 247.846921284993 245.597104231517 247.915724913279 246.478835741679 248.355865478516 250.315388043722 250.717143217723 252.134203910828 244.622230529785 243.31263701121 244.880775610606 236.761669317881 231.242080529531 234.917898972829 234.882235527039 230.443676312764 227.501630783081 225.971798102061 221.97171052297 221.006055672963 218.832671642303 216.148138046265 212.208211421967 205.049534638723 195.236066977183 192.570249239604 187.474509080251 182.138482729594 183.051884174347 176.875074704488 155.116766691208 140.349338452021 132.338712612788 144.404013951619 172.739942868551 174.905955791473 165.260126193364 152.816007534663 150.115172068278 155.166914065679
240.782558917999 238.49880695343 230.748693148295 227.120439211527 232.125401496887 244.398693243663 247.967878977458 245.524923006694 245.112895965576 249.025404453278 252.705375353495 254.215359687805 252.137303352356 251.198132832845 247.675041357676 245.846311251322 247.709890206655 242.208023866018 235.993087291718 233.691990375519 233.919858932495 231.810291608175 231.726447741191 232.42050409317 227.849662303925 225.444614887238 219.736218452454 211.707810560862 204.856018225352 199.532727400462 196.496804555257 197.690010070801 195.048232873281 199.676513671875 206.762274106344 210.593422253927 208.343684673309 194.408456484477 175.029357274373 141.271491845449 144.847810268402 160.860141118368 159.768799940745 150.759746630987 153.765698273977 168.971399466197
242.965519428253 241.864085197449 237.297654151917 230.639616648356 227.990825970968 240.212003389994 244.658092657725 245.529691378276 242.370406786601 248.447934786479 254.621783892314 256.096482276917 251.781682173411 253.77227862676 251.292804876963 244.966506958008 248.335619767507 243.149658044179 238.066871960958 238.47093184789 236.894985040029 235.575715700785 231.709718704224 227.658708890279 225.269675254822 218.885580698649 201.301376024882 180.146118005117 177.371958891551 184.339900811513 195.62558333079 194.486021995544 194.261868794759 196.489135424296 208.619018395742 224.00575876236 235.776782035828 237.947463989258 231.543004512787 183.890104293823 149.911820888519 164.67539469401 179.000655810038 187.509338061015 192.95330842336 204.395413398743
242.303431034088 239.692568778992 240.700999895732 236.9611064593 230.067094167074 235.834042231242 244.165698687236 246.200362841288 243.7411348025 245.618502298991 254.617691040039 255.386054515839 250.282883644104 251.940190792084 252.69873936971 243.724942207336 245.725591977437 244.360049565633 238.648851712545 238.971253236135 236.608405907949 235.308408737183 230.558176835378 224.30012623469 223.538359006246 223.654488722483 206.081946690877 183.418075243632 180.53392569224 186.955054601034 199.770331382751 199.844479560852 204.702138900757 211.149871349335 225.267211596171 223.914504051208 222.625573476156 194.15936867396 181.159059206645 178.1351963679 181.537946065267 194.28155819575 191.645781199137 178.426285584768 175.070861975352 189.187248547872
232.439756393433 238.0557457606 238.180994987488 236.984272797902 234.48779185613 231.271763642629 244.944850603739 248.611330986023 245.559970537821 243.920703728994 249.155739943186 253.876010576884 251.392006874084 246.363441149394 248.542308807373 242.384294668833 239.46491877238 239.558100700378 238.535205523173 239.45156733195 239.985525608063 236.107071240743 234.195272127787 228.071431318919 227.128406365712 230.506598949432 225.691576798757 217.637896537781 214.326779047648 214.785555998484 213.497996330261 208.692332108816 217.743337154388 224.769055843353 216.375013192495 205.680847167969 186.41718228658 139.044364293416 116.655647754669 151.288290818532 190.777877966563 206.335107485453 190.600673357646 181.186417738597 179.391702016195 189.136306444804
221.98220094045 235.374132792155 235.863407452901 236.160059769948 236.055195331573 230.920692284902 238.578756650289 247.519830862681 252.472956975301 247.9208111763 248.408834139506 249.784290790558 251.475175221761 247.303068637848 245.836397012075 245.037456353505 238.977352778117 236.759841442108 233.735680580139 231.703341007233 235.608339309692 234.489321708679 233.405749003092 231.5660516421 232.448140780131 239.129185676575 246.509512265523 247.679015000661 230.077743530273 229.978144168854 220.175087451935 208.844621976217 212.982217470805 196.728805700938 169.955531756083 143.006026744843 131.799121697744 117.620935042699 102.649956941605 115.119447310766 139.476348956426 173.693140347799 192.650099595388 211.434046427409 236.37843132019 237.721542517344
