input/barkrak2/radiation/dir27024.grid
NCOLS 85 
NROWS 70 
XLLCORNER 665100 
YLLCORNER 4664600 
CELLSIZE 20 
NODATA_value -9999 
[rows 20 to 39 of 70, columns 0 to 45 of 85]
58.0871999263763 46.6141452391942 50.7881790399551 67.1458343664805 62.6389682292938 55.1367501417796 50.2713322639465 62.0999336242676 71.4785655339559 83.1542114416758 92.1137134234111 87.2102777163188 88.1347060203552 89.5933608214061 100.631058216095 118.107308944066 131.039321422577 140.39413134257 151.910970608393 165.884464979172 173.761427402496 163.258075714111 159.657984972 160.346964995066 160.168707370758 160.990337530772 160.129249095917 158.771961927414 161.182880401611 149.22974507014 148.101588090261 130.889276663462 117.922335863113 114.397754271825 114.159405231476 144.659280776978 144.029488166173 146.610041459401 150.830616553624 156.1345855395 157.591929038366 158.532251914342 162.39986817042 154.177933931351 161.458392937978 166.389336188634
86.459497610728 73.9120940367381 65.9260253111521 87.0069861412048 84.4992995262146 54.9361010392507 59.3427717685699 70.6624339024226 76.6777445872625 82.8255166610082 85.4030748208364 83.0478767553965 85.1309796174367 83.8818351427714 91.9395089149475 106.009980042775 121.157844861348 131.914387146632 142.794579267502 158.604651689529 168.561220169067 180.350383122762 185.031354427338 180.77407280604 166.612515846888 158.628225326538 146.391739447912 141.011893749237 147.579451402028 146.364192167918 123.508324225744 95.3501462936401 79.7316084305445 54.8955450455348 58.7855279445648 66.8436189492543 92.3534731070201 104.084591070811 119.001398483912 130.399793386459 133.551965157191 141.207536061605 136.783599853516 119.919836521149 147.270947694778 160.697907209396
129.617790381114 127.308885256449 107.277204593023 107.564826806386 105.072816212972 73.6212730407715 79.7159522771835 78.7928203741709 74.4256426890691 77.2154827912648 85.0288073221842 86.5978995958964 91.4787352085114 91.4625525474548 94.9662029743195 102.745999892553 116.593768199285 126.783112684886 135.569711526235 141.46301150322 146.042058865229 162.376433610916 171.344618002574 174.715757369995 171.006401379903 162.246882915497 142.698576052984 138.241589069366 143.155127763748 122.523407141368 87.6763562361399 52.5113542874654 35.9880725542704 16.0614649454753 8.34190721313159 23.7297788262367 45.5969373385111 73.1731504201889 83.5659007231394 101.627965768178 107.724756002426 115.178386370341 101.237306992213 83.1764042377472 108.361065387726 145.036637783051
168.583671251933 159.532845020294 126.968135436376 114.260405302048 110.685785611471 106.85271024704 99.5351672172546 83.2126637299856 71.1879332860311 71.9978710015615 86.72962586085 90.2693669001261 99.2123583952586 106.199125448863 105.337957541148 105.569362640381 112.855513890584 123.986194531123 130.803594986598 124.237497647603 123.874723911285 129.130959510803 144.124885400136 153.161952892939 157.663842042287 153.642316659292 138.299385706584 131.41918182373 109.294652938843 68.3845033248266 52.5084485610326 42.4158324797948 15.2185733119647 0.120113467952857 0 0.163913044768075 11.6014269491037 31.095544497172 43.7891433636347 53.2364547252655 59.378519654274 49.3280788262685 55.8837155501048 94.0549373626709 107.803533474604 134.591738382975
161.71803077062 158.277412255605 144.145588080088 117.689102888107 101.531684398651 105.978449185689 99.6197561422984 92.2594666481018 80.7698418696721 74.9930540720622 82.525372505188 87.2199833393097 89.3387198448181 102.59551803271 103.686928749084 104.083756605784 111.037244399389 122.472753127416 129.781385262807 121.366629997889 121.878931919734 118.739197651545 126.704384883245 134.516845146815 139.287392298381 135.475824276606 128.692209720612 117.763568957647 99.4813938935598 50.5919456481934 44.3986554940542 43.1937426328659 23.8213986158371 0.3139188241524 0 0.73737216492494 6.29853705565135 19.198827445507 22.094689309597 21.2436864773432 24.8800764481227 18.6675662795703 37.5576217969259 120.399097601573 125.223785638809 134.558777014414
148.94700050354 153.694023688634 154.123147328695 125.68587064743 102.662175893784 106.065372625987 110.805114110311 115.369230508804 114.069571097692 100.488483905792 94.0820177396138 102.351446946462 107.195566097895 113.994220892588 114.796916643778 108.477602402369 111.027379830678 122.860709826152 127.96085079511 132.332613070806 136.13290588061 131.995697816213 127.975483735402 125.633746385574 126.432756582896 127.068430185318 117.282370726268 111.243069171906 87.1501863002777 71.7218617598216 70.9102849165599 81.0646116733551 74.5033919811249 19.591045876344 4.30605964114269 9.74348001182079 10.6876865029335 12.3631494740645 17.8322829306126 12.9143173495928 9.18513536453247 11.8401398261388 53.4766614437103 117.745051781336 143.744548161825 143.427073955536
147.928158442179 153.102527062098 156.933118899663 134.37940677007 119.476775328318 124.813546737035 135.194033384323 139.649550120036 143.483181794484 142.494678497314 121.051222085953 122.564603885015 125.589311122894 131.665209929148 130.110045274099 119.299530982971 116.717517375946 128.256698449453 134.188950061798 147.341271241506 151.044895251592 147.61342604955 136.717657248179 127.770572900772 126.504997412364 128.782739241918 118.571102619171 116.597523291906 105.054587125778 106.063445409139 120.527704556783 144.652843475342 153.262505928675 138.322134812673 61.2957874933879 25.4664594928424 23.8441775242488 22.8083580732346 21.5039973457654 7.86149874329567 17.9011896252632 52.486131588618 95.5621004104614 119.271218776703 137.64888048172 133.31483801206
149.802068869273 148.407439390818 148.906201124191 139.255543549856 150.826553503672 150.968790054321 161.507447560628 157.113492488861 158.757656812668 157.405982414881 137.16263572375 132.010002930959 129.907190799713 133.643845717112 135.084569454193 131.178716818492 125.761727492015 132.563322782516 147.393127282461 155.253460009893 152.447273333867 141.843775908152 137.76034116745 137.007743120193 137.129257122676 135.28111577034 131.597518920898 130.1163037618 141.28166437149 149.262219667435 163.074831167857 175.347050031026 184.657414754232 195.88561852773 163.104633490245 65.5035674571991 36.6766179601351 26.6168688734372 16.7252148191134 15.1162122686704 39.8509229222933 118.201235930125 119.11153793335 103.708167870839 103.054185708364 104.863405227661
152.36359834671 140.969942013423 142.161389191945 144.279211759567 172.898809115092 162.629256645838 156.217366456985 146.480113267899 142.715156078339 137.075583140055 127.136488755544 116.859644651413 124.76646900177 125.634203354518 133.473128080368 136.911292870839 131.852885087331 127.420485019684 138.109415769577 142.04673965772 138.690044482549 134.156147638957 133.727788925171 143.445114294688 143.307894468307 137.695491313934 138.539731502533 137.355754772822 152.200122674306 165.693153937658 183.377345403035 195.143222808838 202.044765154521 203.641990820567 202.237089474996 134.808858235677 35.8764976263046 11.9820758700371 6.75974910457929 14.483584711949 59.898982445399 111.554503440857 100.777755180995 72.0940430959066 69.3035026391347 69.2606220642726
152.319302161535 134.460389614105 138.143618901571 152.841409047445 172.810892264048 160.842766364415 140.565554300944 120.992889006933 110.75418194135 100.933372974396 99.9814470609029 104.8910121123 111.254702011744 122.170905272166 131.675640741984 140.195985635122 137.582381566366 123.483677705129 128.461341063182 131.437122821808 131.509800752004 131.660024325053 133.121242125829 140.253722667694 146.220902601878 141.778657833735 147.031277418137 143.231451511383 148.278266191483 170.407990614573 194.548090298971 208.419561386108 207.843939463298 206.8283756574 217.90490547816 206.87480767568 124.991635481517 38.9016668001811 26.2727787097295 31.0869291424751 54.2694727579753 70.5945789813995 76.1650403340658 50.4716485738754 44.9617604414622 54.4312298297882
148.879150549571 153.372635444005 180.897911389669 223.017652829488 204.90833123525 167.668879032135 130.791127681732 101.95846358935 87.4965786933899 94.7366952896118 90.63387910525 80.9205919504166 100.276390711466 121.021260817846 136.333465576172 143.323798974355 142.824908097585 130.732864141464 130.130708217621 132.701466480891 130.194892485936 135.982861121496 138.752748568853 142.632822195689 148.050496975581 152.793616056442 152.896404266357 154.042750597 154.8859278361 182.226161162059 204.851349194845 214.084525903066 209.97820297877 217.479189236959 230.014145374298 234.979669253031 216.214617093404 166.239261627197 84.5548907915751 48.1297125418981 39.4070073962212 42.621319492658 57.0099701484044 48.4962711731593 43.0163641770681 58.4039241075516
166.558921337128 203.416844209035 249.498267968496 272.843519846598 265.420575936635 213.406523068746 161.533782879512 121.376097202301 110.056598981222 115.97948273023 110.266437133153 84.0786496798197 95.339705546697 120.15222509702 140.270709991455 147.896240154902 145.338475704193 139.045735200246 132.48402873675 135.895888010661 135.442574818929 140.415718158086 143.151740233103 145.033091306686 150.514235099157 164.000163475672 165.018161137899 170.722881952922 176.149785518646 191.199839115143 207.955420017242 216.691513856252 219.18515364329 227.437575658162 234.27806297938 230.96897204717 227.868537108103 227.240880330404 164.131214221319 82.1383396784465 45.5255806446075 43.5420274734497 47.9870289564133 51.7158607641856 61.6279393434525 85.4756534099579
227.233091990153 261.550863583883 280.081689357758 279.578010241191 287.981788317362 271.415770053864 233.509739240011 191.849589347839 163.562436898549 151.454071203868 137.753625710805 116.380115350087 97.8507995605469 116.801679134369 143.699198961258 149.291972319285 142.851690451304 146.021415789922 135.072489579519 134.268979231517 138.802160819372 141.790916522344 142.672618230184 142.738103866577 148.959616820017 165.077954530716 173.570692539215 180.991212526957 186.746160189311 192.235310872396 208.143532276154 219.822605450948 219.486097494761 217.013041178385 217.850645383199 204.21177148819 205.21072546641 203.95960410436 162.733236948649 106.595714886983 66.8728450934092 58.3754479885101 51.043912768364 52.7185499668121 64.509520928065 82.9281012217204
267.88075764974 283.159693082174 283.943931261698 276.29284063975 285.368760426839 288.988014062246 275.239109992981 236.309727032979 196.685930093129 168.290674686432 167.654613653819 153.200735648473 125.01801053683 124.544441699982 138.259331385295 145.443757375081 138.950188954671 142.025550206502 134.5594227314 137.186586856842 134.894053141276 138.015349706014 137.442688147227 137.754331032435 146.579126516978 158.270657062531 172.210335731506 177.204430103302 184.353093306224 194.952646891276 207.545101642609 210.154334704081 196.077863375346 187.438209851583 180.814544359843 165.924916664759 166.326175133387 152.709275484085 120.488554239273 89.4586443901062 94.6872035662333 85.6627821922302 69.2490835984548 57.3170731465022 56.3979248205821 71.1506207784017
278.035918871562 280.631442864736 281.550188859304 279.521902402242 277.925610542297 282.037039597829 282.482941945394 257.673859596252 208.135644594828 178.49596341451 173.975567022959 170.979956785838 157.608012358348 142.144739627838 139.278431733449 144.108553727468 137.624313433965 135.346511999766 135.225435098012 140.207290649414 134.548048178355 134.980360666911 136.682132879893 137.788007656733 143.588860829671 151.667098204295 163.647284110387 164.990961551666 173.0148990949 190.759857495626 199.522256851196 194.764077663422 184.846818447113 180.200934410095 166.110227505366 151.851236820221 155.695815881093 153.154313564301 138.584345579147 113.164563973745 113.835195700328 120.982726414998 101.866026719411 83.42378338178 68.3037141958873 57.2307904561361
277.289430300395 278.858145078023 278.371294339498 279.009699821472 277.186175187429 274.845321973165 275.214572747548 261.736849943797 220.850427945455 189.135352770487 178.074598312378 177.394906679789 174.746374289195 154.260665178299 145.322134097417 150.728493928909 143.061687548955 134.675323963165 139.138410488764 141.970932483673 138.781785964966 135.795573393504 139.598160982132 143.968502680461 143.295735120773 149.102926254272 155.539254347483 155.409703652064 163.376996914546 183.952172597249 192.110419273376 188.497523466746 186.874687671661 188.259840011597 164.450277884801 161.080737908681 166.509419679642 168.881316979726 172.282576560974 146.841108798981 106.322715679804 100.844115018845 93.7530895074209 75.4437992970149 57.796115676562 43.6195979515711
264.618953069051 267.014880975087 267.528335253398 265.879094600677 264.555712540944 262.230038642883 266.956766446431 265.642126401265 229.367911815643 191.644906997681 176.618576049805 171.457926432292 172.146121660868 154.251515865326 143.454889456431 153.326034545898 154.032091299693 141.494224468867 143.750747044881 148.415356874466 147.106031576792 142.903675635656 142.921795447667 146.595458189646 145.513663689295 145.570248365402 153.759827216466 160.2470378081 165.415982405345 178.474624951681 190.340479214986 190.66854317983 186.846673488617 184.224168459574 167.044401168823 172.307670116425 174.552202224731 180.397311846415 176.156123479207 153.632382551829 83.1916431585948 63.4177525838216 53.5074820121129 33.9081287384033 42.6244189341863 38.5236665606499
246.440927187602 253.991723060608 262.184421221415 260.321696599325 259.086430072784 261.639555295308 268.194297949473 270.20800113678 249.074975649516 206.274251143138 184.95778242747 168.03640127182 159.566164016724 150.651961565018 140.384783347448 147.409856319427 159.013986587524 150.590201218923 146.228502194087 151.014586289724 150.984813769658 147.538791100184 144.01846130689 146.013865868251 148.634811242421 147.569080193837 152.341395616531 161.94290916125 166.971723238627 171.971599260966 183.813293774923 192.814191182454 188.939213752747 175.502677758535 164.669861396154 181.959887345632 189.005891482035 192.105313142141 181.59019947052 167.922139167786 76.6868193944295 32.7927718559901 15.2295753359795 13.4881051878134 13.955036799113 14.6942896147569
213.983019193014 224.407315254211 231.251180171967 236.134747664134 243.282775084178 255.550742149353 265.484790007273 270.444770654043 259.214997291565 226.439952850342 198.195596536001 174.862245718638 158.892452716827 157.21195936203 146.971732378006 141.716698805491 154.140015443166 154.997726281484 146.857082843781 147.895991802216 148.305634657542 146.107991536458 141.969710588455 143.127183119456 148.134549458822 152.269144852956 153.065174818039 158.708542585373 165.286878744761 166.438897450765 175.499399503072 190.522611141205 181.825081507365 163.358708222707 169.946948687236 195.590376853943 200.222035249074 197.554270426432 184.684038162231 187.562902768453 140.725344419479 52.4020294348399 21.1938271919886 16.0828803976377 13.9502597351869 12.1206094821294
178.771992524465 185.89969476064 184.450586636861 195.078730583191 211.070895195007 226.016779740651 238.841811815898 248.638788859049 246.818502744039 222.535808881124 192.049483458201 170.067131519318 155.712157487869 154.349982738495 149.476399024328 143.733233213425 148.520181576411 150.322864452998 141.790042320887 141.153335571289 146.096169948578 148.842553297679 148.462613423665 143.197407325109 143.534898757935 147.341122229894 154.817720254262 158.001661300659 162.95059521993 163.83041938146 166.440824667613 179.50838804245 173.905491828918 168.389678001404 195.2077349027 208.967804908752 204.66411113739 197.836577892303 197.758118311564 209.100882212321 215.290168921153 167.208234469096 80.4515977700551 41.8118685483932 25.7664769887924 13.0931523938974
