input/barkrak2/radiation/dir20724.grid
NCOLS 85 
NROWS 70 
XLLCORNER 665100 
YLLCORNER 4664600 
CELLSIZE 20 
NODATA_value -9999 
[rows 0 to 19 of 70, columns 0 to 45 of 85]
335.048913955688022 339.711427688599 341.578245162964 340.829213460286 337.415774663289 332.243283589681 324.447949727376 318.349679311117 322.788079579671 322.102765242259 319.23379500707 325.851182142893 331.167101860046 330.63014348348 332.524617513021 337.483485539754 335.882544517517 330.115596453349 322.509487469991 311.607420444489 291.9935186704 289.801061153412 308.232367038727 315.905789534251 313.227117061615 312.961896260579 310.797214508057 301.3596534729 283.264517784119 277.113397916158 274.886548519135 282.417098681132 296.634256839752 302.155296007792 306.245068709056 298.652529716492 296.691139539083 306.45223458608 304.636438687642 303.719957669576 294.29837067922 278.656542301178 287.829836209615 308.102866013845 312.804917494456 305.481115976969
326.369484265645 332.764307657878 333.344697952271 335.755825042725 335.798462231954 332.463959852854 325.092673301697 316.341718037923 319.904685020447 321.489612261454 316.497802734375 321.68177763621 328.591088453929 329.766233762105 328.959147135417 332.612673441569 331.661661465963 328.274349371592 327.39269733429 318.472286065419 305.416862169902 300.77056090037 307.903647422791 313.441475232442 312.627991040548 310.7617298762 308.467924594879 301.476200421651 286.718249320984 277.237474918365 278.614679972331 290.708919366201 293.866952260335 295.019030570984 306.187788645426 297.508517901103 292.688151200612 293.970048427582 290.972709655762 302.984913190206 300.496578216553 289.813319842021 295.836667219798 312.073489030202 317.122260729472 309.111078580221
295.482516288757 300.747911135356 308.153748512268 310.849765936534 318.853477636973 324.889341990153 326.442619164785 326.278428236643 325.002988179525 322.270174821218 314.84333674113 315.800348917643 324.088295300802 327.160199483236 323.14137617747 326.734602451324 330.13125260671 331.999242305756 330.567955970764 326.3947168986 323.395371437073 317.223747571309 311.057925224304 310.693939526876 312.330444653829 312.836448351542 307.112157344818 300.067861874898 288.600603739421 277.967393398285 277.376274267832 291.980842749278 282.476902008057 288.493116696676 301.927288373311 296.305278937022 283.470431963603 278.060475985209 288.11381260554 302.587628364563 303.883671760559 303.092062473297 303.408622741699 315.669178962708 325.144986311595 315.12063741684
280.903140703837 279.990394910177 279.274523258209 285.341799259186 291.153967380524 296.029249827067 300.816098848979 309.857646624247 319.581131140391 325.35860935847 324.294825394948 324.518084526062 326.858301957448 327.306807041168 324.323018391927 320.362786451976 322.367608547211 325.659056504567 328.438500563304 328.812817732493 326.315939426422 323.198676109314 323.691109816233 318.910658359528 316.804349422455 318.219125270844 313.4539326032 305.411338806152 297.242740790049 289.116601149241 281.271676222483 291.809817155202 282.471875349681 288.374682267507 294.291456540426 295.555333296458 289.988140265147 287.125806013743 302.589317162832 312.288502852122 308.590730031331 301.785528659821 297.172605991364 306.245068709056 318.002104759216 317.505578200022
296.642104784648 278.783003489176 267.340342203776 259.665687878927 264.466404914856 278.244853019714 292.897820472717 300.36602417628 307.208061218262 311.738610267639 322.058935960134 330.091794331868 332.969725131989 333.544890085856 332.12157090505 330.247501532237 327.698071797689 322.197655836741 323.705236117045 327.921549479167 326.334317525228 325.832267602285 329.490224520365 325.496315956116 321.942488352458 321.978608767192 317.084193229675 309.469064076742 301.668524742126 296.659191449483 296.405593554179 298.976163069407 292.646129926046 295.238216718038 292.358338832855 295.658429463704 304.248114426931 308.988352616628 315.598865350087 318.543056646983 317.080279191335 309.787472089132 303.518136342367 301.034390926361 305.986980597178 320.954223473867
322.721223036448 303.360104560852 283.430218696594 264.633377393087 257.278263568878 265.403747558594 286.524514357249 299.138804276784 301.755845546722 301.968952020009 308.073480923971 317.598283290863 322.130620479584 325.59210062027 329.031050205231 329.979300498962 327.159603436788 321.271419525146 321.144064267476 324.819048245748 324.84891017278 328.231910864512 333.580493927002 331.014037132263 327.183842658997 326.739033063253 321.109076340993 313.159306844076 304.132620493571 298.390428225199 300.235370794932 299.48478937149 303.927361965179 308.656414349874 303.288141886393 300.424516201019 307.577669620514 313.221335411072 315.550744533539 315.879146258036 316.33460521698 312.767763932546 310.459613800049 310.169339179993 307.700912157695 308.446625868479
332.570135593414 320.894340674082 308.467547098796 292.533198992411 275.993605454763 265.138487021128 271.819651126862 295.113603274028 304.398059844971 309.911668300629 307.156463464101 303.580284118652 300.648848215739 298.089921474457 299.80856180191 309.064010779063 315.728724002838 323.108712832133 327.775319417318 329.875946044922 327.125430107117 323.983709017436 330.324490865072 332.037031650543 330.596407254537 331.368386745453 328.666687011719 322.149336338043 313.135147094727 307.763159275055 305.727859338125 308.067897955577 320.323268572489 324.33811823527 321.199695269267 314.442952473958 313.06521097819 315.379679203033 317.640264829 321.631371974945 320.855577786763 317.034502824148 314.204812049866 309.607148170471 295.472840468089 288.920362790426
331.81635538737 329.783757527669 326.170285542806 318.367858727773 303.995231787364 281.197428703308 263.221303621928 262.971063454946 290.632883707682 308.507124582926 313.177486260732 310.3107213974 304.488917191823 297.297636667887 288.208385308584 290.862778822581 299.921313921611 310.557325681051 322.73272673289 330.607771873474 331.41036828359 327.187101046244 328.350802262624 330.881377061208 330.76403538386 332.781791687012 331.730743249257 328.206419944763 322.668353716532 320.460041364034 319.743315378825 321.25202814738 329.41601673762 331.930836041768 330.384532610575 326.157371203105 321.536580721537 317.280769348145 311.461249987284 314.749618371328 321.631809075673 326.051274935404 327.301144599915 320.422490437826 305.494586626689 291.886866092682
328.346133232117 328.998366991679 328.450739383698 325.64789056778 319.218198458354 306.691964467367 285.067280133565 261.333306630452 271.656135718028 291.078249613444 304.607172807058 309.783418973287 310.221076011658 308.726906776428 302.298486232758 297.598799069722 294.567843278249 297.925631205241 307.986458142598 318.967700004578 326.139569282532 329.863707224528 329.618771870931 327.066799004873 328.039705753326 331.035931905111 332.10684855779 330.081820487976 328.175008296967 330.246984958649 331.72341187795 330.486615498861 332.338213920593 333.481788635254 331.231812636058 329.37482992808 326.221406459808 318.783978621165 305.781165758769 308.094223340352 323.121547698975 328.979651133219 327.82373825709 322.89183139801 313.886761665344 305.153965950012
315.364102522532 320.324897766113 323.185443878174 323.290089766185 321.912070115407 321.349104245504 313.376208146413 301.305452982585 275.721609592438 268.635014692942 280.308087666829 299.198786417643 312.800506750743 318.045814832052 319.847623507182 315.858105818431 306.20531241099 301.934202512105 301.497578620911 303.915917873383 309.824426968892 313.945869604747 317.144195238749 319.618662198385 322.940250237783 325.31601190567 327.048103014628 326.128204663595 325.88126262029 328.802943229675 329.772035280863 329.908947149913 333.123902479808 335.39096514384 334.137201309204 330.266416072845 328.066766262054 324.302395184835 308.427214622498 306.495308876038 320.840358734131 323.811113834381 321.959435939789 319.24162308375 310.769518216451 302.157044410706
281.031767527262 291.484038035075 300.127923488617 306.708435217539 312.528709570567 317.334751288096 319.623251756032 318.013866742452 300.317247708638 280.720273653666 267.703155676524 274.555583794912 296.027382214864 312.67774105072 320.892969767253 315.366943677266 311.021129290263 306.366244951884 300.926685333252 297.047893206279 297.271132469177 296.118160088857 298.276484012604 306.702891985575 313.750008742015 318.149129549662 319.828629493713 319.444298744202 322.067856788635 324.561436971029 325.991372267405 328.083475430806 332.850356896718 334.640661875407 333.311359087626 330.660184224447 330.196102460225 330.796182155609 321.309208869934 313.301304976145 318.450133005778 322.042425473531 323.38676850001 322.78718551 315.426667531331 307.969033718109
247.02266852061 251.679201920827 258.334994316101 268.831670284271 281.814575195312 294.500291347504 307.700912157695 311.882595221202 312.78121471405 304.042498270671 284.894208113352 268.518726030986 269.20356353124 288.49591811498 307.247678438822 308.31374724706 313.299715518951 311.983307202657 305.044770240784 297.679682572683 292.725046475728 290.289243062337 290.377338727315 296.393076578776 302.15714375178 305.466016133626 307.190616925557 310.058653354645 314.392983913422 317.321141560872 319.483160972595 323.302646478017 327.407876650492 328.797539075216 327.793916066488 327.462951342265 330.44429620107 333.57564608256 331.956764062246 326.052725315094 325.30415058136 328.22851339976 330.254971981049 329.039792219798 323.461095492045 321.117301781972
236.312687397003 232.385516166687 230.29617468516 230.327308177948 237.464328606923 252.364635467529 273.81424109141 290.297071139018 311.013480027517 313.785493373871 306.344191233317 289.493044217428 266.759812831879 263.457238674164 283.09158484141 302.871982256571 313.338061173757 314.8526151975 312.026500701904 305.548310279846 299.306750297546 298.439661661784 298.100252946218 298.815886179606 298.550546169281 296.869019667308 300.080418586731 306.325634320577 308.654884497325 309.640765190125 313.034276167552 316.969553629557 317.872643470764 318.98021697998 319.866458574931 322.741130987803 329.450249671936 333.073973655701 333.023766676585 333.653410275777 332.944591840108 332.680424054464 331.545472145081 331.114550431569 325.652182102203 323.086261749268
231.140573819478 206.287821133931 189.63881333669 184.306601683299 181.731839974721 187.783817450205 207.140783468882 239.539265632629 272.114872932434 299.619575341543 311.211963494619 311.578472455343 299.608588218689 279.310603936513 275.71847041448 296.384612719218 308.475057284037 316.400269667308 320.152242978414 318.196137746175 310.484528541565 308.130204677582 305.864691734314 305.765529473623 304.962476094564 302.988092104594 305.676678816477 310.761968294779 309.898912906647 305.813372135162 309.887210528056 313.630521297455 315.13786315918 314.568559328715 316.594123840332 321.083982785543 325.173417727153 326.897819836934 327.892363071442 328.29745610555 329.767505327861 330.923875172933 332.570930322011 332.081417242686 327.117443084717 323.911090691884
215.982993443807 179.566423098246 158.042927583059 153.808772563934 153.493622938792 158.508916695913 167.193750540415 191.495021184285 218.628287315369 264.109909534454 305.46114842097 323.138038317362 325.426896413167 314.93091583252 296.555201212565 291.820009549459 296.399970849355 307.713985443115 318.630635738373 322.542130947113 321.715474128723 317.496418952942 316.154360771179 314.185241858164 311.134457588196 309.645434220632 312.095999717712 313.505272070567 308.478951454163 305.349310239156 308.850288391113 312.193870544434 312.440554300944 312.60226170222 314.20644124349 316.820720831553 318.214535713196 316.455403963725 318.532685438792 318.588634332021 321.069558461507 325.292150179545 328.141272068024 328.223764896393 325.08776585261 323.778669039408
182.449440161387 156.231741110484 136.511832475662 134.654154380163 150.68244934082 172.955354054769 172.545611858368 180.312673250834 199.316660563151 229.136864344279 276.206016540527 319.367567698161 331.575810909271 330.300450325012 319.851597150167 298.854152361552 290.49946864446 291.371027628581 304.39418554306 320.626676082611 325.771768887838 322.622895240784 323.567032814026 320.228417714437 314.905524253845 315.087536970774 317.630330721537 314.894457658132 309.575498104095 312.035302321116 313.999056816101 312.785267829895 310.888866583506 310.237467288971 310.745775699615 309.354821840922 308.152576287587 305.28450012207 306.06202284495 307.348529497782 310.810049374898 314.650257428487 315.451343854268 315.800507863363 319.85596815745 322.421610355377
161.297798156738 151.031633218129 134.914606809616 126.576016346614 130.460272232691 154.366195201874 175.435721874237 179.822107156118 195.766965548197 207.846919695536 232.714315255483 280.956308046977 325.023849805196 329.809884230296 327.1364569664 321.079472700755 313.834925492605 302.972753842672 294.085542360942 302.881340185801 318.699300289154 324.658771355947 326.632877190908 323.916594187419 319.550236066182 319.960395495097 323.083599408468 320.081651210785 316.786030928294 320.759733517965 321.193099021912 313.506722450256 309.638718763987 307.393451531728 304.090877374013 302.344441413879 299.254933993022 298.353155454 298.706154028575 300.203263759613 302.291035652161 304.507195949554 306.492229302724 307.331780592601 317.084511121114 321.604470411936
152.922213077545 155.319660902023 150.108595689138 137.969573338827 121.458351612091 135.113269090652 165.528078873952 184.371431668599 201.321323712667 214.256723721822 221.036314964294 249.636153380076 289.442439874013 323.887407779694 329.457402229309 331.041614214579 329.772790273031 322.574496269226 309.423347314199 296.038190523783 304.603536923726 321.73627614975 323.643167813619 322.847147782644 323.136607805888 326.382378737132 328.928689161936 327.267706394196 324.757258097331 326.259672641754 322.903831799825 315.306862195333 310.971895853678 306.538224220276 302.294035752614 300.236761569977 298.618217309316 297.904074192047 297.900835673014 299.442172050476 301.496545473735 301.774243513743 301.853060722351 304.974595705668 311.639746030172 319.346229235331
161.02475921313 171.612997849782 177.94144153595 166.103571653366 145.547370115916 148.87457092603 168.61625512441 187.52513329188 209.263821442922 227.835516134898 237.098177274068 243.272602558136 267.880062262217 290.708740552266 321.818768978119 328.910926977793 329.753677050273 328.866442044576 326.324264208476 315.356095631917 300.415933132172 310.375948746999 315.698524316152 320.885976155599 326.505780220032 330.205857753754 332.011262575785 331.050177415212 326.708674430847 325.851082801819 321.416735649109 316.740612188975 312.243183453878 307.866513729095 305.229385693868 301.387270291646 301.060716311137 299.100081125895 298.482696215312 300.924559434255 303.20147673289 304.384291172028 304.021835327148 305.344680945079 306.688527266185 314.812183380127
172.518610954285 177.874028682709 191.035548845927 201.244950294495 188.650329907735 166.524668534597 168.597896893819 180.335481961568 197.082201639811 223.34078947703 235.137104988098 238.785862922668 245.936612288157 259.46569442749 280.976931254069 303.905328114827 323.202391465505 324.483493963877 325.399657090505 324.94596640269 319.973270098368 309.706528981527 310.560643672943 316.794594128927 323.802272478739 329.175412654877 331.915696461995 330.61408996582 324.686646461487 324.055552482605 320.023278395335 314.417481422424 310.168047746023 308.276494344076 306.699653466543 303.729017575582 301.719387372335 295.879642168681 293.7091588974 300.426701704661 304.283897082011 305.669983228048 307.568192481995 306.301236152649 304.415166378021 311.49431069692
