input/barkrak2/radiation/dir28724.grid
NCOLS 85 
NROWS 70 
XLLCORNER 665100 
YLLCORNER 4664600 
CELLSIZE 20 
NODATA_value -9999 
[rows 21 to 41 of 70, columns 0 to 47 of 85]
56.0929377873739 43.6864793300629 33.0846856037776 47.3327537377675 45.3147987524668 26.2190078695615 30.3183595339457 35.1366947094599 39.3848766883214 43.7118113040924 46.0901359717051 46.9543486833572 46.9466596841812 46.0496097803116 54.0910065174103 65.5550211668015 79.7962645689646 89.4614259401957 101.319034894307 113.790919383367 124.590337276459 137.610534826914 143.587986628215 143.263131380081 135.316451390584 125.114957491557 111.956338087718 105.309108893077 122.134953737259 104.328115781148 83.7130149205526 63.9564047257105 42.8728808959325 33.7491159637769 14.4750339289506 13.5354995727539 20.7587654391925 30.2245542407036 51.630844672521 60.9545012315114 68.3161020278931 72.0740258693695 72.5088020165761 63.2629891236623 85.3760441144307 96.3619351387024 101.999749739965 109.243233998617
96.9589948654175 90.7642245292664 68.679357568423 65.4007444779078 62.0407362778982 39.2617533604304 48.1618344783783 41.4781297246615 37.7563908696175 39.4254922866821 45.6079343954722 48.0981171131134 50.6396889686584 52.2155960400899 55.2052309115728 62.8565400838852 74.8659074306488 84.2790007591248 93.9645866552989 96.0100094477336 102.655212084452 117.727865775426 131.905416647593 137.349178393682 135.5988184611 130.081276098887 113.856722911199 107.75359471639 96.9171325365702 84.4792226950328 60.1744403441747 32.855619986852 15.8401640752951 2.06037145107985 0.815265734369556 1.62521842867136 7.94938889642556 19.0055370330811 21.1495781938235 31.6830823818843 46.9946016867956 54.4661084810893 39.0343417723974 36.6514002283414 65.6409412622452 87.7457658449809 95.3380763530731 97.9833404223124
131.87038898468 121.220350265503 88.3046090602875 71.8632390101751 67.3420826594035 67.4605220556259 59.5841407775879 43.1429048379262 35.4618380467097 35.6506456931432 46.7707713445028 50.8768111467361 55.171400308609 64.2833809057872 62.7215802669525 63.7565602858861 73.2232481241226 83.9820007483165 91.1338726679484 83.3586454391479 83.2099368174871 88.3691112200419 103.258311748505 113.992859919866 121.994515260061 122.657209634781 108.854472637177 105.247000853221 82.2666734457016 41.8496280908585 34.3816926081975 23.1210564573606 2.13823126008113 0 0 0 0.221514919151862 5.12293384720882 8.24813731014729 7.80647123853366 3.06631779919068 0 18.4803269803524 46.1602707703908 63.6808772881826 81.0409386952718 89.9515847365061 95.4490005970001
131.023476521174 127.120474974314 106.750557820002 76.7088880141576 58.4922035535177 65.6205117702484 57.5557947158813 51.9692997137705 42.7762717008591 40.0141229232152 43.4234539667765 47.7817058563232 51.7548173666 61.5427146355311 62.35637764136 63.5975102583567 69.9279457330704 81.732377409935 90.1772379875183 82.0600092411041 81.1395247777303 78.1408449014028 88.763693968455 97.0543225606283 102.444350719452 103.886624177297 96.4565873146057 91.4488037427266 70.1238065958023 33.6855923136075 26.5629813075066 24.1523037354151 8.4947378685077 0 0 0 0 0.790466476852695 1.12662355725964 1.35934011389812 0.345205965762337 0 7.60077809294065 72.0139046510061 77.4885416030884 83.0444991588593 87.3867074648539 93.5286780198415
117.294510205587 122.262140115102 115.580022335052 86.0941509405772 59.2453728119532 63.3712063233058 66.6994800170263 74.5901564757029 70.7555711269379 60.9316329161326 52.8807292381922 58.7081511815389 59.5486809810003 72.1483925978343 70.6879297892253 67.0768916606903 69.9809143940608 82.5231075286865 89.86696600914 92.5580859184265 94.9553350607554 89.970201253891 87.8475308418274 86.9732697804769 90.206782023112 92.8551157315572 86.9251489639282 84.0492248535156 63.6243919531504 46.6742962598801 46.5973218282064 53.8860112428665 46.808272600174 3.54640341053406 0 0.865007285028696 0.823930681993564 1.36936502531171 0 0 0 0 19.635130961736 78.5308678944906 89.9484753608704 85.6965184211731 85.0000778834025 91.2779370943705
116.12273255984 121.616760889689 119.880894819895 95.8194633324941 75.0732421875 80.2556773026784 88.9696478843689 97.9548792044322 101.752609014511 94.4055517514547 75.4446436961492 79.2385091384252 79.5457859834035 84.3397080898285 86.5903000036875 76.356699069341 73.1547673543294 85.361659526825 93.3445493380229 105.104595422745 108.362664779027 104.725937048594 96.6925323009491 90.1075998942057 90.9058849016825 93.3644870917002 87.1358116467794 90.6923214594523 80.959955851237 80.75745900472 90.3318226337433 113.020718097687 122.180680433909 102.365881204605 22.7991864085197 5.85921791692575 5.32076818247636 4.45224096377691 1.38030961776773 0 2.68491605917613 17.1948845187823 54.6234945456187 78.6774853865306 82.5637181599935 75.0420490900676 74.5390355587006 77.1826356649399
118.013242880503 116.595347722371 117.017964522044 101.684510707855 104.5307914416 104.676564534505 113.890548547109 110.581696033478 112.851897875468 107.569992542267 90.0105834007263 80.4047435522079 84.7831865151723 84.8006904125214 91.7319059371948 87.4918301900228 81.3890596230825 90.0083184242249 103.193203608195 109.014729658763 107.273459434509 98.2659459114075 96.7021485169729 97.7421303590139 98.6253519852956 98.7160603205363 96.5905586878459 102.352956930796 116.161684195201 122.667451699575 131.122171878815 139.407535394033 149.412820736567 162.545710802078 121.650497118632 29.6207293868065 9.22562802831332 6.60150622328122 3.24999758352836 0 14.4463355342547 73.7386047840118 74.7814079125722 67.2932763894399 64.6576086680094 58.5176000992457 60.9073042869568 60.87659796079
120.851387580236 108.848442633947 109.972854455312 105.996002753576 125.586897134781 118.265897035599 109.151919682821 104.983578125636 100.962032874425 92.9281910260518 82.2820911804835 74.2357025543849 79.4516156117121 84.3133727709452 91.6754106680552 97.2591837247213 90.746541817983 86.372564236323 100.18997391065 102.520744005839 101.454029480616 93.360165754954 94.789723555247 101.220220327377 104.464620351791 101.157446702321 102.647473414739 104.446311791738 126.122385263443 139.651397864024 152.69069870313 162.218232949575 167.208393414815 172.327796618144 166.827162106832 92.4871961275737 11.0107523699601 2.26279969016711 0.194394553545862 0 28.3327947060267 64.0931824843089 61.5292092164358 41.1999300122261 40.1233956217766 38.2652680079142 44.8686679204305 55.7078421115875
121.152887741725 102.184583743413 103.78443201383 113.477061192195 125.140647093455 116.803010304769 95.7000354925791 79.747865597407 67.8148766358693 61.5342110395432 60.708021124204 65.4378533363342 74.2570459842682 88.1562928358714 91.6317900021871 101.756513118744 97.9142983754476 84.5146377881368 90.4732048511505 93.4154689311981 93.3462182680766 94.0266052881877 95.1509972413381 101.528058449427 108.840843041738 104.411671559016 108.621875445048 105.88476061821 121.581554412842 143.983095884323 163.761913776398 174.266298611959 175.921718279521 175.96564690272 186.799943447113 170.74716091156 82.8240215778351 10.4277655482292 6.06513644258181 7.81241556008657 23.9486843347549 36.2948055068652 42.4580077330271 22.989884018898 18.9648792147636 21.5452114741007 38.2179543375969 56.9670548041662
118.209064006805 120.678454637527 145.897805690765 184.042652448018 157.122741142909 123.2903500398 89.3959899743398 60.0121716658274 49.4168798128764 53.8256913423538 50.086185336113 49.9033778905869 70.9985494613647 88.2190068562825 99.6672511100769 107.402741909027 104.482312997182 90.6924406687419 91.8352802594503 95.3133503595988 93.7923987706502 97.8064437707265 101.051698128382 103.498955567678 110.712786515554 115.52357673645 114.4933005174 116.476327180862 125.678400198619 149.942636489868 173.345943291982 179.965615272522 175.872643788656 186.206459999084 199.12850856781 205.400427182515 179.576834042867 119.799872239431 45.627956589063 18.6357460916042 14.1541908184687 9.99128632247448 28.0013183752696 20.0502499938011 15.7966849704583 25.7523655891418 43.4545228878657 60.7957939306895
133.714338143667 170.22701104482 219.29132938385 240.824202696482 223.151882489522 168.274263540904 114.983230829239 78.3739338318507 68.6885118484497 73.0380862951279 63.6110603809357 55.3201536337535 69.012905160586 78.6873350540797 105.163445075353 112.346291542053 107.570270697276 100.799014170965 95.3371028105418 97.0619122187297 97.8300372759501 101.349204778671 105.496992667516 106.04065656662 111.346423625946 125.057349602381 126.097271839778 132.645090421041 137.718061606089 157.668938239415 174.110531806946 182.751218477885 186.040063699087 193.124035994212 202.158669630686 200.134992599487 196.937918663025 187.2851451238 116.884042819341 42.5829986731211 17.4623603622119 18.1441282232602 21.6231594483058 22.468830148379 30.8206429084142 41.998490691185 34.9520122011503 40.2379433314006
196.211159229279 231.867909431458 253.718177477519 255.837976932526 256.827970345815 230.444530646006 187.85427014033 145.317604144414 115.18806219101 105.628897746404 100.212673346202 84.410697221756 71.5787957111994 76.103816429774 104.71640030543 112.302005290985 106.34567340215 106.695214907328 97.4119305610657 95.6919590632121 100.637803475062 101.875245571136 104.242791732152 104.971865812937 111.113280057907 126.07071797053 133.795122305552 141.721944014231 150.310615698496 158.145715792974 171.07093334198 182.963748772939 184.317052364349 182.498613993327 184.738675753276 169.97100909551 171.249687671661 159.092664718628 123.120486736298 64.5900368690491 32.0985193053881 29.9633592367172 24.0732580423355 24.9452168742816 18.8984572887421 16.9414641956488 18.8610156377157 19.9406445026398
244.248270988464 258.702576160431 261.652072270711 257.785081863403 261.606772740682 258.329411347707 237.789551417033 193.106214205424 153.848618268967 132.687697807948 132.358551025391 119.530340035756 93.9895808696747 90.5247231324514 102.276215950648 108.052829901377 102.357298135757 102.456559737523 97.1599320570628 97.9110598564148 96.8299408753713 98.2194940249125 97.608228524526 99.53906138738 107.986032962799 119.597633679708 133.333136638006 137.275218963623 146.636774142583 158.712724844615 171.147624651591 174.288392066956 159.673899412155 149.700194597244 151.380121707916 135.279844204585 135.832170645396 120.896637439728 83.5241476694743 49.7688502073288 55.0292581319809 49.9397267897924 37.8875012199084 26.8409798542658 8.54421344896158 9.83845504621665 0 1.85823844124873
254.92791334788 259.709974129995 259.683310985565 258.218785127004 258.011639118195 258.707006772359 254.134674866994 225.916822751363 176.029841105143 145.933916171392 143.318921327591 140.357891718547 123.989393313726 106.344978014628 102.694402138392 106.894552707672 100.062211354574 95.6366956233978 97.2431500752767 100.3011961778 96.0440933704376 94.8935647805532 96.5774854024251 98.9858408768972 103.410969177882 112.654695908229 123.323659102122 125.142484903336 135.120203097661 153.985550006231 164.330820242564 156.624495983124 149.278104305267 143.105586369832 135.348161061605 120.376288890839 124.525606632233 121.705114841461 102.651298046112 71.5852330128352 73.8150278727214 80.6718120972316 64.4027491410573 41.3770154118538 10.3368939210971 1.02247879840434 0 0
250.232140223185 252.963741620382 250.903248786926 252.420246601105 252.114315827688 247.328003247579 244.540254275004 228.695273399353 183.93349647522 153.929978609085 144.644548495611 145.50111691157 139.365782340368 116.97522799174 107.595841089884 113.057076931 104.910423358281 94.793289899826 100.540846586227 101.548979679743 100.037217140198 95.503290494283 99.2499788602193 104.892422755559 102.895259857178 109.923452138901 115.061601003011 116.512030363083 124.834676583608 144.98645067215 155.28400739034 153.159598509471 151.532570521037 152.519275744756 133.890360593796 127.077410618464 131.838977336884 138.699501752853 134.158869584401 104.475309451421 68.075031042099 68.8447554906209 26.9869416952133 6.18065955738227 1.243748391668 0.856288010254502 0 0
231.725414594014 234.863877296448 236.752172311147 232.885301113129 232.748051484426 231.305181980133 235.719164212545 232.577443122864 195.933838685354 160.783688227336 146.118581295013 137.683570384979 133.647680282593 116.265287001928 104.980339606603 113.892614841461 116.13009373347 101.985802253087 104.297051827113 107.289542754491 107.571870088577 102.007965246836 102.105061213175 107.224583625793 104.716499646505 104.963481426239 113.207906484604 121.123025814692 125.266641378403 139.823536078135 151.830782492956 155.001660188039 152.85203854243 156.167139609655 137.100239594777 137.742012739182 138.29094171524 146.549304326375 146.434754133224 113.740573326747 46.7005968093872 23.1947551170985 5.24386018514633 0 0 0 0 0
209.593792756399 218.353470166524 228.174169858297 225.931107997894 225.399692853292 230.766673882802 238.897283871969 239.129741986593 217.226465543111 175.426840782166 152.299215396245 132.267624139786 120.283097028732 111.42106850942 101.119528214137 107.851485411326 119.409342606862 110.816578070323 106.655339399974 109.718948602676 111.366500457128 106.420934200287 104.609777530034 106.605172157288 107.732266187668 108.218262592951 111.643264691035 121.391614278158 126.529713471731 131.63744409879 145.752449830373 156.771073738734 155.44193983078 146.609862645467 132.526139418284 146.933446327845 153.202583392461 154.774725437164 153.117080529531 128.338793913523 37.3729194204013 5.95626421272755 0 0 0 0 0 0
174.922982851664 184.909542401632 193.896810213725 198.037127653758 206.406553586324 220.805366834005 233.018755912781 239.53898747762 228.664676348368 194.602966308594 164.142707983653 135.961959759394 118.928293387095 116.793215274811 106.982211271922 101.704557736715 113.922188679377 114.791045586268 107.11799065272 106.615642706553 108.60139131546 104.987899462382 102.550764878591 103.803902864456 107.21351703008 112.803379694621 112.300326426824 118.105113506317 123.429318269094 125.972767670949 136.803597211838 153.573642174403 153.054237365723 133.772432804108 137.732326984406 161.482552687327 165.946930646896 159.529666105906 157.140543063482 153.142899274826 100.948005914688 18.2160772383213 1.66590775673588 0 0 0 0 0
138.204594453176 144.552975893021 144.22353108724 155.206362406413 170.806070168813 188.365856806437 201.048096021016 212.389588356018 209.159513314565 185.521364212036 152.41668621699 129.404246807098 115.17658829689 113.834708929062 109.22983288765 103.670656681061 108.530749877294 108.800113201141 102.064321438471 101.694057385127 104.977091153463 109.249919652939 107.389519611994 103.901575009028 102.776070435842 106.612573067347 113.968580961227 117.30287472407 122.398465871811 123.302161693573 127.484281857808 140.577842791875 144.31036512057 136.938730875651 163.029243548711 175.827344258626 170.66490650177 163.174331188202 164.933999379476 178.133130073547 175.05951722463 111.95899049441 32.7696725726128 6.48794571558634 0 0 0 0
126.30491455396 128.911256790161 127.937446037928 129.928022623062 138.676851987839 145.366728305817 148.17867676417 154.147724310557 153.724004824956 135.816792647044 119.585583607356 115.942498048147 113.661527633667 110.842208067576 108.038524786631 107.145647207896 107.529014348984 106.972644726435 101.941605408986 100.346346696218 104.747176170349 111.873000860214 113.24883500735 109.967182079951 106.04273279508 104.043583075205 114.14830883344 119.123468796412 122.685482104619 124.405999978383 124.2948671182 132.552256186803 137.731870015462 148.131608963013 173.065364360809 171.441992123922 160.570094982783 149.790187676748 152.8060734272 168.058772881826 182.67285823822 178.650120894114 121.465464433034 42.1078900496165 7.68270716071129 0.189316497805218 0 0
135.713398456573 132.718831300735 132.978836695353 131.217728058497 127.825170755386 125.267962614695 123.595078786214 123.921414216359 128.950069348017 119.392484426498 111.890981594721 112.538526455561 115.187416474024 115.661650896072 112.880051136017 109.605213006337 105.531185865402 112.869362036387 113.811979691188 107.641776402791 109.612216552099 110.420445601145 110.61363418897 112.500270207723 113.194723924001 109.31275288264 114.80321486791 118.992706139882 122.766037782033 125.848094622294 127.330005168915 132.157345612844 136.551241079966 156.550089518229 168.389817078908 159.03428196907 144.0489590168 133.094996213913 130.777517954508 143.797218799591 175.33004283905 180.965304374695 156.05961283048 91.9572710990906 27.0416041215261 5.07134106010199 0 0
