input/barkrak2/radiation/dir20924.grid
NCOLS 85 
NROWS 70 
XLLCORNER 665100 
YLLCORNER 4664600 
CELLSIZE 20 
NODATA_value -9999 
[rows 20 to 39 of 70, columns 0 to 45 of 85]
177.176932493846 169.185558954875 183.999260266622 223.169883092244 218.200465043386 178.333401679993 163.748244444529 169.744948546092 185.378869374593 203.241268793742 217.20423301061 224.703907966614 227.74612903595 237.636963526408 253.767212231954 270.473380883535 286.482930183411 308.353225390116 317.393143971761 325.699051221212 327.807903289795 320.27264436086 318.980693817139 320.854981740316 322.15807835261 323.694745699565 325.214862823486 322.688142458598 318.867325782776 318.185806274414 311.862051486969 300.108850002289 290.085911750793 284.771641095479 282.724857330322 288.175364335378 288.285672664642 290.63888390859 294.519305229187 298.777540524801 299.774547417959 298.770149548848 301.160236199697 296.484688917796 300.066351890564 303.955614566803
206.316967805227 203.39580376943 218.156298001607 249.290823936462 245.990633964539 187.954902648926 176.458477973938 179.158906141917 186.780273914337 199.058095614115 211.606899897257 218.573292096456 226.141273975372 222.541689872742 238.55197429657 252.523322900136 273.508985837301 287.06826766332 305.42129278183 321.018477280935 325.831611951192 331.79893096288 333.05553595225 332.040905952454 327.727059523265 322.331329186757 318.884571393331 314.023017883301 314.822395642598 308.439095815023 290.767232577006 261.212726434072 239.493111769358 236.341973145803 243.741234143575 262.430409590403 270.21578947703 285.334487756093 295.494834582011 295.402526855469 293.589214483897 292.661567529043 286.879281202952 271.758615970612 292.269905408223 300.256629784902
248.026847839355 253.969649473826 257.263620694478 266.659160455068 266.602873802185 220.759888490041 198.561807473501 186.051408449809 182.785431543986 193.576753139496 209.944446881612 220.668355623881 231.028477350871 233.930170536041 240.718801816305 250.618577003479 264.582753181458 278.180797894796 291.494409243266 297.977924346924 307.195285956065 321.709593137105 327.271302541097 327.916085720062 325.173636277517 322.343448797862 308.961073557536 298.348943392436 286.15019718806 267.938613891602 232.201337814331 185.553153355916 161.364664634069 177.107950051626 205.090264479319 230.375011761983 249.09903605779 268.848776817322 281.56057993571 284.931759039561 288.216710090637 288.046101729075 265.689829985301 244.787812232971 272.174636522929 297.468781471252
271.151502927144 272.180875142415 267.133394877116 272.134880224864 271.227777004242 255.191127459208 223.137199878693 194.50706243515 179.890751838684 184.308509031932 208.551545937856 221.875667572021 234.73314444224 245.026548703512 248.27786286672 250.543594360352 261.652747790019 274.113873640696 283.350745836894 279.470860958099 283.704717954 291.546662648519 300.50257841746 300.364057223002 294.180115063985 289.626558621724 274.189412593842 261.994381745656 242.696682612101 201.173265775045 168.205936749776 144.080320994059 112.135231494904 103.497455517451 115.253080924352 151.235948006312 197.428822517395 225.056449572245 243.302881717682 252.47848033905 251.978814601898 238.228837649027 223.982214927673 257.918000221252 259.005347887675 289.785385131836
263.945877552032 265.197157859802 270.26637395223 273.938596248627 264.706631501516 255.403538544973 229.54535484314 209.035197893778 193.641801675161 187.493165334066 200.494488080343 216.097056865692 230.571786562602 241.918623447418 247.718791166941 250.830113887787 257.807691891988 272.534012794495 279.071907202403 275.664110978444 271.334369977315 257.587969303131 260.939836502075 267.559270064036 273.749391237895 270.775218804677 259.106318155924 248.196522394816 220.605512460073 163.385768731435 143.653601408005 140.304386615753 120.203067859014 86.0599875450134 78.6781807740529 97.8646874427795 139.768252770106 176.149507363637 204.922159512838 218.11306476593 208.04762840271 185.938199361165 207.539240519206 276.818633079529 272.200266520182 290.858546892802
256.650467713674 261.062840620677 270.875334739685 271.57207330068 265.315035978953 257.040162881215 239.374200503031 235.668778419495 227.213541666667 212.570627530416 211.158792177836 228.274623552958 240.033368269602 254.593789577484 256.951530774434 254.121740659078 258.869548638662 269.144376118978 267.731289068858 271.587689717611 267.883936564128 261.243263880412 257.763822873433 256.885210673014 260.890901088715 261.491119861603 251.700599988302 241.455435752869 195.64300775528 172.437568505605 170.146346092224 185.795644919078 187.691549460093 152.015447616577 118.569552898407 109.738379716873 122.09352850914 146.971762180328 178.481241067251 199.412564436595 182.279606660207 173.308412233988 217.193086942037 266.859491666158 287.096560001373 299.777448177338
258.112947146098 260.912557442983 267.971932888031 270.591378211975 278.621514638265 268.346508344014 257.9385638237 250.580588976542 250.969688097636 247.220059235891 235.733230908712 249.228696028392 257.722119490306 270.48788468043 269.744614760081 261.198957761129 254.844923814138 260.125835736593 267.128109931946 276.101489861806 278.767744700114 274.689237276713 266.452272733053 259.491264820099 260.5233391126 261.445562044779 252.415219942729 242.767175038656 209.246039390564 203.471302986145 223.751346270243 248.002827167511 253.378907839457 259.710987408956 229.241410891215 147.976855436961 137.267669041952 146.257877349854 173.19256067276 187.053004900614 192.55934158961 223.642587661743 229.457755883535 249.223272005717 278.640071551005 290.201286474864
262.132505575816 258.598268032074 261.481404304504 268.409927686055 302.10949977239 283.207933108012 266.894598801931 253.568291664124 254.822790622711 262.942552566528 252.319514751434 253.984073797862 265.716632207235 272.1173564593 273.525396982829 266.56045516332 259.832402070363 265.746633211772 273.581306139628 279.045542081197 276.482840379079 267.93372631073 266.642987728119 267.138202985128 267.399032910665 264.562388261159 261.121809482574 253.271480401357 235.087215900421 234.300454457601 256.636023521423 271.096328894297 271.483262379964 285.069187482198 299.838165442149 226.271053155263 167.403201262156 153.101185957591 163.542370001475 186.649839083354 230.039000511169 281.789680322011 244.949261347453 239.502569039663 262.896021207174 270.982325077057
260.226368904114 251.055955886841 254.692951838175 274.770637353261 316.123068332672 284.876088301341 259.300212065379 247.729579607646 251.48332118988 258.573571840922 252.61789560318 250.257174173991 265.31970500946 267.869114875793 270.705660184224 272.680719693502 267.69212881724 263.351837793986 270.915349324544 272.829651832581 271.945317586263 263.402581214905 265.916625658671 269.857207934062 271.308422088623 266.562779744466 265.711267789205 261.564532915751 246.446986993154 243.616064389547 265.442351500193 282.645384470622 282.632768154144 281.741877396901 299.32177066803 290.01388947169 198.090414206187 142.309536536535 132.223457098007 165.997445583344 239.434281984965 264.507651329041 235.225021839142 208.93669128418 229.992568492889 241.441627343496
253.889163335164 243.15067132314 250.816186269124 285.09525458018 313.68891398112 281.401753425598 250.44196844101 234.665989875793 227.96235481898 232.291281223297 231.213708718618 239.709238211314 255.997359752655 268.105506896973 269.339919090271 275.342345237732 274.46581919988 262.020389238993 265.306254227956 267.284671465556 266.149481137594 266.300062338511 266.424159208934 273.497462272644 272.936244805654 269.933640956879 273.059149583181 265.824913978577 251.330475012461 252.094467480977 271.689474582672 288.980444272359 285.073717435201 282.098392645518 291.71895980835 306.063771247864 279.428839683533 201.33117834727 156.556983788808 166.709542274475 203.155974547068 218.867222468058 221.706608931224 190.680940945943 198.147654533386 220.539152622223
243.231256802877 252.352337042491 282.103916009267 328.038970629374 327.251215775808 286.914189656576 251.523454984029 221.97147210439 212.494631608327 223.263502120972 218.632598718007 217.942297458649 245.889723300934 266.256252924601 273.899773756663 278.133233388265 277.886807918549 268.945654233297 267.951528231303 268.257677555084 268.980145454407 274.416188398997 274.446705977122 275.24201075236 277.077555656433 278.721650441488 278.952876726786 273.997624715169 262.861589590708 264.000773429871 278.367161750793 290.552020072937 287.370463212331 288.624544938405 293.703774611155 296.917974948883 312.685966491699 313.294927279154 243.711849053701 197.11846113205 185.019930203756 177.650133768717 196.856458981832 191.810607910156 194.752335548401 221.705893675486
261.912624041239 289.976914723714 313.77633412679 322.104235490163 345.370054244995 321.761965751648 283.758918444316 244.429151217143 229.590475559235 244.300047556559 237.25567261378 219.436128934224 234.554648399353 262.97652721405 276.529888312022 281.081775824229 281.652192274729 276.003956794739 271.44463857015 271.665692329407 272.15572198232 277.342001597087 279.326796531677 279.594043890635 279.818952083588 285.719553629557 286.390086015065 287.79415289561 279.112120469411 278.314014275869 284.559627374013 289.372821648916 291.39522711436 296.611527601878 299.564083417257 289.178729057312 295.721093813578 326.895515124003 313.510775566101 248.233596483866 199.906865755717 180.159827073415 179.221530755361 193.800270557404 214.942693710327 241.699417432149
298.443992932638 311.798830827077 306.808690230052 300.209780534108 317.501962184906 333.46962928772 323.517580827077 293.380618095398 269.99028523763 270.036061604818 270.432154337565 249.767184257507 238.804399967194 259.344299634298 280.149261156718 281.932870546977 280.715624491374 282.983362674713 274.607559045156 272.977670033773 277.784248193105 279.640873273214 278.048674265544 278.432726860046 280.196885267893 288.385510444641 293.131828308105 294.716457525889 287.751893202464 284.177362918854 292.381544907888 297.283589839935 294.092377026876 295.289993286133 299.191157023112 288.501679897308 288.530945777893 303.946455319722 299.460728963216 268.704136212667 238.111356894175 202.269236246745 184.918681780497 190.333704153697 211.91793680191 242.289284865061
298.125366369883 294.64191198349 288.673837979635 278.397619724274 279.529094696045 298.466622829437 315.053502718608 307.385762532552 293.710807959239 291.200260321299 290.510694185893 277.634044488271 261.79571946462 267.645994822184 280.18573919932 280.668298403422 281.244655450185 283.034523328145 275.139272212982 276.225050290426 276.267051696777 275.899668534597 274.763703346252 272.077282269796 277.263383070628 285.590529441833 291.417757670085 292.607108751933 288.035929203033 290.26472568512 296.932439009349 295.483489831289 284.758190313975 281.940142313639 285.651961962382 269.618451595306 267.524937788645 265.340268611908 252.902507781982 251.863400141398 262.333273887634 234.948476155599 209.09982919693 196.268359820048 197.298983732859 221.124450365702
294.458707173665 286.465227603912 292.300760746002 279.419779777527 272.209286689758 282.912830511729 306.177417437236 323.994477589925 313.548366228739 299.903353055318 290.36271572113 288.702011108398 290.046691894531 285.044074058533 285.266240437826 285.770356655121 283.126036326091 279.383540153503 279.307107130686 280.795474847158 276.568571726481 274.180511633555 274.583657582601 275.163650512695 277.057528495789 282.240490118663 286.904434363047 285.532057285309 285.638590653737 291.793445746104 296.977460384369 287.565986315409 272.531549135844 275.732100009918 273.415764172872 256.436467170715 257.92517264684 257.464071114858 259.738246599833 273.804883162181 275.336543718974 268.07169119517 244.914035002391 227.23666826884 208.788593610128 201.554576555888
311.926205952962 307.867586612701 316.261450449626 311.688462893168 302.267710367839 305.512487888336 320.165634155273 338.614503542582 327.662368615468 304.258724053701 290.55655002594 294.838428497314 306.135237216949 298.159857590993 292.637288570404 291.217545668284 287.779768308004 281.34822845459 281.87084197998 282.973249753316 282.934943834941 276.868462562561 278.252085049947 281.300167242686 278.089265028636 280.689458052317 280.686279137929 279.588798681895 282.987534999847 292.145411173503 294.063766797384 284.966727097829 274.103959401449 275.076508522034 265.438397725423 260.244349638621 265.577693780263 267.315606276194 276.793698469798 296.656966209412 264.000137646993 254.884461561839 244.525790214539 234.438896179199 216.659526030223 197.616298993429
330.68984746933 328.779319922129 331.367373466492 333.022117614746 324.472943941752 318.505565325419 323.690950870514 337.356050809224 330.75221379598 303.16416422526 291.808187961578 300.844291845957 309.931596120199 300.541838010152 291.200915972392 292.249580224355 298.453807830811 286.694904168447 289.538065592448 290.873428185781 288.645307223002 283.039470513662 282.971759637197 284.333030382792 280.616223812103 279.26629781723 282.231171925863 283.650755882263 286.855856577555 293.391704559326 294.44678624471 287.607093652089 276.904304822286 272.330065568288 261.813759803772 266.348878542582 272.018432617188 272.732456525167 275.46755472819 288.189470767975 250.423947970072 211.174607276917 197.742382685343 191.184719403585 190.948446591695 188.365340232849
338.170607884725 337.535579999288 335.780342419942 336.227655410767 330.080509185791 323.736031850179 322.532077630361 328.61316204071 332.416852315267 311.881283919017 305.76092004776 308.669924736023 305.656313896179 295.46461502711 290.11074701945 293.77535978953 301.295876502991 295.695046583811 293.260673681895 294.806063175201 294.939478238424 288.057049115499 284.636338551839 285.746892293294 283.724109331767 281.8683385849 283.360441525777 288.520296414693 290.304760138194 292.950471242269 295.877198378245 289.161582787832 279.855847358704 264.547407627106 254.920144875844 271.031578381856 280.392428239187 278.99976571401 270.041902860006 279.126763343811 249.090393384298 183.04709593455 153.462946414948 141.571789979935 143.362541993459 152.69743402799
335.176229476929 338.21972211202 339.779138565063 338.480075200399 335.809667905172 333.433349927266 329.760511716207 327.294866243998 329.454640547435 322.309494018555 322.356184323629 317.022840181987 302.94011036555 302.15056737264 297.890981038411 291.424870491028 299.793819586436 300.626595815023 293.257435162862 292.782147725423 291.796525319417 288.936992486318 285.214463869731 284.554441769918 286.988695462545 288.923223813375 286.672910054525 288.553138573964 291.249950726827 291.970531145732 293.812016646067 291.854659716288 275.110503037771 252.58857011795 260.601083437602 283.995628356934 287.102262179057 281.934857368469 266.06814066569 270.447055498759 279.838184515635 225.328584512075 167.759656906128 140.004684527715 135.175089041392 135.717332363129
320.440491040548 324.605027834574 324.376066525777 328.772187232971 335.529049237569 340.957800547282 343.32267443339 343.080997467041 341.412742932638 337.106148401896 329.292515913645 312.792420387268 305.786867936452 304.783602555593 299.530863761902 295.500079790751 297.502199808757 297.850886980693 291.984438896179 291.220605373383 293.420255184174 294.858713944753 292.42467880249 288.360754648844 286.720911661784 287.789384524028 291.146655877431 291.110952695211 293.408771355947 293.012837568919 292.969067891439 291.393955548604 269.152065118154 253.812412420909 277.734160423279 293.143848578135 288.433333237966 283.844371636709 271.465400854747 269.666155179342 300.108949343363 312.421063582102 252.945164839427 199.038167794546 162.011593580246 138.33357890447
