input/barkrak2/radiation/dir26324.grid
NCOLS 85 
NROWS 70 
XLLCORNER 665100 
YLLCORNER 4664600 
CELLSIZE 20 
NODATA_value -9999 
[rows 20 to 39 of 70, columns 0 to 45 of 85]
70.9270884593328 58.972363670667 64.2771124839783 83.9412411053975 80.5510133504868 71.7889318863551 67.7605718374252 79.0972163279851 89.6400511264801 99.6860563755035 104.302565256755 104.913552602132 101.376722256343 105.873167514801 115.940560897191 131.841331720352 144.6153819561 155.334790547689 166.784524917603 182.610929012299 188.134690125783 177.966018517812 174.18779929479 176.501095294952 177.74639527003 176.944136619568 178.289771080017 175.969998041789 173.411508401235 176.161050796509 163.252413272858 149.785230557124 152.27609872818 139.169196287791 156.835873921712 164.628565311432 163.998812437057 166.087865829468 170.383254686991 175.885876019796 177.447001139323 177.205522855123 180.956860383352 173.699935277303 179.303805033366 185.112496217092
100.426057974497 88.2919828097026 82.1128537257512 106.309701999029 104.756295681 73.120579123497 76.1416057745616 90.1357233524323 99.2531975110372 101.673235495885 101.782610019048 100.518147150675 102.05332438151 97.7263947327932 108.421007792155 122.87704149882 137.065629164378 149.016956488291 160.304705301921 174.820462862651 183.033565680186 194.437603155772 200.813412666321 196.564793586731 186.744113763173 171.647568543752 165.786445140839 156.494279702504 165.315419435501 157.031824191411 137.446741263072 121.631364027659 92.2128260135651 85.4338705539703 86.3410830497742 106.135934591293 136.806825796763 152.885536352793 166.269014279048 167.249778906504 168.85777314504 167.730669180552 157.684644063314 140.659441550573 166.302601496379 179.529468218486
146.422167619069 143.167436122894 124.747296174367 126.843631267548 126.129289468129 92.4251675605774 99.7428297996521 98.8891323407491 96.8285997708638 95.9320664405823 101.472765207291 106.088081995646 108.497520287832 110.448191563288 113.118976354599 119.878282149633 132.182657718658 144.037187099457 154.581437508265 157.796015342077 162.418742974599 176.757097244263 187.370618184408 190.614720185598 184.924244880676 173.987209796906 158.272643884023 153.716584046682 155.974149703979 135.048419237137 98.8968908786774 63.2429073254267 46.3116268316905 26.3403827945391 24.143564204375 39.0833343068759 67.9568548997243 101.807455221812 122.138897577922 133.683105309804 143.635859092077 149.488101402918 128.719836473465 106.816560029984 139.234940210978 173.040688037872
182.899117469788 174.602826436361 144.153038660685 133.461813131968 131.614704926809 128.330568472544 118.905107180278 101.518074671427 90.9774899482727 90.2287065982819 103.379974762599 106.547305981318 111.908386150996 125.973671674728 121.006260315577 121.263106664022 130.137413740158 143.048783143361 148.35657676061 140.589872996012 140.192459026972 145.438939332962 157.432188590368 167.730271816254 172.07525173823 163.869192202886 156.609117984772 141.207744677862 122.044831514359 93.3530827363332 63.3089045683543 52.3606141408285 23.7716088692347 1.60363828763366 0.00696803605630218 4.3897262463967 29.7440737485886 55.8341443538666 63.1831288337708 73.8355318705241 80.7419071594874 66.8588777383168 82.8256110350291 118.633965651194 134.450892607371 161.651660998662
177.592039108276 176.747858524323 160.360286633174 136.965195337931 122.521032889684 127.063006162643 119.192828734716 112.711717685064 101.340651512146 90.986708799998 99.2147823174794 103.596965471903 113.594045241674 120.655129353205 121.913174788157 121.23574813207 128.396570682526 140.007118384043 145.66175142924 138.922035694122 138.260175784429 135.014822085698 144.651303688685 150.85431933403 152.675052483877 151.505708694458 142.886896928151 129.874666531881 110.778997341792 59.8007341225942 54.4655521710714 52.8967877229055 32.3402360081673 1.85713761796554 0.777005140359203 7.50384603937467 17.2273976107438 32.0987900098165 36.9151756167412 39.7178928057353 35.5437869826953 35.7677216331164 57.7204525470734 149.610658486684 155.468593041102 163.742492596308
165.784627199173 171.299656232198 169.600089391073 143.20100347201 123.202880223592 127.472152312597 132.266104221344 139.172504345576 133.28876097997 119.987110296885 113.470057646434 120.779464642207 123.916208744049 132.423798243205 132.166008154551 125.825156768163 128.515124320984 139.230300982793 145.47136425972 148.785293102264 151.389807462692 148.390591144562 144.374211629232 142.106582721074 141.674518585205 140.629102786382 130.278468132019 123.946706453959 97.4986751874288 82.7121088902156 82.9447011152903 93.5413241386414 87.4372124671936 29.8700556159019 13.0723801751932 23.5176409284274 24.1658315062523 31.3951770464579 33.847376704216 25.7378170887629 22.7103655536969 27.0661513010661 72.2729514042536 153.652350107829 170.47514518102 169.624666372935
165.31236966451 170.71799437205 171.880582968394 151.38308207194 139.977584282557 146.791756153107 157.666107018789 163.539598385493 168.525576591492 160.40160258611 136.409342288971 146.590312321981 142.670234044393 149.292329947154 146.19509379069 133.894016345342 130.180656909943 141.819636027018 150.677263736725 163.888265689214 166.31481051445 162.96515862147 152.109126249949 143.029352029165 142.961402734121 142.786880334218 135.459423065186 129.461963971456 115.214963754018 118.051558732986 134.275009234746 159.66060757637 168.704887231191 153.917819261551 82.3133687178294 41.0882979631424 39.1902923583984 39.0338947375615 35.5638340115547 22.920827070872 39.1166607538859 74.5521386464437 121.38232588768 139.03146982193 163.438399632772 158.469041188558
166.477739810944 161.210278669993 167.15274254481 155.660092830658 171.008209387461 173.334320386251 181.53440952301 177.127361297607 180.560529232025 175.129234790802 152.269870042801 147.275447845459 147.085189819336 149.374375740687 152.731547753016 146.109263102214 141.053934892019 149.59258834521 161.180148522059 167.57736603419 166.228502988815 155.8584968249 151.891926924388 152.474820613861 149.990320205688 149.486541748047 144.406497478485 145.126283168793 150.981614987055 160.66895922025 176.728069782257 189.045310020447 197.574456532796 209.220687548319 180.849591890971 86.8560175100962 54.5604427655538 44.7355608145396 36.2681671977043 22.7461482087771 62.897726893425 143.032521009445 137.818813323975 123.454173405965 130.400667587916 126.456608374914
164.980034033457 154.012044270833 159.127980470657 160.934100548426 194.214681784312 181.612451871236 176.40765508016 162.610590457916 159.146209557851 156.338026126226 142.141610383987 135.969370603561 144.961376984914 150.723199049632 154.232054948807 156.595677137375 152.69261598587 148.503522078196 160.407433907191 163.576712210973 160.152306159337 152.811924616496 152.241408824921 157.967358827591 158.784757057826 152.147829532623 152.956992387772 147.98911412557 162.09947069486 175.208528836568 195.714632670085 208.367963631948 214.598079522451 215.907752513885 216.508110364278 156.484812498093 57.0799311002096 26.1244624853134 17.3632738490899 26.6287500659625 80.093319217364 133.64389538765 122.901479403178 90.4605786005656 87.7463618914286 89.0011390050252
164.786716302236 147.660076618195 152.862966060638 169.879853725433 192.712883154551 179.700235525767 160.904467105865 140.348960955938 125.251481930415 115.366637706757 114.327897628148 119.206269582113 133.488416671753 150.108257929484 156.064649422963 164.707293113073 161.952416102091 148.216724395752 151.258021593094 153.066029151281 152.790387471517 153.13063065211 153.337816397349 159.143477678299 162.556270758311 157.340844472249 161.800334850947 157.77055422465 158.808261156082 183.513442675273 206.028719743093 221.120874087016 220.136205355326 218.822598457336 229.890704154968 221.445679664612 144.238173961639 58.4338903427124 39.9356087048848 43.2707369327545 68.9648638168971 86.0523084799449 97.006360689799 67.1316534280777 63.0110651254654 67.7238951126734
161.174138387044 167.01744000117 195.26869058609 238.445063432058 223.869244257609 186.525603135427 151.337593793869 116.610109806061 102.04416513443 107.030689716339 102.755943934123 102.412978808085 124.386578798294 150.724490483602 161.308785279592 171.423455079397 168.815950552622 155.443906784058 154.961615800858 156.558960676193 155.338495969772 160.183290640513 162.589649359385 165.521860122681 168.880025545756 171.646058559418 169.226129849752 167.9647564888 171.868582566579 192.677617073059 216.172218322754 226.475656032562 222.422142823537 229.401230812073 241.057932376862 245.871742566427 230.636517206828 184.405306975047 103.569020827611 64.0911360581716 55.5342733860016 58.8991045951843 76.6927699247996 64.7683839003245 59.1141283512115 75.565164287885
180.079559485118 216.59791469574 260.718981424967 282.978057861328 280.380368232727 231.650074323018 178.438047568003 137.437373399734 123.037159442902 132.522384325663 124.005079269409 112.443298101425 125.894278287888 150.609155495962 165.968974431356 171.919047832489 167.621413866679 162.039677302043 152.686099211375 155.212531487147 157.49317407608 161.494712034861 167.369206746419 166.789253552755 170.130372047424 182.515978813171 183.446625868479 187.332590421041 188.793361186981 203.020850817362 219.292720158895 228.75581185023 231.823066870371 239.390214284261 246.065100034078 242.110788822174 239.326516787211 242.445766925812 183.249255021413 100.39875904719 62.6867363850276 61.7121458053589 67.0396586259206 70.2684024969737 80.1956504583359 104.586094617844
239.078362782796 271.451036135356 288.040121396383 286.847949028015 296.260893344879 283.76042842865 246.299942334493 204.817016919454 176.090359687805 167.739272117615 165.49164056778 146.722177664439 134.069969256719 140.657564004262 162.767459948858 166.367878516515 162.971397240957 163.662374019623 154.37987446785 151.798188686371 156.660874684652 159.805903832118 160.626351833344 161.074052254359 167.129456996918 183.267732461294 191.981474558512 200.428525606791 202.330271402995 206.124583880107 220.594942569733 231.775859991709 231.895983219147 228.974878787994 231.965243816376 220.319072405497 221.858561038971 218.527615070343 180.101633071899 126.113553841909 87.8567198912303 78.5515010356903 70.5467363198598 72.2713569800059 77.3029029369354 102.297554413478
273.962656656901 291.256745656331 290.619790554047 281.613707542419 289.661149183909 296.086986859639 283.401906490326 249.311228593191 214.375913143158 198.73042901357 195.684194564819 181.504627068837 156.102736790975 144.3785627683 156.998693943024 161.560952663422 156.467199325562 159.832735856374 152.933537960052 155.001978079478 152.919898430506 154.378364483515 155.459771553675 155.603806177775 164.422035217285 175.887127717336 188.187142213186 192.992329597473 199.139336744944 210.246920585632 222.806652386983 224.429965019226 211.36075258255 201.031943162282 204.326113065084 177.972833315531 178.304016590118 165.455083052317 136.693298816681 108.412931362788 115.23840824763 106.030076742172 87.7433717250824 75.0033954779307 69.1362867752711 86.5123867988586
286.539236704508 291.307667891185 293.597380320231 287.719031174978 286.686579386393 291.199962298075 295.471092065175 278.733690579732 237.249394257863 209.017952283223 202.090740203857 196.221868197123 174.087107181549 159.360617399216 157.580961783727 161.536037921906 155.335346857707 151.623835166295 153.056253989538 156.671633323034 152.767658233643 151.190569003423 154.430657625198 155.528525511424 160.126825173696 169.683277606964 180.298646291097 181.078433990479 188.616534074148 205.550233523051 216.656227906545 209.922035535177 197.930753231049 193.88202826182 178.203582763672 168.167889118195 172.018011411031 169.549584388733 154.148479302724 132.85106420517 137.443989515305 145.563761393229 125.944972038269 98.568320274353 82.4652512868245 73.5120127598445
288.289427757263 289.438982804616 288.750807444255 290.150205294291 286.010801792145 285.557746887207 289.74727789561 284.079551696777 246.553579966227 210.761427879333 192.968110243479 192.791859308879 190.633177757263 171.596586704254 163.844635089238 167.648911476135 161.653896172841 151.647220055262 157.744169235229 158.643662929535 157.431026299795 152.745674053828 156.543493270874 162.283231814702 159.945587317149 167.306582132975 172.116120656331 173.001825809479 179.584781328837 199.429571628571 207.885086536407 203.301151593526 200.559953848521 201.569020748138 176.482121149699 174.884219964345 180.632094542185 186.879495779673 186.848322550456 166.272262732188 127.895494302114 127.942760785421 112.807859977086 94.7269797325134 80.6393921375275 65.0800168514252
276.473939418793 278.4650127093 280.393183231354 279.085099697113 276.829620202382 273.909727732341 278.952817122142 279.17089064916 247.271498044332 206.635077794393 191.678921381632 187.134583791097 187.745650609334 170.145034790039 161.591688791911 169.213314851125 171.582182248433 157.698015371958 161.696086327235 165.057281653086 163.548608620962 159.616152445475 159.654478232066 163.211027781169 162.278523047765 162.378370761871 170.445005098979 176.775197188059 181.799372037252 195.700724919637 205.434620380402 205.737769603729 202.045063177745 203.503688176473 183.674216270447 185.791035493215 188.436090946198 195.415159066518 196.186979611715 170.926928520203 103.765259186427 82.6750745375951 66.6508873303731 56.9581339756648 55.5335680643717 52.763561407725
261.672556400299 267.321626345317 274.555146694183 272.922456264496 271.411061286926 274.119218190511 280.094563961029 282.602628072103 263.017773628235 217.78937180837 196.630636850993 183.048049608866 177.776436010996 167.652110258738 159.174601236979 164.575795332591 177.711586157481 167.694906393687 163.226346174876 168.021738529205 167.911112308502 164.518942435582 160.961677630742 162.924528121948 165.562172730764 164.414038260778 169.165074825287 178.54364713033 183.444996674856 188.233017921448 200.603524843852 208.122591177622 201.590220133464 186.635732650757 177.622516949972 195.218523343404 202.341457207998 205.103854338328 192.455927530924 182.992438475291 97.9730188846588 47.980656226476 20.89490989844 22.6864243547122 22.0298791925112 34.4228024284045
230.214575926463 240.110715230306 247.850517431895 252.179384231567 258.503377437592 268.407185872396 277.024904886882 281.092762947083 272.18496799469 238.05962006251 212.306559085846 190.132757027944 176.940600077311 173.989812533061 165.683845678965 158.855626980464 172.832846641541 172.091364860535 163.861453533173 164.910743633906 165.259728829066 163.14419110616 158.940186103185 160.043607155482 165.048519770304 169.09118493398 169.912457466125 175.381580988566 181.823114554087 182.864964008331 191.516518592834 205.398221810659 192.809621493022 174.972335497538 183.01914135615 209.580798943837 216.128925482432 210.793336232503 202.187021573385 200.098315874736 158.184667428335 70.4849461714427 33.3530257145564 25.0915338595708 25.8689001202583 19.8396369814873
196.221709251404 203.165253003438 202.856341997782 211.989939212799 227.36918926239 242.951651414235 253.386914730072 262.230892976125 259.897927443186 236.803154150645 210.331797599792 187.169750531514 174.608806769053 171.656787395477 168.371558189392 160.993784666061 167.382776737213 167.526702086131 158.923993508021 159.92612640063 163.129866123199 167.549630006154 165.396163860957 160.092800855637 160.454531510671 164.20433918635 171.649893124898 174.700796604156 179.466684659322 180.326461791992 182.760119438171 195.023556550344 185.371736685435 180.902282396952 208.555936813354 222.176412741343 219.368179639181 212.818304697673 209.698081016541 219.512144724528 228.425780932109 185.205976168315 98.9129741986593 57.1576952934265 39.3701940774918 25.0199610988299
