input/barkrak2/radiation/dir21124.grid
NCOLS 85 
NROWS 70 
XLLCORNER 665100 
YLLCORNER 4664600 
CELLSIZE 20 
NODATA_value -9999 
[rows 40 to 59 of 70, columns 0 to 45 of 85]
311.309595902761 312.300781408946 312.237620353699 314.220905303955 319.257954756419 322.957197825114 324.635883172353 327.968597412109 327.815314133962 319.16066010793 308.480739593506 304.645180702209 302.807549635569 300.41100581487 297.366340955098 296.396613121033 294.380664825439 294.902324676514 290.127813816071 288.272976875305 291.371782620748 294.765988985697 296.931068102519 292.472620805105 288.763463497162 286.759277184804 292.853832244873 293.401777744293 293.714086214701 291.922052701314 290.621976057688 287.356793880463 267.369588216146 265.949587027232 289.473017056783 289.665798346202 279.50131893158 277.131676673889 278.697232405345 271.326859792074 281.770865122477 315.776069959005 321.377913157145 267.957846323649 206.735014915466 167.699257532756
316.697498162587 314.769844214122 314.951618512471 315.022567907969 312.135736147563 310.633937517802 309.534112612406 310.028592745463 313.739359378815 308.350344498952 301.90255244573 301.242132981618 304.018557071686 303.247352441152 301.097929477692 299.819747606913 295.161823431651 299.788316090902 300.887525081635 295.982400576274 296.997288862864 297.031998634338 295.107106367747 295.790354410807 295.976042747498 291.320900122325 294.456044832865 295.443177223206 294.623891512553 293.338576952616 292.147000630697 287.470936775208 273.613333702087 277.568976084391 289.354840914408 280.010183652242 264.451205730438 262.292345364888 268.046379089355 274.920264879862 294.483343760173 307.645042737325 313.195546468099 298.62105846405 249.625106652578 203.08127005895
318.782269954681 316.558043162028 318.681140740712 317.464927832286 312.664389610291 310.246845086416 309.472302595774 307.271798451742 307.651321093241 304.44739262263 302.388310432434 302.375952402751 304.406424363454 306.233922640483 306.286553541819 303.121149539948 299.871822198232 304.543594519297 305.402755737305 299.391369024913 296.728293100993 294.791261355082 291.048526763916 291.851421197255 292.799909909566 289.406100908915 285.854498545329 287.329733371735 291.065275669098 292.374730110168 290.413280328115 285.115341345469 279.192547003428 285.64065694809 286.96350256602 267.802596092224 251.936813195546 256.273905436198 269.342104593913 282.439351081848 291.697601477305 290.655036767324 283.705910046895 279.570857683818 255.986412366231 204.614996910095
308.691024780273 310.347716013591 315.682411193848 313.799103101095 315.107027689616 316.424151261648 316.542685031891 314.261635144552 305.73046207428 304.902970790863 306.520581245422 304.075121879578 303.592046101888 306.865572929382 306.456089019775 304.889321327209 304.979642232259 305.736660957336 305.236657460531 300.480743249257 295.498649279277 291.015088558197 289.718846480052 288.633068402608 288.341641426086 290.35488764445 285.353342692057 284.642537434896 287.351866563161 287.706653277079 284.750461578369 278.926471869151 281.680067380269 285.878598690033 275.427023569743 253.084123134613 247.884293397268 261.05268796285 278.818329175313 283.255537350972 281.368613243103 277.579665184021 269.58159605662 261.10178232193 244.733929634094 210.872193177541
307.726800441742 312.038620313009 313.339829444885 313.444038232168 314.74632024765 315.737307071686 315.507054328918 313.119451204936 310.599207878113 307.362198829651 308.777968088786 306.31297826767 304.229358832041 302.464485168457 302.556892236074 301.911950111389 298.417290051778 302.909910678864 303.271651268005 299.054503440857 294.93389527003 292.554418245951 291.081170241038 290.65328836441 287.644763787587 293.683966000875 293.238202730815 290.110011895498 286.709407965342 285.714685916901 279.446125030518 274.484197298686 275.647540887197 272.832671801249 263.109087944031 249.531805515289 251.828551292419 267.764508724213 281.981905301412 278.149803479513 278.41991186142 269.888520240784 259.110788504283 249.883413314819 240.753809611003 223.17761182785
312.321186065674 315.365195274353 312.79331445694 314.159293969472 313.191632429759 313.383261362712 313.823600610097 313.120086987813 314.361353715261 310.951014359792 310.589154561361 310.401976108551 306.445479393005 302.29514837265 301.941434542338 302.631417910258 298.630754152934 298.635800679525 301.737904548645 299.744009971619 295.114477475484 295.377572377523 293.718020121257 291.759709517161 289.57998752594 288.553714752197 294.765373071035 292.214294274648 287.438134352366 284.457643826803 278.269986311595 274.906357129415 273.695588111877 265.480001767476 253.169675668081 240.815937519073 247.678538163503 265.85590839386 272.613008817037 263.887246449788 269.04700199763 260.987083117167 250.483274459839 251.918117205302 255.81024090449 238.725821177165
311.550180117289 312.6513560613 314.316272735596 314.791162808736 314.510405063629 314.5871758461 315.863172213237 316.416958967845 314.54732020696 314.128875732422 312.875231107076 312.568386395772 309.317310651143 306.30099773407 303.720891475677 306.792736053467 302.222609519958 298.516074816386 300.881743431091 299.238681793213 296.210090319316 294.145862261454 292.405068874359 290.600140889486 293.744087219238 288.384397824605 286.530594031016 286.985913912455 283.71274471283 281.457424163818 280.15395005544 274.988392988841 270.057737827301 262.089729309082 251.744369665782 242.495894432068 249.497850735982 262.340684731801 261.359731356303 262.005050977071 267.284353574117 256.801505883535 254.322747389475 262.069006760915 267.513632774353 251.803576946259
307.465334733327 309.216380119324 313.005248705546 313.743909200033 315.217773119609 316.463430722555 315.345346927643 314.961473147074 314.538478851318 316.703160603841 314.223726590474 311.097045739492 310.310741265615 308.328946431478 305.592974026998 304.046273231506 302.284340063731 293.393015861511 296.731054782867 297.304848829905 292.149106661479 293.23677221934 294.234653313955 285.193761189779 285.265386104584 282.711227734884 278.218547503154 280.391216278076 283.007820447286 280.346969763438 278.318723042806 276.047666867574 267.98540353775 266.595522562663 264.524658521016 254.923939704895 255.804618199666 260.207156340281 262.876530488332 270.65775791804 266.532023747762 258.58078400294 261.889735857646 264.511366685232 262.442608674367 250.28391679128
303.215404351552 304.861267407735 308.823545773824 311.074773470561 315.154035886129 316.585958003998 314.507206281026 312.879244486491 315.823177496592 316.620190938314 314.626336097717 312.299569447835 309.263070424398 310.034116109212 305.796245733897 301.307161649068 298.124055067698 293.637057145437 294.176797072093 295.09158929189 295.243839422862 291.774690151215 291.903714338938 285.14035542806 282.733956972758 285.328606764476 281.583468119303 283.293147881826 286.454419294993 288.511335849762 289.35569524765 286.954760551453 276.697119077047 278.041084607442 274.539192517598 262.243568897247 262.075205643972 265.355547269185 267.277459303538 270.155390103658 259.698629379272 255.293627580007 254.010717074076 250.06510814031 247.726043065389 247.12336063385
302.456816037496 300.769329071045 303.520520528158 309.216618537903 312.224129835765 314.098397890727 314.972460269928 316.849072774251 317.086815834045 314.25138314565 314.688940842946 313.773691654205 311.695098876953 307.606438795726 306.705037752787 299.658258756002 298.777262369792 292.35569636027 291.924675305684 293.651700019836 295.770068963369 294.19728120168 290.787537892659 289.439141750336 285.841723283132 288.564483324687 288.286109765371 289.042731126149 292.64227549235 296.103219191233 298.410892486572 295.10772228241 287.485063076019 285.378257433573 277.96733379364 266.930520534515 262.693126996358 267.917633056641 269.878645737966 259.604195753733 248.278180758158 250.820895036062 250.789046287537 244.769831498464 243.634899457296 247.433046499888
302.730043729146 305.096367994944 306.522945562998 311.253428459167 311.036050319672 310.541987419128 315.632243951162 318.051715691884 317.227204640706 316.129585107168 315.031905968984 312.796334425608 310.591657956441 306.56756957372 303.80125840505 304.720401763916 298.101206620534 291.883091131846 291.781902313232 296.417931715647 298.4965244929 293.748259544373 292.391896247864 290.441552797953 284.298459688822 288.540879885356 290.367702643077 290.192385514577 292.89569457372 297.047257423401 300.104359785716 298.920373121897 290.155569712321 284.17980670929 273.036162058512 263.505856196086 261.821051438649 267.296353975932 264.455437660217 248.756925264994 244.462052981059 255.850334962209 255.886594454447 247.933824857076 245.363791783651 241.291304429372
302.755792935689 310.24444103241 310.975809892019 311.943471431732 310.859620571136 309.637427330017 312.789400418599 316.356182098389 315.356731414795 316.121478875478 313.803315162659 313.569029172262 308.100819587708 304.913719495138 300.381302833557 306.023240089417 300.418277581533 293.231864770253 290.682037671407 293.778200944265 294.078191121419 294.180274009705 289.687256018321 286.039034525553 283.443570137024 284.187257289886 287.110447883606 287.129501501719 288.13362121582 292.120456695557 297.32875029246 298.48325252533 286.368946234385 272.458593050639 243.492186069489 232.919037342072 246.778249740601 258.857051531474 260.239005088806 259.403864542643 263.865907986959 264.292617638906 247.045318285624 240.119775136312 248.619496822357 236.524065335592
304.273704687754 302.476366360982 301.711936791738 303.529262542725 307.453195254008 309.759140014648 310.035546620687 312.13782231013 310.941418011983 312.569677829742 310.621738433838 310.547868410746 310.586194197337 305.765748023987 301.189800103505 300.462047259013 300.439357757568 293.232182661692 288.672248522441 288.525144259135 287.788291772207 287.879467010498 287.392715613047 282.195528348287 282.185355822245 279.404858748118 280.074119567871 280.28812011083 279.662092526754 280.493100484212 284.39458211263 286.629478136698 266.322314739227 239.702602227529 210.723022619883 198.162655035655 211.885015169779 238.968114058177 260.186970233917 259.853005409241 260.67324479421 252.393126487732 237.239718437195 237.598538398743 243.95477771759 222.961167494456
306.664884090424 298.535704612732 295.431037743886 298.599521319071 307.305335998535 310.98743279775 307.987531026204 309.477607409159 308.549920717875 307.069937388102 309.273878733317 309.734622637431 309.862871964773 307.02930688858 302.821000417074 300.682187080383 301.049490769704 292.628765106201 288.38990132014 289.390623569489 290.343801180522 287.173589070638 285.340249538422 281.45436445872 280.051132043203 278.341988722483 277.431269486745 277.230322360992 275.638461112976 269.768357276917 263.287623723348 260.568459828695 240.016023317973 216.711382071177 205.243150393168 196.284830570221 186.859865983327 196.696718533834 215.068578720093 239.454925060272 249.64447816213 239.663223425547 233.778814474742 234.678785006205 224.99159971873 203.991214434306
306.392788887024 302.194019158681 298.374613126119 299.014031887054 303.867975870768 308.818459510803 309.767524401347 306.662877400716 308.122952779134 307.06113576889 308.167517185211 308.019200960795 309.586048126221 309.011896451314 304.740905761719 303.463995456696 300.978223482768 295.947114626567 291.070302327474 292.19792286555 292.014022668203 288.161853949229 285.400549570719 285.826484362284 282.157957553864 281.068642934163 278.960426648458 276.468594868978 272.863129774729 265.801628430684 256.198724110921 251.381774743398 232.723255952199 221.75133228302 224.452674388885 224.16627407074 211.313287417094 200.01753171285 190.342366695404 200.973947842916 222.296436627706 218.733588854472 210.827132066091 202.053427696228 198.259611924489 197.712341944377
308.676560719808 305.489341417948 298.475484053294 293.925007184346 299.303849538167 305.878380934397 307.235459486643 305.152475833893 306.046267350515 307.309250036875 311.273038387299 310.794949531555 309.007426102956 307.955702145894 305.186549822489 303.42169602712 303.074419498444 298.027316729228 292.586962381999 293.006896972656 291.352212429047 289.203604062398 288.501620292664 288.402140140533 286.830683549245 282.216866811117 279.796242713928 272.842407226562 266.471902529399 262.50700155894 260.366280873617 257.012009620667 240.398685137431 237.553616364797 242.62664715449 248.676280180613 254.49017683665 246.168573697408 229.759891827901 198.060075441996 198.615113894145 205.850422382355 203.419049580892 198.38684797287 203.033645947774 212.802608807882
307.63828754425 305.803974469503 302.214463551839 295.12749115626 292.316953341166 300.77721675237 305.972794691722 305.166145165761 303.947508335114 306.516170501709 310.788154602051 310.498913129171 307.110885779063 308.524032433828 305.872698624929 300.798296928406 303.52650086085 298.867324988047 294.478535652161 295.206169287364 293.657978375753 291.914423306783 288.281659285227 286.618192990621 284.474809964498 281.00973367691 265.605787436167 247.641166051229 243.054827054342 247.019469738007 254.527111848195 251.237034797668 241.071105003357 237.362802028656 246.517260869344 258.768379688263 272.897919019063 278.700709342957 270.188172658284 232.443332672119 204.213182131449 211.66205406189 222.162862618764 231.36172691981 239.863514900208 246.336897214254
305.998543898265 302.942593892415 303.616404533386 300.062716007233 293.845812479655 297.015448411306 304.084678490957 305.677056312561 301.821351051331 301.929990450541 307.446479797363 310.11825799942 306.040664513906 307.067672411601 307.051757971446 300.077637036641 301.617046197255 298.450152079264 294.989228248596 294.972578684489 296.652058760325 295.226951440175 291.256805260976 286.011000474294 285.106976826986 284.343183040619 267.311533292135 247.65948454539 246.314903100332 249.542534351349 257.78583685557 253.476897875468 248.42643737793 250.011603037516 264.277517795563 270.668506622314 275.591154893239 252.365390459696 227.18209028244 219.98526652654 228.308161099752 239.911774794261 235.630353291829 226.714213689168 224.820474783579 237.498700618744
297.150552272797 301.701128482819 300.096412499746 298.419574896495 294.015089670817 291.431228319804 303.25835943222 307.459314664205 302.927394707998 300.011118253072 304.774383703868 307.461539904277 306.866447130839 302.446683247884 304.189840952555 300.673544406891 298.421859741211 297.901511192322 296.472748120626 296.867330869039 296.889046827952 293.607910474141 291.845420996348 286.704321702321 285.657346248627 287.433465321859 282.550613085429 277.987360954285 273.759722709656 273.209671179454 270.99217971166 259.859522183736 260.750075181325 262.503703435262 259.14204120636 241.698245207469 219.579835732778 186.117211977641 166.362076997757 202.803730964661 241.158684094747 247.359991073608 229.789972305298 221.891045570374 228.990813096364 241.451621055603
287.790993849436 298.404574394226 298.214077949524 296.217858791351 295.377631982168 290.98774989446 297.86749680837 304.982443650564 307.721932729085 302.652517954508 304.286102453868 305.693626403809 306.961099306742 303.245584170024 303.610682487488 301.291882991791 296.05499903361 293.307503064473 292.665382226308 290.942947069804 292.050957679749 290.823936462402 289.629677931468 287.696957588196 287.968218326569 292.476693789164 295.719722906748 297.565182050069 282.709876696269 280.284206072489 269.767721494039 256.564120451609 258.186181386312 242.347319920858 208.306113878886 184.878806273142 173.29074939092 161.331762870153 153.315116961797 173.842231432597 200.99151134491 224.399447441101 230.656087398529 245.495200157166 274.407585461934 281.644384066264
