input/barkrak2/radiation/dir26424.grid
NCOLS 85 
NROWS 70 
XLLCORNER 665100 
YLLCORNER 4664600 
CELLSIZE 20 
NODATA_value -9999 
[rows 40 to 59 of 70, columns 0 to 45 of 85]
182.37559000651 184.955835342407 184.809664885203 185.608188311259 195.046305656433 201.47575934728 203.935027122498 209.558586279551 207.103093465169 191.251337528229 175.420820713043 171.911954879761 170.855800310771 166.476756334305 164.891451597214 163.652390241623 162.524441878001 163.458029429118 156.608899434408 156.237075726191 160.575946172078 166.08848174413 169.256508350372 164.228707551956 161.662151416143 159.379005432129 169.591148694356 174.48749144872 177.685956160227 177.760620911916 178.901294867198 184.427698453267 184.763550758362 192.042072614034 218.657155831655 218.590756257375 207.372923692067 197.526892026265 201.059858004252 212.827563285828 228.146851062775 242.354830106099 200.945436954498 116.785873969396 61.8610084056854 40.7660255829493
190.618594487508 188.63586584727 188.890993595123 186.797479788462 183.54586760203 180.825452009837 179.107924302419 180.391907691956 183.744152386983 175.555864969889 166.778981685638 168.50213209788 170.867780844371 171.316425005595 168.115655581156 166.180948416392 160.5371038119 169.476330280304 168.588101863861 163.651595513026 165.465384721756 166.246175765991 166.570802529653 168.318589528402 168.832103411357 164.841075738271 170.303920904795 175.941288471222 177.836656570435 179.26957209905 182.122945785522 184.270739555359 185.149848461151 202.030678590139 214.960376421611 203.025301297506 183.081646760305 178.684532642365 178.477386633555 191.598236560822 227.704286575317 241.746803124746 223.517258961995 167.21240679423 96.0733294487 61.7374777793884
195.494532585144 192.891518274943 194.4393714269 193.125585714976 186.793843905131 183.428247769674 179.347455501556 175.688564777374 174.455543359121 172.086040178935 170.296748479207 167.979578177134 172.53041267395 175.4416624705 173.672060171763 171.079516410828 166.728258132935 173.333644866943 174.791852633158 166.335135698318 165.020942687988 163.22002808253 159.274955590566 162.315547466278 166.662901639938 162.585228681564 160.724272330602 167.018632094065 173.656185468038 176.526268323263 177.458723386129 177.901148796082 185.974538326263 205.815513928731 211.248060067495 184.986094633738 171.0058649381 172.955811023712 177.495936552684 189.353267351786 198.950330416361 204.166293144226 190.39245446523 160.929103692373 106.142560640971 53.8900593916575
179.749290148417 182.41016070048 191.074887911479 187.737902005514 190.645376841227 193.0064757665 190.539181232452 185.764451821645 173.638661702474 172.607839107513 174.640436967214 170.289436976115 169.411738713582 174.2991010348 173.966924349467 171.691954135895 171.723286310832 174.955546855927 174.648563067118 167.954325675964 163.423697153727 160.629014174143 157.563179731369 157.821545998255 160.428653160731 164.174536863963 160.067220528921 162.596811850866 167.929947376251 169.920643170675 169.938703378042 167.851686477661 178.434213002523 194.680074850718 188.717206319173 173.466761906942 168.453951676687 179.698626200358 188.264012336731 190.441012382507 184.609433015188 181.473016738892 169.279634952545 150.607407093048 104.428191979726 49.3178715308507
177.529672781626 182.971358299255 186.438798904419 186.750570933024 188.602805137634 191.337704658508 190.475344657898 186.886191368103 180.638114611308 175.81045627594 176.322797934214 173.567235469818 168.442169825236 167.898416519165 166.834433873494 167.499979337056 162.424385547638 168.931086858114 171.916385491689 168.344000975291 165.030658245087 162.829299767812 161.283036073049 162.667612234751 159.329156080882 168.357650438944 173.042992750804 169.821401437124 169.254422187805 167.725463708242 163.89125585556 161.637097597122 166.50465130806 169.854243596395 168.4477130572 167.258044083913 171.715120474497 187.393585840861 194.279273351034 186.682323614756 184.422512849172 176.120102405548 165.594398975372 149.891744057337 116.73445502917 72.1729050079982
183.087468147278 188.021123409271 185.707032680511 188.496530056 187.264720598857 187.417546908061 188.019792238871 186.684509118398 186.413526535034 181.516448656718 180.474479993184 178.185820579529 171.999156475067 167.965471744537 165.85103670756 170.34254471461 162.508775790532 166.831453641256 171.755274136861 169.361432393392 167.619665463765 166.618635257085 164.544403553009 164.710680643717 167.084832986196 166.395296653112 173.246125380198 171.396493911743 170.696973800659 169.090767701467 163.982808589935 162.083675463994 163.499414920807 160.706092913946 153.014123439789 152.932782967885 161.444008350372 180.709401766459 182.632227738698 167.997042338053 171.915789445241 161.740839481354 158.762584129969 159.044474363327 145.323147376378 106.341580549876
183.546622594198 184.481898943583 187.800606091817 189.244945844014 189.36945994695 189.022163550059 189.847032229106 191.87076886495 187.035441398621 185.212214787801 182.364106178284 181.616564591726 176.52302980423 173.712193965912 171.615660190582 176.138858000437 171.807964642843 164.680927991867 172.704180081685 170.97548643748 167.347629865011 169.371684392293 167.5097544988 163.113454977671 172.977805137634 166.074593861898 167.103310426076 169.219215710958 168.843905131022 169.714907805125 167.478303114573 164.764453967412 162.611265977224 160.25710105896 154.678692420324 153.274824221929 159.644653399785 170.796354611715 171.368539333344 168.019791444143 169.150213400523 160.94896197319 164.293110370636 172.882119814555 167.13285446167 129.657010237376
177.394986152649 178.832987944285 185.100515683492 187.614798545837 190.454224745433 191.761672496796 188.394963741302 188.789963722229 188.824812571208 189.186612764994 186.024785041809 181.120057900747 179.859141508738 178.407033284505 174.192786216736 174.109061559041 171.898484230042 164.197425047557 169.17351881663 170.620103677114 166.510313749313 168.047169844309 170.018712679545 161.499053239822 164.977153142293 166.683236757914 161.350677410762 165.302415688833 167.990922927856 168.500264485677 168.959975242615 168.788452943166 162.050614754359 164.88833228747 173.985441525777 170.292715231578 169.744849205017 166.768153508504 170.701285203298 180.682420730591 172.879914442698 162.626693646113 169.875125090281 172.904948393504 166.984816392263 147.412439187368
169.514218966166 172.942717870077 178.190231323242 182.633022467295 188.178817431132 192.187627156576 189.410348733266 186.325172583262 189.627607663473 190.221647421519 188.79888455073 183.252652486165 181.426564852397 180.852154890696 176.65046453476 172.337432702382 170.537849267324 162.584861119588 168.156385421753 172.38853375117 172.56772518158 171.186765034993 172.272423903147 167.321383953094 164.581189552943 170.121471087138 163.987855116526 169.146180152893 175.184528032939 178.338507811228 184.362530708313 183.938761552175 173.214634259542 176.41027768453 184.537351131439 185.94491481781 184.365630149841 176.971952120463 175.395131111145 180.728495121002 166.279256343842 158.641874790192 156.250953674316 155.269354581833 153.324206670125 152.374078830083
168.206095695496 165.63156247139 169.800321261088 178.876360257467 184.977412223816 187.908967336019 191.103100776672 192.116022109985 192.677219708761 187.922120094299 190.435171127319 188.897748788198 185.176352659861 181.175569693247 179.804007212321 174.423019091288 171.432276566823 167.937040328979 170.807778835297 175.95237493515 176.901936531067 175.64062277476 173.760056495667 173.459808031718 168.708841005961 172.766486803691 173.283418019613 177.389999230703 183.951338132223 191.498736540476 199.198583761851 200.365821520487 191.185216108958 186.731179555257 184.70025062561 189.052681128184 190.719604492188 188.854495684306 180.786649386088 164.436390002569 155.568967262904 159.282426039378 155.952900648117 150.49942334493 146.852592627207 151.43421292305
169.320205847422 171.823422114054 174.692034721375 180.86983760198 182.570139567057 182.720541954041 191.002587477366 194.74063316981 194.725255171458 192.548970381419 192.344506581624 191.137750943502 185.908913612366 181.769450505575 180.452843507131 182.612180709839 175.371984640757 171.4808344841 172.20014333725 178.352316220601 181.057314078013 177.996416886648 174.080530802409 174.785733222961 169.642984867096 173.996130625407 179.845492045085 180.719514687856 185.758252938588 196.337978045146 202.74829864502 209.297955036163 202.274481455485 186.865985393524 178.513367970785 177.353719870249 186.151643594106 193.621357282003 178.822875022888 157.929023106893 150.377968947093 162.633677323659 163.059443235397 157.798608144124 152.381847302119 149.013221263885
167.881826559703 178.719262282054 179.774562517802 183.276295661926 181.517044703166 180.732866128286 186.79811557134 192.957798639933 191.427906354268 196.031888326009 192.822257677714 192.519664764404 188.665866851807 183.780113855998 180.882732073466 187.110265096029 181.230743726095 173.893650372823 171.032706896464 174.655636151632 175.358196099599 173.393249511719 173.318107922872 169.186472892761 164.307991663615 166.174590587616 173.153916994731 174.080153306325 174.071570237478 181.14572763443 194.08251841863 201.950530211131 197.343389193217 173.956970373789 141.125569740931 133.531252543132 153.451969226201 178.084870179494 187.222520510356 183.356404304504 178.966124852498 169.840713342031 153.715272744497 149.872908989588 158.85188182195 149.944146474202
171.00449403127 168.462475140889 168.896893660227 172.132849693298 180.036584536235 183.340191841125 183.518369992574 189.229965209961 189.166704813639 192.197144031525 193.4734582901 194.14230187734 194.187462329865 187.474628289541 182.205478350321 183.08941523234 183.947066466014 173.348128795624 167.564392089844 166.946907838186 166.459371646245 169.480760892232 169.880131880442 163.683970769246 162.603954474131 159.580628077189 161.125500996908 162.169138590495 162.150015433629 164.145390192668 168.162822723389 184.543629487356 177.919189135234 151.399403810501 115.286578734716 95.4095621903737 104.32622830073 134.157468875249 168.877959251404 182.901799678802 184.555987517039 168.947498003642 147.641738255819 144.574830929438 153.192490339279 139.397571484248
176.126460234324 165.670365095139 161.543985207876 167.555510997772 180.267790953318 188.062926133474 187.276343504588 188.167949517568 189.452926317851 189.521590868632 191.315511862437 194.367448488871 195.403238137563 193.548798561096 186.182657877604 183.431426684062 184.90986029307 176.761408646901 171.574930349986 172.825733820597 172.054270903269 168.742676575979 166.874130566915 162.611852089564 161.851167678833 160.212119420369 159.795810778936 158.083786567052 156.752636035283 152.989725271861 143.904576698939 150.743375221888 150.910665591558 130.69357474645 114.512145519257 96.1820185184479 77.1272679169973 85.1515730222066 109.039167563121 144.997040430705 167.530039946238 157.23850329717 146.730850140254 142.117102940877 134.214848279953 124.640375375748
178.498069445292 170.978407065074 166.892608006795 171.571214993795 180.94805876414 190.086662769318 192.210177580516 189.278304576874 192.509671052297 189.457138379415 193.534175554911 194.236079851786 196.513116359711 196.679770946503 188.895702362061 189.522167046865 189.320206642151 181.158125400543 175.659696261088 177.270670731862 177.337408065796 172.704021135966 169.807275136312 168.687105178833 164.752781391144 163.94371787707 161.865204572678 159.154812494914 155.098815759023 148.153702418009 137.002944946289 141.365259885788 142.875005801519 140.384137630463 139.832178751628 129.488746325175 102.466771999995 84.991991519928 78.8940191268921 94.1572189331055 129.593123992284 133.357475201289 122.052878141403 107.638984918594 105.131457249324 113.065113623937
183.113594849904 180.886844793955 173.785865306854 170.605619748433 176.539977391561 188.29603989919 191.750427087148 189.180811246236 190.738658110301 194.095691045125 200.479328632355 200.457413991292 198.25671116511 199.196914831797 194.116115570068 192.549169063568 194.321393966675 189.193348089854 182.912727197011 180.15593290329 178.054849306742 176.188349723816 176.747600237528 178.156654040019 173.391302426656 170.970757802327 164.756457010905 154.179940621058 147.23128080368 144.069294134776 141.763627529144 146.836360295614 149.037073055903 158.290366331736 165.583153565725 166.300853093465 159.447133541107 141.380170981089 121.301869551341 89.409460624059 98.4603067239126 117.735962073008 117.172966400782 105.158895254135 106.779952843984 124.86411134402
186.616241931915 184.639592965444 181.960880756378 174.484809239705 174.375057220459 185.521245002747 190.957347551982 190.42976697286 189.27933772405 195.732673009237 204.748272895813 204.064885775248 199.165324370066 201.595981915792 200.124561786652 193.242271741231 196.732381979624 191.913684209188 186.752518018087 184.725324312846 183.236797650655 182.665467262268 179.182747999827 177.494764328003 174.948930740356 168.353199958801 148.505210876465 126.064648230871 121.89656496048 128.281384706497 139.036556084951 142.371495564779 147.523860136668 153.23672691981 167.086799939473 178.476313749949 183.276057243347 185.245970884959 181.841671466827 133.713026841482 103.845914204915 121.185253063838 138.400842746099 141.950001319249 143.918852011363 158.072501420975
186.49689356486 183.088362216949 185.326000054677 184.317787488302 178.541461626689 183.778663476308 191.818912823995 193.511923154195 190.653105576833 195.016264915466 204.291582107544 204.213301340739 199.979066848755 201.234181722005 203.058918317159 194.494485855103 195.225636164347 192.313690980275 189.1082127889 189.713597297668 190.235296885173 189.693371454875 184.649666150411 177.946289380391 177.163084348043 175.569991270701 153.953313827515 130.128333965937 127.206822236379 137.074867884318 150.585462649663 150.350381930669 158.473541339238 168.659647305806 183.841784795125 194.2098736763 176.71799659729 143.764237562815 139.861315488815 134.937902291616 134.393105904261 149.380465348562 152.606904506683 136.268566052119 125.480026006699 139.375895261765
175.57547489802 182.217439015706 183.887124061584 184.288541475932 182.616988817851 180.393079916636 192.44247674942 197.556853294373 194.628119468689 197.155018647512 201.658646265666 203.351219495138 202.422579129537 198.386112848918 199.191311995188 194.757839043935 191.611965497335 193.30624739329 193.637490272522 195.107320944468 196.329335371653 192.301630973816 190.354704856873 183.887501557668 181.088129679362 182.975093523661 177.126208941142 169.180949529012 169.027924537659 168.863654136658 168.311576048533 159.896373748779 171.908100446065 183.861792087555 174.252490202586 163.529733816783 144.722163677216 89.1106228033702 70.28529047966 102.909048398336 138.207614421844 159.955044587453 153.353770573934 138.693541288376 130.351722240448 137.26665576299
164.672007163366 180.261631806691 182.526389757792 184.096137682597 185.452222824097 181.558748086294 187.32210000356 197.683195273081 205.983738104502 203.919589519501 202.042241891225 202.62090365092 203.416307767232 201.660374800364 200.818359851837 197.910328706106 192.5142010053 192.467093467712 191.781222820282 189.370691776276 191.233813762665 190.407951672872 187.909444173177 186.644673347473 188.161929448446 193.805813789368 201.509296894073 205.023884773254 189.036866029104 185.456097126007 174.567023913066 163.628737131755 167.094171047211 158.042718966802 127.09970275561 85.8745674292247 82.6757252216339 71.6288884480794 55.5623471736908 65.6516551971436 86.1699978510539 123.937000830968 151.423960924149 172.586520512899 192.236383756002 189.924041430155
