input/barkrak2/radiation/dir20624.grid
NCOLS 85 
NROWS 70 
XLLCORNER 665100 
YLLCORNER 4664600 
CELLSIZE 20 
NODATA_value -9999 
[rows 40 to 59 of 70, columns 0 to 45 of 85]
319.141169389089 319.597939650218 319.540659586589 321.417172749837 326.550483703613 329.969783624013 332.575996716817 335.158626238505 335.262219111125 326.474885145823 316.443224747976 312.760233879089 310.731291770935 307.538946469625 307.027240594228 304.416875044505 302.775382995605 301.923433939616 298.104246457418 295.055548350016 299.236575762431 302.922626336416 303.110639254252 298.381268978119 297.07125822703 292.648096879323 298.737366994222 299.152493476868 299.290378888448 298.252642154694 296.063641707102 294.055660565694 272.552013397217 269.977629184723 292.924563090007 293.24076573054 283.161600430806 281.522432963053 282.864371935527 274.097084999084 284.135242303212 319.541573524475 328.573703765869 276.641686757406 215.4314716657 175.067365169525
324.209332466125 322.353800137838 322.527050971985 323.162078857422 320.478399594625 318.996369838715 317.44905312856 318.679749965668 321.430424849192 316.351294517517 310.186445713043 310.568710168203 312.132040659587 312.522987524668 309.216936429342 306.595802307129 302.144904931386 307.817101478577 307.493269443512 302.431146303813 303.176820278168 305.138429005941 303.056557973226 303.831160068512 303.753972053528 299.245893955231 302.121996879578 300.918539365133 300.289750099182 300.727844238281 299.070775508881 293.824414412181 278.640945752462 281.491756439209 292.811234792074 283.709903558095 268.632690111796 267.180482546488 273.371656735738 279.64570124944 297.77330160141 310.771187146505 318.266928195953 306.784272193909 258.683105309804 212.819993495941
326.082666714986 324.357946713765 325.997730096181 324.853519598643 320.292373498281 318.559646606445 317.379117012024 316.155910491943 315.692941347758 313.46337000529 311.579803625743 309.469183286031 312.505602836609 314.193725585938 312.957545121511 311.193406581879 308.052917321523 311.070501804352 313.237408796946 307.456076145172 304.868797461192 302.949746449788 299.360434214274 299.891829490662 302.535156408946 299.083332220713 293.920358022054 296.655058860779 298.486967881521 299.630383650462 297.556598981221 290.665209293365 285.05011399587 290.154238541921 290.41580359141 272.277514139811 256.4510901769 261.199394861857 274.796267350515 287.70379225413 296.70790831248 295.283099015554 289.228181044261 287.32442855835 265.536904335022 215.364138285319
316.611349582672 318.186004956563 323.708434899648 321.401238441467 322.583198547363 323.828637599945 324.01313384374 321.183621883392 314.710934956868 313.909431298574 314.545412858327 312.235454718272 311.728258927663 313.611288865407 314.406196276347 311.642130215963 312.952478726705 313.620130221049 313.097099463145 308.518528938293 303.720633188883 300.875027974447 298.051317532857 296.971380710602 296.566685040792 298.405766487122 291.723132133484 292.723337809245 295.072297255198 295.263250668844 292.191942532857 286.158819993337 287.17174132665 290.560245513916 279.532869656881 257.414241631826 252.36843029658 265.761077404022 283.991535504659 288.350303967794 287.366807460785 283.590058485667 275.232434272766 268.36363474528 254.479547341665 221.120158831278
316.253622372945 319.872657457987 321.620682875315 321.091115474701 322.323163350423 323.217670122782 323.62174987793 320.74773311615 317.647357781728 315.382262070974 315.752704938253 314.362208048503 311.160922050476 310.662488142649 309.563159942627 310.096800327301 306.710203488668 310.938954353333 311.239659786224 308.667441209157 304.720401763916 300.792694091797 299.327174822489 300.614098707835 295.919199784597 301.619629065196 301.041384538015 297.954618930817 296.156128247579 293.36408774058 287.065386772156 281.996528307597 282.678604125977 279.441038767497 268.788059552511 254.249612490336 256.28391901652 272.234002749125 286.659200986226 283.244729042053 283.59200557073 275.981386502584 264.532287915548 256.353398164113 249.531110127767 233.512202898661
320.151706536611 323.005676269531 320.536196231842 322.326501210531 321.392218271891 321.022550264994 321.407417456309 320.759773254395 321.205834547679 318.764209747314 318.437953790029 317.254384358724 314.490060011546 310.507933298747 310.171822706858 312.005619208018 306.903719902039 308.367252349854 311.193784077962 307.77762333552 304.865479469299 303.49322160085 301.857590675354 301.679710547129 301.535507043203 298.602044582367 302.49818166097 298.211634159088 295.13676961263 292.048772176107 287.072559197744 281.227687994639 279.841323693593 271.543343861898 259.033640225728 246.133128801982 252.753436565399 270.776391029358 277.670979499817 269.696493943532 274.957656860352 266.683359940847 255.97083568573 257.698158423106 263.134916623433 248.149772485097
320.088187853495 321.071366469065 321.981688340505 322.362204392751 322.070976098378 322.167972723643 322.726527849833 323.851009209951 322.128613789876 320.965866247813 320.594112078349 320.311387379964 317.209243774414 314.314365386963 314.331432183584 314.679821332296 313.204924265544 306.671142578125 308.853983879089 308.806856473287 304.297804832458 305.449863274892 302.279790242513 298.731585343679 301.592548688253 294.407844543457 294.508775075277 294.718265533447 294.786036014557 290.570576985677 286.254247029622 282.422761122386 277.235567569733 269.504547119141 257.748067378998 247.926751772563 255.07128238678 268.029530843099 266.743501027425 267.578860123952 273.619214693705 262.656152248383 259.738981723785 267.32059319814 273.61532052358 259.680370489756
315.563718477885 317.221641540527 320.778528849284 320.815086364746 322.73664077123 323.938429355621 322.234988212585 321.884314219157 322.097937266032 324.199199676514 321.861386299133 318.88484954834 318.14565261205 317.355215549469 313.534160455068 313.418130079905 310.291647911072 305.056691169739 306.507587432861 305.341978867849 303.682426611582 301.337977250417 302.222768465678 293.398857116699 293.351113796234 294.906338055929 290.382444858551 290.241618951162 290.750245253245 287.928938865662 284.259219964345 284.614622592926 276.209632555644 273.301382859548 269.697884718577 259.692629178365 260.974168777466 266.023556391398 268.470565478007 276.609639326731 272.394597530365 264.497776826223 267.730136712392 269.643306732178 268.004993597666 256.707370281219
311.57112121582 313.113152980804 316.854317982992 318.28107436498 322.143713633219 324.042161305745 322.06936677297 321.171383062998 323.359866937002 324.0940173467 323.051412900289 320.011456807454 319.312314192454 317.799687385559 315.065284570058 309.377511342367 309.353073438009 301.913936932882 302.326301733653 306.554357210795 303.25444539388 299.803197383881 301.764925320943 297.597626845042 293.078203996023 293.293217817942 289.623479048411 291.16435845693 293.99844010671 294.110238552094 294.71896092097 292.238831520081 283.458590507507 284.606516361237 280.159215132395 266.358892122904 266.457597414653 271.133323510488 273.783485094706 275.090376536051 265.223244825999 261.719822883606 260.314345359802 256.08491897583 253.473023573558 252.916932106018
310.855547587077 308.4503809611 311.841269334157 317.225654919942 320.022304852804 321.72966003418 323.091626167297 324.280420939128 325.312077999115 322.739978631337 323.140839735667 322.357614835103 319.365620613098 317.964196205139 314.555128415426 310.738364855448 306.857645511627 302.438954512278 303.946296374003 305.429577827454 303.605655829112 304.038425286611 300.792376200358 297.29704062144 293.830911318461 296.383023262024 296.036839485168 296.668628851573 299.936652183533 302.960137526194 306.371370951335 302.31116215388 293.48760843277 291.640023390452 283.847550551097 271.499435106913 266.59897963206 272.49002456665 275.426109631856 264.916837215424 253.736615180969 257.046778996785 256.327172120412 250.602940718333 250.10601679484 253.657460212708
311.101059118907 313.372890154521 314.698894818624 319.176872571309 318.926274776459 319.124758243561 323.163668314616 326.14545027415 325.422883033752 324.511845906576 323.54724407196 322.605013847351 320.632139841716 315.738677978516 316.013137499491 315.644005934397 307.82679716746 304.019570350647 301.892220973969 304.183165232341 304.153501987457 301.519771416982 300.223608811696 298.258980115255 292.278250058492 296.268661816915 297.914624214172 299.939195315043 302.318096160889 303.809603055318 306.270857652028 302.807966868083 294.318616390228 290.164828300476 280.183096726735 268.720904986064 266.537527243296 271.36242389679 268.929680188497 254.317045211792 250.388383865356 261.313617229462 261.114418506622 253.172238667806 250.841895739237 247.429132461548
311.146855354309 318.241973718007 319.747567176819 320.605973402659 318.744977315267 318.352182706197 322.276850541433 323.800404866536 323.773602644602 325.62514146169 324.520111083984 322.165608406067 319.75519657135 314.203202724457 313.392698764801 313.58794371287 309.990207354228 301.14867289861 298.63840341568 301.665941874186 301.922122637431 299.991885821025 297.567268212636 294.007142384847 291.453580061595 292.088409264882 294.812421003977 294.748683770498 295.613884925842 299.257695674896 303.882559140523 302.450239658356 290.432969729106 278.383155663808 249.601562817891 238.825698693593 252.296070257823 263.318200906118 264.350831508636 263.668696085612 268.877347310384 270.140747229258 253.09032201767 246.174236138662 253.768960634867 242.366055647532
313.419977823893 311.763028303782 311.051726341248 312.713424364726 316.327214241028 318.602363268534 317.893405755361 321.826179822286 320.814033349355 321.32343451182 321.90599044164 321.954349676768 319.424271583557 316.477735837301 308.976769447327 308.26723575592 308.176716168721 301.194091637929 294.582684834798 296.680768330892 295.928597450256 295.939485232035 295.392254988352 290.344138940175 290.249824523926 287.522037823995 288.102408250173 288.236419359843 287.560363610586 288.27162583669 289.579351743062 293.083786964417 271.936515967051 245.040973027547 217.415710290273 205.33287525177 219.515840212504 246.009131272634 264.558633168538 264.236430327098 264.974037806193 257.52596060435 242.665886878967 243.188778559367 250.251710414886 228.01814476649
315.653920173645 308.872183163961 305.122911930084 308.16380182902 316.355228424072 320.846656958262 319.406926631927 318.420350551605 320.035417874654 318.927645683289 316.866139570872 318.670153617859 317.284464836121 314.55405553182 310.542702674866 308.475772539775 308.752179145813 300.596753756205 296.489914258321 299.499710400899 298.363486925761 295.251369476318 293.440282344818 289.63832060496 288.20679585139 284.145891666412 285.566687583923 285.308043162028 283.708214759827 277.910172939301 271.530151367188 266.480306784312 245.215733846029 222.06183274587 211.170315742493 203.237275282542 195.005178451538 204.897284507751 221.903244654338 245.145400365194 254.208226998647 244.447350502014 239.066163698832 240.299721558889 232.585867245992 213.613927364349
315.359691778819 311.450600624084 307.95419216156 309.865375359853 314.568142096202 319.152355194092 320.055325826009 318.322281042735 317.217290401459 314.778387546539 315.757811069489 315.55179754893 317.028303941091 316.416621208191 310.555974642436 311.100045839945 310.487469037374 303.781549135844 299.03103907903 300.094445546468 299.881199995677 296.140631039937 293.428798516591 291.522304217021 290.223479270935 286.736329396566 287.033120791117 282.21474091212 278.766850630442 274.019082387288 264.483392238617 258.910894393921 238.188505172729 226.795494556427 229.767580827077 230.381409327189 219.064037005107 208.49480231603 198.754131793976 208.043913046519 228.746056556702 223.995268344879 216.45975112915 208.260973294576 204.409003257751 203.253626823425
317.465682824453 316.369891166687 310.59996287028 305.354336897532 309.008558591207 317.931214968363 314.996918042501 314.424455165863 313.819507757823 314.932604630788 318.654417991638 318.147301673889 316.411217053731 316.999435424805 312.714318434397 310.970584551493 312.455912431081 305.676579475403 302.615106105804 300.876975059509 299.261252085368 297.132233778636 296.363671620687 296.164472897847 292.312840620677 290.133436520894 285.520990689596 278.892040252686 272.766053676605 268.933256467183 266.796231269836 264.380574226379 245.910127957662 242.181857426961 247.011601924896 253.415783246358 260.522385438283 254.075924555461 236.612280209859 206.110278765361 205.305894215902 211.564858754476 209.098339080811 204.781254132589 209.626058737437 218.546430269877
317.536135514577 316.014568010966 312.975764274597 308.027684688568 300.644079844157 310.368955135345 313.807328542074 314.43989276886 311.819930871328 314.117630322774 318.084935347239 319.42351659139 316.197554270426 315.883000691732 313.263893127441 310.366253058116 311.015288035075 306.491156419118 302.242497603099 300.889114538829 301.456252733866 299.686968326569 296.118795871735 294.475495815277 292.378683884939 289.015491803487 274.062832196554 254.680911699931 251.886188983917 255.615572134654 262.769023577372 259.886940320333 246.920903523763 242.448170979818 251.046895980835 262.781182924906 277.538299560547 284.193476041158 275.389452775319 239.143252372742 211.429158846537 217.529972394307 227.420369784037 237.02464501063 245.955963929494 251.641035079956
316.928108533223 314.469774564107 313.056151072184 308.166941006978 302.069505055745 306.896428267161 313.493450482686 313.478569189707 311.40931447347 311.536749204 316.675881544749 317.452053229014 313.556671142578 312.697052955627 314.393103122711 307.759344577789 307.265063126882 306.125322977702 302.737355232239 302.66946554184 302.089750766754 302.822490533193 298.989335695903 293.924609820048 293.004870414734 292.141278584798 275.331755479177 256.255328655243 255.006114641825 260.292251904805 265.748679637909 259.369651476542 253.557066122691 255.89656829834 270.509362220764 274.1672595342 279.559552669525 257.234712441762 232.46955871582 225.38302342097 234.340568383535 245.776375134786 241.126080354055 232.375264167786 231.8989833196 244.308292865753
306.669016679128 309.922337532043 308.281381924947 308.21963151296 304.021239280701 301.596601804097 312.753518422445 315.159996350606 310.71933110555 307.687878608704 312.326808770498 316.499988238017 314.334173997243 310.067971547445 311.727424462636 308.340450127919 304.245849450429 303.496420383453 304.121593634288 304.434835910797 304.378708203634 301.205058892568 299.472590287526 296.810845534007 293.448328971863 296.744763851166 289.808591206868 283.968567848206 281.75550699234 278.404275576274 276.429057121277 266.93061987559 266.793529192607 266.471564769745 263.051907221476 244.18713649114 228.70393594106 192.359427611033 173.212170600891 209.794243176778 247.395018736521 252.995491027832 234.262367089589 227.111220359802 235.547304153442 248.350262641907
297.944446404775 306.753516197205 306.473612785339 306.13511800766 305.341362953186 301.173945267995 305.968125661214 312.745789686839 313.31475575765 310.125768184662 311.846633752187 313.231468200684 314.424554506938 310.835003852844 311.184505621592 308.933099110921 303.87556552887 303.296983242035 300.485253334045 298.816780249278 299.831906954447 298.597554365794 297.393004099528 295.467913150787 295.647660891215 297.816872596741 302.233914534251 304.294546445211 290.061155954997 284.959355990092 279.316325982412 263.862331708272 263.144473234812 247.198224067688 216.165522734324 190.377314885457 178.698360919952 168.001472949982 160.495340824127 182.044982910156 208.784063657125 231.154322624207 235.443711280823 249.638179937998 279.002865155538 286.687850952148
