input/barkrak2/radiation/dir24624.grid
NCOLS 85 
NROWS 70 
XLLCORNER 665100 
YLLCORNER 4664600 
CELLSIZE 20 
NODATA_value -9999 
[rows 20 to 39 of 70, columns 0 to 45 of 85]
104.51465845108 93.0259823799133 101.335078477859 128.966410954793 125.614613294601 108.28360915184 99.884311358134 110.839972893397 123.229642709096 134.538869063059 146.730204423269 148.084769646327 148.42023452123 149.071236451467 157.572368780772 173.852145671844 188.105185826619 201.063831647237 213.763455549876 232.901652654012 241.152226924896 228.944142659505 229.213019212087 235.382358233134 233.818213144938 234.784702459971 233.420729637146 232.868413130442 235.557973384857 245.378573735555 247.207661469777 233.15421740214 217.511673768361 206.490735212962 201.948006947835 208.275596300761 207.830627759298 209.970891475677 214.043398698171 219.195167223612 220.642606417338 220.16175587972 223.600367705027 216.93875392278 221.883594989777 226.036826769511
136.066218217214 125.902603069941 125.558267037074 155.138989289602 153.413265943527 110.745896895727 111.387153466543 121.781935294469 130.569706360499 136.785765488942 140.782356262207 143.469383319219 141.615331172943 136.594931284587 143.976032733917 160.359601179759 174.317518870036 184.993187586466 198.298176129659 213.863670825958 221.210479736328 235.216995080312 236.522197723389 234.274367491404 227.850536505381 215.4514392217 205.604692300161 200.165311495463 210.666954517365 202.946841716766 190.727154413859 165.751755237579 146.234005689621 148.829569419225 153.784275054932 175.142149130503 184.186498324076 201.852440834045 213.535110155741 214.815715948741 212.652643521627 210.734486579895 204.093257586161 185.733099778493 209.680736064911 220.862567424774
182.631552219391 182.01220035553 169.757843017578 175.31285683314 175.087531407674 135.822802782059 134.797175725301 130.205849806468 127.916435400645 131.321748097738 135.913789272308 138.815452655156 144.106447696686 146.302759647369 149.350543816884 155.98996480306 168.632129828135 180.381913979848 189.502735932668 194.107353687286 198.010802268982 213.039477666219 224.806805451711 227.601130803426 223.80002339681 218.299984931946 202.082673708598 193.597157796224 184.313217798869 183.327237764994 151.642183462779 113.867034514745 78.4706970055898 69.0468400716782 86.1836473147074 131.133139133453 149.433354536692 176.648656527201 193.213800589244 199.959278106689 204.454998175303 205.668210983276 178.780615329742 152.855505545934 185.942053794861 218.391438325246
216.054379940033 210.320254166921 186.847050984701 181.566933790843 180.395483970642 172.501862049103 157.386442025503 134.400735298793 122.052580118179 125.69119532903 138.040045897166 143.79229148229 154.525458812714 161.980787913005 158.940811951955 160.70752342542 169.75728670756 181.264380613963 188.314974308014 177.651266256968 178.485830624898 183.299362659454 194.764733314514 204.596618811289 210.193475087484 205.341716607412 195.243755976359 181.184013684591 163.105348745982 129.291315873464 108.291804790497 79.4087648391724 46.8768229087194 12.9163774351279 13.7704561154048 41.0987660288811 76.7630885044734 106.896221637726 126.797576745351 147.728443145752 152.606169382731 142.179677883784 137.779057025909 166.895568370819 176.764210065206 207.285761833191
211.292306582133 209.726711114248 199.567019939423 184.737801551819 172.140856583913 172.024468580882 159.238527218501 147.95133471489 134.681602319082 128.486226002375 136.58145070076 143.744339545568 150.669554869334 161.448190609614 161.525011062622 160.502622524897 166.68959458669 178.393880526225 185.693363348643 177.832722663879 177.215774854024 173.893253008525 182.718535264333 188.837210337321 188.739895820618 188.786904017131 180.906375249227 168.610274791718 145.283967256546 101.660629113515 82.3032706975937 82.4076632658641 57.9312592744827 12.4867546061675 9.62149972716967 29.0641238292058 50.112118323644 67.7605966726939 86.3845646381378 96.5672830740611 94.1260854403178 88.5636806488037 112.212955951691 193.904081980387 195.287704467773 210.002740224202
199.288467566172 204.524517059326 206.432600816091 187.834064165751 172.514319419861 173.141360282898 170.85854212443 175.873517990112 172.178049882253 159.232715765635 154.080728689829 160.917143026988 164.323071638743 172.947426637014 173.253258069356 167.001843452454 168.729881445567 180.886924266815 187.100132306417 188.708702723185 193.202714125315 189.084569613139 183.239459991455 179.503401120504 180.371721585592 178.640822569529 170.361161231995 152.951538562775 132.445593674978 116.09802643458 112.901111443837 124.87984697024 120.766510566076 62.3743087053299 35.6395443280538 46.5434541304906 52.1338035662969 60.823326309522 76.6613334417343 74.4227667649587 68.8188076019287 70.6517696380615 118.462085723877 194.030702114105 210.535724957784 218.453625837962
199.407001336416 204.057276248932 207.071165243785 193.155705928802 188.554187615712 190.827667713165 195.825576782227 199.970126152039 205.888946851095 198.421676953634 179.378628730774 183.753689130147 183.020035425822 191.60004456838 188.93301486969 177.235225836436 175.036946932475 185.476064682007 192.291736602783 205.369710922241 208.20007721583 205.086171627045 192.641933759054 181.998491287231 180.581291516622 178.574204444885 170.983294645945 162.596960862478 146.741499503454 150.426338116328 166.646222273509 192.228396733602 200.379093488057 191.650589307149 130.896995464961 71.1217621962229 66.7237043380737 69.1644201676051 80.4355045159658 70.6331332524617 86.6122444470723 125.057349602381 157.954961061478 190.06077448527 212.482730547587 216.160039107005
202.161093552907 199.670712153117 201.677481333415 195.583363374074 217.944025993347 214.44038550059 215.937276681264 212.598423163096 215.980211893717 215.336382389069 196.735103925069 188.167413075765 192.254483699799 192.049622535706 196.856359640757 189.120352268219 185.00562508901 191.829264163971 202.787975470225 209.111352761587 205.014288425446 196.533342202504 192.543526490529 191.502451896667 189.95867172877 187.967876593272 181.400040785472 179.47526772817 177.010834217072 190.302471319834 207.375864187876 220.425188541412 226.586063702901 239.067673683167 223.547101020813 130.918016036352 87.0798230171204 75.5112866560618 71.8366205692291 75.8270422617594 118.166208267212 195.060014724731 183.26324224472 177.851021289825 188.830435276031 192.015429337819
202.804028987885 191.176056861877 193.904439608256 201.368550459544 239.020844300588 223.469158013662 213.340183099111 203.377366065979 202.432731787364 200.71409145991 191.205004851023 183.401266733805 189.234395821889 191.489299138387 196.473161379496 199.403345584869 195.661683877309 190.960903962453 199.479818344116 199.527064959208 197.915156682332 189.891318480174 189.330498377482 195.903599262238 196.171323458354 189.153095086416 189.364492893219 185.729742050171 185.692012310028 203.78448565801 223.586797714233 237.743417421977 242.199877897898 242.688020070394 248.723069826762 203.182498613993 101.119498411814 64.9566948413849 53.6966770887375 61.6671591997147 132.414172093074 185.549775759379 171.169797579447 142.676164706548 143.202543258667 144.685824712118
199.619392553965 183.35364262263 188.168028990428 211.039145787557 238.651136557261 221.148868401845 197.336157162984 180.672188599904 168.604691823324 164.586494366328 164.30002450943 168.26194524765 177.804410457611 192.192276318868 197.108149528503 201.232314109802 201.179226239522 187.376280625661 188.241362571716 190.015455087026 190.171182155609 190.563639005025 190.849165121714 197.447121143341 199.892898400625 193.586051464081 198.1520652771 191.786686579386 191.306948661804 209.887385368347 232.872804005941 248.723308245341 246.893286705017 244.841674963633 255.532463391622 254.326045513153 191.227038701375 102.422495683034 76.2809415658315 84.2064122358958 116.857022047043 136.074562867483 147.830486297607 117.05947915713 109.145760536194 115.909904241562
192.857603232066 198.851525783539 228.278756141663 273.259917894999 265.469431877136 227.70744562149 191.856304804484 159.9081158638 143.781373898188 155.05188703537 152.434508005778 145.200620094935 171.296815077464 192.600170771281 200.870374838511 208.357930183411 208.187441031138 194.879690806071 192.892690499624 194.112221399943 190.885345141093 195.512652397156 197.834213574727 199.179073174795 203.236838181814 205.375870068868 203.956266244253 201.342761516571 200.299183527629 218.949278195699 241.67275428772 253.245075543722 249.229232470194 254.142900307973 263.258516788483 267.533838748932 262.884716192881 232.51740137736 153.139611085256 109.880218903224 99.1957386334737 101.875603199005 119.95064218839 111.793508132299 105.35607735316 125.609656174978
211.162130037944 245.82173426946 284.427007039388 302.207112312317 309.763689835866 269.975225130717 222.346345583598 181.264877319336 170.697311560313 181.402742862701 171.190539995829 153.302401304245 166.657209396362 190.030058224996 205.595294634501 210.309267044067 210.274875164032 204.032222429911 196.474611759186 195.693174997965 197.170674800873 201.262712478638 203.849772612254 203.243692715963 205.88489373525 215.829491615295 216.779132684072 220.759689807892 219.684302806854 228.890379269918 245.388388633728 254.247705141703 257.210771242778 264.984905719757 271.312594413757 263.83235057195 263.490577538808 275.906940301259 232.236623764038 153.838048378626 108.704179525375 104.50021425883 110.58113972346 113.476713498433 132.636298735936 159.97659166654
263.403952121735 290.884852409363 301.225344340007 298.247913519541 312.039156754812 310.165464878082 283.702313899994 246.859073638916 221.737802028656 215.810477733612 212.233285109202 187.338908513387 170.547227064768 186.076442400614 208.104570706685 212.304373582204 208.442489306132 211.146732171377 200.161019961039 198.604504267375 203.518986701965 205.416798591614 203.29205195109 202.942192554474 206.548114617666 220.538775126139 226.287980874379 231.678704420725 230.613013108571 233.833769957225 247.30783700943 257.667819658915 257.415413856506 256.308734416962 258.830050627391 248.918890953064 250.475446383158 253.702044487 224.920352300008 176.088253657023 140.721162160238 126.308808724085 118.849009275436 118.539055188497 136.597772439321 165.523737668991
288.801769415538 299.262642860413 295.601884524028 287.668128808339 293.577134609222 306.830565134684 306.58096075058 281.799793243408 255.526105562846 239.248832066854 240.034222602844 223.343729972839 195.794641971588 194.46990887324 206.42085870107 210.439225037893 206.6996494929 209.245403607686 200.569987297058 201.427181561788 201.31774743398 202.951629956563 201.900978883108 201.423048973083 208.879729111989 217.996776103973 229.156533877055 230.057855447133 231.91640774409 238.211274147034 249.667286872864 252.377470334371 240.058183670044 232.136130332947 235.530098279317 216.542998949687 215.394159158071 205.026924610138 176.353295644124 157.048801581065 170.134902000427 158.853769302368 139.660676320394 125.534743070602 122.862756252289 140.871415535609
296.195824940999 297.918438911438 301.318486531576 292.098482449849 289.105316003164 297.025998433431 309.459149837494 305.650075276693 277.301212151845 251.940111319224 244.542320569356 236.05223496755 228.455464045207 214.298486709595 210.233946641286 210.730930169423 205.791433652242 203.046520551046 203.36776971817 207.649350166321 203.15017302831 202.219982941945 203.932066758474 204.066157341003 208.773076534271 215.88937441508 225.203315416972 221.474905808767 226.129651069641 239.481349786123 247.368713219961 239.480396111806 227.110346158346 225.198864936829 218.370854854584 200.943509737651 204.161008199056 202.250222365061 191.829045613607 182.358205318451 191.964685916901 197.379589080811 179.625709851583 157.422512769699 137.280941009521 120.967090129852
305.967132250468 305.695692698161 309.721251328786 306.387523810069 299.556295077006 299.407641092936 307.992935180664 312.702218691508 285.612543423971 256.248434384664 241.919318834941 242.382009824117 245.199501514435 226.127505302429 215.744475523631 216.603179772695 212.835470835368 204.330861568451 208.971162637075 209.458569685618 209.049423535665 204.914649327596 206.617057323456 212.14767297109 210.260848204295 214.323361714681 217.518230279287 215.789119402568 220.853408177694 236.867229143778 242.274741331736 234.989484151204 229.344566663106 230.497539043427 213.573217391968 206.929783026377 212.677379449209 217.664500077566 220.624526341756 213.072578112284 183.874944845835 183.440049489339 169.720947742462 152.208864688873 129.957139492035 113.121847311656
304.609556992849 305.407007535299 308.383901913961 307.042280832926 300.194382667542 295.952101548513 303.163250287374 311.915814876556 290.295382340749 257.531682650248 243.638237317403 242.459317048391 243.355751037598 226.060748100281 214.703182379405 220.318118731181 222.697675228119 211.094816525777 211.98425690333 216.496825218201 215.947111447652 210.765401522319 210.672497749329 213.52477868398 212.171534697215 211.867988109589 216.79691473643 222.427785396576 225.864509741465 236.954808235168 241.402904192607 238.249560197194 231.597065925598 230.99950949351 213.682889938354 216.597616672516 220.239996910095 225.403090318044 226.687788963318 212.746103604635 159.165064493815 133.04740190506 114.019503196081 103.852599859238 102.901210387548 99.6791323026021
296.672066052755 301.55070622762 306.815405686696 304.850260416667 299.768884976705 299.512962500254 304.714798927307 310.768604278564 301.434258619944 267.742951711019 253.450870513916 240.007738272349 230.120579401652 221.061607201894 210.269967714945 216.596345106761 226.414243380229 219.388604164124 215.903004010518 218.916296958923 220.385273297628 213.681121667226 211.964865525564 213.238537311554 212.565660476685 212.953209877014 215.167641639709 224.448303381602 227.247258027395 231.380005677541 239.440977573395 240.284184614817 234.980881214142 219.941099484762 207.218726476034 224.751512209574 232.961376508077 233.67045323054 227.474192778269 218.548397223155 151.590665181478 96.6623822848002 70.221612850825 61.1567844947179 64.286266764005 72.6639529069265
274.217506249746 283.031086126963 288.294990857442 290.126045544942 293.249328931173 300.555606683095 306.292176246643 309.568683306376 306.529144446055 284.636696179708 262.066503365835 244.342525800069 228.424390157064 226.58097743988 216.847201188405 211.688280105591 221.710960070292 224.078138669332 213.577469189962 214.503089586894 214.811722437541 210.92410882314 208.610514799754 207.849065462748 210.721631844838 214.28108215332 213.165481885274 219.342052936554 223.574837048848 225.787361462911 233.903189500173 241.796394189199 230.698029200236 206.75927400589 212.842186292013 239.993890126546 244.865119457245 238.412658373515 228.320161501567 228.0020515124 200.954000155131 124.040166536967 72.9536215464274 59.0998629728953 58.9801768461863 58.7237824996312
243.412693341573 249.634782473246 250.065207481384 258.493463198344 271.574397881826 284.943322340647 294.042070706685 300.863166650136 299.894054730733 283.017913500468 258.921186129252 237.325072288513 223.882019519806 222.593506177266 216.425697008769 212.518632411957 215.396602948507 216.96412563324 207.198659578959 206.531981627146 209.477802117666 211.767077445984 209.618250528971 206.21532201767 204.68811194102 206.295688947042 213.299016157786 215.844929218292 219.936311244965 220.695396264394 224.018752574921 231.823603312174 222.245732943217 209.205786387126 237.003803253174 254.273633162181 248.732765515645 241.276443004608 235.353966554006 241.326908270518 257.315854231517 231.530467669169 151.701708634694 100.653340419133 76.1200090249379 57.9048742850622
